0.12189,0.01704,0.00000,0.01943,0.02824,0.00000,0.64509,0.00079,0.00000,0.00110,0.13853,0.02789
0.12643,0.00110,0.06591,0.00012,0.00002,0.00000,0.34556,0.02221,0.00000,0.08267,0.26294,0.09304
0.01670,0.00001,0.00009,0.60062,0.00049,0.03827,0.02375,0.01259,0.00000,0.10717,0.18906,0.01127
0.08147,0.02822,0.00584,0.31928,0.00111,0.00052,0.19840,0.09112,0.00000,0.00056,0.05328,0.22020
0.30910,0.07173,0.00216,0.03470,0.00032,0.00109,0.33337,0.00378,0.00000,0.03820,0.16874,0.03681
0.52678,0.00086,0.00000,0.02985,0.00214,0.00069,0.19658,0.08036,0.00000,0.01269,0.09028,0.05978
0.24809,0.00004,0.10472,0.00112,0.01463,0.00003,0.05364,0.02396,0.00000,0.28704,0.13727,0.12947
0.08178,0.00166,0.00116,0.20481,0.01193,0.00014,0.09365,0.00277,0.00000,0.21745,0.10930,0.27535
0.13936,0.31628,0.00022,0.00652,0.00099,0.03118,0.28773,0.01048,0.00000,0.00390,0.10932,0.09401
0.24128,0.00007,0.05568,0.23320,0.00000,0.00454,0.18703,0.01871,0.00000,0.00368,0.20387,0.05193
0.12734,0.01461,0.00078,0.17725,0.00000,0.08677,0.28719,0.00083,0.00000,0.07912,0.20525,0.02085
0.09414,0.05707,0.01419,0.01060,0.07749,0.12284,0.41175,0.00960,0.00000,0.01093,0.04212,0.14928
0.03482,0.00342,0.00000,0.04262,0.06088,0.11495,0.48216,0.00041,0.00000,0.14934,0.03209,0.07931
0.01899,0.00513,0.00590,0.11637,0.01030,0.00743,0.29430,0.01600,0.00000,0.00300,0.34787,0.17470
0.04527,0.00022,0.10167,0.05047,0.01462,0.01133,0.17885,0.09188,0.00000,0.00776,0.21543,0.28250
0.12233,0.00073,0.01664,0.00181,0.00403,0.00408,0.18910,0.11218,0.00000,0.31999,0.07025,0.15886
0.13494,0.15460,0.03102,0.03720,0.00000,0.00000,0.24928,0.00570,0.00000,0.09448,0.16940,0.12338
0.12655,0.00622,0.00336,0.14758,0.33779,0.01376,0.16886,0.01011,0.00000,0.04032,0.05063,0.09483
0.24063,0.00834,0.00146,0.10059,0.00214,0.01161,0.04583,0.00021,0.00000,0.02540,0.15509,0.40871
0.13561,0.00260,0.00000,0.00530,0.00240,0.04749,0.39785,0.00039,0.00000,0.00016,0.37112,0.03709
0.21146,0.00000,0.00003,0.16455,0.00000,0.29932,0.19799,0.02180,0.00000,0.00363,0.09930,0.00191
0.16743,0.00000,0.14026,0.01242,0.00006,0.13919,0.42050,0.00244,0.00000,0.03043,0.06129,0.02598
0.26482,0.00206,0.00228,0.00713,0.00009,0.00013,0.43675,0.00010,0.00000,0.00026,0.16263,0.12375
0.00925,0.03356,0.00000,0.04657,0.00000,0.06200,0.28916,0.23664,0.00000,0.10575,0.20150,0.01557
0.30072,0.00238,0.00006,0.00455,0.06632,0.00416,0.16703,0.09163,0.00000,0.17607,0.06355,0.12351
0.06600,0.17662,0.00000,0.01506,0.03494,0.00003,0.21947,0.00954,0.00162,0.25341,0.12203,0.10129
0.13539,0.04286,0.00222,0.00117,0.01844,0.15840,0.10353,0.08661,0.00000,0.00632,0.09272,0.35234
0.12579,0.16821,0.00000,0.28908,0.00068,0.02436,0.17059,0.09022,0.00000,0.02550,0.08175,0.02384
0.20705,0.03971,0.01343,0.02235,0.00242,0.20121,0.06594,0.01834,0.00000,0.21410,0.05211,0.16334
0.04869,0.00333,0.00046,0.15604,0.01052,0.01395,0.10929,0.07095,0.00000,0.10207,0.45362,0.03108
0.00020,0.00001,0.00027,0.07545,0.01689,0.16244,0.31795,0.00110,0.00000,0.00040,0.39709,0.02822
0.02991,0.01408,0.04928,0.00302,0.02415,0.00000,0.18016,0.00446,0.00000,0.27305,0.35307,0.06882
0.08922,0.02147,0.14489,0.00672,0.03965,0.00058,0.18521,0.11888,0.10665,0.00344,0.11587,0.16741
0.00747,0.04042,0.00003,0.00660,0.00096,0.00001,0.21077,0.01379,0.00000,0.09635,0.55219,0.07142
0.47840,0.00253,0.00000,0.00887,0.00117,0.02095,0.04864,0.02342,0.00000,0.06148,0.15755,0.19698
0.07277,0.34784,0.00275,0.05740,0.00507,0.05358,0.06190,0.00062,0.00000,0.04546,0.22780,0.12481
0.07406,0.04351,0.00212,0.01887,0.00010,0.08898,0.11599,0.01462,0.00000,0.16461,0.05931,0.41784
0.08556,0.00000,0.00006,0.00076,0.00302,0.03184,0.50688,0.02108,0.00000,0.00000,0.29965,0.05116
0.11473,0.00245,0.05672,0.03189,0.02645,0.01863,0.39700,0.08225,0.00000,0.07103,0.11675,0.08210
0.11455,0.00090,0.00993,0.16221,0.00000,0.08873,0.27460,0.12002,0.00000,0.14284,0.08542,0.00081
0.16733,0.06832,0.13509,0.03087,0.03239,0.01632,0.08351,0.14471,0.00001,0.09310,0.06888,0.15945
0.07751,0.00470,0.00018,0.00606,0.00655,0.00132,0.18733,0.15492,0.00000,0.06150,0.02189,0.47804
0.29781,0.02891,0.00148,0.00437,0.00005,0.10630,0.25376,0.00953,0.00000,0.03989,0.08895,0.16895
0.08317,0.00096,0.00853,0.03834,0.02644,0.01467,0.42611,0.10394,0.00000,0.00060,0.05753,0.23970
0.09875,0.04065,0.12011,0.16354,0.00112,0.01501,0.11146,0.00062,0.00000,0.01054,0.17964,0.25856
0.03660,0.03765,0.00303,0.11112,0.00060,0.11199,0.24406,0.14509,0.00000,0.03384,0.24386,0.03216
0.19849,0.00000,0.00006,0.00012,0.03775,0.00758,0.18802,0.01306,0.00000,0.00255,0.16533,0.38704
0.34596,0.00224,0.00004,0.03931,0.06030,0.00143,0.12244,0.00927,0.00000,0.04206,0.12941,0.24755
0.06024,0.00002,0.00956,0.13613,0.00266,0.01731,0.45389,0.01848,0.00000,0.00053,0.24126,0.05992
0.33882,0.00952,0.02072,0.00000,0.00001,0.00819,0.13527,0.00039,0.00000,0.40422,0.05366,0.02920
0.07416,0.00002,0.00767,0.13865,0.00047,0.00347,0.36826,0.00008,0.00000,0.00638,0.02533,0.37551
0.13981,0.00060,0.00000,0.33677,0.00045,0.00296,0.13135,0.00398,0.00274,0.00363,0.32552,0.05219
0.06356,0.03740,0.00371,0.00213,0.00005,0.01831,0.19299,0.01286,0.00000,0.09406,0.02495,0.54999
0.02116,0.00495,0.00208,0.38172,0.00120,0.12658,0.02380,0.00656,0.00002,0.12360,0.10321,0.20512
0.07834,0.00076,0.00165,0.06204,0.00150,0.06460,0.40220,0.00551,0.00000,0.00670,0.24480,0.13189
0.06804,0.00426,0.00201,0.21622,0.00083,0.03650,0.23620,0.09465,0.00000,0.02516,0.24759,0.06853
0.00548,0.00018,0.00013,0.31275,0.01342,0.00001,0.49940,0.01470,0.00112,0.00025,0.09959,0.05296
0.09948,0.06884,0.00555,0.08954,0.17217,0.00014,0.24087,0.08194,0.00000,0.06531,0.16088,0.01528
0.08412,0.01590,0.00137,0.00435,0.01267,0.03174,0.16977,0.05851,0.00000,0.30258,0.24063,0.07836
0.38888,0.00017,0.00037,0.00000,0.00000,0.00001,0.02813,0.02167,0.00000,0.03449,0.35954,0.16673
0.04242,0.01551,0.00020,0.36401,0.00029,0.11632,0.15974,0.02056,0.00000,0.06934,0.20259,0.00902
0.17826,0.00644,0.04990,0.05947,0.00609,0.05872,0.31607,0.01648,0.00000,0.00037,0.06802,0.24018
0.24466,0.00163,0.00205,0.01174,0.00409,0.05729,0.32106,0.07737,0.00000,0.00526,0.19372,0.08114
0.03247,0.00040,0.12393,0.01612,0.00005,0.00370,0.33757,0.00115,0.00023,0.14303,0.26541,0.07594
0.14282,0.00666,0.00015,0.03606,0.16414,0.11178,0.10638,0.11012,0.00000,0.00046,0.25559,0.06583
0.06460,0.01617,0.03224,0.03535,0.00013,0.00724,0.11281,0.00464,0.00000,0.02592,0.49452,0.20638
0.04832,0.00000,0.00027,0.09325,0.09608,0.00056,0.11376,0.19215,0.00000,0.03940,0.17749,0.23873
0.17687,0.00008,0.09640,0.13289,0.00781,0.11592,0.10672,0.06290,0.00000,0.17676,0.08948,0.03417
0.00130,0.04583,0.12074,0.07794,0.00000,0.02281,0.14354,0.03403,0.00000,0.04230,0.25839,0.25312
0.14378,0.08934,0.02429,0.00661,0.00560,0.02427,0.07410,0.04135,0.00000,0.00907,0.32817,0.25343
0.11719,0.00252,0.03412,0.16688,0.00351,0.00017,0.28070,0.14782,0.00000,0.05219,0.17281,0.02208
0.08802,0.06754,0.00153,0.15520,0.07185,0.37422,0.02216,0.00870,0.00000,0.00338,0.02272,0.18467
0.09190,0.00488,0.00002,0.04928,0.00008,0.21885,0.35095,0.02199,0.00000,0.01904,0.11809,0.12492
0.16242,0.00959,0.08163,0.38330,0.00000,0.00093,0.07099,0.08494,0.00000,0.02482,0.14443,0.03696
0.14019,0.00000,0.13178,0.23097,0.01972,0.00000,0.13104,0.02801,0.00085,0.02993,0.27909,0.00843
0.10474,0.01580,0.00017,0.00148,0.00183,0.38353,0.15211,0.07337,0.00000,0.10751,0.15465,0.00482
0.27811,0.00000,0.01649,0.00444,0.03372,0.02383,0.16148,0.02351,0.00000,0.00187,0.22374,0.23280
0.12127,0.12036,0.00000,0.00144,0.00572,0.00056,0.19678,0.13136,0.00000,0.04677,0.06662,0.30910
0.03162,0.04055,0.00000,0.17152,0.00000,0.15542,0.05886,0.06445,0.00000,0.00008,0.20606,0.27144
0.33134,0.04992,0.00189,0.00074,0.00799,0.08988,0.18632,0.00080,0.00000,0.17317,0.10025,0.05771
0.00521,0.00009,0.00091,0.00268,0.02141,0.01091,0.33218,0.02350,0.00000,0.06461,0.33389,0.20463
0.23917,0.00964,0.01047,0.00000,0.00015,0.00694,0.46655,0.01680,0.00000,0.01641,0.09857,0.13529
0.11179,0.25724,0.00449,0.02403,0.00100,0.00273,0.40020,0.02395,0.00000,0.00845,0.09652,0.06959
0.17356,0.00117,0.00000,0.11739,0.01904,0.07773,0.36750,0.15888,0.00000,0.01144,0.01866,0.05463
0.16729,0.01333,0.00905,0.03576,0.17287,0.03141,0.20121,0.00051,0.00000,0.02135,0.19078,0.15644
0.01278,0.20760,0.01207,0.05349,0.01148,0.00061,0.14997,0.06256,0.00000,0.04045,0.27116,0.17783
0.06024,0.00274,0.00035,0.21911,0.00000,0.18200,0.06298,0.15158,0.00000,0.11078,0.02422,0.18601
0.01854,0.01284,0.00717,0.30260,0.17960,0.00181,0.21937,0.00000,0.00000,0.03458,0.17199,0.05151
0.08119,0.01703,0.24144,0.03106,0.00017,0.01341,0.12964,0.11073,0.00000,0.00396,0.07402,0.29735
0.06357,0.02235,0.00000,0.05804,0.05401,0.00214,0.32384,0.01676,0.00000,0.02635,0.19016,0.24277
0.23951,0.01600,0.00419,0.03280,0.00248,0.24911,0.04212,0.18109,0.00000,0.00004,0.22198,0.01067
0.21453,0.00024,0.00028,0.09588,0.00006,0.01520,0.46594,0.03574,0.00000,0.09592,0.04826,0.02794
0.18110,0.02693,0.01314,0.04508,0.00222,0.05700,0.13099,0.01733,0.00000,0.01715,0.47253,0.03653
0.12800,0.00235,0.01481,0.02874,0.00479,0.02207,0.15763,0.00215,0.00000,0.00304,0.25840,0.37803
0.09832,0.00068,0.00324,0.06764,0.03216,0.11402,0.30455,0.06742,0.00000,0.00006,0.30345,0.00846
0.08648,0.03820,0.00603,0.12071,0.00492,0.10061,0.38877,0.00084,0.00000,0.00809,0.23409,0.01126
0.12000,0.00005,0.00011,0.41310,0.00176,0.00001,0.12790,0.00462,0.00000,0.02756,0.12912,0.17577
0.06483,0.36977,0.00106,0.02008,0.00266,0.00417,0.24289,0.04291,0.00000,0.01967,0.06788,0.16406
0.15448,0.00013,0.00434,0.05874,0.00047,0.00551,0.16138,0.45851,0.00000,0.00323,0.12712,0.02610
0.18122,0.00059,0.00000,0.01633,0.00809,0.06383,0.10134,0.02850,0.00000,0.41103,0.07836,0.11071
0.03153,0.02388,0.00006,0.00199,0.00025,0.02499,0.09571,0.22190,0.00000,0.02448,0.50718,0.06803
0.11970,0.06824,0.00001,0.27792,0.00027,0.00205,0.09220,0.06017,0.00000,0.00204,0.09669,0.28070
0.18705,0.00951,0.01124,0.10541,0.00204,0.00017,0.09898,0.24102,0.00000,0.01810,0.18957,0.13690
0.15062,0.02813,0.28873,0.00079,0.00004,0.05108,0.10314,0.00702,0.00000,0.00786,0.31304,0.04954
0.10448,0.04651,0.00000,0.10825,0.05602,0.00888,0.14486,0.22600,0.00000,0.00131,0.14268,0.16101
0.35275,0.00390,0.07286,0.05171,0.01640,0.22942,0.03621,0.01829,0.00000,0.00729,0.21038,0.00079
0.03894,0.40049,0.00001,0.17670,0.00076,0.02200,0.03260,0.11645,0.00112,0.15160,0.04533,0.01402
0.04205,0.04669,0.02852,0.00220,0.04727,0.18792,0.21432,0.01272,0.00000,0.00002,0.25470,0.16359
0.47305,0.01863,0.00056,0.00564,0.00086,0.04525,0.19035,0.11973,0.00000,0.09704,0.02827,0.02063
0.13021,0.07448,0.00560,0.02866,0.00483,0.00003,0.26822,0.17733,0.00000,0.04753,0.08639,0.17671
0.32834,0.00000,0.11906,0.01290,0.04806,0.11667,0.15706,0.04532,0.00000,0.04551,0.05485,0.07224
0.05716,0.00396,0.03219,0.16805,0.00000,0.00002,0.25112,0.00668,0.00000,0.22767,0.23932,0.01383
0.08325,0.00000,0.00003,0.02732,0.00189,0.02223,0.26632,0.09060,0.00000,0.04767,0.07329,0.38740
0.07632,0.15772,0.00294,0.05520,0.02637,0.02829,0.24362,0.02044,0.01471,0.08824,0.03228,0.25386
0.08439,0.04440,0.00384,0.00513,0.00519,0.00000,0.58559,0.04490,0.00000,0.09390,0.07583,0.05685
0.15569,0.01300,0.00001,0.12299,0.00429,0.12243,0.06587,0.22296,0.00000,0.02018,0.20250,0.07009
0.09552,0.12405,0.00258,0.01680,0.00044,0.00054,0.02858,0.00948,0.00000,0.02090,0.36441,0.33669
0.41030,0.00000,0.04391,0.00323,0.00000,0.00407,0.13502,0.18209,0.00000,0.01161,0.02063,0.18913
0.00814,0.00144,0.00016,0.00058,0.01340,0.00005,0.18701,0.11588,0.00000,0.10467,0.44653,0.12215
0.19815,0.00000,0.00147,0.00607,0.00000,0.04178,0.28832,0.00143,0.00000,0.13235,0.31877,0.01166
0.13842,0.00001,0.00235,0.26830,0.00000,0.00049,0.03700,0.03230,0.00000,0.06431,0.16319,0.29364
0.10199,0.04125,0.00136,0.09018,0.08643,0.00000,0.49332,0.01660,0.00000,0.04585,0.11234,0.01068
0.02016,0.01189,0.09203,0.03306,0.07508,0.02205,0.04059,0.05895,0.00000,0.16880,0.46722,0.01017
0.05313,0.00000,0.18676,0.07706,0.00446,0.15314,0.13886,0.02127,0.00000,0.02910,0.25905,0.07716
0.26847,0.06252,0.00122,0.06048,0.00000,0.05012,0.24637,0.06135,0.00956,0.00546,0.19188,0.04256
0.09713,0.00384,0.00046,0.03437,0.00343,0.00064,0.07649,0.40520,0.00000,0.04964,0.13988,0.18893
0.32200,0.10494,0.11173,0.00383,0.00175,0.00643,0.19098,0.00875,0.00000,0.00704,0.11127,0.13126
0.21709,0.01720,0.00002,0.07430,0.01786,0.00841,0.23420,0.00579,0.00000,0.09773,0.15966,0.16775
0.23954,0.01017,0.01127,0.19847,0.00274,0.00059,0.19788,0.01102,0.00000,0.03647,0.02674,0.26512
0.01340,0.00021,0.00809,0.13553,0.00043,0.00000,0.61926,0.10196,0.00729,0.00335,0.01164,0.09885
0.27899,0.00000,0.08367,0.11394,0.09172,0.00027,0.30106,0.08274,0.00122,0.00005,0.03558,0.01078
0.04079,0.03201,0.07829,0.13376,0.07477,0.22823,0.17288,0.02917,0.00000,0.02798,0.06833,0.11378
0.06875,0.00007,0.01226,0.00013,0.18672,0.00020,0.26184,0.07044,0.00000,0.06698,0.12284,0.20977
0.01513,0.00096,0.00215,0.01183,0.00097,0.10755,0.65549,0.02206,0.00000,0.00007,0.11957,0.06420
0.02373,0.00000,0.06596,0.04958,0.00026,0.23089,0.27605,0.01166,0.00000,0.00183,0.17682,0.16321
0.05360,0.05051,0.00616,0.00210,0.03081,0.00309,0.23836,0.00285,0.00198,0.05643,0.00829,0.54583
0.25387,0.00081,0.00016,0.06590,0.00479,0.00009,0.06781,0.10225,0.00000,0.19598,0.27359,0.03475
0.02525,0.02702,0.05047,0.05701,0.01476,0.01109,0.40870,0.02192,0.00000,0.00699,0.09951,0.27728
0.27564,0.00288,0.00050,0.04455,0.02167,0.08932,0.09046,0.03648,0.00000,0.21797,0.09857,0.12196
0.20922,0.00011,0.00770,0.09704,0.07273,0.00666,0.08604,0.06932,0.00047,0.16543,0.10726,0.17802
0.20764,0.00014,0.00027,0.08185,0.00523,0.00135,0.45484,0.03038,0.00000,0.14561,0.06884,0.00386
0.00914,0.02521,0.01595,0.07713,0.00155,0.10371,0.20940,0.00093,0.00133,0.00456,0.06470,0.48638
0.34225,0.01285,0.00223,0.04415,0.00000,0.00000,0.33645,0.05513,0.00000,0.12084,0.02178,0.06432
0.12487,0.01979,0.00692,0.05568,0.00005,0.00652,0.24410,0.05345,0.00000,0.02908,0.24098,0.21857
0.19405,0.07249,0.00419,0.00741,0.00026,0.01658,0.27847,0.06513,0.00000,0.00465,0.26576,0.09103
0.12086,0.00038,0.00538,0.00731,0.00000,0.05609,0.50658,0.05771,0.00000,0.03163,0.15864,0.05542
0.13825,0.00022,0.03705,0.01326,0.00001,0.00874,0.10359,0.41188,0.00000,0.04879,0.23795,0.00026
0.07385,0.03019,0.03556,0.00712,0.01061,0.02758,0.37260,0.05269,0.00000,0.10514,0.02657,0.25810
0.00180,0.00615,0.00001,0.03845,0.00668,0.03381,0.07702,0.23867,0.00000,0.09250,0.49168,0.01323
0.35199,0.02754,0.00007,0.09232,0.00005,0.18223,0.06484,0.06861,0.03974,0.00017,0.02922,0.14321
0.04743,0.13683,0.00669,0.02004,0.00743,0.00396,0.48192,0.00002,0.00000,0.04742,0.22952,0.01874
0.07915,0.01087,0.02800,0.01584,0.01251,0.08491,0.22661,0.34892,0.00000,0.01881,0.15770,0.01668
0.02549,0.23898,0.01098,0.27533,0.09299,0.00119,0.16110,0.01965,0.00000,0.01435,0.01063,0.14930
0.19716,0.00165,0.14286,0.16624,0.00010,0.00175,0.01012,0.07503,0.00000,0.01334,0.36873,0.02301
0.08456,0.12968,0.00241,0.03020,0.02607,0.00052,0.62675,0.01182,0.00000,0.04765,0.02969,0.01064
0.36379,0.00000,0.00000,0.04734,0.00788,0.03253,0.15963,0.00372,0.00000,0.10947,0.23415,0.04149
0.20506,0.00158,0.01343,0.08589,0.00058,0.01160,0.20477,0.05501,0.00000,0.00066,0.19116,0.23025
0.26871,0.09928,0.04442,0.00509,0.00000,0.00014,0.21388,0.00026,0.00000,0.00207,0.12418,0.24195
0.07372,0.07371,0.12957,0.00413,0.00545,0.14421,0.18041,0.15454,0.00000,0.00814,0.18637,0.03974
0.09812,0.03058,0.00119,0.00575,0.00789,0.02113,0.28432,0.11599,0.00000,0.00624,0.17023,0.25857
0.33070,0.00135,0.04335,0.34180,0.00133,0.00033,0.04762,0.01154,0.00028,0.06545,0.09969,0.05655
0.18997,0.03095,0.00004,0.00644,0.00000,0.24138,0.10720,0.00149,0.00000,0.00052,0.25967,0.16236
0.23432,0.00002,0.00078,0.10160,0.16982,0.00019,0.22355,0.02269,0.00000,0.00553,0.17207,0.06942
0.00618,0.00144,0.04262,0.16263,0.21202,0.00613,0.21105,0.02500,0.00000,0.05084,0.23614,0.04595
0.00585,0.07918,0.02192,0.05912,0.00028,0.00143,0.12046,0.02726,0.00000,0.04200,0.58661,0.05589
0.17318,0.00604,0.07026,0.02771,0.00238,0.00002,0.27295,0.00486,0.00000,0.00653,0.31747,0.11860
0.04511,0.08412,0.00092,0.19911,0.00035,0.03225,0.40918,0.01683,0.00000,0.03919,0.12679,0.04616
0.09916,0.00075,0.00261,0.00049,0.00003,0.00000,0.29995,0.06328,0.00000,0.01844,0.15659,0.35871
0.13753,0.03383,0.01014,0.03751,0.02912,0.02150,0.14169,0.07156,0.00000,0.18267,0.02248,0.31195
0.16127,0.02138,0.00001,0.04143,0.01034,0.00013,0.04373,0.00761,0.00000,0.02954,0.45216,0.23240
0.09450,0.02891,0.00322,0.01967,0.09328,0.01387,0.30494,0.00316,0.00000,0.05800,0.04241,0.33804
0.54711,0.00332,0.00761,0.05782,0.00035,0.00780,0.27105,0.01990,0.00000,0.00897,0.04169,0.03438
0.16337,0.02622,0.19051,0.03063,0.01258,0.00580,0.32057,0.00111,0.00002,0.12135,0.01853,0.10932
0.06905,0.09410,0.00870,0.03171,0.04268,0.00224,0.24166,0.01832,0.00000,0.02430,0.45441,0.01282
0.14323,0.01960,0.07596,0.05179,0.00178,0.02480,0.16828,0.00146,0.00000,0.02675,0.30766,0.17868
0.11595,0.00000,0.00008,0.03358,0.00018,0.05562,0.28030,0.00001,0.00000,0.10235,0.09706,0.31486
0.13943,0.00401,0.04320,0.01130,0.00110,0.00010,0.15988,0.00026,0.00000,0.06593,0.21898,0.35580
0.03151,0.16934,0.01350,0.16907,0.00002,0.00016,0.05161,0.02063,0.00000,0.00086,0.10744,0.43586
0.08000,0.00838,0.00069,0.11901,0.00667,0.12315,0.25918,0.04996,0.00000,0.00030,0.18759,0.16506
0.27907,0.10096,0.07491,0.02642,0.00026,0.00289,0.33948,0.00108,0.00000,0.01280,0.10369,0.05842
0.10254,0.01225,0.00767,0.00063,0.00004,0.46182,0.13883,0.03094,0.00000,0.01158,0.21721,0.01651
0.24611,0.00318,0.00004,0.05591,0.00057,0.08952,0.31296,0.00098,0.00000,0.00126,0.06355,0.22591
0.16838,0.00017,0.00132,0.05889,0.05129,0.01129,0.39126,0.10404,0.00000,0.04197,0.11686,0.05454
0.07378,0.05448,0.02208,0.11726,0.00295,0.00037,0.17677,0.12514,0.00000,0.00396,0.05309,0.37012
0.05839,0.03808,0.00004,0.04327,0.00000,0.00000,0.40393,0.03218,0.00000,0.02560,0.25771,0.14079
0.13701,0.00936,0.06750,0.03848,0.02724,0.00186,0.40600,0.03434,0.00000,0.05231,0.13843,0.08745
0.18783,0.05583,0.00004,0.00191,0.03922,0.00001,0.38091,0.04166,0.00000,0.00720,0.16962,0.11576
0.11063,0.13839,0.03956,0.13954,0.00278,0.02618,0.09523,0.10707,0.00000,0.01138,0.14059,0.18865
0.14860,0.00019,0.02215,0.00069,0.00038,0.01623,0.16208,0.24104,0.00000,0.01343,0.24111,0.15410
0.14508,0.03223,0.05125,0.00006,0.00367,0.00001,0.11656,0.25017,0.00000,0.00917,0.21786,0.17395
0.14769,0.02796,0.00279,0.00043,0.00020,0.08429,0.16302,0.11463,0.00000,0.01240,0.13596,0.31063
0.48863,0.02885,0.00364,0.01484,0.00000,0.05284,0.19339,0.03829,0.00000,0.00331,0.16826,0.00796
0.12427,0.00000,0.00097,0.37318,0.02752,0.09599,0.10198,0.02050,0.00000,0.01874,0.22976,0.00709
0.08617,0.00654,0.12603,0.08046,0.00003,0.00000,0.35859,0.14105,0.00000,0.04750,0.10410,0.04954
0.25376,0.02038,0.00149,0.01363,0.11383,0.07732,0.28967,0.04916,0.00000,0.08308,0.05421,0.04347
0.00447,0.00470,0.00419,0.01807,0.00031,0.02009,0.05236,0.32935,0.00000,0.26030,0.20984,0.09633
0.00305,0.03628,0.01381,0.03796,0.00011,0.00000,0.34676,0.06596,0.00000,0.03939,0.16026,0.29642
0.09469,0.00003,0.32004,0.01361,0.09369,0.00017,0.29207,0.00005,0.00000,0.00236,0.17686,0.00643
0.06803,0.10412,0.00096,0.00896,0.00168,0.06117,0.46343,0.08136,0.00000,0.02121,0.05924,0.12982
0.02504,0.00584,0.00000,0.08015,0.01693,0.01327,0.44278,0.00508,0.00001,0.04548,0.17508,0.19032
0.00559,0.00071,0.00000,0.01351,0.00111,0.00005,0.29476,0.10843,0.00000,0.01084,0.44361,0.12139
0.17018,0.00907,0.00162,0.00086,0.00137,0.25341,0.04803,0.00160,0.00000,0.02101,0.40822,0.08464
0.10790,0.00550,0.00029,0.00721,0.00352,0.00804,0.10638,0.19612,0.00000,0.00022,0.42808,0.13674
0.18839,0.01422,0.00537,0.01186,0.04965,0.02732,0.09077,0.00003,0.00000,0.30101,0.17062,0.14076
0.18228,0.02129,0.07694,0.00003,0.00063,0.00614,0.24876,0.00414,0.00000,0.01034,0.34492,0.10452
0.10930,0.03580,0.00274,0.00168,0.00004,0.00028,0.52789,0.08162,0.00010,0.01474,0.18071,0.04510
0.02879,0.00883,0.00245,0.00782,0.00168,0.00070,0.34569,0.11302,0.00183,0.00305,0.36232,0.12383
0.21392,0.00008,0.01045,0.18464,0.05902,0.05257,0.07886,0.00004,0.00000,0.01012,0.30511,0.08519
0.32545,0.00613,0.06616,0.06268,0.00011,0.00000,0.16001,0.17066,0.00000,0.01090,0.04128,0.15662
0.13524,0.07297,0.00600,0.00032,0.00008,0.00414,0.08980,0.05478,0.00000,0.08434,0.33609,0.21626
0.14241,0.03761,0.00015,0.23112,0.01155,0.03543,0.01863,0.00571,0.00000,0.01274,0.41194,0.09271
0.28557,0.01315,0.05924,0.26060,0.00000,0.00003,0.19667,0.03831,0.00000,0.08409,0.04633,0.01600
0.27272,0.06842,0.23133,0.02508,0.00083,0.15875,0.14031,0.00729,0.00000,0.02029,0.01894,0.05605
0.09660,0.05374,0.00120,0.04280,0.00363,0.02735,0.24974,0.26397,0.00000,0.03915,0.14910,0.07272
0.42663,0.14394,0.01594,0.00065,0.00001,0.00000,0.19187,0.01663,0.00000,0.02403,0.09168,0.08862
0.23789,0.05142,0.03012,0.00615,0.03725,0.04350,0.24699,0.24426,0.00000,0.01170,0.02525,0.06546
0.04674,0.00000,0.00005,0.00650,0.10702,0.11877,0.24177,0.01517,0.00000,0.00164,0.02439,0.43796
0.10104,0.00005,0.01065,0.00350,0.12659,0.00010,0.28809,0.15871,0.00000,0.00057,0.11078,0.19991
0.12593,0.02504,0.00022,0.05108,0.00000,0.26663,0.24369,0.04362,0.00000,0.12018,0.08539,0.03821
0.33104,0.00006,0.00001,0.02244,0.00047,0.16112,0.19329,0.02096,0.00000,0.03000,0.17666,0.06396
0.03312,0.00000,0.02489,0.39320,0.00001,0.00051,0.34029,0.07149,0.00000,0.00616,0.10479,0.02553
0.09249,0.00147,0.00009,0.06490,0.03552,0.03611,0.33322,0.17226,0.00000,0.00691,0.11943,0.13761
0.05021,0.00002,0.00164,0.07191,0.00094,0.07360,0.14319,0.32315,0.00000,0.02822,0.25219,0.05493
0.12489,0.00000,0.03753,0.01712,0.00052,0.00013,0.36230,0.16555,0.00000,0.20014,0.08026,0.01155
0.09331,0.03704,0.00417,0.22337,0.00142,0.07707,0.36262,0.03312,0.00000,0.00040,0.10495,0.06252
0.06302,0.00025,0.04064,0.03794,0.06316,0.00682,0.20171,0.00955,0.00000,0.11761,0.05275,0.40654
0.21126,0.00756,0.00000,0.08575,0.00013,0.00109,0.40185,0.03557,0.00000,0.00679,0.23041,0.01959
0.00549,0.00867,0.00002,0.02585,0.00500,0.08293,0.14585,0.07784,0.00000,0.06991,0.46520,0.11324
0.15664,0.14342,0.01148,0.02207,0.00000,0.00030,0.09588,0.07351,0.00000,0.28139,0.00315,0.21216
0.07935,0.00975,0.02697,0.21805,0.00562,0.00240,0.09989,0.24012,0.00000,0.00507,0.24593,0.06684
0.04337,0.00753,0.09609,0.00224,0.09924,0.25708,0.06122,0.16743,0.00000,0.06934,0.13234,0.06413
0.02507,0.02508,0.02145,0.37517,0.00009,0.05331,0.10994,0.08046,0.00000,0.00046,0.01421,0.29475
0.00311,0.00362,0.00827,0.00592,0.00071,0.00054,0.24984,0.06933,0.00000,0.31359,0.18549,0.15957
0.16787,0.01000,0.00147,0.01794,0.00771,0.00940,0.23142,0.02357,0.00000,0.06599,0.16509,0.29954
0.15281,0.00178,0.00148,0.08046,0.02717,0.13171,0.12164,0.25242,0.00000,0.06619,0.15483,0.00951
0.16681,0.00141,0.00045,0.00786,0.00005,0.06558,0.45773,0.01595,0.00050,0.12772,0.14153,0.01442
0.16125,0.00825,0.17035,0.09036,0.00313,0.00176,0.06448,0.00006,0.00000,0.29357,0.04332,0.16347
0.13326,0.02215,0.00008,0.07871,0.00000,0.03193,0.42891,0.06989,0.00000,0.00329,0.09676,0.13501
0.15284,0.04225,0.28247,0.00010,0.00001,0.00000,0.30670,0.13162,0.00000,0.00023,0.05004,0.03375
0.00307,0.02813,0.09607,0.05996,0.00001,0.02210,0.06925,0.03505,0.00000,0.12492,0.56093,0.00050
0.27314,0.00081,0.00816,0.05061,0.00876,0.00006,0.21752,0.20931,0.00000,0.03163,0.18292,0.01707
0.31787,0.01803,0.00000,0.02267,0.09681,0.02497,0.19656,0.00841,0.01056,0.00577,0.27499,0.02337
0.03136,0.01205,0.00000,0.06280,0.00096,0.00035,0.62059,0.17483,0.00000,0.02437,0.07246,0.00022
0.03525,0.28871,0.00018,0.01927,0.02751,0.09533,0.13132,0.06090,0.00000,0.08018,0.24075,0.02060
0.03688,0.00001,0.00017,0.04543,0.01955,0.00053,0.29321,0.17160,0.00002,0.06666,0.36180,0.00415
0.01515,0.00000,0.02811,0.00010,0.02032,0.00031,0.26842,0.00217,0.00000,0.02402,0.59783,0.04357
0.31889,0.00033,0.00042,0.09339,0.01109,0.11471,0.09401,0.16144,0.00000,0.05579,0.10762,0.04232
0.00963,0.00015,0.00000,0.00180,0.00496,0.22556,0.20935,0.21206,0.00000,0.08391,0.24379,0.00880
0.15830,0.00000,0.00542,0.01477,0.00248,0.00001,0.24003,0.00270,0.00000,0.37886,0.13687,0.06057
0.12550,0.00907,0.06197,0.18193,0.01425,0.00180,0.23649,0.01559,0.00000,0.00921,0.12713,0.21707
0.21619,0.04265,0.02606,0.01391,0.00001,0.10928,0.20046,0.08018,0.00000,0.00654,0.22882,0.07590
0.10232,0.00828,0.00078,0.04303,0.03025,0.01208,0.14908,0.13003,0.00000,0.07636,0.26668,0.18110
0.15914,0.00000,0.05419,0.01050,0.00626,0.12425,0.32156,0.00009,0.00000,0.09593,0.17466,0.05342
0.43544,0.02919,0.00301,0.01288,0.02705,0.00170,0.16838,0.22880,0.00000,0.01602,0.03345,0.04408
0.17739,0.00619,0.05628,0.01925,0.00495,0.03221,0.11148,0.23432,0.00000,0.07058,0.23244,0.05491
0.08649,0.00009,0.02244,0.00006,0.00987,0.00014,0.36721,0.08998,0.00000,0.10785,0.09365,0.22221
0.27101,0.00156,0.00039,0.05671,0.03022,0.02246,0.12991,0.10573,0.00000,0.01184,0.16940,0.20077
0.18464,0.00516,0.02761,0.01652,0.01217,0.07248,0.08939,0.00435,0.00000,0.00047,0.52638,0.06083
0.05251,0.04499,0.00172,0.04974,0.01481,0.01856,0.04464,0.00046,0.00000,0.22385,0.07475,0.47397
0.06118,0.11137,0.00004,0.01154,0.00843,0.06479,0.32523,0.01791,0.00000,0.00047,0.35236,0.04668
0.12863,0.00031,0.00003,0.16036,0.07061,0.02481,0.24467,0.10055,0.00000,0.00001,0.25941,0.01061
0.04188,0.05304,0.00001,0.08995,0.00310,0.04739,0.06203,0.12865,0.00002,0.07884,0.27509,0.21999
0.04765,0.00000,0.00002,0.03783,0.00002,0.03128,0.25523,0.00013,0.00000,0.08594,0.36764,0.17425
0.24524,0.00000,0.00000,0.02108,0.01463,0.00663,0.36885,0.03085,0.00000,0.09514,0.16359,0.05399
0.07116,0.00000,0.04901,0.10672,0.00079,0.01726,0.42105,0.03494,0.00530,0.00355,0.22555,0.06466
0.10129,0.00000,0.00016,0.00000,0.02405,0.29721,0.04457,0.02492,0.00000,0.04725,0.23340,0.22716
0.01110,0.08078,0.03617,0.00383,0.00615,0.01097,0.19249,0.11345,0.00000,0.02174,0.35758,0.16572
0.09722,0.00049,0.00001,0.00325,0.02174,0.07109,0.67970,0.00900,0.00000,0.02362,0.06396,0.02993
0.04024,0.19825,0.00049,0.19443,0.00501,0.02259,0.11782,0.02811,0.00000,0.00162,0.13523,0.25622
0.16986,0.00000,0.00360,0.00012,0.00000,0.09517,0.03695,0.02205,0.00000,0.18935,0.36699,0.11589
0.21462,0.29445,0.09414,0.03666,0.02753,0.00000,0.02191,0.05946,0.00000,0.03799,0.07505,0.13820
0.00933,0.07002,0.00818,0.05036,0.12501,0.08777,0.48569,0.00471,0.00000,0.13081,0.00953,0.01860
0.10961,0.00615,0.00004,0.02127,0.01198,0.00062,0.28381,0.11632,0.00000,0.00105,0.23764,0.21151
0.04252,0.00118,0.00000,0.30236,0.09550,0.01777,0.14778,0.01358,0.00000,0.07340,0.07824,0.22766
0.20887,0.00611,0.12086,0.12024,0.00363,0.00421,0.27789,0.13528,0.00000,0.00128,0.09223,0.02942
0.05946,0.11974,0.06425,0.01549,0.01111,0.00107,0.17219,0.01485,0.00000,0.05364,0.40662,0.08157
0.30434,0.01682,0.00326,0.01374,0.03463,0.00075,0.13296,0.13869,0.00000,0.01116,0.19954,0.14411
0.01549,0.25475,0.06614,0.00001,0.01708,0.04943,0.34738,0.00267,0.00000,0.01171,0.21624,0.01909
0.09074,0.01693,0.29481,0.03025,0.13331,0.09353,0.20067,0.04576,0.00000,0.00650,0.06289,0.02461
0.12439,0.09924,0.00000,0.07994,0.00022,0.00033,0.21791,0.09132,0.00025,0.10621,0.12277,0.15742
0.21798,0.00033,0.00019,0.14591,0.00087,0.04183,0.20020,0.07028,0.00000,0.00087,0.29394,0.02762
0.04937,0.00152,0.00125,0.00779,0.00123,0.00408,0.19731,0.03814,0.00000,0.25509,0.35413,0.09008
0.05042,0.04741,0.00003,0.00163,0.22384,0.00100,0.33500,0.01405,0.00926,0.00893,0.13208,0.17636
0.20844,0.07080,0.00062,0.00132,0.00145,0.03398,0.16220,0.01613,0.00000,0.06211,0.35518,0.08778
0.01992,0.09884,0.00449,0.00006,0.00000,0.00008,0.14941,0.02101,0.00000,0.07296,0.50568,0.12755
0.25256,0.00657,0.06025,0.01027,0.08224,0.00018,0.37530,0.00002,0.00000,0.01679,0.15116,0.04465
0.20838,0.04682,0.10192,0.06969,0.00000,0.00005,0.14424,0.00713,0.00000,0.10927,0.27597,0.03654
0.11626,0.02330,0.00179,0.12690,0.00000,0.00195,0.18277,0.00623,0.00000,0.01056,0.24699,0.28323
0.17773,0.00153,0.03879,0.00218,0.00001,0.05171,0.46688,0.01169,0.00000,0.00255,0.22775,0.01918
0.05982,0.00045,0.13291,0.17143,0.00566,0.02703,0.18527,0.21774,0.00060,0.00002,0.16201,0.03705
0.12794,0.00014,0.00046,0.04723,0.00482,0.02080,0.03780,0.00344,0.00000,0.00414,0.35961,0.39361
0.08085,0.12876,0.00000,0.12781,0.00000,0.02028,0.16168,0.03476,0.00000,0.00434,0.40421,0.03731
0.16735,0.00011,0.01352,0.09843,0.05260,0.00153,0.24051,0.02151,0.00000,0.07833,0.08810,0.23803
0.23847,0.18540,0.04505,0.01978,0.02598,0.00635,0.15322,0.01548,0.00000,0.12022,0.03301,0.15705
0.09005,0.00001,0.03608,0.16969,0.00893,0.00000,0.34056,0.00084,0.00000,0.00203,0.10324,0.24857
0.08306,0.00103,0.00001,0.08186,0.17310,0.05636,0.16456,0.00244,0.00000,0.05160,0.24948,0.13651
0.03996,0.05357,0.04569,0.02399,0.01952,0.38122,0.01635,0.08078,0.00000,0.11786,0.20135,0.01971
0.38449,0.05018,0.00011,0.08952,0.01030,0.00274,0.01648,0.17945,0.00000,0.01240,0.17339,0.08095
0.27433,0.07655,0.04104,0.01708,0.00036,0.01565,0.07596,0.00452,0.00000,0.14478,0.07908,0.27065
0.12778,0.03745,0.00020,0.02542,0.14490,0.00127,0.30118,0.13193,0.00000,0.10315,0.05512,0.07160
