0.01028,0.01568,0.13696,0.00697,0.00797,0.01968,0.00715,0.00636,0.00606,0.27694,0.00625,0.00723,0.03677,0.01345,0.02036,0.38190,0.01018,0.00227,0.02174,0.00582
0.00511,0.11949,0.01496,0.00742,0.00279,0.00407,0.06584,0.35917,0.00630,0.03547,0.12689,0.04876,0.03250,0.00340,0.00463,0.02235,0.00587,0.00431,0.00310,0.12756
0.01100,0.05059,0.02840,0.00542,0.00517,0.00484,0.01297,0.02195,0.01357,0.02801,0.47473,0.01419,0.18389,0.01514,0.01804,0.03783,0.00405,0.00915,0.01347,0.04760
0.00483,0.04353,0.00571,0.00585,0.00966,0.01043,0.16813,0.00921,0.00451,0.32312,0.18665,0.01079,0.04298,0.00275,0.00478,0.14080,0.00340,0.00304,0.00381,0.01602
0.00674,0.00876,0.01306,0.03331,0.01035,0.01153,0.05411,0.05570,0.02404,0.12397,0.03686,0.08443,0.02144,0.25235,0.02669,0.06726,0.01266,0.00749,0.12522,0.02404
0.00558,0.02071,0.01743,0.00546,0.05714,0.00413,0.00405,0.23596,0.00581,0.20476,0.06651,0.01553,0.01679,0.00393,0.00362,0.26642,0.01011,0.00253,0.04717,0.00637
0.02370,0.01436,0.02290,0.02111,0.05903,0.11110,0.01912,0.04098,0.00750,0.14837,0.01976,0.02309,0.10611,0.20380,0.01105,0.09169,0.01093,0.00712,0.01088,0.04739
0.01283,0.01943,0.00741,0.00805,0.01168,0.00313,0.04069,0.18245,0.00990,0.15562,0.00628,0.08305,0.00903,0.00319,0.00268,0.10956,0.01893,0.00456,0.00425,0.30727
0.00844,0.01406,0.34672,0.01955,0.00547,0.01131,0.10453,0.04673,0.00647,0.08079,0.02120,0.02879,0.01276,0.00367,0.00487,0.05289,0.00826,0.01141,0.07303,0.13907
0.18880,0.00995,0.01368,0.01413,0.01008,0.00738,0.05364,0.01651,0.01757,0.11447,0.03274,0.04088,0.02518,0.00264,0.30714,0.10231,0.01248,0.00437,0.01577,0.01028
0.05399,0.25992,0.10502,0.00447,0.00572,0.00937,0.00463,0.22537,0.00517,0.06472,0.01321,0.01977,0.02430,0.02458,0.00878,0.14361,0.00720,0.00512,0.00585,0.00920
0.00861,0.01192,0.00850,0.02756,0.00805,0.02203,0.01421,0.24670,0.00472,0.10884,0.01784,0.01554,0.01577,0.04610,0.01052,0.34866,0.02016,0.01087,0.00279,0.05061
0.01263,0.04298,0.03808,0.06155,0.04410,0.30022,0.00581,0.02527,0.01189,0.02539,0.00683,0.09827,0.20828,0.03675,0.02268,0.02305,0.01385,0.00421,0.00807,0.01008
0.00439,0.23738,0.00950,0.01628,0.21154,0.01668,0.01049,0.04241,0.00344,0.02343,0.09419,0.12200,0.03055,0.00356,0.00216,0.11300,0.00184,0.00206,0.01316,0.04195
0.02911,0.00890,0.00813,0.00625,0.00990,0.01005,0.02361,0.05449,0.13216,0.15721,0.02659,0.07602,0.03637,0.00827,0.01448,0.14456,0.01456,0.04432,0.15252,0.04250
0.00336,0.02449,0.06407,0.00586,0.00459,0.04639,0.03532,0.02955,0.02855,0.26638,0.11011,0.01652,0.21287,0.00317,0.00749,0.09097,0.00556,0.00749,0.01238,0.02488
0.00320,0.03050,0.00822,0.00849,0.03180,0.00564,0.33626,0.10969,0.01519,0.03038,0.00715,0.10097,0.01151,0.00445,0.00239,0.01189,0.00347,0.00723,0.00741,0.26419
0.01031,0.00747,0.05405,0.00431,0.00351,0.02418,0.01553,0.01683,0.00575,0.06720,0.01492,0.01813,0.33922,0.11676,0.00959,0.18935,0.00631,0.02004,0.02026,0.05628
0.00591,0.05173,0.17908,0.17582,0.00785,0.00776,0.01589,0.05396,0.16067,0.14131,0.00664,0.02077,0.02145,0.00481,0.00537,0.07588,0.01040,0.00436,0.00600,0.04435
0.00974,0.01185,0.00403,0.07074,0.00508,0.00358,0.00533,0.00485,0.00229,0.21695,0.01823,0.00730,0.00554,0.00307,0.00313,0.61765,0.00355,0.00194,0.00191,0.00324
0.00906,0.15152,0.02041,0.01904,0.01048,0.00800,0.00713,0.00746,0.01577,0.05621,0.33851,0.00816,0.01832,0.00586,0.01146,0.27889,0.01587,0.00411,0.00477,0.00898
0.01087,0.19678,0.01703,0.02868,0.05906,0.00980,0.00839,0.06924,0.00629,0.02909,0.14345,0.12824,0.03999,0.00684,0.00498,0.02394,0.01432,0.17392,0.01670,0.01238
0.00448,0.01454,0.02761,0.01337,0.00379,0.01661,0.18584,0.03830,0.00639,0.03532,0.01872,0.01388,0.02594,0.14841,0.10833,0.02067,0.01243,0.01281,0.00499,0.28758
0.00773,0.09616,0.00876,0.00685,0.00552,0.00545,0.02223,0.00991,0.00364,0.41358,0.07351,0.01942,0.01913,0.00499,0.00582,0.28314,0.00384,0.00192,0.00211,0.00631
0.01763,0.02509,0.01783,0.02027,0.01017,0.11316,0.21641,0.02141,0.01447,0.02570,0.03034,0.01384,0.10410,0.16238,0.02187,0.02634,0.00796,0.00882,0.00531,0.13687
0.28025,0.01575,0.02252,0.00436,0.02504,0.00917,0.00600,0.24064,0.00337,0.01137,0.00691,0.25681,0.05296,0.00412,0.02481,0.01027,0.00455,0.00262,0.00766,0.01082
0.00915,0.00558,0.00517,0.00375,0.00416,0.00587,0.08943,0.01388,0.00304,0.17783,0.44227,0.01597,0.02404,0.00349,0.00827,0.16100,0.00355,0.00281,0.00246,0.01828
0.08073,0.07928,0.08129,0.02214,0.01980,0.00594,0.01777,0.12753,0.02889,0.07825,0.00913,0.15575,0.01893,0.05314,0.00762,0.11840,0.01934,0.01006,0.01611,0.04990
0.02274,0.02265,0.13739,0.00317,0.00876,0.00744,0.00368,0.36497,0.00438,0.05024,0.00642,0.10080,0.19771,0.00611,0.00759,0.02439,0.01001,0.00733,0.00470,0.00950
0.00701,0.01288,0.01927,0.06736,0.00705,0.01551,0.11543,0.07170,0.01604,0.17157,0.03971,0.05894,0.07374,0.00669,0.01299,0.02726,0.01220,0.00886,0.01738,0.23841
0.01232,0.02792,0.01472,0.02508,0.04169,0.02508,0.02550,0.08069,0.02780,0.04937,0.05464,0.04370,0.04234,0.00559,0.00689,0.41364,0.02174,0.01193,0.01970,0.04967
0.08675,0.01064,0.00901,0.01559,0.00357,0.00580,0.00838,0.19714,0.00576,0.01711,0.21514,0.01539,0.16003,0.12754,0.03076,0.01125,0.01353,0.03964,0.00226,0.02472
0.00349,0.12797,0.04070,0.00467,0.00608,0.01068,0.01340,0.07055,0.00397,0.22480,0.13445,0.05084,0.01955,0.00532,0.00465,0.24814,0.00527,0.00850,0.00520,0.01177
0.26221,0.01583,0.00930,0.01455,0.01349,0.00997,0.07759,0.02676,0.02941,0.33124,0.00795,0.04268,0.00885,0.00196,0.02578,0.08165,0.00703,0.00223,0.00850,0.02302
0.00489,0.00497,0.00390,0.01049,0.00307,0.00536,0.00323,0.00537,0.00468,0.35120,0.01178,0.00799,0.02497,0.00270,0.00280,0.54509,0.00186,0.00107,0.00251,0.00207
0.01258,0.00853,0.00607,0.00528,0.05055,0.00243,0.01171,0.39552,0.00915,0.13087,0.01230,0.19180,0.01006,0.00426,0.00343,0.08343,0.01184,0.00428,0.00579,0.04012
0.01060,0.18841,0.02603,0.00448,0.01278,0.00273,0.00605,0.31767,0.00306,0.03886,0.02280,0.14273,0.01353,0.00545,0.01106,0.15215,0.00829,0.00468,0.00509,0.02354
0.02240,0.03837,0.01285,0.11545,0.03069,0.00462,0.00499,0.12846,0.11862,0.15365,0.00806,0.05334,0.00897,0.01112,0.00703,0.25789,0.00719,0.00583,0.00495,0.00553
0.00667,0.02244,0.03632,0.00775,0.00321,0.02743,0.00534,0.33845,0.00375,0.24037,0.01037,0.07849,0.08124,0.00598,0.00626,0.10785,0.00408,0.00393,0.00259,0.00749
0.02512,0.01253,0.00986,0.03733,0.06932,0.02610,0.10615,0.02765,0.03792,0.14230,0.17032,0.01238,0.06440,0.06159,0.01366,0.09736,0.00850,0.00434,0.00854,0.06461
0.05391,0.30899,0.02033,0.00372,0.01351,0.00440,0.00442,0.02318,0.00396,0.01106,0.00750,0.07117,0.00977,0.11052,0.00463,0.14721,0.00170,0.00193,0.00382,0.19429
0.00427,0.16600,0.03358,0.04540,0.00543,0.00832,0.08774,0.15659,0.00929,0.05674,0.16098,0.03076,0.00628,0.00549,0.01204,0.07536,0.07117,0.00891,0.00859,0.04706
0.02064,0.16133,0.01507,0.00673,0.01098,0.00646,0.00381,0.23953,0.00323,0.05992,0.02054,0.12687,0.03181,0.00779,0.01105,0.06779,0.18283,0.01474,0.00237,0.00650
0.00230,0.00369,0.00209,0.00181,0.00238,0.00143,0.00182,0.00319,0.00166,0.43384,0.00422,0.00317,0.00351,0.00125,0.00209,0.52636,0.00137,0.00089,0.00095,0.00197
0.00645,0.43567,0.10575,0.03468,0.00304,0.01463,0.00447,0.11193,0.04849,0.02423,0.03841,0.01725,0.07737,0.00241,0.00358,0.04884,0.00422,0.00314,0.00447,0.01098
0.00813,0.01256,0.01721,0.23146,0.00759,0.00347,0.00322,0.20063,0.26771,0.10303,0.00511,0.03048,0.00791,0.00406,0.01630,0.05191,0.01439,0.00422,0.00515,0.00548
0.00680,0.18761,0.01876,0.05283,0.01464,0.00883,0.00707,0.01007,0.00456,0.08090,0.07619,0.01900,0.01001,0.00435,0.00767,0.46549,0.01230,0.00478,0.00427,0.00388
0.00708,0.04216,0.01893,0.00683,0.01244,0.00397,0.01604,0.28589,0.00197,0.14480,0.03726,0.08287,0.01353,0.01199,0.00970,0.02220,0.00723,0.01453,0.00374,0.25683
0.00422,0.00899,0.01854,0.01551,0.00379,0.01033,0.21261,0.01420,0.00951,0.22419,0.09285,0.00841,0.06235,0.00506,0.00270,0.03181,0.00318,0.00405,0.00989,0.25782
0.02966,0.03240,0.02008,0.00786,0.00361,0.00270,0.00873,0.00855,0.20738,0.01445,0.36857,0.01139,0.23364,0.00766,0.00885,0.00812,0.00388,0.00733,0.00313,0.01203
0.05310,0.01044,0.26373,0.00392,0.00544,0.01029,0.14778,0.03029,0.00500,0.01618,0.01509,0.00849,0.01034,0.01465,0.03484,0.02416,0.01198,0.01211,0.13578,0.18640
0.01238,0.12640,0.01721,0.01163,0.01528,0.16547,0.19376,0.01124,0.01959,0.06967,0.01111,0.01400,0.09399,0.00533,0.02446,0.17042,0.00557,0.00325,0.00608,0.02316
0.00956,0.00757,0.01964,0.19076,0.01565,0.00460,0.00558,0.17772,0.22951,0.06394,0.01536,0.07030,0.03568,0.01241,0.00997,0.09303,0.01296,0.00357,0.00814,0.01406
0.00352,0.01828,0.03637,0.00743,0.00609,0.01011,0.00791,0.08399,0.00581,0.01876,0.01237,0.09042,0.07584,0.21111,0.30773,0.04065,0.01417,0.02138,0.01774,0.01032
0.03732,0.01629,0.02374,0.01866,0.02478,0.00496,0.00512,0.05290,0.00612,0.19593,0.09830,0.03742,0.01724,0.03433,0.01520,0.25407,0.09259,0.00611,0.05195,0.00696
0.00298,0.01915,0.01996,0.00894,0.00997,0.01028,0.08936,0.07822,0.00726,0.04030,0.01502,0.02649,0.04377,0.01124,0.00365,0.02032,0.19061,0.00482,0.00515,0.39251
0.00409,0.02830,0.00660,0.01963,0.00777,0.00713,0.01654,0.02417,0.01045,0.17367,0.44617,0.03642,0.02015,0.00460,0.00396,0.17121,0.00424,0.00385,0.00325,0.00779
0.01894,0.01068,0.01070,0.07350,0.01734,0.03603,0.01402,0.00749,0.02623,0.12223,0.01034,0.02380,0.23829,0.01040,0.00968,0.34603,0.00747,0.00330,0.00552,0.00800
0.00642,0.01367,0.00896,0.01027,0.02433,0.00824,0.03764,0.00725,0.00475,0.42078,0.01071,0.00597,0.00961,0.00438,0.00592,0.15707,0.00611,0.00231,0.00372,0.25189
0.01134,0.22645,0.01983,0.00329,0.00403,0.34172,0.00382,0.01976,0.00217,0.03320,0.00618,0.03514,0.13123,0.10148,0.00761,0.01925,0.00395,0.01535,0.00264,0.01154
0.00868,0.02310,0.01590,0.00715,0.01077,0.00390,0.01924,0.00935,0.08536,0.17318,0.14821,0.01010,0.03036,0.00587,0.00871,0.20320,0.02633,0.01254,0.18716,0.01091
0.01117,0.03730,0.01689,0.00907,0.01948,0.00791,0.01738,0.00855,0.01735,0.16180,0.32415,0.00927,0.15060,0.00669,0.01422,0.12991,0.00864,0.00267,0.02167,0.02528
0.01475,0.07917,0.03752,0.02850,0.00600,0.00411,0.12570,0.02766,0.00368,0.11096,0.39374,0.03949,0.00426,0.00904,0.00512,0.07096,0.00999,0.00608,0.00480,0.01847
0.00908,0.00678,0.00887,0.00636,0.00692,0.00548,0.01184,0.33853,0.00657,0.09223,0.01805,0.16276,0.07122,0.00755,0.01199,0.16939,0.01705,0.00680,0.00834,0.03419
0.00498,0.01076,0.01851,0.01606,0.00929,0.00899,0.00828,0.23209,0.00547,0.05537,0.02214,0.18040,0.03039,0.03291,0.16796,0.02341,0.00908,0.14152,0.00564,0.01676
0.00224,0.01427,0.01073,0.00600,0.00276,0.00419,0.10824,0.00551,0.01178,0.03940,0.33906,0.07720,0.25332,0.00323,0.00314,0.10234,0.00258,0.00372,0.00401,0.00627
0.22599,0.01355,0.01754,0.01569,0.00516,0.00338,0.00469,0.00497,0.01947,0.25147,0.00477,0.00626,0.00506,0.00122,0.08861,0.31440,0.00357,0.00153,0.00954,0.00313
0.02714,0.19409,0.02783,0.01260,0.00532,0.07432,0.02102,0.10901,0.03489,0.04106,0.04041,0.02658,0.01827,0.01024,0.06454,0.24357,0.00752,0.00565,0.01978,0.01616
0.00409,0.17248,0.13887,0.02393,0.00473,0.05621,0.18201,0.01853,0.00963,0.02149,0.01053,0.00844,0.03577,0.00372,0.00456,0.03610,0.00622,0.00301,0.00494,0.25473
0.01063,0.15290,0.13039,0.02855,0.00460,0.00405,0.07346,0.02198,0.01254,0.03698,0.08062,0.01724,0.00735,0.00742,0.00974,0.04566,0.00843,0.01174,0.00562,0.33008
0.02076,0.17367,0.06175,0.00470,0.00942,0.07615,0.00711,0.42486,0.00469,0.03191,0.00950,0.03514,0.01449,0.00651,0.04111,0.02790,0.03325,0.00632,0.00471,0.00605
0.06739,0.08405,0.01858,0.00513,0.03754,0.13295,0.01511,0.08512,0.15379,0.10818,0.00784,0.02503,0.02270,0.00497,0.00554,0.07613,0.02088,0.00979,0.01786,0.10144
0.00689,0.03314,0.06041,0.01827,0.02476,0.01818,0.02497,0.27796,0.02088,0.08177,0.01778,0.14949,0.16854,0.00459,0.00554,0.03422,0.01302,0.00538,0.01301,0.02118
0.00636,0.00948,0.00778,0.04985,0.01128,0.08607,0.15093,0.01119,0.03014,0.01234,0.00728,0.03348,0.45883,0.00789,0.00684,0.01322,0.00354,0.00526,0.01513,0.07311
0.00359,0.03365,0.01770,0.00362,0.01985,0.00184,0.00490,0.48814,0.00300,0.02359,0.00728,0.31202,0.00658,0.00450,0.00276,0.02985,0.00633,0.00315,0.00921,0.01845
0.01178,0.23094,0.03463,0.02805,0.02662,0.00635,0.01642,0.06569,0.00430,0.02668,0.01611,0.26280,0.00521,0.00437,0.00575,0.19885,0.02748,0.00591,0.00261,0.01944
0.02134,0.12873,0.02362,0.00347,0.04791,0.01090,0.00613,0.20068,0.04273,0.02136,0.02026,0.01273,0.02134,0.00953,0.00937,0.01691,0.07667,0.01427,0.29906,0.01299
0.02736,0.02118,0.15869,0.00337,0.00214,0.00809,0.01432,0.04166,0.00256,0.06249,0.00704,0.01227,0.00887,0.00980,0.01491,0.04814,0.21043,0.32847,0.00255,0.01565
0.00324,0.02843,0.00587,0.00709,0.02355,0.02509,0.34271,0.01165,0.01214,0.18579,0.00732,0.16367,0.06918,0.00655,0.01114,0.05252,0.01528,0.01118,0.00395,0.01367
0.01185,0.01795,0.01022,0.03140,0.04323,0.00855,0.05195,0.09607,0.19777,0.24496,0.00646,0.04203,0.00748,0.00615,0.00459,0.08188,0.00629,0.00418,0.00719,0.11980
0.00499,0.13955,0.11051,0.00288,0.03332,0.00712,0.01293,0.44673,0.00602,0.00644,0.00385,0.02434,0.01598,0.00224,0.00427,0.00693,0.00448,0.00200,0.00852,0.15690
0.00559,0.00790,0.18155,0.01343,0.00581,0.00948,0.01072,0.01012,0.00477,0.03323,0.25172,0.01575,0.25196,0.00857,0.00590,0.02141,0.00560,0.01804,0.11631,0.02212
0.02172,0.28587,0.04157,0.00987,0.01441,0.00344,0.00955,0.19325,0.00492,0.02438,0.06029,0.02983,0.12457,0.01647,0.03105,0.03572,0.01865,0.01031,0.00856,0.05558
0.00578,0.18186,0.03017,0.02574,0.00513,0.01072,0.01000,0.08368,0.05509,0.05189,0.03223,0.11460,0.06731,0.00657,0.04037,0.06982,0.15792,0.00814,0.02387,0.01910
0.01088,0.18307,0.00399,0.01910,0.05034,0.00513,0.00937,0.02304,0.00873,0.03610,0.13966,0.20103,0.01923,0.00903,0.00635,0.24686,0.00958,0.00623,0.00345,0.00882
0.00934,0.23308,0.01955,0.05080,0.00451,0.01043,0.00692,0.13640,0.01789,0.15767,0.03577,0.04591,0.01357,0.00645,0.01903,0.09544,0.03909,0.07319,0.00322,0.02172
0.00291,0.00516,0.22292,0.00591,0.00396,0.00526,0.01608,0.09283,0.00203,0.15974,0.02293,0.04688,0.00992,0.00484,0.00265,0.01999,0.00543,0.03460,0.32237,0.01358
0.00726,0.02024,0.06462,0.11254,0.00956,0.02021,0.02696,0.07269,0.01400,0.25045,0.06382,0.04596,0.03039,0.00523,0.00867,0.15100,0.00887,0.00787,0.01491,0.06472
0.00858,0.02389,0.02874,0.01045,0.00493,0.02211,0.12345,0.08614,0.01256,0.19478,0.01812,0.31577,0.03695,0.00666,0.00675,0.04040,0.00668,0.01480,0.00758,0.03065
0.02416,0.09821,0.04838,0.01460,0.00902,0.00935,0.01073,0.01124,0.00445,0.20074,0.10288,0.03002,0.01543,0.01907,0.00627,0.37493,0.00291,0.00397,0.00899,0.00463
0.00452,0.04217,0.40315,0.01059,0.01349,0.00586,0.00634,0.16299,0.00533,0.09696,0.01167,0.08173,0.00754,0.00336,0.00362,0.04346,0.00460,0.00762,0.07444,0.01056
0.01289,0.30240,0.02485,0.01324,0.01174,0.02776,0.24437,0.02716,0.00780,0.05663,0.07113,0.03854,0.03271,0.03305,0.01407,0.03642,0.00901,0.00775,0.00776,0.02071
0.02020,0.05874,0.08440,0.00663,0.00802,0.00764,0.01839,0.09075,0.07159,0.05343,0.00762,0.03369,0.01347,0.00231,0.21753,0.04758,0.04139,0.00505,0.04775,0.16384
0.02656,0.07436,0.00789,0.02234,0.05260,0.01094,0.00635,0.03845,0.07369,0.18811,0.03809,0.01379,0.26739,0.00819,0.04300,0.09701,0.01105,0.00527,0.00521,0.00973
0.00744,0.24992,0.06638,0.00787,0.00710,0.02353,0.07208,0.02264,0.01345,0.17937,0.00941,0.00883,0.00660,0.00417,0.01432,0.25529,0.01263,0.00314,0.01035,0.02549
0.00691,0.01044,0.16539,0.00567,0.00591,0.02024,0.03139,0.01708,0.00786,0.13274,0.03706,0.00747,0.03808,0.00965,0.00779,0.26103,0.09772,0.01207,0.04839,0.07713
0.00331,0.07306,0.01087,0.09346,0.01110,0.00589,0.01161,0.08218,0.00290,0.17545,0.27719,0.10934,0.00797,0.00624,0.00340,0.10254,0.00826,0.00432,0.00325,0.00766
0.01025,0.37494,0.00991,0.02337,0.00477,0.00424,0.05187,0.05412,0.00289,0.00949,0.30302,0.08385,0.00523,0.01202,0.00529,0.01176,0.00613,0.00396,0.00203,0.02086
0.00448,0.05890,0.01106,0.00569,0.00368,0.05757,0.02102,0.03109,0.14694,0.04278,0.34998,0.03628,0.13418,0.00408,0.01368,0.03434,0.00703,0.02500,0.00514,0.00708
0.00523,0.00680,0.00646,0.01365,0.00683,0.00481,0.14309,0.25875,0.00598,0.06586,0.00690,0.10281,0.00978,0.00721,0.00292,0.02346,0.01035,0.00697,0.00516,0.30699
