0.01394,0.04449,0.08734,0.01419,0.13743,0.01176,0.02589,0.17502,0.01536,0.03073,0.00530,0.18589,0.00813,0.00253,0.01856,0.03315,0.13481,0.00571,0.02424,0.02552
0.03381,0.01316,0.01323,0.00799,0.01111,0.00958,0.07713,0.07938,0.00775,0.25449,0.01240,0.13350,0.01809,0.01702,0.02559,0.23716,0.01269,0.00843,0.00466,0.02284
0.01081,0.00806,0.00785,0.01921,0.00614,0.00816,0.05874,0.18438,0.00790,0.19110,0.02870,0.18807,0.01730,0.00429,0.00479,0.18571,0.00376,0.00446,0.00391,0.05667
0.01304,0.02188,0.05902,0.01032,0.00902,0.00855,0.09852,0.08469,0.00855,0.18436,0.02196,0.08443,0.02392,0.01973,0.01747,0.14911,0.01356,0.03922,0.02953,0.10311
0.00989,0.02385,0.02511,0.02837,0.01858,0.05995,0.00859,0.06656,0.00903,0.03818,0.23127,0.05900,0.24613,0.00728,0.00740,0.01761,0.05964,0.06005,0.01331,0.01021
0.02773,0.04112,0.07027,0.02102,0.02633,0.01652,0.18051,0.02840,0.00973,0.10337,0.01974,0.04328,0.02305,0.01962,0.03455,0.09499,0.01509,0.01231,0.03109,0.18129
0.04694,0.00778,0.00595,0.15297,0.00348,0.00349,0.00554,0.00587,0.00503,0.27698,0.16239,0.00638,0.00720,0.00685,0.02586,0.26372,0.00376,0.00218,0.00167,0.00594
0.02117,0.06426,0.06869,0.18396,0.00791,0.02980,0.01712,0.02936,0.18163,0.12804,0.02070,0.02280,0.01606,0.01177,0.01005,0.13044,0.01126,0.01122,0.00422,0.02951
0.01300,0.01343,0.02029,0.02001,0.01454,0.01741,0.10934,0.02040,0.00563,0.02333,0.22531,0.01302,0.20796,0.06319,0.06477,0.02065,0.01677,0.01286,0.01136,0.10671
0.00904,0.08209,0.07446,0.00467,0.01149,0.06179,0.13266,0.04907,0.01546,0.06485,0.07841,0.05168,0.13116,0.00230,0.01048,0.06427,0.00781,0.00735,0.01224,0.12874
0.19707,0.00766,0.00703,0.01020,0.01337,0.02207,0.01467,0.01810,0.01218,0.01395,0.18112,0.01536,0.20121,0.02170,0.20629,0.01663,0.01011,0.00409,0.00636,0.02085
0.02068,0.14924,0.15044,0.00737,0.02253,0.03070,0.00926,0.07326,0.00801,0.20630,0.00758,0.05666,0.01038,0.01436,0.00377,0.19475,0.01381,0.00412,0.00536,0.01141
0.00797,0.14377,0.14741,0.00735,0.01135,0.02526,0.23130,0.04142,0.00622,0.02808,0.00837,0.02272,0.01032,0.00943,0.00440,0.02010,0.01774,0.01761,0.00216,0.23703
0.00695,0.15238,0.11317,0.00952,0.06073,0.00975,0.01405,0.03428,0.00687,0.05260,0.19326,0.03141,0.20163,0.00391,0.00392,0.04848,0.01655,0.02007,0.00363,0.01683
0.00405,0.02285,0.01214,0.01170,0.01007,0.09096,0.31091,0.00989,0.00646,0.03559,0.01295,0.31067,0.09138,0.00362,0.00420,0.03417,0.00474,0.00594,0.00651,0.01118
0.01436,0.04047,0.03909,0.00931,0.00888,0.12378,0.00973,0.15269,0.00626,0.07358,0.03789,0.03029,0.04361,0.01631,0.00755,0.16965,0.01561,0.04686,0.00519,0.14888
0.00546,0.00800,0.01745,0.00592,0.05697,0.05783,0.00663,0.16075,0.00354,0.17940,0.00766,0.16198,0.06154,0.00996,0.00914,0.16021,0.06422,0.00688,0.00865,0.00781
0.02188,0.02646,0.02546,0.07652,0.00642,0.01497,0.00707,0.23643,0.00753,0.09886,0.07846,0.23487,0.01916,0.02008,0.00353,0.08938,0.00898,0.00759,0.00807,0.00828
0.03818,0.01135,0.01066,0.01654,0.00756,0.00618,0.17566,0.03679,0.00517,0.19678,0.03274,0.03480,0.02214,0.00584,0.01990,0.17696,0.01057,0.01033,0.00447,0.17737
0.01554,0.02411,0.02142,0.00834,0.00610,0.02718,0.00837,0.03494,0.01509,0.02726,0.23272,0.02335,0.23366,0.10256,0.07732,0.02514,0.04292,0.04922,0.01059,0.01417
0.01211,0.01461,0.01141,0.00818,0.01317,0.02148,0.06472,0.03832,0.01800,0.29637,0.00677,0.04950,0.02453,0.01003,0.00395,0.19091,0.01692,0.10830,0.01141,0.07930
0.01158,0.12372,0.07171,0.02335,0.06746,0.06168,0.08512,0.04546,0.00491,0.02395,0.11194,0.07559,0.13483,0.01956,0.00707,0.01928,0.01544,0.02635,0.00816,0.06284
0.09016,0.01359,0.00961,0.00467,0.00878,0.00828,0.00832,0.22056,0.00773,0.01805,0.09510,0.23070,0.10839,0.00577,0.08860,0.03186,0.00583,0.00597,0.00362,0.03444
0.01147,0.11416,0.11061,0.00487,0.00736,0.01554,0.10367,0.02681,0.00831,0.19303,0.01221,0.02025,0.01887,0.01248,0.01036,0.18721,0.01033,0.01143,0.01075,0.11027
0.07196,0.01435,0.01521,0.01220,0.00689,0.19652,0.01332,0.27296,0.00549,0.03143,0.02833,0.11954,0.04712,0.06998,0.00817,0.03226,0.00690,0.02128,0.00622,0.01989
0.00778,0.19838,0.20758,0.03074,0.00614,0.01232,0.01707,0.08022,0.02582,0.09493,0.01670,0.07657,0.01567,0.02948,0.04306,0.08613,0.00639,0.01514,0.00664,0.02323
0.00394,0.00609,0.00580,0.00405,0.00541,0.01045,0.01697,0.32857,0.00547,0.02316,0.00817,0.32866,0.01224,0.00333,0.00389,0.11030,0.00459,0.00359,0.00528,0.11002
0.00650,0.05758,0.04798,0.04726,0.02309,0.03829,0.01069,0.10731,0.06555,0.17144,0.02165,0.11218,0.03467,0.00982,0.01030,0.02001,0.02085,0.16350,0.01907,0.01226
0.01801,0.28491,0.29049,0.00888,0.01697,0.02609,0.01299,0.06087,0.01543,0.01404,0.02529,0.04560,0.02729,0.04441,0.05255,0.01450,0.00975,0.00488,0.01482,0.01222
0.00715,0.01582,0.01628,0.00603,0.00792,0.01380,0.03594,0.01528,0.00365,0.35710,0.04034,0.02723,0.04155,0.00297,0.01000,0.34838,0.00799,0.00915,0.00488,0.02854
0.00780,0.00487,0.17774,0.01610,0.03199,0.00422,0.00730,0.01909,0.00482,0.23812,0.01376,0.01849,0.00663,0.00371,0.01540,0.22355,0.02558,0.00401,0.16835,0.00847
0.00973,0.03705,0.03279,0.02114,0.01269,0.08313,0.26938,0.03850,0.00761,0.02068,0.02482,0.02931,0.06942,0.00711,0.00639,0.03706,0.00368,0.00251,0.00433,0.28268
0.01527,0.12203,0.11479,0.01897,0.01707,0.02817,0.01818,0.03262,0.03364,0.04839,0.03231,0.01959,0.02154,0.01692,0.00437,0.22199,0.01726,0.00458,0.02295,0.18937
0.00407,0.02384,0.02920,0.00277,0.00413,0.00622,0.26704,0.03200,0.00384,0.12892,0.00989,0.02693,0.01186,0.00742,0.00681,0.12244,0.01407,0.01943,0.00332,0.27580
0.01049,0.15661,0.16966,0.00972,0.00574,0.00682,0.12936,0.07077,0.01429,0.01049,0.02138,0.07068,0.01803,0.00826,0.00667,0.07764,0.00414,0.00324,0.00206,0.20394
0.00424,0.01459,0.00619,0.00969,0.00716,0.19150,0.11071,0.01898,0.01116,0.04192,0.01382,0.02266,0.18789,0.08866,0.08803,0.05073,0.00460,0.00415,0.00458,0.11875
0.00602,0.01120,0.01073,0.00729,0.00548,0.00985,0.02694,0.01071,0.28825,0.13656,0.00929,0.01318,0.01753,0.00482,0.00370,0.13266,0.00490,0.00759,0.27473,0.01857
0.00747,0.02598,0.01278,0.00530,0.02398,0.01084,0.08277,0.01439,0.00649,0.14284,0.15278,0.01711,0.16228,0.00762,0.00708,0.17459,0.00641,0.00887,0.00600,0.12442
0.20775,0.04235,0.03344,0.01190,0.02132,0.00908,0.03234,0.07041,0.00564,0.09904,0.01265,0.07227,0.01294,0.00443,0.21159,0.09287,0.01709,0.00863,0.00416,0.03009
0.03988,0.01504,0.01241,0.00979,0.00441,0.01854,0.07121,0.02178,0.00659,0.20289,0.13475,0.01963,0.13625,0.03300,0.00360,0.19572,0.00428,0.00356,0.00439,0.06228
0.00431,0.01237,0.00659,0.00548,0.01489,0.01218,0.15679,0.18061,0.00536,0.09219,0.00954,0.19400,0.01468,0.01373,0.01383,0.07872,0.01392,0.01106,0.00636,0.15340
0.01080,0.01590,0.02258,0.00737,0.00754,0.00627,0.10873,0.02293,0.00885,0.29762,0.01013,0.11207,0.00769,0.00897,0.01166,0.28836,0.01234,0.00770,0.01064,0.02186
0.00851,0.00794,0.00719,0.04086,0.00901,0.24611,0.03323,0.00954,0.04520,0.07534,0.04581,0.01071,0.25871,0.00890,0.00382,0.09701,0.00794,0.00510,0.00993,0.06915
0.02363,0.01437,0.01597,0.01712,0.01612,0.00718,0.24100,0.12934,0.00370,0.03715,0.02298,0.13350,0.01474,0.00779,0.01024,0.03311,0.01313,0.00584,0.00657,0.24653
0.00645,0.31009,0.31724,0.00988,0.00346,0.00762,0.01073,0.06344,0.00435,0.04864,0.03406,0.05338,0.02948,0.00412,0.00569,0.05108,0.01695,0.00640,0.00413,0.01280
0.01031,0.00831,0.00825,0.03781,0.00446,0.08024,0.03990,0.08476,0.00573,0.21866,0.02721,0.06056,0.03695,0.01301,0.01021,0.19700,0.00650,0.06623,0.00590,0.07800
0.02099,0.02476,0.03222,0.02017,0.01208,0.01360,0.05820,0.14118,0.00426,0.08688,0.06138,0.14448,0.05224,0.00498,0.01790,0.14500,0.01199,0.01230,0.00843,0.12695
0.00529,0.06400,0.04725,0.01422,0.03380,0.05475,0.03979,0.19614,0.01008,0.03536,0.09734,0.18674,0.11370,0.00263,0.00378,0.03344,0.00317,0.00262,0.00579,0.05011
0.01415,0.08456,0.09647,0.00968,0.00448,0.01125,0.05541,0.04872,0.00964,0.17480,0.08577,0.09297,0.09679,0.00370,0.00908,0.16212,0.00554,0.00913,0.00913,0.01660
0.02444,0.13035,0.13617,0.01260,0.01801,0.02769,0.11273,0.07811,0.01815,0.02803,0.06908,0.06544,0.07234,0.01732,0.01662,0.01800,0.02642,0.01286,0.01092,0.10473
0.01253,0.06222,0.11921,0.00794,0.01231,0.06757,0.04167,0.05152,0.00767,0.06099,0.11711,0.04596,0.16948,0.01166,0.00936,0.03003,0.01374,0.04639,0.05996,0.05269
0.10149,0.00640,0.00856,0.00279,0.00357,0.01092,0.02702,0.01395,0.00700,0.04212,0.28250,0.01144,0.29620,0.09680,0.00365,0.03879,0.00369,0.01197,0.00697,0.02417
0.00785,0.02833,0.31888,0.00580,0.01876,0.01058,0.00823,0.04495,0.00952,0.03953,0.04958,0.04666,0.04228,0.00903,0.00372,0.00889,0.00534,0.02566,0.30633,0.01007
0.00608,0.03295,0.03339,0.07426,0.00678,0.01042,0.02719,0.02333,0.00468,0.25249,0.13739,0.03862,0.05733,0.01273,0.00619,0.22265,0.01334,0.02633,0.00326,0.01058
0.00992,0.00511,0.00983,0.19724,0.01053,0.03331,0.08426,0.06341,0.05218,0.02815,0.17124,0.08251,0.01964,0.00815,0.01298,0.07234,0.00985,0.00405,0.01255,0.11276
0.02987,0.07168,0.05852,0.00541,0.02971,0.03086,0.01335,0.25021,0.01372,0.04424,0.01933,0.25179,0.03711,0.03645,0.02669,0.04316,0.00647,0.00363,0.01067,0.01713
0.01193,0.02963,0.02921,0.00496,0.00416,0.02433,0.12119,0.16302,0.00775,0.09786,0.01462,0.16218,0.02116,0.01328,0.00884,0.10642,0.00508,0.01024,0.01150,0.15264
0.00392,0.10791,0.10972,0.02339,0.01009,0.10262,0.10868,0.09894,0.02946,0.02299,0.01081,0.19118,0.09328,0.00915,0.00651,0.02260,0.00568,0.00662,0.01298,0.02347
0.00593,0.01598,0.01628,0.01003,0.00651,0.08414,0.01222,0.10728,0.01048,0.05543,0.20421,0.10800,0.26366,0.00504,0.00282,0.06074,0.00602,0.00445,0.00661,0.01418
0.01514,0.00885,0.00955,0.05890,0.01006,0.02114,0.01271,0.08620,0.04404,0.13437,0.03569,0.09980,0.02548,0.00865,0.01189,0.18037,0.00795,0.05909,0.02322,0.14690
0.01019,0.06073,0.06243,0.21067,0.03929,0.01899,0.02854,0.01646,0.00362,0.02275,0.29806,0.01759,0.10046,0.00810,0.00536,0.02487,0.03582,0.00911,0.00497,0.02198
0.00447,0.03757,0.04333,0.00229,0.00837,0.07330,0.10038,0.04226,0.00726,0.13795,0.07758,0.13887,0.13893,0.00719,0.00628,0.13613,0.01027,0.00622,0.00951,0.01185
0.00982,0.03025,0.01341,0.00844,0.03433,0.10286,0.26041,0.02378,0.00595,0.03284,0.02043,0.26316,0.10295,0.00972,0.00624,0.02509,0.00704,0.01354,0.00377,0.02598
0.27456,0.01731,0.01378,0.03734,0.00924,0.01137,0.00727,0.00940,0.03723,0.10588,0.00938,0.01110,0.01187,0.00684,0.26996,0.10772,0.02015,0.01193,0.00972,0.01793
0.01344,0.01694,0.01767,0.01759,0.00982,0.09846,0.01143,0.01761,0.01395,0.29784,0.02151,0.01336,0.10215,0.01425,0.00700,0.27804,0.00768,0.01763,0.01034,0.01329
0.00412,0.02750,0.00990,0.00453,0.03193,0.01631,0.12432,0.02096,0.00963,0.26656,0.00850,0.02326,0.02045,0.00528,0.00657,0.20066,0.00739,0.06674,0.00747,0.13793
0.00416,0.00942,0.00749,0.00592,0.00516,0.07837,0.03008,0.04072,0.00315,0.30300,0.01117,0.03938,0.08166,0.00558,0.00516,0.31611,0.00360,0.00442,0.00350,0.04194
0.00509,0.10314,0.10036,0.00683,0.00621,0.16885,0.03165,0.21894,0.00508,0.09267,0.02540,0.06121,0.02405,0.00626,0.00717,0.07258,0.01353,0.01921,0.00658,0.02517
0.00795,0.01089,0.01151,0.00781,0.00439,0.00945,0.06337,0.01428,0.00679,0.33315,0.05646,0.01586,0.05348,0.00744,0.00417,0.32096,0.00414,0.00480,0.00405,0.05902
0.00946,0.08013,0.01025,0.00702,0.07514,0.01154,0.08465,0.01301,0.00563,0.04727,0.23915,0.01327,0.24047,0.00821,0.00649,0.05157,0.00458,0.00449,0.00411,0.08358
0.00471,0.06021,0.06656,0.00858,0.00478,0.01919,0.01347,0.02215,0.21852,0.04383,0.10103,0.01468,0.09784,0.00595,0.00600,0.04279,0.01955,0.02141,0.21710,0.01165
0.00932,0.00777,0.00867,0.18283,0.00665,0.20744,0.03038,0.20804,0.18152,0.03545,0.01315,0.01273,0.01791,0.00544,0.00630,0.02957,0.00498,0.00510,0.00334,0.02341
0.03824,0.04829,0.05338,0.06236,0.01079,0.17391,0.01219,0.07643,0.06803,0.01682,0.05200,0.07387,0.19506,0.04200,0.01063,0.01815,0.01187,0.00762,0.00894,0.01943
0.00955,0.09644,0.14194,0.01212,0.00915,0.01139,0.02065,0.23682,0.01206,0.04480,0.01678,0.24720,0.00905,0.00502,0.00598,0.02376,0.01219,0.01994,0.05673,0.00842
0.00675,0.00736,0.02860,0.01119,0.00738,0.01792,0.02631,0.04934,0.00876,0.26052,0.07667,0.07303,0.08653,0.02084,0.03090,0.22365,0.00707,0.02661,0.01937,0.01118
0.01740,0.01772,0.05225,0.00758,0.00940,0.12229,0.16941,0.02381,0.00768,0.05512,0.02182,0.01852,0.12534,0.03547,0.04653,0.06304,0.00404,0.00267,0.02608,0.17384
0.00706,0.01906,0.01373,0.02307,0.00733,0.01239,0.03901,0.10285,0.01890,0.16822,0.12674,0.10643,0.12924,0.00519,0.00551,0.16318,0.00630,0.00878,0.00440,0.03260
0.14419,0.01108,0.00933,0.01108,0.00592,0.02067,0.14799,0.07578,0.01030,0.06200,0.02553,0.08232,0.02898,0.13363,0.01434,0.06022,0.00662,0.00700,0.00814,0.13489
0.00380,0.09817,0.08965,0.00422,0.00508,0.01967,0.00595,0.24063,0.00536,0.11686,0.00664,0.24710,0.01606,0.00209,0.00259,0.09123,0.00511,0.02702,0.00584,0.00695
0.00565,0.28597,0.30447,0.01221,0.00653,0.00632,0.02075,0.05958,0.01627,0.05512,0.01884,0.06114,0.02179,0.01363,0.02028,0.03575,0.00820,0.02082,0.01064,0.01604
0.03819,0.01612,0.01175,0.00525,0.00560,0.06635,0.19284,0.03090,0.00593,0.12612,0.01490,0.21679,0.07153,0.04071,0.00563,0.11817,0.00518,0.00821,0.00512,0.01471
0.00994,0.20332,0.20840,0.06494,0.00827,0.01540,0.02361,0.02119,0.05093,0.02410,0.13377,0.02749,0.11708,0.01259,0.00757,0.02737,0.01229,0.00524,0.00450,0.02200
0.00584,0.10651,0.09628,0.00575,0.01697,0.01291,0.01647,0.01543,0.05619,0.11771,0.03505,0.01481,0.04314,0.00723,0.01264,0.23918,0.01478,0.00665,0.04335,0.13311
0.10598,0.01547,0.01589,0.00600,0.02609,0.01497,0.01660,0.01330,0.00742,0.19567,0.06719,0.01124,0.07428,0.02603,0.14149,0.17818,0.02416,0.03701,0.00895,0.01405
0.02156,0.02953,0.02471,0.08740,0.01067,0.06347,0.02618,0.22049,0.09177,0.02643,0.01198,0.21537,0.03708,0.01154,0.00868,0.03592,0.01371,0.01065,0.00681,0.04607
0.00643,0.20294,0.05723,0.07780,0.16510,0.00774,0.01090,0.01308,0.00452,0.07060,0.15894,0.01129,0.09553,0.01210,0.01083,0.07226,0.00482,0.00448,0.00403,0.00938
0.05294,0.01589,0.01394,0.00787,0.00809,0.15447,0.12072,0.10241,0.00350,0.02871,0.00854,0.11473,0.14872,0.00510,0.05101,0.02501,0.01187,0.00410,0.00382,0.11855
0.00303,0.01862,0.00843,0.00522,0.01584,0.01125,0.01636,0.29013,0.08607,0.01848,0.00777,0.30709,0.01925,0.00407,0.00253,0.04865,0.00430,0.00541,0.08150,0.04602
0.08377,0.07525,0.06322,0.03868,0.00620,0.02017,0.02162,0.04823,0.05620,0.02347,0.14533,0.04542,0.16466,0.03371,0.10772,0.02420,0.00758,0.00479,0.01633,0.01348
0.00714,0.10857,0.10969,0.00678,0.00228,0.00896,0.01084,0.01503,0.00815,0.31581,0.02156,0.00772,0.01971,0.00989,0.01224,0.30184,0.01004,0.01142,0.00439,0.00793
0.01104,0.01254,0.01410,0.00698,0.00495,0.13418,0.01332,0.00717,0.00576,0.02746,0.03186,0.00912,0.14887,0.24601,0.22675,0.02824,0.02151,0.02176,0.00709,0.02130
0.01117,0.02424,0.02440,0.08975,0.00582,0.05557,0.23045,0.01571,0.09401,0.03301,0.01224,0.01758,0.05706,0.00576,0.00904,0.03713,0.01542,0.01616,0.01318,0.23232
0.03757,0.04105,0.03320,0.00737,0.01028,0.02895,0.10467,0.03561,0.00354,0.19950,0.02997,0.02922,0.02615,0.00499,0.04328,0.03538,0.02838,0.17939,0.00932,0.11216
0.03063,0.01702,0.02761,0.06440,0.02089,0.13649,0.01063,0.03159,0.00656,0.02637,0.08798,0.03806,0.17190,0.00938,0.03374,0.10838,0.03828,0.00862,0.03941,0.09207
0.04448,0.02390,0.00567,0.00403,0.03394,0.00565,0.01634,0.02150,0.00545,0.29497,0.07223,0.01960,0.07374,0.02122,0.02332,0.28092,0.01310,0.01386,0.00469,0.02140
0.08157,0.04448,0.03962,0.02952,0.00632,0.01011,0.18421,0.05157,0.01575,0.07425,0.02661,0.04405,0.00981,0.05571,0.01037,0.07935,0.00903,0.01174,0.00585,0.21009
0.00743,0.01313,0.02020,0.00485,0.00641,0.00876,0.01400,0.18507,0.00378,0.07914,0.00905,0.19598,0.01477,0.00451,0.00691,0.06617,0.17031,0.16986,0.01078,0.00889
0.01292,0.01291,0.01106,0.02265,0.00385,0.01900,0.08525,0.17938,0.01904,0.14710,0.00935,0.19211,0.01147,0.01729,0.02145,0.14164,0.00385,0.00572,0.00495,0.07902
0.05651,0.01341,0.01248,0.04144,0.01056,0.00985,0.03592,0.08352,0.01589,0.24217,0.03232,0.08401,0.01248,0.05114,0.00818,0.22963,0.00785,0.00711,0.00521,0.04031
0.01254,0.01777,0.02053,0.00715,0.00967,0.09181,0.01225,0.22681,0.00604,0.10782,0.01131,0.23190,0.08497,0.01564,0.00519,0.02546,0.00824,0.08302,0.00822,0.01366
0.00827,0.05163,0.05621,0.01701,0.00961,0.00711,0.11796,0.02987,0.02186,0.03045,0.16808,0.02542,0.16953,0.06061,0.06124,0.02947,0.00878,0.00507,0.00502,0.11680
0.01048,0.01012,0.01266,0.00407,0.00485,0.12963,0.07056,0.02395,0.00618,0.24073,0.00763,0.01915,0.13175,0.00432,0.00930,0.23268,0.00701,0.00405,0.00336,0.06751
0.05432,0.05313,0.05494,0.11242,0.01463,0.01250,0.01378,0.11295,0.01344,0.07777,0.10972,0.12236,0.01929,0.06114,0.00787,0.08688,0.01401,0.01146,0.00997,0.03744
0.00717,0.02694,0.10948,0.00649,0.00625,0.00384,0.21930,0.01236,0.00573,0.11623,0.00652,0.02512,0.00671,0.00679,0.00898,0.09825,0.01196,0.02013,0.08212,0.21965
0.02068,0.04161,0.04717,0.00761,0.01089,0.03015,0.01156,0.06772,0.01115,0.26642,0.04374,0.07352,0.06412,0.02387,0.00587,0.22378,0.00553,0.01815,0.01167,0.01478
0.01118,0.02957,0.02971,0.01842,0.01377,0.30564,0.06603,0.13179,0.02203,0.03080,0.00885,0.01542,0.17837,0.01092,0.00538,0.03022,0.00687,0.00461,0.01464,0.06578
0.09695,0.01275,0.00798,0.00364,0.00649,0.18923,0.00571,0.01253,0.00930,0.16583,0.01039,0.00848,0.19119,0.09015,0.00820,0.15681,0.00472,0.00508,0.00734,0.00725
0.00701,0.18805,0.20567,0.00481,0.00847,0.03758,0.00895,0.03834,0.00779,0.03562,0.00552,0.03041,0.04233,0.15730,0.14934,0.03085,0.01115,0.00857,0.01203,0.01022
0.01023,0.15149,0.16560,0.11195,0.00796,0.00951,0.01106,0.01619,0.10941,0.16201,0.00827,0.01510,0.00603,0.00395,0.00823,0.15361,0.01496,0.01530,0.00821,0.01091
0.01819,0.26351,0.22523,0.00365,0.06723,0.02521,0.01868,0.10048,0.00392,0.03118,0.00794,0.10243,0.01669,0.01185,0.00696,0.02527,0.02331,0.02185,0.00366,0.02274
0.00825,0.17973,0.18531,0.01140,0.00828,0.03550,0.01254,0.10997,0.00746,0.14771,0.01349,0.09453,0.01027,0.01092,0.00310,0.13712,0.00449,0.00585,0.00405,0.01002
0.00674,0.01389,0.01294,0.00547,0.00245,0.01124,0.21442,0.02286,0.00501,0.05362,0.00689,0.02551,0.00953,0.00508,0.00496,0.17497,0.02774,0.03694,0.00408,0.35566
0.00915,0.00809,0.00885,0.02432,0.00598,0.00887,0.30885,0.01705,0.01963,0.06652,0.03531,0.32120,0.03834,0.00873,0.00700,0.07256,0.00440,0.00406,0.00510,0.02601
0.00929,0.01207,0.01146,0.02290,0.01033,0.16107,0.03578,0.30535,0.02329,0.04913,0.04199,0.15379,0.04245,0.01329,0.00718,0.04707,0.01241,0.00669,0.00710,0.02736
0.01473,0.01455,0.00950,0.01019,0.01048,0.01074,0.05547,0.16393,0.01063,0.16175,0.01851,0.20703,0.01728,0.01233,0.02293,0.13497,0.02800,0.04909,0.00659,0.04132
0.01075,0.06404,0.05378,0.00893,0.01209,0.00762,0.01189,0.01739,0.00352,0.35314,0.01207,0.01881,0.01028,0.00375,0.00527,0.31139,0.01129,0.04767,0.00426,0.03208
0.00938,0.01293,0.01200,0.00450,0.00518,0.01145,0.00660,0.11667,0.00731,0.11809,0.09903,0.11166,0.10088,0.11011,0.09893,0.11046,0.01849,0.03031,0.00328,0.01275
0.00305,0.03205,0.01178,0.05356,0.02630,0.02111,0.00962,0.02429,0.00552,0.22171,0.16689,0.02033,0.14374,0.00603,0.00487,0.22007,0.00554,0.00413,0.00476,0.01467
0.00741,0.00939,0.01348,0.00728,0.29416,0.00652,0.00691,0.02190,0.01560,0.07608,0.05674,0.02363,0.05316,0.00498,0.00387,0.06719,0.29225,0.01465,0.01552,0.00926
0.01230,0.01951,0.09647,0.00634,0.00617,0.02199,0.02413,0.01633,0.01325,0.20570,0.09863,0.01721,0.10629,0.01231,0.01848,0.20044,0.00628,0.00845,0.08167,0.02805
0.00484,0.08124,0.08113,0.00399,0.01061,0.03279,0.05253,0.01955,0.04855,0.19969,0.01047,0.02144,0.03982,0.00426,0.00543,0.19734,0.00657,0.04873,0.03194,0.09908
0.01860,0.01496,0.16756,0.01396,0.00651,0.02765,0.02446,0.08075,0.01487,0.09569,0.04455,0.08346,0.05708,0.02800,0.01071,0.08664,0.01331,0.01579,0.15805,0.03741
0.00433,0.01876,0.01152,0.00538,0.01341,0.25169,0.12716,0.02663,0.00274,0.02907,0.03575,0.02017,0.25740,0.00511,0.00521,0.03292,0.00458,0.00640,0.00322,0.13854
0.01008,0.24923,0.05039,0.00565,0.22655,0.01333,0.00921,0.01885,0.00911,0.14770,0.01384,0.02114,0.01795,0.00805,0.01147,0.13291,0.00567,0.01878,0.02009,0.01002
0.00822,0.02879,0.02460,0.00770,0.02269,0.07112,0.08093,0.05027,0.01001,0.07298,0.02019,0.07432,0.07396,0.00973,0.00669,0.18837,0.01429,0.01756,0.01587,0.20172
0.00886,0.05002,0.04001,0.01659,0.04570,0.01028,0.21602,0.02595,0.02292,0.11245,0.00735,0.09405,0.00766,0.00488,0.00732,0.11827,0.01029,0.00726,0.02594,0.16817
0.00341,0.13824,0.30594,0.00627,0.00597,0.00736,0.00855,0.11177,0.00637,0.03606,0.02231,0.11051,0.01656,0.00352,0.00500,0.03097,0.00571,0.00736,0.15790,0.01022
0.00406,0.02570,0.02659,0.00444,0.00416,0.01588,0.13158,0.02534,0.00811,0.05278,0.23088,0.09694,0.23604,0.00369,0.00289,0.05313,0.00909,0.00832,0.00846,0.05192
0.01665,0.08761,0.08555,0.01429,0.00770,0.08642,0.19634,0.09857,0.00984,0.00880,0.06820,0.20567,0.06017,0.01358,0.00543,0.01155,0.00356,0.00398,0.00410,0.01199
0.01587,0.01787,0.02160,0.00450,0.00744,0.03362,0.04958,0.19210,0.00320,0.06428,0.01897,0.19841,0.04605,0.01567,0.00826,0.14256,0.00802,0.01038,0.00594,0.13568
0.16442,0.01211,0.01684,0.01273,0.02441,0.00919,0.03907,0.06924,0.00766,0.04157,0.08674,0.07872,0.09425,0.01775,0.16502,0.06074,0.01953,0.00608,0.01090,0.06301
0.00748,0.01850,0.01601,0.00884,0.00698,0.01570,0.03672,0.17654,0.00342,0.19175,0.04724,0.18663,0.05592,0.00472,0.00534,0.13165,0.00512,0.04884,0.00387,0.02870
0.00776,0.14743,0.13719,0.00249,0.00834,0.11681,0.09411,0.09021,0.02040,0.04624,0.05006,0.03123,0.07909,0.01044,0.00471,0.03694,0.00663,0.01720,0.01309,0.07962
0.00670,0.01779,0.00883,0.02406,0.01585,0.04499,0.02150,0.16660,0.00649,0.17292,0.03254,0.14749,0.03674,0.00561,0.00554,0.14383,0.04381,0.06235,0.00909,0.02729
0.02340,0.02212,0.03371,0.00986,0.00891,0.01414,0.01440,0.04455,0.01573,0.32167,0.01549,0.04435,0.01489,0.03092,0.00918,0.07463,0.00820,0.25466,0.02161,0.01758
0.00386,0.02100,0.02144,0.02302,0.00639,0.01423,0.14592,0.24019,0.03141,0.01917,0.00602,0.26670,0.01430,0.00386,0.00431,0.01756,0.00422,0.00314,0.01429,0.13897
0.00995,0.01856,0.05772,0.03158,0.00682,0.02222,0.16661,0.01109,0.01355,0.15624,0.05033,0.08500,0.06842,0.01134,0.01288,0.14883,0.00655,0.00570,0.02826,0.08837
0.00572,0.03033,0.03539,0.01900,0.00849,0.00666,0.01624,0.15692,0.00571,0.21429,0.03643,0.16097,0.03000,0.00641,0.01213,0.20605,0.00909,0.01138,0.00858,0.02021
0.00823,0.03595,0.02841,0.02499,0.01502,0.07987,0.07526,0.13210,0.00977,0.11948,0.08365,0.05715,0.07261,0.02713,0.02150,0.11604,0.01214,0.00416,0.00716,0.06940
0.00547,0.01152,0.00868,0.01242,0.00945,0.06473,0.21259,0.18871,0.00553,0.03192,0.01473,0.14245,0.01517,0.00443,0.00333,0.02824,0.00538,0.00810,0.00490,0.22226
0.01378,0.09711,0.09259,0.02329,0.01944,0.00648,0.06563,0.09808,0.02299,0.04150,0.13139,0.09232,0.12564,0.00852,0.01227,0.04035,0.00567,0.01025,0.02384,0.06887
0.00558,0.01376,0.09864,0.00462,0.00890,0.07434,0.27363,0.01391,0.00371,0.01131,0.01070,0.01359,0.07293,0.00581,0.00865,0.01225,0.00418,0.00482,0.08540,0.27325
0.00797,0.01789,0.01394,0.01768,0.00962,0.01993,0.22185,0.01929,0.03054,0.13025,0.04024,0.01597,0.05215,0.00644,0.00786,0.13184,0.00756,0.00488,0.01886,0.22524
0.00757,0.04989,0.03870,0.00862,0.24191,0.03017,0.01663,0.04105,0.03599,0.06295,0.01347,0.04503,0.03431,0.00961,0.01290,0.05744,0.23707,0.01789,0.02436,0.01445
0.01084,0.19467,0.20536,0.05594,0.00873,0.01206,0.03244,0.10568,0.01010,0.03285,0.05140,0.11935,0.02973,0.01687,0.01415,0.03248,0.00808,0.01019,0.01630,0.03277
0.00700,0.05724,0.02789,0.00974,0.00603,0.07497,0.18715,0.02546,0.00745,0.13851,0.00932,0.02504,0.08209,0.00445,0.00431,0.13425,0.00598,0.00637,0.00541,0.18136
0.00658,0.01588,0.01232,0.07317,0.01327,0.06809,0.08244,0.11345,0.00334,0.10331,0.09620,0.11772,0.08572,0.00795,0.00405,0.09407,0.00755,0.00523,0.00457,0.08511
0.02278,0.03715,0.04131,0.02236,0.01196,0.00835,0.09843,0.01787,0.00609,0.21824,0.03627,0.10561,0.03131,0.00611,0.03199,0.23188,0.01100,0.00952,0.00676,0.04502
0.00360,0.01416,0.01815,0.07393,0.00598,0.13259,0.04103,0.04174,0.09467,0.16635,0.00901,0.03596,0.12903,0.00468,0.00483,0.15712,0.00641,0.00806,0.01430,0.03840
0.00477,0.01661,0.01381,0.00348,0.00404,0.01429,0.06329,0.13917,0.00370,0.12753,0.13007,0.13629,0.14310,0.00709,0.00618,0.12097,0.00517,0.00573,0.00192,0.05280
0.01110,0.01435,0.00951,0.00507,0.01789,0.23266,0.05125,0.28396,0.00724,0.08255,0.00775,0.10867,0.01411,0.00495,0.01060,0.07883,0.02385,0.01434,0.00458,0.01674
0.00508,0.01805,0.01223,0.00765,0.00687,0.14077,0.02203,0.17424,0.01248,0.11070,0.00752,0.17374,0.13175,0.00424,0.00417,0.09059,0.01521,0.03359,0.00663,0.02246
0.02124,0.02234,0.01808,0.00606,0.00687,0.03646,0.01568,0.06142,0.00851,0.08611,0.01291,0.06548,0.04069,0.02092,0.00496,0.03871,0.24206,0.26734,0.00756,0.01659
0.02093,0.03445,0.03205,0.03282,0.02666,0.12055,0.16461,0.02278,0.05109,0.02062,0.05239,0.01366,0.14887,0.01300,0.01373,0.02151,0.02303,0.00863,0.01940,0.15923
0.00794,0.02170,0.01312,0.00520,0.02157,0.00879,0.20821,0.03289,0.01013,0.11167,0.01210,0.03587,0.01621,0.06276,0.06687,0.02223,0.01749,0.10285,0.00834,0.21406
0.01389,0.03073,0.02615,0.09682,0.01333,0.02724,0.02283,0.16816,0.09374,0.10243,0.01785,0.17656,0.02459,0.01526,0.01450,0.01882,0.01115,0.08935,0.01194,0.02467
0.07090,0.01576,0.01458,0.00961,0.04721,0.03427,0.03374,0.06367,0.01325,0.03546,0.14738,0.05550,0.16960,0.05689,0.03808,0.03204,0.07535,0.04263,0.01314,0.03095
0.02091,0.11664,0.11016,0.02364,0.00988,0.02293,0.01577,0.08682,0.01724,0.01275,0.18694,0.07875,0.20237,0.02324,0.01369,0.01174,0.01403,0.01062,0.00481,0.01707
0.00965,0.11849,0.11945,0.18585,0.01516,0.00934,0.04476,0.01803,0.00797,0.07235,0.18471,0.04473,0.00940,0.00892,0.01174,0.06288,0.02393,0.02327,0.00492,0.02445
0.01458,0.01482,0.01320,0.00722,0.00654,0.17731,0.00506,0.24417,0.00712,0.01964,0.01126,0.24045,0.17300,0.00562,0.01079,0.02248,0.00666,0.00593,0.00771,0.00645
0.00681,0.01773,0.02553,0.01294,0.00245,0.03829,0.01345,0.03676,0.01594,0.13627,0.22955,0.03132,0.26307,0.00414,0.00426,0.13472,0.00328,0.00602,0.00429,0.01318
0.02116,0.04041,0.02845,0.00964,0.01745,0.01369,0.08196,0.13776,0.00583,0.17258,0.00996,0.17897,0.00949,0.01289,0.01124,0.17138,0.00603,0.00765,0.00264,0.06084
0.01027,0.02706,0.02800,0.00778,0.05716,0.00620,0.01097,0.33580,0.01112,0.02037,0.01488,0.34181,0.01540,0.00369,0.00781,0.01831,0.05065,0.00767,0.00693,0.01813
0.00723,0.01046,0.00914,0.02059,0.00707,0.00335,0.24533,0.06824,0.00643,0.09203,0.01865,0.30416,0.00463,0.00804,0.00813,0.08251,0.03933,0.05383,0.00285,0.00798
0.05670,0.00710,0.00964,0.00697,0.02015,0.10697,0.01952,0.15194,0.00538,0.11319,0.01131,0.15670,0.10584,0.01126,0.04154,0.12148,0.00969,0.00872,0.00713,0.02877
0.17603,0.04855,0.04681,0.00556,0.00743,0.00647,0.01971,0.05849,0.00602,0.10012,0.06276,0.05864,0.07442,0.00592,0.17308,0.09509,0.01129,0.01163,0.01074,0.02126
0.07773,0.01198,0.01475,0.01278,0.21384,0.00948,0.03201,0.01394,0.01267,0.09530,0.01789,0.01550,0.00897,0.09070,0.01270,0.08449,0.21267,0.02591,0.00296,0.03373
0.08213,0.01425,0.07566,0.00548,0.02739,0.00641,0.01042,0.01251,0.00511,0.28400,0.01218,0.01197,0.01274,0.00616,0.07491,0.27000,0.02388,0.00717,0.04658,0.01103
0.03104,0.12533,0.13369,0.09583,0.00768,0.01539,0.05584,0.02569,0.07525,0.12311,0.04959,0.02729,0.02498,0.00639,0.01812,0.11427,0.00613,0.00594,0.01183,0.04658
0.01157,0.04056,0.04183,0.00990,0.01851,0.00863,0.07627,0.23085,0.01363,0.08077,0.00657,0.24201,0.00883,0.00910,0.01824,0.06607,0.01384,0.01093,0.01898,0.07291
0.01906,0.04997,0.02249,0.04503,0.06477,0.01177,0.06946,0.03177,0.02199,0.20552,0.04595,0.03139,0.02005,0.01827,0.00548,0.15165,0.03540,0.05460,0.01503,0.08035
0.00500,0.01224,0.01654,0.00612,0.00489,0.03352,0.16168,0.15698,0.00928,0.09908,0.00963,0.29920,0.03337,0.00493,0.00287,0.08089,0.00405,0.01753,0.01300,0.02918
0.01408,0.04284,0.00696,0.03375,0.02814,0.06582,0.01183,0.11918,0.03025,0.13843,0.08509,0.11081,0.13412,0.01084,0.00536,0.13059,0.00375,0.00879,0.00300,0.01637
0.01014,0.01594,0.01867,0.01143,0.00656,0.01045,0.01571,0.09800,0.01276,0.04704,0.19903,0.09272,0.20210,0.08352,0.07446,0.03022,0.01614,0.02706,0.00886,0.01917
0.01559,0.02728,0.01578,0.01864,0.03361,0.01800,0.01954,0.07923,0.11443,0.18616,0.02092,0.08060,0.02675,0.00860,0.00848,0.17505,0.00829,0.01055,0.10930,0.02321
0.00937,0.02567,0.02182,0.08552,0.02091,0.01459,0.04453,0.02056,0.00611,0.21485,0.14723,0.01970,0.08701,0.00789,0.00675,0.19035,0.00966,0.01381,0.00655,0.04713
0.01779,0.01083,0.01262,0.00992,0.00464,0.04545,0.18056,0.08700,0.00731,0.12530,0.02161,0.09329,0.03899,0.02414,0.00344,0.11780,0.00547,0.00676,0.00844,0.17865
0.01551,0.03244,0.02918,0.00585,0.01106,0.00541,0.02613,0.12087,0.00464,0.18010,0.02935,0.11880,0.01807,0.02354,0.01482,0.16347,0.08612,0.08358,0.00295,0.02811
0.00950,0.01652,0.01360,0.00402,0.01147,0.00745,0.10273,0.04001,0.01536,0.26499,0.00779,0.03676,0.00969,0.02661,0.04155,0.25467,0.00524,0.01511,0.01284,0.10409
0.01208,0.02776,0.03427,0.08153,0.01055,0.03231,0.02530,0.06466,0.01363,0.09868,0.22893,0.05089,0.15582,0.01031,0.00779,0.09905,0.00379,0.00534,0.01012,0.02721
0.00593,0.01445,0.00796,0.01004,0.01042,0.02896,0.22883,0.03191,0.00968,0.05207,0.12602,0.07207,0.13733,0.00343,0.00415,0.05406,0.00273,0.00472,0.00357,0.19167
0.02661,0.08662,0.07288,0.06610,0.03679,0.02407,0.04719,0.11907,0.02604,0.07614,0.07385,0.11424,0.01783,0.02664,0.00680,0.07763,0.01712,0.01572,0.01837,0.05028
0.01370,0.01080,0.01422,0.00727,0.00686,0.01152,0.23270,0.11385,0.00894,0.06475,0.00980,0.16309,0.01758,0.01922,0.00587,0.01352,0.00873,0.05107,0.01206,0.21446
0.03443,0.01344,0.00920,0.00561,0.01794,0.00940,0.12652,0.17501,0.00648,0.09493,0.01050,0.17879,0.01132,0.00872,0.02673,0.09828,0.01703,0.00399,0.00296,0.14872
0.02628,0.04965,0.04957,0.01600,0.00829,0.01171,0.07833,0.08878,0.01181,0.10754,0.05731,0.11406,0.05066,0.03807,0.02241,0.14248,0.01855,0.01324,0.00832,0.08694
0.01140,0.16772,0.17333,0.00443,0.01747,0.06895,0.03903,0.12281,0.01291,0.03969,0.00770,0.11997,0.08037,0.01402,0.00410,0.03987,0.01342,0.00723,0.01396,0.04162
0.01389,0.26668,0.27369,0.00505,0.00468,0.10985,0.04137,0.01626,0.00559,0.03151,0.00593,0.01838,0.10405,0.01171,0.01207,0.02672,0.00517,0.00578,0.00321,0.03841
0.01307,0.00897,0.01238,0.18795,0.00913,0.07918,0.01098,0.06818,0.18933,0.09707,0.02616,0.06975,0.08468,0.01965,0.01123,0.08357,0.00616,0.00775,0.00740,0.00739
0.24774,0.07826,0.07010,0.00955,0.00818,0.04692,0.02975,0.05521,0.00901,0.02654,0.01514,0.01796,0.02765,0.24673,0.01266,0.03274,0.00695,0.00724,0.00503,0.04664
0.03290,0.02131,0.02186,0.01404,0.01222,0.00851,0.01451,0.16233,0.01964,0.14352,0.06412,0.16954,0.06153,0.02521,0.04331,0.13021,0.00948,0.01068,0.01853,0.01655
0.02635,0.19269,0.20249,0.01752,0.00775,0.01488,0.05666,0.02313,0.02881,0.13098,0.01919,0.02472,0.01860,0.01348,0.02007,0.12756,0.00554,0.00502,0.01623,0.04831
0.01409,0.02226,0.01897,0.01184,0.00667,0.19662,0.01080,0.19865,0.01693,0.10940,0.01303,0.10757,0.10402,0.01797,0.01453,0.09833,0.01152,0.01155,0.00414,0.01111
0.00616,0.02565,0.02719,0.01586,0.00492,0.12626,0.01819,0.02719,0.01977,0.20303,0.06861,0.02958,0.17734,0.01245,0.00708,0.17677,0.00828,0.02269,0.00604,0.01693
0.03351,0.02027,0.01856,0.01487,0.00809,0.06233,0.02222,0.21311,0.02028,0.02064,0.07381,0.20981,0.13018,0.04795,0.01033,0.02563,0.00966,0.01381,0.01451,0.03044
0.00921,0.02430,0.14036,0.00686,0.01363,0.06290,0.01257,0.03482,0.01074,0.20302,0.01125,0.02503,0.03317,0.00428,0.00725,0.20321,0.01096,0.01264,0.12937,0.04441
0.00811,0.09271,0.09091,0.05351,0.00958,0.00626,0.07171,0.01509,0.04998,0.23568,0.02203,0.01197,0.01274,0.00597,0.00286,0.22306,0.00723,0.00602,0.00441,0.07019
0.00549,0.01009,0.00870,0.00306,0.00906,0.00472,0.13866,0.00970,0.00584,0.31707,0.00462,0.14956,0.00657,0.00334,0.00568,0.29438,0.00516,0.00432,0.00667,0.00730
0.02451,0.02076,0.01591,0.01308,0.02101,0.01848,0.02540,0.23972,0.02169,0.09212,0.01806,0.24737,0.02246,0.03517,0.02001,0.08484,0.02831,0.01732,0.00966,0.02411
0.01064,0.03133,0.05006,0.00731,0.01282,0.01461,0.05664,0.02693,0.00704,0.20442,0.06933,0.03224,0.07855,0.04244,0.04102,0.17534,0.02656,0.03897,0.01871,0.05504
0.06570,0.01169,0.01579,0.00792,0.01254,0.00935,0.13109,0.10378,0.02570,0.13283,0.01411,0.10854,0.01539,0.01283,0.04235,0.12855,0.00801,0.00555,0.01822,0.13006
0.00674,0.08575,0.12236,0.01588,0.02060,0.00788,0.01854,0.20201,0.01044,0.05233,0.06405,0.20109,0.05910,0.01459,0.01271,0.04117,0.00350,0.00622,0.03552,0.01951
0.00630,0.41349,0.42876,0.00248,0.02351,0.00895,0.00604,0.00916,0.00675,0.00891,0.00242,0.00696,0.00635,0.00310,0.00614,0.00768,0.03216,0.01084,0.00459,0.00542
0.05485,0.05700,0.04684,0.00480,0.01258,0.01312,0.01346,0.02769,0.00737,0.01624,0.00836,0.03331,0.02021,0.05067,0.00424,0.30385,0.00413,0.00295,0.00576,0.31257
0.00721,0.02265,0.02154,0.29338,0.00869,0.07664,0.00982,0.03350,0.28941,0.02059,0.02063,0.03363,0.07966,0.01802,0.01630,0.01409,0.00687,0.00713,0.00916,0.01106
0.00668,0.02739,0.02787,0.00989,0.02033,0.01198,0.01092,0.08734,0.01510,0.25611,0.04075,0.09223,0.04380,0.01185,0.01558,0.21206,0.02758,0.04108,0.02028,0.02117
0.01395,0.01476,0.00858,0.00587,0.12533,0.14933,0.01979,0.05570,0.00847,0.03366,0.08668,0.05164,0.20818,0.01061,0.02053,0.03515,0.11972,0.00632,0.00508,0.02065
0.18114,0.02319,0.00906,0.02675,0.02287,0.01888,0.01740,0.11063,0.02351,0.04303,0.06569,0.11075,0.08165,0.17846,0.00684,0.03212,0.01131,0.01535,0.00652,0.01487
0.17349,0.01007,0.01078,0.01445,0.01110,0.00597,0.01044,0.13814,0.00984,0.04917,0.01374,0.13930,0.00800,0.17441,0.01987,0.11580,0.00605,0.00756,0.00433,0.07747
0.00784,0.06254,0.03940,0.00891,0.01859,0.03407,0.24417,0.00795,0.07753,0.03777,0.01958,0.12891,0.05782,0.00548,0.00586,0.03882,0.00750,0.01665,0.04596,0.13468
0.00761,0.13904,0.13695,0.00794,0.01038,0.00635,0.01228,0.03064,0.00738,0.13879,0.13902,0.04083,0.14294,0.00600,0.00927,0.03219,0.01059,0.11034,0.00535,0.00610
0.01021,0.10303,0.00973,0.01074,0.10463,0.01504,0.01792,0.01711,0.01448,0.30772,0.01288,0.01825,0.01521,0.00416,0.00489,0.29766,0.00299,0.00416,0.01208,0.01712
0.00714,0.02234,0.19891,0.02208,0.00288,0.03036,0.05292,0.01734,0.01977,0.16430,0.00682,0.02509,0.02947,0.00606,0.00820,0.13731,0.00474,0.02148,0.18206,0.04072
0.00783,0.11176,0.10929,0.00558,0.00790,0.02657,0.00616,0.05613,0.13911,0.10298,0.02579,0.03182,0.02450,0.00795,0.00752,0.08618,0.04946,0.06169,0.12490,0.00691
0.00865,0.04072,0.03351,0.00773,0.01024,0.01411,0.04059,0.21579,0.00784,0.05818,0.02730,0.22179,0.03579,0.01636,0.00565,0.10959,0.01441,0.01426,0.00525,0.11224
0.04778,0.01231,0.01481,0.00698,0.01276,0.01620,0.20400,0.02153,0.00570,0.13093,0.02345,0.02445,0.03152,0.02859,0.02724,0.11965,0.01523,0.02859,0.00824,0.22003
0.00532,0.15434,0.10823,0.04210,0.06429,0.01944,0.01682,0.06986,0.01543,0.15083,0.03987,0.07780,0.01728,0.00965,0.01283,0.13906,0.01953,0.01722,0.01066,0.00943
0.01924,0.01258,0.00950,0.01067,0.00819,0.01198,0.01174,0.01944,0.00689,0.23386,0.01676,0.02292,0.02208,0.16554,0.17591,0.18909,0.01102,0.03421,0.00777,0.01060
0.00370,0.17276,0.02493,0.10566,0.15222,0.00715,0.03803,0.10334,0.00925,0.04362,0.10193,0.12387,0.01302,0.00513,0.00468,0.03527,0.00763,0.00912,0.01205,0.02662
0.00982,0.03903,0.01783,0.02208,0.03627,0.01036,0.03341,0.07160,0.01184,0.12632,0.11591,0.08410,0.12209,0.02458,0.03098,0.08599,0.02506,0.07768,0.00709,0.04797
0.00805,0.04692,0.03481,0.01293,0.02463,0.03396,0.03375,0.08725,0.03520,0.21003,0.03011,0.09141,0.03952,0.02644,0.03186,0.19329,0.01118,0.00725,0.02402,0.01737
0.12373,0.02617,0.02120,0.00437,0.22665,0.00858,0.01260,0.02773,0.00553,0.05129,0.02427,0.03055,0.02400,0.10563,0.01437,0.05076,0.21423,0.00806,0.00570,0.01459
0.00452,0.02875,0.00699,0.00983,0.04102,0.01670,0.01529,0.03502,0.00850,0.37125,0.02204,0.02271,0.02405,0.00413,0.00583,0.35516,0.00388,0.00608,0.00286,0.01538
0.03072,0.06146,0.01321,0.00992,0.06484,0.01817,0.11880,0.04599,0.00863,0.17397,0.02224,0.08223,0.02220,0.00611,0.02911,0.17972,0.01588,0.00964,0.00568,0.08147
0.00753,0.06753,0.09234,0.01108,0.02019,0.01571,0.05345,0.13506,0.00341,0.06761,0.09296,0.13380,0.09517,0.01747,0.02118,0.06816,0.01403,0.00899,0.02159,0.05272
0.01709,0.01227,0.01493,0.00645,0.00831,0.01055,0.06592,0.18929,0.00852,0.03782,0.14448,0.20528,0.14858,0.00402,0.00869,0.02995,0.01325,0.01866,0.00780,0.04815
0.00878,0.06863,0.06690,0.00991,0.00866,0.02978,0.00989,0.10522,0.00706,0.24016,0.01946,0.10278,0.04160,0.00665,0.00518,0.23056,0.00836,0.00714,0.00347,0.01982
0.02182,0.04846,0.02000,0.00723,0.04482,0.10890,0.01189,0.06428,0.00566,0.17921,0.02602,0.06334,0.11782,0.01412,0.01087,0.16840,0.03216,0.03613,0.00834,0.01055
0.01716,0.04086,0.05178,0.00804,0.00613,0.00470,0.15206,0.17504,0.01610,0.05322,0.02183,0.16857,0.02585,0.00533,0.02245,0.05359,0.00727,0.00633,0.01385,0.14985
0.00855,0.01145,0.00775,0.00777,0.00946,0.01092,0.02266,0.22600,0.00534,0.09058,0.02896,0.23566,0.02828,0.01610,0.01158,0.08298,0.07669,0.08997,0.00411,0.02519
0.00297,0.06196,0.05700,0.16582,0.00673,0.00661,0.22418,0.01065,0.16577,0.01165,0.00820,0.00791,0.00672,0.00571,0.00360,0.01528,0.00398,0.00408,0.00494,0.22623
0.00824,0.04156,0.04538,0.00661,0.00740,0.12926,0.09366,0.13697,0.07013,0.03921,0.05870,0.05094,0.07002,0.01396,0.01243,0.03554,0.01150,0.01454,0.07272,0.08123
0.22673,0.03828,0.03430,0.01745,0.09182,0.01535,0.01421,0.01512,0.00897,0.05703,0.02666,0.01897,0.03432,0.00778,0.22603,0.05673,0.09118,0.00325,0.00389,0.01192
0.00829,0.17913,0.17744,0.01153,0.01280,0.01784,0.04859,0.16191,0.03731,0.02468,0.00795,0.15625,0.01170,0.01078,0.01587,0.02524,0.01302,0.00916,0.02635,0.04416
0.03007,0.01309,0.01458,0.02097,0.00835,0.01114,0.04862,0.07356,0.02336,0.25201,0.01323,0.07871,0.01343,0.04543,0.04490,0.20311,0.01923,0.03311,0.00860,0.04450
0.04309,0.08168,0.08029,0.01038,0.00558,0.07043,0.02096,0.03149,0.03868,0.18102,0.03785,0.04288,0.08809,0.03676,0.00394,0.16632,0.00886,0.01331,0.02959,0.00880
0.01612,0.11693,0.01793,0.01139,0.10964,0.00697,0.09293,0.01510,0.00722,0.21597,0.01741,0.02704,0.01128,0.00347,0.00754,0.20963,0.00598,0.00564,0.00614,0.09567
0.01342,0.01461,0.01603,0.00588,0.00789,0.01589,0.12778,0.01705,0.00783,0.11493,0.14841,0.01635,0.15465,0.01486,0.01213,0.13508,0.00655,0.01053,0.00655,0.15358
0.01177,0.02282,0.01059,0.00807,0.02242,0.30084,0.03587,0.32209,0.02649,0.04428,0.00782,0.04184,0.00781,0.00335,0.00661,0.04804,0.00613,0.00564,0.03316,0.03436
0.00835,0.00870,0.00892,0.01893,0.00806,0.04446,0.20828,0.13330,0.00394,0.02637,0.02384,0.12837,0.04422,0.03911,0.03240,0.02839,0.00741,0.00466,0.00324,0.21903
0.00896,0.04715,0.03235,0.00851,0.02390,0.01724,0.05385,0.17719,0.07889,0.08013,0.01361,0.17301,0.01037,0.00839,0.00617,0.08192,0.01116,0.01160,0.08982,0.06578
0.02012,0.00914,0.00762,0.02484,0.00992,0.11989,0.04748,0.15563,0.00944,0.06912,0.06175,0.14725,0.15266,0.02392,0.00870,0.05785,0.01318,0.01999,0.00413,0.03738
0.01236,0.13980,0.09378,0.04307,0.06904,0.09991,0.02368,0.07314,0.01115,0.06525,0.05071,0.06134,0.09555,0.00324,0.00782,0.06973,0.01006,0.03109,0.00856,0.03072
0.01836,0.02111,0.01876,0.01641,0.19840,0.01699,0.06082,0.10652,0.02161,0.02695,0.01731,0.10506,0.01454,0.02413,0.01442,0.03080,0.19654,0.00633,0.01347,0.07147
0.02224,0.01432,0.01403,0.00810,0.00660,0.00714,0.27026,0.02595,0.00591,0.03635,0.07750,0.17297,0.08357,0.02153,0.02542,0.03106,0.01250,0.02695,0.00844,0.12916
0.00684,0.00832,0.00589,0.00736,0.16112,0.00673,0.01413,0.02117,0.00398,0.24920,0.01274,0.02440,0.00998,0.00491,0.00491,0.15976,0.16623,0.10524,0.00418,0.02289
0.00441,0.00722,0.02379,0.00565,0.00640,0.03937,0.21743,0.01256,0.00567,0.04728,0.02004,0.01256,0.04897,0.00628,0.00677,0.06337,0.10320,0.10493,0.01484,0.24927
0.09001,0.01883,0.01802,0.00894,0.14190,0.04904,0.01501,0.02044,0.00758,0.07309,0.08499,0.02821,0.12357,0.00644,0.07833,0.07024,0.13587,0.01123,0.00635,0.01191
0.07856,0.02420,0.01707,0.00988,0.01875,0.01347,0.01268,0.02375,0.00996,0.01994,0.09386,0.02039,0.09626,0.09396,0.03728,0.01762,0.19779,0.18840,0.01211,0.01407
0.00526,0.01522,0.01432,0.05294,0.00984,0.01533,0.01911,0.04638,0.00826,0.15036,0.15133,0.06112,0.11121,0.02510,0.01232,0.13971,0.06294,0.07135,0.01125,0.01666
0.06817,0.21544,0.21522,0.00599,0.01601,0.07440,0.03682,0.04205,0.00534,0.01205,0.03513,0.04195,0.08824,0.05715,0.00410,0.02234,0.00492,0.00577,0.00186,0.04705
