0.04421,0.06319,0.40374,0.48886
0.03431,0.04680,0.41776,0.50113
0.04654,0.06287,0.39129,0.49931
0.03153,0.04395,0.39259,0.53192
0.04466,0.06759,0.41323,0.47451
0.02960,0.04231,0.38317,0.54491
0.03205,0.04458,0.47155,0.45182
0.04149,0.05922,0.36180,0.53750
0.04278,0.06251,0.44749,0.44721
0.04819,0.07184,0.43785,0.44212
0.04183,0.06876,0.44129,0.44813
0.02909,0.04119,0.37567,0.55405
0.04016,0.05603,0.42028,0.48353
0.03606,0.04802,0.41804,0.49787
0.03885,0.05546,0.38998,0.51570
0.04500,0.06679,0.34665,0.54156
0.03895,0.05637,0.41094,0.49374
0.03617,0.05238,0.46510,0.44634
0.04241,0.06712,0.38742,0.50304
0.03618,0.05263,0.45510,0.45609
0.04259,0.06472,0.34912,0.54358
0.04477,0.07056,0.40027,0.48440
0.03882,0.05481,0.37044,0.53593
0.03889,0.05300,0.42347,0.48464
0.03605,0.05126,0.45351,0.45919
0.04353,0.06183,0.50688,0.38775
0.03444,0.05207,0.48386,0.42963
0.05183,0.07937,0.42247,0.44634
0.03374,0.04799,0.47029,0.44798
0.03160,0.04547,0.42845,0.49448
0.05346,0.08467,0.41394,0.44793
0.04308,0.06284,0.36750,0.52657
0.03335,0.04735,0.34989,0.56941
0.03721,0.05617,0.39856,0.50806
0.04054,0.05779,0.43349,0.46817
0.04267,0.06268,0.44007,0.45459
0.03242,0.04141,0.49575,0.43042
0.03278,0.04843,0.42428,0.49451
0.03914,0.05701,0.49427,0.40959
0.03335,0.04728,0.39514,0.52423
0.03223,0.04584,0.43038,0.49156
0.03541,0.04739,0.38749,0.52972
0.02840,0.03863,0.44450,0.48848
0.03690,0.05265,0.36740,0.54305
0.03655,0.05477,0.38770,0.52097
0.03338,0.04742,0.42236,0.49684
0.04157,0.06585,0.30674,0.58584
0.03536,0.05433,0.45270,0.45761
0.03907,0.05601,0.47578,0.42913
0.04369,0.06222,0.42734,0.46675
0.04035,0.05522,0.45667,0.44776
0.04099,0.05876,0.39922,0.50103
0.03011,0.04261,0.41969,0.50759
0.03630,0.05355,0.40150,0.50866
0.02821,0.03931,0.36399,0.56849
0.03236,0.04523,0.32853,0.59388
0.04465,0.07153,0.46187,0.42195
0.04351,0.06301,0.40518,0.48831
0.04171,0.05998,0.45234,0.44597
0.02961,0.03949,0.31593,0.61498
0.03744,0.04933,0.44889,0.46435
0.03872,0.05392,0.45578,0.45159
0.03904,0.05565,0.40691,0.49840
0.03678,0.04987,0.46713,0.44622
0.03454,0.05024,0.45134,0.46388
0.03590,0.05050,0.46565,0.44794
0.03824,0.05969,0.42277,0.47930
0.03354,0.04724,0.38693,0.53228
0.04781,0.07140,0.42409,0.45670
0.03754,0.05303,0.40538,0.50406
0.03496,0.05409,0.47689,0.43407
0.04136,0.06271,0.32992,0.56601
0.02885,0.03816,0.42077,0.51222
0.03055,0.04262,0.41860,0.50824
0.04501,0.06400,0.40261,0.48838
0.04262,0.05782,0.53752,0.36204
0.03530,0.04936,0.49043,0.42491
0.03662,0.04710,0.39791,0.51837
0.03482,0.05193,0.36079,0.55245
0.04082,0.05899,0.43042,0.46977
0.03509,0.05225,0.38193,0.53073
0.03869,0.05378,0.43328,0.47426
0.03296,0.04255,0.38880,0.53569
0.03184,0.04381,0.40109,0.52327
0.03332,0.04787,0.42344,0.49538
0.03150,0.04196,0.39521,0.53134
0.03536,0.04902,0.43264,0.48298
0.03895,0.05599,0.42795,0.47711
0.03702,0.05127,0.34595,0.56576
0.03517,0.04667,0.48453,0.43363
0.03351,0.04620,0.54512,0.37517
0.04197,0.06230,0.37659,0.51913
0.03733,0.05493,0.45060,0.45715
0.03197,0.04768,0.47237,0.44798
0.03640,0.04945,0.43381,0.48034
0.04040,0.05380,0.49368,0.41213
0.04706,0.07039,0.38063,0.50192
0.03807,0.05659,0.42906,0.47628
0.03838,0.05571,0.44060,0.46531
0.04218,0.05897,0.46108,0.43777
0.03876,0.05597,0.46686,0.43841
0.03386,0.04558,0.41476,0.50581
0.03531,0.04971,0.39112,0.52386
0.04998,0.07309,0.38224,0.49469
0.03566,0.04775,0.40362,0.51298
0.03998,0.05721,0.44986,0.45295
0.04700,0.07499,0.40024,0.47777
0.03753,0.05359,0.43704,0.47184
0.03242,0.04408,0.42328,0.50022
0.03840,0.05596,0.50422,0.40143
0.04939,0.08067,0.42007,0.44987
0.03618,0.05116,0.48236,0.43029
0.03972,0.05729,0.36694,0.53605
0.03463,0.04762,0.43549,0.48226
0.03526,0.04817,0.47459,0.44198
0.03625,0.05034,0.37819,0.53523
0.03593,0.05243,0.37170,0.53994
0.04043,0.05498,0.37080,0.53378
0.03446,0.04987,0.44426,0.47140
0.04328,0.06309,0.48698,0.40666
0.03961,0.05752,0.42862,0.47425
0.03144,0.04157,0.45070,0.47630
0.04720,0.06923,0.36873,0.51483
0.03944,0.06047,0.52192,0.37818
0.02841,0.03983,0.32909,0.60267
0.03781,0.05512,0.53059,0.37648
0.03594,0.05454,0.44416,0.46536
0.02933,0.03900,0.45124,0.48043
0.03957,0.05574,0.42063,0.48406
0.04351,0.06767,0.40843,0.48039
0.03683,0.05170,0.37168,0.53979
0.03660,0.05133,0.45085,0.46123
0.03183,0.04330,0.33784,0.58703
0.03927,0.05586,0.41537,0.48950
0.04667,0.06734,0.45428,0.43171
0.03835,0.05588,0.46305,0.44273
0.03657,0.05204,0.42764,0.48374
0.03432,0.04867,0.48220,0.43481
0.04417,0.06489,0.48642,0.40452
0.03531,0.05168,0.39740,0.51561
0.03877,0.05114,0.49116,0.41894
0.04418,0.06293,0.44914,0.44375
0.05450,0.08144,0.41014,0.45392
0.03426,0.04580,0.43676,0.48318
0.03664,0.04745,0.42522,0.49069
0.03483,0.05468,0.41350,0.49699
0.04111,0.05804,0.45801,0.44284
0.04166,0.05954,0.46855,0.43024
0.04416,0.06641,0.36630,0.52313
0.03001,0.04145,0.40522,0.52332
0.04910,0.06419,0.35930,0.52740
0.03615,0.04910,0.45679,0.45796
0.03136,0.04488,0.32438,0.59937
0.04010,0.05734,0.43047,0.47209
0.03477,0.04726,0.41816,0.49981
0.03721,0.05455,0.51754,0.39069
0.03160,0.04577,0.42378,0.49885
0.04099,0.06150,0.41403,0.48348
0.03059,0.04456,0.46561,0.45923
0.04374,0.06131,0.37158,0.52337
0.04825,0.07862,0.42296,0.45017
0.03808,0.05009,0.42845,0.48338
0.04163,0.06214,0.39099,0.50524
0.03328,0.04698,0.39667,0.52307
0.03953,0.06054,0.47620,0.42373
0.03527,0.04813,0.38944,0.52717
0.03838,0.04898,0.43458,0.47807
0.04338,0.06271,0.40188,0.49202
0.04443,0.06733,0.43218,0.45607
0.03367,0.04564,0.40474,0.51595
0.03354,0.04646,0.41658,0.50342
0.04260,0.05899,0.43227,0.46614
0.02865,0.03713,0.40524,0.52899
0.04798,0.07032,0.39036,0.49134
0.04539,0.06750,0.43981,0.44729
0.03930,0.05658,0.37492,0.52920
0.03372,0.04707,0.46219,0.45702
0.03936,0.05581,0.45291,0.45191
0.03213,0.04580,0.41559,0.50648
0.03054,0.04176,0.35881,0.56889
0.03290,0.04731,0.42802,0.49177
0.03920,0.06073,0.32851,0.57156
0.03823,0.05295,0.53046,0.37835
0.03618,0.05116,0.39817,0.51449
0.03622,0.04780,0.46083,0.45516
0.04521,0.06971,0.38980,0.49527
0.03353,0.04762,0.40343,0.51542
0.03920,0.05676,0.40326,0.50078
0.04051,0.06190,0.46350,0.43410
0.05057,0.07083,0.40156,0.47704
0.04071,0.05823,0.38614,0.51492
0.04401,0.06613,0.40537,0.48448
0.04050,0.05717,0.44284,0.45949
0.03642,0.05408,0.40059,0.50891
0.03851,0.05481,0.34937,0.55731
0.04338,0.06464,0.45494,0.43704
0.03167,0.04377,0.36082,0.56374
0.04140,0.05829,0.49088,0.40943
0.04403,0.06895,0.36780,0.51922
0.03221,0.04473,0.42250,0.50056
0.03692,0.05471,0.39933,0.50905
0.03263,0.04694,0.51376,0.40666
0.03733,0.05225,0.40313,0.50729
0.04211,0.05943,0.40854,0.48992
0.03936,0.05458,0.43752,0.46855
0.03429,0.04993,0.39602,0.51975
0.04425,0.06064,0.34116,0.55395
0.03860,0.05612,0.47584,0.42944
0.04425,0.06653,0.43493,0.45428
0.03953,0.06282,0.45353,0.44412
0.03887,0.05780,0.34869,0.55464
0.03568,0.05085,0.39369,0.51978
0.05286,0.07748,0.42410,0.44557
0.03538,0.05215,0.33052,0.58195
0.05681,0.08531,0.45443,0.40346
0.03819,0.05237,0.40050,0.50895
0.03285,0.04636,0.35900,0.56179
0.03240,0.04402,0.50650,0.41708
0.04978,0.07410,0.41729,0.45883
0.03592,0.05352,0.46550,0.44505
0.04618,0.07279,0.42917,0.45186
0.04498,0.06537,0.41225,0.47740
0.03542,0.05294,0.40661,0.50502
0.04346,0.06085,0.35301,0.54269
0.05281,0.07450,0.40466,0.46803
0.03437,0.04638,0.40531,0.51395
0.04372,0.06445,0.42784,0.46399
0.03654,0.05124,0.47960,0.43262
0.03649,0.05002,0.45775,0.45574
0.03113,0.04512,0.39804,0.52571
0.04690,0.06914,0.48316,0.40081
0.03393,0.05164,0.41019,0.50424
0.04000,0.05526,0.39553,0.50921
0.04727,0.06810,0.41467,0.46996
0.04110,0.05778,0.51205,0.38907
0.03742,0.05304,0.41699,0.49254
0.03325,0.04723,0.38155,0.53796
0.04611,0.06480,0.44051,0.44858
0.04003,0.05745,0.42449,0.47804
0.04484,0.06737,0.48323,0.40456
0.04156,0.05563,0.41318,0.48962
0.03647,0.05606,0.41238,0.49510
0.03609,0.05435,0.41505,0.49451
0.03606,0.04913,0.44325,0.47156
0.03511,0.05008,0.41397,0.50083
0.03612,0.05340,0.39921,0.51128
0.04015,0.05650,0.36929,0.53407
0.03338,0.04730,0.48735,0.43196
0.03475,0.05076,0.43795,0.47653
0.03755,0.05470,0.49519,0.41255
0.04375,0.06487,0.31448,0.57690
0.04404,0.06367,0.45380,0.43849
0.03090,0.04472,0.35161,0.57277
0.03680,0.05528,0.39158,0.51634
0.04047,0.05732,0.44587,0.45634
0.03862,0.05567,0.43088,0.47483
0.04087,0.05780,0.37028,0.53105
0.03775,0.05258,0.44229,0.46739
0.03918,0.05457,0.39646,0.50980
0.03456,0.04811,0.47732,0.44001
0.03839,0.05145,0.38939,0.52078
0.04192,0.05919,0.51550,0.38339
0.03286,0.04261,0.46264,0.46189
0.03632,0.05408,0.37777,0.53183
0.04051,0.06288,0.39346,0.50315
0.05856,0.08559,0.38876,0.46709
0.03438,0.04965,0.37610,0.53987
0.04377,0.06529,0.42779,0.46315
0.02858,0.04342,0.48956,0.43844
0.04360,0.05618,0.43334,0.46689
0.03765,0.05096,0.39794,0.51345
0.03971,0.05873,0.43779,0.46377
0.03686,0.05213,0.49518,0.41583
0.03171,0.04064,0.36411,0.56354
0.03744,0.05281,0.40888,0.50087
0.03967,0.05958,0.44740,0.45335
0.03898,0.05609,0.35917,0.54576
0.03527,0.05109,0.45505,0.45859
0.03476,0.04937,0.43610,0.47978
0.04905,0.07392,0.39520,0.48184
0.03940,0.05888,0.42941,0.47231
0.03282,0.04673,0.37065,0.54980
0.03567,0.05236,0.43708,0.47489
0.04343,0.06179,0.36485,0.52993
0.03602,0.04840,0.37768,0.53791
0.03355,0.04944,0.38203,0.53499
0.03254,0.04378,0.51541,0.40827
0.03672,0.05308,0.41159,0.49861
0.03565,0.05181,0.40180,0.51074
0.03887,0.05446,0.38501,0.52165
0.03467,0.05005,0.33264,0.58264
0.04114,0.05925,0.41724,0.48236
0.05288,0.07837,0.47106,0.39769
0.03599,0.05058,0.47486,0.43857
0.03341,0.04514,0.38480,0.53664
0.03019,0.04183,0.44092,0.48706
0.03021,0.04151,0.42307,0.50521
0.03754,0.05405,0.42476,0.48364
0.03310,0.04518,0.48629,0.43543
0.04770,0.06823,0.45561,0.42845
