0.03030,0.02685,0.31498,0.01380,0.03857,0.36422,0.01252,0.02397,0.15117,0.02362
0.21246,0.20904,0.01540,0.20620,0.00792,0.23828,0.00719,0.03998,0.05766,0.00588
0.00289,0.94289,0.00399,0.00262,0.00426,0.01595,0.00363,0.00528,0.00355,0.01494
0.23244,0.31817,0.01511,0.03645,0.10857,0.05800,0.01950,0.07953,0.09751,0.03473
0.00433,0.00522,0.04536,0.00678,0.29763,0.18586,0.01165,0.33170,0.00881,0.10267
0.05573,0.20671,0.10368,0.10026,0.03594,0.34859,0.05694,0.05198,0.02015,0.02000
0.02823,0.00492,0.03494,0.05486,0.47388,0.11489,0.00381,0.22399,0.00678,0.05370
0.00861,0.05672,0.01118,0.01223,0.01186,0.55667,0.00297,0.19725,0.00251,0.13999
0.00329,0.00646,0.01688,0.00424,0.34885,0.03536,0.00576,0.34283,0.01331,0.22303
0.01109,0.00937,0.00463,0.00535,0.00383,0.36909,0.00452,0.58464,0.00329,0.00418
0.02521,0.16310,0.00797,0.04638,0.04630,0.00839,0.51337,0.03032,0.08143,0.07753
0.01257,0.27155,0.06823,0.06058,0.02185,0.37605,0.03286,0.01280,0.11564,0.02787
0.00304,0.00907,0.30003,0.00335,0.01528,0.46347,0.00577,0.01131,0.18119,0.00748
0.22965,0.19983,0.43671,0.00842,0.00689,0.03341,0.01717,0.02323,0.01558,0.02912
0.05136,0.01509,0.01349,0.05281,0.02119,0.56506,0.00308,0.00991,0.26282,0.00518
0.00765,0.03064,0.27516,0.00883,0.00905,0.20429,0.00293,0.24665,0.00349,0.21132
0.34124,0.29755,0.02666,0.01826,0.00359,0.01724,0.00477,0.09446,0.19139,0.00485
0.04208,0.16162,0.43188,0.01236,0.01391,0.22895,0.01015,0.01760,0.06610,0.01535
0.00837,0.15619,0.11574,0.06853,0.21928,0.09124,0.08150,0.03032,0.01110,0.21773
0.00275,0.32022,0.00977,0.00891,0.42330,0.04006,0.01555,0.00754,0.03744,0.13447
0.23716,0.00279,0.02927,0.23258,0.00520,0.00619,0.21340,0.04287,0.00279,0.22774
0.23032,0.01174,0.23433,0.25627,0.03661,0.01318,0.00384,0.20259,0.00498,0.00614
0.00929,0.09649,0.05556,0.04525,0.11983,0.01701,0.18914,0.04890,0.00285,0.41566
0.07631,0.27754,0.14106,0.21679,0.22223,0.04301,0.00230,0.00784,0.00602,0.00690
0.14334,0.13124,0.25139,0.00671,0.01053,0.31932,0.00738,0.00691,0.11029,0.01288
0.00645,0.26107,0.01763,0.00483,0.04539,0.48133,0.00282,0.00436,0.17037,0.00574
0.00795,0.03409,0.08197,0.02813,0.02547,0.41264,0.03243,0.00373,0.17766,0.19592
0.00377,0.35360,0.00935,0.18821,0.17147,0.18205,0.00861,0.01557,0.02761,0.03977
0.42979,0.04598,0.07163,0.05217,0.00333,0.21911,0.00403,0.00777,0.16365,0.00255
0.06645,0.35052,0.04800,0.18401,0.00357,0.17196,0.02794,0.00794,0.11115,0.02846
0.20868,0.42700,0.19119,0.00855,0.00547,0.05265,0.00927,0.06647,0.00499,0.02572
0.03348,0.02704,0.06257,0.12362,0.04641,0.13055,0.00808,0.05489,0.49668,0.01669
0.03988,0.09140,0.00410,0.00833,0.00720,0.62655,0.00245,0.00245,0.21536,0.00226
0.07583,0.08174,0.02211,0.20649,0.01378,0.34303,0.00731,0.13206,0.10998,0.00768
0.01253,0.02310,0.01104,0.05422,0.05449,0.01265,0.24589,0.04968,0.00287,0.53354
0.25231,0.07442,0.01344,0.31387,0.01104,0.30417,0.00470,0.00698,0.01271,0.00635
0.00897,0.65079,0.10857,0.02240,0.02797,0.03692,0.03120,0.02362,0.01519,0.07439
0.00850,0.34589,0.33095,0.01460,0.22323,0.03630,0.00344,0.01196,0.00707,0.01805
0.28234,0.01360,0.01233,0.37313,0.01740,0.07961,0.07353,0.10217,0.00457,0.04133
0.20523,0.14294,0.09061,0.00734,0.01007,0.02218,0.00297,0.00920,0.00508,0.50436
0.01841,0.01098,0.52912,0.04622,0.01733,0.03584,0.13086,0.01392,0.02594,0.17137
0.30196,0.20210,0.00435,0.00279,0.00407,0.41098,0.00323,0.00506,0.05846,0.00701
0.05446,0.33256,0.00921,0.12477,0.02036,0.04446,0.00328,0.01467,0.01019,0.38604
0.05660,0.02833,0.03125,0.01402,0.00540,0.57381,0.00186,0.00502,0.28110,0.00261
0.00535,0.33462,0.07146,0.00500,0.33283,0.18015,0.01850,0.01249,0.00553,0.03405
0.09530,0.01637,0.01007,0.19986,0.04294,0.45761,0.00923,0.00697,0.15369,0.00796
0.06168,0.20212,0.05338,0.03807,0.00755,0.48842,0.00912,0.00481,0.12204,0.01283
0.37047,0.25902,0.05314,0.07046,0.02391,0.04048,0.01891,0.11199,0.03456,0.01705
0.00402,0.00452,0.00432,0.00358,0.00440,0.71643,0.00149,0.00210,0.25704,0.00210
0.01214,0.25757,0.04015,0.02372,0.01918,0.36207,0.00710,0.01840,0.07223,0.18744
0.02162,0.01607,0.03099,0.20862,0.18846,0.01149,0.06792,0.07031,0.01256,0.37196
0.00594,0.28430,0.00798,0.00677,0.21909,0.00642,0.11591,0.02377,0.32524,0.00458
0.37556,0.00812,0.09354,0.00647,0.01806,0.28828,0.07641,0.05145,0.07504,0.00708
0.01145,0.29912,0.43947,0.01976,0.07575,0.03986,0.02006,0.03951,0.02017,0.03485
0.31074,0.00165,0.01877,0.64509,0.00200,0.00629,0.00285,0.00662,0.00320,0.00281
0.00696,0.00661,0.00344,0.00344,0.00814,0.00708,0.29922,0.05417,0.00225,0.60869
0.01956,0.45001,0.22080,0.01243,0.02335,0.18194,0.00668,0.00723,0.05789,0.02011
0.00987,0.06844,0.04994,0.02613,0.11006,0.02420,0.03033,0.02859,0.62547,0.02696
0.07271,0.01015,0.06162,0.03435,0.09716,0.02816,0.17688,0.14358,0.36901,0.00638
0.13354,0.45700,0.03790,0.00615,0.02095,0.01395,0.07883,0.00890,0.01696,0.22583
0.00349,0.00491,0.26178,0.00727,0.01566,0.48660,0.00223,0.00656,0.20886,0.00264
0.02589,0.59502,0.02757,0.00825,0.01878,0.21888,0.02086,0.03428,0.00921,0.04126
0.00449,0.00344,0.11761,0.00394,0.51279,0.00557,0.03594,0.28125,0.00345,0.03151
0.00496,0.00845,0.49742,0.00493,0.00811,0.27866,0.00989,0.01589,0.14998,0.02170
0.00841,0.00899,0.00426,0.00658,0.00972,0.29247,0.00233,0.66124,0.00388,0.00214
0.29783,0.00646,0.05310,0.53191,0.01569,0.02006,0.00276,0.06381,0.00489,0.00349
0.21357,0.00370,0.19873,0.48177,0.00577,0.01621,0.01942,0.03900,0.01771,0.00413
0.00927,0.03327,0.54989,0.00878,0.16339,0.03064,0.02029,0.14012,0.01286,0.03150
0.02448,0.00705,0.01436,0.22476,0.06041,0.44443,0.01214,0.00323,0.18659,0.02254
0.03796,0.01513,0.04456,0.03077,0.06999,0.04467,0.11207,0.01759,0.62172,0.00555
0.04588,0.32031,0.05752,0.00999,0.00513,0.30010,0.00545,0.21231,0.00928,0.03403
0.01723,0.02949,0.10055,0.17679,0.24568,0.13901,0.06215,0.02343,0.01804,0.18762
0.01803,0.09001,0.22195,0.41128,0.00534,0.19309,0.01649,0.00468,0.03035,0.00879
0.12900,0.01636,0.08056,0.33449,0.01968,0.36297,0.00517,0.01974,0.02653,0.00548
0.08795,0.16433,0.03576,0.01243,0.00956,0.41311,0.04414,0.00870,0.20697,0.01705
0.04355,0.07216,0.09538,0.00667,0.18170,0.28270,0.01807,0.02496,0.25976,0.01506
0.05856,0.01722,0.02642,0.02176,0.18501,0.05910,0.00570,0.08002,0.16183,0.38439
0.59984,0.30817,0.05564,0.00253,0.00207,0.01301,0.00201,0.00727,0.00647,0.00299
0.01217,0.01260,0.04899,0.54956,0.16830,0.10630,0.00938,0.05586,0.02145,0.01538
0.08160,0.07548,0.03871,0.03578,0.04733,0.46122,0.00254,0.15427,0.10003,0.00304
0.01072,0.01239,0.08575,0.03183,0.01772,0.19053,0.14350,0.00839,0.47952,0.01965
0.06041,0.12782,0.34496,0.02357,0.08072,0.02467,0.02790,0.02921,0.19164,0.08911
0.02635,0.20025,0.00852,0.01847,0.02940,0.00985,0.25858,0.13129,0.00225,0.31503
0.03211,0.11822,0.05550,0.07591,0.01769,0.27616,0.00845,0.39992,0.00743,0.00861
0.07450,0.00747,0.61818,0.17699,0.01025,0.01714,0.01847,0.01797,0.01034,0.04868
0.00919,0.14401,0.58151,0.03436,0.06125,0.02080,0.05459,0.06193,0.02458,0.00777
0.00556,0.22194,0.24884,0.01090,0.42185,0.03015,0.00593,0.00551,0.04462,0.00470
0.00590,0.04247,0.19168,0.18489,0.12578,0.18984,0.00714,0.00499,0.21485,0.03246
0.03696,0.10908,0.03856,0.15888,0.03008,0.02838,0.19344,0.01486,0.00948,0.38027
0.02792,0.25314,0.01082,0.02498,0.01684,0.03509,0.18471,0.40271,0.02443,0.01935
0.12384,0.09172,0.11722,0.50231,0.02599,0.04211,0.00971,0.00968,0.07087,0.00654
0.00683,0.39027,0.00993,0.10849,0.27297,0.01120,0.01185,0.00461,0.18020,0.00364
0.00508,0.36407,0.00429,0.32383,0.23663,0.01420,0.00491,0.01948,0.01589,0.01162
0.28729,0.27676,0.09720,0.00746,0.00297,0.10648,0.04029,0.00803,0.16292,0.01060
0.29189,0.34570,0.01371,0.09954,0.01297,0.11461,0.00404,0.00659,0.10611,0.00485
0.00287,0.01615,0.00382,0.49023,0.20048,0.00815,0.00467,0.00602,0.25959,0.00801
0.00740,0.00695,0.00594,0.00683,0.35025,0.01766,0.00191,0.02681,0.00338,0.57287
0.03075,0.30211,0.10728,0.15234,0.01638,0.28789,0.04477,0.03332,0.01744,0.00771
0.12331,0.05874,0.10713,0.04806,0.01316,0.03205,0.26790,0.18652,0.03649,0.12665
0.06129,0.03266,0.01162,0.01430,0.02528,0.01768,0.32895,0.03651,0.38040,0.09130
