0.02438,0.02836,0.02960,0.03295,0.02882,0.03400,0.03899,0.21802,0.02727,0.03940,0.02052,0.03716,0.03314,0.03322,0.03267,0.13969,0.03107,0.04046,0.09007,0.04022
0.14320,0.14648,0.04185,0.09260,0.03488,0.03363,0.02947,0.02788,0.02859,0.04233,0.02225,0.02866,0.01900,0.01944,0.02028,0.08452,0.02756,0.06627,0.06264,0.02847
0.01026,0.01090,0.01085,0.01239,0.01025,0.00804,0.77727,0.00986,0.00851,0.00985,0.01129,0.01299,0.00873,0.01266,0.01633,0.01822,0.01019,0.01512,0.01128,0.01501
0.13372,0.21106,0.02634,0.03797,0.05666,0.04178,0.04383,0.02275,0.04004,0.03821,0.02610,0.02687,0.02740,0.02623,0.04177,0.04203,0.02997,0.04882,0.04221,0.03623
0.02944,0.03474,0.03096,0.03986,0.04894,0.02961,0.03414,0.02809,0.02469,0.01863,0.01900,0.02145,0.04130,0.02519,0.15525,0.08150,0.02967,0.22006,0.02814,0.05932
0.03431,0.03288,0.03517,0.03342,0.03215,0.03086,0.03276,0.03760,0.02395,0.02497,0.09569,0.10231,0.05993,0.06294,0.04606,0.11383,0.04247,0.05477,0.05764,0.04629
0.01472,0.03748,0.02147,0.02488,0.03078,0.01593,0.01615,0.02721,0.01522,0.01434,0.04362,0.02477,0.03809,0.04897,0.31217,0.06189,0.02201,0.15382,0.02682,0.04967
0.02482,0.02265,0.03328,0.02805,0.02008,0.01438,0.03299,0.01727,0.01654,0.01710,0.02405,0.03698,0.02323,0.02831,0.02698,0.38593,0.01868,0.12099,0.01822,0.08947
0.02480,0.03648,0.02611,0.02568,0.02709,0.03618,0.01667,0.02505,0.02000,0.02161,0.01768,0.02489,0.02970,0.02156,0.21909,0.05106,0.02873,0.22375,0.02901,0.09488
0.02157,0.01940,0.01984,0.01834,0.01699,0.02210,0.01450,0.01315,0.01506,0.01664,0.02289,0.02333,0.01182,0.02041,0.01619,0.21332,0.01773,0.45629,0.01942,0.02102
0.04964,0.03806,0.03194,0.03250,0.03644,0.02825,0.02556,0.02097,0.03648,0.03865,0.04573,0.05638,0.02118,0.04027,0.04239,0.02334,0.27524,0.03578,0.06077,0.06040
0.02588,0.03072,0.02014,0.02883,0.03533,0.02430,0.04425,0.04065,0.02534,0.02963,0.05118,0.14122,0.04697,0.05943,0.04097,0.13950,0.03625,0.03521,0.09543,0.04878
0.02527,0.02603,0.01814,0.02727,0.02466,0.02707,0.06021,0.03113,0.03134,0.02226,0.01482,0.02214,0.19343,0.01830,0.02643,0.22042,0.02224,0.03553,0.12398,0.02931
0.01895,0.02843,0.02258,0.02178,0.02500,0.01956,0.01432,0.02094,0.01894,0.01520,0.18954,0.10095,0.30136,0.02578,0.02540,0.03368,0.02722,0.03219,0.02853,0.02963
0.02104,0.01871,0.02266,0.02705,0.02314,0.01714,0.01596,0.01444,0.01766,0.02080,0.04537,0.02760,0.02444,0.04687,0.02541,0.37072,0.01675,0.02975,0.19157,0.02292
0.02482,0.03083,0.03114,0.03735,0.02653,0.02044,0.03418,0.02209,0.02961,0.02633,0.02722,0.03357,0.18889,0.02896,0.02816,0.12307,0.02064,0.13868,0.01996,0.10754
0.03922,0.03038,0.02969,0.02419,0.01773,0.01448,0.01606,0.04262,0.01447,0.01550,0.29558,0.18754,0.03136,0.03752,0.01882,0.03479,0.02214,0.03858,0.06712,0.02221
0.02639,0.03446,0.03216,0.04512,0.03062,0.03534,0.08887,0.29900,0.02437,0.02926,0.02112,0.02888,0.03538,0.01959,0.02458,0.07129,0.02827,0.03570,0.05722,0.03239
0.03780,0.02930,0.04545,0.04153,0.03388,0.03062,0.09252,0.06954,0.06538,0.10954,0.01817,0.02680,0.03240,0.02370,0.03154,0.06953,0.06608,0.04429,0.03351,0.09840
0.03820,0.02307,0.03288,0.02766,0.02137,0.03087,0.04630,0.02870,0.03358,0.03743,0.01950,0.23240,0.01996,0.02620,0.20893,0.03482,0.02900,0.02874,0.03480,0.04558
0.03616,0.03898,0.02061,0.02407,0.03016,0.02965,0.02243,0.01977,0.03635,0.04246,0.18350,0.01654,0.04162,0.11314,0.02259,0.02445,0.11798,0.04580,0.01997,0.11375
0.02057,0.03050,0.01892,0.03004,0.05414,0.02353,0.01629,0.02381,0.02510,0.02715,0.18425,0.02967,0.15852,0.13383,0.04776,0.03393,0.02231,0.07122,0.02384,0.02462
0.03235,0.03323,0.03658,0.03206,0.03232,0.02656,0.05377,0.04021,0.04463,0.06028,0.01852,0.03222,0.03975,0.02209,0.04300,0.04037,0.11291,0.04703,0.01893,0.23320
0.02335,0.02094,0.03220,0.02572,0.02671,0.03172,0.01609,0.03083,0.03156,0.03164,0.12271,0.17244,0.08264,0.09425,0.11786,0.04079,0.01554,0.03007,0.02810,0.02484
0.01982,0.02267,0.02654,0.02626,0.02311,0.02331,0.02569,0.03463,0.01774,0.01696,0.13076,0.08901,0.16690,0.02971,0.03068,0.12654,0.02852,0.02924,0.09236,0.03955
0.02258,0.02007,0.02951,0.02486,0.02142,0.01884,0.02304,0.03036,0.02215,0.01886,0.03588,0.14058,0.03222,0.02614,0.04970,0.27182,0.01855,0.02454,0.13783,0.03107
0.02791,0.03245,0.02055,0.02755,0.03108,0.02252,0.03455,0.04217,0.03366,0.03630,0.02361,0.03715,0.05632,0.03126,0.02920,0.23679,0.04720,0.02185,0.10844,0.09945
0.02582,0.02804,0.02657,0.02827,0.03219,0.02826,0.04175,0.03434,0.01858,0.02397,0.02756,0.25093,0.02608,0.09476,0.08917,0.05995,0.02535,0.03981,0.05135,0.04725
0.02928,0.03404,0.02357,0.04088,0.03475,0.26390,0.05581,0.05521,0.05925,0.02142,0.01558,0.02447,0.03298,0.02620,0.02999,0.09327,0.02089,0.03120,0.08930,0.01800
0.01953,0.03446,0.01846,0.01954,0.02649,0.01962,0.01617,0.03323,0.01684,0.02334,0.12877,0.20136,0.04598,0.09476,0.02221,0.07557,0.03920,0.02787,0.09340,0.04317
0.02218,0.02513,0.02382,0.02177,0.01924,0.01380,0.01805,0.02340,0.01230,0.01197,0.19316,0.28265,0.11109,0.02781,0.02542,0.04191,0.02661,0.04166,0.02410,0.03393
0.03817,0.02520,0.04336,0.05085,0.03339,0.02679,0.04541,0.02982,0.02847,0.03181,0.02853,0.05674,0.02597,0.02743,0.04285,0.07021,0.03124,0.04325,0.29283,0.02768
0.04263,0.04576,0.01601,0.02365,0.02237,0.01514,0.01361,0.02287,0.01557,0.01500,0.01437,0.01713,0.02250,0.01935,0.01206,0.46768,0.01611,0.01760,0.16297,0.01760
0.06123,0.07225,0.04759,0.09316,0.03995,0.03331,0.03241,0.02663,0.01957,0.03138,0.01631,0.02326,0.01801,0.01828,0.02251,0.17803,0.03175,0.11014,0.09203,0.03220
0.02592,0.03070,0.02071,0.02625,0.03275,0.02413,0.02901,0.02365,0.03743,0.03845,0.01434,0.01852,0.02249,0.01389,0.03784,0.03379,0.14610,0.04533,0.01899,0.35972
0.02553,0.03637,0.02437,0.02400,0.03320,0.03182,0.01659,0.02759,0.02170,0.02098,0.23067,0.05907,0.02464,0.18188,0.02526,0.09853,0.01935,0.02705,0.04489,0.02650
0.02143,0.02117,0.02447,0.02218,0.02205,0.01988,0.50841,0.04443,0.02288,0.02602,0.01568,0.02356,0.02672,0.01735,0.02596,0.03539,0.03082,0.03273,0.02512,0.03373
0.02506,0.03014,0.02468,0.01703,0.02785,0.02955,0.01441,0.02779,0.02206,0.01873,0.03656,0.22994,0.21467,0.03180,0.10590,0.03692,0.01887,0.03258,0.02456,0.03091
0.02175,0.02518,0.01964,0.02483,0.02467,0.02543,0.03131,0.02739,0.02321,0.02257,0.22975,0.03379,0.02712,0.22015,0.03273,0.05093,0.04266,0.05094,0.02451,0.04142
0.01897,0.04995,0.01307,0.01716,0.03143,0.01769,0.01651,0.01919,0.01730,0.01459,0.14762,0.09480,0.05988,0.02814,0.03283,0.04933,0.02517,0.03026,0.02348,0.29263
0.02430,0.02807,0.01899,0.02098,0.02243,0.02868,0.03193,0.02727,0.02435,0.02288,0.03308,0.02112,0.40159,0.03855,0.02567,0.03356,0.07051,0.02896,0.03291,0.06416
0.01375,0.02127,0.01663,0.02174,0.01790,0.01568,0.01379,0.01718,0.01951,0.01707,0.27919,0.13875,0.01869,0.01837,0.01844,0.19440,0.01948,0.02352,0.08200,0.03263
0.03126,0.04024,0.02968,0.02539,0.03334,0.01897,0.01527,0.03339,0.01761,0.01767,0.10138,0.17070,0.02352,0.06014,0.04741,0.05901,0.02349,0.03410,0.03438,0.18306
0.02091,0.01840,0.01714,0.02347,0.01671,0.01659,0.01522,0.02043,0.01840,0.01996,0.04445,0.03087,0.03271,0.03327,0.01689,0.38582,0.01366,0.02333,0.21532,0.01645
0.02456,0.25037,0.03929,0.03144,0.18660,0.02151,0.02508,0.02598,0.02339,0.03513,0.03282,0.03179,0.01719,0.03420,0.02268,0.06187,0.03068,0.04083,0.02134,0.04326
0.05446,0.03479,0.03257,0.07440,0.04581,0.03351,0.04713,0.02875,0.05153,0.02682,0.01853,0.02355,0.02815,0.02713,0.03669,0.22051,0.03037,0.03416,0.11801,0.03313
0.03201,0.02958,0.03013,0.03529,0.03135,0.02748,0.02446,0.05159,0.02372,0.02827,0.09436,0.08257,0.03808,0.04387,0.02538,0.21726,0.02390,0.02411,0.09844,0.03816
0.03108,0.04309,0.02030,0.02737,0.03306,0.01626,0.02079,0.02304,0.02250,0.01957,0.31166,0.13932,0.03966,0.04809,0.03766,0.03596,0.02714,0.03883,0.03696,0.02764
0.01721,0.01653,0.01330,0.01724,0.01520,0.01003,0.01045,0.01403,0.01131,0.01005,0.01120,0.01312,0.01662,0.01061,0.01299,0.56601,0.01087,0.01265,0.19713,0.01345
0.02296,0.03821,0.02248,0.02749,0.03793,0.01949,0.02208,0.03853,0.02609,0.02260,0.04744,0.13128,0.03947,0.04382,0.04118,0.16918,0.02863,0.04370,0.07099,0.10643
0.03497,0.03649,0.02241,0.02515,0.04266,0.02395,0.02009,0.02870,0.02436,0.02153,0.05093,0.04103,0.03872,0.09724,0.08958,0.03541,0.07209,0.06417,0.03327,0.19724
0.06258,0.02521,0.03787,0.03038,0.02255,0.03338,0.03542,0.02249,0.02788,0.02024,0.03251,0.17993,0.02207,0.03236,0.10631,0.02460,0.07166,0.03743,0.15189,0.02324
0.24549,0.03180,0.07880,0.02680,0.03066,0.02503,0.01472,0.03501,0.02717,0.03604,0.02131,0.02566,0.01934,0.03603,0.02469,0.10377,0.04626,0.06069,0.07702,0.03371
0.03048,0.02783,0.02629,0.02103,0.02405,0.02928,0.02526,0.03159,0.02477,0.01898,0.04684,0.13782,0.29853,0.03146,0.05998,0.03588,0.03085,0.03686,0.03101,0.03120
0.02177,0.02266,0.01401,0.02090,0.02312,0.01766,0.01046,0.01637,0.01259,0.01578,0.24597,0.01041,0.02539,0.44140,0.01045,0.02308,0.01481,0.02070,0.01726,0.01522
0.02149,0.02179,0.01586,0.01693,0.01954,0.01688,0.01826,0.01431,0.01618,0.01831,0.01515,0.01407,0.01557,0.01325,0.02520,0.02587,0.18974,0.04804,0.01411,0.45945
0.02601,0.02471,0.02841,0.03565,0.03249,0.02843,0.34823,0.11147,0.02317,0.03027,0.02105,0.02710,0.02910,0.02168,0.02666,0.05808,0.02358,0.02569,0.04780,0.03041
0.03024,0.03203,0.02316,0.03574,0.03577,0.02042,0.04171,0.04085,0.02543,0.04107,0.02102,0.03004,0.01724,0.06813,0.03387,0.03962,0.04326,0.03101,0.36262,0.02675
0.05301,0.03054,0.04761,0.04537,0.04806,0.02946,0.02655,0.03559,0.02907,0.02833,0.02031,0.03288,0.01981,0.03391,0.03973,0.05320,0.10683,0.06675,0.22490,0.02810
0.01808,0.02060,0.01940,0.02107,0.02052,0.01891,0.03246,0.01420,0.02488,0.01778,0.13975,0.30307,0.04137,0.02373,0.04360,0.03362,0.05672,0.02833,0.03584,0.08607
0.02067,0.02627,0.01478,0.02146,0.02549,0.02370,0.02111,0.02957,0.02302,0.02157,0.01583,0.01565,0.17295,0.02630,0.02794,0.29054,0.01742,0.03122,0.15634,0.01815
0.05057,0.40831,0.02847,0.02357,0.04263,0.02266,0.02329,0.02202,0.02414,0.02545,0.01557,0.01685,0.01632,0.02835,0.03841,0.06900,0.02555,0.04656,0.02851,0.04377
0.01760,0.02142,0.01555,0.02117,0.02113,0.02465,0.02028,0.02784,0.01792,0.01740,0.01880,0.01892,0.06982,0.02072,0.36442,0.02294,0.04158,0.17853,0.01837,0.04093
0.02482,0.02301,0.02735,0.02096,0.02115,0.02948,0.04495,0.04304,0.02217,0.02483,0.01719,0.01977,0.37892,0.02075,0.02233,0.08496,0.02770,0.03561,0.07667,0.03435
0.02054,0.01614,0.01952,0.01930,0.01770,0.02480,0.01841,0.01257,0.01738,0.02594,0.01634,0.02402,0.00954,0.02344,0.01540,0.15292,0.01288,0.51858,0.01854,0.01603
0.02117,0.02558,0.01581,0.01735,0.02744,0.02094,0.01892,0.02308,0.02068,0.01708,0.23596,0.02361,0.03837,0.34088,0.02824,0.03218,0.01677,0.03874,0.02219,0.01502
0.02622,0.02401,0.01961,0.02690,0.02407,0.02104,0.02132,0.02393,0.02139,0.01961,0.16428,0.01913,0.11346,0.29736,0.02079,0.03156,0.03303,0.03950,0.03447,0.01833
0.02148,0.02265,0.02173,0.02231,0.02505,0.02769,0.01872,0.02779,0.02317,0.02552,0.02556,0.03041,0.43460,0.02418,0.06029,0.03483,0.02954,0.06715,0.02746,0.02988
0.03544,0.02223,0.03675,0.09325,0.05258,0.02027,0.03086,0.02329,0.04750,0.03390,0.02364,0.01992,0.04015,0.03757,0.02312,0.22356,0.03646,0.02299,0.12912,0.04740
0.03578,0.02509,0.03046,0.03321,0.03209,0.02071,0.02504,0.03394,0.02417,0.02314,0.02056,0.02508,0.02761,0.03849,0.02697,0.04868,0.06507,0.02964,0.41454,0.01972
0.03069,0.02609,0.02484,0.02897,0.02817,0.01449,0.01772,0.02386,0.01778,0.01585,0.08234,0.19137,0.05597,0.03324,0.02686,0.14661,0.02297,0.12209,0.03559,0.05449
0.03910,0.04460,0.03061,0.03103,0.03323,0.02623,0.04969,0.06207,0.02125,0.02550,0.05136,0.04997,0.05678,0.08381,0.09679,0.06116,0.05614,0.05081,0.04064,0.08924
0.04043,0.05241,0.13141,0.28927,0.03000,0.02143,0.02380,0.01726,0.02140,0.02034,0.03048,0.02499,0.01703,0.04456,0.02763,0.06652,0.03619,0.02783,0.04455,0.03245
0.02880,0.03334,0.02953,0.03897,0.04276,0.02975,0.02464,0.02058,0.03373,0.03693,0.11716,0.03350,0.04686,0.19165,0.02922,0.11901,0.02115,0.03932,0.05986,0.02323
0.02898,0.03151,0.02343,0.02753,0.02783,0.01833,0.02970,0.02661,0.02190,0.02248,0.10028,0.08058,0.03785,0.03510,0.02661,0.19964,0.04302,0.02927,0.14779,0.04156
0.04472,0.02923,0.03872,0.03368,0.03376,0.04008,0.04299,0.03306,0.03416,0.03469,0.05579,0.06192,0.05736,0.02866,0.06460,0.10196,0.03458,0.04556,0.15037,0.03410
0.05199,0.04522,0.03999,0.04002,0.05657,0.02537,0.02486,0.03036,0.02892,0.02059,0.04259,0.03985,0.02762,0.04090,0.08017,0.06784,0.03263,0.06061,0.05721,0.18669
0.01215,0.01540,0.01649,0.01642,0.01394,0.01160,0.00891,0.01496,0.00952,0.01140,0.50402,0.19573,0.04108,0.01659,0.01309,0.02605,0.01379,0.02144,0.02308,0.01434
0.02670,0.02797,0.04798,0.37962,0.09122,0.03140,0.02347,0.01759,0.03151,0.02630,0.02410,0.01868,0.03233,0.02534,0.02267,0.04137,0.02806,0.04454,0.02968,0.02947
0.02945,0.02489,0.02794,0.02557,0.03112,0.02325,0.03158,0.01861,0.02011,0.01901,0.07190,0.05335,0.04010,0.04786,0.04521,0.27124,0.01755,0.09076,0.08888,0.02165
0.03232,0.02435,0.03007,0.04324,0.03012,0.01848,0.02440,0.05838,0.01641,0.02081,0.02231,0.02955,0.02604,0.03461,0.01860,0.08139,0.07429,0.02583,0.35594,0.03283
0.03850,0.02623,0.05853,0.04186,0.03191,0.04231,0.06878,0.21336,0.03323,0.05039,0.02635,0.03212,0.03888,0.03682,0.03325,0.04119,0.04259,0.03412,0.07013,0.03945
0.04775,0.08542,0.02322,0.03404,0.04721,0.02355,0.03506,0.02259,0.03142,0.03216,0.02155,0.01447,0.02223,0.02166,0.03208,0.03406,0.16052,0.07707,0.01541,0.21851
0.02242,0.03174,0.02521,0.02994,0.03558,0.02128,0.04161,0.02407,0.02601,0.01908,0.05366,0.05672,0.04811,0.05313,0.04424,0.14280,0.02639,0.23119,0.03272,0.03409
0.02151,0.02887,0.01875,0.01777,0.02451,0.01656,0.01909,0.01969,0.02070,0.02426,0.05896,0.01974,0.48516,0.06654,0.02265,0.02444,0.02934,0.02785,0.02503,0.02858
0.02953,0.02532,0.02607,0.02126,0.02341,0.01988,0.01934,0.02880,0.02361,0.02040,0.02986,0.05209,0.43623,0.03734,0.04443,0.03138,0.03630,0.04044,0.03225,0.02205
0.02558,0.02059,0.02762,0.02294,0.02218,0.02218,0.02149,0.02410,0.02977,0.01955,0.02852,0.15252,0.15238,0.03173,0.23964,0.03846,0.02388,0.02845,0.04414,0.02427
0.02729,0.02452,0.02241,0.02032,0.02094,0.02239,0.03542,0.02662,0.03037,0.02255,0.02629,0.05635,0.13368,0.12061,0.06693,0.08935,0.03070,0.02889,0.14645,0.04793
0.02459,0.03550,0.01981,0.02592,0.03225,0.01926,0.03158,0.03420,0.02578,0.02106,0.06598,0.05821,0.04098,0.06869,0.04465,0.04373,0.11460,0.03662,0.03539,0.22121
0.04649,0.11278,0.02495,0.04113,0.04656,0.03455,0.02929,0.01923,0.02540,0.03626,0.03734,0.03220,0.02065,0.02651,0.03802,0.04876,0.07598,0.20975,0.04007,0.05408
0.06983,0.05477,0.07853,0.31762,0.05128,0.02376,0.02631,0.02495,0.03461,0.02715,0.03137,0.03429,0.02258,0.02265,0.02624,0.03612,0.02780,0.02723,0.04052,0.02240
0.02431,0.02560,0.03273,0.02787,0.03063,0.02082,0.02018,0.01591,0.02356,0.02088,0.03800,0.29295,0.02668,0.07119,0.14333,0.03098,0.03394,0.02577,0.07471,0.01995
0.03840,0.03044,0.03566,0.02845,0.02542,0.02493,0.02332,0.02547,0.03120,0.03142,0.04139,0.23362,0.01676,0.14427,0.12000,0.02930,0.01947,0.03546,0.03723,0.02777
0.02024,0.03530,0.01782,0.01916,0.01868,0.01885,0.01956,0.03473,0.01312,0.01747,0.25893,0.18922,0.05466,0.02869,0.01645,0.05980,0.04594,0.02451,0.07816,0.02870
0.21618,0.23553,0.03166,0.05146,0.03766,0.02020,0.02669,0.02057,0.02416,0.02249,0.02508,0.02848,0.02100,0.02530,0.02518,0.05840,0.01910,0.02779,0.06008,0.02298
0.02021,0.02501,0.01693,0.01852,0.01948,0.02100,0.02062,0.02415,0.02190,0.02511,0.01853,0.04756,0.01648,0.35763,0.08840,0.03190,0.02558,0.02925,0.14655,0.02521
0.02092,0.04431,0.01380,0.01459,0.03282,0.02031,0.01556,0.01444,0.01429,0.01551,0.02754,0.03013,0.01992,0.02833,0.16264,0.03805,0.01815,0.05908,0.01864,0.39097
0.05989,0.15153,0.05910,0.07771,0.05193,0.03860,0.03990,0.02491,0.03190,0.04573,0.03673,0.04026,0.01863,0.02543,0.02655,0.09196,0.04235,0.06169,0.04114,0.03403
0.03221,0.03512,0.02251,0.02572,0.03540,0.02997,0.02741,0.04983,0.02145,0.02787,0.08990,0.04670,0.07165,0.05153,0.03750,0.04655,0.14486,0.07007,0.04830,0.08546
0.04702,0.03596,0.02198,0.02654,0.02684,0.02871,0.02920,0.02782,0.02684,0.03409,0.02162,0.02531,0.02787,0.03959,0.02443,0.04138,0.20929,0.03714,0.21562,0.05274
