0.08933,0.12371,0.30817,0.47879
0.15667,0.04373,0.30303,0.49658
0.06498,0.08388,0.38359,0.46754
0.08256,0.14266,0.30069,0.47409
0.19646,0.02823,0.32399,0.45132
0.13877,0.06755,0.32718,0.46650
0.07649,0.08329,0.36319,0.47703
0.07793,0.11073,0.31705,0.49429
0.07778,0.08138,0.34353,0.49731
0.11372,0.11972,0.30471,0.46185
0.12867,0.09685,0.33548,0.43901
0.15983,0.18260,0.29323,0.36434
0.13106,0.14337,0.29709,0.42849
0.13448,0.11044,0.32554,0.42954
0.12303,0.12264,0.33725,0.41708
0.10413,0.10607,0.32602,0.46378
0.22610,0.05195,0.29433,0.42762
0.07986,0.07311,0.34468,0.50236
0.10168,0.06401,0.32695,0.50736
0.18850,0.10697,0.27574,0.42879
0.17506,0.15934,0.29471,0.37089
0.08878,0.11825,0.29994,0.49303
0.07048,0.11073,0.35434,0.46445
0.11272,0.09365,0.37537,0.41826
0.08875,0.12563,0.34123,0.44439
0.14081,0.11011,0.28479,0.46429
0.08306,0.05344,0.34820,0.51531
0.15072,0.10684,0.31616,0.42627
0.08154,0.11428,0.34643,0.45776
0.10451,0.06077,0.35247,0.48225
0.14843,0.13757,0.29193,0.42208
0.08125,0.09567,0.35815,0.46494
0.06286,0.09018,0.37138,0.47559
0.14851,0.13415,0.34933,0.36801
0.12563,0.14597,0.28504,0.44337
0.16439,0.03544,0.32353,0.47664
0.15702,0.06415,0.36033,0.41850
0.10504,0.13678,0.30079,0.45739
0.19965,0.03768,0.30725,0.45542
0.23414,0.07883,0.27361,0.41342
0.09116,0.16905,0.30435,0.43543
0.13556,0.15162,0.31317,0.39965
0.06495,0.04213,0.35244,0.54049
0.15157,0.07593,0.30649,0.46601
0.10489,0.11200,0.31242,0.47069
0.05828,0.22464,0.28934,0.42774
0.15857,0.04236,0.38655,0.41252
0.15411,0.24236,0.28979,0.31375
0.19306,0.08860,0.29856,0.41978
0.11939,0.20025,0.28419,0.39617
0.18739,0.06273,0.30688,0.44300
0.11933,0.11589,0.31361,0.45117
0.12257,0.06984,0.29318,0.51442
0.10357,0.10126,0.33425,0.46091
0.12365,0.07858,0.31124,0.48654
0.11587,0.07220,0.31917,0.49276
0.14282,0.04828,0.33457,0.47433
0.10387,0.04985,0.33854,0.50774
0.08502,0.07780,0.39127,0.44591
0.07562,0.07979,0.33594,0.50865
0.13876,0.10851,0.30802,0.44472
0.22546,0.05853,0.31589,0.40012
0.14052,0.13387,0.30440,0.42121
0.14934,0.05153,0.35284,0.44629
0.10955,0.09877,0.29779,0.49389
0.13778,0.09753,0.32173,0.44296
0.12078,0.11733,0.27920,0.48269
0.09851,0.08836,0.31535,0.49778
0.12741,0.12124,0.34481,0.40655
0.09438,0.18029,0.30650,0.41883
0.07811,0.05367,0.34264,0.52557
0.09617,0.08954,0.32846,0.48583
0.15520,0.08355,0.33243,0.42882
0.12973,0.07716,0.33547,0.45765
0.12739,0.09763,0.32824,0.44674
0.19036,0.20871,0.23772,0.36322
0.13316,0.09383,0.31220,0.46081
0.17526,0.06340,0.35279,0.40855
0.22703,0.06662,0.30849,0.39786
0.09826,0.08488,0.29998,0.51688
0.16739,0.10662,0.30061,0.42538
0.16198,0.11357,0.31278,0.41166
0.15172,0.07698,0.31008,0.46122
0.10206,0.08954,0.34189,0.46652
0.10801,0.16749,0.30681,0.41769
0.12291,0.18575,0.27940,0.41194
0.07632,0.12920,0.35236,0.44211
0.07414,0.13497,0.30654,0.48435
0.15815,0.08559,0.31477,0.44150
0.08442,0.07554,0.37868,0.46136
0.09056,0.09558,0.34471,0.46915
0.16752,0.05925,0.29701,0.47622
0.11758,0.08316,0.30377,0.49549
0.09256,0.04868,0.33727,0.52149
0.11203,0.07773,0.30518,0.50506
0.13774,0.07943,0.31549,0.46735
0.12438,0.14156,0.26821,0.46585
0.10517,0.12526,0.32509,0.44448
0.16088,0.07198,0.32312,0.44401
0.14953,0.11437,0.30706,0.42904
