0.03918,0.16353,0.37520,0.42210
0.16825,0.04025,0.37050,0.42100
0.12725,0.08923,0.36798,0.41555
0.23237,0.08102,0.32079,0.36582
0.07060,0.03759,0.41683,0.47498
0.05574,0.27041,0.31981,0.35404
0.05671,0.06420,0.41540,0.46368
0.12901,0.11238,0.36002,0.39858
0.08104,0.09341,0.38675,0.43881
0.06910,0.02964,0.42720,0.47406
0.02741,0.07071,0.43356,0.46832
0.06219,0.06248,0.41428,0.46105
0.16549,0.05470,0.37041,0.40940
0.06279,0.06893,0.41345,0.45482
0.06137,0.06505,0.41085,0.46273
0.23275,0.16096,0.28861,0.31768
0.06463,0.06101,0.41182,0.46254
0.06342,0.05891,0.41179,0.46588
0.08324,0.21890,0.32520,0.37266
0.12820,0.15185,0.33959,0.38037
0.03060,0.08041,0.42066,0.46834
0.12408,0.09890,0.36370,0.41332
0.10425,0.10183,0.37468,0.41924
0.06991,0.07578,0.40001,0.45430
0.07912,0.06227,0.40406,0.45455
0.04086,0.09199,0.40915,0.45799
0.10875,0.05743,0.39148,0.44235
0.08058,0.16533,0.35762,0.39647
0.11514,0.07533,0.38429,0.42524
0.11646,0.10628,0.36678,0.41047
0.13739,0.14229,0.33752,0.38279
0.07451,0.12296,0.37918,0.42335
0.04254,0.05964,0.41967,0.47814
0.09711,0.09347,0.38051,0.42890
0.12601,0.09254,0.37177,0.40968
0.08699,0.09902,0.38324,0.43076
0.03961,0.04159,0.43408,0.48472
0.05034,0.05260,0.42348,0.47358
0.07263,0.06389,0.40579,0.45769
0.17008,0.11989,0.33430,0.37573
0.11463,0.11731,0.35906,0.40900
0.09785,0.11503,0.37023,0.41690
0.05525,0.06625,0.40973,0.46877
0.08142,0.07724,0.39717,0.44417
0.12342,0.15924,0.33781,0.37953
0.06392,0.11188,0.38883,0.43537
0.04935,0.08989,0.40769,0.45307
0.05824,0.07639,0.40962,0.45575
0.10302,0.08504,0.38206,0.42987
0.09184,0.04800,0.40730,0.45286
0.14707,0.16792,0.32594,0.35907
0.11986,0.10827,0.36318,0.40869
0.05270,0.17572,0.36326,0.40832
0.06957,0.14730,0.36734,0.41579
0.08529,0.08891,0.38952,0.43628
0.16557,0.27390,0.26289,0.29765
0.08726,0.09345,0.38514,0.43415
0.04030,0.03539,0.43693,0.48739
0.03746,0.14894,0.37824,0.43536
0.06304,0.05908,0.41792,0.45997
0.09169,0.10038,0.38082,0.42710
0.13395,0.17142,0.32923,0.36540
0.05921,0.14130,0.37535,0.42414
0.06672,0.10993,0.38842,0.43493
0.05316,0.09056,0.40448,0.45181
0.11913,0.13025,0.34940,0.40122
0.06006,0.05126,0.41957,0.46911
0.09122,0.08673,0.38997,0.43208
0.15960,0.14865,0.32688,0.36487
0.05173,0.05724,0.41798,0.47305
0.09624,0.10988,0.37702,0.41686
0.11166,0.05820,0.39314,0.43700
0.16989,0.22079,0.28619,0.32313
0.08308,0.08759,0.39052,0.43881
0.09412,0.09007,0.38273,0.43308
0.04905,0.05066,0.42721,0.47309
0.05628,0.06111,0.41612,0.46649
0.12901,0.16800,0.33230,0.37069
0.07228,0.07224,0.40241,0.45307
0.05877,0.05359,0.41825,0.46940
0.05286,0.04493,0.42352,0.47869
0.16848,0.05350,0.36712,0.41091
0.07952,0.06478,0.40574,0.44996
0.08796,0.09346,0.38567,0.43292
0.08346,0.09589,0.39094,0.42971
0.06888,0.17757,0.35604,0.39750
0.11327,0.10725,0.36557,0.41391
0.19542,0.14777,0.30375,0.35305
0.21075,0.07579,0.34082,0.37265
0.05553,0.06369,0.41465,0.46613
0.10276,0.02855,0.41208,0.45661
0.10991,0.12560,0.36069,0.40380
0.04356,0.05639,0.42498,0.47506
0.12944,0.14427,0.34079,0.38550
0.12190,0.06245,0.38519,0.43047
0.07515,0.05428,0.40714,0.46344
0.04728,0.12468,0.39150,0.43655
0.16607,0.19382,0.30553,0.33458
0.09117,0.12956,0.36695,0.41232
0.20649,0.03150,0.36125,0.40076
0.10719,0.05489,0.39439,0.44353
0.04908,0.15334,0.37542,0.42216
0.06756,0.08462,0.39869,0.44913
0.12253,0.13298,0.35210,0.39239
0.06314,0.15008,0.37169,0.41509
0.07653,0.07314,0.40121,0.44912
0.07945,0.05881,0.40668,0.45506
0.05947,0.08654,0.40223,0.45176
0.04272,0.05094,0.42877,0.47757
0.08892,0.08978,0.38840,0.43290
0.09931,0.09770,0.38143,0.42156
0.13969,0.11371,0.34780,0.39880
0.06566,0.07065,0.40779,0.45590
0.14023,0.08109,0.36677,0.41191
0.08100,0.30032,0.29082,0.32786
0.05596,0.15057,0.37166,0.42180
0.03669,0.07369,0.41576,0.47387
0.09308,0.10219,0.38055,0.42418
0.05300,0.06692,0.41493,0.46516
0.08807,0.07197,0.39620,0.44375
0.09162,0.09348,0.38469,0.43021
0.18584,0.19674,0.28986,0.32756
0.07989,0.10621,0.38221,0.43169
0.07227,0.07774,0.40020,0.44979
0.05492,0.06203,0.41846,0.46459
0.15359,0.15770,0.32833,0.36038
0.24622,0.03832,0.33455,0.38090
0.08285,0.09108,0.38810,0.43797
0.09222,0.29382,0.28865,0.32530
0.15146,0.14903,0.32750,0.37201
0.08959,0.07185,0.39645,0.44210
0.06154,0.06508,0.41132,0.46206
0.13997,0.18298,0.31614,0.36091
0.13301,0.08119,0.36860,0.41720
0.14419,0.08045,0.36199,0.41337
0.09731,0.02768,0.41431,0.46069
0.09481,0.09852,0.38099,0.42567
0.07272,0.06831,0.40909,0.44987
0.16334,0.08267,0.35324,0.40075
0.07446,0.10215,0.38836,0.43503
0.08405,0.05270,0.40701,0.45624
0.04776,0.05220,0.42657,0.47348
0.12702,0.13089,0.35271,0.38937
0.16108,0.23853,0.28101,0.31937
0.07045,0.02556,0.42360,0.48039
0.05536,0.05197,0.42002,0.47264
0.32475,0.10716,0.26923,0.29886
0.08815,0.09318,0.38546,0.43320
0.10001,0.09179,0.38043,0.42778
0.12232,0.13150,0.35293,0.39325
0.06394,0.05771,0.41767,0.46068
0.02884,0.13347,0.39469,0.44300
0.08456,0.04992,0.40822,0.45731
0.03888,0.04732,0.43528,0.47852
0.16559,0.16466,0.31544,0.35432
0.05342,0.05331,0.42077,0.47250
0.04903,0.05417,0.42121,0.47559
0.13396,0.09222,0.36711,0.40671
0.10590,0.12100,0.36515,0.40794
0.10716,0.10239,0.37531,0.41513
0.06275,0.09629,0.39400,0.44697
0.05394,0.08224,0.40822,0.45560
0.05861,0.15280,0.36653,0.42206
0.05656,0.16554,0.36755,0.41035
0.11584,0.14756,0.34491,0.39170
0.05187,0.08271,0.40763,0.45780
0.09926,0.09633,0.37603,0.42838
0.12785,0.12011,0.35029,0.40175
0.07111,0.09787,0.39006,0.44096
0.05798,0.06205,0.41561,0.46436
0.09203,0.09685,0.38056,0.43056
0.15160,0.10619,0.35079,0.39142
0.03596,0.07526,0.41434,0.47444
0.18170,0.18610,0.29520,0.33700
0.07013,0.10355,0.39161,0.43471
0.09314,0.10319,0.37685,0.42682
0.07838,0.11941,0.38074,0.42147
0.07478,0.07764,0.39932,0.44827
0.17095,0.06116,0.35997,0.40793
0.07095,0.07466,0.40619,0.44821
0.03554,0.03395,0.43928,0.49123
0.13070,0.10638,0.36135,0.40156
0.10582,0.14211,0.35688,0.39519
0.03782,0.04283,0.43025,0.48911
0.09768,0.28198,0.29169,0.32864
0.15027,0.06168,0.37310,0.41494
0.06873,0.07386,0.40639,0.45102
0.05229,0.04225,0.42942,0.47604
0.09282,0.09464,0.38290,0.42964
0.03731,0.03491,0.43641,0.49137
0.02744,0.13658,0.39556,0.44042
0.08690,0.09178,0.38578,0.43554
0.14492,0.15990,0.32682,0.36836
0.10385,0.10422,0.37541,0.41653
0.13102,0.24794,0.29198,0.32906
0.08291,0.14582,0.36146,0.40981
0.05248,0.10982,0.39220,0.44550
0.08650,0.09668,0.38122,0.43559
0.03959,0.13152,0.39042,0.43847
0.15015,0.15953,0.32460,0.36572
0.12228,0.12029,0.35473,0.40270
0.26276,0.19331,0.25526,0.28867
0.09460,0.09997,0.38270,0.42273
0.04918,0.05559,0.42187,0.47336
0.09994,0.21368,0.31985,0.36653
0.11107,0.13109,0.35590,0.40194
0.22631,0.10510,0.31488,0.35371
0.03903,0.03903,0.43673,0.48521
0.07442,0.05964,0.40781,0.45812
0.13589,0.18098,0.32069,0.36244
0.16134,0.06936,0.36053,0.40877
0.06997,0.03598,0.41907,0.47499
0.08368,0.07906,0.39368,0.44358
0.08000,0.06807,0.40286,0.44907
0.13064,0.10872,0.36129,0.39935
0.06973,0.03338,0.42241,0.47448
0.07322,0.07434,0.40248,0.44997
0.08173,0.09400,0.39121,0.43306
0.08681,0.08949,0.39105,0.43266
0.09984,0.16866,0.34639,0.38510
0.20078,0.24096,0.26169,0.29657
0.05835,0.08597,0.40405,0.45162
0.06270,0.06086,0.41640,0.46004
0.10887,0.13073,0.35742,0.40297
0.06223,0.06752,0.41238,0.45787
0.08639,0.09206,0.39133,0.43022
0.12350,0.14124,0.34715,0.38812
0.11574,0.16554,0.33618,0.38254
0.06605,0.15062,0.36627,0.41706
0.11262,0.11519,0.36510,0.40709
0.10694,0.09038,0.37747,0.42521
0.13617,0.14820,0.34190,0.37372
0.11764,0.04835,0.39051,0.44351
0.20192,0.07246,0.34335,0.38227
0.07723,0.09378,0.38625,0.44274
0.25835,0.07724,0.31427,0.35014
0.04845,0.20674,0.34214,0.40267
0.11761,0.14131,0.34431,0.39677
0.07772,0.08412,0.39589,0.44228
0.05996,0.04249,0.42165,0.47589
0.04841,0.17512,0.36862,0.40785
0.06611,0.07597,0.40988,0.44804
0.07854,0.13543,0.36514,0.42089
0.05063,0.09217,0.40350,0.45369
0.05490,0.12797,0.38018,0.43695
0.10170,0.13714,0.36279,0.39837
0.19363,0.07190,0.34644,0.38802
0.06274,0.07257,0.40961,0.45508
0.13680,0.14079,0.34335,0.37907
0.17255,0.14367,0.32336,0.36041
0.07345,0.07851,0.39933,0.44871
0.08040,0.06620,0.40205,0.45135
0.22733,0.07136,0.32697,0.37434
0.10611,0.14035,0.34922,0.40432
0.11951,0.17574,0.33149,0.37326
0.05370,0.16004,0.36639,0.41987
0.05873,0.16269,0.37120,0.40738
0.05816,0.06844,0.41039,0.46301
0.12991,0.14510,0.34571,0.37928
0.07688,0.08019,0.39560,0.44733
0.07137,0.07104,0.40280,0.45480
0.05762,0.07904,0.40955,0.45378
0.15531,0.14525,0.33149,0.36795
0.13607,0.16159,0.32929,0.37305
0.10122,0.07812,0.38710,0.43355
0.05414,0.14394,0.37954,0.42238
0.10629,0.03830,0.40152,0.45390
0.02796,0.13569,0.39455,0.44180
0.08195,0.18309,0.34240,0.39256
0.08115,0.08839,0.38877,0.44169
0.15265,0.14298,0.32975,0.37462
0.36382,0.06457,0.26451,0.30709
0.06810,0.08312,0.40006,0.44871
0.10497,0.14717,0.34850,0.39936
0.07645,0.08608,0.39147,0.44600
0.06567,0.06387,0.40904,0.46141
0.07005,0.02445,0.42634,0.47917
0.12912,0.08750,0.36774,0.41565
0.05183,0.12235,0.38665,0.43916
0.10385,0.04987,0.39780,0.44848
0.07779,0.08512,0.39714,0.43994
0.28678,0.08395,0.29847,0.33080
0.04462,0.04856,0.42784,0.47899
0.13152,0.13386,0.34775,0.38688
0.07490,0.07578,0.40023,0.44909
0.05833,0.06648,0.41610,0.45910
0.07066,0.06025,0.40693,0.46216
0.10213,0.06841,0.38674,0.44273
0.03530,0.03155,0.43982,0.49334
0.03711,0.05878,0.42703,0.47707
0.09175,0.09018,0.38794,0.43013
0.07895,0.08498,0.39673,0.43934
0.10554,0.12023,0.36521,0.40902
0.17898,0.17987,0.29855,0.34260
0.11230,0.08453,0.37728,0.42589
0.07147,0.07066,0.40434,0.45354
0.07263,0.07689,0.40205,0.44843
0.04794,0.05075,0.42870,0.47261
0.03175,0.06549,0.42453,0.47823
0.09794,0.07675,0.38464,0.44068
