0.05296,0.05378,0.05079,0.04992,0.05143,0.05031,0.04822,0.04756,0.04784,0.05447,0.04833,0.04806,0.05105,0.04471,0.04506,0.05140,0.04371,0.04514,0.05691,0.05835
0.04615,0.04678,0.05031,0.05118,0.04667,0.04654,0.04327,0.04174,0.05618,0.04874,0.05223,0.05128,0.05342,0.04474,0.04796,0.04482,0.06282,0.04839,0.05836,0.05843
0.04969,0.05027,0.05006,0.04995,0.05007,0.05024,0.04696,0.04488,0.04610,0.04989,0.05193,0.05210,0.05212,0.05297,0.04725,0.04015,0.04766,0.05156,0.05764,0.05853
0.05073,0.05070,0.05079,0.05132,0.04553,0.04661,0.04600,0.04589,0.05354,0.04352,0.05452,0.05743,0.05025,0.04414,0.04749,0.04728,0.05404,0.04638,0.05670,0.05713
0.04591,0.04572,0.05090,0.05165,0.04700,0.04777,0.04892,0.04930,0.04965,0.04721,0.04705,0.04788,0.05237,0.04371,0.05119,0.04536,0.06632,0.04605,0.05827,0.05778
0.04707,0.04683,0.05044,0.05167,0.04754,0.04759,0.04501,0.04304,0.04411,0.04624,0.05247,0.05284,0.05806,0.05232,0.05148,0.04697,0.05066,0.04946,0.05758,0.05863
0.04577,0.04549,0.05067,0.05070,0.04854,0.04952,0.04531,0.04420,0.04816,0.04725,0.05157,0.05123,0.05126,0.04735,0.04506,0.04705,0.05399,0.05432,0.06148,0.06108
0.05037,0.05170,0.05142,0.04969,0.04786,0.04593,0.04723,0.04586,0.04988,0.05452,0.05316,0.05361,0.05125,0.04743,0.04876,0.04443,0.04417,0.04523,0.05860,0.05891
0.04796,0.04862,0.05453,0.05433,0.04787,0.04992,0.04507,0.04391,0.04616,0.04632,0.05127,0.05319,0.04985,0.04384,0.04431,0.04540,0.05478,0.05221,0.05996,0.06050
0.04831,0.04990,0.04644,0.04648,0.05206,0.05077,0.05391,0.05360,0.04791,0.05001,0.04942,0.04828,0.05210,0.05409,0.04934,0.04353,0.04433,0.04776,0.05571,0.05605
0.05114,0.05163,0.05083,0.05165,0.04678,0.04713,0.04710,0.04837,0.05570,0.05490,0.05189,0.05137,0.04772,0.04327,0.04773,0.04204,0.05142,0.04137,0.05911,0.05884
0.05081,0.05106,0.04737,0.04811,0.04623,0.04613,0.04955,0.04823,0.04417,0.04951,0.04964,0.05049,0.04767,0.04873,0.06443,0.06238,0.04009,0.04646,0.05491,0.05403
0.05165,0.05100,0.04644,0.04681,0.05054,0.04921,0.05022,0.05051,0.04324,0.05262,0.04726,0.04604,0.05717,0.05753,0.05669,0.04352,0.04451,0.04697,0.05411,0.05397
0.04993,0.04997,0.05477,0.05496,0.05032,0.05044,0.04733,0.04625,0.04940,0.04939,0.04842,0.04806,0.04947,0.04487,0.04934,0.04569,0.04970,0.04882,0.05612,0.05676
0.05450,0.05530,0.05081,0.04998,0.05411,0.05293,0.04442,0.04400,0.04184,0.04918,0.04929,0.04820,0.05096,0.05417,0.04986,0.04753,0.04190,0.04529,0.05806,0.05766
0.04807,0.04826,0.05129,0.05164,0.04643,0.04649,0.05353,0.05343,0.05094,0.05035,0.04948,0.04813,0.05240,0.04371,0.05090,0.04724,0.04802,0.04299,0.05831,0.05839
0.05187,0.05290,0.05160,0.05185,0.04591,0.04475,0.04633,0.04637,0.06181,0.05064,0.04974,0.05128,0.05265,0.04531,0.04525,0.04789,0.04687,0.04106,0.05762,0.05831
0.05009,0.05023,0.04937,0.05029,0.05076,0.05024,0.04776,0.04796,0.04694,0.04927,0.05425,0.05522,0.05153,0.04864,0.04823,0.04299,0.04299,0.04318,0.05978,0.06029
0.04961,0.05029,0.04886,0.04932,0.04912,0.04754,0.04881,0.04946,0.04432,0.04990,0.04978,0.04958,0.05591,0.05175,0.05093,0.04460,0.04499,0.04745,0.05923,0.05853
0.04979,0.04798,0.04922,0.05043,0.04701,0.04739,0.04795,0.04752,0.05754,0.05332,0.04844,0.04881,0.05252,0.04454,0.05037,0.04392,0.05674,0.04599,0.05501,0.05549
0.05065,0.05144,0.05086,0.05211,0.04869,0.04909,0.04859,0.04830,0.05735,0.05553,0.05091,0.05002,0.05282,0.04671,0.04562,0.04456,0.04306,0.04341,0.05487,0.05541
0.05007,0.05265,0.04863,0.04863,0.05112,0.05192,0.04463,0.04437,0.04556,0.05096,0.05040,0.05126,0.05099,0.05016,0.05117,0.04426,0.04737,0.05166,0.05688,0.05732
0.04936,0.04903,0.05140,0.05210,0.04720,0.04658,0.04578,0.04380,0.04524,0.04963,0.05603,0.05754,0.05132,0.05629,0.04464,0.04226,0.04056,0.05295,0.05893,0.05935
0.05077,0.05169,0.05195,0.05213,0.04634,0.04625,0.04415,0.04306,0.04771,0.04202,0.05943,0.05994,0.04966,0.03990,0.04711,0.04464,0.05084,0.04524,0.06393,0.06325
0.05040,0.05262,0.05001,0.05080,0.04787,0.04733,0.05218,0.05388,0.05133,0.04835,0.04964,0.04932,0.04886,0.04619,0.04950,0.04511,0.04909,0.04376,0.05713,0.05664
0.04775,0.04759,0.05262,0.05240,0.04641,0.04664,0.05067,0.04884,0.04404,0.04826,0.04886,0.05220,0.05109,0.04910,0.04527,0.04434,0.05881,0.05478,0.05480,0.05554
0.04674,0.04544,0.04828,0.04990,0.05136,0.05033,0.04911,0.04765,0.04519,0.05227,0.04825,0.04827,0.05043,0.05246,0.05196,0.04079,0.05573,0.04600,0.06000,0.05985
0.04946,0.04935,0.04965,0.05065,0.04664,0.04668,0.04941,0.04915,0.04761,0.05101,0.05942,0.05863,0.05018,0.04279,0.04214,0.04688,0.05168,0.04494,0.05728,0.05644
0.04896,0.04862,0.04668,0.04655,0.04712,0.04618,0.05321,0.05230,0.04705,0.05087,0.04696,0.04683,0.05494,0.05798,0.05222,0.04655,0.04728,0.04412,0.05813,0.05746
0.05142,0.05265,0.05014,0.05101,0.04716,0.04705,0.04916,0.05017,0.05334,0.04997,0.05546,0.05288,0.05017,0.04078,0.04634,0.04507,0.04567,0.04157,0.05989,0.06012
0.05128,0.05270,0.04979,0.04960,0.04621,0.04541,0.04595,0.04628,0.05389,0.05025,0.05764,0.05871,0.05087,0.04414,0.04466,0.04433,0.04982,0.04992,0.05443,0.05412
0.05235,0.05171,0.05014,0.05097,0.04834,0.04764,0.04645,0.04522,0.04447,0.04474,0.05456,0.05648,0.05022,0.05218,0.04842,0.04224,0.04948,0.04864,0.05811,0.05765
0.04797,0.04937,0.05006,0.05007,0.04994,0.04937,0.04686,0.04509,0.04773,0.05381,0.05274,0.05335,0.05115,0.05045,0.04281,0.04605,0.04299,0.05264,0.05898,0.05859
0.05090,0.05028,0.04927,0.05009,0.04842,0.04807,0.04754,0.04745,0.05022,0.04428,0.05904,0.05897,0.04798,0.04836,0.05105,0.04322,0.04384,0.04791,0.05628,0.05683
0.05476,0.05575,0.04807,0.04881,0.04951,0.04848,0.04657,0.04437,0.04428,0.04861,0.05365,0.05727,0.05579,0.05652,0.04787,0.04049,0.04080,0.04530,0.05579,0.05730
0.04959,0.05134,0.05081,0.05090,0.04362,0.04375,0.04685,0.04644,0.05753,0.04784,0.05412,0.05296,0.05020,0.04439,0.04351,0.04835,0.05252,0.04557,0.05935,0.06036
0.04860,0.04850,0.05013,0.05051,0.04838,0.04835,0.04785,0.04753,0.05014,0.05231,0.04840,0.04841,0.05851,0.05273,0.04952,0.04326,0.04762,0.04510,0.05678,0.05737
0.04822,0.04980,0.04863,0.04792,0.04574,0.04512,0.05437,0.05717,0.05077,0.04940,0.05011,0.05119,0.04835,0.05149,0.05051,0.04231,0.04616,0.04591,0.05826,0.05858
0.05219,0.05100,0.04812,0.04893,0.04905,0.04748,0.04637,0.04608,0.04851,0.04897,0.04913,0.04917,0.06040,0.05022,0.04779,0.04388,0.05204,0.04569,0.05668,0.05830
0.05038,0.05107,0.04971,0.05165,0.04471,0.04501,0.04588,0.04535,0.05060,0.04826,0.06130,0.05886,0.05193,0.04822,0.04815,0.04858,0.04353,0.04355,0.05663,0.05664
0.05204,0.05051,0.04743,0.04722,0.04605,0.04562,0.04838,0.04560,0.04577,0.04596,0.04945,0.05062,0.05659,0.06007,0.05416,0.04373,0.04662,0.05144,0.05637,0.05638
0.05242,0.05234,0.04734,0.04903,0.04982,0.04744,0.05439,0.05581,0.05060,0.04683,0.04809,0.04805,0.05063,0.04411,0.05219,0.04769,0.04871,0.04498,0.05540,0.05412
0.05016,0.05194,0.04918,0.04924,0.04843,0.04849,0.04710,0.04501,0.05079,0.04789,0.04926,0.04936,0.05617,0.04659,0.04939,0.04107,0.04884,0.04386,0.06361,0.06363
0.05114,0.05158,0.04902,0.05111,0.04812,0.04791,0.04863,0.04802,0.05524,0.05022,0.04520,0.04446,0.05576,0.04452,0.04901,0.04989,0.05211,0.04672,0.05558,0.05576
0.04841,0.04805,0.05211,0.05378,0.05281,0.05308,0.04596,0.04574,0.04471,0.05259,0.04968,0.04911,0.05033,0.05084,0.04719,0.04371,0.04490,0.05074,0.05811,0.05816
0.04887,0.04867,0.04880,0.05009,0.04863,0.04786,0.04949,0.04821,0.04781,0.05871,0.04963,0.04806,0.05285,0.04918,0.05494,0.04764,0.04368,0.04449,0.05602,0.05637
0.05237,0.05332,0.05129,0.05076,0.04789,0.04828,0.04437,0.04373,0.05147,0.04759,0.05216,0.05406,0.05988,0.04913,0.04708,0.04278,0.04241,0.04322,0.05973,0.05848
0.05008,0.05035,0.04818,0.04941,0.05211,0.05117,0.04920,0.04891,0.04310,0.05009,0.04502,0.04523,0.06247,0.06963,0.05006,0.03747,0.04622,0.04364,0.05434,0.05332
0.05426,0.05327,0.04944,0.05025,0.04642,0.04595,0.04901,0.04992,0.05837,0.05234,0.04730,0.04757,0.05143,0.04138,0.04832,0.04949,0.04949,0.04258,0.05634,0.05687
0.05542,0.05721,0.04924,0.04998,0.04846,0.04792,0.04629,0.04467,0.04888,0.04789,0.05049,0.05245,0.05121,0.04815,0.05181,0.04672,0.04282,0.04707,0.05648,0.05684
0.04614,0.04634,0.05264,0.05180,0.04748,0.04847,0.04682,0.04390,0.04774,0.04504,0.04898,0.05083,0.05421,0.04875,0.04192,0.04371,0.06662,0.05245,0.05842,0.05773
0.05320,0.05402,0.04597,0.04581,0.05353,0.05173,0.04917,0.04830,0.04247,0.04586,0.05210,0.05087,0.04792,0.04962,0.05872,0.04594,0.04161,0.04858,0.05702,0.05756
0.04887,0.04888,0.05396,0.05356,0.04631,0.04548,0.04342,0.04249,0.05065,0.04414,0.05203,0.05273,0.05699,0.05128,0.04583,0.04328,0.05313,0.05238,0.05656,0.05803
0.05106,0.05168,0.04789,0.04876,0.04938,0.04828,0.04720,0.04738,0.04898,0.04985,0.05172,0.05114,0.04859,0.04774,0.04511,0.04840,0.05506,0.05150,0.05503,0.05527
0.04975,0.04939,0.05032,0.05019,0.04662,0.04726,0.05049,0.04925,0.05262,0.05124,0.05071,0.05099,0.05459,0.04491,0.04435,0.04381,0.05403,0.04593,0.05707,0.05648
0.04897,0.04802,0.04723,0.04734,0.04549,0.04627,0.04996,0.04994,0.05432,0.05114,0.04658,0.04555,0.05292,0.04479,0.05928,0.05117,0.05407,0.03896,0.05878,0.05923
0.04947,0.05097,0.04923,0.04873,0.05002,0.05038,0.04760,0.04724,0.05422,0.04674,0.04722,0.04697,0.05793,0.05082,0.05114,0.04385,0.04870,0.04194,0.05834,0.05849
0.04954,0.05182,0.05398,0.05494,0.04807,0.04792,0.04417,0.04312,0.05576,0.04324,0.04867,0.04775,0.05494,0.04423,0.04845,0.04352,0.05320,0.04351,0.06153,0.06164
0.05009,0.04904,0.04944,0.05077,0.04742,0.04690,0.05058,0.04982,0.05140,0.04706,0.05210,0.05171,0.05023,0.04835,0.04999,0.04887,0.04734,0.04486,0.05757,0.05647
0.05147,0.05107,0.04992,0.05104,0.04716,0.04722,0.04739,0.04641,0.04872,0.05075,0.05025,0.04973,0.04816,0.05008,0.05024,0.04465,0.05262,0.04719,0.05748,0.05844
0.04711,0.04669,0.05559,0.05366,0.05064,0.05013,0.04908,0.04782,0.04561,0.05041,0.04901,0.05210,0.05257,0.04801,0.04649,0.04380,0.04800,0.04931,0.05665,0.05733
0.04639,0.04667,0.04994,0.04998,0.04842,0.04845,0.04741,0.04705,0.04507,0.05084,0.04979,0.05214,0.06512,0.05512,0.04766,0.04648,0.04468,0.04424,0.05743,0.05712
0.04928,0.05082,0.04983,0.04979,0.04783,0.04789,0.04746,0.04699,0.05052,0.05145,0.05857,0.05992,0.05449,0.04587,0.04298,0.04007,0.04787,0.04454,0.05683,0.05700
0.04892,0.05046,0.04991,0.05048,0.05048,0.05001,0.04661,0.04682,0.04648,0.05034,0.04714,0.04707,0.06016,0.05236,0.04969,0.04418,0.04477,0.04512,0.05994,0.05904
0.05184,0.05284,0.04901,0.04993,0.05000,0.04809,0.04892,0.04885,0.05019,0.04741,0.04957,0.05047,0.05494,0.04673,0.04961,0.04188,0.05334,0.04487,0.05529,0.05622
0.05032,0.05065,0.05013,0.05050,0.04837,0.04887,0.04782,0.04679,0.05526,0.05203,0.04775,0.04899,0.04920,0.04698,0.04971,0.04595,0.04966,0.04416,0.05817,0.05868
0.05116,0.05369,0.04937,0.04828,0.04827,0.04874,0.05210,0.05278,0.04836,0.04993,0.05002,0.05014,0.04830,0.04403,0.05633,0.05123,0.04681,0.04417,0.05275,0.05353
0.05169,0.05156,0.04944,0.04910,0.04884,0.04879,0.04746,0.04643,0.05022,0.04838,0.05014,0.05091,0.05376,0.04762,0.05213,0.04480,0.05288,0.04155,0.05688,0.05743
0.04738,0.04699,0.05267,0.05205,0.04571,0.04634,0.04879,0.04828,0.05283,0.04845,0.04854,0.04792,0.05305,0.04722,0.04106,0.04715,0.05817,0.05622,0.05591,0.05527
0.05127,0.05144,0.05000,0.05007,0.04426,0.04339,0.04813,0.04722,0.04608,0.04976,0.05151,0.05198,0.04615,0.04900,0.04474,0.04515,0.05651,0.06162,0.05588,0.05584
0.04967,0.05042,0.04942,0.05038,0.04665,0.04720,0.04833,0.04928,0.05159,0.04871,0.05161,0.05209,0.04860,0.04366,0.05079,0.04215,0.05238,0.04852,0.05947,0.05910
0.05020,0.04957,0.04880,0.04854,0.05317,0.05215,0.04836,0.04601,0.04564,0.04955,0.04987,0.05151,0.05092,0.04633,0.04876,0.04494,0.04995,0.04660,0.05948,0.05964
0.05072,0.04986,0.04788,0.04863,0.05169,0.05092,0.04558,0.04516,0.04715,0.04701,0.04912,0.05063,0.05915,0.05470,0.05228,0.04256,0.04985,0.04267,0.05758,0.05684
0.04903,0.04933,0.05075,0.05182,0.05005,0.05062,0.04703,0.04685,0.05578,0.05214,0.05065,0.05084,0.04830,0.04526,0.05126,0.03876,0.04789,0.04539,0.05904,0.05921
0.04717,0.04741,0.05048,0.05153,0.05252,0.05131,0.04583,0.04559,0.05371,0.05203,0.04756,0.04815,0.05496,0.04900,0.04738,0.04303,0.05466,0.04517,0.05661,0.05589
0.05074,0.05096,0.04997,0.05027,0.05562,0.05606,0.04964,0.05119,0.04808,0.05061,0.04873,0.04958,0.04915,0.04530,0.04935,0.04657,0.04530,0.04774,0.05221,0.05292
0.04628,0.04738,0.05180,0.05318,0.04357,0.04377,0.04357,0.04333,0.05198,0.04534,0.05932,0.05789,0.05480,0.04694,0.04911,0.04760,0.05086,0.04435,0.05898,0.05995
0.04828,0.04807,0.05185,0.05352,0.04805,0.04822,0.04999,0.04868,0.05168,0.04816,0.04621,0.04812,0.04839,0.04231,0.04394,0.04515,0.06355,0.05172,0.05729,0.05682
0.04848,0.05033,0.05140,0.05228,0.04565,0.04580,0.04658,0.04630,0.06185,0.05081,0.05461,0.05233,0.05060,0.04182,0.04540,0.04152,0.05577,0.04486,0.05644,0.05715
0.05079,0.05055,0.05099,0.05221,0.04968,0.04966,0.04901,0.04850,0.05123,0.04974,0.04951,0.05072,0.05232,0.05044,0.04742,0.04171,0.05088,0.04251,0.05535,0.05676
0.04826,0.04765,0.05019,0.05157,0.04625,0.04716,0.04640,0.04652,0.05346,0.04449,0.05118,0.05259,0.04653,0.04351,0.04485,0.04661,0.06325,0.05543,0.05646,0.05763
0.05015,0.05013,0.05110,0.05108,0.05001,0.05029,0.04605,0.04556,0.04841,0.04650,0.05018,0.04959,0.05009,0.04613,0.04436,0.04729,0.06116,0.05442,0.05347,0.05402
0.04863,0.04794,0.04672,0.04714,0.04893,0.04937,0.05317,0.05122,0.04643,0.05453,0.04813,0.04788,0.04845,0.04734,0.05974,0.04912,0.05017,0.04486,0.05515,0.05508
0.05048,0.05212,0.04936,0.05019,0.05150,0.05122,0.04833,0.04802,0.04754,0.04999,0.05084,0.05048,0.05545,0.05348,0.04706,0.04175,0.04585,0.04226,0.05721,0.05687
0.04945,0.04910,0.04892,0.04893,0.04706,0.04664,0.05312,0.05568,0.04892,0.04872,0.04741,0.04884,0.05651,0.04606,0.04806,0.04779,0.05207,0.04667,0.05500,0.05502
0.05162,0.05054,0.04652,0.04728,0.04931,0.04865,0.05710,0.05876,0.04418,0.04890,0.04798,0.04795,0.05576,0.05088,0.04704,0.04490,0.04721,0.04379,0.05579,0.05586
0.05011,0.04963,0.04918,0.04994,0.04729,0.04655,0.04680,0.04655,0.05139,0.05552,0.05361,0.05246,0.04902,0.04847,0.04952,0.04175,0.04883,0.04415,0.06000,0.05922
0.05101,0.05013,0.04706,0.04665,0.05094,0.05088,0.04820,0.04678,0.04230,0.04906,0.04993,0.05168,0.05080,0.05720,0.05669,0.04630,0.04714,0.04654,0.05532,0.05538
0.04875,0.04897,0.04766,0.04865,0.04645,0.04640,0.04902,0.04914,0.04842,0.04926,0.05877,0.05796,0.05223,0.04797,0.04727,0.04463,0.04592,0.04614,0.05846,0.05794
0.04975,0.05222,0.04880,0.04975,0.04789,0.04738,0.05193,0.05076,0.04684,0.05023,0.04856,0.04823,0.05434,0.04826,0.05226,0.04623,0.04405,0.04600,0.05917,0.05736
0.04988,0.05199,0.05030,0.04990,0.05061,0.05169,0.04624,0.04608,0.05110,0.04558,0.05344,0.05386,0.05398,0.04946,0.04519,0.04477,0.04402,0.04754,0.05769,0.05669
0.05008,0.04933,0.05148,0.05245,0.04263,0.04359,0.04857,0.04729,0.05712,0.05038,0.05273,0.05436,0.04968,0.04581,0.04701,0.04121,0.04878,0.05224,0.05734,0.05789
0.05113,0.05170,0.04779,0.04867,0.04941,0.04880,0.04585,0.04520,0.05110,0.04842,0.04800,0.04907,0.05437,0.04535,0.05414,0.04849,0.05618,0.04586,0.05565,0.05480
0.04978,0.04922,0.05228,0.05252,0.04949,0.04820,0.04653,0.04492,0.05359,0.04813,0.04785,0.04993,0.05425,0.04644,0.04377,0.04311,0.04978,0.05052,0.05928,0.06040
0.04966,0.04929,0.04736,0.04708,0.04715,0.04700,0.04714,0.04651,0.05114,0.04598,0.05720,0.05595,0.05283,0.04344,0.04730,0.04648,0.05348,0.04561,0.05917,0.06022
0.04902,0.04804,0.05121,0.05190,0.04850,0.04837,0.04754,0.04917,0.05442,0.05136,0.05106,0.04980,0.05551,0.04798,0.04974,0.04746,0.04586,0.03869,0.05732,0.05703
0.05319,0.05388,0.04832,0.04867,0.04796,0.04778,0.04655,0.04746,0.05411,0.05437,0.05130,0.04966,0.05382,0.04784,0.04622,0.04544,0.04640,0.04527,0.05522,0.05655
0.05092,0.05179,0.04944,0.04959,0.04897,0.04895,0.04756,0.04619,0.04743,0.05143,0.05376,0.05505,0.05162,0.04830,0.05027,0.04631,0.04494,0.04721,0.05515,0.05512
0.05078,0.05158,0.04839,0.05002,0.04500,0.04452,0.05034,0.04834,0.05642,0.05130,0.05599,0.05463,0.04817,0.04244,0.04897,0.04597,0.04602,0.04547,0.05798,0.05768
0.05372,0.05280,0.05008,0.05113,0.05030,0.05005,0.04819,0.04793,0.05332,0.04844,0.04507,0.04662,0.05550,0.04897,0.05059,0.04233,0.04829,0.04727,0.05524,0.05417
