0.13297,0.00967,0.02318,0.47656,0.13136,0.18161,0.03139,0.00291,0.00391,0.00643
0.01379,0.13013,0.19436,0.07112,0.06430,0.42842,0.07552,0.00908,0.00572,0.00755
0.01162,0.08032,0.01194,0.13820,0.04741,0.22923,0.40819,0.02808,0.01604,0.02896
0.00254,0.00364,0.01068,0.01166,0.00645,0.62716,0.32710,0.00151,0.00328,0.00596
0.02399,0.01735,0.01167,0.01242,0.32694,0.42817,0.16440,0.00566,0.00267,0.00674
0.00379,0.01980,0.12823,0.42936,0.01271,0.33395,0.05651,0.00264,0.00437,0.00864
0.01108,0.01069,0.01745,0.02097,0.12246,0.42069,0.32799,0.00514,0.01699,0.04653
0.07581,0.03531,0.12611,0.02253,0.15890,0.42007,0.09528,0.04363,0.01090,0.01146
0.02059,0.34416,0.20988,0.02842,0.02468,0.20970,0.12521,0.01907,0.00864,0.00966
0.02293,0.02995,0.02058,0.02174,0.23470,0.46565,0.16896,0.00457,0.01263,0.01829
0.01271,0.04616,0.05325,0.09037,0.22036,0.40403,0.06185,0.02056,0.02404,0.06668
0.00934,0.01127,0.02689,0.26655,0.32888,0.13636,0.09772,0.00340,0.04506,0.07453
0.03474,0.02303,0.06357,0.43226,0.10178,0.21734,0.08013,0.00561,0.01246,0.02907
0.00873,0.00863,0.15202,0.33720,0.19517,0.03327,0.13286,0.11050,0.00443,0.01719
0.06318,0.06974,0.00996,0.04365,0.03898,0.59361,0.15611,0.00771,0.00756,0.00949
0.01101,0.01027,0.07173,0.23961,0.07256,0.31655,0.25173,0.00584,0.00545,0.01525
0.01139,0.01535,0.22051,0.15093,0.16074,0.19494,0.19870,0.01078,0.01020,0.02646
0.00980,0.01122,0.25766,0.11865,0.04031,0.09518,0.17024,0.28083,0.00444,0.01169
0.00599,0.23906,0.01118,0.53441,0.01589,0.06256,0.10753,0.00487,0.00712,0.01138
0.00926,0.01044,0.08970,0.02006,0.02286,0.29574,0.22937,0.00431,0.01833,0.29993
0.00839,0.00797,0.01143,0.01258,0.09468,0.43047,0.37485,0.00380,0.00991,0.04591
0.01840,0.03809,0.03735,0.04267,0.20102,0.25348,0.17182,0.01178,0.01790,0.20749
0.00934,0.17333,0.10555,0.05667,0.28927,0.13489,0.09167,0.05655,0.04339,0.03935
0.03654,0.14251,0.15831,0.13847,0.12661,0.03050,0.08145,0.01211,0.01081,0.26271
0.00779,0.00532,0.29386,0.04193,0.23933,0.27488,0.08574,0.02708,0.01447,0.00960
0.00461,0.00381,0.01081,0.00976,0.01209,0.71193,0.22395,0.00193,0.00776,0.01334
0.01078,0.01163,0.19875,0.30202,0.04085,0.30036,0.09170,0.00838,0.02109,0.01445
0.03822,0.02332,0.09661,0.11155,0.18571,0.09887,0.06500,0.01034,0.02034,0.35004
0.01454,0.00998,0.01858,0.01798,0.09135,0.56721,0.25301,0.00338,0.00875,0.01523
0.01166,0.05171,0.30302,0.06314,0.03833,0.04993,0.26739,0.04619,0.01066,0.15799
0.08733,0.02313,0.20993,0.11099,0.19383,0.14046,0.12641,0.06385,0.02559,0.01850
0.01181,0.00906,0.10081,0.24632,0.14928,0.33381,0.10140,0.00702,0.01338,0.02710
0.00954,0.01189,0.09648,0.36808,0.03364,0.38525,0.05498,0.00342,0.01572,0.02099
0.03649,0.05411,0.09800,0.07206,0.03879,0.49635,0.13892,0.00784,0.02565,0.03179
0.02679,0.03788,0.02072,0.01815,0.55912,0.08956,0.14128,0.02345,0.02530,0.05775
0.02816,0.02156,0.02122,0.03125,0.29698,0.22100,0.22287,0.11364,0.01387,0.02945
0.01200,0.00807,0.23623,0.04127,0.01372,0.02359,0.32067,0.30461,0.01766,0.02217
0.00486,0.25659,0.02959,0.33190,0.01877,0.18577,0.14491,0.00752,0.00572,0.01436
0.01173,0.01192,0.01352,0.01230,0.47008,0.19171,0.07334,0.00584,0.02790,0.18166
0.00193,0.00275,0.08623,0.00567,0.00625,0.57897,0.28761,0.00182,0.01236,0.01641
0.00511,0.00605,0.09580,0.19577,0.13753,0.27500,0.14334,0.01162,0.01319,0.11659
0.02089,0.02156,0.07178,0.09050,0.04757,0.04409,0.25481,0.24329,0.10006,0.10543
0.01785,0.01029,0.04922,0.18461,0.07370,0.37309,0.25809,0.00331,0.00716,0.02267
0.02249,0.18585,0.01591,0.37820,0.06574,0.18038,0.06659,0.00705,0.02049,0.05730
0.00858,0.00889,0.01947,0.02018,0.18527,0.38104,0.34436,0.00517,0.00765,0.01938
0.00305,0.00322,0.01314,0.00509,0.01243,0.55214,0.37662,0.00192,0.00822,0.02417
0.01205,0.01654,0.04825,0.01919,0.02902,0.02923,0.50524,0.21698,0.00734,0.11614
0.01186,0.03259,0.01592,0.02168,0.04654,0.19458,0.27958,0.02032,0.01391,0.36302
0.05496,0.01584,0.07966,0.03461,0.03911,0.33989,0.04116,0.35497,0.01838,0.02141
0.00234,0.00272,0.00962,0.00627,0.00893,0.70809,0.22316,0.00140,0.02427,0.01320
0.01635,0.02113,0.02345,0.02100,0.12407,0.50238,0.13694,0.00667,0.07825,0.06976
0.01676,0.02442,0.36095,0.01802,0.01079,0.29840,0.24531,0.00549,0.00706,0.01282
0.00621,0.19828,0.01420,0.43482,0.02697,0.25397,0.03445,0.00449,0.00888,0.01774
0.05211,0.05000,0.05970,0.05670,0.42942,0.17733,0.12935,0.03418,0.00531,0.00589
0.01315,0.01364,0.01955,0.02530,0.02598,0.45485,0.35703,0.00785,0.01443,0.06822
0.01342,0.01546,0.07129,0.10919,0.16426,0.37156,0.23229,0.00445,0.00883,0.00926
0.00422,0.00556,0.02402,0.03089,0.35884,0.35782,0.16413,0.00530,0.01472,0.03450
0.00971,0.01379,0.01363,0.01513,0.05674,0.46603,0.40326,0.00444,0.00741,0.00986
0.06368,0.07282,0.14170,0.08271,0.50238,0.02473,0.04826,0.02003,0.01628,0.02740
0.17999,0.00750,0.13669,0.25327,0.32083,0.02304,0.04825,0.00385,0.00862,0.01796
0.01145,0.00596,0.14860,0.04289,0.01644,0.31909,0.37811,0.02031,0.01145,0.04570
0.00458,0.17102,0.22920,0.45474,0.02520,0.04808,0.04832,0.00254,0.00558,0.01074
0.03150,0.02800,0.01906,0.01106,0.10023,0.57061,0.17252,0.03226,0.02276,0.01200
0.06105,0.04052,0.01054,0.01018,0.14112,0.01419,0.52414,0.18854,0.00295,0.00676
0.03986,0.01667,0.24446,0.01915,0.02063,0.25175,0.22685,0.01406,0.13227,0.03430
0.01856,0.01130,0.01873,0.01994,0.06695,0.41466,0.25910,0.00700,0.02370,0.16006
0.02042,0.02532,0.04350,0.06461,0.09763,0.47258,0.23926,0.00354,0.01125,0.02190
0.01165,0.01380,0.10745,0.14332,0.27265,0.14961,0.26157,0.02121,0.00736,0.01139
0.00445,0.00614,0.05657,0.23742,0.02625,0.41697,0.20630,0.00275,0.01933,0.02382
0.15021,0.21169,0.06224,0.02298,0.16497,0.25215,0.05967,0.00960,0.04693,0.01956
0.00628,0.00683,0.02068,0.02428,0.22641,0.46711,0.22024,0.01329,0.00436,0.01052
0.00560,0.15061,0.33061,0.17856,0.02037,0.21510,0.06606,0.00552,0.00698,0.02060
0.01422,0.01439,0.07546,0.22027,0.08945,0.34916,0.19107,0.01004,0.01220,0.02374
0.00505,0.01069,0.02373,0.02686,0.02593,0.49162,0.37290,0.00424,0.00731,0.03166
0.01208,0.00848,0.07481,0.09459,0.29365,0.19986,0.27342,0.02065,0.01019,0.01227
0.00632,0.00872,0.01316,0.30882,0.04056,0.51018,0.09520,0.00323,0.00476,0.00905
0.03652,0.02824,0.02243,0.02491,0.23704,0.21600,0.11691,0.01954,0.01677,0.28165
0.00768,0.00807,0.06862,0.13301,0.02068,0.44289,0.30393,0.00404,0.00356,0.00752
0.00560,0.00768,0.07369,0.10926,0.01396,0.65640,0.11916,0.00288,0.00398,0.00739
0.04801,0.05785,0.01100,0.01647,0.11123,0.17285,0.29670,0.06726,0.01895,0.19968
0.00644,0.00444,0.00986,0.00873,0.02490,0.60463,0.33061,0.00281,0.00255,0.00502
0.01783,0.01185,0.01250,0.01254,0.41618,0.32626,0.12782,0.00631,0.03494,0.03377
0.00387,0.03570,0.00843,0.06411,0.04444,0.56638,0.23027,0.01327,0.00982,0.02370
0.02914,0.01645,0.02020,0.02521,0.45169,0.32382,0.11137,0.00370,0.00932,0.00911
0.00323,0.00276,0.34044,0.02075,0.00778,0.32390,0.27696,0.00295,0.00859,0.01263
0.17318,0.22397,0.12026,0.02780,0.01451,0.13289,0.06432,0.01285,0.03584,0.19436
0.00617,0.00633,0.24300,0.00868,0.01011,0.33029,0.36541,0.00469,0.01035,0.01496
0.04618,0.03867,0.14523,0.18937,0.06170,0.28140,0.17980,0.00526,0.00863,0.04376
0.04362,0.11155,0.01143,0.00852,0.15374,0.04344,0.11956,0.00922,0.06450,0.43442
0.00350,0.00487,0.02021,0.02804,0.16040,0.47101,0.21581,0.00470,0.04144,0.05001
0.01327,0.00977,0.08870,0.06730,0.52803,0.06486,0.05430,0.01227,0.03399,0.12753
0.00567,0.00676,0.02167,0.01061,0.02058,0.58577,0.27408,0.00283,0.02364,0.04839
0.02504,0.03053,0.14619,0.11744,0.44555,0.09995,0.07966,0.01704,0.02063,0.01797
0.05436,0.04547,0.02539,0.03374,0.29688,0.38201,0.12440,0.00456,0.00985,0.02334
0.43897,0.03185,0.06799,0.12664,0.03737,0.15338,0.12671,0.00442,0.00416,0.00851
0.00684,0.02910,0.08270,0.06079,0.03405,0.60697,0.13951,0.01092,0.01193,0.01718
0.00577,0.00554,0.01194,0.01043,0.24705,0.38292,0.31337,0.00724,0.00556,0.01018
0.01559,0.01816,0.04022,0.05038,0.27219,0.06046,0.31251,0.01593,0.12817,0.08640
0.01968,0.01518,0.17230,0.01705,0.04753,0.46906,0.19455,0.03227,0.01287,0.01950
0.01384,0.01459,0.05265,0.06957,0.13865,0.35049,0.16999,0.01133,0.02745,0.15144
