0.03524,0.03154,0.06722,0.06931,0.01497,0.04412,0.35221,0.33088,0.01538,0.03912
0.01513,0.01416,0.01685,0.02114,0.00654,0.43457,0.44750,0.00752,0.01579,0.02080
0.01918,0.02053,0.01944,0.01508,0.10696,0.35420,0.39697,0.02753,0.02167,0.01844
0.01629,0.01862,0.04282,0.03238,0.14772,0.17566,0.36911,0.17817,0.00554,0.01369
0.00806,0.00889,0.04473,0.04265,0.31269,0.26703,0.29240,0.00591,0.00936,0.00829
0.01076,0.25239,0.02503,0.27550,0.06543,0.11730,0.15418,0.07346,0.01116,0.01479
0.00653,0.01170,0.58894,0.00998,0.01760,0.16770,0.17790,0.00502,0.00689,0.00774
0.03406,0.01899,0.04728,0.02890,0.13362,0.37654,0.32823,0.01389,0.00981,0.00868
0.01338,0.00971,0.02195,0.01996,0.78267,0.04876,0.05975,0.02354,0.01165,0.00862
0.02629,0.02701,0.03081,0.02863,0.10567,0.36668,0.38370,0.00622,0.01134,0.01365
0.06508,0.25819,0.02312,0.23432,0.08617,0.11919,0.14508,0.04189,0.01129,0.01568
0.00789,0.01156,0.32977,0.32916,0.14041,0.05768,0.07974,0.02233,0.00473,0.01673
0.01464,0.02939,0.17138,0.14992,0.28719,0.14923,0.16903,0.01086,0.00828,0.01007
0.00683,0.33206,0.04914,0.01517,0.37887,0.07401,0.09710,0.02507,0.00939,0.01236
0.01585,0.01626,0.19131,0.18632,0.38176,0.08395,0.09898,0.00841,0.00765,0.00952
0.02322,0.02300,0.10889,0.09410,0.30312,0.18612,0.20932,0.01052,0.00901,0.03270
0.00827,0.00844,0.18841,0.19321,0.01496,0.27136,0.28902,0.00620,0.00914,0.01100
0.02431,0.22301,0.04043,0.04673,0.27094,0.16395,0.16463,0.01505,0.01655,0.03440
0.01868,0.02172,0.05475,0.05066,0.03377,0.36417,0.39534,0.03980,0.00974,0.01137
0.01753,0.02544,0.15470,0.11080,0.03898,0.28291,0.29459,0.01506,0.02798,0.03201
0.15723,0.14914,0.05256,0.05565,0.08171,0.12041,0.13800,0.01083,0.10682,0.12765
0.02035,0.01872,0.04204,0.03089,0.36301,0.14023,0.15187,0.00512,0.11105,0.11671
0.02556,0.02754,0.04985,0.06749,0.13065,0.23079,0.32244,0.09692,0.02817,0.02059
0.00582,0.00875,0.20140,0.19404,0.05576,0.21967,0.25345,0.02405,0.01579,0.02126
0.01213,0.22139,0.04286,0.30235,0.17337,0.10445,0.12165,0.01120,0.00526,0.00535
0.00424,0.00512,0.25198,0.05429,0.01565,0.30669,0.32333,0.00718,0.01282,0.01871
0.01926,0.01753,0.04772,0.44493,0.05105,0.18512,0.19527,0.01061,0.01299,0.01552
0.01444,0.17716,0.06023,0.23861,0.19304,0.13975,0.15668,0.00669,0.00554,0.00785
0.11575,0.25106,0.00536,0.05399,0.26603,0.09165,0.04979,0.01238,0.05479,0.09919
0.08125,0.06780,0.08734,0.06821,0.37637,0.12972,0.14880,0.02030,0.01028,0.00994
0.01921,0.15171,0.07866,0.17323,0.06099,0.18638,0.21188,0.00835,0.04107,0.06852
0.04856,0.05564,0.03024,0.02278,0.09778,0.18067,0.36505,0.17851,0.00763,0.01314
0.01734,0.02313,0.35366,0.34697,0.13183,0.03270,0.04404,0.01592,0.01345,0.02097
0.26482,0.28486,0.10556,0.10580,0.02340,0.07759,0.09352,0.01203,0.01514,0.01729
0.08058,0.07845,0.25837,0.08676,0.09458,0.08873,0.16966,0.08167,0.02361,0.03760
0.00775,0.00947,0.02145,0.01645,0.08214,0.44329,0.39206,0.00686,0.00857,0.01197
0.06442,0.15512,0.02171,0.18514,0.17519,0.14556,0.18341,0.03279,0.01548,0.02118
0.00816,0.04899,0.02392,0.05874,0.03908,0.22857,0.40109,0.16974,0.00858,0.01313
0.00650,0.00460,0.03787,0.03850,0.00945,0.42219,0.44411,0.01395,0.00788,0.01493
0.00781,0.00895,0.04812,0.04894,0.04621,0.38522,0.40229,0.00942,0.00973,0.03332
0.00946,0.01099,0.36162,0.35302,0.09155,0.06320,0.07914,0.00393,0.01392,0.01317
0.02927,0.05399,0.06605,0.13116,0.25334,0.18017,0.20274,0.06103,0.00943,0.01283
0.05710,0.05607,0.31396,0.30952,0.01385,0.10046,0.11514,0.01046,0.00895,0.01449
0.00832,0.00931,0.13438,0.13337,0.08687,0.27090,0.29056,0.01682,0.01694,0.03252
0.03157,0.02183,0.09923,0.08854,0.05655,0.12364,0.31223,0.18540,0.03051,0.05050
0.01012,0.01080,0.04020,0.04977,0.10531,0.11380,0.36516,0.24696,0.03184,0.02604
0.00480,0.00518,0.04398,0.03395,0.08713,0.19803,0.20717,0.00447,0.20620,0.20910
0.01491,0.01205,0.01183,0.01648,0.03586,0.42449,0.44169,0.01443,0.01464,0.01363
0.01508,0.01468,0.09216,0.09422,0.02786,0.33158,0.34576,0.02337,0.02021,0.03508
0.15180,0.03765,0.11877,0.04260,0.02686,0.25131,0.28721,0.01489,0.03418,0.03474
0.00974,0.01782,0.12401,0.11715,0.02985,0.18040,0.23897,0.04859,0.09207,0.14138
0.03598,0.02766,0.02722,0.02453,0.43592,0.06391,0.15769,0.09517,0.09645,0.03547
0.00964,0.01065,0.26187,0.26065,0.10345,0.12783,0.14402,0.00609,0.03563,0.04016
0.01173,0.02421,0.10116,0.09094,0.08741,0.28469,0.25293,0.01549,0.06155,0.06989
0.02859,0.02005,0.38730,0.37120,0.09597,0.03157,0.03473,0.01602,0.00533,0.00923
0.01998,0.00991,0.04332,0.01251,0.02136,0.38906,0.42294,0.02189,0.02512,0.03390
0.00897,0.01156,0.40664,0.40168,0.07305,0.02191,0.04306,0.01208,0.00798,0.01306
0.02166,0.02812,0.03015,0.01590,0.43535,0.05240,0.09014,0.02616,0.15026,0.14988
0.02243,0.01845,0.17768,0.17148,0.22009,0.16035,0.17410,0.01158,0.01861,0.02522
0.23723,0.25025,0.04326,0.03618,0.11735,0.13314,0.13663,0.01501,0.01164,0.01931
0.02485,0.04685,0.01084,0.01215,0.45656,0.06866,0.07512,0.03392,0.13130,0.13976
0.04685,0.03827,0.19245,0.18364,0.05250,0.13039,0.13623,0.11755,0.06689,0.03523
0.01385,0.01954,0.08651,0.08679,0.16297,0.21191,0.25281,0.01820,0.03892,0.10850
0.01648,0.00546,0.29809,0.02725,0.01495,0.22304,0.27249,0.04798,0.05188,0.04239
0.01382,0.02046,0.13571,0.11141,0.09863,0.17882,0.28329,0.13163,0.01081,0.01542
0.19894,0.21598,0.04115,0.03285,0.19925,0.05044,0.10551,0.05567,0.05357,0.04664
0.06946,0.14195,0.01308,0.08053,0.07339,0.21455,0.25586,0.12908,0.00855,0.01355
0.00943,0.01444,0.25009,0.26000,0.01769,0.19885,0.22292,0.01341,0.00605,0.00711
0.00927,0.01097,0.02229,0.02800,0.17943,0.31018,0.33915,0.01551,0.03002,0.05519
0.00882,0.01252,0.09938,0.11563,0.01163,0.08907,0.35974,0.25920,0.01998,0.02403
0.00850,0.00888,0.03016,0.02386,0.04159,0.40530,0.42563,0.01157,0.02330,0.02122
0.00870,0.01233,0.02722,0.01392,0.12619,0.38127,0.33326,0.04613,0.01487,0.03611
0.04643,0.04435,0.03177,0.02863,0.30233,0.24841,0.26714,0.01013,0.00873,0.01208
0.01207,0.01248,0.02376,0.01669,0.38441,0.14719,0.27544,0.10227,0.01248,0.01321
0.00287,0.27003,0.01482,0.34417,0.16434,0.07508,0.10571,0.00575,0.00840,0.00884
0.11315,0.11906,0.02660,0.02181,0.07830,0.20800,0.24250,0.02062,0.08430,0.08567
0.03522,0.03469,0.06964,0.05604,0.05862,0.27063,0.35897,0.09126,0.01577,0.00915
0.00992,0.01618,0.04075,0.04620,0.22398,0.31344,0.33179,0.00596,0.00553,0.00626
0.07187,0.06589,0.21512,0.20477,0.01835,0.11067,0.14933,0.01568,0.06474,0.08358
0.00597,0.00847,0.34673,0.33702,0.12094,0.08223,0.08497,0.00268,0.00611,0.00489
0.00558,0.00677,0.08691,0.08276,0.06630,0.33329,0.34171,0.00832,0.02554,0.04281
0.01077,0.02606,0.02402,0.02223,0.01760,0.41895,0.43810,0.00771,0.01134,0.02321
0.01324,0.04739,0.09895,0.08002,0.07609,0.31146,0.33282,0.01268,0.00878,0.01855
0.00640,0.01350,0.01661,0.01110,0.10887,0.38921,0.39898,0.01874,0.01551,0.02109
0.00514,0.00726,0.20525,0.21164,0.21829,0.13706,0.16211,0.03411,0.00872,0.01041
0.01166,0.01096,0.21161,0.21285,0.02069,0.11986,0.15065,0.03586,0.11019,0.11567
0.00603,0.01066,0.02525,0.02080,0.09707,0.19751,0.21512,0.00755,0.20628,0.21374
0.21949,0.21547,0.13381,0.05873,0.09913,0.06039,0.09078,0.05472,0.03080,0.03668
0.01156,0.01118,0.25793,0.03392,0.07934,0.28905,0.29866,0.00736,0.00434,0.00665
0.00721,0.02381,0.01948,0.01445,0.10584,0.43884,0.37342,0.00665,0.00336,0.00695
0.00935,0.00786,0.18847,0.17835,0.10877,0.21270,0.23748,0.01288,0.02283,0.02130
0.01238,0.01410,0.03503,0.05136,0.10083,0.33702,0.37282,0.01411,0.01919,0.04316
0.00696,0.00644,0.09502,0.09273,0.09507,0.26912,0.30535,0.02173,0.03764,0.06995
0.15173,0.15897,0.13648,0.11753,0.08389,0.06035,0.15928,0.10292,0.01502,0.01383
0.05197,0.05204,0.08475,0.07875,0.09868,0.27788,0.30343,0.01962,0.01708,0.01581
0.21637,0.03191,0.05612,0.01751,0.15453,0.17904,0.14334,0.14056,0.03007,0.03055
0.00646,0.00595,0.02550,0.02385,0.07126,0.04331,0.42865,0.38889,0.00231,0.00382
0.02203,0.02786,0.15108,0.14007,0.25147,0.15280,0.17334,0.00757,0.02455,0.04922
0.00522,0.00312,0.07272,0.06035,0.66155,0.04663,0.08936,0.02772,0.01382,0.01952
0.02378,0.02830,0.07084,0.05370,0.34406,0.17893,0.19039,0.02410,0.03986,0.04604
0.17828,0.17640,0.11173,0.11663,0.07395,0.11539,0.14169,0.02819,0.02095,0.03679
0.01330,0.01838,0.22171,0.22891,0.03550,0.18426,0.23064,0.03799,0.01078,0.01853
0.02126,0.02096,0.05463,0.06137,0.11783,0.24314,0.29646,0.08127,0.05632,0.04677
0.01648,0.01531,0.06764,0.05966,0.27873,0.21311,0.20560,0.00582,0.07310,0.06455
0.00484,0.00327,0.02770,0.02174,0.02058,0.11917,0.12604,0.00706,0.32718,0.34242
0.00829,0.01012,0.07342,0.07144,0.69448,0.02889,0.05845,0.01992,0.00853,0.02646
0.17709,0.19164,0.05660,0.05191,0.15552,0.13469,0.15817,0.05017,0.01425,0.00996
0.00519,0.00772,0.06919,0.06225,0.19237,0.27303,0.30516,0.01771,0.02443,0.04296
0.05598,0.05081,0.09528,0.08691,0.35166,0.15175,0.17543,0.00529,0.01282,0.01407
0.08315,0.08216,0.11240,0.09381,0.02264,0.26894,0.28433,0.01967,0.01002,0.02288
0.00736,0.00660,0.07979,0.08126,0.04923,0.33971,0.36204,0.01995,0.01897,0.03509
0.01543,0.01872,0.04426,0.03496,0.01318,0.35156,0.37504,0.02598,0.04818,0.07270
0.01221,0.02275,0.28047,0.26636,0.02596,0.19710,0.16733,0.00805,0.00799,0.01178
0.01502,0.01704,0.30903,0.29508,0.02956,0.16096,0.14768,0.00399,0.00765,0.01399
0.02174,0.02265,0.13275,0.11270,0.11359,0.28760,0.26985,0.01887,0.00935,0.01091
0.00343,0.00742,0.01176,0.01183,0.08016,0.01473,0.33561,0.31246,0.10890,0.11369
0.01119,0.00958,0.02245,0.01917,0.02444,0.43393,0.44374,0.00334,0.01613,0.01602
0.03743,0.03085,0.01257,0.01225,0.02489,0.41442,0.43424,0.00563,0.01142,0.01631
0.00601,0.00785,0.01616,0.01515,0.30795,0.18303,0.22545,0.00392,0.08999,0.14449
0.00971,0.00930,0.01478,0.12557,0.14451,0.32762,0.34204,0.00305,0.00920,0.01422
0.33196,0.34014,0.01816,0.02051,0.11929,0.04339,0.05635,0.01230,0.01372,0.04417
0.01647,0.16524,0.04609,0.15596,0.17421,0.11736,0.19755,0.08094,0.02581,0.02036
0.01738,0.01416,0.27347,0.26575,0.01507,0.18961,0.20647,0.00838,0.00319,0.00652
0.00964,0.01727,0.07970,0.06762,0.16308,0.24083,0.32474,0.07265,0.00996,0.01451
0.20822,0.20927,0.09304,0.08386,0.03815,0.07305,0.15727,0.09409,0.01003,0.03301
0.01437,0.02290,0.12215,0.11632,0.12825,0.22714,0.28346,0.05216,0.01342,0.01982
0.03815,0.03736,0.16669,0.15118,0.03822,0.22868,0.23263,0.01283,0.04022,0.05405
0.00952,0.01576,0.06191,0.06678,0.04103,0.33822,0.36963,0.00719,0.03436,0.05559
0.02529,0.01840,0.04552,0.04014,0.06648,0.17173,0.27694,0.10898,0.11904,0.12748
0.00783,0.00984,0.10462,0.09538,0.43240,0.09652,0.16363,0.05292,0.01736,0.01951
0.11161,0.12090,0.01503,0.01394,0.04352,0.26273,0.31673,0.03909,0.03993,0.03652
0.07500,0.03083,0.29065,0.02398,0.16742,0.16378,0.13752,0.02154,0.04313,0.04614
0.11760,0.12526,0.03414,0.02873,0.11533,0.22606,0.23379,0.04752,0.03437,0.03719
0.01134,0.01830,0.01039,0.01726,0.03711,0.32305,0.44148,0.10183,0.02210,0.01715
0.00768,0.02368,0.15704,0.15364,0.05609,0.29319,0.27948,0.01299,0.00428,0.01193
0.04198,0.02208,0.01852,0.02593,0.17232,0.39807,0.28023,0.02805,0.00597,0.00686
0.05181,0.08075,0.04833,0.04896,0.02842,0.26793,0.29662,0.00923,0.06803,0.09992
0.03872,0.03953,0.05275,0.03601,0.08291,0.25714,0.37281,0.10301,0.00571,0.01142
0.03286,0.04231,0.04371,0.02842,0.28149,0.37212,0.15707,0.00984,0.01493,0.01726
0.00696,0.01016,0.06573,0.15320,0.25582,0.22240,0.23697,0.00811,0.01174,0.02892
0.05146,0.02172,0.10708,0.08750,0.02108,0.12567,0.14626,0.15622,0.18408,0.09891
0.01702,0.02225,0.01934,0.01801,0.13517,0.36390,0.38921,0.00951,0.00942,0.01617
0.01289,0.03010,0.14004,0.12587,0.35717,0.06929,0.08182,0.01282,0.08259,0.08740
0.00590,0.01327,0.23381,0.22778,0.31550,0.06095,0.09525,0.01250,0.01071,0.02433
0.01952,0.02421,0.09648,0.07641,0.04759,0.28552,0.36738,0.06689,0.00634,0.00965
0.00483,0.00899,0.17760,0.11124,0.39261,0.12200,0.09844,0.01439,0.02650,0.04341
0.04391,0.11017,0.26140,0.05850,0.12920,0.17427,0.19003,0.00421,0.00855,0.01978
0.01114,0.00726,0.00883,0.00839,0.02028,0.44793,0.47351,0.00859,0.00439,0.00970
0.00379,0.00756,0.01732,0.01759,0.01533,0.43730,0.45233,0.00428,0.02057,0.02394
0.02363,0.03448,0.39640,0.38436,0.04348,0.05246,0.05286,0.00390,0.00327,0.00516
0.03680,0.05402,0.02366,0.03374,0.06699,0.31082,0.34672,0.01638,0.04064,0.07023
0.00673,0.00896,0.01546,0.01088,0.70468,0.09601,0.11052,0.00694,0.01637,0.02345
0.01647,0.00875,0.03163,0.04802,0.04591,0.36519,0.38958,0.00900,0.03409,0.05135
0.00934,0.01474,0.13028,0.11925,0.11924,0.25651,0.26849,0.01979,0.02681,0.03554
0.02983,0.03109,0.02647,0.07440,0.17432,0.16947,0.31815,0.14765,0.00667,0.02195
0.02046,0.01893,0.04325,0.03652,0.40723,0.14957,0.22431,0.07888,0.00809,0.01276
0.00873,0.00889,0.03437,0.01493,0.05140,0.37479,0.41113,0.07235,0.01301,0.01040
0.00420,0.00911,0.09399,0.07538,0.07430,0.35867,0.37071,0.00228,0.00324,0.00812
0.02547,0.01822,0.02244,0.02210,0.33933,0.27363,0.28750,0.00484,0.00224,0.00424
0.03423,0.03771,0.07092,0.07205,0.30936,0.17938,0.17964,0.00588,0.05497,0.05586
0.07269,0.06523,0.00971,0.01057,0.52322,0.11651,0.15632,0.03211,0.00730,0.00633
0.03632,0.03970,0.03097,0.02427,0.01408,0.39301,0.41403,0.01342,0.01522,0.01898
0.06652,0.06689,0.02945,0.02179,0.02517,0.37264,0.35153,0.00702,0.03059,0.02839
0.06195,0.03570,0.02186,0.02069,0.08293,0.22019,0.25406,0.01980,0.12943,0.15340
0.01388,0.02384,0.11312,0.11578,0.05491,0.18381,0.23651,0.05837,0.09818,0.10160
0.10171,0.11241,0.10792,0.11013,0.05621,0.19836,0.21893,0.02308,0.02938,0.04187
0.02362,0.03273,0.23048,0.22343,0.34515,0.04846,0.06595,0.01106,0.00735,0.01178
0.01891,0.07285,0.42947,0.04272,0.10836,0.15120,0.15618,0.01028,0.00557,0.00448
0.01911,0.01388,0.01223,0.01217,0.56683,0.15628,0.17591,0.01150,0.01463,0.01747
0.07652,0.09612,0.01523,0.01090,0.20751,0.07608,0.10093,0.02218,0.18785,0.20667
0.01318,0.01040,0.01209,0.00796,0.36274,0.27651,0.29186,0.00779,0.00734,0.01013
0.00931,0.01601,0.03669,0.01895,0.18030,0.21209,0.23360,0.01105,0.12967,0.15233
0.00583,0.01017,0.03600,0.03761,0.51391,0.17146,0.19584,0.01014,0.00558,0.01346
0.11289,0.11702,0.04691,0.04461,0.18027,0.21473,0.23759,0.01755,0.01366,0.01477
0.00974,0.01688,0.06263,0.04887,0.09151,0.34332,0.37603,0.03265,0.01069,0.00769
0.04160,0.06034,0.16879,0.01635,0.07441,0.29145,0.30561,0.01304,0.00766,0.02076
0.00747,0.03714,0.01634,0.01200,0.00882,0.43282,0.45100,0.01182,0.01036,0.01224
0.01785,0.02604,0.61902,0.02108,0.09321,0.09522,0.09687,0.00746,0.00565,0.01759
0.01139,0.01408,0.34530,0.33452,0.12828,0.05542,0.06565,0.01948,0.01467,0.01121
0.06940,0.09482,0.01495,0.01412,0.06374,0.33882,0.36417,0.00596,0.01569,0.01832
0.03415,0.06610,0.04445,0.03936,0.21390,0.27746,0.29017,0.00610,0.01368,0.01465
0.02210,0.03713,0.11193,0.11033,0.19894,0.15086,0.23700,0.07989,0.02199,0.02982
0.00823,0.01256,0.18851,0.18684,0.00710,0.17621,0.19364,0.00614,0.08889,0.13188
0.03953,0.13419,0.07553,0.12142,0.01091,0.26701,0.29838,0.01138,0.01610,0.02555
0.03766,0.02151,0.02442,0.37363,0.37431,0.05857,0.06381,0.01856,0.01215,0.01539
0.03959,0.09016,0.01623,0.07577,0.09468,0.28645,0.31321,0.06289,0.00560,0.01543
0.00678,0.01186,0.15318,0.14125,0.08870,0.10631,0.12590,0.02388,0.15680,0.18534
0.02159,0.01720,0.01349,0.03194,0.22460,0.42572,0.24291,0.00537,0.00969,0.00751
0.01585,0.01273,0.07749,0.09393,0.05730,0.32871,0.34319,0.02082,0.02079,0.02921
0.13117,0.12473,0.13989,0.14828,0.05577,0.15064,0.19299,0.02884,0.01167,0.01602
0.02142,0.10882,0.01150,0.01469,0.15421,0.29706,0.29742,0.04833,0.01981,0.02673
0.01202,0.01122,0.25465,0.25502,0.02188,0.17928,0.20146,0.00860,0.02089,0.03497
0.02604,0.01733,0.06000,0.05172,0.03498,0.33340,0.35379,0.01521,0.04088,0.06665
0.00423,0.00707,0.19273,0.17641,0.05303,0.26165,0.27937,0.00531,0.00608,0.01412
0.02650,0.02825,0.03797,0.04013,0.01620,0.26654,0.41489,0.13280,0.01501,0.02170
0.02229,0.01365,0.02304,0.02665,0.01762,0.36644,0.39386,0.00918,0.05923,0.06803
0.03454,0.02387,0.01726,0.01463,0.08473,0.31612,0.41176,0.08124,0.01057,0.00529
0.04153,0.04314,0.16201,0.16178,0.02513,0.25879,0.28796,0.00936,0.00407,0.00623
0.00785,0.01422,0.31193,0.01902,0.09542,0.25343,0.24546,0.02620,0.00878,0.01768
0.05047,0.05507,0.02947,0.01974,0.11896,0.33114,0.35470,0.00599,0.01070,0.02377
0.01286,0.08001,0.01916,0.09424,0.03687,0.33501,0.34677,0.00952,0.02472,0.04084
0.06762,0.06166,0.12672,0.11804,0.01714,0.29395,0.29494,0.00455,0.00638,0.00900
0.08289,0.04457,0.19436,0.01752,0.09523,0.24126,0.26489,0.04479,0.00536,0.00913
0.01399,0.01630,0.08677,0.09167,0.04843,0.29981,0.33001,0.01545,0.03123,0.06634
0.04653,0.05379,0.01466,0.01240,0.18000,0.29221,0.31283,0.00547,0.02688,0.05522
0.02099,0.01427,0.03618,0.04155,0.47558,0.21803,0.17879,0.00770,0.00280,0.00411
0.30964,0.32726,0.12312,0.10573,0.08703,0.01452,0.01927,0.00476,0.00457,0.00411
0.01427,0.00870,0.00756,0.00809,0.01005,0.44723,0.47548,0.01675,0.00411,0.00775
0.03106,0.03559,0.04385,0.03723,0.32731,0.23202,0.24933,0.01043,0.01258,0.02061
0.01046,0.01302,0.22103,0.21898,0.01979,0.14498,0.24390,0.10127,0.00984,0.01673
0.00366,0.00691,0.26469,0.24555,0.24918,0.09365,0.11424,0.00739,0.00641,0.00833
0.00730,0.01122,0.02352,0.02551,0.40368,0.08953,0.26329,0.16450,0.00529,0.00617
0.11916,0.11946,0.02766,0.01780,0.23860,0.21599,0.22322,0.00589,0.01286,0.01936
0.03701,0.04618,0.06820,0.06349,0.16657,0.28358,0.31025,0.01145,0.00698,0.00629
0.01162,0.00985,0.24775,0.23983,0.33594,0.03888,0.07019,0.02468,0.01021,0.01105
0.01693,0.00875,0.01206,0.01547,0.01827,0.42604,0.43586,0.00565,0.02572,0.03526
0.01156,0.02600,0.11434,0.11140,0.18903,0.23364,0.24738,0.00861,0.02208,0.03596
0.02917,0.03017,0.06954,0.06557,0.02571,0.29164,0.34343,0.12772,0.00772,0.00932
0.01170,0.01181,0.68148,0.07830,0.05390,0.06446,0.07198,0.00589,0.01015,0.01033
0.02652,0.05992,0.12138,0.02214,0.21495,0.30097,0.20117,0.01997,0.01966,0.01331
0.01115,0.01296,0.07723,0.08547,0.01647,0.39500,0.38783,0.00847,0.00224,0.00318
0.15904,0.11667,0.13996,0.03804,0.20139,0.04447,0.07891,0.14369,0.03156,0.04624
0.00264,0.00391,0.19522,0.18472,0.01085,0.28475,0.30042,0.00796,0.00331,0.00623
0.00462,0.01119,0.03538,0.03792,0.05800,0.37260,0.39976,0.00801,0.03027,0.04225
0.19565,0.20641,0.05368,0.03825,0.07148,0.18006,0.20125,0.03327,0.01038,0.00957
0.03806,0.03891,0.01671,0.01304,0.16233,0.34692,0.34802,0.02075,0.00755,0.00771
0.02470,0.02490,0.08847,0.07980,0.32224,0.19869,0.22236,0.00679,0.00958,0.02249
0.01472,0.01603,0.14189,0.12813,0.02229,0.28813,0.31575,0.02420,0.01731,0.03153
0.04030,0.04517,0.31135,0.30394,0.09728,0.06967,0.09201,0.02390,0.00750,0.00888
0.24453,0.00467,0.00700,0.03079,0.04057,0.08870,0.18662,0.31535,0.05406,0.02771
0.00375,0.00536,0.03118,0.02706,0.01157,0.44252,0.45520,0.00835,0.00520,0.00981
0.00503,0.00855,0.02409,0.01919,0.80553,0.04733,0.06496,0.00622,0.00516,0.01393
0.00826,0.01236,0.01194,0.01100,0.02162,0.44504,0.46487,0.00891,0.00536,0.01064
0.02754,0.02198,0.48195,0.07872,0.10798,0.11868,0.13219,0.00827,0.00986,0.01282
0.01223,0.07727,0.39999,0.04872,0.11229,0.07902,0.09525,0.02361,0.07018,0.08144
0.01606,0.01889,0.20742,0.21013,0.03890,0.22931,0.25013,0.00311,0.00943,0.01661
0.00813,0.00873,0.19381,0.19726,0.23976,0.06800,0.08294,0.00720,0.09153,0.10264
0.02065,0.02595,0.07493,0.06497,0.13234,0.28956,0.32336,0.01858,0.01533,0.03432
0.01361,0.13956,0.08833,0.02236,0.17464,0.23503,0.26251,0.01690,0.01517,0.03189
0.00907,0.01006,0.00895,0.00754,0.26767,0.26789,0.30203,0.00463,0.04106,0.08110
0.00553,0.00835,0.08508,0.07753,0.06424,0.18783,0.29937,0.12713,0.05984,0.08511
0.04202,0.03601,0.13940,0.13246,0.01658,0.28920,0.26624,0.00900,0.03533,0.03374
0.02343,0.03062,0.23425,0.22470,0.03170,0.15480,0.19815,0.02481,0.02869,0.04886
0.01953,0.01902,0.29857,0.28920,0.02255,0.15307,0.16606,0.01668,0.00783,0.00748
0.00364,0.00433,0.07867,0.08704,0.13162,0.24489,0.33879,0.08246,0.01243,0.01612
0.04444,0.03547,0.03769,0.03270,0.16194,0.31740,0.33778,0.01794,0.00615,0.00848
0.00614,0.00822,0.36658,0.37107,0.01565,0.08772,0.11098,0.01498,0.00632,0.01233
0.05247,0.06083,0.06249,0.04421,0.03168,0.08553,0.20670,0.11499,0.16425,0.17686
0.05918,0.09229,0.17909,0.17304,0.01585,0.18118,0.18327,0.00923,0.04174,0.06513
0.17900,0.19492,0.07789,0.06873,0.04935,0.15479,0.17495,0.01202,0.04010,0.04826
0.02456,0.03564,0.19912,0.21682,0.05382,0.21062,0.23186,0.00575,0.00829,0.01353
0.00778,0.01109,0.10999,0.10968,0.17014,0.22480,0.23608,0.02610,0.04569,0.05864
0.12289,0.02557,0.08167,0.09227,0.09477,0.24575,0.27158,0.02512,0.01569,0.02469
0.00757,0.01185,0.17900,0.16954,0.03864,0.25305,0.28654,0.03859,0.00457,0.01066
0.01351,0.01659,0.05508,0.04476,0.58585,0.09563,0.12944,0.01320,0.02200,0.02394
0.00707,0.01149,0.09152,0.08225,0.52994,0.07311,0.13297,0.05337,0.00777,0.01052
0.02059,0.02279,0.17134,0.16363,0.26025,0.14593,0.16363,0.02407,0.01120,0.01657
0.04159,0.05279,0.05028,0.04333,0.26403,0.14922,0.16283,0.00849,0.11231,0.11513
0.05140,0.01921,0.03148,0.03684,0.02594,0.39088,0.40051,0.02093,0.00847,0.01434
0.00727,0.01104,0.85941,0.01933,0.01570,0.02950,0.03555,0.00481,0.00834,0.00906
0.00846,0.04751,0.38714,0.06661,0.08115,0.18640,0.19618,0.01212,0.00476,0.00968
0.01574,0.01199,0.01408,0.01567,0.48669,0.19927,0.22742,0.00560,0.01374,0.00982
0.07618,0.09397,0.29327,0.29224,0.01869,0.09068,0.09018,0.01251,0.01548,0.01679
0.08415,0.10752,0.20293,0.03341,0.09642,0.21023,0.21933,0.01595,0.01202,0.01804
0.01056,0.01194,0.02253,0.02065,0.50561,0.17502,0.17858,0.02192,0.02249,0.03070
0.09026,0.11891,0.10220,0.08648,0.28715,0.12291,0.14250,0.00812,0.01293,0.02855
0.04621,0.03623,0.17138,0.17228,0.06719,0.20451,0.21433,0.01057,0.03897,0.03833
0.04465,0.04259,0.22972,0.21445,0.16454,0.08526,0.10560,0.01852,0.04599,0.04868
0.01249,0.02679,0.11702,0.12271,0.02768,0.29756,0.31045,0.00574,0.03081,0.04874
0.02158,0.01729,0.04649,0.04285,0.24638,0.26246,0.28106,0.02392,0.02668,0.03127
0.01456,0.01497,0.10094,0.08963,0.24185,0.25201,0.26846,0.00421,0.00618,0.00717
0.01228,0.01519,0.05616,0.04514,0.02092,0.38818,0.42578,0.02601,0.00469,0.00564
0.07159,0.01464,0.18775,0.01174,0.05719,0.30801,0.32631,0.00497,0.00794,0.00986
0.02273,0.03774,0.25679,0.24601,0.21215,0.04977,0.06001,0.00737,0.03967,0.06777
0.01517,0.02189,0.05960,0.02327,0.25484,0.29518,0.29649,0.00537,0.01326,0.01495
0.02503,0.01605,0.02480,0.03288,0.08908,0.20575,0.27934,0.06719,0.12744,0.13243
0.00636,0.01060,0.03228,0.02112,0.05986,0.41752,0.43253,0.00586,0.00523,0.00862
0.01535,0.01323,0.15528,0.15583,0.01381,0.30502,0.31628,0.00805,0.00860,0.00856
0.16911,0.18644,0.15653,0.14666,0.05816,0.03233,0.05233,0.02761,0.08319,0.08765
0.01466,0.01711,0.15087,0.14928,0.24885,0.18929,0.21015,0.00627,0.00540,0.00812
0.12632,0.16661,0.04406,0.04177,0.04537,0.09127,0.24338,0.21590,0.01209,0.01323
0.03721,0.05236,0.10641,0.08895,0.31567,0.18226,0.19962,0.00419,0.00456,0.00877
0.00791,0.00583,0.38570,0.28660,0.02231,0.12765,0.13405,0.00665,0.01239,0.01091
0.01771,0.01096,0.07071,0.34164,0.02924,0.19906,0.25174,0.04842,0.00787,0.02267
0.00928,0.01423,0.07365,0.07605,0.12699,0.08344,0.34005,0.25199,0.01039,0.01392
0.02713,0.02681,0.20679,0.21240,0.03880,0.20899,0.23387,0.01720,0.00707,0.02094
0.02182,0.02120,0.01485,0.01334,0.02893,0.06347,0.36116,0.29685,0.08780,0.09057
0.03642,0.04207,0.15469,0.14676,0.08260,0.09474,0.10743,0.00765,0.15863,0.16902
0.01439,0.01764,0.27025,0.25996,0.22385,0.06969,0.09780,0.02870,0.00602,0.01171
0.00675,0.00837,0.24049,0.22221,0.11230,0.11902,0.13985,0.00775,0.04129,0.10197
0.08447,0.10938,0.02874,0.02656,0.09064,0.30585,0.32798,0.00447,0.01245,0.00947
0.02363,0.11460,0.02624,0.28529,0.24926,0.11672,0.12992,0.00827,0.01451,0.03156
0.00734,0.00653,0.05860,0.05207,0.62559,0.10108,0.11456,0.01395,0.00554,0.01474
0.01799,0.02798,0.19070,0.17620,0.06619,0.17368,0.23657,0.06852,0.01734,0.02482
0.00707,0.01946,0.06426,0.05448,0.05655,0.07729,0.23843,0.16408,0.13073,0.18766
0.00890,0.01073,0.01008,0.00673,0.50858,0.20999,0.22858,0.00355,0.00489,0.00796
0.00755,0.00978,0.04732,0.04007,0.41690,0.06572,0.08899,0.00921,0.13933,0.17512
0.00470,0.00586,0.01832,0.01967,0.04038,0.20814,0.32894,0.10862,0.13703,0.12835
0.04780,0.03988,0.15797,0.15784,0.19308,0.15719,0.18161,0.02045,0.01457,0.02961
0.01220,0.15480,0.18482,0.04065,0.20234,0.11026,0.13675,0.01209,0.04293,0.10317
