0.03824,0.16859,0.04280,0.03415,0.05078,0.01306,0.04106,0.02707,0.16337,0.01785,0.19600,0.20702
0.18334,0.09916,0.21934,0.04667,0.05455,0.01822,0.05953,0.03238,0.10736,0.01468,0.06988,0.09489
0.10236,0.12237,0.16295,0.06969,0.03953,0.11533,0.02274,0.11279,0.15633,0.03760,0.02944,0.02888
0.17929,0.22611,0.23416,0.06259,0.03155,0.02855,0.07908,0.08160,0.04129,0.01678,0.00920,0.00981
0.17217,0.09951,0.12638,0.09808,0.04397,0.04795,0.08619,0.11347,0.12355,0.04471,0.01452,0.02950
0.14283,0.13792,0.20117,0.08959,0.01785,0.01985,0.20093,0.01520,0.05499,0.09723,0.01149,0.01096
0.09857,0.02731,0.03252,0.23645,0.13398,0.04953,0.14856,0.06346,0.03239,0.04149,0.12005,0.01569
0.06033,0.05733,0.24026,0.05226,0.07303,0.02646,0.08640,0.04357,0.24284,0.03860,0.04418,0.03475
0.06808,0.12798,0.07193,0.19353,0.10608,0.04681,0.03946,0.07981,0.15010,0.03837,0.01961,0.05824
0.03414,0.13932,0.07226,0.10524,0.15057,0.04940,0.16077,0.09161,0.09379,0.09149,0.00544,0.00596
0.08674,0.04446,0.03180,0.07862,0.21634,0.04626,0.22718,0.07199,0.03046,0.05138,0.05359,0.06117
0.04573,0.03323,0.07969,0.10048,0.01854,0.09748,0.20017,0.02658,0.14546,0.20337,0.01213,0.03714
0.02007,0.20006,0.13588,0.10320,0.06127,0.07008,0.07616,0.09367,0.15753,0.03776,0.02214,0.02220
0.04344,0.02948,0.03371,0.01661,0.00977,0.19871,0.01215,0.02878,0.21286,0.00700,0.20232,0.20520
0.18172,0.16429,0.06475,0.09372,0.06786,0.02672,0.13599,0.11860,0.06279,0.04166,0.02186,0.02004
0.09732,0.11150,0.03222,0.07018,0.02875,0.18404,0.02478,0.14930,0.03263,0.16429,0.02475,0.08023
0.20463,0.07336,0.17819,0.04487,0.08428,0.03944,0.03919,0.02272,0.18563,0.03709,0.04123,0.04937
0.15668,0.07727,0.21968,0.14036,0.01627,0.06035,0.01687,0.05105,0.10386,0.08511,0.05922,0.01328
0.11522,0.08765,0.15115,0.03508,0.11367,0.07947,0.11366,0.07880,0.11374,0.07904,0.01270,0.01981
0.15676,0.19079,0.17876,0.02137,0.01763,0.17933,0.01482,0.03790,0.14742,0.01429,0.02289,0.01805
0.13578,0.04567,0.22752,0.19385,0.02081,0.04045,0.03035,0.09726,0.06506,0.03659,0.04168,0.06498
0.07032,0.25259,0.30268,0.14386,0.06138,0.02026,0.03738,0.02936,0.04857,0.01091,0.00855,0.01414
0.14191,0.13243,0.09915,0.14918,0.11577,0.03030,0.13518,0.03215,0.08874,0.02658,0.01786,0.03078
0.09676,0.16241,0.18130,0.06881,0.03583,0.02288,0.03333,0.05492,0.04623,0.01854,0.14106,0.13794
0.36517,0.03490,0.01979,0.14183,0.15548,0.02770,0.08265,0.06669,0.01983,0.05270,0.01586,0.01741
0.05138,0.08129,0.19390,0.21038,0.04381,0.10334,0.04620,0.02506,0.17357,0.03096,0.02179,0.01831
0.46665,0.16019,0.05675,0.03576,0.03881,0.03949,0.03561,0.04909,0.08693,0.01354,0.00746,0.00970
0.16182,0.13466,0.22547,0.06089,0.02943,0.02326,0.03012,0.13322,0.13181,0.03691,0.01645,0.01597
0.07131,0.14899,0.07329,0.21230,0.03510,0.07710,0.03728,0.02312,0.14187,0.07636,0.09027,0.01302
0.09680,0.25935,0.10405,0.06388,0.02816,0.06704,0.03271,0.20152,0.05606,0.05261,0.01467,0.02314
0.27437,0.06789,0.11191,0.09482,0.02452,0.03224,0.17730,0.10393,0.06619,0.02348,0.00799,0.01536
0.08733,0.18872,0.05739,0.02508,0.14963,0.05829,0.13851,0.03503,0.07092,0.10978,0.04377,0.03555
0.12874,0.15090,0.09386,0.10925,0.11409,0.02108,0.12721,0.06471,0.08449,0.08086,0.01123,0.01358
0.17956,0.13938,0.15976,0.12840,0.12043,0.01591,0.06402,0.09394,0.03364,0.02567,0.01781,0.02148
0.04086,0.11776,0.11411,0.11204,0.09261,0.05628,0.04085,0.13222,0.13047,0.10356,0.02235,0.03688
0.04460,0.13589,0.19265,0.22357,0.11329,0.04970,0.01936,0.04158,0.14873,0.01486,0.00794,0.00782
0.02052,0.33239,0.12283,0.03068,0.00890,0.01884,0.01250,0.17207,0.25711,0.01183,0.00680,0.00552
0.17271,0.16742,0.20334,0.04890,0.06046,0.02647,0.06110,0.07841,0.13325,0.02130,0.01115,0.01549
0.15110,0.13791,0.17308,0.05450,0.04577,0.02564,0.08075,0.02708,0.25282,0.02413,0.01173,0.01549
0.05689,0.08214,0.17646,0.17629,0.03308,0.01431,0.02032,0.19004,0.06097,0.15394,0.00691,0.02867
0.07051,0.35701,0.04450,0.03824,0.02723,0.02742,0.03369,0.14638,0.21496,0.01801,0.01011,0.01194
0.15668,0.16062,0.02479,0.08996,0.09452,0.01585,0.11568,0.14946,0.13187,0.01461,0.02998,0.01599
0.07648,0.19935,0.09030,0.03941,0.10773,0.01183,0.16825,0.06035,0.02734,0.17054,0.02686,0.02156
0.17567,0.22038,0.06453,0.07754,0.04404,0.01779,0.07325,0.09154,0.18365,0.03009,0.00745,0.01409
0.25176,0.17661,0.16733,0.02359,0.02431,0.00962,0.17582,0.08753,0.01800,0.02215,0.01386,0.02943
0.09224,0.28742,0.18926,0.01998,0.08184,0.01925,0.06480,0.11674,0.06173,0.04528,0.00905,0.01241
0.05820,0.09061,0.08723,0.08290,0.06991,0.14613,0.08411,0.03672,0.20687,0.08346,0.02642,0.02744
0.04747,0.16602,0.06389,0.18855,0.15056,0.04396,0.02575,0.03106,0.13322,0.01838,0.06280,0.06835
0.02992,0.33891,0.10193,0.11543,0.23826,0.02342,0.02532,0.02204,0.06680,0.01292,0.00874,0.01631
0.05403,0.35079,0.15289,0.08247,0.21092,0.00995,0.02984,0.03429,0.03271,0.02771,0.00738,0.00702
0.32788,0.05291,0.09906,0.08908,0.06208,0.08239,0.10354,0.03623,0.02861,0.02266,0.03539,0.06017
0.13266,0.12569,0.15524,0.09360,0.05645,0.09945,0.02342,0.11552,0.11812,0.03314,0.02577,0.02094
0.15804,0.12445,0.14031,0.03361,0.06467,0.06457,0.05264,0.02922,0.14639,0.04834,0.05789,0.07987
0.03487,0.19729,0.14187,0.08113,0.07970,0.13286,0.02098,0.04340,0.18165,0.02353,0.03965,0.02307
0.13416,0.16668,0.14012,0.05245,0.02606,0.11191,0.05380,0.12737,0.07089,0.03110,0.04245,0.04301
0.06033,0.19678,0.27953,0.15238,0.04154,0.01556,0.04009,0.03667,0.05193,0.02456,0.04062,0.06001
0.05553,0.30572,0.05243,0.09836,0.01202,0.04441,0.01760,0.27693,0.02955,0.08800,0.01089,0.00855
0.25016,0.18202,0.06013,0.04934,0.04131,0.04293,0.09495,0.07224,0.10242,0.04575,0.04699,0.01175
0.16156,0.06425,0.22395,0.02992,0.02071,0.02627,0.02654,0.02143,0.23669,0.01961,0.08004,0.08902
0.26538,0.03846,0.30964,0.11308,0.01527,0.01684,0.01796,0.02421,0.11049,0.01696,0.05550,0.01621
0.06885,0.02968,0.22260,0.22026,0.02315,0.09053,0.02195,0.03672,0.14931,0.01714,0.05646,0.06334
0.18432,0.24326,0.10114,0.05174,0.02137,0.03235,0.01998,0.09381,0.20828,0.02630,0.00949,0.00797
0.21921,0.03780,0.06162,0.04226,0.01392,0.02917,0.18167,0.16364,0.05314,0.17336,0.00885,0.01536
0.15794,0.09642,0.19012,0.09359,0.03594,0.02756,0.02331,0.09207,0.21271,0.02971,0.02563,0.01500
0.09897,0.28897,0.29579,0.03266,0.02014,0.05485,0.04574,0.04798,0.07801,0.02528,0.00514,0.00646
0.08045,0.03237,0.10527,0.19265,0.14219,0.01733,0.27986,0.01505,0.09771,0.01810,0.00899,0.01002
0.11507,0.22451,0.05800,0.02031,0.13866,0.11844,0.02852,0.10310,0.14667,0.01812,0.01147,0.01712
0.08271,0.08421,0.22582,0.26448,0.05642,0.02467,0.05734,0.03593,0.09759,0.03995,0.01648,0.01438
0.07012,0.24531,0.07937,0.05029,0.02819,0.08357,0.03447,0.16392,0.13016,0.06124,0.02430,0.02907
0.20461,0.12986,0.07476,0.12314,0.05350,0.04923,0.07439,0.08939,0.09963,0.04722,0.03918,0.01509
0.14257,0.02841,0.07946,0.10271,0.02256,0.08926,0.15002,0.06883,0.18716,0.09678,0.01839,0.01384
0.05131,0.14455,0.04832,0.16024,0.09660,0.04138,0.21005,0.03799,0.10948,0.04851,0.01787,0.03371
0.04489,0.11454,0.24795,0.15901,0.05634,0.08012,0.02573,0.03498,0.09731,0.04029,0.08617,0.01268
0.12813,0.22907,0.01353,0.02117,0.20370,0.09367,0.01653,0.14823,0.09615,0.01992,0.00881,0.02109
0.16925,0.22952,0.11615,0.06019,0.14400,0.02204,0.05821,0.09784,0.04737,0.01725,0.01758,0.02060
0.08183,0.07427,0.19246,0.22584,0.04334,0.04444,0.05459,0.03972,0.14175,0.02006,0.04214,0.03956
0.02989,0.19664,0.07845,0.11327,0.07112,0.05413,0.02737,0.13208,0.17498,0.06994,0.02414,0.02799
0.03761,0.07633,0.15063,0.07376,0.06548,0.04485,0.07793,0.04383,0.19120,0.03028,0.09293,0.11517
0.11305,0.04036,0.09985,0.13761,0.09883,0.03011,0.20168,0.06249,0.10006,0.06202,0.01777,0.03618
0.03777,0.12934,0.04141,0.08254,0.20434,0.04179,0.20486,0.02364,0.14273,0.04515,0.02232,0.02411
0.24468,0.10090,0.20757,0.06645,0.05237,0.05896,0.05620,0.03527,0.09124,0.06256,0.01412,0.00968
0.03870,0.19991,0.08973,0.21261,0.18009,0.02633,0.02998,0.02721,0.10088,0.02090,0.03527,0.03840
0.06908,0.09600,0.06834,0.08199,0.05192,0.02726,0.05147,0.04654,0.10848,0.03906,0.19530,0.16457
0.04136,0.15002,0.11681,0.12066,0.11263,0.13968,0.02947,0.02147,0.21477,0.00957,0.02086,0.02269
0.18795,0.04777,0.16892,0.06989,0.09882,0.06036,0.09991,0.05290,0.06367,0.07536,0.01653,0.05791
0.27257,0.02729,0.19464,0.04798,0.02242,0.14073,0.02260,0.07950,0.02555,0.13195,0.01054,0.02422
0.11474,0.10818,0.10826,0.17369,0.06759,0.04903,0.08355,0.08730,0.09760,0.06824,0.03216,0.00967
0.05514,0.13070,0.03997,0.04222,0.02949,0.02710,0.03897,0.10329,0.04644,0.01734,0.23959,0.22976
0.05142,0.22821,0.06708,0.09480,0.04145,0.01956,0.06483,0.13672,0.19663,0.06530,0.02040,0.01359
0.14966,0.04126,0.12220,0.03280,0.01439,0.14042,0.01473,0.05222,0.03700,0.13415,0.12652,0.13465
0.04910,0.11686,0.14067,0.08541,0.02573,0.08759,0.05916,0.09384,0.17974,0.08211,0.02505,0.05474
0.17648,0.14988,0.20594,0.05946,0.01781,0.09390,0.01442,0.11714,0.05642,0.09416,0.00751,0.00686
0.05174,0.25005,0.22221,0.17661,0.19826,0.00718,0.01933,0.01967,0.02755,0.00710,0.00889,0.01141
0.05495,0.02455,0.09935,0.18892,0.14124,0.02817,0.31247,0.02090,0.08352,0.02985,0.00624,0.00986
0.27984,0.10196,0.08470,0.10751,0.06367,0.06263,0.09176,0.06655,0.03967,0.05891,0.02084,0.02196
0.26544,0.05840,0.19453,0.02787,0.14088,0.01944,0.14671,0.07715,0.01824,0.01887,0.01049,0.02198
0.11328,0.06866,0.03102,0.11808,0.15430,0.08822,0.17779,0.08571,0.05155,0.06444,0.03088,0.01607
0.14399,0.12080,0.05226,0.17622,0.06685,0.02474,0.07477,0.14425,0.09754,0.06138,0.02115,0.01606
0.10965,0.08797,0.20095,0.20283,0.07231,0.03896,0.04257,0.06340,0.07532,0.02260,0.03474,0.04870
0.41843,0.02957,0.41586,0.02604,0.01101,0.01731,0.01096,0.01565,0.02459,0.01404,0.00632,0.01021
0.14722,0.03962,0.13472,0.08380,0.08788,0.15764,0.09387,0.02876,0.02905,0.14642,0.02497,0.02607
0.03193,0.04844,0.07970,0.09946,0.04914,0.27667,0.01176,0.02241,0.32258,0.01307,0.02236,0.02250
0.11499,0.19612,0.10585,0.06527,0.10598,0.02934,0.10646,0.07943,0.06119,0.10341,0.01461,0.01736
0.24100,0.12573,0.13738,0.05018,0.02255,0.02432,0.02697,0.19636,0.13410,0.01618,0.00951,0.01573
0.05505,0.31553,0.09834,0.03196,0.01820,0.01773,0.01691,0.03027,0.37324,0.00993,0.01709,0.01577
0.18536,0.02790,0.14160,0.11993,0.09241,0.05337,0.13123,0.03941,0.11619,0.06638,0.01074,0.01547
0.05631,0.12508,0.07517,0.14203,0.10142,0.05447,0.16106,0.05269,0.11666,0.07274,0.01448,0.02789
0.02106,0.13645,0.11830,0.10073,0.05359,0.02672,0.10520,0.02486,0.19987,0.03512,0.08465,0.09345
0.05648,0.03800,0.04525,0.16900,0.04188,0.02028,0.04296,0.03338,0.03103,0.01486,0.30348,0.20341
0.27269,0.08566,0.13745,0.04275,0.05626,0.11901,0.03288,0.06630,0.05515,0.07649,0.02018,0.03519
0.02762,0.09530,0.03471,0.12240,0.05116,0.22238,0.03594,0.07084,0.04507,0.26025,0.01975,0.01459
0.11624,0.14390,0.10041,0.10042,0.09543,0.02791,0.04830,0.09127,0.15402,0.05063,0.05941,0.01207
0.04046,0.11105,0.24418,0.08696,0.02614,0.02923,0.03630,0.05505,0.28117,0.05359,0.01373,0.02214
0.10921,0.15741,0.14601,0.02544,0.02136,0.07037,0.13661,0.05150,0.09126,0.06135,0.03680,0.09267
0.03128,0.29249,0.09546,0.05402,0.01533,0.05103,0.02151,0.08525,0.25405,0.05547,0.01898,0.02512
0.23050,0.03559,0.09211,0.09879,0.02072,0.08747,0.11601,0.10893,0.13956,0.02207,0.02933,0.01890
0.14242,0.07401,0.23588,0.20919,0.03314,0.03216,0.02125,0.11200,0.08236,0.02297,0.01675,0.01787
0.07952,0.04551,0.06866,0.23447,0.10452,0.05156,0.14916,0.14064,0.04127,0.04161,0.01509,0.02799
0.05085,0.12254,0.17310,0.04804,0.09225,0.04705,0.09424,0.05590,0.20510,0.04258,0.02287,0.04548
0.04095,0.25825,0.10063,0.12675,0.01799,0.01138,0.02341,0.13122,0.21365,0.01036,0.04220,0.02322
0.06330,0.27035,0.08178,0.03549,0.02965,0.04715,0.02716,0.05842,0.33513,0.02970,0.00687,0.01499
0.09556,0.13677,0.04836,0.19617,0.08880,0.03047,0.19178,0.06503,0.09565,0.02633,0.01235,0.01274
0.20901,0.15419,0.18193,0.02686,0.03166,0.09211,0.03018,0.03328,0.13843,0.06446,0.01035,0.02755
0.18203,0.08945,0.16787,0.04642,0.05720,0.08737,0.05066,0.07681,0.09147,0.06478,0.03094,0.05500
0.06506,0.09340,0.03460,0.19721,0.18149,0.04509,0.09234,0.14579,0.03488,0.08263,0.00997,0.01755
0.17043,0.27079,0.13533,0.01675,0.01973,0.01282,0.02644,0.26854,0.02928,0.01449,0.01460,0.02080
0.15540,0.06359,0.12448,0.15298,0.02356,0.02384,0.02983,0.10811,0.13823,0.03341,0.09516,0.05142
0.15416,0.07075,0.10369,0.02445,0.17224,0.02129,0.17613,0.10302,0.09641,0.01511,0.01466,0.04810
0.12556,0.18114,0.06898,0.09925,0.07820,0.05618,0.11645,0.16059,0.04249,0.05223,0.01112,0.00780
0.13178,0.03423,0.15370,0.02841,0.17531,0.02117,0.18095,0.09012,0.14337,0.01981,0.00825,0.01291
0.08160,0.11706,0.14190,0.06414,0.09496,0.09269,0.09674,0.09410,0.10586,0.07613,0.01324,0.02159
0.11916,0.20896,0.14371,0.10785,0.07489,0.04596,0.03793,0.12308,0.09420,0.01789,0.01048,0.01589
0.10260,0.11371,0.09001,0.07163,0.01504,0.13933,0.01637,0.10465,0.15150,0.12783,0.02509,0.04222
0.40413,0.15721,0.04883,0.05776,0.03821,0.02867,0.02470,0.08604,0.08724,0.03175,0.02003,0.01544
0.08587,0.24281,0.28137,0.05176,0.01448,0.08869,0.01975,0.05670,0.11495,0.01122,0.01617,0.01622
0.22498,0.09351,0.13035,0.03900,0.04192,0.02370,0.03633,0.23554,0.10960,0.01817,0.02372,0.02317
0.04136,0.34348,0.01960,0.02558,0.05604,0.01788,0.06117,0.32038,0.03307,0.01088,0.02431,0.04623
0.11577,0.26937,0.05866,0.06849,0.07705,0.03311,0.04567,0.08505,0.18481,0.03328,0.00849,0.02025
0.06396,0.13744,0.03135,0.02991,0.13307,0.17983,0.02557,0.08461,0.22017,0.03619,0.03465,0.02326
0.07700,0.20003,0.06820,0.10718,0.05709,0.03574,0.07260,0.03991,0.19768,0.06774,0.03643,0.04038
0.12931,0.10513,0.08067,0.11882,0.15340,0.03725,0.15726,0.03886,0.12070,0.02663,0.02296,0.00901
0.05937,0.32557,0.08603,0.06143,0.27427,0.02569,0.03522,0.03878,0.05403,0.01399,0.01131,0.01431
0.11642,0.12773,0.08660,0.12143,0.08005,0.09888,0.03974,0.08430,0.19606,0.01509,0.02161,0.01209
0.06774,0.15459,0.22610,0.12463,0.03337,0.06471,0.08154,0.02300,0.16925,0.02023,0.01979,0.01508
0.05493,0.17567,0.13876,0.04995,0.03682,0.03576,0.02778,0.16321,0.14288,0.03957,0.05739,0.07727
0.03454,0.03805,0.04003,0.07182,0.03012,0.20448,0.12925,0.03594,0.26146,0.13828,0.00930,0.00673
0.27646,0.05498,0.05121,0.03192,0.02656,0.02266,0.24066,0.07854,0.06550,0.05807,0.04707,0.04638
0.12745,0.16306,0.08564,0.08669,0.13426,0.01147,0.18944,0.02193,0.04251,0.09913,0.01708,0.02133
0.18513,0.12793,0.22357,0.07542,0.01563,0.04910,0.01713,0.04021,0.14056,0.07701,0.01637,0.03195
0.12177,0.20306,0.06948,0.05304,0.06174,0.09688,0.06542,0.14962,0.08514,0.07727,0.00806,0.00852
0.22673,0.12764,0.21393,0.03033,0.04303,0.03820,0.04344,0.07799,0.08993,0.02791,0.03825,0.04262
0.08196,0.04218,0.06810,0.07144,0.01965,0.15834,0.14581,0.03627,0.23026,0.12533,0.01007,0.01059
0.20885,0.08052,0.23709,0.03805,0.13020,0.01075,0.12669,0.02585,0.11018,0.01105,0.01116,0.00960
0.07719,0.15076,0.11603,0.05210,0.02779,0.01377,0.03123,0.12648,0.10037,0.01641,0.14537,0.14250
0.29402,0.04410,0.15202,0.04227,0.04223,0.09605,0.09134,0.04067,0.09395,0.05808,0.02374,0.02152
0.01486,0.17231,0.23697,0.03799,0.02604,0.02949,0.02742,0.06182,0.34847,0.02041,0.01154,0.01268
0.05726,0.05512,0.09654,0.14380,0.02572,0.21634,0.04188,0.03202,0.28951,0.01431,0.01189,0.01561
0.07140,0.03894,0.16059,0.17888,0.08158,0.10720,0.11482,0.09211,0.08438,0.03835,0.01356,0.01820
0.15512,0.06227,0.14503,0.21239,0.02832,0.03402,0.03375,0.06791,0.10793,0.02915,0.08270,0.04141
0.07255,0.04990,0.21747,0.19314,0.04459,0.05849,0.02551,0.03052,0.07785,0.02083,0.09058,0.11857
0.19432,0.19498,0.10872,0.11902,0.13701,0.00946,0.01875,0.15498,0.02818,0.01454,0.00729,0.01274
0.02196,0.19692,0.10546,0.04079,0.05400,0.03388,0.06667,0.10620,0.15160,0.05306,0.09215,0.07732
0.05474,0.26493,0.05185,0.04350,0.03252,0.03374,0.04341,0.23157,0.09270,0.03619,0.05698,0.05787
0.05112,0.25673,0.06347,0.11473,0.03516,0.02143,0.01664,0.11221,0.26501,0.02143,0.02050,0.02159
0.17123,0.03805,0.29680,0.02843,0.02084,0.24756,0.02347,0.02040,0.07115,0.01872,0.02268,0.04068
0.21038,0.10208,0.13528,0.04985,0.07691,0.04623,0.08940,0.08021,0.09716,0.03409,0.03100,0.04742
0.10115,0.26168,0.02770,0.05434,0.24257,0.01474,0.01699,0.17472,0.02423,0.04898,0.01193,0.02097
0.24842,0.17875,0.06130,0.08913,0.06230,0.03614,0.05861,0.02240,0.17958,0.03599,0.01510,0.01228
0.27267,0.07143,0.06822,0.02078,0.02960,0.11428,0.01924,0.24329,0.12277,0.01598,0.01098,0.01074
0.04627,0.09855,0.15754,0.12635,0.07444,0.04159,0.02200,0.13560,0.09177,0.12832,0.04957,0.02799
0.14579,0.13040,0.04573,0.03816,0.09358,0.13056,0.09000,0.06270,0.14285,0.04269,0.05282,0.02474
0.06289,0.03427,0.07760,0.07256,0.02339,0.03396,0.04857,0.07755,0.07266,0.02404,0.18095,0.29156
0.22566,0.05657,0.30389,0.11295,0.01624,0.02181,0.01872,0.03502,0.14204,0.02080,0.03210,0.01420
0.07301,0.09771,0.03767,0.02749,0.07163,0.10324,0.18199,0.04851,0.14626,0.15642,0.02194,0.03413
0.07626,0.18527,0.15977,0.16019,0.13849,0.02168,0.06154,0.04315,0.06824,0.03068,0.01914,0.03558
0.17116,0.10314,0.05666,0.01719,0.02366,0.04674,0.06576,0.16296,0.05553,0.04737,0.09668,0.15314
0.43695,0.09003,0.04005,0.10777,0.06212,0.02122,0.10341,0.02605,0.07969,0.01848,0.00589,0.00834
0.04689,0.26903,0.03566,0.05145,0.02348,0.13007,0.02731,0.02464,0.27428,0.09379,0.00934,0.01404
0.18177,0.18523,0.09921,0.02334,0.08111,0.02488,0.13212,0.09956,0.04240,0.07853,0.03656,0.01526
0.12182,0.07429,0.21768,0.18425,0.04731,0.07912,0.03114,0.07487,0.11513,0.02525,0.01714,0.01201
0.07675,0.13703,0.18456,0.04923,0.02799,0.16419,0.02757,0.04933,0.13930,0.02913,0.06665,0.04829
0.03357,0.11334,0.19189,0.16872,0.03290,0.05141,0.10422,0.02737,0.12929,0.10809,0.01494,0.02426
0.10014,0.11325,0.06345,0.10058,0.09843,0.15346,0.02631,0.09541,0.19156,0.02257,0.01392,0.02092
0.03418,0.13868,0.19827,0.07081,0.05758,0.02305,0.11429,0.03752,0.27833,0.03357,0.00633,0.00739
0.05048,0.06757,0.09296,0.21799,0.19031,0.05140,0.07862,0.03575,0.10764,0.08619,0.01109,0.00997
0.02843,0.17673,0.04958,0.09131,0.08530,0.05581,0.03160,0.06710,0.15633,0.08954,0.05804,0.11023
0.11278,0.14067,0.25192,0.20564,0.08789,0.01830,0.02995,0.04882,0.04424,0.02008,0.01097,0.02872
0.01310,0.22525,0.01505,0.01249,0.21641,0.01302,0.21972,0.00919,0.04382,0.21535,0.01241,0.00418
0.10660,0.13064,0.12078,0.14790,0.05774,0.03823,0.04980,0.02225,0.15855,0.04041,0.07644,0.05065
0.04725,0.06170,0.14942,0.04565,0.11322,0.05586,0.11666,0.03184,0.15671,0.05322,0.06979,0.09866
0.28350,0.24768,0.01861,0.04194,0.02788,0.01243,0.05386,0.03299,0.22253,0.02106,0.02808,0.00945
0.07436,0.20249,0.04078,0.03517,0.02678,0.06618,0.04058,0.13841,0.13319,0.04466,0.09934,0.09807
0.22141,0.03413,0.20031,0.18790,0.02169,0.01410,0.18320,0.02440,0.05420,0.01125,0.02223,0.02517
0.07549,0.22715,0.05003,0.11404,0.19149,0.01847,0.09811,0.06595,0.04772,0.09253,0.00845,0.01058
0.02751,0.20839,0.08819,0.08238,0.07094,0.06914,0.13545,0.03112,0.20769,0.04682,0.01653,0.01585
0.14082,0.16431,0.09827,0.05583,0.03878,0.04763,0.03982,0.05453,0.14149,0.02186,0.10025,0.09641
0.05213,0.10640,0.25764,0.05155,0.02572,0.05477,0.03092,0.07658,0.27192,0.03673,0.01228,0.02338
0.08014,0.10914,0.03165,0.03798,0.14439,0.04566,0.14288,0.05244,0.09548,0.03699,0.10306,0.12018
0.31147,0.22504,0.07902,0.02830,0.01919,0.00873,0.02044,0.02013,0.24835,0.01371,0.01235,0.01326
0.14543,0.31050,0.03944,0.02779,0.02988,0.03240,0.03042,0.24322,0.05850,0.06145,0.01033,0.01063
0.06730,0.15709,0.07894,0.03831,0.17149,0.01961,0.17790,0.04762,0.19013,0.01428,0.01231,0.02502
0.20135,0.03437,0.23736,0.04148,0.09489,0.08158,0.07830,0.03235,0.09122,0.07491,0.01183,0.02036
0.16284,0.20112,0.15061,0.03172,0.02447,0.08085,0.02044,0.17942,0.03527,0.04658,0.02710,0.03958
0.18895,0.12034,0.03070,0.03824,0.09962,0.05133,0.10437,0.18891,0.08893,0.03702,0.02085,0.03076
0.26450,0.09642,0.17711,0.02942,0.02506,0.05753,0.01582,0.09124,0.14686,0.02035,0.03283,0.04287
0.08598,0.06274,0.10793,0.06543,0.01648,0.10599,0.16132,0.04703,0.13012,0.15430,0.03091,0.03177
0.14689,0.18222,0.08627,0.09001,0.17433,0.01586,0.05805,0.11459,0.03798,0.04602,0.02659,0.02119
0.08843,0.07789,0.22116,0.27212,0.04635,0.02041,0.04994,0.03064,0.08154,0.02948,0.04498,0.03704
0.03031,0.20748,0.13756,0.07588,0.04806,0.11715,0.05700,0.06550,0.20396,0.03780,0.00760,0.01170
0.04724,0.29962,0.12144,0.03273,0.04572,0.03109,0.02252,0.03136,0.32003,0.03012,0.00804,0.01009
0.08648,0.12092,0.10334,0.13353,0.08512,0.08334,0.15423,0.11634,0.04105,0.04076,0.01048,0.02442
0.05647,0.14429,0.12282,0.18246,0.14805,0.04419,0.02532,0.07051,0.06828,0.06039,0.05538,0.02184
0.30140,0.08136,0.08208,0.10583,0.05486,0.06283,0.10214,0.06158,0.05589,0.03607,0.02904,0.02693
0.04204,0.13662,0.14841,0.04449,0.09320,0.04320,0.09352,0.05276,0.21522,0.03014,0.04914,0.05127
0.12631,0.02841,0.13092,0.02716,0.21974,0.03328,0.22302,0.04788,0.07977,0.02944,0.01231,0.04177
0.23785,0.03828,0.08612,0.16361,0.08294,0.04067,0.14072,0.06122,0.07242,0.03478,0.01205,0.02935
0.12931,0.04006,0.10356,0.02313,0.22669,0.01727,0.22760,0.08414,0.08807,0.01366,0.01404,0.03246
0.02147,0.10393,0.10835,0.18346,0.04724,0.05270,0.05995,0.25047,0.08585,0.05793,0.01358,0.01506
0.02900,0.16845,0.17784,0.03271,0.03341,0.05142,0.05133,0.07190,0.24023,0.04251,0.04454,0.05666
0.05543,0.08322,0.10744,0.10207,0.15564,0.08745,0.15864,0.05485,0.05996,0.08607,0.01821,0.03102
0.02231,0.12917,0.05330,0.12490,0.12050,0.05817,0.08235,0.16141,0.05561,0.14351,0.01435,0.03441
0.06705,0.11113,0.07769,0.08711,0.08554,0.09291,0.08488,0.08315,0.07254,0.08294,0.04336,0.11170
0.17877,0.16294,0.27547,0.11027,0.01725,0.02503,0.02315,0.12347,0.03410,0.02191,0.01412,0.01352
0.19183,0.26116,0.03300,0.06157,0.05487,0.02340,0.02350,0.23798,0.02621,0.04952,0.01930,0.01766
0.02978,0.20350,0.05220,0.10748,0.16203,0.12617,0.03505,0.02455,0.21802,0.02090,0.00809,0.01221
0.10641,0.19590,0.08769,0.07019,0.03211,0.11511,0.03144,0.06734,0.15080,0.08573,0.02195,0.03533
0.05337,0.20798,0.17095,0.06485,0.09174,0.05046,0.03602,0.04231,0.07879,0.04687,0.09678,0.05989
0.27473,0.15609,0.27109,0.02132,0.03452,0.01047,0.04153,0.07459,0.08583,0.00790,0.00923,0.01270
0.09386,0.26929,0.13669,0.03008,0.02456,0.03747,0.03186,0.07166,0.25880,0.02322,0.01291,0.00959
0.13377,0.08976,0.12320,0.08557,0.18770,0.02199,0.19220,0.01422,0.09699,0.01740,0.02696,0.01025
0.07726,0.18347,0.10098,0.02810,0.08236,0.02658,0.06899,0.10517,0.03753,0.07866,0.09441,0.11649
0.07453,0.02772,0.33220,0.02881,0.01857,0.01127,0.01760,0.01580,0.28932,0.01390,0.08868,0.08160
0.04582,0.19302,0.05758,0.04510,0.03725,0.15554,0.03690,0.08365,0.10641,0.12556,0.03202,0.08116
0.09499,0.04987,0.20715,0.18783,0.02897,0.09961,0.04964,0.05065,0.18487,0.01804,0.00943,0.01895
0.03315,0.06577,0.04237,0.05079,0.03479,0.01450,0.29417,0.02663,0.03386,0.30169,0.03537,0.06692
0.04920,0.03342,0.02831,0.04916,0.03533,0.20864,0.05402,0.12274,0.26127,0.12332,0.01071,0.02389
0.23418,0.09976,0.06645,0.05658,0.05755,0.05016,0.07569,0.19544,0.06564,0.04847,0.02299,0.02707
0.22148,0.04974,0.03849,0.04238,0.02861,0.01674,0.30859,0.06172,0.04343,0.17074,0.00947,0.00860
0.02615,0.05621,0.04635,0.14135,0.16392,0.08312,0.03797,0.12924,0.03809,0.13579,0.03805,0.10376
0.05234,0.08228,0.02808,0.06325,0.05691,0.16276,0.15298,0.03072,0.19700,0.15320,0.00737,0.01310
0.17298,0.18090,0.06198,0.04128,0.10083,0.06073,0.02053,0.20885,0.09116,0.02157,0.01028,0.02890
0.15389,0.10883,0.04099,0.13685,0.08568,0.02128,0.23797,0.05392,0.08252,0.05685,0.01017,0.01106
0.04853,0.13960,0.07361,0.09494,0.13339,0.04896,0.14413,0.10094,0.09341,0.09585,0.01152,0.01512
0.22185,0.15408,0.23493,0.08666,0.01315,0.02579,0.02160,0.08093,0.08077,0.05207,0.01155,0.01662
0.02565,0.16342,0.05998,0.05539,0.10797,0.06447,0.18354,0.10689,0.08783,0.09075,0.02895,0.02515
0.12308,0.09768,0.17809,0.03832,0.10513,0.05023,0.11029,0.02860,0.17996,0.04190,0.01348,0.03324
0.17592,0.03533,0.16824,0.08535,0.02200,0.07726,0.02861,0.11393,0.13071,0.10430,0.02671,0.03163
0.07474,0.03602,0.20814,0.05289,0.07297,0.21029,0.04728,0.03451,0.02781,0.03347,0.07509,0.12679
0.01942,0.29261,0.13248,0.02553,0.02573,0.09886,0.01299,0.03856,0.27336,0.04443,0.00954,0.02648
0.16715,0.13386,0.10163,0.09765,0.06901,0.07255,0.06405,0.05137,0.10737,0.08966,0.01034,0.03536
0.04173,0.25262,0.12908,0.06475,0.02859,0.02879,0.03412,0.15418,0.20123,0.03367,0.02210,0.00915
0.07545,0.13277,0.02012,0.04268,0.23738,0.01861,0.24842,0.13959,0.03062,0.01862,0.02135,0.01439
0.04583,0.11185,0.18583,0.09077,0.05479,0.05207,0.09734,0.08646,0.18042,0.03825,0.02271,0.03368
0.27512,0.11141,0.17598,0.05080,0.04235,0.03297,0.02689,0.03656,0.20859,0.01981,0.00760,0.01191
0.08472,0.08540,0.07199,0.03261,0.03413,0.02087,0.27025,0.07538,0.03359,0.26413,0.01192,0.01501
0.15008,0.09329,0.12602,0.11348,0.07619,0.04774,0.12571,0.04765,0.13165,0.02662,0.03329,0.02827
0.11550,0.04773,0.20375,0.16035,0.01563,0.00994,0.15086,0.05473,0.02746,0.12903,0.02914,0.05587
0.12158,0.18273,0.10802,0.01579,0.06845,0.02407,0.05923,0.10115,0.04093,0.05480,0.11441,0.10883
0.27083,0.09288,0.04020,0.05660,0.05391,0.01780,0.06626,0.23965,0.07274,0.01478,0.03823,0.03613
0.10173,0.10957,0.04153,0.01520,0.07166,0.20572,0.06942,0.06072,0.21430,0.03859,0.02413,0.04743
0.19891,0.10036,0.19237,0.04189,0.08577,0.01534,0.08804,0.01757,0.09402,0.01474,0.06494,0.08606
0.02941,0.31694,0.06762,0.08048,0.04139,0.02729,0.02225,0.29055,0.06855,0.02662,0.01479,0.01412
0.10449,0.08822,0.14623,0.06320,0.05350,0.04604,0.06516,0.09613,0.14600,0.04366,0.10674,0.04064
0.06332,0.25979,0.04754,0.05480,0.04931,0.09394,0.05445,0.16941,0.09578,0.08026,0.01301,0.01838
0.01889,0.11666,0.23989,0.04579,0.07871,0.22988,0.02284,0.03657,0.12476,0.06377,0.01006,0.01217
0.16067,0.06746,0.06840,0.09354,0.03482,0.08507,0.14488,0.09901,0.14571,0.05804,0.01265,0.02977
0.14267,0.11279,0.19488,0.02818,0.01547,0.01670,0.02099,0.07350,0.09983,0.01365,0.11545,0.16590
0.03615,0.27358,0.12008,0.03305,0.13656,0.02325,0.01944,0.12604,0.06370,0.09466,0.05129,0.02220
0.18625,0.19110,0.03982,0.05069,0.02710,0.02245,0.03376,0.07994,0.12716,0.02743,0.12120,0.09310
0.09545,0.22833,0.07351,0.10814,0.19912,0.01219,0.07378,0.05222,0.04804,0.04684,0.03828,0.02411
0.35650,0.10395,0.08189,0.08169,0.06058,0.06707,0.04420,0.10256,0.03405,0.03321,0.01455,0.01974
0.09332,0.21022,0.03985,0.06285,0.11135,0.05070,0.04859,0.05279,0.16361,0.05716,0.08302,0.02653
0.06903,0.15834,0.08002,0.04804,0.09902,0.17836,0.03966,0.02996,0.24530,0.02153,0.01847,0.01226
0.20132,0.07516,0.24063,0.06010,0.03828,0.06817,0.04080,0.05104,0.10583,0.06979,0.01845,0.03043
0.06032,0.03600,0.05859,0.06751,0.14578,0.20539,0.14842,0.02086,0.02949,0.18643,0.01825,0.02294
0.10884,0.13239,0.19649,0.06381,0.05131,0.02657,0.06366,0.05808,0.23398,0.04190,0.00921,0.01377
0.05168,0.22342,0.02975,0.04299,0.17251,0.01347,0.19526,0.04150,0.19282,0.01174,0.01266,0.01220
0.14785,0.17149,0.24502,0.03157,0.02967,0.01583,0.02767,0.02028,0.27094,0.01261,0.00961,0.01746
0.40161,0.12333,0.08169,0.04384,0.02551,0.04567,0.04430,0.03859,0.10175,0.02328,0.03393,0.03652
0.08065,0.11789,0.05143,0.02561,0.06999,0.03690,0.24070,0.03473,0.06147,0.21921,0.03944,0.02197
0.12473,0.06478,0.12507,0.11075,0.02658,0.02447,0.09350,0.12961,0.06123,0.13660,0.06180,0.04089
0.09785,0.03077,0.08431,0.04437,0.33096,0.01018,0.33394,0.01154,0.02827,0.01063,0.01036,0.00680
0.12295,0.13832,0.07021,0.13046,0.10493,0.05082,0.16355,0.03197,0.10263,0.03443,0.01532,0.03441
0.10990,0.08734,0.03213,0.01994,0.06596,0.15990,0.01162,0.20681,0.16434,0.11535,0.01531,0.01139
0.05536,0.10746,0.17864,0.03071,0.03294,0.01847,0.04841,0.03646,0.23319,0.02826,0.12050,0.10959
0.05426,0.13042,0.21348,0.23154,0.08418,0.02202,0.04136,0.03307,0.10478,0.03079,0.03614,0.01794
0.04274,0.11220,0.02416,0.07630,0.03801,0.24939,0.05296,0.04457,0.09621,0.21294,0.02648,0.02404
0.06283,0.13077,0.10570,0.10219,0.02042,0.01250,0.03309,0.12779,0.17288,0.03011,0.09982,0.10191
0.14004,0.11432,0.12055,0.15569,0.08148,0.04252,0.01223,0.14165,0.06825,0.00879,0.04588,0.06859
0.15357,0.09483,0.20932,0.19060,0.07053,0.01540,0.08161,0.07017,0.05374,0.04057,0.00922,0.01045
0.12817,0.15969,0.11760,0.09661,0.13062,0.02377,0.07828,0.10771,0.04350,0.07399,0.01488,0.02519
0.02998,0.04586,0.18961,0.17565,0.03094,0.02582,0.03093,0.20340,0.19896,0.04142,0.01869,0.00875
0.13000,0.06233,0.05304,0.09400,0.22440,0.02205,0.23519,0.07691,0.03580,0.01827,0.02300,0.02501
0.11443,0.11156,0.04712,0.06183,0.08558,0.10249,0.03229,0.18696,0.12184,0.09409,0.02075,0.02106
0.17074,0.08523,0.11761,0.11618,0.03379,0.05370,0.18891,0.02021,0.16403,0.02115,0.01776,0.01070
0.49501,0.03654,0.13022,0.02961,0.03697,0.03095,0.04675,0.02352,0.12289,0.02695,0.00852,0.01207
0.05015,0.42785,0.02996,0.01928,0.01407,0.01327,0.01133,0.06200,0.34886,0.01128,0.00491,0.00703
0.10919,0.15250,0.04165,0.01687,0.11343,0.02321,0.06031,0.21389,0.03718,0.14474,0.02127,0.06574
0.09646,0.02953,0.09246,0.09031,0.10442,0.07138,0.09543,0.09216,0.09120,0.14930,0.03588,0.05147
0.10052,0.04020,0.03444,0.03839,0.29372,0.01988,0.30369,0.05992,0.04677,0.01709,0.02012,0.02525
