0.08264,0.07011,0.09714,0.17630,0.14381,0.05616,0.04515,0.08519,0.11804,0.06901,0.02489,0.03156
0.08891,0.08447,0.08872,0.14436,0.14709,0.05983,0.05659,0.09108,0.12424,0.07617,0.01754,0.02099
0.07082,0.06724,0.09280,0.20379,0.15397,0.06282,0.04707,0.08964,0.10656,0.06390,0.01741,0.02398
0.08775,0.08213,0.10036,0.14201,0.12574,0.06519,0.05470,0.08705,0.11024,0.07047,0.03252,0.04185
0.07867,0.08414,0.10600,0.15356,0.12967,0.06229,0.05239,0.08152,0.11230,0.07522,0.02940,0.03485
0.08733,0.08943,0.09051,0.13567,0.11537,0.06968,0.05513,0.09396,0.11947,0.07690,0.02972,0.03682
0.07460,0.09006,0.10730,0.15976,0.12157,0.05896,0.05101,0.09263,0.11163,0.07019,0.02518,0.03710
0.08181,0.08587,0.09156,0.15297,0.14466,0.05714,0.05662,0.08845,0.11148,0.07799,0.02283,0.02861
0.08122,0.05908,0.09523,0.17774,0.13715,0.05803,0.04598,0.08807,0.11150,0.06754,0.03173,0.04672
0.07984,0.08111,0.08848,0.14577,0.14240,0.06978,0.05468,0.08832,0.12059,0.07213,0.02568,0.03121
0.07219,0.08932,0.08525,0.19015,0.12690,0.06088,0.05323,0.08648,0.11226,0.07513,0.02262,0.02560
0.08418,0.09434,0.08822,0.14657,0.12727,0.07430,0.06318,0.08527,0.11319,0.07167,0.02226,0.02954
0.08999,0.07897,0.11080,0.14480,0.15325,0.05926,0.05355,0.08124,0.08395,0.07583,0.02872,0.03964
0.07710,0.08096,0.08636,0.12128,0.12092,0.06464,0.06156,0.09602,0.11138,0.07657,0.04616,0.05703
0.08099,0.08122,0.09546,0.16704,0.13037,0.05691,0.05636,0.09343,0.11079,0.07185,0.02401,0.03158
0.08224,0.07163,0.09740,0.17062,0.14511,0.06116,0.04730,0.08214,0.11649,0.07299,0.02293,0.03000
0.07641,0.07695,0.10172,0.13474,0.13564,0.06262,0.06207,0.08557,0.11002,0.08557,0.02864,0.04004
0.08243,0.08024,0.10617,0.18568,0.13232,0.05817,0.04935,0.08345,0.10845,0.06959,0.02242,0.02173
0.08119,0.07501,0.10778,0.14456,0.13197,0.06224,0.05865,0.08736,0.11340,0.08963,0.02294,0.02528
0.07988,0.07765,0.10347,0.17728,0.14675,0.05601,0.04990,0.07978,0.10976,0.06734,0.02321,0.02894
0.07518,0.08324,0.10846,0.14388,0.13057,0.06449,0.05166,0.09598,0.10722,0.07479,0.02669,0.03785
0.07843,0.06931,0.10796,0.17622,0.13946,0.05377,0.04431,0.08704,0.10396,0.07788,0.02660,0.03506
0.08053,0.08589,0.09953,0.16800,0.14012,0.05513,0.05259,0.08343,0.10426,0.07246,0.02431,0.03374
0.08103,0.07924,0.09553,0.14345,0.11910,0.07518,0.05066,0.08950,0.12274,0.06759,0.03500,0.04098
0.07437,0.07698,0.10531,0.15974,0.12718,0.05915,0.05526,0.09058,0.10330,0.08511,0.02720,0.03582
0.09151,0.07214,0.12250,0.13838,0.19093,0.05125,0.04723,0.07222,0.07358,0.07810,0.02620,0.03595
0.07756,0.07014,0.11658,0.13494,0.13515,0.07130,0.05599,0.09362,0.10994,0.07067,0.02813,0.03600
0.08352,0.08395,0.09119,0.15539,0.13423,0.06201,0.05734,0.09178,0.11952,0.07437,0.02077,0.02593
0.07421,0.08186,0.09166,0.16728,0.11759,0.07599,0.05626,0.09267,0.10458,0.07351,0.02747,0.03691
0.07883,0.08394,0.11562,0.15488,0.14031,0.05736,0.04846,0.07635,0.10953,0.07764,0.02603,0.03105
0.07760,0.08485,0.09503,0.16628,0.11230,0.07229,0.05494,0.09287,0.11276,0.07217,0.02638,0.03255
0.07850,0.07512,0.10930,0.18085,0.13446,0.05966,0.04547,0.09366,0.10896,0.06652,0.02215,0.02535
0.06777,0.08073,0.08679,0.24198,0.11264,0.06301,0.05182,0.08005,0.10470,0.06731,0.01962,0.02356
0.07172,0.07320,0.08900,0.19660,0.13111,0.05550,0.04431,0.09077,0.12107,0.07412,0.02326,0.02935
0.08890,0.07975,0.09692,0.13198,0.11925,0.07891,0.05810,0.09214,0.10969,0.07701,0.02813,0.03922
0.07310,0.08154,0.11781,0.14619,0.12935,0.06542,0.05442,0.08987,0.10693,0.08059,0.02645,0.02833
0.07534,0.07196,0.08817,0.17310,0.08112,0.07126,0.04461,0.09161,0.16330,0.06203,0.03239,0.04512
0.08728,0.08629,0.09813,0.14848,0.11450,0.06279,0.06019,0.09624,0.11341,0.07641,0.02452,0.03176
0.07249,0.08381,0.09962,0.16202,0.13311,0.06487,0.05314,0.09238,0.11701,0.06933,0.02230,0.02992
0.08874,0.08439,0.10358,0.13363,0.13701,0.06361,0.05771,0.08744,0.10266,0.08617,0.02417,0.03090
0.08013,0.08059,0.08784,0.14944,0.14408,0.06038,0.05454,0.09392,0.11367,0.07677,0.02538,0.03327
0.07393,0.08366,0.09493,0.16177,0.12332,0.05930,0.05910,0.09057,0.11553,0.07780,0.02630,0.03379
0.07841,0.08045,0.11550,0.14088,0.14446,0.06574,0.05125,0.08270,0.10724,0.08374,0.02259,0.02704
0.07350,0.06975,0.08097,0.16953,0.08791,0.07119,0.04891,0.09446,0.18618,0.05894,0.02470,0.03394
0.08128,0.07086,0.10409,0.16188,0.13377,0.06529,0.05086,0.08294,0.10399,0.06773,0.03424,0.04306
0.07817,0.07249,0.10392,0.15760,0.12829,0.06375,0.05595,0.09865,0.11143,0.07831,0.02333,0.02813
0.09415,0.05894,0.08703,0.17525,0.10876,0.06753,0.05626,0.09522,0.13340,0.06760,0.02497,0.03089
0.08185,0.08522,0.10789,0.15286,0.12375,0.06438,0.04889,0.08453,0.10968,0.06829,0.03054,0.04213
0.07171,0.07501,0.08774,0.19934,0.13383,0.06540,0.04693,0.08903,0.11271,0.06608,0.02258,0.02965
0.08162,0.07126,0.10006,0.15791,0.10471,0.07153,0.04824,0.10072,0.12234,0.07121,0.02898,0.04143
0.09217,0.07332,0.11048,0.13035,0.19409,0.05654,0.05475,0.07713,0.07240,0.08923,0.02235,0.02719
0.08425,0.07627,0.10592,0.15186,0.13212,0.06779,0.05480,0.08723,0.12053,0.07039,0.02265,0.02619
0.09668,0.08129,0.10738,0.13176,0.12548,0.06411,0.05543,0.08954,0.11184,0.08100,0.02448,0.03100
0.07312,0.06941,0.09051,0.17403,0.14634,0.05353,0.04911,0.09235,0.10881,0.07576,0.02803,0.03901
0.07730,0.06584,0.09059,0.16973,0.10811,0.07207,0.05476,0.09853,0.13575,0.06851,0.02593,0.03288
0.07269,0.06933,0.10189,0.17709,0.13746,0.05788,0.04733,0.07833,0.10619,0.07247,0.03131,0.04804
0.07511,0.08260,0.10851,0.16328,0.14175,0.06862,0.04809,0.08592,0.10835,0.08216,0.01556,0.02004
0.07928,0.07511,0.09143,0.12794,0.12895,0.06842,0.05793,0.09748,0.10811,0.07941,0.03636,0.04957
0.08041,0.07363,0.10692,0.16132,0.13232,0.05059,0.05460,0.08542,0.11524,0.07067,0.03155,0.03732
0.07401,0.07866,0.09871,0.16453,0.13743,0.06424,0.05034,0.09161,0.10821,0.08299,0.02089,0.02839
0.07067,0.07058,0.09170,0.17122,0.15313,0.05766,0.05094,0.08107,0.10926,0.07296,0.02990,0.04090
0.08417,0.07395,0.10195,0.16735,0.13327,0.06099,0.04526,0.08643,0.10964,0.06943,0.02986,0.03770
0.08139,0.07778,0.10494,0.13477,0.11437,0.08379,0.05863,0.09701,0.10406,0.07378,0.03256,0.03691
0.08421,0.06796,0.11184,0.12636,0.10939,0.06262,0.06092,0.10932,0.10508,0.08635,0.03064,0.04530
0.07920,0.06868,0.11946,0.17695,0.16266,0.05467,0.04426,0.08185,0.09871,0.07188,0.01812,0.02357
0.07500,0.06787,0.09664,0.14381,0.15121,0.06611,0.05663,0.09605,0.11552,0.06675,0.02882,0.03559
0.06400,0.07277,0.12018,0.16210,0.24508,0.04362,0.03391,0.07206,0.07839,0.06405,0.01918,0.02467
0.08306,0.07894,0.09273,0.13184,0.09702,0.07502,0.06458,0.09548,0.11931,0.07173,0.04103,0.04925
0.07830,0.07598,0.10687,0.17412,0.12408,0.05937,0.05507,0.08776,0.10673,0.07446,0.02683,0.03042
0.07732,0.06970,0.11467,0.11275,0.29223,0.04387,0.04122,0.06387,0.05966,0.07590,0.02122,0.02761
0.09842,0.07606,0.09763,0.12302,0.13891,0.05420,0.06440,0.09752,0.11363,0.07417,0.02714,0.03491
0.07999,0.07533,0.10144,0.18275,0.12974,0.05898,0.05054,0.08965,0.11743,0.06775,0.02036,0.02603
0.07353,0.07272,0.09651,0.18834,0.13603,0.05522,0.05421,0.09004,0.11943,0.07010,0.01975,0.02411
0.07981,0.07789,0.11373,0.19432,0.12278,0.05903,0.04495,0.08247,0.10772,0.06937,0.02237,0.02558
0.08235,0.07140,0.10447,0.16576,0.13732,0.06005,0.04741,0.08888,0.11554,0.07524,0.02195,0.02963
0.08189,0.07818,0.09681,0.12283,0.14072,0.06597,0.05859,0.09179,0.10732,0.07906,0.03213,0.04471
0.07192,0.07684,0.09328,0.19097,0.13504,0.06498,0.05269,0.08785,0.11848,0.06609,0.01859,0.02327
0.08224,0.07172,0.11032,0.15015,0.13681,0.06095,0.05244,0.08819,0.10735,0.07624,0.02896,0.03463
0.07978,0.06028,0.09654,0.17193,0.13042,0.05708,0.05720,0.07900,0.10910,0.07375,0.03578,0.04912
0.08128,0.07633,0.09746,0.18082,0.13796,0.05734,0.05069,0.09039,0.11852,0.06787,0.01723,0.02412
0.08141,0.08314,0.08817,0.13968,0.15528,0.06335,0.05396,0.08887,0.11657,0.07084,0.02480,0.03393
0.08417,0.07914,0.09863,0.15163,0.14049,0.06621,0.05285,0.08586,0.10232,0.07254,0.02767,0.03848
0.08446,0.07851,0.10134,0.12627,0.13692,0.06293,0.05807,0.08776,0.10573,0.08382,0.03288,0.04129
0.07172,0.08844,0.10453,0.15859,0.12599,0.06462,0.04994,0.09772,0.10877,0.06655,0.02824,0.03489
0.07896,0.05793,0.09652,0.18042,0.11111,0.06568,0.05135,0.09907,0.13477,0.06561,0.02286,0.03572
0.07697,0.07169,0.11167,0.16133,0.14036,0.06229,0.05075,0.09308,0.11172,0.06870,0.02214,0.02930
0.07769,0.07061,0.10607,0.16608,0.13678,0.05786,0.05453,0.08960,0.10744,0.06654,0.02928,0.03751
0.07710,0.08951,0.10492,0.16390,0.13616,0.06308,0.05007,0.08328,0.10604,0.07200,0.02581,0.02813
0.08461,0.08863,0.09234,0.14486,0.11177,0.06805,0.05425,0.09242,0.09760,0.07039,0.03654,0.05853
0.07885,0.08041,0.10281,0.15372,0.14530,0.05682,0.05400,0.09149,0.12060,0.07038,0.01977,0.02584
0.06922,0.07824,0.11549,0.17224,0.18150,0.04696,0.04165,0.08005,0.08638,0.06968,0.02653,0.03206
0.09353,0.09321,0.10750,0.12822,0.14290,0.05965,0.06248,0.08941,0.09034,0.08468,0.02082,0.02725
0.08530,0.08288,0.10645,0.14953,0.11946,0.06123,0.05635,0.09648,0.10821,0.07821,0.02447,0.03141
0.07529,0.07639,0.09631,0.15636,0.14971,0.06315,0.05202,0.08191,0.10719,0.07175,0.02928,0.04064
0.08564,0.08288,0.11199,0.15710,0.12010,0.06131,0.05091,0.08179,0.11811,0.07384,0.02313,0.03322
0.07212,0.06370,0.11348,0.17913,0.12977,0.06751,0.05001,0.09046,0.11569,0.06989,0.02101,0.02724
0.08046,0.06690,0.10544,0.17044,0.14044,0.06440,0.04942,0.09039,0.10948,0.06720,0.02382,0.03162
0.07740,0.08069,0.11504,0.13492,0.13867,0.05458,0.05001,0.08730,0.09938,0.07586,0.03549,0.05064
0.07757,0.08410,0.09799,0.16714,0.11332,0.06388,0.05056,0.09476,0.12265,0.06649,0.02685,0.03469
0.07593,0.07334,0.09617,0.15341,0.10563,0.06287,0.05731,0.09853,0.12675,0.07657,0.03210,0.04140
