0.08388,0.08545,0.09754,0.13410,0.11793,0.07288,0.06458,0.09704,0.11096,0.07785,0.02590,0.03189
0.08615,0.08131,0.10344,0.14854,0.11443,0.06938,0.05964,0.09060,0.10730,0.08168,0.02628,0.03125
0.08437,0.07913,0.10223,0.13196,0.11445,0.06765,0.06139,0.09307,0.10563,0.08214,0.03455,0.04343
0.07983,0.06781,0.09115,0.13471,0.11059,0.07122,0.06145,0.09692,0.11449,0.07715,0.04343,0.05124
0.08573,0.08453,0.09790,0.12904,0.12417,0.07163,0.06693,0.09131,0.10420,0.08528,0.02574,0.03355
0.08192,0.08351,0.10302,0.14199,0.11865,0.06741,0.05866,0.09195,0.11232,0.07876,0.02813,0.03367
0.08327,0.08290,0.10372,0.14171,0.12309,0.06520,0.05628,0.08919,0.10722,0.07522,0.03301,0.03919
0.08028,0.07810,0.09739,0.13056,0.11334,0.07308,0.06482,0.09659,0.10797,0.07494,0.03476,0.04816
0.08454,0.08584,0.09796,0.13906,0.11812,0.06828,0.05785,0.08950,0.11099,0.07317,0.03287,0.04183
0.07941,0.08538,0.10680,0.14036,0.13632,0.06448,0.05346,0.08970,0.10018,0.08184,0.02693,0.03515
0.08286,0.08461,0.09539,0.13959,0.12430,0.07072,0.05988,0.09133,0.10875,0.07508,0.02946,0.03803
0.08115,0.07880,0.09857,0.13046,0.12320,0.06451,0.05954,0.09298,0.10698,0.07983,0.03797,0.04600
0.08122,0.08313,0.10100,0.13833,0.12489,0.07080,0.05791,0.09541,0.10596,0.08143,0.02669,0.03323
0.08316,0.08333,0.09785,0.14343,0.12407,0.06700,0.06039,0.09367,0.10996,0.07897,0.02586,0.03231
0.08239,0.08053,0.09763,0.14429,0.11168,0.07082,0.06549,0.09697,0.12565,0.06985,0.02414,0.03055
0.07976,0.08754,0.10506,0.13375,0.13339,0.06210,0.05601,0.09318,0.09944,0.08424,0.02835,0.03717
0.07887,0.08810,0.10839,0.14203,0.14252,0.06049,0.05111,0.08730,0.09344,0.08637,0.02665,0.03471
0.07661,0.08570,0.10275,0.14389,0.11782,0.07061,0.05959,0.09224,0.10929,0.07748,0.02852,0.03550
0.08238,0.06983,0.08995,0.13692,0.10887,0.07345,0.06785,0.09407,0.11608,0.07518,0.03751,0.04790
0.07645,0.09367,0.09217,0.12281,0.10882,0.07559,0.06920,0.10241,0.11297,0.07866,0.02973,0.03751
0.08070,0.07736,0.09323,0.14589,0.10523,0.06935,0.06888,0.09812,0.13090,0.07133,0.02724,0.03175
0.07903,0.10400,0.10417,0.13380,0.12661,0.06548,0.05421,0.09072,0.10173,0.07853,0.02686,0.03488
0.08187,0.08361,0.10173,0.13250,0.12388,0.06965,0.05505,0.09288,0.10863,0.08358,0.03118,0.03545
0.08525,0.08803,0.09761,0.13129,0.12216,0.06523,0.06120,0.09122,0.11066,0.07761,0.02982,0.03994
0.08531,0.07857,0.10474,0.13064,0.12227,0.07130,0.06202,0.09629,0.10704,0.07653,0.02959,0.03570
0.08292,0.08382,0.10035,0.13213,0.11983,0.06565,0.06249,0.10054,0.10654,0.08247,0.02802,0.03527
0.08238,0.08239,0.10194,0.14018,0.12416,0.06381,0.05812,0.09135,0.10655,0.07804,0.03064,0.04044
0.09004,0.07863,0.10101,0.13419,0.12767,0.06930,0.05976,0.08994,0.10245,0.08171,0.02969,0.03562
0.08512,0.07778,0.10894,0.14894,0.11482,0.06697,0.05851,0.09129,0.10739,0.08432,0.02377,0.03215
0.08463,0.09025,0.09830,0.12529,0.12794,0.06979,0.06056,0.09264,0.09656,0.08343,0.03142,0.03918
0.08512,0.08535,0.11046,0.14354,0.13567,0.06378,0.05281,0.08737,0.10137,0.07813,0.02265,0.03375
0.07809,0.08142,0.10487,0.12856,0.11940,0.07588,0.05829,0.09283,0.10820,0.08522,0.03114,0.03609
0.07869,0.08895,0.10011,0.13102,0.12256,0.06605,0.05582,0.09023,0.10058,0.07800,0.03856,0.04944
0.08320,0.07787,0.10400,0.12727,0.11944,0.06566,0.05872,0.09244,0.10818,0.08146,0.03424,0.04750
0.08559,0.08851,0.10206,0.14567,0.11910,0.06779,0.05793,0.09210,0.11333,0.07883,0.02214,0.02695
0.08374,0.09156,0.09785,0.14024,0.12271,0.06219,0.05887,0.09203,0.11314,0.07929,0.02612,0.03226
0.08331,0.08095,0.09828,0.14626,0.12618,0.06649,0.06016,0.09333,0.10751,0.08083,0.02480,0.03190
0.07794,0.07925,0.10123,0.13146,0.12089,0.07439,0.05983,0.09533,0.10537,0.08103,0.03238,0.04090
0.08141,0.08548,0.10834,0.13625,0.12722,0.06231,0.05236,0.09066,0.09485,0.07874,0.03539,0.04700
0.08103,0.07372,0.09788,0.13352,0.11826,0.06778,0.05928,0.09288,0.10301,0.07632,0.04318,0.05313
0.07800,0.08568,0.09854,0.13704,0.10928,0.07160,0.06281,0.09642,0.11347,0.07682,0.03104,0.03931
0.07803,0.08008,0.09564,0.13141,0.11922,0.06919,0.05823,0.09184,0.10231,0.07983,0.04112,0.05312
0.07945,0.09641,0.11317,0.14268,0.12894,0.05975,0.04836,0.08911,0.10003,0.07377,0.03030,0.03802
0.08551,0.08966,0.09450,0.12703,0.12578,0.06458,0.06435,0.09225,0.10963,0.07398,0.03185,0.04088
0.08535,0.08280,0.10203,0.13893,0.12895,0.06865,0.05620,0.09412,0.10563,0.07974,0.02519,0.03241
0.08380,0.08234,0.09819,0.13595,0.12120,0.07517,0.05650,0.09631,0.10816,0.08044,0.02766,0.03427
0.07863,0.07757,0.09508,0.14030,0.10713,0.07133,0.06535,0.09645,0.12331,0.07165,0.03147,0.04173
0.08341,0.08872,0.09764,0.12910,0.11847,0.06837,0.06024,0.09220,0.10704,0.07752,0.03271,0.04458
0.08613,0.08252,0.10039,0.12588,0.12947,0.06956,0.05911,0.09296,0.09506,0.08548,0.03344,0.04000
0.08057,0.08903,0.09862,0.12811,0.11616,0.06580,0.06297,0.09324,0.10062,0.08197,0.03576,0.04715
0.08117,0.08431,0.09969,0.13149,0.12749,0.06395,0.05594,0.09369,0.10061,0.07934,0.03597,0.04635
0.08531,0.08726,0.10038,0.13465,0.12092,0.06969,0.06226,0.09549,0.10954,0.08061,0.02565,0.02824
0.07880,0.08019,0.10387,0.13891,0.12433,0.06748,0.06536,0.09117,0.10720,0.08122,0.02704,0.03443
0.08211,0.09201,0.09312,0.14601,0.13308,0.06504,0.06320,0.08895,0.11676,0.07277,0.01967,0.02729
0.08638,0.07724,0.10579,0.13616,0.13851,0.06683,0.05517,0.08973,0.09545,0.08589,0.02875,0.03411
0.08721,0.08506,0.09680,0.13954,0.11901,0.06987,0.06447,0.09314,0.11183,0.07366,0.02637,0.03304
0.08056,0.08811,0.11005,0.13422,0.12787,0.06282,0.05505,0.08873,0.09736,0.07948,0.03373,0.04200
0.08616,0.08410,0.10585,0.13128,0.14338,0.06450,0.05580,0.09085,0.09005,0.09341,0.02443,0.03018
0.08123,0.07909,0.10217,0.14235,0.12509,0.06723,0.06187,0.09048,0.10885,0.07751,0.02955,0.03458
0.08244,0.07663,0.10188,0.12545,0.11255,0.06779,0.05799,0.09209,0.10124,0.08132,0.04405,0.05658
0.08378,0.08359,0.09941,0.13990,0.12223,0.06257,0.05847,0.08939,0.10993,0.07869,0.03164,0.04039
0.08446,0.08144,0.10993,0.14078,0.11577,0.06699,0.06079,0.09188,0.10842,0.08398,0.02345,0.03211
0.08093,0.07583,0.10417,0.14323,0.11600,0.07136,0.05923,0.09440,0.11178,0.07396,0.03022,0.03889
0.07805,0.06841,0.08600,0.14849,0.08191,0.07692,0.08100,0.10235,0.14683,0.06388,0.03085,0.03531
0.07940,0.08614,0.09427,0.12438,0.11772,0.06233,0.06221,0.08992,0.10718,0.07791,0.04097,0.05759
0.07550,0.07513,0.09102,0.13993,0.10199,0.07168,0.06703,0.09995,0.12508,0.07407,0.03484,0.04376
0.08585,0.07388,0.10761,0.13749,0.12708,0.07148,0.05479,0.10067,0.10978,0.08163,0.02108,0.02866
0.08307,0.08287,0.10249,0.13173,0.12095,0.06801,0.06296,0.09305,0.10729,0.08096,0.02992,0.03671
0.07932,0.09207,0.09894,0.12220,0.12423,0.06949,0.05885,0.08921,0.09349,0.08290,0.04272,0.04658
0.08633,0.08128,0.10743,0.13036,0.13930,0.06457,0.05666,0.09234,0.09008,0.08684,0.02823,0.03660
0.07862,0.07818,0.09141,0.14216,0.10006,0.07742,0.06913,0.10124,0.12734,0.07138,0.02890,0.03417
0.08217,0.08348,0.11292,0.13554,0.14407,0.06133,0.04734,0.08821,0.08707,0.08039,0.03364,0.04385
0.08343,0.07947,0.10730,0.15143,0.11725,0.07589,0.05377,0.09473,0.10899,0.08025,0.02163,0.02587
0.08242,0.08258,0.09492,0.13796,0.11687,0.07028,0.06237,0.08849,0.10505,0.07638,0.03496,0.04772
0.08908,0.08424,0.09580,0.14951,0.12435,0.06275,0.06001,0.09074,0.11335,0.07438,0.02415,0.03163
0.09309,0.07554,0.10136,0.13489,0.13751,0.06992,0.05372,0.09117,0.09267,0.08556,0.02807,0.03650
0.08416,0.08396,0.09742,0.13645,0.12473,0.06493,0.06044,0.09009,0.11373,0.07945,0.02825,0.03640
0.07991,0.08213,0.09963,0.14729,0.12663,0.06426,0.05937,0.09326,0.11089,0.08186,0.02350,0.03127
0.08213,0.08367,0.09854,0.13580,0.11779,0.06942,0.06080,0.09953,0.11073,0.08014,0.02649,0.03496
0.08063,0.07726,0.09220,0.14864,0.09844,0.07271,0.06767,0.09780,0.13523,0.06805,0.02743,0.03395
0.07916,0.07977,0.09908,0.13062,0.11528,0.06726,0.06430,0.09280,0.10422,0.07628,0.04128,0.04997
0.08101,0.08676,0.09920,0.13900,0.11852,0.06717,0.06003,0.09104,0.10728,0.07684,0.03205,0.04110
0.08309,0.08168,0.09837,0.12602,0.12151,0.06510,0.06124,0.09252,0.10447,0.07604,0.04077,0.04919
0.08089,0.08350,0.09772,0.13818,0.12112,0.07088,0.06132,0.09644,0.10621,0.07878,0.02834,0.03661
0.08458,0.08492,0.09715,0.12995,0.12737,0.06561,0.06002,0.09249,0.10985,0.07598,0.03220,0.03989
0.08999,0.08044,0.10296,0.13653,0.12224,0.06635,0.05937,0.09728,0.11204,0.07823,0.02407,0.03050
0.08375,0.08137,0.10235,0.13785,0.12358,0.07014,0.05531,0.08964,0.10839,0.07859,0.03049,0.03855
0.08300,0.06857,0.09425,0.14554,0.10398,0.07115,0.06428,0.09398,0.12841,0.06996,0.03443,0.04245
0.08196,0.08200,0.09543,0.13525,0.12414,0.06667,0.06238,0.09377,0.10676,0.08332,0.03113,0.03719
0.08579,0.08639,0.10142,0.13381,0.12059,0.07148,0.06108,0.09679,0.11022,0.08364,0.02207,0.02673
0.08108,0.07344,0.09185,0.14471,0.09965,0.07307,0.07186,0.10155,0.12913,0.06977,0.02798,0.03590
0.08246,0.08251,0.10318,0.14107,0.11796,0.07031,0.05942,0.09095,0.10675,0.08146,0.02697,0.03697
0.08534,0.07812,0.10845,0.13603,0.14924,0.06043,0.05771,0.08581,0.08689,0.09369,0.02671,0.03159
0.08756,0.08843,0.10143,0.13641,0.12210,0.07100,0.05812,0.09567,0.11014,0.07666,0.02310,0.02939
0.07832,0.08022,0.10126,0.13430,0.11801,0.06414,0.05893,0.08954,0.10636,0.07817,0.04147,0.04928
0.08147,0.08212,0.09949,0.13919,0.12187,0.06709,0.05826,0.09479,0.11074,0.07852,0.02960,0.03684
0.08413,0.07970,0.10490,0.14016,0.12304,0.07379,0.05925,0.09650,0.10941,0.07619,0.02271,0.03022
0.08113,0.07875,0.09604,0.13655,0.12257,0.06552,0.06326,0.09350,0.10638,0.07767,0.03667,0.04197
0.08064,0.07734,0.10161,0.14552,0.12638,0.07629,0.05855,0.09730,0.10621,0.07867,0.02323,0.02827
0.08639,0.08340,0.10098,0.13703,0.12877,0.06678,0.05976,0.09569,0.11393,0.07658,0.02160,0.02910
0.08623,0.07689,0.10028,0.13407,0.12121,0.06909,0.05790,0.09820,0.10868,0.07948,0.03093,0.03704
0.08273,0.07075,0.10523,0.13442,0.12075,0.07620,0.05480,0.09686,0.10545,0.07865,0.03312,0.04103
0.08514,0.08626,0.10355,0.12985,0.12319,0.06519,0.06370,0.09714,0.10966,0.07916,0.02485,0.03232
0.07836,0.07849,0.11223,0.12233,0.11137,0.07066,0.06328,0.09572,0.09851,0.08532,0.04020,0.04352
0.08336,0.08637,0.09886,0.13849,0.12672,0.06987,0.06046,0.09507,0.11641,0.07387,0.02249,0.02803
0.08367,0.09362,0.11000,0.13635,0.13271,0.06522,0.05544,0.09033,0.09433,0.08126,0.02532,0.03175
0.08666,0.08081,0.10038,0.14290,0.12145,0.06747,0.06138,0.09290,0.10852,0.06802,0.03088,0.03862
0.08116,0.07359,0.10319,0.13622,0.12068,0.06731,0.05399,0.08935,0.10373,0.07525,0.04146,0.05405
0.08020,0.08605,0.10662,0.12916,0.11406,0.06439,0.06552,0.09206,0.10599,0.08428,0.03282,0.03884
0.08143,0.08149,0.09477,0.12934,0.11322,0.06759,0.06208,0.09172,0.10553,0.07654,0.04305,0.05325
0.08438,0.08752,0.11225,0.14215,0.13494,0.06288,0.05291,0.08935,0.09758,0.07932,0.02384,0.03289
0.07847,0.07809,0.09616,0.12448,0.11345,0.07231,0.06185,0.09369,0.10288,0.08028,0.04202,0.05632
0.08770,0.07740,0.10000,0.13994,0.12204,0.07164,0.06240,0.09497,0.11217,0.07838,0.02428,0.02906
0.08225,0.08525,0.09690,0.12654,0.11536,0.07055,0.06124,0.08938,0.10838,0.07694,0.04006,0.04715
0.08184,0.09148,0.09265,0.14319,0.12904,0.06531,0.06281,0.09177,0.11147,0.07626,0.02305,0.03113
0.08085,0.09003,0.10220,0.13279,0.12140,0.06695,0.05731,0.09224,0.10378,0.07710,0.03374,0.04162
0.08277,0.08269,0.09887,0.13241,0.11660,0.07091,0.05877,0.09365,0.10479,0.07552,0.03553,0.04751
0.07659,0.08194,0.09424,0.14771,0.12767,0.07657,0.05686,0.09518,0.10808,0.07370,0.02748,0.03398
0.08066,0.07881,0.09774,0.13236,0.11521,0.06931,0.05896,0.09418,0.10167,0.07860,0.03985,0.05264
0.08466,0.08165,0.10200,0.13462,0.11949,0.07506,0.05511,0.09512,0.10917,0.07945,0.02782,0.03585
0.08371,0.07809,0.10400,0.13910,0.12543,0.07420,0.05824,0.09610,0.10949,0.07974,0.02443,0.02747
0.08067,0.08135,0.10116,0.15083,0.11889,0.07472,0.05626,0.09169,0.10461,0.07461,0.02907,0.03613
0.07901,0.08088,0.09934,0.14344,0.10361,0.06993,0.06635,0.09814,0.12340,0.07445,0.02786,0.03360
0.08213,0.08383,0.10446,0.14238,0.13578,0.06466,0.05585,0.08900,0.10536,0.08419,0.02407,0.02829
0.07823,0.07500,0.08691,0.13462,0.09472,0.07471,0.06725,0.10172,0.13028,0.06955,0.03626,0.05074
0.08393,0.07675,0.10090,0.13592,0.12289,0.07094,0.06003,0.09343,0.10699,0.08062,0.03000,0.03758
0.08331,0.08230,0.10430,0.14054,0.12387,0.06649,0.06190,0.09165,0.11148,0.07737,0.02655,0.03023
0.08666,0.08335,0.09573,0.13520,0.11469,0.06943,0.05871,0.09692,0.10688,0.07631,0.03126,0.04486
0.08312,0.07874,0.09363,0.13981,0.12231,0.06343,0.06124,0.09528,0.11020,0.07550,0.03408,0.04266
0.08234,0.07581,0.10607,0.12525,0.12174,0.07081,0.05989,0.09654,0.10252,0.08187,0.03378,0.04337
0.08425,0.08353,0.10411,0.12905,0.12141,0.07040,0.05682,0.08925,0.10718,0.07928,0.03330,0.04144
0.08652,0.08905,0.10360,0.12782,0.11747,0.07004,0.06162,0.09366,0.10470,0.07963,0.03043,0.03545
0.08247,0.07953,0.09361,0.13369,0.12215,0.07011,0.06237,0.09631,0.10966,0.07808,0.03060,0.04142
0.08762,0.07729,0.10940,0.14184,0.11942,0.06496,0.05731,0.09622,0.11161,0.08365,0.02339,0.02729
0.08070,0.07266,0.10048,0.14026,0.11289,0.06888,0.06078,0.09409,0.11116,0.07578,0.03473,0.04760
0.08511,0.08718,0.09523,0.13100,0.11995,0.07179,0.06155,0.09546,0.10706,0.08174,0.02783,0.03610
0.08523,0.08460,0.10295,0.14341,0.12305,0.06993,0.05864,0.09087,0.10720,0.08061,0.02371,0.02979
0.07976,0.07911,0.09931,0.13050,0.11866,0.06900,0.06077,0.09602,0.10595,0.07768,0.03792,0.04532
0.07925,0.08502,0.10626,0.14178,0.12579,0.06948,0.06051,0.09227,0.10734,0.08647,0.02122,0.02459
0.08673,0.07604,0.09714,0.14618,0.12431,0.06696,0.05911,0.09271,0.11072,0.07488,0.02878,0.03644
0.08107,0.08337,0.09588,0.14245,0.11290,0.06937,0.06172,0.09655,0.12001,0.07743,0.02639,0.03287
0.08540,0.08060,0.10083,0.13341,0.12467,0.06908,0.06013,0.08958,0.10304,0.07800,0.03468,0.04058
0.08331,0.08676,0.10291,0.13615,0.12641,0.06369,0.06158,0.09192,0.10574,0.07479,0.02954,0.03719
0.08345,0.07944,0.09551,0.12928,0.11322,0.06569,0.06153,0.09273,0.10731,0.07707,0.04047,0.05430
0.08385,0.09015,0.10964,0.14384,0.13266,0.06337,0.05335,0.08849,0.09890,0.07975,0.02553,0.03045
0.07510,0.08884,0.09491,0.14365,0.11935,0.07790,0.06070,0.09539,0.10651,0.07481,0.02877,0.03407
0.08182,0.06906,0.09304,0.14961,0.10265,0.07236,0.07104,0.09868,0.13325,0.06846,0.02647,0.03356
0.08405,0.08574,0.10221,0.13705,0.12114,0.07140,0.05563,0.08969,0.11014,0.07451,0.02994,0.03850
0.08668,0.07966,0.10736,0.12880,0.11668,0.06318,0.06089,0.09795,0.10453,0.08193,0.03269,0.03965
0.08541,0.08631,0.11111,0.13132,0.13679,0.06568,0.05286,0.09120,0.09145,0.08188,0.02970,0.03629
0.08348,0.08432,0.10344,0.14217,0.12605,0.06369,0.06532,0.09100,0.10850,0.07993,0.02359,0.02849
0.08609,0.08965,0.10230,0.14258,0.12764,0.06347,0.05809,0.08998,0.11112,0.07965,0.02266,0.02679
0.08020,0.07499,0.09419,0.14292,0.10792,0.06984,0.06991,0.09557,0.12527,0.07653,0.02836,0.03431
0.08707,0.07933,0.10011,0.13163,0.12830,0.06918,0.05693,0.09020,0.09799,0.08150,0.03432,0.04344
0.08785,0.08165,0.10216,0.13324,0.12092,0.06315,0.05880,0.09424,0.11230,0.08279,0.02717,0.03573
0.08542,0.08508,0.09717,0.13598,0.11700,0.06864,0.05909,0.09351,0.11167,0.07574,0.03253,0.03816
0.08590,0.08134,0.09928,0.13312,0.11521,0.07413,0.06505,0.09379,0.11278,0.07772,0.02881,0.03287
0.07916,0.09192,0.10119,0.13254,0.12147,0.06474,0.05810,0.09410,0.10344,0.07603,0.03368,0.04363
0.08490,0.08321,0.10174,0.14061,0.12590,0.06554,0.05612,0.08990,0.11069,0.07852,0.02808,0.03479
0.08351,0.07321,0.09916,0.12963,0.12202,0.06936,0.06205,0.09075,0.09701,0.08013,0.04002,0.05314
0.08541,0.08380,0.09852,0.13976,0.11584,0.06813,0.05944,0.09263,0.10703,0.07101,0.03384,0.04459
0.08205,0.07438,0.09362,0.14423,0.09838,0.07229,0.06981,0.10025,0.13640,0.07236,0.02292,0.03331
0.08351,0.08427,0.09992,0.13852,0.11954,0.06977,0.05809,0.09236,0.10661,0.07932,0.03146,0.03662
0.07670,0.10459,0.10401,0.13626,0.12730,0.06523,0.05319,0.09191,0.09987,0.08330,0.02538,0.03226
0.09203,0.07871,0.10445,0.12158,0.12105,0.05865,0.06249,0.09849,0.11242,0.08407,0.02892,0.03715
0.08318,0.08079,0.09836,0.13432,0.12143,0.06663,0.06219,0.09062,0.10609,0.07294,0.03727,0.04618
0.08038,0.08384,0.09912,0.12655,0.11756,0.07392,0.05911,0.09284,0.10466,0.08098,0.03688,0.04417
0.08753,0.08298,0.09923,0.14360,0.12891,0.06709,0.06061,0.09541,0.11336,0.07919,0.01907,0.02302
0.08237,0.09293,0.09495,0.14786,0.12154,0.06445,0.05927,0.09045,0.11677,0.07409,0.02613,0.02918
0.08378,0.08304,0.09754,0.13662,0.12206,0.07045,0.05985,0.09563,0.10776,0.07573,0.03071,0.03683
0.08339,0.07616,0.09573,0.13357,0.12316,0.07051,0.06650,0.09640,0.10469,0.08706,0.02891,0.03391
0.08497,0.08235,0.10226,0.13761,0.12450,0.06616,0.05910,0.09396,0.10882,0.07526,0.02881,0.03622
0.08446,0.08530,0.09575,0.13556,0.12216,0.06525,0.06245,0.09283,0.10888,0.08065,0.02908,0.03764
0.08393,0.08570,0.09775,0.13351,0.12733,0.06868,0.06252,0.09569,0.10492,0.07955,0.02769,0.03272
0.08206,0.08575,0.09356,0.13637,0.12435,0.06627,0.06170,0.09140,0.10937,0.07521,0.03167,0.04228
0.07859,0.08438,0.10270,0.13400,0.12561,0.06750,0.05704,0.09116,0.10536,0.08360,0.03216,0.03791
0.07777,0.08225,0.09614,0.14252,0.10198,0.07033,0.06776,0.09795,0.13136,0.07472,0.02597,0.03124
0.08471,0.08492,0.09918,0.13770,0.12721,0.07591,0.05203,0.09429,0.10940,0.07615,0.02523,0.03327
0.08689,0.08252,0.09715,0.11570,0.11978,0.06451,0.06086,0.09672,0.10280,0.07989,0.04144,0.05174
0.07934,0.08083,0.09777,0.13248,0.11320,0.06932,0.05994,0.09215,0.10729,0.07940,0.03844,0.04986
0.08509,0.08069,0.10131,0.13334,0.11870,0.07170,0.05996,0.09103,0.10789,0.07760,0.03099,0.04169
0.08533,0.08581,0.10070,0.13311,0.11514,0.07290,0.05797,0.09646,0.10452,0.07755,0.03135,0.03914
0.08606,0.08313,0.09387,0.13237,0.11810,0.07266,0.06162,0.09189,0.10755,0.07736,0.03434,0.04106
0.08853,0.07788,0.10328,0.13820,0.12725,0.06733,0.05885,0.09108,0.10476,0.07964,0.02695,0.03625
0.08148,0.06885,0.09139,0.14273,0.09231,0.07526,0.07370,0.10028,0.13659,0.06948,0.02966,0.03827
0.08660,0.08383,0.10286,0.15103,0.12643,0.06158,0.05871,0.08957,0.11234,0.07660,0.02130,0.02916
0.07810,0.08146,0.10077,0.14731,0.12124,0.07597,0.05619,0.09391,0.10958,0.07673,0.02424,0.03450
0.08462,0.07644,0.10392,0.13762,0.12105,0.07220,0.05875,0.09695,0.11008,0.07980,0.02513,0.03343
0.08102,0.08322,0.10352,0.13911,0.12342,0.06667,0.06141,0.09457,0.11038,0.08371,0.02375,0.02921
0.07845,0.07859,0.08728,0.11331,0.11155,0.07461,0.06500,0.09303,0.10193,0.08452,0.05119,0.06054
0.08236,0.08327,0.10127,0.14256,0.12461,0.07303,0.05707,0.09513,0.10950,0.07447,0.02482,0.03189
0.08224,0.08342,0.10072,0.12632,0.11138,0.07302,0.05735,0.09317,0.10389,0.07796,0.03979,0.05074
0.08082,0.07888,0.09744,0.12863,0.11705,0.07449,0.06648,0.09396,0.10310,0.07586,0.03826,0.04502
0.08398,0.08432,0.10309,0.14206,0.12547,0.07370,0.05139,0.09380,0.11131,0.07478,0.02495,0.03115
0.08242,0.08278,0.09624,0.13763,0.11737,0.07288,0.06101,0.09352,0.10974,0.08005,0.02863,0.03773
0.08036,0.09282,0.09174,0.15012,0.11950,0.07010,0.06104,0.08926,0.10948,0.07209,0.02790,0.03559
0.08458,0.08173,0.10416,0.14285,0.12698,0.07132,0.05698,0.09411,0.11246,0.07694,0.02145,0.02645
0.08641,0.08513,0.09843,0.13051,0.11685,0.06808,0.06391,0.09069,0.10277,0.07980,0.03304,0.04437
0.08229,0.08095,0.09738,0.13232,0.11527,0.06424,0.06169,0.09156,0.10480,0.07334,0.04145,0.05471
0.08042,0.07735,0.09964,0.14285,0.12435,0.07880,0.05862,0.09450,0.10308,0.07730,0.02898,0.03414
0.08524,0.08008,0.09811,0.14623,0.12199,0.06642,0.06500,0.09435,0.11122,0.07405,0.02289,0.03442
0.08010,0.08354,0.10479,0.13902,0.12810,0.06833,0.05834,0.09245,0.10821,0.07898,0.02463,0.03352
0.07869,0.08109,0.08959,0.14891,0.10164,0.07218,0.06759,0.09914,0.13331,0.07416,0.02351,0.03018
0.08409,0.08620,0.10088,0.13615,0.12047,0.06871,0.06047,0.09519,0.10887,0.07943,0.02650,0.03304
0.08532,0.08355,0.09939,0.13072,0.12279,0.06430,0.06138,0.09499,0.10673,0.07594,0.03368,0.04121
0.08472,0.08463,0.10048,0.14367,0.12383,0.07183,0.05517,0.09398,0.10614,0.07503,0.02735,0.03316
0.08138,0.08012,0.10217,0.13905,0.12769,0.06699,0.06579,0.09146,0.10625,0.08374,0.02571,0.02965
0.07850,0.08034,0.10126,0.13453,0.11921,0.07146,0.05888,0.09340,0.10366,0.07934,0.03528,0.04411
0.08576,0.07954,0.10429,0.13610,0.12409,0.06979,0.05556,0.08867,0.10572,0.07537,0.03291,0.04219
0.08072,0.10610,0.11314,0.14334,0.13738,0.05888,0.04541,0.08488,0.09503,0.07510,0.02677,0.03323
0.08388,0.09704,0.09871,0.14534,0.12136,0.06424,0.05913,0.09026,0.11596,0.07772,0.02156,0.02481
0.08027,0.08230,0.09870,0.13030,0.11512,0.06399,0.06732,0.09490,0.10800,0.07995,0.03587,0.04328
0.08719,0.08021,0.10436,0.12253,0.12067,0.06382,0.06510,0.09519,0.10454,0.08305,0.03220,0.04115
0.08769,0.08177,0.09920,0.13114,0.12577,0.06266,0.06221,0.09358,0.11160,0.07804,0.02955,0.03680
0.08083,0.08049,0.09381,0.12149,0.11445,0.07183,0.05866,0.09299,0.10427,0.07239,0.04753,0.06127
0.08402,0.09728,0.09429,0.14700,0.12175,0.06433,0.06037,0.08960,0.11186,0.07515,0.02412,0.03022
0.08413,0.09620,0.09128,0.14751,0.12971,0.06646,0.06232,0.09162,0.11725,0.07315,0.01858,0.02178
0.08427,0.08444,0.09773,0.14139,0.12066,0.05828,0.05897,0.09209,0.11015,0.07825,0.03301,0.04077
0.08809,0.07899,0.10998,0.13084,0.15015,0.06348,0.05091,0.08800,0.07990,0.09214,0.02995,0.03757
0.08272,0.08088,0.10023,0.14562,0.12483,0.06449,0.06173,0.09212,0.11269,0.07967,0.02366,0.03136
0.08680,0.08747,0.10020,0.12881,0.12732,0.06826,0.05723,0.08966,0.09861,0.08266,0.03177,0.04122
0.08154,0.08274,0.09838,0.14123,0.12089,0.06649,0.06182,0.09276,0.11069,0.07751,0.02807,0.03789
0.08718,0.08253,0.10226,0.13581,0.12792,0.06713,0.05771,0.09021,0.10550,0.07732,0.02947,0.03697
0.08126,0.08179,0.10121,0.12216,0.11621,0.07476,0.06281,0.09703,0.10743,0.08373,0.03228,0.03932
0.08359,0.08363,0.09869,0.13722,0.12226,0.06685,0.06040,0.09342,0.10736,0.07988,0.03018,0.03654
0.08472,0.08376,0.09686,0.13250,0.11517,0.06796,0.05853,0.09226,0.10285,0.07969,0.03806,0.04765
0.08141,0.07264,0.10521,0.14155,0.11578,0.07803,0.05295,0.09369,0.10260,0.07664,0.03469,0.04480
0.08189,0.08169,0.10483,0.14482,0.12371,0.06602,0.06068,0.09005,0.10980,0.07770,0.02626,0.03254
0.07897,0.09985,0.08947,0.14395,0.12324,0.06864,0.06461,0.09064,0.11466,0.07316,0.02334,0.02945
0.07715,0.09502,0.09158,0.14981,0.11954,0.07387,0.05866,0.08696,0.11105,0.07705,0.02694,0.03234
0.07748,0.10092,0.09822,0.12454,0.12580,0.06634,0.05520,0.09065,0.09318,0.08013,0.03712,0.05041
0.08122,0.08347,0.11244,0.15977,0.11343,0.06928,0.05447,0.08985,0.10632,0.08087,0.02269,0.02619
0.07936,0.08082,0.10524,0.13949,0.11702,0.07030,0.05926,0.08957,0.10415,0.08149,0.03354,0.03976
0.08044,0.07480,0.10907,0.14055,0.11904,0.07215,0.05654,0.09752,0.10666,0.08056,0.02814,0.03453
0.08581,0.08550,0.09832,0.13488,0.11483,0.06578,0.06585,0.09179,0.10562,0.07238,0.03429,0.04495
0.08367,0.08433,0.10331,0.13523,0.11844,0.06644,0.05906,0.09248,0.10866,0.08158,0.03101,0.03579
0.09143,0.07375,0.09474,0.13581,0.12449,0.07399,0.06070,0.09706,0.10492,0.07993,0.02793,0.03524
0.08299,0.07837,0.09781,0.11165,0.10785,0.06034,0.06271,0.09400,0.09879,0.07821,0.05270,0.07459
0.08769,0.08300,0.09817,0.14385,0.12341,0.06874,0.06005,0.09288,0.10902,0.07553,0.02555,0.03210
0.08503,0.08072,0.10515,0.13912,0.12545,0.06416,0.05694,0.09239,0.11035,0.08297,0.02577,0.03197
0.07904,0.08182,0.09913,0.13943,0.12337,0.06687,0.05921,0.09429,0.10964,0.08175,0.02842,0.03703
0.08328,0.07458,0.09189,0.14889,0.10689,0.07033,0.06911,0.09876,0.13070,0.07102,0.02528,0.02928
0.07929,0.07793,0.09751,0.13113,0.11416,0.07038,0.06034,0.09196,0.10482,0.07433,0.04246,0.05569
0.08671,0.08394,0.09973,0.12549,0.12204,0.06433,0.07024,0.09788,0.10492,0.08771,0.02571,0.03131
0.08443,0.08489,0.10593,0.13959,0.12802,0.07029,0.05460,0.09202,0.10981,0.07953,0.02251,0.02839
0.08536,0.08156,0.10164,0.13461,0.11610,0.06951,0.05780,0.09153,0.10107,0.07863,0.03806,0.04414
0.08748,0.08785,0.09892,0.14315,0.11624,0.06102,0.05750,0.09225,0.10887,0.06863,0.03353,0.04456
0.08315,0.08267,0.10016,0.13464,0.11919,0.07304,0.05886,0.09292,0.10558,0.07425,0.03328,0.04225
0.08139,0.08237,0.10418,0.14028,0.12498,0.06697,0.05948,0.09053,0.11074,0.07714,0.02869,0.03325
0.08177,0.06865,0.10601,0.13499,0.11767,0.08196,0.05806,0.10094,0.10446,0.07956,0.02856,0.03738
0.07823,0.07842,0.09314,0.15061,0.09267,0.07260,0.06929,0.09995,0.14079,0.06469,0.02704,0.03258
0.08223,0.07782,0.09991,0.14070,0.12133,0.06743,0.06306,0.09248,0.11025,0.07354,0.03135,0.03990
0.07745,0.08873,0.09422,0.14119,0.12117,0.07015,0.05679,0.09284,0.10948,0.07173,0.03531,0.04094
0.08066,0.08110,0.09996,0.13569,0.12214,0.06962,0.05830,0.09451,0.10753,0.07736,0.03272,0.04040
0.08022,0.07505,0.10739,0.14687,0.11879,0.07228,0.05432,0.09207,0.10499,0.08002,0.03026,0.03774
0.08030,0.08263,0.10137,0.13330,0.12476,0.06638,0.06083,0.09351,0.10623,0.08123,0.03079,0.03867
0.08319,0.07865,0.10196,0.13608,0.12369,0.06922,0.05941,0.09197,0.10620,0.07880,0.03087,0.03996
0.08230,0.08286,0.09824,0.13925,0.11818,0.06645,0.06197,0.09308,0.10732,0.07474,0.03154,0.04407
0.08293,0.08029,0.09552,0.12778,0.11705,0.07173,0.06187,0.09514,0.10290,0.08113,0.03564,0.04802
0.08853,0.08366,0.09981,0.14965,0.12434,0.06458,0.06386,0.09215,0.11063,0.07055,0.02261,0.02962
0.08604,0.08317,0.09667,0.12355,0.11235,0.07361,0.06475,0.09437,0.10299,0.07867,0.03757,0.04626
0.07862,0.07899,0.09788,0.12380,0.11829,0.06972,0.05969,0.09438,0.10466,0.07913,0.04173,0.05311
0.08797,0.08332,0.10163,0.13617,0.13938,0.06806,0.05549,0.09043,0.10224,0.08536,0.02202,0.02793
0.08037,0.09564,0.09287,0.15523,0.12814,0.07180,0.05994,0.09342,0.11197,0.07222,0.01817,0.02024
0.08263,0.08386,0.10325,0.13574,0.11917,0.06983,0.06024,0.09406,0.10848,0.08133,0.02692,0.03450
0.08180,0.07963,0.09543,0.12230,0.11761,0.07186,0.06657,0.09883,0.10710,0.08550,0.03263,0.04075
0.08073,0.08346,0.09770,0.13736,0.12174,0.06786,0.06414,0.09283,0.10993,0.08284,0.02726,0.03415
0.08523,0.08665,0.10189,0.14350,0.12216,0.06506,0.06041,0.09488,0.11002,0.07913,0.02272,0.02835
0.08395,0.08448,0.09880,0.13676,0.12383,0.06527,0.05690,0.09221,0.10978,0.07792,0.03002,0.04007
0.08143,0.08347,0.10078,0.13028,0.11828,0.07045,0.06156,0.09607,0.10510,0.07787,0.03432,0.04038
0.07910,0.08078,0.09868,0.12644,0.11112,0.06602,0.06272,0.09322,0.10768,0.08018,0.04088,0.05319
0.07871,0.07952,0.09282,0.12604,0.11352,0.06958,0.06625,0.09167,0.10278,0.07490,0.04539,0.05881
0.08548,0.07971,0.09807,0.13203,0.11829,0.07029,0.06444,0.09636,0.10793,0.07966,0.02981,0.03793
0.08026,0.07561,0.10408,0.11886,0.10942,0.06710,0.05944,0.09327,0.09728,0.08385,0.04920,0.06162
0.08126,0.09226,0.09908,0.12548,0.12673,0.06910,0.06025,0.09432,0.10047,0.08614,0.02859,0.03632
0.08300,0.07878,0.10700,0.13735,0.12651,0.06750,0.05519,0.09134,0.10051,0.07937,0.03228,0.04116
0.08131,0.07941,0.10543,0.13424,0.11688,0.07220,0.05895,0.09465,0.10286,0.08173,0.03190,0.04044
0.08395,0.07943,0.09708,0.14122,0.12961,0.07035,0.06044,0.09453,0.10656,0.07659,0.02751,0.03272
0.08319,0.08202,0.09767,0.12800,0.11777,0.06761,0.06080,0.09318,0.10617,0.08081,0.03665,0.04612
0.08173,0.08526,0.09863,0.12642,0.12035,0.08191,0.06047,0.10148,0.10507,0.08137,0.02582,0.03149
0.08265,0.08125,0.09678,0.12694,0.11614,0.07616,0.05540,0.10252,0.10457,0.08272,0.03276,0.04211
0.08789,0.07802,0.09987,0.13232,0.12462,0.06885,0.06054,0.09892,0.10821,0.07587,0.02995,0.03495
0.08337,0.08635,0.09791,0.14195,0.12275,0.06980,0.05809,0.09209,0.11269,0.07509,0.02601,0.03389
0.08655,0.07860,0.11354,0.13364,0.13953,0.06512,0.05066,0.08867,0.09047,0.08103,0.03186,0.04033
0.08585,0.08226,0.10456,0.14265,0.12582,0.05960,0.05842,0.08783,0.11036,0.08194,0.02630,0.03442
0.09073,0.07874,0.10879,0.12373,0.12437,0.06539,0.05807,0.09844,0.10857,0.08698,0.02617,0.03002
0.08650,0.07369,0.10605,0.12885,0.11828,0.07161,0.05925,0.09731,0.10790,0.08334,0.03026,0.03695
0.08318,0.08156,0.10271,0.14343,0.12206,0.06461,0.06322,0.09413,0.10847,0.08400,0.02214,0.03050
0.07784,0.08885,0.09133,0.13634,0.11869,0.06583,0.06185,0.09047,0.10436,0.07535,0.03921,0.04986
0.08296,0.07946,0.10264,0.14417,0.12700,0.06293,0.05984,0.09268,0.10959,0.07808,0.02609,0.03456
0.08005,0.07672,0.10139,0.14326,0.13026,0.05964,0.06003,0.09065,0.10867,0.07829,0.03125,0.03978
0.07853,0.09625,0.09056,0.14036,0.12622,0.06863,0.06160,0.09086,0.11276,0.07138,0.02786,0.03500
0.07898,0.09301,0.10387,0.13588,0.11776,0.06755,0.05866,0.09623,0.11059,0.07531,0.02780,0.03436
0.08794,0.08510,0.10574,0.13719,0.12352,0.06698,0.05508,0.08992,0.10430,0.07357,0.03009,0.04057
0.08185,0.09158,0.10778,0.13384,0.13421,0.06433,0.05164,0.08895,0.09355,0.08382,0.03108,0.03736
0.07867,0.07838,0.09832,0.15088,0.12682,0.07960,0.05790,0.09642,0.10538,0.07604,0.02416,0.02743
0.08214,0.08049,0.10652,0.13996,0.12421,0.07142,0.05580,0.09672,0.11014,0.07864,0.02474,0.02920
0.08994,0.09033,0.10167,0.14391,0.12990,0.06533,0.05626,0.09119,0.10705,0.08226,0.01786,0.02431
0.07603,0.08092,0.10325,0.13901,0.12003,0.06910,0.06371,0.09853,0.11223,0.08632,0.02314,0.02773
0.08589,0.08398,0.10233,0.14136,0.11924,0.06608,0.06106,0.09049,0.11165,0.07463,0.02579,0.03750
