0.20009,0.20158,0.28075,0.31759
0.18753,0.19465,0.28811,0.32972
0.18615,0.19578,0.29272,0.32534
0.17259,0.18299,0.30699,0.33743
0.19089,0.20699,0.28597,0.31615
0.20254,0.18093,0.29018,0.32635
0.21303,0.16921,0.29365,0.32411
0.16882,0.18586,0.30483,0.34049
0.22711,0.16346,0.28397,0.32546
0.16268,0.18897,0.31218,0.33617
0.18175,0.27977,0.25436,0.28413
0.17061,0.18030,0.30659,0.34250
0.20193,0.22331,0.27209,0.30268
0.21962,0.23424,0.25474,0.29140
0.18334,0.23164,0.27360,0.31142
0.13996,0.13070,0.34393,0.38541
0.15945,0.27382,0.26655,0.30018
0.17880,0.19506,0.30112,0.32502
0.18886,0.18933,0.29349,0.32832
0.15365,0.16852,0.32316,0.35468
0.15872,0.17446,0.31129,0.35553
0.13915,0.14821,0.33645,0.37618
0.21188,0.20953,0.27360,0.30499
0.17307,0.17924,0.29817,0.34951
0.23201,0.21823,0.26257,0.28719
0.13989,0.14572,0.33497,0.37941
0.18482,0.20649,0.28588,0.32281
0.19002,0.22549,0.27283,0.31166
0.23819,0.25396,0.23675,0.27109
0.19820,0.14312,0.31218,0.34650
0.21248,0.21731,0.27021,0.30000
0.14623,0.19706,0.31010,0.34660
0.23048,0.24285,0.24727,0.27940
0.25533,0.19909,0.25821,0.28736
0.17243,0.37046,0.21404,0.24307
0.23167,0.18615,0.27179,0.31039
0.18234,0.18343,0.30171,0.33252
0.18196,0.18689,0.29416,0.33699
0.21515,0.14588,0.29711,0.34186
0.10143,0.28643,0.29047,0.32167
0.16203,0.19840,0.29248,0.34709
0.21271,0.21467,0.26986,0.30276
0.19206,0.19983,0.28615,0.32196
0.19321,0.20317,0.28140,0.32223
0.21818,0.22089,0.26740,0.29353
0.17792,0.17728,0.30732,0.33748
0.17926,0.18264,0.30301,0.33509
0.15402,0.17531,0.30806,0.36261
0.24853,0.14974,0.28366,0.31807
0.16697,0.20235,0.29614,0.33454
0.18857,0.19832,0.28988,0.32323
0.15960,0.16124,0.31606,0.36310
0.16363,0.16981,0.31007,0.35650
0.20621,0.20320,0.28411,0.30648
0.14366,0.14929,0.33445,0.37259
0.20786,0.21982,0.26903,0.30328
0.18532,0.19954,0.29313,0.32201
0.24802,0.26076,0.23376,0.25746
0.20498,0.21120,0.27009,0.31373
0.16099,0.17578,0.31497,0.34826
0.25272,0.23901,0.23757,0.27070
0.15284,0.16426,0.32218,0.36071
0.08030,0.36432,0.26164,0.29374
0.17349,0.20631,0.29121,0.32899
0.16877,0.16866,0.31013,0.35244
0.15517,0.15980,0.32342,0.36161
0.18631,0.14052,0.32029,0.35287
0.14664,0.20706,0.30556,0.34073
0.21062,0.21435,0.27177,0.30325
0.28294,0.27971,0.20736,0.22999
0.18039,0.22190,0.28163,0.31609
0.23175,0.25238,0.24372,0.27215
0.20573,0.21096,0.26690,0.31641
0.25528,0.26846,0.22281,0.25345
0.20185,0.26304,0.25182,0.28330
0.15885,0.17025,0.31657,0.35433
0.17055,0.15990,0.31551,0.35404
0.24344,0.25930,0.23632,0.26094
0.19388,0.20354,0.28218,0.32041
0.16031,0.16982,0.31835,0.35152
0.17593,0.18802,0.30062,0.33544
0.22070,0.21883,0.26275,0.29772
0.24173,0.21526,0.25446,0.28856
0.14179,0.14254,0.33288,0.38279
0.18255,0.23041,0.27552,0.31152
0.10270,0.15944,0.34181,0.39606
0.20231,0.20159,0.28031,0.31579
0.22460,0.21531,0.25989,0.30020
0.18731,0.25520,0.26154,0.29595
0.23130,0.23781,0.25296,0.27792
0.15530,0.22360,0.29067,0.33043
0.13729,0.15370,0.32794,0.38107
0.19330,0.23341,0.27157,0.30171
0.14960,0.17090,0.32454,0.35496
0.11625,0.11705,0.35786,0.40884
0.17014,0.17550,0.30418,0.35018
0.19073,0.20111,0.28266,0.32550
0.22661,0.29343,0.22427,0.25569
0.15481,0.22207,0.28709,0.33604
0.24031,0.23460,0.24456,0.28053
0.15875,0.16219,0.31908,0.35998
0.19240,0.19447,0.28767,0.32546
0.23290,0.15692,0.28473,0.32546
0.19686,0.11069,0.32312,0.36933
0.18537,0.19376,0.29231,0.32856
0.17055,0.17006,0.30824,0.35115
0.20623,0.22060,0.27233,0.30084
0.18763,0.23415,0.26744,0.31078
0.11624,0.15099,0.34752,0.38526
0.19331,0.21098,0.27975,0.31595
0.19998,0.25725,0.25880,0.28398
0.15747,0.16247,0.31631,0.36374
0.20044,0.23400,0.26782,0.29775
0.24286,0.20002,0.25820,0.29891
0.16111,0.14338,0.32210,0.37341
0.15235,0.15677,0.32130,0.36958
0.18691,0.18345,0.29367,0.33597
0.21173,0.22817,0.26271,0.29740
0.15347,0.16246,0.31991,0.36416
0.18721,0.27083,0.25142,0.29054
0.21149,0.21297,0.26765,0.30790
0.16258,0.16982,0.31050,0.35710
0.19609,0.19112,0.28725,0.32554
0.23612,0.16153,0.28380,0.31855
0.16320,0.17171,0.31443,0.35066
0.19024,0.18517,0.29540,0.32919
0.31895,0.11013,0.26859,0.30234
0.20023,0.27132,0.25034,0.27810
0.25071,0.26449,0.23116,0.25365
0.18259,0.18909,0.29853,0.32979
0.10599,0.12092,0.36154,0.41155
0.06412,0.17362,0.35215,0.41011
0.14034,0.13399,0.34497,0.38070
0.18787,0.26083,0.26210,0.28920
0.20635,0.20818,0.27781,0.30766
0.21900,0.24823,0.24658,0.28620
0.26975,0.26016,0.22162,0.24846
0.15302,0.15503,0.32299,0.36897
0.15839,0.21749,0.29323,0.33088
0.23155,0.23409,0.25098,0.28339
0.19115,0.19528,0.28595,0.32762
0.14752,0.35356,0.23670,0.26222
0.19402,0.20693,0.28197,0.31707
0.19091,0.21785,0.28055,0.31069
0.23010,0.21220,0.26338,0.29432
0.31203,0.18264,0.23755,0.26778
0.20332,0.26533,0.24865,0.28270
0.35886,0.07938,0.26229,0.29947
0.16408,0.16227,0.31314,0.36051
0.17266,0.17074,0.30786,0.34874
0.18146,0.23588,0.27080,0.31186
0.22578,0.24238,0.24782,0.28402
0.16958,0.16612,0.31096,0.35334
0.20690,0.20751,0.27313,0.31246
0.15138,0.16446,0.31451,0.36965
0.22382,0.24222,0.24960,0.28436
0.20601,0.21934,0.26613,0.30852
0.17726,0.25464,0.27259,0.29550
0.19110,0.19974,0.28612,0.32304
0.14329,0.15070,0.33087,0.37514
0.19772,0.21383,0.27235,0.31611
0.21907,0.22214,0.26402,0.29477
0.21825,0.22834,0.26135,0.29206
0.18815,0.20853,0.28759,0.31572
0.25214,0.16786,0.27111,0.30889
0.20473,0.13684,0.30785,0.35058
0.21008,0.20186,0.27415,0.31391
0.24341,0.28282,0.21900,0.25477
0.16464,0.20131,0.29553,0.33852
0.18641,0.19112,0.28971,0.33276
0.22557,0.25044,0.24644,0.27755
0.18473,0.22147,0.28368,0.31011
0.14807,0.15556,0.32054,0.37582
0.16969,0.17940,0.30656,0.34435
0.20926,0.24093,0.26164,0.28818
0.23718,0.24895,0.24436,0.26951
0.20097,0.19453,0.28336,0.32113
0.15426,0.16134,0.31894,0.36546
0.12409,0.12589,0.35209,0.39793
0.20758,0.24463,0.25818,0.28962
0.22155,0.20583,0.26214,0.31048
0.19490,0.17607,0.29675,0.33228
0.21243,0.20146,0.27924,0.30687
0.16739,0.16741,0.31574,0.34946
0.24636,0.24676,0.23917,0.26771
0.20964,0.22356,0.26511,0.30169
0.19947,0.25313,0.25681,0.29058
0.14888,0.15982,0.32010,0.37120
0.16164,0.19121,0.30692,0.34022
0.21668,0.16083,0.29092,0.33157
0.18446,0.19172,0.28858,0.33524
0.16587,0.13142,0.32777,0.37494
0.23795,0.24337,0.24466,0.27401
0.27149,0.27433,0.21105,0.24313
0.19291,0.20425,0.28312,0.31972
0.15300,0.16039,0.32317,0.36344
0.15208,0.15599,0.32469,0.36724
0.19618,0.20393,0.28098,0.31890
0.23298,0.25494,0.24071,0.27137
0.26425,0.16881,0.26895,0.29798
0.20483,0.16054,0.29811,0.33652
0.17985,0.18790,0.29160,0.34066
0.21860,0.23553,0.25622,0.28965
0.24365,0.25148,0.23906,0.26581
0.12343,0.23417,0.30460,0.33781
0.15012,0.15607,0.32232,0.37149
0.18155,0.19120,0.29662,0.33063
0.17689,0.17508,0.30459,0.34344
0.15800,0.31334,0.24177,0.28689
0.17457,0.17961,0.30401,0.34181
0.20800,0.21197,0.27053,0.30951
0.18984,0.15548,0.30944,0.34524
0.19090,0.19372,0.28499,0.33039
0.18222,0.16737,0.29957,0.35084
0.17330,0.15352,0.31580,0.35738
0.21694,0.23348,0.25575,0.29383
0.17619,0.18142,0.30132,0.34108
0.15166,0.18117,0.30888,0.35828
0.16045,0.16137,0.31760,0.36058
0.16967,0.17517,0.31085,0.34431
0.10369,0.19747,0.32714,0.37170
0.15855,0.16584,0.31557,0.36004
0.17011,0.30682,0.24161,0.28146
0.17906,0.23355,0.27374,0.31365
0.18863,0.19906,0.28610,0.32621
0.14478,0.14898,0.32319,0.38304
0.16738,0.19029,0.30034,0.34199
0.19744,0.34213,0.21601,0.24442
0.30279,0.22708,0.21954,0.25059
0.18676,0.18839,0.29140,0.33345
0.18340,0.19383,0.29538,0.32739
0.32853,0.11143,0.25916,0.30088
0.18442,0.20264,0.29228,0.32067
0.15825,0.16075,0.31778,0.36322
0.17781,0.16986,0.30876,0.34357
0.18995,0.19289,0.29111,0.32605
0.15256,0.15871,0.32345,0.36528
0.16168,0.16480,0.31545,0.35807
0.19961,0.20460,0.27558,0.32021
0.24551,0.34526,0.19328,0.21595
0.16664,0.13238,0.33000,0.37097
0.23549,0.25903,0.23668,0.26880
0.19435,0.28602,0.24066,0.27897
0.20307,0.21236,0.27265,0.31192
0.19106,0.20273,0.28755,0.31867
0.19043,0.19520,0.29009,0.32428
0.14593,0.13908,0.33516,0.37983
0.14072,0.14926,0.33437,0.37566
0.20497,0.21903,0.27165,0.30434
0.18841,0.19158,0.29252,0.32749
0.16180,0.30519,0.24844,0.28457
0.19094,0.20645,0.28267,0.31994
0.31420,0.10787,0.27058,0.30734
0.24263,0.23520,0.24818,0.27399
0.21222,0.24375,0.25516,0.28888
0.47672,0.11473,0.19107,0.21749
0.19605,0.21521,0.27471,0.31403
0.16036,0.18341,0.30998,0.34625
0.18347,0.25135,0.26538,0.29980
0.23061,0.19421,0.27349,0.30168
0.20168,0.20045,0.28355,0.31432
0.15487,0.15727,0.32242,0.36543
0.15715,0.16881,0.31599,0.35805
0.16748,0.17556,0.30999,0.34697
0.22915,0.24618,0.24571,0.27896
0.15173,0.14043,0.32798,0.37986
0.19290,0.19128,0.29148,0.32435
0.16139,0.16868,0.31491,0.35503
0.19766,0.16878,0.30142,0.33214
0.16049,0.16064,0.31707,0.36180
0.20486,0.22932,0.26463,0.30120
0.17794,0.18366,0.29442,0.34398
0.18039,0.17278,0.30360,0.34323
0.18964,0.18553,0.28944,0.33539
0.13466,0.13209,0.34944,0.38382
0.21644,0.21803,0.26756,0.29796
0.21473,0.13480,0.30825,0.34223
0.11695,0.12261,0.35033,0.41011
0.21332,0.22227,0.26567,0.29874
0.16767,0.19336,0.29546,0.34351
0.15962,0.16663,0.31864,0.35512
0.14861,0.21034,0.30108,0.33998
0.19793,0.20429,0.27923,0.31855
0.19562,0.19780,0.28437,0.32221
0.22818,0.34640,0.20262,0.22280
0.14193,0.14191,0.33727,0.37890
0.15449,0.17341,0.31252,0.35957
0.22412,0.19394,0.27735,0.30459
0.20311,0.16592,0.29607,0.33490
0.22662,0.24287,0.24799,0.28252
0.22107,0.23196,0.25911,0.28785
0.17539,0.16933,0.30889,0.34639
0.19000,0.18412,0.29253,0.33334
0.14292,0.14244,0.33919,0.37545
0.21660,0.24969,0.24968,0.28402
0.21588,0.24281,0.25190,0.28942
0.25772,0.20588,0.25027,0.28613
0.23708,0.23993,0.24616,0.27684
0.18900,0.19324,0.28898,0.32878
0.15474,0.14953,0.33416,0.36157
