0.03514,0.00747,0.02068,0.06967,0.11356,0.16996,0.00981,0.02011,0.00991,0.01686,0.00722,0.00534,0.25841,0.01465,0.01514,0.19946,0.00593,0.00519,0.00414,0.01134
0.09007,0.01041,0.01379,0.15657,0.04356,0.28987,0.00822,0.00812,0.00759,0.00867,0.00589,0.00754,0.03600,0.02102,0.01526,0.25550,0.00447,0.00503,0.00489,0.00753
0.09439,0.01307,0.11350,0.17919,0.02768,0.19476,0.01809,0.01351,0.01178,0.02103,0.00966,0.00679,0.02101,0.10720,0.01438,0.12433,0.00687,0.00667,0.00636,0.00972
0.10230,0.01093,0.01308,0.23106,0.01974,0.21488,0.00992,0.01841,0.00820,0.01912,0.00751,0.01002,0.01708,0.01377,0.03136,0.24948,0.00541,0.00552,0.00406,0.00815
0.16692,0.04489,0.02612,0.06959,0.17473,0.22312,0.01121,0.00772,0.01538,0.01226,0.01165,0.01012,0.05871,0.02265,0.01842,0.08458,0.01168,0.00830,0.01011,0.01183
0.09997,0.01494,0.09438,0.13578,0.08387,0.30321,0.00612,0.00683,0.00716,0.00592,0.00586,0.00552,0.05006,0.05331,0.01009,0.09787,0.00531,0.00491,0.00415,0.00474
0.11820,0.02805,0.17868,0.20430,0.01600,0.15834,0.01398,0.00965,0.04018,0.00722,0.01331,0.00786,0.01350,0.03249,0.01816,0.09627,0.00965,0.00824,0.00851,0.01741
0.12417,0.01117,0.02719,0.13806,0.01631,0.17323,0.00973,0.01482,0.02247,0.01533,0.01106,0.00919,0.02106,0.01935,0.02445,0.33057,0.00598,0.01024,0.00588,0.00976
0.13657,0.01764,0.04258,0.23738,0.02957,0.06196,0.01329,0.01699,0.01121,0.01443,0.00894,0.01022,0.02829,0.04101,0.04162,0.25795,0.00738,0.00592,0.00656,0.01050
0.09722,0.04183,0.05509,0.24922,0.02790,0.16872,0.02137,0.01278,0.00953,0.00960,0.00728,0.00619,0.02644,0.18846,0.00894,0.04715,0.00590,0.00640,0.00380,0.00619
0.15647,0.00847,0.01757,0.48616,0.01819,0.11910,0.00508,0.00603,0.00763,0.00663,0.00496,0.00487,0.02089,0.01554,0.00834,0.09774,0.00339,0.00461,0.00335,0.00499
0.04787,0.01533,0.03416,0.09267,0.01143,0.18137,0.03104,0.04120,0.02422,0.10070,0.02270,0.01260,0.01535,0.03223,0.09746,0.20063,0.01163,0.00818,0.00957,0.00967
0.07784,0.04885,0.03411,0.05938,0.21179,0.17263,0.01424,0.01999,0.02134,0.01508,0.03689,0.01909,0.06206,0.03461,0.01871,0.08060,0.01683,0.01587,0.01926,0.02084
0.12724,0.01505,0.22741,0.27062,0.01595,0.05280,0.03250,0.01860,0.01209,0.05969,0.01311,0.00746,0.01241,0.04869,0.01990,0.04217,0.00443,0.00579,0.00629,0.00782
0.09494,0.00928,0.02078,0.32672,0.01400,0.12258,0.00703,0.00773,0.00987,0.00834,0.00816,0.00720,0.01325,0.01359,0.03781,0.27320,0.00479,0.00602,0.00475,0.00996
0.07153,0.01502,0.06965,0.11530,0.06273,0.34181,0.01617,0.01123,0.00751,0.01533,0.00943,0.00967,0.04463,0.07552,0.01192,0.09398,0.00703,0.00489,0.00619,0.01044
0.08442,0.00915,0.01694,0.41064,0.01845,0.08511,0.00993,0.01919,0.00801,0.02772,0.00902,0.00991,0.01943,0.02478,0.03046,0.18956,0.00648,0.00587,0.00676,0.00818
0.03990,0.01114,0.01408,0.15122,0.05184,0.30322,0.03945,0.02297,0.00937,0.08024,0.00883,0.00651,0.05449,0.01650,0.01426,0.15064,0.00854,0.00576,0.00514,0.00590
0.08640,0.02109,0.01692,0.05472,0.06480,0.40463,0.00754,0.00844,0.00776,0.00745,0.00860,0.00566,0.07747,0.01614,0.01312,0.17495,0.00854,0.00572,0.00474,0.00530
0.09483,0.01512,0.01341,0.06908,0.26119,0.19250,0.01111,0.00880,0.00825,0.01211,0.00580,0.00723,0.06532,0.01886,0.01123,0.17922,0.00549,0.00554,0.00545,0.00946
0.21024,0.02040,0.01818,0.14141,0.13523,0.18584,0.01017,0.01270,0.01038,0.01297,0.00980,0.01036,0.10411,0.01994,0.00969,0.05559,0.00790,0.00981,0.00534,0.00991
0.19940,0.02942,0.01068,0.04416,0.04964,0.47602,0.00442,0.00424,0.00599,0.00475,0.00438,0.00682,0.04449,0.01053,0.00714,0.08358,0.00351,0.00357,0.00301,0.00426
0.14577,0.06086,0.04103,0.08670,0.04057,0.14871,0.02513,0.01267,0.01254,0.01602,0.01782,0.01731,0.02546,0.22273,0.01639,0.06775,0.00906,0.01287,0.01141,0.00918
0.12134,0.02101,0.01729,0.18236,0.05974,0.10854,0.04947,0.03141,0.01691,0.09107,0.01034,0.01674,0.15166,0.02734,0.01140,0.04370,0.00763,0.01254,0.00734,0.01217
0.11484,0.01630,0.15098,0.13974,0.05185,0.26862,0.01334,0.00976,0.00800,0.00937,0.00651,0.00617,0.02596,0.05383,0.01128,0.08934,0.00580,0.00608,0.00464,0.00758
0.04657,0.01881,0.02433,0.08851,0.01555,0.16270,0.01362,0.09355,0.01378,0.03051,0.01281,0.01118,0.01577,0.01447,0.06835,0.32769,0.01142,0.00761,0.01057,0.01221
0.12038,0.01654,0.02046,0.13318,0.05671,0.33183,0.00926,0.03045,0.00964,0.01584,0.00976,0.00693,0.04761,0.01762,0.01024,0.14082,0.00606,0.00421,0.00523,0.00725
0.05089,0.01240,0.11688,0.11793,0.02396,0.15789,0.01383,0.00683,0.01193,0.00788,0.00742,0.00728,0.01825,0.33984,0.01275,0.07235,0.00534,0.00536,0.00501,0.00599
0.14909,0.01088,0.02048,0.15051,0.01839,0.09145,0.00760,0.03707,0.00880,0.02635,0.00900,0.01192,0.01375,0.02783,0.04713,0.33763,0.00604,0.00557,0.01099,0.00951
0.13085,0.02939,0.12028,0.07633,0.03463,0.10556,0.01373,0.01518,0.01103,0.01135,0.01015,0.00569,0.02077,0.27290,0.01386,0.10326,0.00713,0.00575,0.00529,0.00686
0.12563,0.03677,0.10726,0.04372,0.01851,0.31109,0.00962,0.01327,0.01186,0.01297,0.00738,0.00669,0.01622,0.16632,0.00923,0.08016,0.00540,0.00543,0.00422,0.00825
0.08160,0.01675,0.03627,0.14942,0.01176,0.08782,0.00992,0.01175,0.00812,0.01118,0.00811,0.01455,0.01017,0.06344,0.22848,0.22535,0.00625,0.00548,0.00641,0.00715
0.18712,0.01922,0.05153,0.24513,0.04575,0.14596,0.01351,0.01477,0.01090,0.01126,0.00868,0.00670,0.03027,0.06575,0.01156,0.09998,0.00628,0.01012,0.00788,0.00764
0.18399,0.03596,0.01700,0.13078,0.02674,0.21710,0.02756,0.01486,0.00791,0.01340,0.01063,0.00919,0.01939,0.03682,0.05041,0.16996,0.00550,0.00813,0.00549,0.00921
0.12009,0.01620,0.00821,0.13669,0.04153,0.48671,0.00853,0.00608,0.00515,0.00780,0.00480,0.00375,0.03063,0.01034,0.00711,0.09047,0.00410,0.00464,0.00291,0.00428
0.16164,0.01528,0.02669,0.30788,0.01207,0.06141,0.00679,0.01405,0.00894,0.01208,0.00601,0.00907,0.01163,0.02210,0.07096,0.22907,0.00565,0.00511,0.00548,0.00807
0.23616,0.02138,0.06740,0.19752,0.01629,0.13766,0.00683,0.01143,0.01352,0.00931,0.00962,0.00895,0.01588,0.03618,0.03276,0.14118,0.00973,0.00793,0.00877,0.01151
0.10642,0.01131,0.01491,0.28588,0.01275,0.04824,0.00896,0.01117,0.00839,0.00864,0.00786,0.00617,0.01177,0.01626,0.15959,0.26113,0.00431,0.00459,0.00375,0.00791
0.07739,0.01573,0.02196,0.05096,0.09428,0.43567,0.01396,0.00860,0.01035,0.00837,0.00734,0.00718,0.05054,0.02696,0.01185,0.12966,0.00810,0.00763,0.00553,0.00795
0.16384,0.02203,0.06511,0.07834,0.02167,0.37992,0.00649,0.00469,0.00834,0.00558,0.00703,0.00526,0.01598,0.08446,0.01004,0.09628,0.00512,0.00731,0.00562,0.00688
0.06485,0.01586,0.01736,0.05493,0.01899,0.10164,0.00997,0.07487,0.01042,0.03884,0.01177,0.02806,0.01847,0.01210,0.31067,0.17394,0.00662,0.00784,0.00762,0.01518
0.17166,0.02054,0.03012,0.18890,0.03033,0.27176,0.01914,0.02870,0.01022,0.03333,0.00941,0.00911,0.02772,0.05668,0.00999,0.05430,0.00649,0.00763,0.00436,0.00962
0.14488,0.04191,0.03692,0.09184,0.03616,0.10393,0.01809,0.03368,0.04908,0.08084,0.02206,0.04033,0.03643,0.02507,0.09460,0.07524,0.01337,0.02148,0.01042,0.02368
0.15580,0.02368,0.02162,0.08147,0.07921,0.36026,0.01392,0.00751,0.01907,0.00755,0.01164,0.00580,0.05228,0.01735,0.01172,0.09497,0.01152,0.00815,0.00706,0.00941
0.12013,0.01308,0.00563,0.09670,0.16066,0.20953,0.00968,0.00782,0.00539,0.00828,0.00636,0.00526,0.06697,0.00671,0.01440,0.24451,0.00544,0.00514,0.00341,0.00488
0.07245,0.02746,0.02464,0.12609,0.21616,0.12759,0.01574,0.01661,0.01260,0.02128,0.01222,0.01268,0.13096,0.02362,0.02166,0.09429,0.00967,0.01538,0.00675,0.01216
0.10441,0.00879,0.01273,0.20889,0.05927,0.33609,0.00639,0.00972,0.00675,0.00741,0.00620,0.00523,0.04454,0.01658,0.00869,0.14115,0.00273,0.00422,0.00379,0.00642
0.11538,0.01515,0.02102,0.23665,0.01921,0.13286,0.01026,0.01803,0.00800,0.01539,0.00840,0.02634,0.02027,0.03788,0.04984,0.23564,0.00619,0.00563,0.00628,0.01157
0.08449,0.02995,0.02273,0.08450,0.01841,0.33656,0.01052,0.01639,0.01412,0.01191,0.01253,0.01472,0.01838,0.01895,0.04044,0.22770,0.01103,0.00779,0.00960,0.00929
0.08399,0.02173,0.10601,0.08432,0.02785,0.12529,0.02460,0.01370,0.01204,0.01312,0.01300,0.00728,0.02141,0.32073,0.01242,0.08391,0.00818,0.00775,0.00540,0.00727
0.15632,0.01131,0.01301,0.19048,0.03714,0.26574,0.01071,0.01416,0.01026,0.01313,0.00816,0.00452,0.02477,0.00862,0.01182,0.20013,0.00530,0.00598,0.00342,0.00504
0.09244,0.01931,0.02288,0.15674,0.03259,0.10643,0.01522,0.04002,0.01706,0.02845,0.01551,0.01147,0.02426,0.01967,0.08564,0.25242,0.00818,0.01035,0.01020,0.03118
0.12125,0.01360,0.01971,0.21857,0.17037,0.22233,0.01222,0.00859,0.00995,0.00895,0.00728,0.00582,0.06709,0.01268,0.01123,0.05973,0.00760,0.00604,0.00492,0.01208
0.11953,0.01807,0.01518,0.29832,0.11487,0.14939,0.01734,0.01012,0.00828,0.00829,0.00773,0.00845,0.07726,0.01378,0.01214,0.09144,0.00648,0.00684,0.00621,0.01029
0.08341,0.01026,0.05465,0.26169,0.01363,0.12854,0.02046,0.01983,0.03163,0.05964,0.01453,0.02075,0.01518,0.04709,0.02313,0.13617,0.01107,0.00920,0.00899,0.03013
0.08367,0.02126,0.10760,0.06591,0.03441,0.22805,0.01219,0.00791,0.01356,0.00692,0.01011,0.00817,0.02206,0.24623,0.01159,0.08896,0.00741,0.00839,0.00840,0.00720
0.17790,0.03042,0.02437,0.14832,0.01721,0.29555,0.03116,0.01516,0.01429,0.02729,0.01013,0.00598,0.01856,0.04319,0.00975,0.09927,0.00839,0.00681,0.00740,0.00883
0.09650,0.02105,0.01828,0.17537,0.02876,0.10146,0.00928,0.01911,0.01229,0.01202,0.01027,0.01288,0.02805,0.02759,0.05249,0.33819,0.00907,0.00916,0.00617,0.01201
0.08322,0.02213,0.06698,0.11923,0.04255,0.29410,0.03985,0.01939,0.01548,0.01963,0.01288,0.00833,0.04106,0.11251,0.01015,0.05591,0.01099,0.00878,0.00747,0.00936
0.12525,0.01997,0.01142,0.18667,0.23287,0.13537,0.01062,0.01127,0.00526,0.01216,0.00610,0.00920,0.07806,0.01358,0.02196,0.09511,0.00626,0.00649,0.00645,0.00594
0.13041,0.01370,0.20672,0.09645,0.04217,0.14100,0.01215,0.01525,0.01143,0.01094,0.00780,0.00870,0.03696,0.11858,0.01138,0.11019,0.00607,0.00608,0.00573,0.00831
0.11119,0.01364,0.02208,0.13192,0.15652,0.19621,0.00561,0.00622,0.00896,0.00725,0.00493,0.00927,0.15232,0.01458,0.01303,0.11949,0.00520,0.00589,0.00481,0.01087
0.17032,0.03219,0.01469,0.21758,0.07859,0.18085,0.01687,0.01536,0.01320,0.01934,0.01359,0.02197,0.07120,0.01926,0.01061,0.05323,0.01538,0.01302,0.00786,0.01488
0.11188,0.01702,0.18676,0.12681,0.03389,0.14420,0.01146,0.00813,0.01581,0.00821,0.00979,0.00691,0.03212,0.14803,0.01539,0.09290,0.00734,0.00845,0.00699,0.00789
0.14234,0.01776,0.11583,0.16616,0.03724,0.10577,0.00982,0.01763,0.01400,0.01814,0.01160,0.01068,0.03010,0.17515,0.01810,0.07470,0.00635,0.01149,0.00677,0.01038
0.09152,0.00792,0.01216,0.26342,0.13483,0.15142,0.00576,0.00856,0.00638,0.00817,0.00593,0.00366,0.10034,0.00977,0.01201,0.16343,0.00385,0.00346,0.00312,0.00431
0.05160,0.01062,0.03485,0.06339,0.01288,0.06489,0.00761,0.00840,0.00601,0.00730,0.00576,0.00498,0.01276,0.02061,0.27447,0.39803,0.00400,0.00349,0.00315,0.00521
0.16778,0.00810,0.01379,0.20489,0.06215,0.26922,0.00797,0.00589,0.00805,0.00668,0.00491,0.00542,0.05407,0.01539,0.00917,0.13472,0.00442,0.00403,0.00390,0.00948
0.10853,0.00806,0.01275,0.34489,0.14456,0.16442,0.00642,0.00772,0.00453,0.00646,0.00536,0.00498,0.06055,0.01737,0.00848,0.07893,0.00369,0.00417,0.00337,0.00476
0.15227,0.01438,0.01061,0.42199,0.02059,0.07806,0.00913,0.01161,0.00810,0.00864,0.00872,0.01043,0.02043,0.01032,0.04484,0.13889,0.00573,0.00762,0.00700,0.01066
0.11442,0.01295,0.02151,0.26484,0.07159,0.21663,0.00767,0.00727,0.01128,0.00542,0.00634,0.00555,0.05568,0.01604,0.01175,0.14589,0.00540,0.00528,0.00651,0.00798
0.10249,0.01775,0.07673,0.28146,0.05070,0.10402,0.01053,0.02337,0.04256,0.01124,0.02459,0.00917,0.03553,0.03776,0.02993,0.10313,0.00898,0.01121,0.01014,0.00870
0.11312,0.02185,0.01307,0.31570,0.03833,0.11677,0.00726,0.00656,0.00784,0.00591,0.00685,0.00615,0.02481,0.01180,0.02298,0.25921,0.00486,0.00538,0.00488,0.00666
0.17471,0.01893,0.09849,0.14450,0.01297,0.06579,0.04013,0.03404,0.02807,0.06961,0.02442,0.03241,0.01118,0.12363,0.01405,0.04173,0.01113,0.00885,0.00770,0.03767
0.23316,0.03914,0.09265,0.08944,0.05100,0.19497,0.01366,0.01706,0.01840,0.01677,0.01505,0.00959,0.04053,0.04902,0.01140,0.06081,0.00957,0.01531,0.00776,0.01471
0.06436,0.01873,0.09902,0.05164,0.04630,0.13034,0.01029,0.00879,0.00511,0.00670,0.00610,0.00490,0.02875,0.43819,0.00975,0.05025,0.00555,0.00625,0.00437,0.00460
0.15157,0.01508,0.06216,0.31811,0.05867,0.14164,0.00874,0.02404,0.00686,0.01586,0.00693,0.00673,0.03897,0.06330,0.00917,0.04667,0.00614,0.00478,0.00516,0.00943
0.11694,0.02182,0.14580,0.09928,0.01876,0.30282,0.00925,0.00650,0.00894,0.00499,0.00727,0.00562,0.01680,0.09030,0.01188,0.11316,0.00587,0.00424,0.00493,0.00483
0.10183,0.01291,0.02414,0.21345,0.02191,0.09705,0.01664,0.01500,0.02265,0.01440,0.01122,0.02450,0.02243,0.01870,0.06236,0.28465,0.00638,0.00780,0.00790,0.01409
0.14349,0.00616,0.01011,0.25438,0.01849,0.36656,0.00356,0.00725,0.00480,0.00607,0.00385,0.00380,0.01791,0.00943,0.00752,0.12355,0.00298,0.00284,0.00247,0.00477
0.11050,0.01754,0.09691,0.10820,0.02348,0.14169,0.01440,0.01777,0.01197,0.00974,0.01276,0.00944,0.01682,0.15576,0.02118,0.19938,0.00841,0.00811,0.00879,0.00717
0.26084,0.01743,0.03451,0.10625,0.01673,0.30600,0.01158,0.01173,0.01376,0.00844,0.00900,0.00717,0.02072,0.03393,0.00968,0.10643,0.00657,0.00504,0.00596,0.00823
0.28281,0.01932,0.01094,0.16379,0.08666,0.10266,0.01158,0.01173,0.00991,0.01194,0.00701,0.00647,0.05182,0.01344,0.01516,0.16309,0.00657,0.00965,0.00438,0.01109
0.07951,0.03729,0.05273,0.04292,0.02292,0.48546,0.00813,0.00932,0.01397,0.00720,0.01395,0.01359,0.02046,0.02245,0.01466,0.12717,0.00702,0.00686,0.00662,0.00777
0.12933,0.01030,0.01569,0.20686,0.11437,0.23402,0.00836,0.02015,0.01139,0.01622,0.01389,0.00436,0.06983,0.01334,0.01400,0.09292,0.00522,0.00776,0.00433,0.00764
0.06307,0.01050,0.05063,0.07320,0.02306,0.38311,0.01457,0.06347,0.01672,0.04895,0.01489,0.00726,0.02491,0.02293,0.02250,0.13173,0.00651,0.00927,0.00422,0.00851
0.24585,0.03780,0.01346,0.08721,0.12859,0.25374,0.00879,0.00767,0.00707,0.00646,0.00635,0.00570,0.05001,0.01820,0.00832,0.08770,0.00611,0.00742,0.00546,0.00807
0.09498,0.01406,0.01749,0.20773,0.08977,0.23757,0.01189,0.01044,0.00838,0.01354,0.00843,0.00847,0.11450,0.02008,0.01022,0.10629,0.00493,0.00761,0.00542,0.00819
0.16894,0.01183,0.02191,0.37066,0.01676,0.09815,0.01455,0.01327,0.01789,0.03823,0.00998,0.02193,0.01527,0.03195,0.01659,0.07129,0.00859,0.00654,0.00618,0.03949
0.06489,0.01104,0.01025,0.06778,0.04293,0.28844,0.01078,0.17665,0.01621,0.05457,0.01094,0.00864,0.04054,0.01070,0.01743,0.14251,0.00583,0.00663,0.00519,0.00805
0.05069,0.00787,0.01078,0.11515,0.07784,0.50770,0.01146,0.00826,0.01026,0.00812,0.00573,0.00384,0.04225,0.01020,0.00792,0.10546,0.00376,0.00284,0.00310,0.00678
0.08625,0.01434,0.01825,0.08839,0.04003,0.43952,0.00907,0.00884,0.00692,0.00802,0.00840,0.00580,0.02816,0.01676,0.01661,0.17966,0.00561,0.00693,0.00641,0.00603
0.07696,0.01350,0.03060,0.13827,0.05030,0.19474,0.00879,0.00891,0.02535,0.00858,0.01342,0.00904,0.04754,0.03298,0.02893,0.26816,0.00847,0.01062,0.01182,0.01303
0.08370,0.01003,0.01602,0.29635,0.01046,0.06066,0.00655,0.00885,0.00732,0.00766,0.00522,0.00599,0.01007,0.01934,0.11336,0.31976,0.00423,0.00427,0.00490,0.00523
0.17647,0.03011,0.04619,0.08669,0.01916,0.39124,0.00878,0.00881,0.02708,0.00909,0.00939,0.00947,0.01538,0.02647,0.01263,0.09401,0.00592,0.00703,0.00656,0.00954
0.12511,0.01699,0.01073,0.13196,0.03468,0.26538,0.00798,0.00716,0.00681,0.00690,0.00727,0.00877,0.02945,0.01566,0.01725,0.28071,0.00573,0.00869,0.00594,0.00682
0.05993,0.01500,0.03445,0.07302,0.01639,0.48936,0.01133,0.02455,0.00876,0.01287,0.00815,0.00494,0.01421,0.08624,0.01063,0.10065,0.00619,0.00780,0.00742,0.00812
0.07496,0.01462,0.02036,0.21270,0.08774,0.17346,0.01339,0.00614,0.00934,0.00836,0.00762,0.00541,0.11545,0.02608,0.01631,0.17927,0.00666,0.00799,0.00553,0.00861
0.09485,0.01651,0.02531,0.30744,0.02645,0.14922,0.00826,0.02287,0.02360,0.02002,0.01326,0.01128,0.02560,0.01648,0.05479,0.14886,0.00848,0.00887,0.00617,0.01168
0.10791,0.01268,0.00935,0.05782,0.02822,0.19037,0.04143,0.02977,0.01373,0.06346,0.01250,0.00759,0.01977,0.01045,0.03139,0.32937,0.00674,0.01099,0.00421,0.01225
