0.12908,0.03413,0.12233,0.00662,0.02365,0.51177,0.01228,0.00424,0.00474,0.00280,0.02658,0.12179
0.02880,0.01705,0.20188,0.11201,0.02215,0.01787,0.08962,0.01999,0.01884,0.01247,0.11485,0.34448
0.05840,0.02906,0.13409,0.00789,0.03460,0.02137,0.01075,0.03814,0.01054,0.01479,0.41643,0.22394
0.00396,0.00340,0.00596,0.00273,0.00425,0.00458,0.00385,0.00228,0.00376,0.00169,0.43079,0.53276
0.06468,0.00974,0.01016,0.00551,0.09180,0.26774,0.00480,0.04297,0.00329,0.00330,0.22678,0.26921
0.32765,0.00624,0.14463,0.00918,0.01149,0.00627,0.02188,0.00266,0.00302,0.00172,0.03137,0.43391
0.01348,0.00782,0.02033,0.00743,0.05826,0.07261,0.02973,0.02526,0.01248,0.00648,0.40616,0.33997
0.01711,0.05660,0.11651,0.03042,0.03930,0.34765,0.01385,0.00992,0.00447,0.01094,0.13678,0.21646
0.16735,0.02179,0.03552,0.12673,0.02656,0.02605,0.21294,0.02741,0.01884,0.01390,0.09022,0.23268
0.06793,0.00637,0.01332,0.00540,0.20459,0.11610,0.01041,0.01727,0.00352,0.00576,0.16141,0.38792
0.02208,0.03308,0.02400,0.02018,0.03906,0.44289,0.01286,0.02615,0.01370,0.01341,0.04908,0.30351
0.01715,0.01669,0.25929,0.00405,0.06133,0.38480,0.00697,0.00355,0.00542,0.00278,0.08732,0.15066
0.03116,0.22181,0.31082,0.00327,0.02041,0.02708,0.04779,0.00814,0.00622,0.00565,0.04509,0.27256
0.00356,0.01197,0.31181,0.02815,0.11953,0.04222,0.00866,0.26487,0.02578,0.00436,0.11014,0.06896
0.01350,0.02078,0.01345,0.01386,0.02497,0.06887,0.00954,0.01821,0.02159,0.01995,0.29981,0.47546
0.01796,0.01537,0.01608,0.01048,0.02754,0.39670,0.04406,0.00551,0.00835,0.00371,0.28415,0.17009
0.03088,0.03325,0.30651,0.00775,0.07147,0.09684,0.01393,0.03405,0.00759,0.02308,0.24528,0.12936
0.00569,0.02378,0.24462,0.01593,0.06010,0.02724,0.00594,0.20065,0.01364,0.01114,0.30406,0.08721
0.64645,0.01381,0.08039,0.00422,0.02805,0.02533,0.00459,0.00386,0.00494,0.00337,0.06995,0.11505
0.03901,0.01546,0.01841,0.00434,0.01579,0.02911,0.28114,0.01744,0.00932,0.00293,0.26457,0.30247
0.01822,0.00689,0.01239,0.00534,0.03808,0.04512,0.02321,0.01445,0.00713,0.00382,0.33813,0.48723
0.03037,0.03476,0.04802,0.01290,0.11557,0.08649,0.08587,0.01288,0.17619,0.00496,0.28930,0.10271
0.02169,0.04989,0.39148,0.02450,0.08275,0.10591,0.01453,0.06069,0.06188,0.01411,0.12640,0.04617
0.11151,0.07448,0.20629,0.02358,0.04183,0.06170,0.04471,0.09684,0.21307,0.00331,0.08328,0.03941
0.00348,0.01250,0.12412,0.01892,0.02532,0.45240,0.21686,0.00428,0.00749,0.00534,0.04705,0.08223
0.00350,0.00419,0.00777,0.00305,0.00701,0.00548,0.00437,0.00357,0.00302,0.00199,0.33432,0.62173
0.01285,0.37278,0.23203,0.00411,0.00753,0.00777,0.02439,0.00397,0.00358,0.00637,0.04502,0.27959
0.02737,0.04820,0.16257,0.00642,0.07378,0.18130,0.28027,0.02208,0.03785,0.00472,0.05282,0.10262
0.02895,0.01463,0.01166,0.00529,0.02322,0.05735,0.01139,0.01645,0.00649,0.00658,0.26095,0.55703
0.00694,0.03367,0.15745,0.33880,0.00830,0.00769,0.08044,0.00749,0.02913,0.00502,0.12050,0.20457
0.02346,0.03821,0.22431,0.01698,0.10242,0.25706,0.04601,0.03583,0.02671,0.00926,0.06850,0.15124
0.01835,0.02176,0.29885,0.00702,0.03157,0.06374,0.08701,0.01021,0.01328,0.01012,0.10198,0.33611
0.04737,0.06467,0.35486,0.00416,0.01005,0.01116,0.07342,0.00941,0.00450,0.00274,0.06718,0.35048
0.04151,0.02429,0.08248,0.01769,0.03329,0.02452,0.02225,0.02223,0.05377,0.01151,0.22465,0.44180
0.02332,0.01450,0.00967,0.01979,0.07575,0.55799,0.02382,0.03321,0.03640,0.00363,0.03824,0.16368
0.04008,0.05817,0.02420,0.03011,0.14865,0.28282,0.00840,0.03740,0.00807,0.00899,0.22186,0.13123
0.01158,0.04528,0.20525,0.03360,0.04863,0.03298,0.09220,0.01908,0.02539,0.05477,0.36822,0.06304
0.45730,0.01409,0.08856,0.01105,0.03688,0.02632,0.01661,0.00814,0.01122,0.00558,0.17075,0.15352
0.00885,0.00472,0.00889,0.00391,0.32844,0.21246,0.11404,0.00660,0.03890,0.00285,0.03169,0.23865
0.00414,0.00606,0.01622,0.00349,0.00697,0.00963,0.02701,0.00451,0.00266,0.00304,0.45915,0.45712
0.00419,0.00608,0.22318,0.00462,0.13748,0.11191,0.00988,0.04559,0.01260,0.00412,0.20173,0.23863
0.02545,0.26716,0.02199,0.16627,0.04415,0.03667,0.04051,0.06861,0.04338,0.00985,0.19632,0.07963
0.04815,0.06768,0.16481,0.00326,0.02542,0.02782,0.01342,0.01046,0.00394,0.00384,0.23748,0.39371
0.43357,0.02702,0.03917,0.00521,0.03522,0.23061,0.01116,0.01232,0.00939,0.01445,0.07459,0.10729
0.01542,0.01153,0.01812,0.00573,0.07679,0.09605,0.02046,0.01573,0.00526,0.00601,0.31184,0.41705
0.00260,0.00413,0.00525,0.00281,0.00675,0.00602,0.00469,0.00325,0.00293,0.00170,0.43861,0.52126
0.01421,0.16322,0.00832,0.08964,0.01965,0.01428,0.00869,0.10836,0.02920,0.00633,0.51138,0.02673
0.01946,0.11399,0.01838,0.02040,0.04147,0.08613,0.02498,0.01692,0.02258,0.03356,0.41855,0.18359
0.01624,0.38405,0.03141,0.01521,0.08515,0.04717,0.01246,0.01514,0.00480,0.02410,0.18878,0.17549
0.00329,0.00331,0.00781,0.00245,0.00539,0.00447,0.00304,0.00197,0.00199,0.00139,0.30939,0.65549
0.01306,0.00390,0.01310,0.00410,0.04444,0.05848,0.19768,0.04970,0.01256,0.00645,0.20483,0.39169
0.00924,0.00746,0.01332,0.06526,0.00966,0.00697,0.32526,0.00642,0.02509,0.00343,0.17831,0.34958
0.26443,0.01253,0.36715,0.00489,0.01573,0.01402,0.00477,0.00417,0.00589,0.00396,0.03248,0.26999
0.04446,0.04322,0.03026,0.08733,0.21430,0.25398,0.00669,0.04045,0.00679,0.01764,0.04832,0.20656
0.01404,0.01715,0.02211,0.00908,0.02932,0.03589,0.01999,0.01480,0.02269,0.01230,0.46058,0.34204
0.02939,0.01732,0.12854,0.00704,0.03843,0.03873,0.01896,0.01954,0.00363,0.01026,0.09964,0.58851
0.02167,0.03985,0.01833,0.00434,0.04053,0.27277,0.07200,0.00717,0.00299,0.00217,0.11350,0.40468
0.02365,0.00889,0.01448,0.00673,0.02063,0.02578,0.00733,0.02138,0.00692,0.00733,0.49607,0.36081
0.16861,0.23612,0.03169,0.00564,0.03661,0.44340,0.01648,0.00615,0.00536,0.00320,0.02012,0.02661
0.01630,0.13751,0.07099,0.01149,0.19224,0.47413,0.04146,0.00618,0.00491,0.00196,0.02186,0.02095
0.00532,0.03575,0.13793,0.00987,0.02167,0.01463,0.03434,0.00560,0.01232,0.00505,0.40361,0.31388
0.14164,0.01090,0.56326,0.03616,0.02113,0.01512,0.11623,0.00508,0.00687,0.00291,0.03624,0.04447
0.00908,0.01007,0.01589,0.00517,0.03738,0.30862,0.00472,0.00829,0.00281,0.00433,0.18017,0.41346
0.03219,0.04976,0.00768,0.42759,0.02895,0.02499,0.00326,0.05184,0.00440,0.00372,0.32645,0.03917
0.00777,0.11733,0.13909,0.11315,0.00781,0.01155,0.05395,0.00745,0.00705,0.01605,0.14153,0.37725
0.02383,0.01562,0.01245,0.00787,0.10026,0.06686,0.03944,0.00819,0.00632,0.00508,0.18353,0.53055
0.09012,0.01714,0.04626,0.00606,0.02757,0.03553,0.03781,0.01491,0.00623,0.00554,0.24145,0.47138
0.00861,0.00697,0.10932,0.00506,0.17824,0.06091,0.01408,0.19746,0.00541,0.00492,0.22266,0.18636
0.01221,0.11123,0.18291,0.00245,0.01076,0.01211,0.02581,0.00466,0.00408,0.00448,0.20647,0.42282
0.04329,0.15738,0.06827,0.02800,0.06289,0.10874,0.04635,0.08386,0.04162,0.04481,0.08580,0.22897
0.01508,0.01952,0.02008,0.00252,0.05263,0.17763,0.02249,0.01366,0.00561,0.00687,0.25523,0.40868
0.24723,0.00718,0.14671,0.19513,0.01390,0.00783,0.10424,0.00470,0.00511,0.00236,0.07966,0.18595
0.00784,0.00660,0.18123,0.00345,0.06419,0.05216,0.01047,0.08505,0.00644,0.01012,0.25055,0.32189
0.01070,0.00984,0.02385,0.00872,0.01378,0.01714,0.01312,0.00673,0.00931,0.00397,0.48039,0.40245
0.00970,0.01565,0.05932,0.00721,0.14470,0.20586,0.00783,0.14620,0.00401,0.00427,0.26410,0.13116
0.12926,0.01312,0.05464,0.00411,0.02339,0.14684,0.00428,0.00349,0.00484,0.00313,0.16898,0.44393
0.05393,0.04187,0.01390,0.01676,0.20330,0.09248,0.09870,0.01883,0.10142,0.00550,0.11342,0.23989
0.01744,0.02434,0.13256,0.00289,0.01027,0.00902,0.00777,0.01591,0.00234,0.00434,0.23997,0.53314
0.00888,0.01282,0.15226,0.00300,0.00681,0.00763,0.02211,0.00735,0.00309,0.00801,0.24701,0.52102
0.25154,0.01281,0.00748,0.01030,0.04391,0.04704,0.14625,0.01563,0.02403,0.00696,0.39340,0.04065
0.00499,0.00890,0.01127,0.00412,0.01284,0.01306,0.00631,0.00538,0.00494,0.00321,0.50671,0.41826
0.02162,0.00749,0.00905,0.00596,0.29978,0.15711,0.03018,0.00904,0.00595,0.00388,0.07610,0.37383
0.01363,0.02740,0.02413,0.00420,0.10652,0.04031,0.00453,0.00412,0.00487,0.00451,0.40422,0.36156
0.04618,0.00753,0.01375,0.00338,0.07258,0.37531,0.01524,0.01437,0.00374,0.00473,0.06264,0.38055
0.00223,0.00472,0.16197,0.00277,0.00694,0.01222,0.24229,0.00241,0.00606,0.00250,0.28787,0.26803
0.24230,0.19265,0.06104,0.03112,0.01643,0.01273,0.01889,0.08160,0.01112,0.00702,0.05428,0.27082
0.00428,0.00759,0.18173,0.00317,0.00684,0.00622,0.04084,0.00543,0.00249,0.00307,0.30706,0.43129
0.03470,0.04294,0.24898,0.00491,0.01878,0.01904,0.03491,0.06197,0.01927,0.00717,0.17705,0.33028
0.15214,0.01976,0.00843,0.00943,0.03276,0.03910,0.31603,0.01535,0.26773,0.00190,0.08256,0.05480
0.00910,0.00802,0.02047,0.00234,0.07313,0.10986,0.05605,0.01312,0.00362,0.00365,0.30733,0.39333
0.01489,0.02215,0.10760,0.01387,0.11026,0.47604,0.09861,0.00868,0.02532,0.00279,0.02958,0.09023
0.00743,0.00925,0.00965,0.00884,0.01451,0.02328,0.01301,0.00619,0.01674,0.00584,0.42937,0.45588
0.03078,0.15900,0.11255,0.00522,0.04947,0.41543,0.04041,0.01546,0.00551,0.00903,0.02872,0.12842
0.03206,0.01131,0.02203,0.00437,0.07085,0.25238,0.02605,0.02526,0.02406,0.01679,0.09423,0.42061
0.58065,0.01657,0.04201,0.00692,0.02340,0.02200,0.00434,0.07230,0.00249,0.00269,0.05592,0.17069
0.00864,0.04952,0.04658,0.01640,0.03383,0.05768,0.02105,0.00505,0.02536,0.00605,0.24588,0.48396
0.00991,0.00973,0.01324,0.00462,0.10367,0.14425,0.00572,0.00628,0.00444,0.00362,0.39520,0.29934
0.01430,0.12711,0.02971,0.01361,0.18337,0.14483,0.05075,0.01365,0.09902,0.00377,0.24326,0.07663
0.00493,0.03674,0.09268,0.00856,0.06111,0.10617,0.04213,0.00567,0.00346,0.00668,0.13064,0.50124
0.02505,0.02150,0.07679,0.01726,0.06606,0.18257,0.06676,0.04481,0.01666,0.00637,0.36126,0.11491
