0.04453,0.38043,0.06372,0.22193,0.02432,0.03178,0.01286,0.02739,0.00574,0.00858,0.14153,0.03719
0.01232,0.00725,0.01709,0.01406,0.00433,0.00483,0.01796,0.01337,0.02012,0.02504,0.41950,0.44412
0.00845,0.03531,0.02129,0.01288,0.05607,0.04607,0.01318,0.00729,0.02392,0.02580,0.37153,0.37822
0.03335,0.18218,0.03271,0.13119,0.07600,0.06647,0.00538,0.01542,0.00943,0.00582,0.24131,0.20073
0.01370,0.03386,0.03644,0.01110,0.16011,0.13756,0.02593,0.01065,0.00672,0.00724,0.26168,0.29502
0.24771,0.03707,0.27150,0.02282,0.04954,0.02945,0.01356,0.02399,0.01462,0.01407,0.13012,0.14554
0.01280,0.00572,0.30262,0.00735,0.00546,0.00620,0.28177,0.01278,0.00535,0.00428,0.16851,0.18716
0.01614,0.03652,0.02742,0.00780,0.10781,0.11845,0.02633,0.02286,0.00819,0.01115,0.29757,0.31976
0.01174,0.01392,0.01820,0.01101,0.39472,0.37897,0.02051,0.01232,0.01224,0.01509,0.05378,0.05751
0.02745,0.02062,0.02626,0.01043,0.06598,0.05740,0.01179,0.01333,0.01273,0.01663,0.35856,0.37882
0.19521,0.06677,0.23399,0.03195,0.07348,0.03559,0.02585,0.04294,0.03334,0.01595,0.11823,0.12670
0.01392,0.02711,0.32524,0.01393,0.07048,0.06179,0.03389,0.29391,0.01141,0.00914,0.06182,0.07735
0.02866,0.08597,0.14689,0.01617,0.14138,0.11711,0.01603,0.07157,0.00639,0.00656,0.14216,0.22113
0.34470,0.02641,0.03863,0.02315,0.03417,0.02450,0.02276,0.32873,0.00491,0.00605,0.06909,0.07690
0.01034,0.17612,0.18683,0.01288,0.20348,0.17931,0.01234,0.00990,0.01190,0.01262,0.09077,0.09350
0.03426,0.07700,0.09496,0.02124,0.16293,0.15862,0.01814,0.01956,0.00993,0.01117,0.18470,0.20750
0.01422,0.16634,0.19802,0.00615,0.01078,0.00989,0.00986,0.02091,0.00790,0.00569,0.26750,0.28273
0.19826,0.02539,0.02915,0.04765,0.07011,0.05681,0.02959,0.19580,0.01343,0.01853,0.12597,0.18930
0.01788,0.00995,0.05436,0.02570,0.02399,0.01544,0.01759,0.04589,0.01515,0.01107,0.36736,0.39562
0.03691,0.07844,0.12391,0.01997,0.02719,0.02199,0.02566,0.03140,0.02585,0.01292,0.26164,0.33413
0.04331,0.04840,0.05801,0.02923,0.11713,0.09833,0.03847,0.02156,0.16254,0.12515,0.11933,0.13856
0.04073,0.01399,0.03585,0.00565,0.17777,0.17219,0.10669,0.02684,0.11727,0.00445,0.14646,0.15211
0.03714,0.09010,0.05634,0.08665,0.05747,0.04660,0.01589,0.01363,0.01795,0.01850,0.22674,0.33301
0.01304,0.20582,0.19211,0.02934,0.03769,0.03369,0.01984,0.00724,0.00821,0.00791,0.21342,0.23169
0.25379,0.04396,0.26382,0.01149,0.09191,0.07652,0.01457,0.01796,0.00587,0.00850,0.10346,0.10815
0.00626,0.01811,0.12901,0.01482,0.01132,0.01175,0.11534,0.00955,0.04183,0.00581,0.31188,0.32432
0.03023,0.01399,0.03424,0.01460,0.03796,0.04559,0.04105,0.02976,0.38695,0.01121,0.16960,0.18483
0.21242,0.04514,0.24415,0.01482,0.08442,0.05580,0.01760,0.02263,0.01648,0.01064,0.12900,0.14690
0.24185,0.01454,0.02125,0.01783,0.14315,0.11718,0.02557,0.26960,0.03305,0.02271,0.04739,0.04588
0.08305,0.06499,0.02782,0.02360,0.18722,0.16453,0.01690,0.03970,0.02144,0.02844,0.12125,0.22105
0.16710,0.02585,0.18784,0.03168,0.04155,0.03144,0.03471,0.02163,0.02505,0.02341,0.18597,0.22379
0.02354,0.18973,0.02261,0.12199,0.05564,0.05256,0.01004,0.01332,0.02724,0.03249,0.25696,0.19390
0.04202,0.33229,0.33941,0.01808,0.07856,0.05811,0.00907,0.03115,0.00665,0.00833,0.03668,0.03963
0.27438,0.01723,0.09772,0.01042,0.02107,0.02022,0.01358,0.31813,0.02622,0.03545,0.07268,0.09288
0.05048,0.06316,0.11154,0.12319,0.06671,0.05155,0.13022,0.08363,0.04408,0.03940,0.14046,0.09559
0.01365,0.01235,0.01797,0.01151,0.06173,0.06700,0.01013,0.01433,0.01117,0.00716,0.37371,0.39929
0.16491,0.04448,0.03251,0.04357,0.03240,0.02743,0.02051,0.18697,0.14911,0.01602,0.14153,0.14056
0.03533,0.02893,0.09231,0.01161,0.04570,0.01593,0.01483,0.11746,0.01150,0.01726,0.37511,0.23402
0.01052,0.00762,0.04479,0.01213,0.00988,0.00786,0.01175,0.04265,0.00887,0.00558,0.41096,0.42737
0.01013,0.04030,0.05532,0.02628,0.02909,0.02224,0.01416,0.01157,0.00795,0.00597,0.37181,0.40518
0.01372,0.02769,0.36445,0.00644,0.04582,0.03151,0.01905,0.32390,0.00967,0.01095,0.06876,0.07805
0.06611,0.08687,0.17364,0.02417,0.10914,0.07607,0.02288,0.07584,0.01888,0.01792,0.17068,0.15779
0.08380,0.15146,0.30397,0.01487,0.01233,0.01038,0.01089,0.17477,0.00631,0.00638,0.08758,0.13727
0.01778,0.12259,0.12902,0.01109,0.04855,0.05089,0.01634,0.00771,0.02521,0.01408,0.27330,0.28344
0.02662,0.24620,0.09045,0.11892,0.05912,0.05740,0.01835,0.02020,0.01580,0.00691,0.18794,0.15209
0.01168,0.24108,0.04229,0.11890,0.04728,0.04955,0.01809,0.03158,0.01993,0.00754,0.27351,0.13855
0.00775,0.03395,0.04276,0.00340,0.06812,0.04359,0.18427,0.00369,0.19123,0.00449,0.19743,0.21932
0.01535,0.00584,0.01361,0.00990,0.02030,0.01999,0.01797,0.01690,0.01555,0.00430,0.41822,0.44208
0.02098,0.08475,0.07975,0.01011,0.03330,0.02218,0.05601,0.01306,0.00547,0.03901,0.30391,0.33149
0.03692,0.04824,0.04546,0.04796,0.03668,0.03498,0.06705,0.04805,0.05197,0.02022,0.24937,0.31310
0.01396,0.12435,0.11992,0.02950,0.12935,0.10736,0.01807,0.01558,0.01838,0.00795,0.21088,0.20471
0.08985,0.08684,0.01846,0.10313,0.27242,0.20734,0.01165,0.01478,0.00963,0.00986,0.09416,0.08189
0.01430,0.00756,0.25776,0.00840,0.05638,0.05154,0.02923,0.24827,0.04580,0.00461,0.12792,0.14822
0.01379,0.04945,0.10347,0.01058,0.05207,0.04135,0.08341,0.03612,0.06704,0.01939,0.24550,0.27781
0.04849,0.23717,0.37863,0.01159,0.05289,0.03449,0.00552,0.13378,0.00403,0.00460,0.02604,0.06277
0.01392,0.01234,0.01374,0.02098,0.02210,0.01893,0.02355,0.01303,0.04672,0.02777,0.37787,0.40906
0.01884,0.01124,0.40227,0.01778,0.03294,0.02831,0.00600,0.37723,0.00847,0.00621,0.02579,0.06491
0.02273,0.01327,0.02552,0.10135,0.22371,0.20811,0.13288,0.02741,0.12110,0.00385,0.05924,0.06084
0.03023,0.04402,0.15225,0.01177,0.11911,0.10653,0.04536,0.11031,0.01721,0.02717,0.15906,0.17697
0.22710,0.02272,0.16328,0.01688,0.09377,0.04120,0.01702,0.16513,0.00631,0.01288,0.10838,0.12533
0.03850,0.00348,0.01039,0.01467,0.23201,0.21280,0.13737,0.03999,0.14157,0.02308,0.06936,0.07677
0.04868,0.12871,0.15611,0.02438,0.03836,0.02690,0.15295,0.03616,0.01795,0.13569,0.09638,0.13771
0.02289,0.06413,0.09459,0.01576,0.13109,0.13086,0.01123,0.02800,0.01961,0.01813,0.22673,0.23697
0.00778,0.01392,0.10439,0.03040,0.00926,0.13701,0.11561,0.02525,0.00839,0.11697,0.21244,0.21858
0.03183,0.23022,0.12736,0.09233,0.06047,0.06034,0.00984,0.02902,0.00905,0.00863,0.19285,0.14807
0.19621,0.06887,0.03569,0.07102,0.09924,0.08995,0.05296,0.20008,0.04163,0.01286,0.06683,0.06467
0.04727,0.04485,0.05137,0.07387,0.04571,0.06619,0.03958,0.06438,0.03775,0.05714,0.22345,0.24845
0.00779,0.02051,0.25443,0.02783,0.01449,0.01205,0.00633,0.22695,0.00910,0.00896,0.20746,0.20410
0.01311,0.02236,0.03253,0.00587,0.12741,0.08966,0.02493,0.00964,0.00545,0.01579,0.31397,0.33927
0.00924,0.25985,0.10623,0.16669,0.01919,0.01580,0.01846,0.08109,0.01377,0.00747,0.18941,0.11279
0.00908,0.01396,0.02481,0.00869,0.02505,0.03047,0.02216,0.01573,0.01411,0.01002,0.40265,0.42327
0.01903,0.02642,0.03936,0.01085,0.12253,0.10944,0.01511,0.01642,0.00642,0.01059,0.30063,0.32321
0.07005,0.03850,0.02662,0.01020,0.15365,0.13727,0.00481,0.03890,0.00338,0.00249,0.24909,0.26503
0.02143,0.11093,0.01879,0.08708,0.18920,0.17435,0.00912,0.01241,0.00744,0.00398,0.19574,0.16951
0.32074,0.02834,0.37857,0.00487,0.06080,0.01726,0.00796,0.00774,0.00572,0.00245,0.07693,0.08863
0.11711,0.01831,0.02232,0.03816,0.03538,0.02660,0.08521,0.10882,0.08493,0.00549,0.20685,0.25084
0.04772,0.08145,0.05488,0.04735,0.02423,0.01871,0.06798,0.05485,0.00951,0.05114,0.27722,0.26496
0.01822,0.01007,0.04012,0.03272,0.11387,0.09581,0.01120,0.02920,0.00481,0.00648,0.30768,0.32982
0.08825,0.08970,0.21175,0.01822,0.07889,0.05769,0.01215,0.16727,0.00746,0.00878,0.11735,0.14249
0.00926,0.32662,0.34356,0.01291,0.06960,0.06621,0.00545,0.01004,0.00334,0.00401,0.06574,0.08326
0.00653,0.01220,0.08735,0.00849,0.03954,0.03662,0.02882,0.07109,0.04007,0.00443,0.32377,0.34109
0.01148,0.02029,0.01205,0.00719,0.02454,0.01744,0.01600,0.00952,0.00973,0.00749,0.40633,0.45795
0.06277,0.02624,0.07444,0.02858,0.04222,0.02340,0.04139,0.02278,0.02618,0.01289,0.29628,0.34283
0.01764,0.02326,0.01560,0.00943,0.05521,0.04106,0.03973,0.01286,0.01009,0.01866,0.37133,0.38513
0.00950,0.02759,0.20339,0.02128,0.10269,0.09777,0.02399,0.18683,0.00790,0.00745,0.15204,0.15957
0.01346,0.04685,0.19330,0.01558,0.01491,0.01165,0.15209,0.16379,0.10623,0.01761,0.13297,0.13156
0.01042,0.01001,0.02102,0.01538,0.05088,0.05834,0.19564,0.01008,0.20163,0.00423,0.20143,0.22094
0.22294,0.03182,0.13385,0.05235,0.05991,0.05333,0.03661,0.21017,0.01675,0.04991,0.06461,0.06776
0.01836,0.03844,0.08286,0.09388,0.04626,0.01685,0.10294,0.01101,0.00653,0.00641,0.27273,0.30372
0.00480,0.01069,0.02973,0.00345,0.09930,0.10438,0.00761,0.01124,0.00636,0.00588,0.34364,0.37293
0.01547,0.03215,0.19435,0.01062,0.08376,0.04327,0.01551,0.14675,0.00812,0.00680,0.21707,0.22614
0.02371,0.03396,0.04984,0.00847,0.05553,0.05365,0.01617,0.01956,0.01235,0.01101,0.34756,0.36819
0.00897,0.08698,0.07992,0.01520,0.09952,0.06365,0.03141,0.01547,0.02121,0.00719,0.27680,0.29368
0.19386,0.15219,0.09335,0.04020,0.04329,0.02749,0.02115,0.17820,0.01897,0.01075,0.12530,0.09525
0.06971,0.07812,0.06909,0.01116,0.05639,0.05145,0.01730,0.05727,0.00958,0.00683,0.27822,0.29489
0.01248,0.23578,0.16079,0.02142,0.18320,0.06702,0.01252,0.01279,0.00541,0.01062,0.12920,0.14876
0.01065,0.37211,0.02753,0.26247,0.03220,0.04133,0.00500,0.03250,0.00396,0.00357,0.16588,0.04282
0.02998,0.12622,0.13409,0.01030,0.18743,0.13114,0.00982,0.01672,0.00771,0.00953,0.15620,0.18089
0.00536,0.08386,0.06579,0.01425,0.34611,0.31991,0.00834,0.00608,0.00482,0.01284,0.07395,0.05868
0.07235,0.07107,0.04890,0.01397,0.18523,0.17738,0.03038,0.03349,0.01731,0.00634,0.18420,0.15938
0.15569,0.01473,0.10763,0.09972,0.05364,0.04107,0.01131,0.23032,0.01966,0.01208,0.11483,0.13933
0.01736,0.11114,0.22357,0.02163,0.02126,0.01925,0.01213,0.10811,0.01755,0.01592,0.20079,0.23130
0.03837,0.06348,0.04662,0.06259,0.09720,0.05836,0.04287,0.02801,0.00673,0.02636,0.25929,0.27013
0.03548,0.06194,0.07636,0.00534,0.14583,0.13159,0.05484,0.01501,0.05751,0.00869,0.19761,0.20981
0.00991,0.01922,0.02537,0.01548,0.01141,0.01300,0.31877,0.00699,0.31164,0.00881,0.12100,0.13840
0.00935,0.06829,0.06195,0.00899,0.35427,0.32894,0.01204,0.00729,0.01436,0.00689,0.05402,0.07362
0.18566,0.02909,0.03511,0.01501,0.07338,0.05637,0.07506,0.16883,0.00938,0.06040,0.12406,0.16765
0.00785,0.05740,0.06632,0.01234,0.09920,0.09085,0.02892,0.01200,0.03679,0.00856,0.28374,0.29604
0.06316,0.01376,0.09429,0.01269,0.17583,0.16592,0.01224,0.10925,0.00548,0.00636,0.16296,0.17807
0.10302,0.07392,0.09270,0.00430,0.01692,0.01429,0.04607,0.08475,0.00764,0.01831,0.25556,0.28253
0.01197,0.07933,0.08064,0.00622,0.04946,0.03937,0.02056,0.00878,0.00404,0.00616,0.33358,0.35989
0.03983,0.01814,0.02352,0.01512,0.01733,0.01171,0.07832,0.01890,0.02840,0.02537,0.34928,0.37407
0.01491,0.26071,0.27314,0.01061,0.01895,0.01468,0.03573,0.01017,0.01425,0.01789,0.14880,0.18014
0.03546,0.28554,0.29089,0.00921,0.01901,0.01187,0.01225,0.01814,0.00908,0.00565,0.12470,0.17817
0.05344,0.11004,0.12307,0.01632,0.05734,0.05161,0.01090,0.03426,0.01193,0.01427,0.25182,0.26501
0.00748,0.30877,0.01056,0.16681,0.04095,0.04723,0.08876,0.00570,0.10357,0.00394,0.19544,0.02079
0.01903,0.01087,0.01919,0.00510,0.02592,0.01410,0.01025,0.01260,0.01002,0.00547,0.42458,0.44288
0.03811,0.00769,0.01378,0.01228,0.01867,0.01911,0.00725,0.02684,0.00879,0.00465,0.40882,0.43401
0.02332,0.00961,0.01368,0.00697,0.25997,0.24579,0.00754,0.00843,0.00813,0.00268,0.20500,0.20887
0.04810,0.04990,0.03304,0.01081,0.07263,0.09439,0.00918,0.01103,0.01037,0.00937,0.31352,0.33765
0.01342,0.01303,0.01768,0.01131,0.06954,0.06946,0.01839,0.01726,0.34100,0.31708,0.05342,0.05839
0.13252,0.05854,0.20406,0.01403,0.07392,0.03753,0.02427,0.11445,0.02075,0.03844,0.15821,0.12329
0.02686,0.03245,0.27731,0.00602,0.01159,0.00851,0.00662,0.23190,0.00343,0.00329,0.18907,0.20295
0.01414,0.10915,0.06349,0.08717,0.08313,0.06505,0.02138,0.00785,0.01047,0.00931,0.26188,0.26697
0.23330,0.14401,0.07433,0.06090,0.03354,0.02503,0.00597,0.21165,0.00744,0.00728,0.10339,0.09317
0.01214,0.14597,0.12102,0.04041,0.06453,0.05510,0.02364,0.01402,0.02138,0.01852,0.24326,0.24000
0.03270,0.02600,0.15691,0.06692,0.02508,0.05214,0.03639,0.13663,0.02479,0.01547,0.19799,0.22898
0.02114,0.00955,0.06549,0.00731,0.06493,0.04672,0.01243,0.03634,0.01523,0.00801,0.34112,0.37172
0.04189,0.10857,0.03814,0.07495,0.03875,0.03813,0.11690,0.02758,0.11878,0.00358,0.19451,0.19822
0.01129,0.12603,0.09935,0.03650,0.22016,0.19442,0.04899,0.00890,0.01818,0.01305,0.11120,0.11194
0.12851,0.02767,0.01274,0.02207,0.02362,0.02217,0.03472,0.10909,0.05181,0.00786,0.26931,0.29042
0.01451,0.16295,0.18478,0.10297,0.07446,0.05877,0.09910,0.01170,0.01086,0.02168,0.11710,0.14113
0.10001,0.03445,0.05507,0.02805,0.09594,0.09787,0.02056,0.10990,0.00968,0.03317,0.19191,0.22341
0.01420,0.08855,0.01411,0.07327,0.02424,0.02330,0.01310,0.00945,0.00598,0.00774,0.38372,0.34233
0.01616,0.06868,0.16700,0.01134,0.02951,0.01960,0.00822,0.09078,0.01475,0.02214,0.27192,0.27989
0.01188,0.04363,0.06263,0.00991,0.15799,0.13845,0.00804,0.01079,0.00701,0.00745,0.26112,0.28109
0.05704,0.03588,0.03834,0.02400,0.03095,0.03013,0.05909,0.03077,0.06948,0.04513,0.26152,0.31765
0.05494,0.09907,0.03893,0.14082,0.03343,0.03523,0.00983,0.01970,0.00792,0.01453,0.25837,0.28723
0.02201,0.03878,0.03571,0.01841,0.24490,0.24321,0.02295,0.02595,0.01133,0.01055,0.14744,0.17876
0.03150,0.09289,0.07280,0.01467,0.13109,0.16218,0.01504,0.01218,0.01217,0.00733,0.21527,0.23287
0.02492,0.03796,0.04701,0.01346,0.10082,0.07186,0.23184,0.00920,0.01215,0.22139,0.09577,0.13361
0.01276,0.01144,0.01697,0.04050,0.07266,0.06690,0.00878,0.02256,0.00977,0.00474,0.35730,0.37562
0.04087,0.08329,0.12550,0.03431,0.18484,0.17722,0.06964,0.06196,0.06184,0.00785,0.07243,0.08025
0.01745,0.03297,0.24019,0.01240,0.16336,0.15163,0.01327,0.18826,0.01401,0.00593,0.07765,0.08288
0.02164,0.13581,0.09465,0.04820,0.03083,0.02139,0.01869,0.01121,0.01281,0.01018,0.29282,0.30177
0.02374,0.12952,0.24008,0.03599,0.17881,0.11945,0.03137,0.02997,0.01172,0.00716,0.09869,0.09352
0.12742,0.01639,0.14063,0.00781,0.02870,0.03473,0.13347,0.12200,0.01801,0.01885,0.16565,0.18635
0.00447,0.01223,0.00931,0.00224,0.01239,0.01756,0.00694,0.01411,0.00811,0.00525,0.43646,0.47092
0.00392,0.01789,0.02673,0.00506,0.01170,0.00625,0.01812,0.00719,0.01306,0.00509,0.43089,0.45409
0.05535,0.37681,0.36334,0.00247,0.03297,0.02053,0.01234,0.03006,0.00438,0.00671,0.04196,0.05309
0.05473,0.02835,0.03099,0.01577,0.10635,0.03866,0.00805,0.02286,0.01619,0.01424,0.31874,0.34506
0.00598,0.00947,0.01350,0.00970,0.35134,0.33182,0.01551,0.00582,0.03226,0.00435,0.11064,0.10962
0.00983,0.03627,0.01634,0.01503,0.03636,0.06271,0.02102,0.01492,0.01421,0.01150,0.36539,0.39643
0.01301,0.05254,0.12498,0.00909,0.07090,0.05957,0.04584,0.07083,0.02532,0.01931,0.24216,0.26646
0.01442,0.10281,0.06897,0.01104,0.08457,0.10383,0.02327,0.12381,0.01860,0.02831,0.25438,0.16599
0.03609,0.09376,0.03194,0.07713,0.20482,0.19191,0.01533,0.01489,0.00586,0.01334,0.15960,0.15533
0.01471,0.03081,0.02321,0.01706,0.02759,0.02334,0.05749,0.01791,0.01143,0.02417,0.37097,0.38130
0.01112,0.07132,0.08930,0.00712,0.04249,0.03543,0.00302,0.01252,0.00556,0.00695,0.34429,0.37088
0.03025,0.01596,0.02561,0.00475,0.16655,0.15693,0.00659,0.01713,0.00490,0.00500,0.27207,0.29426
0.03353,0.06202,0.06566,0.01427,0.21526,0.17777,0.01691,0.01657,0.01858,0.03060,0.16267,0.18616
0.07354,0.03032,0.01222,0.02376,0.25636,0.24149,0.01089,0.06405,0.00582,0.00608,0.13794,0.13753
0.04518,0.01676,0.02759,0.05919,0.01288,0.02526,0.00796,0.02924,0.00654,0.00394,0.36914,0.39631
0.09321,0.01752,0.02041,0.00534,0.01490,0.01354,0.02324,0.06485,0.03424,0.01597,0.33191,0.36488
0.05034,0.01292,0.02054,0.01591,0.16833,0.15070,0.01291,0.02677,0.02274,0.02109,0.22636,0.27139
0.02443,0.07596,0.10942,0.02652,0.02791,0.03015,0.10016,0.06671,0.10185,0.01724,0.20546,0.21420
0.11906,0.02783,0.10805,0.01371,0.02914,0.01604,0.03579,0.18666,0.04712,0.00407,0.20047,0.21206
0.02563,0.01474,0.22643,0.01109,0.17045,0.15415,0.02114,0.20789,0.01691,0.01161,0.05626,0.08370
0.05406,0.03604,0.23905,0.02351,0.03223,0.02334,0.20308,0.05130,0.01193,0.02117,0.14576,0.15854
0.01449,0.01086,0.01129,0.00593,0.28357,0.27062,0.02212,0.00808,0.01561,0.01126,0.16772,0.17845
0.01770,0.01794,0.01523,0.08431,0.10423,0.09759,0.20353,0.01134,0.25013,0.02861,0.07675,0.09264
0.02080,0.01022,0.01194,0.01316,0.17969,0.16548,0.00789,0.00865,0.00600,0.00561,0.27706,0.29350
0.02278,0.02588,0.02540,0.00901,0.10754,0.09153,0.11911,0.01544,0.09882,0.00497,0.22280,0.25672
0.00885,0.01187,0.03534,0.01094,0.25855,0.24537,0.01179,0.02786,0.01098,0.00304,0.18611,0.18930
0.07096,0.02413,0.03347,0.03137,0.09052,0.07379,0.01640,0.02248,0.04614,0.08491,0.19600,0.30984
0.01892,0.03080,0.04886,0.01752,0.04328,0.03954,0.00998,0.04277,0.01173,0.01320,0.34899,0.37441
0.03233,0.04217,0.10170,0.02159,0.05818,0.03301,0.07285,0.03193,0.00666,0.01882,0.28377,0.29699
0.00749,0.01217,0.01779,0.01636,0.00638,0.00608,0.01533,0.01120,0.01665,0.03483,0.41823,0.43750
0.01088,0.02461,0.33040,0.01482,0.06383,0.05442,0.28657,0.02207,0.00441,0.00880,0.08562,0.09356
0.01999,0.31826,0.31778,0.01591,0.07164,0.05419,0.03055,0.01393,0.01411,0.01957,0.04841,0.07566
0.00654,0.00778,0.01146,0.01117,0.03538,0.03407,0.01417,0.00672,0.08663,0.07453,0.33854,0.37300
0.01520,0.03585,0.05186,0.00448,0.11367,0.09314,0.01192,0.00521,0.04937,0.05965,0.27284,0.28681
0.01808,0.07585,0.10267,0.05052,0.10826,0.09263,0.01862,0.09468,0.04490,0.03512,0.18752,0.17114
0.01053,0.14546,0.19141,0.02863,0.06567,0.08659,0.03279,0.02432,0.04688,0.00580,0.16982,0.19209
0.11575,0.02349,0.12314,0.03784,0.02553,0.01526,0.06444,0.01746,0.02136,0.00985,0.26124,0.28464
0.06594,0.17442,0.05785,0.02089,0.19255,0.32199,0.01545,0.02045,0.01478,0.01861,0.04387,0.05320
0.01889,0.05694,0.02417,0.04594,0.04847,0.08533,0.02416,0.04927,0.02767,0.04244,0.27845,0.29826
0.01339,0.10936,0.14698,0.00998,0.05529,0.05306,0.14390,0.03814,0.15114,0.00806,0.15262,0.11808
0.00647,0.02333,0.04956,0.01314,0.18830,0.19540,0.01293,0.00987,0.01359,0.00880,0.22441,0.25420
0.01093,0.02926,0.05863,0.01031,0.04675,0.04592,0.03893,0.01075,0.03706,0.01741,0.29792,0.39614
0.12245,0.03076,0.14213,0.03028,0.03290,0.02213,0.02399,0.21498,0.01092,0.01099,0.15338,0.20508
0.09467,0.03772,0.02979,0.01409,0.09439,0.07897,0.01022,0.08755,0.00403,0.00736,0.26376,0.27745
0.01359,0.16477,0.25351,0.01439,0.03361,0.02150,0.02217,0.09145,0.00770,0.00608,0.17422,0.19702
0.04582,0.02094,0.05347,0.01211,0.04440,0.05044,0.01614,0.03815,0.01881,0.00590,0.33947,0.35437
0.00692,0.17141,0.18064,0.00622,0.04255,0.03960,0.00940,0.01032,0.00620,0.00334,0.24776,0.27563
0.03040,0.14688,0.04029,0.06781,0.01450,0.01804,0.01445,0.01783,0.02035,0.00830,0.34125,0.27991
0.03767,0.01533,0.02934,0.01093,0.03850,0.02906,0.01928,0.02393,0.02139,0.00816,0.37479,0.39162
0.01148,0.06135,0.01518,0.11553,0.04551,0.03364,0.01132,0.00825,0.02494,0.01154,0.31397,0.34731
0.02971,0.00759,0.15933,0.07901,0.01530,0.00958,0.00616,0.14222,0.00826,0.00895,0.24290,0.29100
0.01085,0.01935,0.13727,0.02784,0.04876,0.12721,0.14125,0.01365,0.00527,0.05030,0.20551,0.21273
0.01819,0.01007,0.02558,0.07845,0.06791,0.06710,0.00688,0.00872,0.02352,0.01350,0.32024,0.35983
0.07591,0.02162,0.09173,0.02104,0.02875,0.01949,0.00957,0.01496,0.02547,0.00713,0.32951,0.35481
0.07332,0.11006,0.11739,0.02820,0.01083,0.01123,0.00891,0.07093,0.00367,0.00275,0.27054,0.29216
0.04367,0.07969,0.12549,0.02873,0.04177,0.04060,0.08337,0.03158,0.00577,0.02720,0.23696,0.25518
0.02662,0.08352,0.08671,0.01573,0.04732,0.04293,0.02784,0.01308,0.02301,0.00990,0.28852,0.33483
0.06283,0.00699,0.01199,0.00605,0.11276,0.11113,0.01455,0.04629,0.02120,0.00638,0.29236,0.30748
0.02917,0.01801,0.04398,0.02603,0.23927,0.20842,0.02138,0.03433,0.00862,0.01047,0.17158,0.18874
0.33941,0.10578,0.09272,0.00927,0.03895,0.02432,0.00619,0.32264,0.00628,0.00591,0.01329,0.03524
0.01059,0.00651,0.01069,0.05506,0.00677,0.00800,0.00393,0.00938,0.00382,0.00207,0.42110,0.46209
0.02213,0.01530,0.03889,0.01541,0.17143,0.15015,0.02722,0.02299,0.01580,0.01121,0.22177,0.28769
0.01871,0.30427,0.22179,0.07780,0.01617,0.01365,0.00894,0.01386,0.00735,0.00572,0.16926,0.14247
0.00833,0.23466,0.24648,0.00886,0.13768,0.11477,0.02338,0.01187,0.00509,0.00739,0.09469,0.10679
0.00927,0.15871,0.02513,0.09076,0.20146,0.18372,0.01734,0.01976,0.00506,0.00686,0.17452,0.10741
0.14029,0.01674,0.02550,0.01035,0.12449,0.10623,0.01086,0.12903,0.00426,0.00419,0.20763,0.22044
0.04947,0.04547,0.05577,0.04395,0.08591,0.06842,0.02106,0.03946,0.00783,0.02068,0.26938,0.29261
0.02617,0.22677,0.24733,0.01601,0.17336,0.15225,0.01364,0.02778,0.00713,0.00341,0.05143,0.05473
0.01543,0.01369,0.01274,0.00723,0.01416,0.01217,0.00939,0.01780,0.01334,0.00859,0.42241,0.45304
0.04137,0.03507,0.08752,0.00682,0.09270,0.08005,0.06879,0.06657,0.03353,0.02107,0.21846,0.24804
0.01687,0.02431,0.03283,0.01073,0.01290,0.01085,0.15887,0.01829,0.00542,0.13492,0.26755,0.30644
0.00747,0.03615,0.35299,0.04720,0.01632,0.03571,0.32108,0.00565,0.02572,0.02541,0.05632,0.06997
0.02789,0.09960,0.04461,0.09693,0.12313,0.13556,0.05253,0.02521,0.00815,0.02158,0.17049,0.19434
0.02956,0.04815,0.08329,0.00544,0.00958,0.00705,0.01073,0.03496,0.00461,0.00624,0.37230,0.38807
0.13427,0.20439,0.07959,0.04089,0.16668,0.03495,0.05165,0.14018,0.01110,0.01586,0.05986,0.06056
0.00762,0.18400,0.19501,0.00631,0.01037,0.00591,0.00847,0.00804,0.00359,0.00288,0.27455,0.29324
0.02534,0.01998,0.05156,0.00906,0.03405,0.02526,0.01628,0.00755,0.01235,0.00916,0.38400,0.40542
0.18414,0.03310,0.03893,0.01841,0.02870,0.02374,0.02513,0.17025,0.03770,0.05158,0.17824,0.21008
0.04178,0.00767,0.00968,0.00727,0.07090,0.06049,0.06470,0.02606,0.00945,0.04757,0.31094,0.34349
0.03029,0.05474,0.08597,0.01820,0.16892,0.15632,0.01260,0.03151,0.00819,0.00979,0.19911,0.22435
0.03674,0.10113,0.11393,0.01664,0.01484,0.01609,0.07193,0.01868,0.01266,0.02777,0.26860,0.30098
0.03786,0.29546,0.30242,0.01896,0.05925,0.05512,0.01015,0.03080,0.03053,0.02068,0.06348,0.07529
0.01109,0.26093,0.01717,0.01040,0.30030,0.05446,0.01257,0.02371,0.02713,0.01066,0.17206,0.09952
0.00890,0.01209,0.03161,0.00696,0.00869,0.00719,0.01092,0.01717,0.00385,0.00647,0.42891,0.45724
0.00639,0.01678,0.01808,0.01438,0.39778,0.38438,0.01795,0.00296,0.01180,0.00585,0.06134,0.06230
0.00928,0.00723,0.01251,0.00695,0.01916,0.01295,0.00752,0.01003,0.00736,0.00733,0.43907,0.46061
0.03149,0.04215,0.08841,0.20754,0.07343,0.05918,0.20193,0.01905,0.03666,0.00789,0.10689,0.12538
0.06616,0.12287,0.21626,0.10078,0.01975,0.01623,0.17964,0.06158,0.02283,0.02209,0.08226,0.08955
0.01755,0.06918,0.20900,0.01093,0.02429,0.02193,0.01773,0.13509,0.01127,0.00440,0.23175,0.24688
0.00658,0.01594,0.18645,0.00934,0.11698,0.11756,0.10803,0.16786,0.10344,0.00961,0.07730,0.08091
0.01760,0.05901,0.06872,0.06041,0.07786,0.07001,0.01069,0.01765,0.01614,0.00973,0.28337,0.30882
0.10899,0.09980,0.04116,0.08011,0.03013,0.02818,0.02760,0.10596,0.00839,0.01858,0.21007,0.24104
0.00769,0.00516,0.00922,0.00488,0.20051,0.16292,0.00913,0.00730,0.00802,0.00314,0.28659,0.29545
0.01297,0.12588,0.08092,0.05169,0.06115,0.05227,0.09301,0.01867,0.03217,0.02624,0.22662,0.21841
0.09262,0.03624,0.12437,0.00869,0.01927,0.01374,0.02352,0.11744,0.02538,0.01055,0.26052,0.26767
0.03731,0.08205,0.22182,0.06859,0.03219,0.03978,0.01549,0.13454,0.02152,0.01780,0.15622,0.17267
0.03610,0.28332,0.27960,0.00731,0.01316,0.00804,0.02957,0.02134,0.00554,0.00903,0.14393,0.16306
0.01143,0.09654,0.09652,0.04427,0.06736,0.06217,0.01047,0.03485,0.01248,0.00551,0.30073,0.25767
0.04624,0.01914,0.03997,0.00656,0.07889,0.06227,0.02712,0.03988,0.00660,0.02456,0.31480,0.33397
0.01151,0.10820,0.38425,0.00781,0.01268,0.00755,0.01422,0.25413,0.01223,0.00657,0.08472,0.09613
0.08258,0.12565,0.04610,0.05153,0.01682,0.01603,0.18827,0.04800,0.16260,0.03516,0.14565,0.08161
0.01950,0.15029,0.17777,0.01299,0.01685,0.01146,0.06556,0.01788,0.09601,0.07520,0.16670,0.18977
0.19559,0.02266,0.05609,0.01738,0.02997,0.02157,0.04604,0.19949,0.05873,0.01568,0.15860,0.17820
0.04319,0.01724,0.20921,0.01458,0.02372,0.01799,0.02109,0.19944,0.01061,0.00914,0.20966,0.22413
0.03531,0.03893,0.09700,0.01565,0.08293,0.07543,0.06085,0.08700,0.04965,0.00925,0.22075,0.22725
0.03708,0.07254,0.03618,0.04215,0.06962,0.08759,0.05008,0.05119,0.04181,0.03171,0.22558,0.25448
0.01328,0.16613,0.17086,0.02682,0.02121,0.01324,0.01572,0.02336,0.00917,0.00562,0.25238,0.28220
0.03071,0.03402,0.03837,0.01659,0.30276,0.27703,0.01325,0.02370,0.00526,0.00557,0.12243,0.13030
0.01698,0.06701,0.09209,0.02973,0.26934,0.24685,0.01333,0.07535,0.00967,0.00848,0.09553,0.07565
0.00623,0.14711,0.15387,0.00559,0.13715,0.12551,0.05368,0.00964,0.01894,0.02963,0.13935,0.17331
0.06867,0.02474,0.03881,0.01204,0.13392,0.12805,0.11023,0.04737,0.10817,0.01391,0.14877,0.16532
0.01669,0.03127,0.02759,0.01531,0.02965,0.02825,0.01692,0.01778,0.02223,0.01328,0.36626,0.41477
0.00757,0.02107,0.05176,0.41045,0.02490,0.00737,0.40397,0.00721,0.01111,0.00321,0.02502,0.02636
0.06049,0.01001,0.21606,0.00691,0.03808,0.03339,0.19524,0.04763,0.02040,0.00527,0.18132,0.18520
0.01859,0.00672,0.01520,0.00680,0.24163,0.23232,0.01427,0.02277,0.01052,0.00277,0.21162,0.21680
0.02127,0.26296,0.28247,0.01304,0.01560,0.01069,0.02562,0.02929,0.08633,0.07527,0.07510,0.10237
0.08319,0.02471,0.13447,0.02061,0.06684,0.05742,0.08890,0.09813,0.00898,0.01328,0.19128,0.21221
0.02665,0.03360,0.01978,0.02097,0.25372,0.23274,0.04486,0.00727,0.01579,0.01053,0.16235,0.17176
0.07511,0.01315,0.08959,0.08724,0.16005,0.15020,0.00902,0.13160,0.01757,0.01290,0.12249,0.13108
0.03855,0.02367,0.17787,0.02836,0.07516,0.06333,0.02574,0.13792,0.00808,0.02267,0.18893,0.20972
0.06799,0.10461,0.22412,0.01587,0.13598,0.11245,0.01038,0.13481,0.00654,0.00705,0.08949,0.09071
0.01325,0.00819,0.11778,0.01043,0.01630,0.01204,0.04219,0.11086,0.05187,0.00846,0.29402,0.31462
0.03517,0.02299,0.04286,0.01246,0.13268,0.12095,0.03161,0.01946,0.01018,0.01809,0.26171,0.29184
0.02297,0.08520,0.09110,0.00940,0.11973,0.10828,0.01673,0.01189,0.00618,0.01347,0.24493,0.27012
0.00659,0.01833,0.05552,0.01098,0.01220,0.01096,0.00840,0.04837,0.00960,0.01198,0.39228,0.41478
0.01383,0.04165,0.01863,0.08031,0.04435,0.04266,0.08518,0.02343,0.01600,0.01074,0.29978,0.32342
0.02729,0.24041,0.24643,0.03389,0.12222,0.11223,0.04787,0.01775,0.02838,0.01309,0.05051,0.05992
0.01507,0.01711,0.05427,0.03671,0.13252,0.11209,0.01697,0.02164,0.01537,0.01231,0.27432,0.29163
0.04697,0.06558,0.02913,0.04179,0.06194,0.05851,0.09483,0.03294,0.08888,0.00476,0.24022,0.23446
0.01696,0.01470,0.02889,0.00399,0.02522,0.02650,0.01407,0.02262,0.00392,0.01719,0.40616,0.41978
0.01765,0.13230,0.17099,0.00503,0.00753,0.00621,0.01739,0.01835,0.01279,0.00839,0.28782,0.31556
0.18999,0.09207,0.14429,0.03048,0.03056,0.02921,0.08958,0.21682,0.09486,0.00762,0.03335,0.04118
0.03389,0.01559,0.13893,0.00521,0.12480,0.11638,0.00727,0.13314,0.00919,0.00495,0.20120,0.20944
0.04615,0.06904,0.04241,0.06070,0.05186,0.03887,0.05593,0.21313,0.04003,0.08144,0.19392,0.10652
0.05631,0.07957,0.09604,0.00733,0.15949,0.13682,0.00544,0.04335,0.00343,0.00537,0.18566,0.22121
0.00596,0.01507,0.20362,0.00655,0.02212,0.03149,0.18636,0.00865,0.25315,0.01089,0.12397,0.13216
0.01546,0.01584,0.07159,0.00845,0.02423,0.01794,0.01696,0.02404,0.35646,0.01013,0.22393,0.21497
0.01377,0.31663,0.06659,0.15964,0.06923,0.05970,0.01814,0.00690,0.00587,0.00760,0.17953,0.09639
0.04905,0.08714,0.19813,0.02030,0.03477,0.02273,0.01009,0.12271,0.00783,0.00782,0.20115,0.23830
0.02246,0.28502,0.01328,0.21358,0.01812,0.01631,0.07713,0.01647,0.09039,0.00356,0.16841,0.07528
0.04959,0.12802,0.14084,0.03364,0.03698,0.03696,0.16297,0.02855,0.16198,0.01154,0.09697,0.11194
0.02969,0.06756,0.26053,0.01611,0.11480,0.10477,0.01182,0.20665,0.01286,0.00962,0.08485,0.08074
0.00895,0.20770,0.23103,0.01057,0.07681,0.09027,0.02958,0.01784,0.01602,0.00417,0.12568,0.18138
0.08766,0.02032,0.02422,0.01407,0.04751,0.04246,0.00906,0.07284,0.02362,0.02377,0.30449,0.32998
0.15558,0.08288,0.15797,0.00845,0.13261,0.15542,0.01203,0.01843,0.02899,0.00900,0.10937,0.12927
0.01223,0.03455,0.03394,0.01824,0.31207,0.29300,0.04175,0.02230,0.01515,0.00792,0.10179,0.10706
0.05168,0.16057,0.18079,0.06613,0.04409,0.02910,0.01752,0.07531,0.00738,0.00941,0.18159,0.17642
0.01520,0.15449,0.06016,0.02628,0.17460,0.13163,0.01642,0.01944,0.03501,0.00561,0.27238,0.08876
0.00782,0.00643,0.00809,0.00277,0.25416,0.23526,0.00400,0.00442,0.00563,0.00823,0.22807,0.23513
0.00709,0.01830,0.04727,0.02798,0.22605,0.22293,0.13651,0.02057,0.13318,0.00737,0.07577,0.07698
0.01324,0.09809,0.02353,0.07654,0.01937,0.01382,0.12444,0.00404,0.12922,0.00355,0.24531,0.24886
0.07035,0.03586,0.15294,0.02330,0.10878,0.09576,0.00646,0.15805,0.00605,0.00368,0.15614,0.18262
0.16183,0.11978,0.07675,0.10617,0.01750,0.02393,0.07035,0.14976,0.01918,0.01355,0.10869,0.13251
