0.00000,0.00000,0.00000,0.00000,0.00000,0.00000,0.00000,0.00000,0.00055,0.02796,0.00000,0.00000,0.96997,0.00153
0.00000,0.00000,0.00000,0.00000,0.00000,0.00000,0.00000,0.00000,0.00000,0.00000,0.04272,0.01243,0.00027,0.94459
0.83933,0.15894,0.00000,0.00000,0.00000,0.00000,0.00000,0.00000,0.00000,0.00000,0.00000,0.00000,0.00173,0.00000
0.00000,0.00000,0.00000,0.00000,0.96566,0.00000,0.00000,0.00000,0.00000,0.00000,0.00000,0.00000,0.02928,0.00506
0.00000,0.00000,0.00000,0.00000,0.07499,0.36759,0.00000,0.00000,0.00000,0.00000,0.00000,0.00000,0.16103,0.39639
0.00000,0.00000,0.00000,0.00000,0.00000,0.00000,0.00001,0.99999,0.00000,0.00000,0.00000,0.00000,0.00000,0.00000
0.00000,0.00000,0.49620,0.00000,0.00000,0.00000,0.00000,0.00000,0.00000,0.00000,0.00000,0.00000,0.50380,0.00000
0.00000,0.00000,0.00000,0.00000,0.00000,0.00000,0.00002,0.94975,0.00000,0.00000,0.00000,0.00000,0.04963,0.00060
0.00000,0.00000,0.00000,0.00000,0.00000,0.00000,0.00002,0.72152,0.00000,0.00000,0.00000,0.00000,0.27846,0.00000
0.00000,0.00000,0.00000,0.00000,0.00000,0.00000,0.00000,0.00000,0.00000,0.00000,0.38125,0.00021,0.61837,0.00016
0.00000,0.00000,0.00000,0.00000,0.00000,0.00000,0.00366,0.99634,0.00000,0.00000,0.00000,0.00000,0.00000,0.00000
0.00000,0.00000,0.00000,0.00000,0.00000,0.00000,0.00000,0.00000,0.00000,0.00000,0.09833,0.90155,0.00012,0.00000
0.09261,0.90659,0.00000,0.00000,0.00000,0.00000,0.00000,0.00000,0.00000,0.00000,0.00000,0.00000,0.00001,0.00080
0.00000,0.00000,0.00000,0.00000,0.00000,0.00000,0.00539,0.99351,0.00000,0.00000,0.00000,0.00000,0.00110,0.00000
0.00000,0.00000,0.00000,0.00000,0.00000,0.00000,0.00000,0.00000,0.64423,0.35396,0.00000,0.00000,0.00181,0.00000
0.00000,0.00000,0.00000,0.00000,0.00000,0.00000,0.06828,0.17282,0.00000,0.00000,0.00000,0.00000,0.65835,0.10055
0.00000,0.00000,0.00000,0.00000,0.00000,0.00000,0.00000,0.00000,0.00000,0.00000,0.68675,0.24896,0.06429,0.00000
0.00000,0.00000,0.00000,0.00000,0.00000,0.00000,0.62532,0.00619,0.00000,0.00000,0.00000,0.00000,0.36848,0.00000
0.00000,0.00000,0.00000,0.00000,0.00000,0.00000,0.00000,0.00000,0.00000,0.00000,0.23792,0.35126,0.40560,0.00522
0.00000,0.00000,0.00000,0.00000,0.69101,0.14924,0.00000,0.00000,0.00000,0.00000,0.00000,0.00000,0.15971,0.00004
0.00000,0.00000,0.00000,0.00000,0.00000,0.00000,0.55265,0.44733,0.00000,0.00000,0.00000,0.00000,0.00001,0.00000
0.00000,0.00000,0.00000,0.00000,0.00000,0.00000,0.00000,0.00000,0.73843,0.26156,0.00000,0.00000,0.00000,0.00000
0.00000,0.00000,0.00000,0.00000,0.00000,0.00000,0.08205,0.90342,0.00000,0.00000,0.00000,0.00000,0.01321,0.00132
0.00000,0.00000,0.00000,0.00000,0.00000,0.00000,0.00000,0.00000,0.00000,0.00000,0.08284,0.30260,0.00000,0.61456
0.00000,0.00000,0.31511,0.04189,0.00000,0.00000,0.00000,0.00000,0.00000,0.00000,0.00000,0.00000,0.64301,0.00000
0.00000,0.00000,0.00000,0.00000,0.45912,0.42893,0.00000,0.00000,0.00000,0.00000,0.00000,0.00000,0.11195,0.00000
0.00000,0.00000,0.00000,0.00000,0.02271,0.31749,0.00000,0.00000,0.00000,0.00000,0.00000,0.00000,0.60633,0.05346
0.00000,0.00000,0.00000,0.00000,0.00000,0.00000,0.00000,0.00000,0.00000,0.00000,0.00001,0.99707,0.00293,0.00000
0.00000,0.00000,0.00000,0.00000,0.00000,0.00000,0.00000,0.00000,0.23356,0.28225,0.00000,0.00000,0.48419,0.00000
0.00000,0.00000,0.00000,0.00000,0.99997,0.00001,0.00000,0.00000,0.00000,0.00000,0.00000,0.00000,0.00000,0.00002
0.00000,0.00000,0.00000,0.00000,0.00000,0.00000,0.43770,0.55784,0.00000,0.00000,0.00000,0.00000,0.00000,0.00446
0.00000,0.00000,0.00000,0.00000,0.00000,0.00000,0.00280,0.53455,0.00000,0.00000,0.00000,0.00000,0.45225,0.01040
0.00000,0.00000,0.00000,0.00000,0.35459,0.64541,0.00000,0.00000,0.00000,0.00000,0.00000,0.00000,0.00000,0.00000
0.00000,0.00000,0.00000,0.00000,0.93784,0.02885,0.00000,0.00000,0.00000,0.00000,0.00000,0.00000,0.00591,0.02740
0.00000,0.00000,0.00000,0.00000,0.00000,0.00000,0.92422,0.02387,0.00000,0.00000,0.00000,0.00000,0.05182,0.00009
0.00000,0.00000,0.00000,0.00000,0.00067,0.06218,0.00000,0.00000,0.00000,0.00000,0.00000,0.00000,0.88346,0.05368
0.00000,0.00000,0.00000,0.00000,0.00024,0.97662,0.00000,0.00000,0.00000,0.00000,0.00000,0.00000,0.02314,0.00000
0.00000,0.00000,0.00000,0.00000,0.00231,0.05929,0.00000,0.00000,0.00000,0.00000,0.00000,0.00000,0.79579,0.14262
0.00000,0.00000,0.00000,0.00000,0.00000,0.00000,0.00000,0.00000,0.00000,0.00000,0.98635,0.00000,0.01365,0.00000
0.00000,0.00000,0.00000,0.00000,0.00000,0.00000,0.00000,0.00000,0.00175,0.36834,0.00000,0.00000,0.62991,0.00000
0.00000,0.00000,0.00000,0.00000,0.00000,0.00000,0.00000,0.00000,0.26497,0.01778,0.00000,0.00000,0.00034,0.71691
0.00000,0.00000,0.00000,0.00000,0.00000,0.00000,0.00000,0.00000,0.00000,0.00000,0.20989,0.79011,0.00000,0.00000
0.00000,0.00000,0.00000,0.00000,0.00000,0.00000,0.00000,0.00000,0.00294,0.97999,0.00000,0.00000,0.00503,0.01204
0.00000,0.00000,0.00000,0.00000,0.00000,0.00000,0.20017,0.72607,0.00000,0.00000,0.00000,0.00000,0.07377,0.00000
0.00000,0.00000,0.00000,0.00000,0.00000,0.00000,0.00000,0.00000,0.00000,0.00000,0.00067,0.40556,0.00429,0.58948
0.00000,0.00000,0.00000,0.00000,0.00000,0.00000,0.00000,0.00000,0.00000,0.00000,0.00000,0.01361,0.98639,0.00000
0.00000,0.00000,0.00000,0.00000,0.00000,0.00000,0.50807,0.41813,0.00000,0.00000,0.00000,0.00000,0.00017,0.07363
0.00000,0.00000,0.00000,0.00000,0.00000,0.00000,0.38007,0.00967,0.00000,0.00000,0.00000,0.00000,0.61004,0.00021
0.00000,0.00000,0.00000,0.00000,0.00000,0.00000,0.00000,0.00000,0.00170,0.03551,0.00000,0.00000,0.00037,0.96242
0.00000,0.00000,0.91941,0.01967,0.00000,0.00000,0.00000,0.00000,0.00000,0.00000,0.00000,0.00000,0.00000,0.06091
0.00000,0.00000,0.00000,0.00000,0.14080,0.00787,0.00000,0.00000,0.00000,0.00000,0.00000,0.00000,0.85133,0.00000
0.00000,0.00000,0.00000,0.00000,0.00000,0.00000,0.00000,0.00000,0.73477,0.25911,0.00000,0.00000,0.00612,0.00000
0.00000,0.00000,0.00000,0.00000,0.00000,0.00000,0.00000,0.00000,0.00000,0.00000,0.59478,0.09234,0.31277,0.00011
0.00000,0.00000,0.00000,0.00000,0.00004,0.93472,0.00000,0.00000,0.00000,0.00000,0.00000,0.00000,0.01175,0.05349
0.00000,0.00000,0.00000,0.00000,0.00000,0.00000,0.98498,0.00217,0.00000,0.00000,0.00000,0.00000,0.01284,0.00000
0.00000,0.00000,0.00000,0.00000,0.00000,0.00000,0.00000,0.00000,0.00376,0.97385,0.00000,0.00000,0.00000,0.02239
0.00000,0.00000,0.00000,0.00000,0.00000,0.00000,0.00000,0.00000,0.00000,0.00000,0.04211,0.95487,0.00302,0.00000
0.00000,0.00000,0.00000,0.00000,0.89419,0.10484,0.00000,0.00000,0.00000,0.00000,0.00000,0.00000,0.00097,0.00000
0.00000,0.00000,0.00000,0.00000,0.00000,0.00000,0.00000,0.00000,0.07522,0.92478,0.00000,0.00000,0.00000,0.00000
0.00000,0.00000,0.00000,0.00000,0.18923,0.02588,0.00000,0.00000,0.00000,0.00000,0.00000,0.00000,0.78457,0.00033
0.00000,0.00000,0.00000,0.00000,0.00000,0.00000,0.01370,0.98247,0.00000,0.00000,0.00000,0.00000,0.00383,0.00000
0.00000,0.00000,0.00000,0.00000,0.38477,0.51056,0.00000,0.00000,0.00000,0.00000,0.00000,0.00000,0.00113,0.10353
0.00000,0.00000,0.00000,0.00000,0.00000,0.00000,0.00000,0.00000,0.45342,0.49494,0.00000,0.00000,0.03396,0.01767
0.00000,0.00000,0.00000,0.00000,0.56347,0.03744,0.00000,0.00000,0.00000,0.00000,0.00000,0.00000,0.39908,0.00000
0.00000,0.00000,0.00000,0.00000,0.00000,0.00000,0.18843,0.70584,0.00000,0.00000,0.00000,0.00000,0.00007,0.10566
0.00000,0.00000,0.00000,0.00000,0.00000,0.00000,0.00000,0.00000,0.98597,0.00403,0.00000,0.00000,0.01000,0.00000
0.00000,0.00000,0.00000,0.00000,0.00000,0.00000,0.07336,0.90670,0.00000,0.00000,0.00000,0.00000,0.01994,0.00000
0.92206,0.07794,0.00000,0.00000,0.00000,0.00000,0.00000,0.00000,0.00000,0.00000,0.00000,0.00000,0.00000,0.00000
0.00000,0.00000,0.00000,0.00000,0.00000,0.00000,0.19134,0.80242,0.00000,0.00000,0.00000,0.00000,0.00619,0.00004
0.00000,0.00000,0.00000,0.00000,0.00000,0.00000,0.32678,0.55151,0.00000,0.00000,0.00000,0.00000,0.12170,0.00001
0.00000,0.00000,0.00000,0.00000,0.00000,0.00000,0.05182,0.93955,0.00000,0.00000,0.00000,0.00000,0.00000,0.00862
0.00000,0.00000,0.00000,0.00000,0.00000,0.00000,0.00000,0.00000,0.99831,0.00104,0.00000,0.00000,0.00066,0.00000
0.00000,0.00000,0.00000,0.00000,0.00000,0.00000,0.00000,0.00000,0.00000,0.00000,0.29953,0.68232,0.01495,0.00320
0.00000,0.00000,0.00000,0.00000,0.00000,0.00000,0.75147,0.11746,0.00000,0.00000,0.00000,0.00000,0.13097,0.00009
0.00000,0.00000,0.00000,0.00000,0.00000,0.00000,0.27260,0.71618,0.00000,0.00000,0.00000,0.00000,0.00000,0.01121
0.00000,0.00000,0.00000,0.00000,0.00000,0.00000,0.00000,0.00000,0.67956,0.17276,0.00000,0.00000,0.14758,0.00009
0.00000,0.00000,0.00000,0.00000,0.67739,0.32213,0.00000,0.00000,0.00000,0.00000,0.00000,0.00000,0.00047,0.00000
0.00000,0.00000,0.00000,0.00000,0.00000,0.00000,0.04325,0.94154,0.00000,0.00000,0.00000,0.00000,0.00030,0.01491
0.00000,0.00000,0.00000,0.00000,0.00000,0.00000,0.00000,0.00000,0.08976,0.90972,0.00000,0.00000,0.00053,0.00000
0.00000,0.00000,0.63451,0.20165,0.00000,0.00000,0.00000,0.00000,0.00000,0.00000,0.00000,0.00000,0.00004,0.16380
0.00000,0.00000,0.00000,0.00000,0.00000,0.00000,0.00000,0.00000,0.00000,0.00000,0.33655,0.62757,0.03579,0.00009
0.00000,0.00000,0.00000,0.00000,0.74728,0.02835,0.00000,0.00000,0.00000,0.00000,0.00000,0.00000,0.22436,0.00000
0.00000,0.00000,0.00000,0.00000,0.00000,0.00000,0.45731,0.33072,0.00000,0.00000,0.00000,0.00000,0.21197,0.00000
0.00000,0.00000,0.00000,0.00000,0.00000,0.00000,0.00000,0.00000,0.00000,0.00000,0.02474,0.80558,0.00010,0.16959
0.00000,0.00000,0.00000,0.00000,0.00000,0.00000,0.00000,0.00000,0.99063,0.00002,0.00000,0.00000,0.00935,0.00000
0.00000,0.00000,0.00000,0.00000,0.00000,0.00000,0.00000,0.00000,0.00000,0.00000,0.02375,0.97623,0.00000,0.00002
0.00000,0.00000,0.00000,0.00000,0.44062,0.00272,0.00000,0.00000,0.00000,0.00000,0.00000,0.00000,0.55614,0.00052
0.00000,0.00000,0.00000,0.00000,0.00000,0.00000,0.00000,0.00000,0.20962,0.77272,0.00000,0.00000,0.00000,0.01766
0.00000,0.00000,0.00000,0.00000,0.00000,0.00000,0.00000,0.00000,0.11797,0.55422,0.00000,0.00000,0.32613,0.00168
0.00000,0.00000,0.00000,0.00000,0.00000,0.00000,0.00000,0.00000,0.00000,0.00000,0.00082,0.80472,0.16538,0.02908
0.00000,0.00000,0.00000,0.00000,0.00000,0.00000,0.00000,0.00000,0.00000,0.00000,0.00003,0.23693,0.74744,0.01561
0.00029,0.02134,0.00000,0.00000,0.00000,0.00000,0.00000,0.00000,0.00000,0.00000,0.00000,0.00000,0.95361,0.02476
0.00000,0.00000,0.00000,0.00000,0.00000,0.00000,0.00000,0.00000,0.15349,0.10574,0.00000,0.00000,0.35053,0.39025
0.00000,0.00000,0.00000,0.00000,0.57315,0.24562,0.00000,0.00000,0.00000,0.00000,0.00000,0.00000,0.00000,0.18123
0.00000,0.00000,0.00000,0.00000,0.00000,0.00000,0.00012,0.00006,0.00000,0.00000,0.00000,0.00000,0.99982,0.00000
0.00000,0.00000,0.00000,0.00000,0.00000,0.00000,0.10366,0.89090,0.00000,0.00000,0.00000,0.00000,0.00544,0.00000
0.00000,0.00000,0.00000,0.00000,0.00000,0.00000,0.00000,0.00000,0.00000,0.00000,0.02654,0.37704,0.59640,0.00003
0.00000,0.00000,0.00000,0.00000,0.00000,0.00000,0.71128,0.00001,0.00000,0.00000,0.00000,0.00000,0.28784,0.00088
0.00000,0.00000,0.00000,0.00000,0.00000,0.00000,0.00000,0.00000,0.00000,0.00000,0.78783,0.21217,0.00000,0.00000
0.00000,0.00000,0.00000,0.00000,0.99978,0.00022,0.00000,0.00000,0.00000,0.00000,0.00000,0.00000,0.00000,0.00000
0.00000,0.00000,0.00000,0.00000,0.00000,0.00000,0.99300,0.00698,0.00000,0.00000,0.00000,0.00000,0.00002,0.00000
0.00000,0.00000,0.00000,0.00000,0.00000,0.00000,0.00000,0.00000,0.93940,0.00251,0.00000,0.00000,0.00000,0.05809
0.00000,0.00000,0.00000,0.00000,0.00000,0.00000,0.00000,0.00000,0.99237,0.00000,0.00000,0.00000,0.00762,0.00000
0.00000,0.00000,0.00000,0.00000,0.00000,0.00000,0.53570,0.03098,0.00000,0.00000,0.00000,0.00000,0.26919,0.16413
0.00000,0.00000,0.00000,0.00000,0.00000,0.00000,0.45493,0.02978,0.00000,0.00000,0.00000,0.00000,0.00329,0.51199
0.00000,0.00000,0.00000,0.00000,0.00000,0.00000,0.00000,0.00000,0.10193,0.00376,0.00000,0.00000,0.00007,0.89424
0.00000,0.00000,0.00000,0.00000,0.00000,0.00000,0.00000,0.00000,0.99876,0.00124,0.00000,0.00000,0.00000,0.00000
0.00000,0.00000,0.00000,0.00000,0.00000,0.00000,0.00000,0.00000,0.00000,0.00000,0.99970,0.00030,0.00000,0.00000
0.00000,0.00000,0.00000,0.00000,0.00000,0.00000,0.00000,0.00000,0.00000,0.00000,0.99729,0.00220,0.00000,0.00051
0.00000,0.00000,0.00000,0.00000,0.00000,0.00000,0.00000,0.00000,0.00000,0.00000,0.28988,0.50428,0.20584,0.00000
0.00000,0.00000,0.00000,0.00000,0.00000,0.00000,0.01459,0.98348,0.00000,0.00000,0.00000,0.00000,0.00004,0.00190
0.08534,0.74463,0.00000,0.00000,0.00000,0.00000,0.00000,0.00000,0.00000,0.00000,0.00000,0.00000,0.09136,0.07867
0.00000,0.00000,0.00000,0.00000,0.00000,0.00000,0.75400,0.24600,0.00000,0.00000,0.00000,0.00000,0.00000,0.00000
0.00000,0.00000,0.00000,0.00000,0.00000,0.00000,0.00000,0.00000,0.00000,0.00000,0.29722,0.36231,0.33848,0.00199
0.00000,0.00000,0.00000,0.00000,0.00000,0.00000,0.21078,0.11539,0.00000,0.00000,0.00000,0.00000,0.49665,0.17718
0.00000,0.00000,0.00000,0.00000,0.00000,0.00000,0.00000,0.00000,0.00000,0.00000,0.02664,0.96784,0.00000,0.00552
0.00000,0.00000,0.39937,0.58780,0.00000,0.00000,0.00000,0.00000,0.00000,0.00000,0.00000,0.00000,0.01283,0.00001
0.00000,0.00000,0.00000,0.00000,0.00000,0.00000,0.00000,0.00000,0.00000,0.00000,0.28328,0.71477,0.00196,0.00000
0.00000,0.00000,0.00000,0.00000,0.00000,0.00000,0.00000,0.00000,0.00000,0.00000,0.68280,0.30211,0.01499,0.00009
0.00000,0.00000,0.00000,0.00000,0.00000,0.00000,0.68417,0.01495,0.00000,0.00000,0.00000,0.00000,0.30088,0.00000
0.00000,0.00000,0.00000,0.00000,0.00000,0.00000,0.00000,0.00000,0.00000,0.00000,0.20531,0.05457,0.73972,0.00040
0.00000,0.00000,0.61931,0.38069,0.00000,0.00000,0.00000,0.00000,0.00000,0.00000,0.00000,0.00000,0.00000,0.00000
0.00000,0.00000,0.00000,0.00000,0.02590,0.97409,0.00000,0.00000,0.00000,0.00000,0.00000,0.00000,0.00000,0.00000
0.00000,0.00000,0.00000,0.00000,0.00201,0.99740,0.00000,0.00000,0.00000,0.00000,0.00000,0.00000,0.00059,0.00000
0.00000,0.00000,0.00000,0.00000,0.00000,0.00000,0.00000,0.00000,0.15607,0.83779,0.00000,0.00000,0.00614,0.00000
0.00000,0.00000,0.00000,0.00000,0.00000,0.00000,0.00000,0.00000,0.19240,0.75698,0.00000,0.00000,0.00000,0.05062
0.00000,0.00000,0.00000,0.00000,0.00000,0.00000,0.00000,0.00000,0.68183,0.28585,0.00000,0.00000,0.03224,0.00008
0.00000,0.00000,0.00000,0.00000,0.35885,0.02337,0.00000,0.00000,0.00000,0.00000,0.00000,0.00000,0.00000,0.61777
0.00000,0.00000,0.00000,0.00000,0.51060,0.01953,0.00000,0.00000,0.00000,0.00000,0.00000,0.00000,0.00002,0.46984
0.00000,0.00000,0.00000,0.00000,0.00000,0.00000,0.00000,0.00000,0.77926,0.15868,0.00000,0.00000,0.06131,0.00075
0.00000,0.00000,0.00000,0.00000,0.00000,0.00000,0.00000,0.00000,0.41543,0.58457,0.00000,0.00000,0.00000,0.00000
0.00000,0.00000,0.00000,0.00000,0.00000,0.00000,0.00000,0.00000,0.00000,0.00000,0.23895,0.27517,0.48588,0.00000
0.00000,0.00000,0.00000,0.00000,0.00000,0.00000,0.00016,0.90789,0.00000,0.00000,0.00000,0.00000,0.00020,0.09175
0.00000,0.00000,0.00000,0.00000,0.00000,0.00000,0.00000,0.00000,0.00000,0.00000,0.00003,0.98071,0.01926,0.00000
0.00000,0.00000,0.00000,0.00000,0.00000,0.00000,0.92021,0.00002,0.00000,0.00000,0.00000,0.00000,0.00059,0.07918
0.00000,0.00000,0.00000,0.00000,0.96168,0.00806,0.00000,0.00000,0.00000,0.00000,0.00000,0.00000,0.03026,0.00000
0.00000,0.00000,0.00000,0.00000,0.00000,0.00000,0.00000,0.00000,0.00000,0.00000,0.24828,0.72983,0.02131,0.00058
0.00000,0.00000,0.00000,0.00000,0.00000,0.00000,0.00000,0.00000,0.00723,0.30346,0.00000,0.00000,0.68931,0.00000
0.00000,0.00000,0.14327,0.12329,0.00000,0.00000,0.00000,0.00000,0.00000,0.00000,0.00000,0.00000,0.61406,0.11938
0.00000,0.00000,0.00000,0.00000,0.00000,0.00000,0.00000,0.00000,0.09386,0.90575,0.00000,0.00000,0.00000,0.00039
0.00000,0.00000,0.00000,0.00000,0.96202,0.03414,0.00000,0.00000,0.00000,0.00000,0.00000,0.00000,0.00057,0.00328
0.00000,0.00000,0.00000,0.00000,0.00000,0.00000,0.00000,0.00000,0.43369,0.54093,0.00000,0.00000,0.02538,0.00000
0.00000,0.00000,0.00000,0.00000,0.00000,0.00000,0.00000,0.00000,0.00020,0.99790,0.00000,0.00000,0.00191,0.00000
0.00000,0.00000,0.00000,0.00000,0.52727,0.09053,0.00000,0.00000,0.00000,0.00000,0.00000,0.00000,0.00057,0.38163
0.00000,0.00000,0.00000,0.00000,0.00000,0.93217,0.00000,0.00000,0.00000,0.00000,0.00000,0.00000,0.06783,0.00000
0.00000,0.00000,0.00000,0.00000,0.00000,0.00000,0.00000,0.00000,0.95964,0.00044,0.00000,0.00000,0.00002,0.03990
0.00000,0.00000,0.00000,0.00000,0.00000,0.00000,0.00000,0.00000,0.00000,0.00000,0.42652,0.03309,0.04429,0.49611
0.00000,0.00000,0.00000,0.00000,0.00000,0.00000,0.00633,0.77147,0.00000,0.00000,0.00000,0.00000,0.00179,0.22041
0.00602,0.98737,0.00000,0.00000,0.00000,0.00000,0.00000,0.00000,0.00000,0.00000,0.00000,0.00000,0.00000,0.00661
0.00000,0.00000,0.00000,0.00000,0.41760,0.58239,0.00000,0.00000,0.00000,0.00000,0.00000,0.00000,0.00000,0.00000
0.00000,0.00000,0.00000,0.00000,0.00000,0.00000,0.00000,0.00000,0.00005,0.99638,0.00000,0.00000,0.00357,0.00000
0.00000,0.00000,0.00000,0.00000,0.00000,0.00000,0.00000,0.00000,0.63738,0.35743,0.00000,0.00000,0.00381,0.00138
0.63231,0.00023,0.00000,0.00000,0.00000,0.00000,0.00000,0.00000,0.00000,0.00000,0.00000,0.00000,0.36746,0.00000
0.00000,0.00000,0.00000,0.00000,0.00000,0.00000,0.00024,0.77248,0.00000,0.00000,0.00000,0.00000,0.00000,0.22728
0.00000,0.00000,0.00000,0.00000,0.00000,0.00000,0.00000,0.00000,0.97527,0.02473,0.00000,0.00000,0.00000,0.00000
0.00000,0.00000,0.00000,0.00000,0.00000,0.00000,0.99851,0.00145,0.00000,0.00000,0.00000,0.00000,0.00000,0.00004
0.00000,0.00000,0.00000,0.00000,0.00000,0.00000,0.00000,0.00000,0.38518,0.60258,0.00000,0.00000,0.01225,0.00000
0.00000,0.00000,0.00000,0.00000,0.00000,0.00000,0.00000,0.00000,0.00000,0.00000,0.75541,0.00081,0.00000,0.24378
0.00000,0.00000,0.00000,0.00000,0.00000,0.00000,0.01277,0.01837,0.00000,0.00000,0.00000,0.00000,0.00000,0.96886
0.00000,0.00000,0.00000,0.00000,0.00000,0.00000,0.00000,0.00000,0.04283,0.02020,0.00000,0.00000,0.85316,0.08380
0.00000,0.00000,0.00000,0.00000,0.00216,0.98010,0.00000,0.00000,0.00000,0.00000,0.00000,0.00000,0.00000,0.01774
0.00000,0.00000,0.00000,0.00000,0.00000,0.00000,0.00000,0.00000,0.00079,0.00006,0.00000,0.00000,0.99915,0.00000
0.96130,0.03835,0.00000,0.00000,0.00000,0.00000,0.00000,0.00000,0.00000,0.00000,0.00000,0.00000,0.00000,0.00035
0.00000,0.00000,0.00000,0.00000,0.41659,0.58341,0.00000,0.00000,0.00000,0.00000,0.00000,0.00000,0.00000,0.00000
0.00000,0.00000,0.00000,0.00000,0.00000,0.00000,0.04129,0.64710,0.00000,0.00000,0.00000,0.00000,0.31076,0.00085
0.00000,0.00000,0.17785,0.74609,0.00000,0.00000,0.00000,0.00000,0.00000,0.00000,0.00000,0.00000,0.00479,0.07127
0.00000,0.00000,0.00000,0.00000,0.00000,0.00000,0.00000,0.00000,0.84121,0.15175,0.00000,0.00000,0.00035,0.00669
0.00000,0.00000,0.00000,0.00000,0.00000,0.00000,0.00000,0.00000,0.60198,0.17033,0.00000,0.00000,0.08317,0.14452
0.00000,0.00000,0.00000,0.00000,0.84830,0.15113,0.00000,0.00000,0.00000,0.00000,0.00000,0.00000,0.00057,0.00000
0.00000,0.00000,0.00000,0.00000,0.00000,0.00000,0.00000,0.00000,0.61393,0.38180,0.00000,0.00000,0.00354,0.00073
0.00000,0.00000,0.00000,0.00000,0.00000,0.00000,0.00000,0.00000,0.30165,0.22209,0.00000,0.00000,0.47608,0.00018
0.00000,0.00000,0.00000,0.00000,0.00000,0.00000,0.00000,0.00000,0.00051,0.37112,0.00000,0.00000,0.62803,0.00033
0.00000,0.00000,0.00000,0.00000,0.00000,0.00000,0.00000,0.00000,0.23479,0.76498,0.00000,0.00000,0.00023,0.00000
0.00000,0.00000,0.00000,0.00000,0.00000,0.00000,0.44333,0.46181,0.00000,0.00000,0.00000,0.00000,0.00000,0.09487
0.00000,0.00000,0.00000,0.00000,0.00000,0.00000,0.00389,0.99345,0.00000,0.00000,0.00000,0.00000,0.00265,0.00000
0.00000,0.00000,0.00000,0.00000,0.00000,0.00000,0.05635,0.83355,0.00000,0.00000,0.00000,0.00000,0.00093,0.10917
0.00000,0.00000,0.00000,0.00000,0.45178,0.03666,0.00000,0.00000,0.00000,0.00000,0.00000,0.00000,0.51156,0.00000
0.00000,0.00000,0.00000,0.00000,0.00000,0.00000,0.00000,0.00000,0.00022,0.58106,0.00000,0.00000,0.41782,0.00090
0.00000,0.00000,0.00000,0.00000,0.00000,0.00000,0.57065,0.42935,0.00000,0.00000,0.00000,0.00000,0.00000,0.00000
0.00000,0.00000,0.00000,0.00000,0.93161,0.06424,0.00000,0.00000,0.00000,0.00000,0.00000,0.00000,0.00000,0.00414
0.00000,0.00000,0.00000,0.00000,0.00000,0.00000,0.00000,0.00000,0.00773,0.98282,0.00000,0.00000,0.00944,0.00000
0.00000,0.00000,0.00000,0.00000,0.00000,0.00000,0.00000,0.00000,0.00000,0.00000,0.00101,0.93360,0.06540,0.00000
0.00000,0.00000,0.00000,0.00000,0.00000,0.00000,0.00000,0.00000,0.00000,0.00000,0.00000,0.99994,0.00006,0.00000
0.00000,0.00000,0.00000,0.00000,0.03281,0.96669,0.00000,0.00000,0.00000,0.00000,0.00000,0.00000,0.00000,0.00051
0.00000,0.00000,0.00000,0.00000,0.00000,0.00000,0.00000,0.00000,0.00000,0.00000,0.03251,0.96740,0.00004,0.00005
0.00000,0.00000,0.00000,0.00000,0.00000,0.00000,0.08763,0.90305,0.00000,0.00000,0.00000,0.00000,0.00931,0.00000
0.00000,0.00000,0.00000,0.00000,0.00000,0.00000,0.00000,0.00000,0.00001,0.90738,0.00000,0.00000,0.09261,0.00000
0.00000,0.00000,0.00000,0.00000,0.07660,0.19510,0.00000,0.00000,0.00000,0.00000,0.00000,0.00000,0.00209,0.72621
0.00000,0.00000,0.00000,0.00000,0.42734,0.57023,0.00000,0.00000,0.00000,0.00000,0.00000,0.00000,0.00000,0.00243
0.00000,0.00000,0.00000,0.00000,0.00000,0.00000,0.00000,0.00000,0.05722,0.93467,0.00000,0.00000,0.00000,0.00811
0.52080,0.20631,0.00000,0.00000,0.00000,0.00000,0.00000,0.00000,0.00000,0.00000,0.00000,0.00000,0.27289,0.00000
0.00000,0.00000,0.00000,0.00000,0.08965,0.00118,0.00000,0.00000,0.00000,0.00000,0.00000,0.00000,0.90917,0.00000
0.00000,0.00000,0.00000,0.00000,0.00000,0.00000,0.00000,0.00000,0.03826,0.00367,0.00000,0.00000,0.95807,0.00000
0.00000,0.00000,0.00000,0.00000,0.00000,0.00000,0.00000,0.00000,0.00000,0.00000,0.95578,0.01095,0.03327,0.00000
0.00000,0.00000,0.00000,0.00000,0.00000,0.00000,0.00000,0.00000,0.67404,0.32596,0.00000,0.00000,0.00000,0.00000
0.00000,0.00000,0.00000,0.00000,0.00000,0.00000,0.55152,0.27706,0.00000,0.00000,0.00000,0.00000,0.00002,0.17140
0.00000,0.00000,0.00000,0.00000,0.00000,0.00000,0.00000,0.00000,0.00000,0.00000,0.01782,0.98218,0.00001,0.00000
0.00000,0.00000,0.00000,0.00000,0.00000,0.00000,0.69627,0.29315,0.00000,0.00000,0.00000,0.00000,0.01058,0.00000
0.00000,0.00000,0.00000,0.00000,0.00000,0.00000,0.00000,0.00000,0.96718,0.01059,0.00000,0.00000,0.02223,0.00000
0.00000,0.00000,0.00000,0.00000,0.00000,0.00000,0.08418,0.66676,0.00000,0.00000,0.00000,0.00000,0.00001,0.24904
0.00000,0.00000,0.00000,0.00000,0.87127,0.00025,0.00000,0.00000,0.00000,0.00000,0.00000,0.00000,0.00003,0.12845
0.00000,0.00000,0.00000,0.00000,0.00000,0.00000,0.00000,0.00000,0.49177,0.50764,0.00000,0.00000,0.00059,0.00000
0.00000,0.00000,0.00000,0.00000,0.00000,0.00000,0.00010,0.32908,0.00000,0.00000,0.00000,0.00000,0.00000,0.67082
0.00000,0.00000,0.00000,0.00000,0.00000,0.00000,0.24198,0.03489,0.00000,0.00000,0.00000,0.00000,0.72311,0.00001
0.00000,0.00000,0.00000,0.00000,0.12663,0.87333,0.00000,0.00000,0.00000,0.00000,0.00000,0.00000,0.00003,0.00000
0.00000,0.00000,0.00000,0.00000,0.00000,0.00000,0.00347,0.99653,0.00000,0.00000,0.00000,0.00000,0.00000,0.00000
0.00000,0.00000,0.00000,0.00000,0.00000,0.00000,0.00000,0.00000,0.00000,0.00000,0.06370,0.04026,0.44820,0.44784
0.00000,0.00000,0.18167,0.81815,0.00000,0.00000,0.00000,0.00000,0.00000,0.00000,0.00000,0.00000,0.00000,0.00017
0.00000,0.00000,0.00000,0.00000,0.00000,0.00000,0.15215,0.32213,0.00000,0.00000,0.00000,0.00000,0.00981,0.51592
0.00000,0.00000,0.00000,0.00000,0.00000,0.00000,0.13333,0.86462,0.00000,0.00000,0.00000,0.00000,0.00176,0.00029
0.00000,0.00000,0.00000,0.00000,0.00000,0.00000,0.00000,0.00000,0.71565,0.00002,0.00000,0.00000,0.06805,0.21629
0.00000,0.00000,0.00000,0.00000,0.13659,0.86341,0.00000,0.00000,0.00000,0.00000,0.00000,0.00000,0.00000,0.00000
0.00000,0.00000,0.00000,0.00000,0.00000,0.00000,0.00000,0.00000,0.00000,0.00000,0.81726,0.09626,0.08648,0.00000
0.00000,0.00000,0.00000,0.00000,0.03540,0.68697,0.00000,0.00000,0.00000,0.00000,0.00000,0.00000,0.01628,0.26134
0.00000,0.00000,0.00000,0.00000,0.00000,0.00000,0.00000,0.00000,0.95860,0.04139,0.00000,0.00000,0.00000,0.00001
0.00000,0.00000,0.00000,0.00000,0.90679,0.00058,0.00000,0.00000,0.00000,0.00000,0.00000,0.00000,0.00000,0.09263
0.00000,0.00000,0.00000,0.00000,0.00000,0.00000,0.51979,0.48012,0.00000,0.00000,0.00000,0.00000,0.00000,0.00010
0.00000,0.00000,0.00000,0.00000,1.00000,0.00000,0.00000,0.00000,0.00000,0.00000,0.00000,0.00000,0.00000,0.00000
0.00000,0.00000,0.00000,0.00000,0.00000,0.00000,0.20742,0.73669,0.00000,0.00000,0.00000,0.00000,0.05590,0.00000
0.00000,0.00000,0.00000,0.00000,0.82160,0.17370,0.00000,0.00000,0.00000,0.00000,0.00000,0.00000,0.00000,0.00470
0.00000,0.00000,0.00000,0.00000,0.00000,0.00000,0.00000,0.00000,0.48507,0.24968,0.00000,0.00000,0.08497,0.18028
0.00000,0.00000,0.00000,0.00000,0.34742,0.64851,0.00000,0.00000,0.00000,0.00000,0.00000,0.00000,0.00406,0.00001
0.00000,0.00000,0.00000,0.00000,0.00000,0.00000,0.00000,0.00000,0.00000,0.00000,0.93308,0.00028,0.00063,0.06600
0.00000,0.00000,0.00000,0.00000,0.00896,0.95675,0.00000,0.00000,0.00000,0.00000,0.00000,0.00000,0.00000,0.03430
0.00000,0.00000,0.00000,0.00000,0.00000,0.00000,0.00000,0.00000,0.00000,0.00000,0.01920,0.83128,0.14313,0.00639
0.00000,0.00000,0.00000,0.00000,0.00000,0.00000,0.00000,0.00000,0.07808,0.92170,0.00000,0.00000,0.00022,0.00000
0.00000,0.00000,0.00000,0.00000,0.28472,0.30445,0.00000,0.00000,0.00000,0.00000,0.00000,0.00000,0.00000,0.41083
0.00000,0.00000,0.00000,0.00000,0.00000,0.00000,0.29895,0.62046,0.00000,0.00000,0.00000,0.00000,0.00033,0.08026
0.00000,0.00000,0.00000,0.00000,0.00000,0.00000,0.20550,0.78894,0.00000,0.00000,0.00000,0.00000,0.00000,0.00556
0.00000,0.00000,0.00000,0.00000,0.00000,0.00000,0.00000,0.00000,0.00000,0.00000,0.00023,0.64891,0.35086,0.00000
0.00000,0.00000,0.00000,0.00000,0.00000,0.00000,0.00000,0.00000,0.00000,0.00000,0.00001,0.98533,0.01466,0.00000
0.00000,0.00000,0.00000,0.00000,0.00000,0.00000,0.00000,0.00000,0.00002,0.00002,0.00000,0.00000,0.00742,0.99254
0.00000,0.00000,0.00000,0.00000,0.00000,0.00000,0.00000,0.00000,0.00000,0.00000,0.96816,0.00012,0.00000,0.03172
0.00000,0.00000,0.00000,0.00000,0.00000,0.00000,0.22755,0.00121,0.00000,0.00000,0.00000,0.00000,0.77124,0.00000
0.00000,0.00000,0.00000,0.00000,0.00000,0.00000,0.00000,0.00000,0.00000,0.00000,0.77521,0.01788,0.20691,0.00000
0.00000,0.00000,0.00000,0.00000,0.00000,0.00000,0.21741,0.62512,0.00000,0.00000,0.00000,0.00000,0.07833,0.07914
0.00000,0.00000,0.00000,0.00000,0.00000,0.00000,0.00000,0.00000,0.00000,0.99974,0.00000,0.00000,0.00016,0.00011
0.00000,0.00000,0.00000,0.00000,0.00000,0.00000,0.00000,0.00000,0.45977,0.00307,0.00000,0.00000,0.51205,0.02511
0.00000,0.00000,0.00000,0.00000,0.00000,0.00000,0.99253,0.00747,0.00000,0.00000,0.00000,0.00000,0.00000,0.00000
0.05600,0.94340,0.00000,0.00000,0.00000,0.00000,0.00000,0.00000,0.00000,0.00000,0.00000,0.00000,0.00056,0.00004
0.00000,0.00000,0.00000,0.00000,0.00000,0.00000,0.00000,0.00000,0.00000,0.00000,0.94535,0.05405,0.00060,0.00000
0.00000,0.00000,0.00000,0.00000,0.99845,0.00155,0.00000,0.00000,0.00000,0.00000,0.00000,0.00000,0.00000,0.00000
0.00000,0.00000,0.00000,0.00000,0.00000,0.00000,0.00000,0.00000,0.16081,0.83878,0.00000,0.00000,0.00034,0.00007
0.00000,0.00000,0.00000,0.00000,0.00000,0.00000,0.00000,0.00000,0.00414,0.84198,0.00000,0.00000,0.14521,0.00868
0.00000,0.00000,0.00000,0.00000,0.00007,0.99719,0.00000,0.00000,0.00000,0.00000,0.00000,0.00000,0.00274,0.00000
0.00000,0.00000,0.99867,0.00133,0.00000,0.00000,0.00000,0.00000,0.00000,0.00000,0.00000,0.00000,0.00000,0.00000
0.00000,0.00000,0.00000,0.00000,0.00000,0.00000,0.00000,0.00000,0.00000,0.00000,0.04140,0.52402,0.00000,0.43458
0.00000,0.00000,0.00000,0.00000,0.98804,0.00001,0.00000,0.00000,0.00000,0.00000,0.00000,0.00000,0.01195,0.00000
0.00000,0.00000,0.00000,0.00000,0.00000,0.00000,0.00000,0.00000,0.43356,0.56644,0.00000,0.00000,0.00000,0.00000
0.00000,0.00000,0.00000,0.00000,0.79058,0.08269,0.00000,0.00000,0.00000,0.00000,0.00000,0.00000,0.00000,0.12673
0.00000,0.00000,0.00000,0.00000,0.00000,0.00000,0.95183,0.04491,0.00000,0.00000,0.00000,0.00000,0.00000,0.00326
0.00000,0.00000,0.00000,0.00000,0.00000,0.00000,0.72915,0.17902,0.00000,0.00000,0.00000,0.00000,0.08507,0.00676
0.00000,0.00000,0.00000,0.00000,0.00000,0.00000,0.00000,0.00000,0.09794,0.72750,0.00000,0.00000,0.00001,0.17455
0.00000,0.00000,0.00000,0.00000,0.00002,0.83296,0.00000,0.00000,0.00000,0.00000,0.00000,0.00000,0.00000,0.16702
0.00000,0.00000,0.00000,0.00000,0.76619,0.23198,0.00000,0.00000,0.00000,0.00000,0.00000,0.00000,0.00184,0.00000
0.00000,0.00000,0.00000,0.00000,0.00000,0.00000,0.73633,0.23232,0.00000,0.00000,0.00000,0.00000,0.03011,0.00124
0.00000,0.00000,0.00000,0.00000,0.00000,0.00000,0.00552,0.56531,0.00000,0.00000,0.00000,0.00000,0.00281,0.42635
0.00000,0.00000,0.00000,0.00000,0.00000,0.00000,0.45733,0.54087,0.00000,0.00000,0.00000,0.00000,0.00000,0.00180
0.00000,0.00000,0.00720,0.96332,0.00000,0.00000,0.00000,0.00000,0.00000,0.00000,0.00000,0.00000,0.00006,0.02942
0.00000,0.00000,0.00000,0.00000,0.07288,0.83104,0.00000,0.00000,0.00000,0.00000,0.00000,0.00000,0.09608,0.00001
0.00000,0.00000,0.00000,0.00000,0.00000,0.00000,0.01824,0.91195,0.00000,0.00000,0.00000,0.00000,0.00035,0.06946
0.00000,0.00000,0.00000,0.00000,0.79709,0.07728,0.00000,0.00000,0.00000,0.00000,0.00000,0.00000,0.00063,0.12500
0.00000,0.00000,0.00000,0.00000,0.00000,0.00000,0.00000,0.00000,0.00628,0.63943,0.00000,0.00000,0.35428,0.00000
0.00000,0.00000,0.00000,0.00000,0.00000,0.00000,0.00000,0.00000,0.00186,0.89038,0.00000,0.00000,0.01178,0.09599
0.00000,0.00000,0.00000,0.00000,0.00000,0.00000,0.71197,0.28384,0.00000,0.00000,0.00000,0.00000,0.00000,0.00419
0.00000,0.00000,0.00000,0.00000,0.00000,0.00000,0.00000,0.00000,0.00000,0.00000,0.00000,0.99820,0.00180,0.00000
0.00000,0.00000,0.00000,0.00000,0.00000,0.00000,0.02526,0.01172,0.00000,0.00000,0.00000,0.00000,0.96303,0.00000
0.00000,0.00000,0.00000,0.00000,0.00000,0.00000,0.08331,0.90557,0.00000,0.00000,0.00000,0.00000,0.01067,0.00045
0.00000,0.00000,0.00000,0.00000,0.00000,0.00000,0.01279,0.48485,0.00000,0.00000,0.00000,0.00000,0.50236,0.00000
0.00000,0.00000,0.00000,0.00000,0.00000,0.00000,0.00000,0.00000,0.00000,0.00000,0.42032,0.24138,0.33830,0.00000
0.00000,0.00000,0.76635,0.01549,0.00000,0.00000,0.00000,0.00000,0.00000,0.00000,0.00000,0.00000,0.11692,0.10124
0.00000,0.00000,0.00000,0.00000,0.01600,0.00033,0.00000,0.00000,0.00000,0.00000,0.00000,0.00000,0.00004,0.98363
0.64734,0.33112,0.00000,0.00000,0.00000,0.00000,0.00000,0.00000,0.00000,0.00000,0.00000,0.00000,0.00000,0.02153
0.00000,0.00000,0.07589,0.90213,0.00000,0.00000,0.00000,0.00000,0.00000,0.00000,0.00000,0.00000,0.00000,0.02197
0.00000,0.00000,0.00000,0.00000,0.00000,0.00000,0.00000,0.00000,0.00000,0.00000,0.01598,0.98284,0.00097,0.00020
0.00000,0.00000,0.00000,0.00000,0.00000,0.00000,0.65189,0.16417,0.00000,0.00000,0.00000,0.00000,0.00006,0.18388
0.00000,0.00000,0.00000,0.00000,0.23158,0.24705,0.00000,0.00000,0.00000,0.00000,0.00000,0.00000,0.18657,0.33480
0.00000,0.00000,0.01850,0.84864,0.00000,0.00000,0.00000,0.00000,0.00000,0.00000,0.00000,0.00000,0.13286,0.00000
0.00000,0.00000,0.00000,0.00000,0.00000,0.00000,0.00000,0.00000,0.00000,0.00000,0.34438,0.58357,0.06424,0.00782
0.00000,0.00000,0.00006,0.85258,0.00000,0.00000,0.00000,0.00000,0.00000,0.00000,0.00000,0.00000,0.14735,0.00000
0.00000,0.00000,0.00000,0.00000,0.00000,0.00000,0.00000,0.00000,0.00000,0.00000,0.97525,0.02475,0.00000,0.00000
0.00000,0.00000,0.00000,0.00000,0.00000,0.00000,0.00000,0.00000,0.00000,0.00000,0.58977,0.41021,0.00002,0.00000
0.00000,0.00000,0.00000,0.00000,0.00000,0.00000,0.00000,0.00000,0.00000,0.00000,0.82555,0.04367,0.00000,0.13078
0.00000,0.00000,0.00000,0.00000,0.00000,0.00000,0.00000,0.00000,0.00000,0.00000,0.09390,0.59316,0.31294,0.00000
0.00000,0.00000,0.00000,0.00000,0.00000,0.00000,0.00000,0.00000,0.67957,0.31634,0.00000,0.00000,0.00409,0.00000
0.00000,0.00000,0.00000,0.00000,0.00000,0.00000,0.00000,0.00000,0.00000,0.00000,0.33035,0.53160,0.13806,0.00000
0.00000,0.00000,0.00000,0.00000,0.00000,0.00000,0.00000,0.00000,0.02326,0.97569,0.00000,0.00000,0.00068,0.00037
0.00000,0.00000,0.00000,0.00000,0.20336,0.64359,0.00000,0.00000,0.00000,0.00000,0.00000,0.00000,0.00178,0.15127
0.00000,0.00000,0.00000,0.00000,0.44609,0.55167,0.00000,0.00000,0.00000,0.00000,0.00000,0.00000,0.00000,0.00224
0.00000,0.00000,0.00000,0.00000,0.50484,0.49514,0.00000,0.00000,0.00000,0.00000,0.00000,0.00000,0.00000,0.00002
0.00000,0.00000,0.00000,0.00000,0.00000,0.00000,0.45935,0.54065,0.00000,0.00000,0.00000,0.00000,0.00000,0.00000
0.00000,0.00000,0.00000,0.00000,0.00000,0.00000,0.21822,0.62065,0.00000,0.00000,0.00000,0.00000,0.00012,0.16102
0.00000,0.00000,0.00000,0.00000,0.00000,0.00000,0.00000,0.00000,0.00000,0.00000,0.02685,0.74131,0.22452,0.00732
0.00000,0.00000,0.00000,0.00000,0.00000,0.00000,0.00000,0.00000,0.32416,0.00329,0.00000,0.00000,0.00234,0.67021
0.00000,0.00000,0.00000,0.00000,0.00000,0.00000,0.00000,0.00000,0.00000,0.00000,0.04716,0.59941,0.35344,0.00000
0.00000,0.00000,0.00000,0.00000,0.00000,0.00000,0.00000,0.00000,0.97189,0.02811,0.00000,0.00000,0.00000,0.00000
0.00000,0.00000,0.00000,0.00000,0.01672,0.93237,0.00000,0.00000,0.00000,0.00000,0.00000,0.00000,0.00000,0.05090
0.00000,0.00000,0.00000,0.00000,0.00000,0.00000,0.18298,0.81362,0.00000,0.00000,0.00000,0.00000,0.00340,0.00000
0.00000,0.00000,0.55283,0.22630,0.00000,0.00000,0.00000,0.00000,0.00000,0.00000,0.00000,0.00000,0.22086,0.00000
0.00000,0.00000,0.00000,0.00000,0.74515,0.25479,0.00000,0.00000,0.00000,0.00000,0.00000,0.00000,0.00000,0.00006
