0.05296,0.01383,0.01464,0.01223,0.01557,0.01768,0.01491,0.05432,0.01472,0.01413,0.08481,0.23919,0.01733,0.22746,0.01603,0.08022,0.01809,0.04486,0.03124,0.01579
0.03228,0.02300,0.02394,0.01976,0.02583,0.02390,0.02157,0.03310,0.02549,0.02018,0.04574,0.24515,0.02566,0.23826,0.02744,0.04693,0.01937,0.03901,0.03418,0.02921
0.11124,0.01527,0.01205,0.01350,0.01368,0.01573,0.01258,0.11206,0.01463,0.01326,0.06636,0.16350,0.05966,0.04074,0.05554,0.06323,0.01900,0.15242,0.01846,0.02709
0.04746,0.01371,0.01396,0.01323,0.01785,0.01437,0.01544,0.04445,0.01616,0.01399,0.17321,0.08988,0.06838,0.10091,0.05062,0.16937,0.02610,0.01886,0.02498,0.06705
0.05505,0.01791,0.01899,0.01652,0.02062,0.01787,0.01804,0.05475,0.01688,0.01668,0.07241,0.05808,0.10082,0.13903,0.03936,0.07375,0.02498,0.03363,0.11426,0.09039
0.10967,0.01599,0.01840,0.01679,0.02183,0.02181,0.01968,0.10780,0.02018,0.01835,0.04256,0.15841,0.04836,0.08567,0.06153,0.03989,0.02187,0.11012,0.02958,0.03150
0.07227,0.01445,0.01780,0.01454,0.01795,0.01866,0.01753,0.06305,0.01837,0.01510,0.10744,0.18691,0.04062,0.08239,0.02256,0.10325,0.01552,0.11847,0.01587,0.03726
0.04778,0.02217,0.02044,0.01736,0.02439,0.02039,0.02440,0.05130,0.02248,0.02017,0.06117,0.13221,0.08001,0.15990,0.08027,0.05816,0.02405,0.03720,0.05964,0.03650
0.03922,0.02489,0.02325,0.02380,0.02541,0.02751,0.02356,0.04092,0.02898,0.02461,0.09051,0.07097,0.03514,0.09511,0.06163,0.09119,0.04801,0.06734,0.09230,0.06562
0.02699,0.02154,0.02065,0.01873,0.02208,0.02126,0.02153,0.02560,0.02375,0.02088,0.06689,0.08864,0.04928,0.12935,0.09554,0.06735,0.06849,0.04452,0.08809,0.07886
0.03352,0.01852,0.01984,0.01841,0.02111,0.01961,0.01969,0.03549,0.01935,0.01965,0.10793,0.05293,0.04100,0.19685,0.04098,0.10802,0.01740,0.02518,0.15897,0.02554
0.03954,0.00889,0.00853,0.00906,0.00854,0.00901,0.00876,0.03974,0.00872,0.00825,0.07741,0.11861,0.19584,0.11912,0.12751,0.07258,0.01539,0.01418,0.01176,0.09857
0.03418,0.01453,0.01344,0.01246,0.01461,0.01349,0.01372,0.03471,0.01504,0.01333,0.09752,0.16756,0.08588,0.19171,0.08568,0.09532,0.01975,0.01815,0.03901,0.01991
0.13336,0.02679,0.02558,0.02635,0.02638,0.02433,0.02627,0.13083,0.02489,0.02604,0.05063,0.05877,0.09206,0.07149,0.08648,0.05487,0.01995,0.02447,0.03604,0.03442
0.05747,0.01659,0.01324,0.01550,0.01898,0.01532,0.01698,0.06240,0.01530,0.01356,0.17044,0.12526,0.02257,0.15135,0.02158,0.16549,0.01927,0.01547,0.03884,0.02440
0.04545,0.01477,0.01502,0.01535,0.01538,0.01413,0.01670,0.04588,0.01476,0.01456,0.04366,0.20093,0.08450,0.19265,0.04271,0.04430,0.03255,0.04065,0.03028,0.07576
0.09481,0.02668,0.02852,0.02325,0.02744,0.02830,0.02603,0.09445,0.03064,0.02695,0.09698,0.04328,0.09908,0.04771,0.10602,0.09438,0.01930,0.02870,0.03116,0.02629
0.02603,0.01088,0.01261,0.01098,0.01031,0.01032,0.01069,0.02502,0.01252,0.01077,0.06845,0.28142,0.02143,0.10461,0.01546,0.06946,0.01051,0.22477,0.04648,0.01728
0.03109,0.01556,0.01510,0.01414,0.01953,0.01819,0.01728,0.03094,0.01453,0.01510,0.05500,0.11098,0.08426,0.11036,0.11954,0.05312,0.06384,0.02645,0.04031,0.14469
0.13419,0.01044,0.00885,0.01058,0.01093,0.01003,0.01032,0.12686,0.01084,0.00976,0.09264,0.17752,0.04070,0.14610,0.02939,0.08533,0.01133,0.04390,0.01137,0.01892
0.19706,0.02775,0.02417,0.02171,0.03016,0.02811,0.02640,0.20283,0.02572,0.02223,0.03045,0.07933,0.02762,0.08839,0.02817,0.03180,0.02031,0.02779,0.03251,0.02749
0.02812,0.01859,0.01869,0.02102,0.02310,0.01778,0.02226,0.02715,0.01835,0.01883,0.03286,0.15707,0.03409,0.19252,0.08317,0.03243,0.05010,0.03513,0.07965,0.08911
0.03932,0.01339,0.01399,0.01414,0.01390,0.01635,0.01381,0.03797,0.01460,0.01426,0.15193,0.12513,0.04376,0.15234,0.03740,0.15286,0.01979,0.03815,0.05836,0.02852
0.08138,0.02532,0.02853,0.02475,0.02530,0.02818,0.02596,0.08526,0.02342,0.02245,0.06252,0.04159,0.13536,0.05553,0.09700,0.06367,0.02123,0.03827,0.04825,0.06600
0.11721,0.02489,0.02196,0.02156,0.02446,0.02780,0.02801,0.12101,0.02028,0.02667,0.03708,0.11023,0.05577,0.06725,0.06213,0.03633,0.04138,0.07675,0.03711,0.04213
0.03135,0.02361,0.01875,0.02065,0.02294,0.02017,0.02224,0.03062,0.02274,0.02235,0.05259,0.11686,0.06436,0.18564,0.05303,0.05479,0.02450,0.05760,0.12312,0.03210
0.07342,0.01150,0.01170,0.01184,0.01232,0.01311,0.01285,0.06321,0.01401,0.01090,0.13155,0.14048,0.08582,0.13775,0.06921,0.12278,0.01310,0.01849,0.01274,0.03321
0.04702,0.02092,0.02275,0.02009,0.02178,0.02080,0.01995,0.04845,0.02377,0.01966,0.07149,0.11366,0.08049,0.11418,0.07743,0.07028,0.03018,0.06589,0.06440,0.04681
0.03916,0.02390,0.02442,0.02311,0.02918,0.02308,0.02498,0.03704,0.02995,0.02296,0.07737,0.13189,0.03770,0.15357,0.03095,0.08026,0.03064,0.06388,0.07788,0.03808
0.23883,0.01293,0.01413,0.01347,0.01694,0.01250,0.01232,0.23779,0.01250,0.01566,0.06029,0.06544,0.02059,0.07286,0.02018,0.06028,0.01706,0.03218,0.04197,0.02207
0.03323,0.01616,0.01636,0.01595,0.01671,0.01706,0.01785,0.03203,0.01655,0.01751,0.14256,0.14341,0.03974,0.18633,0.03157,0.14123,0.01570,0.02226,0.05357,0.02421
0.02922,0.02719,0.02545,0.01840,0.02145,0.02097,0.02359,0.03256,0.02155,0.02235,0.05666,0.06118,0.12340,0.14928,0.10543,0.05352,0.01836,0.03399,0.11893,0.03652
0.10192,0.01179,0.01103,0.01068,0.01226,0.01160,0.01168,0.09959,0.01149,0.01179,0.12947,0.11464,0.05317,0.13109,0.04373,0.12702,0.01409,0.03024,0.04087,0.02186
0.04158,0.01125,0.01564,0.01414,0.01774,0.01362,0.01412,0.04001,0.01408,0.01518,0.24068,0.06794,0.04418,0.05942,0.02405,0.23663,0.02005,0.04543,0.03378,0.03048
0.01793,0.01843,0.01755,0.01590,0.01814,0.01852,0.01591,0.02114,0.01743,0.01637,0.04710,0.05341,0.13868,0.17638,0.13637,0.04670,0.02016,0.02681,0.14054,0.03654
0.02297,0.01658,0.01493,0.01526,0.01743,0.01594,0.01810,0.02139,0.01441,0.01579,0.06166,0.25991,0.03670,0.25787,0.03628,0.06174,0.02219,0.03296,0.02178,0.03610
0.03742,0.02348,0.02185,0.02270,0.02333,0.02180,0.02087,0.04069,0.02284,0.02150,0.10849,0.13530,0.05796,0.14027,0.06096,0.10836,0.03063,0.02937,0.02897,0.04322
0.05261,0.01711,0.01689,0.01503,0.01612,0.01870,0.01605,0.05304,0.01800,0.01620,0.10542,0.14233,0.08758,0.12500,0.08640,0.10165,0.02069,0.04134,0.01932,0.03050
0.04500,0.01638,0.01517,0.01366,0.01657,0.01558,0.01451,0.04446,0.01532,0.01489,0.22259,0.09915,0.04677,0.10053,0.04732,0.21376,0.01262,0.01420,0.01208,0.01944
0.08206,0.02232,0.02055,0.02124,0.02093,0.02406,0.02273,0.07628,0.02401,0.02082,0.06166,0.17242,0.02676,0.16613,0.02576,0.06050,0.02511,0.05583,0.04926,0.02158
0.03625,0.01270,0.01205,0.01099,0.01238,0.01302,0.01197,0.03414,0.01256,0.01084,0.02584,0.08732,0.02337,0.31871,0.02226,0.02505,0.02114,0.03157,0.25518,0.02265
0.05658,0.02648,0.03183,0.02702,0.03290,0.03234,0.02802,0.05467,0.03151,0.02568,0.04856,0.13238,0.05921,0.13003,0.06094,0.04730,0.03097,0.05068,0.04479,0.04811
0.03687,0.01254,0.01130,0.01335,0.01613,0.01313,0.01340,0.03654,0.01590,0.01234,0.15104,0.14563,0.05518,0.16509,0.05288,0.14663,0.01152,0.03219,0.04425,0.01411
0.10730,0.01872,0.01528,0.01737,0.01990,0.01596,0.01963,0.10922,0.01743,0.01341,0.13602,0.09802,0.05746,0.07038,0.06074,0.13265,0.01561,0.03893,0.01223,0.02374
0.02596,0.01602,0.01877,0.01890,0.01710,0.01760,0.01541,0.02634,0.01491,0.01691,0.15647,0.10587,0.05406,0.10845,0.03849,0.15494,0.02572,0.04457,0.04532,0.07819
0.02959,0.01909,0.01737,0.01555,0.01845,0.01731,0.01582,0.03187,0.02048,0.01575,0.12287,0.20136,0.03516,0.13763,0.01946,0.12010,0.02072,0.08611,0.01879,0.03650
0.06807,0.01627,0.01323,0.01544,0.01598,0.01539,0.01822,0.06444,0.01521,0.01393,0.17258,0.08702,0.06814,0.09297,0.06270,0.17098,0.01516,0.02470,0.02704,0.02253
0.02010,0.01232,0.01411,0.01157,0.01489,0.01445,0.01386,0.02148,0.01358,0.01240,0.22133,0.07037,0.09373,0.07038,0.05255,0.21832,0.01914,0.02527,0.02104,0.05913
0.02614,0.01144,0.01161,0.01155,0.01510,0.01384,0.01136,0.02501,0.01297,0.01145,0.21040,0.05540,0.11967,0.05511,0.10916,0.20653,0.01221,0.02453,0.02376,0.03275
0.05831,0.01556,0.01577,0.01693,0.01525,0.01821,0.01887,0.05579,0.01561,0.01571,0.20147,0.08461,0.05230,0.04575,0.04711,0.20071,0.01748,0.05990,0.01653,0.02813
0.12150,0.01546,0.01599,0.01578,0.01874,0.01646,0.01751,0.12572,0.01753,0.01551,0.07246,0.14799,0.04905,0.13973,0.04295,0.06877,0.01664,0.03846,0.02149,0.02224
0.06376,0.01921,0.01809,0.01796,0.01982,0.01667,0.01838,0.06173,0.01788,0.01924,0.16412,0.09653,0.02679,0.12677,0.02035,0.16087,0.01539,0.03778,0.05619,0.02247
0.03870,0.02139,0.02327,0.02136,0.02759,0.02224,0.02252,0.03650,0.02623,0.02403,0.05030,0.16520,0.08781,0.15177,0.03120,0.05213,0.02822,0.05294,0.03314,0.08345
0.03778,0.02254,0.02031,0.02240,0.02374,0.01955,0.02165,0.03858,0.02096,0.01995,0.04108,0.11263,0.03662,0.22463,0.03301,0.04421,0.02613,0.04775,0.15460,0.03186
0.05779,0.01944,0.02493,0.01885,0.02535,0.02040,0.02449,0.06142,0.02352,0.02580,0.14200,0.12636,0.04100,0.13857,0.03490,0.13228,0.01603,0.01604,0.02588,0.02497
0.05831,0.03221,0.02674,0.02653,0.03244,0.02892,0.02737,0.05922,0.02975,0.02999,0.09858,0.07233,0.07464,0.08728,0.03162,0.10667,0.02200,0.03617,0.05001,0.06922
0.13523,0.01072,0.01000,0.01071,0.01376,0.01404,0.01144,0.14237,0.01141,0.01203,0.12865,0.09664,0.03265,0.12858,0.03348,0.12235,0.01104,0.01859,0.04205,0.01428
0.06154,0.02062,0.01856,0.01741,0.01987,0.01691,0.01685,0.05768,0.01886,0.01784,0.11191,0.10266,0.06810,0.08718,0.07604,0.10792,0.02641,0.07051,0.04899,0.03411
0.02352,0.02264,0.02347,0.02059,0.02307,0.02088,0.02138,0.02177,0.02640,0.02131,0.08275,0.13847,0.07399,0.19254,0.07940,0.07833,0.02166,0.01883,0.06836,0.02065
0.02194,0.01354,0.01203,0.01120,0.01193,0.01350,0.01337,0.01900,0.01514,0.01325,0.06930,0.11343,0.14718,0.10448,0.09342,0.06740,0.04733,0.02310,0.02102,0.16844
0.02501,0.01513,0.01275,0.01442,0.01535,0.01568,0.01523,0.02349,0.01652,0.01650,0.07568,0.11305,0.07242,0.18912,0.06587,0.07259,0.02377,0.05602,0.12446,0.03692
0.02311,0.02095,0.01928,0.02167,0.02167,0.02129,0.02146,0.02048,0.02362,0.02013,0.04376,0.12049,0.17213,0.08813,0.16634,0.03956,0.01772,0.07198,0.03205,0.03419
0.05383,0.02064,0.01550,0.01364,0.02056,0.01803,0.01641,0.05283,0.01902,0.01824,0.07301,0.19546,0.03153,0.15487,0.02067,0.08017,0.02938,0.08650,0.04535,0.03436
0.03842,0.01142,0.01421,0.01202,0.01445,0.01408,0.01222,0.03611,0.01379,0.01448,0.04587,0.29411,0.03692,0.09416,0.03809,0.04651,0.01276,0.21758,0.02009,0.01271
0.03486,0.02490,0.02261,0.02366,0.02565,0.02638,0.02491,0.03782,0.02496,0.02079,0.06014,0.09428,0.07880,0.07910,0.12311,0.05797,0.06038,0.05070,0.03749,0.09148
0.03529,0.01504,0.01309,0.01578,0.01488,0.01464,0.01365,0.02978,0.01521,0.01430,0.13869,0.18827,0.05134,0.15372,0.04979,0.14034,0.01411,0.05349,0.01402,0.01457
0.03511,0.02818,0.02734,0.02218,0.02524,0.02716,0.02443,0.03749,0.02298,0.02156,0.11307,0.11782,0.08676,0.11812,0.06072,0.11042,0.01750,0.02905,0.02539,0.04949
0.02979,0.01823,0.01845,0.01825,0.02248,0.01769,0.02208,0.03319,0.02141,0.01903,0.11479,0.11216,0.01747,0.21816,0.02251,0.11594,0.01982,0.02401,0.11522,0.01933
0.03919,0.02343,0.02464,0.02604,0.02507,0.02400,0.02359,0.03810,0.02709,0.02464,0.08752,0.09081,0.12162,0.08955,0.11983,0.08477,0.02728,0.04007,0.03102,0.03174
0.02653,0.01502,0.01663,0.01502,0.01741,0.01607,0.01740,0.02804,0.01751,0.01497,0.09296,0.18851,0.07432,0.18366,0.03516,0.09695,0.01976,0.03280,0.02400,0.06727
0.05895,0.01110,0.00889,0.01087,0.01182,0.01238,0.01180,0.06502,0.01171,0.00980,0.08180,0.04831,0.22525,0.05163,0.19059,0.07419,0.01541,0.02358,0.02340,0.05351
0.07848,0.02568,0.02647,0.02397,0.02504,0.02500,0.02595,0.07594,0.02787,0.02436,0.10513,0.09584,0.05082,0.11044,0.04246,0.09483,0.03013,0.03048,0.03506,0.04604
0.02657,0.01473,0.01320,0.01369,0.01394,0.01803,0.01499,0.02809,0.01641,0.01443,0.16235,0.16122,0.03226,0.18902,0.03078,0.16168,0.01254,0.02132,0.03940,0.01535
0.05624,0.01694,0.01623,0.01574,0.01567,0.01379,0.01601,0.05532,0.01725,0.01567,0.13984,0.07882,0.05758,0.11605,0.04780,0.13757,0.02282,0.04362,0.07872,0.03832
0.01689,0.01273,0.01102,0.01289,0.01406,0.01407,0.01176,0.01760,0.01386,0.01238,0.06411,0.15350,0.08730,0.18708,0.07087,0.05863,0.01806,0.07869,0.11160,0.03290
0.04786,0.01446,0.01615,0.01426,0.01596,0.01770,0.01492,0.04997,0.01712,0.01462,0.09880,0.08963,0.15610,0.04672,0.04257,0.10338,0.02423,0.06476,0.01831,0.13247
0.04782,0.01533,0.01321,0.01428,0.01531,0.01556,0.01272,0.04714,0.01325,0.01182,0.02962,0.07914,0.02701,0.29145,0.03245,0.02970,0.02071,0.01916,0.22590,0.03842
0.11393,0.01255,0.00886,0.01011,0.01111,0.01043,0.01194,0.11411,0.01097,0.00968,0.19198,0.04479,0.06511,0.04264,0.03724,0.18811,0.01428,0.03075,0.02851,0.04291
0.01991,0.01201,0.01466,0.01605,0.01565,0.01317,0.01461,0.02088,0.01647,0.01370,0.13674,0.14746,0.08792,0.16413,0.08253,0.12891,0.01899,0.01927,0.03207,0.02489
0.05644,0.02243,0.02761,0.02082,0.02464,0.02520,0.02115,0.06207,0.02706,0.02786,0.14353,0.06262,0.04401,0.06189,0.04724,0.13875,0.04923,0.04195,0.04305,0.05247
0.10482,0.01987,0.02265,0.01948,0.02267,0.01889,0.02144,0.10082,0.02127,0.01895,0.07215,0.06617,0.11786,0.07218,0.04650,0.07036,0.02332,0.02820,0.02821,0.10417
0.05941,0.01930,0.01802,0.01774,0.02246,0.02014,0.01962,0.05622,0.02243,0.01613,0.14651,0.04846,0.06856,0.09880,0.04976,0.14086,0.02460,0.02619,0.07106,0.05372
0.10564,0.01646,0.01627,0.01564,0.01529,0.01535,0.01654,0.10262,0.01686,0.01550,0.09130,0.13579,0.05834,0.05007,0.04624,0.08473,0.01484,0.11598,0.03030,0.03623
0.02702,0.01054,0.00967,0.01011,0.01211,0.01133,0.01127,0.02675,0.00981,0.01120,0.19604,0.16155,0.02426,0.14711,0.03011,0.19381,0.02234,0.03661,0.02008,0.02826
0.11014,0.02040,0.02167,0.01890,0.02525,0.01868,0.02406,0.10608,0.02342,0.02038,0.09522,0.10476,0.05459,0.08061,0.03508,0.08756,0.02132,0.06275,0.02955,0.03957
0.07815,0.01690,0.01545,0.01472,0.01794,0.01483,0.01455,0.08139,0.01868,0.01758,0.18203,0.07060,0.03459,0.07170,0.02911,0.17916,0.02182,0.04788,0.04759,0.02532
0.04324,0.02091,0.02368,0.02262,0.02500,0.02280,0.02205,0.04528,0.02480,0.02275,0.04225,0.16153,0.06378,0.14931,0.02922,0.04441,0.03338,0.07995,0.05431,0.06874
0.02408,0.01345,0.01416,0.01407,0.01547,0.01642,0.01359,0.02498,0.01627,0.01299,0.21704,0.11978,0.03790,0.12928,0.04005,0.21514,0.02005,0.01420,0.02200,0.01908
0.04511,0.01738,0.01968,0.01867,0.02222,0.01857,0.02007,0.04475,0.02040,0.01856,0.05022,0.22115,0.03582,0.10471,0.03033,0.04975,0.01965,0.16687,0.05202,0.02408
0.03579,0.01278,0.01543,0.01437,0.01506,0.01410,0.01330,0.03523,0.01653,0.01313,0.07095,0.15110,0.06231,0.13254,0.05511,0.06919,0.02035,0.12169,0.10191,0.02912
0.05430,0.01660,0.01820,0.01707,0.01855,0.01890,0.01778,0.05478,0.01626,0.01843,0.09905,0.13708,0.06916,0.07521,0.06007,0.09488,0.02308,0.11063,0.04941,0.03054
0.07373,0.01258,0.00968,0.01151,0.01155,0.01087,0.01390,0.07454,0.01089,0.00955,0.16462,0.06215,0.12483,0.05182,0.11658,0.16017,0.01635,0.02795,0.01583,0.02088
0.08905,0.00991,0.00937,0.00848,0.01150,0.00924,0.00953,0.08772,0.01054,0.00905,0.03410,0.26343,0.03275,0.26784,0.02683,0.03208,0.01448,0.02166,0.02215,0.03029
0.03414,0.01268,0.01302,0.01267,0.01523,0.01483,0.01377,0.03486,0.01672,0.01517,0.10962,0.14637,0.06282,0.16175,0.06764,0.10715,0.02861,0.04463,0.05134,0.03697
0.02758,0.01952,0.01911,0.01589,0.01568,0.02041,0.01588,0.02560,0.01701,0.01731,0.08061,0.21039,0.05203,0.18695,0.03492,0.07974,0.02663,0.06263,0.03069,0.04142
0.02626,0.02642,0.02689,0.02567,0.02884,0.02669,0.02524,0.02885,0.02496,0.02597,0.03328,0.04970,0.13163,0.12978,0.13714,0.03074,0.02661,0.04098,0.11567,0.03868
0.03550,0.02433,0.02528,0.02294,0.02532,0.02560,0.02894,0.03150,0.03436,0.02478,0.02755,0.12521,0.02269,0.12496,0.11658,0.02670,0.06926,0.04615,0.05938,0.10296
0.02639,0.01658,0.01261,0.01431,0.01532,0.01370,0.01717,0.02566,0.01838,0.01701,0.09370,0.06600,0.09249,0.05200,0.14136,0.08644,0.06277,0.05911,0.05266,0.11635
0.07133,0.01773,0.02079,0.01805,0.02164,0.01752,0.02037,0.06853,0.02027,0.01732,0.05124,0.11397,0.07379,0.10091,0.08721,0.04594,0.04927,0.04592,0.03846,0.09975
0.04650,0.03045,0.02554,0.02858,0.02925,0.03180,0.03618,0.04554,0.03071,0.02812,0.05457,0.09600,0.10822,0.08647,0.06806,0.05654,0.03317,0.04562,0.03952,0.07918
0.04162,0.02772,0.02358,0.02128,0.02210,0.02431,0.02002,0.04239,0.02167,0.01936,0.03851,0.09828,0.02855,0.23854,0.02891,0.03860,0.02626,0.04358,0.16664,0.02807
0.07107,0.01398,0.01443,0.01320,0.01648,0.01453,0.01512,0.06558,0.01901,0.01554,0.04483,0.09278,0.04522,0.17933,0.09476,0.03983,0.04356,0.02534,0.11359,0.06183
0.06229,0.01172,0.01209,0.01018,0.01323,0.01303,0.01132,0.05775,0.01381,0.01047,0.17036,0.07916,0.10584,0.07855,0.10756,0.16748,0.01285,0.02579,0.01920,0.01731
0.02539,0.02932,0.04592,0.03539,0.02821,0.02631,0.03278,0.02609,0.02965,0.03193,0.03960,0.07581,0.12098,0.06564,0.03209,0.04022,0.05678,0.06034,0.06487,0.13266
0.07501,0.02000,0.02177,0.01964,0.02156,0.02020,0.01995,0.06902,0.02571,0.02188,0.08025,0.11675,0.07767,0.08587,0.07730,0.07802,0.01998,0.08360,0.04204,0.02380
0.04769,0.01475,0.01501,0.01435,0.01662,0.01648,0.01423,0.04886,0.01628,0.01226,0.04313,0.18232,0.02933,0.29036,0.02437,0.04307,0.01315,0.02395,0.11539,0.01839
0.02554,0.01444,0.01292,0.01186,0.01309,0.01278,0.01353,0.02339,0.01377,0.01560,0.22001,0.13822,0.03710,0.12678,0.03135,0.21271,0.01248,0.02812,0.01435,0.02198
0.02718,0.01755,0.02538,0.01748,0.02073,0.02056,0.01914,0.02890,0.02149,0.01875,0.12498,0.08142,0.04170,0.17382,0.03056,0.12562,0.02079,0.03044,0.11193,0.04160
0.02847,0.02030,0.02006,0.01799,0.02180,0.01986,0.01955,0.02770,0.01717,0.02082,0.05039,0.08004,0.12710,0.17443,0.11730,0.04888,0.02138,0.02151,0.11249,0.03275
0.12280,0.03276,0.03646,0.03139,0.03194,0.03221,0.03684,0.11382,0.03303,0.02916,0.03130,0.09140,0.03353,0.10922,0.02997,0.02948,0.03480,0.03978,0.05351,0.04662
0.11351,0.01675,0.01759,0.01750,0.02322,0.01729,0.01874,0.10589,0.01917,0.01909,0.05518,0.12250,0.07189,0.10105,0.08426,0.05289,0.03172,0.04615,0.02844,0.03717
0.18592,0.02082,0.01999,0.01960,0.02181,0.02633,0.02978,0.18623,0.02202,0.02629,0.06656,0.04822,0.03191,0.05111,0.04382,0.06295,0.04020,0.02292,0.03092,0.04262
0.04324,0.01248,0.01226,0.01254,0.01360,0.01253,0.01192,0.04286,0.01281,0.01224,0.15137,0.13015,0.03002,0.18046,0.02561,0.14784,0.01303,0.03636,0.08022,0.01847
0.02213,0.01124,0.01335,0.01200,0.01580,0.01466,0.01199,0.02236,0.01406,0.01320,0.22929,0.10861,0.03069,0.08340,0.01753,0.23049,0.01487,0.06789,0.03748,0.02896
0.04083,0.02022,0.01898,0.01898,0.02312,0.01839,0.02201,0.04260,0.01874,0.02045,0.06073,0.19808,0.01729,0.26778,0.01884,0.05433,0.01864,0.02541,0.07901,0.01556
0.02311,0.01119,0.01108,0.01051,0.01146,0.01123,0.01044,0.02149,0.01081,0.01137,0.24704,0.07452,0.03786,0.06527,0.06196,0.24132,0.03271,0.02522,0.01989,0.06152
0.03463,0.02943,0.08066,0.04120,0.04475,0.05044,0.05344,0.04212,0.04602,0.06287,0.04032,0.09105,0.04792,0.10556,0.05367,0.03625,0.04025,0.02160,0.03694,0.04089
0.02924,0.00777,0.00874,0.00774,0.01003,0.01002,0.01006,0.02693,0.00952,0.00742,0.12785,0.16626,0.09354,0.03745,0.08674,0.12264,0.01480,0.16710,0.03000,0.02618
0.05171,0.02254,0.02442,0.02554,0.02434,0.02204,0.02072,0.05009,0.02326,0.02166,0.17747,0.08724,0.05164,0.08175,0.03540,0.17459,0.01845,0.02654,0.02213,0.03848
0.04777,0.02280,0.01882,0.01734,0.02240,0.02012,0.01933,0.04613,0.02373,0.01815,0.09463,0.08751,0.02871,0.18943,0.03654,0.09164,0.02209,0.03315,0.12586,0.03385
0.03347,0.01367,0.01416,0.01654,0.01665,0.01588,0.01271,0.03213,0.01301,0.01438,0.03708,0.18964,0.03791,0.18899,0.11460,0.03625,0.05563,0.02176,0.03798,0.09757
0.02621,0.01993,0.01790,0.02287,0.02107,0.02385,0.02287,0.02591,0.01748,0.01904,0.04589,0.15953,0.07543,0.09489,0.05607,0.04468,0.02990,0.14485,0.08328,0.04835
0.06250,0.01802,0.01626,0.01575,0.01731,0.01731,0.01726,0.06379,0.01649,0.01777,0.11167,0.05320,0.02664,0.18316,0.02662,0.10924,0.02130,0.02388,0.15116,0.03065
0.02534,0.02107,0.02118,0.01991,0.02670,0.01993,0.01799,0.02500,0.02189,0.02278,0.13109,0.04877,0.10999,0.09137,0.03870,0.13214,0.03609,0.02460,0.06681,0.09864
0.02964,0.02168,0.01871,0.02068,0.02114,0.01970,0.02019,0.03001,0.02050,0.01730,0.15345,0.13343,0.04339,0.11037,0.03941,0.15452,0.02276,0.06139,0.02979,0.03193
0.03178,0.01770,0.02037,0.01827,0.02281,0.02113,0.02222,0.03274,0.02129,0.01729,0.04543,0.09999,0.06491,0.14251,0.07623,0.04403,0.03694,0.08784,0.12970,0.04682
0.09777,0.01505,0.01592,0.01307,0.01943,0.01713,0.01548,0.09062,0.01834,0.01480,0.08838,0.15365,0.05903,0.15969,0.03119,0.08129,0.01605,0.02590,0.02612,0.04109
0.04272,0.02360,0.02692,0.02266,0.03201,0.02663,0.03005,0.04039,0.03185,0.02661,0.15288,0.11941,0.03236,0.12345,0.01553,0.14991,0.01549,0.03186,0.03175,0.02393
0.02171,0.01213,0.01086,0.01262,0.01288,0.01193,0.01021,0.02659,0.01217,0.01284,0.07752,0.09888,0.01854,0.31181,0.01485,0.07654,0.01164,0.01419,0.21620,0.01589
0.11138,0.01900,0.02153,0.01920,0.02236,0.02055,0.02134,0.11005,0.02317,0.02170,0.09558,0.13632,0.01991,0.04813,0.01823,0.09368,0.02122,0.12307,0.03194,0.02164
0.06269,0.02438,0.02634,0.02531,0.02687,0.02815,0.02685,0.06021,0.02567,0.02275,0.09622,0.12884,0.03837,0.10620,0.03689,0.08998,0.03274,0.06324,0.03474,0.04357
0.03673,0.02416,0.02413,0.02337,0.02620,0.02640,0.02279,0.03836,0.02378,0.02179,0.05283,0.05017,0.16761,0.07875,0.05244,0.04954,0.03378,0.03242,0.06101,0.15372
0.11282,0.01755,0.01540,0.01602,0.02178,0.01782,0.02058,0.10907,0.02109,0.01762,0.10695,0.11640,0.03700,0.08448,0.02605,0.10296,0.01375,0.07700,0.03897,0.02668
0.03858,0.02601,0.02466,0.02422,0.02674,0.02577,0.02736,0.04248,0.03038,0.02317,0.12256,0.10128,0.04447,0.11269,0.03921,0.11803,0.03136,0.04443,0.04948,0.04711
0.05890,0.01034,0.00998,0.00971,0.01246,0.01223,0.01107,0.06330,0.01105,0.01116,0.21518,0.07286,0.07599,0.04676,0.07317,0.20427,0.01482,0.04475,0.01833,0.02365
0.04423,0.01752,0.01578,0.01471,0.01693,0.01607,0.01701,0.04029,0.01953,0.01524,0.08205,0.21708,0.03461,0.22435,0.03756,0.08167,0.01665,0.03635,0.03260,0.01976
0.04551,0.01827,0.02234,0.02085,0.02160,0.02116,0.02180,0.03974,0.02522,0.02277,0.19174,0.04723,0.03209,0.09819,0.03775,0.18733,0.01673,0.03373,0.07656,0.01939
0.02039,0.01269,0.01179,0.01239,0.01272,0.01254,0.01183,0.02009,0.01675,0.01241,0.05633,0.08638,0.07354,0.25153,0.07480,0.05467,0.01555,0.03215,0.18754,0.02391
0.05170,0.02543,0.02147,0.01889,0.02396,0.02257,0.01793,0.05644,0.02286,0.02053,0.05067,0.11750,0.09288,0.14471,0.09518,0.05080,0.01420,0.05783,0.07883,0.01561
0.04497,0.02133,0.02363,0.02225,0.02147,0.02326,0.02138,0.04331,0.02273,0.02137,0.06854,0.05455,0.11104,0.05557,0.16068,0.06538,0.05619,0.03677,0.04971,0.07588
0.03693,0.01939,0.02022,0.01750,0.02326,0.01992,0.01768,0.03574,0.02321,0.01901,0.07799,0.18774,0.05441,0.18150,0.05725,0.07461,0.02753,0.03531,0.02286,0.04795
0.03423,0.01786,0.01708,0.01653,0.01928,0.01990,0.01978,0.03912,0.01790,0.01870,0.05542,0.19922,0.08051,0.18848,0.06039,0.05583,0.02436,0.03794,0.02638,0.05111
0.03358,0.01510,0.01658,0.01682,0.01571,0.01684,0.01599,0.03560,0.01825,0.01696,0.05277,0.22406,0.06341,0.21874,0.07262,0.04885,0.02439,0.03019,0.02816,0.03540
0.03062,0.02247,0.02270,0.02326,0.02418,0.02281,0.02351,0.03073,0.02412,0.02085,0.09036,0.15543,0.08353,0.13092,0.06882,0.08398,0.02472,0.04997,0.02414,0.04288
0.08823,0.01739,0.01780,0.01739,0.02201,0.01809,0.01780,0.08917,0.02128,0.01860,0.07307,0.10663,0.06004,0.12820,0.02773,0.07738,0.02557,0.04912,0.06886,0.05565
0.11704,0.01141,0.00992,0.00986,0.01239,0.01253,0.01089,0.11767,0.01244,0.00953,0.14155,0.10777,0.03629,0.08877,0.02990,0.14219,0.01342,0.05882,0.03788,0.01974
0.03839,0.01570,0.01556,0.01508,0.01748,0.01619,0.01623,0.03373,0.01589,0.01749,0.04341,0.17274,0.11952,0.15474,0.07702,0.03917,0.03734,0.04664,0.02918,0.07849
0.02761,0.01407,0.01186,0.01273,0.01343,0.01240,0.01421,0.02564,0.01508,0.01219,0.18224,0.15028,0.05088,0.13886,0.03208,0.17610,0.01765,0.03207,0.01696,0.04364
0.02527,0.01386,0.01479,0.01488,0.01475,0.01439,0.01629,0.02581,0.01418,0.01242,0.17886,0.07211,0.08911,0.07853,0.03391,0.17323,0.02202,0.05516,0.05898,0.07145
0.04112,0.02263,0.01939,0.02405,0.02338,0.02271,0.02377,0.03668,0.02239,0.02188,0.03829,0.12733,0.10239,0.14904,0.08520,0.03735,0.02749,0.05453,0.06944,0.05095
0.11955,0.01662,0.02086,0.01621,0.01804,0.01872,0.01912,0.11637,0.01573,0.01616,0.10520,0.08429,0.01935,0.13612,0.02946,0.10186,0.02753,0.02190,0.06696,0.02995
0.09417,0.02328,0.02469,0.02536,0.02791,0.02359,0.02560,0.09647,0.02597,0.02126,0.06921,0.05721,0.06097,0.08464,0.07496,0.06650,0.03940,0.03293,0.06451,0.06135
0.02845,0.01635,0.01796,0.01642,0.02040,0.02052,0.01844,0.02691,0.02227,0.01859,0.06319,0.10888,0.07893,0.17030,0.03323,0.06839,0.02262,0.05751,0.11628,0.07436
0.02159,0.01415,0.01181,0.01523,0.01611,0.01644,0.01443,0.02338,0.01546,0.01461,0.02681,0.18602,0.08986,0.19662,0.08687,0.02739,0.02923,0.07417,0.08493,0.03488
0.02693,0.01020,0.01266,0.00851,0.01213,0.01046,0.00999,0.02708,0.01291,0.01007,0.11890,0.06780,0.16448,0.08368,0.10748,0.11192,0.01672,0.04361,0.05757,0.08689
0.04584,0.02170,0.02080,0.01988,0.02228,0.01781,0.02350,0.04493,0.02124,0.02063,0.09855,0.16952,0.04495,0.15906,0.02740,0.09523,0.01879,0.04612,0.03115,0.05062
0.05376,0.00978,0.01056,0.00986,0.01151,0.00957,0.00958,0.05379,0.01103,0.00856,0.05106,0.17921,0.12090,0.07153,0.03862,0.04713,0.03258,0.12691,0.01966,0.12440
0.06009,0.01827,0.02341,0.01762,0.02001,0.01942,0.01716,0.05954,0.01960,0.02121,0.11512,0.10117,0.03644,0.11076,0.07982,0.11475,0.04026,0.01981,0.03552,0.07001
0.02925,0.01535,0.01328,0.01271,0.01871,0.01478,0.01782,0.02537,0.01648,0.01267,0.06160,0.08330,0.05068,0.25673,0.04351,0.05804,0.01626,0.03258,0.19748,0.02339
0.04747,0.02760,0.02640,0.02732,0.02601,0.02745,0.02722,0.04465,0.02752,0.02554,0.03298,0.13190,0.05015,0.10565,0.06267,0.03310,0.04468,0.09819,0.06815,0.06534
0.02865,0.01743,0.01800,0.01556,0.02031,0.01875,0.01801,0.02825,0.01999,0.02116,0.07871,0.21563,0.06069,0.21800,0.05458,0.08119,0.01346,0.02756,0.02296,0.02110
0.04487,0.02447,0.02016,0.02876,0.02638,0.02525,0.02625,0.04249,0.02383,0.02186,0.14592,0.09949,0.06172,0.05314,0.05570,0.13834,0.01924,0.08694,0.02994,0.02527
0.04913,0.01723,0.01709,0.01578,0.01885,0.01574,0.01704,0.04823,0.01728,0.01630,0.14668,0.13842,0.05118,0.10519,0.04224,0.13751,0.01839,0.06318,0.02587,0.03867
0.02209,0.01214,0.01077,0.01072,0.01181,0.01027,0.01137,0.02337,0.01168,0.01005,0.12770,0.07315,0.02346,0.26103,0.02164,0.12106,0.01629,0.01469,0.19354,0.01316
0.05309,0.02319,0.02389,0.02421,0.02490,0.02268,0.02519,0.05062,0.02578,0.02153,0.04236,0.12987,0.06511,0.12618,0.05691,0.04059,0.03739,0.07374,0.06460,0.06817
0.04972,0.01481,0.01792,0.01492,0.01904,0.01578,0.01908,0.04996,0.01641,0.01620,0.23995,0.05058,0.06132,0.03272,0.05034,0.23613,0.01464,0.03328,0.01583,0.03138
0.08792,0.02093,0.03381,0.02123,0.02732,0.02647,0.03125,0.09466,0.03217,0.03075,0.06202,0.08836,0.04569,0.15457,0.02940,0.06511,0.01917,0.01786,0.07940,0.03189
0.06487,0.01437,0.01754,0.01749,0.01770,0.01504,0.01762,0.06785,0.01874,0.01771,0.20068,0.08452,0.04252,0.04837,0.04256,0.19179,0.01545,0.05829,0.02107,0.02581
0.04070,0.02452,0.02129,0.02298,0.02552,0.02243,0.02226,0.03751,0.02129,0.02032,0.05769,0.12256,0.09357,0.10283,0.07474,0.05994,0.02614,0.09051,0.06642,0.04677
0.03592,0.01141,0.01379,0.01204,0.01592,0.01317,0.01556,0.03793,0.01472,0.01646,0.18630,0.09025,0.09774,0.09076,0.09167,0.18174,0.02179,0.01516,0.01493,0.02273
0.02447,0.01206,0.01498,0.01330,0.01525,0.01301,0.01230,0.02357,0.01463,0.01270,0.26597,0.05251,0.07616,0.03944,0.07265,0.25604,0.01102,0.03296,0.02019,0.01679
0.08618,0.01650,0.02063,0.01474,0.02007,0.01640,0.01711,0.08405,0.01890,0.01672,0.16685,0.11596,0.02492,0.05484,0.02665,0.15852,0.01443,0.08794,0.02159,0.01699
0.03194,0.01408,0.01359,0.01404,0.01533,0.01348,0.01503,0.03192,0.01486,0.01227,0.12117,0.14394,0.05450,0.09573,0.04359,0.11273,0.02408,0.12008,0.06402,0.04362
0.05981,0.02267,0.02137,0.02057,0.02359,0.02807,0.02377,0.05949,0.02836,0.02068,0.08803,0.09069,0.04470,0.11721,0.04777,0.08739,0.03227,0.05872,0.08170,0.04311
0.08279,0.01685,0.01371,0.01540,0.01404,0.01545,0.01613,0.08776,0.01617,0.01554,0.05543,0.10676,0.04917,0.18592,0.02458,0.05749,0.01975,0.04970,0.12005,0.03729
0.03000,0.01159,0.01392,0.01205,0.01275,0.01256,0.01291,0.02720,0.01479,0.01187,0.09075,0.03632,0.20730,0.03334,0.23952,0.08573,0.03499,0.02114,0.02742,0.06383
0.04117,0.01650,0.01608,0.01632,0.01698,0.01433,0.01727,0.04131,0.01601,0.01388,0.08884,0.17842,0.03450,0.20149,0.03116,0.08515,0.03014,0.03941,0.05533,0.04573
0.07262,0.01855,0.01920,0.01992,0.02484,0.02242,0.02180,0.07192,0.02682,0.02188,0.05427,0.17341,0.04768,0.16211,0.02966,0.05074,0.02264,0.05787,0.04649,0.03516
0.01263,0.01094,0.01152,0.00921,0.01211,0.01085,0.01031,0.01394,0.00894,0.01002,0.13917,0.23929,0.01462,0.25228,0.01710,0.13671,0.02838,0.02173,0.02282,0.01743
0.04396,0.03059,0.02570,0.02392,0.02513,0.02863,0.02395,0.04326,0.02262,0.02680,0.07288,0.08656,0.13920,0.09864,0.09247,0.07336,0.02038,0.02304,0.03348,0.06545
0.04196,0.03421,0.05320,0.04023,0.03781,0.03739,0.04602,0.03879,0.04147,0.04101,0.03758,0.07236,0.03409,0.06957,0.05913,0.03773,0.08150,0.05598,0.06422,0.07573
0.03518,0.01627,0.01559,0.01362,0.01647,0.01815,0.01682,0.03650,0.01575,0.01295,0.17802,0.10091,0.03949,0.13033,0.02170,0.17374,0.01776,0.04148,0.06600,0.03329
0.03372,0.01286,0.01097,0.01165,0.01314,0.01248,0.01145,0.03165,0.01225,0.01153,0.23927,0.10923,0.02681,0.07289,0.02677,0.23550,0.02170,0.05809,0.02010,0.02793
0.02622,0.01788,0.01491,0.01731,0.01913,0.01659,0.01560,0.02440,0.01778,0.01624,0.05562,0.22837,0.05420,0.20039,0.03334,0.05811,0.02417,0.07126,0.04107,0.04743
0.03728,0.01516,0.01457,0.01668,0.01714,0.01623,0.01519,0.03226,0.01700,0.01421,0.08158,0.12576,0.11064,0.15349,0.05723,0.08566,0.02637,0.02672,0.04610,0.09073
0.29643,0.01026,0.01217,0.01025,0.01202,0.00903,0.00862,0.29246,0.01152,0.01127,0.02542,0.05993,0.03774,0.04914,0.03015,0.02375,0.01566,0.03340,0.01672,0.03405
0.02728,0.01637,0.02025,0.01644,0.02308,0.01921,0.02039,0.03028,0.01694,0.01817,0.08132,0.19314,0.05825,0.18796,0.04051,0.08070,0.02624,0.04235,0.02982,0.05130
0.04353,0.01773,0.01928,0.01639,0.02153,0.01644,0.01675,0.04594,0.02191,0.01946,0.06302,0.19895,0.03996,0.17458,0.04869,0.06067,0.02729,0.06853,0.04147,0.03789
0.05991,0.02968,0.03071,0.02891,0.03237,0.03101,0.02817,0.05599,0.02958,0.02661,0.06346,0.12866,0.04763,0.15234,0.04571,0.06279,0.02561,0.03991,0.05545,0.02549
0.04822,0.01469,0.01517,0.01374,0.01633,0.01625,0.01530,0.04991,0.01486,0.01174,0.21699,0.09275,0.03623,0.09971,0.02583,0.21448,0.01579,0.02402,0.02799,0.03001
0.05997,0.03541,0.02434,0.02489,0.02928,0.04186,0.03189,0.06634,0.03385,0.03398,0.02087,0.10383,0.02821,0.17205,0.04405,0.02192,0.05137,0.03562,0.09999,0.04029
0.03310,0.01308,0.01423,0.01365,0.01359,0.01553,0.01522,0.03581,0.01579,0.01597,0.03794,0.18243,0.15275,0.10817,0.03178,0.03887,0.02066,0.09349,0.01781,0.13013
0.04949,0.01491,0.01645,0.01524,0.02018,0.01704,0.01793,0.04689,0.01899,0.01511,0.09309,0.11212,0.10251,0.06339,0.10657,0.08924,0.03056,0.08752,0.04709,0.03568
0.09493,0.01910,0.02199,0.02276,0.02648,0.02363,0.02475,0.08840,0.02549,0.02275,0.12030,0.04524,0.10323,0.03863,0.02765,0.11614,0.02098,0.03838,0.02894,0.09025
0.03939,0.02488,0.02560,0.02460,0.02472,0.02315,0.02278,0.04382,0.02243,0.02428,0.03817,0.13728,0.08484,0.15170,0.10134,0.03650,0.04233,0.02278,0.04094,0.06847
0.03274,0.00939,0.00965,0.00967,0.01215,0.01150,0.01080,0.02878,0.01096,0.01066,0.12088,0.12690,0.08066,0.20025,0.07292,0.11605,0.00992,0.01881,0.09197,0.01535
0.08890,0.02078,0.01981,0.01952,0.02141,0.02235,0.01808,0.08717,0.02096,0.01949,0.13668,0.10671,0.05390,0.09889,0.03645,0.13180,0.01518,0.02856,0.01907,0.03429
0.04873,0.01846,0.01586,0.01801,0.01877,0.01739,0.01622,0.04345,0.01817,0.01812,0.11548,0.13893,0.03260,0.12242,0.02621,0.11598,0.01910,0.09616,0.07471,0.02521
0.03938,0.02266,0.02288,0.02569,0.02771,0.02347,0.02457,0.03753,0.03012,0.02629,0.05770,0.08331,0.10307,0.10916,0.09306,0.05482,0.03620,0.04302,0.06841,0.07094
0.02812,0.01391,0.01570,0.01405,0.01854,0.01798,0.01456,0.02859,0.01772,0.01467,0.03067,0.12350,0.10598,0.16019,0.05726,0.03054,0.04249,0.05519,0.08971,0.12063
0.04671,0.01383,0.01189,0.01378,0.01621,0.01337,0.01476,0.04873,0.01459,0.01194,0.17674,0.07728,0.05556,0.10977,0.05010,0.17038,0.01940,0.03931,0.06837,0.02727
0.06514,0.02262,0.01833,0.01945,0.02327,0.02125,0.02108,0.07105,0.01874,0.01609,0.06209,0.06225,0.15667,0.06999,0.14938,0.05938,0.04023,0.02570,0.03085,0.04642
0.06078,0.01258,0.01092,0.01047,0.01176,0.01201,0.01161,0.05697,0.01411,0.01250,0.18543,0.09417,0.07880,0.09007,0.07026,0.17194,0.01350,0.02994,0.02513,0.02704
0.03723,0.01724,0.01756,0.01728,0.01833,0.01960,0.01657,0.03729,0.01783,0.01712,0.08144,0.10846,0.03044,0.24978,0.02695,0.07887,0.01624,0.02262,0.15277,0.01636
0.07297,0.02085,0.01874,0.01689,0.01974,0.01881,0.01918,0.07501,0.02053,0.01780,0.05113,0.08676,0.14449,0.04763,0.12452,0.05243,0.02508,0.07435,0.03573,0.05735
0.10698,0.02800,0.02222,0.02562,0.02923,0.02478,0.02474,0.09574,0.02658,0.02319,0.13130,0.05643,0.05925,0.05503,0.04811,0.12480,0.02429,0.02639,0.02457,0.04274
0.03052,0.01625,0.01632,0.01479,0.01755,0.01789,0.01523,0.02989,0.01769,0.01392,0.07116,0.21459,0.06755,0.15374,0.03150,0.07379,0.02031,0.09200,0.02478,0.06054
0.08006,0.02346,0.02101,0.02225,0.02356,0.02465,0.02327,0.07942,0.02277,0.02362,0.04525,0.15549,0.03198,0.13642,0.02879,0.04542,0.02088,0.09856,0.07305,0.02011
0.02760,0.02061,0.01851,0.01651,0.01712,0.02005,0.02294,0.02912,0.02208,0.02029,0.19459,0.09719,0.03374,0.10631,0.03221,0.19108,0.02621,0.03465,0.04257,0.02661
0.04352,0.02157,0.02656,0.02174,0.02350,0.02305,0.02515,0.04205,0.02445,0.02136,0.06611,0.03919,0.05492,0.18227,0.04670,0.06448,0.02953,0.02325,0.17014,0.05045
0.05016,0.01778,0.02091,0.02145,0.01993,0.01966,0.02369,0.04275,0.02273,0.02407,0.14438,0.04065,0.14498,0.03816,0.04163,0.14176,0.02463,0.02313,0.02012,0.11743
0.06633,0.01664,0.01536,0.01594,0.01711,0.01760,0.01789,0.06726,0.01587,0.01618,0.09923,0.06935,0.15065,0.06090,0.14343,0.09515,0.02020,0.03260,0.02152,0.04077
0.02402,0.01571,0.01577,0.01553,0.02021,0.01536,0.01980,0.02407,0.01780,0.01697,0.07913,0.09579,0.14601,0.05309,0.04073,0.08027,0.03167,0.09540,0.04943,0.14323
0.03374,0.01620,0.01485,0.01558,0.01719,0.01821,0.01630,0.03252,0.01871,0.01562,0.06742,0.21839,0.06399,0.18638,0.05772,0.06805,0.01965,0.06106,0.03081,0.02762
0.06813,0.01837,0.02006,0.02052,0.02319,0.02173,0.01960,0.06498,0.01977,0.01696,0.03388,0.13753,0.12584,0.13678,0.12210,0.03339,0.02195,0.04118,0.03468,0.01935
0.07188,0.01361,0.01568,0.01268,0.01461,0.01424,0.01686,0.07173,0.01377,0.01367,0.12930,0.15644,0.03529,0.05041,0.02467,0.12956,0.01618,0.13972,0.03103,0.02870
0.03259,0.01720,0.01417,0.01365,0.01690,0.01734,0.01621,0.03044,0.01674,0.01434,0.08608,0.07134,0.12250,0.12225,0.04744,0.08623,0.02702,0.04591,0.10035,0.10130
0.02979,0.01892,0.02355,0.01832,0.02006,0.01932,0.02120,0.02755,0.02355,0.01820,0.07381,0.17627,0.10310,0.16996,0.09578,0.07408,0.01551,0.02769,0.02204,0.02130
0.05332,0.01523,0.01680,0.01408,0.01538,0.01530,0.01557,0.05119,0.01715,0.01327,0.11356,0.15795,0.02410,0.17404,0.02229,0.10838,0.02022,0.05725,0.06776,0.02716
0.05584,0.01804,0.01840,0.01832,0.02002,0.01606,0.02111,0.05382,0.01936,0.01648,0.08934,0.12040,0.08598,0.08322,0.05348,0.08384,0.03002,0.09086,0.04874,0.05667
0.03062,0.02226,0.02053,0.02065,0.02226,0.02334,0.02272,0.03202,0.02215,0.01813,0.10878,0.08410,0.09104,0.13026,0.08950,0.10418,0.01983,0.03645,0.07901,0.02218
0.05726,0.02050,0.02137,0.01707,0.02167,0.02092,0.02178,0.05733,0.02169,0.01940,0.11035,0.13725,0.05283,0.09952,0.03460,0.10255,0.02463,0.07494,0.03164,0.05271
0.13558,0.01607,0.01313,0.01349,0.01560,0.01429,0.01360,0.13621,0.01853,0.01253,0.03492,0.19600,0.03678,0.05532,0.02348,0.03542,0.01330,0.16760,0.02283,0.02534
0.04411,0.01648,0.01917,0.01730,0.01819,0.01796,0.01863,0.04297,0.01554,0.01565,0.05711,0.10292,0.17422,0.10771,0.05855,0.05482,0.02679,0.02169,0.02549,0.14469
0.05194,0.01895,0.01854,0.01808,0.02146,0.02018,0.02068,0.05465,0.02233,0.01857,0.06218,0.21553,0.03212,0.19950,0.03190,0.06045,0.01751,0.05706,0.03775,0.02062
0.03581,0.02943,0.06673,0.03073,0.03346,0.03848,0.04726,0.04239,0.04357,0.04296,0.04245,0.12163,0.02804,0.15879,0.03333,0.04298,0.03187,0.02957,0.05994,0.04059
0.02714,0.01438,0.01557,0.01381,0.01546,0.01565,0.01450,0.02815,0.01397,0.01266,0.06765,0.13990,0.16540,0.04530,0.12324,0.07228,0.01890,0.11058,0.01803,0.06744
0.03724,0.01509,0.01764,0.01431,0.01718,0.01528,0.01856,0.03450,0.02153,0.01761,0.11404,0.21269,0.03248,0.06467,0.02203,0.11104,0.01717,0.16957,0.01372,0.03367
0.06514,0.01382,0.01457,0.01398,0.01879,0.01755,0.01345,0.06690,0.01553,0.01347,0.09588,0.05705,0.10133,0.14697,0.09281,0.09191,0.01249,0.01837,0.11248,0.01748
0.04389,0.01222,0.01267,0.01130,0.01175,0.01245,0.01183,0.04052,0.01294,0.01013,0.25869,0.07275,0.03560,0.06078,0.03477,0.25873,0.01563,0.03528,0.02237,0.02572
0.03038,0.01541,0.01637,0.01716,0.01776,0.02039,0.01711,0.03242,0.01714,0.01470,0.06266,0.24994,0.03604,0.24186,0.02134,0.06211,0.01997,0.04159,0.03149,0.03417
0.03392,0.01701,0.01954,0.01773,0.02166,0.01864,0.01625,0.03847,0.02136,0.01851,0.05685,0.20110,0.05471,0.17383,0.04030,0.06022,0.01884,0.08520,0.04990,0.03596
0.03800,0.02016,0.01853,0.01973,0.01853,0.01707,0.01883,0.04033,0.01896,0.01817,0.09945,0.14883,0.06583,0.17134,0.06887,0.09800,0.02241,0.02464,0.04570,0.02662
0.01860,0.01215,0.01289,0.01163,0.01337,0.01174,0.01241,0.01999,0.01353,0.01157,0.07215,0.19763,0.12486,0.20109,0.12434,0.06730,0.01175,0.02646,0.02283,0.01371
0.05998,0.02053,0.02336,0.01759,0.02258,0.02205,0.02097,0.05731,0.02622,0.02010,0.07307,0.16523,0.05458,0.14572,0.04501,0.07245,0.02233,0.06074,0.03594,0.03422
0.06171,0.02026,0.01837,0.01788,0.02154,0.02280,0.01873,0.06250,0.02016,0.01807,0.04625,0.05177,0.22392,0.06167,0.21344,0.04299,0.01438,0.01331,0.01986,0.03039
0.02631,0.01312,0.01422,0.01342,0.01539,0.01335,0.01458,0.02384,0.01286,0.01294,0.05904,0.16549,0.04897,0.27037,0.04689,0.05604,0.01667,0.02657,0.12661,0.02335
0.03452,0.03041,0.04277,0.03019,0.03940,0.03458,0.04386,0.03471,0.04581,0.03467,0.14348,0.07972,0.03789,0.05717,0.02687,0.14542,0.02495,0.04652,0.02462,0.04245
0.06417,0.02950,0.02274,0.02328,0.02453,0.02858,0.02441,0.06257,0.03060,0.02071,0.05811,0.16731,0.04992,0.17964,0.04867,0.05372,0.02413,0.03262,0.03715,0.01765
0.06103,0.01944,0.01562,0.01653,0.01851,0.02123,0.01665,0.06298,0.01541,0.01973,0.09310,0.15984,0.06091,0.16693,0.05815,0.08836,0.01824,0.03036,0.03427,0.02272
0.03452,0.01357,0.01114,0.01275,0.01331,0.01240,0.01394,0.03115,0.01276,0.01315,0.19947,0.08930,0.04653,0.12326,0.04051,0.19824,0.01261,0.03614,0.06906,0.01620
0.06689,0.01932,0.02303,0.01796,0.02284,0.01930,0.02084,0.07289,0.02502,0.01913,0.08237,0.10703,0.07401,0.11307,0.04573,0.08223,0.04092,0.03853,0.04222,0.06668
0.19894,0.01857,0.01832,0.01847,0.02395,0.01987,0.02144,0.19856,0.02425,0.02175,0.04581,0.09255,0.02502,0.10628,0.02639,0.04116,0.01676,0.02652,0.03216,0.02325
0.07444,0.02289,0.02083,0.02302,0.02388,0.02630,0.02288,0.07024,0.02788,0.02676,0.10372,0.12349,0.06403,0.12426,0.03779,0.10114,0.02024,0.01961,0.01684,0.04976
0.04488,0.01442,0.01542,0.01590,0.01998,0.02043,0.01649,0.04793,0.01905,0.01641,0.14037,0.13621,0.04339,0.16855,0.03702,0.13899,0.01975,0.02165,0.04778,0.01537
0.04885,0.02555,0.02350,0.01989,0.02173,0.01938,0.02452,0.05636,0.02610,0.02074,0.03043,0.07198,0.06348,0.09273,0.10531,0.02881,0.06728,0.06065,0.08355,0.10916
0.07160,0.02466,0.02439,0.02185,0.02331,0.02601,0.02625,0.07140,0.02969,0.02283,0.07275,0.17861,0.04311,0.11009,0.02274,0.07079,0.01559,0.08708,0.01959,0.03765
0.03839,0.01811,0.01648,0.01717,0.01929,0.01619,0.01807,0.03730,0.01814,0.01699,0.15819,0.10563,0.06593,0.07938,0.05506,0.15389,0.01757,0.07687,0.04623,0.02512
0.08751,0.01270,0.01176,0.01181,0.01392,0.01195,0.01279,0.08803,0.01298,0.01273,0.09997,0.17315,0.04632,0.18256,0.04659,0.09398,0.01354,0.02422,0.02542,0.01809
0.02785,0.02535,0.02170,0.02090,0.02537,0.02200,0.02127,0.02898,0.02470,0.02400,0.08972,0.10600,0.08125,0.10342,0.07964,0.08514,0.05382,0.02655,0.02670,0.10564
