0.42743,0.22854,0.15037,0.19365
0.25331,0.21702,0.22676,0.30291
0.35337,0.30373,0.14292,0.19998
0.36536,0.30448,0.13156,0.19860
0.17106,0.36126,0.19918,0.26850
0.50221,0.24438,0.10312,0.15029
0.30908,0.25185,0.19378,0.24529
0.26557,0.22718,0.22172,0.28553
0.38785,0.33846,0.11810,0.15558
0.37833,0.44400,0.07167,0.10600
0.51880,0.17956,0.13105,0.17059
0.30635,0.26563,0.19269,0.23534
0.30692,0.25325,0.18139,0.25844
0.32379,0.27305,0.16952,0.23364
0.35330,0.30373,0.14436,0.19861
0.28584,0.24824,0.20595,0.25997
0.39354,0.28581,0.13638,0.18426
0.36255,0.30623,0.14296,0.18826
0.27019,0.34717,0.16710,0.21554
0.38531,0.11317,0.23365,0.26787
0.29496,0.45870,0.10635,0.13999
0.34701,0.29454,0.15657,0.20188
0.26441,0.43050,0.12539,0.17970
0.51431,0.18535,0.12947,0.17087
0.36710,0.31633,0.12903,0.18754
0.34883,0.29768,0.15512,0.19837
0.41321,0.20388,0.16351,0.21940
0.24645,0.23046,0.23910,0.28399
0.35490,0.30130,0.14657,0.19723
0.36799,0.32170,0.13463,0.17569
0.28269,0.40716,0.13826,0.17190
0.22342,0.41393,0.14035,0.22229
0.45914,0.21706,0.13642,0.18738
0.21373,0.18852,0.27271,0.32503
0.40471,0.21455,0.16499,0.21575
0.24052,0.51232,0.10089,0.14628
0.43283,0.36019,0.07999,0.12699
0.30242,0.27034,0.18080,0.24644
0.20533,0.17860,0.26992,0.34615
0.32024,0.31159,0.15546,0.21271
0.34043,0.27443,0.16419,0.22095
0.32024,0.27791,0.16877,0.23308
0.31650,0.25948,0.17860,0.24542
0.26872,0.44054,0.11892,0.17182
0.30959,0.26714,0.18108,0.24219
0.47417,0.23224,0.12199,0.17160
0.25579,0.37066,0.15292,0.22063
0.34527,0.29631,0.14568,0.21274
0.27683,0.48319,0.10184,0.13814
0.33600,0.17124,0.21415,0.27862
0.17933,0.27225,0.24682,0.30159
0.27994,0.21502,0.23186,0.27317
0.38656,0.20671,0.17686,0.22987
0.42116,0.29184,0.11457,0.17242
0.41569,0.38508,0.08226,0.11696
0.31041,0.26486,0.18060,0.24413
0.40875,0.33734,0.10762,0.14630
0.36755,0.31545,0.13317,0.18383
0.38447,0.33034,0.11964,0.16554
0.21165,0.50045,0.12481,0.16309
0.38389,0.33309,0.11683,0.16619
0.30591,0.26326,0.19328,0.23755
0.34808,0.27293,0.16113,0.21785
0.53423,0.15188,0.13061,0.18328
0.32680,0.27636,0.16221,0.23463
0.19534,0.16872,0.29936,0.33658
0.47569,0.25638,0.11430,0.15364
0.38364,0.14021,0.20319,0.27297
0.29464,0.25728,0.19580,0.25229
0.31999,0.28581,0.16628,0.22792
0.40767,0.29854,0.12562,0.16818
0.36554,0.37549,0.10943,0.14954
0.26688,0.27451,0.20300,0.25561
0.33608,0.29287,0.15273,0.21832
0.32133,0.28115,0.16448,0.23304
0.22500,0.23853,0.23372,0.30275
0.25480,0.25915,0.21296,0.27309
0.33717,0.40507,0.10465,0.15311
0.43312,0.38260,0.07578,0.10849
0.34579,0.25267,0.17288,0.22866
0.29890,0.25810,0.19175,0.25126
0.34396,0.22095,0.19031,0.24478
0.44086,0.37756,0.06956,0.11202
0.38592,0.26927,0.14783,0.19698
0.23031,0.20060,0.25488,0.31421
0.16635,0.52548,0.13404,0.17412
0.36585,0.30326,0.14809,0.18280
0.30758,0.33048,0.15399,0.20794
0.34919,0.35631,0.12231,0.17219
0.28990,0.31262,0.16661,0.23088
0.32924,0.28738,0.16235,0.22103
0.48653,0.21429,0.12607,0.17311
0.51063,0.23667,0.10809,0.14460
0.35382,0.34094,0.12590,0.17934
0.33953,0.30352,0.15764,0.19931
0.44016,0.37197,0.07566,0.11222
0.38572,0.27381,0.14360,0.19687
0.39930,0.33440,0.11559,0.15070
0.16985,0.14654,0.29770,0.38591
0.24256,0.46494,0.12482,0.16768
0.41125,0.18026,0.18003,0.22846
0.30789,0.28473,0.17062,0.23676
0.55139,0.20793,0.10435,0.13632
0.41426,0.35410,0.09197,0.13966
0.27907,0.39265,0.14086,0.18742
0.24863,0.14123,0.26317,0.34697
0.54885,0.18945,0.11395,0.14776
0.29386,0.30698,0.16814,0.23103
0.56826,0.27218,0.06593,0.09363
0.26100,0.24826,0.21966,0.27108
0.30446,0.26960,0.18130,0.24464
0.19191,0.49427,0.13636,0.17746
0.26856,0.38249,0.14424,0.20471
0.23805,0.48540,0.10906,0.16750
0.35943,0.27017,0.15678,0.21363
0.32074,0.27010,0.17118,0.23798
0.31845,0.26997,0.17477,0.23681
0.36772,0.30960,0.14090,0.18178
0.41400,0.33775,0.10726,0.14099
0.20961,0.35093,0.19665,0.24281
0.36013,0.36919,0.11364,0.15704
0.29490,0.24566,0.19939,0.26005
0.35036,0.29827,0.14476,0.20662
0.44041,0.21540,0.14745,0.19675
0.15286,0.14436,0.31844,0.38434
0.26391,0.28635,0.19987,0.24987
0.43999,0.38478,0.07281,0.10242
0.53964,0.25563,0.08300,0.12173
0.32003,0.26634,0.17787,0.23576
0.46183,0.15411,0.16390,0.22017
0.27648,0.26769,0.19539,0.26044
0.33599,0.27144,0.17688,0.21569
0.37193,0.27024,0.15638,0.20145
0.36274,0.31189,0.13491,0.19046
0.49561,0.18872,0.13510,0.18056
0.56109,0.19820,0.10638,0.13432
0.25930,0.22072,0.23164,0.28834
0.34075,0.26254,0.17517,0.22154
0.35497,0.33130,0.12754,0.18619
0.30027,0.38448,0.13050,0.18474
0.34450,0.43135,0.09344,0.13071
0.27454,0.22732,0.21773,0.28041
0.30798,0.21797,0.20747,0.26658
0.46944,0.19062,0.14475,0.19519
0.21683,0.19200,0.26109,0.33008
0.38547,0.31958,0.12422,0.17073
0.27390,0.22802,0.21276,0.28533
0.25488,0.43248,0.14334,0.16930
0.30547,0.32206,0.15936,0.21310
0.34501,0.30036,0.15770,0.19694
0.34683,0.25342,0.17125,0.22851
0.21031,0.26132,0.22827,0.30009
0.26856,0.24315,0.21411,0.27419
0.38257,0.33750,0.11794,0.16199
0.30413,0.18183,0.22541,0.28863
0.34526,0.29726,0.14749,0.20999
0.41056,0.36929,0.09377,0.12638
0.30100,0.24734,0.19709,0.25458
0.34620,0.29498,0.15197,0.20685
0.37023,0.32731,0.12343,0.17903
0.39381,0.33296,0.11593,0.15730
0.37013,0.32187,0.13293,0.17507
0.33635,0.29843,0.15767,0.20756
0.19411,0.38877,0.17296,0.24417
0.15909,0.52035,0.12573,0.19483
0.31254,0.27620,0.17343,0.23784
0.41471,0.20731,0.16193,0.21605
0.39688,0.33203,0.11316,0.15793
0.36887,0.31279,0.13918,0.17916
0.14426,0.24253,0.26046,0.35275
0.35819,0.31136,0.14212,0.18833
0.25648,0.21877,0.23999,0.28476
0.36121,0.30286,0.14581,0.19012
0.33665,0.28688,0.16804,0.20843
0.24211,0.20520,0.24521,0.30748
0.25469,0.19828,0.24289,0.30413
0.39392,0.28320,0.13693,0.18594
0.45960,0.27949,0.10822,0.15268
0.33811,0.30502,0.15545,0.20142
0.42265,0.32590,0.10782,0.14362
0.35141,0.30743,0.14320,0.19796
0.30870,0.26349,0.19113,0.23668
0.30301,0.26318,0.17884,0.25496
0.34879,0.30140,0.14551,0.20430
0.34746,0.29011,0.15107,0.21137
0.43774,0.13062,0.18770,0.24394
0.35969,0.28864,0.14533,0.20634
0.38124,0.32847,0.12052,0.16976
0.42617,0.36913,0.08309,0.12162
0.44565,0.23281,0.14672,0.17483
0.31556,0.26974,0.18107,0.23362
0.33095,0.27890,0.16864,0.22151
0.44986,0.15519,0.17310,0.22185
0.34562,0.29388,0.15729,0.20322
0.40126,0.24482,0.14697,0.20695
0.49789,0.25039,0.10500,0.14672
0.13838,0.28561,0.25019,0.32581
0.45274,0.25846,0.11927,0.16952
0.29724,0.38117,0.14110,0.18049
0.37992,0.33116,0.11958,0.16934
0.36406,0.13531,0.22882,0.27181
0.27013,0.22247,0.21355,0.29385
0.52449,0.17269,0.12878,0.17404
0.23410,0.20243,0.24795,0.31552
0.35865,0.31203,0.14211,0.18722
0.38912,0.34259,0.11581,0.15248
0.39381,0.33335,0.11620,0.15664
0.42643,0.35997,0.07999,0.13361
0.36297,0.31390,0.13318,0.18996
0.25351,0.21732,0.24052,0.28865
0.36035,0.30754,0.13717,0.19494
0.38129,0.33755,0.11509,0.16607
0.24266,0.21456,0.24090,0.30188
0.25215,0.50587,0.10021,0.14177
0.39203,0.32744,0.12146,0.15907
0.37044,0.30410,0.13650,0.18896
0.36530,0.30405,0.13162,0.19903
0.32374,0.27680,0.16451,0.23495
0.21198,0.27611,0.21957,0.29234
0.19466,0.52078,0.11611,0.16844
0.33665,0.28479,0.16583,0.21273
0.23605,0.25221,0.22176,0.28998
0.33262,0.14886,0.23328,0.28524
0.18762,0.29190,0.22133,0.29914
0.39089,0.33035,0.11462,0.16414
0.26802,0.32194,0.18167,0.22836
0.22031,0.27992,0.21480,0.28497
0.32717,0.27642,0.18291,0.21350
0.39380,0.34626,0.10392,0.15602
0.41424,0.18901,0.16714,0.22961
0.33214,0.34756,0.13770,0.18260
0.42635,0.36094,0.08779,0.12491
0.39798,0.34432,0.10175,0.15595
0.40789,0.27734,0.13473,0.18004
0.28154,0.24509,0.20050,0.27287
0.23826,0.20530,0.24854,0.30790
0.30816,0.26281,0.18399,0.24504
0.44875,0.13888,0.17820,0.23417
0.31511,0.35235,0.14555,0.18698
0.44037,0.25795,0.13250,0.16919
0.34979,0.30407,0.15084,0.19530
0.37682,0.28998,0.13802,0.19518
0.31260,0.26400,0.17510,0.24831
0.38183,0.34377,0.10702,0.16738
0.42064,0.35610,0.09241,0.13085
0.35932,0.31146,0.14622,0.18300
0.38965,0.33544,0.11920,0.15571
0.31268,0.37946,0.14025,0.16761
0.39083,0.39688,0.08997,0.12233
0.46765,0.24604,0.12336,0.16295
0.30996,0.25788,0.19280,0.23936
0.35864,0.31607,0.13783,0.18746
0.36800,0.31575,0.13097,0.18528
0.23129,0.46126,0.13478,0.17267
0.19546,0.60324,0.08234,0.11896
0.30621,0.19485,0.21998,0.27895
0.43880,0.22754,0.14132,0.19234
0.37689,0.24139,0.16398,0.21774
0.16121,0.48065,0.15098,0.20716
0.36441,0.31726,0.13063,0.18769
0.31548,0.27018,0.18761,0.22673
0.28354,0.37605,0.14508,0.19533
0.39755,0.25311,0.15079,0.19855
0.20998,0.25386,0.24189,0.29427
0.36887,0.34828,0.12093,0.16193
0.43775,0.37313,0.07863,0.11049
0.45305,0.28440,0.10970,0.15285
0.30302,0.26624,0.19112,0.23962
0.36172,0.35792,0.11457,0.16579
0.44153,0.33569,0.08998,0.13280
0.28438,0.23710,0.21170,0.26681
0.28351,0.24050,0.20858,0.26741
0.28283,0.33854,0.16329,0.21534
0.38508,0.35630,0.10791,0.15072
0.40744,0.17184,0.18026,0.24046
0.39328,0.32996,0.11093,0.16583
0.27362,0.11920,0.27101,0.33618
0.33690,0.11882,0.24029,0.30400
0.35197,0.30424,0.14205,0.20174
0.39936,0.35126,0.10556,0.14383
0.30951,0.26402,0.17971,0.24676
0.34631,0.28663,0.16319,0.20386
0.47285,0.16181,0.15266,0.21268
0.39878,0.33211,0.11306,0.15605
0.21153,0.39335,0.16450,0.23062
0.28871,0.24335,0.20733,0.26060
0.33890,0.28766,0.16546,0.20798
0.28911,0.25653,0.19129,0.26306
0.35415,0.29881,0.14413,0.20291
0.42016,0.25576,0.14661,0.17747
0.38815,0.13371,0.20762,0.27052
0.37186,0.31459,0.13222,0.18133
0.41196,0.29783,0.12072,0.16949
0.35802,0.21648,0.18476,0.24075
0.34365,0.20856,0.19424,0.25356
0.37371,0.32086,0.12701,0.17842
0.41020,0.20541,0.16095,0.22344
0.29463,0.24235,0.20423,0.25879
0.39620,0.26745,0.14358,0.19278
0.33983,0.28667,0.16228,0.21122
