0.04915,0.04939,0.04767,0.04940,0.05605,0.05167,0.04773,0.04837,0.05079,0.04957,0.04782,0.04866,0.04909,0.04887,0.04689,0.04984,0.05228,0.04945,0.05087,0.05645
0.04787,0.04981,0.04839,0.04844,0.04650,0.05008,0.04855,0.04848,0.05725,0.05225,0.05254,0.04950,0.04284,0.04845,0.05195,0.05066,0.05210,0.04993,0.04958,0.05481
0.04589,0.04950,0.05276,0.05044,0.04640,0.04960,0.04682,0.04964,0.05078,0.05053,0.04796,0.04927,0.04651,0.05209,0.05458,0.05049,0.04362,0.04939,0.04965,0.06409
0.04337,0.04842,0.04983,0.04994,0.04725,0.04925,0.04853,0.04873,0.05167,0.05029,0.04799,0.04787,0.04446,0.05050,0.05784,0.05126,0.04769,0.04801,0.04982,0.06727
0.04542,0.04848,0.05257,0.04963,0.05151,0.05108,0.04760,0.04735,0.05192,0.05092,0.04759,0.04829,0.04565,0.05108,0.04962,0.05028,0.05038,0.04970,0.05123,0.05969
0.04598,0.04920,0.05049,0.04977,0.04803,0.04986,0.05398,0.04938,0.05243,0.05011,0.04658,0.05097,0.04798,0.04851,0.05296,0.05128,0.04434,0.04967,0.05043,0.05802
0.04444,0.05015,0.06123,0.05167,0.04416,0.04930,0.05007,0.04991,0.05192,0.04935,0.04866,0.04820,0.04753,0.05070,0.05260,0.05075,0.04434,0.04747,0.04988,0.05765
0.05865,0.05102,0.04137,0.04679,0.04934,0.04896,0.04495,0.04735,0.05163,0.05043,0.04982,0.04926,0.04800,0.04630,0.05241,0.05211,0.04686,0.05078,0.04892,0.06502
0.04827,0.04987,0.04840,0.04899,0.04795,0.05012,0.04610,0.05014,0.05208,0.05030,0.06148,0.04982,0.03993,0.04820,0.04944,0.05126,0.05228,0.04988,0.04953,0.05595
0.04556,0.04876,0.05108,0.05042,0.04816,0.05012,0.05416,0.05003,0.05319,0.05131,0.04586,0.05056,0.04870,0.04979,0.05103,0.05143,0.04403,0.04874,0.04913,0.05793
0.04319,0.04810,0.05336,0.05053,0.04748,0.05194,0.04476,0.04914,0.05126,0.05012,0.04955,0.04810,0.04580,0.04963,0.05250,0.05060,0.04632,0.04827,0.05048,0.06887
0.04370,0.05030,0.05834,0.05068,0.04645,0.04945,0.05008,0.05135,0.04995,0.04952,0.04926,0.04852,0.04880,0.05113,0.05320,0.05030,0.04617,0.04872,0.04954,0.05450
0.05875,0.05103,0.04114,0.04772,0.05292,0.04984,0.04742,0.04780,0.05037,0.05003,0.04713,0.04872,0.05126,0.04650,0.04960,0.05104,0.04973,0.05002,0.05057,0.05840
0.04374,0.04951,0.05038,0.05063,0.04810,0.05079,0.05443,0.05077,0.05064,0.05049,0.04738,0.05043,0.04642,0.05022,0.05272,0.05177,0.04620,0.04952,0.04874,0.05710
0.04793,0.04795,0.04446,0.04829,0.05226,0.05037,0.04818,0.04807,0.05388,0.05121,0.04866,0.04841,0.04344,0.04731,0.05273,0.05107,0.05513,0.04824,0.05003,0.06237
0.04885,0.04932,0.04588,0.04722,0.04589,0.04864,0.04463,0.05014,0.05380,0.05042,0.06130,0.05043,0.04140,0.04848,0.05169,0.05039,0.05190,0.05107,0.05072,0.05782
0.04524,0.04889,0.04624,0.04881,0.04744,0.04994,0.04589,0.04843,0.05268,0.05033,0.04951,0.04953,0.04217,0.04856,0.05608,0.05176,0.04977,0.04960,0.05135,0.06778
0.04850,0.04986,0.04974,0.05057,0.05380,0.05024,0.04723,0.04867,0.04925,0.05070,0.04571,0.04851,0.05446,0.04914,0.04996,0.05021,0.04729,0.04733,0.04976,0.05907
0.04529,0.04872,0.04584,0.04967,0.04964,0.05012,0.05135,0.04855,0.05395,0.05050,0.04676,0.04901,0.04619,0.04847,0.05452,0.05145,0.04603,0.04867,0.04892,0.06634
0.05538,0.05074,0.04071,0.04797,0.05003,0.04930,0.04560,0.04740,0.05179,0.04986,0.04875,0.04953,0.04846,0.04672,0.05334,0.05179,0.04803,0.05077,0.04827,0.06556
0.05465,0.05240,0.04797,0.04949,0.04935,0.04961,0.04808,0.04972,0.04933,0.05101,0.04528,0.04736,0.05898,0.05235,0.05007,0.04888,0.04190,0.04898,0.04957,0.05504
0.05004,0.04717,0.04508,0.04844,0.05116,0.04997,0.04696,0.04678,0.05653,0.05166,0.04938,0.04762,0.04563,0.04874,0.05135,0.04953,0.05332,0.05024,0.05111,0.05930
0.04688,0.04974,0.04939,0.05051,0.04696,0.04944,0.05417,0.04831,0.05344,0.05175,0.04595,0.04978,0.04697,0.04796,0.05418,0.05134,0.04584,0.04962,0.04832,0.05943
0.04744,0.05002,0.05134,0.05027,0.05316,0.05020,0.04819,0.04979,0.04923,0.04885,0.04675,0.04935,0.05156,0.05069,0.05053,0.05047,0.04962,0.04912,0.04935,0.05406
0.05222,0.04872,0.04465,0.04787,0.05226,0.05042,0.04613,0.04881,0.05026,0.05003,0.05291,0.05023,0.04420,0.04662,0.05130,0.05046,0.05625,0.04956,0.05026,0.05687
0.04485,0.05078,0.06075,0.05049,0.04494,0.04934,0.04861,0.05014,0.04871,0.05037,0.04837,0.04835,0.05107,0.05223,0.05191,0.04933,0.04472,0.04753,0.04909,0.05844
0.04570,0.04833,0.04789,0.04934,0.04663,0.04892,0.04650,0.04689,0.05762,0.05232,0.05129,0.04810,0.04336,0.04876,0.05365,0.05022,0.04998,0.04825,0.04877,0.06750
0.04637,0.05092,0.04924,0.05005,0.04898,0.04893,0.05429,0.05130,0.05270,0.05064,0.04576,0.04907,0.04738,0.04938,0.05039,0.05182,0.04696,0.04881,0.04846,0.05853
0.04318,0.04906,0.05478,0.05002,0.04659,0.05038,0.05091,0.04879,0.05295,0.05033,0.04760,0.04853,0.04733,0.05067,0.05325,0.05070,0.04663,0.04746,0.04825,0.06260
0.05051,0.04932,0.04640,0.04887,0.04937,0.05022,0.04985,0.04761,0.05616,0.05212,0.04873,0.04785,0.04707,0.04839,0.05066,0.04977,0.04804,0.04842,0.04779,0.06285
0.05339,0.04945,0.04260,0.04707,0.05165,0.05036,0.04653,0.04773,0.05409,0.05049,0.04862,0.04840,0.04612,0.04578,0.05189,0.05146,0.05157,0.04948,0.05052,0.06279
0.04556,0.04994,0.04612,0.04889,0.04704,0.04872,0.04759,0.04937,0.05199,0.04994,0.04796,0.04946,0.04132,0.04915,0.06110,0.05238,0.04838,0.04966,0.05042,0.06502
0.05207,0.04863,0.04465,0.04893,0.05050,0.04998,0.04665,0.04676,0.05068,0.04979,0.04746,0.04998,0.04830,0.04733,0.05559,0.05155,0.04901,0.04829,0.04842,0.06546
0.04966,0.04939,0.04438,0.04750,0.04971,0.05009,0.04338,0.04749,0.05241,0.04997,0.05437,0.04916,0.04049,0.04748,0.05305,0.05170,0.05713,0.04996,0.05092,0.06175
0.04719,0.04906,0.04969,0.04954,0.05324,0.05070,0.04693,0.05041,0.04884,0.05014,0.04814,0.04900,0.05277,0.05131,0.05104,0.04945,0.04746,0.04860,0.04849,0.05798
0.04788,0.04935,0.05082,0.05080,0.05068,0.04976,0.04971,0.05010,0.04877,0.05077,0.04770,0.04944,0.05667,0.05174,0.04989,0.04940,0.04695,0.04843,0.04883,0.05231
0.04909,0.05073,0.04510,0.04738,0.04728,0.04904,0.04362,0.04989,0.05161,0.05025,0.06112,0.05070,0.04219,0.04755,0.05072,0.05077,0.05525,0.04998,0.04967,0.05806
0.05139,0.04860,0.04479,0.04905,0.05357,0.05089,0.04725,0.04978,0.05024,0.04973,0.04798,0.04828,0.04871,0.04724,0.05152,0.05109,0.05126,0.04920,0.05106,0.05838
0.05078,0.04774,0.04568,0.04789,0.05846,0.05088,0.04740,0.04800,0.05098,0.05003,0.04916,0.04754,0.04911,0.04847,0.04911,0.04836,0.05460,0.04681,0.04767,0.06132
0.04958,0.05071,0.04712,0.04878,0.05716,0.05169,0.04426,0.04800,0.04971,0.05018,0.04544,0.04745,0.04903,0.04921,0.04958,0.05018,0.05232,0.04934,0.04971,0.06054
0.04539,0.04820,0.04464,0.04966,0.04898,0.04997,0.04879,0.04834,0.05170,0.05108,0.04584,0.04920,0.04462,0.04857,0.05960,0.05318,0.04442,0.04806,0.04924,0.07053
0.04345,0.04872,0.04922,0.04917,0.04789,0.04987,0.04910,0.04832,0.05488,0.05199,0.05003,0.04821,0.04363,0.04949,0.05309,0.05154,0.05091,0.04851,0.04898,0.06301
0.04812,0.04931,0.04537,0.04890,0.04777,0.05017,0.04728,0.04857,0.05325,0.05126,0.05050,0.05017,0.04391,0.04736,0.05381,0.05103,0.04866,0.05068,0.05107,0.06280
0.04551,0.04900,0.04949,0.05058,0.05100,0.05050,0.05543,0.04776,0.05371,0.05006,0.04311,0.04847,0.04930,0.05052,0.05110,0.05022,0.04564,0.04994,0.04993,0.05873
0.04588,0.04829,0.04742,0.04950,0.04907,0.04913,0.05838,0.04988,0.05233,0.05051,0.04554,0.04940,0.05332,0.04949,0.05338,0.05028,0.04332,0.04821,0.04725,0.05941
0.04403,0.05016,0.06142,0.05102,0.04581,0.04967,0.04627,0.05076,0.04843,0.04943,0.04907,0.05050,0.04600,0.05211,0.05206,0.05050,0.04576,0.04770,0.05153,0.05777
0.04528,0.04887,0.05068,0.04976,0.04595,0.04950,0.04777,0.04731,0.05562,0.05161,0.05027,0.04826,0.04264,0.04917,0.05326,0.05056,0.04806,0.04908,0.04996,0.06639
0.04709,0.04808,0.04777,0.04959,0.05589,0.05139,0.05083,0.04890,0.05022,0.05078,0.04613,0.04890,0.05056,0.04974,0.04834,0.05010,0.04970,0.04830,0.04981,0.05788
0.05048,0.04889,0.04537,0.04898,0.06397,0.05219,0.04497,0.04605,0.04878,0.04901,0.04215,0.04745,0.05367,0.04984,0.04676,0.04809,0.05699,0.04851,0.05169,0.05616
0.04611,0.05029,0.05415,0.05030,0.04724,0.05113,0.04588,0.04990,0.05023,0.05009,0.05318,0.04890,0.04412,0.05030,0.05213,0.05039,0.04739,0.04826,0.04934,0.06067
0.04228,0.04872,0.05963,0.05089,0.04732,0.05090,0.04744,0.04891,0.05057,0.05004,0.04842,0.04928,0.04544,0.05147,0.05231,0.05009,0.04808,0.04859,0.05095,0.05870
0.04390,0.04998,0.06366,0.05125,0.04293,0.04888,0.05096,0.05064,0.04973,0.05018,0.05001,0.04973,0.04622,0.04889,0.05309,0.04989,0.04440,0.04831,0.05032,0.05703
0.05760,0.05018,0.04002,0.04778,0.05030,0.04936,0.04721,0.04738,0.05284,0.05038,0.04753,0.04913,0.04575,0.04552,0.05301,0.05183,0.04801,0.05149,0.05083,0.06383
0.05024,0.05086,0.04696,0.04831,0.04804,0.04985,0.04490,0.04817,0.04875,0.04977,0.04832,0.04924,0.04419,0.04853,0.05860,0.05188,0.04890,0.04947,0.05055,0.06448
0.05566,0.05075,0.04073,0.04656,0.04821,0.04909,0.04470,0.04726,0.05331,0.05079,0.05181,0.04839,0.04404,0.04806,0.05273,0.05118,0.05275,0.05223,0.05010,0.06164
0.05220,0.04973,0.04300,0.04735,0.05399,0.05040,0.04342,0.04842,0.04947,0.04968,0.05738,0.04869,0.04091,0.04644,0.05026,0.05053,0.06199,0.04957,0.04957,0.05702
0.04197,0.04711,0.05310,0.04958,0.04742,0.05103,0.04536,0.04669,0.05448,0.05017,0.04741,0.04778,0.04487,0.04787,0.05504,0.04933,0.04734,0.04585,0.05041,0.07718
0.04336,0.04979,0.07374,0.05166,0.04332,0.05053,0.04998,0.05035,0.05112,0.04854,0.04970,0.04876,0.04585,0.05146,0.05189,0.04809,0.04075,0.04675,0.05157,0.05277
0.05138,0.05027,0.04525,0.04945,0.05209,0.04991,0.04593,0.04957,0.04946,0.05104,0.05043,0.04979,0.04806,0.04803,0.05090,0.04935,0.05397,0.04878,0.04996,0.05638
0.04998,0.04893,0.04472,0.04872,0.05342,0.05091,0.04495,0.04781,0.04898,0.05073,0.05167,0.04953,0.04349,0.04651,0.05299,0.05123,0.05818,0.04894,0.05080,0.05752
0.04629,0.04928,0.05025,0.05076,0.04797,0.05003,0.05799,0.04912,0.05505,0.05041,0.04488,0.04967,0.04903,0.04761,0.05214,0.05082,0.04554,0.04813,0.04976,0.05527
0.04948,0.05076,0.04698,0.04921,0.05143,0.05021,0.05186,0.04974,0.04875,0.05083,0.04436,0.04915,0.05709,0.04940,0.05128,0.05046,0.04344,0.04876,0.04923,0.05759
0.04892,0.04961,0.04491,0.04932,0.04829,0.05054,0.04911,0.04981,0.05134,0.04994,0.04767,0.04931,0.04715,0.04822,0.05480,0.05216,0.04740,0.04999,0.05076,0.06075
0.05685,0.04843,0.04065,0.04715,0.05294,0.05044,0.04300,0.04728,0.05079,0.04940,0.05422,0.04881,0.04592,0.04603,0.05212,0.05047,0.05267,0.04971,0.05142,0.06171
0.04569,0.04882,0.04883,0.04862,0.04720,0.05017,0.04956,0.04872,0.05310,0.05060,0.04933,0.05017,0.04299,0.04867,0.05630,0.05173,0.04729,0.04991,0.05011,0.06219
0.05184,0.04970,0.04480,0.04869,0.05820,0.05077,0.04600,0.04766,0.04838,0.04979,0.04520,0.04814,0.05395,0.04943,0.04946,0.04984,0.05194,0.04851,0.05001,0.05770
0.04773,0.04878,0.04494,0.04927,0.05531,0.05025,0.04529,0.04818,0.04973,0.05032,0.04551,0.04787,0.04757,0.04859,0.05294,0.05131,0.05028,0.04775,0.04976,0.06862
0.04670,0.04796,0.04900,0.04921,0.04574,0.04857,0.04680,0.04820,0.05346,0.05101,0.04859,0.04908,0.04483,0.04906,0.05821,0.05149,0.04586,0.04888,0.04852,0.06883
0.05021,0.04912,0.05022,0.04941,0.05031,0.04913,0.04986,0.04704,0.05237,0.05039,0.04580,0.04838,0.05902,0.05028,0.05160,0.04877,0.04285,0.04814,0.04738,0.05973
0.05033,0.04911,0.04548,0.04912,0.05035,0.05043,0.04984,0.04854,0.05448,0.05089,0.04663,0.04904,0.04751,0.04749,0.05273,0.05025,0.05054,0.04900,0.04753,0.06069
0.04563,0.04809,0.04624,0.04908,0.04864,0.04936,0.04766,0.04886,0.05287,0.05022,0.04856,0.04916,0.04267,0.04642,0.05799,0.05203,0.04919,0.04827,0.05045,0.06859
0.04483,0.05024,0.05664,0.05088,0.04654,0.04985,0.04971,0.04821,0.04961,0.05031,0.04544,0.04795,0.04563,0.05041,0.05460,0.05046,0.04715,0.04828,0.05070,0.06255
0.04863,0.04877,0.04781,0.04984,0.04754,0.05083,0.04795,0.04892,0.05118,0.05032,0.04828,0.05001,0.04452,0.04894,0.05652,0.05180,0.04912,0.05121,0.05188,0.05595
0.05157,0.04866,0.04484,0.04958,0.05881,0.05121,0.04858,0.04618,0.04978,0.05113,0.04254,0.04866,0.05271,0.04864,0.05021,0.05000,0.05031,0.04854,0.04897,0.05907
0.05102,0.04875,0.04671,0.04818,0.04697,0.04878,0.05089,0.04706,0.05514,0.05064,0.04809,0.04958,0.04484,0.05011,0.05438,0.05219,0.04610,0.05033,0.04901,0.06121
0.04648,0.04899,0.04712,0.04955,0.04765,0.04995,0.05184,0.04821,0.05315,0.05141,0.04843,0.05065,0.04566,0.04865,0.05379,0.05179,0.04602,0.05034,0.05012,0.06023
0.06660,0.04975,0.03824,0.04578,0.05221,0.04803,0.04177,0.04643,0.05150,0.04892,0.05453,0.04873,0.04599,0.04604,0.05052,0.04983,0.05335,0.05113,0.05076,0.05989
0.04793,0.05054,0.04919,0.05001,0.04722,0.04970,0.04748,0.04848,0.05104,0.05072,0.04789,0.04982,0.04424,0.04876,0.05546,0.05153,0.04720,0.04890,0.05028,0.06362
0.04646,0.04906,0.05139,0.05037,0.04839,0.05076,0.04587,0.05103,0.04997,0.04983,0.05234,0.04964,0.04595,0.04907,0.05228,0.05048,0.05060,0.04766,0.04916,0.05968
0.04601,0.04960,0.04931,0.04889,0.04894,0.05085,0.05406,0.04973,0.05339,0.04988,0.04623,0.04998,0.04726,0.04856,0.05148,0.05099,0.04596,0.04905,0.05035,0.05949
0.05595,0.04890,0.03906,0.04757,0.05215,0.05018,0.04451,0.04737,0.05083,0.04956,0.04934,0.04922,0.04604,0.04635,0.05186,0.05161,0.05330,0.05061,0.05165,0.06391
0.04827,0.04740,0.04547,0.04898,0.05418,0.05172,0.04685,0.04689,0.05222,0.05123,0.04469,0.04832,0.04635,0.04688,0.05375,0.05079,0.04929,0.04931,0.05016,0.06722
0.04882,0.04952,0.04683,0.04931,0.04829,0.05093,0.04292,0.05005,0.05072,0.05006,0.05948,0.05038,0.04231,0.04770,0.05079,0.05025,0.05155,0.05001,0.05037,0.05971
0.04271,0.04821,0.04766,0.05036,0.04681,0.04913,0.04798,0.04981,0.05261,0.05088,0.04812,0.05084,0.04499,0.04980,0.05358,0.05119,0.04475,0.05066,0.05168,0.06822
0.04596,0.04928,0.05100,0.04955,0.04627,0.04924,0.05208,0.04865,0.05674,0.05148,0.04897,0.04913,0.04343,0.04793,0.05411,0.05129,0.05045,0.04849,0.04993,0.05602
0.04754,0.04929,0.04482,0.04922,0.05308,0.05076,0.04749,0.05046,0.04979,0.05076,0.04666,0.04766,0.04893,0.04840,0.05244,0.05091,0.05008,0.04908,0.04951,0.06313
0.04553,0.04922,0.04839,0.04956,0.04856,0.04913,0.05285,0.04737,0.05330,0.05085,0.04456,0.04964,0.04714,0.04776,0.05835,0.05222,0.04561,0.04814,0.04728,0.06452
0.06472,0.05086,0.03812,0.04641,0.05048,0.04904,0.04488,0.04847,0.05020,0.04948,0.05066,0.04853,0.04901,0.04554,0.04923,0.05124,0.04971,0.05209,0.05156,0.05978
0.05171,0.04916,0.04758,0.04877,0.05928,0.05080,0.04686,0.04828,0.04884,0.04921,0.04376,0.04784,0.05703,0.04893,0.04878,0.04965,0.05155,0.04659,0.04984,0.05555
0.05465,0.04978,0.04470,0.04835,0.05339,0.05036,0.04232,0.04857,0.04764,0.04913,0.05048,0.04920,0.04679,0.04738,0.05153,0.05049,0.05579,0.05014,0.05177,0.05754
0.05043,0.04985,0.04720,0.04848,0.04723,0.04881,0.04313,0.04892,0.05317,0.05007,0.06244,0.04847,0.04409,0.04733,0.05105,0.04975,0.05328,0.04851,0.04923,0.05855
0.04370,0.04700,0.05156,0.04973,0.04706,0.05063,0.04824,0.04718,0.05237,0.05003,0.04672,0.04888,0.04479,0.04819,0.05700,0.05106,0.04645,0.04559,0.04895,0.07488
0.05902,0.04995,0.04197,0.04780,0.04891,0.04934,0.04653,0.04824,0.04948,0.04961,0.04994,0.05012,0.04977,0.04688,0.05131,0.05100,0.05001,0.05074,0.05009,0.05929
0.05565,0.04853,0.04510,0.04815,0.06173,0.05180,0.04480,0.04716,0.04879,0.04812,0.04675,0.04848,0.05029,0.04741,0.04863,0.04931,0.05505,0.04799,0.05090,0.05537
0.05102,0.04887,0.04416,0.04904,0.05948,0.05094,0.04934,0.04813,0.05075,0.04985,0.04817,0.04749,0.04736,0.04875,0.04795,0.04941,0.05491,0.04896,0.05061,0.05481
0.04888,0.04939,0.05078,0.05066,0.04717,0.04993,0.04898,0.04995,0.04951,0.05062,0.04896,0.05021,0.05193,0.05007,0.05208,0.05023,0.04451,0.04916,0.05065,0.05634
0.04601,0.04824,0.04767,0.04949,0.04655,0.05068,0.04070,0.04906,0.04980,0.05051,0.06122,0.05123,0.04358,0.04869,0.05212,0.05047,0.04995,0.04907,0.05193,0.06304
0.05144,0.04863,0.04759,0.05019,0.04920,0.04989,0.04902,0.04917,0.05076,0.05045,0.04727,0.05014,0.05568,0.04921,0.05031,0.05039,0.04658,0.04982,0.05026,0.05401
0.04538,0.04905,0.05128,0.05026,0.04753,0.04997,0.06287,0.04849,0.05323,0.05055,0.04611,0.04991,0.05234,0.04951,0.05124,0.05011,0.04584,0.04901,0.04691,0.05042
0.04985,0.05001,0.04646,0.04865,0.05137,0.05037,0.04601,0.05090,0.04830,0.05013,0.05347,0.04943,0.04541,0.04952,0.05021,0.05171,0.04961,0.05057,0.05116,0.05687
