0.00000,0.00450,0.00076,0.34883,0.01295,0.00046,0.00000,0.00000,0.12542,0.23546,0.17555,0.03854,0.00993,0.00000,0.00000,0.02155,0.00919,0.00060,0.01482,0.00143
0.00000,0.00000,0.00001,0.00167,0.04898,0.00000,0.00000,0.00000,0.00899,0.00001,0.00023,0.00000,0.00000,0.00879,0.00000,0.02355,0.16529,0.39396,0.33561,0.01292
0.00000,0.00001,0.00000,0.01511,0.00002,0.02943,0.00000,0.00000,0.00259,0.00000,0.03393,0.00000,0.00005,0.25760,0.00000,0.07339,0.19254,0.28725,0.10802,0.00008
0.00000,0.00004,0.00001,0.00000,0.16525,0.00012,0.00000,0.00000,0.04267,0.00000,0.00141,0.01877,0.00970,0.00000,0.00000,0.00700,0.00907,0.55795,0.00013,0.18789
0.00000,0.00007,0.00352,0.00005,0.09593,0.01498,0.00000,0.00000,0.11319,0.00000,0.03007,0.05070,0.01942,0.00003,0.00000,0.34733,0.00000,0.00307,0.32145,0.00017
0.00000,0.28857,0.00737,0.00076,0.10313,0.12043,0.00000,0.00000,0.00031,0.00000,0.00001,0.00000,0.00008,0.00003,0.00000,0.27902,0.00000,0.04594,0.01005,0.14430
0.00000,0.04603,0.00000,0.21425,0.02802,0.00528,0.00000,0.00000,0.00062,0.00000,0.00367,0.00001,0.00328,0.00363,0.00000,0.02443,0.00000,0.18309,0.38857,0.09912
0.00000,0.20106,0.00000,0.00115,0.00332,0.02369,0.00000,0.00000,0.19659,0.00004,0.16109,0.00003,0.00870,0.22487,0.00000,0.09365,0.00005,0.00084,0.04189,0.04302
0.00000,0.00000,0.01888,0.00361,0.14928,0.03325,0.00000,0.01780,0.00002,0.00000,0.12307,0.00011,0.00002,0.00003,0.00136,0.13669,0.31318,0.02299,0.16848,0.01124
0.00000,0.00000,0.00000,0.06000,0.17321,0.16718,0.00000,0.00000,0.02075,0.00000,0.00097,0.01367,0.00772,0.00000,0.00000,0.00707,0.27211,0.06565,0.15488,0.05679
0.00000,0.03925,0.15479,0.00409,0.04039,0.00075,0.00000,0.00000,0.01666,0.00000,0.01743,0.00000,0.07707,0.01561,0.00000,0.00123,0.52178,0.03650,0.07447,0.00000
0.00000,0.00000,0.11899,0.05518,0.00079,0.00000,0.00000,0.00000,0.28875,0.00000,0.00000,0.25367,0.00000,0.00000,0.00000,0.20950,0.00000,0.00003,0.07299,0.00010
0.00000,0.01276,0.00056,0.17141,0.00002,0.00000,0.00000,0.00000,0.33253,0.00000,0.03763,0.10953,0.06948,0.00000,0.00000,0.13306,0.00048,0.03033,0.10220,0.00001
0.00000,0.00000,0.00001,0.00308,0.54453,0.05059,0.00000,0.00000,0.02136,0.00000,0.00008,0.00022,0.00000,0.00400,0.00000,0.07504,0.00002,0.00105,0.29990,0.00013
0.00000,0.00009,0.00000,0.22942,0.03239,0.00001,0.00000,0.00000,0.32209,0.00014,0.23865,0.00314,0.00215,0.00002,0.00000,0.00195,0.08798,0.08160,0.00009,0.00028
0.00000,0.00000,0.00440,0.00517,0.00185,0.02387,0.00000,0.00000,0.03154,0.00012,0.00000,0.58451,0.00710,0.04158,0.00000,0.14587,0.06019,0.01413,0.07513,0.00456
0.00000,0.00000,0.01384,0.03932,0.00071,0.00005,0.00000,0.00000,0.46905,0.00000,0.00826,0.00000,0.00000,0.00014,0.00000,0.31827,0.10682,0.04318,0.00031,0.00005
0.00000,0.00000,0.02741,0.52055,0.00652,0.04795,0.00000,0.00000,0.00074,0.00003,0.00001,0.00000,0.00000,0.01020,0.00000,0.18645,0.07132,0.00000,0.04594,0.08289
0.00000,0.00000,0.00168,0.56546,0.03431,0.02876,0.00000,0.00000,0.12893,0.00000,0.00756,0.00010,0.00009,0.17673,0.00000,0.00004,0.00158,0.00052,0.05414,0.00011
0.00000,0.00000,0.02473,0.00210,0.07655,0.64883,0.00000,0.00000,0.00621,0.00160,0.19706,0.00283,0.00004,0.00000,0.00000,0.00020,0.00000,0.02832,0.00199,0.00953
0.00000,0.00000,0.00000,0.00295,0.10953,0.00189,0.00000,0.10862,0.22372,0.00000,0.04598,0.00037,0.00367,0.09579,0.00000,0.00017,0.06197,0.17156,0.10186,0.07193
0.00000,0.00000,0.00016,0.04495,0.29737,0.00007,0.00000,0.00009,0.00872,0.00000,0.11596,0.00000,0.00025,0.00000,0.00000,0.00029,0.05276,0.00779,0.46627,0.00531
0.00000,0.00006,0.00000,0.00965,0.07230,0.09035,0.00000,0.00000,0.11748,0.00001,0.09283,0.00870,0.00171,0.00000,0.00000,0.07853,0.00000,0.02312,0.50526,0.00000
0.00000,0.00000,0.00112,0.07997,0.28071,0.00002,0.25533,0.00000,0.00000,0.00151,0.00002,0.00246,0.00002,0.07488,0.00000,0.22600,0.00000,0.07790,0.00005,0.00001
0.00851,0.00000,0.00004,0.24628,0.08977,0.00075,0.00000,0.00000,0.17392,0.00000,0.01657,0.00013,0.00000,0.02560,0.00000,0.42676,0.00005,0.00003,0.01159,0.00000
0.00000,0.00000,0.01120,0.00511,0.09136,0.00000,0.00000,0.00000,0.02142,0.00000,0.16463,0.00000,0.00057,0.00529,0.00000,0.12328,0.09881,0.05236,0.00035,0.42563
0.00000,0.01252,0.02826,0.00000,0.02582,0.00013,0.00000,0.00000,0.00000,0.00000,0.34983,0.00512,0.00097,0.00030,0.00000,0.07529,0.00000,0.02705,0.00423,0.47048
0.00000,0.00000,0.46920,0.11374,0.01312,0.15832,0.00000,0.00000,0.00002,0.00003,0.00732,0.00000,0.00001,0.00160,0.00837,0.03252,0.00902,0.00720,0.15492,0.02462
0.00000,0.00000,0.00003,0.01880,0.00710,0.00000,0.20845,0.00000,0.03276,0.00000,0.00000,0.00086,0.00000,0.00001,0.00000,0.00000,0.02727,0.19679,0.50776,0.00017
0.00000,0.00000,0.00000,0.00162,0.00000,0.00000,0.00000,0.00000,0.00016,0.00294,0.16550,0.01155,0.00027,0.48811,0.00000,0.04289,0.00007,0.00067,0.28590,0.00031
0.00000,0.00000,0.00000,0.00495,0.08920,0.00000,0.00000,0.00000,0.24292,0.00000,0.13654,0.00003,0.03388,0.04313,0.00000,0.08404,0.06705,0.22315,0.07403,0.00108
0.00000,0.00000,0.00390,0.01658,0.00054,0.00654,0.01182,0.00284,0.15327,0.00000,0.00022,0.00000,0.32752,0.00000,0.00000,0.43583,0.00001,0.02469,0.01602,0.00023
0.00000,0.00000,0.00000,0.00004,0.10800,0.19489,0.00000,0.00000,0.26947,0.00000,0.04075,0.09431,0.09385,0.00056,0.01693,0.00038,0.00000,0.00001,0.18080,0.00000
0.00000,0.00000,0.13301,0.00000,0.24555,0.00000,0.00000,0.03396,0.12218,0.04022,0.04440,0.28993,0.00000,0.00159,0.00000,0.00047,0.00477,0.00116,0.07654,0.00623
0.00000,0.00028,0.00000,0.00000,0.00000,0.00011,0.00836,0.00000,0.02432,0.02804,0.00000,0.00118,0.02031,0.00099,0.00000,0.00009,0.03579,0.02534,0.66985,0.18533
0.00000,0.00000,0.00002,0.00000,0.00508,0.09835,0.00000,0.00000,0.00533,0.00000,0.04097,0.00000,0.41328,0.00046,0.00022,0.04656,0.00000,0.00305,0.37184,0.01484
0.00000,0.00000,0.00127,0.31182,0.01428,0.04094,0.00000,0.00000,0.29270,0.00000,0.00000,0.00000,0.00000,0.02089,0.00000,0.01825,0.13811,0.00748,0.10255,0.05172
0.00000,0.00000,0.00002,0.00000,0.26680,0.04660,0.00000,0.00000,0.00062,0.14499,0.01044,0.00000,0.00001,0.00006,0.00000,0.00402,0.00000,0.08371,0.01452,0.42821
0.00000,0.00000,0.00065,0.11691,0.55501,0.03974,0.00006,0.00000,0.05540,0.08115,0.00922,0.00090,0.00509,0.13027,0.00000,0.00016,0.00054,0.00404,0.00004,0.00083
0.00000,0.00000,0.00124,0.00057,0.00128,0.11406,0.00709,0.00000,0.10412,0.00000,0.15476,0.00003,0.00263,0.19789,0.00000,0.32349,0.00002,0.05836,0.03331,0.00116
0.00005,0.00000,0.00000,0.00001,0.08844,0.00358,0.00000,0.00000,0.01031,0.00000,0.09375,0.04412,0.01324,0.19342,0.00000,0.00480,0.00016,0.48112,0.00638,0.06061
0.00000,0.00000,0.00012,0.00001,0.02678,0.00003,0.00000,0.00000,0.23186,0.00000,0.00118,0.25349,0.33349,0.00000,0.00000,0.00036,0.02079,0.06123,0.00024,0.07042
0.00000,0.00106,0.00000,0.02556,0.00020,0.00000,0.00000,0.00660,0.03188,0.00000,0.01944,0.01262,0.25278,0.08419,0.00000,0.00001,0.00000,0.56536,0.00028,0.00000
0.00000,0.00001,0.00000,0.00016,0.25181,0.00000,0.00000,0.00000,0.22427,0.00000,0.03665,0.00037,0.00187,0.03128,0.00000,0.00003,0.01739,0.00000,0.42372,0.01244
0.00000,0.00000,0.00639,0.00018,0.00626,0.00000,0.00000,0.00000,0.05037,0.00000,0.00271,0.00000,0.01170,0.09733,0.00000,0.00108,0.00016,0.00763,0.81598,0.00021
0.00000,0.00856,0.00001,0.05664,0.01023,0.00000,0.00000,0.00000,0.00007,0.00001,0.00290,0.00000,0.49043,0.02060,0.00000,0.01322,0.02413,0.00039,0.37280,0.00000
0.00004,0.00003,0.41309,0.00134,0.00977,0.01409,0.00006,0.00000,0.00000,0.00878,0.00215,0.00000,0.02531,0.00982,0.00000,0.00055,0.38133,0.00705,0.07687,0.04971
0.00000,0.01996,0.00000,0.06263,0.00001,0.10984,0.00000,0.00000,0.29539,0.00000,0.03497,0.00252,0.00012,0.00202,0.00000,0.20899,0.00000,0.25434,0.00763,0.00158
0.00000,0.00085,0.00000,0.00509,0.00823,0.15778,0.00000,0.00000,0.00000,0.00000,0.27738,0.00204,0.01552,0.22229,0.00000,0.00007,0.04332,0.00058,0.05510,0.21175
0.00000,0.00003,0.67246,0.00001,0.00054,0.00000,0.00000,0.00000,0.01472,0.00000,0.00649,0.16503,0.00373,0.00472,0.00000,0.09853,0.00000,0.00886,0.01134,0.01354
0.00000,0.01095,0.00000,0.15596,0.00366,0.08871,0.00000,0.00000,0.00215,0.00000,0.00109,0.00045,0.00006,0.00024,0.00000,0.00000,0.13274,0.00129,0.16745,0.43525
0.00000,0.00000,0.02689,0.00000,0.00000,0.01778,0.00014,0.00000,0.01692,0.00000,0.03540,0.05780,0.17382,0.03444,0.00012,0.00942,0.00000,0.01276,0.16849,0.44603
0.00000,0.00000,0.00003,0.00017,0.00005,0.00000,0.00000,0.00000,0.00000,0.08330,0.00372,0.00048,0.05543,0.00797,0.00000,0.22670,0.00349,0.17761,0.41405,0.02700
0.00000,0.00012,0.00000,0.02078,0.00000,0.00001,0.37414,0.00000,0.00077,0.00000,0.00903,0.05781,0.01485,0.16395,0.00000,0.00134,0.15210,0.00513,0.19997,0.00000
0.00000,0.26875,0.17912,0.00000,0.11694,0.00002,0.00000,0.00000,0.00001,0.00000,0.00090,0.00000,0.03370,0.00000,0.00000,0.00960,0.00000,0.19044,0.17359,0.02694
0.00000,0.00000,0.00038,0.04194,0.00620,0.01217,0.00000,0.00000,0.05412,0.00001,0.53211,0.02927,0.00124,0.00018,0.00000,0.00119,0.00001,0.23578,0.08052,0.00490
0.00000,0.00000,0.00006,0.00029,0.00177,0.00000,0.00000,0.00000,0.00665,0.00006,0.21842,0.23756,0.01405,0.00604,0.00000,0.00081,0.07429,0.00000,0.43655,0.00344
0.00005,0.00000,0.05875,0.00745,0.17782,0.00000,0.00000,0.00000,0.00050,0.00000,0.00001,0.28306,0.00000,0.43254,0.00000,0.02857,0.00203,0.00043,0.00868,0.00012
0.00000,0.00000,0.00000,0.02732,0.16668,0.00748,0.00000,0.00000,0.00004,0.04191,0.00002,0.00000,0.00021,0.08777,0.00000,0.00238,0.26822,0.24978,0.14365,0.00453
0.00000,0.00000,0.00026,0.00022,0.04648,0.00000,0.00000,0.00000,0.00027,0.00017,0.52727,0.00000,0.00152,0.29932,0.00000,0.03844,0.00166,0.02082,0.03533,0.02823
0.00000,0.00000,0.00008,0.00023,0.04389,0.00000,0.00000,0.00000,0.00005,0.00331,0.09478,0.00000,0.27862,0.00552,0.00000,0.42430,0.00000,0.00003,0.14721,0.00198
0.00002,0.00000,0.02642,0.01212,0.08218,0.00001,0.00000,0.00979,0.02834,0.00000,0.11743,0.00000,0.08334,0.00081,0.00000,0.13192,0.00000,0.46642,0.00676,0.03445
0.00000,0.00000,0.01679,0.00727,0.01136,0.00156,0.00002,0.00000,0.52141,0.00000,0.00023,0.01391,0.00035,0.00000,0.00001,0.07261,0.18226,0.00002,0.03198,0.14021
0.00000,0.00000,0.00000,0.08002,0.00584,0.00028,0.00000,0.00000,0.00247,0.00000,0.19078,0.00018,0.00007,0.37708,0.00000,0.05470,0.13773,0.07865,0.07219,0.00000
0.00000,0.01020,0.00007,0.00208,0.01542,0.01167,0.00000,0.00000,0.01276,0.00000,0.00104,0.01985,0.00000,0.21816,0.00000,0.29315,0.08177,0.33107,0.00000,0.00275
0.00000,0.00000,0.00000,0.00001,0.39777,0.00033,0.00000,0.00000,0.00069,0.00000,0.05650,0.07742,0.00000,0.10906,0.00000,0.02738,0.00000,0.03710,0.14032,0.15342
0.00000,0.00000,0.48890,0.00599,0.00517,0.00000,0.00000,0.00000,0.00105,0.00000,0.00597,0.00026,0.00000,0.00002,0.00000,0.43419,0.00168,0.00003,0.05673,0.00000
0.00000,0.00000,0.00000,0.00000,0.12935,0.00031,0.00133,0.00000,0.19539,0.00000,0.28077,0.28328,0.00021,0.00000,0.00044,0.01168,0.00044,0.01244,0.08426,0.00012
0.00000,0.00000,0.07929,0.00000,0.05716,0.00000,0.00000,0.00000,0.00316,0.00488,0.22830,0.45407,0.01250,0.08955,0.00581,0.00118,0.00000,0.00062,0.05998,0.00349
0.00000,0.00000,0.00002,0.00011,0.00002,0.04568,0.00000,0.00000,0.13288,0.00000,0.00000,0.36943,0.00000,0.00071,0.00000,0.00666,0.07967,0.00984,0.35356,0.00143
0.00000,0.00000,0.00000,0.00000,0.07051,0.00000,0.00000,0.00000,0.00305,0.00014,0.02045,0.00255,0.00000,0.00647,0.00000,0.01849,0.22233,0.00264,0.54722,0.10616
0.00000,0.00716,0.07451,0.00406,0.10544,0.00013,0.00000,0.00000,0.07098,0.00000,0.00005,0.08974,0.00003,0.23302,0.00000,0.08765,0.00000,0.25938,0.06784,0.00000
0.00000,0.00000,0.00000,0.00000,0.00148,0.38112,0.00000,0.03747,0.20117,0.00000,0.00005,0.00000,0.02245,0.00001,0.00000,0.29561,0.01463,0.00078,0.03785,0.00739
0.00000,0.00000,0.00184,0.00000,0.07730,0.00006,0.00000,0.00000,0.00451,0.00000,0.00146,0.00000,0.00013,0.03678,0.00000,0.00083,0.03476,0.03961,0.02310,0.77959
0.00786,0.00504,0.01365,0.00011,0.00285,0.30034,0.00000,0.00000,0.00155,0.00000,0.01480,0.01381,0.01626,0.00000,0.00000,0.11957,0.11425,0.01338,0.07481,0.30170
0.00000,0.00000,0.00000,0.00000,0.00050,0.00001,0.00080,0.00000,0.00000,0.00000,0.50505,0.00000,0.00000,0.03630,0.00000,0.00000,0.00067,0.29680,0.01538,0.14447
0.00000,0.06365,0.00000,0.00000,0.25677,0.00000,0.00000,0.00000,0.02560,0.00005,0.06114,0.01660,0.11636,0.15849,0.00000,0.04743,0.01157,0.01187,0.03432,0.19616
0.00000,0.00000,0.03425,0.06723,0.37690,0.00014,0.00000,0.00000,0.13203,0.00000,0.16197,0.00606,0.00003,0.00009,0.00000,0.06652,0.00000,0.00006,0.00155,0.15319
0.00007,0.00000,0.00615,0.00135,0.06986,0.00112,0.00000,0.07601,0.00278,0.00000,0.00507,0.00000,0.00000,0.00055,0.00000,0.00000,0.00053,0.43657,0.17173,0.22820
0.00000,0.00000,0.00719,0.00042,0.01551,0.10307,0.00410,0.00000,0.04771,0.00000,0.00081,0.02311,0.00000,0.00005,0.00000,0.09938,0.00000,0.00009,0.69849,0.00009
0.00000,0.02212,0.00000,0.25027,0.00000,0.04708,0.00000,0.00000,0.08728,0.00000,0.04698,0.02503,0.00000,0.30378,0.00008,0.00162,0.01873,0.15054,0.01098,0.03551
0.00000,0.00000,0.00001,0.10711,0.00061,0.00000,0.00000,0.00000,0.00028,0.00000,0.00069,0.00143,0.00198,0.00058,0.00000,0.08726,0.01637,0.07500,0.58658,0.12212
0.00000,0.00000,0.00269,0.09860,0.14187,0.00006,0.00000,0.00000,0.19147,0.00000,0.01171,0.00276,0.00027,0.01556,0.00000,0.06656,0.00000,0.17550,0.08555,0.20741
0.00000,0.00000,0.01654,0.22472,0.00132,0.00000,0.00000,0.00000,0.00003,0.00000,0.01858,0.03501,0.13830,0.00072,0.00000,0.00019,0.00000,0.39342,0.00029,0.17087
0.00000,0.01064,0.16306,0.00013,0.01822,0.00006,0.00000,0.00000,0.00001,0.00000,0.00026,0.00762,0.00000,0.01812,0.00000,0.00048,0.00000,0.64804,0.00000,0.13338
0.00000,0.00047,0.06787,0.00526,0.00259,0.19550,0.37276,0.00242,0.00038,0.00000,0.01746,0.00000,0.00000,0.29854,0.01008,0.01501,0.00000,0.00000,0.00306,0.00860
0.00000,0.00445,0.00000,0.00051,0.00590,0.00193,0.00000,0.00041,0.05230,0.00000,0.01669,0.00000,0.00314,0.26004,0.00000,0.00144,0.06401,0.18364,0.40500,0.00053
0.00000,0.00000,0.00030,0.06029,0.02722,0.00231,0.00000,0.00000,0.00017,0.00000,0.02684,0.00029,0.00000,0.10789,0.00068,0.01429,0.00000,0.25010,0.28909,0.22053
0.00000,0.00000,0.00000,0.00000,0.12623,0.00001,0.00001,0.00000,0.00426,0.00010,0.40483,0.00085,0.00013,0.00000,0.00000,0.00397,0.00000,0.00286,0.43265,0.02410
0.00000,0.00011,0.00000,0.19761,0.00116,0.00000,0.00493,0.00000,0.51891,0.02577,0.00005,0.00000,0.01143,0.00001,0.00000,0.00000,0.00001,0.10365,0.11700,0.01934
0.00000,0.00000,0.00174,0.00001,0.42478,0.03301,0.00000,0.00000,0.00000,0.00000,0.06377,0.00231,0.04223,0.00378,0.00000,0.07059,0.35575,0.00193,0.00009,0.00000
0.00000,0.00000,0.02333,0.15453,0.00073,0.11896,0.00000,0.00000,0.00146,0.00001,0.06334,0.00043,0.05837,0.00009,0.00000,0.30189,0.00004,0.00082,0.00164,0.27436
0.00000,0.00004,0.05191,0.17650,0.24074,0.00186,0.00000,0.00000,0.00014,0.00001,0.00711,0.00000,0.00080,0.05499,0.00024,0.08677,0.10443,0.08376,0.19072,0.00000
0.00000,0.00000,0.01908,0.01336,0.21597,0.00216,0.00000,0.00000,0.00000,0.10281,0.21548,0.03457,0.12313,0.03431,0.00000,0.02122,0.00242,0.03192,0.00007,0.18349
0.00000,0.00000,0.00000,0.00000,0.02972,0.00000,0.00000,0.00000,0.25265,0.00000,0.27090,0.00003,0.00233,0.24614,0.00000,0.00000,0.00000,0.01281,0.18455,0.00086
0.00000,0.07829,0.00084,0.46879,0.30375,0.03453,0.00000,0.00000,0.01317,0.00000,0.07291,0.00029,0.00003,0.00367,0.00000,0.00616,0.00804,0.00005,0.00935,0.00012
0.00000,0.00000,0.00002,0.00055,0.07308,0.01433,0.00000,0.00000,0.03507,0.00000,0.01231,0.02138,0.09117,0.00000,0.00000,0.55220,0.00198,0.00154,0.00000,0.19637
0.00001,0.00000,0.00000,0.00070,0.02841,0.12559,0.00031,0.00000,0.00720,0.00000,0.07743,0.16100,0.00000,0.00012,0.00000,0.01912,0.00000,0.04621,0.02227,0.51165
0.00000,0.00000,0.00590,0.07351,0.00539,0.02217,0.00000,0.00000,0.01394,0.00000,0.44427,0.00120,0.00000,0.00000,0.00000,0.14387,0.03085,0.13419,0.00110,0.12362
0.00000,0.00001,0.00000,0.00001,0.00917,0.00000,0.03434,0.00000,0.09079,0.00000,0.18618,0.01468,0.02653,0.00003,0.00000,0.08915,0.00000,0.00105,0.15009,0.39795
0.00000,0.00000,0.03362,0.00029,0.02339,0.00000,0.00000,0.00000,0.28179,0.00000,0.12766,0.00000,0.00000,0.19966,0.21820,0.02891,0.00376,0.00627,0.07282,0.00363
0.00000,0.08666,0.00000,0.08335,0.00231,0.24513,0.00000,0.00000,0.05977,0.00000,0.02959,0.01299,0.31826,0.00001,0.00089,0.00084,0.00000,0.00098,0.15921,0.00000
0.00000,0.00000,0.00000,0.00352,0.34042,0.00006,0.00001,0.00000,0.02769,0.00000,0.15732,0.00000,0.00080,0.16599,0.27807,0.00840,0.00000,0.00000,0.01223,0.00548
0.00000,0.00000,0.21951,0.00000,0.00080,0.00001,0.00000,0.00000,0.07981,0.00000,0.02894,0.00000,0.17725,0.00352,0.00000,0.19460,0.00029,0.00001,0.27474,0.02053
0.00000,0.00000,0.00260,0.00005,0.03786,0.00000,0.00000,0.00000,0.08969,0.00000,0.00240,0.00004,0.00025,0.00136,0.00000,0.85036,0.00997,0.00277,0.00253,0.00012
0.00000,0.00000,0.00014,0.00011,0.01485,0.00206,0.00000,0.00000,0.00003,0.00001,0.73974,0.03656,0.00005,0.01883,0.00000,0.10657,0.00900,0.05633,0.00470,0.01101
0.00198,0.00000,0.00000,0.00487,0.00434,0.00760,0.00107,0.00000,0.00000,0.00000,0.00045,0.00018,0.00000,0.07618,0.00000,0.01688,0.00000,0.84410,0.02379,0.01857
0.00000,0.06348,0.17205,0.00163,0.00724,0.09741,0.00000,0.00000,0.00014,0.00000,0.49440,0.00903,0.00001,0.00000,0.00044,0.08158,0.07143,0.00034,0.00082,0.00000
0.08118,0.00000,0.00120,0.07541,0.13682,0.00660,0.00000,0.00000,0.17782,0.00000,0.25911,0.01336,0.00035,0.00000,0.00000,0.01249,0.00356,0.00801,0.00010,0.22398
0.00000,0.00000,0.00003,0.01157,0.02995,0.00339,0.12768,0.00028,0.00002,0.00000,0.07123,0.00261,0.23028,0.51238,0.00000,0.00886,0.00000,0.00003,0.00170,0.00000
0.00000,0.00000,0.20744,0.03337,0.03616,0.00000,0.00000,0.00000,0.01650,0.00000,0.00040,0.00000,0.59594,0.02840,0.00000,0.00005,0.00255,0.00571,0.07349,0.00000
0.00000,0.00041,0.02277,0.17853,0.00126,0.00712,0.00000,0.00000,0.00000,0.00270,0.05352,0.01807,0.05254,0.00000,0.00000,0.00026,0.00071,0.58891,0.07308,0.00011
0.00000,0.00000,0.00115,0.10324,0.00185,0.00552,0.00000,0.00000,0.00001,0.00000,0.07318,0.00014,0.12834,0.03448,0.03716,0.08637,0.00428,0.51281,0.01051,0.00096
0.00000,0.00021,0.04366,0.00006,0.00169,0.61658,0.00000,0.00000,0.25921,0.00000,0.00002,0.01917,0.00000,0.00046,0.00000,0.00770,0.00366,0.04370,0.00389,0.00000
0.00000,0.00000,0.00005,0.88430,0.05940,0.03230,0.00000,0.00000,0.00239,0.00155,0.00013,0.00000,0.00000,0.00000,0.00000,0.00011,0.00000,0.01375,0.00601,0.00000
0.00000,0.00000,0.00000,0.00018,0.00113,0.00299,0.00000,0.00000,0.01132,0.00054,0.07020,0.00000,0.06094,0.00002,0.26193,0.02425,0.00000,0.03754,0.03373,0.49522
0.00000,0.00065,0.00028,0.18819,0.29287,0.01319,0.00000,0.00000,0.31717,0.00000,0.01080,0.00000,0.04951,0.01918,0.00000,0.00271,0.05628,0.02427,0.00001,0.02489
0.00000,0.00000,0.00000,0.02831,0.00004,0.10038,0.00000,0.00000,0.14575,0.00139,0.23354,0.12393,0.00000,0.00005,0.00000,0.25716,0.09727,0.00003,0.01203,0.00013
0.00000,0.00000,0.00836,0.01418,0.12763,0.19139,0.00000,0.00000,0.35947,0.00000,0.14325,0.00000,0.00000,0.01548,0.05963,0.00000,0.00366,0.00275,0.00240,0.07179
0.00000,0.00000,0.01664,0.00138,0.00014,0.08935,0.00000,0.00000,0.00001,0.00000,0.00364,0.36577,0.04938,0.00000,0.05347,0.00020,0.00000,0.37275,0.01911,0.02817
0.00000,0.00000,0.00012,0.00002,0.00305,0.33761,0.00000,0.00000,0.00000,0.00000,0.04302,0.00035,0.05949,0.00086,0.00000,0.00023,0.44438,0.04459,0.05789,0.00841
0.00000,0.06057,0.02218,0.01480,0.00211,0.28455,0.00000,0.00000,0.29109,0.00000,0.00020,0.00000,0.01480,0.02238,0.00000,0.24679,0.00021,0.00014,0.00001,0.04017
0.00000,0.00000,0.00000,0.29535,0.00218,0.00021,0.00000,0.00000,0.18077,0.00000,0.00028,0.00934,0.00127,0.00000,0.00027,0.10211,0.00076,0.40531,0.00155,0.00058
0.00000,0.00007,0.00000,0.08820,0.00009,0.03619,0.00000,0.00000,0.15409,0.00142,0.46904,0.08556,0.00375,0.00028,0.00000,0.00055,0.00031,0.05808,0.10233,0.00003
0.00000,0.00000,0.05978,0.02530,0.80732,0.00000,0.00000,0.00000,0.00002,0.00000,0.01500,0.00000,0.00000,0.00013,0.00000,0.01085,0.00001,0.08081,0.00016,0.00063
0.00000,0.00000,0.00000,0.00000,0.10769,0.00465,0.00000,0.00000,0.00694,0.17228,0.00268,0.00001,0.00000,0.01842,0.00000,0.38810,0.00299,0.00008,0.03956,0.25660
0.00000,0.13787,0.00152,0.38610,0.01550,0.14588,0.00000,0.00000,0.00003,0.00000,0.09298,0.01274,0.01440,0.00104,0.00000,0.14556,0.04555,0.00000,0.00044,0.00038
0.00000,0.00013,0.00957,0.00013,0.41956,0.00000,0.00000,0.00000,0.00009,0.00000,0.05661,0.00000,0.11579,0.04119,0.03416,0.04589,0.00071,0.27373,0.00141,0.00103
0.00000,0.00000,0.00008,0.16942,0.00057,0.00058,0.00000,0.00000,0.19357,0.00000,0.00551,0.00066,0.00015,0.00016,0.00000,0.60146,0.00005,0.02329,0.00451,0.00000
0.00000,0.00000,0.00000,0.09978,0.01375,0.17593,0.00000,0.00000,0.22051,0.00000,0.06877,0.00021,0.24144,0.00000,0.00000,0.00048,0.00000,0.16220,0.01693,0.00000
0.00000,0.00000,0.00030,0.21038,0.00823,0.01974,0.00000,0.00000,0.01063,0.00177,0.02496,0.00000,0.22356,0.00000,0.00000,0.26058,0.00031,0.04958,0.11276,0.07720
0.00000,0.00000,0.00360,0.62878,0.00145,0.00092,0.00000,0.00000,0.00083,0.00000,0.06697,0.17375,0.00206,0.10675,0.00000,0.00014,0.00357,0.00729,0.00023,0.00366
0.00000,0.00000,0.01630,0.03893,0.00000,0.00000,0.00000,0.00000,0.00001,0.00000,0.04054,0.00451,0.45442,0.00000,0.00000,0.02712,0.08940,0.06784,0.26076,0.00018
0.00000,0.01462,0.04291,0.04128,0.00203,0.00002,0.00000,0.00000,0.00024,0.00000,0.02719,0.00469,0.32454,0.03226,0.00000,0.38272,0.00000,0.12476,0.00273,0.00000
0.00000,0.00016,0.00001,0.00001,0.81416,0.00067,0.00000,0.00000,0.00175,0.00000,0.01233,0.10109,0.00000,0.00001,0.00000,0.00056,0.04176,0.00016,0.02639,0.00093
0.00000,0.00004,0.22608,0.41538,0.00037,0.00000,0.00000,0.00000,0.00000,0.00000,0.04687,0.00000,0.04937,0.04045,0.00000,0.04550,0.16048,0.01358,0.00150,0.00038
0.19252,0.00000,0.00544,0.00000,0.16519,0.00879,0.00000,0.00000,0.09959,0.00000,0.00001,0.00000,0.01034,0.25356,0.00000,0.17675,0.00000,0.08058,0.00304,0.00419
0.00000,0.17703,0.00000,0.00100,0.18468,0.00000,0.00000,0.00000,0.00000,0.00000,0.56223,0.00000,0.00031,0.00000,0.00003,0.03420,0.01824,0.00000,0.02083,0.00143
0.00000,0.00009,0.00012,0.00001,0.00000,0.00000,0.00000,0.00000,0.43779,0.00000,0.18921,0.00000,0.00246,0.00009,0.00000,0.15118,0.16251,0.02733,0.01370,0.01550
0.00000,0.00235,0.00000,0.00572,0.58630,0.00173,0.00000,0.00000,0.00000,0.22763,0.06186,0.00004,0.00072,0.00002,0.00000,0.01970,0.01936,0.00007,0.04147,0.03304
0.00040,0.00000,0.02474,0.16135,0.38191,0.00550,0.00000,0.00000,0.00475,0.00000,0.08132,0.00000,0.01197,0.13064,0.00000,0.01167,0.00354,0.15933,0.00070,0.02219
0.00000,0.00000,0.08916,0.00981,0.00314,0.00707,0.00392,0.00000,0.00000,0.00180,0.00131,0.00007,0.00048,0.04086,0.00000,0.25864,0.13318,0.00290,0.10050,0.34717
0.00000,0.01654,0.00000,0.12735,0.34455,0.00147,0.00000,0.00000,0.00149,0.00000,0.00000,0.00009,0.00049,0.02234,0.00000,0.16756,0.13929,0.08274,0.00007,0.09603
0.00000,0.00000,0.00000,0.00116,0.00076,0.00413,0.00000,0.00000,0.01482,0.04244,0.00011,0.00096,0.00000,0.00835,0.00000,0.00947,0.00001,0.22603,0.66018,0.03158
0.00000,0.00000,0.00047,0.00000,0.26544,0.00000,0.00000,0.00000,0.11716,0.00000,0.20434,0.00808,0.00003,0.01313,0.00085,0.32969,0.04222,0.00254,0.00044,0.01561
0.00000,0.00000,0.00001,0.07311,0.00343,0.38419,0.00000,0.00000,0.00934,0.00018,0.04222,0.01537,0.02083,0.00000,0.00000,0.00451,0.00035,0.24440,0.00006,0.20199
0.00000,0.00000,0.00000,0.00038,0.00001,0.00006,0.00000,0.00000,0.36438,0.00000,0.00462,0.48140,0.00025,0.03605,0.00000,0.00824,0.10158,0.00000,0.00303,0.00000
0.00005,0.00004,0.00015,0.00000,0.07647,0.01633,0.00772,0.00000,0.00003,0.00000,0.03597,0.00000,0.15046,0.00047,0.00000,0.05200,0.14734,0.08590,0.42450,0.00256
0.00000,0.00000,0.00000,0.01218,0.03636,0.00004,0.00000,0.00000,0.05393,0.00004,0.00007,0.00001,0.00000,0.00007,0.00000,0.27694,0.00000,0.61852,0.00182,0.00000
0.00000,0.00000,0.11996,0.03900,0.09717,0.00270,0.00000,0.00000,0.00002,0.00640,0.00000,0.00000,0.06912,0.27049,0.00000,0.04483,0.00000,0.31272,0.00002,0.03758
0.00000,0.00000,0.24332,0.00002,0.00493,0.00000,0.00000,0.00852,0.20898,0.00003,0.24175,0.00000,0.00006,0.00016,0.00000,0.00463,0.00000,0.04806,0.20459,0.03495
0.00000,0.00000,0.00000,0.00003,0.01108,0.00273,0.00000,0.00000,0.00000,0.00000,0.14852,0.00134,0.01941,0.12758,0.00000,0.01004,0.31325,0.04055,0.00000,0.32548
0.00006,0.00298,0.00108,0.04505,0.41386,0.00165,0.14251,0.00000,0.00378,0.00000,0.00028,0.00443,0.02017,0.00001,0.00000,0.02009,0.00000,0.01000,0.15238,0.18166
0.00000,0.00049,0.00000,0.00875,0.00004,0.32240,0.00000,0.00000,0.00676,0.00000,0.42417,0.00092,0.00000,0.00000,0.00000,0.00002,0.01977,0.09015,0.02535,0.10118
0.00000,0.00052,0.07065,0.08300,0.57857,0.00188,0.00000,0.00000,0.20970,0.00011,0.00052,0.01806,0.00001,0.00026,0.00000,0.00000,0.03349,0.00255,0.00064,0.00003
0.00000,0.00017,0.00000,0.00080,0.22501,0.04786,0.00000,0.01909,0.00227,0.00000,0.00000,0.08508,0.01424,0.01670,0.00000,0.02788,0.27882,0.08830,0.19148,0.00231
0.00000,0.00000,0.00001,0.00035,0.17976,0.48642,0.00000,0.00000,0.00455,0.00000,0.00003,0.00886,0.01937,0.06071,0.00000,0.00000,0.00000,0.21377,0.02618,0.00000
0.00000,0.00019,0.00000,0.91270,0.00044,0.00000,0.00000,0.00000,0.00202,0.00000,0.00959,0.00000,0.00069,0.03377,0.00001,0.00107,0.00000,0.01492,0.02434,0.00026
0.00000,0.00000,0.21535,0.00000,0.00035,0.02854,0.00000,0.00000,0.00000,0.00000,0.04830,0.01220,0.00000,0.00221,0.00000,0.64453,0.00119,0.03841,0.00329,0.00562
0.00000,0.00021,0.00000,0.02691,0.00193,0.03009,0.00000,0.00000,0.07828,0.00000,0.01297,0.14458,0.00000,0.28532,0.00000,0.00010,0.00318,0.29737,0.11738,0.00168
0.00000,0.00000,0.10167,0.09578,0.04909,0.00000,0.00000,0.00000,0.00853,0.00000,0.01319,0.00368,0.00139,0.11281,0.00000,0.00001,0.00000,0.01909,0.59424,0.00051
0.00000,0.00000,0.00017,0.00628,0.21522,0.03027,0.00000,0.00000,0.00000,0.00000,0.36836,0.09728,0.00000,0.00738,0.00000,0.00000,0.00975,0.00000,0.20064,0.06462
0.00000,0.00000,0.00115,0.13278,0.19116,0.11961,0.00000,0.00000,0.00004,0.01502,0.00182,0.50519,0.00244,0.00776,0.00000,0.00540,0.01542,0.00205,0.00015,0.00001
0.00000,0.01969,0.00003,0.00347,0.00504,0.00000,0.00000,0.00000,0.76714,0.00522,0.00000,0.05949,0.00447,0.07539,0.00000,0.02542,0.02215,0.00908,0.00081,0.00258
0.00000,0.00653,0.00000,0.00885,0.04972,0.00000,0.00000,0.00000,0.02246,0.00169,0.04470,0.00000,0.00241,0.03189,0.00000,0.00723,0.00000,0.00348,0.82102,0.00000
0.00000,0.00000,0.00096,0.01377,0.00005,0.00000,0.00000,0.00000,0.02085,0.00000,0.00056,0.00269,0.00241,0.00066,0.00000,0.17257,0.21257,0.30576,0.00868,0.25847
0.00000,0.00002,0.00381,0.09281,0.05410,0.01843,0.00000,0.00019,0.00000,0.00006,0.22166,0.07033,0.00000,0.00026,0.00000,0.48033,0.00021,0.00059,0.05719,0.00000
0.00000,0.40023,0.00233,0.00000,0.00915,0.00000,0.00000,0.00000,0.00070,0.00000,0.09427,0.00102,0.00324,0.09942,0.00000,0.00002,0.00025,0.23516,0.00253,0.15169
0.00000,0.00000,0.03903,0.00390,0.00136,0.01307,0.00000,0.00002,0.00517,0.00000,0.03775,0.00000,0.00611,0.00000,0.20038,0.05107,0.04692,0.20441,0.38513,0.00568
0.00000,0.00000,0.00000,0.52154,0.28173,0.00001,0.00000,0.00000,0.00541,0.00000,0.09516,0.03387,0.00924,0.04725,0.00000,0.00149,0.00000,0.00063,0.00368,0.00000
0.00000,0.00000,0.00305,0.04576,0.01002,0.00517,0.00000,0.01209,0.12906,0.00000,0.12588,0.01599,0.00551,0.02729,0.00000,0.08678,0.00000,0.29587,0.14762,0.08991
0.00000,0.00000,0.03067,0.00000,0.03099,0.12856,0.00000,0.00000,0.01027,0.00000,0.02325,0.00739,0.22604,0.06598,0.00000,0.20974,0.02878,0.20552,0.00075,0.03205
0.00000,0.00000,0.00455,0.00000,0.00537,0.00000,0.00000,0.00000,0.10431,0.00000,0.00000,0.00120,0.21857,0.60464,0.00000,0.00019,0.00001,0.02582,0.03527,0.00006
0.00000,0.19835,0.00001,0.00000,0.22426,0.00000,0.00000,0.00000,0.00015,0.00000,0.01097,0.00000,0.13436,0.03895,0.00000,0.01119,0.27747,0.00278,0.10126,0.00024
0.00000,0.00000,0.09890,0.00321,0.18494,0.01434,0.00001,0.00000,0.00000,0.00000,0.00001,0.00076,0.00424,0.20887,0.00000,0.43836,0.00000,0.04607,0.00003,0.00026
0.00000,0.00000,0.00000,0.06945,0.14074,0.00001,0.00000,0.00000,0.54170,0.00000,0.04460,0.01220,0.00014,0.00000,0.00000,0.10228,0.00104,0.08582,0.00087,0.00114
0.00000,0.00000,0.00000,0.24686,0.00082,0.06595,0.00000,0.00000,0.02163,0.00000,0.00000,0.00803,0.00000,0.04906,0.00000,0.42653,0.00011,0.17721,0.00381,0.00000
0.00000,0.28223,0.31847,0.00004,0.12795,0.00000,0.00000,0.00006,0.15278,0.00000,0.06336,0.00030,0.00000,0.00287,0.00000,0.00334,0.00000,0.03872,0.00987,0.00000
0.00000,0.00000,0.00000,0.08667,0.00057,0.31587,0.00000,0.00000,0.35776,0.00000,0.15739,0.00000,0.00437,0.00000,0.00000,0.00650,0.00973,0.03633,0.02479,0.00001
0.00000,0.00000,0.00943,0.09837,0.00125,0.21835,0.00000,0.00000,0.00003,0.07170,0.01096,0.01796,0.04852,0.00044,0.00000,0.02010,0.10880,0.02954,0.27684,0.08772
0.00000,0.00000,0.00103,0.04462,0.10832,0.00000,0.00000,0.00000,0.08801,0.00000,0.11344,0.00052,0.01881,0.00000,0.00000,0.08587,0.00843,0.00049,0.08192,0.44853
0.00000,0.00000,0.01126,0.05056,0.01792,0.00206,0.00000,0.00000,0.11027,0.00331,0.00372,0.00000,0.01347,0.08262,0.00001,0.00054,0.09738,0.17197,0.43492,0.00000
0.00000,0.19046,0.00078,0.02413,0.04022,0.00001,0.03295,0.00000,0.00000,0.00020,0.49706,0.00002,0.00616,0.00000,0.00972,0.00000,0.00089,0.19546,0.00167,0.00025
0.00000,0.00000,0.00028,0.04655,0.00470,0.00000,0.00000,0.00000,0.04996,0.00000,0.21371,0.15729,0.00000,0.37317,0.00000,0.08065,0.00558,0.00309,0.06500,0.00002
0.00000,0.00000,0.65720,0.00056,0.09819,0.01536,0.00000,0.00000,0.00002,0.00000,0.08776,0.13131,0.00267,0.00000,0.00000,0.00690,0.00000,0.00001,0.00001,0.00000
0.00000,0.00000,0.00001,0.00830,0.48166,0.00933,0.00000,0.00000,0.00072,0.00007,0.00001,0.11533,0.05866,0.24665,0.00000,0.03701,0.00391,0.01152,0.00000,0.02682
0.00000,0.00000,0.00585,0.03892,0.05321,0.00001,0.00951,0.00000,0.03877,0.00000,0.15156,0.12422,0.00148,0.00003,0.00000,0.00427,0.02870,0.00251,0.54083,0.00015
0.00000,0.00000,0.00002,0.00000,0.11963,0.00001,0.00000,0.00000,0.06026,0.00000,0.00002,0.00521,0.70089,0.00136,0.00000,0.01358,0.00000,0.03475,0.00023,0.06404
0.00000,0.00000,0.00690,0.10672,0.00111,0.41609,0.00000,0.00000,0.00108,0.12881,0.00213,0.00246,0.02107,0.00000,0.00000,0.03862,0.00000,0.00394,0.05084,0.22024
0.00000,0.00000,0.00481,0.00100,0.00000,0.00504,0.00000,0.00000,0.01785,0.00000,0.44648,0.01942,0.04465,0.08562,0.00000,0.00005,0.00211,0.00126,0.35072,0.02098
0.00000,0.00111,0.00000,0.06312,0.03936,0.00076,0.02233,0.00000,0.03532,0.00000,0.00469,0.19674,0.27371,0.00001,0.00000,0.02673,0.00003,0.00008,0.17830,0.15771
0.00103,0.00000,0.00066,0.00060,0.03769,0.00000,0.00000,0.00000,0.00007,0.01897,0.01798,0.28206,0.00000,0.24832,0.03292,0.00039,0.00000,0.35047,0.00882,0.00000
0.00000,0.16253,0.03785,0.07079,0.02473,0.01870,0.00000,0.00000,0.00002,0.00000,0.00006,0.00014,0.00752,0.00253,0.00188,0.16669,0.00013,0.00457,0.47606,0.02580
0.00000,0.00000,0.00064,0.00005,0.09429,0.50165,0.00000,0.00000,0.03045,0.00000,0.00031,0.00173,0.00000,0.00320,0.00000,0.15291,0.00000,0.04721,0.16755,0.00000
0.00000,0.00006,0.00000,0.00019,0.14229,0.01456,0.00000,0.00000,0.00003,0.00998,0.25242,0.00000,0.00000,0.00024,0.00000,0.02276,0.00629,0.54399,0.00709,0.00009
0.00000,0.00000,0.05282,0.03576,0.06017,0.00024,0.00000,0.00000,0.67057,0.00000,0.16862,0.00000,0.00767,0.00000,0.00000,0.00004,0.00001,0.00000,0.00049,0.00360
0.00000,0.00000,0.30987,0.15651,0.01237,0.00003,0.00000,0.37003,0.00003,0.00000,0.00000,0.00000,0.00288,0.02174,0.00000,0.00520,0.00000,0.03909,0.01500,0.06725
0.00000,0.00000,0.00009,0.00000,0.09560,0.23239,0.00000,0.00000,0.09828,0.00000,0.01688,0.00118,0.00160,0.05111,0.00000,0.41374,0.00000,0.08383,0.00460,0.00068
0.00000,0.00004,0.00001,0.00019,0.00038,0.00215,0.00094,0.00000,0.05735,0.05444,0.00256,0.00027,0.00000,0.02432,0.00000,0.62014,0.00000,0.13909,0.04481,0.05329
0.00000,0.02241,0.12356,0.11187,0.03432,0.00000,0.00000,0.00087,0.00026,0.02842,0.00002,0.04054,0.00101,0.00427,0.00000,0.00000,0.02073,0.00367,0.26385,0.34422
0.00000,0.00051,0.00250,0.09293,0.33446,0.02614,0.00000,0.00000,0.00002,0.00006,0.00002,0.04661,0.07100,0.39361,0.00000,0.00000,0.00171,0.00000,0.02986,0.00056
0.00000,0.00075,0.02565,0.08660,0.00297,0.00007,0.00000,0.00000,0.00851,0.00000,0.15738,0.00000,0.00243,0.41220,0.00815,0.02997,0.20054,0.01541,0.04936,0.00001
0.00000,0.00000,0.00758,0.13618,0.00015,0.00455,0.00000,0.00000,0.00154,0.00025,0.18210,0.17790,0.00001,0.00000,0.00000,0.02019,0.00000,0.46413,0.00093,0.00447
0.00000,0.00000,0.00062,0.00531,0.30735,0.00001,0.00000,0.00000,0.19085,0.00000,0.39071,0.00034,0.00000,0.08919,0.00000,0.00326,0.00219,0.00016,0.00131,0.00870
0.00000,0.00000,0.00001,0.00000,0.04659,0.01446,0.00000,0.00000,0.12368,0.00000,0.00004,0.00000,0.07558,0.00580,0.00000,0.07023,0.00062,0.00061,0.00422,0.65816
0.00000,0.00000,0.00000,0.00049,0.00000,0.37881,0.00404,0.00000,0.20357,0.00000,0.00548,0.00056,0.00266,0.06393,0.00000,0.00327,0.00765,0.32914,0.00000,0.00039
0.00000,0.04989,0.00000,0.04223,0.02601,0.13047,0.01224,0.00000,0.02767,0.00000,0.11346,0.00491,0.00001,0.01822,0.00000,0.22997,0.00000,0.00710,0.11071,0.22711
0.00000,0.00000,0.00000,0.00729,0.46233,0.00031,0.00000,0.00000,0.03099,0.00000,0.25220,0.00012,0.00000,0.18441,0.00000,0.00002,0.00201,0.00017,0.01630,0.04385
0.00000,0.00168,0.12009,0.00023,0.14013,0.00095,0.00023,0.00000,0.23399,0.00000,0.15446,0.00009,0.00000,0.00047,0.00245,0.26265,0.06498,0.00133,0.00333,0.01294
0.00000,0.00000,0.07305,0.05265,0.03037,0.00825,0.00000,0.00000,0.32111,0.00000,0.00000,0.01928,0.00027,0.00377,0.00000,0.00001,0.25339,0.21644,0.00000,0.02141
0.00000,0.03104,0.00067,0.00157,0.14314,0.00002,0.00000,0.00000,0.56599,0.00010,0.00008,0.01039,0.00374,0.03349,0.00000,0.10961,0.00508,0.00067,0.00750,0.08690
0.00000,0.00000,0.00000,0.00000,0.41720,0.07116,0.00000,0.00000,0.00005,0.00000,0.09625,0.00108,0.00002,0.00011,0.00000,0.03221,0.00032,0.15721,0.22438,0.00001
0.00000,0.00000,0.00124,0.00015,0.07403,0.40287,0.00000,0.00000,0.00000,0.04761,0.00354,0.00007,0.35884,0.00000,0.00000,0.00002,0.03902,0.07089,0.00046,0.00126
0.00000,0.00000,0.27953,0.00001,0.06282,0.00000,0.00000,0.00000,0.00005,0.00000,0.00118,0.09381,0.00000,0.01200,0.00000,0.00261,0.03956,0.00000,0.00523,0.50320
0.00000,0.00000,0.01565,0.04542,0.20995,0.00008,0.00003,0.00000,0.01842,0.00000,0.07640,0.00150,0.25163,0.30128,0.00000,0.00000,0.01813,0.00043,0.00065,0.06043
0.00000,0.00003,0.02404,0.00000,0.00007,0.21966,0.00000,0.00000,0.00112,0.00000,0.00942,0.06275,0.33539,0.02093,0.00000,0.03551,0.01216,0.10455,0.17082,0.00355
0.00000,0.00164,0.00343,0.00000,0.12686,0.00427,0.00000,0.00000,0.00060,0.03035,0.00058,0.00000,0.00503,0.01394,0.00000,0.00012,0.06305,0.36525,0.36678,0.01810
0.00000,0.00000,0.02576,0.13424,0.03996,0.00007,0.00000,0.00000,0.00007,0.00000,0.55270,0.00026,0.00570,0.01596,0.03629,0.00488,0.16665,0.00799,0.00946,0.00000
0.00000,0.00000,0.00000,0.00001,0.21189,0.00001,0.00000,0.00000,0.00686,0.00000,0.16046,0.00002,0.02389,0.02749,0.00000,0.27150,0.06386,0.10252,0.13148,0.00000
0.00000,0.00000,0.00000,0.00013,0.25935,0.00014,0.00000,0.00000,0.06153,0.00000,0.49998,0.00000,0.00258,0.00000,0.00000,0.00000,0.00000,0.16257,0.00405,0.00968
0.00000,0.00000,0.00073,0.01948,0.18624,0.10306,0.00000,0.00101,0.00110,0.00000,0.03437,0.00000,0.02193,0.00012,0.00000,0.48683,0.14082,0.00001,0.00001,0.00428
0.00000,0.00000,0.00001,0.00006,0.03934,0.00000,0.00000,0.00000,0.00003,0.00000,0.00114,0.00098,0.29359,0.35466,0.00000,0.00443,0.10380,0.00003,0.20192,0.00000
0.00000,0.06133,0.00349,0.05095,0.01280,0.00070,0.00000,0.00000,0.00000,0.08627,0.03817,0.29260,0.00063,0.00002,0.00000,0.02312,0.01285,0.41029,0.00000,0.00677
0.00000,0.01191,0.06473,0.00109,0.00000,0.22491,0.00000,0.00000,0.00000,0.00000,0.05229,0.18058,0.00000,0.00000,0.00000,0.03003,0.12960,0.00146,0.30265,0.00076
0.00000,0.01579,0.00058,0.00003,0.21904,0.00192,0.00000,0.00000,0.00263,0.00014,0.30980,0.00001,0.07439,0.00002,0.00000,0.15145,0.00131,0.00160,0.00267,0.21863
0.00000,0.00000,0.02747,0.00095,0.02348,0.00000,0.00000,0.00000,0.49923,0.00000,0.00830,0.00000,0.09385,0.00232,0.00005,0.00632,0.23650,0.03863,0.04047,0.02243
0.00000,0.00005,0.00001,0.00001,0.31367,0.00000,0.00188,0.02379,0.00000,0.00000,0.38921,0.08351,0.00001,0.00000,0.00000,0.00094,0.00000,0.00683,0.09825,0.08184
0.00000,0.00081,0.06248,0.00000,0.00381,0.18781,0.00000,0.00000,0.31720,0.00000,0.24372,0.00000,0.00000,0.00180,0.00000,0.00133,0.13278,0.01778,0.02813,0.00236
0.00000,0.00000,0.00967,0.21101,0.23110,0.00000,0.00000,0.00000,0.00748,0.00000,0.03804,0.00000,0.31146,0.00303,0.00000,0.03863,0.00740,0.00000,0.02508,0.11708
0.00000,0.00603,0.00003,0.15345,0.25051,0.05074,0.00000,0.00000,0.00036,0.00000,0.20947,0.15581,0.01016,0.01327,0.00000,0.00972,0.11920,0.01331,0.00794,0.00000
0.00000,0.06948,0.00002,0.29082,0.03800,0.29672,0.00000,0.00000,0.04830,0.00000,0.01190,0.00422,0.00728,0.00000,0.00000,0.02145,0.00101,0.11597,0.00172,0.09311
0.00000,0.00000,0.04144,0.00000,0.02308,0.00114,0.00000,0.00000,0.07418,0.00000,0.12782,0.00350,0.00295,0.00059,0.00000,0.19771,0.00000,0.00049,0.02487,0.50224
0.00000,0.00127,0.00010,0.00003,0.00040,0.00000,0.00000,0.00000,0.15741,0.02380,0.00015,0.00000,0.00000,0.21102,0.00000,0.53377,0.00000,0.03309,0.03882,0.00013
0.00000,0.00000,0.00173,0.00009,0.42264,0.00000,0.00000,0.00000,0.02783,0.01035,0.07134,0.05868,0.02412,0.30695,0.00001,0.00001,0.00001,0.00065,0.00005,0.07554
0.00000,0.00000,0.01302,0.00000,0.25419,0.00000,0.00000,0.00000,0.01321,0.00000,0.09498,0.29850,0.00003,0.00000,0.00028,0.12307,0.00000,0.00043,0.20229,0.00000
0.00000,0.00000,0.00350,0.04919,0.29504,0.08308,0.00000,0.00000,0.00060,0.00000,0.00001,0.00000,0.10039,0.00250,0.00583,0.00011,0.06418,0.00000,0.26786,0.12771
0.00000,0.01865,0.06032,0.00010,0.00000,0.00537,0.00000,0.00000,0.00133,0.00000,0.02011,0.00000,0.01757,0.06547,0.00000,0.64497,0.03621,0.00013,0.00501,0.12476
0.00000,0.00000,0.00000,0.00022,0.00599,0.06907,0.00000,0.00000,0.00006,0.03851,0.00701,0.59120,0.00663,0.00020,0.00915,0.00467,0.00126,0.02967,0.22449,0.01188
0.00000,0.00000,0.00000,0.00031,0.00002,0.00355,0.00000,0.00000,0.04620,0.00000,0.00002,0.00079,0.51955,0.00108,0.00000,0.02780,0.00000,0.00735,0.00288,0.39046
0.00000,0.00432,0.00448,0.13106,0.14271,0.00217,0.00000,0.00000,0.08161,0.00000,0.00005,0.00100,0.03602,0.00000,0.00001,0.14167,0.00000,0.00887,0.17265,0.27338
0.00000,0.00000,0.00012,0.00003,0.01292,0.17072,0.00000,0.00000,0.36011,0.00000,0.01315,0.00000,0.00968,0.00100,0.00000,0.05407,0.33251,0.04214,0.00014,0.00343
0.00000,0.00161,0.01279,0.00012,0.00105,0.00000,0.00000,0.00000,0.03474,0.00000,0.00233,0.15649,0.00009,0.00983,0.00000,0.06704,0.30915,0.24073,0.16404,0.00000
0.00000,0.00000,0.00440,0.00176,0.00000,0.00003,0.00000,0.00000,0.01410,0.00000,0.43746,0.00008,0.00004,0.00000,0.00000,0.11800,0.00000,0.00037,0.41737,0.00638
0.00000,0.00119,0.55458,0.00186,0.01196,0.02170,0.00000,0.00000,0.00002,0.00000,0.02349,0.00001,0.13687,0.00003,0.08425,0.00000,0.00000,0.09418,0.01077,0.05909
0.00000,0.00026,0.00014,0.00005,0.53634,0.03544,0.00000,0.00000,0.00008,0.00000,0.04684,0.03995,0.00354,0.11242,0.00000,0.07115,0.11644,0.00072,0.03602,0.00062
0.00000,0.00000,0.00000,0.01952,0.01816,0.00005,0.00000,0.00001,0.16021,0.00000,0.56298,0.01961,0.00000,0.09951,0.00285,0.00002,0.00918,0.00068,0.10721,0.00001
0.00000,0.00000,0.00058,0.00000,0.00388,0.17460,0.00000,0.00000,0.01314,0.00404,0.18428,0.01321,0.13604,0.00000,0.00000,0.18198,0.00000,0.28776,0.00025,0.00023
0.00000,0.00001,0.00134,0.00014,0.01816,0.00000,0.00000,0.00000,0.12147,0.00001,0.00001,0.00005,0.03710,0.74890,0.00000,0.00001,0.00133,0.06457,0.00000,0.00691
0.00000,0.00091,0.00000,0.68530,0.06873,0.00000,0.00000,0.00000,0.00888,0.05413,0.01015,0.00012,0.03229,0.00000,0.00000,0.00001,0.00002,0.13932,0.00013,0.00000
0.00000,0.00000,0.00001,0.21966,0.01438,0.00001,0.00000,0.00000,0.06801,0.00000,0.03639,0.00003,0.00908,0.11598,0.00000,0.26566,0.01281,0.17303,0.08493,0.00002
