0.00172,0.08033,0.19581,0.00987,0.04330,0.12242,0.05855,0.19103,0.09665,0.00302,0.19254,0.00475
0.00536,0.01743,0.01310,0.01346,0.68351,0.17360,0.04195,0.00885,0.03733,0.00264,0.00255,0.00022
0.00308,0.36730,0.01035,0.02897,0.45490,0.02381,0.02447,0.03573,0.04781,0.00168,0.00100,0.00090
0.00072,0.05712,0.09727,0.19135,0.38818,0.02123,0.00805,0.20230,0.01792,0.00255,0.01139,0.00192
0.00003,0.07656,0.09777,0.01180,0.42210,0.17425,0.03762,0.02828,0.02854,0.02107,0.07820,0.02378
0.00752,0.21366,0.01560,0.03793,0.19586,0.32244,0.08933,0.02435,0.07642,0.00011,0.00921,0.00757
0.00594,0.16534,0.14640,0.00529,0.28055,0.02097,0.03783,0.02064,0.04733,0.24141,0.01840,0.00990
0.00747,0.04263,0.00458,0.00581,0.05097,0.40254,0.00712,0.03876,0.43362,0.00183,0.00342,0.00126
0.01948,0.01283,0.14274,0.02578,0.06294,0.07154,0.01907,0.12768,0.49417,0.00223,0.02122,0.00033
0.01417,0.04018,0.01870,0.01184,0.06545,0.16583,0.18805,0.01605,0.46009,0.00128,0.01805,0.00031
0.00065,0.31035,0.01661,0.00762,0.19686,0.16845,0.12381,0.03245,0.07943,0.01303,0.04609,0.00465
0.00478,0.00899,0.00965,0.00609,0.77904,0.04216,0.00135,0.06622,0.07784,0.00190,0.00052,0.00145
0.02193,0.05197,0.06859,0.01286,0.15741,0.05447,0.02487,0.28618,0.20225,0.11855,0.00048,0.00045
0.00251,0.02995,0.03045,0.00825,0.47578,0.00362,0.28258,0.01242,0.12599,0.00437,0.02130,0.00277
0.00058,0.04059,0.01946,0.01124,0.08184,0.33949,0.06147,0.22381,0.17076,0.02737,0.00508,0.01832
0.03701,0.22232,0.05531,0.01160,0.15541,0.09343,0.07243,0.03888,0.30212,0.01071,0.00059,0.00019
0.00696,0.06237,0.07130,0.01807,0.25181,0.02263,0.03033,0.00593,0.08953,0.01090,0.42415,0.00604
0.00043,0.02508,0.02034,0.03124,0.47493,0.09685,0.00904,0.03138,0.29382,0.00038,0.01422,0.00228
0.07532,0.22523,0.03398,0.00334,0.26866,0.03694,0.11096,0.02957,0.20070,0.00300,0.01225,0.00003
0.00027,0.14478,0.02353,0.00007,0.07357,0.01063,0.01268,0.00798,0.70173,0.01984,0.00411,0.00080
0.00119,0.01640,0.05356,0.01577,0.16778,0.13840,0.01405,0.02433,0.55517,0.00345,0.00682,0.00306
0.00002,0.01053,0.19757,0.01023,0.25008,0.07214,0.16486,0.19920,0.04567,0.01423,0.03465,0.00082
0.00298,0.00807,0.00577,0.01264,0.40574,0.48235,0.01906,0.01087,0.02705,0.00691,0.00421,0.01435
0.06821,0.22282,0.15101,0.01981,0.07338,0.08933,0.01502,0.14407,0.05268,0.09776,0.06389,0.00201
0.00008,0.04859,0.02416,0.02671,0.43544,0.02480,0.02874,0.08266,0.08789,0.23388,0.00408,0.00298
0.06623,0.03002,0.02174,0.06645,0.31544,0.22210,0.08889,0.09089,0.08587,0.00356,0.00561,0.00319
0.04638,0.10330,0.01945,0.00240,0.30583,0.05881,0.10028,0.14940,0.18392,0.00344,0.02499,0.00181
0.01321,0.22425,0.02154,0.01757,0.38603,0.04141,0.02387,0.04949,0.02684,0.07174,0.07587,0.04820
0.00846,0.02257,0.47035,0.00950,0.03596,0.09360,0.21023,0.06753,0.06290,0.00894,0.00844,0.00152
0.02032,0.28888,0.02622,0.00388,0.14510,0.10998,0.16029,0.08190,0.15354,0.00208,0.00486,0.00297
0.00052,0.04457,0.01907,0.01727,0.04156,0.34710,0.06074,0.29100,0.13467,0.02371,0.01524,0.00456
0.00458,0.14004,0.25551,0.00303,0.19048,0.01448,0.01394,0.14966,0.21662,0.00023,0.01083,0.00061
0.00174,0.30947,0.03426,0.02166,0.23079,0.08827,0.06353,0.22269,0.02558,0.00170,0.00007,0.00024
0.02036,0.01129,0.03332,0.00527,0.16679,0.22901,0.00949,0.10484,0.04319,0.00371,0.36824,0.00448
0.03440,0.22196,0.05267,0.01488,0.17283,0.24837,0.01115,0.17048,0.07035,0.00009,0.00193,0.00090
0.00430,0.03617,0.03875,0.05382,0.09479,0.45417,0.01087,0.15546,0.14428,0.00015,0.00006,0.00716
0.00052,0.14860,0.02468,0.00000,0.51048,0.04292,0.18882,0.01735,0.03865,0.01356,0.00946,0.00495
0.00832,0.08601,0.01332,0.07841,0.15667,0.04777,0.05580,0.07942,0.42972,0.00548,0.03830,0.00080
0.00081,0.11965,0.01052,0.15027,0.14516,0.02279,0.02011,0.34485,0.17698,0.00180,0.00492,0.00216
0.00197,0.07041,0.04540,0.00477,0.19403,0.34819,0.03326,0.02326,0.14107,0.00291,0.13457,0.00017
0.00344,0.24478,0.24240,0.01897,0.13415,0.02078,0.00870,0.03841,0.28175,0.00262,0.00386,0.00015
0.00946,0.39726,0.04847,0.02606,0.31428,0.01702,0.01833,0.08393,0.04855,0.00874,0.02097,0.00693
0.02044,0.04026,0.00960,0.01068,0.73275,0.05028,0.01723,0.06457,0.03528,0.01671,0.00209,0.00010
0.00164,0.11693,0.00715,0.00394,0.57575,0.20019,0.01407,0.01724,0.04619,0.01234,0.00336,0.00121
0.01202,0.12521,0.18843,0.00410,0.25371,0.02122,0.04200,0.04469,0.14299,0.00497,0.13409,0.02656
0.09813,0.25102,0.01829,0.03090,0.21044,0.04578,0.04249,0.23916,0.04113,0.00938,0.01063,0.00266
0.00228,0.41625,0.05333,0.00588,0.14479,0.12201,0.00545,0.07626,0.05538,0.02125,0.00376,0.09335
0.03779,0.00670,0.02049,0.06579,0.18236,0.03716,0.30744,0.16187,0.10418,0.00399,0.03624,0.03598
0.00597,0.09173,0.04547,0.00181,0.16831,0.06307,0.04444,0.02590,0.54928,0.00132,0.00245,0.00025
0.00536,0.05643,0.00682,0.00556,0.58411,0.28037,0.02053,0.00969,0.02268,0.00834,0.00011,0.00000
0.00114,0.01211,0.06091,0.00079,0.45057,0.07678,0.07956,0.27939,0.02233,0.00398,0.00236,0.01007
0.03618,0.02172,0.01112,0.00468,0.58431,0.06988,0.02625,0.08744,0.11869,0.00003,0.03651,0.00319
0.00059,0.01585,0.01009,0.00750,0.03261,0.08325,0.03893,0.01131,0.54688,0.00026,0.25102,0.00168
0.00432,0.17872,0.03829,0.04628,0.13255,0.13152,0.05263,0.18283,0.08550,0.07581,0.02628,0.04526
0.02037,0.21179,0.06873,0.00947,0.05145,0.19493,0.11400,0.07731,0.21499,0.01448,0.00050,0.02197
0.02253,0.06995,0.02431,0.00489,0.17481,0.27752,0.04732,0.06370,0.09347,0.00014,0.21774,0.00364
0.00840,0.01385,0.01401,0.03109,0.37327,0.04341,0.00939,0.02143,0.26864,0.00335,0.20320,0.00996
0.01474,0.02156,0.02483,0.01660,0.12478,0.28123,0.12078,0.13753,0.21426,0.01885,0.02046,0.00438
0.15785,0.40214,0.02368,0.00823,0.02184,0.05033,0.00704,0.27299,0.04142,0.01114,0.00324,0.00009
0.00327,0.03937,0.01920,0.00257,0.30957,0.06333,0.03172,0.03961,0.02594,0.00812,0.45243,0.00487
0.00163,0.04681,0.05509,0.03097,0.19839,0.48771,0.04096,0.02970,0.09259,0.00307,0.00730,0.00577
0.00673,0.06606,0.01014,0.00411,0.48403,0.03539,0.00592,0.01991,0.34168,0.00875,0.01515,0.00211
0.03089,0.03326,0.11420,0.00043,0.11843,0.07701,0.14322,0.21258,0.02134,0.10470,0.14259,0.00136
0.03407,0.16400,0.00835,0.00309,0.05109,0.07531,0.02619,0.05223,0.32881,0.02612,0.01237,0.21839
0.00274,0.14596,0.06116,0.00698,0.31645,0.11826,0.03110,0.24292,0.06494,0.00402,0.00540,0.00008
0.00037,0.12185,0.03001,0.08220,0.56716,0.02388,0.03653,0.03268,0.08123,0.00086,0.02197,0.00126
0.00010,0.07732,0.00244,0.25787,0.02112,0.06815,0.02723,0.26547,0.27086,0.00824,0.00075,0.00046
0.00032,0.05391,0.06101,0.05963,0.60635,0.00836,0.03087,0.01808,0.10720,0.03177,0.01987,0.00263
0.00586,0.03334,0.05537,0.01424,0.52427,0.01371,0.01799,0.13833,0.12923,0.00045,0.06054,0.00666
0.00684,0.12503,0.03190,0.02004,0.35441,0.15458,0.04497,0.04415,0.20676,0.00237,0.00726,0.00170
0.00926,0.01936,0.05779,0.00579,0.12812,0.15519,0.02149,0.00980,0.04347,0.00096,0.54572,0.00305
0.00350,0.02424,0.01749,0.01470,0.37836,0.01945,0.00262,0.39597,0.10991,0.01262,0.00550,0.01563
0.00174,0.06940,0.06861,0.01089,0.52770,0.02166,0.08986,0.03019,0.13640,0.01243,0.02378,0.00734
0.00000,0.04837,0.00513,0.09101,0.31072,0.04992,0.03695,0.27195,0.17134,0.00088,0.00930,0.00442
0.13212,0.02874,0.15749,0.00453,0.48694,0.05984,0.04336,0.02265,0.02921,0.03120,0.00385,0.00006
0.00211,0.03488,0.01718,0.03054,0.70614,0.09606,0.02883,0.05278,0.01413,0.00247,0.01198,0.00289
0.01628,0.00401,0.01472,0.01631,0.26474,0.30714,0.06487,0.05436,0.09184,0.06014,0.07395,0.03165
0.00195,0.03774,0.00939,0.04180,0.08616,0.39330,0.00125,0.39267,0.02585,0.00084,0.00673,0.00232
0.04279,0.03636,0.31703,0.10829,0.19315,0.01412,0.00963,0.09633,0.15989,0.02057,0.00043,0.00141
0.06424,0.02361,0.16748,0.01148,0.23261,0.21118,0.00094,0.05611,0.13353,0.01666,0.07819,0.00396
0.00807,0.39966,0.03650,0.06615,0.17718,0.02374,0.01527,0.03958,0.22082,0.00358,0.00692,0.00252
0.00048,0.16082,0.20281,0.02994,0.03550,0.38274,0.00614,0.02986,0.04598,0.00147,0.10262,0.00163
0.00001,0.09562,0.02347,0.02671,0.38367,0.13941,0.19499,0.01973,0.09398,0.00304,0.01356,0.00579
0.00049,0.01441,0.03241,0.00940,0.22925,0.45219,0.00567,0.03338,0.20631,0.00419,0.00345,0.00885
0.00004,0.01503,0.00766,0.00985,0.59656,0.11070,0.01336,0.02029,0.03853,0.04672,0.04634,0.09491
0.02659,0.05566,0.04217,0.00322,0.06180,0.02414,0.00767,0.47985,0.28665,0.00494,0.00252,0.00478
0.01650,0.16959,0.01326,0.04235,0.25575,0.17845,0.02497,0.06885,0.21585,0.00371,0.00769,0.00304
0.01312,0.03809,0.00714,0.02067,0.29054,0.03437,0.01402,0.23135,0.32664,0.00689,0.01599,0.00119
0.00128,0.01406,0.01274,0.04598,0.51086,0.06841,0.31667,0.00994,0.01114,0.00476,0.00415,0.00000
0.00007,0.05870,0.17640,0.00596,0.48606,0.20325,0.00822,0.04297,0.00402,0.00033,0.01237,0.00167
0.00282,0.02588,0.04131,0.00055,0.53308,0.29775,0.00693,0.04332,0.03634,0.00828,0.00360,0.00013
0.00052,0.09101,0.01221,0.06838,0.54236,0.05515,0.15028,0.04624,0.02039,0.00342,0.00711,0.00295
0.00859,0.07126,0.17347,0.07941,0.33174,0.02679,0.08905,0.14252,0.01532,0.00779,0.05306,0.00099
0.00082,0.13437,0.04307,0.00899,0.26670,0.32821,0.04653,0.02337,0.04544,0.00599,0.09144,0.00508
0.00507,0.02526,0.03128,0.00867,0.10681,0.01944,0.04791,0.00961,0.68011,0.00076,0.06370,0.00139
0.01317,0.05494,0.12092,0.00796,0.59987,0.06835,0.04736,0.03547,0.03739,0.00811,0.00256,0.00388
0.00127,0.01219,0.04297,0.02374,0.51355,0.28347,0.00706,0.03640,0.04204,0.00240,0.03444,0.00046
0.06932,0.05373,0.02664,0.02135,0.30055,0.17886,0.15729,0.05038,0.08373,0.01448,0.04364,0.00003
0.01224,0.20987,0.01389,0.04131,0.18772,0.14078,0.00547,0.04710,0.29214,0.00009,0.00316,0.04623
0.00854,0.44082,0.02750,0.00815,0.43619,0.01918,0.00406,0.01454,0.01106,0.01628,0.00260,0.01107
