0.01289,0.00967,0.15055,0.67773,0.03560,0.00505,0.03598,0.05243,0.00177,0.00153,0.00212,0.00485,0.00011,0.00496,0.00475
0.00058,0.00290,0.00268,0.01799,0.00000,0.00002,0.00737,0.00082,0.00712,0.01070,0.94862,0.00002,0.00017,0.00080,0.00022
0.00988,0.02916,0.01857,0.02603,0.02002,0.00516,0.00820,0.50220,0.37016,0.00317,0.00182,0.00292,0.00002,0.00221,0.00046
0.00440,0.00737,0.06045,0.00014,0.00001,0.00969,0.00166,0.00133,0.90114,0.00786,0.00129,0.00377,0.00004,0.00010,0.00075
0.00078,0.01525,0.44444,0.00515,0.00929,0.02279,0.00013,0.20454,0.24315,0.00028,0.00188,0.00072,0.00346,0.00002,0.04810
0.00007,0.00453,0.15830,0.02962,0.00465,0.49476,0.00176,0.00496,0.23935,0.00039,0.00159,0.00844,0.00470,0.04689,0.00000
0.34486,0.00317,0.24073,0.00981,0.01370,0.16610,0.20296,0.01686,0.00032,0.00001,0.00000,0.00054,0.00008,0.00057,0.00027
0.00665,0.00883,0.02020,0.63196,0.00001,0.25842,0.02218,0.01544,0.02891,0.00079,0.00054,0.00048,0.00001,0.00514,0.00045
0.04301,0.00124,0.93353,0.01240,0.00004,0.00351,0.00053,0.00285,0.00133,0.00073,0.00044,0.00026,0.00013,0.00000,0.00000
0.01097,0.18799,0.00510,0.00822,0.00370,0.00022,0.00157,0.01820,0.27739,0.00000,0.00011,0.46587,0.00648,0.01197,0.00220
0.00560,0.00426,0.00857,0.01111,0.00060,0.83666,0.01996,0.03784,0.00367,0.00666,0.03361,0.00176,0.00480,0.01358,0.01134
0.09591,0.03292,0.18326,0.07139,0.00000,0.00566,0.34653,0.00583,0.18558,0.07067,0.00042,0.00062,0.00030,0.00029,0.00061
0.03245,0.02537,0.00474,0.00163,0.00000,0.46815,0.15236,0.00311,0.02901,0.05520,0.20729,0.00217,0.01093,0.00623,0.00136
0.00856,0.05866,0.02792,0.01343,0.00269,0.00184,0.02709,0.00178,0.00289,0.00745,0.00040,0.00706,0.00298,0.83625,0.00100
0.00341,0.00073,0.00870,0.02030,0.00140,0.00255,0.09712,0.23750,0.00166,0.00298,0.00041,0.00188,0.00377,0.61758,0.00001
0.00140,0.00189,0.01337,0.00641,0.00035,0.00602,0.00259,0.01422,0.94078,0.00067,0.00092,0.00545,0.00014,0.00049,0.00531
0.00222,0.04558,0.34909,0.00022,0.00197,0.01276,0.57146,0.00769,0.00371,0.00005,0.00254,0.00268,0.00001,0.00002,0.00000
0.42534,0.09237,0.27377,0.05076,0.01696,0.02250,0.01785,0.05691,0.01130,0.02770,0.00064,0.00006,0.00083,0.00300,0.00000
0.00047,0.01325,0.44580,0.00884,0.00136,0.05925,0.00394,0.00327,0.01481,0.00186,0.00240,0.00200,0.00011,0.43254,0.01011
0.01013,0.00205,0.10319,0.01743,0.00060,0.00099,0.00084,0.00328,0.01653,0.00054,0.00018,0.09795,0.73683,0.00755,0.00193
0.00126,0.13617,0.01774,0.19828,0.02150,0.03086,0.00484,0.00563,0.01460,0.00430,0.00457,0.12269,0.07789,0.00016,0.35950
0.00924,0.02624,0.57897,0.36480,0.00102,0.01516,0.00106,0.00075,0.00009,0.00008,0.00000,0.00143,0.00001,0.00089,0.00026
0.02101,0.02224,0.06545,0.04027,0.00117,0.31203,0.03833,0.24052,0.00273,0.14156,0.01348,0.03440,0.00162,0.00108,0.06412
0.53646,0.00441,0.10313,0.01276,0.03375,0.24673,0.00659,0.01519,0.00060,0.03267,0.00061,0.00389,0.00099,0.00222,0.00000
0.00004,0.00484,0.08382,0.06108,0.01175,0.03141,0.05266,0.00095,0.02732,0.00849,0.00204,0.51636,0.00982,0.13612,0.05330
0.00027,0.00454,0.00645,0.00573,0.00000,0.01117,0.00374,0.86361,0.01256,0.00382,0.00015,0.05725,0.01785,0.00381,0.00905
0.00409,0.02267,0.05604,0.00225,0.00005,0.00043,0.00667,0.12613,0.00122,0.00757,0.00011,0.02350,0.00000,0.74864,0.00063
0.01982,0.00266,0.73240,0.00059,0.00250,0.00089,0.19273,0.00330,0.02553,0.00130,0.00385,0.00781,0.00576,0.00041,0.00046
0.00452,0.00499,0.26357,0.00787,0.01766,0.00418,0.00822,0.01987,0.03494,0.05515,0.05428,0.01067,0.00106,0.49222,0.02081
0.01056,0.11757,0.24871,0.01888,0.01762,0.10201,0.03514,0.11322,0.12838,0.00534,0.06853,0.00377,0.00033,0.10799,0.02192
0.00566,0.00488,0.05778,0.19223,0.04424,0.02796,0.00823,0.64759,0.00418,0.00410,0.00001,0.00254,0.00000,0.00042,0.00017
0.00006,0.00984,0.62603,0.02829,0.00605,0.29090,0.01789,0.00181,0.00386,0.00917,0.00017,0.00005,0.00475,0.00108,0.00008
0.04400,0.00329,0.00582,0.01269,0.00418,0.92154,0.00041,0.00000,0.00263,0.00308,0.00014,0.00021,0.00072,0.00116,0.00013
0.21345,0.00135,0.00194,0.00068,0.01745,0.26774,0.01464,0.47009,0.00180,0.00220,0.00001,0.00053,0.00024,0.00597,0.00191
0.00729,0.00151,0.52953,0.28498,0.00393,0.00764,0.06764,0.02681,0.00092,0.02521,0.00057,0.03129,0.00958,0.00000,0.00309
0.00312,0.00290,0.00258,0.00429,0.00562,0.50246,0.00964,0.04113,0.00112,0.01045,0.00167,0.01241,0.00218,0.37426,0.02618
0.04170,0.00744,0.01543,0.00060,0.00224,0.75895,0.01525,0.02939,0.02449,0.08899,0.01303,0.00248,0.00000,0.00000,0.00000
0.00055,0.48939,0.00895,0.00028,0.00000,0.01858,0.11867,0.20588,0.15439,0.00306,0.00001,0.00010,0.00007,0.00003,0.00003
0.14025,0.01536,0.06655,0.00314,0.00386,0.01119,0.00000,0.01617,0.07987,0.00117,0.00249,0.00942,0.00874,0.63460,0.00720
0.00218,0.18287,0.16920,0.30136,0.00082,0.15886,0.00498,0.00279,0.01497,0.00404,0.01183,0.13999,0.00560,0.00032,0.00019
0.00155,0.00513,0.00599,0.01225,0.00050,0.00575,0.00149,0.00293,0.00154,0.00651,0.00014,0.95109,0.00511,0.00000,0.00000
0.47028,0.02223,0.25920,0.01246,0.00997,0.01231,0.00616,0.18760,0.00327,0.00055,0.00011,0.00009,0.00069,0.00432,0.01077
0.03578,0.05435,0.01165,0.32322,0.00050,0.02380,0.30462,0.03587,0.02349,0.06148,0.00097,0.12404,0.00000,0.00015,0.00007
0.00351,0.00127,0.06216,0.16451,0.00126,0.00237,0.04007,0.00301,0.00425,0.00437,0.00129,0.69597,0.00124,0.01057,0.00414
0.00021,0.09815,0.04132,0.02279,0.03004,0.40415,0.09078,0.03271,0.07083,0.15689,0.00359,0.04074,0.00367,0.00404,0.00009
0.00939,0.01861,0.84299,0.02763,0.00164,0.00502,0.06070,0.00159,0.00033,0.00104,0.00094,0.00017,0.00042,0.01470,0.01484
0.02982,0.07844,0.04557,0.04498,0.01146,0.04195,0.10774,0.13063,0.38257,0.07752,0.00330,0.02938,0.00031,0.00020,0.01613
0.00614,0.00903,0.00454,0.00613,0.01817,0.00192,0.02074,0.63463,0.06913,0.01829,0.00365,0.20687,0.00002,0.00032,0.00043
0.00067,0.09536,0.43538,0.07971,0.05579,0.06971,0.00392,0.23761,0.01228,0.00905,0.00001,0.00001,0.00002,0.00025,0.00023
0.01133,0.01874,0.14098,0.02758,0.01292,0.00684,0.00080,0.01810,0.00708,0.01245,0.00000,0.00191,0.73656,0.00031,0.00438
0.00373,0.02194,0.51966,0.00226,0.00275,0.03022,0.00177,0.41206,0.00035,0.00019,0.00007,0.00325,0.00068,0.00001,0.00106
0.00039,0.04947,0.00100,0.00593,0.05082,0.06325,0.00085,0.56121,0.00678,0.00298,0.24812,0.00441,0.00098,0.00088,0.00294
0.00765,0.00114,0.70617,0.07102,0.00145,0.00797,0.03127,0.00579,0.15256,0.00091,0.00472,0.00103,0.00643,0.00034,0.00155
0.00067,0.02331,0.00577,0.11861,0.11179,0.06364,0.00624,0.28565,0.00486,0.01234,0.00119,0.36143,0.00358,0.00008,0.00084
0.04395,0.04867,0.01213,0.06518,0.00119,0.00318,0.00190,0.04896,0.00727,0.00223,0.00093,0.76327,0.00114,0.00000,0.00000
0.16858,0.00888,0.49928,0.01283,0.01194,0.12995,0.00054,0.07633,0.08685,0.00009,0.00248,0.00177,0.00009,0.00023,0.00015
0.00458,0.16632,0.61001,0.00611,0.01459,0.01774,0.00622,0.13450,0.01945,0.00376,0.00106,0.00359,0.00002,0.00761,0.00443
0.01729,0.35666,0.07058,0.17792,0.00847,0.03382,0.00144,0.00738,0.01759,0.01860,0.00232,0.28306,0.00023,0.00026,0.00436
0.13831,0.00572,0.01355,0.27721,0.02330,0.02705,0.02114,0.04268,0.00008,0.00023,0.43286,0.01555,0.00042,0.00188,0.00000
0.02015,0.04472,0.82047,0.07745,0.00275,0.00121,0.00165,0.01724,0.00013,0.00205,0.01045,0.00168,0.00002,0.00004,0.00001
0.25732,0.00239,0.35661,0.05150,0.00022,0.03336,0.00489,0.01812,0.00000,0.01076,0.00011,0.17215,0.00330,0.08704,0.00224
0.00121,0.02660,0.01674,0.02657,0.00807,0.00887,0.05984,0.04872,0.47918,0.04372,0.00760,0.00661,0.04756,0.00037,0.21835
0.01154,0.13028,0.15701,0.00122,0.00000,0.01026,0.00234,0.12590,0.00378,0.01379,0.00209,0.52098,0.00580,0.00952,0.00549
0.01462,0.00363,0.11124,0.00058,0.00025,0.00078,0.02265,0.00741,0.81211,0.01252,0.00340,0.00664,0.00069,0.00286,0.00063
0.07313,0.18876,0.01690,0.16729,0.00029,0.04395,0.01579,0.03149,0.43478,0.01231,0.00117,0.00073,0.00075,0.00386,0.00880
0.00620,0.00132,0.98402,0.00110,0.00096,0.00037,0.00046,0.00145,0.00116,0.00023,0.00003,0.00116,0.00092,0.00031,0.00032
0.02152,0.00484,0.01740,0.01669,0.00196,0.04342,0.00041,0.02500,0.00929,0.03597,0.00460,0.35638,0.01306,0.44178,0.00768
0.00040,0.86733,0.00627,0.00981,0.00001,0.02829,0.02960,0.00779,0.00000,0.00229,0.00046,0.04463,0.00309,0.00002,0.00001
0.00103,0.27742,0.26046,0.01112,0.00069,0.00169,0.00357,0.00252,0.01591,0.00032,0.00026,0.04487,0.01002,0.35504,0.01510
0.00114,0.00767,0.00694,0.06410,0.23227,0.01262,0.04236,0.55991,0.00653,0.06277,0.00040,0.00181,0.00029,0.00107,0.00010
0.23406,0.04516,0.56941,0.00449,0.00000,0.00003,0.00569,0.13288,0.00255,0.00003,0.00005,0.00053,0.00094,0.00412,0.00004
0.00088,0.01874,0.31219,0.00122,0.00871,0.00214,0.25074,0.13800,0.06355,0.15789,0.00418,0.00150,0.02302,0.01570,0.00151
0.00282,0.35749,0.30139,0.00063,0.01970,0.00006,0.05232,0.00170,0.00096,0.00172,0.00084,0.25954,0.00082,0.00003,0.00000
0.00015,0.00373,0.00177,0.00195,0.01941,0.00121,0.00256,0.00107,0.00257,0.00010,0.00073,0.00078,0.00330,0.95917,0.00149
0.19686,0.60435,0.05473,0.00516,0.00230,0.00018,0.01895,0.04471,0.00422,0.00962,0.04997,0.00008,0.00281,0.00026,0.00580
0.11980,0.03944,0.32079,0.00271,0.01607,0.02578,0.05237,0.41382,0.00736,0.00059,0.00023,0.00000,0.00001,0.00002,0.00100
0.00603,0.30543,0.01033,0.01723,0.00046,0.00839,0.40628,0.03877,0.00289,0.02088,0.00431,0.00359,0.00973,0.00032,0.16536
0.00152,0.00010,0.04960,0.00757,0.00715,0.38367,0.00962,0.02134,0.00918,0.00376,0.00530,0.48357,0.00418,0.01185,0.00158
0.00496,0.00186,0.29384,0.00690,0.02481,0.00201,0.26167,0.39986,0.00084,0.00213,0.00021,0.00027,0.00014,0.00021,0.00028
0.00128,0.00070,0.74938,0.00222,0.00079,0.02438,0.00233,0.01194,0.00001,0.02063,0.00012,0.18464,0.00045,0.00111,0.00002
0.01837,0.00728,0.53032,0.01100,0.00000,0.14923,0.00182,0.27538,0.00031,0.00093,0.00032,0.00087,0.00071,0.00036,0.00310
0.01277,0.96331,0.00773,0.01046,0.00005,0.00204,0.00130,0.00083,0.00004,0.00011,0.00000,0.00069,0.00002,0.00025,0.00041
0.00090,0.08471,0.79932,0.00379,0.00119,0.08681,0.00577,0.00725,0.00724,0.00039,0.00055,0.00144,0.00000,0.00057,0.00006
0.00096,0.09786,0.04934,0.13816,0.00231,0.04717,0.00292,0.05677,0.00340,0.02737,0.00493,0.03016,0.02159,0.00184,0.51522
0.00362,0.00000,0.78495,0.11536,0.00875,0.03471,0.01981,0.00179,0.00205,0.00179,0.00522,0.00335,0.01844,0.00004,0.00012
0.00007,0.03437,0.25381,0.08645,0.11029,0.15776,0.18207,0.09963,0.00286,0.02589,0.00022,0.00254,0.00597,0.03521,0.00286
0.00006,0.00110,0.97786,0.00208,0.00022,0.00024,0.00294,0.01125,0.00001,0.00100,0.00000,0.00302,0.00016,0.00004,0.00002
0.29293,0.11748,0.10031,0.00366,0.11243,0.00182,0.04815,0.00904,0.01258,0.03269,0.02010,0.24871,0.00000,0.00008,0.00004
0.17017,0.10112,0.00857,0.00106,0.00609,0.01085,0.15987,0.48865,0.00042,0.04852,0.00193,0.00046,0.00004,0.00162,0.00062
0.00057,0.22592,0.01547,0.02832,0.03421,0.02938,0.05363,0.23229,0.12557,0.17873,0.00024,0.01616,0.00045,0.00419,0.05488
0.01362,0.13249,0.01070,0.07629,0.28412,0.00079,0.00024,0.00049,0.00367,0.47257,0.00024,0.00009,0.00306,0.00145,0.00016
0.00195,0.26499,0.03092,0.00484,0.00383,0.00920,0.01164,0.00355,0.00328,0.32066,0.00662,0.03231,0.23964,0.05757,0.00899
0.04984,0.05321,0.26562,0.07517,0.00205,0.47253,0.00471,0.02320,0.00073,0.02066,0.00009,0.00832,0.00006,0.02122,0.00258
0.14349,0.00170,0.73877,0.02384,0.04649,0.00309,0.00494,0.01388,0.00012,0.01336,0.00175,0.00416,0.00000,0.00070,0.00372
0.03403,0.03771,0.73248,0.01671,0.00230,0.01325,0.00037,0.03263,0.00202,0.02007,0.04311,0.01478,0.00214,0.02598,0.02242
0.03070,0.01925,0.01253,0.00407,0.04925,0.00003,0.00170,0.02935,0.48395,0.01172,0.00049,0.35116,0.00121,0.00077,0.00383
0.01886,0.78328,0.05592,0.00177,0.00964,0.02154,0.01916,0.03619,0.00200,0.03941,0.00504,0.00465,0.00117,0.00039,0.00097
0.03802,0.00182,0.91713,0.00853,0.00434,0.00201,0.00271,0.00207,0.01500,0.00814,0.00005,0.00013,0.00000,0.00004,0.00001
0.00283,0.02524,0.01806,0.00410,0.01395,0.76866,0.02229,0.07733,0.02774,0.00123,0.00008,0.00020,0.01750,0.01095,0.00985
0.47325,0.00147,0.05403,0.02496,0.00094,0.00207,0.00335,0.24304,0.00557,0.12609,0.06008,0.00174,0.00224,0.00084,0.00034
