0.02843,0.03386,0.03684,0.03084,0.68270,0.16216,0.02518
0.07390,0.04076,0.01735,0.02784,0.13703,0.68403,0.01908
0.44211,0.01771,0.00162,0.01308,0.00839,0.01126,0.50582
0.74030,0.00688,0.01669,0.03052,0.04268,0.13267,0.03026
0.19082,0.00571,0.00131,0.01395,0.00416,0.00350,0.78056
0.15255,0.79071,0.00920,0.01710,0.00895,0.00819,0.01329
0.92608,0.00328,0.00101,0.00540,0.01311,0.01548,0.03564
0.20525,0.75986,0.00175,0.00734,0.00287,0.00469,0.01824
0.63224,0.01236,0.01087,0.22694,0.02124,0.06674,0.02961
0.19393,0.34048,0.00348,0.01249,0.20338,0.00842,0.23782
0.01580,0.01837,0.00166,0.03914,0.00473,0.82212,0.09818
0.50118,0.01240,0.00156,0.20798,0.17187,0.07912,0.02588
0.12598,0.26127,0.08964,0.00817,0.01798,0.04208,0.45488
0.03863,0.04454,0.10816,0.23584,0.00892,0.01846,0.54545
0.13871,0.02341,0.00544,0.73311,0.02619,0.04016,0.03297
0.27797,0.00900,0.00832,0.12758,0.14375,0.00659,0.42678
0.71954,0.06760,0.00715,0.16563,0.01717,0.00332,0.01959
0.79086,0.05347,0.00553,0.02760,0.01071,0.00871,0.10312
0.20537,0.00988,0.69073,0.03581,0.02779,0.00692,0.02350
0.03731,0.01158,0.39377,0.24169,0.01206,0.05537,0.24823
0.06343,0.04370,0.00411,0.59133,0.02166,0.02871,0.24707
0.65020,0.02475,0.00210,0.00594,0.02875,0.26138,0.02687
0.11025,0.71015,0.01031,0.05955,0.00839,0.00347,0.09788
0.76872,0.01681,0.00338,0.03665,0.00440,0.03140,0.13865
0.01686,0.37603,0.00229,0.52703,0.02052,0.02278,0.03450
0.76304,0.06543,0.00242,0.09698,0.05190,0.00253,0.01770
0.01221,0.31979,0.00426,0.23372,0.36229,0.02109,0.04664
0.10471,0.04075,0.02634,0.03024,0.30960,0.08663,0.40172
0.73097,0.01054,0.02023,0.15161,0.03130,0.02705,0.02831
0.79970,0.02378,0.00223,0.10069,0.01350,0.02434,0.03576
0.01115,0.71288,0.00241,0.03941,0.01278,0.04153,0.17983
0.05270,0.01473,0.00216,0.02329,0.01427,0.02515,0.86771
0.02127,0.01644,0.00912,0.14751,0.44267,0.01275,0.35023
0.01366,0.16019,0.00232,0.01974,0.50961,0.00657,0.28791
0.04617,0.05637,0.03510,0.05122,0.01662,0.75243,0.04209
0.10783,0.25656,0.00659,0.36551,0.02087,0.01996,0.22268
0.02489,0.01470,0.02035,0.00751,0.03654,0.00503,0.89098
0.11298,0.02116,0.02112,0.08211,0.20226,0.32479,0.23559
0.34253,0.00810,0.00128,0.00517,0.60461,0.00509,0.03322
0.93447,0.00814,0.00131,0.00976,0.00656,0.03082,0.00893
0.64078,0.06552,0.00267,0.00961,0.00502,0.01094,0.26545
0.88791,0.00234,0.00059,0.00528,0.00259,0.00480,0.09649
0.23327,0.01248,0.16920,0.02734,0.28243,0.02182,0.25346
0.64194,0.02816,0.00159,0.00758,0.00703,0.01024,0.30345
0.46786,0.00443,0.00364,0.02582,0.44143,0.00321,0.05361
0.39842,0.00282,0.35760,0.00299,0.00256,0.00967,0.22595
0.73378,0.08261,0.00464,0.11076,0.01479,0.00517,0.04824
0.03581,0.11574,0.00252,0.04371,0.74848,0.00574,0.04800
0.86564,0.01098,0.00485,0.01818,0.01147,0.00575,0.08313
0.09363,0.04275,0.02920,0.66883,0.10533,0.03888,0.02137
0.75598,0.01039,0.00868,0.03614,0.01072,0.00567,0.17242
0.78967,0.02363,0.00450,0.02757,0.00843,0.00841,0.13779
0.02316,0.63351,0.02778,0.03027,0.00759,0.01389,0.26379
0.01470,0.00713,0.00103,0.25859,0.00772,0.00453,0.70631
0.76598,0.12766,0.02632,0.01934,0.02304,0.00522,0.03244
0.90368,0.01925,0.00191,0.01028,0.01509,0.01331,0.03647
0.33720,0.00664,0.00216,0.01689,0.00645,0.00779,0.62286
0.05947,0.14766,0.01480,0.01869,0.25477,0.01623,0.48838
0.46864,0.00908,0.00279,0.15095,0.28429,0.06995,0.01429
0.18701,0.75875,0.00186,0.00727,0.00458,0.03117,0.00936
0.55120,0.00894,0.00436,0.02678,0.27952,0.01665,0.11255
0.02831,0.02725,0.00228,0.06863,0.72126,0.01866,0.13361
0.01493,0.11169,0.00687,0.04740,0.00505,0.77028,0.04380
0.53673,0.02374,0.00513,0.00775,0.00726,0.36974,0.04964
0.02551,0.36383,0.00631,0.05139,0.46536,0.07615,0.01145
0.05008,0.59445,0.00448,0.01744,0.15107,0.16694,0.01556
0.10859,0.56937,0.01363,0.20260,0.02345,0.05499,0.02736
0.01224,0.01094,0.00368,0.16245,0.20923,0.03266,0.56880
0.03655,0.68144,0.00316,0.01567,0.00874,0.02118,0.23326
0.05748,0.01124,0.00353,0.02027,0.02596,0.30142,0.58011
0.11909,0.15119,0.02360,0.03777,0.01452,0.07882,0.57501
0.42099,0.02480,0.00520,0.46755,0.02548,0.01414,0.04184
0.02428,0.00789,0.00177,0.68702,0.01442,0.00473,0.25988
0.08527,0.02405,0.01396,0.38402,0.02025,0.11965,0.35281
0.37306,0.00475,0.00601,0.08363,0.00491,0.00921,0.51844
0.35613,0.03359,0.07924,0.07997,0.00841,0.23496,0.20770
0.30747,0.52381,0.05031,0.00673,0.04465,0.00805,0.05899
0.12391,0.02203,0.00160,0.64846,0.00816,0.00327,0.19258
0.84632,0.00859,0.00250,0.09364,0.00852,0.00279,0.03764
0.39280,0.02716,0.00215,0.02249,0.00867,0.01027,0.53647
0.07921,0.05222,0.00556,0.22127,0.21577,0.22666,0.19933
0.03036,0.01556,0.41161,0.43818,0.02285,0.01449,0.06696
0.31494,0.00876,0.18179,0.39914,0.00943,0.05031,0.03562
0.35758,0.00425,0.00290,0.05539,0.00408,0.00443,0.57138
0.67802,0.02226,0.00536,0.00578,0.02076,0.00972,0.25810
0.01635,0.01348,0.00669,0.26710,0.00888,0.67688,0.01063
0.01350,0.01572,0.00609,0.40761,0.00378,0.12338,0.42992
0.35891,0.10303,0.00983,0.06686,0.03557,0.38697,0.03883
0.01892,0.00860,0.00319,0.81262,0.11267,0.00807,0.03594
0.02156,0.27679,0.00428,0.14708,0.15083,0.32927,0.07019
0.02288,0.01011,0.00163,0.01359,0.00503,0.01367,0.93309
0.37595,0.02894,0.00304,0.01065,0.00802,0.36674,0.20666
0.04536,0.02661,0.00137,0.12866,0.71660,0.06471,0.01670
0.04022,0.48656,0.00453,0.00541,0.00542,0.03022,0.42763
0.06833,0.00697,0.00247,0.06654,0.01034,0.02462,0.82072
0.01141,0.07182,0.00422,0.87454,0.00533,0.00157,0.03111
0.03216,0.01409,0.00293,0.72383,0.01810,0.02010,0.18879
0.30182,0.00624,0.22082,0.23685,0.21467,0.00942,0.01018
0.79183,0.01234,0.00203,0.01488,0.02674,0.00534,0.14685
0.34854,0.03938,0.12376,0.02605,0.05631,0.38930,0.01665
