0.01975,0.01057,0.00420,0.10726,0.26289,0.00533,0.05252,0.00391,0.47431,0.02818,0.02770,0.00339
0.04358,0.04449,0.01197,0.16677,0.10491,0.02566,0.07277,0.04154,0.41205,0.03437,0.04130,0.00058
0.05930,0.03603,0.00083,0.21308,0.03485,0.00885,0.04070,0.00736,0.37384,0.02594,0.19469,0.00452
0.02434,0.16241,0.01099,0.10733,0.06417,0.01896,0.09283,0.26493,0.09621,0.01472,0.14106,0.00205
0.18863,0.13332,0.00277,0.08659,0.09918,0.00637,0.10816,0.04467,0.27401,0.01367,0.03014,0.01249
0.02342,0.01943,0.00594,0.24986,0.33019,0.00841,0.20352,0.02252,0.07752,0.00753,0.05108,0.00058
0.01747,0.03056,0.00346,0.25444,0.19276,0.09797,0.05298,0.03088,0.21693,0.01150,0.08928,0.00177
0.10036,0.07154,0.00366,0.18121,0.08146,0.02836,0.05436,0.06325,0.14958,0.07487,0.18415,0.00720
0.03336,0.08824,0.00596,0.23150,0.05666,0.07713,0.02624,0.08767,0.28977,0.04771,0.05516,0.00060
0.03859,0.01155,0.00333,0.28884,0.39958,0.01043,0.00876,0.00745,0.12903,0.01547,0.08566,0.00129
0.06068,0.06334,0.00272,0.37928,0.06301,0.00455,0.13039,0.05434,0.16902,0.01005,0.05007,0.01255
0.04593,0.10620,0.00909,0.36568,0.05369,0.09675,0.05078,0.01518,0.18822,0.04649,0.02167,0.00032
0.01958,0.05798,0.00295,0.34243,0.09392,0.00373,0.01602,0.03881,0.13058,0.02390,0.26925,0.00087
0.04268,0.01341,0.00108,0.12375,0.13021,0.01045,0.35211,0.03082,0.04751,0.02739,0.21749,0.00310
0.04607,0.02223,0.00138,0.14572,0.15677,0.01227,0.07608,0.00889,0.32930,0.03338,0.16652,0.00139
0.19867,0.04068,0.00025,0.18570,0.07476,0.04802,0.10258,0.00793,0.23379,0.03922,0.06298,0.00542
0.09733,0.09452,0.00081,0.36377,0.09783,0.01277,0.02679,0.03048,0.16957,0.07920,0.02395,0.00298
0.01602,0.03620,0.01668,0.59684,0.13436,0.01695,0.02665,0.02930,0.06635,0.01347,0.03640,0.01078
0.08125,0.04803,0.04221,0.24414,0.06017,0.02068,0.10352,0.01023,0.20843,0.04099,0.13657,0.00379
0.04678,0.04533,0.02337,0.08304,0.12827,0.05166,0.11430,0.01213,0.34913,0.01967,0.10701,0.01930
0.02707,0.28804,0.00182,0.14360,0.14890,0.00429,0.02136,0.02491,0.21448,0.10702,0.01738,0.00113
0.02623,0.13543,0.00168,0.30885,0.05254,0.01492,0.05248,0.03607,0.29832,0.02844,0.04443,0.00059
0.03636,0.10139,0.01928,0.37985,0.08016,0.04127,0.05725,0.00770,0.13705,0.06309,0.07638,0.00022
0.04744,0.12493,0.01505,0.36608,0.08289,0.02067,0.05021,0.00697,0.22802,0.03281,0.02445,0.00048
0.03801,0.02462,0.00492,0.51873,0.06623,0.00684,0.01445,0.00524,0.18151,0.11416,0.02402,0.00128
0.02312,0.05230,0.00366,0.17034,0.03796,0.00749,0.08133,0.01634,0.44333,0.11154,0.04861,0.00399
0.01324,0.05282,0.00163,0.36997,0.03871,0.02702,0.01777,0.02786,0.25196,0.01118,0.16106,0.02679
0.07402,0.15197,0.00072,0.36353,0.14649,0.00840,0.03452,0.02157,0.11550,0.04498,0.03283,0.00547
0.01411,0.05125,0.02276,0.43000,0.05366,0.00432,0.02658,0.02649,0.33187,0.02006,0.01744,0.00146
0.12111,0.04573,0.00276,0.29614,0.07048,0.00503,0.01691,0.01959,0.22014,0.04853,0.02722,0.12635
0.11846,0.11722,0.00259,0.24743,0.07297,0.00674,0.03068,0.01546,0.25166,0.04651,0.08735,0.00293
0.19125,0.03204,0.01118,0.12956,0.22018,0.00393,0.09315,0.00435,0.26384,0.03057,0.01504,0.00490
0.01802,0.02020,0.01450,0.28658,0.12561,0.03140,0.16190,0.00197,0.15947,0.02636,0.14299,0.01101
0.01246,0.09849,0.00135,0.40039,0.04769,0.00296,0.20645,0.00792,0.15838,0.01556,0.04566,0.00269
0.01110,0.04360,0.00030,0.07601,0.38990,0.01131,0.01292,0.00295,0.38753,0.00585,0.05731,0.00121
0.09576,0.10071,0.01417,0.07948,0.26572,0.04990,0.06788,0.08590,0.19035,0.01347,0.03092,0.00573
0.04991,0.03549,0.00212,0.24572,0.12374,0.02710,0.02048,0.00780,0.34587,0.11119,0.02938,0.00121
0.06674,0.16806,0.05939,0.32963,0.09056,0.01632,0.02631,0.02849,0.12421,0.03373,0.04055,0.01600
0.24284,0.06433,0.01081,0.12389,0.08759,0.05790,0.05761,0.01103,0.29233,0.00775,0.04054,0.00338
0.23186,0.21461,0.00743,0.19664,0.25187,0.01383,0.01129,0.00262,0.02184,0.03742,0.01020,0.00041
0.03266,0.02600,0.00614,0.43097,0.14356,0.00998,0.15129,0.01669,0.08347,0.00791,0.07586,0.01547
0.06327,0.09288,0.02403,0.26480,0.03984,0.00199,0.03246,0.02130,0.38158,0.00632,0.06371,0.00783
0.03872,0.01740,0.01285,0.44224,0.03891,0.02718,0.02869,0.01286,0.27245,0.03993,0.05279,0.01598
0.00109,0.09481,0.00253,0.35422,0.18039,0.01516,0.11487,0.00797,0.11202,0.09219,0.02180,0.00298
0.01879,0.02435,0.13374,0.09133,0.10602,0.00470,0.18983,0.00175,0.16284,0.04396,0.22021,0.00248
0.01803,0.01563,0.03069,0.18771,0.08993,0.01420,0.06986,0.07502,0.27187,0.03183,0.18865,0.00657
0.08003,0.02829,0.00289,0.20098,0.03952,0.00710,0.03920,0.01090,0.16754,0.10279,0.31933,0.00142
0.02779,0.04470,0.00427,0.11198,0.28716,0.00269,0.03872,0.05853,0.34280,0.02968,0.04623,0.00545
0.04448,0.11657,0.02073,0.16045,0.36473,0.01671,0.04834,0.01938,0.12294,0.01799,0.04530,0.02239
0.01166,0.13047,0.00295,0.24747,0.07971,0.01547,0.14109,0.02705,0.17657,0.06295,0.07419,0.03042
0.00366,0.03134,0.00686,0.26215,0.02683,0.02625,0.03767,0.00821,0.54534,0.00993,0.03834,0.00342
0.14584,0.02131,0.00204,0.33514,0.07980,0.04932,0.04938,0.01679,0.14850,0.02067,0.12415,0.00707
0.11071,0.04109,0.10712,0.27018,0.02142,0.02597,0.06682,0.03102,0.18237,0.03097,0.08438,0.02795
0.01325,0.02598,0.02098,0.59069,0.01771,0.00219,0.08293,0.03310,0.11800,0.04009,0.03176,0.02331
0.04510,0.10487,0.00079,0.26327,0.14878,0.05033,0.04786,0.09860,0.14713,0.05896,0.02786,0.00646
0.03909,0.01565,0.00138,0.41324,0.25509,0.00451,0.06069,0.03806,0.07949,0.08053,0.01110,0.00118
0.08540,0.03965,0.00088,0.43761,0.10694,0.07020,0.03380,0.10105,0.07041,0.03063,0.01856,0.00486
0.08439,0.07774,0.00411,0.34219,0.05791,0.01272,0.05582,0.02498,0.28092,0.02326,0.03551,0.00045
0.01843,0.08164,0.00731,0.35059,0.02183,0.02895,0.03805,0.01557,0.20279,0.21610,0.01721,0.00153
0.01817,0.18285,0.00784,0.10427,0.07112,0.00683,0.05930,0.00831,0.45737,0.03306,0.02652,0.02436
0.19021,0.01829,0.00034,0.25783,0.06284,0.00865,0.02084,0.03046,0.16418,0.01565,0.23071,0.00000
0.09953,0.17294,0.01845,0.18498,0.14678,0.08398,0.01194,0.01459,0.11362,0.01773,0.11431,0.02115
0.01346,0.04180,0.00176,0.63188,0.02467,0.00392,0.04290,0.01556,0.17003,0.01666,0.02944,0.00791
0.03264,0.06645,0.00298,0.15449,0.10371,0.16217,0.01623,0.00875,0.23793,0.02495,0.18815,0.00155
0.01593,0.04682,0.01266,0.22651,0.11571,0.02964,0.10774,0.09949,0.21272,0.04407,0.08623,0.00250
0.07805,0.13067,0.00555,0.23572,0.08972,0.05522,0.04477,0.16852,0.06881,0.10369,0.01539,0.00388
0.16284,0.03732,0.00281,0.20587,0.08630,0.04075,0.03069,0.01683,0.20980,0.04873,0.15389,0.00417
0.02769,0.01099,0.00098,0.53791,0.02623,0.01627,0.09428,0.01719,0.17582,0.04534,0.01612,0.03118
0.11589,0.05597,0.16608,0.27575,0.02690,0.00257,0.03027,0.00773,0.14265,0.10261,0.07289,0.00070
0.01080,0.29625,0.00254,0.21437,0.14196,0.03468,0.02332,0.01194,0.18806,0.02211,0.05145,0.00252
0.01054,0.07805,0.00049,0.32146,0.13810,0.00384,0.17606,0.01446,0.19132,0.02778,0.02992,0.00797
0.03943,0.25851,0.01297,0.34071,0.04454,0.02215,0.03121,0.01359,0.19850,0.02002,0.01627,0.00210
0.21772,0.02517,0.01089,0.25700,0.05424,0.04106,0.02553,0.00561,0.32687,0.02201,0.01213,0.00177
0.05788,0.03317,0.02337,0.47909,0.08607,0.01509,0.04699,0.00802,0.13060,0.08523,0.03074,0.00374
0.01738,0.02334,0.00220,0.67447,0.03514,0.00374,0.02938,0.00536,0.09519,0.08826,0.02167,0.00386
0.19689,0.03727,0.00188,0.13462,0.04520,0.35931,0.02728,0.00797,0.09527,0.01018,0.07963,0.00450
0.02080,0.19706,0.00756,0.22496,0.21951,0.01372,0.10503,0.02143,0.12540,0.01412,0.04631,0.00409
0.02264,0.03236,0.03081,0.29785,0.15022,0.01594,0.01160,0.02491,0.10970,0.22249,0.08073,0.00075
0.07181,0.02884,0.01009,0.46735,0.03668,0.02332,0.00569,0.02166,0.18521,0.01535,0.12403,0.00998
0.21235,0.03209,0.00468,0.33099,0.07259,0.01424,0.04483,0.04561,0.14126,0.07948,0.02110,0.00078
0.14911,0.03961,0.00992,0.34382,0.09567,0.00755,0.15960,0.01754,0.11852,0.03400,0.02134,0.00333
0.01670,0.04096,0.00931,0.61000,0.13013,0.00642,0.00761,0.01015,0.08433,0.02897,0.04227,0.01315
0.04150,0.06658,0.00587,0.44737,0.01016,0.02737,0.01480,0.12993,0.20183,0.01729,0.02876,0.00854
0.15576,0.02816,0.00845,0.51720,0.11531,0.02343,0.03034,0.00974,0.03492,0.05071,0.01467,0.01132
0.04982,0.04792,0.01022,0.16500,0.35575,0.01266,0.00773,0.03365,0.19456,0.04467,0.07654,0.00150
0.00840,0.07010,0.00120,0.38285,0.28420,0.01054,0.02529,0.01608,0.09379,0.08905,0.01847,0.00003
0.00627,0.01300,0.00052,0.11627,0.02656,0.13799,0.10115,0.08402,0.41976,0.08170,0.01051,0.00224
0.08653,0.03872,0.00178,0.37575,0.19768,0.00261,0.09105,0.05236,0.11843,0.00575,0.02843,0.00090
0.15611,0.01311,0.00411,0.16277,0.16012,0.00449,0.03089,0.00988,0.07854,0.34335,0.03459,0.00202
0.00764,0.06679,0.00010,0.30523,0.08504,0.01735,0.02203,0.00406,0.34002,0.10230,0.04496,0.00447
0.10043,0.06575,0.00370,0.18832,0.09276,0.00792,0.06633,0.03876,0.14099,0.01915,0.26818,0.00770
0.05826,0.02326,0.00106,0.26041,0.28071,0.03867,0.03812,0.00551,0.20181,0.02920,0.06105,0.00192
0.04128,0.03099,0.00537,0.47681,0.08728,0.01580,0.04256,0.01163,0.20255,0.03103,0.04769,0.00701
0.01177,0.15013,0.00510,0.30606,0.06533,0.00791,0.07862,0.00209,0.26445,0.07817,0.02271,0.00767
0.01979,0.05159,0.00317,0.12535,0.14745,0.01153,0.17743,0.01686,0.23887,0.05454,0.14099,0.01242
0.01456,0.05614,0.00151,0.19863,0.21627,0.02378,0.06387,0.02384,0.12450,0.02951,0.23382,0.01356
0.03648,0.02729,0.00033,0.13624,0.09906,0.00299,0.04121,0.33557,0.27893,0.01337,0.02771,0.00083
0.01609,0.02326,0.00219,0.15891,0.03192,0.06549,0.09343,0.01809,0.16726,0.09722,0.31244,0.01369
0.42884,0.02425,0.00253,0.17352,0.05532,0.02050,0.01441,0.02697,0.17045,0.00736,0.07122,0.00463
0.04645,0.00449,0.00227,0.33357,0.26233,0.03532,0.01347,0.01249,0.20299,0.06061,0.02369,0.00233
