0.07109,0.13898,0.00359,0.08207,0.06037,0.01556,0.00676,0.08346,0.23321,0.05599,0.23628,0.01265
0.11724,0.10674,0.00384,0.02481,0.13782,0.02290,0.00928,0.04861,0.16163,0.13559,0.20475,0.02679
0.09342,0.14644,0.00251,0.10436,0.01300,0.00800,0.01063,0.04984,0.25099,0.19012,0.11993,0.01075
0.11814,0.18219,0.00305,0.04807,0.02703,0.01234,0.02349,0.02124,0.19257,0.10895,0.23047,0.03245
0.09428,0.13290,0.00219,0.02517,0.09036,0.01506,0.01849,0.05732,0.27780,0.04804,0.21921,0.01918
0.09370,0.17421,0.00236,0.02541,0.17196,0.01382,0.03137,0.07544,0.21184,0.06451,0.11339,0.02199
0.10655,0.10107,0.01400,0.09218,0.03650,0.01423,0.02038,0.02770,0.38479,0.06464,0.12327,0.01468
0.09228,0.11190,0.00467,0.09022,0.01498,0.02225,0.00720,0.01778,0.36616,0.11132,0.13605,0.02518
0.13179,0.06145,0.00553,0.06727,0.03806,0.00921,0.01943,0.03953,0.22518,0.07330,0.22919,0.10006
0.13117,0.18394,0.00506,0.10247,0.04663,0.00868,0.01128,0.04090,0.19275,0.17257,0.08543,0.01911
0.08246,0.18985,0.00386,0.02159,0.07425,0.02857,0.09300,0.01467,0.11465,0.06362,0.27542,0.03807
0.15533,0.11025,0.00922,0.04797,0.04376,0.01453,0.01137,0.07332,0.18166,0.11215,0.22392,0.01651
0.08895,0.18047,0.00671,0.03500,0.03829,0.01878,0.01343,0.12448,0.22764,0.13844,0.10280,0.02500
0.05672,0.05574,0.00164,0.03123,0.07024,0.01703,0.00718,0.01770,0.22143,0.28769,0.20506,0.02834
0.04572,0.14706,0.01131,0.02300,0.05170,0.01406,0.00620,0.03400,0.28825,0.16783,0.15345,0.05742
0.11672,0.12607,0.00383,0.03175,0.02032,0.01823,0.01705,0.10189,0.15134,0.16243,0.12617,0.12421
0.14276,0.16567,0.00221,0.06418,0.04184,0.01297,0.00805,0.04753,0.35567,0.04816,0.09369,0.01728
0.05493,0.09297,0.00817,0.08209,0.07733,0.02088,0.00833,0.11999,0.22751,0.18410,0.09651,0.02719
0.06505,0.07136,0.00268,0.02662,0.02906,0.02624,0.08481,0.02171,0.37812,0.10940,0.16887,0.01608
0.09229,0.07799,0.00248,0.02043,0.02768,0.03162,0.03809,0.03003,0.46370,0.05089,0.10371,0.06109
0.08690,0.17958,0.00536,0.05273,0.03105,0.08108,0.01630,0.10518,0.26413,0.05478,0.11042,0.01248
0.20890,0.08739,0.00252,0.05661,0.04431,0.02270,0.01169,0.02877,0.15426,0.16511,0.19423,0.02350
0.28207,0.10060,0.00614,0.01938,0.02389,0.01467,0.00793,0.02055,0.30935,0.04367,0.15615,0.01559
0.16416,0.10202,0.00252,0.03615,0.06419,0.01678,0.03531,0.04487,0.27805,0.11973,0.10710,0.02913
0.07324,0.07590,0.00268,0.10326,0.08577,0.01994,0.00913,0.04780,0.12310,0.27736,0.09862,0.08321
0.13441,0.13705,0.00236,0.01539,0.07877,0.01623,0.00936,0.02930,0.24807,0.06309,0.15428,0.11169
0.07733,0.27946,0.00162,0.07213,0.05861,0.01282,0.00670,0.10397,0.14346,0.06622,0.16270,0.01497
0.06893,0.16002,0.00516,0.01801,0.18796,0.01514,0.00567,0.03997,0.32281,0.05524,0.09687,0.02420
0.12451,0.09976,0.00305,0.02561,0.09275,0.02215,0.01749,0.02308,0.26750,0.13751,0.16812,0.01848
0.07340,0.17833,0.00306,0.10417,0.09095,0.00994,0.01595,0.01724,0.29452,0.06027,0.13392,0.01825
0.13573,0.11953,0.00857,0.02376,0.12888,0.01813,0.03943,0.03133,0.19624,0.16895,0.11322,0.01624
0.07644,0.08913,0.00346,0.04505,0.03653,0.03163,0.03549,0.02015,0.26357,0.20826,0.16014,0.03014
0.09680,0.22880,0.00210,0.05652,0.03825,0.00870,0.00435,0.02519,0.12273,0.08472,0.30856,0.02329
0.10878,0.13064,0.00737,0.16233,0.05086,0.01707,0.00877,0.07884,0.19155,0.06336,0.16382,0.01661
0.09931,0.21195,0.00209,0.07732,0.02624,0.01233,0.00478,0.02045,0.18185,0.08926,0.24342,0.03099
0.04691,0.19748,0.00394,0.02937,0.04784,0.01166,0.00706,0.05192,0.33257,0.04748,0.20626,0.01749
0.07429,0.11460,0.00340,0.02562,0.05284,0.00970,0.01491,0.03362,0.12359,0.11724,0.25375,0.17647
0.06396,0.06850,0.00351,0.13734,0.01765,0.01218,0.01162,0.17766,0.30161,0.09568,0.09582,0.01446
0.08727,0.07860,0.01945,0.02361,0.05838,0.07242,0.01443,0.03899,0.35703,0.06631,0.16326,0.02025
0.07945,0.15108,0.00748,0.01729,0.12614,0.01988,0.00576,0.01601,0.30975,0.07465,0.17009,0.02241
0.05176,0.11066,0.00199,0.10287,0.02069,0.01507,0.00801,0.01378,0.24037,0.27880,0.14204,0.01395
0.10143,0.12731,0.00685,0.01593,0.05525,0.00941,0.00865,0.20698,0.20537,0.10632,0.13512,0.02137
0.10938,0.21297,0.00283,0.02647,0.02316,0.02989,0.00898,0.03741,0.24863,0.11997,0.16453,0.01577
0.19703,0.07592,0.00918,0.04379,0.07728,0.01803,0.01766,0.01802,0.17703,0.20372,0.12411,0.03823
0.07022,0.12401,0.00186,0.02209,0.12563,0.00739,0.01563,0.04273,0.39383,0.07612,0.10344,0.01703
0.08942,0.10410,0.00354,0.05340,0.02265,0.01463,0.08244,0.02895,0.22216,0.19266,0.16801,0.01804
0.12777,0.06918,0.00162,0.05969,0.03224,0.01148,0.00832,0.03241,0.29271,0.05529,0.27312,0.03617
0.10391,0.12659,0.01602,0.02917,0.05980,0.00544,0.05054,0.01833,0.27786,0.06905,0.17915,0.06414
0.05403,0.07700,0.00654,0.12109,0.04597,0.02367,0.00944,0.08156,0.14802,0.14826,0.25013,0.03429
0.14905,0.04728,0.00679,0.02242,0.03374,0.00878,0.02943,0.00992,0.26624,0.15008,0.25629,0.01997
0.15079,0.11193,0.00620,0.02978,0.02366,0.00692,0.00924,0.04155,0.12180,0.20577,0.24829,0.04407
0.10515,0.25683,0.00393,0.02496,0.02205,0.03793,0.00861,0.05233,0.16757,0.18097,0.11370,0.02597
0.08449,0.18957,0.00776,0.04951,0.02934,0.00533,0.02209,0.02991,0.29780,0.10622,0.15097,0.02701
0.04164,0.10780,0.00363,0.12337,0.06863,0.05284,0.00908,0.07405,0.18674,0.04433,0.26326,0.02464
0.23847,0.16628,0.02090,0.01923,0.10528,0.02050,0.03862,0.02843,0.11161,0.10729,0.09013,0.05326
0.07116,0.34537,0.01578,0.04279,0.03101,0.01106,0.00398,0.08007,0.13953,0.12445,0.11851,0.01629
0.16762,0.19683,0.00322,0.02780,0.07332,0.02611,0.01009,0.04356,0.24404,0.11057,0.07547,0.02136
0.13727,0.14990,0.00234,0.09304,0.02206,0.03847,0.01404,0.04421,0.24312,0.15511,0.08616,0.01429
0.16471,0.05970,0.00502,0.01721,0.03743,0.02761,0.00631,0.05545,0.40304,0.05981,0.13870,0.02501
0.06622,0.19814,0.00461,0.12695,0.07390,0.01068,0.00674,0.02775,0.30085,0.06361,0.09173,0.02882
0.13101,0.10192,0.00770,0.03004,0.03039,0.01284,0.01517,0.07457,0.27405,0.08397,0.19939,0.03894
0.20678,0.12340,0.00361,0.09407,0.01887,0.01177,0.00683,0.02813,0.23150,0.05952,0.18633,0.02918
0.11032,0.07328,0.00934,0.02120,0.04231,0.00853,0.01357,0.05415,0.24642,0.10057,0.29850,0.02183
0.04136,0.35713,0.00162,0.01845,0.05932,0.00707,0.01403,0.02706,0.30659,0.03643,0.10747,0.02347
0.11586,0.16382,0.00325,0.03533,0.02345,0.01670,0.03177,0.02301,0.18819,0.18897,0.19189,0.01777
0.10617,0.05486,0.00439,0.02993,0.06458,0.03748,0.00407,0.07594,0.29041,0.13821,0.17625,0.01770
0.06530,0.10010,0.00336,0.03029,0.11501,0.01841,0.01184,0.07544,0.20415,0.17283,0.18391,0.01935
0.06339,0.21678,0.00479,0.05058,0.07436,0.00869,0.01817,0.01862,0.25569,0.04964,0.22392,0.01538
0.05896,0.11964,0.00668,0.09731,0.03043,0.01201,0.01086,0.02925,0.18831,0.25071,0.18245,0.01341
0.06142,0.18679,0.00424,0.06190,0.12652,0.01499,0.01625,0.07984,0.19056,0.05778,0.12430,0.07541
0.05388,0.15469,0.00380,0.04063,0.03918,0.01296,0.00582,0.08561,0.40190,0.08151,0.08183,0.03820
0.04335,0.12408,0.00949,0.10191,0.03029,0.01650,0.03394,0.03375,0.19392,0.05039,0.32565,0.03673
0.07902,0.21670,0.00252,0.04635,0.02977,0.01273,0.00740,0.04546,0.31003,0.11176,0.12676,0.01150
0.19419,0.14832,0.00353,0.14981,0.02171,0.01075,0.03928,0.05554,0.13098,0.03694,0.15795,0.05100
0.14903,0.14443,0.00221,0.05697,0.01885,0.01475,0.01345,0.02147,0.16803,0.25582,0.12607,0.02893
0.07089,0.14246,0.00478,0.10637,0.03003,0.01265,0.00910,0.01996,0.34681,0.04425,0.17582,0.03690
0.08604,0.38236,0.00351,0.01666,0.02693,0.01814,0.00455,0.02509,0.21545,0.08492,0.10799,0.02836
0.12874,0.25327,0.00388,0.04869,0.04384,0.01215,0.00663,0.01271,0.25757,0.05089,0.14891,0.03272
0.18218,0.10032,0.00642,0.03408,0.03027,0.00638,0.00572,0.01933,0.27884,0.08195,0.24238,0.01213
0.12665,0.09568,0.00773,0.08074,0.06567,0.01328,0.01466,0.12673,0.25111,0.07192,0.13467,0.01116
0.03548,0.11502,0.00169,0.06757,0.08464,0.01722,0.02405,0.03721,0.29308,0.05921,0.24877,0.01605
0.08194,0.15015,0.00789,0.03500,0.03777,0.01303,0.01275,0.02020,0.16277,0.09596,0.34589,0.03663
0.12762,0.13523,0.00268,0.02054,0.03969,0.01614,0.01246,0.09770,0.35379,0.08161,0.10475,0.00779
0.10136,0.16090,0.00448,0.03216,0.03731,0.00789,0.00722,0.03483,0.26385,0.10239,0.23017,0.01743
0.04171,0.19682,0.00807,0.02561,0.07640,0.03693,0.01062,0.02381,0.28182,0.14664,0.13770,0.01386
0.04570,0.11131,0.00270,0.06897,0.03638,0.03042,0.00769,0.03952,0.18324,0.05449,0.39885,0.02074
0.12266,0.14380,0.00358,0.02818,0.07568,0.01241,0.09079,0.03313,0.10331,0.14219,0.22639,0.01786
0.11475,0.09230,0.00552,0.07075,0.06296,0.01093,0.00920,0.05820,0.20996,0.20366,0.13573,0.02604
0.04135,0.11923,0.00526,0.02975,0.02784,0.04374,0.00944,0.05199,0.24252,0.15614,0.26082,0.01191
0.07833,0.14651,0.00309,0.02566,0.06809,0.01496,0.01942,0.03707,0.24316,0.25497,0.08841,0.02033
0.07085,0.07227,0.00897,0.05539,0.03161,0.02724,0.03900,0.12709,0.21817,0.09475,0.21644,0.03821
0.15591,0.16105,0.00529,0.08201,0.05833,0.01011,0.02378,0.04841,0.21421,0.07191,0.15570,0.01329
0.11935,0.10767,0.00281,0.01843,0.07149,0.02176,0.00527,0.02979,0.31733,0.12822,0.10481,0.07306
0.18257,0.25316,0.00371,0.03830,0.03620,0.00840,0.01091,0.01930,0.22290,0.09639,0.10499,0.02317
0.14702,0.10407,0.00336,0.03619,0.02136,0.01145,0.00892,0.16285,0.22701,0.15704,0.09494,0.02580
0.10380,0.21594,0.00389,0.04105,0.07561,0.04328,0.01692,0.03608,0.21594,0.09043,0.12528,0.03179
0.09670,0.07358,0.00204,0.03537,0.03401,0.02295,0.00789,0.04535,0.29744,0.21010,0.10331,0.07128
0.14420,0.14266,0.00592,0.05761,0.06148,0.01085,0.01470,0.03798,0.25163,0.07278,0.18698,0.01321
0.02484,0.18981,0.00448,0.07411,0.09588,0.00754,0.02706,0.01525,0.21579,0.15418,0.15884,0.03223
0.11191,0.27151,0.00283,0.02365,0.03170,0.06271,0.01065,0.02388,0.12034,0.09787,0.22011,0.02284
