0.15321,0.21800,0.23805,0.10412,0.00887,0.03448,0.00554,0.01178,0.21280,0.01315
0.07295,0.20562,0.18728,0.05887,0.07082,0.07734,0.01267,0.01858,0.28729,0.00859
0.07349,0.20142,0.00361,0.14126,0.01062,0.08646,0.00809,0.05715,0.37926,0.03864
0.03769,0.20976,0.00398,0.02339,0.21400,0.08379,0.00476,0.00779,0.37775,0.03708
0.15567,0.02664,0.03150,0.03722,0.01449,0.03917,0.00593,0.01329,0.65558,0.02051
0.12754,0.04299,0.06696,0.03659,0.01132,0.06914,0.04159,0.08718,0.49472,0.02197
0.10565,0.10360,0.03833,0.05984,0.00529,0.05751,0.00795,0.00697,0.59992,0.01494
0.18071,0.12067,0.00925,0.03493,0.18202,0.04486,0.07228,0.00862,0.33918,0.00747
0.13222,0.12950,0.00795,0.04151,0.01031,0.29350,0.01654,0.02427,0.18167,0.16254
0.06737,0.25414,0.01434,0.02560,0.00525,0.04278,0.16885,0.01241,0.40496,0.00431
0.16601,0.37853,0.08379,0.02294,0.05786,0.08777,0.04196,0.01641,0.14149,0.00325
0.09366,0.29147,0.06666,0.02798,0.04766,0.09331,0.01126,0.03021,0.31818,0.01961
0.28353,0.04072,0.00751,0.04069,0.05216,0.20503,0.01465,0.01092,0.33967,0.00512
0.03510,0.32235,0.14289,0.01501,0.00957,0.06991,0.09686,0.01740,0.28756,0.00335
0.17412,0.18519,0.03058,0.01008,0.00693,0.21333,0.01123,0.01449,0.32468,0.02937
0.18022,0.09086,0.00330,0.01803,0.00389,0.22418,0.00764,0.18390,0.28415,0.00383
0.20386,0.12691,0.01342,0.00878,0.01392,0.19528,0.00767,0.02403,0.39335,0.01278
0.37008,0.13032,0.03795,0.02982,0.02465,0.04246,0.00560,0.07867,0.27806,0.00239
0.25272,0.03403,0.01784,0.03827,0.01009,0.04218,0.00458,0.01203,0.49740,0.09087
0.05116,0.13293,0.02844,0.08546,0.00613,0.08229,0.00963,0.02799,0.56179,0.01418
0.04077,0.24116,0.03226,0.01690,0.00461,0.10024,0.01012,0.01896,0.53110,0.00387
0.05899,0.10454,0.00682,0.02640,0.00742,0.19336,0.00669,0.21117,0.37835,0.00626
0.08879,0.12450,0.44720,0.03258,0.00703,0.05266,0.00577,0.00831,0.22261,0.01053
0.09372,0.03461,0.02455,0.05661,0.00532,0.10108,0.00587,0.01533,0.65783,0.00507
0.04018,0.06563,0.00712,0.05615,0.00382,0.41538,0.00751,0.01369,0.38863,0.00188
0.15436,0.05014,0.01223,0.23799,0.01420,0.20316,0.00966,0.01802,0.29475,0.00550
0.13077,0.04738,0.01877,0.10464,0.00481,0.17569,0.00369,0.01774,0.48839,0.00811
0.09071,0.07405,0.03389,0.05292,0.01551,0.04231,0.00860,0.01330,0.65778,0.01094
0.07669,0.03086,0.06632,0.19973,0.00456,0.15702,0.01483,0.01889,0.41498,0.01611
0.05003,0.43615,0.01718,0.03013,0.00341,0.20506,0.00918,0.08100,0.16303,0.00485
0.03460,0.05972,0.04774,0.15958,0.00425,0.07987,0.00443,0.01066,0.58940,0.00975
0.13254,0.02063,0.00604,0.03525,0.07727,0.24971,0.01150,0.17224,0.29124,0.00359
0.09840,0.07629,0.00502,0.01258,0.00485,0.02841,0.00373,0.06095,0.70504,0.00473
0.25738,0.06990,0.00879,0.03627,0.00523,0.12841,0.02066,0.08519,0.38421,0.00397
0.26611,0.13863,0.08320,0.02542,0.01624,0.14454,0.00379,0.03795,0.27766,0.00645
0.09997,0.07252,0.09862,0.02748,0.03116,0.07415,0.01176,0.06409,0.50556,0.01468
0.16476,0.13526,0.01282,0.08202,0.01102,0.22549,0.00977,0.03409,0.31686,0.00790
0.19319,0.13518,0.05818,0.06629,0.00589,0.24290,0.03117,0.02955,0.22809,0.00955
0.04200,0.05742,0.01250,0.04193,0.00815,0.18027,0.02279,0.01368,0.60969,0.01158
0.07074,0.17768,0.05337,0.01242,0.00754,0.24271,0.02042,0.06502,0.32251,0.02759
0.05948,0.07513,0.01166,0.02923,0.01053,0.20655,0.04680,0.19445,0.34268,0.02348
0.08211,0.22338,0.00509,0.03764,0.01681,0.07807,0.01822,0.02123,0.48014,0.03731
0.18253,0.16350,0.00983,0.04170,0.00444,0.08204,0.03748,0.01739,0.45437,0.00672
0.15055,0.06576,0.06244,0.01343,0.00322,0.07427,0.01564,0.00808,0.59700,0.00963
0.13722,0.08163,0.03107,0.02109,0.02330,0.14521,0.00558,0.14298,0.39234,0.01958
0.07042,0.14831,0.01807,0.06234,0.00586,0.11840,0.03839,0.06549,0.45868,0.01402
0.03340,0.19076,0.01884,0.09872,0.05605,0.05541,0.02645,0.01222,0.33476,0.17338
0.11242,0.04673,0.01639,0.12760,0.01413,0.32670,0.00356,0.06826,0.27743,0.00678
0.02646,0.02559,0.00725,0.01056,0.00789,0.15553,0.00294,0.01454,0.74463,0.00460
0.03716,0.16755,0.01066,0.03312,0.00848,0.32291,0.00547,0.00866,0.39955,0.00644
0.07370,0.02665,0.03048,0.03053,0.01327,0.11951,0.00974,0.28904,0.39164,0.01544
0.06083,0.29699,0.02944,0.01994,0.01458,0.13931,0.02135,0.02741,0.37437,0.01578
0.28558,0.06397,0.01696,0.02619,0.03164,0.06397,0.01276,0.19420,0.30061,0.00411
0.11317,0.18054,0.03367,0.29406,0.01653,0.01737,0.02161,0.01512,0.29771,0.01023
0.08692,0.05283,0.00779,0.04331,0.02581,0.04710,0.02194,0.01347,0.68713,0.01371
0.27426,0.18183,0.02349,0.06455,0.02698,0.07487,0.00823,0.00727,0.33404,0.00448
0.13879,0.05841,0.08622,0.10235,0.00573,0.10284,0.07215,0.01090,0.41429,0.00832
0.18525,0.10861,0.03382,0.04390,0.00830,0.23159,0.04237,0.02271,0.30861,0.01485
0.06447,0.11001,0.00776,0.01274,0.00695,0.11485,0.00415,0.01137,0.66134,0.00634
0.23823,0.08311,0.00578,0.20685,0.00794,0.07619,0.00706,0.13932,0.21907,0.01644
0.23352,0.10272,0.03375,0.04591,0.00334,0.08001,0.00580,0.08904,0.37868,0.02722
0.10427,0.11613,0.22343,0.01473,0.00583,0.17673,0.01276,0.04347,0.28791,0.01474
0.13951,0.07700,0.00920,0.06964,0.01126,0.07337,0.00475,0.08219,0.52363,0.00945
0.09912,0.05277,0.03096,0.01599,0.16363,0.03962,0.04984,0.30664,0.22337,0.01807
0.36980,0.04184,0.00515,0.05232,0.00958,0.13736,0.01372,0.01266,0.34248,0.01509
0.18593,0.02359,0.02388,0.00872,0.02023,0.21850,0.00543,0.01366,0.49262,0.00744
0.07720,0.13358,0.00947,0.09181,0.01569,0.06489,0.00587,0.02142,0.56892,0.01115
0.06509,0.42070,0.10638,0.01754,0.00709,0.06002,0.01789,0.00741,0.28201,0.01587
0.14194,0.21179,0.01955,0.06762,0.01840,0.13993,0.00350,0.04018,0.35046,0.00661
0.23073,0.15807,0.03176,0.05258,0.02546,0.09736,0.00392,0.01013,0.33912,0.05086
0.11783,0.04847,0.02043,0.01617,0.01061,0.11163,0.03512,0.00591,0.61019,0.02364
0.08915,0.14285,0.01389,0.12573,0.00871,0.35711,0.00734,0.04122,0.20742,0.00656
0.12853,0.20757,0.00707,0.02198,0.01133,0.24912,0.01312,0.00691,0.34678,0.00759
0.29700,0.05907,0.03157,0.04568,0.00821,0.03310,0.00586,0.04193,0.47574,0.00184
0.17179,0.04593,0.01051,0.01141,0.00908,0.50596,0.01251,0.01132,0.21348,0.00799
0.06739,0.06118,0.02134,0.02274,0.01901,0.15830,0.02868,0.05382,0.54675,0.02080
0.07388,0.04091,0.08783,0.00861,0.00298,0.19617,0.01099,0.01030,0.55783,0.01051
0.18377,0.04087,0.02649,0.01414,0.00756,0.16124,0.07877,0.03814,0.42911,0.01991
0.32746,0.08709,0.00446,0.08841,0.00431,0.12905,0.01488,0.00825,0.32551,0.01058
0.12643,0.13023,0.00688,0.08516,0.00422,0.18587,0.01325,0.00618,0.43566,0.00613
0.11862,0.17568,0.05712,0.02950,0.02063,0.03675,0.00712,0.01708,0.52141,0.01611
0.03162,0.26102,0.01485,0.04847,0.00663,0.13468,0.01077,0.01788,0.44312,0.03096
0.41875,0.05963,0.00528,0.03450,0.01705,0.21781,0.00860,0.01455,0.22048,0.00336
0.03701,0.02924,0.00994,0.02764,0.00759,0.01761,0.03787,0.02568,0.80145,0.00597
0.05302,0.30496,0.04072,0.18485,0.00704,0.05456,0.04749,0.10322,0.19970,0.00445
0.06987,0.08846,0.03982,0.26743,0.01091,0.11402,0.00415,0.02967,0.37037,0.00530
0.03390,0.10863,0.00912,0.03429,0.00585,0.41304,0.00219,0.03298,0.34858,0.01140
0.08333,0.19561,0.01164,0.01768,0.00621,0.13565,0.01044,0.07929,0.44664,0.01352
0.07316,0.08404,0.01802,0.10595,0.05472,0.04600,0.03347,0.00604,0.57627,0.00234
0.17320,0.05478,0.04259,0.01396,0.01126,0.06703,0.16405,0.01608,0.44828,0.00878
0.12449,0.19927,0.00994,0.11886,0.00657,0.16287,0.00480,0.04346,0.32549,0.00425
0.42950,0.03824,0.00670,0.01931,0.00586,0.20866,0.00657,0.03159,0.24884,0.00471
0.09895,0.08566,0.04094,0.02868,0.02819,0.33685,0.00869,0.05826,0.26971,0.04407
0.20242,0.11144,0.01354,0.15485,0.00657,0.13384,0.01182,0.01105,0.33979,0.01466
0.20771,0.23607,0.01490,0.07998,0.02121,0.10206,0.02952,0.10957,0.18821,0.01076
0.29322,0.09797,0.01048,0.05569,0.01838,0.08741,0.01296,0.03778,0.37690,0.00922
0.15912,0.03974,0.01669,0.01981,0.01124,0.05537,0.00998,0.06318,0.62164,0.00323
0.06800,0.26426,0.00991,0.05372,0.00741,0.05111,0.00407,0.02011,0.36834,0.15307
0.05376,0.60967,0.01507,0.05042,0.00264,0.15730,0.00409,0.01170,0.08473,0.01062
0.18480,0.21862,0.07976,0.07609,0.01278,0.11771,0.01436,0.02176,0.25956,0.01457
