0.07222,0.15117,0.63132,0.00137,0.01355,0.00325,0.00213,0.00746,0.07522,0.00082,0.01654,0.02494
0.01565,0.00858,0.12648,0.00065,0.39527,0.00207,0.00104,0.17635,0.00630,0.01703,0.20799,0.04258
0.02885,0.03142,0.13851,0.00653,0.08112,0.00788,0.00386,0.57380,0.02944,0.00958,0.05942,0.02958
0.03244,0.03048,0.49985,0.00074,0.02314,0.00324,0.00142,0.20768,0.01297,0.00224,0.17547,0.01033
0.16595,0.33053,0.20206,0.00413,0.11918,0.01839,0.00811,0.02628,0.01795,0.01604,0.08133,0.01005
0.00972,0.12322,0.47620,0.00054,0.29705,0.00459,0.00343,0.02007,0.01183,0.00319,0.02701,0.02315
0.08238,0.04368,0.27929,0.00067,0.08416,0.02710,0.13573,0.03287,0.21795,0.01457,0.03380,0.04779
0.01437,0.01195,0.30626,0.00198,0.36458,0.00199,0.00613,0.00982,0.00476,0.00073,0.27027,0.00717
0.27052,0.00490,0.09015,0.03110,0.05730,0.01541,0.00446,0.02965,0.00945,0.01326,0.21294,0.26086
0.09695,0.39036,0.23350,0.05369,0.04970,0.00310,0.00363,0.07461,0.01422,0.00255,0.05858,0.01910
0.14968,0.02124,0.13835,0.00123,0.22732,0.01087,0.01670,0.01570,0.02668,0.00166,0.00536,0.38521
0.24854,0.00736,0.39557,0.00181,0.17531,0.00756,0.00565,0.00780,0.02531,0.03953,0.05940,0.02615
0.06065,0.01741,0.10516,0.01133,0.13340,0.00266,0.00360,0.00926,0.52362,0.00806,0.01154,0.11331
0.10677,0.48073,0.06268,0.00078,0.13772,0.00191,0.00255,0.06544,0.06780,0.00152,0.02115,0.05094
0.03437,0.31714,0.20042,0.00175,0.13526,0.11842,0.01335,0.09402,0.02436,0.00237,0.04694,0.01160
0.03063,0.01358,0.34165,0.00073,0.02561,0.04127,0.00147,0.24990,0.13978,0.00796,0.08245,0.06498
0.20574,0.01221,0.05203,0.00080,0.20038,0.00650,0.00380,0.00945,0.04541,0.00175,0.44890,0.01303
0.01866,0.30458,0.15644,0.00093,0.02286,0.00638,0.00482,0.14645,0.30392,0.00270,0.02176,0.01051
0.19015,0.01639,0.26360,0.00181,0.15734,0.00376,0.00123,0.00500,0.01359,0.00088,0.12867,0.21758
0.10941,0.03511,0.78714,0.00048,0.02594,0.00198,0.00272,0.01253,0.00605,0.00350,0.00769,0.00745
0.04194,0.04010,0.39041,0.00123,0.02086,0.00228,0.00317,0.20552,0.01020,0.00358,0.02379,0.25692
0.17457,0.20955,0.03052,0.00719,0.16358,0.18334,0.00855,0.06778,0.05977,0.00247,0.01043,0.08225
0.29084,0.02876,0.13607,0.00152,0.05674,0.00452,0.00285,0.00992,0.02377,0.00456,0.41056,0.02989
0.01806,0.01201,0.67012,0.00174,0.07120,0.00368,0.01275,0.06430,0.00650,0.00154,0.03581,0.10230
0.03931,0.37010,0.03123,0.00179,0.02943,0.00999,0.02638,0.10411,0.18238,0.00325,0.18108,0.02095
0.02248,0.23295,0.02312,0.00174,0.47699,0.00345,0.03368,0.01616,0.12793,0.00504,0.02749,0.02896
0.03257,0.01097,0.35731,0.00165,0.04686,0.00268,0.00318,0.38703,0.00546,0.00234,0.13896,0.01100
0.04015,0.02528,0.23241,0.00171,0.30675,0.00338,0.14454,0.01201,0.01332,0.00226,0.06177,0.15643
0.01389,0.02210,0.05808,0.00077,0.49675,0.00676,0.00135,0.04390,0.24352,0.00191,0.00848,0.10250
0.04469,0.01981,0.21842,0.00412,0.19749,0.00559,0.00108,0.08427,0.08768,0.01941,0.29542,0.02202
0.20577,0.06549,0.37477,0.00132,0.13465,0.00532,0.00260,0.09870,0.04359,0.00186,0.04802,0.01792
0.05288,0.49765,0.00996,0.00133,0.08197,0.00212,0.00287,0.27070,0.04004,0.00356,0.01507,0.02186
0.04643,0.01735,0.41148,0.00082,0.14167,0.02910,0.00224,0.13083,0.00797,0.00311,0.03565,0.17335
0.01909,0.29449,0.40222,0.00475,0.10226,0.00962,0.00088,0.00651,0.00971,0.00438,0.10592,0.04016
0.01659,0.01207,0.85238,0.00160,0.03290,0.00258,0.00216,0.01619,0.04974,0.00062,0.00508,0.00808
0.01157,0.08564,0.22884,0.00088,0.54998,0.00244,0.00262,0.01873,0.00421,0.00515,0.08558,0.00435
0.01661,0.03516,0.16147,0.00362,0.51268,0.00827,0.00218,0.06214,0.00887,0.00105,0.03465,0.15331
0.19921,0.00657,0.39391,0.01221,0.29036,0.00601,0.00662,0.01537,0.00850,0.00195,0.01574,0.04355
0.01816,0.00986,0.32066,0.00041,0.38832,0.00496,0.00185,0.00971,0.15142,0.00159,0.00496,0.08811
0.03000,0.02899,0.29055,0.00104,0.03805,0.01368,0.14384,0.18502,0.03820,0.00699,0.20878,0.01485
0.03230,0.59061,0.08874,0.00143,0.10691,0.00491,0.03403,0.00854,0.02803,0.00149,0.00702,0.09600
0.26376,0.01024,0.19661,0.00074,0.11918,0.00322,0.00158,0.03297,0.01020,0.05651,0.12196,0.18304
0.14996,0.02093,0.18583,0.00057,0.40523,0.00284,0.00101,0.03057,0.03763,0.00329,0.00620,0.15593
0.00828,0.00449,0.92208,0.00083,0.03159,0.00167,0.00071,0.01328,0.00274,0.00106,0.00718,0.00609
0.02057,0.01538,0.03498,0.00542,0.11481,0.00478,0.00302,0.08110,0.08127,0.00562,0.00847,0.62458
0.36493,0.01003,0.18994,0.00306,0.30597,0.00306,0.00133,0.00660,0.00508,0.00245,0.00931,0.09825
0.16012,0.04954,0.56214,0.00610,0.06327,0.00253,0.00392,0.01179,0.01117,0.00810,0.00720,0.11413
0.02213,0.01259,0.14435,0.00150,0.42997,0.01535,0.00419,0.05705,0.00931,0.00151,0.26843,0.03362
0.01870,0.01523,0.28984,0.00072,0.04240,0.00503,0.00580,0.10638,0.03689,0.00749,0.44232,0.02920
0.22933,0.02964,0.01761,0.00218,0.04936,0.02632,0.00825,0.56652,0.00845,0.00096,0.01767,0.04370
0.07463,0.43571,0.02938,0.00085,0.04020,0.00422,0.00320,0.01317,0.00796,0.00268,0.20383,0.18416
0.14425,0.01708,0.28734,0.00120,0.01471,0.00216,0.00268,0.01299,0.18450,0.00358,0.18551,0.14401
0.33838,0.07830,0.19061,0.00116,0.30676,0.00270,0.00120,0.02902,0.01202,0.00172,0.01447,0.02367
0.44172,0.15680,0.10212,0.00089,0.21067,0.00278,0.00193,0.02334,0.02930,0.00258,0.00799,0.01989
0.08354,0.02205,0.44771,0.00748,0.24109,0.01170,0.02267,0.10933,0.01082,0.00299,0.00992,0.03069
0.11155,0.00556,0.08770,0.00195,0.19225,0.01430,0.01186,0.01669,0.09532,0.00243,0.41421,0.04619
0.18218,0.01155,0.37078,0.00145,0.08642,0.00248,0.00493,0.29109,0.00820,0.00288,0.01562,0.02240
0.07740,0.01373,0.52209,0.01443,0.02226,0.00309,0.01182,0.05080,0.25312,0.00309,0.01680,0.01135
0.02577,0.01551,0.58181,0.00080,0.02312,0.00745,0.00235,0.00986,0.01712,0.00221,0.29304,0.02097
0.01723,0.02254,0.02240,0.00122,0.10180,0.07999,0.00721,0.00921,0.50501,0.00266,0.00461,0.22612
0.01473,0.24812,0.37498,0.00082,0.02697,0.01676,0.00250,0.22466,0.00761,0.00083,0.06114,0.02089
0.03989,0.03873,0.29979,0.03133,0.02349,0.00303,0.00425,0.33524,0.06737,0.00287,0.12153,0.03248
0.33310,0.00484,0.26473,0.00262,0.08175,0.00246,0.01477,0.11738,0.00435,0.00240,0.09727,0.07434
0.13324,0.00983,0.21781,0.01166,0.47237,0.00887,0.00226,0.05616,0.04094,0.00347,0.02974,0.01365
0.25247,0.04086,0.05318,0.00125,0.43599,0.14038,0.00245,0.01546,0.01371,0.00202,0.02410,0.01814
0.36018,0.01969,0.12751,0.00066,0.01787,0.00179,0.00095,0.44623,0.00799,0.00137,0.00868,0.00708
0.01917,0.35657,0.53441,0.00058,0.03092,0.00303,0.00068,0.00872,0.00690,0.00139,0.01567,0.02196
0.02660,0.03278,0.31239,0.00225,0.07858,0.00218,0.00172,0.04177,0.02489,0.15031,0.04353,0.28299
0.02022,0.01337,0.08232,0.00218,0.02915,0.00200,0.00168,0.00888,0.13579,0.00480,0.38642,0.31320
0.06953,0.08712,0.07760,0.00251,0.06347,0.00659,0.01308,0.05363,0.00678,0.00149,0.31460,0.30361
0.03659,0.02211,0.12720,0.00110,0.37533,0.00319,0.00185,0.00575,0.06613,0.08568,0.01204,0.26302
0.01620,0.21781,0.22014,0.00084,0.14983,0.00386,0.01017,0.00583,0.17271,0.00663,0.08365,0.11232
0.07189,0.02084,0.17015,0.00507,0.35181,0.00753,0.00238,0.02452,0.23241,0.00486,0.06379,0.04475
0.05119,0.13550,0.01604,0.00083,0.01671,0.00166,0.00114,0.12800,0.50726,0.00128,0.13415,0.00623
0.02446,0.02889,0.09452,0.00125,0.77568,0.00206,0.00258,0.00995,0.00811,0.00383,0.03314,0.01553
0.30784,0.00583,0.15466,0.00355,0.20536,0.00299,0.00223,0.00582,0.00709,0.00220,0.01822,0.28422
0.09454,0.27580,0.01808,0.00558,0.22099,0.05622,0.00953,0.06327,0.01626,0.05528,0.01706,0.16737
0.49791,0.18977,0.12808,0.00084,0.04871,0.00359,0.00099,0.00614,0.00433,0.00080,0.01818,0.10066
0.36005,0.01027,0.16968,0.05338,0.03533,0.12383,0.00141,0.01599,0.04327,0.00131,0.17711,0.00837
0.11305,0.10052,0.32190,0.00109,0.19947,0.01497,0.00518,0.00520,0.01348,0.00106,0.21200,0.01207
0.01081,0.02124,0.01037,0.00056,0.44420,0.00185,0.00282,0.00512,0.04844,0.00171,0.18692,0.26597
0.25638,0.03461,0.04223,0.00145,0.01579,0.00636,0.00309,0.36940,0.20442,0.00242,0.04244,0.02143
0.10389,0.00866,0.01911,0.00294,0.33568,0.00315,0.00175,0.21166,0.01394,0.00086,0.03868,0.25968
0.03282,0.02217,0.12320,0.41015,0.21964,0.00600,0.00137,0.01057,0.05864,0.00203,0.02418,0.08923
0.13731,0.25059,0.27528,0.00942,0.14454,0.00365,0.00319,0.12809,0.00862,0.00226,0.01437,0.02268
0.03959,0.02696,0.16800,0.00143,0.25261,0.15970,0.00125,0.03190,0.01462,0.00183,0.02532,0.27680
0.54447,0.02770,0.06625,0.00309,0.08506,0.07758,0.00231,0.11989,0.01345,0.02105,0.02128,0.01787
0.04315,0.01540,0.39587,0.00872,0.16991,0.01221,0.00335,0.08150,0.02031,0.00568,0.14315,0.10076
0.29681,0.00997,0.12117,0.00094,0.26429,0.14066,0.00414,0.02994,0.01630,0.00205,0.05622,0.05753
0.07299,0.01285,0.55369,0.00090,0.03000,0.00496,0.09741,0.10794,0.01802,0.00129,0.00964,0.09031
0.27471,0.01733,0.13132,0.00242,0.27321,0.00570,0.00418,0.01271,0.01778,0.00313,0.01282,0.24469
0.23681,0.01906,0.05990,0.00078,0.05767,0.00869,0.05782,0.06865,0.02113,0.00257,0.13276,0.33416
0.06098,0.22671,0.13377,0.00377,0.17844,0.01105,0.00138,0.02022,0.01202,0.00233,0.18349,0.16585
0.07705,0.07122,0.30945,0.00400,0.06700,0.03387,0.00744,0.18655,0.17401,0.00265,0.03125,0.03551
0.01531,0.01435,0.40956,0.00076,0.02221,0.00437,0.00256,0.00610,0.00920,0.01398,0.15605,0.34556
0.01383,0.39775,0.36476,0.00172,0.01744,0.00485,0.00133,0.01056,0.02189,0.00431,0.13096,0.03060
0.34159,0.01264,0.33958,0.00111,0.19231,0.00369,0.00235,0.05845,0.01312,0.00115,0.01431,0.01968
0.36749,0.04871,0.01893,0.00061,0.09363,0.00179,0.01388,0.10502,0.00450,0.00165,0.02650,0.31728
0.14150,0.10200,0.08457,0.00089,0.03408,0.02198,0.00082,0.41580,0.02188,0.08368,0.00942,0.08338
0.01856,0.01071,0.17950,0.00090,0.37869,0.00224,0.00411,0.00579,0.00891,0.00278,0.38432,0.00348
