0.20156,0.00864,0.04359,0.48110,0.01315,0.00566,0.03759,0.00206,0.03827,0.16838
0.00637,0.04994,0.40116,0.14873,0.23736,0.00352,0.02361,0.00116,0.12007,0.00809
0.00501,0.45067,0.00817,0.14866,0.00305,0.00041,0.23294,0.00035,0.13809,0.01264
0.00702,0.00899,0.10685,0.02763,0.00117,0.00229,0.39652,0.00047,0.04285,0.40621
0.13079,0.09957,0.02938,0.41253,0.03057,0.04109,0.06006,0.00113,0.18622,0.00865
0.01159,0.03538,0.02139,0.18390,0.00364,0.33481,0.31470,0.00125,0.08900,0.00434
0.13966,0.13868,0.01118,0.40028,0.00664,0.00631,0.15244,0.00148,0.13065,0.01269
0.15451,0.00526,0.01642,0.31146,0.00455,0.00254,0.46361,0.00109,0.02410,0.01646
0.00795,0.02648,0.19855,0.36332,0.00787,0.01407,0.02739,0.00287,0.03269,0.31879
0.13166,0.09242,0.02783,0.67206,0.00201,0.00125,0.05463,0.00137,0.01187,0.00490
0.32362,0.01377,0.01558,0.21127,0.00331,0.00410,0.12625,0.00142,0.29285,0.00784
0.01301,0.10177,0.04245,0.20928,0.00398,0.00157,0.06981,0.01121,0.53985,0.00707
0.02027,0.04043,0.05522,0.42328,0.00448,0.00295,0.06644,0.00110,0.38010,0.00573
0.00701,0.06248,0.01261,0.78421,0.00077,0.00638,0.10066,0.00092,0.01735,0.00760
0.00820,0.01645,0.14909,0.24845,0.00439,0.00487,0.43143,0.00064,0.00747,0.12901
0.40547,0.30951,0.09688,0.06510,0.00888,0.01992,0.05888,0.00249,0.01354,0.01933
0.00749,0.18852,0.13437,0.14619,0.00458,0.00996,0.14991,0.00598,0.23534,0.11767
0.00627,0.01061,0.01376,0.17891,0.00107,0.00221,0.30122,0.00087,0.47466,0.01044
0.23826,0.39829,0.01296,0.21071,0.00195,0.00206,0.08882,0.00062,0.03145,0.01487
0.01227,0.03279,0.00346,0.49889,0.00456,0.08698,0.18858,0.00092,0.01580,0.15576
0.00687,0.02732,0.03504,0.16075,0.00135,0.00198,0.54718,0.00346,0.20890,0.00714
0.00390,0.01989,0.61845,0.25320,0.00140,0.00233,0.03555,0.00242,0.03908,0.02378
0.08685,0.01041,0.01615,0.04785,0.00270,0.00227,0.16945,0.00051,0.64830,0.01551
0.00264,0.00752,0.00585,0.28982,0.00081,0.00221,0.19445,0.00117,0.20333,0.29221
0.10727,0.07024,0.01798,0.05827,0.00138,0.00384,0.41946,0.00105,0.31233,0.00818
0.00612,0.01639,0.01099,0.35348,0.00118,0.00064,0.22381,0.00234,0.37547,0.00959
0.00873,0.18478,0.00856,0.10951,0.00058,0.00118,0.24870,0.00182,0.42654,0.00961
0.04117,0.04061,0.13947,0.11128,0.21418,0.00126,0.25652,0.05148,0.05944,0.08459
0.48383,0.22320,0.01116,0.18674,0.00371,0.00670,0.06533,0.00350,0.00840,0.00743
0.26096,0.00989,0.01345,0.66659,0.00135,0.00404,0.02352,0.00083,0.01056,0.00880
0.02438,0.13454,0.00543,0.51371,0.00113,0.00272,0.03459,0.00094,0.26153,0.02103
0.00580,0.02885,0.04347,0.77108,0.00210,0.00136,0.06959,0.00052,0.04442,0.03280
0.01606,0.02987,0.21871,0.32845,0.00729,0.01072,0.17111,0.14393,0.03836,0.03550
0.00300,0.03296,0.17318,0.39757,0.00102,0.00111,0.37527,0.00133,0.01076,0.00379
0.00514,0.02257,0.36462,0.42508,0.00118,0.00200,0.05974,0.00390,0.01135,0.10440
0.01164,0.15534,0.03064,0.32975,0.00582,0.00236,0.40634,0.00043,0.01422,0.04345
0.04264,0.01358,0.03904,0.48433,0.01932,0.00387,0.26659,0.00194,0.06179,0.06690
0.00627,0.00717,0.01062,0.39209,0.00076,0.00691,0.01544,0.00098,0.55349,0.00626
0.01724,0.01086,0.01069,0.16231,0.39916,0.00284,0.11774,0.00149,0.26589,0.01179
0.30761,0.00884,0.00874,0.05456,0.00323,0.00273,0.59942,0.00124,0.00752,0.00610
0.01449,0.00951,0.00540,0.64680,0.00167,0.00408,0.23991,0.00045,0.04199,0.03570
0.04446,0.04188,0.39843,0.06349,0.02302,0.00433,0.26642,0.00564,0.13619,0.01614
0.00469,0.29706,0.00777,0.45850,0.00353,0.00173,0.19679,0.00419,0.01921,0.00652
0.00703,0.12676,0.01061,0.45691,0.00505,0.00259,0.13604,0.00361,0.22558,0.02581
0.00243,0.11900,0.00526,0.33646,0.00098,0.00148,0.40130,0.00035,0.12024,0.01250
0.00661,0.05116,0.01474,0.26808,0.00575,0.00290,0.12245,0.00228,0.09065,0.43539
0.00494,0.14662,0.25191,0.34275,0.00212,0.00198,0.21375,0.00667,0.01293,0.01634
0.00724,0.01613,0.06347,0.44687,0.00257,0.00128,0.00730,0.00104,0.44593,0.00817
0.04467,0.03752,0.04508,0.25148,0.00142,0.00287,0.18467,0.00096,0.32267,0.10866
0.02482,0.01285,0.18231,0.27535,0.00145,0.00385,0.39136,0.00149,0.04552,0.06101
0.03972,0.01192,0.00823,0.56557,0.00206,0.00431,0.13976,0.00074,0.18353,0.04416
0.36165,0.09847,0.02400,0.20862,0.00100,0.00293,0.19201,0.00719,0.09454,0.00959
0.22700,0.23936,0.03527,0.03353,0.00137,0.00122,0.19441,0.00387,0.12029,0.14368
0.00299,0.01118,0.30448,0.32898,0.00170,0.01720,0.30420,0.00173,0.01865,0.00890
0.01772,0.26024,0.00766,0.21478,0.00613,0.00568,0.08788,0.00088,0.33633,0.06271
0.10030,0.09000,0.00587,0.37862,0.02408,0.05092,0.01446,0.00207,0.30092,0.03277
0.31761,0.05086,0.01093,0.04088,0.05614,0.00426,0.45144,0.00154,0.06272,0.00363
0.07551,0.01818,0.06834,0.30456,0.00247,0.04703,0.45177,0.00173,0.02484,0.00557
0.00427,0.00464,0.05967,0.60119,0.00171,0.00100,0.22302,0.00184,0.05336,0.04930
0.00613,0.03884,0.00664,0.10049,0.00321,0.19512,0.02247,0.00233,0.17517,0.44960
0.02527,0.24110,0.01092,0.25062,0.00222,0.00111,0.09381,0.00186,0.36157,0.01151
0.00436,0.01113,0.00579,0.10626,0.00130,0.00181,0.04587,0.00096,0.47462,0.34788
0.00555,0.01603,0.00807,0.05203,0.07677,0.01084,0.26123,0.00185,0.56197,0.00567
0.13743,0.06620,0.01592,0.11434,0.00267,0.00393,0.18884,0.00105,0.44967,0.01994
0.00968,0.20810,0.35664,0.10321,0.00082,0.00215,0.07146,0.00070,0.23226,0.01499
0.01239,0.02349,0.00673,0.43783,0.00303,0.00092,0.49215,0.00061,0.01138,0.01147
0.00185,0.01179,0.01030,0.45450,0.00109,0.00093,0.44783,0.00088,0.06209,0.00874
0.01116,0.01507,0.00664,0.03113,0.00206,0.00068,0.31276,0.00158,0.59043,0.02849
0.01722,0.01122,0.01580,0.63351,0.00090,0.00185,0.05562,0.00151,0.12034,0.14203
0.35265,0.22796,0.01407,0.03669,0.00688,0.00157,0.19831,0.00093,0.02100,0.13994
0.00315,0.01867,0.02536,0.66915,0.00071,0.00186,0.02025,0.00226,0.24831,0.01028
0.00682,0.50300,0.00950,0.01930,0.34917,0.00647,0.02740,0.00239,0.05822,0.01772
0.00298,0.11068,0.15227,0.53633,0.00281,0.00177,0.14802,0.00261,0.03676,0.00576
0.00658,0.29152,0.01724,0.05381,0.00066,0.00249,0.56038,0.00120,0.03108,0.03504
0.06837,0.02031,0.26745,0.43405,0.04415,0.00680,0.09956,0.00128,0.04237,0.01566
0.02752,0.01020,0.01373,0.11234,0.00512,0.00345,0.59228,0.00290,0.22244,0.01003
0.07094,0.00735,0.28387,0.48902,0.00105,0.00349,0.07806,0.00060,0.06126,0.00435
0.01974,0.01118,0.00421,0.12556,0.00151,0.00228,0.70206,0.00066,0.00940,0.12340
0.00463,0.01029,0.03632,0.42263,0.00198,0.00593,0.02577,0.00154,0.26515,0.22575
0.07709,0.02295,0.00566,0.32200,0.00102,0.00144,0.41420,0.00371,0.07674,0.07518
0.00283,0.26582,0.02069,0.11523,0.00513,0.00219,0.54043,0.00087,0.01400,0.03281
0.00439,0.28237,0.26294,0.22522,0.04052,0.00899,0.11771,0.00229,0.01836,0.03720
0.00532,0.02813,0.01043,0.68009,0.01552,0.00540,0.19683,0.00180,0.03561,0.02087
0.00360,0.01701,0.02684,0.61900,0.00498,0.00247,0.30763,0.00160,0.00887,0.00799
0.03801,0.01671,0.02608,0.09589,0.00310,0.01097,0.70795,0.00119,0.05520,0.04489
0.00381,0.01217,0.36869,0.16377,0.00068,0.00141,0.12377,0.00402,0.01579,0.30588
0.00565,0.17011,0.00448,0.06201,0.00252,0.00308,0.73314,0.00055,0.01303,0.00543
0.00408,0.03680,0.08341,0.23239,0.00106,0.00121,0.12419,0.46516,0.03018,0.02152
0.02721,0.58529,0.01022,0.17914,0.00106,0.00162,0.17541,0.00195,0.00656,0.01154
0.12243,0.02909,0.01975,0.25086,0.00255,0.00307,0.36497,0.00122,0.13009,0.07599
0.00368,0.04585,0.12365,0.40210,0.00119,0.00742,0.30866,0.00539,0.07578,0.02628
0.00357,0.03256,0.49726,0.32032,0.01591,0.00167,0.08502,0.00222,0.03394,0.00754
0.00564,0.00841,0.00347,0.44837,0.00260,0.00163,0.30954,0.00086,0.21304,0.00642
0.01115,0.01962,0.01889,0.41971,0.00181,0.00388,0.19345,0.00285,0.32312,0.00552
0.00397,0.32155,0.08947,0.11271,0.00277,0.00110,0.38546,0.00089,0.05887,0.02321
0.00595,0.01483,0.08172,0.58544,0.00206,0.00279,0.26386,0.00210,0.01960,0.02166
0.00475,0.03553,0.00725,0.73469,0.01940,0.00614,0.09191,0.00287,0.07567,0.02178
0.06390,0.13374,0.12371,0.42391,0.00467,0.01001,0.02149,0.02280,0.13451,0.06127
0.00750,0.01266,0.00768,0.27681,0.00128,0.00100,0.66673,0.00054,0.02085,0.00496
0.12844,0.34714,0.28035,0.18471,0.00302,0.00318,0.02333,0.00122,0.02492,0.00369
