0.08851,0.00960,0.00062,0.05445,0.01867,0.01773,0.00258,0.00005,0.02046,0.01142,0.03284,0.01051,0.06440,0.66787,0.00029
0.00336,0.01918,0.09664,0.17117,0.01140,0.47334,0.00323,0.04790,0.00081,0.13108,0.00179,0.00536,0.02916,0.00543,0.00016
0.00063,0.00755,0.02370,0.00252,0.00241,0.72113,0.00003,0.00397,0.00113,0.00495,0.00173,0.00346,0.01318,0.21277,0.00083
0.01454,0.47437,0.00158,0.00402,0.00318,0.03595,0.00812,0.00792,0.00113,0.00302,0.00008,0.00623,0.00425,0.42999,0.00562
0.00942,0.00634,0.00258,0.00076,0.00396,0.32203,0.00685,0.00149,0.00026,0.00426,0.00188,0.13747,0.00737,0.49137,0.00396
0.03692,0.74043,0.01191,0.01499,0.00254,0.01401,0.00442,0.04041,0.02021,0.03325,0.00480,0.02272,0.00192,0.03113,0.02036
0.29045,0.00158,0.00066,0.00574,0.00510,0.54296,0.00454,0.00540,0.00639,0.01412,0.02562,0.01506,0.07925,0.00011,0.00302
0.00588,0.00296,0.00006,0.01960,0.00147,0.02753,0.00194,0.00127,0.01693,0.00596,0.00187,0.00770,0.15877,0.39012,0.35794
0.00437,0.25864,0.00069,0.00099,0.00137,0.00875,0.00005,0.00142,0.00008,0.00342,0.00386,0.00052,0.71073,0.00494,0.00017
0.00625,0.03720,0.00173,0.00009,0.00045,0.71780,0.00009,0.00150,0.00159,0.00986,0.00225,0.00092,0.03471,0.17554,0.01003
0.00164,0.00301,0.02252,0.00068,0.00116,0.09171,0.04389,0.00325,0.00544,0.00019,0.01566,0.01889,0.77805,0.01203,0.00187
0.03049,0.00921,0.00015,0.00889,0.00062,0.00751,0.00021,0.03401,0.01121,0.01703,0.02238,0.22967,0.55119,0.07673,0.00070
0.00070,0.00362,0.00094,0.00324,0.01329,0.00227,0.00088,0.00247,0.00003,0.92316,0.00008,0.01970,0.00131,0.02459,0.00371
0.03393,0.01648,0.00116,0.01002,0.03150,0.01099,0.00093,0.00089,0.02475,0.01541,0.00012,0.01265,0.64812,0.19303,0.00000
0.00777,0.27337,0.00977,0.00519,0.01955,0.18694,0.00187,0.02533,0.00116,0.41214,0.00103,0.04476,0.00357,0.00665,0.00089
0.09183,0.05218,0.06629,0.00120,0.03497,0.36896,0.02013,0.00337,0.00461,0.02473,0.00019,0.03816,0.00537,0.28319,0.00480
0.16937,0.09742,0.00037,0.15078,0.13854,0.00485,0.00056,0.22963,0.00047,0.03692,0.00207,0.00265,0.01902,0.14635,0.00101
0.01016,0.07329,0.00092,0.00175,0.01376,0.87258,0.00000,0.00070,0.00003,0.00013,0.00350,0.00660,0.00900,0.00694,0.00063
0.00184,0.01400,0.10418,0.18500,0.00437,0.49120,0.02802,0.01704,0.00120,0.14835,0.00304,0.00018,0.00129,0.00021,0.00009
0.06620,0.53881,0.00470,0.00499,0.16130,0.02146,0.00144,0.00241,0.00375,0.00012,0.00506,0.07521,0.02968,0.07809,0.00679
0.00265,0.68803,0.01175,0.00317,0.00113,0.00392,0.00184,0.00041,0.00071,0.00288,0.00208,0.00004,0.27953,0.00169,0.00017
0.00159,0.00556,0.01686,0.00047,0.00761,0.13374,0.01175,0.00009,0.01331,0.01112,0.00353,0.03331,0.75774,0.00272,0.00058
0.00984,0.00194,0.02245,0.00269,0.00021,0.02361,0.01064,0.00028,0.00345,0.00172,0.00008,0.39551,0.00285,0.52475,0.00000
0.00023,0.53657,0.00919,0.00507,0.00715,0.02560,0.00248,0.18740,0.00165,0.00273,0.00134,0.02337,0.00272,0.17220,0.02229
0.01421,0.02737,0.01551,0.00251,0.00167,0.03475,0.02654,0.08086,0.02119,0.11750,0.31176,0.00364,0.12375,0.21576,0.00297
0.14756,0.00037,0.25537,0.24104,0.00459,0.20731,0.01256,0.00511,0.00054,0.09429,0.00087,0.00221,0.00040,0.02733,0.00044
0.34713,0.05135,0.00033,0.01049,0.00200,0.02694,0.00533,0.00080,0.09259,0.04489,0.00028,0.00390,0.41142,0.00245,0.00011
0.00832,0.00719,0.02368,0.01923,0.02125,0.00101,0.00527,0.00505,0.00906,0.00069,0.00030,0.11727,0.77821,0.00262,0.00085
0.10898,0.00509,0.00614,0.00788,0.00073,0.06882,0.00139,0.00127,0.00134,0.01384,0.36132,0.00288,0.02507,0.39353,0.00172
0.00122,0.00769,0.00340,0.00478,0.00587,0.88597,0.00095,0.02136,0.00049,0.01384,0.00182,0.01049,0.02391,0.01729,0.00090
0.01998,0.05141,0.00696,0.00555,0.00352,0.07900,0.02212,0.00400,0.02806,0.01114,0.19851,0.01305,0.54664,0.00980,0.00027
0.00745,0.08999,0.01902,0.30558,0.01998,0.03616,0.00190,0.00145,0.03240,0.00363,0.01853,0.00017,0.05117,0.07901,0.33356
0.00854,0.00158,0.00085,0.00632,0.00038,0.02164,0.00563,0.00145,0.00065,0.00584,0.00133,0.82379,0.02395,0.09800,0.00003
0.00030,0.00350,0.00442,0.00150,0.00398,0.02074,0.00008,0.03007,0.00130,0.00541,0.00233,0.69796,0.00398,0.22369,0.00076
0.27619,0.01362,0.00657,0.52634,0.01059,0.14777,0.00108,0.00082,0.00006,0.00213,0.00078,0.00355,0.00358,0.00318,0.00374
0.02187,0.02008,0.01428,0.00619,0.00787,0.02454,0.00878,0.00026,0.00001,0.00238,0.00000,0.27785,0.01180,0.60357,0.00052
0.00338,0.00328,0.00282,0.00309,0.00005,0.00442,0.00546,0.00072,0.00098,0.00907,0.00319,0.51799,0.44364,0.00191,0.00001
0.01560,0.00928,0.00527,0.05520,0.14214,0.26004,0.00511,0.00169,0.00131,0.00311,0.00154,0.14376,0.34791,0.00632,0.00171
0.01840,0.02290,0.03339,0.07972,0.01563,0.21181,0.00277,0.00192,0.00036,0.00572,0.00553,0.01575,0.51673,0.04318,0.02619
0.00802,0.65282,0.00586,0.06341,0.02262,0.00956,0.00000,0.00064,0.00026,0.00284,0.20446,0.02005,0.00379,0.00413,0.00154
0.00068,0.00183,0.03090,0.31738,0.00763,0.00730,0.02509,0.13512,0.12086,0.00118,0.33207,0.01400,0.00251,0.00198,0.00145
0.23283,0.42618,0.00572,0.00983,0.03034,0.22964,0.00180,0.00078,0.00170,0.04378,0.00033,0.00525,0.00091,0.00202,0.00890
0.27585,0.07068,0.12294,0.18004,0.01298,0.19348,0.00014,0.03961,0.01601,0.06422,0.00155,0.00268,0.00418,0.00986,0.00575
0.08129,0.01912,0.10576,0.10393,0.13132,0.45676,0.00033,0.00085,0.00536,0.09049,0.00064,0.00134,0.00208,0.00062,0.00013
0.00092,0.00234,0.00851,0.00157,0.00037,0.03373,0.00573,0.00466,0.00000,0.00207,0.00026,0.00525,0.92809,0.00615,0.00034
0.27514,0.06792,0.35316,0.00865,0.00095,0.16707,0.00000,0.00175,0.00283,0.00201,0.00831,0.01373,0.07052,0.00146,0.02650
0.00468,0.01668,0.00328,0.01367,0.00002,0.01581,0.00201,0.00209,0.00220,0.00292,0.00166,0.01095,0.00272,0.00800,0.91330
0.01536,0.00104,0.16124,0.00158,0.14472,0.17192,0.00054,0.10730,0.00839,0.01268,0.03498,0.00068,0.08271,0.10521,0.15164
0.50963,0.00980,0.00261,0.00208,0.02822,0.42035,0.00004,0.01252,0.00039,0.00818,0.00119,0.00259,0.00141,0.00082,0.00018
0.00402,0.87233,0.00522,0.00302,0.00056,0.02694,0.00227,0.00391,0.00363,0.00367,0.01659,0.02745,0.00277,0.01659,0.01103
0.00033,0.00089,0.00043,0.00083,0.00003,0.00275,0.00002,0.00023,0.00031,0.87887,0.00081,0.00272,0.11025,0.00130,0.00024
0.00131,0.04895,0.00471,0.00209,0.01478,0.84951,0.00032,0.00056,0.00063,0.04977,0.00028,0.00982,0.00765,0.00750,0.00212
0.00873,0.00530,0.00182,0.01720,0.02867,0.01165,0.02226,0.00241,0.00217,0.00918,0.54656,0.01300,0.32967,0.00068,0.00070
0.04309,0.07938,0.00313,0.10429,0.10034,0.04454,0.00012,0.08862,0.01573,0.01894,0.08393,0.00350,0.41109,0.00198,0.00132
0.00310,0.00857,0.02755,0.00018,0.00268,0.94062,0.00172,0.00003,0.00356,0.00171,0.00217,0.00060,0.00353,0.00397,0.00000
0.00858,0.00782,0.00133,0.03722,0.00162,0.00201,0.00032,0.00751,0.00791,0.00066,0.00122,0.52696,0.00821,0.37841,0.01021
0.00022,0.00308,0.67152,0.04263,0.01249,0.04242,0.00001,0.00002,0.01469,0.02300,0.01004,0.00312,0.16212,0.00352,0.01111
0.26867,0.28177,0.00079,0.00285,0.00810,0.00885,0.02513,0.00594,0.00080,0.30453,0.02032,0.06545,0.00517,0.00031,0.00131
0.01100,0.03367,0.00406,0.00136,0.01790,0.00784,0.00008,0.05212,0.00050,0.00541,0.00086,0.00125,0.24935,0.60350,0.01110
0.02085,0.01437,0.02134,0.00050,0.01332,0.03930,0.00351,0.01257,0.00075,0.00014,0.00205,0.11342,0.73385,0.01924,0.00477
0.00962,0.00379,0.00426,0.00008,0.00000,0.00278,0.00146,0.00083,0.00040,0.00707,0.00177,0.01025,0.93810,0.01943,0.00017
0.00401,0.00360,0.00034,0.00518,0.00193,0.01268,0.00176,0.01292,0.00146,0.00182,0.00005,0.06425,0.03230,0.85764,0.00007
0.00632,0.00179,0.00775,0.33339,0.00463,0.17823,0.00001,0.00047,0.06265,0.04302,0.00302,0.01082,0.02321,0.32376,0.00093
0.00697,0.93616,0.02426,0.00226,0.00314,0.01155,0.00245,0.00049,0.00036,0.00038,0.00114,0.00206,0.00728,0.00127,0.00024
0.00098,0.02008,0.00367,0.01226,0.00006,0.00185,0.00000,0.00339,0.00126,0.00088,0.00028,0.00981,0.17506,0.76503,0.00540
0.02196,0.09064,0.00045,0.01148,0.05661,0.01672,0.01433,0.00875,0.01858,0.04384,0.68344,0.01885,0.01197,0.00165,0.00073
0.00537,0.01545,0.01620,0.00394,0.00124,0.02197,0.00843,0.00013,0.00357,0.25342,0.00055,0.61895,0.02059,0.02969,0.00049
0.00193,0.12215,0.02702,0.00456,0.02025,0.03359,0.00049,0.75556,0.00010,0.00696,0.00098,0.00331,0.02037,0.00039,0.00234
0.04259,0.01719,0.00067,0.00610,0.00802,0.14833,0.00824,0.00040,0.00064,0.00953,0.04080,0.00254,0.46871,0.01927,0.22697
0.00360,0.10540,0.01455,0.01024,0.01550,0.51606,0.00000,0.00163,0.01309,0.01992,0.00761,0.28034,0.01134,0.00070,0.00004
0.15532,0.09674,0.13529,0.00124,0.03590,0.00314,0.11234,0.01821,0.01133,0.07034,0.00060,0.04548,0.30092,0.01188,0.00130
0.00393,0.16557,0.00146,0.00423,0.00131,0.12216,0.00111,0.00047,0.00126,0.00059,0.00329,0.00534,0.01044,0.67183,0.00702
0.01287,0.00497,0.00125,0.00015,0.00076,0.88824,0.00246,0.01867,0.00468,0.00699,0.00313,0.01501,0.02789,0.00553,0.00738
0.00466,0.02664,0.00217,0.14972,0.00160,0.01779,0.00277,0.00139,0.00129,0.04862,0.00090,0.01949,0.69509,0.02724,0.00061
0.00157,0.21806,0.00424,0.00982,0.01686,0.22892,0.00379,0.00326,0.00557,0.12569,0.01438,0.02941,0.03217,0.26611,0.04015
0.02458,0.03347,0.00074,0.00359,0.00185,0.06271,0.00910,0.01367,0.00283,0.01764,0.00814,0.00633,0.58536,0.22754,0.00245
0.00748,0.02322,0.24745,0.01418,0.02255,0.01080,0.00033,0.00009,0.01680,0.57676,0.00332,0.07386,0.00216,0.00098,0.00001
0.01518,0.09853,0.01897,0.02832,0.00134,0.03779,0.00235,0.01149,0.02673,0.21632,0.02258,0.01079,0.35467,0.11828,0.03664
0.06769,0.01673,0.01530,0.00041,0.00258,0.02808,0.00002,0.06271,0.00264,0.09696,0.65625,0.02734,0.02103,0.00149,0.00076
0.00098,0.00944,0.00138,0.00617,0.00292,0.13790,0.00121,0.00082,0.00428,0.00095,0.00600,0.00214,0.51662,0.03600,0.27318
0.00322,0.00031,0.00051,0.00268,0.00006,0.00689,0.00022,0.00223,0.00203,0.00540,0.00624,0.00000,0.96952,0.00068,0.00002
0.00902,0.01482,0.01847,0.00248,0.03884,0.00854,0.00013,0.01455,0.02506,0.00277,0.00188,0.85159,0.00396,0.00157,0.00633
0.00807,0.00243,0.00379,0.00809,0.00008,0.47511,0.00100,0.00043,0.09809,0.03141,0.01399,0.00361,0.01626,0.33458,0.00306
0.04577,0.31835,0.00187,0.00041,0.17408,0.00667,0.00000,0.38648,0.02429,0.00864,0.00804,0.00763,0.01182,0.00339,0.00256
0.05129,0.14973,0.00394,0.00838,0.06215,0.14350,0.00075,0.01836,0.01430,0.05887,0.00580,0.33396,0.01938,0.00345,0.12615
0.01316,0.00035,0.00386,0.02959,0.00004,0.05678,0.00032,0.09969,0.00095,0.00536,0.00490,0.00556,0.77170,0.00774,0.00000
0.02050,0.01090,0.00404,0.00963,0.16872,0.00070,0.00587,0.00022,0.00092,0.35262,0.01442,0.00481,0.40274,0.00241,0.00150
0.30252,0.00069,0.00625,0.03219,0.01010,0.11784,0.00248,0.00518,0.00125,0.00691,0.00093,0.00226,0.42163,0.08513,0.00462
0.00467,0.03637,0.00426,0.03472,0.00014,0.01168,0.00074,0.01443,0.00050,0.00918,0.00203,0.05868,0.01058,0.81196,0.00006
0.00288,0.01470,0.00270,0.45901,0.00208,0.00335,0.04643,0.10534,0.00035,0.06637,0.03686,0.12843,0.00190,0.12918,0.00040
0.00612,0.36441,0.00036,0.00262,0.00951,0.01100,0.00198,0.00030,0.00007,0.00166,0.00055,0.00409,0.59103,0.00168,0.00463
0.01778,0.00238,0.00526,0.01067,0.00193,0.01660,0.01466,0.00000,0.02732,0.01025,0.00741,0.42861,0.04407,0.40887,0.00418
0.01870,0.00432,0.00115,0.00950,0.00100,0.71786,0.00054,0.00062,0.00372,0.03750,0.00152,0.01079,0.03776,0.15009,0.00492
0.00521,0.00474,0.00931,0.01055,0.00168,0.00728,0.00110,0.00068,0.00173,0.27633,0.00125,0.01082,0.65433,0.01429,0.00070
0.00048,0.00484,0.00334,0.03588,0.00261,0.79239,0.00008,0.00353,0.00468,0.00003,0.00526,0.06158,0.00085,0.08423,0.00023
0.00583,0.00219,0.62788,0.00343,0.01166,0.00401,0.00099,0.02655,0.00225,0.03882,0.09678,0.01920,0.02140,0.13691,0.00209
0.00475,0.23634,0.00263,0.37305,0.02076,0.32336,0.00051,0.01321,0.00371,0.00541,0.00132,0.00021,0.00849,0.00621,0.00003
0.08164,0.18323,0.29071,0.13973,0.00729,0.01354,0.00030,0.00142,0.01338,0.03062,0.06987,0.04407,0.05482,0.06899,0.00040
0.00157,0.90025,0.00005,0.00655,0.01047,0.05458,0.00001,0.00016,0.00499,0.00247,0.00127,0.00942,0.00473,0.00316,0.00033
0.00072,0.01502,0.00031,0.00022,0.00132,0.53782,0.01711,0.00325,0.00010,0.00093,0.00004,0.04730,0.09078,0.28325,0.00182
