0.04885,0.03539,0.03428,0.03362,0.09680,0.01961,0.03410,0.02651,0.02384,0.03843,0.06205,0.22950,0.07472,0.24230
0.01967,0.08733,0.04015,0.02934,0.02250,0.01665,0.03108,0.03443,0.01824,0.04713,0.01618,0.02010,0.03936,0.57784
0.02307,0.02636,0.04420,0.01856,0.02660,0.01819,0.02631,0.02730,0.02814,0.03200,0.04837,0.60318,0.01579,0.06192
0.06110,0.03375,0.03051,0.47594,0.03535,0.01945,0.02935,0.03632,0.02920,0.02573,0.02687,0.03698,0.03948,0.11997
0.02558,0.36022,0.04129,0.04486,0.02441,0.01467,0.02536,0.03458,0.02302,0.03153,0.03860,0.05547,0.03879,0.24162
0.01954,0.01168,0.02103,0.02160,0.01340,0.00926,0.01824,0.01324,0.00748,0.02122,0.00955,0.01039,0.00782,0.81554
0.03502,0.02197,0.02265,0.07995,0.03358,0.01945,0.02133,0.02015,0.01215,0.02023,0.01754,0.02258,0.04485,0.62856
0.03332,0.02330,0.03110,0.03370,0.05806,0.02562,0.03245,0.59598,0.02425,0.02401,0.01749,0.01680,0.02681,0.05712
0.04161,0.01643,0.03531,0.01508,0.03169,0.02396,0.02458,0.01464,0.04470,0.02822,0.01657,0.01865,0.64253,0.04600
0.07232,0.02741,0.04160,0.04660,0.05153,0.02455,0.02976,0.02641,0.01799,0.02984,0.05429,0.22038,0.07649,0.28082
0.02723,0.03889,0.03030,0.02641,0.03177,0.02845,0.03267,0.04597,0.01846,0.05408,0.01682,0.01986,0.05321,0.57589
0.03092,0.04798,0.05229,0.03193,0.03134,0.02179,0.02306,0.02699,0.01464,0.03173,0.04241,0.16951,0.04293,0.43246
0.02977,0.04395,0.03798,0.07382,0.03034,0.01943,0.02391,0.03213,0.02611,0.03050,0.08319,0.04971,0.05273,0.46643
0.02574,0.03435,0.05569,0.03841,0.03242,0.02172,0.02719,0.03571,0.03589,0.02631,0.05132,0.18424,0.03340,0.39761
0.01989,0.01988,0.02135,0.01964,0.02669,0.01593,0.04020,0.04256,0.01664,0.27937,0.01768,0.01875,0.04152,0.41990
0.04074,0.05722,0.03061,0.03578,0.07776,0.03880,0.04556,0.03962,0.02141,0.02871,0.02730,0.02661,0.13728,0.39261
0.04778,0.01815,0.03665,0.02807,0.03410,0.02892,0.02780,0.44722,0.02459,0.03466,0.02608,0.03523,0.16647,0.04427
0.05956,0.02832,0.03149,0.03923,0.02417,0.02655,0.03076,0.01976,0.02054,0.02848,0.02654,0.04064,0.22113,0.40283
0.08997,0.02004,0.04500,0.02713,0.06533,0.03984,0.04982,0.05245,0.03854,0.09695,0.04822,0.05319,0.13446,0.23906
0.03555,0.02384,0.02472,0.01516,0.02115,0.02546,0.03101,0.67543,0.02017,0.02062,0.02820,0.03567,0.01607,0.02695
0.03724,0.02104,0.01422,0.01293,0.03203,0.69531,0.02863,0.01515,0.00892,0.01402,0.01554,0.01775,0.02386,0.06336
0.03695,0.03333,0.03182,0.02465,0.05831,0.17865,0.01962,0.01496,0.02576,0.01850,0.03785,0.02154,0.46159,0.03647
0.03709,0.02941,0.02949,0.02175,0.05277,0.34004,0.03073,0.04848,0.02683,0.02601,0.02281,0.02915,0.05649,0.24893
0.03292,0.02181,0.05858,0.03383,0.04136,0.01615,0.01913,0.03832,0.01785,0.03164,0.01984,0.04992,0.02601,0.59265
0.03541,0.02390,0.03080,0.02725,0.23667,0.01356,0.03444,0.03423,0.02562,0.02941,0.02526,0.01749,0.02514,0.44083
0.03063,0.03403,0.03253,0.04227,0.03848,0.02161,0.02908,0.04075,0.02537,0.05225,0.06472,0.26977,0.04514,0.27337
0.02403,0.01614,0.04640,0.02748,0.02741,0.02120,0.02950,0.22238,0.01842,0.01927,0.01297,0.01746,0.01687,0.50047
0.03482,0.01764,0.02495,0.02693,0.01674,0.01744,0.05648,0.02640,0.01902,0.26439,0.01140,0.01792,0.01945,0.44642
0.02518,0.02642,0.05298,0.02810,0.04202,0.01518,0.02405,0.02095,0.01737,0.02810,0.03984,0.36340,0.01427,0.30215
0.02661,0.01862,0.02870,0.03554,0.01718,0.01526,0.02076,0.02613,0.00991,0.01888,0.01060,0.01402,0.01431,0.74350
0.03141,0.02447,0.03918,0.04288,0.05495,0.02515,0.02895,0.04443,0.03848,0.02500,0.03177,0.05297,0.02764,0.53273
0.02402,0.02815,0.02534,0.27505,0.03101,0.01173,0.01685,0.02125,0.01543,0.03276,0.01369,0.02210,0.06439,0.41823
0.03012,0.02538,0.02383,0.04163,0.01552,0.03924,0.03482,0.01770,0.01866,0.04698,0.01298,0.01714,0.05755,0.61845
0.03455,0.01390,0.02087,0.02033,0.01844,0.01656,0.04090,0.02607,0.01458,0.03631,0.01385,0.01276,0.01577,0.71511
0.01688,0.04694,0.02521,0.01630,0.01967,0.01746,0.02852,0.02767,0.01186,0.03635,0.01962,0.02603,0.02184,0.68565
0.02222,0.02597,0.05519,0.02475,0.08792,0.02423,0.03964,0.14209,0.01977,0.03339,0.04667,0.04069,0.02531,0.41215
0.01086,0.02047,0.01684,0.01550,0.02132,0.01212,0.01443,0.01684,0.01525,0.79689,0.01253,0.01108,0.02329,0.01258
0.02123,0.02533,0.03554,0.04109,0.03648,0.01657,0.02581,0.04886,0.01911,0.03811,0.01779,0.01486,0.01699,0.64225
0.03426,0.02777,0.04234,0.05417,0.03488,0.02567,0.04180,0.03354,0.03190,0.29755,0.02050,0.01810,0.20172,0.13581
0.02764,0.02481,0.02420,0.03204,0.02538,0.05985,0.02452,0.02336,0.01482,0.03326,0.01657,0.02655,0.02333,0.64366
0.03728,0.02843,0.07052,0.05165,0.06447,0.03146,0.03269,0.04350,0.08988,0.34948,0.03018,0.02042,0.09464,0.05539
0.01899,0.02386,0.03000,0.02355,0.03111,0.01985,0.01204,0.02097,0.01499,0.02409,0.02587,0.68022,0.02456,0.04991
0.03166,0.02932,0.04812,0.03422,0.03850,0.02511,0.02149,0.03328,0.02423,0.03032,0.02870,0.03452,0.02646,0.59407
0.02314,0.04275,0.03517,0.01842,0.03344,0.04807,0.04080,0.01937,0.02176,0.01862,0.02000,0.02662,0.41365,0.23817
0.03209,0.02605,0.03582,0.02935,0.01859,0.01820,0.02368,0.02947,0.01463,0.03588,0.02367,0.02521,0.03467,0.65268
0.03513,0.05888,0.03087,0.02630,0.04634,0.23632,0.03084,0.02976,0.04116,0.01725,0.03678,0.03477,0.26914,0.10647
0.05877,0.01984,0.03547,0.20157,0.03560,0.02035,0.02935,0.03842,0.02745,0.04594,0.02301,0.02398,0.35950,0.08076
0.03348,0.01720,0.02974,0.02097,0.02340,0.01611,0.01626,0.01941,0.01403,0.02166,0.01348,0.01424,0.02324,0.73678
0.05651,0.04466,0.03244,0.02404,0.02267,0.04429,0.03602,0.03472,0.02678,0.02441,0.03170,0.02288,0.38408,0.21481
0.03332,0.02325,0.01994,0.04369,0.37226,0.03030,0.03603,0.05836,0.03680,0.02381,0.02333,0.02661,0.05768,0.21461
0.02165,0.01739,0.02547,0.01846,0.11753,0.02066,0.03012,0.08135,0.02592,0.03224,0.03055,0.02359,0.02666,0.52841
0.04063,0.02169,0.05264,0.05276,0.02514,0.02805,0.04342,0.03017,0.03912,0.20896,0.02620,0.02457,0.03324,0.37341
0.02737,0.02772,0.53000,0.02364,0.03978,0.04334,0.02479,0.03266,0.02568,0.02890,0.02938,0.06343,0.02790,0.07540
0.04700,0.04201,0.02630,0.03811,0.20016,0.18254,0.03426,0.08390,0.03780,0.02421,0.03377,0.02528,0.15987,0.06479
0.02360,0.01207,0.03007,0.01764,0.01819,0.01039,0.01644,0.01790,0.00861,0.02939,0.00863,0.01125,0.01071,0.78512
0.04483,0.02635,0.02873,0.02530,0.02204,0.02997,0.17184,0.04837,0.01734,0.05758,0.02652,0.02083,0.05560,0.42470
0.02270,0.02419,0.02959,0.02000,0.01841,0.02190,0.02440,0.06761,0.01543,0.01944,0.01922,0.01754,0.02321,0.67635
0.02918,0.02006,0.02517,0.02598,0.02935,0.01728,0.02109,0.03179,0.01517,0.01835,0.01400,0.01421,0.05515,0.68324
0.02423,0.01415,0.02394,0.02410,0.02070,0.01543,0.02509,0.01966,0.01194,0.05776,0.01412,0.01758,0.01759,0.71373
0.03395,0.02051,0.04204,0.03106,0.03342,0.01934,0.03002,0.04430,0.02356,0.01966,0.02595,0.02180,0.08793,0.56644
0.02705,0.03506,0.04394,0.03574,0.02722,0.02126,0.01948,0.02479,0.01447,0.02805,0.02113,0.22892,0.03034,0.44255
0.03425,0.02377,0.04499,0.02712,0.04883,0.03257,0.03872,0.24491,0.03029,0.04068,0.05286,0.04072,0.03280,0.30750
0.02992,0.02321,0.02482,0.20306,0.02840,0.02126,0.02881,0.02869,0.01675,0.02769,0.01934,0.01978,0.05113,0.47714
0.01515,0.01421,0.01651,0.02678,0.02219,0.01543,0.02307,0.02244,0.01631,0.43966,0.01138,0.01159,0.03036,0.33492
0.03023,0.03002,0.03227,0.02416,0.06971,0.02375,0.02856,0.15202,0.01922,0.02232,0.02106,0.02751,0.04207,0.47711
0.01469,0.01346,0.02818,0.01780,0.01378,0.01378,0.01796,0.02230,0.01194,0.01912,0.01218,0.01385,0.01522,0.78575
0.03435,0.02151,0.02916,0.03250,0.02784,0.01762,0.03256,0.02826,0.01691,0.13252,0.01928,0.01786,0.02693,0.56271
0.03990,0.02585,0.02883,0.44324,0.04016,0.03158,0.02633,0.02667,0.02501,0.02366,0.02564,0.03408,0.04125,0.18779
0.02636,0.03775,0.04778,0.02815,0.06548,0.02568,0.02223,0.03463,0.01893,0.04345,0.02926,0.26697,0.02835,0.32497
0.02129,0.01647,0.02760,0.29424,0.02515,0.01421,0.01885,0.02685,0.01543,0.02585,0.01533,0.01873,0.02610,0.45390
0.04094,0.02473,0.03416,0.02724,0.02971,0.28988,0.03310,0.03153,0.02286,0.03657,0.02895,0.02885,0.03849,0.33300
0.02504,0.03111,0.03549,0.03479,0.02687,0.02586,0.02469,0.02753,0.01436,0.03953,0.01823,0.01715,0.03148,0.64786
0.03459,0.05264,0.04924,0.04897,0.04176,0.01862,0.02891,0.02847,0.01957,0.03368,0.04711,0.15828,0.05154,0.38663
0.07696,0.03904,0.02678,0.03165,0.03468,0.04492,0.21578,0.27412,0.04550,0.05235,0.03918,0.02128,0.02936,0.06839
0.03543,0.01958,0.03706,0.02440,0.03886,0.01736,0.04218,0.04215,0.01398,0.26388,0.01440,0.01356,0.02379,0.41336
0.04708,0.02440,0.04540,0.05195,0.05789,0.03568,0.03590,0.03639,0.03009,0.04601,0.04876,0.38498,0.08123,0.07424
0.01708,0.01654,0.01499,0.02399,0.03016,0.01259,0.03739,0.72336,0.02193,0.01465,0.01703,0.02067,0.02290,0.02672
0.02973,0.01942,0.01739,0.02983,0.03735,0.02125,0.02338,0.04493,0.01525,0.04582,0.02517,0.02542,0.17017,0.49489
0.02513,0.01592,0.03211,0.01627,0.01712,0.01359,0.02179,0.02644,0.01073,0.02444,0.01008,0.00998,0.01385,0.76257
0.02929,0.05540,0.03712,0.02996,0.07296,0.02286,0.02953,0.02751,0.03483,0.03491,0.04154,0.33532,0.02548,0.22329
0.01922,0.02931,0.02239,0.02841,0.02321,0.02081,0.02630,0.02221,0.02188,0.01962,0.03643,0.65820,0.01707,0.05495
0.04234,0.03607,0.04130,0.02091,0.06870,0.21489,0.02493,0.05099,0.03649,0.02404,0.05023,0.05000,0.20922,0.12990
0.03065,0.02248,0.02783,0.01727,0.01834,0.01363,0.02987,0.02112,0.02343,0.10780,0.01659,0.01908,0.04688,0.60504
0.01895,0.02729,0.02177,0.01809,0.02718,0.02585,0.02922,0.02075,0.01995,0.02698,0.01858,0.01402,0.63966,0.09171
0.02325,0.01220,0.01792,0.02460,0.01386,0.01236,0.02089,0.02431,0.00933,0.03152,0.01071,0.01269,0.00982,0.77652
0.02600,0.02719,0.02410,0.03745,0.03304,0.02900,0.02521,0.01861,0.01006,0.02586,0.01960,0.02562,0.17795,0.52032
0.02530,0.01974,0.04588,0.03120,0.01645,0.01480,0.02071,0.02445,0.01167,0.08689,0.01037,0.01224,0.01667,0.66363
0.02434,0.03221,0.04057,0.03069,0.02491,0.02947,0.02437,0.02375,0.02086,0.35210,0.01555,0.02787,0.16424,0.18906
0.03150,0.02165,0.02295,0.05432,0.04395,0.02324,0.02451,0.03981,0.02065,0.26022,0.01550,0.01733,0.04919,0.37518
0.01589,0.04393,0.03028,0.01539,0.02134,0.70342,0.01356,0.01358,0.00754,0.01223,0.01272,0.01718,0.02398,0.06898
0.02994,0.53362,0.02811,0.05552,0.02070,0.02301,0.02207,0.03017,0.03128,0.03120,0.02729,0.02966,0.06696,0.07047
0.04818,0.01339,0.01515,0.01646,0.01763,0.70932,0.02097,0.01798,0.01003,0.01376,0.02227,0.04145,0.01391,0.03951
0.01697,0.00936,0.01657,0.01717,0.01254,0.01479,0.01147,0.01252,0.00687,0.01478,0.00858,0.01077,0.01145,0.83614
0.01791,0.01517,0.02612,0.01617,0.02825,0.01122,0.02445,0.02869,0.01441,0.10697,0.01394,0.01781,0.02880,0.65009
0.04469,0.02812,0.03098,0.05503,0.02505,0.02133,0.03171,0.02552,0.02015,0.19133,0.02096,0.02332,0.05907,0.42272
0.01584,0.01366,0.02566,0.02120,0.01856,0.01358,0.01727,0.01744,0.03090,0.02022,0.01120,0.01462,0.76374,0.01609
0.02265,0.02177,0.03003,0.02534,0.02099,0.01341,0.03381,0.02390,0.01372,0.05882,0.01768,0.01857,0.02071,0.67860
0.03240,0.03284,0.03381,0.01814,0.05525,0.02068,0.03672,0.31192,0.02278,0.04721,0.02271,0.02397,0.03838,0.30318
0.01298,0.02710,0.04257,0.01746,0.02571,0.01784,0.01351,0.02569,0.01546,0.01965,0.02301,0.70756,0.02532,0.02612
0.07148,0.02009,0.04849,0.54018,0.02247,0.02669,0.02742,0.03848,0.03396,0.02353,0.02005,0.02037,0.05021,0.05657
0.02286,0.01841,0.03967,0.03776,0.04013,0.01741,0.02663,0.05662,0.02591,0.04650,0.02390,0.02283,0.02785,0.59352
0.04477,0.01865,0.04007,0.01737,0.02662,0.01481,0.02484,0.03638,0.01936,0.02829,0.03803,0.04948,0.02580,0.61554
0.01393,0.02460,0.01837,0.01618,0.03828,0.01410,0.01767,0.02966,0.01989,0.71058,0.01595,0.01702,0.03098,0.03279
0.04293,0.02785,0.04030,0.04063,0.04573,0.02746,0.02089,0.04273,0.02892,0.54661,0.01559,0.01863,0.06005,0.04169
0.03945,0.01820,0.03048,0.02927,0.07622,0.02070,0.03399,0.09802,0.03387,0.02576,0.02164,0.01822,0.03641,0.51777
0.02837,0.02594,0.02226,0.02527,0.02427,0.03591,0.04235,0.30732,0.03894,0.02042,0.04254,0.02799,0.17480,0.18362
0.02624,0.02261,0.02452,0.02639,0.02928,0.12899,0.04238,0.03312,0.01526,0.02326,0.01946,0.03483,0.05153,0.52213
0.02012,0.02636,0.02202,0.02930,0.01810,0.01850,0.03261,0.02114,0.01452,0.02596,0.01349,0.01689,0.03419,0.70680
0.02963,0.02016,0.02317,0.02585,0.02923,0.02770,0.03243,0.01954,0.01539,0.06791,0.01374,0.01431,0.07501,0.60594
0.04603,0.02235,0.03096,0.05967,0.04383,0.02625,0.04766,0.02628,0.03152,0.02668,0.01930,0.01826,0.03118,0.57001
0.03077,0.03224,0.01996,0.04517,0.02231,0.02254,0.03814,0.03448,0.01719,0.02207,0.01517,0.01510,0.03031,0.65454
0.03148,0.02802,0.02124,0.02789,0.04773,0.02587,0.09516,0.38475,0.02654,0.05239,0.02070,0.02389,0.03592,0.17841
0.03466,0.02325,0.02666,0.36924,0.03427,0.02253,0.02206,0.02308,0.01991,0.03287,0.01710,0.02472,0.06662,0.28304
0.05395,0.01530,0.03501,0.02444,0.02926,0.02680,0.03978,0.03702,0.02615,0.14178,0.01774,0.01952,0.40671,0.12654
0.01681,0.01521,0.01689,0.02492,0.02224,0.01534,0.02205,0.02585,0.01348,0.53806,0.01233,0.01581,0.02353,0.23747
0.06167,0.05563,0.03892,0.03208,0.06165,0.02928,0.02987,0.02861,0.02300,0.02298,0.03279,0.27815,0.09056,0.21481
0.02389,0.02040,0.02838,0.03992,0.04559,0.01771,0.01840,0.01719,0.02017,0.04726,0.01457,0.01587,0.50154,0.18912
0.03437,0.02031,0.03582,0.02736,0.02422,0.01110,0.03032,0.02630,0.02062,0.26406,0.02038,0.02001,0.02579,0.43935
0.04822,0.03775,0.04117,0.02305,0.03653,0.01836,0.03218,0.02266,0.01820,0.02516,0.05783,0.46303,0.02553,0.15034
0.01929,0.02161,0.02823,0.02837,0.03626,0.01580,0.03590,0.03438,0.01944,0.05278,0.02783,0.03550,0.02685,0.61775
0.03623,0.03542,0.04542,0.03221,0.05066,0.01920,0.04048,0.04598,0.03197,0.03688,0.05782,0.06212,0.11040,0.39523
0.03717,0.02297,0.02723,0.17343,0.03612,0.02155,0.02482,0.03438,0.02215,0.01814,0.02207,0.01935,0.06823,0.47239
0.02231,0.02124,0.04527,0.01889,0.03678,0.45261,0.01999,0.03393,0.01730,0.02977,0.03084,0.03772,0.02408,0.20926
0.04019,0.02303,0.02982,0.03276,0.32437,0.05423,0.04878,0.03540,0.04285,0.03631,0.03286,0.03231,0.04593,0.22117
0.04606,0.03801,0.03979,0.03304,0.04628,0.05772,0.03025,0.02848,0.01889,0.04017,0.02435,0.02767,0.03774,0.53154
0.01820,0.01832,0.01423,0.02745,0.01379,0.01610,0.02442,0.01809,0.00926,0.06030,0.00922,0.01241,0.09214,0.66608
0.03300,0.04830,0.03320,0.05999,0.02569,0.02039,0.03678,0.02738,0.02223,0.02907,0.03588,0.40188,0.08577,0.14043
0.02939,0.02735,0.02269,0.02262,0.02564,0.01525,0.02450,0.02566,0.01212,0.06330,0.01727,0.01968,0.02428,0.67027
0.04234,0.02280,0.03710,0.02746,0.01914,0.01634,0.03643,0.03024,0.01760,0.06059,0.02375,0.03139,0.04943,0.58539
0.04005,0.02221,0.03123,0.04424,0.10141,0.04809,0.03051,0.04478,0.03075,0.03056,0.03209,0.03238,0.04175,0.46996
0.03918,0.03076,0.04660,0.02244,0.03876,0.03043,0.07082,0.29913,0.03973,0.03752,0.03237,0.02966,0.04028,0.24234
0.02146,0.03326,0.01624,0.01377,0.01482,0.74600,0.01959,0.01690,0.00774,0.00976,0.01144,0.02153,0.02509,0.04241
0.03037,0.02996,0.03523,0.03247,0.07887,0.04970,0.02350,0.02628,0.02489,0.04320,0.02422,0.02372,0.05344,0.52415
0.01797,0.01740,0.02221,0.02078,0.01941,0.01367,0.02622,0.02815,0.01918,0.66487,0.01257,0.01131,0.06196,0.06431
0.05791,0.03678,0.06104,0.17207,0.03733,0.02823,0.02509,0.03524,0.02585,0.03215,0.02387,0.03629,0.05712,0.37104
0.02799,0.02907,0.02023,0.02507,0.03973,0.06217,0.49576,0.04594,0.02059,0.03418,0.02627,0.03570,0.02065,0.11665
0.02726,0.04033,0.04469,0.05066,0.03703,0.02275,0.04627,0.03977,0.04528,0.05620,0.06790,0.33651,0.03539,0.14995
0.04315,0.31137,0.03809,0.06293,0.03049,0.02612,0.02670,0.04000,0.01844,0.04561,0.02809,0.04017,0.03704,0.25181
0.03034,0.02430,0.02326,0.03482,0.04230,0.01467,0.02424,0.01823,0.02590,0.02571,0.03220,0.02866,0.28322,0.39214
0.04178,0.01936,0.04089,0.02388,0.03593,0.01964,0.02205,0.03647,0.04453,0.26371,0.02128,0.02016,0.02597,0.38434
0.01758,0.56289,0.02226,0.03573,0.01875,0.02887,0.03136,0.03262,0.02257,0.01427,0.02018,0.04082,0.03722,0.11487
0.04798,0.02749,0.02218,0.02126,0.05254,0.50733,0.02988,0.01682,0.00973,0.02038,0.01914,0.03987,0.02086,0.16455
0.01140,0.00986,0.01387,0.01363,0.01465,0.01392,0.01026,0.01684,0.01746,0.01522,0.01718,0.81788,0.01205,0.01577
0.03066,0.02121,0.04699,0.03906,0.03676,0.01891,0.01996,0.04265,0.02510,0.02071,0.01323,0.01966,0.02740,0.63769
0.02278,0.02600,0.02355,0.04386,0.02424,0.03405,0.03001,0.03149,0.01679,0.03540,0.01622,0.02438,0.22745,0.44377
0.03147,0.13476,0.03510,0.03588,0.01732,0.02953,0.02249,0.03102,0.02393,0.04128,0.02204,0.02257,0.04878,0.50383
0.04163,0.02892,0.03950,0.02200,0.02285,0.02354,0.06474,0.29933,0.04930,0.02963,0.04030,0.04142,0.04374,0.25310
0.05621,0.01801,0.02038,0.04642,0.07934,0.42293,0.03691,0.03139,0.04492,0.02587,0.03891,0.03053,0.02592,0.12226
0.02902,0.02053,0.02536,0.03798,0.02231,0.01696,0.02793,0.03101,0.01332,0.02318,0.01678,0.01766,0.01454,0.70344
0.02709,0.01990,0.03521,0.02886,0.02609,0.01617,0.02688,0.02579,0.02883,0.55436,0.01781,0.01697,0.04162,0.13443
0.02434,0.02351,0.02522,0.04148,0.04286,0.01818,0.02953,0.02127,0.01552,0.20213,0.01936,0.01694,0.10811,0.41157
0.03786,0.02320,0.04733,0.04620,0.03182,0.01652,0.04073,0.03139,0.03280,0.14800,0.02439,0.03845,0.02170,0.45962
0.03627,0.03694,0.02888,0.03405,0.03147,0.35095,0.02521,0.02308,0.02592,0.02144,0.02555,0.02329,0.28408,0.05285
0.04625,0.02126,0.05486,0.02415,0.05118,0.02946,0.04093,0.08017,0.12718,0.23039,0.04082,0.02959,0.05110,0.17266
0.01659,0.01436,0.01494,0.01171,0.01655,0.79475,0.02121,0.01117,0.01387,0.01611,0.01436,0.02279,0.00976,0.02183
0.04440,0.01471,0.02788,0.02963,0.01510,0.03126,0.09417,0.02582,0.01719,0.04438,0.02300,0.02170,0.06594,0.54482
0.07816,0.02290,0.02808,0.02012,0.02917,0.04909,0.02999,0.02132,0.01452,0.04597,0.01950,0.03219,0.10602,0.50296
0.03304,0.01767,0.03556,0.01986,0.05412,0.02218,0.02416,0.03157,0.01573,0.04013,0.03318,0.45297,0.01928,0.20056
0.01802,0.01537,0.01838,0.02324,0.01993,0.01611,0.02439,0.01834,0.01154,0.02994,0.01200,0.01281,0.03845,0.74148
0.02328,0.02055,0.01613,0.02939,0.01868,0.02205,0.01344,0.01838,0.02384,0.01676,0.01531,0.75289,0.01369,0.01559
0.04524,0.03113,0.03002,0.02680,0.03093,0.03353,0.21816,0.20097,0.03006,0.04914,0.02461,0.03625,0.20095,0.04220
0.03110,0.03940,0.03467,0.02043,0.04024,0.02332,0.04283,0.41753,0.01922,0.05754,0.02945,0.02221,0.02550,0.19656
0.04098,0.03337,0.14568,0.12688,0.04063,0.01933,0.02175,0.03392,0.02632,0.05169,0.02230,0.04242,0.03567,0.35906
0.02258,0.01466,0.02223,0.02314,0.02193,0.07644,0.02379,0.03257,0.01980,0.02303,0.04146,0.54026,0.01946,0.11866
0.03023,0.02553,0.03528,0.03036,0.04278,0.01907,0.02766,0.02581,0.01803,0.05091,0.04334,0.06479,0.08503,0.50116
0.05705,0.03771,0.03723,0.03870,0.02750,0.03433,0.05632,0.03502,0.03026,0.04816,0.02527,0.02026,0.07448,0.47769
0.05917,0.03773,0.04002,0.03513,0.03255,0.03152,0.05322,0.24173,0.02234,0.04348,0.04546,0.01890,0.03435,0.30439
0.02999,0.03852,0.03543,0.04205,0.02285,0.02090,0.04234,0.02783,0.02053,0.26147,0.01717,0.01999,0.09778,0.32315
0.01810,0.01807,0.02371,0.01870,0.03664,0.01313,0.02878,0.13849,0.02267,0.02930,0.02397,0.02534,0.03253,0.57058
0.01659,0.01806,0.02084,0.02360,0.02086,0.01783,0.02445,0.02577,0.01077,0.02995,0.01248,0.01662,0.02197,0.74022
0.03507,0.02154,0.03215,0.02873,0.01543,0.01397,0.03182,0.02662,0.01304,0.07440,0.01078,0.01459,0.02940,0.65246
0.03915,0.02347,0.02913,0.02091,0.02990,0.01826,0.03044,0.10016,0.01754,0.01724,0.02711,0.03130,0.03659,0.57880
0.02116,0.02265,0.02749,0.02056,0.02030,0.01491,0.02808,0.03023,0.01262,0.03233,0.01233,0.01888,0.01871,0.71974
0.03456,0.02301,0.01617,0.01956,0.02200,0.64984,0.03436,0.03154,0.02144,0.01490,0.02066,0.03574,0.02774,0.04847
0.04321,0.01587,0.02473,0.04364,0.03441,0.09497,0.01850,0.03415,0.01789,0.01632,0.02103,0.02331,0.02957,0.58240
0.02365,0.02251,0.02337,0.02781,0.02577,0.02095,0.03152,0.02675,0.01006,0.03076,0.01093,0.01399,0.03694,0.69499
0.01395,0.00995,0.02261,0.01303,0.00920,0.00975,0.02118,0.02119,0.00665,0.03366,0.00757,0.00847,0.00797,0.81483
0.03277,0.04570,0.02878,0.03291,0.05216,0.02593,0.03229,0.02780,0.03046,0.01844,0.08513,0.51179,0.04263,0.03322
0.03684,0.04179,0.03049,0.03028,0.02964,0.02576,0.09662,0.04637,0.03054,0.32537,0.02825,0.02942,0.03450,0.21411
0.01994,0.02823,0.04352,0.03401,0.03975,0.01430,0.02991,0.03002,0.01775,0.30178,0.02045,0.01696,0.02660,0.37677
0.04813,0.02751,0.03098,0.02245,0.03864,0.02750,0.04212,0.02906,0.02470,0.02957,0.04249,0.02688,0.12637,0.48361
0.04431,0.02883,0.02206,0.02276,0.02483,0.03239,0.44086,0.06702,0.02238,0.02320,0.02809,0.01574,0.11132,0.11621
0.02133,0.02939,0.02676,0.03798,0.03267,0.02151,0.01454,0.01771,0.02251,0.02637,0.01990,0.63642,0.06456,0.02835
0.03034,0.02157,0.02330,0.67375,0.02982,0.01840,0.02345,0.02174,0.02436,0.02507,0.01392,0.01237,0.04337,0.03854
0.02751,0.03134,0.03656,0.02376,0.02300,0.01947,0.03683,0.03549,0.01677,0.11734,0.01745,0.02410,0.04970,0.54067
0.07310,0.02915,0.03620,0.02900,0.05230,0.21587,0.02837,0.03531,0.02618,0.02385,0.04241,0.03418,0.15271,0.22136
0.03846,0.02105,0.04168,0.03653,0.04147,0.02335,0.03643,0.09688,0.02438,0.03670,0.02015,0.02293,0.02812,0.53187
0.01903,0.09418,0.04746,0.03175,0.02795,0.02453,0.02467,0.01844,0.01815,0.02633,0.01980,0.02313,0.12231,0.50225
0.03557,0.02439,0.03501,0.04545,0.02381,0.01848,0.04061,0.02299,0.02356,0.05369,0.05596,0.07407,0.03357,0.51284
0.04283,0.02885,0.01955,0.02540,0.07196,0.47076,0.05398,0.02945,0.02434,0.02916,0.02714,0.03738,0.04028,0.09895
0.02887,0.02486,0.04676,0.03296,0.01719,0.01259,0.03200,0.02520,0.05169,0.61902,0.02059,0.01745,0.04102,0.02980
0.01925,0.03373,0.03271,0.03556,0.02899,0.01868,0.01442,0.02624,0.01923,0.02205,0.02301,0.66133,0.03299,0.03183
0.02199,0.01373,0.03450,0.01768,0.01551,0.01153,0.01944,0.01619,0.01111,0.01847,0.01032,0.01015,0.01322,0.78617
0.03394,0.03848,0.01843,0.03233,0.02425,0.03089,0.04318,0.49890,0.02245,0.03063,0.01884,0.02101,0.15696,0.02972
0.03114,0.03277,0.03994,0.02776,0.03194,0.01805,0.02554,0.02743,0.01873,0.03784,0.01943,0.04734,0.37751,0.26457
0.02955,0.03027,0.07169,0.03120,0.05359,0.01284,0.02124,0.03282,0.01750,0.03969,0.01993,0.02002,0.02136,0.59827
0.02698,0.01678,0.02065,0.01672,0.02540,0.01617,0.01175,0.75092,0.02258,0.01724,0.02143,0.01939,0.02040,0.01360
0.01662,0.02016,0.02239,0.02061,0.02056,0.01651,0.04106,0.03133,0.01808,0.61085,0.01702,0.01522,0.05406,0.09551
0.03663,0.02582,0.02821,0.21826,0.03489,0.02681,0.02379,0.03828,0.02424,0.02597,0.01771,0.02448,0.04176,0.43313
0.01622,0.01892,0.02148,0.01920,0.02106,0.01156,0.02075,0.02602,0.01223,0.09341,0.01085,0.01390,0.01752,0.69688
0.02959,0.03413,0.02066,0.03384,0.04766,0.03922,0.02239,0.01819,0.02076,0.04995,0.03147,0.41336,0.04461,0.19417
0.02375,0.02519,0.03204,0.02565,0.01979,0.01324,0.01712,0.02130,0.01650,0.04198,0.03725,0.63672,0.02430,0.06518
0.02672,0.04847,0.05388,0.02024,0.02963,0.18649,0.02467,0.03941,0.02616,0.02074,0.02905,0.04247,0.05182,0.40025
0.02835,0.02448,0.03425,0.02771,0.02920,0.03337,0.04181,0.40347,0.03940,0.03894,0.02124,0.03614,0.04279,0.19885
0.01662,0.01740,0.02162,0.01952,0.01698,0.01959,0.01481,0.01859,0.01927,0.01438,0.01397,0.77275,0.01418,0.02033
0.04410,0.02878,0.04710,0.04492,0.05166,0.02060,0.02958,0.02629,0.03162,0.06320,0.04720,0.15273,0.12880,0.28341
0.02390,0.02731,0.02898,0.02124,0.03282,0.35155,0.03274,0.04033,0.01575,0.02680,0.02296,0.04155,0.03498,0.29907
0.01903,0.06345,0.02503,0.02029,0.04482,0.01712,0.01833,0.01975,0.01494,0.02902,0.02375,0.02640,0.04620,0.63188
0.02715,0.02294,0.04415,0.03053,0.06331,0.01810,0.02691,0.35839,0.02933,0.02553,0.02450,0.01825,0.05074,0.26017
0.01547,0.72974,0.02022,0.02703,0.02136,0.02933,0.02533,0.01886,0.01863,0.01659,0.01467,0.01694,0.01993,0.02590
0.04712,0.03177,0.02923,0.01829,0.03547,0.49289,0.02952,0.01899,0.01592,0.02235,0.02782,0.04266,0.01859,0.16937
0.05095,0.02181,0.02683,0.04551,0.03200,0.03359,0.03318,0.02397,0.01429,0.02549,0.02984,0.03710,0.02807,0.59737
0.03576,0.03280,0.06753,0.03860,0.04601,0.02030,0.03534,0.02829,0.03469,0.04456,0.04265,0.06807,0.02639,0.47901
0.03269,0.01691,0.04280,0.02443,0.01948,0.01400,0.02465,0.03039,0.02355,0.24351,0.01760,0.01976,0.02249,0.46774
0.03144,0.01691,0.01798,0.01556,0.01602,0.02447,0.02444,0.02585,0.00991,0.02454,0.01192,0.01129,0.01732,0.75237
0.02769,0.03461,0.02070,0.04464,0.03390,0.02829,0.03156,0.01901,0.02367,0.08038,0.03394,0.44652,0.14295,0.03215
0.02267,0.02166,0.03596,0.02595,0.01784,0.02415,0.02289,0.03128,0.01657,0.05424,0.01518,0.01541,0.02232,0.67388
0.04587,0.03474,0.04679,0.06605,0.05150,0.02667,0.04531,0.03346,0.03769,0.03402,0.03694,0.39448,0.04088,0.10560
0.02747,0.01697,0.02068,0.04173,0.53534,0.02133,0.02109,0.01699,0.01946,0.03473,0.03457,0.03988,0.07179,0.09798
0.03333,0.01857,0.06413,0.02008,0.02227,0.02315,0.02423,0.03959,0.03354,0.03823,0.08923,0.08031,0.02724,0.48610
0.02905,0.02831,0.01976,0.03491,0.04438,0.28128,0.02891,0.02453,0.03431,0.02014,0.02361,0.04722,0.11279,0.27081
0.04209,0.01269,0.03477,0.04945,0.03775,0.03059,0.02865,0.50504,0.04396,0.01892,0.02943,0.01817,0.10569,0.04280
0.05830,0.02323,0.03201,0.03922,0.05939,0.02204,0.02308,0.40060,0.05079,0.02726,0.04263,0.02144,0.03944,0.16056
0.02825,0.02905,0.03747,0.02970,0.03158,0.02955,0.02551,0.03605,0.01967,0.02913,0.01893,0.02432,0.49180,0.16899
0.02998,0.02018,0.02811,0.02451,0.02138,0.03233,0.02474,0.02628,0.01229,0.02228,0.01867,0.03164,0.02095,0.68667
0.03368,0.01556,0.03548,0.02240,0.03045,0.03439,0.04136,0.58833,0.02328,0.02870,0.02512,0.02372,0.02304,0.07448
0.02203,0.02261,0.02363,0.01555,0.02299,0.01539,0.02247,0.02502,0.01373,0.02808,0.01664,0.02648,0.01745,0.72793
0.03280,0.03013,0.04099,0.04718,0.03629,0.03127,0.02640,0.02265,0.01941,0.04375,0.02633,0.02627,0.36492,0.25163
0.02877,0.05054,0.07303,0.04824,0.02126,0.02000,0.01705,0.02294,0.02147,0.02877,0.01905,0.04187,0.04648,0.56053
0.03264,0.02608,0.02879,0.04699,0.02884,0.02724,0.03168,0.02153,0.02914,0.04764,0.03063,0.47746,0.02402,0.14732
0.01664,0.01182,0.01443,0.02138,0.01013,0.01152,0.02018,0.01887,0.02162,0.02241,0.01751,0.77490,0.01082,0.02776
0.02294,0.01485,0.01786,0.63388,0.02372,0.01612,0.01603,0.01898,0.01712,0.01603,0.01174,0.01848,0.12505,0.04721
0.03411,0.01713,0.02056,0.03604,0.02887,0.57533,0.02470,0.02867,0.01886,0.02813,0.02029,0.02816,0.02456,0.11460
0.03862,0.01767,0.02408,0.02018,0.03334,0.02787,0.02720,0.51677,0.02448,0.02245,0.01704,0.02369,0.02297,0.18363
0.03589,0.02741,0.03002,0.02568,0.02349,0.02804,0.05425,0.22017,0.02297,0.01999,0.01772,0.02177,0.39926,0.07335
0.03178,0.01643,0.02185,0.02260,0.07536,0.02960,0.03099,0.59268,0.03849,0.02142,0.02516,0.01612,0.02479,0.05273
0.01226,0.01161,0.01629,0.01321,0.01051,0.01034,0.01872,0.02081,0.00966,0.02445,0.00639,0.00912,0.02192,0.81471
0.07274,0.03502,0.03616,0.05063,0.03961,0.33823,0.03406,0.03792,0.01706,0.02228,0.03374,0.04867,0.16660,0.06730
0.02691,0.03109,0.04239,0.03324,0.03433,0.02678,0.02172,0.03678,0.02003,0.03327,0.03563,0.19508,0.03820,0.42454
0.03768,0.01537,0.04061,0.03853,0.02998,0.03246,0.02535,0.02371,0.02173,0.03060,0.03084,0.35445,0.02026,0.29842
0.02555,0.01974,0.03401,0.02038,0.03305,0.01874,0.03292,0.04330,0.02510,0.54461,0.01614,0.01321,0.03597,0.13727
0.03052,0.02161,0.03124,0.02445,0.03145,0.01835,0.02477,0.03691,0.02798,0.23429,0.01778,0.02092,0.05320,0.42654
0.06208,0.04794,0.02695,0.04405,0.03315,0.03316,0.02702,0.29573,0.04003,0.01831,0.02507,0.02998,0.03445,0.28206
0.02594,0.59363,0.03782,0.03097,0.02420,0.02975,0.02386,0.03192,0.02568,0.02406,0.02461,0.03806,0.03368,0.05580
0.01872,0.03137,0.03268,0.02737,0.03814,0.01514,0.02424,0.03229,0.01875,0.03024,0.01771,0.01728,0.05062,0.64545
0.02020,0.01253,0.02200,0.02470,0.01531,0.01792,0.02730,0.02045,0.01065,0.02493,0.01448,0.01496,0.01400,0.76056
0.03354,0.01692,0.01827,0.01918,0.03317,0.05141,0.06746,0.60343,0.02173,0.02517,0.02121,0.02964,0.02011,0.03876
0.03119,0.02381,0.03741,0.04442,0.04022,0.02442,0.04143,0.36358,0.02912,0.01935,0.02199,0.02295,0.05486,0.24526
0.03960,0.03470,0.05306,0.03712,0.03972,0.02545,0.02522,0.06850,0.01780,0.03611,0.02951,0.02515,0.03236,0.53569
0.03564,0.03024,0.04770,0.04404,0.06722,0.03224,0.03409,0.03680,0.02393,0.03204,0.07185,0.07573,0.07721,0.39127
0.03598,0.02125,0.03166,0.02726,0.04597,0.02908,0.01791,0.01846,0.01816,0.02461,0.02950,0.02559,0.13890,0.53566
0.05496,0.02898,0.02786,0.02529,0.02623,0.04383,0.22871,0.23637,0.02689,0.05082,0.02661,0.02356,0.03536,0.16451
0.06051,0.02899,0.03053,0.03754,0.04894,0.16722,0.04168,0.03053,0.04059,0.02395,0.05767,0.06676,0.03956,0.32553
0.03360,0.01721,0.03753,0.01384,0.01656,0.01490,0.02856,0.02693,0.01734,0.43297,0.01196,0.01303,0.23329,0.10228
0.05906,0.04042,0.03661,0.03230,0.05119,0.20206,0.04241,0.04441,0.02440,0.04185,0.03895,0.03880,0.07587,0.27167
0.01803,0.02357,0.02193,0.02548,0.04078,0.02052,0.02095,0.03167,0.01293,0.44259,0.02215,0.02892,0.06745,0.22303
0.02854,0.03417,0.04991,0.03321,0.02707,0.02918,0.04443,0.39744,0.02590,0.02735,0.02291,0.02082,0.20478,0.05431
0.01685,0.01716,0.01678,0.01904,0.01192,0.01295,0.01939,0.01425,0.00819,0.02901,0.01116,0.01378,0.01092,0.79860
0.02099,0.02168,0.03248,0.02148,0.01653,0.01403,0.03005,0.03597,0.01259,0.04421,0.01003,0.01493,0.02858,0.69644
0.04221,0.02051,0.02879,0.02758,0.03491,0.02500,0.03208,0.42392,0.02657,0.05398,0.03104,0.02166,0.06418,0.16757
0.02579,0.03971,0.03832,0.02687,0.05284,0.01907,0.02609,0.04181,0.02489,0.02950,0.06321,0.14659,0.03583,0.42949
0.02396,0.02570,0.02921,0.02850,0.04886,0.03258,0.01659,0.02298,0.01907,0.03370,0.03661,0.44113,0.03676,0.20435
0.02496,0.01969,0.03087,0.02920,0.04770,0.01682,0.02737,0.02349,0.02325,0.06726,0.01449,0.01717,0.33504,0.32270
0.03387,0.02531,0.02823,0.03296,0.01921,0.01401,0.07062,0.02160,0.03382,0.02088,0.60342,0.03563,0.01940,0.04105
0.03611,0.03188,0.03248,0.02751,0.04582,0.15734,0.04129,0.02387,0.02391,0.03505,0.04471,0.07211,0.04460,0.38330
0.02050,0.02695,0.02081,0.02207,0.02194,0.01499,0.01870,0.02252,0.02699,0.01562,0.01960,0.73034,0.01678,0.02220
0.01871,0.04194,0.02075,0.05232,0.05376,0.01611,0.03675,0.02762,0.03246,0.03957,0.02509,0.01649,0.08632,0.53211
0.03436,0.03811,0.04372,0.03550,0.05048,0.09119,0.03596,0.02620,0.04360,0.03747,0.02749,0.03445,0.08621,0.41527
0.02542,0.02933,0.05392,0.01804,0.05021,0.01805,0.05882,0.04206,0.04067,0.04213,0.14228,0.29738,0.03136,0.15034
0.02999,0.04195,0.02750,0.03731,0.03130,0.02155,0.03617,0.02867,0.02751,0.02829,0.03497,0.38865,0.02998,0.23614
0.09399,0.02452,0.03615,0.02597,0.03908,0.02638,0.05290,0.15977,0.03150,0.04407,0.01960,0.02425,0.16218,0.25964
0.03813,0.01503,0.03286,0.02406,0.03659,0.01642,0.02642,0.04359,0.02269,0.15830,0.01293,0.01658,0.25560,0.30080
0.02674,0.01301,0.01074,0.00967,0.01885,0.79341,0.02397,0.00720,0.00888,0.00795,0.01326,0.02141,0.01027,0.03465
0.09986,0.03095,0.02673,0.01718,0.01543,0.01763,0.56345,0.03650,0.01676,0.02400,0.03390,0.01770,0.05905,0.04086
0.03573,0.02290,0.03640,0.04001,0.03197,0.02370,0.03755,0.04293,0.02920,0.04735,0.02199,0.03552,0.07714,0.51760
0.02849,0.03097,0.03238,0.03306,0.01891,0.01681,0.02645,0.03077,0.01685,0.02694,0.01301,0.01864,0.02763,0.67910
0.06273,0.03314,0.05180,0.03800,0.04184,0.04696,0.04091,0.03804,0.03661,0.28963,0.02750,0.03650,0.11089,0.14543
0.05530,0.04008,0.03367,0.01938,0.06128,0.02901,0.04142,0.41040,0.03530,0.08241,0.03463,0.02771,0.07792,0.05151
0.02192,0.03527,0.02428,0.01218,0.02293,0.02939,0.57947,0.11730,0.02033,0.03108,0.03509,0.02053,0.02038,0.02985
0.02091,0.02588,0.02148,0.02526,0.03412,0.02010,0.07029,0.19113,0.02221,0.04007,0.02213,0.01530,0.04961,0.44152
0.02524,0.64979,0.02158,0.02312,0.02433,0.02781,0.02405,0.02854,0.02482,0.01930,0.02254,0.02200,0.04725,0.03965
0.05494,0.02923,0.04039,0.06186,0.04487,0.02267,0.03846,0.02077,0.03021,0.03004,0.04173,0.06039,0.13656,0.38788
0.02558,0.03015,0.03269,0.03355,0.03206,0.02599,0.03811,0.38847,0.02792,0.02842,0.02624,0.02978,0.03227,0.24875
0.02690,0.02733,0.02634,0.02453,0.04261,0.02180,0.03524,0.03213,0.02162,0.57821,0.01996,0.01925,0.03563,0.08843
0.02535,0.01813,0.03317,0.01811,0.02155,0.01331,0.02340,0.02699,0.02029,0.61593,0.01232,0.01525,0.02877,0.12745
0.02371,0.02478,0.02413,0.04993,0.02814,0.01668,0.02987,0.02962,0.02303,0.48165,0.01767,0.02044,0.06990,0.16044
0.02544,0.02515,0.03324,0.03841,0.02439,0.01670,0.03662,0.02971,0.01758,0.33142,0.01921,0.02265,0.02294,0.35653
0.03061,0.02367,0.03048,0.02885,0.02738,0.02834,0.04303,0.05634,0.04160,0.03688,0.02456,0.01997,0.54720,0.06108
0.01764,0.01771,0.02617,0.01642,0.02675,0.01368,0.02823,0.02960,0.01251,0.08302,0.01277,0.01991,0.02116,0.67442
0.03068,0.02035,0.03224,0.02428,0.04208,0.02078,0.04218,0.36815,0.03523,0.03542,0.02159,0.02140,0.23306,0.07258
0.01190,0.02262,0.01533,0.01803,0.02198,0.01387,0.02210,0.02731,0.01389,0.74810,0.01773,0.01321,0.02720,0.02674
0.03205,0.02770,0.06303,0.02596,0.06770,0.03719,0.02506,0.13567,0.03545,0.03680,0.02860,0.03513,0.03680,0.41285
0.02341,0.01948,0.02890,0.04178,0.03902,0.04689,0.03700,0.50403,0.02580,0.02026,0.02345,0.03820,0.08259,0.06918
0.04987,0.03021,0.03600,0.03011,0.04010,0.06938,0.02762,0.02120,0.01658,0.03338,0.02173,0.03622,0.32381,0.26378
0.02259,0.02815,0.02083,0.02823,0.01690,0.02343,0.19624,0.02422,0.01565,0.05735,0.02431,0.02424,0.04598,0.47189
0.06175,0.03049,0.02968,0.03542,0.03404,0.24903,0.04547,0.03132,0.03449,0.02181,0.02939,0.03128,0.08069,0.28514
0.02033,0.02773,0.02263,0.03058,0.01881,0.01517,0.01987,0.01936,0.02127,0.69731,0.01302,0.01302,0.06250,0.01841
0.04123,0.02394,0.02824,0.03320,0.02547,0.03095,0.19992,0.04401,0.03684,0.03440,0.04011,0.02895,0.12008,0.31264
0.07453,0.02449,0.03044,0.04718,0.03580,0.13755,0.05190,0.03040,0.04387,0.04238,0.03585,0.03026,0.07649,0.33885
0.02114,0.01686,0.01360,0.01444,0.01461,0.79058,0.01890,0.01720,0.00816,0.01358,0.01215,0.01633,0.02018,0.02227
0.04160,0.02684,0.03551,0.05542,0.04099,0.07101,0.03089,0.05255,0.03807,0.04439,0.02702,0.02903,0.32321,0.18347
0.02332,0.01798,0.03522,0.03430,0.01804,0.01388,0.02385,0.02254,0.01345,0.06099,0.01315,0.01319,0.01527,0.69482
0.01944,0.01714,0.04458,0.02034,0.01762,0.01717,0.01330,0.02814,0.01525,0.01637,0.01298,0.01204,0.01244,0.75319
0.04374,0.01980,0.02595,0.02530,0.02749,0.43334,0.04905,0.04032,0.02824,0.01937,0.02920,0.03582,0.04050,0.18188
0.03071,0.01799,0.02176,0.02564,0.02907,0.02306,0.02590,0.49758,0.02875,0.02613,0.02527,0.02559,0.06089,0.16166
0.03190,0.03707,0.06658,0.03344,0.03481,0.02079,0.02241,0.04364,0.02168,0.03617,0.03288,0.11456,0.04511,0.45898
0.03951,0.02182,0.03879,0.03768,0.04495,0.02521,0.02501,0.02771,0.02352,0.06035,0.02847,0.17473,0.06399,0.38826
0.02435,0.02717,0.03308,0.02400,0.04424,0.02548,0.02498,0.02530,0.02501,0.02909,0.05654,0.53821,0.02327,0.09930
0.03093,0.01762,0.02498,0.01931,0.06837,0.04790,0.02615,0.41926,0.02965,0.02945,0.02943,0.02258,0.02791,0.20646
0.05459,0.02684,0.03125,0.02483,0.02565,0.01995,0.04871,0.48544,0.03688,0.03683,0.02384,0.02508,0.09121,0.06889
0.03054,0.01341,0.04334,0.03094,0.06026,0.02448,0.02787,0.35808,0.02682,0.02225,0.02335,0.02209,0.04391,0.27265
0.02175,0.02756,0.03722,0.03107,0.02121,0.02111,0.02562,0.02777,0.01616,0.02785,0.01780,0.02032,0.02066,0.68390
0.03219,0.05021,0.03261,0.02531,0.03860,0.04186,0.03554,0.03235,0.02977,0.03515,0.09410,0.07465,0.40194,0.07571
0.02467,0.01872,0.02435,0.03138,0.02618,0.02008,0.02747,0.69183,0.02778,0.02092,0.02170,0.01925,0.01779,0.02788
0.06031,0.01981,0.02591,0.03290,0.02054,0.01181,0.01879,0.02079,0.01771,0.67141,0.01418,0.00972,0.05543,0.02070
0.03263,0.02881,0.02319,0.02234,0.02826,0.02504,0.07088,0.21154,0.02906,0.03373,0.02435,0.01978,0.03465,0.41573
0.02596,0.04138,0.03918,0.02836,0.02948,0.09279,0.02334,0.03306,0.01763,0.03153,0.02272,0.05579,0.06480,0.49398
0.03118,0.03018,0.03917,0.03211,0.02848,0.02915,0.02766,0.55128,0.01824,0.02247,0.02342,0.02299,0.06808,0.07559
0.01833,0.01267,0.01695,0.02405,0.01327,0.01369,0.01437,0.01763,0.01922,0.01726,0.02393,0.77728,0.01409,0.01727
0.03257,0.01978,0.03993,0.03144,0.03430,0.03032,0.03298,0.25876,0.02957,0.02309,0.01828,0.01584,0.04179,0.39135
0.05113,0.03166,0.03706,0.06314,0.03238,0.03173,0.02715,0.02385,0.02184,0.03516,0.02747,0.02077,0.32888,0.26779
0.07782,0.02915,0.03518,0.03683,0.03514,0.09416,0.03630,0.06455,0.02465,0.03331,0.04294,0.02328,0.14836,0.31835
0.02179,0.02133,0.01422,0.02224,0.04303,0.02780,0.02463,0.02777,0.00987,0.03088,0.01407,0.01929,0.02223,0.70083
0.02262,0.01417,0.02102,0.01949,0.02991,0.01570,0.01826,0.08543,0.02472,0.01706,0.01255,0.01443,0.02605,0.67859
0.02345,0.01955,0.02719,0.02737,0.03607,0.02200,0.02722,0.03063,0.02213,0.02032,0.02470,0.64304,0.03768,0.03864
0.02525,0.02590,0.03191,0.02400,0.06621,0.02007,0.02152,0.02822,0.01706,0.02973,0.02864,0.03377,0.03943,0.60829
0.05368,0.03491,0.06718,0.03025,0.05149,0.06576,0.05728,0.05960,0.19840,0.23203,0.03365,0.02444,0.05394,0.03741
0.03625,0.02605,0.03411,0.03753,0.02491,0.02782,0.02549,0.03030,0.02548,0.04021,0.03253,0.46288,0.03051,0.16594
0.03916,0.02498,0.05305,0.03331,0.05551,0.02604,0.04569,0.06505,0.06375,0.27552,0.03434,0.03983,0.04447,0.19929
0.04093,0.03470,0.02972,0.03719,0.03065,0.03952,0.28693,0.14821,0.02585,0.04176,0.05915,0.02782,0.08315,0.11442
0.01950,0.02322,0.01764,0.02396,0.03014,0.02057,0.03131,0.02900,0.01959,0.39853,0.01656,0.02271,0.07615,0.27113
0.06113,0.02002,0.02866,0.02374,0.03638,0.02454,0.03604,0.42770,0.04745,0.03467,0.03419,0.03222,0.07355,0.11972
0.02156,0.01541,0.02301,0.02580,0.02327,0.04024,0.01663,0.02184,0.01953,0.01967,0.02093,0.70567,0.01429,0.03213
0.02413,0.02411,0.03061,0.02452,0.01962,0.03207,0.02443,0.02525,0.01705,0.02364,0.02543,0.35621,0.02710,0.34581
0.02641,0.02019,0.05127,0.02056,0.02403,0.01523,0.02623,0.08302,0.01892,0.04211,0.01755,0.01932,0.02230,0.61286
0.03615,0.03810,0.03680,0.03299,0.02541,0.02793,0.05030,0.34810,0.02954,0.02880,0.03355,0.02638,0.06241,0.22354
0.02425,0.01929,0.03695,0.02255,0.02675,0.02436,0.03047,0.05440,0.03103,0.03707,0.02001,0.01214,0.62136,0.03939
0.02844,0.08407,0.03896,0.04326,0.03242,0.03478,0.02607,0.02719,0.02137,0.02890,0.03394,0.02830,0.28666,0.28565
0.02588,0.01380,0.02234,0.01870,0.03813,0.02477,0.02664,0.62833,0.02873,0.02409,0.02760,0.01715,0.02263,0.08121
0.03036,0.03459,0.03727,0.05410,0.03826,0.02927,0.03848,0.07933,0.02877,0.04295,0.02460,0.02531,0.27554,0.26116
0.02082,0.02607,0.04207,0.02304,0.05356,0.01506,0.01435,0.03197,0.01376,0.02181,0.01890,0.02182,0.02312,0.67365
0.01823,0.01719,0.01858,0.01746,0.03038,0.02088,0.01888,0.02324,0.01596,0.02164,0.03220,0.67835,0.01762,0.06941
0.02061,0.01850,0.03843,0.01845,0.02294,0.01229,0.02045,0.01945,0.01349,0.03456,0.01424,0.01160,0.01681,0.73817
0.03878,0.03376,0.37068,0.08594,0.06612,0.03889,0.02485,0.05074,0.04456,0.04119,0.02979,0.03743,0.04677,0.09050
0.03302,0.03336,0.03333,0.02151,0.01633,0.01412,0.04057,0.04566,0.02221,0.10210,0.01123,0.01257,0.51358,0.10040
0.01677,0.02175,0.02493,0.01881,0.01488,0.01447,0.02240,0.03058,0.01315,0.01661,0.01132,0.01305,0.01603,0.76525
0.04111,0.02267,0.04944,0.03668,0.03535,0.03450,0.03547,0.03739,0.03704,0.04901,0.02306,0.03643,0.09289,0.46899
0.04949,0.03667,0.29066,0.20959,0.03689,0.03887,0.02550,0.05726,0.03215,0.04190,0.02132,0.03608,0.04024,0.08338
0.02211,0.01597,0.02770,0.01856,0.02586,0.03099,0.01397,0.01755,0.01203,0.02406,0.02279,0.67249,0.01294,0.08296
0.04820,0.01741,0.04208,0.02994,0.06379,0.30867,0.03400,0.04463,0.03330,0.03754,0.03644,0.02815,0.03430,0.24157
0.03413,0.02667,0.03777,0.04065,0.03431,0.17439,0.02385,0.06090,0.01245,0.04138,0.01541,0.02367,0.06225,0.41218
0.03424,0.03866,0.04398,0.03741,0.06576,0.38999,0.03448,0.05437,0.02414,0.02903,0.03959,0.04006,0.06994,0.09835
0.01989,0.02008,0.03624,0.03061,0.01832,0.01630,0.03645,0.04072,0.02069,0.53965,0.01126,0.01951,0.03003,0.16026
0.02487,0.02262,0.03189,0.02242,0.02746,0.01568,0.03142,0.04127,0.02475,0.03881,0.02301,0.02417,0.03153,0.64011
0.04075,0.02716,0.04655,0.03180,0.04164,0.02903,0.03351,0.03277,0.02225,0.02674,0.04762,0.28235,0.03111,0.30672
0.02605,0.03964,0.05305,0.02001,0.02924,0.03350,0.02460,0.04282,0.01868,0.09236,0.01806,0.02293,0.06130,0.51775
0.02308,0.02560,0.01861,0.03124,0.01912,0.01897,0.25654,0.51207,0.02121,0.01500,0.01763,0.01549,0.01284,0.01260
