0.03748,0.02471,0.03188,0.12625,0.02761,0.03928,0.13988,0.04664,0.04017,0.02232,0.11024,0.02622,0.02470,0.10461,0.07665,0.02370,0.01872,0.02353,0.02575,0.02965
0.02515,0.02141,0.02499,0.19594,0.02751,0.02607,0.23451,0.02440,0.02794,0.01430,0.06358,0.02518,0.03634,0.05448,0.04060,0.03252,0.02386,0.03017,0.02531,0.04573
0.03034,0.02087,0.02583,0.23814,0.02218,0.02212,0.37260,0.04208,0.02815,0.02127,0.01375,0.01898,0.02276,0.01421,0.01667,0.01645,0.01917,0.01441,0.02039,0.01961
0.04973,0.03709,0.02960,0.20853,0.02993,0.04001,0.21557,0.03757,0.04684,0.01956,0.04458,0.02241,0.02483,0.03813,0.04294,0.02411,0.01731,0.01762,0.02831,0.02531
0.02911,0.02454,0.03554,0.05016,0.02348,0.02890,0.05140,0.03847,0.03848,0.02253,0.12935,0.05899,0.07343,0.07922,0.08194,0.02626,0.07200,0.04424,0.04455,0.04741
0.04757,0.04592,0.05046,0.11030,0.05218,0.05513,0.12855,0.05296,0.05580,0.03465,0.02402,0.03932,0.05653,0.03553,0.02178,0.03470,0.03928,0.04297,0.03589,0.03647
0.04745,0.03091,0.02982,0.18536,0.02973,0.03860,0.15594,0.05136,0.03724,0.02171,0.04023,0.03718,0.03845,0.04782,0.02622,0.03580,0.02734,0.03330,0.03411,0.05142
0.03759,0.03024,0.03042,0.09902,0.02252,0.03336,0.09021,0.03378,0.03484,0.02155,0.03502,0.03703,0.09036,0.02705,0.11887,0.02440,0.09369,0.04480,0.05265,0.04260
0.04404,0.04870,0.03876,0.12524,0.02904,0.04577,0.15037,0.05095,0.05948,0.03249,0.03108,0.03437,0.06833,0.03345,0.03595,0.02966,0.02988,0.03754,0.03322,0.04168
0.02156,0.02777,0.01615,0.31712,0.01718,0.02156,0.32051,0.02452,0.03561,0.01526,0.01890,0.01815,0.02280,0.01803,0.01467,0.01880,0.01412,0.01636,0.02054,0.02037
0.03499,0.04107,0.03076,0.11235,0.02274,0.04283,0.10268,0.03772,0.04866,0.02660,0.05852,0.03717,0.05425,0.05469,0.03110,0.07225,0.05647,0.03674,0.05514,0.04327
0.02110,0.01699,0.01677,0.30409,0.01828,0.01934,0.20841,0.02622,0.02375,0.01562,0.06024,0.03426,0.02379,0.04563,0.05495,0.02391,0.01195,0.02312,0.02441,0.02716
0.03537,0.02607,0.04378,0.24950,0.02706,0.03106,0.16464,0.03480,0.03777,0.01914,0.09419,0.02457,0.02253,0.07982,0.03010,0.01402,0.01063,0.02100,0.01273,0.02124
0.01682,0.01356,0.01667,0.07938,0.01321,0.01578,0.09319,0.01901,0.01797,0.00901,0.46071,0.01835,0.01696,0.12772,0.02004,0.01047,0.01194,0.01252,0.01250,0.01419
0.03113,0.03289,0.03918,0.10948,0.04129,0.03903,0.12355,0.04324,0.03764,0.02696,0.03101,0.03396,0.06910,0.04809,0.01514,0.02778,0.13255,0.03646,0.03734,0.04416
0.04156,0.02935,0.04074,0.06216,0.02461,0.03825,0.06490,0.04062,0.04098,0.02616,0.07803,0.05185,0.06371,0.06922,0.10981,0.02994,0.05406,0.03909,0.03823,0.05672
0.05953,0.05302,0.04341,0.20602,0.02762,0.03778,0.17893,0.05094,0.05892,0.01765,0.03053,0.02490,0.03793,0.03020,0.02825,0.02606,0.02053,0.01807,0.02296,0.02675
0.03030,0.05252,0.05844,0.06970,0.04256,0.05408,0.06769,0.09879,0.06134,0.02642,0.05558,0.03059,0.04254,0.08319,0.03522,0.02156,0.05388,0.03409,0.03647,0.04506
0.11079,0.10439,0.05033,0.17279,0.02924,0.04227,0.13295,0.07659,0.06120,0.02105,0.02974,0.01886,0.02114,0.03187,0.02509,0.01144,0.01013,0.01875,0.01404,0.01735
0.03390,0.03475,0.03176,0.24344,0.02826,0.03774,0.24181,0.05187,0.05748,0.02969,0.02522,0.02368,0.02553,0.02650,0.01815,0.02115,0.01294,0.01653,0.02010,0.01950
0.03106,0.01858,0.03193,0.25933,0.01336,0.02799,0.25942,0.03778,0.03847,0.01509,0.03501,0.02030,0.02345,0.03025,0.04936,0.02827,0.01579,0.01529,0.02422,0.02504
0.01649,0.01638,0.01865,0.04791,0.01522,0.02009,0.05059,0.02064,0.01890,0.01277,0.38586,0.02492,0.02335,0.21455,0.01944,0.01966,0.01208,0.01734,0.02307,0.02210
0.04541,0.03343,0.05418,0.11271,0.04008,0.03517,0.11290,0.05082,0.04400,0.02460,0.08199,0.05150,0.05385,0.07569,0.05250,0.02076,0.01481,0.03734,0.02404,0.03421
0.03094,0.02173,0.02369,0.21299,0.02043,0.02641,0.38416,0.03790,0.03319,0.01173,0.01861,0.01616,0.01590,0.02059,0.03348,0.02174,0.01285,0.01651,0.01990,0.02109
0.03647,0.02622,0.03078,0.17502,0.01886,0.03240,0.17248,0.03987,0.05028,0.01938,0.06148,0.02552,0.02311,0.04160,0.09563,0.05133,0.02163,0.01809,0.02585,0.03402
0.03497,0.02812,0.03070,0.23192,0.01981,0.02629,0.27308,0.02975,0.02899,0.02013,0.02653,0.02484,0.03394,0.03380,0.01805,0.03363,0.01842,0.02482,0.02971,0.03248
0.04555,0.05668,0.05473,0.06890,0.03402,0.08427,0.07337,0.08357,0.05374,0.03147,0.02875,0.03240,0.04327,0.03554,0.05106,0.05054,0.03769,0.04063,0.05276,0.04106
0.02518,0.03549,0.02504,0.24096,0.02608,0.04027,0.20647,0.03559,0.03670,0.01642,0.05343,0.01871,0.02244,0.06278,0.02871,0.02121,0.02996,0.02242,0.02765,0.02447
0.02900,0.01793,0.02126,0.11989,0.01780,0.02319,0.11979,0.02470,0.03009,0.01439,0.24378,0.02056,0.02407,0.16788,0.02326,0.02200,0.01823,0.01702,0.02404,0.02111
0.02254,0.02092,0.02404,0.31817,0.01532,0.02526,0.21209,0.03776,0.02672,0.01242,0.04289,0.02582,0.02189,0.02821,0.05631,0.02178,0.01426,0.01571,0.02214,0.03576
0.06072,0.03622,0.04731,0.07206,0.02802,0.06734,0.07301,0.04908,0.06183,0.02986,0.03031,0.04441,0.05387,0.02509,0.04649,0.06141,0.04641,0.03905,0.07992,0.04759
0.02369,0.01597,0.01683,0.34517,0.01500,0.01898,0.27260,0.02105,0.02905,0.01503,0.03669,0.02220,0.01695,0.02651,0.03897,0.02023,0.01169,0.01534,0.01628,0.02178
0.04802,0.02844,0.05206,0.06776,0.02965,0.03427,0.07746,0.07012,0.03647,0.03052,0.14107,0.03757,0.06004,0.11228,0.03867,0.01517,0.02087,0.02887,0.02602,0.04467
0.01827,0.01819,0.01776,0.41521,0.01423,0.01659,0.27164,0.02383,0.02392,0.01103,0.03176,0.01090,0.01775,0.03493,0.01061,0.01218,0.00998,0.01608,0.01074,0.01439
0.04268,0.02856,0.07201,0.11870,0.03760,0.05111,0.11795,0.04240,0.05400,0.03177,0.09072,0.02773,0.02452,0.12212,0.03191,0.01969,0.01482,0.02226,0.02291,0.02656
0.04854,0.06252,0.07272,0.10302,0.03216,0.11029,0.09496,0.06132,0.10696,0.04307,0.02094,0.02381,0.02218,0.02835,0.02912,0.03617,0.01809,0.01993,0.03832,0.02753
0.04364,0.03920,0.04586,0.16477,0.03843,0.04898,0.15472,0.05087,0.04906,0.03244,0.04282,0.03071,0.03038,0.04312,0.03020,0.03330,0.02060,0.03589,0.03308,0.03192
0.03209,0.03082,0.02519,0.07969,0.02314,0.02664,0.08019,0.03014,0.02929,0.01937,0.10660,0.05094,0.04414,0.04959,0.19439,0.03225,0.01881,0.03274,0.03345,0.06053
0.03854,0.03935,0.04845,0.10766,0.02702,0.03621,0.12471,0.04836,0.06275,0.02112,0.04419,0.04123,0.05963,0.03758,0.07614,0.04528,0.03194,0.03516,0.02805,0.04663
0.03303,0.03536,0.04301,0.25212,0.02825,0.04081,0.22573,0.04292,0.04334,0.02523,0.03512,0.01683,0.01960,0.03507,0.02537,0.01972,0.01606,0.01832,0.02445,0.01965
0.03871,0.02767,0.03364,0.19647,0.01898,0.03279,0.21924,0.02384,0.04268,0.01423,0.05537,0.03095,0.02333,0.07116,0.04015,0.03329,0.01213,0.02155,0.02414,0.03969
0.03261,0.04121,0.02929,0.16879,0.02935,0.03768,0.17795,0.04188,0.05359,0.03070,0.05961,0.02722,0.04117,0.05839,0.03089,0.02848,0.02420,0.02167,0.03523,0.03011
0.04755,0.03119,0.05223,0.21416,0.04352,0.04225,0.21078,0.04462,0.05090,0.03964,0.01820,0.02889,0.02725,0.01932,0.01506,0.02232,0.02330,0.02024,0.02308,0.02552
0.02639,0.03018,0.02536,0.19656,0.01793,0.03084,0.18903,0.03632,0.03192,0.01818,0.09769,0.02015,0.02666,0.14354,0.01659,0.01851,0.01636,0.01878,0.01852,0.02051
0.02693,0.02171,0.02437,0.04963,0.02123,0.02324,0.05684,0.02935,0.02547,0.01582,0.31015,0.05066,0.04985,0.07469,0.10734,0.01562,0.01278,0.02817,0.01701,0.03914
0.05049,0.04253,0.05343,0.09133,0.03295,0.04798,0.09947,0.04834,0.05395,0.02912,0.02922,0.04676,0.06442,0.03505,0.01990,0.05498,0.04419,0.06017,0.04390,0.05184
0.04830,0.03914,0.05540,0.07550,0.03149,0.05578,0.07467,0.06439,0.05763,0.03696,0.04263,0.03810,0.06017,0.05403,0.05733,0.03692,0.02416,0.04598,0.05133,0.05011
0.02476,0.02167,0.02515,0.19279,0.01943,0.02991,0.18607,0.03397,0.03101,0.01737,0.15115,0.02012,0.02704,0.07530,0.03990,0.02016,0.01713,0.02650,0.01791,0.02269
0.01800,0.01513,0.01650,0.07097,0.01272,0.01665,0.06550,0.02097,0.01773,0.00935,0.03831,0.01936,0.01651,0.02074,0.56257,0.01366,0.01338,0.01526,0.01488,0.02182
0.02660,0.02137,0.02597,0.33518,0.01636,0.03431,0.25709,0.03229,0.02875,0.01392,0.02885,0.02239,0.02622,0.03232,0.02262,0.01339,0.00921,0.01733,0.01289,0.02294
0.04114,0.02435,0.02569,0.15990,0.02173,0.02381,0.11183,0.03384,0.03031,0.01775,0.07470,0.03555,0.03859,0.03239,0.18048,0.02359,0.03098,0.03090,0.02383,0.03866
0.01883,0.01385,0.02065,0.37325,0.01418,0.01510,0.23955,0.02382,0.02164,0.01549,0.05194,0.01768,0.02140,0.04026,0.02942,0.01112,0.00983,0.02938,0.01081,0.02180
0.04181,0.02508,0.04219,0.18782,0.02659,0.03290,0.26310,0.06314,0.03880,0.01713,0.03048,0.02516,0.04477,0.02615,0.03074,0.01614,0.01641,0.02811,0.01655,0.02695
0.03391,0.02654,0.02751,0.07877,0.02310,0.03499,0.07551,0.03859,0.04111,0.01782,0.18886,0.03047,0.03809,0.08841,0.09510,0.02829,0.04019,0.01794,0.03600,0.03880
0.03132,0.02049,0.02941,0.07765,0.01834,0.02716,0.08777,0.03176,0.03721,0.01424,0.16841,0.02331,0.02233,0.23100,0.06088,0.02220,0.02087,0.01801,0.02922,0.02843
0.02205,0.01802,0.01745,0.24330,0.01692,0.02709,0.30688,0.02519,0.03475,0.01353,0.02852,0.02151,0.03162,0.03401,0.01553,0.02449,0.03487,0.01846,0.03725,0.02855
0.02565,0.02742,0.03814,0.13557,0.03335,0.03220,0.20696,0.03929,0.02608,0.01700,0.03263,0.04257,0.04408,0.06725,0.01556,0.03569,0.05468,0.05667,0.02791,0.04130
0.05622,0.02978,0.04190,0.31253,0.02461,0.03330,0.21043,0.05506,0.05315,0.01936,0.02266,0.01370,0.01562,0.02155,0.02083,0.01438,0.01029,0.01412,0.01390,0.01662
0.03641,0.03751,0.02811,0.27010,0.02118,0.03726,0.23629,0.04398,0.06584,0.01723,0.01576,0.02754,0.03135,0.01745,0.01750,0.01673,0.01358,0.02030,0.02253,0.02334
0.02624,0.02309,0.03563,0.24527,0.02161,0.03796,0.25469,0.03685,0.06960,0.01672,0.02425,0.02021,0.02464,0.02976,0.01533,0.03112,0.01693,0.01869,0.02192,0.02949
0.04280,0.04057,0.05035,0.19715,0.03620,0.03682,0.18345,0.04420,0.04279,0.02590,0.03269,0.02589,0.03186,0.03156,0.04012,0.03168,0.01909,0.02493,0.03367,0.02827
0.04462,0.03367,0.03353,0.11754,0.02749,0.05724,0.09753,0.03407,0.05308,0.02295,0.01976,0.03791,0.07425,0.02456,0.01841,0.04580,0.12105,0.02896,0.05954,0.04803
0.02495,0.01818,0.02795,0.33328,0.02379,0.01979,0.23500,0.02381,0.02282,0.01560,0.06488,0.02223,0.02093,0.03763,0.02982,0.01307,0.00999,0.02070,0.01452,0.02104
0.02638,0.02123,0.02402,0.09936,0.02192,0.02598,0.10839,0.02729,0.02877,0.02176,0.20628,0.02671,0.03242,0.19185,0.03514,0.02018,0.01366,0.02002,0.01990,0.02873
0.02648,0.02037,0.02528,0.20915,0.01833,0.02088,0.18393,0.02819,0.02532,0.01571,0.14910,0.02515,0.02487,0.08304,0.05168,0.01597,0.01488,0.01990,0.01785,0.02392
0.02679,0.02107,0.02420,0.27884,0.01835,0.02174,0.23504,0.02947,0.02851,0.01678,0.04337,0.02170,0.02241,0.03801,0.06014,0.02720,0.01261,0.01450,0.03250,0.02676
0.03821,0.03542,0.03330,0.12991,0.03483,0.04152,0.17383,0.04382,0.04603,0.03060,0.04635,0.03890,0.04371,0.05443,0.03340,0.03710,0.02810,0.03105,0.04240,0.03709
0.08066,0.11691,0.06298,0.05058,0.02796,0.04514,0.04962,0.08989,0.05341,0.02334,0.05034,0.03268,0.06357,0.03491,0.06139,0.01623,0.03619,0.04817,0.01961,0.03643
0.05270,0.05525,0.06107,0.09288,0.04079,0.06812,0.10223,0.07522,0.07859,0.03994,0.04383,0.03132,0.03210,0.04102,0.03598,0.02822,0.02652,0.02815,0.03418,0.03189
0.02521,0.02033,0.01928,0.11861,0.01408,0.02550,0.13461,0.03144,0.03235,0.01258,0.31317,0.01842,0.01903,0.09938,0.03743,0.01546,0.01183,0.01708,0.01497,0.01923
0.03912,0.02630,0.04061,0.15546,0.02688,0.04596,0.13920,0.05295,0.05243,0.02540,0.04075,0.02258,0.02556,0.02883,0.15060,0.03270,0.01950,0.01688,0.02647,0.03183
0.01781,0.01367,0.02071,0.41329,0.01325,0.01869,0.27068,0.03273,0.02379,0.01025,0.02119,0.01473,0.01723,0.01715,0.02691,0.01114,0.01085,0.01345,0.01344,0.01902
0.04821,0.02922,0.04110,0.09264,0.02979,0.04052,0.08791,0.04221,0.04077,0.02705,0.07092,0.04702,0.04615,0.08787,0.06973,0.04860,0.02374,0.03642,0.03679,0.05334
0.03828,0.02906,0.03536,0.14395,0.02280,0.03766,0.16255,0.04138,0.03574,0.02940,0.04659,0.02591,0.03413,0.09102,0.03081,0.07517,0.03062,0.01876,0.03940,0.03139
0.05176,0.03842,0.05328,0.05767,0.03458,0.04130,0.06111,0.04956,0.05027,0.03411,0.03143,0.03843,0.08548,0.03251,0.11955,0.02568,0.03677,0.03911,0.04580,0.07319
0.05792,0.05336,0.07833,0.07335,0.01925,0.07417,0.08219,0.13961,0.11446,0.02473,0.01982,0.01967,0.03002,0.01992,0.04864,0.03079,0.02472,0.01820,0.04382,0.02705
0.03077,0.01758,0.02161,0.08291,0.01944,0.02273,0.07439,0.02844,0.02537,0.01481,0.32125,0.02940,0.03865,0.10333,0.05930,0.01629,0.01680,0.02492,0.01666,0.03533
0.04561,0.04179,0.04427,0.09098,0.03402,0.05017,0.08010,0.05488,0.04993,0.02499,0.16828,0.02144,0.02275,0.10596,0.06831,0.01765,0.01968,0.01697,0.02163,0.02059
0.01362,0.01210,0.01427,0.05740,0.01088,0.01565,0.05006,0.01523,0.01718,0.00971,0.43523,0.01704,0.01490,0.25160,0.01237,0.00952,0.00814,0.01341,0.00969,0.01199
0.02770,0.02625,0.03144,0.19489,0.02345,0.03032,0.30012,0.04881,0.03681,0.01662,0.03220,0.02690,0.03463,0.02941,0.02555,0.01633,0.02284,0.03235,0.01722,0.02615
0.03640,0.03370,0.03980,0.18521,0.02198,0.03814,0.19819,0.03287,0.04220,0.01882,0.03555,0.02850,0.03972,0.03957,0.02704,0.04477,0.02757,0.02356,0.04504,0.04137
0.03027,0.02741,0.04335,0.13094,0.02243,0.03692,0.10459,0.02948,0.03827,0.01852,0.13389,0.04677,0.03273,0.12283,0.06736,0.01764,0.01241,0.02963,0.02012,0.03444
0.03104,0.02801,0.03108,0.18340,0.02351,0.03124,0.13770,0.05330,0.05213,0.01552,0.05445,0.03959,0.02902,0.03785,0.05546,0.04226,0.02803,0.03729,0.03480,0.05434
0.03679,0.02117,0.02490,0.13890,0.02627,0.02790,0.19229,0.03510,0.03786,0.01767,0.06178,0.03873,0.05429,0.05328,0.02979,0.02879,0.07489,0.03399,0.02875,0.03685
0.01549,0.01420,0.01853,0.32850,0.02100,0.01472,0.33670,0.01802,0.01645,0.01094,0.02901,0.01290,0.01572,0.05858,0.01166,0.01911,0.01290,0.01177,0.01654,0.01725
0.04413,0.03186,0.04469,0.15506,0.03192,0.03362,0.13326,0.05485,0.05745,0.02917,0.04569,0.03764,0.04073,0.04329,0.04441,0.02860,0.03660,0.03115,0.04467,0.03122
0.02071,0.02068,0.02272,0.31131,0.01837,0.01965,0.29796,0.02610,0.02967,0.01494,0.04237,0.02013,0.02017,0.03033,0.03219,0.01543,0.01284,0.01268,0.01471,0.01705
0.12083,0.05096,0.04441,0.13157,0.02550,0.05062,0.07844,0.08468,0.10714,0.02535,0.05027,0.01604,0.02023,0.03560,0.08393,0.01409,0.01423,0.01460,0.01405,0.01747
0.03477,0.02923,0.04054,0.14390,0.03920,0.04459,0.17308,0.03717,0.03734,0.02350,0.04716,0.02924,0.03188,0.08914,0.01948,0.04549,0.02975,0.02573,0.04020,0.03860
0.03136,0.03466,0.03886,0.12098,0.02843,0.03267,0.10281,0.04385,0.04496,0.02388,0.05793,0.03574,0.04660,0.03866,0.06772,0.03648,0.06510,0.05358,0.04452,0.05121
0.02274,0.03589,0.03438,0.07836,0.02754,0.05787,0.07552,0.04171,0.11448,0.02591,0.13806,0.02889,0.03372,0.13883,0.02641,0.01549,0.02128,0.02814,0.02481,0.02998
0.03164,0.03252,0.02788,0.11546,0.02291,0.03461,0.09692,0.04338,0.04844,0.02166,0.16201,0.03486,0.05058,0.13216,0.02163,0.01949,0.02694,0.02924,0.01880,0.02887
0.04561,0.03048,0.03528,0.13376,0.02411,0.04055,0.14656,0.04281,0.04797,0.02918,0.05278,0.05385,0.07543,0.07539,0.01750,0.02649,0.02515,0.03798,0.02072,0.03840
0.03454,0.02801,0.03664,0.08250,0.03213,0.03264,0.09287,0.04157,0.03516,0.02286,0.09050,0.03187,0.03613,0.06995,0.18053,0.02152,0.02806,0.02673,0.03382,0.04197
0.10648,0.03904,0.07269,0.12940,0.03629,0.04770,0.17071,0.08181,0.06413,0.03345,0.02203,0.02147,0.02906,0.02654,0.02006,0.01983,0.02555,0.01762,0.01672,0.01941
0.03812,0.02127,0.02072,0.20845,0.02103,0.02248,0.13952,0.03416,0.02455,0.01824,0.10162,0.03087,0.02484,0.04135,0.15966,0.01541,0.01275,0.02028,0.01592,0.02879
0.02731,0.02926,0.03027,0.15714,0.02062,0.04331,0.12604,0.03700,0.04143,0.01725,0.13893,0.03101,0.03204,0.09820,0.06538,0.01571,0.01398,0.02355,0.01899,0.03258
0.03004,0.02423,0.04035,0.15992,0.02671,0.03561,0.16628,0.05686,0.05057,0.02052,0.11228,0.01840,0.02813,0.08476,0.04185,0.01667,0.01463,0.02577,0.02106,0.02536
0.04406,0.03663,0.03977,0.16320,0.03606,0.03680,0.14142,0.04940,0.05114,0.03329,0.05112,0.04242,0.03690,0.05843,0.04374,0.02356,0.01642,0.03838,0.02120,0.03606
0.03656,0.03384,0.04269,0.10184,0.02110,0.05164,0.08351,0.04972,0.06195,0.01561,0.03604,0.04962,0.08122,0.02729,0.03369,0.05930,0.06315,0.02997,0.04052,0.08073
