0.06525,0.04586,0.04730,0.11852,0.04195,0.05439,0.09534,0.10005,0.06090,0.03228,0.04863,0.02615,0.03491,0.03215,0.06243,0.02259,0.02566,0.02451,0.02853,0.03259
0.03554,0.02898,0.04503,0.08417,0.02669,0.03936,0.07969,0.04730,0.04074,0.02640,0.07233,0.05732,0.03962,0.06399,0.10150,0.04065,0.03454,0.04575,0.03982,0.05057
0.04177,0.03753,0.07804,0.09856,0.02940,0.03093,0.10769,0.05459,0.05084,0.02894,0.07422,0.03453,0.04068,0.07157,0.05887,0.02742,0.02021,0.03811,0.02897,0.04712
0.05251,0.05009,0.04189,0.09537,0.04188,0.04978,0.10487,0.05093,0.05468,0.04506,0.03959,0.02452,0.05067,0.07144,0.02030,0.03915,0.03544,0.03483,0.05127,0.04577
0.04066,0.02908,0.04916,0.08439,0.04815,0.03730,0.08328,0.04602,0.04457,0.03068,0.07727,0.03939,0.04820,0.04585,0.13542,0.02898,0.02543,0.03290,0.03351,0.03975
0.02877,0.02628,0.03408,0.10412,0.02382,0.03256,0.10016,0.05056,0.04224,0.02741,0.10050,0.06858,0.04651,0.10707,0.04118,0.02805,0.03655,0.03453,0.02720,0.03983
0.06635,0.03701,0.05828,0.07817,0.03511,0.06608,0.08580,0.06758,0.07021,0.03209,0.07034,0.02782,0.04769,0.05857,0.04337,0.02998,0.02368,0.03474,0.03011,0.03702
0.02838,0.02971,0.02958,0.20991,0.02856,0.03065,0.19738,0.04126,0.04032,0.02738,0.04480,0.03308,0.04080,0.05413,0.02885,0.02448,0.02623,0.02956,0.02327,0.03166
0.03132,0.02610,0.03116,0.09832,0.02553,0.04736,0.09637,0.04471,0.04685,0.02041,0.13424,0.03109,0.04171,0.11955,0.04002,0.04358,0.02133,0.03022,0.02630,0.04382
0.03707,0.02500,0.02616,0.08959,0.02071,0.03303,0.09098,0.03211,0.04594,0.01838,0.08186,0.06143,0.05393,0.05174,0.10550,0.04482,0.02708,0.03625,0.03584,0.08259
0.03013,0.02935,0.03053,0.12037,0.02078,0.02771,0.11354,0.03124,0.03020,0.02006,0.06083,0.06709,0.07485,0.06104,0.04815,0.02514,0.06161,0.05496,0.03220,0.06021
0.03739,0.02449,0.03221,0.24450,0.02493,0.02933,0.23597,0.03676,0.03914,0.02125,0.04350,0.02449,0.02718,0.04480,0.02525,0.01952,0.02129,0.02076,0.02043,0.02678
0.03777,0.03257,0.04204,0.07477,0.02642,0.04483,0.07583,0.04210,0.03640,0.03244,0.07415,0.04191,0.04418,0.11070,0.02964,0.05550,0.04263,0.03753,0.06365,0.05493
0.02954,0.02791,0.04512,0.11325,0.02737,0.03732,0.12364,0.04393,0.04568,0.01924,0.05406,0.05021,0.07372,0.04621,0.04219,0.03229,0.05739,0.04398,0.03496,0.05200
0.02839,0.03359,0.04195,0.11169,0.03018,0.05230,0.09491,0.03615,0.04935,0.02084,0.06847,0.03884,0.05168,0.06544,0.06687,0.03231,0.04144,0.04686,0.03918,0.04957
0.04887,0.04135,0.03666,0.09984,0.02512,0.04886,0.10526,0.04187,0.05029,0.03032,0.08148,0.03409,0.03697,0.10987,0.03035,0.03658,0.02697,0.03320,0.03659,0.04546
0.03657,0.02936,0.03118,0.15822,0.02466,0.05172,0.14787,0.05150,0.05341,0.01859,0.08641,0.02721,0.03147,0.10329,0.02535,0.02617,0.01887,0.02204,0.02470,0.03142
0.02644,0.02193,0.03939,0.15662,0.03350,0.02612,0.15394,0.03598,0.03237,0.02549,0.06110,0.06356,0.03798,0.06789,0.03264,0.03521,0.03705,0.03060,0.03716,0.04504
0.05209,0.05132,0.04479,0.06149,0.03491,0.04975,0.06582,0.06033,0.05980,0.03194,0.06192,0.03904,0.05571,0.04503,0.06549,0.03844,0.05072,0.03940,0.04676,0.04524
0.03241,0.03201,0.03729,0.18885,0.02941,0.03697,0.18567,0.03999,0.04496,0.01903,0.08665,0.02402,0.02820,0.06945,0.03700,0.02211,0.02107,0.02049,0.01883,0.02559
0.02590,0.02174,0.02438,0.07322,0.02025,0.02246,0.07063,0.02729,0.03006,0.01807,0.12625,0.05928,0.04350,0.04866,0.22507,0.02393,0.01725,0.04215,0.03778,0.04214
0.04146,0.02841,0.03949,0.06558,0.03080,0.04201,0.06645,0.05093,0.03985,0.01980,0.12011,0.06924,0.04669,0.12415,0.05788,0.02179,0.02136,0.03418,0.03223,0.04759
0.04234,0.03210,0.03576,0.20053,0.03347,0.04088,0.19830,0.04072,0.03770,0.02054,0.03648,0.02640,0.03439,0.03510,0.02821,0.02807,0.02694,0.03310,0.03152,0.03746
0.03325,0.03173,0.04003,0.09631,0.03202,0.03085,0.08221,0.04600,0.04226,0.02964,0.09114,0.05810,0.05654,0.08197,0.04661,0.02471,0.04636,0.04694,0.02951,0.05382
0.04040,0.03680,0.03698,0.13087,0.02837,0.05010,0.13213,0.03887,0.04656,0.02314,0.05368,0.04455,0.05013,0.04508,0.03828,0.03572,0.03823,0.03041,0.05388,0.04581
0.07727,0.04711,0.06368,0.05937,0.04192,0.05809,0.04704,0.06524,0.07467,0.03243,0.04745,0.03040,0.06222,0.03780,0.04027,0.03408,0.03936,0.05193,0.03916,0.05048
0.03458,0.03363,0.03826,0.10348,0.02483,0.04742,0.09538,0.04929,0.04918,0.02635,0.07659,0.04837,0.05176,0.06775,0.06874,0.03698,0.03233,0.03040,0.03861,0.04606
0.05396,0.04636,0.03350,0.13546,0.03639,0.03594,0.11505,0.04234,0.03642,0.02758,0.04715,0.04120,0.04657,0.03475,0.05094,0.05695,0.03786,0.03196,0.03897,0.05063
0.03849,0.02854,0.03841,0.12569,0.02437,0.03463,0.11316,0.03628,0.03825,0.02096,0.06738,0.04698,0.05844,0.05258,0.08673,0.02609,0.02626,0.04798,0.04094,0.04782
0.03454,0.02167,0.02711,0.17594,0.02154,0.03056,0.17988,0.03706,0.03990,0.01730,0.04109,0.04900,0.05386,0.03320,0.04412,0.03230,0.03960,0.03698,0.02833,0.05602
0.03546,0.03051,0.04142,0.16668,0.02418,0.03799,0.17370,0.04737,0.04682,0.02536,0.03813,0.03348,0.04566,0.03166,0.05030,0.03244,0.03195,0.03502,0.03706,0.03480
0.02831,0.03259,0.03339,0.13102,0.02694,0.03662,0.12244,0.03544,0.03929,0.02062,0.06165,0.05007,0.07735,0.04493,0.08008,0.02380,0.04460,0.03588,0.03022,0.04474
0.02931,0.02513,0.02623,0.09793,0.02000,0.03507,0.09430,0.03290,0.04191,0.01916,0.14742,0.03868,0.03547,0.10641,0.10678,0.02213,0.02544,0.03089,0.02792,0.03693
0.04408,0.03817,0.03353,0.11778,0.03223,0.03699,0.12049,0.04967,0.04782,0.02376,0.07727,0.03809,0.03940,0.06381,0.08661,0.02327,0.03284,0.02950,0.02864,0.03605
0.03870,0.03251,0.03527,0.08712,0.02561,0.03135,0.07338,0.04108,0.03585,0.02822,0.07138,0.05231,0.05581,0.10452,0.07855,0.02968,0.03309,0.04536,0.05009,0.05012
0.06300,0.04807,0.05478,0.09691,0.04346,0.06447,0.07476,0.08116,0.04930,0.03975,0.06734,0.02683,0.04122,0.05326,0.04012,0.02539,0.03263,0.03001,0.03015,0.03740
0.03818,0.04028,0.02741,0.15469,0.02722,0.03100,0.14083,0.02897,0.04159,0.01914,0.06955,0.04250,0.03637,0.05993,0.05546,0.03601,0.03192,0.03851,0.04028,0.04016
0.04440,0.04393,0.04422,0.05737,0.05171,0.03464,0.05355,0.04543,0.04531,0.02714,0.06466,0.04849,0.07351,0.07596,0.04066,0.03450,0.05465,0.04533,0.05477,0.05977
0.05486,0.02758,0.03075,0.08998,0.03824,0.03579,0.09503,0.03828,0.04108,0.02953,0.09846,0.04675,0.05673,0.10136,0.04780,0.02384,0.03323,0.04215,0.02537,0.04321
0.04417,0.02701,0.03943,0.07881,0.02615,0.04892,0.06853,0.05878,0.04507,0.02789,0.05192,0.04491,0.08619,0.04662,0.09463,0.03742,0.04294,0.03739,0.04330,0.04992
0.05705,0.02106,0.06236,0.06444,0.03756,0.04792,0.06008,0.05881,0.05010,0.02443,0.09584,0.03902,0.04906,0.13807,0.02466,0.03713,0.02805,0.03837,0.02768,0.03831
0.04009,0.03335,0.04324,0.14929,0.02592,0.04002,0.15299,0.04390,0.04878,0.02242,0.06210,0.03112,0.05292,0.05480,0.03391,0.02929,0.03550,0.03294,0.02905,0.03835
0.05875,0.04859,0.06490,0.09179,0.04364,0.05174,0.08840,0.07025,0.05761,0.03259,0.03326,0.04367,0.05004,0.04619,0.02497,0.04053,0.03765,0.04221,0.03435,0.03888
0.03392,0.02414,0.03072,0.24059,0.02968,0.04116,0.23440,0.03864,0.03745,0.02530,0.03196,0.02282,0.03225,0.02436,0.04182,0.01756,0.01750,0.02711,0.01959,0.02903
0.03212,0.02061,0.03567,0.18711,0.02653,0.02940,0.19824,0.03613,0.04057,0.02045,0.06411,0.02751,0.02676,0.05283,0.06229,0.03416,0.01955,0.02610,0.02867,0.03118
0.03809,0.04252,0.06020,0.12455,0.03295,0.03879,0.11699,0.04977,0.05331,0.03807,0.03896,0.04462,0.04106,0.03318,0.07072,0.03191,0.02140,0.03647,0.04015,0.04628
0.03319,0.01920,0.02756,0.13770,0.01942,0.02608,0.14164,0.03938,0.03769,0.01739,0.16810,0.02155,0.01796,0.15581,0.03000,0.01777,0.02205,0.02184,0.01763,0.02803
0.04601,0.05336,0.06936,0.16978,0.04063,0.04495,0.16879,0.04850,0.06286,0.03172,0.02429,0.02417,0.04259,0.02359,0.02580,0.02529,0.02364,0.02404,0.02428,0.02634
0.03438,0.03789,0.04109,0.17049,0.03218,0.03453,0.16545,0.05877,0.05864,0.03013,0.05056,0.02776,0.04196,0.04657,0.03679,0.02251,0.02494,0.03253,0.02089,0.03192
0.03807,0.02967,0.02955,0.17891,0.02287,0.03672,0.18033,0.03484,0.04137,0.03170,0.05668,0.03389,0.03584,0.06546,0.03939,0.03192,0.02097,0.03065,0.02826,0.03288
0.03868,0.02938,0.04214,0.14515,0.02736,0.03337,0.13844,0.03092,0.03100,0.02442,0.07311,0.03605,0.04223,0.06553,0.07286,0.02877,0.02729,0.03448,0.03310,0.04572
0.03158,0.02296,0.03403,0.11491,0.03124,0.03206,0.11558,0.04063,0.03502,0.02613,0.14617,0.03301,0.03174,0.14788,0.02710,0.02352,0.01744,0.03227,0.02462,0.03211
0.04014,0.03073,0.04461,0.11728,0.02807,0.05282,0.10906,0.06543,0.05961,0.03110,0.06912,0.03277,0.04964,0.05888,0.04347,0.03142,0.02619,0.03722,0.02841,0.04401
0.04133,0.02419,0.02832,0.12620,0.02461,0.02903,0.12822,0.03942,0.03600,0.02232,0.15392,0.02055,0.02725,0.14101,0.05237,0.01864,0.01683,0.02164,0.02082,0.02733
0.03810,0.03664,0.04794,0.12057,0.03762,0.04224,0.13104,0.05938,0.04974,0.02613,0.09207,0.03240,0.04551,0.06572,0.05305,0.02169,0.01846,0.02801,0.02374,0.02993
0.03177,0.02566,0.03100,0.08447,0.03106,0.03277,0.08618,0.03643,0.02690,0.01859,0.07354,0.05741,0.05431,0.07670,0.07268,0.04779,0.03694,0.03755,0.07854,0.05972
0.06832,0.04542,0.05357,0.08042,0.03602,0.05413,0.09126,0.06994,0.07836,0.03703,0.04727,0.03034,0.03408,0.04747,0.05896,0.03112,0.02902,0.03055,0.04244,0.03429
0.03357,0.02421,0.04279,0.11805,0.02228,0.03232,0.10835,0.04048,0.04011,0.02229,0.07880,0.04956,0.04226,0.03289,0.13021,0.04394,0.02170,0.03105,0.03100,0.05417
0.04135,0.03960,0.04607,0.10846,0.04116,0.04267,0.10735,0.06138,0.08237,0.02365,0.07100,0.03181,0.03381,0.06790,0.04436,0.02699,0.03457,0.02558,0.03593,0.03401
0.04675,0.03970,0.03555,0.10664,0.03065,0.04111,0.09607,0.03972,0.03993,0.02580,0.09793,0.04635,0.04395,0.08334,0.07241,0.03144,0.01909,0.02663,0.03147,0.04547
0.03282,0.03644,0.04990,0.16473,0.03423,0.05343,0.17517,0.07323,0.06541,0.02562,0.02808,0.02555,0.03325,0.03701,0.01840,0.03222,0.02582,0.02983,0.02885,0.03001
0.04507,0.04419,0.05757,0.11978,0.03561,0.04987,0.12013,0.04512,0.05360,0.03126,0.04481,0.04041,0.03888,0.04365,0.05000,0.03666,0.03801,0.03599,0.03249,0.03690
0.06425,0.03097,0.03679,0.12237,0.03281,0.03221,0.13514,0.04383,0.03788,0.02873,0.06960,0.03789,0.04564,0.06671,0.07939,0.02363,0.02147,0.03066,0.02714,0.03290
0.02443,0.02274,0.02877,0.13746,0.02089,0.02690,0.13560,0.03096,0.02775,0.01802,0.12480,0.03338,0.02941,0.12684,0.03524,0.04191,0.02997,0.02586,0.02981,0.04926
0.04081,0.03995,0.04477,0.12280,0.03036,0.03862,0.11357,0.04938,0.04347,0.02695,0.04729,0.03626,0.05658,0.05563,0.04450,0.02834,0.03886,0.04465,0.04043,0.05675
0.03016,0.01926,0.02558,0.09197,0.02139,0.02882,0.07927,0.03632,0.03301,0.02119,0.16375,0.04746,0.03454,0.14872,0.05631,0.02817,0.02929,0.03603,0.02829,0.04049
0.04015,0.03049,0.03705,0.16506,0.03868,0.03751,0.16340,0.03858,0.04352,0.02674,0.04572,0.03353,0.05068,0.04712,0.03074,0.03376,0.03023,0.03290,0.03440,0.03972
0.04096,0.03119,0.03765,0.16745,0.03428,0.03321,0.16970,0.04516,0.04565,0.02110,0.07563,0.02530,0.03279,0.08719,0.02605,0.02274,0.02653,0.02477,0.02674,0.02590
0.04200,0.03609,0.04280,0.20055,0.02516,0.03198,0.19345,0.03468,0.03366,0.02223,0.02978,0.02860,0.02755,0.03747,0.03726,0.04144,0.02738,0.03273,0.03805,0.03713
0.03556,0.03271,0.03449,0.14920,0.02432,0.04107,0.15498,0.05274,0.05284,0.02085,0.07380,0.03306,0.03669,0.05214,0.06414,0.02746,0.02117,0.02470,0.02930,0.03877
0.02831,0.03055,0.04677,0.09920,0.02087,0.03784,0.08680,0.04154,0.03561,0.02175,0.05475,0.04449,0.09107,0.04358,0.04302,0.03462,0.08961,0.05976,0.03339,0.05648
0.03696,0.02464,0.04486,0.11000,0.02880,0.04004,0.12584,0.03833,0.03021,0.02791,0.10338,0.03468,0.02775,0.10963,0.02941,0.04355,0.02739,0.04516,0.03491,0.03655
0.06080,0.03259,0.05242,0.19368,0.03159,0.04387,0.18549,0.06467,0.05156,0.03061,0.02094,0.02454,0.03638,0.02330,0.01936,0.02024,0.02070,0.02438,0.02816,0.03473
0.08579,0.04254,0.07096,0.12425,0.04177,0.04661,0.12721,0.09787,0.07997,0.05039,0.02839,0.02147,0.01923,0.02587,0.03490,0.02758,0.01547,0.01901,0.01774,0.02297
0.07256,0.05194,0.10345,0.13726,0.04765,0.05968,0.12535,0.06968,0.05384,0.04488,0.02683,0.02092,0.02906,0.02838,0.03184,0.01746,0.01278,0.02542,0.01826,0.02275
0.03551,0.05058,0.04870,0.12617,0.03909,0.07025,0.11962,0.07435,0.08181,0.02593,0.03584,0.03657,0.04499,0.02482,0.03154,0.02246,0.03456,0.03274,0.02737,0.03709
0.04412,0.05075,0.06092,0.13169,0.02413,0.08384,0.13781,0.06209,0.06813,0.03264,0.03756,0.02337,0.03027,0.03442,0.04092,0.01965,0.02189,0.02809,0.03319,0.03452
0.03397,0.02695,0.03160,0.07935,0.02567,0.03603,0.06851,0.03492,0.03927,0.01448,0.18201,0.03143,0.03535,0.16391,0.05980,0.02599,0.01879,0.03004,0.02791,0.03402
0.03126,0.03305,0.03846,0.14242,0.02667,0.03657,0.15087,0.04833,0.04314,0.02572,0.08223,0.03372,0.03018,0.08962,0.04139,0.03021,0.02775,0.02713,0.02822,0.03305
0.06868,0.04112,0.06433,0.13141,0.03212,0.05619,0.13175,0.08379,0.07830,0.02992,0.02731,0.02546,0.03240,0.03230,0.02943,0.02758,0.03128,0.02415,0.02397,0.02851
0.05684,0.03708,0.04489,0.19250,0.02737,0.04507,0.17757,0.04806,0.04143,0.02676,0.03661,0.03496,0.02487,0.02986,0.04806,0.02457,0.02386,0.02544,0.02542,0.02878
0.03898,0.03329,0.03198,0.14285,0.02556,0.03129,0.14493,0.04135,0.04381,0.02226,0.08498,0.03486,0.03857,0.06396,0.06561,0.03336,0.02008,0.03352,0.02990,0.03887
0.04763,0.04499,0.04768,0.15509,0.03083,0.05180,0.16083,0.08001,0.06568,0.03446,0.04351,0.02652,0.03258,0.03386,0.04185,0.01671,0.01626,0.02315,0.02185,0.02469
0.02874,0.03296,0.02543,0.09255,0.01971,0.02420,0.08236,0.02614,0.02819,0.01827,0.21864,0.03006,0.01997,0.21966,0.04235,0.01677,0.01079,0.01957,0.01655,0.02708
0.04361,0.02968,0.03343,0.11446,0.02579,0.04022,0.11600,0.03918,0.04861,0.02345,0.09715,0.03172,0.04722,0.11607,0.02380,0.03393,0.03430,0.03033,0.03802,0.03302
0.04905,0.04341,0.05619,0.04222,0.02891,0.03564,0.06296,0.08772,0.05939,0.02745,0.04814,0.05386,0.08540,0.02651,0.05473,0.02976,0.06056,0.06304,0.03174,0.05334
0.03466,0.04552,0.03643,0.09232,0.04525,0.04546,0.08381,0.03876,0.05095,0.02753,0.12962,0.03519,0.03396,0.12503,0.04325,0.02163,0.02202,0.03518,0.01988,0.03354
0.03371,0.03220,0.03847,0.05670,0.03014,0.02960,0.05570,0.03819,0.03210,0.02060,0.18172,0.03919,0.03188,0.19461,0.02983,0.03367,0.02839,0.02880,0.02451,0.03998
0.04064,0.03004,0.03379,0.07672,0.01747,0.02855,0.07335,0.04262,0.03899,0.02060,0.08547,0.03635,0.06664,0.04198,0.17813,0.02770,0.03733,0.04686,0.03355,0.04324
0.07887,0.07666,0.05402,0.05370,0.03947,0.04878,0.06220,0.05438,0.06145,0.03762,0.07635,0.03370,0.04089,0.08083,0.04276,0.02595,0.02223,0.04451,0.02826,0.03737
0.03988,0.02538,0.03287,0.09569,0.02941,0.03787,0.08390,0.03503,0.04247,0.02077,0.16582,0.03202,0.02977,0.16248,0.04553,0.02337,0.01466,0.02708,0.02378,0.03224
0.04495,0.03743,0.04194,0.15144,0.03098,0.04369,0.14529,0.05329,0.06285,0.02539,0.04816,0.03409,0.03798,0.05032,0.03860,0.03288,0.01964,0.03108,0.03382,0.03620
0.03611,0.05661,0.03762,0.09907,0.03318,0.04236,0.09264,0.04220,0.04991,0.02991,0.07911,0.04042,0.04874,0.05095,0.06895,0.04326,0.03110,0.03231,0.04335,0.04219
0.03487,0.03151,0.03469,0.10679,0.03365,0.02776,0.11931,0.03200,0.03388,0.02051,0.06494,0.04996,0.05862,0.07292,0.05462,0.04246,0.03906,0.04550,0.04557,0.05136
0.09658,0.03348,0.05137,0.11375,0.05081,0.07603,0.07489,0.15440,0.07200,0.03786,0.04024,0.02445,0.02014,0.03063,0.03238,0.01885,0.01843,0.01865,0.01672,0.01833
0.04396,0.02138,0.04724,0.19183,0.02774,0.04559,0.20313,0.06797,0.05246,0.01635,0.05291,0.03170,0.03216,0.02784,0.03955,0.01575,0.01714,0.01920,0.01734,0.02875
0.03975,0.02551,0.03079,0.18591,0.02204,0.03184,0.17788,0.03079,0.03276,0.02185,0.06945,0.03262,0.04227,0.03828,0.09187,0.02185,0.02613,0.02453,0.02284,0.03103
0.04992,0.03972,0.04296,0.18912,0.04202,0.05157,0.17448,0.05873,0.04766,0.02801,0.02870,0.03612,0.03081,0.02851,0.01928,0.02081,0.03140,0.03020,0.02248,0.02751
0.04088,0.04860,0.03770,0.13193,0.05448,0.06015,0.13391,0.03414,0.03977,0.04538,0.09833,0.02157,0.02302,0.09368,0.01827,0.02403,0.01866,0.02554,0.02265,0.02732
0.03836,0.03715,0.04442,0.09870,0.02853,0.04361,0.10885,0.06143,0.05748,0.02864,0.06676,0.04225,0.06376,0.05526,0.04141,0.02529,0.04046,0.04625,0.02481,0.04656
0.05546,0.03421,0.04134,0.14407,0.02951,0.03859,0.14740,0.04497,0.05303,0.02515,0.05377,0.03135,0.03772,0.05325,0.05434,0.02733,0.02824,0.03454,0.03260,0.03313
0.03888,0.03626,0.03676,0.10502,0.02970,0.04558,0.07681,0.04405,0.05180,0.02905,0.09179,0.05088,0.03890,0.05174,0.12263,0.02024,0.02175,0.03487,0.03612,0.03719
0.12319,0.11313,0.06857,0.07840,0.04107,0.06193,0.07131,0.08434,0.08892,0.04864,0.02224,0.02265,0.02770,0.02799,0.02010,0.01628,0.01932,0.02024,0.02178,0.02218
0.03644,0.02530,0.04696,0.11933,0.03519,0.03665,0.11193,0.05227,0.04940,0.02876,0.08767,0.03896,0.03419,0.07592,0.06011,0.02948,0.02277,0.02769,0.03530,0.04568
0.04217,0.03822,0.03863,0.21875,0.03522,0.02945,0.20727,0.03748,0.05368,0.04803,0.03664,0.02841,0.03042,0.02586,0.02782,0.01695,0.02230,0.01897,0.01710,0.02664
0.03813,0.03872,0.04386,0.15411,0.03453,0.05556,0.16350,0.05858,0.06371,0.02653,0.03383,0.02495,0.04831,0.02987,0.02933,0.02791,0.02909,0.04024,0.03366,0.02558
0.04202,0.02746,0.03544,0.16876,0.04053,0.04182,0.17371,0.04869,0.03294,0.02668,0.04084,0.04863,0.05355,0.04402,0.03315,0.02479,0.02470,0.02881,0.02585,0.03763
0.03190,0.02048,0.02841,0.29129,0.02127,0.03101,0.28687,0.03713,0.04442,0.01654,0.02438,0.01789,0.02434,0.02098,0.02192,0.02140,0.01502,0.01329,0.01481,0.01666
0.04934,0.03691,0.04863,0.09276,0.03096,0.05298,0.09888,0.04916,0.05978,0.02562,0.07697,0.04780,0.04377,0.08896,0.02639,0.02835,0.02667,0.03712,0.03122,0.04771
0.03004,0.03320,0.02982,0.21697,0.01858,0.02943,0.21911,0.03626,0.04052,0.02731,0.05153,0.03618,0.02910,0.06689,0.02661,0.02516,0.01608,0.02290,0.01849,0.02582
0.02495,0.01671,0.02154,0.28116,0.01581,0.02002,0.27260,0.02188,0.02182,0.01287,0.03776,0.02428,0.04123,0.03864,0.02332,0.02714,0.01936,0.02571,0.02418,0.02902
0.03603,0.02484,0.03676,0.24521,0.03469,0.02570,0.23297,0.03896,0.03829,0.02633,0.04171,0.02152,0.02149,0.03784,0.03455,0.01611,0.01742,0.02577,0.02038,0.02344
0.03949,0.03287,0.03595,0.19862,0.02416,0.04786,0.18489,0.05275,0.05420,0.02747,0.04371,0.02720,0.03519,0.03579,0.02993,0.02257,0.02418,0.02668,0.02813,0.02835
0.04190,0.02329,0.03727,0.18685,0.02429,0.03239,0.18970,0.03873,0.03315,0.02705,0.06883,0.02872,0.02382,0.05940,0.03820,0.02884,0.02935,0.02566,0.03867,0.02389
0.02474,0.02015,0.02811,0.25512,0.01674,0.03705,0.24838,0.02991,0.03246,0.01496,0.05142,0.03038,0.03700,0.04263,0.03782,0.02016,0.01562,0.01737,0.01853,0.02144
0.04265,0.04199,0.05537,0.09530,0.04926,0.08763,0.11492,0.07364,0.07565,0.02839,0.03828,0.02760,0.04146,0.04774,0.03454,0.02530,0.02197,0.03602,0.02896,0.03331
0.04364,0.02232,0.04805,0.09887,0.03243,0.05034,0.10578,0.06062,0.04833,0.03168,0.08753,0.03236,0.03324,0.08046,0.03006,0.04814,0.03168,0.04183,0.03282,0.03982
0.03443,0.02412,0.04394,0.18711,0.02292,0.03312,0.19646,0.03855,0.04014,0.02230,0.07195,0.03160,0.02759,0.03375,0.07201,0.02322,0.01802,0.02240,0.03299,0.02341
0.03547,0.03252,0.03663,0.10067,0.02750,0.03303,0.09705,0.03784,0.05015,0.03203,0.08696,0.05322,0.04764,0.09306,0.04169,0.03137,0.03580,0.03374,0.04311,0.05052
0.03506,0.02575,0.03116,0.06348,0.02408,0.03698,0.05906,0.03192,0.03279,0.02291,0.16116,0.04358,0.04145,0.14753,0.03725,0.03954,0.04053,0.04242,0.03526,0.04809
0.05196,0.05612,0.03969,0.11843,0.03618,0.05211,0.12829,0.04256,0.04487,0.02893,0.04704,0.03986,0.03728,0.05203,0.04574,0.03402,0.02612,0.04247,0.03409,0.04221
0.05313,0.03553,0.05056,0.06947,0.04230,0.06762,0.06966,0.05047,0.05638,0.03103,0.06736,0.03991,0.05317,0.05542,0.05595,0.03335,0.03892,0.03621,0.04770,0.04587
0.04234,0.03825,0.03808,0.19559,0.02525,0.03975,0.19059,0.05353,0.04614,0.02956,0.06091,0.02671,0.02293,0.04644,0.03829,0.01581,0.02043,0.02159,0.01965,0.02816
0.03622,0.03428,0.04495,0.18766,0.03380,0.04831,0.19887,0.06227,0.05646,0.02881,0.02805,0.02852,0.02603,0.02404,0.02952,0.02522,0.02517,0.02599,0.02616,0.02968
0.05471,0.04414,0.06184,0.09768,0.03098,0.05272,0.10577,0.07676,0.08378,0.03797,0.04836,0.03454,0.03073,0.04369,0.04042,0.02439,0.02189,0.03158,0.03886,0.03921
0.03558,0.04382,0.03789,0.14968,0.04436,0.04369,0.14278,0.04881,0.05068,0.04035,0.05199,0.03176,0.03581,0.04996,0.03367,0.03361,0.02634,0.02678,0.03664,0.03581
0.05794,0.03169,0.05404,0.16595,0.02780,0.04334,0.16271,0.05339,0.04597,0.02040,0.04473,0.03510,0.03187,0.03832,0.03587,0.02381,0.02779,0.03250,0.03210,0.03468
0.03195,0.02022,0.04419,0.18382,0.02703,0.02681,0.19354,0.07225,0.04024,0.02434,0.07169,0.02814,0.03566,0.04928,0.03958,0.01553,0.01505,0.03018,0.01859,0.03189
0.04465,0.03111,0.04795,0.08463,0.04762,0.08632,0.07681,0.05214,0.06330,0.02540,0.11273,0.03164,0.02439,0.09248,0.02518,0.02845,0.02886,0.02807,0.04051,0.02777
0.05602,0.05406,0.04581,0.11847,0.03618,0.04904,0.10977,0.06624,0.07367,0.03118,0.06639,0.03526,0.03232,0.04236,0.05308,0.02310,0.02332,0.03032,0.02136,0.03204
0.04252,0.03847,0.04893,0.11684,0.03532,0.03798,0.12388,0.05339,0.04874,0.02687,0.08331,0.03598,0.03758,0.05209,0.06803,0.02138,0.02690,0.02940,0.03279,0.03962
0.03386,0.02135,0.02785,0.28531,0.02146,0.03099,0.28058,0.04210,0.03694,0.01907,0.03151,0.01539,0.01861,0.02623,0.03271,0.01463,0.01353,0.01299,0.01656,0.01833
0.03369,0.02911,0.04144,0.12829,0.03978,0.04004,0.13208,0.04230,0.04694,0.03186,0.07021,0.03571,0.03821,0.08792,0.02570,0.02925,0.03094,0.04439,0.02855,0.04357
0.03350,0.02460,0.03141,0.10921,0.02430,0.04204,0.10164,0.04543,0.04573,0.02203,0.08718,0.04104,0.04491,0.03744,0.15154,0.02664,0.02942,0.03468,0.03143,0.03581
0.03774,0.02654,0.02712,0.07884,0.02667,0.03734,0.08916,0.02806,0.03778,0.03196,0.10290,0.05067,0.05616,0.13245,0.03688,0.04636,0.03139,0.04064,0.03797,0.04337
0.05249,0.05240,0.04525,0.14524,0.03726,0.05890,0.13396,0.06253,0.07423,0.03402,0.03482,0.03553,0.03416,0.03327,0.04641,0.02251,0.02165,0.02303,0.02406,0.02828
0.04475,0.04077,0.03686,0.11468,0.03214,0.05650,0.11638,0.06400,0.06378,0.02762,0.08166,0.03761,0.03901,0.08343,0.02635,0.02190,0.02016,0.03013,0.02345,0.03881
0.05527,0.04597,0.06091,0.12735,0.05037,0.07792,0.13227,0.08364,0.08301,0.03351,0.03100,0.03369,0.02349,0.02856,0.02826,0.01892,0.01911,0.01920,0.02528,0.02228
0.04663,0.04049,0.04398,0.12889,0.02600,0.05178,0.15714,0.06860,0.05618,0.03004,0.04064,0.04186,0.03939,0.03613,0.03515,0.02200,0.03456,0.04110,0.02376,0.03567
0.03068,0.02916,0.03195,0.15714,0.02814,0.03304,0.18678,0.04604,0.04180,0.02156,0.09925,0.03435,0.03064,0.09387,0.02409,0.01918,0.01759,0.02249,0.02356,0.02867
0.04006,0.04899,0.03901,0.09489,0.03009,0.04140,0.09379,0.05579,0.04332,0.05008,0.05853,0.05463,0.04069,0.04282,0.05586,0.04498,0.04224,0.03411,0.04654,0.04219
0.03060,0.02312,0.03848,0.08295,0.02171,0.03194,0.07991,0.03147,0.03486,0.02955,0.14032,0.04877,0.04347,0.12765,0.05069,0.03731,0.02887,0.04047,0.03677,0.04110
0.05039,0.04665,0.05682,0.10860,0.03996,0.06159,0.11036,0.05652,0.06860,0.03410,0.03628,0.03990,0.04085,0.03454,0.03610,0.03735,0.03004,0.02889,0.03400,0.04845
0.05692,0.05329,0.06067,0.08787,0.04143,0.04306,0.08589,0.05781,0.06165,0.04542,0.03213,0.03217,0.05211,0.04565,0.04125,0.03734,0.03741,0.03861,0.04319,0.04614
0.02922,0.02621,0.02534,0.06053,0.02516,0.02980,0.06920,0.04543,0.03476,0.01548,0.10908,0.05393,0.05016,0.04667,0.21212,0.02500,0.03229,0.03645,0.03399,0.03917
0.03592,0.04381,0.04747,0.12107,0.02847,0.05552,0.11921,0.06968,0.05494,0.02920,0.04731,0.03062,0.04464,0.04134,0.08058,0.03180,0.02875,0.02988,0.02302,0.03679
0.03968,0.03319,0.04495,0.10520,0.02068,0.04849,0.09577,0.04130,0.05224,0.02295,0.02666,0.05355,0.03974,0.02691,0.03181,0.07343,0.05091,0.04697,0.07532,0.07023
0.03655,0.02610,0.04029,0.16870,0.04206,0.04959,0.17880,0.04376,0.05271,0.02723,0.03559,0.03570,0.04073,0.03448,0.02894,0.02514,0.03895,0.03073,0.02776,0.03620
0.04711,0.03892,0.03883,0.10125,0.03753,0.04483,0.09213,0.04921,0.03545,0.02813,0.08270,0.04171,0.03829,0.05953,0.10056,0.03329,0.02681,0.03229,0.03148,0.03994
0.03049,0.02324,0.03602,0.14092,0.03229,0.04835,0.14475,0.04802,0.04801,0.02185,0.09842,0.03507,0.03295,0.06464,0.05452,0.02216,0.02470,0.03229,0.02655,0.03476
0.04067,0.02569,0.04720,0.16170,0.03265,0.03548,0.16537,0.04729,0.04158,0.02355,0.08540,0.03424,0.03075,0.06293,0.04156,0.02248,0.02431,0.02500,0.02451,0.02766
0.06898,0.03867,0.09669,0.11629,0.03065,0.04836,0.13522,0.07797,0.05682,0.02986,0.05918,0.02406,0.02758,0.03967,0.04098,0.01880,0.01996,0.02371,0.02173,0.02481
0.03458,0.03994,0.05385,0.14109,0.03664,0.05915,0.15186,0.06566,0.06760,0.03183,0.03897,0.03373,0.02817,0.03183,0.04833,0.02292,0.02489,0.02606,0.02950,0.03338
0.04394,0.04445,0.04002,0.09426,0.03160,0.04386,0.09268,0.06345,0.06290,0.02305,0.04315,0.03562,0.05255,0.05674,0.04534,0.03436,0.04595,0.03578,0.06264,0.04767
0.04260,0.03931,0.04331,0.22297,0.03992,0.02980,0.21944,0.05870,0.04530,0.02323,0.02568,0.02377,0.02755,0.02264,0.02487,0.02160,0.01758,0.02686,0.02299,0.02188
0.02880,0.02930,0.03043,0.15574,0.02470,0.03475,0.17009,0.04145,0.04581,0.02607,0.10487,0.02556,0.02532,0.07083,0.05849,0.01970,0.02568,0.02319,0.02989,0.02932
0.03517,0.02708,0.04816,0.11306,0.03244,0.03768,0.11625,0.05315,0.04948,0.02638,0.10495,0.03757,0.03566,0.06179,0.09383,0.01982,0.01724,0.02405,0.03070,0.03551
0.03952,0.02768,0.03379,0.12747,0.02858,0.04283,0.13924,0.04364,0.04246,0.02168,0.07221,0.04578,0.03316,0.06934,0.05106,0.03457,0.03028,0.03291,0.04185,0.04193
0.04728,0.03999,0.05286,0.08247,0.05001,0.07235,0.07822,0.08932,0.06871,0.03229,0.05167,0.03145,0.04191,0.03161,0.07487,0.03128,0.02181,0.03644,0.03176,0.03371
0.04599,0.04093,0.04399,0.18174,0.03117,0.03831,0.17273,0.04495,0.03974,0.02522,0.04823,0.03235,0.03249,0.03447,0.04895,0.02558,0.02182,0.02213,0.02686,0.04235
0.03814,0.02957,0.04834,0.06547,0.02547,0.04211,0.05455,0.04775,0.04553,0.02426,0.05791,0.07183,0.06168,0.03999,0.07711,0.05990,0.03585,0.04244,0.03837,0.09374
0.04500,0.04746,0.03370,0.08671,0.03933,0.04337,0.08809,0.05097,0.06240,0.03097,0.10146,0.04581,0.03341,0.10516,0.03318,0.02694,0.02249,0.03135,0.03037,0.04186
0.03163,0.02670,0.03130,0.11935,0.02874,0.03585,0.11648,0.03875,0.03423,0.02535,0.10987,0.05149,0.05695,0.10640,0.03447,0.02817,0.02456,0.03484,0.02675,0.03812
0.03861,0.04063,0.04509,0.07546,0.03179,0.05015,0.07412,0.05137,0.05713,0.03014,0.08707,0.03605,0.04315,0.06901,0.07002,0.02996,0.03399,0.04685,0.04621,0.04319
0.04321,0.02811,0.05836,0.14377,0.03482,0.05397,0.14062,0.04915,0.05142,0.03136,0.06055,0.03492,0.04348,0.06406,0.03214,0.02499,0.01623,0.02977,0.02594,0.03313
0.03566,0.03583,0.04115,0.21654,0.02938,0.03404,0.22937,0.03282,0.03674,0.02498,0.03966,0.02453,0.02468,0.04786,0.01927,0.02481,0.02462,0.02158,0.03289,0.02357
0.03531,0.03350,0.03034,0.06903,0.04449,0.03637,0.06990,0.03992,0.05870,0.02077,0.09609,0.04620,0.05549,0.09996,0.03640,0.02156,0.02859,0.07768,0.04069,0.05901
0.04654,0.05229,0.05436,0.09957,0.04201,0.05021,0.09324,0.06221,0.04757,0.04549,0.03547,0.03080,0.03807,0.06104,0.02436,0.05284,0.03474,0.02809,0.05653,0.04456
0.03664,0.03186,0.03702,0.07443,0.03005,0.03274,0.06939,0.04194,0.05077,0.02050,0.10330,0.06311,0.04801,0.10429,0.05471,0.02846,0.03128,0.05066,0.03765,0.05319
0.03740,0.02659,0.02796,0.20929,0.02569,0.03657,0.17791,0.03458,0.04713,0.02674,0.04048,0.03412,0.03950,0.03690,0.03498,0.03372,0.02801,0.02662,0.03768,0.03810
0.04303,0.03624,0.04799,0.07670,0.03860,0.05221,0.07417,0.06964,0.05597,0.03391,0.06731,0.02987,0.07158,0.05083,0.05226,0.03055,0.04167,0.04360,0.03642,0.04745
0.05805,0.04315,0.04650,0.08932,0.03771,0.10639,0.10057,0.07268,0.08924,0.03424,0.04575,0.02998,0.03755,0.03434,0.03467,0.02224,0.02501,0.03421,0.02484,0.03356
0.04597,0.02788,0.04291,0.22811,0.03166,0.03877,0.21820,0.06481,0.04069,0.02095,0.02623,0.02482,0.02234,0.02951,0.02237,0.02734,0.01873,0.02110,0.02502,0.02262
0.04644,0.03289,0.04874,0.10559,0.03215,0.04229,0.10834,0.04395,0.05020,0.02915,0.11158,0.02488,0.03721,0.10937,0.03532,0.02474,0.02657,0.03313,0.02177,0.03569
0.04116,0.01769,0.03236,0.11453,0.02229,0.02890,0.09674,0.03173,0.03149,0.02508,0.09433,0.06093,0.06234,0.08678,0.08003,0.03491,0.02414,0.03464,0.02840,0.05154
0.04251,0.05861,0.05527,0.08491,0.05194,0.03993,0.07826,0.04819,0.04949,0.03082,0.05222,0.05328,0.05501,0.06179,0.03721,0.02706,0.03853,0.03878,0.04436,0.05183
0.03176,0.02039,0.03379,0.19252,0.02086,0.03211,0.19642,0.04052,0.03832,0.01973,0.03452,0.03772,0.03886,0.03993,0.02859,0.03432,0.03479,0.03866,0.05021,0.03597
0.06754,0.07268,0.06537,0.08901,0.04212,0.08091,0.09207,0.08197,0.10062,0.03310,0.04365,0.02204,0.02941,0.03611,0.03327,0.02048,0.01399,0.02275,0.02328,0.02963
0.03079,0.02988,0.03833,0.04132,0.02639,0.02900,0.03480,0.03470,0.03343,0.03936,0.06710,0.06811,0.10077,0.05537,0.08348,0.05500,0.04703,0.06646,0.04861,0.07009
0.03479,0.02360,0.03507,0.05253,0.02437,0.03916,0.05564,0.04647,0.03681,0.02085,0.07003,0.06280,0.09419,0.04584,0.04806,0.03591,0.09566,0.07611,0.03128,0.07082
0.03092,0.01828,0.02895,0.24192,0.02602,0.02809,0.23714,0.03419,0.04368,0.02142,0.04724,0.02911,0.03132,0.04779,0.03034,0.01971,0.01494,0.02295,0.01940,0.02657
0.02372,0.01799,0.02217,0.12626,0.02218,0.02387,0.12338,0.03647,0.03562,0.01362,0.08624,0.04475,0.04668,0.04809,0.16982,0.02400,0.02876,0.03637,0.03123,0.03877
0.05468,0.03331,0.06673,0.13964,0.04005,0.04905,0.15061,0.05865,0.04874,0.03409,0.04776,0.02840,0.03392,0.02832,0.05765,0.02118,0.02131,0.02794,0.02604,0.03194
0.03610,0.03264,0.03793,0.19543,0.02523,0.04058,0.21062,0.04324,0.05001,0.02868,0.04601,0.02370,0.03329,0.03824,0.02853,0.02718,0.02998,0.02534,0.02272,0.02454
0.03339,0.02397,0.03505,0.20279,0.02958,0.03912,0.20213,0.04461,0.04378,0.02818,0.04205,0.02535,0.03342,0.02624,0.05766,0.01979,0.01740,0.03102,0.02546,0.03900
0.02715,0.02131,0.03578,0.13730,0.03113,0.02970,0.14603,0.03534,0.04010,0.01690,0.11878,0.02714,0.03031,0.10842,0.04041,0.03038,0.02588,0.02844,0.03490,0.03461
0.03927,0.02218,0.05700,0.17536,0.02774,0.02893,0.17935,0.05535,0.04187,0.02487,0.05737,0.03429,0.04097,0.04382,0.04201,0.01769,0.01428,0.03886,0.02289,0.03588
0.10052,0.04909,0.05765,0.12233,0.03266,0.04902,0.10825,0.07183,0.09419,0.05358,0.04199,0.02365,0.02157,0.02406,0.05155,0.02581,0.01361,0.01783,0.02319,0.01761
0.03004,0.01966,0.02845,0.11394,0.02953,0.03857,0.11728,0.02935,0.03049,0.01475,0.06244,0.06259,0.04927,0.04403,0.08188,0.03651,0.04503,0.03738,0.07224,0.05658
0.03776,0.03386,0.04217,0.10484,0.03248,0.03770,0.10405,0.03543,0.03702,0.02415,0.08064,0.04600,0.06087,0.08303,0.03145,0.03094,0.04292,0.05313,0.03555,0.04600
0.05210,0.03766,0.04145,0.16221,0.02818,0.04660,0.15334,0.09765,0.05617,0.02322,0.03708,0.02670,0.03130,0.02763,0.07883,0.01845,0.01564,0.01932,0.01978,0.02671
0.02653,0.02337,0.02216,0.10674,0.02154,0.02533,0.09754,0.02913,0.02168,0.01317,0.16589,0.04347,0.04086,0.12749,0.09401,0.01752,0.02208,0.03365,0.02473,0.04311
0.06060,0.04704,0.04210,0.07802,0.03882,0.04275,0.09141,0.07295,0.05125,0.05298,0.07320,0.03498,0.04526,0.07354,0.03460,0.02079,0.03404,0.03680,0.02512,0.04376
0.04482,0.05233,0.03850,0.07867,0.03486,0.04902,0.08290,0.04199,0.05923,0.02491,0.08775,0.04072,0.04380,0.11035,0.02751,0.03295,0.02926,0.03507,0.04197,0.04336
0.07012,0.04372,0.05026,0.07320,0.03765,0.06236,0.06843,0.06184,0.04842,0.04364,0.14923,0.01622,0.02256,0.15004,0.01883,0.01963,0.01272,0.01824,0.01372,0.01916
0.03083,0.04967,0.05143,0.09955,0.04608,0.06108,0.08451,0.08164,0.10182,0.02014,0.07222,0.02400,0.02174,0.08103,0.04053,0.01957,0.02337,0.02981,0.02572,0.03527
0.04043,0.03786,0.04114,0.08475,0.03018,0.04929,0.07107,0.05607,0.05277,0.02529,0.07650,0.04394,0.05885,0.04769,0.10348,0.03088,0.02526,0.04287,0.03402,0.04767
0.03616,0.03507,0.03683,0.08240,0.03566,0.05110,0.07420,0.04801,0.03879,0.03127,0.05669,0.04680,0.05216,0.04313,0.06005,0.05535,0.05853,0.04877,0.05292,0.05611
0.05236,0.04620,0.05232,0.07619,0.04529,0.06067,0.09197,0.05682,0.05180,0.04645,0.03227,0.03074,0.05690,0.04856,0.04011,0.03805,0.03632,0.04529,0.03612,0.05556
0.02994,0.02046,0.02467,0.17116,0.02573,0.02102,0.17011,0.02850,0.02822,0.01982,0.04754,0.03971,0.05903,0.04951,0.05199,0.03570,0.03303,0.04249,0.05092,0.05045
0.03242,0.02648,0.04492,0.14917,0.02377,0.03257,0.15195,0.03577,0.03778,0.03140,0.04947,0.03838,0.05045,0.04777,0.04899,0.03647,0.03647,0.03305,0.04720,0.04550
0.03208,0.02276,0.03233,0.22728,0.02394,0.02299,0.19255,0.02990,0.05163,0.01930,0.02412,0.04099,0.04611,0.04805,0.02577,0.03315,0.02940,0.03168,0.02865,0.03729
0.04948,0.03120,0.03933,0.13016,0.02515,0.04041,0.10834,0.05170,0.04792,0.01817,0.04592,0.04588,0.06538,0.03547,0.05326,0.03722,0.03646,0.04351,0.04124,0.05379
0.05405,0.04227,0.06806,0.14003,0.03816,0.05563,0.13388,0.06893,0.06121,0.02797,0.04103,0.02313,0.03523,0.04288,0.02826,0.02245,0.03038,0.02828,0.03055,0.02761
0.04690,0.04949,0.03855,0.08704,0.03485,0.06833,0.07161,0.05383,0.05685,0.02721,0.06540,0.03832,0.05521,0.05024,0.05465,0.02906,0.04602,0.03968,0.04410,0.04266
0.03756,0.03006,0.02549,0.24406,0.02207,0.02495,0.22983,0.02947,0.03751,0.02908,0.04040,0.03008,0.02532,0.02517,0.04013,0.03872,0.02042,0.02337,0.01943,0.02689
0.04840,0.03337,0.05959,0.09859,0.03437,0.05114,0.09290,0.07025,0.07330,0.03855,0.03575,0.04072,0.05502,0.04800,0.04389,0.03413,0.02710,0.03928,0.04284,0.03281
0.04259,0.02742,0.04250,0.11207,0.02709,0.03730,0.10451,0.04135,0.03933,0.02605,0.08435,0.03605,0.04528,0.06745,0.09397,0.03975,0.02387,0.03476,0.03280,0.04152
0.02499,0.01595,0.01934,0.08275,0.01795,0.03433,0.07582,0.01899,0.02632,0.01059,0.08471,0.06427,0.10010,0.05949,0.02696,0.02788,0.12677,0.07712,0.03120,0.07447
0.03305,0.02894,0.02278,0.23789,0.01559,0.02865,0.21582,0.03079,0.04827,0.01521,0.04935,0.03407,0.03668,0.05190,0.03104,0.02026,0.02385,0.02256,0.02350,0.02980
0.04786,0.03157,0.03077,0.22257,0.02686,0.03338,0.22537,0.04736,0.04091,0.01997,0.04484,0.02679,0.03052,0.03532,0.03696,0.01742,0.01603,0.02021,0.02002,0.02526
0.04166,0.02806,0.03189,0.20248,0.03413,0.03377,0.21531,0.03677,0.04244,0.01947,0.05874,0.02868,0.03516,0.04858,0.03253,0.01916,0.02278,0.02119,0.02038,0.02683
0.02647,0.02025,0.02147,0.29249,0.01496,0.02324,0.30252,0.03155,0.03011,0.01161,0.04328,0.01942,0.01832,0.02746,0.03175,0.01434,0.01078,0.02086,0.01491,0.02422
0.02138,0.02613,0.02295,0.21457,0.01672,0.02134,0.18838,0.02678,0.03835,0.01684,0.04491,0.03367,0.04638,0.04204,0.05541,0.02970,0.03446,0.03099,0.04496,0.04405
0.04334,0.04449,0.04207,0.09918,0.03098,0.05054,0.09365,0.05512,0.07057,0.02618,0.07826,0.03339,0.04556,0.06226,0.05333,0.02753,0.03297,0.03922,0.03276,0.03858
0.02038,0.02077,0.02662,0.15452,0.02507,0.02089,0.13620,0.04898,0.02640,0.03726,0.09279,0.03952,0.04846,0.10183,0.02736,0.01610,0.01254,0.07288,0.02666,0.04478
0.06160,0.03469,0.04881,0.09345,0.02652,0.04547,0.09932,0.03469,0.04716,0.03490,0.05785,0.04365,0.04969,0.09358,0.03147,0.04234,0.03262,0.03971,0.03796,0.04453
0.06880,0.06391,0.04931,0.11972,0.04522,0.06215,0.13061,0.05822,0.05795,0.04088,0.02816,0.03164,0.04343,0.03458,0.01993,0.02912,0.02225,0.03245,0.03105,0.03061
0.03579,0.04067,0.04601,0.08332,0.03981,0.03619,0.08542,0.05256,0.04163,0.03826,0.07605,0.04099,0.04983,0.08580,0.04007,0.04435,0.03846,0.04105,0.04017,0.04357
0.03292,0.03260,0.02621,0.21982,0.02381,0.03163,0.20648,0.03393,0.04374,0.02374,0.03778,0.03061,0.03479,0.02599,0.05629,0.02161,0.02626,0.02430,0.03374,0.03376
0.03889,0.03342,0.02958,0.08987,0.02499,0.04539,0.09248,0.03647,0.04155,0.02936,0.12437,0.03106,0.03695,0.12911,0.03815,0.03007,0.03203,0.04155,0.03080,0.04394
0.02207,0.01796,0.02893,0.16451,0.01974,0.01988,0.15832,0.03832,0.03479,0.01611,0.14085,0.02797,0.02672,0.14505,0.03514,0.02309,0.01465,0.02097,0.01899,0.02596
0.04226,0.02751,0.04069,0.11670,0.03388,0.04222,0.12239,0.06155,0.07086,0.02416,0.06297,0.02964,0.05091,0.04985,0.06811,0.02756,0.02927,0.02983,0.03296,0.03669
0.05451,0.04002,0.05666,0.15202,0.03021,0.03999,0.16690,0.03800,0.04689,0.03590,0.02404,0.04608,0.05151,0.02041,0.02711,0.02883,0.02881,0.04087,0.03183,0.03943
0.04047,0.03981,0.04151,0.21475,0.03569,0.03768,0.20578,0.04194,0.04582,0.01947,0.02717,0.02388,0.02824,0.02917,0.03611,0.02368,0.02641,0.02457,0.02842,0.02942
0.04438,0.02921,0.04259,0.06303,0.03379,0.05369,0.06097,0.04509,0.05397,0.03409,0.09412,0.05043,0.06257,0.05999,0.09252,0.02571,0.03095,0.03462,0.03714,0.05114
0.07099,0.04774,0.06710,0.10557,0.03401,0.05417,0.09487,0.06115,0.05671,0.02960,0.02871,0.03017,0.03398,0.04281,0.03236,0.03792,0.03649,0.02898,0.05609,0.05060
0.05751,0.03981,0.05688,0.07560,0.03676,0.04209,0.08461,0.08808,0.04871,0.04464,0.08076,0.03703,0.05014,0.06858,0.03076,0.02590,0.02755,0.02841,0.02627,0.04992
0.03987,0.03232,0.03350,0.20165,0.02626,0.03591,0.20926,0.04299,0.04715,0.02270,0.04475,0.02922,0.02971,0.03383,0.04126,0.02638,0.02086,0.02345,0.02712,0.03180
0.04040,0.04472,0.04618,0.05950,0.03303,0.04619,0.05695,0.07104,0.05278,0.03628,0.06425,0.05653,0.05980,0.06649,0.03816,0.03975,0.05576,0.05045,0.03436,0.04739
0.05794,0.03670,0.07273,0.09972,0.03014,0.05619,0.09877,0.07434,0.06383,0.03306,0.04562,0.03413,0.04478,0.05608,0.03523,0.04066,0.02108,0.03104,0.02663,0.04132
0.03031,0.02773,0.02453,0.10698,0.01797,0.03436,0.09417,0.03204,0.03204,0.01478,0.18029,0.03598,0.02530,0.18309,0.05472,0.02061,0.01882,0.01785,0.02130,0.02711
0.03073,0.03348,0.02424,0.21530,0.02640,0.03594,0.17659,0.03276,0.04608,0.02543,0.02663,0.03653,0.05024,0.03151,0.02523,0.03522,0.03501,0.03745,0.03393,0.04130
0.04899,0.01664,0.03738,0.20307,0.02612,0.03634,0.19677,0.04491,0.04509,0.02030,0.03561,0.03194,0.03475,0.02938,0.05481,0.02320,0.02601,0.02724,0.02750,0.03395
0.05557,0.03775,0.04358,0.14958,0.03091,0.03836,0.14378,0.04413,0.04835,0.02428,0.06213,0.02716,0.03747,0.06934,0.02644,0.02595,0.02864,0.03749,0.03037,0.03868
0.06905,0.04014,0.05689,0.15109,0.03006,0.05149,0.15830,0.05842,0.05535,0.03885,0.02588,0.02157,0.03843,0.03044,0.03397,0.03113,0.02768,0.02607,0.03008,0.02511
0.04776,0.02890,0.06038,0.05575,0.03778,0.05382,0.04911,0.08140,0.05603,0.03855,0.05085,0.03595,0.06633,0.06331,0.04444,0.05988,0.03063,0.03892,0.03772,0.06248
0.03407,0.02039,0.03915,0.21995,0.02353,0.02538,0.23428,0.03848,0.04489,0.01827,0.05115,0.01977,0.02394,0.05613,0.03534,0.02271,0.01801,0.02394,0.02076,0.02986
0.04660,0.05308,0.05243,0.12433,0.03965,0.06197,0.11615,0.05781,0.07269,0.02547,0.04265,0.04129,0.03938,0.02683,0.05479,0.02686,0.02556,0.03016,0.02438,0.03792
0.04060,0.02981,0.03361,0.18602,0.02615,0.03691,0.19184,0.05629,0.04610,0.02346,0.03141,0.03424,0.03587,0.04207,0.02405,0.02505,0.03083,0.03028,0.03704,0.03837
0.03355,0.02753,0.04973,0.09771,0.02581,0.03420,0.09660,0.06042,0.03988,0.02212,0.06035,0.05782,0.06930,0.03373,0.09202,0.02668,0.03454,0.04833,0.03706,0.05262
0.03811,0.02034,0.04964,0.17517,0.03262,0.04446,0.18937,0.05542,0.05257,0.02532,0.05902,0.02266,0.02970,0.04999,0.03415,0.01993,0.01744,0.03896,0.01965,0.02549
0.04356,0.03051,0.03894,0.13768,0.03099,0.04988,0.14666,0.06250,0.05632,0.01999,0.04931,0.03914,0.04355,0.03831,0.05007,0.02190,0.02337,0.04901,0.02575,0.04257
0.05520,0.05015,0.05393,0.11669,0.03367,0.04875,0.11914,0.07619,0.06135,0.02248,0.03626,0.04270,0.05660,0.03727,0.03261,0.01982,0.02855,0.03903,0.02640,0.04322
0.03819,0.03338,0.04442,0.07521,0.03559,0.03626,0.07410,0.05672,0.04942,0.02850,0.08212,0.04026,0.05271,0.05821,0.12380,0.03047,0.02862,0.04065,0.03192,0.03944
0.05746,0.05573,0.06017,0.12306,0.02979,0.13315,0.12283,0.08269,0.10595,0.03943,0.02335,0.02009,0.01883,0.02346,0.01924,0.01114,0.01556,0.01224,0.02629,0.01954
0.08051,0.06113,0.05501,0.12002,0.03856,0.06390,0.12081,0.06407,0.06692,0.03157,0.03139,0.02822,0.03965,0.03192,0.02335,0.02967,0.02740,0.02802,0.02987,0.02801
0.04805,0.02240,0.04059,0.09506,0.02815,0.04170,0.09763,0.04295,0.04158,0.02350,0.07170,0.05641,0.05696,0.05179,0.10266,0.03442,0.02970,0.03354,0.03455,0.04665
0.03395,0.02198,0.02716,0.17116,0.02483,0.02765,0.14070,0.03464,0.04281,0.02395,0.04679,0.04350,0.07147,0.03879,0.04138,0.03525,0.02958,0.03494,0.05241,0.05706
0.03733,0.03727,0.04292,0.12276,0.03133,0.06080,0.13411,0.05974,0.05946,0.02636,0.04207,0.03958,0.05406,0.03030,0.02809,0.02617,0.04362,0.04803,0.03904,0.03696
