0.06644,0.57152,0.02334,0.07887,0.02194,0.01042,0.06572,0.05737,0.05506,0.04931
0.03324,0.02986,0.03450,0.09390,0.02807,0.01570,0.47331,0.17856,0.04432,0.06854
0.02484,0.03126,0.02167,0.55067,0.01375,0.01071,0.04127,0.02717,0.04728,0.23138
0.07522,0.05879,0.06037,0.08212,0.04455,0.02449,0.31996,0.13053,0.05446,0.14951
0.04300,0.04113,0.03721,0.09450,0.02087,0.12197,0.04827,0.36006,0.16745,0.06554
0.02231,0.02539,0.02894,0.35324,0.02416,0.05402,0.13903,0.04770,0.16587,0.13937
0.08063,0.18251,0.05459,0.18777,0.03684,0.07995,0.13679,0.18357,0.02759,0.02977
0.07372,0.06858,0.05173,0.15411,0.04366,0.28455,0.20154,0.06258,0.02906,0.03046
0.04128,0.08270,0.11393,0.14520,0.06390,0.05422,0.05934,0.04313,0.11521,0.28108
0.05843,0.02860,0.03836,0.41140,0.01794,0.01659,0.26547,0.07186,0.02195,0.06940
0.30520,0.04510,0.03881,0.32168,0.02302,0.05791,0.03519,0.02409,0.05279,0.09621
0.03861,0.12273,0.05280,0.55150,0.04320,0.02614,0.02307,0.02070,0.07235,0.04891
0.01832,0.04080,0.05921,0.62445,0.02567,0.02135,0.08986,0.05387,0.02484,0.04161
0.08810,0.54728,0.04935,0.10026,0.04906,0.00731,0.05762,0.05749,0.02085,0.02269
0.05570,0.14665,0.09379,0.11310,0.06900,0.02010,0.11115,0.21504,0.08043,0.09505
0.05257,0.03286,0.04447,0.08478,0.02244,0.01556,0.35743,0.16973,0.05523,0.16493
0.11934,0.05875,0.18202,0.10690,0.03669,0.01371,0.09478,0.15051,0.13877,0.09854
0.05301,0.05272,0.04060,0.17848,0.04558,0.01832,0.25565,0.04491,0.05686,0.25387
0.03426,0.04481,0.03537,0.05699,0.02532,0.04161,0.03186,0.02432,0.23896,0.46649
0.06199,0.12513,0.03111,0.29545,0.02287,0.20691,0.06092,0.07662,0.08878,0.03022
0.06554,0.07659,0.09233,0.21856,0.06783,0.01696,0.12720,0.15673,0.08477,0.09350
0.02053,0.03213,0.01936,0.29640,0.01685,0.01191,0.45925,0.09610,0.02009,0.02738
0.03513,0.05545,0.04112,0.32326,0.02688,0.02520,0.25787,0.13338,0.03940,0.06231
0.04038,0.06038,0.04573,0.31557,0.05993,0.01310,0.09173,0.04345,0.03189,0.29784
0.03358,0.03915,0.04251,0.12105,0.04004,0.02296,0.33587,0.16881,0.09930,0.09673
0.07976,0.05246,0.05278,0.08940,0.05578,0.02660,0.20543,0.09159,0.13508,0.21113
0.07876,0.07186,0.11872,0.14374,0.06811,0.09528,0.06758,0.13362,0.12063,0.10170
0.06053,0.09135,0.05403,0.45522,0.04187,0.01242,0.08828,0.13740,0.02693,0.03198
0.02933,0.08348,0.04384,0.37420,0.03376,0.16085,0.08764,0.07403,0.06097,0.05190
0.04396,0.07149,0.03341,0.52147,0.02920,0.04632,0.11485,0.02689,0.02296,0.08945
0.03234,0.03215,0.03985,0.51241,0.02078,0.01638,0.12930,0.05952,0.04135,0.11592
0.03042,0.04726,0.04228,0.06055,0.02442,0.01105,0.02232,0.02584,0.33827,0.39759
0.06841,0.45683,0.03329,0.12361,0.02677,0.01530,0.07379,0.06328,0.04016,0.09857
0.09163,0.08356,0.02801,0.36792,0.24939,0.01993,0.02115,0.01663,0.04326,0.07851
0.01257,0.20923,0.29505,0.06062,0.21477,0.01439,0.03370,0.10331,0.03767,0.01869
0.05549,0.54541,0.03263,0.07248,0.02816,0.02295,0.06928,0.09083,0.04195,0.04082
0.06037,0.04835,0.04166,0.22096,0.03494,0.03373,0.42843,0.07191,0.02889,0.03076
0.09799,0.06510,0.13722,0.33895,0.05558,0.02238,0.07032,0.03427,0.06606,0.11214
0.02214,0.01956,0.02214,0.28650,0.02089,0.04141,0.40853,0.10244,0.04310,0.03329
0.04171,0.13593,0.06460,0.09823,0.19651,0.03158,0.14001,0.19469,0.05149,0.04526
0.01825,0.01931,0.01779,0.04334,0.01736,0.00858,0.77115,0.05666,0.01744,0.03010
0.06531,0.05517,0.03935,0.22173,0.03459,0.38405,0.05744,0.03014,0.05383,0.05839
0.07241,0.09228,0.07397,0.23214,0.06124,0.01713,0.09892,0.13246,0.13205,0.08740
0.13475,0.15769,0.09928,0.44248,0.04769,0.01104,0.03930,0.02083,0.01663,0.03031
0.02512,0.04476,0.03356,0.07498,0.02214,0.05219,0.08634,0.07112,0.33836,0.25141
0.04139,0.66447,0.01843,0.10052,0.02071,0.01260,0.03155,0.04423,0.03910,0.02701
0.02363,0.02225,0.02476,0.45019,0.02421,0.02376,0.13602,0.04953,0.05567,0.18997
0.04008,0.15877,0.04499,0.16842,0.03664,0.07592,0.28569,0.07707,0.03375,0.07868
0.10675,0.09830,0.21362,0.05875,0.06284,0.01376,0.21594,0.15450,0.04169,0.03387
0.17889,0.36281,0.12249,0.16063,0.04882,0.01563,0.02682,0.02652,0.02813,0.02926
0.06209,0.07600,0.05518,0.14407,0.04984,0.03180,0.31944,0.06505,0.05362,0.14292
0.07837,0.08041,0.10091,0.41765,0.08187,0.02947,0.09039,0.04715,0.03372,0.04006
0.05910,0.03183,0.04646,0.08800,0.04223,0.02266,0.56245,0.04085,0.02750,0.07893
0.07627,0.06933,0.10819,0.45906,0.03435,0.01112,0.06768,0.05261,0.03769,0.08370
0.03983,0.07428,0.04156,0.34616,0.03245,0.01099,0.32919,0.06509,0.02102,0.03942
0.05750,0.16071,0.06886,0.18617,0.10161,0.09547,0.09388,0.13542,0.06407,0.03631
0.06797,0.03753,0.06768,0.14350,0.02627,0.01603,0.20697,0.06753,0.05362,0.31289
0.05048,0.04318,0.05892,0.35869,0.03687,0.01813,0.15288,0.10622,0.07723,0.09739
0.07682,0.07214,0.16147,0.04651,0.14941,0.02761,0.15988,0.22734,0.03792,0.04089
0.06205,0.11450,0.13611,0.23542,0.03394,0.10221,0.16025,0.04396,0.05883,0.05272
0.02485,0.02145,0.02414,0.10185,0.01747,0.05698,0.14374,0.06686,0.22747,0.31519
0.05730,0.06310,0.04712,0.10165,0.04175,0.03173,0.50502,0.03761,0.03240,0.08232
0.09852,0.04574,0.04999,0.08885,0.06235,0.01858,0.45450,0.11207,0.02980,0.03959
0.04427,0.05086,0.10579,0.15657,0.22114,0.01796,0.03812,0.05210,0.25586,0.05733
0.09381,0.10570,0.07498,0.38507,0.03556,0.01973,0.11925,0.06310,0.03369,0.06910
0.04503,0.05782,0.04661,0.07406,0.04765,0.03714,0.17200,0.15832,0.09081,0.27055
0.02877,0.02954,0.03386,0.07719,0.02062,0.05872,0.20725,0.06682,0.18454,0.29269
0.04315,0.04089,0.04381,0.04795,0.03286,0.02833,0.41364,0.09513,0.10305,0.15119
0.04994,0.02721,0.03981,0.09410,0.02750,0.01612,0.07042,0.05707,0.16434,0.45347
0.03085,0.05379,0.07217,0.17088,0.02932,0.02204,0.22463,0.04750,0.03295,0.31588
0.06667,0.07887,0.05685,0.18360,0.04173,0.02856,0.04794,0.04796,0.15815,0.28966
0.06882,0.12674,0.04018,0.27786,0.04564,0.04914,0.23707,0.09942,0.02591,0.02921
0.10269,0.07460,0.11686,0.39510,0.06229,0.02098,0.05774,0.03237,0.04316,0.09420
0.05227,0.12848,0.04001,0.22059,0.07409,0.02353,0.17108,0.19578,0.03449,0.05967
0.05501,0.10013,0.04019,0.40156,0.02996,0.01572,0.18018,0.09192,0.04238,0.04296
0.02195,0.09695,0.10351,0.09590,0.14676,0.03167,0.15675,0.14943,0.11413,0.08295
0.05336,0.03846,0.05560,0.41605,0.02368,0.01887,0.02764,0.02191,0.07541,0.26902
0.14485,0.17053,0.13276,0.13355,0.08676,0.03604,0.12907,0.05005,0.04380,0.07257
0.02403,0.03526,0.02829,0.78692,0.01657,0.00966,0.03687,0.03222,0.01391,0.01626
0.04172,0.06515,0.04685,0.14853,0.02201,0.06287,0.22195,0.14726,0.14193,0.10175
0.02930,0.02817,0.03199,0.07018,0.03168,0.03157,0.46399,0.13502,0.09414,0.08397
0.16133,0.34745,0.04670,0.11295,0.14147,0.02954,0.03313,0.02781,0.05758,0.04204
0.08867,0.05915,0.09057,0.30721,0.03855,0.02206,0.04577,0.02251,0.04873,0.27679
0.04972,0.08281,0.07528,0.11827,0.05569,0.03822,0.32286,0.10924,0.07887,0.06903
0.47701,0.04056,0.05719,0.09812,0.07013,0.01481,0.05503,0.02867,0.04550,0.11299
0.03427,0.03463,0.06399,0.29402,0.02170,0.03999,0.20347,0.21712,0.05592,0.03489
0.06056,0.12785,0.04143,0.48733,0.03630,0.06932,0.07886,0.04295,0.02489,0.03053
0.15167,0.08085,0.12501,0.24193,0.05766,0.05770,0.08930,0.05521,0.07814,0.06252
0.19468,0.06615,0.09010,0.19961,0.04570,0.01567,0.17771,0.13585,0.03474,0.03980
0.11824,0.04532,0.16919,0.07479,0.03219,0.04822,0.34431,0.11353,0.02590,0.02832
0.02505,0.01726,0.04397,0.20149,0.02754,0.00815,0.45710,0.08961,0.04739,0.08244
0.01531,0.01847,0.01936,0.79751,0.01038,0.01304,0.04429,0.05056,0.01449,0.01659
0.02203,0.01762,0.02794,0.39979,0.02817,0.06296,0.21046,0.12926,0.06325,0.03853
0.01737,0.06085,0.06417,0.56218,0.04787,0.03575,0.09732,0.06642,0.02386,0.02422
0.08075,0.13716,0.07147,0.37729,0.06593,0.06617,0.09799,0.05922,0.02029,0.02373
0.06098,0.04238,0.11593,0.10011,0.05732,0.02774,0.08445,0.06452,0.23990,0.20666
0.04872,0.32080,0.09436,0.08331,0.08148,0.02540,0.04859,0.05529,0.16115,0.08089
0.09535,0.07134,0.09002,0.05833,0.04129,0.24271,0.09461,0.04034,0.11755,0.14848
0.06088,0.05116,0.10196,0.30548,0.05270,0.02615,0.05419,0.04447,0.19441,0.10862
0.03179,0.04297,0.11715,0.39400,0.07753,0.01350,0.03022,0.03041,0.11636,0.14606
