0.04608,0.02612,0.06629,0.31640,0.03829,0.04450,0.10830,0.10652,0.10923,0.13828
0.02360,0.05277,0.03250,0.14063,0.03303,0.05575,0.22994,0.23329,0.09258,0.10590
0.04481,0.03144,0.02767,0.21757,0.01511,0.01970,0.03705,0.04128,0.28293,0.28244
0.05050,0.07585,0.06954,0.23049,0.04408,0.03358,0.17437,0.16916,0.06270,0.08974
0.05176,0.05778,0.07288,0.49628,0.05290,0.02805,0.05860,0.08547,0.05550,0.04079
0.05975,0.04532,0.04439,0.07439,0.02998,0.03967,0.18407,0.17995,0.15155,0.19093
0.12483,0.14605,0.07700,0.11557,0.06871,0.06537,0.11803,0.10362,0.06026,0.12055
0.17047,0.17202,0.07905,0.19362,0.04188,0.06204,0.05824,0.10036,0.08197,0.04036
0.04282,0.03631,0.04488,0.08897,0.03246,0.03033,0.05360,0.06147,0.30415,0.30501
0.04214,0.04350,0.04179,0.08771,0.02866,0.02759,0.09918,0.11047,0.25789,0.26106
0.15890,0.16600,0.10318,0.04734,0.06681,0.12141,0.11657,0.08019,0.05280,0.08681
0.06066,0.04482,0.09620,0.21355,0.05611,0.13560,0.15245,0.13571,0.05564,0.04924
0.10834,0.05176,0.06152,0.20339,0.02734,0.02545,0.10171,0.13220,0.13140,0.15688
0.07343,0.08526,0.06759,0.08665,0.04699,0.04861,0.11831,0.10969,0.17178,0.19171
0.09087,0.13136,0.03774,0.33520,0.04486,0.04105,0.06914,0.07552,0.08978,0.08446
0.16525,0.18680,0.09418,0.10773,0.06142,0.03002,0.12641,0.13035,0.03526,0.06259
0.07850,0.07327,0.08042,0.19317,0.06599,0.01261,0.05248,0.05522,0.19821,0.19013
0.04167,0.08523,0.11495,0.22279,0.04424,0.05133,0.11517,0.09259,0.07472,0.15731
0.03162,0.06691,0.05649,0.24440,0.06583,0.06301,0.18378,0.20613,0.04615,0.03568
0.12081,0.14737,0.20800,0.11619,0.09410,0.07179,0.05559,0.06432,0.05074,0.07108
0.03096,0.03294,0.03458,0.07330,0.02177,0.01433,0.13122,0.14303,0.25682,0.26106
0.09811,0.07929,0.11469,0.16657,0.05343,0.02583,0.15099,0.16967,0.04186,0.09958
0.13822,0.12289,0.12660,0.22828,0.07256,0.03879,0.10063,0.10298,0.03318,0.03587
0.08301,0.11631,0.17260,0.11189,0.06649,0.07872,0.11465,0.03791,0.04498,0.17343
0.03618,0.04976,0.03073,0.27483,0.03578,0.03707,0.16504,0.20825,0.08604,0.07633
0.04599,0.03070,0.02290,0.57876,0.02629,0.02879,0.03654,0.03157,0.09248,0.10597
0.11572,0.05575,0.08943,0.29936,0.02399,0.05073,0.05538,0.04304,0.11692,0.14968
0.06568,0.06013,0.06944,0.15360,0.04113,0.07405,0.17299,0.16495,0.06418,0.13384
0.03326,0.02569,0.03706,0.57022,0.02785,0.04072,0.04188,0.03536,0.09268,0.09528
0.19019,0.06811,0.09238,0.06317,0.03073,0.03188,0.02492,0.01834,0.22887,0.25141
0.05993,0.07640,0.06049,0.39753,0.03633,0.04815,0.04985,0.03707,0.09809,0.13617
0.05788,0.07506,0.07308,0.08966,0.04671,0.02920,0.19331,0.21220,0.10632,0.11658
0.07471,0.13643,0.08052,0.07386,0.10063,0.06469,0.10752,0.21726,0.10441,0.03998
0.03919,0.11537,0.03019,0.42401,0.02625,0.02798,0.09514,0.12012,0.06189,0.05987
0.19725,0.18816,0.10561,0.23551,0.05707,0.02231,0.05166,0.04991,0.04600,0.04652
0.02557,0.02504,0.02908,0.33823,0.02485,0.02149,0.09294,0.09382,0.17160,0.17739
0.05125,0.05943,0.04888,0.10628,0.03311,0.03573,0.21852,0.20446,0.09934,0.14300
0.13875,0.05809,0.06917,0.39520,0.02685,0.07031,0.04033,0.03345,0.08283,0.08503
0.08684,0.05720,0.05004,0.19789,0.04613,0.03732,0.21971,0.22938,0.02485,0.05064
0.04848,0.04734,0.04570,0.07721,0.03009,0.03460,0.31106,0.30954,0.03929,0.05668
0.10692,0.06588,0.07173,0.18917,0.04056,0.13098,0.15154,0.15553,0.04180,0.04587
0.04327,0.03501,0.04493,0.41285,0.03850,0.07265,0.12212,0.11493,0.02413,0.09161
0.09044,0.11332,0.08585,0.39864,0.07265,0.02947,0.06789,0.07341,0.02791,0.04042
0.03506,0.02592,0.04210,0.21950,0.02633,0.04262,0.12246,0.13042,0.17406,0.18153
0.13793,0.06500,0.17084,0.22127,0.13640,0.01594,0.09236,0.11218,0.01607,0.03201
0.10230,0.14815,0.13640,0.30548,0.11723,0.03481,0.03355,0.03530,0.04595,0.04083
0.01890,0.02835,0.02791,0.09597,0.03137,0.02058,0.35804,0.36789,0.02457,0.02641
0.08272,0.11600,0.08440,0.11916,0.06819,0.05167,0.18623,0.19029,0.04257,0.05877
0.16840,0.07811,0.22235,0.08763,0.11078,0.05598,0.05509,0.06245,0.08170,0.07750
0.08953,0.06110,0.07173,0.04999,0.12377,0.02702,0.23192,0.25659,0.03398,0.05438
0.10858,0.14129,0.07418,0.17501,0.04176,0.02099,0.16654,0.19154,0.03279,0.04732
0.06601,0.06397,0.07257,0.29798,0.05080,0.05826,0.10132,0.09677,0.08231,0.11001
0.05004,0.05083,0.06444,0.11875,0.03731,0.08208,0.23935,0.24749,0.04063,0.06907
0.06145,0.04951,0.05294,0.10849,0.02868,0.02264,0.24289,0.27766,0.05048,0.10526
0.10359,0.12362,0.11109,0.24354,0.13292,0.03002,0.06295,0.09217,0.04810,0.05199
0.06340,0.06043,0.08087,0.17392,0.04644,0.03671,0.18221,0.19551,0.07940,0.08111
0.07433,0.03568,0.04926,0.38950,0.02852,0.01991,0.10250,0.11379,0.06635,0.12016
0.07379,0.10083,0.07165,0.38225,0.03255,0.02716,0.06138,0.06113,0.09887,0.09038
0.07772,0.06288,0.06975,0.46674,0.05104,0.04823,0.04600,0.04280,0.07252,0.06233
0.12132,0.07811,0.06057,0.24805,0.04235,0.02318,0.04464,0.04066,0.16248,0.17864
0.11648,0.10064,0.11231,0.15122,0.07554,0.03788,0.13565,0.15102,0.03780,0.08145
0.11398,0.09238,0.10052,0.13147,0.08706,0.08165,0.08161,0.06130,0.10955,0.14049
0.03325,0.06384,0.06624,0.18966,0.03812,0.03134,0.24198,0.25340,0.03504,0.04712
0.03985,0.06607,0.08780,0.06446,0.06176,0.24811,0.14320,0.10347,0.08904,0.09622
0.05985,0.05051,0.06961,0.13353,0.10229,0.01912,0.14683,0.14625,0.12406,0.14794
0.03604,0.06179,0.05352,0.31746,0.02919,0.05220,0.07205,0.06758,0.15510,0.15507
0.15982,0.06838,0.07878,0.21745,0.05088,0.03113,0.12273,0.12071,0.06616,0.08396
0.03783,0.06815,0.07051,0.29754,0.04467,0.09928,0.11684,0.13204,0.06646,0.06668
0.08985,0.13341,0.11236,0.31788,0.10004,0.01991,0.05169,0.07494,0.04399,0.05593
0.16012,0.17409,0.10873,0.14178,0.04257,0.02977,0.12987,0.13043,0.02532,0.05732
0.13843,0.15381,0.11194,0.19917,0.07269,0.04742,0.06393,0.03901,0.05319,0.12040
0.13783,0.10183,0.13281,0.21177,0.09784,0.04009,0.10417,0.10077,0.03149,0.04140
0.15420,0.13346,0.04311,0.04908,0.03495,0.06956,0.20423,0.19852,0.04610,0.06681
0.04699,0.17945,0.18658,0.39893,0.01990,0.02007,0.04280,0.04409,0.02885,0.03233
0.09904,0.09241,0.06575,0.06044,0.04480,0.07824,0.17347,0.13778,0.06410,0.18396
0.05714,0.08001,0.06408,0.11962,0.05495,0.02306,0.19523,0.27394,0.07912,0.05285
0.07010,0.05234,0.07914,0.06093,0.11525,0.15982,0.15226,0.11805,0.07860,0.11350
0.05319,0.04472,0.05811,0.06880,0.02204,0.02181,0.27467,0.29532,0.07786,0.08346
0.01857,0.07310,0.05789,0.09699,0.61379,0.02287,0.04427,0.04500,0.01239,0.01510
0.10296,0.11005,0.08099,0.28844,0.07185,0.02512,0.04778,0.06836,0.08684,0.11761
0.38107,0.11360,0.10782,0.11046,0.04270,0.02559,0.03222,0.03458,0.06810,0.08388
0.09038,0.17693,0.24727,0.06646,0.08681,0.03999,0.04741,0.06678,0.08763,0.09033
0.07166,0.07880,0.07834,0.17140,0.08522,0.09258,0.12149,0.11572,0.08681,0.09799
0.09180,0.04806,0.06526,0.44897,0.14224,0.05241,0.04781,0.03621,0.03262,0.03462
0.06016,0.05775,0.06155,0.10208,0.04376,0.10722,0.20039,0.19370,0.08720,0.08619
0.07740,0.13234,0.10985,0.22694,0.08941,0.05940,0.09882,0.10892,0.05186,0.04506
0.07225,0.05334,0.06430,0.53058,0.03156,0.01754,0.08497,0.08523,0.02314,0.03709
0.11313,0.10570,0.14659,0.04075,0.14613,0.02388,0.15387,0.15751,0.04742,0.06503
0.13533,0.11361,0.09182,0.16166,0.11170,0.07389,0.10641,0.09697,0.03784,0.07076
0.03460,0.04918,0.03393,0.07610,0.02395,0.03069,0.33966,0.35545,0.02706,0.02938
0.07667,0.12577,0.11396,0.13061,0.08933,0.04920,0.15092,0.17670,0.04955,0.03729
0.13542,0.09152,0.08758,0.28817,0.12264,0.02346,0.03232,0.03405,0.09179,0.09304
0.03571,0.03145,0.06382,0.30529,0.03474,0.01820,0.19317,0.20811,0.04091,0.06861
0.07787,0.05513,0.08350,0.08724,0.04128,0.02370,0.27857,0.28950,0.02940,0.03381
0.09487,0.15384,0.07091,0.27976,0.06080,0.11698,0.08152,0.05718,0.05070,0.03345
0.06401,0.04312,0.06109,0.08209,0.03148,0.04409,0.14043,0.17767,0.16577,0.19025
0.13082,0.17541,0.08896,0.07310,0.05689,0.04389,0.17625,0.18320,0.02534,0.04613
0.18758,0.07103,0.20210,0.16745,0.04359,0.03926,0.07470,0.08621,0.05254,0.07554
0.05698,0.20642,0.07156,0.22620,0.08599,0.04667,0.08615,0.07027,0.08648,0.06328
0.09555,0.10033,0.08879,0.48788,0.07577,0.02040,0.04133,0.03760,0.02332,0.02903
0.01950,0.02643,0.02310,0.31197,0.01914,0.01564,0.17058,0.17885,0.10269,0.13211
0.06291,0.08688,0.06623,0.17550,0.07270,0.07783,0.04635,0.09415,0.17766,0.13981
0.09936,0.13242,0.09978,0.16038,0.07039,0.07089,0.11343,0.10161,0.06763,0.08413
0.05250,0.08508,0.05196,0.32371,0.02629,0.02008,0.14616,0.15671,0.07100,0.06650
0.08123,0.06746,0.09050,0.10976,0.08579,0.21249,0.13832,0.10597,0.05575,0.05272
0.07052,0.07155,0.05995,0.44514,0.04414,0.05238,0.03316,0.03193,0.09899,0.09225
0.03134,0.03409,0.04932,0.07159,0.02058,0.01498,0.34352,0.35933,0.03004,0.04522
0.06807,0.08004,0.05864,0.12626,0.04349,0.03806,0.23515,0.23745,0.02883,0.08402
0.15172,0.04238,0.06633,0.09423,0.04000,0.01330,0.24901,0.26878,0.02361,0.05064
0.06451,0.05721,0.05576,0.32872,0.04893,0.03941,0.05455,0.06463,0.14324,0.14304
0.17947,0.15305,0.12984,0.18195,0.04630,0.02740,0.04431,0.02958,0.08811,0.12001
0.02315,0.03798,0.02961,0.43809,0.01723,0.01115,0.20422,0.20993,0.01347,0.01516
0.09113,0.16090,0.12851,0.14596,0.09707,0.04501,0.11464,0.11551,0.04772,0.05355
0.07228,0.05664,0.08138,0.34310,0.16064,0.01163,0.03972,0.04445,0.09074,0.09941
0.06200,0.12395,0.06064,0.49870,0.03698,0.03360,0.06229,0.06177,0.02745,0.03262
0.06424,0.07262,0.07741,0.55328,0.03176,0.01951,0.02770,0.03172,0.05477,0.06698
0.02173,0.02728,0.02454,0.09389,0.01685,0.01502,0.30688,0.31745,0.07652,0.09985
0.02935,0.02573,0.03663,0.42790,0.02923,0.05939,0.10855,0.11628,0.08556,0.08138
0.04435,0.07546,0.03694,0.26742,0.02387,0.02352,0.18707,0.19763,0.05120,0.09254
0.04641,0.02535,0.02996,0.54565,0.02036,0.02823,0.04869,0.13753,0.08627,0.03154
0.07577,0.07533,0.07325,0.51397,0.02912,0.02707,0.06453,0.06187,0.03199,0.04710
0.06004,0.05657,0.06625,0.37528,0.03561,0.06846,0.08469,0.08426,0.07529,0.09356
0.07481,0.10844,0.08272,0.42252,0.06451,0.03967,0.04274,0.03653,0.05555,0.07251
0.04145,0.05227,0.04780,0.26153,0.03012,0.02009,0.06342,0.08144,0.20416,0.19770
0.01802,0.27631,0.26371,0.12485,0.04096,0.05525,0.04483,0.03593,0.07136,0.06878
0.10483,0.11088,0.10146,0.09287,0.04191,0.05536,0.04353,0.04181,0.20464,0.20270
0.04706,0.23079,0.22883,0.09122,0.02223,0.04338,0.05051,0.05233,0.11533,0.11832
0.07712,0.09380,0.07545,0.40191,0.06557,0.04825,0.08185,0.08971,0.03726,0.02909
0.10795,0.09164,0.08637,0.38480,0.07111,0.02750,0.06381,0.06284,0.03914,0.06484
0.19579,0.29427,0.19283,0.09324,0.10401,0.01749,0.03042,0.02656,0.01742,0.02797
0.07061,0.06695,0.06775,0.42318,0.02925,0.04209,0.07019,0.10424,0.07001,0.05572
0.13593,0.09040,0.16782,0.13976,0.10220,0.08641,0.09433,0.09123,0.05092,0.04100
0.34795,0.31067,0.04012,0.08991,0.02215,0.01735,0.05381,0.05604,0.02329,0.03872
0.16616,0.14550,0.11504,0.20832,0.06330,0.15242,0.04752,0.03710,0.04043,0.02423
0.04687,0.01786,0.04775,0.68784,0.04278,0.02598,0.03642,0.04267,0.02512,0.02672
0.19226,0.14044,0.14534,0.10886,0.16886,0.03667,0.03060,0.06759,0.05329,0.05608
0.14526,0.12867,0.11729,0.13233,0.12852,0.04267,0.11517,0.12772,0.03050,0.03186
0.06672,0.06865,0.07324,0.35380,0.05079,0.04231,0.06720,0.05619,0.10693,0.11417
0.07102,0.16406,0.18568,0.15984,0.04316,0.04707,0.14075,0.14174,0.03185,0.01483
0.10274,0.04482,0.06292,0.31018,0.05912,0.02148,0.08761,0.08703,0.07953,0.14456
0.07216,0.09124,0.05819,0.33230,0.05862,0.08503,0.07110,0.06144,0.09154,0.07837
0.04470,0.04434,0.05285,0.20381,0.05485,0.01943,0.12804,0.14147,0.14864,0.16187
0.16098,0.12318,0.15956,0.17068,0.18476,0.02292,0.04318,0.04339,0.04188,0.04948
0.09048,0.09911,0.10102,0.15431,0.09560,0.08854,0.08958,0.09269,0.09787,0.09081
0.03132,0.10850,0.08575,0.13498,0.06406,0.14240,0.20550,0.18153,0.02297,0.02299
0.16720,0.12768,0.15798,0.12032,0.10235,0.04096,0.03604,0.03020,0.10268,0.11459
0.10361,0.10833,0.06550,0.34894,0.05835,0.07856,0.08596,0.06582,0.03174,0.05319
0.06766,0.09191,0.11000,0.06797,0.04570,0.02071,0.17542,0.17930,0.11343,0.12790
0.07524,0.07501,0.07183,0.24462,0.03428,0.02724,0.18403,0.19267,0.04470,0.05037
0.07037,0.15445,0.10428,0.09569,0.08555,0.01431,0.10530,0.10941,0.12367,0.13699
0.05421,0.27691,0.09899,0.12219,0.09286,0.09553,0.06215,0.02735,0.11417,0.05564
0.13212,0.08286,0.09517,0.06929,0.02013,0.06655,0.10375,0.08759,0.15952,0.18302
0.02481,0.03670,0.03699,0.09062,0.03210,0.04386,0.34993,0.35055,0.01973,0.01472
0.11768,0.08981,0.08299,0.27829,0.05936,0.04541,0.03628,0.02735,0.13581,0.12702
0.05771,0.07342,0.05246,0.25871,0.02999,0.01732,0.03069,0.03016,0.22635,0.22319
0.04417,0.03576,0.03849,0.45060,0.10392,0.05014,0.09549,0.08574,0.04236,0.05333
0.08476,0.06306,0.06776,0.42306,0.04633,0.07374,0.07302,0.05639,0.05022,0.06165
0.05918,0.09050,0.10110,0.45010,0.06690,0.05168,0.04378,0.04810,0.04647,0.04220
0.06151,0.04917,0.11056,0.10749,0.06207,0.06099,0.20236,0.20012,0.06685,0.07888
0.03446,0.04518,0.05852,0.12750,0.05131,0.03341,0.24522,0.28995,0.05912,0.05532
0.04061,0.22117,0.21267,0.30848,0.03751,0.01422,0.05833,0.05935,0.02516,0.02250
0.05191,0.05584,0.03259,0.13907,0.03640,0.02357,0.29358,0.29768,0.02327,0.04608
0.05417,0.09224,0.06080,0.59060,0.03280,0.01597,0.05242,0.05133,0.01990,0.02975
0.05044,0.05843,0.03626,0.04395,0.02197,0.02228,0.27192,0.29474,0.06882,0.13119
0.04566,0.06086,0.05247,0.25557,0.03246,0.02163,0.20100,0.21536,0.04033,0.07465
0.18598,0.19808,0.09676,0.07540,0.05148,0.03017,0.07850,0.08125,0.09217,0.11019
0.04258,0.09698,0.09064,0.14284,0.09499,0.06059,0.17764,0.16517,0.05845,0.07012
0.05968,0.08477,0.07556,0.45990,0.03922,0.01839,0.06247,0.06110,0.05800,0.08092
0.10609,0.05199,0.06557,0.17779,0.01782,0.03807,0.16906,0.17002,0.09790,0.10569
0.03995,0.19124,0.17701,0.13119,0.20237,0.02535,0.07371,0.08066,0.03909,0.03943
0.05064,0.03812,0.04671,0.70653,0.02310,0.02199,0.02299,0.02323,0.02930,0.03739
0.11458,0.13884,0.09991,0.12138,0.06922,0.05216,0.14385,0.14791,0.05836,0.05379
0.08405,0.08704,0.08088,0.33597,0.04397,0.04954,0.05024,0.04869,0.10992,0.10970
0.04618,0.05234,0.03777,0.37607,0.02085,0.05781,0.04250,0.04481,0.15773,0.16393
0.06904,0.08418,0.06281,0.52971,0.03102,0.01487,0.08222,0.07996,0.01650,0.02969
0.07199,0.06605,0.05780,0.17517,0.05199,0.04842,0.18703,0.18808,0.05160,0.10186
0.07967,0.06586,0.02557,0.50804,0.08324,0.02602,0.03114,0.02723,0.07205,0.08119
0.07351,0.06928,0.07103,0.10945,0.07293,0.03769,0.15117,0.20423,0.09524,0.11547
0.09312,0.09198,0.09981,0.14476,0.11257,0.11273,0.06292,0.06268,0.11660,0.10283
0.14198,0.06836,0.17670,0.17474,0.05622,0.02902,0.03141,0.02861,0.15168,0.14128
0.07547,0.06495,0.05633,0.32572,0.04860,0.04756,0.13494,0.13384,0.03359,0.07900
0.14688,0.17090,0.07732,0.09109,0.03487,0.02904,0.13039,0.16152,0.08019,0.07778
0.34634,0.07812,0.12116,0.18244,0.03088,0.03122,0.04275,0.04574,0.04326,0.07809
0.10479,0.05442,0.06535,0.18935,0.05001,0.05348,0.10227,0.08626,0.09735,0.19671
0.03192,0.04104,0.03017,0.25142,0.01791,0.01750,0.02139,0.02032,0.27942,0.28889
0.02611,0.03278,0.02227,0.04460,0.01572,0.00932,0.39575,0.41367,0.01555,0.02423
0.08400,0.08746,0.08366,0.18456,0.06643,0.02304,0.18091,0.18729,0.04513,0.05753
0.14871,0.14762,0.16548,0.12039,0.08471,0.08270,0.04861,0.02142,0.08100,0.09936
0.09466,0.12790,0.10551,0.28814,0.10383,0.05157,0.06477,0.07098,0.03854,0.05410
0.09650,0.09292,0.11447,0.31283,0.04020,0.02354,0.09771,0.10907,0.04194,0.07081
0.04503,0.06526,0.06645,0.40897,0.05116,0.03372,0.09476,0.09342,0.06955,0.07168
0.10244,0.10359,0.09935,0.13346,0.10899,0.03478,0.14949,0.15102,0.04014,0.07673
0.01874,0.04473,0.03926,0.06101,0.02446,0.05352,0.25962,0.24356,0.12200,0.13310
0.05522,0.05608,0.06190,0.15908,0.03725,0.02836,0.07137,0.07459,0.22150,0.23466
0.23094,0.24019,0.10295,0.08399,0.03569,0.04209,0.02419,0.07263,0.10381,0.06353
0.04167,0.06385,0.05875,0.06669,0.04172,0.06396,0.28726,0.27210,0.04980,0.05420
0.03968,0.02531,0.03711,0.43456,0.02819,0.06400,0.16649,0.16307,0.01759,0.02401
0.07705,0.06920,0.15401,0.32137,0.06131,0.05101,0.07532,0.05165,0.04739,0.09169
0.02543,0.13273,0.05908,0.09301,0.06436,0.07619,0.15937,0.21402,0.11316,0.06264
0.06278,0.04073,0.09965,0.21095,0.06935,0.08044,0.08607,0.06330,0.12458,0.16214
0.11716,0.25756,0.08453,0.09206,0.07745,0.13156,0.08125,0.06009,0.04275,0.05560
0.06223,0.08798,0.06816,0.27560,0.04022,0.01616,0.17340,0.20015,0.02017,0.05592
0.11666,0.08741,0.13864,0.19579,0.04313,0.01322,0.10668,0.11285,0.09155,0.09406
0.05290,0.06979,0.06176,0.36528,0.06088,0.03018,0.14146,0.13840,0.02397,0.05539
0.02791,0.02471,0.02763,0.19517,0.02406,0.02993,0.29888,0.31851,0.02780,0.02539
0.11488,0.10101,0.12095,0.22029,0.08540,0.03255,0.05031,0.08053,0.10418,0.08991
0.03003,0.01336,0.02879,0.31564,0.03198,0.06884,0.20938,0.21601,0.05075,0.03521
0.12645,0.11371,0.14404,0.29031,0.08003,0.02031,0.04781,0.04786,0.05649,0.07298
0.04775,0.10885,0.08679,0.29408,0.10200,0.11205,0.10037,0.07850,0.02711,0.04250
0.07452,0.07755,0.04961,0.13940,0.01463,0.10538,0.08548,0.07258,0.19203,0.18882
0.04621,0.06188,0.07409,0.46838,0.04585,0.04566,0.06502,0.09821,0.05654,0.03815
0.04985,0.03416,0.05547,0.45945,0.03509,0.11559,0.07425,0.06669,0.06515,0.04430
0.06133,0.13564,0.10006,0.12701,0.05133,0.08305,0.09290,0.08340,0.13565,0.12964
0.06916,0.05680,0.06688,0.10146,0.06911,0.26581,0.14623,0.11606,0.04794,0.06056
0.02623,0.05658,0.06643,0.07271,0.03045,0.02804,0.10512,0.11366,0.24756,0.25322
0.18042,0.25632,0.14629,0.10454,0.11422,0.03444,0.04263,0.04389,0.03551,0.04175
0.03691,0.19459,0.06925,0.27477,0.08566,0.08103,0.07998,0.04935,0.07895,0.04952
0.12681,0.14070,0.07481,0.14958,0.05760,0.06674,0.13044,0.12363,0.06370,0.06600
0.03971,0.03853,0.03374,0.04843,0.02671,0.03648,0.24277,0.24270,0.13588,0.15506
0.20392,0.06337,0.08605,0.19524,0.03857,0.01789,0.02863,0.02802,0.15352,0.18479
0.04124,0.04796,0.04015,0.08883,0.03066,0.03656,0.25548,0.25171,0.07826,0.12915
0.01749,0.01666,0.02601,0.40964,0.01798,0.03958,0.10555,0.10612,0.12660,0.13438
0.07206,0.06188,0.08132,0.07500,0.07752,0.11232,0.17813,0.17022,0.07980,0.09175
0.08661,0.11879,0.11758,0.06661,0.06994,0.01918,0.04943,0.05513,0.21261,0.20412
0.15719,0.01457,0.34240,0.17996,0.11757,0.01286,0.01223,0.01023,0.06914,0.08386
0.06539,0.07991,0.06600,0.20896,0.04066,0.03531,0.18948,0.20155,0.05226,0.06049
0.07855,0.08984,0.10856,0.25776,0.05309,0.03587,0.08123,0.07048,0.10150,0.12311
0.03666,0.04056,0.03969,0.72009,0.02160,0.00993,0.03583,0.03892,0.02306,0.03366
0.15795,0.04808,0.11839,0.09445,0.41824,0.01528,0.03971,0.03775,0.03109,0.03905
0.03054,0.04260,0.05161,0.26679,0.03245,0.01656,0.22933,0.23702,0.01896,0.07414
0.08659,0.07616,0.09346,0.22565,0.04704,0.05567,0.08688,0.10477,0.11329,0.11050
0.13400,0.29213,0.09734,0.05398,0.07128,0.04481,0.06642,0.09970,0.07311,0.06724
0.09737,0.07704,0.05977,0.27994,0.04105,0.06332,0.07664,0.07020,0.11296,0.12171
0.06711,0.09678,0.06031,0.50646,0.05140,0.03952,0.03405,0.03382,0.05316,0.05740
0.46024,0.05925,0.12306,0.03790,0.01458,0.03766,0.05641,0.03354,0.02344,0.15391
0.04019,0.03895,0.03756,0.12002,0.02340,0.01311,0.15679,0.16376,0.18964,0.21657
0.03517,0.07663,0.08289,0.03313,0.08278,0.05319,0.04264,0.04628,0.27664,0.27066
0.04190,0.03831,0.05111,0.16644,0.02937,0.02479,0.26019,0.29285,0.04942,0.04562
0.02788,0.08480,0.07528,0.37409,0.02199,0.03329,0.06358,0.05266,0.11170,0.15473
0.27047,0.24792,0.12484,0.07014,0.08294,0.01498,0.04803,0.04356,0.04191,0.05521
0.03883,0.01863,0.05026,0.49629,0.02258,0.03170,0.11380,0.13640,0.03110,0.06041
0.04154,0.06360,0.05778,0.39350,0.04794,0.04619,0.13072,0.12613,0.04289,0.04971
0.09117,0.18601,0.06431,0.39100,0.09710,0.04060,0.02971,0.04025,0.02874,0.03111
0.04237,0.07230,0.03767,0.27182,0.03284,0.01521,0.22578,0.24845,0.01830,0.03526
0.11769,0.09334,0.10639,0.35867,0.04765,0.02391,0.08680,0.08593,0.03305,0.04656
0.13943,0.02369,0.10906,0.31548,0.00835,0.02102,0.16112,0.17269,0.02550,0.02366
0.03821,0.05969,0.05855,0.10961,0.03265,0.03309,0.27756,0.28591,0.04621,0.05852
0.07830,0.09093,0.05770,0.18240,0.06054,0.04476,0.14411,0.15781,0.08847,0.09497
0.05003,0.05194,0.04986,0.42362,0.03367,0.03548,0.14228,0.14739,0.02911,0.03661
0.05194,0.14498,0.03601,0.52414,0.03702,0.03551,0.04234,0.03460,0.04314,0.05031
0.04610,0.02995,0.03661,0.66814,0.02439,0.01485,0.06853,0.07481,0.01921,0.01741
0.08543,0.05162,0.06016,0.08026,0.04655,0.07550,0.11932,0.11658,0.16451,0.20007
0.09933,0.13124,0.11976,0.26010,0.06837,0.01444,0.10606,0.12951,0.03270,0.03849
0.07361,0.05353,0.06059,0.61279,0.04097,0.01922,0.03331,0.04949,0.03186,0.02463
0.05592,0.07589,0.09491,0.16105,0.05123,0.09889,0.14664,0.13680,0.07848,0.10019
0.10222,0.05322,0.06671,0.38482,0.05751,0.03233,0.09385,0.08274,0.03345,0.09317
0.06086,0.06440,0.05820,0.07907,0.03959,0.02740,0.12292,0.11584,0.20772,0.22400
0.06884,0.07897,0.05645,0.13434,0.03627,0.09125,0.19800,0.19714,0.03406,0.10469
0.04859,0.05581,0.05142,0.14769,0.03177,0.01673,0.24900,0.26231,0.04279,0.09391
0.02020,0.02582,0.02217,0.09175,0.01717,0.01329,0.01635,0.01876,0.38944,0.38506
0.03637,0.03104,0.03070,0.48564,0.02686,0.03207,0.13279,0.14512,0.03535,0.04406
0.08009,0.06376,0.06399,0.38922,0.05742,0.05380,0.05536,0.07240,0.08005,0.08391
0.06907,0.06465,0.07170,0.20460,0.03777,0.04006,0.16138,0.15886,0.08845,0.10345
0.06781,0.16767,0.17076,0.12147,0.04096,0.13472,0.08402,0.04577,0.06008,0.10673
0.02765,0.02808,0.09326,0.24705,0.04687,0.02174,0.04557,0.28033,0.17259,0.03687
0.05108,0.08296,0.03600,0.31223,0.02303,0.01321,0.09674,0.11308,0.13880,0.13286
0.15645,0.09406,0.17542,0.43227,0.05555,0.01213,0.02036,0.01995,0.01395,0.01988
0.06530,0.11122,0.08941,0.37607,0.02342,0.11733,0.05464,0.04914,0.05783,0.05563
0.11215,0.11977,0.08048,0.26238,0.04496,0.01947,0.06333,0.17515,0.09534,0.02698
0.09269,0.08020,0.08709,0.12841,0.05662,0.03510,0.13491,0.14565,0.11683,0.12248
0.02208,0.02082,0.02512,0.63399,0.01846,0.02123,0.08039,0.07698,0.04388,0.05706
0.08777,0.09694,0.08902,0.19031,0.10698,0.02997,0.11046,0.11755,0.07630,0.09471
0.04362,0.07413,0.05623,0.43550,0.03429,0.03612,0.08272,0.08710,0.05583,0.09445
0.07047,0.10024,0.07787,0.51200,0.04644,0.02605,0.03988,0.03548,0.04643,0.04512
0.07627,0.10769,0.07629,0.15562,0.01550,0.23160,0.11358,0.09988,0.06985,0.05372
0.32994,0.02215,0.32488,0.06383,0.02070,0.01931,0.04363,0.04273,0.05549,0.07735
0.10172,0.08105,0.15046,0.29422,0.09358,0.02928,0.05899,0.06651,0.06156,0.06262
0.04692,0.09331,0.09158,0.10409,0.06892,0.11218,0.17626,0.16401,0.06503,0.07769
0.02271,0.02580,0.02272,0.04141,0.01582,0.01638,0.03611,0.03985,0.39497,0.38424
0.07493,0.04885,0.06071,0.32455,0.03159,0.01546,0.14479,0.17144,0.05958,0.06811
0.02660,0.20108,0.18007,0.12171,0.01898,0.04867,0.06447,0.04440,0.12180,0.17222
0.08716,0.15651,0.13839,0.20918,0.12374,0.03961,0.07525,0.08067,0.04688,0.04261
0.09223,0.11493,0.09300,0.46714,0.04503,0.01527,0.06007,0.05833,0.01471,0.03930
0.08098,0.04161,0.09947,0.25207,0.08471,0.06566,0.14204,0.14478,0.04180,0.04686
0.02620,0.07985,0.06687,0.50349,0.01603,0.03686,0.08089,0.08969,0.05239,0.04773
0.03798,0.06494,0.04293,0.71491,0.03061,0.01272,0.02279,0.02255,0.02086,0.02970
0.24457,0.03503,0.25543,0.11818,0.04847,0.02416,0.08697,0.07687,0.03984,0.07047
0.04149,0.03122,0.04358,0.11538,0.02228,0.01931,0.32559,0.33598,0.02406,0.04112
0.01533,0.01783,0.03636,0.09122,0.01624,0.01600,0.37323,0.38168,0.02077,0.03134
0.09726,0.02792,0.07973,0.28818,0.01912,0.02366,0.19163,0.21551,0.02941,0.02757
0.09634,0.09069,0.10181,0.20769,0.06413,0.10519,0.12567,0.09179,0.03610,0.08059
0.07198,0.10113,0.06199,0.09350,0.07600,0.10555,0.21467,0.21161,0.03434,0.02925
0.02452,0.02773,0.12347,0.12962,0.07088,0.01129,0.02802,0.36427,0.20251,0.01768
0.03291,0.05479,0.05914,0.18144,0.02987,0.02550,0.21792,0.24862,0.05694,0.09288
0.03753,0.13379,0.12206,0.42519,0.13149,0.02699,0.03385,0.03325,0.02810,0.02774
0.03707,0.03840,0.03795,0.08927,0.02814,0.01741,0.30333,0.33168,0.04255,0.07419
0.08808,0.11224,0.10782,0.07199,0.09629,0.09634,0.07829,0.16147,0.12402,0.06346
0.07290,0.05087,0.07710,0.16994,0.06637,0.28481,0.08443,0.03355,0.07925,0.08077
0.02503,0.01802,0.02615,0.66955,0.01800,0.08193,0.05304,0.03955,0.04007,0.02866
0.07916,0.11988,0.07654,0.56313,0.02850,0.01030,0.03666,0.04253,0.01861,0.02468
