0.05171,0.05199,0.04988,0.04542,0.04924,0.04196,0.04401,0.04499,0.04200,0.04379,0.04674,0.04422,0.04235,0.04446,0.04563,0.05542,0.05624,0.09152,0.06195,0.04645
0.04435,0.04317,0.04293,0.04130,0.04376,0.04465,0.04739,0.04737,0.04281,0.04533,0.04545,0.04741,0.05187,0.05099,0.04424,0.05384,0.05445,0.08960,0.07520,0.04388
0.04163,0.04241,0.04300,0.04309,0.04958,0.04679,0.04335,0.04534,0.04674,0.04733,0.05371,0.05308,0.05083,0.04999,0.04784,0.06999,0.07087,0.06038,0.04568,0.04837
0.05027,0.05511,0.06007,0.06896,0.05203,0.04612,0.05320,0.04967,0.04723,0.04549,0.04120,0.04217,0.04292,0.04129,0.04282,0.05809,0.05733,0.04323,0.05513,0.04767
0.06814,0.05572,0.05727,0.04799,0.04937,0.04901,0.04376,0.04522,0.04793,0.04802,0.04216,0.04331,0.04268,0.04652,0.04370,0.05065,0.04932,0.07247,0.04839,0.04838
0.04240,0.04300,0.04356,0.04815,0.04789,0.04232,0.04202,0.04243,0.03982,0.04557,0.04843,0.05943,0.06631,0.05101,0.05147,0.06305,0.06340,0.06486,0.04257,0.05231
0.04724,0.04807,0.04708,0.04339,0.05116,0.06269,0.05569,0.05390,0.05911,0.05324,0.04639,0.04645,0.04096,0.04151,0.04309,0.05308,0.05198,0.05483,0.05218,0.04794
0.04206,0.04096,0.04206,0.03733,0.04478,0.05022,0.05028,0.05335,0.05694,0.04834,0.04692,0.04817,0.05015,0.04650,0.04312,0.06524,0.06544,0.04678,0.07694,0.04440
0.04200,0.03999,0.04324,0.04916,0.04419,0.04673,0.06411,0.08216,0.06108,0.05364,0.04036,0.04610,0.04566,0.04546,0.04361,0.04645,0.04690,0.05335,0.05663,0.04918
0.04739,0.04508,0.04731,0.04476,0.04613,0.04392,0.04297,0.04468,0.04368,0.04247,0.05690,0.05482,0.06620,0.06224,0.04952,0.05286,0.05340,0.05396,0.05346,0.04825
0.04610,0.04610,0.04172,0.04413,0.04308,0.04495,0.04268,0.04528,0.04508,0.04975,0.06097,0.05826,0.05867,0.05485,0.05801,0.04874,0.04947,0.07386,0.04185,0.04647
0.04405,0.04331,0.04493,0.03815,0.04332,0.05330,0.04943,0.05098,0.05491,0.04964,0.04698,0.04770,0.04504,0.04753,0.04787,0.07229,0.07239,0.05918,0.04277,0.04625
0.04365,0.04350,0.04535,0.05285,0.04509,0.05158,0.05485,0.05730,0.05786,0.05324,0.04329,0.04833,0.04458,0.04462,0.04694,0.05467,0.05676,0.05436,0.05175,0.04942
0.04692,0.04922,0.04692,0.04267,0.04531,0.04598,0.04450,0.04463,0.04400,0.04745,0.05144,0.05622,0.05998,0.05906,0.05003,0.05624,0.05486,0.06095,0.04755,0.04607
0.04576,0.04493,0.04207,0.04355,0.04238,0.04155,0.04337,0.04431,0.04348,0.03882,0.05207,0.05012,0.04953,0.04894,0.04559,0.04754,0.04897,0.04945,0.13274,0.04483
0.04599,0.04494,0.04435,0.04448,0.04935,0.05348,0.06389,0.05968,0.05467,0.05067,0.04386,0.04721,0.04637,0.04498,0.04535,0.05129,0.05234,0.05119,0.05783,0.04811
0.04532,0.04189,0.04121,0.04452,0.04406,0.04478,0.04631,0.04547,0.04425,0.04445,0.05069,0.05198,0.05811,0.05367,0.04769,0.05568,0.05590,0.06838,0.06914,0.04650
0.04668,0.04403,0.04336,0.04043,0.04328,0.06036,0.05063,0.05569,0.06945,0.04905,0.04672,0.04643,0.04540,0.04493,0.04341,0.05016,0.04975,0.04812,0.07437,0.04775
0.04823,0.04519,0.04651,0.04669,0.04357,0.04168,0.03997,0.04087,0.04126,0.04358,0.04813,0.04680,0.05075,0.04914,0.04545,0.04645,0.04627,0.10591,0.07789,0.04567
0.05872,0.05445,0.05734,0.06126,0.05042,0.04376,0.04668,0.04691,0.04355,0.04366,0.04451,0.04618,0.04619,0.04569,0.04397,0.04986,0.04983,0.05259,0.06981,0.04463
0.04404,0.04439,0.04520,0.04228,0.04158,0.04379,0.04049,0.04430,0.04496,0.04577,0.05322,0.05713,0.06392,0.05334,0.05075,0.05510,0.05639,0.05550,0.07135,0.04650
0.06519,0.06233,0.06875,0.05421,0.04934,0.04217,0.03991,0.04273,0.04274,0.04608,0.04474,0.04281,0.04365,0.04492,0.04370,0.04536,0.04491,0.07287,0.05896,0.04463
0.05697,0.04963,0.05114,0.06725,0.05280,0.04361,0.04623,0.04690,0.04504,0.04339,0.04295,0.04684,0.04759,0.04440,0.04213,0.05745,0.05825,0.05272,0.05758,0.04711
0.04370,0.04324,0.04357,0.04524,0.04396,0.05301,0.04739,0.04821,0.05311,0.04974,0.04056,0.04800,0.05071,0.04528,0.04192,0.06074,0.06114,0.05649,0.07773,0.04624
0.04596,0.04363,0.04223,0.03887,0.03997,0.04242,0.04620,0.04351,0.04225,0.04005,0.05042,0.05115,0.05396,0.05713,0.04540,0.05575,0.05613,0.04577,0.11773,0.04145
0.05832,0.05103,0.05328,0.06193,0.04905,0.04523,0.04533,0.04456,0.04451,0.04671,0.04594,0.04224,0.04689,0.04393,0.04502,0.05497,0.05263,0.05113,0.07485,0.04245
0.04315,0.04288,0.04352,0.04236,0.04530,0.04770,0.05234,0.05769,0.05367,0.05288,0.04621,0.04797,0.04552,0.04549,0.05244,0.06134,0.06328,0.05935,0.04540,0.05152
0.04831,0.04720,0.04673,0.04676,0.04730,0.05693,0.05970,0.05703,0.05949,0.05004,0.04406,0.04393,0.04316,0.04622,0.04401,0.05555,0.05355,0.04811,0.05421,0.04773
0.04686,0.04271,0.04185,0.04090,0.04640,0.04463,0.04402,0.04240,0.04306,0.04453,0.05100,0.05019,0.05811,0.06781,0.05031,0.06793,0.06706,0.05676,0.04951,0.04397
0.04586,0.05025,0.04521,0.03966,0.04800,0.04675,0.04074,0.04284,0.04626,0.04568,0.06378,0.05962,0.05745,0.05782,0.05114,0.05626,0.05390,0.05189,0.04962,0.04728
0.05653,0.05444,0.05315,0.05111,0.05249,0.04379,0.04298,0.04388,0.04156,0.04713,0.05004,0.04574,0.04245,0.04380,0.04753,0.04864,0.04979,0.08294,0.05533,0.04668
0.04799,0.04562,0.04669,0.04857,0.04817,0.04135,0.04255,0.04349,0.04109,0.04746,0.04886,0.04879,0.05602,0.06414,0.04541,0.05053,0.04758,0.07592,0.06324,0.04653
0.04476,0.04412,0.04405,0.04578,0.04485,0.04305,0.04181,0.04344,0.04602,0.04187,0.05013,0.05345,0.05365,0.04797,0.04291,0.05431,0.05504,0.05739,0.10015,0.04525
0.04597,0.04742,0.04638,0.04256,0.04697,0.05060,0.05162,0.05995,0.05734,0.05051,0.04258,0.04696,0.04345,0.04299,0.04524,0.05095,0.05182,0.05748,0.07030,0.04890
0.05484,0.05101,0.05303,0.05032,0.04711,0.04924,0.04427,0.04920,0.05261,0.04691,0.04208,0.04292,0.04550,0.04580,0.04449,0.06126,0.06116,0.05391,0.05764,0.04671
0.04447,0.04245,0.04464,0.04703,0.04348,0.05109,0.04965,0.06162,0.06391,0.04661,0.04350,0.04778,0.04652,0.04499,0.04120,0.05509,0.05496,0.04901,0.07417,0.04786
0.05790,0.05014,0.05122,0.05573,0.04841,0.04256,0.04365,0.04361,0.04150,0.04404,0.04328,0.04128,0.03954,0.04130,0.04268,0.04461,0.04325,0.10572,0.07702,0.04256
0.05720,0.05406,0.05499,0.06527,0.05759,0.04207,0.04500,0.04793,0.04402,0.04730,0.04403,0.04558,0.04441,0.04218,0.04705,0.04863,0.04938,0.05413,0.06046,0.04872
0.04659,0.04364,0.04387,0.04413,0.04338,0.04609,0.04250,0.04216,0.04261,0.04676,0.05772,0.05252,0.05656,0.06440,0.04817,0.04652,0.04602,0.08230,0.05542,0.04867
0.04497,0.04123,0.04287,0.04365,0.04679,0.04365,0.04614,0.04065,0.03877,0.04478,0.05158,0.05482,0.06335,0.06115,0.04721,0.07719,0.07544,0.04640,0.04689,0.04246
0.04754,0.04254,0.04062,0.04676,0.04719,0.04574,0.04320,0.04005,0.04154,0.04410,0.06442,0.05446,0.06523,0.06362,0.05542,0.05394,0.05454,0.05443,0.04518,0.04948
0.04573,0.04547,0.04357,0.04728,0.04479,0.04324,0.04740,0.04581,0.04244,0.04493,0.04825,0.05497,0.06923,0.06584,0.04526,0.05805,0.05601,0.05658,0.04619,0.04895
0.05639,0.05810,0.05631,0.05347,0.05658,0.04269,0.04639,0.04736,0.04416,0.04360,0.04570,0.04640,0.04499,0.04350,0.04474,0.05232,0.05400,0.05933,0.05421,0.04977
0.04805,0.05194,0.04884,0.04566,0.04411,0.04385,0.04405,0.04675,0.04634,0.04745,0.04146,0.04264,0.04410,0.04275,0.04393,0.04994,0.04898,0.11803,0.05506,0.04609
0.05928,0.05702,0.05199,0.05030,0.04763,0.04327,0.04446,0.04654,0.04347,0.04637,0.04654,0.04286,0.04312,0.04554,0.04794,0.04877,0.04749,0.08731,0.05423,0.04588
0.04330,0.04360,0.04438,0.04102,0.04420,0.04893,0.04398,0.04409,0.04778,0.04583,0.04007,0.04774,0.04804,0.04578,0.04404,0.07512,0.07831,0.06059,0.06755,0.04565
0.04441,0.04512,0.04349,0.04326,0.04734,0.04517,0.04442,0.04503,0.04758,0.04527,0.05395,0.05543,0.05802,0.05581,0.04866,0.06423,0.06478,0.04458,0.05642,0.04701
0.04535,0.04589,0.04447,0.04507,0.04535,0.05806,0.05951,0.05631,0.05615,0.05294,0.04308,0.04569,0.04379,0.04699,0.04680,0.05195,0.05247,0.06398,0.05009,0.04607
0.04605,0.04380,0.04661,0.04123,0.04610,0.05666,0.06020,0.06170,0.06266,0.05073,0.04248,0.04698,0.04518,0.04292,0.04124,0.06019,0.06084,0.04308,0.05279,0.04858
0.04824,0.04554,0.04455,0.03981,0.04483,0.05465,0.05014,0.05420,0.06105,0.04551,0.04343,0.04617,0.04575,0.04174,0.04743,0.07339,0.07542,0.04564,0.04346,0.04907
0.04686,0.04468,0.04450,0.03985,0.04053,0.04463,0.04275,0.04599,0.04654,0.04641,0.04991,0.04831,0.05598,0.05576,0.04722,0.05203,0.05103,0.08185,0.06784,0.04732
0.04725,0.04727,0.04948,0.04685,0.04715,0.05155,0.05771,0.05671,0.05538,0.04620,0.04485,0.04707,0.04401,0.04814,0.04640,0.04750,0.04874,0.06627,0.05194,0.04954
0.04305,0.04551,0.04469,0.04042,0.04095,0.04191,0.04534,0.04246,0.04073,0.04074,0.05223,0.05022,0.05340,0.05297,0.04881,0.05180,0.05117,0.07640,0.09155,0.04563
0.04194,0.04139,0.04359,0.04479,0.04764,0.05535,0.05514,0.07069,0.07297,0.05192,0.04347,0.04638,0.04497,0.04672,0.04618,0.05142,0.05161,0.04693,0.04586,0.05103
0.05992,0.05427,0.05705,0.05542,0.04637,0.04414,0.04902,0.04682,0.04456,0.04378,0.04599,0.04485,0.04362,0.04419,0.04385,0.05125,0.04929,0.06629,0.06233,0.04699
0.04746,0.04657,0.04570,0.03855,0.04556,0.06045,0.05399,0.05818,0.06544,0.04989,0.04854,0.04613,0.04442,0.04102,0.04550,0.05106,0.05116,0.04930,0.06281,0.04825
0.04204,0.04264,0.04273,0.04183,0.04246,0.03930,0.03980,0.04103,0.03896,0.04317,0.04658,0.05517,0.05293,0.04628,0.04884,0.05004,0.04946,0.12913,0.06110,0.04652
0.04392,0.04555,0.04564,0.04715,0.04990,0.04548,0.04639,0.04569,0.04418,0.04553,0.04790,0.05135,0.04963,0.04594,0.04914,0.07571,0.07271,0.05210,0.04716,0.04892
0.04798,0.04449,0.04420,0.04486,0.04563,0.04504,0.04544,0.04433,0.04437,0.04557,0.05682,0.05936,0.05833,0.05347,0.05234,0.05410,0.05580,0.05407,0.05443,0.04937
0.06162,0.05198,0.04845,0.04802,0.04293,0.04255,0.04246,0.04477,0.04473,0.04142,0.04877,0.04369,0.04841,0.04695,0.04594,0.04528,0.04397,0.05564,0.10873,0.04370
0.04264,0.04122,0.04323,0.04117,0.04607,0.04910,0.04242,0.04574,0.04862,0.04608,0.05010,0.05845,0.05718,0.05620,0.04670,0.05698,0.05731,0.07078,0.04904,0.05099
0.05608,0.06020,0.06677,0.04706,0.05064,0.04667,0.04727,0.04571,0.04606,0.04497,0.04440,0.04181,0.04205,0.04345,0.04543,0.05092,0.05120,0.05993,0.06270,0.04668
0.04229,0.04515,0.04730,0.05050,0.04870,0.04807,0.05618,0.06072,0.05529,0.04683,0.04300,0.04589,0.04535,0.04503,0.04248,0.05349,0.05318,0.04901,0.06858,0.05296
0.04248,0.04056,0.04219,0.04300,0.04238,0.04312,0.03913,0.03916,0.04237,0.04071,0.04957,0.06001,0.06144,0.05441,0.04448,0.05519,0.05698,0.07023,0.08570,0.04687
0.04592,0.04612,0.04621,0.04447,0.04728,0.04701,0.04275,0.04283,0.04362,0.05031,0.05847,0.05504,0.06031,0.06248,0.05097,0.05449,0.05571,0.05403,0.04531,0.04667
0.04766,0.05048,0.04873,0.03904,0.04966,0.06028,0.06188,0.05477,0.05548,0.05066,0.04519,0.04558,0.04642,0.04579,0.04706,0.06116,0.05882,0.03999,0.04593,0.04541
0.04386,0.04193,0.04447,0.04179,0.04386,0.04887,0.04351,0.04388,0.04865,0.04319,0.04584,0.05627,0.05370,0.04817,0.04710,0.06413,0.06451,0.07600,0.05537,0.04492
0.04807,0.04768,0.04541,0.04020,0.04521,0.04510,0.04146,0.04089,0.04268,0.04628,0.05525,0.04819,0.05483,0.06586,0.04495,0.05948,0.05846,0.05782,0.06978,0.04240
0.05444,0.05437,0.05146,0.05801,0.05272,0.04493,0.04531,0.04367,0.04471,0.04277,0.04880,0.04391,0.04316,0.04843,0.04621,0.05734,0.05628,0.05904,0.05529,0.04916
0.04577,0.04410,0.04586,0.04520,0.04260,0.04563,0.04597,0.04866,0.04986,0.04330,0.05202,0.05443,0.05842,0.05307,0.04689,0.04804,0.04854,0.06218,0.07217,0.04728
0.04836,0.04476,0.04861,0.06517,0.04739,0.04684,0.04893,0.04941,0.04902,0.04736,0.04191,0.04375,0.04466,0.04374,0.04363,0.07105,0.07184,0.04794,0.04621,0.04944
0.04593,0.04826,0.04613,0.04603,0.04950,0.05604,0.06472,0.05258,0.05019,0.04934,0.04482,0.04515,0.04447,0.04566,0.04511,0.05687,0.05778,0.05051,0.05549,0.04542
0.05847,0.05403,0.05115,0.04795,0.05602,0.04498,0.04523,0.04456,0.04324,0.04778,0.05077,0.04577,0.04481,0.04594,0.04667,0.05805,0.05668,0.05869,0.05112,0.04809
0.04647,0.04420,0.04445,0.04668,0.04506,0.04169,0.04073,0.04338,0.04060,0.04628,0.05864,0.05376,0.05578,0.06271,0.05189,0.04748,0.04635,0.08068,0.05529,0.04790
0.04055,0.04306,0.04088,0.04420,0.04516,0.04585,0.04655,0.04539,0.04575,0.04444,0.05293,0.06983,0.07420,0.05365,0.04892,0.05182,0.05258,0.04079,0.06286,0.05059
0.04626,0.04180,0.04360,0.04289,0.04247,0.05299,0.04704,0.05205,0.05898,0.04846,0.04292,0.04685,0.04640,0.04512,0.04175,0.05362,0.05059,0.08501,0.06863,0.04258
0.05412,0.05479,0.05820,0.04504,0.04712,0.04507,0.04432,0.04625,0.04613,0.04138,0.04542,0.04660,0.04509,0.04390,0.04208,0.05115,0.05031,0.05528,0.09456,0.04321
0.04273,0.04473,0.05094,0.04459,0.04848,0.05446,0.06916,0.06982,0.06072,0.05438,0.04320,0.04155,0.04244,0.04502,0.04482,0.05247,0.05004,0.05237,0.03641,0.05167
0.04698,0.04494,0.04644,0.04578,0.04603,0.04393,0.04444,0.04578,0.04474,0.05108,0.05412,0.05191,0.05538,0.06944,0.04689,0.04913,0.04681,0.07102,0.04485,0.05030
0.03891,0.04078,0.04181,0.04138,0.04285,0.04184,0.04295,0.04454,0.04352,0.04658,0.05014,0.05717,0.06357,0.05654,0.04611,0.05747,0.05859,0.07870,0.05934,0.04720
0.04874,0.04717,0.04584,0.03694,0.04422,0.04443,0.04593,0.04349,0.04296,0.04371,0.05824,0.04769,0.04810,0.05045,0.05073,0.06099,0.06137,0.08097,0.05089,0.04714
0.04984,0.04779,0.04743,0.03762,0.04866,0.06170,0.05737,0.05355,0.05938,0.05116,0.04739,0.04597,0.04592,0.04643,0.04425,0.05609,0.05695,0.05172,0.04438,0.04641
0.04508,0.04286,0.04333,0.04543,0.04928,0.04741,0.05555,0.06023,0.05109,0.05390,0.04540,0.04708,0.04598,0.04937,0.04645,0.05193,0.05252,0.06156,0.05607,0.04948
0.04395,0.04030,0.04044,0.03590,0.04363,0.05938,0.04292,0.04704,0.06242,0.04542,0.04988,0.04808,0.04582,0.04163,0.04594,0.06794,0.06652,0.06724,0.05898,0.04657
0.05792,0.05681,0.05791,0.04554,0.05212,0.05036,0.04478,0.04650,0.05083,0.04706,0.04571,0.04297,0.04287,0.04423,0.04576,0.05674,0.05693,0.05992,0.04779,0.04723
0.04514,0.04145,0.04199,0.04225,0.04499,0.05051,0.04795,0.04253,0.04487,0.04595,0.05345,0.05313,0.05704,0.05466,0.04626,0.06693,0.06812,0.05146,0.05687,0.04447
0.04576,0.04302,0.04741,0.04472,0.04699,0.05893,0.05679,0.06538,0.07164,0.04967,0.03882,0.04328,0.04295,0.04136,0.04427,0.05721,0.05893,0.04589,0.04698,0.05001
0.04471,0.04399,0.04515,0.04371,0.04864,0.05080,0.05617,0.05298,0.05047,0.05531,0.04550,0.04550,0.04418,0.04842,0.04434,0.06249,0.06186,0.05908,0.04885,0.04787
0.04786,0.04848,0.04909,0.03935,0.04787,0.05449,0.05385,0.05401,0.05389,0.05326,0.04516,0.04262,0.04370,0.04857,0.04532,0.06432,0.06140,0.05296,0.04500,0.04881
0.04753,0.04654,0.04649,0.04521,0.04496,0.05255,0.06104,0.06165,0.05774,0.04744,0.03991,0.04188,0.04311,0.04544,0.04170,0.06172,0.05868,0.05654,0.05557,0.04429
0.04815,0.04590,0.04266,0.03956,0.04922,0.05449,0.05213,0.04829,0.05032,0.04652,0.04766,0.04442,0.04335,0.04526,0.04334,0.06986,0.06703,0.06418,0.05327,0.04440
0.04290,0.04717,0.04222,0.03754,0.04269,0.03633,0.03469,0.03746,0.03581,0.04182,0.05436,0.05117,0.05571,0.05521,0.04752,0.04434,0.04289,0.16138,0.04119,0.04759
0.04629,0.04283,0.04331,0.04273,0.04701,0.04534,0.04547,0.04553,0.04744,0.04080,0.04829,0.04470,0.04538,0.04836,0.04216,0.08628,0.08620,0.04121,0.06740,0.04325
0.06530,0.06602,0.06634,0.04218,0.04752,0.04460,0.04527,0.04640,0.04468,0.04478,0.04758,0.04780,0.04541,0.03981,0.04815,0.04631,0.04872,0.05100,0.06571,0.04640
0.04228,0.04474,0.04007,0.04317,0.04686,0.04199,0.04232,0.04301,0.04279,0.04538,0.05761,0.06314,0.06620,0.06597,0.04858,0.05233,0.05042,0.07149,0.04134,0.05032
0.04481,0.04545,0.04312,0.04420,0.04755,0.04684,0.04400,0.04758,0.04872,0.04653,0.05783,0.05985,0.05823,0.05286,0.05360,0.04742,0.04746,0.06697,0.04818,0.04878
0.04714,0.04679,0.04969,0.04995,0.04558,0.04289,0.04659,0.04446,0.04316,0.04108,0.04987,0.05700,0.05903,0.04673,0.04744,0.05593,0.05510,0.04793,0.07622,0.04742
0.04578,0.04146,0.04235,0.03394,0.04328,0.04609,0.05006,0.04338,0.04267,0.04389,0.04918,0.04734,0.05192,0.05469,0.04283,0.09748,0.09160,0.04552,0.04559,0.04097
0.04214,0.04280,0.04658,0.04431,0.04581,0.04388,0.04431,0.04613,0.04768,0.04170,0.04595,0.06532,0.06724,0.05397,0.04615,0.05479,0.05458,0.05899,0.05752,0.05016
0.04903,0.04640,0.04601,0.05008,0.04777,0.04320,0.04489,0.04400,0.04311,0.04531,0.04857,0.05365,0.05987,0.06151,0.05299,0.05150,0.05071,0.06274,0.05057,0.04809
