0.03117,0.20392,0.06030,0.20080,0.04078,0.19178,0.21362,0.01758,0.01813,0.02192
0.03389,0.04686,0.03133,0.04443,0.05382,0.31950,0.37491,0.02154,0.05120,0.02252
0.08946,0.24237,0.02586,0.05301,0.21632,0.07363,0.12993,0.05026,0.09732,0.02183
0.02515,0.07921,0.03970,0.03901,0.06655,0.24581,0.26847,0.08276,0.11250,0.04085
0.03090,0.06894,0.07025,0.32437,0.33945,0.05125,0.07770,0.00849,0.01842,0.01022
0.08120,0.04083,0.05366,0.09845,0.10999,0.05098,0.21180,0.05453,0.19362,0.10495
0.02698,0.02063,0.19845,0.18683,0.03938,0.20002,0.24065,0.02549,0.04206,0.01952
0.07966,0.21963,0.10114,0.14180,0.05909,0.02667,0.17319,0.01554,0.16945,0.01385
0.09911,0.08372,0.33437,0.17379,0.07628,0.07322,0.09024,0.02215,0.03049,0.01664
0.01711,0.11547,0.07278,0.15193,0.02776,0.06257,0.27835,0.01836,0.24067,0.01500
0.04643,0.01865,0.06949,0.02737,0.02440,0.27539,0.38784,0.01792,0.11881,0.01369
0.04771,0.08336,0.20356,0.29183,0.26820,0.02808,0.03294,0.01596,0.01543,0.01293
0.15406,0.04142,0.07617,0.15459,0.31592,0.11140,0.09250,0.02041,0.02510,0.00843
0.19472,0.03854,0.15888,0.09707,0.09287,0.13033,0.18148,0.01895,0.06822,0.01896
0.06286,0.03202,0.06181,0.04220,0.01855,0.06666,0.12007,0.28073,0.18807,0.12704
0.21869,0.02208,0.11917,0.19353,0.01581,0.07491,0.04264,0.13140,0.16237,0.01941
0.35683,0.02322,0.46760,0.02721,0.01412,0.02733,0.03642,0.01057,0.01462,0.02209
0.04012,0.05011,0.16692,0.02848,0.03154,0.04162,0.30700,0.02061,0.28759,0.02602
0.15598,0.09422,0.15903,0.05465,0.10745,0.03477,0.12122,0.08444,0.16027,0.02799
0.10555,0.03099,0.21947,0.21057,0.08865,0.08351,0.09771,0.07664,0.04542,0.04151
0.01507,0.06561,0.02441,0.02452,0.03709,0.11314,0.21936,0.18277,0.28776,0.03026
0.07148,0.09182,0.03372,0.02335,0.07345,0.32142,0.31557,0.01813,0.01483,0.03622
0.06817,0.11275,0.07283,0.14315,0.25546,0.02169,0.12468,0.04775,0.12947,0.02404
0.06758,0.01867,0.07041,0.01793,0.01723,0.16390,0.23834,0.16070,0.22704,0.01821
0.22985,0.05251,0.25448,0.08045,0.02356,0.01901,0.04174,0.11607,0.04115,0.14117
0.04090,0.10636,0.01360,0.12962,0.20557,0.14143,0.16549,0.08324,0.07456,0.03923
0.14730,0.04849,0.18137,0.03741,0.14177,0.11791,0.16947,0.01536,0.08787,0.05304
0.03977,0.12903,0.03338,0.06165,0.09381,0.09279,0.11916,0.14558,0.19418,0.09065
0.26722,0.03577,0.28840,0.04047,0.01825,0.13313,0.13187,0.03142,0.02466,0.02882
0.05128,0.03638,0.05902,0.01677,0.03012,0.07479,0.18405,0.21038,0.31312,0.02409
0.08660,0.03080,0.04481,0.04343,0.09966,0.12860,0.19744,0.13347,0.08923,0.14596
0.22281,0.08770,0.08231,0.03615,0.04465,0.16609,0.21693,0.03366,0.09226,0.01744
0.01032,0.02408,0.01275,0.01072,0.01896,0.02133,0.04685,0.41243,0.43012,0.01244
0.07365,0.04194,0.10452,0.03452,0.09305,0.04339,0.28620,0.03493,0.26778,0.02000
0.07814,0.05703,0.08403,0.02669,0.06453,0.05546,0.29407,0.02682,0.26428,0.04896
0.13016,0.14575,0.13418,0.08542,0.14108,0.06650,0.13320,0.03106,0.09337,0.03928
0.01828,0.02697,0.03172,0.03740,0.02604,0.19622,0.21595,0.21627,0.21232,0.01883
0.09667,0.01927,0.03940,0.14704,0.42622,0.06260,0.07737,0.03786,0.06617,0.02740
0.06119,0.04062,0.00931,0.23283,0.25523,0.05113,0.08051,0.11260,0.13486,0.02171
0.09431,0.07537,0.18773,0.24849,0.23625,0.04391,0.05185,0.02455,0.03023,0.00732
0.28336,0.02873,0.33864,0.02652,0.01958,0.04200,0.08089,0.06804,0.09870,0.01355
0.05121,0.01970,0.06551,0.03660,0.08691,0.15408,0.24264,0.12670,0.19454,0.02212
0.02802,0.39429,0.03927,0.09707,0.24008,0.06419,0.07793,0.02135,0.02312,0.01467
0.01178,0.28782,0.01345,0.05380,0.11959,0.18245,0.24549,0.01080,0.06270,0.01213
0.26273,0.04972,0.29841,0.02907,0.03179,0.09890,0.12922,0.02279,0.04828,0.02909
0.00743,0.00917,0.00719,0.00467,0.00716,0.45547,0.46849,0.01611,0.01522,0.00911
0.06674,0.07551,0.14785,0.02728,0.06188,0.10209,0.19049,0.05031,0.16684,0.11102
0.08007,0.08699,0.04478,0.03505,0.05750,0.30400,0.32135,0.01303,0.02283,0.03441
0.03456,0.02812,0.13491,0.14334,0.09314,0.20809,0.23433,0.03583,0.04722,0.04046
0.07169,0.13561,0.28049,0.22597,0.08774,0.03880,0.05182,0.02788,0.05348,0.02653
0.15816,0.03614,0.16572,0.05593,0.04178,0.05945,0.07913,0.16392,0.05751,0.18226
0.06742,0.09226,0.08532,0.06173,0.09161,0.11144,0.23219,0.07407,0.15639,0.02757
0.03072,0.12655,0.02476,0.12087,0.02580,0.26459,0.27883,0.04889,0.03057,0.04841
0.08570,0.20282,0.03909,0.07368,0.03913,0.07161,0.23807,0.02639,0.20552,0.01799
0.13220,0.27551,0.13843,0.04992,0.03299,0.07692,0.14548,0.02686,0.10110,0.02059
0.07515,0.03761,0.03761,0.01341,0.01963,0.08824,0.30185,0.10263,0.31221,0.01166
0.03777,0.06341,0.03815,0.12044,0.03934,0.24684,0.28106,0.07305,0.05128,0.04865
0.03107,0.03176,0.04565,0.03611,0.04154,0.11256,0.34200,0.03861,0.26689,0.05382
0.19577,0.03363,0.23585,0.02578,0.04119,0.13950,0.16347,0.07908,0.03193,0.05379
0.05968,0.30950,0.01933,0.02878,0.34062,0.04120,0.04267,0.06746,0.06801,0.02275
0.03795,0.41506,0.04536,0.10394,0.02687,0.12783,0.14140,0.02899,0.03629,0.03631
0.02359,0.06834,0.02459,0.03228,0.47175,0.12355,0.14439,0.04776,0.05668,0.00707
0.02432,0.17958,0.03216,0.10379,0.17086,0.04904,0.13495,0.11732,0.16663,0.02134
0.03257,0.25887,0.03016,0.29189,0.06972,0.10037,0.08946,0.04096,0.03184,0.05416
0.02871,0.17973,0.01936,0.01395,0.17609,0.18274,0.22494,0.05837,0.10448,0.01164
0.02498,0.20417,0.03255,0.01581,0.14348,0.12149,0.15465,0.14513,0.14356,0.01419
0.10130,0.11581,0.06964,0.12723,0.12013,0.13706,0.13742,0.07090,0.05574,0.06477
0.05088,0.06346,0.03201,0.10173,0.15621,0.16834,0.20919,0.08149,0.10813,0.02857
0.03320,0.06983,0.21251,0.16817,0.05038,0.17790,0.20154,0.01866,0.04842,0.01939
0.04457,0.02549,0.06138,0.03294,0.01305,0.10214,0.12496,0.27755,0.03287,0.28504
0.23969,0.05391,0.23228,0.11475,0.01448,0.08000,0.09636,0.07147,0.06787,0.02921
0.04128,0.04459,0.25232,0.09615,0.10379,0.03516,0.10844,0.09414,0.17308,0.05103
0.07604,0.19635,0.02070,0.05900,0.21223,0.05297,0.10462,0.09889,0.06122,0.11798
0.12878,0.06261,0.11542,0.06112,0.02566,0.10434,0.18419,0.08703,0.18310,0.04775
0.11203,0.14005,0.10370,0.11981,0.11751,0.06143,0.06723,0.14647,0.11798,0.01380
0.04123,0.16142,0.07284,0.01256,0.15069,0.02562,0.23435,0.04043,0.23202,0.02882
0.02928,0.68345,0.05708,0.05492,0.01459,0.04911,0.06138,0.01458,0.02523,0.01037
0.14214,0.03028,0.05031,0.01426,0.01332,0.31195,0.36302,0.01696,0.04264,0.01514
0.02585,0.02343,0.03207,0.01434,0.00985,0.30476,0.31036,0.12036,0.01438,0.14460
0.03026,0.05774,0.03197,0.04131,0.34049,0.08990,0.23207,0.02152,0.14554,0.00921
0.08400,0.01448,0.08559,0.03437,0.02121,0.28372,0.35263,0.02897,0.06373,0.03130
0.15042,0.12280,0.17120,0.02473,0.13790,0.02633,0.16793,0.01898,0.16419,0.01553
0.02175,0.06453,0.02397,0.04105,0.07472,0.28354,0.33336,0.05362,0.06482,0.03864
0.03449,0.06074,0.06009,0.06715,0.07779,0.07937,0.11164,0.23576,0.24793,0.02504
0.00939,0.02597,0.02111,0.02087,0.02152,0.30662,0.37363,0.06980,0.12001,0.03108
0.03097,0.27628,0.25627,0.01413,0.24713,0.04835,0.06696,0.02000,0.01854,0.02139
0.30807,0.05346,0.33195,0.02254,0.04712,0.05355,0.04611,0.05956,0.03582,0.04181
0.01847,0.52856,0.02299,0.03028,0.01803,0.03621,0.08016,0.10694,0.13634,0.02201
0.14757,0.06507,0.31029,0.16008,0.04280,0.10131,0.09651,0.03365,0.02894,0.01377
0.00958,0.02351,0.01733,0.03076,0.07496,0.39127,0.41341,0.01792,0.01016,0.01111
0.31149,0.07248,0.31951,0.10577,0.03700,0.03657,0.03108,0.03038,0.02845,0.02727
0.04196,0.17710,0.03950,0.21660,0.40666,0.02842,0.03426,0.01619,0.01843,0.02087
0.10158,0.13853,0.25250,0.18262,0.05358,0.03216,0.11297,0.02268,0.08222,0.02116
0.00926,0.13275,0.01041,0.04450,0.04447,0.35213,0.36589,0.02134,0.01016,0.00908
0.06713,0.07023,0.01293,0.01563,0.05723,0.20541,0.20560,0.04610,0.15221,0.16753
0.04372,0.18152,0.05424,0.05602,0.11629,0.10349,0.11323,0.13631,0.15905,0.03613
0.02932,0.09223,0.04931,0.03322,0.05564,0.33204,0.36058,0.00765,0.02520,0.01481
0.04038,0.05388,0.04645,0.03253,0.04412,0.09638,0.15748,0.23320,0.27564,0.01992
0.05800,0.15537,0.16279,0.10812,0.16734,0.03782,0.13336,0.02400,0.11846,0.03474
0.09925,0.06591,0.22292,0.03375,0.01459,0.13727,0.22684,0.04388,0.14071,0.01488
0.38271,0.04398,0.01367,0.02458,0.42328,0.02120,0.02161,0.02261,0.02599,0.02036
0.08509,0.07417,0.03775,0.04460,0.02187,0.14956,0.14823,0.18821,0.02431,0.22622
0.07320,0.05406,0.08799,0.01880,0.02786,0.14322,0.13530,0.22345,0.19607,0.04003
0.14686,0.05404,0.33655,0.14243,0.17062,0.02156,0.03668,0.02952,0.04663,0.01510
0.01684,0.13916,0.01703,0.30976,0.19992,0.12417,0.13358,0.01584,0.02954,0.01415
0.08813,0.03884,0.15696,0.08311,0.02224,0.06686,0.23965,0.05546,0.20950,0.03925
0.01492,0.01697,0.01150,0.02200,0.07873,0.27929,0.38088,0.03978,0.12403,0.03189
0.02924,0.01451,0.03054,0.02086,0.03391,0.26374,0.33045,0.11392,0.13754,0.02529
0.01355,0.27259,0.01806,0.01688,0.25416,0.15080,0.18181,0.01800,0.06050,0.01366
0.01915,0.04150,0.03299,0.02147,0.03073,0.07674,0.34806,0.07887,0.33021,0.02028
0.05757,0.04180,0.02117,0.01261,0.02650,0.32990,0.40099,0.01075,0.08420,0.01453
0.03946,0.16640,0.13126,0.02718,0.14652,0.18988,0.22114,0.01671,0.03440,0.02704
0.19031,0.03343,0.12946,0.02950,0.28184,0.03005,0.03627,0.14794,0.07677,0.04444
0.05603,0.21663,0.05148,0.17784,0.04067,0.20271,0.15993,0.00904,0.02321,0.06245
0.05566,0.20763,0.03194,0.07932,0.25571,0.06970,0.11676,0.06722,0.08935,0.02671
0.04855,0.09538,0.07645,0.07573,0.02649,0.17167,0.22409,0.08323,0.12612,0.07230
0.11976,0.30804,0.07640,0.07869,0.03129,0.17504,0.13329,0.01297,0.02330,0.04123
0.11073,0.29967,0.12810,0.16819,0.13408,0.02863,0.04881,0.03442,0.03257,0.01479
0.13040,0.07192,0.04558,0.08124,0.13632,0.15198,0.11902,0.09658,0.06188,0.10508
0.01930,0.34558,0.02518,0.08044,0.06180,0.03297,0.13958,0.10095,0.15856,0.03564
0.12339,0.04122,0.11433,0.02579,0.01517,0.18082,0.23991,0.10453,0.13503,0.01981
0.01988,0.04117,0.04572,0.21699,0.22552,0.04101,0.19712,0.02031,0.16783,0.02445
0.04669,0.30429,0.08427,0.10447,0.04898,0.12529,0.12660,0.05447,0.05967,0.04526
0.16186,0.02131,0.19980,0.05047,0.06589,0.17699,0.21473,0.03302,0.05421,0.02173
0.03884,0.20622,0.06120,0.10323,0.09242,0.08841,0.10784,0.14036,0.14398,0.01751
0.03925,0.09360,0.05673,0.04500,0.07466,0.03622,0.19275,0.15187,0.26232,0.04761
0.04910,0.12882,0.03345,0.02437,0.04281,0.19792,0.30153,0.06296,0.13078,0.02826
0.02385,0.04185,0.01700,0.03390,0.03057,0.37300,0.42191,0.01309,0.03216,0.01269
0.02031,0.03059,0.03646,0.02920,0.04116,0.16579,0.30873,0.10538,0.20880,0.05359
0.02124,0.06715,0.20763,0.22501,0.05908,0.17493,0.18323,0.01935,0.02022,0.02216
0.07942,0.40637,0.10446,0.05849,0.10521,0.02971,0.03173,0.07616,0.08113,0.02732
0.01268,0.05850,0.01702,0.05717,0.03143,0.37427,0.40405,0.00917,0.01747,0.01825
0.16978,0.00788,0.16706,0.02499,0.02810,0.19861,0.25848,0.01933,0.08742,0.03836
0.03424,0.14941,0.05345,0.03872,0.13690,0.21747,0.27521,0.01623,0.06435,0.01402
0.02541,0.29221,0.07806,0.04704,0.27494,0.07448,0.11245,0.02899,0.04793,0.01849
0.03744,0.07352,0.07715,0.08564,0.08586,0.18769,0.21518,0.08936,0.11177,0.03639
0.02647,0.03833,0.27583,0.01742,0.01353,0.14761,0.16283,0.14553,0.05986,0.11260
0.01713,0.23307,0.01981,0.01998,0.19408,0.17584,0.25081,0.01165,0.06087,0.01674
0.23519,0.01494,0.11885,0.21846,0.05648,0.14866,0.12081,0.03044,0.03331,0.02286
0.02955,0.04205,0.01442,0.06436,0.06085,0.11603,0.24840,0.15197,0.25418,0.01819
0.15073,0.04764,0.04141,0.02957,0.16847,0.19246,0.21047,0.06086,0.07740,0.02099
0.01864,0.03307,0.01922,0.01849,0.02353,0.35885,0.37794,0.07331,0.06236,0.01458
0.09480,0.06683,0.21687,0.19802,0.05030,0.07097,0.07152,0.08800,0.09517,0.04752
0.05167,0.07494,0.04859,0.26139,0.35652,0.04326,0.07815,0.02958,0.03909,0.01680
0.16717,0.15186,0.03999,0.03632,0.07738,0.11365,0.18392,0.05955,0.07901,0.09115
0.01941,0.06317,0.02935,0.12900,0.10074,0.27739,0.30045,0.03382,0.03172,0.01496
0.13071,0.08323,0.18463,0.09993,0.04419,0.11718,0.15443,0.06640,0.08711,0.03220
0.03957,0.07096,0.04900,0.03568,0.04445,0.12651,0.11747,0.25834,0.23193,0.02609
0.02660,0.06917,0.04248,0.02951,0.05556,0.02171,0.05064,0.33305,0.28798,0.08330
0.01381,0.02396,0.02439,0.02251,0.01643,0.36062,0.44435,0.00843,0.07228,0.01324
0.02560,0.08290,0.11822,0.26830,0.28950,0.03473,0.05461,0.04074,0.04230,0.04311
0.02936,0.24849,0.18606,0.28819,0.13474,0.02374,0.02491,0.02144,0.02617,0.01690
0.07224,0.30760,0.09737,0.03119,0.03646,0.04667,0.04667,0.16693,0.17505,0.01984
0.04388,0.02408,0.02981,0.08396,0.12702,0.22511,0.26156,0.06960,0.11990,0.01508
0.07956,0.09275,0.06180,0.06564,0.07995,0.19229,0.18613,0.11700,0.08023,0.04464
0.02534,0.02195,0.03477,0.18406,0.19503,0.11132,0.11581,0.12875,0.02389,0.15908
0.02427,0.07902,0.02546,0.02197,0.02524,0.22772,0.35554,0.05580,0.14559,0.03939
0.05612,0.07246,0.08316,0.03533,0.07094,0.16829,0.21015,0.11357,0.14105,0.04894
0.03192,0.32407,0.02293,0.15226,0.15738,0.10399,0.12337,0.02364,0.03955,0.02088
0.07735,0.03827,0.04983,0.03369,0.11656,0.06418,0.07018,0.25928,0.06521,0.22546
0.02283,0.01732,0.01594,0.05819,0.07003,0.18045,0.38607,0.02214,0.21415,0.01288
0.01896,0.04523,0.01424,0.02374,0.04393,0.25743,0.33461,0.09752,0.08309,0.08124
0.09969,0.27996,0.04400,0.08049,0.23788,0.03556,0.07818,0.03844,0.08925,0.01656
0.04115,0.32235,0.04308,0.13857,0.13312,0.09239,0.10479,0.05081,0.05330,0.02045
0.03088,0.08028,0.03004,0.01459,0.06446,0.28759,0.30283,0.07881,0.08947,0.02105
0.04983,0.01964,0.16129,0.01461,0.01877,0.30474,0.25299,0.02089,0.03824,0.11900
0.12038,0.05606,0.11753,0.03338,0.15969,0.06756,0.17574,0.07837,0.17151,0.01978
0.03173,0.28631,0.04990,0.09212,0.04425,0.20633,0.21934,0.02655,0.01359,0.02988
0.01065,0.12820,0.01065,0.01000,0.14992,0.06208,0.32499,0.00870,0.27997,0.01484
0.02601,0.02148,0.02384,0.02310,0.03215,0.39680,0.43028,0.01158,0.02740,0.00735
0.02071,0.06694,0.02439,0.03448,0.05747,0.34856,0.38560,0.01864,0.02538,0.01784
0.02870,0.08016,0.02224,0.26724,0.28783,0.09775,0.09937,0.04661,0.04151,0.02859
0.04209,0.03593,0.07534,0.05411,0.01782,0.15139,0.33842,0.03866,0.21804,0.02821
0.02654,0.21852,0.03498,0.03295,0.04382,0.17713,0.13592,0.09958,0.04390,0.18665
0.08253,0.02939,0.04548,0.01545,0.01229,0.16432,0.39497,0.01186,0.23187,0.01185
0.08393,0.02437,0.11182,0.09857,0.12516,0.18246,0.23078,0.04437,0.06476,0.03379
0.07195,0.11216,0.04604,0.07250,0.10514,0.23407,0.22821,0.05529,0.03845,0.03620
0.02039,0.46511,0.02867,0.04935,0.05318,0.14526,0.16364,0.02936,0.02780,0.01724
0.02134,0.04370,0.01609,0.07260,0.01797,0.10996,0.39181,0.01357,0.30162,0.01134
0.07543,0.21868,0.08975,0.06349,0.06319,0.16340,0.18764,0.05693,0.04858,0.03292
0.03879,0.13095,0.02553,0.02712,0.10296,0.23791,0.11664,0.03652,0.06915,0.21442
0.01646,0.02865,0.01794,0.01409,0.02415,0.09995,0.10257,0.33589,0.32803,0.03227
0.02230,0.06147,0.01599,0.03293,0.01760,0.23846,0.31555,0.11125,0.07183,0.11262
0.04045,0.12443,0.02579,0.10528,0.13575,0.24049,0.26640,0.02144,0.03049,0.00949
0.02190,0.01957,0.02525,0.02299,0.02447,0.15581,0.19441,0.23741,0.08447,0.21373
0.02877,0.14292,0.03051,0.02172,0.12292,0.05889,0.25899,0.06254,0.25389,0.01885
0.09366,0.07340,0.11742,0.05761,0.07862,0.19616,0.20239,0.06484,0.02057,0.09532
0.23993,0.03718,0.02875,0.01681,0.25853,0.05996,0.18634,0.01871,0.13744,0.01636
0.02261,0.07454,0.05806,0.09146,0.09916,0.25778,0.28293,0.03987,0.04829,0.02528
0.03807,0.11587,0.06991,0.05305,0.06702,0.01800,0.04539,0.27991,0.29379,0.01900
0.08254,0.23045,0.02074,0.03160,0.20011,0.19619,0.20200,0.01331,0.01277,0.01029
0.01307,0.03428,0.01868,0.02976,0.01227,0.35246,0.38063,0.07290,0.06990,0.01607
0.08025,0.08793,0.05143,0.05374,0.06125,0.16555,0.14106,0.14928,0.10641,0.10310
0.29582,0.02342,0.30420,0.04078,0.02078,0.02701,0.12839,0.01441,0.12292,0.02226
0.01669,0.29135,0.02152,0.02305,0.02541,0.04292,0.05539,0.24458,0.26042,0.01866
0.04948,0.18587,0.06126,0.14777,0.27112,0.10152,0.12622,0.01899,0.02207,0.01569
0.05861,0.06598,0.06753,0.07913,0.02084,0.03991,0.11106,0.21582,0.30733,0.03380
0.02994,0.27035,0.03834,0.22845,0.03684,0.08996,0.15478,0.02827,0.09479,0.02827
0.23930,0.07046,0.25170,0.05476,0.02295,0.09771,0.13528,0.02207,0.05137,0.05440
0.02882,0.08503,0.11449,0.03162,0.03429,0.04109,0.27583,0.07586,0.29208,0.02091
0.09576,0.03484,0.27403,0.11502,0.07709,0.15142,0.15973,0.04265,0.02771,0.02175
0.03689,0.19856,0.05932,0.07001,0.06062,0.24296,0.25691,0.02527,0.02056,0.02890
0.01668,0.06832,0.01546,0.00996,0.05691,0.33134,0.05313,0.05084,0.05574,0.34162
0.10044,0.06418,0.01496,0.01653,0.04561,0.11771,0.20306,0.15948,0.17221,0.10581
0.16479,0.02608,0.19467,0.05296,0.09347,0.04521,0.05637,0.17511,0.05929,0.13204
0.14439,0.05516,0.11751,0.03866,0.22196,0.07017,0.08180,0.14442,0.09851,0.02742
0.02548,0.48060,0.04416,0.02310,0.02176,0.15610,0.18159,0.00911,0.03844,0.01965
0.00735,0.27545,0.01221,0.04360,0.37426,0.02373,0.10118,0.03180,0.08917,0.04125
0.03232,0.64954,0.02494,0.06399,0.05625,0.06041,0.07444,0.01210,0.01596,0.01004
0.04780,0.02699,0.24448,0.02264,0.01224,0.13899,0.17851,0.14509,0.15852,0.02474
0.02978,0.20183,0.02490,0.02103,0.18526,0.03208,0.10075,0.15868,0.19855,0.04715
0.06450,0.12578,0.03407,0.04515,0.08067,0.01733,0.28399,0.03264,0.30688,0.00898
0.01559,0.23445,0.02319,0.04247,0.13205,0.12279,0.14386,0.13419,0.02677,0.12462
0.01249,0.06711,0.02401,0.17837,0.20241,0.16211,0.24694,0.01362,0.08193,0.01102
0.18328,0.03317,0.18544,0.03555,0.12059,0.04205,0.16475,0.04700,0.16944,0.01874
0.03364,0.02852,0.02567,0.02015,0.01521,0.20021,0.25803,0.17335,0.10284,0.14239
0.05987,0.07202,0.07783,0.03635,0.01647,0.27253,0.08453,0.07030,0.05585,0.25426
0.02641,0.15256,0.06695,0.05833,0.12062,0.24788,0.24927,0.02289,0.03902,0.01607
0.00906,0.02008,0.01097,0.01893,0.03152,0.41694,0.45374,0.00557,0.02526,0.00794
0.07627,0.08537,0.03298,0.10507,0.14189,0.14325,0.20428,0.06703,0.07532,0.06855
0.06397,0.08405,0.32170,0.01261,0.04911,0.05940,0.19547,0.03003,0.16357,0.02008
0.03334,0.02430,0.04749,0.02309,0.04049,0.26819,0.32212,0.10603,0.11625,0.01869
0.08537,0.17274,0.24229,0.10682,0.10550,0.03872,0.07752,0.05479,0.04726,0.06899
0.05955,0.19329,0.05764,0.12274,0.06089,0.14610,0.21965,0.02913,0.09121,0.01980
0.26806,0.12054,0.27895,0.06492,0.01855,0.02309,0.08288,0.02835,0.08379,0.03087
0.02740,0.02844,0.04354,0.02525,0.02979,0.37349,0.03869,0.02913,0.02821,0.37606
0.06251,0.13987,0.20091,0.02279,0.13334,0.17951,0.21073,0.01182,0.02136,0.01716
0.09511,0.24786,0.14368,0.04424,0.02254,0.18587,0.19770,0.02099,0.02778,0.01424
0.05607,0.30692,0.09070,0.05563,0.01765,0.17488,0.19641,0.03156,0.04420,0.02598
0.04186,0.22050,0.11229,0.02319,0.20934,0.02643,0.05380,0.12659,0.15262,0.03339
0.12227,0.17021,0.10767,0.06992,0.07661,0.13161,0.18742,0.02848,0.07849,0.02732
0.14586,0.03430,0.02361,0.02397,0.15628,0.08126,0.22792,0.07145,0.19455,0.04078
0.01305,0.02405,0.01188,0.14854,0.15379,0.07253,0.29873,0.01901,0.24552,0.01290
0.01893,0.54352,0.02372,0.02094,0.04057,0.09750,0.14364,0.03346,0.05276,0.02496
0.11680,0.04311,0.02837,0.03559,0.14291,0.11704,0.29008,0.00991,0.19932,0.01687
0.05596,0.12477,0.10081,0.08244,0.03443,0.19830,0.24901,0.03600,0.09632,0.02196
0.03798,0.06390,0.06088,0.02709,0.01999,0.30803,0.22144,0.04085,0.04242,0.17742
0.04482,0.10314,0.04714,0.03349,0.08787,0.18314,0.18587,0.14777,0.14627,0.02050
0.03234,0.17428,0.05597,0.02661,0.02222,0.20978,0.24510,0.10308,0.11214,0.01849
0.04744,0.03775,0.03415,0.03195,0.04006,0.21935,0.23962,0.14839,0.13566,0.06562
0.02357,0.27595,0.02298,0.08801,0.38423,0.05094,0.08530,0.01083,0.04110,0.01709
0.00968,0.05800,0.01035,0.02979,0.16962,0.05517,0.32879,0.01532,0.30284,0.02043
0.02281,0.08061,0.04972,0.05046,0.04993,0.16650,0.26794,0.10937,0.17142,0.03123
0.02310,0.13344,0.01792,0.02786,0.14419,0.21702,0.21818,0.09120,0.05360,0.07350
0.05950,0.13683,0.04096,0.03952,0.15283,0.21531,0.22464,0.03151,0.03040,0.06850
0.05043,0.17425,0.06719,0.05470,0.13614,0.11238,0.21846,0.01656,0.13501,0.03488
0.08702,0.20490,0.09502,0.11264,0.06015,0.11076,0.14394,0.07634,0.06112,0.04811
0.06544,0.22153,0.02058,0.13835,0.15360,0.04994,0.17000,0.02256,0.14653,0.01147
0.03765,0.23847,0.05656,0.03391,0.23393,0.15111,0.16861,0.02259,0.03111,0.02604
0.01994,0.07293,0.05645,0.08096,0.05027,0.28166,0.31996,0.01229,0.04314,0.06239
0.03332,0.08530,0.01452,0.16444,0.21862,0.13836,0.22760,0.01439,0.09443,0.00902
0.10694,0.04620,0.24064,0.04218,0.03393,0.02938,0.21199,0.03528,0.16433,0.08913
0.00937,0.26073,0.01012,0.01135,0.24742,0.20976,0.21626,0.01335,0.01505,0.00662
0.04724,0.03454,0.03507,0.02896,0.02677,0.02394,0.31138,0.10061,0.37017,0.02131
0.01546,0.29410,0.04988,0.23199,0.02991,0.14865,0.15997,0.02210,0.03531,0.01263
0.03467,0.02818,0.02715,0.03689,0.03268,0.20589,0.31351,0.09312,0.15082,0.07709
0.07811,0.07084,0.15212,0.06531,0.02576,0.03569,0.23501,0.04751,0.25799,0.03166
0.02880,0.05361,0.06835,0.09643,0.12303,0.22354,0.24802,0.07462,0.06834,0.01525
0.09399,0.17535,0.11356,0.06876,0.13025,0.16781,0.20094,0.00721,0.03252,0.00960
0.02465,0.02783,0.02798,0.02370,0.01562,0.37291,0.40293,0.04159,0.04109,0.02170
0.08646,0.05204,0.03931,0.02456,0.09760,0.15520,0.15429,0.18903,0.17373,0.02778
0.07498,0.05653,0.04591,0.06668,0.15917,0.02906,0.25864,0.04232,0.25024,0.01647
0.03677,0.10769,0.04921,0.06687,0.02761,0.10811,0.25665,0.10165,0.22773,0.01770
0.08836,0.01465,0.06876,0.07381,0.05344,0.22360,0.23718,0.05552,0.11100,0.07368
0.10334,0.05765,0.07476,0.24876,0.27004,0.02172,0.03122,0.07811,0.09729,0.01710
0.02983,0.02708,0.03182,0.04202,0.70141,0.03608,0.04943,0.01932,0.04537,0.01764
0.02430,0.03143,0.01808,0.01514,0.01554,0.29110,0.30619,0.13656,0.13365,0.02802
0.05115,0.11914,0.04510,0.04531,0.12926,0.14227,0.28365,0.01799,0.14733,0.01881
0.04075,0.13462,0.04424,0.03793,0.11983,0.25896,0.17098,0.02929,0.02758,0.13584
0.01409,0.04919,0.02102,0.02686,0.27538,0.07318,0.09456,0.21358,0.21206,0.02008
0.06128,0.19230,0.05268,0.04896,0.19125,0.13488,0.13031,0.08039,0.04235,0.06560
0.04681,0.36396,0.03078,0.04876,0.31315,0.05452,0.08613,0.01042,0.03333,0.01213
0.04887,0.46201,0.07591,0.01326,0.01779,0.04685,0.05902,0.08720,0.05425,0.13486
0.20638,0.04299,0.25215,0.04382,0.29741,0.03225,0.05129,0.01883,0.03663,0.01826
0.05248,0.03160,0.10069,0.04025,0.02191,0.23498,0.27207,0.09644,0.05540,0.09417
0.04298,0.02595,0.02901,0.01671,0.02085,0.24646,0.29175,0.11988,0.08917,0.11724
0.18412,0.04252,0.18611,0.08973,0.13241,0.07966,0.14200,0.03291,0.08897,0.02157
0.01800,0.01468,0.02912,0.01698,0.54466,0.11413,0.09440,0.05803,0.02334,0.08665
0.11033,0.11037,0.10901,0.18263,0.30414,0.03990,0.08085,0.01048,0.03829,0.01401
0.05497,0.06317,0.05894,0.02889,0.02215,0.34867,0.36269,0.02052,0.02228,0.01773
0.07538,0.03607,0.05979,0.01821,0.03166,0.03640,0.08392,0.28108,0.33593,0.04155
0.04914,0.06212,0.24439,0.08415,0.08023,0.09168,0.07734,0.14498,0.12286,0.04311
0.04740,0.20258,0.04269,0.18412,0.02762,0.06433,0.07781,0.16475,0.15260,0.03612
0.04416,0.11826,0.10029,0.13218,0.06253,0.03454,0.03521,0.22537,0.20182,0.04565
0.01639,0.02704,0.01404,0.01493,0.01535,0.25491,0.31665,0.13192,0.17816,0.03061
0.11464,0.05638,0.13673,0.04776,0.04031,0.19831,0.24429,0.04721,0.05579,0.05858
0.03898,0.24832,0.02780,0.09625,0.30972,0.05611,0.09855,0.03621,0.07276,0.01530
0.03727,0.03462,0.06911,0.07161,0.05116,0.16175,0.16724,0.17418,0.06154,0.17151
0.22659,0.01931,0.24645,0.11446,0.07719,0.06008,0.10674,0.04350,0.05979,0.04591
0.12242,0.04605,0.06818,0.11894,0.06631,0.14533,0.16182,0.07885,0.14337,0.04872
0.04137,0.10924,0.04100,0.06740,0.05428,0.25222,0.30756,0.02876,0.07235,0.02583
0.10953,0.05641,0.05352,0.03497,0.11846,0.07777,0.28504,0.01524,0.22795,0.02112
0.05623,0.04768,0.07126,0.16139,0.19505,0.19709,0.20474,0.02104,0.02558,0.01994
0.11338,0.03318,0.29849,0.08740,0.04020,0.16489,0.17398,0.03630,0.01551,0.03665
0.04976,0.04261,0.18663,0.12845,0.15474,0.11672,0.14114,0.03059,0.05402,0.09533
0.11264,0.06291,0.15581,0.06170,0.01149,0.19981,0.12907,0.06796,0.04781,0.15079
0.04096,0.04747,0.06559,0.03834,0.04778,0.27147,0.28638,0.08016,0.02560,0.09627
0.09038,0.19144,0.25699,0.18885,0.07566,0.03822,0.07585,0.02114,0.04859,0.01289
0.01691,0.21722,0.02820,0.02271,0.19592,0.03298,0.13555,0.10783,0.21708,0.02561
0.01836,0.10494,0.01582,0.08094,0.05454,0.24031,0.26942,0.09256,0.09276,0.03036
