0.03485,0.04536,0.04440,0.04378,0.03617,0.03901,0.04836,0.04592,0.04761,0.04812,0.06670,0.05501,0.05720,0.05375,0.08560,0.04900,0.04469,0.04779,0.05673,0.04995
0.03347,0.04012,0.04156,0.04009,0.03335,0.03816,0.03948,0.04044,0.04506,0.03937,0.17445,0.05084,0.05947,0.04221,0.03103,0.05569,0.04012,0.04625,0.06653,0.04230
0.03908,0.04401,0.04552,0.04445,0.04480,0.04510,0.04024,0.04242,0.04480,0.03850,0.08983,0.05444,0.05457,0.04698,0.03798,0.05987,0.04690,0.05085,0.08159,0.04808
0.04319,0.04224,0.04433,0.04333,0.04728,0.04324,0.04534,0.04436,0.04690,0.04439,0.04903,0.04708,0.04639,0.05024,0.04972,0.09691,0.06112,0.04856,0.05867,0.04768
0.03464,0.04622,0.04768,0.04810,0.03556,0.03937,0.04482,0.04639,0.04708,0.04377,0.05755,0.05105,0.04810,0.04882,0.05372,0.08479,0.05457,0.04889,0.07169,0.04721
0.02346,0.03667,0.03576,0.03591,0.02210,0.07664,0.06308,0.03912,0.03860,0.27545,0.02140,0.03609,0.03450,0.03053,0.02755,0.04706,0.03301,0.03531,0.04925,0.03852
0.03583,0.04426,0.04554,0.04591,0.03587,0.05021,0.04391,0.04750,0.04806,0.04200,0.06267,0.05028,0.04956,0.05102,0.06254,0.06931,0.04564,0.04893,0.07362,0.04734
0.03884,0.04400,0.04540,0.04419,0.03771,0.03820,0.04307,0.04339,0.04384,0.04215,0.05414,0.04943,0.05752,0.05312,0.14501,0.04185,0.04582,0.04424,0.04365,0.04441
0.03845,0.04751,0.04636,0.04858,0.03651,0.04483,0.04316,0.04627,0.04624,0.04194,0.04242,0.05072,0.04695,0.04952,0.10798,0.05313,0.06655,0.04842,0.04287,0.05158
0.03724,0.04550,0.04523,0.04739,0.03817,0.03941,0.03929,0.04286,0.04418,0.03564,0.11190,0.05488,0.05661,0.04971,0.08079,0.04156,0.04784,0.04777,0.04493,0.04912
0.03906,0.03751,0.03858,0.03577,0.03787,0.22619,0.04840,0.03802,0.03836,0.08906,0.03312,0.03690,0.03202,0.03387,0.03142,0.03784,0.03150,0.04039,0.05023,0.04390
0.03713,0.04226,0.04256,0.04383,0.03933,0.04209,0.04522,0.04317,0.04473,0.04281,0.04806,0.05017,0.04732,0.04611,0.05055,0.07657,0.04030,0.04764,0.12207,0.04810
0.03757,0.04642,0.04892,0.04517,0.03724,0.04065,0.04354,0.04673,0.04719,0.03829,0.05618,0.05299,0.04767,0.04515,0.04255,0.08768,0.06714,0.05404,0.06358,0.05128
0.03916,0.04490,0.04593,0.04258,0.04479,0.04954,0.04820,0.04518,0.04737,0.04255,0.10573,0.05382,0.05769,0.04821,0.05483,0.03866,0.04433,0.05005,0.04599,0.05051
0.03174,0.03571,0.03741,0.03562,0.03449,0.03728,0.03830,0.03577,0.03673,0.03549,0.31197,0.03971,0.04665,0.03392,0.02718,0.03183,0.03119,0.03712,0.04153,0.04037
0.03456,0.04419,0.04586,0.04360,0.03491,0.04386,0.04458,0.04777,0.04852,0.03987,0.12126,0.05251,0.05250,0.04892,0.04247,0.05060,0.04620,0.05159,0.05308,0.05314
0.03458,0.04128,0.04477,0.04264,0.03521,0.04312,0.04580,0.04556,0.04660,0.04972,0.11170,0.05405,0.05913,0.04989,0.04959,0.05126,0.04776,0.04794,0.05285,0.04652
0.03617,0.04269,0.04469,0.04373,0.03547,0.04339,0.04186,0.04451,0.04376,0.03962,0.15566,0.04833,0.05259,0.04950,0.05780,0.03689,0.04546,0.04526,0.04132,0.05130
0.03678,0.04631,0.04696,0.04882,0.03713,0.04980,0.03929,0.04515,0.04698,0.03876,0.05724,0.04976,0.05420,0.05272,0.08640,0.06116,0.05575,0.04785,0.05149,0.04747
0.03616,0.04261,0.04570,0.04442,0.03758,0.04465,0.04105,0.04196,0.04330,0.03801,0.18063,0.05376,0.04247,0.05331,0.03479,0.03760,0.04113,0.04644,0.04346,0.05099
0.03735,0.04554,0.04645,0.04572,0.04212,0.04383,0.04265,0.04504,0.04580,0.03610,0.09085,0.05805,0.05013,0.04777,0.03882,0.05660,0.04585,0.04959,0.08109,0.05064
0.03636,0.04375,0.04347,0.04439,0.03574,0.06474,0.06078,0.04548,0.04530,0.10211,0.03300,0.04713,0.03761,0.04106,0.03738,0.06039,0.03926,0.05138,0.07741,0.05325
0.03714,0.04523,0.04555,0.04532,0.03464,0.09891,0.06008,0.04508,0.04625,0.09051,0.03625,0.04424,0.03691,0.04178,0.03296,0.05911,0.03962,0.04379,0.06359,0.05304
0.04114,0.04598,0.04891,0.04644,0.03983,0.03822,0.04410,0.04675,0.04912,0.04082,0.08547,0.04865,0.05440,0.05267,0.07835,0.04003,0.05195,0.04965,0.04649,0.05105
0.03055,0.03581,0.03908,0.03801,0.03252,0.04570,0.03644,0.03900,0.03923,0.03733,0.27754,0.04097,0.04861,0.04109,0.03083,0.03275,0.03283,0.04023,0.04169,0.03979
0.03840,0.04369,0.04510,0.04302,0.04234,0.04623,0.04506,0.04335,0.04497,0.04796,0.04135,0.04418,0.05034,0.04245,0.03853,0.08974,0.04126,0.04896,0.11535,0.04772
0.03568,0.04554,0.04626,0.05037,0.03525,0.04279,0.04699,0.04678,0.04569,0.05204,0.05053,0.05112,0.04356,0.04842,0.04384,0.09671,0.06660,0.04837,0.05758,0.04589
0.03805,0.04510,0.04603,0.04420,0.03778,0.04197,0.04281,0.04188,0.04330,0.04033,0.14073,0.05501,0.04613,0.05503,0.05736,0.03796,0.04392,0.04791,0.04397,0.05053
0.03497,0.03843,0.04009,0.03846,0.03596,0.21014,0.04182,0.03901,0.03980,0.05776,0.04143,0.04184,0.03779,0.04094,0.04289,0.04253,0.03957,0.04525,0.04754,0.04377
0.07893,0.04354,0.04405,0.04454,0.07496,0.03995,0.04471,0.04271,0.04503,0.04634,0.03289,0.04493,0.04323,0.04665,0.04106,0.07011,0.04254,0.04948,0.07679,0.04756
0.04050,0.04804,0.04673,0.04832,0.04376,0.04941,0.04083,0.04502,0.04538,0.03972,0.07428,0.05587,0.05457,0.05143,0.04867,0.05728,0.04702,0.04869,0.06265,0.05182
0.03051,0.03623,0.03816,0.03786,0.03070,0.03735,0.03465,0.03901,0.03914,0.03241,0.27577,0.04475,0.05571,0.04318,0.03587,0.03339,0.03560,0.04060,0.04038,0.03873
0.03950,0.04537,0.04495,0.04525,0.04295,0.04119,0.04297,0.04350,0.04290,0.03953,0.06693,0.05665,0.04788,0.05069,0.05157,0.08080,0.05434,0.04540,0.06995,0.04770
0.12196,0.04917,0.04980,0.04564,0.09422,0.03734,0.04685,0.04364,0.04143,0.05487,0.02858,0.04113,0.04092,0.04037,0.04192,0.04023,0.04316,0.04244,0.04837,0.04796
0.03896,0.04249,0.04373,0.04417,0.03212,0.04218,0.04058,0.04104,0.04171,0.04451,0.04334,0.04731,0.05089,0.04777,0.18682,0.03788,0.04822,0.04372,0.04100,0.04158
0.04125,0.04592,0.04865,0.04659,0.04441,0.04696,0.04760,0.04758,0.04819,0.04505,0.05736,0.05154,0.04670,0.05409,0.06692,0.05343,0.06009,0.05142,0.04535,0.05089
0.02954,0.03935,0.04270,0.03954,0.02844,0.08117,0.06800,0.04446,0.04133,0.19364,0.03121,0.03859,0.03829,0.03465,0.02952,0.04783,0.03747,0.03860,0.05170,0.04399
0.03303,0.04436,0.04406,0.04512,0.03553,0.05430,0.04357,0.04464,0.04491,0.04262,0.10337,0.05413,0.05259,0.04817,0.03971,0.05689,0.03897,0.05027,0.07673,0.04703
0.03724,0.03963,0.04477,0.04189,0.04009,0.05523,0.03950,0.04344,0.04401,0.03674,0.10580,0.05321,0.05127,0.04855,0.05449,0.05094,0.04290,0.05230,0.06770,0.05027
0.04001,0.04252,0.04692,0.04476,0.03834,0.04508,0.04188,0.04481,0.04746,0.03668,0.05534,0.05189,0.04686,0.05449,0.07562,0.06844,0.05534,0.05020,0.06191,0.05146
0.03297,0.04391,0.04726,0.04512,0.03237,0.03671,0.04127,0.04826,0.04958,0.03717,0.07537,0.05054,0.06236,0.04945,0.05397,0.07023,0.04974,0.05066,0.07440,0.04865
0.04279,0.04582,0.04680,0.04885,0.04117,0.03829,0.04325,0.04862,0.04777,0.04071,0.03881,0.04980,0.05917,0.05242,0.11111,0.04731,0.03882,0.05103,0.05929,0.04815
0.03551,0.04342,0.04513,0.04015,0.03870,0.04781,0.04310,0.04443,0.04388,0.04129,0.15136,0.05014,0.04896,0.04422,0.03766,0.04986,0.04080,0.04491,0.06164,0.04702
0.03647,0.04215,0.04378,0.04226,0.03711,0.05130,0.04612,0.04553,0.04504,0.05413,0.04182,0.04807,0.04581,0.04004,0.03843,0.11016,0.07358,0.04779,0.06617,0.04422
0.03348,0.04230,0.04489,0.03993,0.03329,0.10148,0.06061,0.04506,0.04478,0.11094,0.03839,0.04490,0.03945,0.03788,0.03709,0.05263,0.04226,0.04400,0.05486,0.05177
0.03323,0.04640,0.04463,0.04588,0.03391,0.04409,0.04416,0.04303,0.04577,0.04331,0.06307,0.05834,0.05396,0.05365,0.06226,0.06546,0.04421,0.05018,0.07564,0.04880
0.03463,0.04148,0.04333,0.04148,0.03718,0.04816,0.04435,0.04467,0.04574,0.04323,0.05771,0.05084,0.04851,0.04309,0.04108,0.08073,0.04231,0.04835,0.11583,0.04730
0.04034,0.04458,0.04463,0.04639,0.04492,0.04042,0.04203,0.04539,0.04489,0.04277,0.04094,0.04495,0.04177,0.04144,0.03777,0.11626,0.05449,0.04609,0.09174,0.04819
0.03627,0.04334,0.04329,0.04239,0.03955,0.04814,0.04232,0.04279,0.04502,0.03758,0.12340,0.05645,0.04905,0.05263,0.04649,0.04488,0.04268,0.04971,0.06024,0.05380
0.03201,0.04369,0.04396,0.04441,0.03105,0.05755,0.05893,0.04594,0.04186,0.11064,0.03570,0.04895,0.04243,0.04016,0.04466,0.07252,0.04057,0.04615,0.07071,0.04812
0.03694,0.04532,0.04470,0.04626,0.03618,0.04158,0.04812,0.04494,0.04654,0.05035,0.04478,0.05112,0.04893,0.05141,0.10383,0.06098,0.05370,0.04631,0.04968,0.04831
0.03233,0.04173,0.03945,0.04030,0.03103,0.05384,0.05682,0.04201,0.04151,0.10288,0.03371,0.04690,0.03945,0.03749,0.04023,0.06984,0.04146,0.05034,0.10960,0.04907
0.03474,0.04369,0.04531,0.04675,0.03489,0.04846,0.04512,0.04764,0.04747,0.04637,0.04355,0.04918,0.04793,0.04907,0.07126,0.07276,0.05020,0.04740,0.07764,0.05056
0.03328,0.04208,0.04576,0.04199,0.03390,0.10474,0.05002,0.04752,0.04845,0.06176,0.03356,0.04279,0.03788,0.03825,0.03452,0.06894,0.03939,0.04700,0.09493,0.05324
0.03303,0.04215,0.04360,0.04475,0.03218,0.06631,0.05990,0.04897,0.04616,0.10865,0.03256,0.04601,0.04214,0.04236,0.05906,0.05542,0.04889,0.04569,0.05499,0.04717
0.03210,0.04388,0.04433,0.04419,0.03420,0.05454,0.04519,0.04497,0.04639,0.04324,0.10451,0.05473,0.04728,0.04927,0.04040,0.05738,0.04383,0.05037,0.07028,0.04892
0.02928,0.03295,0.03395,0.03282,0.03017,0.03748,0.03099,0.03347,0.03267,0.02977,0.36630,0.04162,0.04597,0.03666,0.03358,0.02262,0.02626,0.03650,0.03263,0.03431
0.03376,0.04332,0.04740,0.04514,0.03344,0.04123,0.03809,0.04348,0.04258,0.03530,0.15770,0.05086,0.04988,0.04556,0.03153,0.05489,0.04211,0.04623,0.07128,0.04621
0.03493,0.03963,0.04158,0.04329,0.03204,0.03942,0.04092,0.04164,0.04098,0.03973,0.03128,0.04085,0.04007,0.03729,0.03983,0.19743,0.07584,0.04466,0.05581,0.04279
0.15180,0.04480,0.04566,0.04150,0.11446,0.04450,0.04418,0.04138,0.04191,0.05379,0.02565,0.04089,0.04264,0.04050,0.03542,0.03198,0.03536,0.04052,0.04269,0.04036
0.03323,0.03871,0.04036,0.03902,0.03567,0.03553,0.03658,0.03796,0.04219,0.03407,0.22354,0.04837,0.04657,0.04946,0.05142,0.03864,0.04470,0.04323,0.03858,0.04215
0.03533,0.04237,0.04670,0.04372,0.03753,0.04408,0.04280,0.04725,0.04780,0.04001,0.06584,0.05253,0.05716,0.04801,0.04831,0.06669,0.04343,0.04981,0.09138,0.04925
0.09268,0.04554,0.04778,0.04572,0.07621,0.03364,0.04427,0.04231,0.04188,0.04551,0.03114,0.04608,0.04313,0.04481,0.03731,0.05535,0.04283,0.04582,0.08008,0.05791
0.08852,0.05076,0.04649,0.04693,0.09040,0.03886,0.04558,0.04465,0.04386,0.04688,0.04431,0.04606,0.04595,0.04180,0.03432,0.05089,0.04098,0.04631,0.05810,0.04837
0.04109,0.04502,0.04476,0.04632,0.04372,0.04063,0.04372,0.04434,0.04638,0.04161,0.05227,0.04729,0.04373,0.04478,0.04220,0.09300,0.04926,0.05186,0.08849,0.04955
0.03770,0.04496,0.04666,0.04564,0.04100,0.03961,0.04478,0.04509,0.04648,0.03701,0.10146,0.05730,0.04798,0.05499,0.05299,0.05418,0.05923,0.04849,0.04545,0.04897
0.08279,0.05039,0.04795,0.04835,0.06975,0.03374,0.04945,0.04555,0.04459,0.05182,0.03823,0.04590,0.04682,0.04894,0.05031,0.05200,0.05194,0.05075,0.04587,0.04485
0.03668,0.04176,0.04465,0.04021,0.03863,0.04406,0.03951,0.04262,0.04355,0.03551,0.15859,0.05067,0.05349,0.04805,0.05894,0.03641,0.04135,0.04872,0.04535,0.05127
0.04813,0.04926,0.04911,0.05134,0.04818,0.03491,0.04215,0.04630,0.04617,0.03677,0.04953,0.05251,0.05060,0.05251,0.06153,0.06155,0.04624,0.05042,0.06944,0.05334
0.03847,0.04332,0.04458,0.04661,0.04034,0.04937,0.03882,0.04384,0.04342,0.04150,0.03407,0.04131,0.04786,0.04498,0.06648,0.09380,0.04036,0.05168,0.10547,0.04373
0.03302,0.04533,0.04522,0.04379,0.03522,0.05343,0.04515,0.04721,0.04843,0.04343,0.09093,0.05331,0.05394,0.04860,0.05087,0.05434,0.04625,0.05073,0.05831,0.05247
0.03336,0.04412,0.03988,0.04261,0.02979,0.03533,0.04020,0.04240,0.04334,0.03948,0.03069,0.04196,0.04443,0.04397,0.20601,0.05082,0.05388,0.04348,0.04239,0.05184
0.02661,0.04008,0.04084,0.03849,0.02693,0.16203,0.05957,0.04245,0.04150,0.12630,0.03102,0.04091,0.03269,0.03600,0.03814,0.04661,0.03723,0.03657,0.04826,0.04778
0.03630,0.04253,0.04430,0.04166,0.03441,0.09687,0.06367,0.04407,0.04378,0.13660,0.03640,0.03988,0.03899,0.03817,0.03661,0.04521,0.03824,0.03935,0.05291,0.05004
0.09646,0.04375,0.04315,0.04182,0.09486,0.04204,0.04306,0.04279,0.04221,0.04760,0.03480,0.04308,0.04273,0.04272,0.04227,0.05734,0.04545,0.04768,0.05693,0.04927
0.03486,0.04254,0.04063,0.04084,0.03372,0.06822,0.06764,0.04160,0.04038,0.17707,0.03194,0.04194,0.03545,0.03810,0.04315,0.04645,0.04162,0.03872,0.04877,0.04637
0.03433,0.04211,0.04228,0.04003,0.03480,0.09047,0.06118,0.04464,0.04458,0.11033,0.03425,0.04318,0.03592,0.03791,0.03393,0.05911,0.04065,0.04331,0.07504,0.05194
0.03296,0.04181,0.04262,0.04196,0.03529,0.04045,0.03881,0.04255,0.04409,0.03665,0.16202,0.05388,0.05466,0.04440,0.05359,0.04069,0.03734,0.04871,0.06004,0.04745
0.03334,0.04553,0.04679,0.04590,0.03525,0.04284,0.04053,0.04521,0.04773,0.03815,0.07501,0.05410,0.04601,0.04708,0.04299,0.07513,0.04762,0.05358,0.08596,0.05128
0.05779,0.04310,0.04283,0.04068,0.06413,0.04738,0.04082,0.04036,0.04119,0.04003,0.02967,0.04184,0.03867,0.03928,0.03075,0.09537,0.03806,0.04551,0.13132,0.05123
0.03861,0.04306,0.04480,0.04726,0.04229,0.04283,0.04208,0.04398,0.04540,0.04279,0.11188,0.05038,0.05096,0.04802,0.03351,0.06562,0.04437,0.04516,0.07017,0.04684
0.03452,0.03981,0.04088,0.04024,0.03456,0.04663,0.04177,0.04399,0.04356,0.03952,0.03584,0.04196,0.04103,0.04409,0.05410,0.14200,0.08285,0.04866,0.05589,0.04807
0.06535,0.04938,0.04910,0.04885,0.06342,0.03743,0.04647,0.04448,0.04476,0.04605,0.03172,0.04283,0.04047,0.04641,0.03657,0.08296,0.04668,0.04583,0.08317,0.04807
0.03787,0.04302,0.04688,0.04160,0.03882,0.04688,0.04180,0.04485,0.04905,0.03705,0.08579,0.05210,0.05427,0.04898,0.05299,0.05875,0.05078,0.05588,0.06196,0.05070
0.03679,0.04296,0.04478,0.04567,0.03443,0.04112,0.04785,0.04657,0.04468,0.05788,0.04113,0.04888,0.05354,0.04499,0.08512,0.07816,0.06541,0.04802,0.04917,0.04284
0.03319,0.04124,0.04389,0.04203,0.03438,0.03949,0.04136,0.04205,0.04374,0.04187,0.15100,0.05322,0.05641,0.04954,0.04308,0.05181,0.04786,0.04541,0.05399,0.04443
0.03878,0.04505,0.04551,0.04757,0.03941,0.04030,0.04182,0.04357,0.04243,0.03809,0.13475,0.05038,0.04625,0.04785,0.04126,0.05381,0.04508,0.04645,0.06188,0.04976
0.03466,0.04187,0.04306,0.04471,0.03319,0.04627,0.04365,0.04340,0.04410,0.04418,0.03965,0.04745,0.04794,0.04813,0.07102,0.10089,0.05405,0.04667,0.07871,0.04639
0.03307,0.03917,0.04197,0.04002,0.03663,0.08407,0.05092,0.04507,0.04607,0.06062,0.03004,0.04091,0.03926,0.04085,0.03584,0.10011,0.04359,0.04781,0.09055,0.05343
0.03537,0.04165,0.04283,0.03976,0.03382,0.09266,0.05342,0.04593,0.04644,0.07902,0.03835,0.04306,0.03643,0.03834,0.03444,0.06453,0.03812,0.04929,0.09201,0.05455
0.03547,0.04350,0.04570,0.04481,0.03720,0.03766,0.03900,0.04132,0.04392,0.03716,0.17793,0.04936,0.05437,0.04655,0.03595,0.04356,0.04290,0.04543,0.05221,0.04602
0.03800,0.04288,0.04395,0.04624,0.03708,0.03713,0.04443,0.04454,0.04284,0.05011,0.03504,0.04685,0.05208,0.04931,0.09235,0.08641,0.05631,0.04894,0.06004,0.04545
0.03451,0.04510,0.04586,0.04383,0.03535,0.04575,0.04451,0.04644,0.04730,0.04021,0.11077,0.05833,0.05383,0.05313,0.05163,0.04837,0.04333,0.04664,0.05330,0.05180
0.07523,0.04464,0.04522,0.04464,0.07844,0.04198,0.04589,0.04328,0.04397,0.04676,0.03825,0.04788,0.03938,0.04341,0.03383,0.06629,0.04317,0.04749,0.08016,0.05010
0.03405,0.03971,0.03929,0.04099,0.03433,0.04295,0.03874,0.04156,0.04092,0.03723,0.03232,0.04734,0.04969,0.04322,0.06100,0.10874,0.04120,0.04500,0.13481,0.04691
0.03705,0.04072,0.04215,0.04094,0.04371,0.04948,0.03944,0.04231,0.04339,0.03816,0.13362,0.05028,0.04354,0.04295,0.03753,0.06265,0.04232,0.04757,0.06963,0.05255
0.04002,0.04421,0.04848,0.04576,0.03948,0.05350,0.04587,0.04660,0.04712,0.04368,0.08996,0.05039,0.04803,0.05255,0.04801,0.05069,0.04710,0.04856,0.05465,0.05531
0.03003,0.04080,0.03917,0.04177,0.03086,0.05260,0.06104,0.04630,0.04514,0.10580,0.03751,0.04629,0.04118,0.03811,0.02966,0.08687,0.04102,0.04454,0.09571,0.04559
0.03778,0.04587,0.04510,0.04902,0.03829,0.04916,0.04776,0.04897,0.04710,0.04235,0.08385,0.04805,0.04993,0.04534,0.04814,0.06015,0.04550,0.04694,0.06843,0.05225
0.03714,0.04387,0.04433,0.04631,0.03970,0.05067,0.04441,0.04544,0.04713,0.04026,0.11371,0.05085,0.04501,0.04718,0.03659,0.06101,0.04770,0.04841,0.05827,0.05201
