0.07909,0.08240,0.06799,0.05548,0.19996,0.16317,0.04226,0.02432,0.15957,0.02232,0.02254,0.08090
0.02522,0.02415,0.08167,0.03637,0.56379,0.02811,0.03935,0.01657,0.12641,0.01334,0.00922,0.03580
0.01609,0.02009,0.05318,0.05379,0.06870,0.03292,0.50617,0.06629,0.11912,0.01777,0.01313,0.03277
0.04274,0.39215,0.06026,0.02909,0.04791,0.08418,0.03164,0.05364,0.07202,0.01438,0.00931,0.16267
0.05848,0.10360,0.44905,0.07938,0.04218,0.03001,0.15029,0.00770,0.03379,0.01023,0.01269,0.02259
0.07895,0.08844,0.08689,0.02926,0.04872,0.06039,0.24216,0.17853,0.10776,0.01843,0.01884,0.04163
0.14995,0.12874,0.16069,0.16774,0.10707,0.06653,0.04967,0.00723,0.04781,0.03072,0.03505,0.04881
0.03543,0.04661,0.11481,0.05979,0.41345,0.01680,0.16609,0.00621,0.07392,0.02289,0.02174,0.02225
0.15857,0.16525,0.05462,0.17801,0.04380,0.23130,0.07676,0.00872,0.03655,0.01311,0.01369,0.01960
0.15215,0.07092,0.26981,0.05813,0.18733,0.01978,0.03948,0.00870,0.12645,0.01576,0.02232,0.02917
0.07391,0.08488,0.07438,0.07803,0.27971,0.03995,0.02914,0.01238,0.20222,0.04027,0.01898,0.06615
0.03917,0.04048,0.02922,0.01854,0.07041,0.03889,0.03588,0.03361,0.63221,0.01325,0.00954,0.03879
0.06659,0.07898,0.12250,0.02483,0.15285,0.04637,0.16965,0.03216,0.22678,0.01436,0.01283,0.05210
0.02234,0.17646,0.02791,0.15756,0.05459,0.41864,0.00975,0.01671,0.04611,0.01529,0.03662,0.01802
0.01476,0.01809,0.07586,0.04000,0.48897,0.02297,0.05353,0.00691,0.23106,0.01438,0.01071,0.02274
0.11389,0.10767,0.11694,0.05304,0.07115,0.16157,0.02616,0.03139,0.13347,0.02947,0.02779,0.12746
0.13504,0.08875,0.24260,0.06788,0.08047,0.05328,0.14319,0.00619,0.07290,0.02701,0.02491,0.05779
0.02634,0.02712,0.02611,0.04463,0.18301,0.48279,0.02812,0.01888,0.07988,0.03307,0.02451,0.02555
0.08813,0.06291,0.23461,0.05583,0.10610,0.02691,0.21265,0.01605,0.09500,0.03041,0.04033,0.03107
0.02708,0.02959,0.03324,0.02059,0.55959,0.01631,0.02132,0.00654,0.21433,0.02716,0.01715,0.02708
0.04081,0.11348,0.05539,0.14441,0.07228,0.32602,0.02948,0.04003,0.05426,0.04861,0.03499,0.04023
0.02225,0.03027,0.24039,0.09134,0.03207,0.02693,0.36476,0.01209,0.03447,0.03991,0.01284,0.09268
0.02417,0.02423,0.04850,0.05125,0.03711,0.18793,0.31044,0.18423,0.07874,0.01703,0.01321,0.02316
0.04812,0.05185,0.44006,0.20573,0.03231,0.04565,0.08388,0.01765,0.02075,0.01172,0.01898,0.02328
0.01476,0.01743,0.02055,0.04286,0.11430,0.06279,0.37139,0.00821,0.25272,0.04147,0.02617,0.02734
0.08353,0.08973,0.23272,0.13326,0.08152,0.06157,0.07287,0.03058,0.09285,0.02842,0.05738,0.03556
0.06658,0.11663,0.07620,0.07035,0.07516,0.03872,0.01938,0.00846,0.05231,0.15939,0.13815,0.17867
0.02445,0.02820,0.03331,0.02058,0.16358,0.02361,0.10078,0.41924,0.12634,0.02081,0.01934,0.01975
0.09771,0.09886,0.03281,0.03366,0.43058,0.03337,0.08761,0.01025,0.10337,0.01849,0.01864,0.03464
0.09804,0.09016,0.17971,0.10316,0.11469,0.03055,0.14042,0.00587,0.05222,0.07924,0.03779,0.06815
0.03783,0.05336,0.10996,0.21090,0.05774,0.03600,0.28821,0.01754,0.06171,0.04812,0.03372,0.04491
0.05626,0.08204,0.06297,0.09338,0.07460,0.27522,0.20376,0.01058,0.06165,0.01284,0.01196,0.05473
0.07596,0.07534,0.10720,0.09902,0.24299,0.07524,0.07544,0.02264,0.09237,0.03573,0.05017,0.04789
0.05895,0.06427,0.03864,0.03169,0.47032,0.03150,0.12454,0.01073,0.12128,0.01124,0.01309,0.02375
0.17246,0.12632,0.29617,0.05556,0.08749,0.05049,0.07123,0.01337,0.07398,0.01331,0.01440,0.02522
0.07604,0.09271,0.11182,0.18742,0.09930,0.03781,0.02205,0.25115,0.05978,0.01375,0.02340,0.02477
0.04657,0.22226,0.04073,0.05759,0.21661,0.07004,0.02215,0.01908,0.17975,0.04085,0.05069,0.03368
0.05618,0.07201,0.04691,0.05388,0.14448,0.23535,0.01932,0.02007,0.21330,0.03658,0.05381,0.04811
0.04361,0.06511,0.04270,0.05420,0.16534,0.20700,0.04428,0.01444,0.27491,0.02482,0.02920,0.03440
0.01454,0.01861,0.58582,0.06811,0.05865,0.02642,0.03319,0.03421,0.11095,0.01466,0.01470,0.02014
0.01182,0.01392,0.03112,0.01831,0.65782,0.01358,0.01684,0.00626,0.20197,0.00809,0.00712,0.01313
0.01277,0.01786,0.02260,0.04106,0.74386,0.03544,0.00839,0.00790,0.06186,0.01120,0.01023,0.02682
0.08512,0.08687,0.52646,0.03863,0.09870,0.01581,0.03298,0.00591,0.06102,0.01588,0.01184,0.02079
0.01900,0.02442,0.02933,0.01931,0.73221,0.01240,0.01419,0.00723,0.06312,0.04138,0.01525,0.02217
0.02206,0.02725,0.08117,0.21385,0.14096,0.04990,0.31359,0.00856,0.09275,0.01244,0.01298,0.02449
0.06665,0.10488,0.16361,0.11796,0.05333,0.07292,0.16939,0.05004,0.06887,0.04705,0.04439,0.04091
0.16004,0.10318,0.09094,0.02462,0.16132,0.02944,0.02266,0.00714,0.08551,0.13505,0.04382,0.13628
0.02496,0.03327,0.04358,0.08732,0.25921,0.08400,0.02903,0.07775,0.28747,0.01880,0.02473,0.02987
0.05082,0.08926,0.04709,0.24246,0.11391,0.18262,0.02554,0.03904,0.05939,0.02283,0.03033,0.09671
0.13331,0.22294,0.02822,0.03917,0.09145,0.22827,0.05040,0.01556,0.13409,0.01870,0.01729,0.02059
0.02614,0.02789,0.05050,0.01852,0.51883,0.01037,0.07178,0.01015,0.16795,0.06286,0.01699,0.01801
0.04016,0.06064,0.02217,0.02793,0.45003,0.04265,0.14581,0.00809,0.16680,0.00863,0.01142,0.01569
0.04645,0.05567,0.29339,0.02684,0.04498,0.05639,0.11492,0.02557,0.27232,0.01760,0.01289,0.03295
0.17031,0.18589,0.14384,0.05186,0.13299,0.03209,0.04616,0.00836,0.10161,0.03437,0.03400,0.05851
0.02129,0.02666,0.01698,0.01541,0.67597,0.01546,0.08600,0.00823,0.09304,0.01418,0.01339,0.01337
0.06617,0.09451,0.05112,0.10914,0.11329,0.22178,0.01541,0.03724,0.19694,0.01956,0.02724,0.04761
0.00621,0.00747,0.83570,0.06104,0.03043,0.00778,0.00682,0.00430,0.01767,0.00624,0.00479,0.01157
0.02510,0.02741,0.02975,0.02311,0.03565,0.18708,0.04114,0.21115,0.37846,0.00623,0.00643,0.02850
0.03324,0.03223,0.06415,0.04007,0.09068,0.05044,0.02684,0.00798,0.52705,0.05388,0.04519,0.02825
0.10400,0.22626,0.03853,0.07585,0.08701,0.23251,0.09805,0.01719,0.05885,0.01467,0.02578,0.02130
0.02881,0.03652,0.02014,0.01934,0.31080,0.02342,0.06519,0.01547,0.43774,0.01271,0.01792,0.01193
0.02134,0.02475,0.02917,0.02480,0.71732,0.01690,0.01035,0.00714,0.08382,0.02171,0.01921,0.02349
0.11362,0.16358,0.24496,0.11438,0.06099,0.02694,0.10403,0.01870,0.04384,0.02394,0.06111,0.02391
0.06504,0.04816,0.11586,0.07813,0.11532,0.14751,0.07776,0.01810,0.25100,0.01919,0.01515,0.04878
0.05584,0.06429,0.49557,0.01973,0.07917,0.01550,0.15029,0.00939,0.03805,0.01494,0.01719,0.04004
0.06576,0.10663,0.05066,0.04170,0.29440,0.03570,0.01776,0.01101,0.23661,0.07016,0.04089,0.02873
0.01287,0.01902,0.01335,0.01243,0.76757,0.01215,0.02496,0.00966,0.09787,0.01057,0.00807,0.01147
0.07619,0.11395,0.06275,0.05664,0.14725,0.05054,0.01984,0.13539,0.21624,0.02843,0.04288,0.04990
0.06531,0.08315,0.03261,0.12632,0.22556,0.20861,0.01050,0.02261,0.09263,0.03377,0.05983,0.03911
0.01695,0.01873,0.01194,0.01337,0.19361,0.02698,0.24317,0.00832,0.43217,0.01015,0.01106,0.01354
0.02370,0.03268,0.03495,0.04457,0.05212,0.09425,0.38996,0.02929,0.08690,0.06438,0.02393,0.12325
0.01315,0.01070,0.03439,0.02207,0.02505,0.03583,0.00967,0.02255,0.04458,0.72724,0.01550,0.03927
0.01345,0.01623,0.02903,0.02699,0.03727,0.23963,0.39486,0.01223,0.17052,0.01494,0.01115,0.03370
0.01660,0.02027,0.03113,0.29728,0.11579,0.35913,0.01384,0.00821,0.09273,0.01124,0.01192,0.02185
0.03756,0.05350,0.05933,0.10540,0.03613,0.02634,0.01254,0.01452,0.02257,0.22785,0.04700,0.35726
0.02351,0.03311,0.05054,0.04864,0.06551,0.25924,0.17009,0.02942,0.26697,0.01123,0.00908,0.03267
0.07421,0.08577,0.11904,0.33121,0.10836,0.07549,0.01629,0.04376,0.06843,0.01073,0.01911,0.04760
0.03765,0.03234,0.06810,0.02844,0.28927,0.01665,0.02915,0.00808,0.28222,0.12242,0.05771,0.02795
0.05975,0.07602,0.27576,0.03204,0.18168,0.01852,0.10560,0.05334,0.09367,0.03474,0.03561,0.03328
0.01695,0.02084,0.04541,0.05853,0.12736,0.04813,0.39298,0.01100,0.22228,0.01055,0.00832,0.03764
0.05989,0.06263,0.10703,0.21359,0.11112,0.07772,0.02678,0.02757,0.11753,0.04835,0.09672,0.05106
0.01313,0.01693,0.36465,0.03402,0.41227,0.01204,0.01433,0.00490,0.08768,0.01158,0.01375,0.01473
0.01120,0.01426,0.48557,0.06948,0.02378,0.01632,0.32768,0.00533,0.01782,0.00796,0.00607,0.01454
0.04939,0.06714,0.07461,0.09562,0.16895,0.08888,0.02751,0.02558,0.10574,0.18041,0.04692,0.06926
0.04069,0.04795,0.10168,0.04820,0.19766,0.03892,0.20505,0.01994,0.22116,0.02483,0.02141,0.03252
0.12548,0.13349,0.06790,0.21607,0.04324,0.21504,0.03454,0.03131,0.04984,0.01216,0.01593,0.05500
0.07504,0.14274,0.19966,0.06460,0.08714,0.02214,0.17231,0.01601,0.04010,0.04719,0.07618,0.05689
0.16454,0.21408,0.13881,0.13732,0.07034,0.05484,0.02624,0.01577,0.10447,0.01263,0.01308,0.04788
0.03606,0.04598,0.03331,0.02284,0.56877,0.02073,0.02266,0.03562,0.14382,0.02194,0.02887,0.01940
0.03752,0.03941,0.08333,0.18473,0.04412,0.42065,0.07147,0.01748,0.05044,0.01418,0.01502,0.02165
0.54470,0.07015,0.01439,0.01928,0.08370,0.02991,0.03387,0.01192,0.05185,0.05181,0.07274,0.01569
0.10206,0.09174,0.25633,0.05170,0.05966,0.16797,0.06610,0.01713,0.09438,0.01372,0.01136,0.06782
0.01846,0.02039,0.48441,0.07815,0.03011,0.02618,0.27483,0.00584,0.02117,0.00784,0.00651,0.02610
0.03272,0.03837,0.16971,0.19362,0.17222,0.02047,0.21976,0.00787,0.07706,0.02175,0.02859,0.01786
0.03160,0.06615,0.02481,0.10570,0.27633,0.25125,0.01201,0.01281,0.11935,0.03597,0.03576,0.02825
0.03283,0.03346,0.10709,0.21478,0.03703,0.13558,0.28999,0.01441,0.02918,0.01248,0.01101,0.08216
0.01505,0.01794,0.02400,0.05431,0.09201,0.46877,0.03640,0.03189,0.22160,0.01025,0.01088,0.01690
0.06901,0.05524,0.06618,0.05779,0.22950,0.05641,0.10614,0.02154,0.27200,0.01502,0.02478,0.02639
0.08514,0.09741,0.12674,0.03490,0.22294,0.02030,0.05584,0.01228,0.20685,0.06185,0.03181,0.04394
0.04379,0.06266,0.02414,0.04626,0.21850,0.18019,0.01150,0.03571,0.27076,0.02594,0.05858,0.02198
