0.10406,0.06227,0.22392,0.08549,0.01768,0.01246,0.03224,0.01726,0.01829,0.00759,0.01484,0.01756,0.03615,0.03468,0.11630,0.02444,0.02664,0.03314,0.11091,0.00409
0.30659,0.07570,0.00398,0.01632,0.00736,0.01388,0.02449,0.19031,0.25151,0.00556,0.00377,0.00760,0.00566,0.02197,0.02195,0.00584,0.00318,0.00437,0.02724,0.00272
0.19511,0.29125,0.02314,0.00655,0.00601,0.02026,0.00768,0.01259,0.01493,0.00543,0.00757,0.02504,0.00156,0.21327,0.00349,0.00610,0.00450,0.00458,0.14881,0.00212
0.02751,0.03536,0.03799,0.71229,0.00894,0.00879,0.07193,0.01051,0.01141,0.00692,0.00799,0.00907,0.00597,0.00341,0.00386,0.00913,0.01102,0.00646,0.00548,0.00596
0.50548,0.06587,0.00316,0.01207,0.00586,0.00680,0.00610,0.26299,0.07917,0.00673,0.00658,0.00545,0.00401,0.00225,0.01410,0.00482,0.00165,0.00301,0.00146,0.00244
0.31884,0.46026,0.01525,0.00986,0.00555,0.00571,0.01072,0.01105,0.01164,0.00517,0.05445,0.03613,0.00453,0.00869,0.00925,0.00825,0.01288,0.00385,0.00358,0.00436
0.10784,0.23087,0.02541,0.27180,0.01396,0.00919,0.07944,0.01971,0.01620,0.00501,0.00636,0.00538,0.11777,0.00918,0.05363,0.00758,0.00673,0.00671,0.00461,0.00262
0.10415,0.46087,0.02781,0.02902,0.01434,0.04044,0.02133,0.01612,0.01459,0.04228,0.01572,0.03330,0.01248,0.04513,0.00389,0.02287,0.00758,0.03400,0.05026,0.00382
0.18108,0.17436,0.00215,0.00645,0.00787,0.00316,0.00589,0.59177,0.00374,0.00365,0.00190,0.00337,0.00326,0.00116,0.00218,0.00238,0.00189,0.00113,0.00177,0.00084
0.28813,0.13737,0.11448,0.01330,0.04610,0.01612,0.01253,0.06729,0.03202,0.01803,0.03345,0.00507,0.16104,0.00456,0.00835,0.00752,0.00616,0.00477,0.00246,0.02124
0.06957,0.05925,0.01067,0.01534,0.00424,0.02130,0.02599,0.05227,0.03696,0.01004,0.01802,0.01270,0.00481,0.34027,0.00429,0.00767,0.01664,0.00318,0.28320,0.00358
0.27901,0.07324,0.00453,0.01708,0.00355,0.01022,0.02101,0.40127,0.14262,0.00994,0.00443,0.00364,0.00447,0.00534,0.00591,0.00379,0.00189,0.00500,0.00142,0.00164
0.09574,0.21774,0.07192,0.36782,0.02781,0.01174,0.02467,0.01839,0.02077,0.01493,0.01279,0.03335,0.00677,0.00752,0.01230,0.00386,0.00976,0.01723,0.01030,0.01460
0.14012,0.13474,0.00604,0.01890,0.01220,0.00551,0.02566,0.16682,0.30932,0.01255,0.00394,0.01994,0.00498,0.07018,0.00395,0.00551,0.00220,0.00625,0.04845,0.00274
0.04370,0.10699,0.01120,0.16155,0.00950,0.02619,0.03124,0.02874,0.03753,0.01056,0.00537,0.00993,0.01233,0.29950,0.00518,0.00454,0.01050,0.00394,0.17208,0.00942
0.03324,0.15996,0.02795,0.06543,0.00335,0.44171,0.00331,0.01406,0.20328,0.00660,0.01315,0.00410,0.00360,0.00320,0.00249,0.00556,0.00341,0.00156,0.00149,0.00258
0.17434,0.28139,0.00074,0.00246,0.00205,0.00161,0.00366,0.52449,0.00098,0.00188,0.00071,0.00109,0.00092,0.00039,0.00063,0.00085,0.00066,0.00023,0.00033,0.00059
0.00621,0.01297,0.00351,0.00312,0.00129,0.74866,0.00187,0.00502,0.20538,0.00099,0.00132,0.00126,0.00261,0.00100,0.00082,0.00114,0.00095,0.00046,0.00079,0.00062
0.04802,0.19225,0.11764,0.02698,0.07962,0.01937,0.06582,0.01379,0.01133,0.01966,0.32470,0.00945,0.01701,0.00343,0.00422,0.01594,0.01517,0.00579,0.00363,0.00617
0.35826,0.06012,0.00576,0.01059,0.00765,0.00730,0.00637,0.30722,0.18240,0.00867,0.00510,0.00734,0.00303,0.00450,0.00913,0.00356,0.00425,0.00366,0.00181,0.00327
0.12069,0.28624,0.02864,0.01112,0.02822,0.01212,0.22978,0.04262,0.00746,0.01217,0.14857,0.01218,0.02002,0.00330,0.00739,0.00448,0.01141,0.00454,0.00280,0.00625
0.34335,0.28642,0.01839,0.13934,0.00972,0.04111,0.01624,0.04885,0.02182,0.00497,0.00539,0.01596,0.00505,0.00864,0.00631,0.00711,0.00516,0.00978,0.00248,0.00392
0.04674,0.14721,0.09035,0.00602,0.00361,0.39496,0.00599,0.01252,0.24609,0.00791,0.00892,0.00393,0.00449,0.00244,0.00235,0.00512,0.00160,0.00404,0.00192,0.00376
0.40486,0.18213,0.09496,0.03262,0.00850,0.02946,0.01244,0.04480,0.02913,0.01196,0.01435,0.00589,0.00781,0.00277,0.01471,0.01351,0.01903,0.06421,0.00190,0.00496
0.06309,0.31876,0.00900,0.01264,0.00311,0.02064,0.45498,0.06154,0.01218,0.01202,0.00575,0.00428,0.00385,0.00283,0.00267,0.00242,0.00201,0.00163,0.00201,0.00460
0.21809,0.51182,0.00981,0.00936,0.00241,0.03120,0.00658,0.01455,0.00323,0.00338,0.00696,0.14219,0.00309,0.00619,0.00530,0.01174,0.00329,0.00274,0.00561,0.00246
0.13663,0.05346,0.00289,0.00184,0.00461,0.00617,0.00239,0.75701,0.00931,0.00518,0.00186,0.00273,0.00302,0.00112,0.00225,0.00208,0.00154,0.00240,0.00202,0.00147
0.04236,0.07504,0.00937,0.01381,0.01462,0.03502,0.70792,0.04008,0.01117,0.00656,0.00429,0.00593,0.00425,0.00698,0.00226,0.00367,0.00584,0.00300,0.00333,0.00451
0.25533,0.39511,0.12690,0.04287,0.01280,0.01410,0.01757,0.03545,0.03049,0.00406,0.00373,0.01167,0.00260,0.00796,0.00349,0.00568,0.00805,0.01476,0.00473,0.00265
0.02042,0.03044,0.01430,0.01003,0.00977,0.00967,0.79182,0.02280,0.00696,0.00979,0.00308,0.00585,0.00659,0.02402,0.01195,0.00568,0.00186,0.00340,0.00856,0.00299
0.28749,0.34368,0.01219,0.00794,0.01056,0.02583,0.02545,0.02517,0.03572,0.01136,0.00544,0.01311,0.01133,0.13418,0.00425,0.00395,0.01138,0.00735,0.01818,0.00546
0.23233,0.28551,0.01721,0.00524,0.00440,0.13262,0.01208,0.01508,0.00385,0.00538,0.01159,0.05297,0.09235,0.02281,0.07608,0.00479,0.00368,0.00380,0.01006,0.00818
0.19278,0.38222,0.06325,0.00569,0.00288,0.25314,0.01395,0.00783,0.01627,0.01198,0.00528,0.01535,0.00441,0.00525,0.00267,0.00320,0.00371,0.00200,0.00432,0.00384
0.35846,0.46837,0.01035,0.01144,0.00252,0.05397,0.00759,0.01080,0.00570,0.02427,0.00397,0.00426,0.00450,0.00368,0.00427,0.00625,0.00392,0.00776,0.00326,0.00466
0.28270,0.56648,0.00892,0.00909,0.00546,0.01466,0.00361,0.00768,0.01050,0.01147,0.01421,0.02128,0.00459,0.01688,0.00469,0.00304,0.00557,0.00181,0.00315,0.00421
0.19402,0.30878,0.02815,0.01418,0.01010,0.02583,0.00959,0.00729,0.01141,0.01057,0.07575,0.00770,0.01120,0.17156,0.00617,0.00420,0.00714,0.00379,0.09034,0.00223
0.24871,0.45498,0.01804,0.01264,0.00314,0.00848,0.01801,0.04994,0.01201,0.00820,0.01505,0.01758,0.00618,0.00486,0.00243,0.01010,0.00618,0.00747,0.00313,0.09288
0.20422,0.27600,0.01195,0.32508,0.00875,0.01752,0.01837,0.02288,0.04643,0.01454,0.00237,0.00608,0.00382,0.00855,0.00510,0.00372,0.01461,0.00265,0.00347,0.00388
0.01348,0.03733,0.00379,0.00507,0.00307,0.45903,0.00553,0.00480,0.44963,0.00273,0.00129,0.00244,0.00214,0.00136,0.00113,0.00167,0.00171,0.00156,0.00113,0.00113
0.07890,0.05859,0.71862,0.01046,0.00693,0.00841,0.01103,0.00333,0.01013,0.00329,0.00251,0.01400,0.00607,0.00366,0.01338,0.02127,0.00773,0.01491,0.00315,0.00364
0.13115,0.18532,0.01094,0.43536,0.01552,0.01481,0.01787,0.01906,0.01066,0.00588,0.00637,0.01043,0.00374,0.07905,0.00446,0.00617,0.00833,0.01006,0.02172,0.00313
0.36338,0.42524,0.01981,0.01439,0.00385,0.11780,0.00637,0.00576,0.00824,0.00789,0.00355,0.00370,0.00304,0.00422,0.00219,0.00150,0.00339,0.00198,0.00159,0.00209
0.41939,0.13768,0.03683,0.10497,0.00942,0.01823,0.02636,0.10515,0.04239,0.00568,0.00700,0.00643,0.02696,0.00508,0.00526,0.00579,0.00261,0.02481,0.00342,0.00655
0.52168,0.10858,0.00892,0.02983,0.01391,0.01396,0.01463,0.08435,0.14261,0.00831,0.00580,0.00618,0.01021,0.00485,0.00232,0.00452,0.00411,0.00613,0.00316,0.00595
0.18074,0.61531,0.02149,0.00778,0.00552,0.01749,0.01411,0.01071,0.00726,0.04640,0.01628,0.00635,0.00681,0.00837,0.00337,0.00562,0.00586,0.00707,0.01133,0.00216
0.75723,0.19833,0.00210,0.00431,0.00257,0.00345,0.00285,0.00388,0.00291,0.00140,0.00237,0.00460,0.00210,0.00313,0.00183,0.00101,0.00214,0.00102,0.00136,0.00141
0.20129,0.13041,0.09786,0.03352,0.01170,0.02677,0.01436,0.02190,0.04919,0.00452,0.00669,0.02294,0.01197,0.10108,0.01651,0.00730,0.05402,0.01154,0.16531,0.01114
0.25985,0.14054,0.04739,0.35479,0.00923,0.00839,0.01719,0.05096,0.01592,0.01399,0.01168,0.01130,0.00648,0.00488,0.00257,0.00373,0.00779,0.02411,0.00323,0.00597
0.03029,0.03840,0.01153,0.48495,0.00780,0.08303,0.03341,0.02602,0.01546,0.01554,0.02965,0.01005,0.01306,0.04092,0.00416,0.00780,0.01228,0.01764,0.11100,0.00701
0.12620,0.16803,0.17146,0.01426,0.01108,0.25213,0.01021,0.01419,0.03068,0.01039,0.00370,0.01526,0.00689,0.07962,0.00473,0.00802,0.00691,0.00546,0.05713,0.00364
0.25334,0.22068,0.01262,0.02230,0.02178,0.07150,0.02029,0.00920,0.00606,0.00693,0.05080,0.12898,0.03700,0.03190,0.01487,0.00613,0.00839,0.00372,0.05185,0.02168
0.07595,0.16638,0.01813,0.01192,0.00721,0.02232,0.30502,0.12262,0.02682,0.01724,0.00453,0.02351,0.01479,0.06847,0.02149,0.00568,0.00416,0.00719,0.07415,0.00240
0.06141,0.29744,0.47003,0.01815,0.00938,0.00504,0.02027,0.03124,0.00900,0.00875,0.00874,0.00781,0.01031,0.00351,0.00892,0.00667,0.00312,0.00810,0.00170,0.01040
0.19341,0.25309,0.02072,0.04530,0.02329,0.01038,0.25212,0.03501,0.02309,0.01697,0.00869,0.05176,0.01545,0.00635,0.01478,0.00942,0.00680,0.00520,0.00479,0.00337
0.02937,0.05555,0.01651,0.00816,0.00813,0.01295,0.01840,0.01411,0.01498,0.00594,0.00958,0.02944,0.24262,0.27978,0.01338,0.00530,0.00567,0.00285,0.22010,0.00717
0.46627,0.46106,0.00574,0.00837,0.00303,0.00518,0.00273,0.00516,0.00421,0.00299,0.00306,0.00416,0.00181,0.01111,0.00212,0.00178,0.00164,0.00278,0.00537,0.00142
0.18645,0.10607,0.44791,0.01056,0.00506,0.00658,0.00612,0.01837,0.00977,0.00428,0.03020,0.00451,0.01298,0.00218,0.12558,0.00436,0.00819,0.00421,0.00134,0.00528
0.01330,0.02001,0.00393,0.00523,0.00316,0.00441,0.00576,0.00374,0.00379,0.00339,0.00701,0.00240,0.00256,0.23472,0.00169,0.00218,0.00142,0.00050,0.67920,0.00161
0.12994,0.22169,0.02151,0.02202,0.00496,0.01684,0.04172,0.01662,0.10787,0.01053,0.02351,0.01842,0.00390,0.05411,0.00402,0.00722,0.00299,0.00491,0.28449,0.00276
0.25688,0.05551,0.00604,0.02175,0.00883,0.00929,0.01404,0.39168,0.03861,0.00514,0.00474,0.00440,0.00463,0.11461,0.00515,0.01751,0.00313,0.00302,0.03191,0.00315
0.31216,0.06627,0.00401,0.02197,0.01039,0.00821,0.00872,0.46678,0.04738,0.00587,0.01382,0.00380,0.00150,0.00224,0.00764,0.00329,0.00257,0.00937,0.00143,0.00258
0.45896,0.36051,0.01526,0.02054,0.00531,0.01596,0.00887,0.02579,0.00806,0.01011,0.03648,0.00344,0.00425,0.00479,0.00408,0.00261,0.00408,0.00473,0.00247,0.00371
0.22377,0.15223,0.00870,0.02741,0.00377,0.01578,0.06087,0.33937,0.11764,0.00725,0.00546,0.00915,0.00409,0.00306,0.00634,0.00335,0.00398,0.00405,0.00164,0.00206
0.46648,0.14017,0.09748,0.01708,0.00860,0.00986,0.01420,0.01286,0.02012,0.01104,0.02534,0.01336,0.05963,0.00511,0.01972,0.00799,0.05889,0.00617,0.00269,0.00321
0.04501,0.12162,0.01833,0.02294,0.00924,0.01352,0.50630,0.04675,0.03865,0.00647,0.00199,0.02425,0.01684,0.01331,0.03077,0.00899,0.03702,0.00930,0.02564,0.00305
0.07609,0.12448,0.04356,0.42775,0.02134,0.01461,0.01967,0.05648,0.04858,0.01571,0.00958,0.01144,0.00813,0.04447,0.01219,0.00850,0.00968,0.00437,0.01787,0.02549
0.15520,0.10134,0.01723,0.17581,0.01077,0.08256,0.02075,0.04274,0.04044,0.01205,0.00421,0.02647,0.00850,0.22159,0.00804,0.01064,0.00408,0.01529,0.03030,0.01201
0.37734,0.44691,0.00711,0.01363,0.00615,0.00631,0.00494,0.02673,0.01454,0.00477,0.01127,0.02250,0.00368,0.01472,0.00447,0.00490,0.00423,0.00657,0.00963,0.00959
0.29169,0.04035,0.00489,0.00883,0.00641,0.00680,0.01871,0.28610,0.21803,0.00566,0.00536,0.03758,0.01320,0.02136,0.00837,0.00937,0.00345,0.00636,0.00354,0.00393
0.39289,0.32723,0.00603,0.00242,0.00571,0.01206,0.00950,0.00975,0.00365,0.00667,0.00582,0.12817,0.01162,0.02343,0.01513,0.00704,0.00488,0.01442,0.00989,0.00369
0.26322,0.28505,0.01988,0.02451,0.00607,0.02975,0.00667,0.01893,0.02080,0.00478,0.01436,0.01005,0.00497,0.05232,0.00287,0.00354,0.00552,0.00329,0.21979,0.00362
0.30173,0.13142,0.32604,0.01504,0.02114,0.00913,0.00861,0.00930,0.02869,0.00711,0.00936,0.00814,0.00826,0.00780,0.05221,0.01339,0.01955,0.00866,0.00997,0.00446
0.04318,0.15029,0.04622,0.01402,0.03002,0.03267,0.18166,0.02082,0.01143,0.09580,0.00709,0.01870,0.13614,0.11606,0.05344,0.00494,0.01283,0.00648,0.01493,0.00330
0.39063,0.35496,0.04329,0.11592,0.00810,0.01791,0.00541,0.01347,0.01283,0.00362,0.00512,0.00566,0.00498,0.00491,0.00128,0.00298,0.00205,0.00383,0.00180,0.00123
0.40463,0.08269,0.00579,0.01953,0.01252,0.01688,0.02149,0.20792,0.06612,0.01383,0.00519,0.01390,0.00691,0.06433,0.00383,0.00777,0.00454,0.00448,0.03586,0.00181
0.46659,0.12357,0.01076,0.04350,0.00840,0.01289,0.06518,0.08117,0.10678,0.00497,0.00623,0.01182,0.00538,0.00417,0.00395,0.01216,0.00411,0.01987,0.00470,0.00380
0.09141,0.31690,0.01421,0.02684,0.01350,0.05558,0.11162,0.01810,0.01897,0.02333,0.01460,0.08247,0.00858,0.05504,0.00683,0.01311,0.00886,0.00509,0.10829,0.00667
0.21439,0.10928,0.01321,0.01487,0.01460,0.03587,0.44321,0.03180,0.02673,0.02553,0.00608,0.01270,0.00601,0.00944,0.00948,0.00606,0.00287,0.00188,0.00493,0.01106
0.07586,0.28382,0.01890,0.41375,0.04463,0.00736,0.02292,0.02074,0.01030,0.01309,0.00467,0.01087,0.00464,0.02394,0.00553,0.01475,0.00861,0.00584,0.00674,0.00303
0.06811,0.04389,0.01200,0.01521,0.00985,0.02125,0.02086,0.07272,0.01754,0.01007,0.04984,0.02879,0.00795,0.27372,0.00642,0.00701,0.01032,0.00436,0.31499,0.00510
0.02672,0.04516,0.02416,0.50064,0.01733,0.03216,0.00916,0.01555,0.01038,0.00954,0.00549,0.01616,0.21165,0.01104,0.02497,0.00638,0.00600,0.00949,0.00686,0.01118
0.24926,0.47450,0.02745,0.00750,0.01079,0.01524,0.01812,0.04180,0.00934,0.00912,0.01313,0.02469,0.00322,0.06346,0.00238,0.00341,0.00879,0.00482,0.00886,0.00414
0.10219,0.14620,0.02171,0.01888,0.00927,0.05515,0.47269,0.01805,0.00994,0.02384,0.02658,0.01276,0.00272,0.00787,0.00402,0.01651,0.00987,0.00300,0.02608,0.01265
0.19261,0.06048,0.00372,0.02125,0.00616,0.00984,0.02880,0.59670,0.01457,0.00635,0.02798,0.00623,0.00420,0.00205,0.00536,0.00442,0.00165,0.00420,0.00135,0.00206
0.32214,0.53339,0.01446,0.01612,0.01478,0.00931,0.00672,0.00331,0.00439,0.00580,0.01631,0.01303,0.00459,0.01227,0.00702,0.00408,0.00255,0.00528,0.00205,0.00239
0.17089,0.10076,0.00274,0.00857,0.00475,0.00511,0.01730,0.64365,0.01220,0.00305,0.00336,0.00637,0.00187,0.00320,0.00617,0.00195,0.00155,0.00308,0.00135,0.00207
0.38609,0.35376,0.01603,0.00403,0.02180,0.00623,0.02032,0.03329,0.04534,0.01165,0.00362,0.01112,0.00353,0.02056,0.00280,0.00497,0.00288,0.03697,0.00312,0.01190
0.04036,0.09806,0.05503,0.00929,0.00304,0.44725,0.00970,0.02579,0.25037,0.01027,0.00842,0.00475,0.00442,0.00210,0.00517,0.01082,0.00354,0.00507,0.00217,0.00440
0.05577,0.42476,0.06876,0.02407,0.01466,0.06909,0.16946,0.03729,0.00942,0.05596,0.00746,0.01039,0.01006,0.00270,0.00559,0.00539,0.01687,0.00652,0.00364,0.00214
0.06901,0.23190,0.02334,0.01375,0.01646,0.20181,0.00985,0.02569,0.32882,0.02679,0.00718,0.00659,0.00395,0.00533,0.00489,0.00670,0.00605,0.00710,0.00275,0.00203
0.26855,0.53595,0.05746,0.01296,0.00532,0.01381,0.02045,0.01202,0.01333,0.00727,0.00571,0.00704,0.00358,0.00952,0.00298,0.00614,0.00343,0.00322,0.00746,0.00380
0.23755,0.43537,0.01328,0.00708,0.00610,0.02451,0.17664,0.00823,0.01432,0.01207,0.00895,0.01542,0.00687,0.00761,0.00803,0.00381,0.00327,0.00288,0.00499,0.00301
0.38245,0.04632,0.00411,0.00592,0.01050,0.00606,0.02092,0.30959,0.14120,0.00427,0.00481,0.01569,0.00396,0.01292,0.00431,0.00613,0.00223,0.00479,0.01160,0.00222
0.08262,0.06927,0.02393,0.69074,0.00697,0.01266,0.02722,0.01274,0.00572,0.00665,0.01049,0.01680,0.00390,0.00737,0.00316,0.00376,0.00520,0.00275,0.00355,0.00450
0.07334,0.21186,0.02728,0.00683,0.00472,0.52598,0.00624,0.01015,0.07735,0.01829,0.00676,0.00485,0.00282,0.00170,0.00329,0.00473,0.00217,0.00356,0.00169,0.00638
0.08543,0.43723,0.02603,0.01766,0.02530,0.01919,0.02044,0.01773,0.01509,0.01315,0.00985,0.04944,0.18256,0.01248,0.00858,0.00882,0.02397,0.00736,0.00438,0.01532
0.44794,0.37446,0.00546,0.00985,0.00513,0.01284,0.00951,0.02653,0.01422,0.00424,0.01784,0.02598,0.01699,0.00278,0.00605,0.00320,0.00527,0.00352,0.00299,0.00522
0.20736,0.19124,0.01483,0.01043,0.00451,0.00387,0.02262,0.01198,0.00547,0.00502,0.03900,0.04299,0.00807,0.14954,0.00974,0.00412,0.00944,0.00525,0.24638,0.00813
0.02576,0.02240,0.01918,0.03818,0.10888,0.00851,0.02399,0.00761,0.06131,0.01918,0.61352,0.01058,0.00978,0.00358,0.00326,0.00728,0.00535,0.00542,0.00205,0.00417
0.10764,0.42927,0.05488,0.01935,0.00472,0.14013,0.03457,0.01618,0.01095,0.05406,0.03958,0.01083,0.01177,0.00568,0.02120,0.01225,0.00297,0.01501,0.00531,0.00364
