0.29447,0.31091,0.24947,0.00821,0.00999,0.01558,0.00516,0.01862,0.00642,0.08117
0.04496,0.03840,0.00419,0.00515,0.00414,0.28272,0.00330,0.48221,0.00287,0.13207
0.42078,0.52942,0.00217,0.00221,0.00207,0.01489,0.00159,0.01575,0.00186,0.00926
0.38989,0.36334,0.00625,0.00401,0.00382,0.01416,0.00389,0.01683,0.00341,0.19437
0.33884,0.39218,0.03930,0.06287,0.03498,0.01344,0.00840,0.01647,0.01440,0.07913
0.43173,0.16380,0.00685,0.23329,0.01375,0.05868,0.00543,0.05120,0.00591,0.02936
0.16657,0.14801,0.00789,0.00425,0.00655,0.01000,0.00500,0.01196,0.00612,0.63365
0.25674,0.58137,0.00196,0.00191,0.00172,0.06934,0.00158,0.06385,0.00164,0.01988
0.46465,0.42695,0.00330,0.00423,0.00265,0.00694,0.00217,0.00698,0.00322,0.07893
0.29498,0.36649,0.00173,0.00184,0.00206,0.01250,0.00298,0.01005,0.00221,0.30516
0.17672,0.19299,0.05096,0.10735,0.00766,0.28019,0.00668,0.15573,0.00580,0.01591
0.26076,0.27733,0.00179,0.00340,0.00294,0.27395,0.00271,0.16957,0.00248,0.00507
0.13632,0.37635,0.00305,0.00267,0.00247,0.36397,0.00279,0.10261,0.00250,0.00727
0.33656,0.45287,0.00294,0.00487,0.00269,0.07307,0.00200,0.11810,0.00254,0.00435
0.42636,0.48815,0.01252,0.01047,0.00555,0.00831,0.00315,0.00913,0.00517,0.03119
0.76345,0.22218,0.00082,0.00088,0.00062,0.00357,0.00075,0.00312,0.00066,0.00395
0.43246,0.44042,0.00489,0.00311,0.00224,0.01547,0.00361,0.01513,0.00365,0.07902
0.42918,0.10182,0.00267,0.00406,0.00280,0.11554,0.00293,0.31822,0.00230,0.02047
0.14556,0.60279,0.00240,0.00216,0.00182,0.15372,0.00174,0.07902,0.00177,0.00902
0.28192,0.43924,0.00585,0.00471,0.00440,0.04607,0.00435,0.03842,0.00287,0.17216
0.22702,0.21239,0.00480,0.00421,0.00272,0.21739,0.00402,0.30652,0.00384,0.01708
0.19101,0.40119,0.00495,0.00301,0.00339,0.21723,0.00496,0.09863,0.00372,0.07191
0.15381,0.76606,0.00383,0.00258,0.00277,0.01527,0.00402,0.01224,0.00268,0.03674
0.38649,0.37119,0.00299,0.00391,0.00623,0.03469,0.00283,0.03906,0.00469,0.14793
0.37859,0.27151,0.00487,0.31873,0.00680,0.00611,0.00155,0.00610,0.00205,0.00369
0.27638,0.41596,0.00208,0.00163,0.00116,0.16835,0.00124,0.12598,0.00156,0.00566
0.49078,0.47202,0.00100,0.00179,0.00142,0.00802,0.00213,0.00776,0.00237,0.01271
0.73358,0.20116,0.00290,0.00375,0.00227,0.02051,0.00357,0.02120,0.00193,0.00914
0.81088,0.14854,0.00263,0.00287,0.00192,0.00737,0.00224,0.00897,0.00185,0.01273
0.19186,0.30298,0.06546,0.11986,0.00593,0.15140,0.00416,0.12348,0.00376,0.03111
0.36815,0.40834,0.01025,0.04071,0.02373,0.05806,0.00352,0.06012,0.00381,0.02331
0.20051,0.20232,0.00602,0.00584,0.00447,0.16629,0.00330,0.28535,0.00333,0.12257
0.34021,0.53570,0.00433,0.00647,0.00373,0.01698,0.00274,0.02607,0.00411,0.05967
0.23237,0.22663,0.00621,0.00435,0.00334,0.16395,0.00869,0.16318,0.00594,0.18534
0.69188,0.07538,0.00487,0.00926,0.00797,0.04093,0.00883,0.05648,0.00747,0.09694
0.36655,0.56782,0.00604,0.00710,0.00459,0.01386,0.00414,0.01269,0.00345,0.01376
0.22341,0.32937,0.01088,0.21578,0.16290,0.01214,0.00619,0.01384,0.00551,0.01999
0.13106,0.11032,0.00443,0.00421,0.00302,0.15228,0.00253,0.25645,0.00276,0.33295
0.41310,0.29745,0.00312,0.00253,0.00220,0.05196,0.00192,0.04925,0.00217,0.17628
0.37436,0.45571,0.00157,0.00297,0.00215,0.01265,0.00271,0.01462,0.00371,0.12954
0.23041,0.29996,0.00367,0.00391,0.00366,0.12953,0.00293,0.18063,0.00289,0.14241
0.35065,0.62356,0.00138,0.00141,0.00094,0.00794,0.00107,0.00686,0.00108,0.00511
0.49363,0.45852,0.00260,0.00276,0.00203,0.00587,0.00179,0.00601,0.00193,0.02485
0.37470,0.31463,0.01378,0.01315,0.01014,0.05093,0.01477,0.03529,0.01019,0.16242
0.35497,0.19926,0.01077,0.17965,0.01853,0.03041,0.00671,0.02902,0.00556,0.16514
0.27836,0.24890,0.00373,0.00390,0.00279,0.16424,0.00231,0.28469,0.00224,0.00883
0.38602,0.53730,0.02206,0.00574,0.00363,0.01470,0.00357,0.01528,0.00410,0.00761
0.54930,0.35088,0.00134,0.00206,0.00128,0.05628,0.00179,0.03046,0.00176,0.00485
0.28192,0.24607,0.00269,0.00313,0.00234,0.30652,0.00209,0.13179,0.00225,0.02121
0.27989,0.49271,0.15590,0.00541,0.00467,0.00944,0.00437,0.00911,0.00571,0.03279
0.33579,0.47603,0.00098,0.00264,0.00180,0.08598,0.00374,0.07427,0.00203,0.01675
0.40362,0.56607,0.00080,0.00152,0.00123,0.00486,0.00167,0.00471,0.00159,0.01393
0.40714,0.26897,0.00257,0.00257,0.00185,0.00461,0.00179,0.00465,0.00231,0.30352
0.11575,0.12089,0.00301,0.00291,0.00236,0.20820,0.00253,0.52346,0.00215,0.01874
0.25577,0.27752,0.00903,0.01056,0.00911,0.00740,0.00956,0.00723,0.00627,0.40754
0.51650,0.44595,0.00298,0.00319,0.00268,0.00500,0.00284,0.00468,0.00284,0.01333
0.25351,0.72731,0.00174,0.00177,0.00143,0.00336,0.00127,0.00324,0.00119,0.00518
0.35513,0.36345,0.00594,0.09348,0.07489,0.01612,0.00260,0.01709,0.00494,0.06636
0.20687,0.40028,0.00517,0.00498,0.00405,0.26558,0.01134,0.07532,0.00503,0.02138
0.14435,0.05239,0.00824,0.02358,0.01969,0.05282,0.02641,0.05530,0.01348,0.60374
0.62772,0.18875,0.04156,0.01149,0.00821,0.00829,0.01734,0.00857,0.00526,0.08281
0.23468,0.73834,0.00197,0.00170,0.00119,0.00667,0.00119,0.00729,0.00104,0.00592
0.34291,0.30757,0.18364,0.12804,0.00364,0.00748,0.00534,0.00690,0.00323,0.01126
0.38431,0.39193,0.00387,0.00294,0.00307,0.01029,0.00294,0.00932,0.00244,0.18889
0.41895,0.56176,0.00237,0.00242,0.00167,0.00371,0.00149,0.00314,0.00102,0.00346
0.33810,0.48017,0.00472,0.00388,0.00290,0.01687,0.00217,0.01708,0.00308,0.13103
0.70017,0.26454,0.00403,0.00332,0.00284,0.00560,0.00248,0.00551,0.00219,0.00931
0.60400,0.37143,0.00180,0.00161,0.00140,0.00566,0.00130,0.00590,0.00107,0.00584
0.53638,0.45101,0.00106,0.00109,0.00080,0.00286,0.00070,0.00301,0.00078,0.00232
0.42051,0.40700,0.00516,0.00322,0.00312,0.04109,0.00539,0.03616,0.00816,0.07020
0.29523,0.40086,0.00348,0.00254,0.00241,0.18464,0.00261,0.08602,0.00205,0.02018
0.06642,0.08116,0.00236,0.00270,0.00203,0.42803,0.00229,0.30631,0.00200,0.10669
0.35845,0.10147,0.00656,0.01299,0.00895,0.21296,0.00967,0.25118,0.00776,0.03000
0.32598,0.51975,0.00572,0.00310,0.00384,0.05982,0.00391,0.05864,0.00439,0.01484
0.29297,0.31299,0.15315,0.01212,0.00836,0.04707,0.01188,0.03105,0.00689,0.12352
0.56043,0.42034,0.00084,0.00154,0.00106,0.00565,0.00111,0.00561,0.00106,0.00235
0.41490,0.51025,0.00359,0.00306,0.00230,0.00318,0.00182,0.00298,0.00194,0.05598
0.52716,0.46099,0.00100,0.00126,0.00085,0.00267,0.00078,0.00246,0.00075,0.00207
0.51722,0.43946,0.00140,0.00254,0.00188,0.00778,0.00251,0.00766,0.00308,0.01647
0.45171,0.50170,0.00292,0.00186,0.00150,0.01317,0.00159,0.01340,0.00196,0.01019
0.56625,0.42262,0.00084,0.00108,0.00091,0.00261,0.00074,0.00234,0.00074,0.00188
0.10105,0.12263,0.09537,0.16441,0.00461,0.36785,0.00362,0.12727,0.00300,0.01020
0.29843,0.43647,0.00653,0.00543,0.00371,0.04532,0.00618,0.04475,0.00624,0.14695
0.30998,0.41005,0.00217,0.00195,0.00324,0.05613,0.00365,0.04299,0.00304,0.16680
0.52031,0.16196,0.00400,0.28985,0.00395,0.00383,0.00172,0.00404,0.00185,0.00849
0.35718,0.32928,0.00558,0.00654,0.00779,0.05574,0.00734,0.04952,0.01047,0.17055
0.23482,0.24281,0.00562,0.01069,0.00571,0.03022,0.00509,0.04512,0.00946,0.41044
0.62451,0.35447,0.00118,0.00083,0.00060,0.00616,0.00105,0.00658,0.00097,0.00365
0.17608,0.20684,0.01328,0.12624,0.09659,0.10690,0.01168,0.14322,0.01063,0.10853
0.29664,0.24775,0.00435,0.16701,0.00398,0.06431,0.00999,0.06060,0.00403,0.14135
0.06924,0.07113,0.00896,0.00660,0.00837,0.03681,0.00696,0.03903,0.00644,0.74645
0.17107,0.17210,0.00367,0.00338,0.00289,0.34390,0.00297,0.27669,0.00273,0.02059
0.38842,0.13843,0.00651,0.00694,0.00541,0.10011,0.00335,0.29394,0.00404,0.05285
0.79556,0.17913,0.00145,0.00184,0.00139,0.00415,0.00099,0.00448,0.00133,0.00968
0.24194,0.47833,0.00395,0.00555,0.00283,0.07956,0.00390,0.14233,0.00288,0.03873
0.29610,0.35615,0.00639,0.00389,0.00523,0.03899,0.00631,0.04013,0.00956,0.23725
0.51868,0.26596,0.03363,0.01115,0.00989,0.05027,0.00477,0.07529,0.00596,0.02440
0.31442,0.57821,0.00168,0.00147,0.00112,0.00357,0.00122,0.00348,0.00108,0.09376
0.44826,0.53216,0.00191,0.00198,0.00133,0.00415,0.00107,0.00393,0.00099,0.00422
0.46007,0.45916,0.00238,0.00203,0.00156,0.02902,0.00234,0.02479,0.00253,0.01613
