0.08589,0.07283,0.10525,0.06592,0.06242,0.02952,0.04847,0.04425,0.07537,0.08974,0.03595,0.03269,0.03936,0.03187,0.03762,0.03520,0.02267,0.02350,0.02845,0.03303
0.09174,0.07726,0.11584,0.06785,0.06355,0.03156,0.05355,0.04586,0.08001,0.09241,0.03002,0.02909,0.03484,0.02636,0.03530,0.02845,0.02128,0.02325,0.02522,0.02656
0.08580,0.07736,0.11150,0.06685,0.06568,0.03133,0.05463,0.04592,0.07976,0.08883,0.03227,0.02930,0.03543,0.02704,0.03396,0.02936,0.02194,0.02529,0.02692,0.03083
0.08703,0.07591,0.11047,0.06749,0.06580,0.03116,0.05111,0.04637,0.08148,0.08488,0.03133,0.03044,0.03525,0.03153,0.03557,0.02979,0.02141,0.02372,0.02562,0.03362
0.09283,0.08875,0.13337,0.07082,0.06434,0.02829,0.05338,0.04819,0.08585,0.10459,0.02624,0.02292,0.02829,0.02321,0.02811,0.02216,0.01800,0.01961,0.01875,0.02230
0.08319,0.07316,0.10881,0.06250,0.06095,0.03128,0.05241,0.04570,0.07581,0.08905,0.03565,0.03233,0.03839,0.02955,0.03918,0.03216,0.02325,0.02457,0.02801,0.03405
0.09177,0.07895,0.11577,0.06947,0.06413,0.03430,0.05344,0.04968,0.08167,0.09513,0.02796,0.02889,0.03437,0.02632,0.03181,0.02490,0.02045,0.02273,0.02146,0.02680
0.08161,0.07389,0.10649,0.06788,0.06157,0.03182,0.04871,0.04621,0.07503,0.08882,0.03331,0.03284,0.03894,0.03517,0.03911,0.03223,0.02367,0.02397,0.02618,0.03255
0.08913,0.07959,0.11724,0.07149,0.06463,0.03273,0.05107,0.04834,0.08453,0.09077,0.02996,0.03093,0.03235,0.02477,0.03367,0.02531,0.02046,0.02058,0.02440,0.02805
0.08748,0.08147,0.11340,0.06948,0.06215,0.02904,0.05219,0.04557,0.08060,0.09280,0.03396,0.02911,0.03530,0.02787,0.03562,0.02786,0.01946,0.02281,0.02455,0.02928
0.09642,0.08331,0.12355,0.06647,0.06366,0.02977,0.05473,0.04929,0.08543,0.09493,0.02720,0.02650,0.03001,0.02614,0.03079,0.02587,0.01840,0.02124,0.02098,0.02531
0.09643,0.08860,0.12690,0.06779,0.06363,0.03040,0.05482,0.04667,0.08913,0.09573,0.02544,0.02486,0.03139,0.02343,0.02998,0.02435,0.01933,0.01810,0.02016,0.02287
0.09861,0.08790,0.12755,0.06824,0.06422,0.02698,0.05393,0.05015,0.08830,0.09732,0.02742,0.02629,0.02769,0.02258,0.02855,0.02223,0.01777,0.01838,0.02151,0.02438
0.09083,0.08186,0.11619,0.06579,0.06185,0.03035,0.04746,0.04465,0.08279,0.09389,0.03238,0.03001,0.03614,0.02677,0.03747,0.02607,0.01930,0.02220,0.02377,0.03023
0.09053,0.08214,0.11549,0.06656,0.06554,0.03303,0.04842,0.04532,0.08038,0.09179,0.03229,0.02855,0.03454,0.02789,0.03264,0.02687,0.02020,0.02112,0.02526,0.03144
0.08959,0.07678,0.12151,0.06931,0.06269,0.03302,0.05219,0.04800,0.08126,0.09406,0.02918,0.02842,0.03428,0.02522,0.03341,0.02656,0.01899,0.02068,0.02439,0.03047
0.08487,0.07213,0.11000,0.06093,0.05652,0.03134,0.04884,0.04631,0.07773,0.08814,0.03629,0.03255,0.03940,0.03040,0.04240,0.03064,0.02312,0.02530,0.02983,0.03326
0.07985,0.07376,0.10566,0.06529,0.06103,0.03254,0.05163,0.04341,0.07534,0.08198,0.03781,0.03271,0.03919,0.03281,0.03863,0.03149,0.02426,0.02585,0.03016,0.03660
0.08499,0.07638,0.11279,0.06942,0.06762,0.03112,0.05442,0.04277,0.07618,0.08918,0.03299,0.03010,0.03506,0.02976,0.03412,0.03016,0.02165,0.02523,0.02479,0.03128
0.10269,0.08458,0.12703,0.06949,0.06348,0.02965,0.05355,0.04703,0.08847,0.10267,0.02652,0.02279,0.02943,0.02267,0.02632,0.02230,0.01858,0.01765,0.02092,0.02419
0.09907,0.08673,0.13334,0.06403,0.06166,0.02695,0.04895,0.04678,0.08731,0.10035,0.02736,0.02500,0.03041,0.02389,0.03075,0.02467,0.01709,0.02053,0.02021,0.02492
0.09300,0.07863,0.11142,0.06545,0.06295,0.03129,0.05074,0.04375,0.08206,0.09413,0.03184,0.03097,0.03705,0.02619,0.03343,0.02725,0.02128,0.02136,0.02609,0.03112
0.08571,0.07913,0.11743,0.06678,0.05853,0.03016,0.05071,0.04480,0.07709,0.09195,0.03255,0.02993,0.03654,0.02817,0.03811,0.02874,0.02334,0.02287,0.02649,0.03098
0.08822,0.07821,0.11302,0.06189,0.06060,0.03142,0.05028,0.04662,0.07919,0.09263,0.03097,0.02726,0.04074,0.03280,0.04006,0.02689,0.02149,0.02260,0.02593,0.02918
0.08229,0.07415,0.10802,0.06079,0.05670,0.02976,0.04786,0.04370,0.07544,0.08612,0.03541,0.03391,0.04265,0.03491,0.04141,0.03162,0.02293,0.02611,0.02987,0.03635
0.08710,0.07504,0.11149,0.07042,0.05970,0.03134,0.04912,0.04590,0.07788,0.08922,0.03587,0.03229,0.03601,0.03055,0.03516,0.03023,0.02183,0.02169,0.02588,0.03327
0.08683,0.07961,0.10883,0.07241,0.06607,0.03577,0.05623,0.04987,0.08529,0.09324,0.02793,0.02838,0.03070,0.02739,0.02905,0.02899,0.02200,0.02127,0.02312,0.02702
0.09239,0.08475,0.11899,0.06900,0.06475,0.03101,0.05136,0.04621,0.08432,0.10028,0.02907,0.02499,0.03212,0.02593,0.02993,0.02424,0.02028,0.01963,0.02369,0.02707
0.08449,0.07806,0.11637,0.06199,0.06162,0.02891,0.05031,0.04395,0.07646,0.08848,0.03577,0.03227,0.04024,0.03045,0.03830,0.02910,0.02135,0.02258,0.02671,0.03260
0.09618,0.08407,0.12391,0.06636,0.06297,0.02933,0.05135,0.04715,0.08596,0.09740,0.02774,0.02574,0.03263,0.02490,0.03182,0.02463,0.01790,0.02053,0.02263,0.02681
0.09713,0.08177,0.12767,0.06874,0.06745,0.03182,0.05179,0.04833,0.08211,0.09876,0.02573,0.02534,0.03026,0.02617,0.03349,0.02251,0.01814,0.01876,0.02040,0.02362
0.08994,0.08311,0.11744,0.06686,0.06210,0.02929,0.05082,0.04428,0.08418,0.09905,0.02915,0.03023,0.03337,0.02724,0.03320,0.02693,0.01949,0.02050,0.02443,0.02840
0.08943,0.07681,0.11409,0.06591,0.05835,0.03172,0.05199,0.04468,0.07627,0.09304,0.03369,0.02825,0.03837,0.03004,0.03532,0.02960,0.02103,0.02406,0.02682,0.03054
0.09233,0.08592,0.12731,0.06981,0.06760,0.02925,0.05508,0.04776,0.08399,0.10128,0.02555,0.02455,0.02874,0.02428,0.02935,0.02564,0.01657,0.01946,0.01959,0.02594
0.09086,0.08197,0.12196,0.06607,0.06195,0.02999,0.05216,0.04671,0.07907,0.09229,0.03200,0.02720,0.03494,0.02847,0.03560,0.02463,0.01923,0.02153,0.02321,0.03019
0.09611,0.08950,0.12514,0.06978,0.06576,0.02961,0.05356,0.04931,0.08493,0.10345,0.02495,0.02383,0.02655,0.02414,0.02933,0.02375,0.01713,0.01855,0.01940,0.02523
0.08623,0.07381,0.10838,0.06634,0.06439,0.03204,0.04818,0.04267,0.07647,0.08731,0.03197,0.02855,0.04075,0.03458,0.03977,0.03144,0.02434,0.02589,0.02534,0.03156
0.08510,0.07890,0.11040,0.06350,0.06082,0.03043,0.05245,0.04347,0.07917,0.08863,0.03411,0.02986,0.04047,0.03046,0.04007,0.03001,0.02360,0.02355,0.02384,0.03116
0.08985,0.07822,0.11562,0.06733,0.06267,0.03271,0.05390,0.04680,0.07948,0.08997,0.03183,0.02865,0.03242,0.02692,0.03509,0.02706,0.02236,0.02297,0.02437,0.03176
0.08915,0.08213,0.12029,0.06757,0.06383,0.02912,0.05088,0.04750,0.08578,0.09265,0.02927,0.02803,0.03388,0.02583,0.03349,0.02896,0.01889,0.02297,0.02316,0.02663
0.08574,0.07967,0.11042,0.06997,0.06349,0.03248,0.05339,0.05115,0.08047,0.09367,0.03403,0.02920,0.03152,0.02754,0.03329,0.02746,0.02155,0.02358,0.02363,0.02775
0.08152,0.07805,0.10696,0.06671,0.05781,0.03103,0.05074,0.04850,0.08110,0.08737,0.03488,0.03105,0.04016,0.03019,0.03634,0.03101,0.02318,0.02562,0.02745,0.03032
0.08502,0.07546,0.11675,0.06477,0.06174,0.02838,0.05106,0.04639,0.07842,0.09042,0.03627,0.02939,0.04066,0.03087,0.03609,0.03043,0.01916,0.02232,0.02531,0.03111
0.09059,0.08377,0.11698,0.06965,0.06341,0.03047,0.05101,0.04656,0.08301,0.09321,0.02956,0.02848,0.03151,0.02619,0.03318,0.02592,0.02128,0.02296,0.02306,0.02918
0.09164,0.08195,0.12557,0.06751,0.06241,0.03105,0.05087,0.04713,0.08161,0.10133,0.02886,0.02518,0.03129,0.02594,0.03068,0.02693,0.01938,0.02154,0.02199,0.02714
0.08948,0.07959,0.11440,0.07044,0.06408,0.03342,0.05396,0.04730,0.08157,0.09271,0.03033,0.02700,0.03459,0.02532,0.03299,0.02829,0.01991,0.02233,0.02229,0.02998
0.09069,0.08008,0.11327,0.06922,0.06466,0.03014,0.05061,0.04493,0.08265,0.09148,0.03190,0.02900,0.03383,0.02856,0.03352,0.02786,0.02141,0.02256,0.02312,0.03051
0.07952,0.07497,0.10526,0.06002,0.05778,0.03081,0.04861,0.04465,0.07395,0.08806,0.04037,0.03146,0.04496,0.03069,0.04080,0.03332,0.02485,0.02741,0.02883,0.03367
0.09251,0.07980,0.11268,0.06603,0.06254,0.03230,0.05211,0.04848,0.08085,0.08809,0.03004,0.02847,0.03462,0.02947,0.03612,0.02690,0.02285,0.02355,0.02350,0.02909
0.08029,0.07437,0.10896,0.06293,0.05896,0.03020,0.04495,0.04058,0.07371,0.08493,0.03731,0.03233,0.04616,0.03520,0.04205,0.03236,0.02369,0.02680,0.02788,0.03633
0.08154,0.07585,0.10240,0.06258,0.05883,0.03093,0.05177,0.04369,0.07370,0.08940,0.03581,0.03290,0.03821,0.03182,0.03961,0.03041,0.02564,0.02941,0.02949,0.03601
0.09284,0.07891,0.11804,0.07046,0.06275,0.03231,0.05312,0.04734,0.08355,0.09732,0.03078,0.02686,0.03244,0.02483,0.03148,0.02499,0.02050,0.02213,0.02201,0.02735
0.08637,0.07879,0.11265,0.06525,0.06195,0.02870,0.05024,0.04491,0.07960,0.08795,0.03136,0.03118,0.03807,0.03130,0.03490,0.02940,0.02363,0.02268,0.02556,0.03548
0.08212,0.07362,0.10903,0.06600,0.06363,0.03473,0.04980,0.04560,0.07515,0.08766,0.03464,0.02913,0.03845,0.03099,0.04070,0.03083,0.02272,0.02467,0.02712,0.03339
0.08816,0.07757,0.11691,0.06395,0.06343,0.02905,0.04830,0.04900,0.07993,0.08946,0.03157,0.03016,0.03687,0.02797,0.03666,0.02970,0.01969,0.02374,0.02622,0.03166
0.08888,0.08275,0.11258,0.06748,0.06193,0.03002,0.05272,0.04473,0.07921,0.08839,0.03070,0.03021,0.03640,0.02864,0.03572,0.02774,0.02182,0.02321,0.02707,0.02978
0.09734,0.08338,0.12054,0.06779,0.06594,0.03173,0.05204,0.04932,0.08574,0.09902,0.02588,0.02479,0.02957,0.02483,0.03055,0.02566,0.01981,0.01946,0.02222,0.02438
0.07935,0.07167,0.10911,0.06280,0.05762,0.02774,0.04981,0.04588,0.07435,0.08452,0.03527,0.03290,0.04601,0.03419,0.04228,0.03241,0.02505,0.02656,0.03004,0.03240
0.09253,0.08295,0.12264,0.06659,0.06219,0.02874,0.05003,0.04523,0.08204,0.09755,0.02889,0.02670,0.03329,0.02627,0.03390,0.02734,0.01986,0.02022,0.02399,0.02902
0.08536,0.07485,0.11837,0.06485,0.05768,0.02835,0.04828,0.04572,0.07951,0.08550,0.03592,0.03185,0.04300,0.02838,0.04058,0.02818,0.02201,0.02382,0.02605,0.03175
0.09524,0.08456,0.12200,0.06695,0.06245,0.03058,0.05308,0.04939,0.08409,0.09575,0.02663,0.02535,0.03287,0.02638,0.03158,0.02528,0.01850,0.02163,0.02104,0.02664
0.09640,0.08466,0.12770,0.06573,0.05779,0.02666,0.04865,0.04752,0.08533,0.09658,0.02816,0.02602,0.03583,0.02821,0.03485,0.02468,0.01752,0.01904,0.02156,0.02709
0.09806,0.08612,0.12992,0.06936,0.06471,0.03204,0.05322,0.04650,0.09048,0.10083,0.02539,0.02268,0.02905,0.02297,0.02856,0.02238,0.01661,0.01943,0.01858,0.02312
0.08239,0.07291,0.10326,0.06741,0.06049,0.03117,0.05210,0.04301,0.07722,0.08333,0.03677,0.03202,0.03974,0.03242,0.03755,0.03225,0.02422,0.02596,0.02938,0.03642
0.08307,0.07102,0.10539,0.06402,0.06005,0.03224,0.04729,0.04356,0.07190,0.08198,0.03676,0.03440,0.04197,0.03596,0.04380,0.03379,0.02521,0.02592,0.02695,0.03473
0.08904,0.07741,0.11843,0.06352,0.06120,0.02891,0.04945,0.04500,0.08187,0.08933,0.03312,0.02876,0.03630,0.02815,0.03786,0.02860,0.02117,0.02570,0.02487,0.03131
0.08980,0.08297,0.12137,0.06802,0.06436,0.03417,0.05365,0.04847,0.08565,0.09265,0.02912,0.02616,0.03159,0.02466,0.03088,0.02546,0.01969,0.02005,0.02462,0.02666
0.09101,0.07932,0.11270,0.06209,0.05908,0.02924,0.04866,0.04228,0.07786,0.09208,0.03124,0.03184,0.04127,0.02836,0.04082,0.02985,0.02118,0.02388,0.02646,0.03077
0.08410,0.07230,0.11408,0.06902,0.06214,0.03119,0.05083,0.04303,0.07634,0.09013,0.03637,0.02929,0.03884,0.03160,0.03655,0.03004,0.02116,0.02297,0.02713,0.03292
0.08893,0.08088,0.11463,0.06434,0.06350,0.02810,0.04971,0.04426,0.08236,0.09067,0.03299,0.02916,0.03826,0.03035,0.03706,0.02740,0.02032,0.02190,0.02369,0.03147
0.08884,0.08109,0.11543,0.06297,0.05457,0.02717,0.04910,0.04544,0.08217,0.09119,0.03557,0.02968,0.03964,0.02923,0.03820,0.02911,0.02003,0.02346,0.02478,0.03234
0.09491,0.08280,0.12200,0.06828,0.06637,0.03059,0.05020,0.04682,0.08319,0.09915,0.02843,0.02439,0.03329,0.02672,0.03007,0.02576,0.01967,0.01921,0.02143,0.02670
0.08940,0.08814,0.11697,0.07253,0.06950,0.03710,0.05498,0.04967,0.07885,0.09699,0.02652,0.02820,0.02833,0.02560,0.02862,0.02469,0.01913,0.02060,0.01955,0.02464
0.08887,0.08147,0.11598,0.06818,0.06181,0.03297,0.05231,0.04620,0.08353,0.09382,0.03014,0.02713,0.03372,0.02792,0.03442,0.02443,0.02136,0.02388,0.02292,0.02893
0.09844,0.08252,0.12527,0.07019,0.06357,0.03256,0.05178,0.04735,0.08498,0.09491,0.02864,0.02455,0.02947,0.02101,0.02875,0.02537,0.01964,0.02124,0.02288,0.02689
0.08618,0.07671,0.11632,0.06561,0.06018,0.02958,0.05359,0.04724,0.08177,0.09310,0.03106,0.02943,0.03742,0.03165,0.03892,0.02804,0.02002,0.02051,0.02361,0.02905
0.08854,0.07908,0.11493,0.06622,0.06359,0.03322,0.05298,0.04331,0.08260,0.09170,0.03341,0.02960,0.03495,0.02676,0.03427,0.02635,0.02037,0.02219,0.02525,0.03067
0.09086,0.07977,0.11739,0.06917,0.06399,0.03015,0.05169,0.04692,0.08195,0.09226,0.02996,0.02917,0.03448,0.02637,0.03251,0.02807,0.02048,0.02205,0.02283,0.02995
0.09369,0.08122,0.12235,0.06721,0.05967,0.03107,0.05205,0.04442,0.08114,0.09330,0.02849,0.02673,0.03348,0.02789,0.03538,0.02768,0.02071,0.02325,0.02434,0.02592
0.08135,0.07434,0.10597,0.05996,0.05932,0.02860,0.04882,0.04395,0.07449,0.08511,0.03686,0.03117,0.04634,0.03413,0.04635,0.03089,0.02315,0.02761,0.02627,0.03529
0.09751,0.08435,0.11928,0.07102,0.06669,0.03479,0.05391,0.04999,0.08409,0.09901,0.02622,0.02424,0.02871,0.02378,0.02732,0.02276,0.01941,0.02027,0.02132,0.02534
0.09241,0.08179,0.12706,0.06783,0.06399,0.03426,0.05440,0.04718,0.08475,0.09380,0.02553,0.02605,0.03180,0.02505,0.03258,0.02635,0.01895,0.01960,0.02037,0.02623
0.09151,0.08210,0.12499,0.06604,0.06432,0.03146,0.04923,0.04572,0.08028,0.09572,0.03020,0.02795,0.03286,0.02574,0.03329,0.02794,0.01986,0.02000,0.02292,0.02789
0.08012,0.07266,0.10103,0.06350,0.06073,0.03236,0.04928,0.04177,0.07350,0.08378,0.03946,0.03722,0.04161,0.03262,0.04104,0.03295,0.02584,0.02553,0.02920,0.03582
0.08674,0.08339,0.11249,0.07096,0.06550,0.03289,0.05421,0.04919,0.08412,0.08991,0.02922,0.02859,0.03259,0.02479,0.03265,0.02817,0.02118,0.02042,0.02461,0.02837
0.07660,0.07132,0.09861,0.06154,0.05771,0.03182,0.05105,0.04082,0.07531,0.07816,0.04004,0.03402,0.04887,0.03377,0.04244,0.03476,0.02576,0.02925,0.02984,0.03830
0.09049,0.07796,0.11521,0.06511,0.05878,0.03248,0.05004,0.04326,0.07815,0.09149,0.03151,0.02849,0.04041,0.02728,0.03582,0.02934,0.02167,0.02484,0.02574,0.03195
0.08631,0.07433,0.10877,0.06482,0.06015,0.02886,0.05152,0.04357,0.07766,0.08467,0.03458,0.03408,0.04082,0.03009,0.03957,0.03020,0.02302,0.02585,0.02744,0.03370
0.08716,0.07774,0.11223,0.06956,0.06048,0.03246,0.05385,0.04620,0.08250,0.09136,0.03021,0.02882,0.03326,0.02811,0.03585,0.02842,0.02212,0.02337,0.02722,0.02908
0.09703,0.07639,0.11643,0.06852,0.06081,0.03184,0.05047,0.04596,0.08442,0.09472,0.02797,0.02882,0.03541,0.02626,0.03511,0.02843,0.02075,0.02100,0.02311,0.02655
0.09094,0.08145,0.11937,0.06935,0.06366,0.03104,0.05376,0.04662,0.08562,0.09410,0.02835,0.02655,0.03268,0.02809,0.03228,0.02588,0.01843,0.02218,0.02296,0.02670
0.08597,0.07330,0.10825,0.06478,0.05962,0.03388,0.04984,0.04564,0.07916,0.09022,0.03517,0.03047,0.04278,0.03044,0.03794,0.02876,0.02034,0.02639,0.02422,0.03285
0.08976,0.07657,0.11311,0.06632,0.06151,0.03065,0.05428,0.04628,0.08243,0.09340,0.03108,0.03032,0.03580,0.02630,0.03478,0.02927,0.02023,0.02230,0.02372,0.03189
0.08830,0.07558,0.11344,0.06369,0.05976,0.02824,0.05150,0.04453,0.07826,0.09188,0.03492,0.02866,0.03858,0.03064,0.04193,0.02748,0.02005,0.02327,0.02579,0.03348
0.09091,0.08288,0.11092,0.06168,0.06165,0.03103,0.05234,0.04826,0.08094,0.09143,0.03157,0.02770,0.03477,0.02945,0.03576,0.02762,0.02334,0.02422,0.02453,0.02898
0.08725,0.07859,0.11501,0.06363,0.06215,0.02748,0.04926,0.04302,0.07706,0.08976,0.03328,0.02828,0.03846,0.03210,0.04039,0.02824,0.02329,0.02367,0.02450,0.03458
0.08443,0.07481,0.10493,0.06251,0.06060,0.03013,0.05390,0.04389,0.07625,0.08460,0.03647,0.02949,0.04263,0.03253,0.04245,0.03072,0.02322,0.02522,0.02623,0.03499
0.08852,0.08241,0.11522,0.06632,0.06136,0.03098,0.05091,0.04262,0.08182,0.09108,0.03330,0.03131,0.03412,0.02945,0.03415,0.02900,0.01850,0.02391,0.02473,0.03029
0.09379,0.08105,0.11890,0.06797,0.06445,0.03378,0.05506,0.04595,0.08407,0.09452,0.02844,0.02604,0.03125,0.02522,0.03310,0.02632,0.01952,0.02080,0.02285,0.02692
0.08249,0.07530,0.10855,0.06371,0.06035,0.02939,0.05084,0.04247,0.07459,0.08968,0.03452,0.03168,0.04262,0.02857,0.04092,0.03209,0.02575,0.02392,0.02837,0.03418
0.09141,0.07895,0.11671,0.06584,0.06173,0.03059,0.05257,0.04747,0.07989,0.09542,0.03114,0.02834,0.03456,0.02763,0.03285,0.02602,0.02077,0.02405,0.02384,0.03023
0.09701,0.08338,0.12364,0.06601,0.06478,0.02833,0.04972,0.04520,0.08223,0.09514,0.02955,0.02570,0.03439,0.02771,0.03351,0.02505,0.02168,0.01973,0.02150,0.02578
0.09167,0.08303,0.11473,0.06413,0.06065,0.03200,0.05371,0.04689,0.08556,0.09682,0.02983,0.03082,0.03321,0.02646,0.03066,0.02773,0.01986,0.02211,0.02177,0.02836
0.09350,0.08391,0.11811,0.06665,0.06554,0.02913,0.05030,0.04607,0.08544,0.09580,0.02996,0.02742,0.03413,0.02654,0.03268,0.02643,0.01823,0.02021,0.02208,0.02787
0.09185,0.08295,0.12354,0.06315,0.06370,0.03035,0.05105,0.04495,0.08314,0.09357,0.03009,0.02718,0.03859,0.02737,0.03607,0.02540,0.01777,0.02107,0.01984,0.02835
0.09115,0.08196,0.12053,0.06887,0.06566,0.03017,0.05484,0.04529,0.07713,0.09276,0.02957,0.02817,0.03459,0.02727,0.03315,0.02673,0.01946,0.02179,0.02371,0.02721
0.08194,0.07721,0.10991,0.07030,0.06465,0.03703,0.05132,0.04267,0.07963,0.09431,0.03271,0.02852,0.03791,0.02825,0.03460,0.02842,0.02054,0.02404,0.02482,0.03121
0.09405,0.08192,0.12355,0.06755,0.06543,0.03071,0.05214,0.04739,0.08530,0.10085,0.02654,0.02516,0.03133,0.02482,0.03004,0.02504,0.01936,0.01915,0.02121,0.02846
0.08702,0.08083,0.11685,0.06649,0.06391,0.03059,0.05267,0.04533,0.07971,0.09187,0.03366,0.02938,0.03579,0.02936,0.03418,0.02742,0.02105,0.02216,0.02254,0.02917
0.09077,0.07767,0.12134,0.06334,0.06348,0.03109,0.05140,0.04655,0.08029,0.09634,0.02973,0.02908,0.03674,0.02618,0.03395,0.02844,0.02100,0.02122,0.02216,0.02923
0.08125,0.07381,0.10541,0.05858,0.06022,0.02999,0.04630,0.04359,0.07449,0.08686,0.03632,0.03516,0.04661,0.03108,0.04125,0.03269,0.02467,0.02624,0.02952,0.03594
0.08654,0.07777,0.11030,0.06700,0.06408,0.03296,0.05335,0.04340,0.07752,0.08779,0.03471,0.03079,0.03888,0.02870,0.03798,0.02715,0.02131,0.02386,0.02470,0.03121
0.08897,0.07785,0.12222,0.06409,0.06502,0.02879,0.05345,0.04461,0.07930,0.09306,0.03021,0.02804,0.03683,0.02866,0.03620,0.02677,0.02083,0.02284,0.02156,0.03066
0.09680,0.08455,0.12965,0.07017,0.06459,0.02673,0.05215,0.04732,0.08703,0.10428,0.02721,0.02269,0.02997,0.02767,0.02963,0.02198,0.01784,0.01772,0.01758,0.02442
0.08527,0.07444,0.10838,0.06547,0.06228,0.03291,0.05037,0.04352,0.07497,0.08889,0.03319,0.03051,0.04014,0.03041,0.04032,0.03071,0.02330,0.02331,0.02966,0.03194
0.08810,0.07677,0.11027,0.06725,0.06439,0.03064,0.05160,0.04391,0.07429,0.08972,0.03265,0.03301,0.03583,0.02980,0.03589,0.02975,0.02125,0.02451,0.02749,0.03288
0.08388,0.07683,0.11270,0.06835,0.06518,0.03131,0.05420,0.04642,0.07890,0.09188,0.03085,0.03171,0.03701,0.03049,0.03606,0.02832,0.01961,0.02314,0.02374,0.02943
0.09486,0.08274,0.12097,0.07479,0.06331,0.03080,0.05446,0.04806,0.08167,0.09150,0.02837,0.02696,0.02908,0.02510,0.03129,0.02570,0.01909,0.02099,0.02428,0.02599
0.09701,0.08058,0.12388,0.06608,0.05929,0.02901,0.05057,0.04578,0.08783,0.09973,0.02720,0.02543,0.03523,0.02626,0.03199,0.02592,0.02015,0.02050,0.02006,0.02752
0.09253,0.08519,0.11937,0.06877,0.06383,0.03111,0.05239,0.04536,0.07998,0.09595,0.02987,0.02571,0.03175,0.02604,0.03297,0.02808,0.02159,0.02085,0.02264,0.02602
0.08885,0.07991,0.10826,0.06673,0.06649,0.03437,0.05179,0.04822,0.08029,0.09356,0.02845,0.02891,0.03434,0.02724,0.03204,0.02940,0.02325,0.02278,0.02575,0.02937
0.08151,0.06817,0.10450,0.06054,0.06029,0.02811,0.04740,0.04047,0.07138,0.08370,0.03930,0.03366,0.04760,0.03665,0.04868,0.03188,0.02381,0.02710,0.02658,0.03866
0.07879,0.07311,0.10628,0.06188,0.05820,0.03107,0.04871,0.04376,0.07235,0.08466,0.03848,0.03524,0.04312,0.03162,0.04230,0.03289,0.02309,0.02856,0.03092,0.03497
0.08922,0.07911,0.11556,0.06775,0.06352,0.03075,0.05520,0.04454,0.07679,0.09099,0.03086,0.02857,0.03683,0.02720,0.03470,0.02685,0.02315,0.02267,0.02492,0.03080
0.08228,0.07120,0.10708,0.06275,0.06140,0.03054,0.05193,0.04338,0.07694,0.08927,0.03697,0.03415,0.04089,0.03100,0.03880,0.03000,0.02590,0.02483,0.02812,0.03256
0.08503,0.08234,0.11356,0.06466,0.06462,0.03026,0.05228,0.04727,0.07867,0.09368,0.03126,0.02861,0.03513,0.03150,0.03324,0.02907,0.02098,0.02442,0.02392,0.02950
0.08028,0.07283,0.10379,0.06424,0.06058,0.03573,0.05307,0.04453,0.07291,0.08164,0.03686,0.03200,0.04182,0.03266,0.03958,0.03250,0.02400,0.02604,0.02849,0.03644
0.08454,0.07520,0.11037,0.06695,0.06251,0.03286,0.05249,0.04539,0.07990,0.09208,0.03314,0.02945,0.03359,0.02843,0.03718,0.03025,0.02370,0.02223,0.02730,0.03243
0.08152,0.07369,0.10422,0.06587,0.06224,0.03040,0.04986,0.04293,0.07289,0.08478,0.03237,0.03294,0.04414,0.03207,0.04149,0.03409,0.02502,0.02703,0.03024,0.03222
0.08839,0.08184,0.11897,0.06565,0.06637,0.03056,0.05358,0.04778,0.08502,0.09224,0.02797,0.02722,0.03550,0.02783,0.03266,0.02603,0.01982,0.02134,0.02228,0.02897
0.07834,0.07192,0.10435,0.06348,0.06015,0.03359,0.04958,0.04321,0.07635,0.08311,0.03795,0.03667,0.04012,0.03118,0.04169,0.03269,0.02406,0.02711,0.02882,0.03564
0.09294,0.08108,0.12318,0.06993,0.06765,0.03291,0.05584,0.05064,0.08451,0.09876,0.02755,0.02667,0.02922,0.02426,0.02851,0.02185,0.01938,0.02156,0.01998,0.02357
0.09207,0.08201,0.11913,0.06594,0.05955,0.02719,0.05197,0.04327,0.08135,0.09598,0.03222,0.02785,0.03439,0.02693,0.03711,0.02750,0.01967,0.02232,0.02351,0.03006
0.09631,0.08000,0.12182,0.06824,0.06248,0.03136,0.04916,0.04676,0.08334,0.09343,0.02973,0.02671,0.03485,0.02667,0.03294,0.02578,0.01934,0.02054,0.02329,0.02728
0.08094,0.07596,0.10108,0.06681,0.06404,0.03410,0.05360,0.04503,0.07401,0.08621,0.03544,0.03260,0.03916,0.03246,0.03593,0.03022,0.02259,0.02679,0.02760,0.03545
0.09912,0.08171,0.11826,0.06581,0.06714,0.03074,0.05349,0.04618,0.08545,0.09698,0.02842,0.02707,0.03267,0.02330,0.03136,0.02518,0.01930,0.02037,0.02062,0.02682
0.08862,0.07973,0.10889,0.06809,0.06605,0.03159,0.05308,0.04301,0.07516,0.09136,0.03343,0.02902,0.03899,0.02889,0.03737,0.02677,0.02146,0.02439,0.02380,0.03031
0.09383,0.07833,0.11764,0.06965,0.06301,0.03312,0.05423,0.04860,0.08431,0.09383,0.02865,0.02782,0.03128,0.02434,0.02999,0.02910,0.01872,0.02207,0.02220,0.02928
0.08880,0.07885,0.11506,0.06635,0.06288,0.02890,0.05231,0.04493,0.08214,0.08929,0.03083,0.02782,0.03710,0.02862,0.03621,0.03067,0.02042,0.02261,0.02656,0.02964
0.09566,0.08154,0.12087,0.06977,0.06466,0.03153,0.05416,0.04670,0.08157,0.09499,0.02862,0.02768,0.03186,0.02585,0.02914,0.02611,0.01964,0.02186,0.02126,0.02653
0.08501,0.07780,0.11386,0.06694,0.06341,0.03001,0.04821,0.04511,0.07985,0.09313,0.03432,0.02690,0.03656,0.03038,0.03500,0.02871,0.02211,0.02391,0.02560,0.03317
0.07897,0.07511,0.10185,0.06341,0.06277,0.02936,0.04929,0.04322,0.07376,0.08233,0.03749,0.03666,0.04448,0.03234,0.04378,0.03054,0.02444,0.02589,0.03060,0.03370
0.09111,0.07646,0.11455,0.06731,0.06154,0.03080,0.05100,0.04436,0.07827,0.09189,0.02940,0.03082,0.03707,0.02938,0.03600,0.02812,0.02057,0.02245,0.02644,0.03245
0.08526,0.07472,0.11206,0.06551,0.06045,0.03210,0.05234,0.04520,0.07764,0.08629,0.03559,0.03042,0.03977,0.02995,0.03607,0.03066,0.02300,0.02455,0.02639,0.03202
0.09208,0.07932,0.12551,0.06646,0.06430,0.02751,0.04761,0.04632,0.08738,0.09540,0.03273,0.02612,0.03368,0.02506,0.03276,0.02746,0.01686,0.02163,0.02353,0.02829
0.08604,0.07393,0.11335,0.06511,0.06301,0.02995,0.04831,0.04399,0.07759,0.09083,0.03391,0.03047,0.03812,0.03144,0.04054,0.03040,0.02165,0.02338,0.02549,0.03248
0.09046,0.08084,0.11422,0.06869,0.06226,0.03243,0.05364,0.04678,0.08085,0.09769,0.03049,0.02780,0.03495,0.02613,0.03368,0.02558,0.02003,0.02186,0.02275,0.02888
0.08286,0.07375,0.10585,0.06690,0.05868,0.03246,0.04989,0.04563,0.07753,0.08505,0.03583,0.02971,0.04155,0.03164,0.03832,0.02947,0.02408,0.02642,0.02828,0.03609
0.08922,0.07919,0.12205,0.06950,0.05972,0.03241,0.05296,0.04820,0.08278,0.09653,0.03096,0.02682,0.03152,0.02700,0.03223,0.02911,0.01919,0.01961,0.02408,0.02691
0.08731,0.07741,0.11077,0.06352,0.05913,0.02878,0.05107,0.04765,0.08245,0.08839,0.03233,0.02912,0.04057,0.02872,0.03795,0.03091,0.02045,0.02456,0.02716,0.03173
0.08313,0.07406,0.10912,0.06427,0.06229,0.02886,0.04860,0.04518,0.07619,0.08971,0.03426,0.03209,0.04331,0.03119,0.04139,0.02820,0.02160,0.02550,0.02652,0.03454
0.08363,0.07628,0.11094,0.06622,0.06421,0.03063,0.05056,0.04795,0.07557,0.08723,0.03638,0.03308,0.03802,0.02811,0.03638,0.02906,0.02178,0.02551,0.02506,0.03341
0.08693,0.08175,0.11329,0.06541,0.06275,0.03348,0.05261,0.04786,0.08141,0.08899,0.02882,0.02866,0.03410,0.02986,0.03599,0.02783,0.02175,0.02363,0.02552,0.02936
0.08564,0.07858,0.11027,0.06770,0.06142,0.02973,0.05144,0.04673,0.07931,0.09258,0.03091,0.03142,0.03661,0.02688,0.03781,0.02830,0.02402,0.02228,0.02659,0.03178
0.09616,0.09159,0.12565,0.07161,0.06665,0.03241,0.05452,0.04961,0.08786,0.09840,0.02469,0.02248,0.02721,0.02133,0.02521,0.02377,0.01840,0.01864,0.02117,0.02264
0.09869,0.08518,0.12487,0.06885,0.06307,0.02901,0.05281,0.04761,0.08536,0.09864,0.02805,0.02487,0.03089,0.02478,0.02977,0.02344,0.01721,0.02012,0.02092,0.02584
0.09674,0.08521,0.12107,0.06474,0.06330,0.02927,0.05300,0.04800,0.08247,0.09644,0.03000,0.02523,0.03145,0.02546,0.03170,0.02704,0.01910,0.01985,0.02292,0.02698
0.08662,0.07597,0.11163,0.06200,0.05934,0.03094,0.05180,0.04814,0.07760,0.08815,0.03053,0.03201,0.04090,0.03048,0.04000,0.02914,0.02349,0.02477,0.02591,0.03057
0.09631,0.08178,0.11792,0.06528,0.06275,0.03072,0.05029,0.04690,0.08365,0.09327,0.03041,0.02635,0.03321,0.02531,0.03460,0.02711,0.02005,0.02268,0.02481,0.02659
0.09791,0.08069,0.12571,0.06673,0.06193,0.02767,0.05119,0.04515,0.08050,0.09289,0.02970,0.02901,0.03453,0.02648,0.03541,0.02673,0.01924,0.02085,0.02096,0.02672
0.09402,0.08341,0.11912,0.07056,0.06057,0.02934,0.05283,0.04740,0.08323,0.09605,0.02945,0.02770,0.03358,0.02526,0.03127,0.02671,0.01810,0.01979,0.02290,0.02870
0.09137,0.08669,0.12511,0.06844,0.06564,0.03217,0.05506,0.04756,0.08699,0.10067,0.02499,0.02435,0.02849,0.02372,0.02767,0.02490,0.01911,0.01992,0.02239,0.02477
0.08680,0.07469,0.11506,0.07303,0.06644,0.03472,0.05550,0.04369,0.08457,0.08897,0.02981,0.02844,0.03235,0.02671,0.03505,0.02802,0.02065,0.02287,0.02545,0.02719
0.09550,0.08637,0.12512,0.07649,0.06839,0.03385,0.05405,0.05046,0.08392,0.09878,0.02483,0.02413,0.02811,0.02110,0.02813,0.02147,0.01721,0.01900,0.01967,0.02344
0.09665,0.09001,0.12990,0.07387,0.06827,0.03232,0.05605,0.05144,0.08916,0.10214,0.02337,0.02318,0.02843,0.02009,0.02390,0.02055,0.01582,0.01525,0.01709,0.02252
0.08684,0.07570,0.10936,0.06362,0.06149,0.03007,0.05135,0.04353,0.07835,0.08636,0.03627,0.03046,0.03795,0.03193,0.03840,0.02883,0.02222,0.02611,0.02759,0.03360
0.09154,0.08320,0.11652,0.06715,0.06681,0.03005,0.05010,0.04656,0.08142,0.09632,0.03068,0.02851,0.03360,0.02723,0.03287,0.02712,0.01870,0.02066,0.02296,0.02800
0.10212,0.08658,0.12863,0.06964,0.06582,0.03150,0.05235,0.04871,0.08929,0.10210,0.02430,0.02295,0.02782,0.02196,0.02729,0.02301,0.01719,0.01841,0.01851,0.02183
0.08609,0.07569,0.11326,0.06536,0.05867,0.02821,0.04581,0.04523,0.07800,0.08975,0.03268,0.03068,0.04073,0.03103,0.03993,0.03118,0.02388,0.02421,0.02524,0.03437
0.08598,0.07280,0.10946,0.06955,0.06084,0.03167,0.04951,0.04602,0.07837,0.09101,0.03262,0.03015,0.03687,0.03125,0.03796,0.02921,0.02212,0.02626,0.02649,0.03188
0.09250,0.07830,0.11664,0.06612,0.06115,0.03268,0.05085,0.04854,0.08237,0.09256,0.03171,0.02792,0.03504,0.02743,0.03315,0.02843,0.01972,0.02217,0.02501,0.02770
0.07672,0.06818,0.10252,0.06219,0.05693,0.02946,0.04636,0.04249,0.07053,0.07883,0.03960,0.03559,0.04862,0.03359,0.05056,0.03491,0.02685,0.02718,0.02940,0.03949
0.09369,0.08425,0.12207,0.07016,0.06583,0.03185,0.05251,0.04517,0.08827,0.09476,0.02884,0.02589,0.03038,0.02506,0.02718,0.02475,0.01964,0.02220,0.02064,0.02685
0.08832,0.07702,0.11305,0.06562,0.06249,0.03077,0.05206,0.04266,0.07945,0.08693,0.03495,0.03046,0.03992,0.02552,0.03782,0.03009,0.02058,0.02238,0.02776,0.03216
0.08747,0.07882,0.11365,0.06570,0.06187,0.02911,0.04983,0.04330,0.07855,0.09146,0.03320,0.03122,0.03582,0.02787,0.03780,0.03082,0.02195,0.02296,0.02791,0.03067
0.08942,0.07836,0.11748,0.06563,0.06101,0.03251,0.04981,0.04521,0.08186,0.09008,0.03050,0.02858,0.03791,0.02910,0.03802,0.02823,0.02151,0.02165,0.02335,0.02978
0.07272,0.07296,0.09631,0.06451,0.06057,0.03140,0.05208,0.04345,0.07163,0.07531,0.03844,0.03558,0.04412,0.03581,0.04176,0.03490,0.02832,0.03251,0.03147,0.03616
0.08625,0.07428,0.10457,0.06437,0.06082,0.03129,0.04949,0.04469,0.08050,0.08381,0.03463,0.03467,0.03889,0.02962,0.03854,0.03211,0.02356,0.02473,0.02919,0.03396
0.08428,0.07351,0.10931,0.05700,0.05934,0.02724,0.04787,0.04148,0.07637,0.08284,0.03853,0.03341,0.04462,0.03265,0.04401,0.03363,0.02212,0.02621,0.02794,0.03764
0.09060,0.08047,0.11537,0.06663,0.06373,0.03048,0.05306,0.04944,0.08479,0.09571,0.02900,0.02769,0.03392,0.02683,0.03269,0.02678,0.02015,0.01986,0.02420,0.02862
0.07740,0.06898,0.10878,0.06251,0.05836,0.02972,0.04971,0.04198,0.07232,0.08185,0.03825,0.03539,0.04596,0.03401,0.04315,0.03424,0.02240,0.02676,0.02852,0.03970
0.09493,0.08380,0.12325,0.06675,0.06613,0.03223,0.05355,0.04835,0.08670,0.09925,0.02596,0.02413,0.03024,0.02566,0.03104,0.02406,0.01848,0.01907,0.01965,0.02679
0.09041,0.07931,0.12180,0.06603,0.06286,0.02656,0.04799,0.04392,0.08097,0.09294,0.03055,0.02741,0.03994,0.02732,0.03866,0.02770,0.02062,0.02150,0.02338,0.03015
0.08872,0.08178,0.12080,0.06563,0.06251,0.03092,0.05192,0.04790,0.08429,0.09664,0.03081,0.02798,0.03520,0.02541,0.03313,0.02719,0.01850,0.02117,0.02176,0.02775
0.09666,0.08574,0.12807,0.06567,0.06395,0.02671,0.05253,0.04674,0.08896,0.09865,0.02611,0.02402,0.03227,0.02586,0.03028,0.02448,0.01676,0.01946,0.02152,0.02554
0.09062,0.07883,0.11543,0.06773,0.06265,0.03090,0.05465,0.04733,0.08043,0.09279,0.03144,0.02698,0.03386,0.02655,0.03317,0.02781,0.02015,0.02191,0.02480,0.03195
0.09016,0.07527,0.11588,0.06589,0.06326,0.03087,0.05344,0.04625,0.07878,0.09516,0.03214,0.02651,0.03498,0.03008,0.03319,0.02865,0.02156,0.02305,0.02459,0.03031
0.08781,0.07939,0.11815,0.07004,0.06391,0.03399,0.05272,0.04504,0.07650,0.09329,0.02892,0.02894,0.03396,0.02767,0.03336,0.02673,0.02071,0.02086,0.02628,0.03172
0.09519,0.08238,0.12628,0.06489,0.06393,0.02944,0.05312,0.04868,0.08476,0.09893,0.02867,0.02598,0.03042,0.02383,0.03001,0.02489,0.01964,0.01980,0.02255,0.02661
0.09477,0.08422,0.12085,0.06748,0.06264,0.03021,0.05540,0.04810,0.08378,0.09638,0.02690,0.02582,0.03151,0.02643,0.03062,0.02438,0.02045,0.02111,0.02243,0.02655
0.09214,0.08507,0.11867,0.06932,0.06383,0.02891,0.05225,0.04404,0.08443,0.09133,0.03020,0.02738,0.03361,0.02504,0.03227,0.02621,0.02011,0.02222,0.02244,0.03052
0.08948,0.07861,0.11430,0.06435,0.06608,0.03194,0.05363,0.04653,0.08021,0.09238,0.03200,0.02944,0.03518,0.02547,0.03424,0.02701,0.02207,0.02359,0.02303,0.03047
0.09182,0.08388,0.12130,0.06736,0.06374,0.03357,0.05317,0.04728,0.08129,0.09645,0.02883,0.02624,0.03518,0.02479,0.03069,0.02401,0.01825,0.02277,0.02149,0.02790
0.09307,0.08193,0.11753,0.06692,0.06409,0.03087,0.05007,0.04834,0.08174,0.09409,0.02962,0.02751,0.03283,0.02690,0.03111,0.02811,0.02000,0.02236,0.02302,0.02989
0.08459,0.07747,0.11067,0.06648,0.06082,0.03151,0.05111,0.04700,0.08080,0.08866,0.03310,0.03349,0.03891,0.03033,0.03304,0.02818,0.02384,0.02445,0.02410,0.03147
0.08120,0.07614,0.10301,0.06308,0.05980,0.03030,0.04956,0.04238,0.07567,0.08387,0.03533,0.03399,0.04202,0.03294,0.04143,0.03338,0.02285,0.02824,0.02989,0.03492
0.08770,0.08127,0.11605,0.06705,0.06433,0.03159,0.05092,0.04413,0.08000,0.08996,0.03310,0.02898,0.03339,0.02530,0.03123,0.02945,0.02167,0.02464,0.02722,0.03202
0.07671,0.07118,0.10215,0.06030,0.06056,0.02878,0.04828,0.04223,0.06690,0.08183,0.03872,0.03532,0.04632,0.03572,0.04890,0.03279,0.02642,0.02728,0.03024,0.03938
0.08081,0.07672,0.11028,0.06622,0.05995,0.03031,0.05116,0.04443,0.07682,0.08447,0.03398,0.03108,0.03988,0.03192,0.04189,0.03239,0.02252,0.02499,0.02763,0.03254
0.10030,0.09020,0.12524,0.06615,0.05985,0.02772,0.05159,0.04450,0.08688,0.09936,0.02482,0.02601,0.02990,0.02194,0.02899,0.02801,0.01894,0.02161,0.02284,0.02515
0.08265,0.07824,0.11266,0.06758,0.05701,0.02991,0.05209,0.04461,0.08072,0.08699,0.03398,0.03194,0.03946,0.02824,0.03950,0.03071,0.02159,0.02409,0.02655,0.03146
0.09067,0.07692,0.11146,0.06488,0.06158,0.02766,0.04986,0.04290,0.07906,0.08689,0.03338,0.02933,0.04080,0.03211,0.03926,0.02868,0.02133,0.02329,0.02537,0.03455
0.09148,0.08252,0.11831,0.06919,0.06169,0.03298,0.05140,0.04473,0.07918,0.09818,0.03152,0.02626,0.03103,0.02685,0.03237,0.02771,0.02000,0.02238,0.02394,0.02829
0.08774,0.07798,0.11355,0.06608,0.06258,0.03037,0.04960,0.04415,0.07985,0.08757,0.03103,0.02990,0.03540,0.03133,0.03883,0.02891,0.02103,0.02494,0.02628,0.03288
0.08641,0.07944,0.10940,0.06489,0.06071,0.02991,0.05035,0.04420,0.07891,0.08656,0.03421,0.03203,0.03822,0.03026,0.04150,0.03149,0.02249,0.02219,0.02506,0.03178
0.08283,0.07953,0.10801,0.06335,0.06003,0.03292,0.04988,0.04912,0.08326,0.09205,0.03402,0.02982,0.03776,0.03170,0.03773,0.02746,0.02124,0.02473,0.02377,0.03081
0.08405,0.07831,0.11383,0.06860,0.06201,0.03101,0.05440,0.04641,0.07526,0.08882,0.03190,0.02996,0.03682,0.02925,0.03337,0.03097,0.02356,0.02274,0.02780,0.03093
0.09754,0.08503,0.12528,0.07225,0.06386,0.03323,0.05360,0.05147,0.08698,0.09813,0.02797,0.02381,0.02788,0.02508,0.02500,0.02344,0.01802,0.01905,0.01864,0.02376
0.08816,0.07936,0.11643,0.06610,0.06109,0.02942,0.05160,0.04820,0.08018,0.09060,0.03157,0.02693,0.03638,0.02732,0.03679,0.02984,0.02008,0.02243,0.02653,0.03098
0.08637,0.07789,0.11672,0.06397,0.06234,0.02893,0.05016,0.04519,0.07780,0.08893,0.03607,0.03172,0.03795,0.03037,0.03550,0.02714,0.02212,0.02400,0.02607,0.03076
0.08790,0.07728,0.11191,0.07203,0.06667,0.02969,0.05207,0.04719,0.07521,0.08891,0.03110,0.03016,0.03771,0.02786,0.03457,0.02838,0.02297,0.02383,0.02646,0.02809
0.08170,0.07139,0.10633,0.06773,0.05798,0.02900,0.04971,0.04218,0.07760,0.08168,0.03582,0.03251,0.04175,0.03083,0.04226,0.03226,0.02588,0.02664,0.03196,0.03480
0.08738,0.07681,0.11369,0.06576,0.06227,0.02824,0.05021,0.04324,0.07718,0.09251,0.03309,0.03202,0.03765,0.03067,0.03690,0.03055,0.02105,0.02458,0.02480,0.03139
0.09019,0.08302,0.11640,0.06934,0.06058,0.03115,0.05147,0.04320,0.08246,0.08950,0.02862,0.02773,0.03529,0.02654,0.03559,0.03022,0.02074,0.02337,0.02539,0.02918
0.08829,0.08320,0.11391,0.06899,0.06090,0.03036,0.05104,0.04799,0.08096,0.09216,0.03293,0.02876,0.03425,0.02744,0.03447,0.02651,0.02320,0.02214,0.02352,0.02898
0.08546,0.07386,0.10151,0.06326,0.05719,0.03096,0.05127,0.04470,0.07531,0.08407,0.03388,0.03130,0.04251,0.03199,0.04384,0.03402,0.02608,0.02569,0.02939,0.03371
0.08220,0.07244,0.10634,0.06529,0.05996,0.03501,0.05356,0.04558,0.07668,0.08622,0.03705,0.03155,0.04053,0.03023,0.03905,0.02987,0.02162,0.02472,0.02800,0.03410
0.08173,0.07382,0.10812,0.06750,0.06035,0.03157,0.05142,0.04623,0.07745,0.08485,0.03588,0.03124,0.03887,0.02970,0.03744,0.03213,0.02439,0.02721,0.02628,0.03382
0.10056,0.08796,0.13474,0.06567,0.06343,0.02922,0.05249,0.04601,0.08930,0.10083,0.02605,0.02366,0.03012,0.02254,0.03037,0.02217,0.01580,0.01698,0.02084,0.02126
0.08901,0.07213,0.10907,0.06937,0.06283,0.03452,0.05149,0.04848,0.07633,0.08562,0.03031,0.03284,0.03490,0.03069,0.03473,0.03094,0.02139,0.02574,0.02665,0.03296
0.09271,0.07992,0.11450,0.06698,0.06289,0.03032,0.05171,0.04487,0.07758,0.09090,0.02892,0.02965,0.03832,0.02780,0.03631,0.02856,0.02087,0.02262,0.02477,0.02982
0.09493,0.08058,0.12353,0.06668,0.06590,0.03237,0.05254,0.04839,0.08094,0.09660,0.02894,0.02715,0.03217,0.02626,0.02993,0.02487,0.01819,0.02138,0.02161,0.02705
0.08112,0.07199,0.10141,0.06613,0.05998,0.03289,0.05026,0.04484,0.07071,0.08692,0.03721,0.03163,0.04402,0.03109,0.04236,0.03307,0.02411,0.02639,0.02894,0.03493
0.08482,0.07304,0.10696,0.06432,0.06098,0.02938,0.05034,0.04517,0.07732,0.08616,0.03420,0.03232,0.04149,0.03134,0.03946,0.03204,0.02256,0.02630,0.02805,0.03375
0.09132,0.08214,0.11912,0.06649,0.06356,0.03116,0.05060,0.04557,0.08129,0.09311,0.03200,0.02617,0.03290,0.02754,0.03325,0.02654,0.02095,0.02162,0.02316,0.03150
0.09177,0.08194,0.12195,0.06954,0.06188,0.02976,0.05196,0.04407,0.08167,0.09189,0.03019,0.02676,0.03490,0.02727,0.03294,0.02876,0.02030,0.02033,0.02443,0.02768
0.08882,0.07503,0.11297,0.06476,0.05953,0.02852,0.04939,0.04550,0.07993,0.09118,0.03436,0.02771,0.03781,0.03065,0.03824,0.03175,0.02150,0.02315,0.02728,0.03192
0.09056,0.08134,0.11819,0.06664,0.06354,0.03194,0.05341,0.04641,0.08313,0.09520,0.03001,0.02706,0.03333,0.02492,0.03070,0.02699,0.01875,0.02127,0.02544,0.03115
0.08733,0.08134,0.11567,0.06836,0.06282,0.03029,0.05235,0.04662,0.08245,0.09126,0.03034,0.02626,0.03716,0.02784,0.03406,0.02855,0.02009,0.02222,0.02468,0.03030
0.08846,0.07814,0.11619,0.06353,0.06281,0.02974,0.05036,0.04679,0.07790,0.09056,0.03120,0.02937,0.03919,0.02831,0.03688,0.02885,0.02287,0.02308,0.02500,0.03079
0.08706,0.07893,0.11107,0.06468,0.06133,0.02952,0.05109,0.04535,0.07809,0.09233,0.03353,0.02980,0.03947,0.02976,0.03946,0.02832,0.02126,0.02444,0.02383,0.03068
0.09058,0.07438,0.11606,0.06125,0.06264,0.02899,0.05062,0.04551,0.07976,0.09104,0.03261,0.02947,0.03846,0.02963,0.03719,0.02634,0.02237,0.02432,0.02568,0.03311
0.08222,0.07752,0.10789,0.06693,0.06727,0.03474,0.05111,0.04523,0.07424,0.08758,0.03350,0.02998,0.03935,0.03103,0.03745,0.02790,0.02390,0.02632,0.02519,0.03064
0.08681,0.08145,0.11863,0.07333,0.06958,0.03172,0.05463,0.04604,0.07861,0.08926,0.02941,0.02815,0.03308,0.02872,0.03216,0.02567,0.01912,0.02230,0.02272,0.02861
0.08962,0.07989,0.11650,0.06761,0.06133,0.02955,0.05255,0.04593,0.08085,0.09310,0.03144,0.02780,0.03764,0.02877,0.03280,0.02808,0.02273,0.02191,0.02366,0.02824
0.08158,0.07482,0.10419,0.06259,0.06040,0.02899,0.04960,0.04432,0.07233,0.08545,0.03563,0.03226,0.04127,0.03436,0.04317,0.03131,0.02759,0.02719,0.02779,0.03516
0.09020,0.07979,0.12656,0.06704,0.06323,0.02902,0.04877,0.05005,0.08395,0.09501,0.03048,0.02649,0.03525,0.02495,0.03309,0.02483,0.01901,0.02068,0.02383,0.02777
0.09238,0.08537,0.12773,0.06472,0.06022,0.02761,0.05000,0.04860,0.08512,0.10225,0.02791,0.02569,0.03289,0.02522,0.03229,0.02379,0.01862,0.02101,0.02109,0.02749
0.08661,0.07644,0.10999,0.06544,0.06267,0.03344,0.05118,0.04477,0.07903,0.09040,0.03329,0.02846,0.03960,0.02993,0.03820,0.02723,0.02318,0.02300,0.02687,0.03030
0.09090,0.08362,0.12544,0.07272,0.06366,0.03199,0.05510,0.04707,0.08822,0.09539,0.02610,0.02516,0.02984,0.02390,0.03067,0.02543,0.01801,0.02023,0.02101,0.02553
0.09407,0.08456,0.12136,0.06782,0.06267,0.02774,0.05251,0.04698,0.08696,0.09989,0.03057,0.02511,0.03260,0.02490,0.03086,0.02508,0.01688,0.02116,0.02171,0.02657
0.07989,0.07506,0.10731,0.06750,0.05979,0.03304,0.05140,0.04692,0.07889,0.08585,0.03628,0.03143,0.04094,0.03211,0.03685,0.02748,0.02252,0.02609,0.02829,0.03237
0.09368,0.08030,0.11629,0.06576,0.06338,0.03381,0.05261,0.04741,0.08136,0.09894,0.02923,0.02657,0.03217,0.02841,0.03253,0.02679,0.01901,0.02111,0.02178,0.02886
0.09249,0.08285,0.11683,0.06870,0.06242,0.03123,0.05127,0.04449,0.08437,0.09381,0.03029,0.02736,0.03279,0.02726,0.03145,0.02786,0.01918,0.02120,0.02389,0.03026
0.08402,0.07341,0.10590,0.06478,0.05813,0.02834,0.04970,0.04556,0.07641,0.08249,0.03381,0.03399,0.04266,0.03144,0.04148,0.03424,0.02429,0.02643,0.02864,0.03428
0.08458,0.07383,0.10906,0.06291,0.06123,0.02970,0.04966,0.04583,0.07853,0.08625,0.03507,0.03209,0.04131,0.02786,0.03940,0.03034,0.02234,0.02657,0.02982,0.03362
0.09070,0.08111,0.11595,0.06600,0.06535,0.03051,0.04955,0.04537,0.08292,0.09382,0.03162,0.02676,0.03529,0.02854,0.03738,0.02794,0.01930,0.02209,0.02249,0.02730
0.09047,0.08265,0.12113,0.06715,0.06174,0.03051,0.04894,0.04516,0.08146,0.09408,0.02961,0.02750,0.03359,0.02564,0.03331,0.02784,0.02119,0.02255,0.02460,0.03087
0.09736,0.08451,0.13302,0.06912,0.06292,0.03058,0.04874,0.04830,0.09009,0.09998,0.02541,0.02398,0.03105,0.02420,0.02940,0.02264,0.01776,0.01738,0.02001,0.02355
0.09242,0.08133,0.11905,0.07234,0.06566,0.03264,0.05200,0.04648,0.08436,0.09448,0.02993,0.02867,0.03021,0.02527,0.02942,0.02675,0.01941,0.02329,0.02085,0.02545
