0.00000,0.00000,0.21622,0.00000,0.02583,0.00000,0.01465,0.00000,0.00034,0.00000,0.00000,0.00000,0.00000,0.00000,0.00000,0.08374,0.00006,0.29015,0.36769,0.00132
0.00000,0.00009,0.00000,0.00004,0.02263,0.00000,0.70458,0.00000,0.00006,0.01426,0.00000,0.00000,0.00000,0.00000,0.00000,0.00054,0.03056,0.10909,0.00315,0.11500
0.72981,0.00000,0.05310,0.00000,0.03919,0.00000,0.00358,0.00017,0.00070,0.00000,0.00000,0.00027,0.00000,0.00000,0.16647,0.00627,0.00043,0.00000,0.00001,0.00000
0.00001,0.00000,0.00020,0.00000,0.00899,0.00000,0.29436,0.01414,0.00050,0.00000,0.00000,0.00000,0.00000,0.00576,0.00208,0.00615,0.00229,0.00057,0.66494,0.00001
0.00002,0.00000,0.02294,0.00001,0.06673,0.00000,0.20286,0.00205,0.42372,0.00000,0.00000,0.00004,0.00000,0.02088,0.00104,0.00081,0.24739,0.00000,0.00789,0.00362
0.01890,0.00000,0.03216,0.00020,0.16669,0.00000,0.03232,0.00000,0.39016,0.00000,0.00000,0.11516,0.00000,0.00001,0.00003,0.20704,0.00022,0.00000,0.03666,0.00045
0.10742,0.44835,0.00000,0.00000,0.05544,0.00000,0.19656,0.00000,0.00000,0.00000,0.00000,0.00000,0.00000,0.18884,0.00000,0.00002,0.00000,0.00000,0.00312,0.00024
0.00000,0.00000,0.05917,0.00011,0.65462,0.00001,0.00000,0.00007,0.00009,0.00000,0.00462,0.00000,0.00002,0.00055,0.00000,0.26932,0.00000,0.00000,0.01142,0.00000
0.00000,0.00000,0.00000,0.00000,0.01398,0.00896,0.89848,0.00000,0.00000,0.00036,0.00000,0.00001,0.00000,0.00000,0.04631,0.03173,0.00000,0.00000,0.00012,0.00006
0.00173,0.00000,0.00042,0.00000,0.00616,0.00000,0.95455,0.00000,0.00027,0.00000,0.00000,0.00000,0.00252,0.00000,0.00000,0.00025,0.00000,0.00793,0.02618,0.00000
0.00000,0.00000,0.00043,0.00000,0.00186,0.00000,0.24489,0.00586,0.00008,0.01236,0.06499,0.00000,0.00000,0.45997,0.00000,0.11543,0.00000,0.01363,0.00000,0.08049
0.00000,0.00000,0.00353,0.00000,0.03291,0.00000,0.02319,0.00000,0.15547,0.00000,0.00000,0.00022,0.00000,0.67758,0.00000,0.10219,0.00064,0.00000,0.00004,0.00422
0.00000,0.00000,0.00000,0.00146,0.33837,0.00000,0.00434,0.00000,0.00044,0.00000,0.00000,0.00000,0.00002,0.00067,0.00000,0.44388,0.01020,0.18979,0.00000,0.01082
0.00000,0.00000,0.11428,0.00000,0.18973,0.00000,0.00081,0.00000,0.00000,0.00000,0.23646,0.00000,0.00037,0.00252,0.00155,0.21197,0.00054,0.10118,0.14058,0.00000
0.00000,0.00000,0.63865,0.00000,0.00017,0.00000,0.16375,0.00002,0.00000,0.08087,0.00000,0.00000,0.00000,0.00000,0.00002,0.07588,0.00136,0.00000,0.03900,0.00028
0.00164,0.00462,0.00000,0.00011,0.15229,0.00000,0.06279,0.00000,0.00000,0.22145,0.00000,0.06010,0.00000,0.00179,0.00000,0.01362,0.47221,0.00570,0.00017,0.00349
0.00001,0.00000,0.02956,0.00000,0.02668,0.00000,0.47717,0.00011,0.05220,0.00001,0.00000,0.00000,0.00000,0.00057,0.00000,0.00000,0.00895,0.00000,0.00211,0.40264
0.00046,0.00000,0.00630,0.00000,0.02044,0.00000,0.29140,0.00000,0.00000,0.06547,0.00000,0.00000,0.00000,0.00000,0.00000,0.02911,0.26536,0.00001,0.32064,0.00081
0.00011,0.00000,0.00004,0.00034,0.15694,0.00000,0.14966,0.00000,0.00008,0.00000,0.00000,0.00108,0.00000,0.00000,0.00000,0.13065,0.01057,0.08290,0.00000,0.46764
0.00001,0.00000,0.00018,0.00000,0.02098,0.00000,0.18059,0.00000,0.30023,0.00000,0.00000,0.00004,0.00915,0.14679,0.00000,0.16860,0.15214,0.00818,0.01192,0.00118
0.36488,0.00000,0.00372,0.00857,0.23945,0.00000,0.33927,0.00000,0.00000,0.00000,0.00710,0.00000,0.00000,0.00003,0.00006,0.03660,0.00000,0.00000,0.00008,0.00022
0.00348,0.00000,0.00000,0.00000,0.47770,0.00000,0.19829,0.00000,0.00001,0.00000,0.00000,0.00000,0.00000,0.00000,0.00000,0.00240,0.15722,0.00052,0.00114,0.15925
0.00183,0.00374,0.00000,0.00000,0.54969,0.00000,0.15100,0.00000,0.00000,0.00010,0.00001,0.00000,0.00000,0.20024,0.00000,0.00413,0.00955,0.00027,0.00414,0.07530
0.00446,0.00000,0.02320,0.00004,0.65715,0.00000,0.03506,0.00001,0.00000,0.00000,0.00029,0.00000,0.00014,0.00574,0.00000,0.02524,0.03048,0.00001,0.01868,0.19948
0.03391,0.07632,0.00054,0.08558,0.06876,0.00000,0.00466,0.00005,0.00574,0.00000,0.00000,0.00000,0.00029,0.00017,0.00000,0.00002,0.00070,0.71731,0.00580,0.00015
0.00000,0.00000,0.00315,0.05048,0.09172,0.00000,0.07735,0.00000,0.00000,0.02829,0.00000,0.00000,0.00000,0.00002,0.00000,0.72042,0.00026,0.00476,0.02353,0.00000
0.00000,0.00000,0.06602,0.00000,0.00011,0.00000,0.15091,0.00009,0.06134,0.00000,0.00719,0.00000,0.00000,0.00001,0.00014,0.00003,0.00047,0.02118,0.00000,0.69249
0.00000,0.00000,0.00008,0.00000,0.00743,0.00000,0.54077,0.00000,0.00000,0.00000,0.00000,0.00011,0.00000,0.00000,0.00001,0.00213,0.00002,0.00051,0.44884,0.00011
0.00518,0.00000,0.00000,0.00000,0.00075,0.00000,0.08973,0.00000,0.00000,0.00000,0.22044,0.00000,0.00001,0.43773,0.00000,0.14668,0.00000,0.09929,0.00000,0.00018
0.00000,0.00000,0.15075,0.00000,0.00009,0.00000,0.07501,0.00000,0.00014,0.00000,0.00000,0.00000,0.00000,0.00000,0.00000,0.02802,0.00007,0.00000,0.74573,0.00019
0.00000,0.00000,0.02069,0.00040,0.12526,0.00000,0.11827,0.00000,0.49972,0.00001,0.00000,0.00000,0.00000,0.00000,0.00001,0.03676,0.00000,0.00000,0.00002,0.19887
0.00398,0.00000,0.07358,0.00000,0.30160,0.00000,0.24609,0.00000,0.16990,0.00000,0.00000,0.00455,0.00000,0.00158,0.01100,0.01096,0.00000,0.00654,0.16864,0.00160
0.00000,0.00000,0.00002,0.00000,0.42763,0.00000,0.34275,0.00192,0.00000,0.00018,0.00000,0.00000,0.00000,0.00000,0.15529,0.00072,0.00000,0.00016,0.06701,0.00432
0.00000,0.00002,0.00000,0.00002,0.05169,0.00000,0.73464,0.00000,0.00000,0.00000,0.00000,0.00000,0.00000,0.00000,0.00000,0.19613,0.00000,0.00000,0.01673,0.00076
0.00090,0.00000,0.01156,0.00003,0.46361,0.00000,0.20882,0.00000,0.06111,0.00000,0.00000,0.00094,0.00001,0.00000,0.08226,0.00172,0.00000,0.00000,0.01775,0.15129
0.00000,0.00000,0.00166,0.00000,0.10849,0.00000,0.01611,0.00000,0.23151,0.00002,0.00000,0.00000,0.00000,0.00145,0.00000,0.54413,0.03615,0.00000,0.06045,0.00001
0.00061,0.00000,0.00400,0.00000,0.00696,0.00000,0.12049,0.00000,0.00000,0.00301,0.00000,0.00170,0.00000,0.00009,0.00000,0.70336,0.00067,0.00000,0.00273,0.15638
0.00000,0.00013,0.00000,0.00104,0.02902,0.00000,0.68024,0.23108,0.03932,0.00000,0.00000,0.00023,0.00000,0.00000,0.00000,0.01737,0.00148,0.00002,0.00005,0.00000
0.00000,0.00000,0.01697,0.45295,0.00131,0.00001,0.50876,0.00027,0.00000,0.00002,0.00000,0.00000,0.00000,0.00072,0.00022,0.01263,0.00000,0.00000,0.00141,0.00471
0.51969,0.00000,0.00000,0.00002,0.09278,0.00000,0.14442,0.00002,0.00000,0.00000,0.00000,0.00522,0.00000,0.00227,0.00000,0.01633,0.00000,0.10560,0.00023,0.11343
0.00116,0.00000,0.00095,0.00003,0.03391,0.00000,0.34124,0.00000,0.00000,0.00000,0.00000,0.01048,0.01110,0.15096,0.00433,0.02863,0.00009,0.00000,0.41711,0.00001
0.00000,0.00000,0.00000,0.01714,0.61132,0.00000,0.00977,0.00035,0.18111,0.00000,0.00000,0.00003,0.00000,0.00378,0.00000,0.11684,0.05388,0.00000,0.00562,0.00017
0.00000,0.00000,0.00002,0.00000,0.00472,0.00000,0.00925,0.00000,0.00000,0.00000,0.00000,0.00000,0.00037,0.00000,0.00000,0.75619,0.00601,0.04315,0.17894,0.00137
0.00197,0.00000,0.65269,0.00048,0.10223,0.00000,0.18584,0.00000,0.00001,0.00000,0.00000,0.00006,0.00000,0.00000,0.00005,0.00004,0.00000,0.00715,0.04949,0.00001
0.00000,0.00000,0.00004,0.00000,0.07054,0.00000,0.00006,0.00000,0.00000,0.00000,0.00000,0.00001,0.23784,0.00000,0.00039,0.64162,0.00000,0.00842,0.00001,0.04106
0.00000,0.00000,0.00000,0.05742,0.14067,0.00000,0.79227,0.00000,0.00476,0.00000,0.00000,0.00000,0.00000,0.00000,0.00000,0.00074,0.00000,0.00137,0.00264,0.00013
0.00000,0.00000,0.11538,0.00000,0.00020,0.00000,0.10300,0.00000,0.00138,0.00000,0.00000,0.00000,0.21754,0.01113,0.00000,0.08868,0.46236,0.00000,0.00000,0.00033
0.00000,0.00000,0.00000,0.00000,0.27383,0.00000,0.13590,0.00000,0.00315,0.00003,0.00000,0.00000,0.00000,0.00299,0.00005,0.00040,0.07912,0.16211,0.19228,0.15014
0.01152,0.13741,0.00000,0.00000,0.00079,0.00000,0.13071,0.23803,0.41807,0.00000,0.00000,0.00029,0.00000,0.00000,0.00176,0.00120,0.00000,0.06010,0.00012,0.00000
0.00000,0.00000,0.00270,0.00000,0.00864,0.00000,0.07383,0.00000,0.00010,0.00000,0.00000,0.00000,0.00000,0.00000,0.00221,0.00786,0.90342,0.00116,0.00001,0.00006
0.00000,0.00000,0.00000,0.00000,0.22971,0.00000,0.02216,0.00000,0.00000,0.00000,0.00000,0.00183,0.00000,0.00000,0.00000,0.70847,0.00038,0.00000,0.03745,0.00001
0.00000,0.00000,0.00441,0.00001,0.02762,0.00000,0.92725,0.00000,0.00002,0.00000,0.00000,0.00000,0.00000,0.00000,0.00001,0.00000,0.00003,0.03012,0.01050,0.00002
0.12213,0.00000,0.00025,0.09127,0.43452,0.00000,0.01923,0.00000,0.00000,0.00000,0.00000,0.00000,0.00000,0.00530,0.00000,0.03713,0.02471,0.00000,0.22433,0.04114
0.00000,0.00000,0.00007,0.00000,0.00210,0.00000,0.13391,0.00000,0.00031,0.00000,0.00000,0.00000,0.00000,0.00640,0.00000,0.76255,0.00000,0.00000,0.09465,0.00000
0.00000,0.00000,0.00023,0.05519,0.10769,0.00000,0.21974,0.01251,0.00007,0.00804,0.00020,0.00000,0.00461,0.13834,0.00000,0.00829,0.00000,0.00018,0.00000,0.44489
0.00000,0.00000,0.00000,0.15228,0.06842,0.00000,0.16385,0.00000,0.00732,0.00027,0.00000,0.00000,0.00000,0.54813,0.00002,0.00047,0.02625,0.01463,0.01731,0.00104
0.00000,0.14359,0.00108,0.00000,0.49134,0.00000,0.00071,0.00455,0.00007,0.00000,0.00000,0.00000,0.00000,0.00000,0.00037,0.00056,0.33852,0.00346,0.00531,0.01045
0.00094,0.00000,0.00143,0.00000,0.00049,0.00000,0.06212,0.00000,0.00000,0.00000,0.00000,0.61946,0.00000,0.00000,0.00000,0.04452,0.23543,0.03555,0.00007,0.00000
0.00329,0.00000,0.00000,0.00000,0.17628,0.00000,0.26384,0.00000,0.12444,0.00000,0.00000,0.00340,0.00000,0.08983,0.00000,0.10498,0.00000,0.00352,0.23043,0.00000
0.00000,0.00000,0.01873,0.00000,0.45949,0.00000,0.14882,0.00000,0.00368,0.00000,0.00000,0.00000,0.00000,0.00082,0.00027,0.00718,0.00004,0.00108,0.09053,0.26936
0.00000,0.00000,0.00002,0.00000,0.00009,0.00000,0.00259,0.00000,0.00000,0.00000,0.00000,0.01503,0.00000,0.37225,0.00000,0.00012,0.00100,0.00000,0.22080,0.38812
0.00005,0.00000,0.02219,0.00000,0.50519,0.00000,0.20532,0.00162,0.00559,0.00001,0.00001,0.00000,0.00000,0.00000,0.00000,0.18031,0.00148,0.07470,0.00162,0.00192
0.00832,0.00000,0.07322,0.00568,0.00259,0.00000,0.36050,0.00001,0.00000,0.03729,0.00000,0.00000,0.00000,0.03588,0.00000,0.04877,0.01356,0.06815,0.01536,0.33067
0.00118,0.00000,0.00761,0.00001,0.12462,0.00000,0.73905,0.00020,0.00000,0.00019,0.00000,0.00002,0.00196,0.00000,0.00000,0.11687,0.00000,0.00001,0.00000,0.00827
0.00175,0.00000,0.00000,0.00000,0.44038,0.00000,0.05134,0.00000,0.00000,0.00000,0.00030,0.00000,0.00000,0.00000,0.00000,0.41583,0.00074,0.08376,0.00000,0.00590
0.00000,0.00000,0.00000,0.00000,0.64469,0.00000,0.10051,0.00000,0.00000,0.00009,0.00000,0.00011,0.00000,0.07715,0.00000,0.01019,0.01216,0.00000,0.15490,0.00019
0.00000,0.00000,0.89590,0.00005,0.02964,0.00000,0.00611,0.00000,0.00210,0.00239,0.00000,0.00000,0.00000,0.00262,0.04233,0.00000,0.00000,0.01682,0.00000,0.00203
0.00000,0.00000,0.00002,0.06076,0.05733,0.00000,0.00000,0.00004,0.00161,0.00000,0.00000,0.00000,0.00000,0.00299,0.00000,0.00116,0.61342,0.10202,0.05724,0.10340
0.00001,0.00000,0.00000,0.34927,0.04898,0.00000,0.00795,0.00000,0.00067,0.00000,0.00169,0.00000,0.00000,0.00000,0.00003,0.19205,0.06156,0.02180,0.31595,0.00003
0.00000,0.00000,0.00038,0.00002,0.12990,0.00000,0.03652,0.14307,0.09242,0.00000,0.00000,0.00253,0.00002,0.00933,0.01605,0.55483,0.00404,0.00210,0.00202,0.00678
0.00000,0.00001,0.05968,0.01603,0.00028,0.00000,0.19639,0.00006,0.01137,0.00000,0.00000,0.00000,0.00000,0.00089,0.00000,0.06067,0.00000,0.01028,0.04742,0.59692
0.00188,0.00000,0.00000,0.77294,0.05456,0.00000,0.07101,0.00000,0.00096,0.00000,0.00004,0.00000,0.00000,0.08123,0.00000,0.00753,0.00180,0.00000,0.00191,0.00613
0.53883,0.00000,0.00245,0.00000,0.06001,0.00000,0.13154,0.00000,0.00049,0.00000,0.00686,0.00000,0.00000,0.02774,0.00000,0.09702,0.00004,0.00000,0.10254,0.03249
0.00000,0.00000,0.02228,0.01151,0.60514,0.00000,0.00608,0.00000,0.00133,0.00000,0.00000,0.00000,0.00000,0.00161,0.09211,0.14527,0.00030,0.00000,0.00967,0.10469
0.00000,0.00000,0.00045,0.00001,0.01544,0.00000,0.02861,0.00000,0.00000,0.00000,0.00000,0.00000,0.00000,0.00001,0.00026,0.00094,0.23606,0.00002,0.18540,0.53279
0.00537,0.00000,0.03721,0.00000,0.16897,0.00003,0.22158,0.00000,0.00000,0.00000,0.00000,0.00000,0.00000,0.06305,0.22541,0.03424,0.00005,0.15194,0.00016,0.09200
0.00012,0.00000,0.00006,0.00001,0.60413,0.00354,0.00014,0.00000,0.00000,0.00001,0.00001,0.00000,0.00000,0.00000,0.00031,0.38641,0.00204,0.00000,0.00003,0.00318
0.10603,0.00000,0.59366,0.00000,0.04425,0.00000,0.12798,0.03381,0.00010,0.00000,0.00000,0.00000,0.00000,0.00000,0.00000,0.05288,0.00294,0.00266,0.03560,0.00009
0.00017,0.00000,0.00001,0.00000,0.01717,0.00274,0.40268,0.00000,0.00654,0.03664,0.00000,0.03857,0.00000,0.00109,0.00198,0.39449,0.00000,0.00043,0.09655,0.00093
0.00000,0.00000,0.44269,0.00000,0.34699,0.00000,0.00038,0.00033,0.00471,0.00000,0.00000,0.00000,0.00000,0.00007,0.00000,0.01208,0.00001,0.00017,0.19257,0.00000
0.05767,0.00000,0.02878,0.00145,0.00080,0.00000,0.61522,0.18676,0.00000,0.00002,0.00000,0.00000,0.00000,0.05787,0.00017,0.04289,0.00000,0.00000,0.00831,0.00004
0.00082,0.00000,0.02687,0.00000,0.00053,0.00000,0.16657,0.00000,0.00007,0.00424,0.23852,0.00000,0.00000,0.00000,0.10409,0.42864,0.00000,0.01692,0.00000,0.01272
0.00000,0.00003,0.00000,0.00063,0.40831,0.00000,0.13463,0.11208,0.00000,0.00001,0.00000,0.00000,0.00000,0.00003,0.00000,0.11371,0.00000,0.20728,0.01356,0.00972
0.01592,0.00000,0.00000,0.00000,0.02702,0.00000,0.78868,0.00000,0.00002,0.00000,0.00000,0.00064,0.00000,0.00001,0.03545,0.00272,0.00000,0.10905,0.01596,0.00452
0.00000,0.16941,0.00137,0.00000,0.05941,0.00000,0.46424,0.00000,0.05033,0.00000,0.00000,0.00000,0.00000,0.00000,0.20187,0.00030,0.03845,0.01455,0.00007,0.00000
0.10701,0.00000,0.26157,0.18026,0.05298,0.10047,0.02706,0.00000,0.00000,0.00000,0.00000,0.00991,0.00325,0.00000,0.16932,0.07981,0.00000,0.00000,0.00834,0.00001
0.00000,0.00000,0.00000,0.00001,0.61707,0.00000,0.05986,0.00000,0.00000,0.00000,0.00020,0.02154,0.20896,0.00316,0.00019,0.01020,0.00031,0.00000,0.02158,0.05693
0.00858,0.00000,0.00005,0.00000,0.15652,0.00000,0.66712,0.00000,0.00198,0.00000,0.00000,0.00005,0.00007,0.02884,0.00023,0.00002,0.12508,0.00001,0.00719,0.00428
0.00090,0.00000,0.01223,0.00000,0.17028,0.00000,0.36732,0.00000,0.06148,0.00000,0.00000,0.00000,0.06102,0.00836,0.00002,0.13856,0.00000,0.00000,0.03156,0.14828
0.00002,0.00000,0.25809,0.00000,0.01121,0.00000,0.26211,0.00000,0.01064,0.00000,0.00000,0.00000,0.00000,0.43959,0.00000,0.01257,0.00000,0.00151,0.00001,0.00425
0.00000,0.00000,0.00000,0.14781,0.00000,0.00000,0.03192,0.00106,0.00000,0.08560,0.00000,0.00000,0.04090,0.01995,0.00252,0.31474,0.02818,0.32476,0.00084,0.00173
0.00000,0.00000,0.00000,0.00009,0.04352,0.00000,0.11075,0.00230,0.00000,0.00155,0.00000,0.00000,0.00000,0.02039,0.00001,0.40288,0.00668,0.00000,0.41181,0.00001
0.00683,0.00000,0.01955,0.00000,0.46719,0.00000,0.00385,0.00000,0.00000,0.00963,0.00000,0.00000,0.13531,0.00000,0.00000,0.02821,0.00000,0.00000,0.32733,0.00208
0.00651,0.00000,0.00000,0.00000,0.79892,0.00000,0.06421,0.00000,0.00000,0.00000,0.00000,0.00000,0.00000,0.12267,0.00031,0.00667,0.00069,0.00000,0.00000,0.00002
0.00000,0.00000,0.00000,0.00000,0.02385,0.00000,0.13198,0.07141,0.11593,0.58083,0.00000,0.00000,0.00000,0.00050,0.00000,0.00000,0.00013,0.00000,0.04355,0.03183
0.30005,0.00000,0.00000,0.00000,0.08685,0.00000,0.00018,0.00000,0.00000,0.00000,0.00000,0.27830,0.00000,0.06479,0.00039,0.20823,0.00001,0.00000,0.01663,0.04457
0.01922,0.00000,0.00000,0.00000,0.08981,0.00000,0.07511,0.00000,0.00000,0.00004,0.37670,0.00000,0.00155,0.00393,0.00002,0.38685,0.00005,0.01546,0.00022,0.03104
0.00000,0.00000,0.00000,0.00014,0.00051,0.00000,0.77470,0.00125,0.02959,0.00000,0.00000,0.00000,0.00000,0.00000,0.00000,0.17724,0.00000,0.00000,0.01490,0.00167
0.00000,0.00000,0.00002,0.00000,0.04920,0.00000,0.00253,0.00000,0.00154,0.00025,0.00000,0.00000,0.00000,0.00000,0.00001,0.93432,0.00000,0.00000,0.00223,0.00990
0.00000,0.00000,0.00454,0.00000,0.00352,0.00000,0.06633,0.00000,0.00119,0.00000,0.00000,0.00000,0.00000,0.03917,0.00000,0.02539,0.00000,0.00000,0.45445,0.40541
0.00000,0.00001,0.00000,0.00000,0.00264,0.00000,0.26942,0.00001,0.00000,0.00000,0.00139,0.00079,0.00000,0.09235,0.00015,0.01762,0.00000,0.04644,0.53792,0.03127
0.00000,0.00000,0.25023,0.02160,0.00823,0.00000,0.36915,0.00000,0.00000,0.00010,0.00000,0.08061,0.00000,0.00000,0.00000,0.14535,0.00001,0.00000,0.09672,0.02800
0.00152,0.00000,0.00000,0.00000,0.24784,0.00000,0.00482,0.00000,0.00000,0.00009,0.00000,0.00000,0.00000,0.00064,0.00000,0.00180,0.01937,0.00000,0.28705,0.43687
0.00000,0.00135,0.00865,0.00150,0.65466,0.00001,0.08881,0.00000,0.00005,0.00000,0.00000,0.00000,0.00001,0.00000,0.00000,0.13640,0.05566,0.00000,0.00247,0.05043
0.00001,0.00000,0.00215,0.00643,0.03151,0.00000,0.00498,0.00000,0.00000,0.00000,0.00000,0.00000,0.00000,0.09945,0.48333,0.20149,0.00000,0.00000,0.16825,0.00240
0.00000,0.00000,0.00018,0.00000,0.28034,0.00000,0.04031,0.00000,0.00017,0.00000,0.00000,0.00000,0.00000,0.00001,0.00000,0.00798,0.02637,0.00000,0.00224,0.64240
0.00067,0.00000,0.04037,0.00050,0.00034,0.00000,0.08091,0.00000,0.27096,0.23416,0.00000,0.00000,0.10151,0.00000,0.05520,0.05429,0.03135,0.04497,0.08469,0.00009
0.00000,0.00000,0.00179,0.00003,0.05185,0.00000,0.58382,0.00000,0.00000,0.00000,0.00248,0.00000,0.00000,0.00000,0.12126,0.04603,0.00001,0.11008,0.07895,0.00371
0.00000,0.34535,0.00021,0.00000,0.34803,0.00000,0.00087,0.00016,0.00000,0.02204,0.00000,0.00000,0.00000,0.00155,0.00000,0.27638,0.00000,0.00003,0.00089,0.00449
0.00002,0.00000,0.00061,0.00000,0.02411,0.00000,0.00903,0.00000,0.00000,0.00000,0.00000,0.00000,0.00000,0.00150,0.00000,0.96024,0.00077,0.00372,0.00000,0.00000
0.00000,0.00000,0.00165,0.00000,0.01179,0.00000,0.08310,0.00000,0.00001,0.00293,0.00000,0.28254,0.00000,0.54539,0.00000,0.04293,0.00000,0.02958,0.00008,0.00000
0.03854,0.00000,0.00002,0.00000,0.45129,0.00542,0.46104,0.00000,0.01118,0.00000,0.00000,0.00000,0.00009,0.00000,0.00351,0.00001,0.00974,0.01837,0.00079,0.00000
0.00005,0.00000,0.04898,0.02560,0.00315,0.00000,0.35349,0.00000,0.00000,0.00000,0.00000,0.00000,0.00000,0.00000,0.00037,0.33416,0.14957,0.00001,0.00014,0.08447
0.00000,0.00000,0.00000,0.00006,0.00339,0.00000,0.04237,0.00000,0.44949,0.00000,0.00000,0.00000,0.00000,0.00000,0.00040,0.03497,0.00000,0.00000,0.46932,0.00000
0.00000,0.00000,0.00000,0.00000,0.00325,0.00000,0.01740,0.00017,0.00030,0.00000,0.00000,0.01533,0.00000,0.00000,0.00060,0.02214,0.04552,0.72269,0.13510,0.03750
0.00001,0.00000,0.00244,0.00000,0.03781,0.00000,0.38903,0.00358,0.00459,0.00000,0.00000,0.00000,0.00000,0.00000,0.00000,0.00727,0.04002,0.00219,0.51254,0.00052
0.00000,0.00000,0.00000,0.00000,0.63224,0.00000,0.08778,0.00176,0.00000,0.11485,0.00000,0.00021,0.00000,0.00027,0.00000,0.06893,0.00023,0.09332,0.00000,0.00040
0.00067,0.00000,0.02185,0.01124,0.00001,0.00000,0.35850,0.00000,0.00103,0.00000,0.00000,0.00000,0.00000,0.00131,0.07487,0.47349,0.00109,0.00000,0.00110,0.05485
0.00000,0.00000,0.00000,0.00000,0.02651,0.00000,0.02346,0.04283,0.00195,0.00000,0.00000,0.00000,0.00000,0.42865,0.00000,0.42146,0.00000,0.00196,0.00001,0.05316
0.06982,0.00000,0.00000,0.00000,0.00000,0.00000,0.00003,0.00001,0.60146,0.00000,0.00000,0.00000,0.00000,0.08128,0.17251,0.04582,0.00000,0.00305,0.02579,0.00022
0.04805,0.00000,0.00001,0.00000,0.22652,0.00000,0.30643,0.00000,0.00181,0.07287,0.00000,0.00002,0.22089,0.00000,0.04776,0.00071,0.00011,0.00517,0.06964,0.00001
0.00000,0.00000,0.34149,0.00148,0.11806,0.00000,0.17276,0.02595,0.00035,0.00001,0.18885,0.04531,0.00000,0.00002,0.00000,0.10572,0.00000,0.00001,0.00001,0.00000
0.00023,0.00680,0.00001,0.00000,0.63245,0.00000,0.01311,0.00331,0.00000,0.04447,0.00000,0.00000,0.00000,0.00000,0.00089,0.26298,0.00000,0.00000,0.01331,0.02247
0.00650,0.00000,0.00000,0.00011,0.00031,0.00000,0.09852,0.00000,0.00000,0.00000,0.00000,0.00000,0.00935,0.01437,0.00000,0.44320,0.00009,0.00181,0.42484,0.00092
0.09554,0.00000,0.00990,0.11367,0.01559,0.00000,0.35659,0.00000,0.00284,0.00000,0.00000,0.00000,0.00000,0.00200,0.00000,0.35950,0.00000,0.00003,0.01719,0.02715
0.00006,0.00000,0.00000,0.00000,0.65454,0.00000,0.04903,0.00000,0.00000,0.00000,0.00000,0.00000,0.00000,0.00075,0.00000,0.03848,0.00124,0.01260,0.00912,0.23418
0.00010,0.00000,0.00000,0.00000,0.09629,0.00000,0.24851,0.00000,0.00045,0.00000,0.02741,0.03633,0.00000,0.00950,0.00000,0.00040,0.38933,0.00066,0.18572,0.00528
0.04286,0.06629,0.00000,0.00000,0.01689,0.00000,0.01142,0.00000,0.00000,0.06047,0.00000,0.00222,0.00000,0.00000,0.00000,0.53916,0.00001,0.23060,0.02986,0.00022
0.00001,0.00000,0.00805,0.00000,0.00654,0.00000,0.24311,0.00000,0.08979,0.13895,0.00000,0.00000,0.00000,0.11957,0.00000,0.00159,0.00000,0.00019,0.00000,0.39220
0.77400,0.00000,0.00004,0.00010,0.06212,0.00000,0.02106,0.00000,0.00497,0.00000,0.00000,0.00000,0.00000,0.00000,0.00003,0.13387,0.00349,0.00000,0.00023,0.00009
0.00049,0.00000,0.01463,0.00000,0.25670,0.00000,0.14206,0.00000,0.00000,0.00000,0.00000,0.00000,0.00000,0.00193,0.00000,0.24402,0.00000,0.23855,0.00010,0.10153
0.04533,0.00000,0.00043,0.00001,0.04194,0.00000,0.52202,0.00001,0.00002,0.00053,0.00000,0.00000,0.00000,0.38206,0.00000,0.00031,0.00334,0.00000,0.00001,0.00401
0.00070,0.00000,0.00037,0.00000,0.00000,0.00000,0.00006,0.00000,0.64674,0.00000,0.00000,0.00290,0.00000,0.00026,0.16343,0.00004,0.06261,0.05489,0.06802,0.00000
0.00218,0.00000,0.54075,0.00054,0.00084,0.00000,0.00905,0.00000,0.00000,0.00000,0.00000,0.00089,0.00000,0.00000,0.00000,0.24001,0.20561,0.00003,0.00003,0.00007
0.00000,0.00000,0.01155,0.01856,0.72727,0.00000,0.03647,0.00000,0.00000,0.01896,0.00000,0.00000,0.01122,0.00000,0.00000,0.07853,0.08069,0.00000,0.01127,0.00547
0.05321,0.00000,0.00000,0.06084,0.14005,0.00000,0.11224,0.00000,0.00000,0.00000,0.00000,0.00000,0.40396,0.00001,0.00000,0.19393,0.01090,0.00000,0.00087,0.02399
0.00086,0.00000,0.00001,0.00000,0.00381,0.00000,0.00873,0.00000,0.21524,0.00032,0.00000,0.00000,0.00016,0.00107,0.00000,0.01018,0.00180,0.00059,0.75713,0.00010
0.24502,0.00000,0.01655,0.00240,0.06484,0.00000,0.49842,0.01232,0.00000,0.00000,0.00011,0.00000,0.00653,0.00263,0.00000,0.05836,0.00824,0.00000,0.08412,0.00045
0.00000,0.00000,0.00032,0.02264,0.01853,0.00000,0.32208,0.00000,0.00005,0.00601,0.00000,0.00665,0.00000,0.00000,0.41877,0.12200,0.07034,0.00515,0.00742,0.00004
0.01486,0.00002,0.00003,0.00005,0.36473,0.00000,0.39654,0.00000,0.00000,0.00000,0.00000,0.00000,0.00000,0.00000,0.19725,0.02649,0.00000,0.00000,0.00002,0.00000
0.00000,0.00000,0.00000,0.00001,0.05702,0.00000,0.15653,0.03198,0.00572,0.00009,0.00000,0.00118,0.02901,0.01005,0.57958,0.00973,0.00032,0.00002,0.00000,0.11876
0.00001,0.00000,0.00000,0.00001,0.00355,0.00000,0.97713,0.00000,0.00288,0.00006,0.00000,0.00000,0.00000,0.00019,0.00000,0.00085,0.00015,0.00196,0.01317,0.00004
0.00000,0.00000,0.00005,0.00000,0.11908,0.00000,0.17196,0.00005,0.00001,0.00007,0.00000,0.00000,0.00000,0.00001,0.00000,0.61029,0.00255,0.00023,0.01701,0.07868
0.00001,0.00000,0.01405,0.00012,0.00000,0.00000,0.08270,0.00003,0.78578,0.00000,0.00000,0.00000,0.00990,0.00232,0.00000,0.00022,0.10426,0.00011,0.00004,0.00047
0.00000,0.00044,0.00007,0.29304,0.02152,0.00000,0.01711,0.00000,0.09769,0.00000,0.00000,0.00000,0.00000,0.00001,0.00000,0.08105,0.00000,0.07198,0.00000,0.41709
0.00000,0.00000,0.00257,0.59625,0.06952,0.00000,0.17233,0.00000,0.00054,0.00000,0.00000,0.00000,0.00000,0.00000,0.00000,0.13437,0.01095,0.00603,0.00745,0.00000
0.00622,0.00000,0.10106,0.03168,0.00001,0.00000,0.11555,0.00000,0.00000,0.00000,0.00000,0.00000,0.00000,0.00005,0.00254,0.07555,0.01219,0.57183,0.08249,0.00085
0.00000,0.00000,0.00046,0.00000,0.08397,0.00000,0.07614,0.00000,0.00001,0.00000,0.00000,0.00000,0.00000,0.00000,0.03370,0.04291,0.00025,0.09234,0.00023,0.67000
0.00017,0.00000,0.10320,0.00861,0.04457,0.00000,0.54003,0.00000,0.15896,0.00000,0.00005,0.00000,0.00000,0.00000,0.00000,0.05036,0.00000,0.00000,0.00710,0.08694
0.00000,0.00001,0.00215,0.00145,0.10444,0.00000,0.03772,0.00289,0.27885,0.50868,0.00000,0.00000,0.00000,0.00326,0.00911,0.01307,0.02993,0.00102,0.00194,0.00549
0.00014,0.00000,0.02578,0.00000,0.00001,0.00000,0.04540,0.00000,0.00000,0.00000,0.00000,0.00000,0.00000,0.46503,0.00000,0.00298,0.07254,0.00000,0.00810,0.38002
0.00000,0.00000,0.00006,0.00000,0.66673,0.00000,0.00033,0.00000,0.00015,0.05554,0.00000,0.20083,0.00000,0.02540,0.04940,0.00001,0.00000,0.00064,0.00000,0.00091
0.00163,0.00000,0.00000,0.03594,0.20743,0.00000,0.08923,0.00000,0.00671,0.00000,0.00000,0.00000,0.00000,0.00000,0.00016,0.04389,0.00001,0.57302,0.00000,0.04199
0.00000,0.00000,0.00000,0.00001,0.69951,0.00000,0.13277,0.00000,0.00001,0.00000,0.00000,0.00000,0.00000,0.16712,0.00000,0.00013,0.00000,0.00000,0.00012,0.00033
0.00000,0.00008,0.00000,0.04532,0.08392,0.00000,0.46955,0.00319,0.00579,0.00000,0.00000,0.00000,0.00000,0.11558,0.00000,0.00007,0.00342,0.15970,0.00124,0.11214
0.02887,0.00000,0.00012,0.00000,0.04709,0.00000,0.34125,0.00000,0.00001,0.00000,0.00000,0.30956,0.00000,0.00290,0.00039,0.14586,0.00002,0.03714,0.08680,0.00000
0.41248,0.00005,0.00000,0.11260,0.00001,0.00000,0.14282,0.00056,0.00000,0.00000,0.00000,0.00873,0.00000,0.00008,0.00000,0.27062,0.00000,0.00000,0.01599,0.03606
0.00000,0.00000,0.00000,0.00000,0.59388,0.00000,0.10306,0.00002,0.00001,0.00000,0.00000,0.00001,0.00000,0.00265,0.00000,0.06532,0.14619,0.00077,0.00000,0.08809
0.00000,0.00000,0.00006,0.00012,0.06119,0.00000,0.40230,0.00803,0.19746,0.00243,0.00000,0.00000,0.00000,0.00312,0.00000,0.00290,0.00004,0.00000,0.32233,0.00000
0.00000,0.00000,0.00000,0.00720,0.00758,0.00000,0.24390,0.00000,0.00000,0.01887,0.00000,0.00000,0.00000,0.00175,0.07915,0.01353,0.01457,0.58690,0.02654,0.00000
0.00000,0.00000,0.46637,0.00020,0.00013,0.00000,0.40066,0.00000,0.05425,0.00000,0.00000,0.00000,0.00000,0.00006,0.00000,0.07515,0.00000,0.00125,0.00052,0.00141
0.14892,0.00000,0.01896,0.00000,0.25039,0.00015,0.03177,0.00000,0.00018,0.00000,0.00000,0.40230,0.00000,0.05509,0.00000,0.03714,0.00000,0.03765,0.01746,0.00001
0.00002,0.00000,0.00000,0.10612,0.00171,0.00000,0.53229,0.00001,0.00100,0.00000,0.00007,0.00000,0.00000,0.23877,0.00000,0.00000,0.00002,0.00261,0.00015,0.11724
0.03276,0.00000,0.00000,0.01651,0.01659,0.00000,0.85803,0.00000,0.00000,0.00000,0.00000,0.00000,0.00000,0.00000,0.02000,0.04502,0.00001,0.00046,0.00493,0.00571
0.00356,0.00000,0.00067,0.00023,0.17776,0.00000,0.13508,0.00000,0.00000,0.11155,0.00000,0.00011,0.27306,0.00094,0.00000,0.15523,0.00000,0.00560,0.05511,0.08110
0.00002,0.00112,0.01019,0.09135,0.02152,0.00000,0.20291,0.00000,0.00001,0.00000,0.00000,0.00000,0.00000,0.00018,0.00000,0.06315,0.27183,0.33045,0.00357,0.00370
0.00000,0.00000,0.00056,0.00000,0.14564,0.00000,0.64783,0.00000,0.00000,0.00000,0.00000,0.00000,0.00000,0.00008,0.00000,0.13794,0.03859,0.02887,0.00000,0.00049
0.00000,0.00000,0.01652,0.00012,0.00053,0.00000,0.18384,0.00977,0.00064,0.22504,0.00000,0.00000,0.23630,0.29825,0.00004,0.02896,0.00000,0.00000,0.00000,0.00001
0.00149,0.00000,0.00066,0.00001,0.00116,0.00000,0.52840,0.00000,0.20964,0.10802,0.00000,0.00000,0.00154,0.00029,0.01659,0.00113,0.00095,0.00022,0.11040,0.01953
0.00000,0.00000,0.00000,0.00002,0.01164,0.00000,0.66187,0.00000,0.03319,0.00000,0.00006,0.00000,0.00027,0.00008,0.00000,0.28836,0.00060,0.00000,0.00391,0.00000
0.00000,0.00000,0.00147,0.00000,0.00002,0.22097,0.50668,0.00000,0.00000,0.00000,0.00000,0.00000,0.00045,0.17987,0.00069,0.03742,0.00018,0.00000,0.00006,0.05219
0.00000,0.00000,0.00000,0.00311,0.02510,0.00000,0.06062,0.00000,0.00001,0.00000,0.00000,0.00000,0.00405,0.89362,0.00000,0.00961,0.00373,0.00000,0.00015,0.00000
0.05239,0.00000,0.20100,0.00000,0.00064,0.00000,0.38127,0.00000,0.00000,0.00000,0.00000,0.00000,0.00000,0.00000,0.00000,0.00000,0.00001,0.00000,0.00008,0.36461
0.00000,0.00000,0.00010,0.00000,0.71167,0.00000,0.00544,0.00000,0.00031,0.00000,0.00000,0.01317,0.00000,0.00000,0.00001,0.14962,0.00000,0.02825,0.00036,0.09108
0.00000,0.00000,0.00214,0.00000,0.16255,0.00000,0.72497,0.00035,0.00003,0.00000,0.00000,0.00316,0.00043,0.00979,0.00098,0.00000,0.04223,0.00000,0.00040,0.05297
0.10464,0.00000,0.00059,0.00000,0.04143,0.00000,0.00104,0.00000,0.00022,0.00000,0.00000,0.00000,0.00000,0.00146,0.59490,0.02284,0.09628,0.10307,0.00188,0.03166
0.05937,0.00000,0.53296,0.00377,0.03267,0.00000,0.13180,0.00001,0.00000,0.00001,0.00000,0.00000,0.05076,0.00002,0.00000,0.17799,0.00013,0.00054,0.00892,0.00105
0.00000,0.00000,0.00000,0.15402,0.28235,0.00000,0.02775,0.00000,0.00322,0.00461,0.00000,0.02442,0.45335,0.00037,0.00000,0.00327,0.00008,0.00000,0.04515,0.00141
0.00000,0.00000,0.01630,0.00000,0.15309,0.00000,0.03089,0.01659,0.00000,0.02478,0.00000,0.00000,0.00000,0.06183,0.00000,0.16151,0.51222,0.00000,0.02279,0.00000
0.00000,0.00000,0.01773,0.00000,0.04536,0.00000,0.54602,0.00074,0.00019,0.00000,0.00951,0.00001,0.00302,0.00000,0.00000,0.04241,0.02451,0.00061,0.26415,0.04575
0.00239,0.23795,0.01145,0.00000,0.16805,0.00000,0.17531,0.00000,0.00000,0.00000,0.00000,0.00000,0.00000,0.14773,0.00000,0.00563,0.22300,0.02767,0.00000,0.00082
0.00000,0.00000,0.00000,0.00000,0.23015,0.00000,0.02284,0.00114,0.00000,0.00000,0.00000,0.00000,0.00004,0.00000,0.00000,0.06298,0.64905,0.00000,0.03377,0.00004
0.00001,0.00008,0.00332,0.00000,0.00000,0.00000,0.37846,0.00000,0.00000,0.00000,0.00000,0.00000,0.00000,0.08046,0.00000,0.00796,0.00000,0.48506,0.00126,0.04340
0.00000,0.00000,0.00008,0.00000,0.00224,0.00000,0.75462,0.00000,0.00000,0.00042,0.00000,0.00000,0.00000,0.14170,0.00536,0.04039,0.00000,0.00000,0.00000,0.05519
0.00000,0.00000,0.00000,0.00000,0.11878,0.00000,0.74257,0.00000,0.00195,0.00000,0.00000,0.00000,0.00000,0.00004,0.00440,0.10068,0.00002,0.02124,0.00000,0.01033
0.00003,0.00000,0.01685,0.40822,0.00000,0.00000,0.22003,0.00000,0.00488,0.00000,0.00000,0.00000,0.00000,0.00000,0.11309,0.22604,0.00005,0.00003,0.01077,0.00000
0.00000,0.00000,0.00332,0.00172,0.13505,0.00000,0.16404,0.00000,0.00000,0.02187,0.00000,0.00000,0.00000,0.05044,0.00000,0.56522,0.00098,0.00001,0.01589,0.04146
0.00063,0.00000,0.01443,0.24963,0.02914,0.00000,0.00695,0.00305,0.01163,0.00014,0.00000,0.00000,0.00000,0.00000,0.00076,0.14462,0.42284,0.11082,0.00527,0.00010
0.00009,0.00000,0.00025,0.00000,0.55067,0.00000,0.32799,0.00009,0.00000,0.01730,0.00000,0.00000,0.00000,0.00496,0.00000,0.09865,0.00000,0.00000,0.00000,0.00000
0.24112,0.00000,0.00008,0.00056,0.01697,0.00000,0.27817,0.00000,0.00000,0.00028,0.00000,0.00097,0.00000,0.00000,0.00000,0.03421,0.23852,0.04386,0.14522,0.00002
0.00000,0.00000,0.00000,0.00001,0.36464,0.00000,0.29707,0.00000,0.03895,0.20210,0.00000,0.00000,0.00000,0.00002,0.00003,0.00255,0.00000,0.06877,0.02578,0.00008
0.00000,0.00000,0.16881,0.00000,0.62244,0.00000,0.00331,0.00000,0.00000,0.00000,0.00000,0.00000,0.00068,0.00005,0.00000,0.09385,0.11085,0.00000,0.00000,0.00001
0.00000,0.00000,0.00000,0.00000,0.11073,0.00000,0.05752,0.00000,0.11034,0.00000,0.00000,0.00000,0.51019,0.00000,0.00000,0.00023,0.02737,0.00005,0.18357,0.00000
0.00753,0.00000,0.00158,0.00171,0.02179,0.00000,0.04707,0.00000,0.00000,0.00673,0.00000,0.72336,0.00186,0.00000,0.00181,0.00447,0.00404,0.00085,0.04090,0.13628
0.00005,0.00000,0.00000,0.00273,0.06357,0.00000,0.83999,0.00000,0.00668,0.00000,0.00001,0.00000,0.00000,0.01036,0.01520,0.06116,0.00000,0.00000,0.00021,0.00003
0.00039,0.00000,0.00000,0.04666,0.31142,0.00000,0.01552,0.00002,0.05649,0.03390,0.00000,0.00000,0.00547,0.00030,0.00000,0.38262,0.13109,0.01103,0.00479,0.00028
0.00000,0.00000,0.00032,0.00012,0.08845,0.00000,0.66143,0.00000,0.00043,0.00000,0.00000,0.00000,0.00000,0.17620,0.01943,0.00000,0.05339,0.00024,0.00000,0.00000
0.00000,0.00000,0.00052,0.00002,0.00312,0.00000,0.01602,0.00000,0.00000,0.43163,0.00000,0.00000,0.00000,0.00067,0.00000,0.54723,0.00010,0.00000,0.00000,0.00069
0.00000,0.00000,0.00672,0.36583,0.07261,0.00000,0.09084,0.00000,0.13367,0.00000,0.00000,0.00064,0.00000,0.00119,0.00000,0.05949,0.00000,0.23433,0.01864,0.01603
0.08529,0.00000,0.00000,0.00000,0.00563,0.00000,0.00061,0.74966,0.00000,0.00000,0.00000,0.03349,0.00000,0.00000,0.00000,0.11214,0.00699,0.00135,0.00484,0.00000
0.45543,0.00000,0.01612,0.00002,0.00012,0.02414,0.09545,0.00004,0.00629,0.00000,0.00000,0.00000,0.00013,0.00327,0.00000,0.30655,0.00000,0.02685,0.00000,0.06559
0.37544,0.00000,0.00001,0.01571,0.00007,0.00000,0.03899,0.00001,0.00084,0.00000,0.00000,0.00000,0.00001,0.00000,0.00044,0.56675,0.00000,0.00000,0.00167,0.00006
0.00000,0.00000,0.00002,0.00002,0.02025,0.00000,0.35392,0.00000,0.00000,0.00000,0.00000,0.00000,0.00000,0.00419,0.00000,0.02538,0.00672,0.00046,0.25491,0.33413
0.00000,0.00000,0.00000,0.06766,0.32113,0.00000,0.39327,0.00000,0.06613,0.00000,0.00039,0.00162,0.00001,0.00004,0.00067,0.00032,0.00000,0.14861,0.00006,0.00009
0.00051,0.00000,0.20376,0.03066,0.02655,0.00000,0.31468,0.00000,0.00000,0.00000,0.00000,0.00197,0.00000,0.10336,0.00000,0.01857,0.00000,0.00753,0.28967,0.00274
0.00000,0.00000,0.01421,0.00000,0.07130,0.00000,0.27162,0.00000,0.00020,0.00000,0.00000,0.00000,0.00000,0.07495,0.00000,0.56443,0.00000,0.00000,0.00328,0.00000
0.00000,0.00000,0.00001,0.00000,0.13840,0.00000,0.04331,0.00058,0.00002,0.64020,0.00000,0.00144,0.00000,0.00000,0.00358,0.05467,0.11651,0.00000,0.00125,0.00004
0.00000,0.00000,0.10116,0.00000,0.36723,0.00000,0.02749,0.00000,0.00000,0.00000,0.00000,0.02256,0.00000,0.01159,0.00000,0.39314,0.00000,0.07511,0.00070,0.00102
0.00019,0.00000,0.00546,0.00000,0.41172,0.00000,0.29523,0.19538,0.00000,0.00000,0.00000,0.00000,0.00000,0.00213,0.00003,0.00471,0.00134,0.05401,0.00002,0.02975
0.09083,0.00000,0.00354,0.00016,0.01943,0.00000,0.05185,0.35958,0.16413,0.00000,0.00000,0.00000,0.00000,0.02142,0.00000,0.28131,0.00773,0.00000,0.00000,0.00001
0.00000,0.00000,0.00000,0.00005,0.01514,0.00000,0.25774,0.00000,0.00001,0.00000,0.00000,0.00003,0.00000,0.28616,0.00096,0.00509,0.00371,0.00000,0.16004,0.27106
0.01654,0.00000,0.00240,0.02790,0.00794,0.00000,0.28802,0.00000,0.00019,0.01327,0.00000,0.00200,0.00062,0.16556,0.00000,0.12578,0.00000,0.01048,0.03292,0.30637
0.16740,0.00000,0.00507,0.00000,0.20207,0.00000,0.02149,0.00000,0.00000,0.00000,0.00000,0.00000,0.07131,0.01553,0.00000,0.47316,0.00000,0.00000,0.00011,0.04385
0.00000,0.00000,0.13996,0.00000,0.00002,0.00000,0.34241,0.00000,0.00000,0.00000,0.00000,0.00000,0.00000,0.00001,0.00000,0.00933,0.00000,0.00000,0.08934,0.41893
0.00000,0.00000,0.00005,0.00000,0.00679,0.00000,0.12219,0.00000,0.00000,0.00000,0.00000,0.17790,0.00000,0.16842,0.00000,0.00000,0.39420,0.00765,0.12279,0.00000
0.16226,0.00000,0.00009,0.00215,0.00001,0.00000,0.19128,0.00000,0.00000,0.00435,0.00000,0.00058,0.00000,0.00140,0.00000,0.11359,0.00715,0.00000,0.51376,0.00340
0.00000,0.00000,0.00000,0.00000,0.00208,0.00000,0.04303,0.09737,0.15000,0.00000,0.67659,0.00000,0.00000,0.00000,0.01557,0.01162,0.00010,0.00362,0.00000,0.00000
0.00000,0.34666,0.00000,0.00000,0.01976,0.00000,0.39135,0.00000,0.04517,0.00000,0.00000,0.00000,0.00000,0.00002,0.00000,0.15284,0.00000,0.03056,0.01317,0.00046
0.00000,0.00000,0.00123,0.10047,0.00177,0.00000,0.09639,0.00009,0.00000,0.00000,0.00000,0.00226,0.00000,0.02207,0.00001,0.52248,0.00000,0.00000,0.25324,0.00000
0.00000,0.00000,0.00011,0.00003,0.07429,0.00000,0.00104,0.00000,0.00000,0.00000,0.00000,0.00000,0.00000,0.00000,0.00000,0.87684,0.00000,0.00007,0.01267,0.03496
0.00000,0.04810,0.00020,0.23269,0.00308,0.00000,0.23513,0.00000,0.00001,0.00000,0.15395,0.00000,0.00076,0.00000,0.00133,0.20246,0.00549,0.08817,0.02655,0.00208
0.00000,0.00000,0.01007,0.00530,0.17777,0.00000,0.46355,0.00000,0.00000,0.00000,0.04364,0.00000,0.00000,0.24787,0.00000,0.04639,0.00000,0.00029,0.00511,0.00000
0.00000,0.00000,0.00003,0.00000,0.00225,0.00000,0.00788,0.00000,0.28378,0.00954,0.00000,0.00000,0.00000,0.00000,0.00000,0.02071,0.02645,0.00000,0.64936,0.00000
0.00000,0.00000,0.13198,0.00000,0.07897,0.00000,0.28597,0.00000,0.36622,0.00000,0.00000,0.00000,0.00000,0.00000,0.00000,0.12675,0.00000,0.00003,0.00755,0.00252
0.00007,0.00195,0.00000,0.00000,0.00748,0.00000,0.17938,0.00000,0.00003,0.00000,0.00000,0.00000,0.00000,0.00064,0.20706,0.34916,0.00034,0.25387,0.00000,0.00000
0.02533,0.00000,0.00000,0.03247,0.37527,0.00000,0.09421,0.00000,0.45110,0.00000,0.00000,0.00000,0.00000,0.00001,0.00001,0.00066,0.00000,0.02091,0.00001,0.00002
0.00013,0.00000,0.00301,0.28483,0.00431,0.00000,0.33003,0.00000,0.00030,0.00000,0.00000,0.12450,0.00000,0.00000,0.00002,0.22135,0.00003,0.00005,0.00005,0.03137
0.00002,0.00000,0.13380,0.00000,0.21941,0.00000,0.04603,0.11242,0.02284,0.00000,0.00000,0.07468,0.00000,0.30138,0.00075,0.04348,0.00000,0.04497,0.00020,0.00000
0.00000,0.00000,0.00043,0.30422,0.15261,0.00000,0.01781,0.00000,0.01472,0.01407,0.00000,0.00000,0.00000,0.00002,0.00000,0.31033,0.00000,0.00000,0.03586,0.14992
0.00000,0.00000,0.00031,0.00000,0.32414,0.00000,0.63342,0.00000,0.00000,0.00000,0.00000,0.01384,0.00000,0.00007,0.00000,0.00078,0.00000,0.00136,0.02606,0.00002
0.00000,0.00000,0.00000,0.00448,0.06951,0.00000,0.26088,0.00000,0.00000,0.00210,0.00000,0.00008,0.00000,0.00000,0.09046,0.16732,0.00000,0.13785,0.00010,0.26721
0.00000,0.00000,0.00001,0.01965,0.10490,0.00000,0.29060,0.02410,0.39183,0.00090,0.00000,0.00000,0.00000,0.00034,0.02636,0.07101,0.01844,0.02752,0.02433,0.00000
0.00007,0.00000,0.00256,0.00000,0.10009,0.00000,0.43711,0.00080,0.00000,0.00000,0.00000,0.40275,0.00000,0.00026,0.00000,0.00000,0.00001,0.00001,0.00042,0.05591
0.00006,0.00000,0.00002,0.00000,0.09379,0.00000,0.28419,0.00000,0.00000,0.00000,0.00000,0.00025,0.00000,0.00000,0.14756,0.01977,0.43738,0.00146,0.00000,0.01553
0.00280,0.00000,0.00193,0.00000,0.55427,0.00002,0.14719,0.00219,0.00000,0.00000,0.00000,0.00000,0.00000,0.00045,0.01234,0.21189,0.06302,0.00000,0.00053,0.00334
0.00000,0.00000,0.53293,0.00000,0.07373,0.00000,0.10388,0.00066,0.00702,0.01048,0.00000,0.00000,0.00000,0.00000,0.00008,0.26921,0.00000,0.00000,0.00001,0.00200
0.00000,0.00001,0.00000,0.00000,0.00342,0.00000,0.38402,0.00000,0.00000,0.00000,0.00002,0.00000,0.20242,0.00241,0.00457,0.17220,0.00000,0.00000,0.04760,0.18333
0.00205,0.00000,0.00216,0.01351,0.55183,0.00000,0.05055,0.00000,0.00000,0.00000,0.00000,0.00000,0.00921,0.00000,0.00000,0.01522,0.00000,0.00028,0.02962,0.32556
0.00010,0.00000,0.00048,0.00000,0.00000,0.00000,0.52506,0.00000,0.00000,0.00000,0.00000,0.00000,0.00000,0.00000,0.00027,0.00007,0.47041,0.00000,0.00361,0.00000
0.00000,0.00000,0.17024,0.00000,0.06501,0.00000,0.00182,0.24352,0.00013,0.00000,0.00000,0.00000,0.00000,0.00000,0.00000,0.50793,0.00000,0.00112,0.00861,0.00162
0.00000,0.00000,0.00167,0.00422,0.00710,0.00000,0.32116,0.00000,0.00000,0.18816,0.00000,0.00634,0.00000,0.00000,0.00001,0.37380,0.00000,0.00000,0.02244,0.07511
0.49436,0.00095,0.00002,0.00000,0.00000,0.00000,0.03111,0.00009,0.00026,0.30633,0.00000,0.00022,0.00000,0.00020,0.00000,0.04868,0.02205,0.09547,0.00025,0.00000
0.00010,0.00000,0.00000,0.00001,0.21687,0.00000,0.45395,0.00000,0.00000,0.00000,0.00000,0.00000,0.00000,0.00000,0.00000,0.00605,0.00510,0.12007,0.17033,0.02751
0.00272,0.00000,0.07209,0.00068,0.00054,0.00000,0.45555,0.00000,0.00000,0.00106,0.00000,0.00000,0.00000,0.00397,0.00000,0.00000,0.00319,0.14500,0.31519,0.00000
0.02492,0.00000,0.00005,0.00058,0.45895,0.00000,0.31675,0.00000,0.00000,0.00000,0.00000,0.00000,0.00000,0.00127,0.00000,0.14438,0.00000,0.00000,0.01555,0.03754
0.00000,0.07072,0.00000,0.00972,0.01625,0.00000,0.80216,0.00000,0.00014,0.00000,0.00000,0.00000,0.00000,0.00000,0.00665,0.00402,0.00385,0.00001,0.08089,0.00558
0.00000,0.00154,0.00000,0.00000,0.24355,0.00000,0.00030,0.00310,0.03996,0.00000,0.00000,0.00000,0.00000,0.00000,0.01569,0.00002,0.00022,0.06398,0.63164,0.00000
0.00000,0.00000,0.00000,0.00000,0.00361,0.00000,0.11754,0.00000,0.01317,0.00006,0.00000,0.00000,0.00352,0.00003,0.00001,0.00000,0.00000,0.63101,0.17859,0.05247
0.00000,0.00000,0.00000,0.06586,0.00177,0.00000,0.56442,0.00002,0.04752,0.01558,0.00000,0.00171,0.00733,0.00000,0.01460,0.20776,0.00000,0.00000,0.07341,0.00000
0.00000,0.00000,0.13592,0.01006,0.00231,0.00000,0.33828,0.00000,0.02565,0.00000,0.00000,0.00000,0.00000,0.00000,0.00058,0.36674,0.00000,0.00122,0.11493,0.00431
