0.05100,0.09212,0.06458,0.27758,0.00874,0.02055,0.02263,0.25914,0.01748,0.03358,0.01662,0.02304,0.00884,0.05578,0.03504,0.01328
0.02982,0.05853,0.13670,0.14993,0.06212,0.02314,0.03150,0.05097,0.03424,0.05053,0.02898,0.03532,0.05704,0.04750,0.16472,0.03894
0.01869,0.03908,0.03435,0.15136,0.01053,0.01757,0.12578,0.09460,0.04134,0.03198,0.04089,0.05998,0.05763,0.03967,0.14553,0.09103
0.12629,0.06667,0.05919,0.05102,0.05967,0.05632,0.08583,0.05094,0.07301,0.04062,0.05452,0.07347,0.02980,0.04294,0.05242,0.07729
0.06153,0.17542,0.06426,0.10741,0.04357,0.03533,0.01671,0.07398,0.01621,0.02458,0.02180,0.01935,0.04419,0.14077,0.07360,0.08130
0.03694,0.02446,0.04693,0.04118,0.01588,0.01136,0.29332,0.01230,0.03904,0.02489,0.01713,0.05645,0.28641,0.01756,0.05129,0.02487
0.07417,0.02101,0.02107,0.27662,0.06109,0.03218,0.03262,0.24538,0.06268,0.02792,0.02011,0.02602,0.03261,0.01677,0.01915,0.03059
0.15672,0.03605,0.05235,0.11830,0.02307,0.02084,0.09113,0.01492,0.10797,0.01621,0.01174,0.05498,0.07129,0.02492,0.17844,0.02106
0.01101,0.02546,0.05127,0.26496,0.03009,0.10537,0.02267,0.01566,0.01350,0.02568,0.01604,0.02467,0.02646,0.02197,0.31932,0.02586
0.06376,0.02110,0.01310,0.09596,0.01683,0.01704,0.22456,0.02824,0.04218,0.01073,0.03295,0.01186,0.28569,0.00804,0.08577,0.04219
0.02669,0.09202,0.18500,0.09695,0.03569,0.04580,0.02217,0.03122,0.04440,0.07166,0.01559,0.08148,0.04514,0.03817,0.13630,0.03173
0.07281,0.06653,0.07461,0.06820,0.04658,0.03969,0.12363,0.04585,0.06628,0.01154,0.01374,0.07071,0.10049,0.02502,0.11962,0.05471
0.24265,0.03848,0.06069,0.01146,0.01482,0.03857,0.02540,0.03441,0.00943,0.09829,0.07283,0.05876,0.03994,0.01317,0.21801,0.02308
0.02102,0.14523,0.16392,0.02383,0.04126,0.03508,0.18804,0.01954,0.01292,0.03539,0.02386,0.02311,0.20850,0.02686,0.01564,0.01580
0.02684,0.08087,0.08794,0.04074,0.05026,0.02032,0.22483,0.01050,0.01615,0.02179,0.01876,0.02591,0.26437,0.04098,0.04175,0.02800
0.01174,0.03522,0.06504,0.22321,0.04280,0.03139,0.08955,0.02860,0.01226,0.04623,0.01732,0.00913,0.10351,0.01375,0.24465,0.02558
0.02556,0.07674,0.06543,0.15244,0.03729,0.02203,0.05606,0.04473,0.02072,0.09966,0.08908,0.02148,0.06552,0.04546,0.14585,0.03196
0.01539,0.01974,0.05265,0.16049,0.04821,0.10630,0.08446,0.08807,0.02515,0.03919,0.06574,0.01319,0.14443,0.04348,0.05252,0.04099
0.03072,0.03053,0.06718,0.08626,0.14273,0.10633,0.01020,0.03467,0.08517,0.06080,0.04085,0.02764,0.02377,0.13397,0.06331,0.05589
0.02110,0.02503,0.08465,0.01873,0.07857,0.10116,0.15973,0.02557,0.01200,0.13312,0.04331,0.01094,0.18456,0.01399,0.00898,0.07857
0.04258,0.05124,0.01795,0.23380,0.00824,0.05693,0.03386,0.02994,0.03446,0.01826,0.07192,0.00985,0.04191,0.02872,0.24955,0.07080
0.04909,0.02155,0.08833,0.07509,0.00997,0.04804,0.02520,0.03726,0.02299,0.16283,0.05652,0.04284,0.09893,0.01230,0.06224,0.18682
0.05615,0.01751,0.13066,0.03003,0.02139,0.02906,0.01372,0.15413,0.04968,0.20169,0.06122,0.02762,0.11341,0.01761,0.05141,0.02471
0.02813,0.07763,0.11430,0.06209,0.03122,0.05461,0.10898,0.06471,0.03657,0.05277,0.02923,0.04337,0.13665,0.08033,0.04169,0.03774
0.01606,0.01735,0.02402,0.04874,0.04362,0.08594,0.26341,0.04601,0.03065,0.01835,0.01239,0.01835,0.28726,0.02799,0.03077,0.02908
0.17028,0.01708,0.08141,0.15268,0.03735,0.02787,0.03422,0.02404,0.18090,0.03732,0.02265,0.01532,0.01107,0.01748,0.14543,0.02490
0.06295,0.10439,0.03238,0.07728,0.06416,0.04313,0.08734,0.06994,0.03003,0.02360,0.04065,0.01929,0.15986,0.09732,0.05493,0.03274
0.03020,0.13511,0.03169,0.08147,0.08746,0.14817,0.06042,0.03460,0.04692,0.05138,0.02113,0.02519,0.03561,0.14686,0.01429,0.04949
0.05116,0.02527,0.02237,0.05918,0.02676,0.02910,0.04808,0.20068,0.04153,0.11071,0.07184,0.01790,0.16630,0.02083,0.03530,0.07299
0.33780,0.02776,0.01593,0.01690,0.01603,0.05166,0.03325,0.01194,0.19846,0.00738,0.00686,0.02956,0.02623,0.06681,0.13185,0.02160
0.01634,0.03584,0.04127,0.23603,0.04431,0.03221,0.07128,0.02054,0.01985,0.10261,0.02555,0.01990,0.03032,0.01852,0.24715,0.03829
0.13171,0.05954,0.06992,0.14728,0.02443,0.05472,0.02808,0.02053,0.06275,0.02509,0.04647,0.03146,0.03464,0.02819,0.18172,0.05348
0.04189,0.02855,0.12158,0.04023,0.10087,0.03301,0.15821,0.04929,0.02328,0.05612,0.02899,0.01775,0.18051,0.03369,0.04219,0.04381
0.02359,0.02572,0.04099,0.08912,0.06045,0.04437,0.01531,0.02892,0.04726,0.23039,0.23703,0.02244,0.03639,0.01333,0.05047,0.03422
0.02596,0.05309,0.05753,0.12759,0.04001,0.04144,0.03288,0.02878,0.01626,0.08773,0.13013,0.02575,0.04039,0.02804,0.13796,0.12646
0.04450,0.05228,0.03225,0.17878,0.04599,0.04551,0.06068,0.02620,0.01533,0.01591,0.02793,0.06450,0.09184,0.04811,0.21339,0.03680
0.03046,0.04696,0.04724,0.22194,0.01175,0.02580,0.03812,0.03482,0.03261,0.03372,0.05520,0.04762,0.01678,0.03715,0.26522,0.05461
0.00939,0.07806,0.12928,0.02462,0.03342,0.03709,0.27381,0.02590,0.09591,0.03861,0.02103,0.06976,0.07650,0.04135,0.02943,0.01584
0.00973,0.01426,0.02151,0.01370,0.03372,0.01197,0.30603,0.01669,0.00989,0.09383,0.07534,0.01401,0.33833,0.01600,0.00521,0.01978
0.01257,0.02503,0.05500,0.10161,0.02710,0.14634,0.07861,0.06370,0.01579,0.06661,0.05531,0.04796,0.06895,0.05259,0.13197,0.05086
0.02055,0.26321,0.29878,0.02704,0.01380,0.01316,0.06438,0.04308,0.01408,0.06707,0.05719,0.03344,0.01827,0.01570,0.02549,0.02477
0.04944,0.02499,0.02048,0.01519,0.02022,0.01456,0.31363,0.03076,0.03517,0.02004,0.02388,0.01897,0.35276,0.03445,0.01299,0.01247
0.09256,0.10957,0.12616,0.03432,0.07122,0.07806,0.05091,0.02155,0.07782,0.05065,0.03925,0.02692,0.03941,0.05688,0.05898,0.06571
0.04958,0.20133,0.02803,0.02318,0.01851,0.01174,0.02116,0.13343,0.02127,0.01445,0.03070,0.02015,0.15616,0.17784,0.01143,0.08103
0.11436,0.14067,0.15082,0.02057,0.00666,0.03727,0.03985,0.11202,0.07591,0.04180,0.02956,0.04836,0.07601,0.04449,0.03873,0.02293
0.05189,0.02290,0.03354,0.11109,0.01695,0.05611,0.18404,0.02956,0.04414,0.05063,0.01532,0.01774,0.21780,0.02611,0.11106,0.01113
0.02585,0.07575,0.11851,0.05550,0.02353,0.03488,0.21387,0.03554,0.04953,0.04039,0.04563,0.04677,0.13355,0.02385,0.03776,0.03909
0.14388,0.02201,0.01827,0.09313,0.02156,0.07256,0.01999,0.04879,0.16826,0.05324,0.06523,0.08179,0.01559,0.07343,0.08386,0.01840
0.06202,0.12847,0.17103,0.01015,0.02038,0.01982,0.02127,0.17125,0.04016,0.06746,0.05606,0.03234,0.14854,0.01495,0.01035,0.02573
0.01340,0.01434,0.04741,0.13238,0.02198,0.06276,0.08483,0.02546,0.05854,0.11906,0.10659,0.08696,0.01449,0.02474,0.14862,0.03845
0.16139,0.06037,0.04752,0.06680,0.01429,0.02391,0.02083,0.07904,0.16742,0.02356,0.08765,0.03064,0.03420,0.01932,0.07975,0.08330
0.06122,0.08631,0.05244,0.01740,0.02947,0.01994,0.02812,0.22942,0.02132,0.01058,0.05129,0.03721,0.22767,0.05141,0.01227,0.06394
0.03068,0.04368,0.03059,0.04387,0.05730,0.07700,0.17462,0.02773,0.02322,0.02927,0.05495,0.01657,0.26287,0.03969,0.04538,0.04259
0.02364,0.02999,0.05577,0.08388,0.03667,0.02276,0.06792,0.03448,0.02616,0.23459,0.19359,0.02203,0.06095,0.02548,0.02859,0.05348
0.10421,0.00980,0.03129,0.02191,0.02819,0.02097,0.00811,0.02632,0.12989,0.26752,0.27554,0.00875,0.01667,0.00434,0.02146,0.02501
0.09379,0.08539,0.06156,0.16079,0.01967,0.02449,0.03050,0.03099,0.06484,0.02542,0.02807,0.05168,0.03237,0.04787,0.17470,0.06788
0.27013,0.03321,0.03361,0.05187,0.07484,0.05464,0.02351,0.03355,0.06487,0.01231,0.03575,0.03583,0.02097,0.02181,0.19059,0.04251
0.02281,0.14975,0.14604,0.05587,0.02129,0.09523,0.05823,0.05719,0.01185,0.03385,0.01909,0.06719,0.07110,0.04371,0.09759,0.04919
0.01501,0.07674,0.12069,0.09249,0.08619,0.06292,0.10375,0.02492,0.02860,0.03308,0.02922,0.04375,0.10985,0.01207,0.09752,0.06318
0.13584,0.03361,0.01366,0.16501,0.02822,0.03482,0.07753,0.04106,0.08785,0.04069,0.02814,0.05098,0.02474,0.01844,0.15309,0.06634
0.04368,0.08427,0.11867,0.07233,0.03968,0.04153,0.04384,0.02988,0.02590,0.12224,0.08760,0.02882,0.09978,0.04708,0.05944,0.05526
0.02078,0.04848,0.04742,0.06584,0.01620,0.20534,0.05369,0.02888,0.04015,0.02629,0.01961,0.02195,0.04538,0.22846,0.11430,0.01723
0.03675,0.17742,0.11984,0.03930,0.03541,0.03720,0.07946,0.09211,0.02489,0.05850,0.03389,0.01697,0.07756,0.07962,0.04303,0.04805
0.08034,0.01790,0.03434,0.02474,0.26969,0.28630,0.02985,0.02707,0.03046,0.01472,0.01751,0.01961,0.04826,0.01137,0.02828,0.05955
0.07783,0.04064,0.08155,0.04725,0.01758,0.01893,0.19835,0.01266,0.06787,0.07124,0.03776,0.00941,0.22541,0.02713,0.03324,0.03315
0.14023,0.19870,0.22322,0.02156,0.03442,0.01515,0.01428,0.03268,0.03137,0.03569,0.04491,0.03615,0.03189,0.03310,0.05360,0.05306
0.05371,0.05332,0.03766,0.18769,0.01422,0.03563,0.03638,0.02142,0.03152,0.08516,0.10586,0.05685,0.03073,0.01763,0.19715,0.03506
0.00980,0.01294,0.01011,0.00506,0.01337,0.02706,0.06204,0.00317,0.01067,0.36481,0.35756,0.01176,0.07945,0.00934,0.00347,0.01939
0.02644,0.17577,0.04479,0.05328,0.02364,0.11632,0.06187,0.01697,0.03870,0.03024,0.03009,0.03683,0.03931,0.25098,0.03438,0.02039
0.01516,0.26153,0.31265,0.04584,0.03475,0.03677,0.01077,0.05797,0.01938,0.03869,0.02742,0.01285,0.01321,0.04205,0.01038,0.06058
0.04665,0.14342,0.03818,0.12639,0.04214,0.03132,0.06273,0.03524,0.04221,0.02305,0.02782,0.02841,0.06710,0.12049,0.13702,0.02784
0.09012,0.02911,0.02695,0.13691,0.03143,0.04337,0.05230,0.07278,0.05623,0.03239,0.03797,0.07334,0.09149,0.02202,0.16475,0.03884
0.05580,0.02985,0.02165,0.01158,0.01571,0.02763,0.02773,0.02067,0.32219,0.01543,0.01718,0.32876,0.03726,0.02265,0.03502,0.01088
0.03322,0.10218,0.04532,0.11840,0.01779,0.07156,0.13167,0.00677,0.03445,0.03041,0.01983,0.06068,0.03595,0.11449,0.14873,0.02855
0.04605,0.05616,0.02361,0.14603,0.01566,0.04820,0.04920,0.03406,0.03106,0.05594,0.05840,0.08079,0.03070,0.05661,0.20742,0.06011
0.02956,0.23865,0.05178,0.07200,0.02926,0.04595,0.05555,0.02898,0.02250,0.02514,0.04135,0.01157,0.04229,0.20698,0.07376,0.02471
0.01776,0.07504,0.06659,0.17694,0.03387,0.02054,0.01029,0.13726,0.02773,0.02299,0.02439,0.03165,0.08816,0.02106,0.21356,0.03216
0.02843,0.17208,0.21333,0.10391,0.03598,0.01478,0.02317,0.03685,0.03419,0.02276,0.03052,0.08044,0.02068,0.04026,0.10931,0.03330
0.03061,0.01767,0.06515,0.09653,0.04568,0.13302,0.03929,0.06070,0.08476,0.05583,0.04355,0.03657,0.02553,0.18816,0.05143,0.02551
0.02112,0.03285,0.03632,0.23403,0.01511,0.04004,0.05889,0.02691,0.01007,0.02986,0.04957,0.01961,0.05815,0.01188,0.26223,0.09338
0.01117,0.07263,0.03374,0.31604,0.02246,0.01946,0.05423,0.02512,0.00698,0.01559,0.01143,0.01428,0.05854,0.01476,0.31106,0.01249
0.01729,0.01864,0.02827,0.02240,0.01418,0.22365,0.11130,0.01656,0.05154,0.04127,0.02235,0.02268,0.13895,0.21807,0.02381,0.02905
0.01221,0.02431,0.08342,0.08793,0.03551,0.02885,0.12258,0.10532,0.00949,0.06482,0.04469,0.04747,0.12916,0.04537,0.06721,0.09167
0.01159,0.02426,0.30087,0.01054,0.10597,0.01603,0.04936,0.01490,0.02183,0.29087,0.02525,0.02130,0.04620,0.01298,0.02001,0.02803
0.02246,0.02000,0.01935,0.03909,0.07961,0.07369,0.23768,0.02261,0.01420,0.01722,0.03437,0.02152,0.30466,0.00935,0.04703,0.03714
0.08305,0.02695,0.03476,0.03442,0.01374,0.01573,0.14718,0.14373,0.03571,0.04698,0.02899,0.01836,0.26953,0.00979,0.01912,0.07197
0.02503,0.10499,0.07589,0.17627,0.01543,0.02217,0.02040,0.09043,0.01843,0.03451,0.02164,0.04810,0.02985,0.05986,0.21084,0.04616
0.02679,0.17630,0.26847,0.12643,0.01066,0.01932,0.02044,0.02826,0.02299,0.03454,0.01287,0.01565,0.02272,0.01937,0.15887,0.03635
0.14306,0.04556,0.03642,0.10352,0.02551,0.06848,0.02251,0.03706,0.04196,0.05060,0.04325,0.05893,0.03243,0.05483,0.20562,0.03026
0.21419,0.02693,0.01427,0.02318,0.01634,0.03193,0.13391,0.03608,0.17565,0.01499,0.02890,0.01162,0.21450,0.01223,0.02354,0.02174
0.11539,0.06583,0.11721,0.02455,0.02396,0.02061,0.14919,0.02233,0.04537,0.07198,0.03730,0.07862,0.07898,0.03113,0.07502,0.04252
0.15616,0.08070,0.13721,0.04267,0.03083,0.03150,0.03623,0.02185,0.17268,0.03178,0.02983,0.06050,0.03784,0.06219,0.02657,0.04146
0.02422,0.05699,0.25890,0.03289,0.02143,0.06549,0.03494,0.03405,0.03690,0.24539,0.01891,0.03288,0.02595,0.04086,0.03297,0.03724
0.05224,0.02561,0.02350,0.18909,0.02230,0.02353,0.11798,0.01541,0.02915,0.01253,0.02945,0.06610,0.10883,0.01982,0.23569,0.02875
0.01870,0.21903,0.26952,0.02671,0.01624,0.03589,0.01900,0.03148,0.01191,0.13348,0.13086,0.02750,0.01284,0.01341,0.01672,0.01670
0.01858,0.28157,0.12072,0.01955,0.06605,0.04216,0.04776,0.00926,0.04905,0.03226,0.02047,0.02320,0.03132,0.20163,0.01937,0.01706
0.06215,0.02141,0.01679,0.02462,0.02228,0.04101,0.08557,0.01933,0.25115,0.01784,0.01113,0.27110,0.09026,0.02296,0.01541,0.02699
0.03138,0.11292,0.15728,0.03713,0.03716,0.04306,0.04176,0.12069,0.02519,0.04625,0.04591,0.04111,0.13810,0.03938,0.03437,0.04831
0.06203,0.02143,0.03274,0.03285,0.02668,0.02786,0.29159,0.03148,0.04894,0.02097,0.02277,0.01911,0.29790,0.02416,0.01793,0.02155
0.02760,0.02427,0.06577,0.23249,0.01274,0.02271,0.09178,0.01844,0.01438,0.03907,0.01631,0.01983,0.10543,0.02418,0.25938,0.02563
0.01740,0.04044,0.04331,0.29292,0.02136,0.04151,0.03608,0.03143,0.01179,0.03357,0.02617,0.00936,0.02639,0.01727,0.32485,0.02613
0.00630,0.05181,0.18374,0.16351,0.08165,0.08892,0.01219,0.04322,0.01424,0.04887,0.01430,0.03163,0.01911,0.01783,0.18702,0.03563
0.03157,0.01738,0.03272,0.05532,0.33384,0.32469,0.01828,0.03708,0.02094,0.01551,0.01445,0.00784,0.03770,0.01500,0.01542,0.02225
0.04846,0.06252,0.13214,0.09583,0.03010,0.02748,0.07543,0.05883,0.03423,0.03841,0.02256,0.09483,0.05837,0.02781,0.12382,0.06919
0.05281,0.01924,0.04071,0.26298,0.02704,0.03110,0.01725,0.04400,0.04691,0.02043,0.02739,0.02016,0.04713,0.01228,0.28222,0.04834
0.01370,0.05721,0.11900,0.28161,0.01106,0.02315,0.01543,0.10318,0.03279,0.03103,0.03535,0.02721,0.00960,0.01666,0.18441,0.03862
0.07076,0.02431,0.01802,0.10556,0.17967,0.16714,0.01339,0.08989,0.05252,0.03504,0.03014,0.02569,0.01672,0.00956,0.12021,0.04137
0.01370,0.07791,0.04517,0.18002,0.00759,0.06275,0.14164,0.01062,0.03017,0.04980,0.01043,0.01495,0.11176,0.02614,0.19606,0.02126
0.11804,0.04116,0.04407,0.03094,0.00903,0.14202,0.02428,0.11629,0.05736,0.06496,0.03060,0.03475,0.06793,0.09553,0.09358,0.02943
0.01448,0.24429,0.27927,0.02980,0.01291,0.01700,0.02346,0.05697,0.01896,0.02539,0.02647,0.02440,0.09211,0.02464,0.02591,0.08397
0.10671,0.01302,0.03060,0.06794,0.05373,0.03056,0.16740,0.02350,0.13115,0.01512,0.01963,0.03157,0.18445,0.01786,0.08626,0.02050
0.00654,0.28992,0.25622,0.03664,0.01832,0.02874,0.00480,0.10247,0.01081,0.01135,0.00685,0.00937,0.10014,0.04943,0.02704,0.04136
0.07845,0.06941,0.21239,0.02165,0.03793,0.02934,0.04847,0.05424,0.07765,0.23741,0.01680,0.02244,0.02125,0.02017,0.02570,0.02670
0.01500,0.05377,0.15641,0.25280,0.01410,0.01468,0.01098,0.01405,0.01466,0.09184,0.02398,0.00936,0.01574,0.01100,0.28126,0.02039
0.01559,0.03579,0.06384,0.10812,0.03073,0.07230,0.02650,0.03809,0.10425,0.02485,0.01349,0.21294,0.06355,0.02769,0.13692,0.02536
0.25381,0.03177,0.05147,0.02987,0.06486,0.02349,0.01955,0.07933,0.15356,0.03784,0.02799,0.02610,0.07093,0.00698,0.06846,0.05398
0.01937,0.01246,0.02976,0.01480,0.01350,0.03632,0.02450,0.18233,0.01438,0.19097,0.19983,0.02100,0.18020,0.01816,0.01110,0.03132
0.05471,0.02879,0.04852,0.03382,0.00992,0.01425,0.13908,0.17466,0.03161,0.02638,0.01197,0.03308,0.29652,0.01405,0.04767,0.03497
0.07134,0.19016,0.18032,0.04542,0.03016,0.05246,0.02875,0.08441,0.04010,0.01656,0.03283,0.04750,0.02929,0.03686,0.07274,0.04110
0.05183,0.03562,0.15783,0.07635,0.30825,0.02240,0.04917,0.01428,0.01575,0.04810,0.03058,0.02147,0.06723,0.01239,0.04901,0.03972
0.02414,0.13533,0.06063,0.16707,0.02054,0.08546,0.01641,0.13191,0.04999,0.02045,0.02084,0.03088,0.02102,0.16438,0.03289,0.01807
0.03056,0.28713,0.10036,0.03867,0.01746,0.03275,0.03394,0.01367,0.01319,0.03802,0.01705,0.02337,0.06591,0.22030,0.04073,0.02689
0.03157,0.04471,0.05308,0.08117,0.09373,0.09605,0.05277,0.04825,0.09104,0.04839,0.09256,0.04549,0.08061,0.03343,0.04364,0.06352
0.05594,0.07886,0.07488,0.25553,0.01417,0.01758,0.01452,0.01421,0.03090,0.02158,0.01332,0.03301,0.00575,0.01330,0.32777,0.02866
0.01124,0.22307,0.31975,0.02142,0.10812,0.06800,0.01549,0.02890,0.00959,0.02186,0.04244,0.02147,0.03802,0.01700,0.01616,0.03747
0.03821,0.07411,0.05167,0.03867,0.01798,0.03191,0.03343,0.19409,0.02650,0.04031,0.04461,0.03801,0.14415,0.06349,0.06722,0.09566
0.30588,0.04681,0.03176,0.03277,0.01208,0.02692,0.02833,0.01213,0.32685,0.02161,0.00869,0.01283,0.02308,0.05008,0.04348,0.01670
0.04176,0.21846,0.02161,0.01555,0.02156,0.04547,0.15313,0.00942,0.03614,0.07861,0.01910,0.03438,0.02170,0.24830,0.01751,0.01728
0.00538,0.03021,0.01615,0.00929,0.00643,0.01906,0.01014,0.01246,0.01705,0.36918,0.40108,0.03532,0.02109,0.01629,0.01466,0.01620
0.25757,0.03758,0.03602,0.01497,0.01153,0.01255,0.02795,0.10023,0.00749,0.08109,0.04118,0.02728,0.11033,0.01643,0.18699,0.03082
0.01843,0.06712,0.18738,0.16617,0.05315,0.05143,0.03341,0.09436,0.02375,0.07287,0.04361,0.01670,0.01748,0.01892,0.03930,0.09592
0.02244,0.11755,0.16928,0.11554,0.04857,0.04880,0.03588,0.04436,0.03286,0.03915,0.01928,0.03508,0.05502,0.04800,0.13650,0.03170
0.04500,0.07032,0.06257,0.07651,0.02425,0.03288,0.01878,0.22471,0.01240,0.01929,0.03801,0.02316,0.16871,0.01748,0.10628,0.05964
0.05490,0.28107,0.33209,0.01605,0.04293,0.03022,0.01027,0.03578,0.03258,0.01704,0.02377,0.02717,0.02418,0.02648,0.02222,0.02324
0.04459,0.26089,0.33055,0.04946,0.05269,0.00926,0.01703,0.03636,0.03277,0.02402,0.02317,0.02416,0.01201,0.01576,0.04816,0.01911
0.05266,0.04681,0.04634,0.16900,0.03143,0.06270,0.04828,0.01236,0.02776,0.04170,0.02654,0.07153,0.05275,0.03294,0.24555,0.03166
0.00608,0.02573,0.04660,0.06176,0.02769,0.11316,0.11727,0.11792,0.01036,0.02555,0.03296,0.02425,0.22892,0.05736,0.08072,0.02368
0.03540,0.27592,0.01746,0.02273,0.00753,0.00804,0.03462,0.02539,0.08121,0.09494,0.06742,0.02183,0.01414,0.26728,0.01227,0.01381
0.27495,0.09210,0.09008,0.02194,0.01500,0.02993,0.02283,0.03456,0.03308,0.01814,0.01605,0.02282,0.02503,0.04912,0.22248,0.03188
0.17348,0.06674,0.03911,0.09858,0.01680,0.01416,0.05427,0.01283,0.17960,0.02272,0.01510,0.04994,0.02861,0.07822,0.11719,0.03263
0.23425,0.06279,0.02755,0.02943,0.01453,0.04157,0.11413,0.02351,0.02284,0.01551,0.00544,0.02460,0.15126,0.03456,0.18204,0.01598
0.02322,0.02180,0.04120,0.08516,0.03188,0.02087,0.06076,0.04681,0.03736,0.06288,0.17626,0.04481,0.05631,0.01300,0.09167,0.18603
0.01937,0.03950,0.06204,0.17982,0.14065,0.13597,0.00921,0.03187,0.04741,0.01951,0.01977,0.02033,0.01050,0.02669,0.21833,0.01904
0.04915,0.04811,0.10403,0.23977,0.01398,0.03181,0.03097,0.01596,0.03285,0.02307,0.01075,0.03000,0.01336,0.01575,0.24110,0.09934
0.03098,0.24757,0.02559,0.03373,0.03494,0.03954,0.02845,0.02856,0.02132,0.01929,0.11174,0.04104,0.04310,0.20369,0.02578,0.06468
0.06941,0.04687,0.02351,0.24639,0.02129,0.00712,0.10700,0.01126,0.03280,0.00697,0.01428,0.01314,0.10670,0.01889,0.25309,0.02128
0.03033,0.01890,0.01846,0.04097,0.01198,0.01763,0.01529,0.01413,0.01536,0.31097,0.36263,0.07737,0.00345,0.01206,0.03864,0.01183
0.04893,0.27552,0.05145,0.02674,0.03595,0.02462,0.03864,0.01131,0.05863,0.04809,0.03652,0.01429,0.03016,0.25222,0.01447,0.03246
0.03364,0.04849,0.11202,0.02922,0.02840,0.12616,0.08616,0.03408,0.02510,0.05262,0.04871,0.08585,0.10620,0.04636,0.06750,0.06948
0.04044,0.13765,0.24586,0.09345,0.03364,0.01312,0.01985,0.04880,0.02970,0.10980,0.02442,0.02587,0.02873,0.01681,0.10001,0.03187
0.20493,0.03199,0.07010,0.06695,0.04664,0.03740,0.04162,0.01381,0.21986,0.04953,0.02589,0.01577,0.01348,0.03446,0.09178,0.03578
0.03288,0.22309,0.02207,0.03036,0.02058,0.08396,0.09950,0.01546,0.01491,0.02242,0.01071,0.01015,0.14942,0.22508,0.02552,0.01389
0.04060,0.20525,0.06773,0.09628,0.02271,0.04886,0.03728,0.02552,0.04123,0.04201,0.01399,0.02129,0.02960,0.18758,0.08036,0.03971
0.26436,0.02818,0.03628,0.05667,0.02266,0.05098,0.03021,0.01264,0.26479,0.01404,0.02008,0.01610,0.04340,0.03669,0.03770,0.06522
0.01446,0.02948,0.02560,0.01807,0.02403,0.07835,0.01814,0.13873,0.16928,0.00979,0.02032,0.22851,0.14691,0.03139,0.02560,0.02132
0.04607,0.02284,0.35266,0.01584,0.36937,0.00901,0.01168,0.02362,0.03243,0.04751,0.01697,0.00893,0.00858,0.00779,0.01603,0.01067
0.00828,0.19160,0.10049,0.03611,0.02488,0.01966,0.02226,0.18136,0.01208,0.01713,0.00843,0.02656,0.17410,0.11530,0.04106,0.02069
0.04251,0.06909,0.13944,0.03402,0.03111,0.14389,0.03119,0.04076,0.01573,0.20842,0.01385,0.01965,0.05271,0.04895,0.06152,0.04716
0.20606,0.03005,0.01727,0.01225,0.00753,0.15836,0.01904,0.01651,0.21433,0.03190,0.02739,0.02870,0.08043,0.09770,0.01392,0.03857
0.05979,0.03135,0.03220,0.17747,0.08276,0.05715,0.07186,0.03217,0.03419,0.02737,0.03377,0.01005,0.07062,0.02264,0.21306,0.04356
0.29029,0.05258,0.01057,0.06313,0.01340,0.01738,0.00956,0.08171,0.26875,0.01121,0.03405,0.02969,0.01989,0.04731,0.02594,0.02455
0.04030,0.26326,0.08919,0.05210,0.04927,0.02325,0.03151,0.04935,0.02664,0.02833,0.01972,0.01047,0.03903,0.20758,0.04074,0.02927
0.07973,0.04033,0.03888,0.08553,0.04248,0.08011,0.07380,0.05794,0.03939,0.03434,0.05049,0.07405,0.08543,0.02649,0.13573,0.05529
0.02914,0.01747,0.02550,0.33333,0.01617,0.06002,0.01741,0.02289,0.01533,0.01634,0.00882,0.01879,0.01478,0.01779,0.36475,0.02147
0.01291,0.01462,0.01899,0.01702,0.01658,0.36856,0.02054,0.01566,0.02744,0.01813,0.00970,0.01630,0.04111,0.37227,0.01458,0.01560
0.03348,0.02725,0.04392,0.13645,0.02385,0.07933,0.09047,0.02664,0.02463,0.02187,0.04671,0.06373,0.10492,0.02202,0.19561,0.05911
0.04915,0.05004,0.01792,0.16416,0.04638,0.08259,0.05283,0.12777,0.02131,0.01448,0.01988,0.02580,0.09834,0.05633,0.12353,0.04949
0.11349,0.12708,0.05480,0.02602,0.18528,0.01646,0.09666,0.07611,0.08939,0.02358,0.00974,0.03534,0.08474,0.01515,0.01310,0.03306
0.04363,0.03432,0.03926,0.09211,0.07391,0.08450,0.10871,0.07423,0.04465,0.06887,0.09028,0.09492,0.04937,0.03755,0.02799,0.03572
0.03068,0.20257,0.27739,0.02102,0.01469,0.01952,0.06690,0.02873,0.01316,0.04854,0.03856,0.08108,0.02178,0.03886,0.02699,0.06954
0.01770,0.04364,0.11553,0.05900,0.01241,0.15095,0.10748,0.08103,0.02081,0.04342,0.02076,0.04028,0.11037,0.12414,0.02444,0.02802
0.34651,0.02859,0.04444,0.01936,0.01401,0.02439,0.03042,0.02279,0.02542,0.02185,0.05518,0.02000,0.01778,0.02131,0.27724,0.03072
0.02146,0.06972,0.11334,0.13407,0.01810,0.05106,0.01635,0.03341,0.02298,0.04858,0.12072,0.05993,0.04236,0.02028,0.15196,0.07569
0.28305,0.02615,0.01981,0.06575,0.03337,0.01885,0.01683,0.03368,0.12342,0.07396,0.03469,0.02601,0.01298,0.03898,0.18003,0.01245
0.03443,0.16109,0.26163,0.00825,0.02145,0.01276,0.02592,0.01614,0.04262,0.15401,0.16279,0.02065,0.01976,0.00745,0.01080,0.04024
0.02104,0.20184,0.04510,0.09842,0.01154,0.01143,0.04412,0.04498,0.07786,0.03318,0.02105,0.06476,0.02177,0.16647,0.08431,0.05212
0.01282,0.03107,0.32663,0.02408,0.19745,0.03250,0.01700,0.00626,0.02928,0.20660,0.03248,0.01252,0.01592,0.02042,0.02312,0.01185
0.02779,0.03946,0.04859,0.22250,0.02327,0.05023,0.03746,0.05223,0.02398,0.05745,0.03566,0.02383,0.04284,0.02921,0.26022,0.02529
0.01364,0.12779,0.06813,0.24157,0.01393,0.03173,0.01802,0.02234,0.01362,0.04692,0.02907,0.01399,0.01123,0.06829,0.25638,0.02336
0.02762,0.09530,0.17705,0.01778,0.01263,0.04722,0.14309,0.01435,0.02514,0.01668,0.04804,0.20424,0.03372,0.03680,0.04823,0.05210
0.02143,0.02636,0.03906,0.06416,0.08068,0.07749,0.14575,0.08755,0.02751,0.02164,0.02938,0.02829,0.23735,0.02273,0.04633,0.04429
0.07682,0.02866,0.04698,0.03736,0.02125,0.00895,0.19454,0.02875,0.05087,0.03062,0.02439,0.07852,0.20798,0.01578,0.12141,0.02712
0.02597,0.03919,0.05249,0.05201,0.01742,0.02688,0.20122,0.03870,0.07730,0.02467,0.05208,0.04635,0.23281,0.02345,0.03461,0.05485
0.06205,0.02620,0.04976,0.20218,0.12875,0.03364,0.03433,0.01894,0.08008,0.03492,0.02126,0.02838,0.03246,0.01688,0.20866,0.02150
0.03675,0.14012,0.06911,0.19798,0.01014,0.01785,0.04458,0.03386,0.01697,0.03295,0.02040,0.03192,0.00888,0.10397,0.19900,0.03552
0.14573,0.13080,0.06754,0.02615,0.04817,0.02070,0.07512,0.02679,0.12330,0.03955,0.04550,0.08040,0.03407,0.07052,0.03192,0.03372
0.03605,0.12917,0.03239,0.03804,0.02083,0.05579,0.05914,0.12805,0.06807,0.02913,0.02961,0.04628,0.10932,0.13780,0.02776,0.05257
0.01362,0.02049,0.05555,0.01551,0.11142,0.14254,0.18228,0.01581,0.01510,0.11398,0.06438,0.00927,0.17417,0.01198,0.01789,0.03601
0.02668,0.03685,0.03836,0.05706,0.02774,0.01805,0.02145,0.24546,0.04945,0.04754,0.08558,0.01802,0.20356,0.04471,0.04008,0.03941
0.30602,0.01211,0.06075,0.07385,0.01965,0.00974,0.02696,0.00713,0.33345,0.02366,0.01172,0.01275,0.01585,0.00909,0.06180,0.01548
0.08466,0.26177,0.02526,0.01521,0.00809,0.08181,0.03842,0.01505,0.08636,0.02710,0.02252,0.01784,0.02071,0.25750,0.01707,0.02062
0.03408,0.09043,0.06988,0.16340,0.03888,0.03489,0.07973,0.03604,0.03585,0.02249,0.02626,0.03842,0.09879,0.02787,0.16209,0.04092
0.00579,0.18111,0.22057,0.19490,0.01986,0.03222,0.00724,0.01936,0.00740,0.02075,0.01827,0.02540,0.01044,0.01832,0.20806,0.01030
0.15278,0.04464,0.02530,0.06594,0.01193,0.00892,0.02108,0.01605,0.02103,0.06737,0.18395,0.14095,0.01165,0.02926,0.11501,0.08411
0.03077,0.02787,0.03562,0.28883,0.01921,0.03446,0.02077,0.02085,0.02048,0.02137,0.02060,0.04980,0.02444,0.02153,0.33742,0.02595
0.07379,0.04340,0.04911,0.03898,0.02858,0.01916,0.26597,0.01142,0.01218,0.03565,0.01514,0.03862,0.25219,0.01592,0.07133,0.02855
0.00924,0.26541,0.13675,0.05656,0.02640,0.02644,0.04826,0.06625,0.03893,0.01650,0.01328,0.02547,0.03975,0.18603,0.02523,0.01948
0.03127,0.04618,0.04198,0.09381,0.05025,0.01375,0.04063,0.06319,0.03341,0.11227,0.16356,0.04465,0.07748,0.03476,0.08240,0.07041
0.03054,0.02184,0.07835,0.13831,0.01671,0.02803,0.02312,0.10701,0.02742,0.04466,0.07654,0.08332,0.09587,0.01262,0.17372,0.04193
0.04617,0.24966,0.03768,0.02412,0.01504,0.02852,0.05934,0.04087,0.02287,0.01552,0.08541,0.02169,0.07012,0.18340,0.04256,0.05704
0.00984,0.24778,0.27969,0.01182,0.00692,0.05522,0.01305,0.06323,0.00979,0.08022,0.11368,0.02379,0.03350,0.01663,0.01506,0.01979
0.01379,0.14480,0.14695,0.03792,0.03298,0.02388,0.09409,0.12644,0.02179,0.01843,0.05821,0.03031,0.16096,0.04294,0.01845,0.02805
0.02928,0.06317,0.06630,0.09665,0.23470,0.04157,0.03356,0.08044,0.01837,0.01865,0.03537,0.01203,0.11632,0.03871,0.09341,0.02147
0.12315,0.06490,0.04716,0.06887,0.05483,0.02968,0.09007,0.03451,0.14844,0.03613,0.04578,0.05004,0.07962,0.05491,0.02435,0.04757
0.17972,0.05797,0.04518,0.09980,0.03378,0.05987,0.05904,0.02004,0.20903,0.01072,0.01067,0.02003,0.03388,0.04195,0.10224,0.01608
0.05903,0.04093,0.03570,0.07520,0.07077,0.04008,0.18227,0.02993,0.02602,0.02310,0.02351,0.02317,0.24333,0.03718,0.06205,0.02772
0.11711,0.06977,0.05568,0.10815,0.03603,0.07968,0.04233,0.06256,0.04541,0.02503,0.02955,0.07502,0.05188,0.04259,0.10415,0.05506
0.01920,0.04909,0.03844,0.27022,0.02374,0.03516,0.05771,0.01387,0.00928,0.02930,0.01829,0.00926,0.06104,0.03592,0.29925,0.03023
0.02146,0.16134,0.21484,0.00821,0.03090,0.02051,0.21993,0.01522,0.01064,0.01383,0.01060,0.02176,0.20587,0.01860,0.01246,0.01382
0.04937,0.27290,0.34367,0.01162,0.01517,0.02418,0.04891,0.01760,0.06602,0.04085,0.02091,0.01502,0.04090,0.00778,0.01076,0.01433
0.02099,0.01202,0.02372,0.32872,0.01356,0.04484,0.01172,0.01316,0.02158,0.01993,0.01053,0.02885,0.01424,0.01889,0.39955,0.01770
0.10999,0.02795,0.07686,0.03123,0.07294,0.05356,0.07246,0.10671,0.06312,0.05929,0.05008,0.07552,0.05455,0.01199,0.07235,0.06142
0.02507,0.07556,0.11827,0.08950,0.02464,0.03530,0.02205,0.08184,0.02588,0.08829,0.13833,0.10933,0.03974,0.02489,0.05752,0.04379
0.03381,0.02330,0.03075,0.04834,0.04828,0.02360,0.15338,0.02602,0.03311,0.16638,0.14953,0.01639,0.17110,0.01397,0.04002,0.02201
0.02702,0.03898,0.08184,0.08929,0.03051,0.01482,0.19782,0.02522,0.03161,0.04063,0.02353,0.02096,0.20689,0.03659,0.10906,0.02522
0.01820,0.27704,0.03757,0.10159,0.02346,0.04016,0.03224,0.02804,0.01042,0.02821,0.01214,0.02990,0.03776,0.23292,0.07752,0.01283
0.02771,0.02560,0.02284,0.07008,0.00472,0.04039,0.01345,0.01921,0.01846,0.01457,0.28806,0.02315,0.04937,0.01404,0.06347,0.30489
0.02264,0.06267,0.24600,0.03011,0.11440,0.02683,0.06808,0.01441,0.03680,0.17573,0.02252,0.03868,0.06214,0.03102,0.03380,0.01416
0.05315,0.07806,0.09428,0.04721,0.03547,0.02560,0.03885,0.02051,0.02916,0.05683,0.14336,0.11234,0.01766,0.00962,0.03757,0.20034
0.01195,0.18364,0.24776,0.03054,0.04366,0.03691,0.12991,0.01062,0.01747,0.01972,0.02368,0.01850,0.15543,0.03056,0.01653,0.02311
0.03202,0.04593,0.06709,0.15059,0.01822,0.00992,0.13500,0.01687,0.03799,0.03943,0.03573,0.02103,0.11139,0.04588,0.19000,0.04291
0.06142,0.06129,0.04802,0.03178,0.03898,0.01023,0.22534,0.03540,0.08420,0.02219,0.04289,0.03377,0.23519,0.02926,0.02261,0.01743
0.08227,0.06889,0.04665,0.06820,0.06666,0.02233,0.04324,0.08994,0.19396,0.02071,0.02162,0.12879,0.03481,0.05498,0.03098,0.02599
0.02403,0.11304,0.12196,0.03108,0.04706,0.02909,0.02489,0.04561,0.03008,0.01565,0.14910,0.08772,0.03693,0.02106,0.03191,0.19079
0.06619,0.21737,0.25555,0.01196,0.03147,0.01962,0.05416,0.02882,0.05339,0.04691,0.06664,0.04513,0.02749,0.01365,0.01942,0.04223
0.03142,0.21414,0.28182,0.02454,0.06453,0.02020,0.01995,0.02463,0.01770,0.05455,0.06657,0.01237,0.05753,0.01561,0.01438,0.08005
0.06076,0.03503,0.09411,0.15089,0.03904,0.04746,0.04505,0.02652,0.04155,0.03227,0.03348,0.04715,0.04501,0.03371,0.19336,0.07460
0.03192,0.05539,0.05199,0.26552,0.01519,0.02618,0.03593,0.04238,0.01735,0.02942,0.04564,0.01504,0.03019,0.01524,0.28749,0.03511
0.07287,0.02785,0.02494,0.02590,0.27647,0.32242,0.01235,0.02003,0.05311,0.01383,0.00851,0.02526,0.01119,0.01313,0.07244,0.01969
0.01492,0.02507,0.17553,0.04737,0.07122,0.06581,0.07955,0.03191,0.01792,0.19823,0.03004,0.02227,0.11656,0.01755,0.05507,0.03100
0.03313,0.17128,0.22708,0.02902,0.03247,0.02655,0.13412,0.01740,0.03852,0.02476,0.02120,0.02472,0.16064,0.01348,0.02462,0.02101
0.33191,0.05754,0.03745,0.03374,0.01628,0.02702,0.02924,0.01534,0.02869,0.02427,0.01338,0.01819,0.01753,0.04883,0.28457,0.01601
0.05723,0.04398,0.03554,0.04286,0.01234,0.03848,0.20191,0.09596,0.04240,0.04524,0.04346,0.01588,0.24030,0.05004,0.01765,0.01674
0.03257,0.02897,0.01624,0.03048,0.01654,0.04069,0.01976,0.32800,0.01499,0.02117,0.02881,0.03796,0.30884,0.03859,0.01375,0.02263
0.01823,0.10562,0.11102,0.02482,0.01696,0.02008,0.01016,0.06047,0.02122,0.22724,0.23738,0.03082,0.04170,0.01564,0.01914,0.03952
0.04809,0.04421,0.02411,0.04825,0.03336,0.01868,0.02051,0.05411,0.04574,0.02968,0.24672,0.02037,0.04420,0.01952,0.03820,0.26426
0.06491,0.03058,0.03435,0.29456,0.00824,0.02253,0.03224,0.01316,0.08019,0.01634,0.01261,0.02546,0.01434,0.02101,0.30488,0.02461
0.01057,0.14855,0.28520,0.03449,0.06168,0.06515,0.03942,0.01087,0.02875,0.06670,0.04555,0.09337,0.01472,0.01339,0.03278,0.04881
0.02904,0.02370,0.04242,0.23984,0.02240,0.03153,0.01973,0.06647,0.01776,0.03834,0.07691,0.03440,0.03063,0.02802,0.22943,0.06937
0.02272,0.11229,0.14544,0.18824,0.02566,0.04377,0.02215,0.02453,0.01468,0.02837,0.02337,0.03703,0.02892,0.01494,0.20946,0.05843
0.11180,0.06551,0.09235,0.02812,0.04767,0.03280,0.09313,0.05883,0.01169,0.01675,0.02136,0.05010,0.19051,0.02030,0.05253,0.10654
0.01537,0.15247,0.23094,0.02438,0.05685,0.02226,0.13699,0.06045,0.01537,0.03161,0.02702,0.02807,0.15768,0.00671,0.01545,0.01835
0.08464,0.04047,0.04289,0.03462,0.04652,0.05804,0.05673,0.04326,0.18041,0.10269,0.08549,0.10632,0.01510,0.05448,0.01344,0.03489
0.03241,0.04496,0.09006,0.06190,0.04540,0.03622,0.02066,0.03349,0.04421,0.19510,0.19847,0.03236,0.03787,0.04079,0.05766,0.02844
0.18204,0.19063,0.02857,0.05559,0.01328,0.01951,0.01503,0.01103,0.17217,0.01210,0.02882,0.00870,0.02558,0.16192,0.05922,0.01580
0.03524,0.00874,0.06002,0.04664,0.09159,0.21538,0.01500,0.02200,0.08956,0.06066,0.03466,0.03488,0.01261,0.22109,0.03191,0.02000
0.19622,0.01775,0.01933,0.04290,0.10236,0.07181,0.06439,0.03506,0.22750,0.02604,0.01783,0.02116,0.09524,0.02716,0.01849,0.01676
0.01370,0.01288,0.01065,0.40215,0.02680,0.01849,0.01237,0.38978,0.02638,0.01194,0.02116,0.01396,0.01609,0.00506,0.00872,0.00989
0.02201,0.02533,0.01740,0.29282,0.01314,0.02599,0.00738,0.01887,0.01111,0.03089,0.03572,0.07599,0.01296,0.00851,0.36666,0.03522
0.03571,0.02330,0.01741,0.01967,0.01716,0.02090,0.03419,0.28802,0.02057,0.06306,0.06174,0.05267,0.26666,0.01724,0.01036,0.05133
0.01421,0.05073,0.06002,0.22276,0.15100,0.12154,0.00795,0.00755,0.02189,0.01286,0.00890,0.02029,0.00644,0.01409,0.26256,0.01722
0.01672,0.28678,0.38615,0.01112,0.00720,0.06391,0.01987,0.03442,0.02489,0.05578,0.01705,0.02611,0.01554,0.01579,0.00799,0.01069
0.03531,0.03368,0.17449,0.08222,0.02544,0.03144,0.06094,0.07419,0.03165,0.19244,0.03842,0.03153,0.02929,0.02274,0.04041,0.09582
0.04628,0.03325,0.02291,0.20213,0.01097,0.04125,0.09775,0.02722,0.02462,0.01160,0.03356,0.03978,0.10741,0.01420,0.25226,0.03480
0.08233,0.06168,0.12729,0.11319,0.02644,0.03841,0.01966,0.03407,0.03955,0.13951,0.03157,0.00711,0.01165,0.00905,0.13218,0.12632
0.08922,0.10083,0.06401,0.07072,0.05400,0.08763,0.03613,0.04960,0.10512,0.03002,0.02715,0.03792,0.04446,0.12587,0.05623,0.02110
0.01360,0.01484,0.03118,0.13345,0.04616,0.07741,0.18873,0.02071,0.03559,0.02418,0.01999,0.01447,0.19275,0.02008,0.15055,0.01631
0.21267,0.01390,0.03662,0.11984,0.04561,0.03723,0.01999,0.04925,0.23050,0.03697,0.02517,0.01523,0.00915,0.01402,0.10901,0.02485
0.01860,0.05313,0.02848,0.17450,0.01741,0.05882,0.11776,0.03705,0.03372,0.02575,0.02126,0.04029,0.08843,0.04739,0.19363,0.04379
0.03262,0.04398,0.02930,0.00935,0.06623,0.03174,0.22088,0.01951,0.02006,0.08894,0.10139,0.02182,0.25753,0.03131,0.00453,0.02080
0.02434,0.08165,0.08229,0.03456,0.11695,0.22421,0.06045,0.02290,0.02085,0.04213,0.02890,0.04431,0.06115,0.04957,0.03237,0.07334
0.04231,0.15054,0.18794,0.11441,0.03480,0.02769,0.00825,0.05245,0.06552,0.05002,0.03752,0.03425,0.02182,0.05159,0.08425,0.03666
0.02262,0.04717,0.03742,0.22006,0.00669,0.05843,0.07458,0.01451,0.03036,0.01619,0.01061,0.02453,0.09994,0.03987,0.27465,0.02238
0.04648,0.00846,0.02274,0.26632,0.02101,0.03257,0.01054,0.02237,0.02430,0.09860,0.07320,0.02791,0.00982,0.01436,0.29304,0.02826
0.06152,0.15748,0.03480,0.07888,0.09757,0.05216,0.02000,0.07691,0.04178,0.01075,0.03946,0.01851,0.09344,0.14683,0.03120,0.03873
0.11513,0.04898,0.01839,0.15988,0.03851,0.02438,0.08153,0.04915,0.05743,0.01874,0.02858,0.02982,0.08108,0.01992,0.19449,0.03399
0.02364,0.02964,0.03442,0.14104,0.03561,0.03677,0.19127,0.01109,0.01917,0.01368,0.02406,0.01781,0.22998,0.01518,0.15761,0.01903
0.03374,0.05551,0.21050,0.07231,0.02934,0.04527,0.03753,0.03678,0.04605,0.23993,0.03275,0.03463,0.02596,0.04412,0.02984,0.02576
0.09666,0.24867,0.03159,0.01797,0.01933,0.02690,0.06347,0.02193,0.05947,0.01952,0.05424,0.01165,0.10439,0.18997,0.01441,0.01984
0.01698,0.06398,0.09878,0.16056,0.06172,0.11389,0.03765,0.09437,0.03065,0.03270,0.01337,0.02388,0.03769,0.06857,0.11768,0.02753
0.01915,0.13251,0.05593,0.01634,0.02037,0.01208,0.21925,0.02014,0.02047,0.12488,0.04574,0.01987,0.01789,0.19724,0.04624,0.03192
0.01890,0.07820,0.08589,0.04708,0.02754,0.10085,0.15883,0.02209,0.02675,0.04656,0.02932,0.04571,0.14338,0.06100,0.06638,0.04151
0.01972,0.03694,0.08384,0.05742,0.04178,0.04966,0.02404,0.02846,0.01519,0.25160,0.23068,0.02259,0.02638,0.01626,0.06739,0.02804
0.02350,0.20592,0.28118,0.02223,0.01103,0.13030,0.07371,0.02104,0.03339,0.02159,0.01334,0.02584,0.01614,0.06243,0.04387,0.01449
0.02574,0.02392,0.01823,0.04176,0.12526,0.20395,0.01801,0.03259,0.02247,0.06490,0.13196,0.12481,0.03078,0.02103,0.06397,0.05061
0.18413,0.04298,0.04709,0.02392,0.02434,0.04732,0.02567,0.04813,0.23857,0.03497,0.07345,0.04573,0.02723,0.04287,0.03518,0.05841
0.00565,0.01266,0.03876,0.00801,0.30989,0.23641,0.11099,0.01645,0.01391,0.03560,0.01518,0.01273,0.15245,0.01326,0.00496,0.01309
0.03196,0.12043,0.20634,0.03356,0.02699,0.09615,0.02843,0.04961,0.02312,0.04898,0.02088,0.09246,0.07487,0.02604,0.05361,0.06657
0.22616,0.03778,0.07210,0.06847,0.02253,0.02263,0.03578,0.02315,0.02844,0.03662,0.04126,0.04700,0.02128,0.03328,0.23499,0.04854
0.02002,0.06020,0.20734,0.04208,0.02425,0.07850,0.03506,0.04619,0.04793,0.24776,0.01813,0.06121,0.03146,0.02041,0.02596,0.03351
0.01854,0.08648,0.10469,0.03825,0.06203,0.02546,0.01292,0.03687,0.01796,0.02171,0.20491,0.03069,0.05018,0.01769,0.02725,0.24439
0.02438,0.04015,0.04631,0.00853,0.01103,0.00570,0.33238,0.03005,0.02942,0.02973,0.05980,0.02040,0.29787,0.03397,0.00572,0.02456
0.02380,0.08465,0.04536,0.30864,0.00726,0.00838,0.03268,0.02778,0.02380,0.01626,0.00931,0.02026,0.01886,0.01938,0.33317,0.02040
0.01840,0.03668,0.05702,0.01537,0.03392,0.01739,0.01299,0.34773,0.02218,0.02993,0.02314,0.01343,0.32154,0.00936,0.01668,0.02426
0.01263,0.08011,0.03727,0.01224,0.00897,0.00819,0.01838,0.33500,0.01964,0.01087,0.02570,0.01046,0.31523,0.07979,0.00754,0.01797
0.01546,0.01902,0.01845,0.40414,0.01329,0.02265,0.02305,0.34473,0.01573,0.00966,0.00652,0.02158,0.02443,0.01835,0.02848,0.01446
0.02039,0.02686,0.19900,0.09254,0.02373,0.07299,0.02080,0.03876,0.02873,0.18046,0.03382,0.04367,0.03066,0.01352,0.11671,0.05734
0.01061,0.02878,0.02291,0.07486,0.03299,0.08427,0.23933,0.02113,0.00955,0.01484,0.01830,0.01685,0.30250,0.02352,0.07975,0.01981
0.04091,0.12023,0.12848,0.21444,0.01342,0.02374,0.02448,0.02346,0.02145,0.02264,0.01000,0.04501,0.01795,0.02761,0.23637,0.02981
0.23299,0.01273,0.01436,0.05709,0.01775,0.03719,0.01690,0.07183,0.26579,0.07016,0.07122,0.03169,0.01389,0.04909,0.01982,0.01749
0.01340,0.22145,0.01540,0.04467,0.04223,0.04263,0.08938,0.04089,0.02635,0.02083,0.05483,0.02940,0.10102,0.18056,0.03442,0.04253
0.05891,0.10425,0.05177,0.22379,0.02359,0.02504,0.02352,0.03049,0.03483,0.01780,0.01927,0.02566,0.03992,0.04357,0.23273,0.04486
0.05141,0.02480,0.02902,0.21201,0.04334,0.04201,0.02341,0.03659,0.08102,0.02037,0.02880,0.06488,0.04134,0.02322,0.24595,0.03183
0.07771,0.04434,0.02837,0.01106,0.02615,0.03420,0.02791,0.29740,0.02730,0.02790,0.02368,0.02779,0.27178,0.01294,0.02361,0.03787
0.03005,0.04312,0.02401,0.00831,0.03938,0.05136,0.30705,0.00661,0.01706,0.02178,0.01547,0.03352,0.34797,0.01820,0.02283,0.01329
0.04906,0.04172,0.02965,0.02668,0.02432,0.01804,0.01732,0.33901,0.01984,0.02244,0.01382,0.02334,0.31347,0.00988,0.02472,0.02670
0.01859,0.16312,0.19813,0.02347,0.02396,0.15218,0.01828,0.07233,0.01294,0.01789,0.01672,0.02798,0.04973,0.12312,0.05061,0.03095
0.03565,0.22875,0.34744,0.01334,0.02669,0.02493,0.05269,0.01550,0.02544,0.07134,0.02648,0.01700,0.04606,0.00905,0.01118,0.04847
0.04888,0.20141,0.15012,0.06442,0.08156,0.01404,0.12586,0.01875,0.02693,0.02068,0.02365,0.01868,0.11763,0.01676,0.05184,0.01879
0.06138,0.03947,0.10222,0.11869,0.01665,0.05587,0.10836,0.02095,0.05347,0.05566,0.02607,0.02686,0.11893,0.03259,0.13473,0.02811
