0.05236,0.07547,0.06817,0.04065,0.11227,0.09502,0.06837,0.05198,0.04093,0.03888,0.03033,0.04923,0.04075,0.03093,0.03372,0.03350,0.03070,0.03864,0.02542,0.04270
0.05569,0.07724,0.06628,0.04368,0.09350,0.10715,0.06932,0.05395,0.03562,0.03491,0.02683,0.05477,0.04720,0.03465,0.03537,0.03017,0.03160,0.03141,0.02945,0.04123
0.05164,0.11021,0.04892,0.04686,0.12309,0.09405,0.12901,0.04059,0.03135,0.03410,0.02467,0.04546,0.03632,0.02759,0.02578,0.02351,0.02727,0.02615,0.02254,0.03088
0.05451,0.07649,0.06880,0.04409,0.14499,0.10431,0.07544,0.04705,0.02997,0.03927,0.03045,0.03612,0.04817,0.02949,0.02274,0.02489,0.02662,0.02643,0.03170,0.03847
0.03860,0.12958,0.04007,0.03965,0.10237,0.08113,0.16013,0.03115,0.02639,0.03474,0.03333,0.04512,0.04338,0.02247,0.02580,0.02951,0.02386,0.02995,0.02754,0.03522
0.04827,0.13702,0.06486,0.03670,0.13354,0.11371,0.10253,0.04530,0.02630,0.02845,0.02346,0.03488,0.03680,0.02196,0.02078,0.02465,0.02291,0.02282,0.02146,0.03362
0.04688,0.08581,0.03217,0.03339,0.08588,0.08352,0.07670,0.06630,0.03201,0.03188,0.02521,0.07338,0.05597,0.03517,0.03030,0.03983,0.03646,0.03973,0.02909,0.06033
0.04590,0.15690,0.06230,0.03711,0.14364,0.12130,0.14771,0.04009,0.02732,0.03108,0.01650,0.02997,0.02119,0.01435,0.01767,0.01774,0.01602,0.01874,0.01425,0.02020
0.04610,0.07653,0.08676,0.04389,0.14682,0.14201,0.07199,0.05578,0.02527,0.03080,0.01889,0.04427,0.03787,0.02675,0.02712,0.02157,0.02205,0.02470,0.01925,0.03159
0.04180,0.11150,0.05440,0.03787,0.08010,0.08339,0.10349,0.04177,0.02817,0.02878,0.02941,0.06384,0.04927,0.04078,0.03349,0.02997,0.02973,0.03529,0.02531,0.05163
0.03794,0.25320,0.04637,0.03719,0.07601,0.07760,0.13421,0.03904,0.02829,0.02578,0.02269,0.04012,0.03026,0.01803,0.02223,0.02427,0.02044,0.02221,0.01901,0.02511
0.04444,0.13865,0.06236,0.04501,0.09196,0.08369,0.11146,0.05675,0.03859,0.03631,0.02847,0.03137,0.03622,0.03106,0.02398,0.02584,0.02460,0.02105,0.03102,0.03715
0.04824,0.09014,0.09284,0.05660,0.09930,0.10113,0.07997,0.04221,0.03658,0.03718,0.03480,0.04403,0.03973,0.03013,0.02458,0.02496,0.02426,0.02758,0.02695,0.03879
0.03623,0.21787,0.05475,0.03621,0.08475,0.07793,0.15870,0.03786,0.03251,0.02808,0.02319,0.02396,0.02960,0.02395,0.01992,0.02267,0.01920,0.01789,0.02387,0.03087
0.04901,0.08944,0.06975,0.03745,0.11791,0.09400,0.08417,0.04184,0.03021,0.04288,0.02790,0.05109,0.04411,0.02508,0.03091,0.03345,0.02734,0.03192,0.02494,0.04660
0.04305,0.15015,0.14889,0.04020,0.12597,0.11685,0.08683,0.03846,0.02674,0.03163,0.01707,0.02274,0.02641,0.02027,0.01573,0.01790,0.01614,0.01616,0.01809,0.02070
0.04832,0.06267,0.05393,0.04378,0.07389,0.06772,0.06899,0.05130,0.04542,0.03776,0.04175,0.04570,0.05937,0.04198,0.03270,0.04388,0.03247,0.03956,0.04486,0.06394
0.04807,0.15342,0.05034,0.04711,0.08172,0.08817,0.13003,0.05345,0.03525,0.03830,0.02528,0.03766,0.03071,0.02370,0.02105,0.02621,0.02567,0.02959,0.02465,0.02960
0.04886,0.09946,0.08617,0.04095,0.08154,0.08513,0.08771,0.04656,0.03096,0.03162,0.04061,0.06296,0.04475,0.02914,0.02805,0.02922,0.02502,0.03105,0.02801,0.04223
0.05117,0.07010,0.07544,0.05111,0.11677,0.10476,0.07564,0.05141,0.03620,0.03661,0.02936,0.03818,0.04251,0.03527,0.02628,0.02704,0.02178,0.02577,0.03403,0.05058
0.04044,0.15380,0.12774,0.03633,0.09802,0.09195,0.09160,0.03696,0.02739,0.02821,0.02705,0.02734,0.03755,0.03166,0.01936,0.02092,0.02203,0.02118,0.02956,0.03091
0.05195,0.05225,0.07297,0.04089,0.08321,0.07457,0.05620,0.04805,0.03249,0.03439,0.03404,0.04731,0.06219,0.05558,0.03534,0.03880,0.03592,0.03890,0.04079,0.06417
0.04712,0.14283,0.06135,0.04239,0.12796,0.11627,0.10838,0.05355,0.02903,0.03335,0.01853,0.03386,0.03197,0.02290,0.02086,0.02040,0.02005,0.02240,0.01960,0.02720
0.04859,0.14082,0.06499,0.03921,0.11318,0.11317,0.09457,0.04033,0.02481,0.02964,0.02267,0.05505,0.03632,0.02384,0.02165,0.02685,0.02251,0.02793,0.01664,0.03723
0.04379,0.16318,0.05995,0.04284,0.08737,0.08541,0.13818,0.04557,0.03831,0.03460,0.02600,0.03296,0.03493,0.02461,0.02299,0.02209,0.02176,0.02095,0.02287,0.03166
0.04468,0.12388,0.05321,0.04046,0.10684,0.07898,0.12299,0.03944,0.02826,0.02822,0.03109,0.03517,0.04913,0.03604,0.02456,0.02848,0.02682,0.02946,0.02859,0.04371
0.03561,0.16928,0.04372,0.03590,0.07101,0.08224,0.12435,0.03719,0.02247,0.02836,0.02510,0.08215,0.04484,0.02674,0.02519,0.02709,0.02604,0.03360,0.02068,0.03844
0.03411,0.28337,0.04707,0.03383,0.08627,0.09219,0.15008,0.03061,0.02490,0.02431,0.01688,0.03109,0.02291,0.01819,0.01462,0.01654,0.01634,0.01754,0.01716,0.02199
0.04366,0.09253,0.06572,0.04620,0.09788,0.08362,0.09233,0.04782,0.03636,0.03378,0.03010,0.03813,0.05508,0.03921,0.02689,0.02793,0.02602,0.02797,0.03766,0.05110
0.04424,0.16529,0.06928,0.03859,0.10373,0.12440,0.12150,0.03505,0.02840,0.02786,0.02019,0.02490,0.02925,0.02920,0.01868,0.01952,0.01873,0.02225,0.02756,0.03138
0.04406,0.05000,0.08373,0.03800,0.09021,0.07167,0.05197,0.04486,0.04209,0.03300,0.03800,0.04599,0.07484,0.04336,0.03714,0.03584,0.03148,0.03424,0.03942,0.07010
0.04899,0.11578,0.06154,0.04767,0.11254,0.09638,0.10510,0.05587,0.04049,0.03777,0.02717,0.03673,0.03701,0.02453,0.01999,0.02435,0.02369,0.02439,0.02921,0.03080
0.04913,0.11869,0.11058,0.03658,0.12413,0.11739,0.07652,0.05212,0.03522,0.03988,0.02069,0.03102,0.03230,0.02390,0.01780,0.02237,0.01854,0.02236,0.02189,0.02889
0.04688,0.08807,0.06375,0.04125,0.10847,0.08708,0.07771,0.05274,0.03078,0.03369,0.03183,0.06903,0.04681,0.02777,0.02849,0.03941,0.02724,0.03134,0.02319,0.04447
0.05923,0.07883,0.08218,0.03416,0.08995,0.10243,0.06697,0.06017,0.02990,0.03661,0.02949,0.05054,0.05522,0.03559,0.02824,0.03353,0.03158,0.03527,0.02678,0.03331
0.05343,0.10339,0.08236,0.04568,0.11206,0.10929,0.08166,0.06579,0.03652,0.04394,0.02357,0.02703,0.03304,0.02937,0.02007,0.02317,0.02048,0.02374,0.02848,0.03692
0.05201,0.10831,0.07613,0.04936,0.13136,0.10490,0.10586,0.04246,0.03320,0.04002,0.02405,0.03155,0.03102,0.02609,0.02291,0.02274,0.02094,0.02293,0.02406,0.03010
0.05096,0.10183,0.06855,0.04573,0.10743,0.10907,0.10026,0.05505,0.03928,0.04330,0.02345,0.02753,0.03380,0.02833,0.02357,0.02731,0.02254,0.02458,0.03337,0.03407
0.03268,0.21321,0.04505,0.02780,0.06999,0.08542,0.11941,0.03527,0.02205,0.02524,0.02631,0.04510,0.04608,0.02693,0.03101,0.03185,0.02397,0.02641,0.02273,0.04346
0.04730,0.10033,0.06180,0.03997,0.09074,0.09703,0.10006,0.05673,0.03822,0.03501,0.03059,0.05133,0.04635,0.02882,0.02852,0.03014,0.02350,0.02766,0.02564,0.04026
0.05455,0.10673,0.07460,0.04024,0.12299,0.10631,0.09573,0.06299,0.03037,0.03503,0.02186,0.04269,0.03470,0.02329,0.02313,0.02661,0.02132,0.02571,0.01790,0.03324
0.04462,0.09600,0.06203,0.04454,0.09642,0.08759,0.09553,0.04555,0.03387,0.03812,0.02995,0.03559,0.04536,0.03764,0.03115,0.03472,0.02805,0.02969,0.03801,0.04558
0.06125,0.08959,0.08167,0.03910,0.12896,0.12102,0.07947,0.05509,0.03209,0.03661,0.02396,0.03967,0.03482,0.02705,0.02350,0.02619,0.02187,0.02556,0.02371,0.02882
0.04828,0.09840,0.06554,0.04284,0.17571,0.13517,0.09851,0.05120,0.02496,0.02918,0.01546,0.04228,0.02831,0.01744,0.01898,0.02223,0.02066,0.02018,0.01657,0.02809
0.04719,0.19963,0.06589,0.04162,0.10374,0.11941,0.12642,0.04592,0.03666,0.02884,0.01686,0.02192,0.02237,0.01837,0.01550,0.01696,0.01585,0.01985,0.01610,0.02089
0.04686,0.13226,0.08089,0.03757,0.09583,0.10321,0.07629,0.06898,0.03186,0.03675,0.02292,0.02822,0.04152,0.03461,0.02083,0.02613,0.01968,0.02302,0.03190,0.04066
0.06039,0.06737,0.08018,0.04768,0.15203,0.12107,0.06539,0.07334,0.02901,0.03567,0.01876,0.03952,0.03218,0.02383,0.02449,0.02589,0.02374,0.02738,0.02252,0.02956
0.06376,0.05828,0.06843,0.04863,0.07468,0.07220,0.06150,0.08788,0.04858,0.03877,0.03968,0.04162,0.05187,0.03802,0.03147,0.03186,0.03180,0.02690,0.04169,0.04237
0.05683,0.07150,0.03453,0.04696,0.08631,0.08160,0.09571,0.06217,0.03607,0.03911,0.02578,0.05248,0.04724,0.03722,0.03441,0.03247,0.02924,0.03109,0.03129,0.06801
0.03896,0.14665,0.07447,0.03980,0.11650,0.10397,0.13840,0.03683,0.02471,0.03067,0.02373,0.02969,0.03891,0.02670,0.01788,0.01983,0.01862,0.01636,0.02079,0.03653
0.04905,0.09116,0.06306,0.04523,0.11113,0.10805,0.08776,0.05492,0.03193,0.03444,0.02319,0.05753,0.04173,0.02537,0.02759,0.03230,0.02479,0.03099,0.02502,0.03477
0.03202,0.25336,0.05083,0.03114,0.08185,0.08032,0.17736,0.03377,0.02149,0.02448,0.01623,0.03107,0.02698,0.02221,0.01825,0.01853,0.01509,0.01723,0.01757,0.03020
0.03712,0.17346,0.04949,0.03020,0.09678,0.10541,0.11615,0.03673,0.02241,0.02447,0.02228,0.04191,0.04935,0.03092,0.02544,0.02598,0.02302,0.02653,0.02186,0.04049
0.05214,0.13038,0.07431,0.05267,0.12784,0.10479,0.10667,0.04633,0.04396,0.02943,0.02020,0.02527,0.02655,0.02488,0.01932,0.02247,0.02097,0.02287,0.02324,0.02570
0.03486,0.21158,0.05308,0.03457,0.08626,0.09274,0.13241,0.03535,0.02647,0.02652,0.02387,0.03089,0.03468,0.02963,0.02151,0.02501,0.01879,0.02476,0.02327,0.03375
0.03959,0.14111,0.05972,0.03804,0.07917,0.09049,0.12469,0.04326,0.02816,0.03219,0.02796,0.03867,0.04382,0.03158,0.02524,0.02725,0.02508,0.02980,0.03180,0.04238
0.04156,0.17977,0.05344,0.03863,0.10401,0.10030,0.14866,0.04450,0.02007,0.02818,0.01969,0.04248,0.03236,0.01909,0.01921,0.02123,0.01849,0.02148,0.01965,0.02719
0.05545,0.07151,0.08619,0.05162,0.11193,0.10384,0.07404,0.06459,0.03716,0.04588,0.02884,0.03415,0.04273,0.03033,0.02641,0.02376,0.02316,0.02331,0.02774,0.03737
0.06439,0.06973,0.08734,0.04525,0.10643,0.10977,0.06729,0.06560,0.04722,0.04444,0.02669,0.03424,0.03645,0.02917,0.03002,0.02823,0.02508,0.02514,0.02763,0.02988
0.03299,0.22311,0.05044,0.03043,0.06851,0.09818,0.13289,0.03761,0.02220,0.02757,0.02072,0.05373,0.03368,0.02006,0.02239,0.02586,0.02198,0.02592,0.01841,0.03329
0.05307,0.05179,0.11227,0.04495,0.12218,0.10937,0.05762,0.05888,0.02829,0.03367,0.02407,0.04235,0.05295,0.03393,0.02495,0.02570,0.02458,0.02619,0.02711,0.04607
0.04978,0.14216,0.05136,0.03666,0.11156,0.11141,0.08889,0.06392,0.03128,0.03182,0.01884,0.04376,0.03755,0.02469,0.02452,0.02619,0.02027,0.03125,0.01924,0.03484
0.04559,0.16143,0.05898,0.04294,0.11326,0.10532,0.12046,0.04402,0.02579,0.03273,0.02058,0.03620,0.03531,0.02101,0.01960,0.02326,0.02138,0.02290,0.02018,0.02908
0.04096,0.15102,0.04705,0.03626,0.07978,0.07825,0.10749,0.04544,0.03512,0.03065,0.02727,0.04644,0.05186,0.02972,0.03133,0.03306,0.02580,0.02920,0.03030,0.04299
0.03822,0.12343,0.05164,0.03915,0.06677,0.08102,0.11486,0.05041,0.03405,0.03949,0.03070,0.04318,0.05709,0.02987,0.03419,0.03328,0.02892,0.03266,0.02904,0.04202
0.05095,0.12111,0.08334,0.04038,0.09343,0.12454,0.07582,0.07406,0.03337,0.03507,0.02369,0.04407,0.03275,0.02232,0.02092,0.02586,0.02000,0.02536,0.02400,0.02896
0.05070,0.08134,0.07826,0.04217,0.07789,0.07953,0.07046,0.05070,0.03896,0.03814,0.03839,0.03318,0.05587,0.04899,0.02749,0.03129,0.03095,0.03186,0.04758,0.04625
0.04848,0.11371,0.08618,0.04189,0.09670,0.09340,0.10424,0.04904,0.03205,0.03578,0.03309,0.02687,0.03759,0.03672,0.02176,0.02551,0.02346,0.02030,0.03620,0.03702
0.04569,0.09340,0.14248,0.05343,0.08332,0.07414,0.07307,0.04057,0.03835,0.03995,0.03300,0.03359,0.04138,0.03343,0.02369,0.02957,0.02674,0.02572,0.03448,0.03398
0.05211,0.12462,0.07171,0.04601,0.11372,0.11723,0.10350,0.05117,0.02902,0.03299,0.02179,0.02848,0.03215,0.02808,0.01950,0.02303,0.02027,0.02656,0.02262,0.03542
0.03800,0.16155,0.05230,0.03549,0.09868,0.10182,0.12340,0.03990,0.02683,0.03139,0.02277,0.05171,0.04075,0.02380,0.02202,0.02334,0.02174,0.02546,0.02324,0.03578
0.06106,0.07554,0.07513,0.04999,0.16369,0.11238,0.07498,0.06528,0.03536,0.03875,0.02537,0.03248,0.03330,0.02165,0.01965,0.02432,0.01950,0.02220,0.02205,0.02733
0.05273,0.11534,0.06453,0.04191,0.10544,0.11103,0.10630,0.04340,0.03073,0.03629,0.02319,0.03906,0.03799,0.02685,0.02212,0.02756,0.02450,0.02835,0.02806,0.03463
0.04074,0.13606,0.05572,0.03492,0.06083,0.07815,0.10064,0.04634,0.03493,0.03321,0.02850,0.04996,0.05146,0.03733,0.03530,0.03453,0.02987,0.03709,0.03174,0.04268
0.03822,0.25913,0.04551,0.03691,0.07506,0.08027,0.16203,0.04633,0.02347,0.02764,0.01570,0.02783,0.02514,0.02018,0.01544,0.01952,0.01748,0.02029,0.01882,0.02502
0.04055,0.23609,0.05725,0.03183,0.09438,0.10452,0.12977,0.03951,0.02821,0.02373,0.01908,0.02602,0.02998,0.02212,0.01826,0.02136,0.01552,0.01990,0.01829,0.02362
0.05160,0.07146,0.08262,0.05299,0.13374,0.09699,0.08442,0.05424,0.03984,0.03522,0.02510,0.03393,0.03456,0.03434,0.02322,0.02629,0.02536,0.02709,0.02915,0.03784
0.04586,0.11491,0.06543,0.04861,0.10411,0.08556,0.09954,0.04067,0.03243,0.03989,0.03435,0.02886,0.04175,0.03511,0.02594,0.02716,0.02592,0.02593,0.03870,0.03927
0.05000,0.13517,0.06071,0.03950,0.11027,0.11173,0.10204,0.04898,0.03397,0.03029,0.02574,0.03588,0.03726,0.02343,0.02232,0.02680,0.02164,0.02498,0.02391,0.03538
0.04866,0.08025,0.10843,0.04733,0.09955,0.09066,0.06529,0.04518,0.03613,0.03531,0.03321,0.04426,0.04836,0.03929,0.02738,0.02596,0.02618,0.03093,0.02767,0.03995
0.05110,0.12980,0.06470,0.03755,0.13826,0.13873,0.10710,0.05523,0.02935,0.03138,0.01911,0.03072,0.02434,0.02166,0.01989,0.01899,0.01718,0.02014,0.01946,0.02531
0.03940,0.18971,0.14510,0.03600,0.10637,0.10473,0.08688,0.04427,0.02779,0.02736,0.01567,0.02006,0.02697,0.02067,0.01676,0.01676,0.01644,0.01652,0.02172,0.02082
0.04161,0.13947,0.05737,0.03691,0.09072,0.11064,0.10740,0.05132,0.02743,0.03280,0.02574,0.04037,0.04287,0.02824,0.02539,0.02940,0.02234,0.02763,0.02386,0.03851
0.04150,0.13984,0.06995,0.04055,0.10247,0.10117,0.12693,0.04770,0.02511,0.03146,0.02045,0.04081,0.04018,0.02807,0.02200,0.02215,0.02285,0.02109,0.01882,0.03691
0.04913,0.10927,0.04835,0.04170,0.09234,0.08441,0.09202,0.05754,0.03239,0.03565,0.02221,0.07804,0.03742,0.02371,0.03256,0.03808,0.02983,0.03884,0.02559,0.03093
0.04342,0.16475,0.05706,0.03838,0.09641,0.09858,0.10850,0.04805,0.03139,0.03671,0.02216,0.03546,0.03590,0.02297,0.02530,0.02690,0.02220,0.02750,0.02438,0.03396
0.04862,0.10641,0.04648,0.04045,0.10141,0.09643,0.09239,0.06533,0.03251,0.03264,0.02175,0.07283,0.04318,0.02442,0.02813,0.03284,0.02514,0.03269,0.01977,0.03660
0.04290,0.21146,0.05975,0.03233,0.08128,0.09917,0.13958,0.04637,0.03172,0.02987,0.01922,0.03084,0.02954,0.01884,0.02044,0.02209,0.02106,0.02165,0.01689,0.02500
0.04727,0.16851,0.06004,0.03596,0.08910,0.10105,0.13201,0.04694,0.03059,0.03070,0.02277,0.03655,0.03499,0.02121,0.02337,0.02371,0.02133,0.02243,0.02053,0.03096
0.04710,0.08922,0.04415,0.03253,0.08088,0.07509,0.08964,0.03845,0.02448,0.02631,0.03124,0.07846,0.06143,0.03123,0.03427,0.04696,0.04056,0.04734,0.02408,0.05657
0.05514,0.06956,0.07828,0.05015,0.16156,0.09357,0.06543,0.05587,0.03853,0.04090,0.02210,0.04040,0.04219,0.02561,0.02650,0.02846,0.02564,0.02251,0.02496,0.03264
0.04981,0.10541,0.06957,0.03892,0.10474,0.09077,0.08788,0.05148,0.02523,0.03031,0.03373,0.03479,0.05393,0.03982,0.02630,0.02817,0.02489,0.02386,0.03190,0.04850
0.03461,0.18437,0.03061,0.02730,0.12572,0.07416,0.20332,0.03212,0.02011,0.02667,0.01903,0.02879,0.03454,0.02255,0.02043,0.01823,0.02045,0.02334,0.02227,0.03139
0.04153,0.12391,0.08383,0.04436,0.10008,0.11046,0.08513,0.04262,0.03397,0.03483,0.02435,0.03838,0.04340,0.02696,0.02873,0.02607,0.02741,0.02469,0.02699,0.03229
0.05004,0.17738,0.05610,0.03840,0.09248,0.10724,0.11854,0.04832,0.02859,0.03423,0.02009,0.04500,0.02747,0.02137,0.02189,0.02173,0.02218,0.02626,0.01684,0.02587
0.04263,0.13092,0.06031,0.03819,0.07074,0.08020,0.10932,0.04789,0.03212,0.03191,0.02769,0.04733,0.05117,0.03769,0.02815,0.03323,0.02818,0.03151,0.02880,0.04203
0.04960,0.05878,0.05694,0.05404,0.08101,0.07043,0.06542,0.05512,0.03871,0.04238,0.03900,0.04426,0.04924,0.05131,0.03306,0.03486,0.03188,0.03706,0.04157,0.06533
0.04154,0.17661,0.06582,0.04231,0.10235,0.09934,0.12698,0.04168,0.03163,0.02987,0.02248,0.02746,0.02936,0.02447,0.02056,0.02400,0.01894,0.01998,0.02272,0.03189
0.04709,0.14736,0.08030,0.04048,0.11164,0.09985,0.10430,0.04050,0.02939,0.03111,0.02428,0.03340,0.03862,0.02708,0.02135,0.02164,0.02198,0.02193,0.02396,0.03373
0.03135,0.25326,0.04552,0.02952,0.07712,0.08531,0.13292,0.03210,0.02502,0.02620,0.02289,0.03171,0.03488,0.02263,0.02174,0.02310,0.02130,0.02667,0.02328,0.03346
