0.08052,0.37854,0.31684,0.22410
0.18107,0.13844,0.45150,0.22899
0.10669,0.16137,0.19318,0.53876
0.07824,0.07348,0.22531,0.62298
0.07108,0.07602,0.51786,0.33504
0.06162,0.05178,0.47683,0.40976
0.15138,0.33159,0.20231,0.31472
0.26837,0.20726,0.15572,0.36864
0.07832,0.06546,0.51297,0.34325
0.09772,0.25198,0.48778,0.16252
0.04544,0.04105,0.67300,0.24051
0.04747,0.03904,0.64559,0.26790
0.15735,0.09197,0.47266,0.27801
0.09843,0.08622,0.45026,0.36509
0.02807,0.02651,0.65282,0.29260
0.03381,0.02678,0.21030,0.72911
0.16734,0.09887,0.30571,0.42808
0.11373,0.06174,0.22578,0.59875
0.03061,0.02484,0.28568,0.65888
0.05016,0.03759,0.61787,0.29438
0.21992,0.05309,0.53095,0.19604
0.05410,0.10155,0.45974,0.38461
0.13734,0.16687,0.39784,0.29795
0.19645,0.20391,0.50430,0.09534
0.10036,0.18934,0.31524,0.39506
0.07729,0.13643,0.51867,0.26761
0.02769,0.02469,0.54269,0.40493
0.10134,0.10174,0.07538,0.72154
0.03854,0.03228,0.41366,0.51552
0.06745,0.05324,0.35724,0.52206
0.03317,0.02776,0.72922,0.20985
0.03837,0.03180,0.71884,0.21099
0.06633,0.07107,0.32545,0.53715
0.17949,0.17810,0.40104,0.24137
0.13911,0.12678,0.21767,0.51644
0.05229,0.04807,0.33623,0.56340
0.04056,0.36522,0.43220,0.16203
0.14106,0.12714,0.19328,0.53852
0.10831,0.09076,0.31064,0.49029
0.06480,0.06531,0.61695,0.25294
0.01203,0.14816,0.64909,0.19073
0.03390,0.10449,0.43834,0.42327
0.12020,0.31494,0.24447,0.32040
0.42741,0.15734,0.24159,0.17367
0.15383,0.17508,0.32660,0.34449
0.03244,0.02348,0.70267,0.24141
0.26623,0.09254,0.24920,0.39203
0.21756,0.12952,0.44344,0.20948
0.05348,0.19378,0.34989,0.40285
0.12089,0.12536,0.24423,0.50952
0.14549,0.12162,0.34967,0.38322
0.41136,0.13690,0.25270,0.19904
0.03063,0.02845,0.58116,0.35977
0.31958,0.24081,0.07167,0.36794
0.12654,0.13022,0.25710,0.48614
0.07890,0.07911,0.28637,0.55562
0.27773,0.22682,0.27540,0.22005
0.03349,0.09901,0.71774,0.14975
0.18910,0.23208,0.24444,0.33438
0.09482,0.07863,0.51231,0.31423
0.28592,0.20773,0.39000,0.11634
0.08457,0.05909,0.80746,0.04888
0.06756,0.05147,0.44367,0.43730
0.07877,0.06341,0.73115,0.12667
0.16451,0.18536,0.35764,0.29249
0.09082,0.08234,0.26330,0.56354
0.32026,0.15490,0.24591,0.27893
0.07341,0.12752,0.36094,0.43813
0.06445,0.07759,0.54134,0.31661
0.28143,0.12662,0.43418,0.15777
0.01372,0.47664,0.32844,0.18121
0.23467,0.20179,0.38510,0.17844
0.12958,0.08062,0.47118,0.31862
0.03265,0.04280,0.19982,0.72472
0.24825,0.22086,0.29784,0.23304
0.10594,0.11989,0.58889,0.18528
0.06712,0.06626,0.50568,0.36094
0.09736,0.11170,0.28149,0.50945
0.33206,0.08678,0.28021,0.30095
0.04631,0.02555,0.46216,0.46598
0.25930,0.19173,0.39692,0.15205
0.08342,0.10660,0.50745,0.30253
0.01573,0.01426,0.36547,0.60455
0.08101,0.11197,0.43533,0.37169
0.04190,0.31435,0.42382,0.21993
0.24180,0.10217,0.31618,0.33985
0.19745,0.25387,0.37569,0.17299
0.12405,0.14831,0.24664,0.48100
0.32112,0.11827,0.40733,0.15329
0.33577,0.28721,0.12653,0.25049
0.06384,0.04738,0.16328,0.72551
0.09697,0.15844,0.22536,0.51923
0.07592,0.25548,0.47818,0.19042
0.18404,0.17605,0.35277,0.28714
0.06588,0.20298,0.39857,0.33257
0.27932,0.15423,0.35460,0.21186
0.31230,0.10908,0.17226,0.40635
0.04566,0.05143,0.23688,0.66603
0.24416,0.32589,0.24726,0.18269
0.11775,0.20846,0.33839,0.33540
