0.03999,0.03847,0.05038,0.04618,0.04455,0.04400,0.04665,0.04680,0.04922,0.04868,0.06752,0.04886,0.04692,0.04637,0.05993,0.05467,0.04900,0.03962,0.07360,0.05859
0.04276,0.04610,0.05586,0.03990,0.03904,0.03860,0.05063,0.05061,0.03969,0.04186,0.05226,0.04457,0.04344,0.04268,0.06023,0.04041,0.03898,0.04835,0.11790,0.06611
0.03692,0.04172,0.04075,0.04797,0.04465,0.04483,0.04439,0.04513,0.04710,0.04856,0.04886,0.03750,0.04470,0.04563,0.07247,0.04311,0.03718,0.05214,0.06707,0.10931
0.03818,0.04062,0.04685,0.04172,0.03589,0.03628,0.04393,0.04279,0.04428,0.04502,0.05800,0.04057,0.04365,0.04400,0.05418,0.03436,0.03030,0.05616,0.07875,0.14448
0.04227,0.04692,0.04341,0.03320,0.04022,0.03936,0.03769,0.04079,0.03723,0.03865,0.04522,0.03274,0.03928,0.04008,0.06771,0.03598,0.02965,0.04709,0.17353,0.08897
0.03524,0.03937,0.03931,0.03373,0.04238,0.03909,0.03962,0.04110,0.04169,0.04031,0.04548,0.03292,0.03923,0.04142,0.06543,0.03119,0.03108,0.04701,0.16718,0.10721
0.04210,0.04119,0.04885,0.05192,0.03994,0.03986,0.04345,0.04529,0.04571,0.04650,0.04611,0.03837,0.04852,0.04757,0.08143,0.05763,0.04190,0.04587,0.06921,0.07858
0.04386,0.04408,0.05812,0.03929,0.03756,0.03567,0.04210,0.04293,0.04297,0.04237,0.05013,0.03840,0.06656,0.06473,0.08378,0.04213,0.03433,0.03859,0.05865,0.09375
0.04303,0.04730,0.05269,0.02947,0.03796,0.03675,0.04108,0.04220,0.04064,0.04117,0.04735,0.03589,0.03898,0.03910,0.05509,0.03234,0.02937,0.05386,0.16805,0.08768
0.04139,0.05029,0.03884,0.03911,0.04178,0.04090,0.04208,0.04404,0.03818,0.03800,0.05986,0.03704,0.03659,0.03781,0.05350,0.03078,0.03482,0.08842,0.13981,0.06675
0.03390,0.03884,0.03803,0.02949,0.03317,0.03311,0.03724,0.03831,0.03773,0.03854,0.04322,0.03132,0.03381,0.03348,0.04853,0.02748,0.02656,0.04459,0.27569,0.07696
0.03222,0.03717,0.03492,0.03221,0.03436,0.03394,0.03920,0.04008,0.03647,0.03557,0.05275,0.03197,0.03249,0.03333,0.06123,0.02853,0.02583,0.04447,0.25170,0.08155
0.03508,0.04339,0.03753,0.04179,0.03652,0.03657,0.04079,0.04279,0.04536,0.04436,0.07864,0.04079,0.03767,0.03827,0.04498,0.03425,0.03236,0.05343,0.15338,0.08207
0.03728,0.04113,0.04874,0.03744,0.04176,0.04001,0.04434,0.04673,0.04370,0.04544,0.06080,0.03669,0.03833,0.03823,0.04555,0.03754,0.03504,0.04932,0.13786,0.09408
0.03026,0.03566,0.03805,0.02754,0.03271,0.03187,0.03299,0.03487,0.03417,0.03438,0.05037,0.02737,0.02904,0.03032,0.05142,0.02505,0.02359,0.05161,0.28991,0.08883
0.03130,0.03460,0.03561,0.03070,0.03669,0.03498,0.03565,0.03700,0.03939,0.04009,0.04100,0.03058,0.03283,0.03432,0.06603,0.03397,0.02627,0.04341,0.08952,0.24608
0.04857,0.05199,0.05765,0.03408,0.04491,0.04243,0.04722,0.04842,0.04392,0.04296,0.03670,0.04000,0.03982,0.03977,0.05701,0.04314,0.03646,0.06045,0.09508,0.08943
0.03785,0.03937,0.05742,0.04003,0.03993,0.03923,0.04275,0.04373,0.04207,0.04289,0.04959,0.03980,0.04241,0.04271,0.06220,0.03730,0.03010,0.05178,0.08170,0.13712
0.03037,0.03556,0.03477,0.03510,0.03148,0.03226,0.03655,0.03651,0.03765,0.03804,0.05578,0.03037,0.03661,0.03782,0.06720,0.02776,0.02639,0.05541,0.11402,0.20035
0.03078,0.03480,0.04550,0.02805,0.03514,0.03448,0.03554,0.03744,0.03268,0.03232,0.04580,0.02946,0.03658,0.03737,0.06368,0.03211,0.02675,0.03800,0.25273,0.09080
0.03846,0.04498,0.05496,0.02913,0.04017,0.03885,0.03555,0.03640,0.03946,0.04005,0.05006,0.03244,0.03730,0.03744,0.09341,0.03372,0.02644,0.05195,0.16822,0.07100
0.03658,0.03876,0.04924,0.04105,0.03931,0.03955,0.04073,0.04191,0.04600,0.04473,0.04686,0.04150,0.03622,0.03669,0.05488,0.04080,0.03185,0.03529,0.15318,0.10489
0.04253,0.04530,0.05121,0.03517,0.04139,0.03883,0.05230,0.05432,0.04130,0.04136,0.04550,0.03747,0.04241,0.04236,0.05473,0.03488,0.03306,0.05967,0.12445,0.08177
0.03971,0.04058,0.05188,0.04023,0.04513,0.04665,0.04764,0.04804,0.05154,0.05264,0.05144,0.04856,0.03666,0.03846,0.04120,0.04683,0.04400,0.04015,0.13446,0.05420
0.03582,0.04169,0.05351,0.05150,0.03874,0.03940,0.04695,0.05051,0.04023,0.04109,0.05442,0.04533,0.04167,0.04194,0.04840,0.03886,0.04002,0.04844,0.09566,0.10580
0.04188,0.04918,0.04618,0.03320,0.04025,0.03973,0.04196,0.04136,0.03914,0.03877,0.04377,0.03512,0.03707,0.03780,0.04907,0.03401,0.03326,0.06816,0.16538,0.08472
0.03175,0.03816,0.03944,0.03105,0.02887,0.02975,0.03655,0.03691,0.03351,0.03447,0.04867,0.03143,0.03445,0.03505,0.05880,0.02881,0.02405,0.04596,0.23397,0.11835
0.03277,0.03474,0.04360,0.04844,0.03179,0.03278,0.04371,0.04306,0.04404,0.04491,0.05497,0.04088,0.04905,0.05129,0.04927,0.03930,0.03521,0.03962,0.04408,0.19648
0.03236,0.03567,0.04784,0.03125,0.03466,0.03454,0.03772,0.04062,0.03840,0.03803,0.04234,0.03298,0.03951,0.04085,0.06269,0.03126,0.02625,0.04099,0.16388,0.14818
0.03759,0.04295,0.04810,0.03690,0.03804,0.03754,0.03640,0.03698,0.04081,0.04314,0.05312,0.03717,0.03792,0.03956,0.07574,0.03312,0.02930,0.04764,0.12118,0.12679
0.03322,0.03754,0.04275,0.02726,0.03067,0.03045,0.03184,0.03328,0.03301,0.03314,0.04641,0.02806,0.02978,0.03199,0.04528,0.02722,0.02502,0.03999,0.32380,0.06932
0.03456,0.03796,0.04223,0.02555,0.03437,0.03192,0.03528,0.03598,0.03379,0.03318,0.04574,0.02753,0.03283,0.03335,0.04501,0.02536,0.02308,0.03959,0.31320,0.06948
0.03511,0.03970,0.03823,0.03899,0.04166,0.04159,0.04173,0.04283,0.04374,0.04584,0.05279,0.03277,0.03868,0.03890,0.05549,0.03332,0.03199,0.06175,0.11282,0.13208
0.04055,0.04409,0.03552,0.04676,0.04614,0.04407,0.04356,0.04616,0.05285,0.05382,0.05075,0.03886,0.03938,0.03923,0.05424,0.04000,0.04272,0.05028,0.11458,0.07644
0.04201,0.04383,0.04297,0.04218,0.04519,0.04590,0.04120,0.04002,0.04789,0.04925,0.05031,0.03844,0.04727,0.04598,0.07545,0.03727,0.03467,0.05669,0.07006,0.10342
0.03455,0.03915,0.04329,0.03197,0.03687,0.03637,0.03851,0.04162,0.04439,0.04251,0.05152,0.03399,0.03857,0.03762,0.06615,0.03236,0.03162,0.05621,0.11783,0.14490
0.04331,0.04675,0.04856,0.04466,0.04058,0.04091,0.05252,0.05218,0.04576,0.04484,0.04738,0.06089,0.03981,0.04184,0.04584,0.04390,0.04458,0.04797,0.10932,0.05839
0.04134,0.04613,0.04097,0.04315,0.04161,0.04256,0.04538,0.04808,0.05026,0.05160,0.04394,0.03779,0.04548,0.04544,0.05944,0.04306,0.03581,0.04623,0.06862,0.12312
0.03490,0.03965,0.04556,0.03484,0.04727,0.04363,0.04178,0.04157,0.04196,0.04140,0.05791,0.03319,0.04083,0.04048,0.08286,0.03190,0.03342,0.06443,0.09540,0.10701
0.03707,0.04043,0.04437,0.03334,0.04065,0.03955,0.04207,0.04486,0.03998,0.03989,0.03594,0.03695,0.03224,0.03232,0.04822,0.03438,0.02939,0.04007,0.22906,0.07920
0.03478,0.04115,0.03786,0.02434,0.02892,0.02733,0.03260,0.03362,0.03012,0.03034,0.05980,0.02535,0.02696,0.02809,0.04452,0.02261,0.02180,0.07370,0.29930,0.07681
0.03203,0.03810,0.03875,0.03491,0.03551,0.03355,0.04255,0.04565,0.03415,0.03386,0.05173,0.03025,0.03377,0.03348,0.06476,0.03012,0.02853,0.07536,0.16423,0.11869
0.05433,0.06597,0.04344,0.04250,0.04231,0.04381,0.04656,0.04743,0.04538,0.04493,0.05257,0.04001,0.04342,0.04355,0.04500,0.04169,0.03791,0.06550,0.08177,0.07192
0.04089,0.04371,0.12304,0.04932,0.03646,0.03481,0.04783,0.05048,0.04197,0.04282,0.03924,0.04502,0.04110,0.04188,0.04107,0.03713,0.03950,0.03747,0.09201,0.07427
0.03827,0.04444,0.04587,0.04135,0.04396,0.04377,0.04331,0.04546,0.04099,0.04296,0.05038,0.03800,0.04627,0.04620,0.08312,0.04220,0.03835,0.04358,0.09575,0.08574
0.03146,0.03395,0.04757,0.02605,0.02895,0.02859,0.03336,0.03569,0.03104,0.03219,0.04349,0.02933,0.03111,0.03066,0.04586,0.02562,0.02382,0.04142,0.32050,0.07933
0.03773,0.03796,0.04034,0.05363,0.04360,0.04533,0.05112,0.05022,0.05475,0.05525,0.04988,0.05568,0.04171,0.04001,0.04204,0.04660,0.05115,0.04290,0.07223,0.08787
0.04595,0.04716,0.06061,0.03931,0.04240,0.04215,0.04745,0.04924,0.04884,0.04746,0.05152,0.04634,0.04284,0.04414,0.05210,0.04738,0.04210,0.04966,0.09440,0.05896
0.03859,0.04359,0.03901,0.03572,0.03831,0.03812,0.04112,0.04180,0.04560,0.04533,0.05457,0.03731,0.04224,0.04321,0.06575,0.03067,0.03041,0.08262,0.10500,0.10104
0.04469,0.04458,0.04813,0.04025,0.03712,0.03835,0.04447,0.04470,0.04828,0.04787,0.04472,0.04747,0.04928,0.04970,0.05093,0.03818,0.03848,0.04596,0.07924,0.11761
0.04674,0.04746,0.05258,0.04143,0.04097,0.04083,0.04817,0.04638,0.04475,0.04531,0.05992,0.04315,0.03907,0.03958,0.05736,0.04303,0.03747,0.04624,0.09886,0.08071
0.03693,0.04025,0.05294,0.03908,0.04105,0.03830,0.03571,0.03462,0.03849,0.03854,0.04431,0.03239,0.04445,0.04397,0.16340,0.04519,0.03414,0.03547,0.08569,0.07508
0.03267,0.03497,0.03924,0.03133,0.03281,0.03204,0.03433,0.03594,0.03674,0.03662,0.05080,0.03262,0.03498,0.03575,0.05044,0.02790,0.02474,0.04360,0.24583,0.10663
0.06082,0.06290,0.04416,0.04237,0.04824,0.05012,0.04924,0.04886,0.05211,0.05127,0.04790,0.04378,0.05303,0.05271,0.05082,0.04239,0.04124,0.05000,0.04411,0.06392
0.05002,0.05557,0.04115,0.04019,0.04312,0.04125,0.04442,0.04560,0.04655,0.04666,0.04606,0.03583,0.04264,0.04193,0.05742,0.03943,0.03250,0.05061,0.09521,0.10383
0.04388,0.04996,0.04084,0.03550,0.03690,0.03637,0.04016,0.04297,0.03944,0.04024,0.05946,0.03093,0.04115,0.04167,0.06116,0.03207,0.02969,0.05045,0.11109,0.13605
0.04432,0.04428,0.05387,0.04209,0.04405,0.04391,0.04755,0.04643,0.05698,0.05568,0.05709,0.04291,0.04553,0.04622,0.05261,0.03954,0.04278,0.04929,0.07505,0.06981
0.03564,0.04212,0.03954,0.02487,0.03302,0.03264,0.03965,0.04110,0.03411,0.03392,0.03966,0.02764,0.02881,0.02914,0.04645,0.02517,0.02525,0.06087,0.29989,0.06050
0.04263,0.04603,0.03987,0.04526,0.03831,0.03973,0.04485,0.04677,0.04204,0.04310,0.07752,0.05153,0.05001,0.04927,0.05244,0.04578,0.03967,0.04496,0.07697,0.08325
0.03910,0.04258,0.05019,0.03446,0.04377,0.04183,0.04128,0.04079,0.04347,0.04272,0.04986,0.03540,0.03861,0.04046,0.06091,0.03486,0.02912,0.04537,0.16147,0.08376
0.05940,0.06476,0.04275,0.04325,0.04524,0.04653,0.04885,0.04969,0.04520,0.04599,0.04482,0.04339,0.04476,0.04568,0.04949,0.04550,0.03730,0.04835,0.09947,0.04958
0.03627,0.03949,0.03465,0.02605,0.03650,0.03637,0.03916,0.03954,0.02960,0.03080,0.03591,0.03348,0.03064,0.03126,0.03071,0.02956,0.03122,0.03775,0.35116,0.03987
0.03930,0.04452,0.04313,0.03203,0.03919,0.03690,0.03645,0.03805,0.04350,0.04265,0.05063,0.03152,0.03854,0.03809,0.07251,0.02874,0.02637,0.05462,0.15520,0.10805
0.03586,0.04077,0.04062,0.03235,0.03184,0.03160,0.03771,0.04011,0.03406,0.03478,0.05514,0.03276,0.03675,0.03712,0.04528,0.03078,0.02825,0.04633,0.27291,0.05499
0.04208,0.04711,0.05689,0.04575,0.03998,0.03913,0.04811,0.04980,0.04822,0.04775,0.05392,0.04256,0.04379,0.04364,0.05875,0.04396,0.04313,0.04099,0.08853,0.07590
0.03350,0.03689,0.04149,0.03335,0.03604,0.03522,0.03537,0.03685,0.03839,0.04030,0.05248,0.03033,0.05237,0.05208,0.07554,0.02984,0.02733,0.04430,0.10091,0.16740
0.04195,0.04450,0.04963,0.03745,0.04688,0.04639,0.04282,0.04257,0.04222,0.04130,0.05284,0.03543,0.04462,0.04561,0.11456,0.04102,0.03366,0.04920,0.07464,0.07270
0.04671,0.05644,0.03718,0.02990,0.04289,0.04149,0.03975,0.04002,0.04281,0.04263,0.04851,0.03049,0.03555,0.03464,0.06904,0.02929,0.02702,0.05819,0.13949,0.10796
0.03288,0.03945,0.03799,0.03931,0.04047,0.03986,0.03979,0.04054,0.04022,0.04020,0.05399,0.03621,0.03707,0.04002,0.05227,0.03947,0.03563,0.03947,0.18323,0.09195
0.04184,0.04209,0.04700,0.04158,0.03941,0.04018,0.04108,0.04143,0.04120,0.04186,0.09684,0.04224,0.04118,0.04017,0.05458,0.03805,0.03286,0.04852,0.12504,0.06285
0.03598,0.04439,0.03261,0.02982,0.03269,0.03154,0.03743,0.03998,0.03829,0.03776,0.05464,0.02612,0.03379,0.03361,0.05263,0.02297,0.02385,0.20489,0.11363,0.07337
0.04536,0.04898,0.05838,0.03655,0.04236,0.04114,0.04635,0.04732,0.04524,0.04391,0.07734,0.04430,0.04424,0.04526,0.05541,0.04219,0.03626,0.04738,0.09300,0.05903
0.03837,0.04205,0.04461,0.03199,0.05077,0.04769,0.03742,0.03744,0.04342,0.04442,0.05135,0.03146,0.03861,0.03910,0.06210,0.03217,0.02881,0.04314,0.16172,0.09335
0.03144,0.03675,0.04189,0.04075,0.03380,0.03334,0.04010,0.04052,0.03889,0.03921,0.04759,0.04081,0.03564,0.03705,0.05086,0.03381,0.02915,0.03619,0.08505,0.22716
0.04078,0.04342,0.05165,0.04439,0.04068,0.04130,0.04106,0.04014,0.04447,0.04585,0.06235,0.04158,0.05878,0.05880,0.07126,0.04656,0.03727,0.03835,0.07937,0.07192
0.03988,0.04331,0.05293,0.03839,0.04022,0.03820,0.04590,0.04651,0.04134,0.04145,0.04160,0.03736,0.03627,0.03830,0.05972,0.03600,0.02915,0.05160,0.17780,0.06408
0.03775,0.04146,0.04965,0.03093,0.04029,0.03825,0.04453,0.04530,0.03843,0.03928,0.04368,0.03174,0.03722,0.03882,0.04973,0.03234,0.02893,0.05809,0.17651,0.09709
0.03775,0.04113,0.04341,0.03837,0.04301,0.04098,0.04306,0.04228,0.04942,0.04849,0.05375,0.03719,0.04013,0.04059,0.05629,0.03316,0.03284,0.06820,0.09000,0.11995
0.03401,0.04168,0.04221,0.03532,0.04259,0.04009,0.03833,0.03923,0.04144,0.04143,0.03899,0.02885,0.04067,0.04175,0.14556,0.04023,0.03059,0.04703,0.09614,0.09384
0.03293,0.04028,0.04301,0.02762,0.03282,0.03308,0.03623,0.03738,0.03507,0.03609,0.04648,0.02859,0.03701,0.03591,0.07578,0.02643,0.02456,0.05508,0.18617,0.12946
0.04654,0.04473,0.05791,0.03418,0.03815,0.03727,0.03974,0.03812,0.04127,0.04169,0.05442,0.03766,0.06640,0.06645,0.06170,0.03398,0.03272,0.04567,0.11243,0.06899
0.03736,0.04281,0.03882,0.04112,0.04060,0.03938,0.04689,0.04704,0.04687,0.04541,0.03993,0.04455,0.03766,0.03760,0.04539,0.03516,0.03485,0.04574,0.16694,0.08589
0.02667,0.03130,0.03789,0.02840,0.02927,0.02964,0.03161,0.03287,0.03580,0.03684,0.04906,0.02714,0.03158,0.03249,0.04724,0.02325,0.02182,0.04683,0.17942,0.22087
0.04575,0.05215,0.04647,0.03190,0.04136,0.03944,0.04358,0.04457,0.03746,0.03927,0.05354,0.03173,0.03426,0.03488,0.05399,0.02996,0.03040,0.06088,0.15199,0.09644
0.04589,0.04673,0.05067,0.04347,0.03809,0.04031,0.04705,0.04687,0.05040,0.04902,0.04695,0.05766,0.04615,0.04759,0.04923,0.04234,0.03331,0.04510,0.10944,0.06374
0.05376,0.05528,0.05580,0.03818,0.04230,0.04133,0.04697,0.04622,0.04483,0.04340,0.05644,0.03998,0.04526,0.04582,0.05563,0.03708,0.03374,0.05559,0.09101,0.07137
0.04084,0.04292,0.03798,0.04347,0.05829,0.05599,0.05111,0.05349,0.05058,0.05127,0.04586,0.04493,0.04326,0.04379,0.05764,0.04182,0.04071,0.04463,0.09187,0.05954
0.03691,0.04063,0.03710,0.05154,0.04139,0.04179,0.03944,0.04022,0.04603,0.04578,0.07280,0.04332,0.04232,0.04290,0.05681,0.03632,0.03564,0.05902,0.08146,0.10857
0.04526,0.04707,0.04426,0.03143,0.06475,0.05792,0.04435,0.04370,0.04481,0.04591,0.05726,0.03189,0.04093,0.04232,0.07225,0.03239,0.03455,0.05077,0.10850,0.05967
0.04239,0.04167,0.04661,0.04098,0.04348,0.04421,0.04380,0.04231,0.04727,0.04781,0.04998,0.04641,0.07060,0.06915,0.05544,0.04526,0.05064,0.05122,0.04978,0.07099
0.03106,0.03560,0.05030,0.04286,0.03378,0.03377,0.03826,0.03798,0.03778,0.03808,0.04761,0.03785,0.04068,0.04070,0.06478,0.02903,0.02905,0.05089,0.07051,0.20945
0.04583,0.05408,0.04508,0.03976,0.03928,0.03915,0.04185,0.04193,0.04230,0.04285,0.05634,0.03836,0.04309,0.04248,0.07004,0.03289,0.03118,0.06654,0.08291,0.10406
0.04310,0.04394,0.04148,0.03252,0.03894,0.03836,0.04483,0.04522,0.04362,0.04271,0.05393,0.03507,0.04197,0.04225,0.05245,0.03055,0.03249,0.08846,0.13821,0.06988
0.04042,0.04253,0.05119,0.03569,0.04318,0.04337,0.04271,0.04405,0.04282,0.04260,0.05370,0.03984,0.05332,0.05532,0.06741,0.03857,0.03638,0.04965,0.09390,0.08334
0.04037,0.03810,0.05685,0.04286,0.03807,0.03761,0.04770,0.04618,0.04516,0.04319,0.05552,0.04958,0.04605,0.04712,0.05079,0.04583,0.03712,0.03224,0.11518,0.08449
0.04304,0.04582,0.04234,0.04879,0.04300,0.04473,0.05015,0.05555,0.04801,0.04647,0.05482,0.05271,0.03931,0.03953,0.04327,0.04405,0.04877,0.06376,0.08425,0.06162
0.04124,0.04425,0.03814,0.05111,0.04823,0.04943,0.04965,0.05324,0.04547,0.04570,0.05217,0.06312,0.04368,0.04424,0.03661,0.04050,0.04928,0.06003,0.05824,0.08565
0.03275,0.03676,0.04190,0.04045,0.03823,0.03863,0.04314,0.04419,0.04164,0.04237,0.03646,0.03901,0.04213,0.04268,0.05273,0.03700,0.03107,0.03671,0.09236,0.18979
0.04338,0.04606,0.06238,0.05371,0.04356,0.04520,0.05023,0.05102,0.04734,0.04834,0.04741,0.05973,0.04376,0.04757,0.04371,0.05628,0.04485,0.04019,0.06558,0.05968
0.03703,0.03706,0.05411,0.04898,0.04109,0.04014,0.04870,0.04900,0.04396,0.04429,0.05492,0.04734,0.04424,0.04399,0.05601,0.04239,0.03730,0.04731,0.09352,0.08862
