0.08846,0.13216,0.09200,0.07575,0.07052,0.03705,0.04852,0.06166,0.08132,0.06712,0.06876,0.05410,0.04409,0.03378,0.04471
0.09482,0.14964,0.09845,0.08874,0.07638,0.03787,0.05116,0.06312,0.08380,0.06761,0.04927,0.03983,0.03493,0.02735,0.03703
0.09040,0.13536,0.08998,0.08707,0.07483,0.04410,0.05613,0.06416,0.08788,0.06852,0.05534,0.04503,0.03738,0.02775,0.03607
0.09430,0.13500,0.09374,0.07951,0.08016,0.03690,0.05192,0.06665,0.08473,0.06750,0.05461,0.04615,0.03932,0.03138,0.03813
0.09609,0.17678,0.10041,0.08704,0.08112,0.03264,0.04598,0.05848,0.08701,0.08179,0.04172,0.03146,0.02891,0.02294,0.02765
0.08890,0.13311,0.09260,0.08015,0.07006,0.04292,0.05286,0.06247,0.08058,0.06586,0.06455,0.05255,0.04132,0.03118,0.04089
0.09549,0.14646,0.09781,0.08466,0.07450,0.04189,0.05239,0.06414,0.09000,0.07572,0.04482,0.03993,0.03089,0.02625,0.03506
0.08623,0.12652,0.09270,0.08527,0.07670,0.03771,0.05515,0.06345,0.08243,0.06461,0.06334,0.04838,0.04118,0.03392,0.04240
0.09667,0.14085,0.09437,0.08649,0.07899,0.03737,0.05477,0.06410,0.08771,0.07434,0.05008,0.03975,0.03317,0.02541,0.03591
0.08782,0.14355,0.09360,0.08211,0.07468,0.03767,0.04927,0.06435,0.08770,0.06738,0.05547,0.04653,0.04157,0.02805,0.04027
0.09782,0.15469,0.10018,0.08820,0.07961,0.03611,0.04952,0.06244,0.09175,0.06861,0.04401,0.03788,0.03333,0.02327,0.03259
0.09503,0.16035,0.09596,0.09017,0.07751,0.03491,0.04843,0.06312,0.09129,0.07586,0.04630,0.03600,0.02914,0.02288,0.03305
0.09665,0.17164,0.10437,0.08464,0.07723,0.03820,0.04683,0.06182,0.08790,0.07489,0.04116,0.03321,0.02950,0.02150,0.03046
0.09368,0.14815,0.09597,0.07889,0.07684,0.03504,0.04877,0.06020,0.08259,0.07024,0.05547,0.04562,0.04208,0.02806,0.03838
0.09643,0.13757,0.09736,0.08479,0.08114,0.03827,0.05271,0.06813,0.08472,0.06867,0.05086,0.04041,0.03602,0.02760,0.03532
0.09171,0.14047,0.09533,0.08286,0.07947,0.03771,0.04889,0.06672,0.08946,0.07440,0.05576,0.04203,0.03384,0.02701,0.03435
0.08339,0.13778,0.08787,0.08232,0.07170,0.03248,0.04618,0.06001,0.07804,0.06854,0.07065,0.05731,0.04417,0.03227,0.04729
0.08688,0.12606,0.08975,0.07902,0.07163,0.03724,0.05016,0.06247,0.08438,0.06634,0.06353,0.05508,0.04745,0.03339,0.04660
0.09282,0.13015,0.09321,0.08300,0.08274,0.04024,0.05209,0.06537,0.08898,0.06949,0.05395,0.04453,0.03762,0.02947,0.03633
0.09397,0.16225,0.10153,0.08814,0.07972,0.03623,0.04833,0.06623,0.09196,0.07609,0.04151,0.03616,0.02713,0.02251,0.02825
0.09695,0.17898,0.10457,0.08432,0.07420,0.03557,0.04294,0.05453,0.08546,0.08108,0.04277,0.03455,0.03041,0.02400,0.02966
0.08808,0.14245,0.09453,0.08354,0.07875,0.03598,0.05250,0.06569,0.08747,0.06948,0.05427,0.04486,0.03742,0.02763,0.03736
0.08816,0.14401,0.09114,0.08450,0.07109,0.03326,0.04998,0.06275,0.08340,0.06998,0.06069,0.04733,0.04230,0.02886,0.04255
0.09107,0.14536,0.08870,0.07972,0.07445,0.03478,0.04965,0.06251,0.08492,0.06945,0.05999,0.04740,0.04030,0.03020,0.04151
0.08585,0.12908,0.09127,0.07929,0.06923,0.03442,0.04364,0.05993,0.07848,0.06849,0.07301,0.05950,0.04642,0.03360,0.04780
0.09563,0.13496,0.09098,0.07918,0.07406,0.03548,0.05158,0.06639,0.08914,0.06436,0.05689,0.04997,0.03975,0.02842,0.04321
0.09913,0.13549,0.09802,0.08916,0.08183,0.04281,0.05741,0.06849,0.09292,0.07386,0.03958,0.03539,0.03134,0.02294,0.03163
0.09168,0.15253,0.09946,0.08291,0.07819,0.03639,0.05122,0.06433,0.08916,0.07710,0.04589,0.03963,0.03309,0.02432,0.03410
0.09481,0.14482,0.09253,0.08066,0.07047,0.03683,0.04755,0.06192,0.08248,0.06684,0.06329,0.04878,0.04023,0.02869,0.04012
0.09007,0.16046,0.10240,0.08433,0.07634,0.03722,0.04798,0.06154,0.08685,0.07733,0.04726,0.03907,0.03236,0.02426,0.03254
0.10056,0.16702,0.10159,0.08614,0.07875,0.03902,0.04847,0.06226,0.08407,0.07395,0.04094,0.03408,0.02825,0.02337,0.03153
0.09273,0.14972,0.09830,0.08358,0.07518,0.03439,0.04995,0.06226,0.09021,0.07716,0.04595,0.04084,0.03636,0.02753,0.03584
0.09107,0.14178,0.09280,0.08110,0.07469,0.03864,0.05044,0.06192,0.08405,0.07226,0.05933,0.04514,0.04081,0.02950,0.03646
0.09791,0.16784,0.09760,0.08420,0.08111,0.03713,0.04690,0.06304,0.08635,0.07833,0.04092,0.03535,0.03165,0.02176,0.02992
0.09149,0.15054,0.09446,0.08038,0.07277,0.03478,0.04724,0.06310,0.08782,0.07183,0.05838,0.04560,0.03718,0.02813,0.03631
0.09756,0.16626,0.10233,0.09018,0.07878,0.03793,0.04747,0.05944,0.09200,0.07649,0.04088,0.03339,0.02794,0.02179,0.02758
0.08734,0.13637,0.08803,0.07850,0.07589,0.03977,0.05021,0.05844,0.08130,0.06912,0.06490,0.05181,0.04029,0.03259,0.04544
0.08636,0.13048,0.09295,0.08327,0.07463,0.03580,0.04871,0.06515,0.08535,0.06654,0.06864,0.05135,0.03747,0.03159,0.04170
0.10004,0.13520,0.09779,0.08472,0.07460,0.03734,0.05648,0.06580,0.08402,0.06688,0.05456,0.04127,0.03775,0.02775,0.03579
0.09884,0.15660,0.09896,0.08309,0.07538,0.03872,0.05049,0.05798,0.08478,0.07020,0.04928,0.04159,0.03162,0.02639,0.03608
0.09725,0.14105,0.09627,0.08326,0.08305,0.04198,0.05148,0.06684,0.08601,0.06831,0.04790,0.03961,0.03210,0.02801,0.03687
0.08918,0.13074,0.09519,0.08207,0.06936,0.03728,0.05262,0.06890,0.08720,0.07068,0.05451,0.04884,0.03972,0.03248,0.04126
0.09020,0.14618,0.09230,0.08020,0.07141,0.03326,0.04707,0.06183,0.08294,0.06883,0.06489,0.04734,0.03942,0.03188,0.04224
0.09089,0.14561,0.09867,0.08736,0.07507,0.04103,0.04994,0.06867,0.08862,0.07112,0.04496,0.04168,0.03542,0.02646,0.03451
0.09634,0.15315,0.10315,0.08291,0.07433,0.03904,0.04997,0.06225,0.08686,0.07127,0.04864,0.03922,0.03397,0.02446,0.03445
0.09662,0.13807,0.09708,0.08268,0.07662,0.03756,0.05530,0.06569,0.08623,0.07298,0.05120,0.04186,0.03343,0.02703,0.03767
0.09285,0.13994,0.09185,0.08692,0.07574,0.04072,0.05441,0.07180,0.08682,0.07354,0.04681,0.04025,0.03497,0.02812,0.03525
0.08415,0.12863,0.08892,0.08015,0.07343,0.04135,0.04699,0.05970,0.08004,0.07329,0.06514,0.05279,0.04786,0.03459,0.04296
0.09273,0.14869,0.09427,0.08474,0.07787,0.03794,0.04937,0.06561,0.08160,0.07635,0.05246,0.04078,0.03436,0.02658,0.03665
0.08575,0.12835,0.09005,0.07910,0.07266,0.03569,0.04654,0.05513,0.07923,0.07068,0.07147,0.05387,0.04485,0.03526,0.05137
0.09032,0.12365,0.09212,0.07648,0.06839,0.04186,0.05160,0.06354,0.08306,0.06522,0.06606,0.05427,0.04399,0.03317,0.04627
0.09518,0.14936,0.09789,0.08185,0.07535,0.03972,0.05393,0.06632,0.08856,0.07205,0.04578,0.03905,0.03168,0.02542,0.03787
0.08928,0.13805,0.09335,0.08319,0.07581,0.03521,0.04849,0.06331,0.08340,0.07065,0.05619,0.04785,0.04427,0.02879,0.04217
0.09390,0.11738,0.09085,0.07731,0.07513,0.03798,0.05191,0.06874,0.08619,0.06813,0.06513,0.05116,0.04279,0.03199,0.04142
0.09386,0.14262,0.09369,0.08401,0.07166,0.03645,0.05111,0.06054,0.08611,0.06748,0.05593,0.04797,0.03805,0.02941,0.04113
0.08717,0.14202,0.09390,0.07966,0.07710,0.03846,0.05236,0.06313,0.08405,0.06823,0.05851,0.04621,0.04126,0.02844,0.03951
0.09746,0.15172,0.10002,0.08636,0.08035,0.03916,0.05201,0.06165,0.08933,0.07968,0.04125,0.03465,0.03075,0.02363,0.03198
0.08008,0.13353,0.08920,0.07618,0.06930,0.03682,0.04539,0.06180,0.08103,0.06956,0.07100,0.05167,0.04887,0.03426,0.05130
0.09248,0.15542,0.09625,0.08382,0.07572,0.03628,0.04781,0.05593,0.09084,0.07329,0.05192,0.04234,0.03740,0.02553,0.03495
0.08333,0.14268,0.09507,0.07946,0.07247,0.03359,0.04541,0.05724,0.08719,0.07439,0.07045,0.04691,0.04032,0.03015,0.04134
0.09571,0.15268,0.09777,0.08638,0.07404,0.03866,0.05043,0.06244,0.08735,0.07997,0.04533,0.03831,0.03156,0.02355,0.03581
0.09408,0.15919,0.09828,0.08012,0.07564,0.03098,0.04212,0.06013,0.08904,0.07058,0.05743,0.04367,0.03597,0.02699,0.03579
0.09454,0.16275,0.09715,0.09036,0.07872,0.03781,0.04846,0.06593,0.08935,0.07498,0.04295,0.03382,0.02865,0.02361,0.03091
0.08338,0.13019,0.09203,0.08180,0.07130,0.03617,0.05207,0.06221,0.08483,0.06842,0.06295,0.05499,0.04432,0.03120,0.04415
0.08803,0.12825,0.08553,0.08089,0.06980,0.03577,0.04829,0.06374,0.07864,0.06924,0.07051,0.05111,0.04651,0.03693,0.04674
0.09025,0.14926,0.09321,0.07800,0.07183,0.03426,0.04801,0.05958,0.08510,0.06824,0.05956,0.04517,0.04423,0.03073,0.04257
0.08926,0.14784,0.10090,0.08405,0.07814,0.04142,0.05259,0.06644,0.09255,0.07598,0.04632,0.03578,0.03292,0.02315,0.03267
0.09314,0.14376,0.08851,0.08042,0.06921,0.03671,0.04952,0.05926,0.08310,0.07131,0.06148,0.04927,0.04268,0.02998,0.04163
0.09456,0.13415,0.09170,0.07955,0.07760,0.03638,0.04803,0.06384,0.08255,0.06577,0.06216,0.04757,0.04176,0.03298,0.04142
0.09088,0.14711,0.09608,0.07927,0.07021,0.03381,0.04699,0.06227,0.08715,0.07219,0.05973,0.04603,0.03981,0.02883,0.03962
0.09325,0.14944,0.09127,0.08062,0.07017,0.03488,0.04501,0.05615,0.08064,0.07027,0.06441,0.04978,0.04216,0.02891,0.04304
0.09221,0.15561,0.09695,0.08587,0.07517,0.03598,0.05031,0.06783,0.08943,0.07237,0.04613,0.03597,0.03456,0.02536,0.03626
0.10761,0.14759,0.09981,0.09396,0.08061,0.03933,0.05382,0.07311,0.08926,0.06514,0.03752,0.03389,0.02756,0.02352,0.02728
0.09525,0.14351,0.09481,0.08002,0.07784,0.03847,0.04908,0.06480,0.08519,0.07134,0.05422,0.04318,0.03743,0.02840,0.03647
0.09081,0.15207,0.10112,0.08673,0.07938,0.03890,0.05407,0.06996,0.09145,0.07859,0.04119,0.03438,0.03156,0.02188,0.02790
0.09218,0.14762,0.09363,0.07832,0.07187,0.03484,0.04609,0.06285,0.08411,0.07038,0.06000,0.04949,0.03939,0.02890,0.04033
0.08911,0.13726,0.09368,0.08392,0.07250,0.03736,0.05244,0.06783,0.09034,0.06986,0.05191,0.04453,0.04162,0.02902,0.03862
0.09472,0.14634,0.09191,0.08000,0.07446,0.03971,0.05114,0.06792,0.08728,0.07398,0.05193,0.04336,0.03387,0.02640,0.03698
0.09702,0.16021,0.09986,0.08423,0.07586,0.03753,0.04694,0.05920,0.08466,0.06875,0.04948,0.04169,0.03367,0.02636,0.03454
0.08770,0.12889,0.08407,0.07824,0.06866,0.03474,0.04827,0.05972,0.08417,0.07097,0.07804,0.05452,0.04278,0.03383,0.04540
0.10244,0.15139,0.10655,0.08928,0.08028,0.03916,0.05547,0.06880,0.09078,0.07148,0.03843,0.03046,0.02737,0.02138,0.02673
0.09495,0.14897,0.10323,0.08376,0.07542,0.03665,0.05094,0.06492,0.09183,0.07366,0.04945,0.03682,0.03159,0.02534,0.03247
0.09691,0.15068,0.09633,0.08540,0.07488,0.03571,0.04778,0.06528,0.08850,0.07325,0.04654,0.03900,0.03475,0.02787,0.03712
0.08838,0.12732,0.08419,0.07840,0.07264,0.04192,0.04902,0.06683,0.08126,0.06149,0.06689,0.05419,0.04892,0.03324,0.04530
0.09552,0.13821,0.09516,0.08697,0.07577,0.03924,0.05434,0.06875,0.09195,0.07288,0.04542,0.04015,0.03548,0.02471,0.03545
0.08358,0.11779,0.08227,0.07719,0.06715,0.03784,0.05217,0.06052,0.07729,0.06467,0.07993,0.06252,0.05031,0.03826,0.04850
0.08661,0.14113,0.09381,0.07974,0.07213,0.03709,0.04925,0.06061,0.08616,0.06867,0.06285,0.04821,0.03966,0.03262,0.04147
0.09029,0.12876,0.08672,0.07712,0.06960,0.03580,0.05252,0.06439,0.08117,0.06764,0.06654,0.05541,0.04490,0.03222,0.04692
0.08989,0.13722,0.09496,0.08257,0.07685,0.03983,0.05374,0.06821,0.08463,0.06901,0.05126,0.04219,0.04104,0.02898,0.03962
0.09560,0.14859,0.09584,0.08609,0.07414,0.03633,0.04879,0.06610,0.08396,0.07476,0.05049,0.04080,0.03487,0.02788,0.03574
0.09704,0.14262,0.09910,0.08668,0.07796,0.03764,0.05129,0.06460,0.08731,0.07104,0.04915,0.04142,0.03283,0.02663,0.03468
0.09303,0.13175,0.09392,0.07877,0.07258,0.03813,0.05099,0.06204,0.08260,0.06743,0.06190,0.05047,0.04302,0.03223,0.04112
0.09244,0.14349,0.09410,0.08261,0.07544,0.03516,0.05352,0.06323,0.08514,0.07132,0.05500,0.04446,0.03948,0.02770,0.03692
0.09254,0.14845,0.09022,0.08195,0.07261,0.03454,0.04558,0.05918,0.08104,0.06677,0.06444,0.04941,0.04114,0.03006,0.04208
0.09214,0.14174,0.09531,0.08404,0.07728,0.03691,0.04789,0.06330,0.08912,0.06869,0.05438,0.04297,0.04026,0.02665,0.03933
0.08938,0.14957,0.09042,0.08079,0.07163,0.03333,0.04353,0.06139,0.08502,0.06951,0.06325,0.04853,0.03967,0.03073,0.04325
0.09034,0.13267,0.08892,0.08093,0.06733,0.03747,0.05113,0.05537,0.07885,0.07307,0.06781,0.05165,0.04523,0.03304,0.04618
0.09234,0.14917,0.09811,0.07958,0.07467,0.03346,0.04854,0.06152,0.08877,0.06616,0.05270,0.04841,0.03794,0.02885,0.03976
0.09635,0.15039,0.10008,0.08269,0.08088,0.03964,0.04726,0.06448,0.08902,0.06860,0.04707,0.03836,0.03537,0.02621,0.03361
0.09153,0.13085,0.09100,0.08664,0.06955,0.03884,0.04663,0.06109,0.07981,0.06347,0.06736,0.05026,0.04576,0.03220,0.04502
0.09385,0.14095,0.10057,0.08437,0.07573,0.03892,0.05325,0.06510,0.08744,0.06959,0.05064,0.04212,0.03464,0.02827,0.03456
0.09221,0.15868,0.10058,0.07947,0.07682,0.03715,0.04780,0.06144,0.08425,0.07583,0.04997,0.04108,0.03455,0.02565,0.03452
0.10048,0.14292,0.10143,0.08407,0.07764,0.03714,0.05430,0.06863,0.08793,0.07032,0.04235,0.03786,0.03268,0.02573,0.03650
0.09664,0.15208,0.09951,0.08607,0.07486,0.03954,0.04819,0.06484,0.08740,0.07035,0.04743,0.04101,0.03187,0.02586,0.03434
0.10285,0.15197,0.09770,0.08374,0.07480,0.03476,0.04354,0.06280,0.08414,0.07334,0.05318,0.03909,0.03565,0.02665,0.03578
0.09475,0.14840,0.09412,0.08360,0.07917,0.03599,0.04925,0.06476,0.08806,0.07376,0.04948,0.04039,0.03480,0.02660,0.03688
0.10323,0.13839,0.09419,0.08349,0.07762,0.03579,0.05400,0.06591,0.08597,0.06422,0.05224,0.04255,0.03928,0.02675,0.03636
0.09713,0.16212,0.10336,0.08595,0.07491,0.03592,0.05047,0.06163,0.08921,0.07549,0.04145,0.03703,0.03074,0.02109,0.03350
0.09342,0.14140,0.09459,0.08414,0.07541,0.03689,0.05206,0.06473,0.08674,0.07220,0.05536,0.03973,0.03691,0.02879,0.03762
0.09295,0.14643,0.09432,0.07998,0.07542,0.03671,0.05122,0.06274,0.09005,0.06965,0.05512,0.04281,0.03731,0.02633,0.03896
0.08425,0.13128,0.08951,0.07571,0.06795,0.03547,0.04566,0.05689,0.08083,0.06519,0.08011,0.05891,0.04816,0.03386,0.04622
0.08772,0.12759,0.09288,0.08959,0.07526,0.03822,0.05034,0.06473,0.08833,0.07027,0.05685,0.04485,0.03965,0.03042,0.04328
0.08660,0.14849,0.09430,0.08078,0.07412,0.03406,0.04649,0.06249,0.08535,0.07566,0.06094,0.04663,0.03989,0.02541,0.03877
0.09263,0.16396,0.10201,0.08047,0.07883,0.03520,0.04806,0.06095,0.09041,0.07739,0.04721,0.03608,0.03065,0.02333,0.03281
0.09365,0.12495,0.09016,0.07973,0.06920,0.03333,0.05085,0.06507,0.08597,0.06460,0.06725,0.05171,0.04495,0.03247,0.04613
0.09174,0.12585,0.09184,0.08102,0.07347,0.03785,0.05018,0.07311,0.09062,0.06949,0.05365,0.05010,0.03812,0.03127,0.04169
0.09238,0.13323,0.09662,0.08517,0.07817,0.03785,0.05237,0.06402,0.08295,0.07175,0.05562,0.04342,0.03804,0.02960,0.03882
0.09402,0.15074,0.10036,0.08667,0.07756,0.03895,0.05182,0.06561,0.08858,0.07453,0.04345,0.03847,0.03296,0.02317,0.03313
0.10010,0.16169,0.09889,0.07752,0.07518,0.03650,0.04809,0.06239,0.08530,0.07387,0.04770,0.04145,0.03120,0.02502,0.03508
0.09471,0.15713,0.09864,0.08403,0.07459,0.03588,0.05222,0.06174,0.08656,0.07268,0.04619,0.04223,0.03438,0.02443,0.03459
0.09009,0.12978,0.08724,0.08938,0.07888,0.04611,0.05778,0.06782,0.08203,0.07599,0.04990,0.04312,0.03925,0.02574,0.03689
0.08259,0.13055,0.08272,0.07533,0.06740,0.03095,0.04720,0.05864,0.07209,0.06278,0.08253,0.06508,0.05321,0.03552,0.05342
0.08480,0.12479,0.08931,0.08213,0.06929,0.03844,0.05018,0.06168,0.08159,0.06329,0.07212,0.05401,0.04673,0.03154,0.05009
0.09459,0.14636,0.09626,0.08056,0.07384,0.03639,0.05703,0.06086,0.08465,0.06837,0.05213,0.04540,0.03632,0.02977,0.03748
0.08679,0.12802,0.09162,0.08158,0.07225,0.03739,0.05417,0.06263,0.08064,0.07002,0.06231,0.05311,0.04073,0.03263,0.04612
0.09456,0.14255,0.09509,0.08463,0.07643,0.03586,0.04965,0.06212,0.08414,0.07050,0.05450,0.04500,0.04003,0.02719,0.03776
0.08644,0.12132,0.08782,0.08111,0.07324,0.03892,0.05098,0.06139,0.07997,0.06868,0.06771,0.05070,0.04921,0.03516,0.04736
0.09234,0.13404,0.08777,0.08453,0.07763,0.03831,0.04869,0.06203,0.08346,0.06851,0.05906,0.04785,0.04213,0.03088,0.04277
0.08669,0.13238,0.09051,0.07973,0.07244,0.03679,0.05351,0.06134,0.08127,0.06997,0.06056,0.05340,0.04148,0.03497,0.04497
0.09399,0.14792,0.09559,0.08804,0.07785,0.03870,0.05179,0.06547,0.08818,0.07537,0.04653,0.03933,0.03136,0.02591,0.03397
0.08823,0.12929,0.08740,0.07713,0.06898,0.03897,0.04636,0.06253,0.08043,0.07069,0.06600,0.05430,0.04897,0.03407,0.04664
0.10093,0.15418,0.10481,0.08694,0.07597,0.04043,0.05173,0.06826,0.09061,0.07434,0.03794,0.03442,0.02756,0.02326,0.02863
0.09315,0.15033,0.09514,0.07978,0.07225,0.03602,0.05087,0.06231,0.08545,0.06944,0.05877,0.04182,0.04025,0.02645,0.03795
0.09966,0.15504,0.09627,0.08447,0.07719,0.03541,0.04773,0.05984,0.08573,0.06676,0.05135,0.04277,0.03565,0.02500,0.03712
0.08791,0.11660,0.09529,0.08063,0.07345,0.04483,0.05748,0.06777,0.08430,0.06697,0.05842,0.04828,0.04135,0.03358,0.04313
0.09851,0.15779,0.10077,0.08589,0.07473,0.03684,0.04928,0.06329,0.09368,0.07205,0.04576,0.03273,0.03188,0.02415,0.03264
0.09237,0.13603,0.09084,0.08238,0.07994,0.03936,0.04864,0.06704,0.08447,0.06679,0.05912,0.04576,0.03827,0.03029,0.03871
0.09799,0.14691,0.09642,0.08842,0.07480,0.04135,0.05160,0.06842,0.08911,0.07306,0.04367,0.03921,0.03279,0.02468,0.03157
0.09031,0.14101,0.09605,0.08065,0.07633,0.03581,0.05340,0.05819,0.08273,0.07025,0.05729,0.04738,0.04143,0.02967,0.03949
0.08721,0.15448,0.10105,0.08745,0.07660,0.03934,0.04949,0.06479,0.08845,0.07787,0.04721,0.03755,0.03328,0.02354,0.03168
0.09228,0.14499,0.09429,0.08395,0.06921,0.03646,0.04618,0.06173,0.08557,0.06781,0.05690,0.04584,0.04296,0.03053,0.04128
0.08437,0.12562,0.08583,0.07627,0.07083,0.03590,0.04763,0.05964,0.07871,0.06592,0.07584,0.05972,0.04953,0.03418,0.05000
0.08802,0.14224,0.09320,0.08128,0.07251,0.03644,0.04555,0.06297,0.08548,0.07425,0.06068,0.04741,0.03914,0.03045,0.04037
0.09169,0.13769,0.09021,0.08318,0.07059,0.03882,0.05318,0.06228,0.08223,0.07143,0.06070,0.04620,0.03972,0.03125,0.04084
0.08848,0.15868,0.09703,0.07847,0.07549,0.03549,0.04702,0.06149,0.08783,0.08023,0.05085,0.04112,0.03489,0.02649,0.03647
0.09281,0.13879,0.09202,0.08117,0.07449,0.03325,0.04969,0.05864,0.08271,0.06486,0.06535,0.04857,0.04197,0.03117,0.04452
0.09658,0.14762,0.09384,0.08325,0.07843,0.04253,0.05125,0.06506,0.08837,0.06874,0.04961,0.03795,0.03404,0.02634,0.03638
0.08728,0.12999,0.09449,0.08107,0.06831,0.03988,0.05004,0.06290,0.08203,0.06666,0.06197,0.05110,0.04788,0.03176,0.04463
0.09196,0.14806,0.09788,0.08244,0.07731,0.03553,0.05003,0.06438,0.08846,0.06907,0.05369,0.04253,0.03636,0.02588,0.03642
0.09083,0.14039,0.09635,0.08027,0.07189,0.03532,0.05042,0.05981,0.07974,0.07069,0.06006,0.04982,0.04018,0.03222,0.04199
0.09044,0.13448,0.09138,0.08290,0.07411,0.03794,0.04543,0.05846,0.07814,0.06552,0.06935,0.05038,0.04589,0.03276,0.04283
0.08986,0.12803,0.09153,0.07859,0.07982,0.03938,0.05387,0.06530,0.08206,0.06933,0.05828,0.04814,0.04245,0.03090,0.04247
0.09882,0.14259,0.09218,0.09014,0.07769,0.03803,0.05085,0.06537,0.08692,0.06718,0.04944,0.04093,0.03812,0.02662,0.03513
0.08785,0.13309,0.09525,0.07974,0.07749,0.03719,0.05213,0.06240,0.08387,0.07166,0.05888,0.04553,0.04303,0.03101,0.04089
0.09999,0.15559,0.09858,0.08624,0.07975,0.04008,0.05001,0.07205,0.09649,0.07894,0.03650,0.02980,0.02793,0.02039,0.02765
0.09836,0.15407,0.09738,0.08222,0.07743,0.03644,0.04825,0.06452,0.09198,0.07483,0.04676,0.03820,0.03172,0.02395,0.03389
0.09265,0.15579,0.09816,0.08656,0.07593,0.03752,0.04889,0.05965,0.08430,0.08108,0.04807,0.03847,0.03390,0.02451,0.03453
0.09238,0.13775,0.09313,0.08029,0.07447,0.03750,0.05227,0.06264,0.08404,0.06856,0.05782,0.04742,0.03981,0.03088,0.04104
0.09501,0.14749,0.09537,0.08293,0.07568,0.03713,0.04917,0.06280,0.08626,0.07755,0.05155,0.04493,0.03367,0.02664,0.03381
0.09415,0.15462,0.09302,0.08108,0.07461,0.03609,0.04548,0.05703,0.08533,0.07604,0.05518,0.04532,0.03703,0.02779,0.03724
0.09535,0.15591,0.09836,0.08434,0.07846,0.03710,0.04594,0.05774,0.08764,0.07492,0.04852,0.04065,0.03375,0.02565,0.03568
0.09627,0.15566,0.10117,0.08709,0.07749,0.04083,0.05257,0.06622,0.09353,0.07233,0.03903,0.03472,0.03014,0.02199,0.03097
0.08506,0.13641,0.09639,0.08340,0.07850,0.04014,0.05604,0.07122,0.09041,0.07556,0.04791,0.03979,0.03529,0.02686,0.03702
0.09912,0.14895,0.09352,0.09424,0.08230,0.03789,0.05741,0.07021,0.09185,0.07353,0.03827,0.03269,0.02850,0.02303,0.02851
0.09945,0.16476,0.10276,0.08828,0.08610,0.03890,0.05209,0.06301,0.09407,0.08030,0.03455,0.02673,0.02502,0.01819,0.02580
0.08928,0.13704,0.09252,0.07958,0.07560,0.03497,0.05244,0.06320,0.08739,0.06534,0.06223,0.04733,0.04026,0.02820,0.04460
0.09707,0.14886,0.09614,0.08538,0.07567,0.03582,0.04845,0.06390,0.08731,0.07209,0.05220,0.03948,0.03520,0.02747,0.03496
0.10614,0.16031,0.10432,0.09044,0.07517,0.03613,0.04859,0.06335,0.09140,0.08026,0.03701,0.03199,0.02721,0.02203,0.02565
0.08905,0.15023,0.09225,0.07662,0.06845,0.03534,0.04666,0.05772,0.08246,0.06727,0.06624,0.05053,0.04107,0.03146,0.04465
0.08927,0.13865,0.08922,0.08675,0.07248,0.03519,0.04880,0.06276,0.08415,0.07118,0.06026,0.04700,0.04001,0.03028,0.04402
0.09635,0.14723,0.09427,0.08657,0.07594,0.03927,0.04543,0.06533,0.08523,0.07519,0.05167,0.04124,0.03460,0.02575,0.03594
0.08318,0.12005,0.08641,0.07966,0.06800,0.03615,0.04384,0.05848,0.07507,0.05971,0.08220,0.05860,0.05444,0.03786,0.05634
0.09768,0.15765,0.10298,0.09010,0.07767,0.03583,0.04887,0.06336,0.09040,0.07554,0.04215,0.03306,0.03144,0.02310,0.03018
0.08887,0.14261,0.09691,0.08424,0.07067,0.03472,0.04767,0.06256,0.08527,0.07301,0.05784,0.05020,0.03696,0.02783,0.04063
0.08679,0.14587,0.09420,0.07863,0.07294,0.03807,0.04986,0.06371,0.08220,0.07190,0.05363,0.04982,0.04195,0.03072,0.03970
0.09098,0.14236,0.09617,0.08474,0.07623,0.04048,0.04856,0.06493,0.08545,0.07046,0.05463,0.04361,0.03500,0.02870,0.03770
0.08845,0.11510,0.08632,0.07638,0.06941,0.04043,0.05163,0.05995,0.07905,0.06660,0.07060,0.05725,0.04796,0.03949,0.05138
0.09156,0.12924,0.08719,0.07875,0.07582,0.03959,0.04925,0.06240,0.08312,0.06647,0.06024,0.05272,0.04321,0.03324,0.04720
0.08506,0.13877,0.08526,0.07396,0.06967,0.03480,0.04679,0.05768,0.07823,0.06279,0.07684,0.05622,0.04830,0.03525,0.05037
0.09465,0.15063,0.09705,0.08451,0.07747,0.03952,0.04932,0.06414,0.08506,0.07140,0.04751,0.04283,0.03298,0.02668,0.03624
0.08657,0.12881,0.08706,0.07601,0.07186,0.03584,0.04496,0.05993,0.07966,0.05842,0.07402,0.06491,0.04913,0.03535,0.04748
0.09584,0.14961,0.09940,0.08572,0.07914,0.03781,0.05307,0.06728,0.09335,0.07422,0.04280,0.03442,0.03200,0.02349,0.03184
0.08982,0.15722,0.09446,0.07885,0.07404,0.03055,0.04292,0.05646,0.08525,0.06922,0.06121,0.04852,0.04192,0.03079,0.03878
0.09282,0.14883,0.09482,0.08659,0.07425,0.03865,0.05177,0.06306,0.08588,0.07417,0.05005,0.03726,0.03693,0.02834,0.03658
0.09285,0.16546,0.10071,0.08261,0.07879,0.03364,0.04550,0.06031,0.08966,0.07603,0.04802,0.03702,0.03402,0.02465,0.03073
0.09316,0.14232,0.09671,0.08215,0.07830,0.04089,0.05479,0.06142,0.08766,0.07137,0.04832,0.04408,0.03613,0.02665,0.03603
0.09476,0.14043,0.09659,0.08598,0.07190,0.03846,0.04952,0.06169,0.08738,0.07297,0.05295,0.04504,0.03611,0.02706,0.03916
0.09527,0.12955,0.09425,0.08419,0.07812,0.03582,0.05031,0.07174,0.09310,0.07065,0.05109,0.04354,0.03671,0.02680,0.03886
0.09443,0.16372,0.10229,0.08485,0.07380,0.03665,0.04661,0.06323,0.08933,0.07176,0.04594,0.03833,0.03070,0.02597,0.03239
0.09503,0.15706,0.09604,0.08583,0.07568,0.03690,0.04967,0.06493,0.09168,0.07460,0.04698,0.03555,0.03105,0.02496,0.03403
0.09722,0.14963,0.09568,0.08815,0.07497,0.03889,0.05319,0.06208,0.08557,0.06834,0.04925,0.04218,0.03260,0.02708,0.03516
0.09536,0.14090,0.09225,0.08066,0.07276,0.04087,0.05366,0.06281,0.08719,0.07120,0.05539,0.04304,0.03680,0.02980,0.03732
0.09419,0.14386,0.09671,0.08474,0.08031,0.03600,0.05075,0.06847,0.08668,0.07468,0.04968,0.03757,0.03405,0.02744,0.03487
0.09314,0.14725,0.10040,0.08351,0.07987,0.03894,0.05014,0.06524,0.08750,0.07135,0.04516,0.03923,0.03714,0.02452,0.03661
0.09214,0.13278,0.09174,0.08170,0.07571,0.03944,0.05123,0.06291,0.08362,0.07347,0.05796,0.04513,0.04107,0.02991,0.04118
0.09223,0.12550,0.09065,0.07722,0.07305,0.03699,0.05102,0.06376,0.08078,0.06630,0.06830,0.05172,0.04492,0.03507,0.04249
0.09114,0.14385,0.09412,0.08724,0.07342,0.03859,0.05109,0.06416,0.08592,0.07068,0.05244,0.04291,0.03713,0.02945,0.03786
0.08114,0.11830,0.08481,0.07383,0.06788,0.03336,0.04786,0.05971,0.07835,0.06340,0.08256,0.06137,0.05506,0.03846,0.05391
0.08768,0.13626,0.08662,0.08227,0.07094,0.03774,0.04704,0.06256,0.08133,0.06647,0.06593,0.05221,0.04423,0.03256,0.04614
0.10148,0.18024,0.10384,0.07801,0.07290,0.03453,0.04732,0.05922,0.08729,0.07240,0.04139,0.03687,0.02867,0.02290,0.03296
0.08809,0.13955,0.09182,0.07647,0.07282,0.03760,0.04923,0.06333,0.08579,0.06977,0.06328,0.04854,0.04060,0.02997,0.04315
0.09572,0.14016,0.08972,0.07820,0.07389,0.03352,0.04641,0.06365,0.08016,0.06947,0.06640,0.04994,0.04125,0.03010,0.04142
0.09366,0.14286,0.09509,0.08303,0.07514,0.04057,0.05552,0.06528,0.09059,0.07523,0.04500,0.04227,0.03353,0.02558,0.03665
0.09321,0.13979,0.09225,0.08224,0.07350,0.03757,0.05065,0.06161,0.08218,0.07070,0.05483,0.04585,0.04355,0.03055,0.04153
0.08583,0.13650,0.09354,0.07913,0.07181,0.03573,0.04749,0.06277,0.08534,0.07302,0.06273,0.05073,0.04301,0.03051,0.04187
0.09501,0.13220,0.09416,0.07982,0.08620,0.04144,0.05026,0.06313,0.08067,0.06730,0.05576,0.04654,0.03847,0.03028,0.03876
0.09269,0.13993,0.09264,0.07822,0.07188,0.03655,0.05066,0.06378,0.08505,0.07261,0.05716,0.04707,0.04221,0.02841,0.04115
0.09359,0.15030,0.10553,0.08923,0.07842,0.03847,0.05228,0.06350,0.09773,0.07958,0.03714,0.03075,0.02931,0.02345,0.03071
0.09532,0.14157,0.09413,0.08510,0.07365,0.03491,0.05178,0.06721,0.08476,0.07149,0.05033,0.04351,0.03876,0.02830,0.03917
0.08898,0.13789,0.09018,0.07935,0.07184,0.03773,0.05116,0.06064,0.08406,0.07161,0.06164,0.04901,0.04221,0.03077,0.04293
0.09038,0.13371,0.09368,0.08335,0.07524,0.04184,0.05421,0.06486,0.08763,0.07011,0.05513,0.04601,0.03684,0.02785,0.03918
0.08459,0.12590,0.08924,0.08204,0.07110,0.03738,0.04986,0.06396,0.08346,0.06298,0.06472,0.05940,0.04643,0.03260,0.04634
0.09136,0.14223,0.09455,0.08145,0.07362,0.03573,0.05001,0.05687,0.08385,0.06619,0.06137,0.04845,0.04121,0.03204,0.04107
0.09045,0.14379,0.09755,0.08385,0.07493,0.03596,0.05227,0.06241,0.08508,0.07601,0.05107,0.04405,0.03702,0.02707,0.03849
0.09815,0.14789,0.09597,0.08081,0.07454,0.03606,0.05162,0.06327,0.08856,0.07272,0.04980,0.03917,0.03710,0.02810,0.03625
0.08575,0.12871,0.08849,0.07996,0.07728,0.04072,0.05137,0.06199,0.07928,0.06261,0.06557,0.05328,0.04514,0.03467,0.04519
0.09380,0.11475,0.09528,0.08390,0.07378,0.03988,0.05448,0.06439,0.08191,0.06596,0.06396,0.04882,0.04449,0.03329,0.04129
0.09145,0.12425,0.09374,0.08459,0.06854,0.04201,0.05148,0.06711,0.08329,0.06744,0.05769,0.05051,0.04320,0.03222,0.04247
0.09087,0.17033,0.10457,0.09015,0.07658,0.03493,0.04496,0.06041,0.08575,0.08649,0.04213,0.03387,0.02850,0.02229,0.02818
0.09216,0.12453,0.09592,0.08547,0.07887,0.04245,0.05282,0.07054,0.08416,0.07220,0.05194,0.04186,0.03898,0.02899,0.03910
0.09363,0.14299,0.09553,0.08131,0.07504,0.03555,0.04745,0.06086,0.08742,0.06652,0.06061,0.04781,0.03770,0.02833,0.03924
0.09381,0.15033,0.09912,0.08785,0.07280,0.03747,0.05495,0.06344,0.08934,0.07660,0.04741,0.03792,0.03224,0.02344,0.03329
0.08965,0.12048,0.08981,0.07656,0.07022,0.04048,0.05097,0.06934,0.07980,0.06659,0.06455,0.05299,0.04819,0.03424,0.04613
0.09101,0.13421,0.08989,0.07605,0.07397,0.03831,0.05070,0.06110,0.08514,0.07181,0.06177,0.05016,0.04215,0.03074,0.04300
0.09150,0.15371,0.10054,0.08211,0.07309,0.03741,0.04717,0.06277,0.08528,0.07265,0.05248,0.04309,0.03681,0.02641,0.03496
0.09606,0.15005,0.09589,0.08454,0.07716,0.03527,0.05006,0.06283,0.08688,0.07148,0.04988,0.04063,0.03357,0.02669,0.03901
0.08994,0.13970,0.09077,0.08193,0.06730,0.03426,0.04886,0.05984,0.08168,0.07099,0.06574,0.05391,0.04374,0.03039,0.04096
0.08533,0.14051,0.10088,0.08303,0.07690,0.03978,0.05381,0.06699,0.08827,0.07338,0.05170,0.04102,0.03470,0.02785,0.03586
0.09266,0.14153,0.09165,0.08461,0.07823,0.03824,0.05019,0.06379,0.08752,0.07254,0.05347,0.04228,0.03880,0.02764,0.03684
0.09137,0.14719,0.09371,0.07909,0.07470,0.03503,0.04395,0.05804,0.08676,0.07191,0.06189,0.04905,0.03838,0.02966,0.03927
0.08912,0.13661,0.09407,0.07828,0.07464,0.03509,0.04739,0.06137,0.08399,0.06760,0.06617,0.04954,0.04183,0.03128,0.04305
0.09082,0.13756,0.09402,0.08115,0.06996,0.03686,0.04898,0.06321,0.08695,0.07247,0.05862,0.04812,0.03975,0.03032,0.04119
0.09189,0.12628,0.09015,0.08741,0.07593,0.03957,0.05075,0.06500,0.08940,0.07218,0.05550,0.04490,0.04252,0.02832,0.04021
0.09957,0.13337,0.09412,0.09190,0.07948,0.03965,0.05558,0.06691,0.08525,0.07735,0.04484,0.03737,0.03327,0.02843,0.03289
0.08960,0.14752,0.09401,0.08145,0.07375,0.03702,0.05185,0.06191,0.08663,0.07335,0.05579,0.04348,0.03760,0.02784,0.03820
0.08837,0.12836,0.08701,0.07843,0.07096,0.03592,0.04892,0.06111,0.07921,0.06386,0.06782,0.05387,0.04707,0.03769,0.05140
0.09090,0.15843,0.09589,0.08089,0.07769,0.03546,0.04564,0.06356,0.09044,0.07358,0.05168,0.04160,0.03219,0.02763,0.03440
0.09201,0.15444,0.09978,0.08431,0.07992,0.03595,0.04599,0.06549,0.09039,0.07080,0.04994,0.03800,0.03502,0.02422,0.03374
0.09019,0.13973,0.09123,0.08212,0.07269,0.03884,0.04918,0.06690,0.08210,0.07041,0.05803,0.04827,0.03929,0.02944,0.04158
0.10096,0.14824,0.10006,0.08824,0.08025,0.03891,0.05228,0.06538,0.08991,0.07208,0.04352,0.03610,0.03085,0.02384,0.02938
0.09498,0.15260,0.09800,0.07764,0.07982,0.03747,0.05151,0.06639,0.09461,0.07825,0.04316,0.03810,0.03359,0.02211,0.03179
0.09187,0.12092,0.09323,0.07770,0.07199,0.04091,0.05232,0.06601,0.08236,0.07245,0.06090,0.05145,0.04311,0.03047,0.04428
0.09711,0.14417,0.09665,0.08497,0.07251,0.04203,0.05328,0.06245,0.08890,0.06894,0.05165,0.04020,0.03690,0.02687,0.03336
0.09079,0.14895,0.10049,0.08405,0.07019,0.03718,0.04913,0.06639,0.08874,0.07335,0.04994,0.04354,0.03645,0.02610,0.03472
0.08643,0.12665,0.08636,0.07704,0.07198,0.03894,0.04989,0.06098,0.08104,0.06772,0.06927,0.05603,0.04794,0.03362,0.04611
0.09145,0.13534,0.09194,0.07590,0.07313,0.03821,0.04873,0.05828,0.07903,0.06779,0.06726,0.05045,0.04618,0.03074,0.04557
0.09483,0.14889,0.09643,0.08612,0.07268,0.03841,0.05003,0.06268,0.08717,0.07039,0.05332,0.04395,0.03170,0.02662,0.03678
0.09181,0.14953,0.09549,0.08358,0.07400,0.03596,0.04879,0.06142,0.08432,0.07201,0.05629,0.04714,0.03566,0.02835,0.03565
0.09432,0.16031,0.10094,0.08749,0.07772,0.03733,0.04794,0.06418,0.09158,0.07903,0.04362,0.03517,0.02770,0.02215,0.03052
0.09387,0.14423,0.09782,0.09442,0.07736,0.03885,0.05666,0.06739,0.08996,0.07627,0.03911,0.03596,0.02964,0.02654,0.03193
0.09033,0.14554,0.09403,0.08398,0.07496,0.03593,0.04882,0.06175,0.08646,0.06426,0.05936,0.04502,0.04080,0.02955,0.03921
0.08939,0.14575,0.09321,0.08390,0.07550,0.03687,0.05048,0.06843,0.09126,0.07104,0.05243,0.04441,0.03442,0.02731,0.03560
0.09884,0.15579,0.10080,0.08148,0.07720,0.03650,0.04855,0.05884,0.08304,0.07260,0.04690,0.04235,0.03381,0.02743,0.03588
0.08253,0.12562,0.08767,0.07434,0.06736,0.03619,0.05031,0.05912,0.07942,0.06426,0.07744,0.05917,0.04809,0.03602,0.05248
0.09154,0.14058,0.09391,0.08464,0.07282,0.03704,0.04995,0.06292,0.08818,0.07228,0.05456,0.04760,0.03950,0.02884,0.03564
0.09098,0.13629,0.09030,0.07467,0.06749,0.03743,0.04912,0.05248,0.07980,0.06248,0.07310,0.05504,0.04718,0.03590,0.04775
0.09439,0.15965,0.10319,0.08384,0.07520,0.03499,0.04796,0.06630,0.08803,0.07740,0.04716,0.03869,0.03022,0.02241,0.03056
0.08951,0.14962,0.09746,0.08451,0.07676,0.03458,0.05380,0.06331,0.08618,0.07295,0.05179,0.04238,0.03618,0.02578,0.03519
0.09154,0.15465,0.09811,0.08587,0.07942,0.03483,0.04613,0.06446,0.08668,0.08004,0.04665,0.03938,0.03299,0.02506,0.03419
0.09496,0.16833,0.10549,0.08849,0.07840,0.03423,0.04882,0.06037,0.08979,0.07111,0.04437,0.03512,0.02882,0.02308,0.02863
0.09335,0.13342,0.09307,0.08421,0.07422,0.04019,0.05232,0.06444,0.08141,0.07197,0.05583,0.04525,0.03767,0.03057,0.04210
0.09715,0.14637,0.09458,0.08827,0.07548,0.03497,0.05107,0.06271,0.08504,0.07213,0.05086,0.04466,0.03629,0.02620,0.03423
0.09029,0.12787,0.08813,0.07753,0.07543,0.03322,0.04881,0.06427,0.08355,0.06752,0.06904,0.05148,0.04874,0.03191,0.04223
0.09205,0.14495,0.09271,0.08212,0.07392,0.03644,0.05205,0.06365,0.08490,0.07667,0.05408,0.04496,0.03527,0.02704,0.03919
0.09323,0.14519,0.09422,0.08215,0.07938,0.03967,0.04931,0.06365,0.08430,0.06958,0.05572,0.04125,0.03725,0.02861,0.03651
0.08784,0.13382,0.08606,0.07927,0.07246,0.03630,0.04935,0.06028,0.07862,0.06737,0.06875,0.05384,0.04379,0.03434,0.04792
0.10056,0.16475,0.09915,0.08684,0.08068,0.03696,0.04852,0.06187,0.08948,0.07844,0.03995,0.03284,0.02784,0.02277,0.02934
0.08659,0.14375,0.09611,0.08340,0.07410,0.03512,0.04692,0.06239,0.08647,0.06978,0.05981,0.04552,0.03953,0.02847,0.04202
0.09117,0.13815,0.09637,0.08680,0.07940,0.04067,0.05065,0.06507,0.08320,0.06754,0.05470,0.04367,0.03537,0.02743,0.03982
0.08757,0.12931,0.08845,0.07973,0.07073,0.03479,0.04935,0.05752,0.08117,0.06465,0.07039,0.05365,0.04783,0.03707,0.04780
0.09360,0.14152,0.09161,0.07935,0.07067,0.03698,0.04767,0.06436,0.08237,0.06615,0.06428,0.04535,0.04321,0.03050,0.04240
0.07729,0.13066,0.08144,0.06980,0.06445,0.03103,0.04125,0.05129,0.07616,0.06594,0.09425,0.06201,0.05583,0.04107,0.05753
0.08910,0.12928,0.08538,0.07982,0.07859,0.04395,0.05090,0.06478,0.07994,0.07223,0.06233,0.04924,0.04049,0.03168,0.04229
0.09548,0.14644,0.09598,0.08347,0.07348,0.03871,0.04757,0.06413,0.08879,0.06614,0.05541,0.04201,0.03613,0.02895,0.03731
0.09429,0.14655,0.09616,0.08682,0.07522,0.03790,0.05421,0.06456,0.09054,0.06812,0.04979,0.03810,0.03522,0.02845,0.03410
0.08815,0.13563,0.09346,0.08445,0.07409,0.03830,0.05501,0.06496,0.08676,0.06920,0.05495,0.04625,0.04030,0.03045,0.03806
0.09608,0.14848,0.10032,0.08721,0.07757,0.03688,0.04862,0.06147,0.09144,0.07176,0.05044,0.03743,0.03494,0.02410,0.03326
0.09555,0.14455,0.09557,0.08023,0.07731,0.03802,0.05005,0.06302,0.08821,0.07131,0.05035,0.04340,0.03737,0.02791,0.03714
0.09557,0.15529,0.10087,0.08148,0.07330,0.04129,0.05056,0.06748,0.09010,0.07532,0.04476,0.03813,0.03018,0.02366,0.03202
0.09321,0.14393,0.09494,0.08598,0.07701,0.04164,0.05154,0.06592,0.08896,0.07386,0.04857,0.03867,0.03340,0.02436,0.03800
0.09441,0.16423,0.09767,0.08666,0.07311,0.03819,0.04609,0.06156,0.08849,0.06930,0.04721,0.04029,0.03377,0.02513,0.03388
0.08993,0.14386,0.09697,0.08008,0.07339,0.03293,0.04635,0.06515,0.08264,0.06817,0.06571,0.04516,0.03973,0.03031,0.03961
0.09584,0.15174,0.09488,0.08343,0.07641,0.03490,0.05126,0.06356,0.08486,0.07388,0.05200,0.03994,0.03392,0.02835,0.03503
0.09517,0.13915,0.09327,0.08325,0.07822,0.03815,0.05550,0.06801,0.08421,0.07206,0.05217,0.04156,0.03536,0.02660,0.03734
0.09308,0.13043,0.09159,0.07983,0.07610,0.04508,0.05032,0.06560,0.08209,0.07134,0.05642,0.04461,0.03830,0.03362,0.04159
0.09531,0.14705,0.09759,0.08458,0.07525,0.04111,0.05077,0.06509,0.08465,0.06747,0.04936,0.04331,0.03493,0.02939,0.03415
0.08879,0.11950,0.08536,0.07609,0.07420,0.04028,0.05358,0.06220,0.08179,0.06505,0.06395,0.05815,0.04592,0.03456,0.05057
0.10739,0.15901,0.10726,0.08785,0.08071,0.03912,0.05109,0.06518,0.09031,0.07086,0.03535,0.03181,0.02625,0.01892,0.02889
0.09831,0.15365,0.09625,0.08456,0.07650,0.03652,0.05352,0.06505,0.08922,0.07061,0.04789,0.03735,0.03157,0.02462,0.03437
0.09839,0.17691,0.10269,0.08379,0.07380,0.03298,0.04409,0.06043,0.08409,0.06922,0.04788,0.03827,0.03155,0.02334,0.03258
0.09041,0.13401,0.09002,0.07733,0.07113,0.03499,0.04604,0.05796,0.07817,0.06289,0.07523,0.05476,0.04661,0.03281,0.04763
0.09366,0.13275,0.09889,0.08075,0.07553,0.04709,0.05430,0.06627,0.08549,0.06954,0.04801,0.04244,0.03869,0.02803,0.03856
0.08808,0.15247,0.08733,0.07522,0.07132,0.02829,0.04088,0.05597,0.07778,0.06356,0.08005,0.05329,0.04629,0.03449,0.04497
0.09228,0.15560,0.09884,0.08251,0.07528,0.03292,0.04759,0.06017,0.08480,0.07349,0.05477,0.04090,0.04006,0.02778,0.03300
0.09729,0.17664,0.10514,0.08351,0.07790,0.03833,0.04724,0.06101,0.09516,0.07687,0.03493,0.03167,0.02740,0.01977,0.02713
0.09469,0.13718,0.08805,0.07802,0.07202,0.03572,0.04524,0.05801,0.07884,0.06621,0.06780,0.05364,0.04590,0.03351,0.04518
0.08663,0.13375,0.09522,0.08177,0.07346,0.03500,0.05082,0.06311,0.08399,0.07273,0.06145,0.04741,0.04187,0.03109,0.04170
0.08739,0.13474,0.08998,0.08067,0.07223,0.03461,0.05197,0.06819,0.08367,0.07229,0.05740,0.04995,0.04397,0.03113,0.04184
0.09349,0.14259,0.09527,0.08751,0.07485,0.03915,0.04987,0.06838,0.08465,0.06725,0.05198,0.04406,0.03667,0.02679,0.03749
0.09778,0.14859,0.09776,0.08246,0.07651,0.03872,0.05265,0.06464,0.08985,0.07358,0.04496,0.03662,0.03577,0.02739,0.03272
