0.07395,0.22895,0.23113,0.14862,0.12147,0.04537,0.04405,0.03923,0.03505,0.03217
0.10231,0.11621,0.10260,0.11792,0.11392,0.06193,0.14268,0.06276,0.11286,0.06680
0.07760,0.16161,0.26189,0.14873,0.12841,0.05480,0.04094,0.05740,0.03860,0.03002
0.14622,0.15552,0.12894,0.10848,0.12388,0.13961,0.03486,0.09986,0.02398,0.03865
0.08967,0.13219,0.21161,0.17773,0.14908,0.06228,0.05223,0.06497,0.03108,0.02917
0.07876,0.14878,0.18838,0.20949,0.08968,0.06678,0.05158,0.06043,0.04431,0.06181
0.09317,0.22630,0.14985,0.11265,0.23677,0.03032,0.02648,0.03697,0.02607,0.06142
0.07837,0.20355,0.16670,0.13702,0.08070,0.14065,0.02349,0.13478,0.01332,0.02143
0.07830,0.11527,0.14246,0.22906,0.07550,0.08649,0.06553,0.09376,0.05373,0.05989
0.08218,0.14019,0.12403,0.15713,0.12927,0.10359,0.10443,0.06384,0.04330,0.05204
0.13435,0.12500,0.19001,0.21366,0.15398,0.04047,0.02425,0.05261,0.02831,0.03737
0.12058,0.21578,0.09677,0.20330,0.25986,0.03169,0.01336,0.03255,0.01172,0.01437
0.21337,0.18154,0.11775,0.10887,0.16503,0.06593,0.03737,0.05972,0.02233,0.02809
0.10683,0.12148,0.12453,0.11313,0.10355,0.07519,0.12574,0.06955,0.12180,0.03820
0.09393,0.39100,0.14441,0.12268,0.13290,0.03356,0.01765,0.03556,0.01393,0.01439
0.40132,0.09761,0.10086,0.06384,0.19472,0.04679,0.01609,0.04680,0.01445,0.01751
0.19062,0.28045,0.07778,0.11050,0.10270,0.08561,0.03358,0.06782,0.02255,0.02839
0.07443,0.07036,0.10387,0.09505,0.08793,0.14216,0.02373,0.33223,0.02499,0.04525
0.08406,0.14685,0.36737,0.20177,0.10428,0.02584,0.01222,0.02814,0.01186,0.01760
0.09411,0.37561,0.10847,0.07764,0.09343,0.09430,0.02495,0.08094,0.02475,0.02580
0.27386,0.18344,0.07187,0.15579,0.19860,0.02916,0.01983,0.02979,0.01602,0.02164
0.17012,0.11741,0.29988,0.08321,0.18231,0.02587,0.01956,0.03417,0.03999,0.02748
0.14006,0.15683,0.21056,0.12042,0.15594,0.06439,0.02732,0.06305,0.03271,0.02871
0.09048,0.09795,0.09432,0.04903,0.08020,0.24730,0.01246,0.30197,0.01195,0.01434
0.10412,0.07038,0.12747,0.10447,0.11856,0.11656,0.05825,0.13363,0.05987,0.10668
0.16928,0.09114,0.17356,0.10186,0.27313,0.04567,0.02642,0.05211,0.03359,0.03325
0.07114,0.18727,0.21205,0.31274,0.06573,0.03099,0.02848,0.02913,0.02469,0.03779
0.11772,0.07948,0.35134,0.09069,0.16724,0.04483,0.03593,0.04546,0.03506,0.03226
0.15623,0.18037,0.25355,0.09620,0.10140,0.05610,0.04120,0.04819,0.03446,0.03231
0.06560,0.07894,0.20508,0.13576,0.13612,0.14053,0.01275,0.19887,0.01088,0.01547
0.15853,0.30039,0.06759,0.06764,0.11507,0.08460,0.01300,0.16856,0.01374,0.01088
0.07492,0.37626,0.09598,0.06923,0.15128,0.04481,0.05915,0.04220,0.04202,0.04414
0.17306,0.12540,0.29589,0.17476,0.13607,0.02217,0.01601,0.02579,0.01553,0.01532
0.10126,0.12224,0.21649,0.20645,0.11989,0.04383,0.04968,0.04360,0.04338,0.05319
0.06525,0.44416,0.15643,0.12591,0.10504,0.02157,0.02134,0.02410,0.01957,0.01663
0.16044,0.17079,0.14769,0.10298,0.15901,0.07094,0.07029,0.05206,0.03558,0.03024
0.10836,0.08943,0.09554,0.19103,0.21551,0.06040,0.03528,0.08183,0.07077,0.05185
0.06974,0.16548,0.15742,0.13260,0.30369,0.05337,0.01732,0.06215,0.01774,0.02047
0.14033,0.18454,0.12722,0.13934,0.17242,0.04446,0.03659,0.05920,0.03288,0.06303
0.16972,0.15287,0.19777,0.09075,0.18077,0.03988,0.03237,0.04468,0.04300,0.04820
0.09481,0.13500,0.13094,0.31674,0.16224,0.02579,0.03722,0.02909,0.02653,0.04166
0.08141,0.13447,0.16737,0.14281,0.10020,0.10049,0.04056,0.08597,0.03200,0.11473
0.22236,0.28568,0.09375,0.11431,0.16151,0.02380,0.02311,0.02412,0.02346,0.02789
0.07039,0.60691,0.08475,0.05638,0.10071,0.01818,0.01608,0.01854,0.01392,0.01413
0.07740,0.28401,0.21767,0.15436,0.08584,0.05463,0.01897,0.07271,0.01446,0.01995
0.16403,0.09937,0.08592,0.07353,0.12722,0.17915,0.02183,0.20581,0.01746,0.02569
0.30747,0.12557,0.09091,0.09502,0.14097,0.06962,0.03481,0.05990,0.03348,0.04225
0.10214,0.15147,0.16115,0.16291,0.11936,0.07618,0.05135,0.07921,0.06470,0.03155
0.09043,0.31437,0.23651,0.14660,0.09744,0.02641,0.02205,0.02955,0.01593,0.02071
0.09562,0.39664,0.12618,0.11252,0.13080,0.04218,0.01404,0.05513,0.01263,0.01425
0.10512,0.08374,0.45607,0.07541,0.11367,0.03308,0.03435,0.03455,0.03190,0.03211
0.18880,0.08523,0.16092,0.14632,0.18373,0.05973,0.03581,0.05647,0.02911,0.05387
0.09679,0.09572,0.09028,0.07000,0.10138,0.13283,0.16887,0.09704,0.10578,0.04130
0.13902,0.19885,0.16450,0.13867,0.13340,0.03550,0.05618,0.03617,0.04738,0.05033
0.11508,0.25978,0.21269,0.14850,0.17204,0.02005,0.01654,0.02215,0.01741,0.01575
0.08013,0.09808,0.08464,0.06200,0.07397,0.33279,0.02319,0.21019,0.01799,0.01701
0.16824,0.13321,0.08638,0.17197,0.18610,0.04710,0.03572,0.05709,0.03033,0.08386
0.04095,0.06178,0.14590,0.25553,0.40069,0.02460,0.01322,0.03112,0.01393,0.01227
0.14149,0.16731,0.09845,0.11941,0.13196,0.11437,0.06012,0.10679,0.02693,0.03317
0.17344,0.25094,0.14822,0.09520,0.11585,0.02816,0.06592,0.02978,0.03879,0.05371
0.27179,0.11789,0.10657,0.09098,0.09894,0.11705,0.02622,0.11521,0.02108,0.03427
0.12599,0.15477,0.10967,0.15337,0.14910,0.07077,0.05092,0.07804,0.05739,0.04998
0.19112,0.39639,0.09149,0.06530,0.12190,0.02443,0.03935,0.02627,0.02154,0.02220
0.11353,0.30396,0.33289,0.05866,0.06139,0.03425,0.02006,0.03561,0.02006,0.01959
0.06556,0.16966,0.21337,0.12600,0.11287,0.07962,0.02465,0.10849,0.04108,0.05870
0.25665,0.10705,0.11367,0.09683,0.26743,0.03640,0.04326,0.03465,0.02165,0.02240
0.22592,0.13724,0.09534,0.08254,0.18824,0.10625,0.02069,0.10095,0.01685,0.02597
0.05983,0.14688,0.16662,0.12579,0.36777,0.04139,0.01612,0.04316,0.01263,0.01982
0.26861,0.07274,0.07908,0.07987,0.18567,0.09521,0.03566,0.13060,0.03324,0.01931
0.09557,0.09542,0.45759,0.08457,0.09372,0.03640,0.02987,0.04148,0.03709,0.02828
0.10848,0.09727,0.10507,0.07985,0.09484,0.02183,0.05046,0.02574,0.03015,0.38631
0.17085,0.15198,0.10836,0.09029,0.15262,0.08513,0.06071,0.09418,0.05080,0.03509
0.16553,0.14682,0.18070,0.11679,0.20363,0.03242,0.03629,0.03505,0.03869,0.04408
0.16707,0.18163,0.13128,0.11996,0.19575,0.04057,0.04717,0.04702,0.02610,0.04345
0.10756,0.35756,0.12595,0.09032,0.09945,0.05566,0.05764,0.04424,0.03031,0.03130
0.11245,0.14326,0.15121,0.14327,0.21162,0.03101,0.05379,0.03243,0.05727,0.06369
0.12251,0.25612,0.13765,0.12073,0.16217,0.05045,0.01953,0.07815,0.03135,0.02136
0.09517,0.22321,0.16688,0.08592,0.07963,0.10508,0.03248,0.11304,0.03508,0.06350
0.07762,0.08863,0.08089,0.16885,0.40293,0.06968,0.01211,0.07647,0.00931,0.01351
0.10275,0.06902,0.14529,0.12658,0.12344,0.12497,0.02795,0.16108,0.03508,0.08383
0.13466,0.19589,0.22022,0.15165,0.15741,0.03211,0.02549,0.03251,0.02040,0.02966
0.19901,0.10212,0.10555,0.12397,0.20663,0.06895,0.02713,0.10805,0.01874,0.03984
0.21952,0.07814,0.11592,0.09538,0.26573,0.08801,0.01684,0.08235,0.01701,0.02110
0.14380,0.10620,0.10472,0.16975,0.20913,0.07603,0.03452,0.08408,0.03322,0.03854
0.11066,0.39106,0.07844,0.09851,0.07126,0.07329,0.06147,0.07229,0.02179,0.02122
0.09791,0.54390,0.06809,0.04982,0.09204,0.03446,0.02478,0.03986,0.02096,0.02818
0.07523,0.31547,0.12430,0.11986,0.11892,0.06518,0.05341,0.07522,0.02792,0.02449
0.22746,0.07528,0.06973,0.05655,0.27614,0.14176,0.01001,0.12057,0.00915,0.01335
0.07399,0.26586,0.26349,0.14547,0.15118,0.02388,0.01334,0.03355,0.01706,0.01219
0.16988,0.16253,0.11480,0.14234,0.22846,0.03030,0.03510,0.03322,0.02701,0.05637
0.09282,0.10059,0.10297,0.08519,0.09335,0.18734,0.02979,0.25159,0.02617,0.03018
0.09911,0.24555,0.13856,0.11161,0.25168,0.04345,0.02809,0.03752,0.02341,0.02101
0.06750,0.06566,0.36827,0.09878,0.13472,0.09461,0.01741,0.11424,0.01761,0.02121
0.46724,0.16787,0.09857,0.07154,0.09269,0.02730,0.01449,0.02954,0.01597,0.01478
0.07408,0.37562,0.11999,0.10623,0.07051,0.04563,0.06248,0.04143,0.04656,0.05747
0.15103,0.09810,0.09441,0.11211,0.17577,0.08436,0.04321,0.07597,0.04374,0.12131
0.26669,0.18844,0.12994,0.11671,0.14150,0.04766,0.02194,0.04502,0.02186,0.02025
0.11250,0.10558,0.10029,0.11861,0.12664,0.11608,0.08333,0.13520,0.04821,0.05355
0.23857,0.05411,0.12758,0.08720,0.35372,0.04623,0.01156,0.05459,0.01246,0.01397
0.11099,0.54678,0.05938,0.06369,0.07266,0.03645,0.01968,0.04818,0.01969,0.02249
