0.17411,0.16467,0.15009,0.11775,0.15994,0.04990,0.04357,0.05065,0.03712,0.05219
0.15935,0.14725,0.12851,0.14975,0.18314,0.05304,0.03928,0.06444,0.03413,0.04110
0.13314,0.13784,0.12351,0.11501,0.13280,0.09977,0.05082,0.10157,0.03990,0.06563
0.21440,0.16196,0.12584,0.11751,0.17352,0.05109,0.04028,0.05785,0.02895,0.02860
0.13117,0.14878,0.17695,0.16445,0.14707,0.08139,0.02001,0.08453,0.01735,0.02830
0.14910,0.11418,0.12309,0.09934,0.13931,0.05635,0.06325,0.07164,0.08009,0.10366
0.16987,0.14189,0.16073,0.16528,0.17828,0.06577,0.01663,0.06919,0.01484,0.01753
0.22260,0.18405,0.13922,0.11596,0.17079,0.05764,0.01868,0.06152,0.01312,0.01642
0.15852,0.16843,0.15150,0.16228,0.17348,0.02687,0.03844,0.03325,0.03440,0.05285
0.14424,0.21160,0.16047,0.14048,0.15637,0.04430,0.03029,0.05292,0.02649,0.03284
0.16121,0.10576,0.16628,0.17467,0.15023,0.05591,0.03886,0.06719,0.04146,0.03842
0.16143,0.17487,0.15676,0.14443,0.16777,0.03705,0.04505,0.03711,0.03333,0.04220
0.17444,0.15635,0.16555,0.15217,0.15823,0.04928,0.02969,0.05651,0.02734,0.03045
0.14933,0.18131,0.15725,0.14688,0.15155,0.04171,0.03630,0.04604,0.03899,0.05064
0.12935,0.15856,0.14961,0.14336,0.14329,0.08150,0.03638,0.08589,0.03181,0.04024
0.10273,0.11894,0.17915,0.16565,0.13698,0.05175,0.08687,0.04876,0.05087,0.05832
0.18627,0.22346,0.12888,0.08846,0.17114,0.04296,0.03694,0.04514,0.03454,0.04221
0.15658,0.12940,0.14646,0.14096,0.16250,0.06064,0.05492,0.06797,0.03628,0.04428
0.18199,0.17258,0.18427,0.13940,0.17208,0.03710,0.02848,0.03922,0.02035,0.02452
0.18675,0.11711,0.15090,0.10748,0.22387,0.05425,0.02483,0.06176,0.02923,0.04383
0.12919,0.10628,0.14294,0.11460,0.14651,0.08095,0.03304,0.11134,0.06388,0.07127
0.18166,0.13285,0.14309,0.13346,0.12755,0.05788,0.04638,0.06003,0.05079,0.06632
0.12752,0.19599,0.14044,0.09994,0.14739,0.07317,0.05127,0.06380,0.04805,0.05244
0.12573,0.13359,0.11971,0.09722,0.11700,0.16418,0.02128,0.17407,0.02230,0.02494
0.15459,0.15525,0.20753,0.15014,0.16237,0.05024,0.02285,0.05348,0.01969,0.02385
0.12059,0.12880,0.11028,0.09907,0.12098,0.09903,0.08383,0.09520,0.08577,0.05644
0.25257,0.24566,0.11469,0.05570,0.11451,0.07738,0.02005,0.07621,0.01917,0.02406
0.16931,0.15407,0.12940,0.12475,0.14813,0.05369,0.03625,0.07285,0.04563,0.06594
0.14038,0.16883,0.14826,0.12452,0.13970,0.06895,0.03466,0.07956,0.04234,0.05280
0.10826,0.14262,0.15784,0.13626,0.15294,0.05263,0.06133,0.06818,0.08249,0.03745
0.15823,0.15169,0.14953,0.15667,0.16297,0.04239,0.05378,0.04790,0.03747,0.03936
0.16904,0.19093,0.13303,0.10945,0.13909,0.05861,0.05759,0.05681,0.03668,0.04876
0.15389,0.19142,0.12194,0.09654,0.12233,0.13054,0.02116,0.12584,0.01696,0.01939
0.11345,0.14287,0.17195,0.15010,0.17507,0.03265,0.05874,0.04500,0.07248,0.03769
0.21783,0.12888,0.13578,0.10802,0.23527,0.05299,0.02338,0.05569,0.01819,0.02397
0.14212,0.10703,0.10507,0.08391,0.16362,0.16797,0.02014,0.16909,0.01897,0.02208
0.09280,0.12428,0.12181,0.12227,0.11227,0.16127,0.03335,0.17335,0.02521,0.03337
0.16401,0.18954,0.17775,0.15626,0.19327,0.03083,0.01906,0.03286,0.01898,0.01743
0.13916,0.16189,0.16533,0.14829,0.16404,0.04135,0.04093,0.04129,0.04291,0.05480
0.13225,0.11343,0.10826,0.10435,0.12533,0.15494,0.03527,0.16124,0.03126,0.03366
0.15387,0.16932,0.11274,0.11373,0.14479,0.10112,0.02767,0.10919,0.02909,0.03849
0.12504,0.18103,0.12014,0.13235,0.12312,0.10654,0.03489,0.11172,0.03080,0.03436
0.19130,0.14777,0.14246,0.12741,0.16739,0.05116,0.04736,0.04182,0.03828,0.04503
0.16855,0.12101,0.14821,0.13031,0.15792,0.07126,0.05091,0.07142,0.03867,0.04174
0.13916,0.19379,0.16145,0.14911,0.15681,0.05058,0.03569,0.05080,0.03027,0.03235
0.14772,0.15571,0.11950,0.16759,0.19522,0.04929,0.02934,0.05567,0.03128,0.04869
0.15828,0.17672,0.13145,0.09755,0.13430,0.08040,0.03019,0.08671,0.04246,0.06194
0.16119,0.17333,0.14849,0.12526,0.14562,0.07305,0.03026,0.07774,0.02883,0.03623
0.11555,0.12468,0.16760,0.17152,0.17459,0.05150,0.06014,0.03845,0.05075,0.04522
0.14609,0.15484,0.20417,0.12638,0.15028,0.06727,0.02238,0.07562,0.02856,0.02442
0.14365,0.15603,0.16411,0.14654,0.14353,0.07558,0.02542,0.08229,0.02804,0.03480
0.08262,0.11471,0.12810,0.12036,0.07522,0.16750,0.05096,0.17619,0.04069,0.04365
0.14062,0.16350,0.16162,0.14534,0.15424,0.05549,0.03648,0.05907,0.03606,0.04759
0.12456,0.10599,0.11581,0.09977,0.11680,0.13081,0.03816,0.14397,0.05273,0.07141
0.15451,0.16856,0.15010,0.15097,0.18519,0.04502,0.02877,0.05438,0.03825,0.02424
0.10411,0.07504,0.09716,0.08744,0.11791,0.21460,0.02487,0.22319,0.02611,0.02957
0.12185,0.09341,0.11813,0.16171,0.19878,0.05878,0.05502,0.05821,0.05851,0.07560
0.19035,0.12671,0.23024,0.15247,0.16627,0.02719,0.02355,0.03057,0.02440,0.02825
0.11138,0.17047,0.18031,0.17237,0.11822,0.04345,0.04993,0.04316,0.04607,0.06464
0.14073,0.16985,0.18881,0.10880,0.10859,0.07771,0.03911,0.07914,0.03663,0.05064
0.19050,0.18391,0.14918,0.14795,0.18171,0.04158,0.02612,0.04005,0.01864,0.02036
0.14903,0.13391,0.09405,0.17713,0.21298,0.04273,0.04064,0.05118,0.04219,0.05618
0.15304,0.14254,0.12625,0.11411,0.15314,0.08869,0.03845,0.10028,0.04348,0.04002
0.12339,0.13802,0.12299,0.10981,0.12072,0.13329,0.03300,0.14609,0.03217,0.04053
0.18734,0.17659,0.14281,0.11549,0.16191,0.03954,0.03748,0.05033,0.03764,0.05088
0.15862,0.29773,0.18745,0.08463,0.08684,0.05998,0.02049,0.05960,0.01848,0.02618
0.11203,0.12811,0.16167,0.16028,0.12464,0.05047,0.07110,0.05570,0.08593,0.05006
0.11656,0.13093,0.13329,0.10675,0.11658,0.09591,0.05683,0.11516,0.06859,0.05940
0.15094,0.16289,0.14361,0.12208,0.14434,0.09538,0.02093,0.10824,0.02182,0.02979
0.12981,0.16065,0.18902,0.15140,0.15894,0.05422,0.02862,0.05643,0.03208,0.03882
0.14672,0.17474,0.16204,0.12340,0.14587,0.07782,0.03040,0.07834,0.02891,0.03175
0.15783,0.20017,0.15922,0.17001,0.15796,0.03700,0.03121,0.03599,0.02243,0.02818
0.16421,0.18755,0.14420,0.12050,0.15422,0.06547,0.03282,0.07181,0.02781,0.03140
0.12703,0.16994,0.16504,0.16221,0.14524,0.05024,0.03665,0.05514,0.04136,0.04715
0.19610,0.14440,0.14467,0.12681,0.18011,0.04744,0.02850,0.05945,0.03187,0.04065
0.17461,0.25080,0.14181,0.09297,0.10838,0.05481,0.04802,0.05340,0.03603,0.03918
0.13106,0.10385,0.17806,0.16231,0.18498,0.05649,0.03374,0.07076,0.03638,0.04237
0.14561,0.13037,0.17210,0.12553,0.13978,0.06108,0.04778,0.07782,0.04100,0.05893
0.14949,0.14238,0.12368,0.12428,0.15080,0.09313,0.03371,0.10704,0.03311,0.04238
0.14518,0.21041,0.14689,0.10836,0.16173,0.05518,0.02940,0.06452,0.03507,0.04325
0.14165,0.18780,0.26733,0.09318,0.10005,0.07062,0.01939,0.07474,0.01986,0.02539
0.12278,0.14665,0.15250,0.13011,0.13080,0.06752,0.04843,0.07920,0.05429,0.06772
0.13071,0.20387,0.15995,0.15314,0.15127,0.06964,0.01650,0.07898,0.01526,0.02067
0.11801,0.12782,0.13715,0.11143,0.13646,0.10668,0.05059,0.10972,0.04755,0.05459
0.15423,0.19723,0.16494,0.15153,0.16486,0.06372,0.01458,0.06151,0.01420,0.01320
0.13838,0.17087,0.15063,0.18092,0.16845,0.03692,0.03257,0.03861,0.03670,0.04595
0.11885,0.15462,0.17773,0.14393,0.16076,0.06661,0.02991,0.07308,0.03317,0.04134
0.14962,0.19184,0.18831,0.11343,0.14001,0.06791,0.03092,0.06682,0.02491,0.02624
0.13579,0.19314,0.15004,0.09252,0.09779,0.10370,0.04424,0.10289,0.03953,0.04035
0.17819,0.22848,0.18052,0.14012,0.17406,0.01830,0.02009,0.02283,0.01896,0.01846
0.15095,0.16600,0.11377,0.14969,0.18042,0.06055,0.03537,0.06731,0.03744,0.03851
0.15499,0.14840,0.16628,0.11893,0.16223,0.06301,0.03437,0.07086,0.03426,0.04667
0.18356,0.17682,0.14614,0.13090,0.16693,0.05081,0.03136,0.05841,0.02555,0.02952
0.12439,0.15718,0.12888,0.12150,0.13363,0.10428,0.04200,0.11203,0.03602,0.04010
0.17813,0.27985,0.11107,0.08508,0.15126,0.03664,0.05041,0.03348,0.03474,0.03935
0.17454,0.12356,0.08860,0.10696,0.11964,0.06263,0.10773,0.04754,0.09233,0.07648
0.18018,0.28075,0.15621,0.09919,0.19106,0.02294,0.01483,0.02503,0.01406,0.01576
0.16638,0.15793,0.16294,0.18615,0.18385,0.03587,0.02244,0.03901,0.01940,0.02602
0.14146,0.10381,0.19299,0.19456,0.15483,0.05010,0.03514,0.06080,0.03090,0.03541
0.13303,0.11995,0.18730,0.17379,0.14797,0.04714,0.06326,0.04331,0.04251,0.04173
0.09851,0.10073,0.09646,0.11078,0.10703,0.09552,0.08016,0.08539,0.08900,0.13642
0.14918,0.13439,0.19406,0.12647,0.15299,0.05482,0.04257,0.05812,0.04084,0.04656
0.13987,0.14335,0.13062,0.10656,0.11270,0.12341,0.03083,0.13773,0.03695,0.03798
0.22232,0.12981,0.13899,0.10087,0.24525,0.04581,0.02217,0.05005,0.01780,0.02696
0.14117,0.15793,0.14634,0.18016,0.22462,0.04832,0.01691,0.05210,0.01398,0.01849
0.10015,0.14885,0.14225,0.13616,0.13081,0.11246,0.02580,0.12920,0.03471,0.03961
0.14167,0.21295,0.12369,0.09439,0.10485,0.12425,0.02531,0.12924,0.01991,0.02375
0.13439,0.14262,0.12595,0.12544,0.15601,0.11402,0.03037,0.11667,0.02715,0.02737
0.14072,0.13271,0.13224,0.12447,0.14341,0.04480,0.08072,0.05219,0.09556,0.05319
0.13270,0.09139,0.31328,0.13262,0.14529,0.04395,0.03099,0.04622,0.03113,0.03242
0.17618,0.25073,0.14631,0.11645,0.15634,0.03247,0.02957,0.03827,0.02409,0.02959
0.21628,0.17250,0.15419,0.12922,0.13166,0.03326,0.04895,0.03731,0.03432,0.04231
0.12575,0.15479,0.14388,0.14268,0.17817,0.09319,0.02188,0.10054,0.02005,0.01906
0.20231,0.15378,0.13532,0.13227,0.18905,0.04293,0.03235,0.04844,0.03368,0.02987
0.20245,0.16400,0.16373,0.13645,0.18767,0.04048,0.02530,0.04021,0.01984,0.01988
0.16488,0.17136,0.15970,0.15091,0.17270,0.05271,0.02250,0.06013,0.01979,0.02532
0.14724,0.13426,0.13737,0.12147,0.13024,0.09761,0.05272,0.10055,0.03532,0.04322
0.11148,0.12640,0.11541,0.10005,0.11598,0.16398,0.02713,0.17076,0.02696,0.04184
0.19645,0.19861,0.14021,0.12080,0.15393,0.06751,0.01763,0.07187,0.01629,0.01668
0.19226,0.16262,0.15613,0.13412,0.17858,0.04295,0.02930,0.04846,0.02419,0.03138
0.12210,0.09697,0.10872,0.19466,0.25595,0.05617,0.02500,0.06407,0.03807,0.03828
0.12898,0.19320,0.19804,0.13771,0.13229,0.04562,0.02992,0.05093,0.03419,0.04913
0.15104,0.23891,0.15403,0.11348,0.15394,0.05714,0.02196,0.06191,0.02078,0.02682
0.11065,0.17502,0.16348,0.14967,0.11051,0.09348,0.02991,0.10355,0.02749,0.03624
0.15689,0.17140,0.18211,0.15906,0.16794,0.03274,0.02910,0.03869,0.02617,0.03590
0.18161,0.21884,0.14211,0.13732,0.16582,0.03413,0.02646,0.03498,0.02374,0.03499
0.14156,0.21433,0.16095,0.14055,0.20216,0.02935,0.02364,0.03054,0.02454,0.03237
0.13885,0.14716,0.15152,0.13965,0.16515,0.05601,0.03510,0.07127,0.04403,0.05127
0.18391,0.11564,0.13913,0.11515,0.20978,0.06417,0.03669,0.06924,0.03480,0.03148
0.09516,0.09482,0.12607,0.10516,0.10395,0.17503,0.03361,0.18110,0.03959,0.04551
0.13966,0.20156,0.17508,0.14731,0.15640,0.04744,0.03055,0.05098,0.02356,0.02746
0.11716,0.15144,0.15035,0.16417,0.15249,0.05925,0.04940,0.06575,0.04262,0.04736
0.19719,0.13157,0.12878,0.13221,0.17087,0.04052,0.04308,0.04833,0.04518,0.06227
0.17362,0.20363,0.15407,0.10698,0.15151,0.05018,0.04064,0.04287,0.03473,0.04176
0.16892,0.22972,0.10927,0.07031,0.13681,0.06792,0.04930,0.06618,0.04620,0.05537
0.13731,0.19919,0.13147,0.11177,0.11928,0.11229,0.02800,0.11074,0.02337,0.02656
0.14487,0.15276,0.10758,0.13371,0.15760,0.10321,0.03743,0.10545,0.02698,0.03041
0.15077,0.17810,0.17581,0.16005,0.17383,0.03619,0.02470,0.04276,0.02795,0.02982
0.12822,0.11127,0.11841,0.09808,0.13174,0.05160,0.06378,0.08815,0.10380,0.10496
0.14192,0.08209,0.14084,0.16097,0.14561,0.06753,0.06757,0.06861,0.04641,0.07845
0.13946,0.14571,0.16418,0.14992,0.15075,0.04931,0.04304,0.04988,0.04461,0.06312
0.14480,0.16916,0.18305,0.11163,0.14591,0.08467,0.02469,0.09025,0.02381,0.02204
0.19451,0.15344,0.14976,0.11908,0.17975,0.05626,0.02937,0.06315,0.02497,0.02973
0.20166,0.23031,0.14267,0.11002,0.16880,0.03708,0.02449,0.04011,0.02069,0.02418
0.12714,0.16561,0.18417,0.19022,0.16949,0.03445,0.03319,0.03179,0.02963,0.03432
0.12666,0.14070,0.16960,0.14640,0.15267,0.05193,0.03315,0.06603,0.04901,0.06385
0.17997,0.20705,0.16955,0.12291,0.16215,0.05339,0.01610,0.05723,0.01561,0.01603
0.13647,0.15509,0.10732,0.09400,0.12901,0.08525,0.06824,0.08334,0.06395,0.07734
0.16436,0.15460,0.13040,0.12344,0.14960,0.04343,0.07420,0.04128,0.06541,0.05329
0.12829,0.05747,0.16170,0.19513,0.17685,0.07850,0.03217,0.08833,0.03153,0.05005
0.16692,0.21882,0.16956,0.11442,0.15062,0.04714,0.03205,0.04454,0.02445,0.03148
0.12388,0.10899,0.13976,0.11247,0.14176,0.10186,0.06226,0.10660,0.05993,0.04249
0.11670,0.17690,0.19821,0.17477,0.20092,0.03350,0.02009,0.03518,0.01962,0.02412
0.16513,0.17032,0.14678,0.14105,0.17169,0.03146,0.05970,0.03009,0.04590,0.03788
0.16053,0.14199,0.10221,0.08537,0.10755,0.15431,0.03559,0.15698,0.02782,0.02765
0.15217,0.22025,0.12614,0.10963,0.12784,0.05352,0.06149,0.05084,0.04545,0.05267
0.13112,0.12629,0.12297,0.11696,0.11578,0.10859,0.05418,0.11394,0.04896,0.06121
0.13209,0.11385,0.10174,0.14188,0.16061,0.09525,0.03103,0.11348,0.04453,0.06554
0.20923,0.16291,0.12390,0.12159,0.15849,0.04042,0.05379,0.04064,0.04066,0.04838
0.19607,0.10535,0.14152,0.10359,0.23613,0.07711,0.01946,0.08245,0.01869,0.01963
0.19498,0.27426,0.14008,0.11120,0.11885,0.02993,0.03374,0.03260,0.03350,0.03086
0.12428,0.21111,0.16688,0.15435,0.14575,0.06519,0.01909,0.07269,0.01822,0.02244
0.11224,0.13616,0.13414,0.13320,0.16630,0.08950,0.04557,0.08677,0.03936,0.05676
0.13827,0.18494,0.16672,0.16274,0.13033,0.05241,0.03975,0.05812,0.03026,0.03646
0.15901,0.16119,0.16060,0.15267,0.16504,0.04384,0.04281,0.04925,0.03666,0.02894
0.16077,0.15782,0.15078,0.13176,0.16241,0.07353,0.02736,0.08165,0.02130,0.03262
0.17815,0.17468,0.16875,0.12080,0.15924,0.05032,0.03651,0.05239,0.02653,0.03264
0.11491,0.23906,0.17772,0.15535,0.11583,0.04880,0.03693,0.05340,0.02237,0.03563
0.09837,0.12631,0.11611,0.10176,0.09923,0.14576,0.04993,0.13718,0.05152,0.07383
0.14210,0.15718,0.09018,0.06832,0.10473,0.17881,0.02839,0.18052,0.02397,0.02580
0.11988,0.13289,0.15574,0.14876,0.15537,0.08799,0.02460,0.10339,0.03378,0.03758
0.22642,0.16457,0.16825,0.14402,0.13485,0.03067,0.03547,0.03437,0.02803,0.03334
0.16139,0.23852,0.14050,0.10136,0.13129,0.05911,0.03215,0.06886,0.03036,0.03646
0.15161,0.13844,0.10034,0.08399,0.15258,0.08205,0.07294,0.08197,0.07483,0.06125
0.12563,0.12383,0.12028,0.11686,0.13678,0.13451,0.02962,0.14510,0.02979,0.03759
0.15321,0.16266,0.15848,0.14465,0.15763,0.04891,0.03434,0.05740,0.03453,0.04820
0.11274,0.10836,0.10130,0.13547,0.13247,0.12914,0.04428,0.13312,0.04445,0.05867
0.11226,0.13261,0.10088,0.09751,0.09245,0.08333,0.11067,0.07573,0.11044,0.08412
0.12764,0.13555,0.14900,0.11854,0.14071,0.06360,0.04188,0.08301,0.06340,0.07667
0.11845,0.12080,0.17174,0.16420,0.15787,0.09389,0.02936,0.09756,0.02408,0.02205
0.14781,0.16686,0.14833,0.14382,0.11444,0.05452,0.05642,0.06351,0.05747,0.04683
0.17481,0.12677,0.16696,0.15681,0.15078,0.05247,0.03372,0.06460,0.03148,0.04161
0.19527,0.21567,0.15594,0.11614,0.16152,0.04249,0.02545,0.04535,0.02184,0.02033
0.13036,0.17160,0.14670,0.13737,0.14583,0.07102,0.04436,0.07471,0.03426,0.04379
0.15554,0.15851,0.08319,0.04800,0.08819,0.18247,0.02856,0.17975,0.03134,0.04445
0.12833,0.17271,0.17980,0.15127,0.16337,0.05309,0.02946,0.05690,0.02854,0.03651
0.12592,0.13911,0.12050,0.10772,0.12645,0.08425,0.05398,0.09218,0.06488,0.08502
0.13196,0.11747,0.13610,0.16663,0.14547,0.07154,0.05703,0.07060,0.05081,0.05239
0.12333,0.18440,0.19943,0.18809,0.12448,0.04448,0.03278,0.04809,0.02953,0.02538
0.14324,0.13334,0.10905,0.09012,0.10973,0.14665,0.03837,0.15593,0.03160,0.04198
0.12754,0.18890,0.16875,0.14501,0.15415,0.05638,0.03303,0.06325,0.03242,0.03057
0.15305,0.19942,0.15901,0.14889,0.14687,0.05544,0.02864,0.05711,0.02299,0.02856
0.15297,0.13243,0.11931,0.11009,0.14521,0.12279,0.03018,0.13048,0.02459,0.03195
0.12691,0.14114,0.12621,0.11765,0.12734,0.07764,0.05837,0.09176,0.06158,0.07140
0.12543,0.17952,0.15823,0.14024,0.13401,0.06615,0.04893,0.05374,0.04426,0.04949
0.15326,0.13908,0.14433,0.13248,0.15076,0.06101,0.04913,0.07342,0.04518,0.05137
0.18924,0.13633,0.12118,0.08834,0.16088,0.06784,0.06904,0.04946,0.05129,0.06640
0.14185,0.13472,0.12478,0.11339,0.14177,0.12436,0.02717,0.13598,0.02796,0.02801
0.17273,0.16465,0.15260,0.12777,0.17901,0.04768,0.03551,0.05442,0.02831,0.03731
0.12570,0.10235,0.14163,0.12979,0.12008,0.07207,0.06846,0.06350,0.07475,0.10166
0.28051,0.23105,0.12497,0.06717,0.10556,0.04786,0.03113,0.04967,0.02581,0.03627
0.13003,0.12816,0.25612,0.11236,0.12671,0.06753,0.03166,0.07910,0.03068,0.03766
0.15378,0.27756,0.15817,0.07735,0.08841,0.07860,0.02988,0.08043,0.02830,0.02752
0.13784,0.14763,0.15021,0.12572,0.15317,0.08096,0.03869,0.09068,0.03806,0.03703
0.23632,0.19494,0.13850,0.10459,0.11586,0.04210,0.04593,0.04621,0.03639,0.03915
0.11504,0.24137,0.17874,0.11921,0.19334,0.02965,0.02906,0.03221,0.03058,0.03080
0.20475,0.22761,0.12451,0.09898,0.11767,0.05464,0.04455,0.05920,0.02876,0.03933
0.16845,0.19066,0.17380,0.13271,0.16365,0.03251,0.03170,0.04005,0.03573,0.03073
0.11151,0.13344,0.11611,0.09994,0.09511,0.08050,0.06694,0.08370,0.08820,0.12456
0.12903,0.18459,0.16570,0.13011,0.13399,0.06065,0.04378,0.06659,0.04645,0.03910
0.13691,0.12216,0.18696,0.11304,0.13874,0.08946,0.04396,0.09071,0.03761,0.04045
0.17506,0.21150,0.11921,0.09245,0.15388,0.07860,0.03348,0.08153,0.02408,0.03022
0.16243,0.20167,0.12858,0.11450,0.12412,0.05386,0.05470,0.05949,0.04823,0.05243
0.17297,0.14824,0.13743,0.14189,0.16544,0.04827,0.04414,0.05250,0.03512,0.05400
0.12764,0.12936,0.11442,0.08090,0.11596,0.17131,0.02462,0.17782,0.02605,0.03192
0.10165,0.09020,0.15138,0.12585,0.14866,0.13320,0.03383,0.14104,0.03150,0.04269
0.15466,0.17278,0.12860,0.15389,0.18601,0.05846,0.02735,0.06539,0.02504,0.02782
0.13929,0.11112,0.14832,0.12756,0.15569,0.09293,0.04194,0.10057,0.03801,0.04458
0.13119,0.18984,0.14932,0.14702,0.14846,0.07716,0.02659,0.07957,0.02323,0.02760
0.09559,0.06697,0.16730,0.11840,0.13146,0.14088,0.03036,0.15709,0.04086,0.05109
0.12582,0.11487,0.11614,0.10346,0.12591,0.15307,0.03152,0.16216,0.03354,0.03352
0.10100,0.10941,0.10794,0.11464,0.11571,0.11931,0.08041,0.12002,0.07748,0.05410
0.13678,0.10943,0.09388,0.13849,0.17126,0.10670,0.02990,0.12795,0.03764,0.04797
0.15060,0.18244,0.15792,0.12950,0.14413,0.06757,0.03335,0.07467,0.02891,0.03091
0.10178,0.16254,0.10500,0.08170,0.12959,0.12846,0.04332,0.14069,0.04341,0.06351
0.08616,0.08666,0.07377,0.12836,0.14872,0.19234,0.03145,0.20144,0.02639,0.02472
0.11260,0.26666,0.16048,0.11043,0.22127,0.03432,0.01776,0.03570,0.01983,0.02095
0.13989,0.17535,0.14974,0.13366,0.14415,0.07841,0.03348,0.08365,0.02867,0.03299
0.16871,0.14463,0.14436,0.12324,0.18324,0.06526,0.03372,0.06409,0.03168,0.04107
0.15491,0.18310,0.16365,0.15838,0.16471,0.03301,0.03812,0.03675,0.02893,0.03845
0.18236,0.16785,0.19791,0.12807,0.18086,0.03550,0.02067,0.04001,0.02121,0.02556
0.14367,0.23998,0.13060,0.11271,0.11831,0.06483,0.04290,0.06974,0.03281,0.04445
0.11416,0.13465,0.17960,0.13439,0.15576,0.08733,0.02777,0.08731,0.03279,0.04625
0.16687,0.16347,0.10889,0.16910,0.20157,0.04983,0.02734,0.05182,0.02691,0.03420
0.20318,0.25677,0.12502,0.11490,0.14967,0.03941,0.02594,0.04383,0.02073,0.02055
0.18793,0.13237,0.12496,0.11437,0.10163,0.09703,0.03408,0.11512,0.04448,0.04802
0.14515,0.15263,0.14262,0.12620,0.15472,0.09446,0.02716,0.10262,0.02415,0.03031
0.15215,0.16499,0.16372,0.16410,0.17075,0.03438,0.03447,0.04296,0.03667,0.03580
0.17658,0.13522,0.17825,0.19122,0.19323,0.02405,0.02593,0.02735,0.02519,0.02298
0.14070,0.11477,0.24932,0.13493,0.15904,0.06208,0.02945,0.06566,0.01959,0.02445
0.10973,0.20209,0.14446,0.10244,0.16039,0.04249,0.04948,0.05467,0.06459,0.06966
0.17347,0.20425,0.12639,0.11947,0.14688,0.06250,0.03557,0.06632,0.03033,0.03483
0.14180,0.15570,0.18281,0.14218,0.16775,0.05159,0.03418,0.05625,0.03013,0.03761
0.15481,0.12585,0.16212,0.13469,0.17976,0.06699,0.03064,0.06733,0.03440,0.04340
0.11291,0.12479,0.08976,0.12183,0.14016,0.07872,0.07434,0.07417,0.07405,0.10928
0.18607,0.13104,0.14157,0.12499,0.17468,0.05592,0.04344,0.06401,0.03722,0.04106
0.09090,0.11506,0.10867,0.09665,0.10385,0.15961,0.05783,0.15978,0.04630,0.06136
0.19482,0.15305,0.11137,0.15169,0.16346,0.04726,0.04530,0.05491,0.03853,0.03961
0.14204,0.17250,0.15732,0.14771,0.16162,0.07180,0.02202,0.07888,0.02105,0.02506
0.14754,0.12474,0.16398,0.12184,0.15920,0.07787,0.04153,0.07310,0.03827,0.05194
0.10436,0.17497,0.21220,0.20012,0.11109,0.05868,0.02140,0.06459,0.02358,0.02901
0.11541,0.10965,0.16423,0.16267,0.16086,0.06874,0.03741,0.07690,0.04269,0.06145
0.11749,0.19902,0.19773,0.17918,0.12503,0.05815,0.02208,0.06126,0.01638,0.02367
0.18780,0.13212,0.16375,0.13475,0.21629,0.05186,0.02206,0.05160,0.01751,0.02226
0.14603,0.13541,0.16971,0.11513,0.14939,0.03715,0.07979,0.04182,0.07154,0.05402
0.13315,0.23417,0.17610,0.09518,0.10231,0.09775,0.01848,0.09932,0.01825,0.02528
0.13830,0.18217,0.13916,0.12048,0.12881,0.08630,0.04402,0.08446,0.03247,0.04383
0.14964,0.13220,0.14136,0.12344,0.14494,0.06233,0.05170,0.06372,0.05867,0.07201
0.09285,0.11071,0.11564,0.11547,0.14583,0.17652,0.02059,0.18013,0.01976,0.02250
0.12983,0.14715,0.14427,0.12506,0.13520,0.09673,0.03911,0.09761,0.03515,0.04987
0.16491,0.14586,0.13890,0.12034,0.16943,0.08049,0.03259,0.08563,0.02861,0.03323
0.14512,0.23216,0.12906,0.10419,0.12176,0.10318,0.02346,0.10544,0.01481,0.02082
0.18130,0.14326,0.14858,0.15291,0.18623,0.04201,0.02625,0.05124,0.03372,0.03449
0.14776,0.20486,0.18029,0.15359,0.13281,0.02624,0.03881,0.03555,0.03789,0.04220
0.09851,0.15140,0.08226,0.08824,0.09235,0.20296,0.02681,0.20944,0.02061,0.02741
0.21934,0.23209,0.12826,0.07774,0.12880,0.04184,0.04404,0.04405,0.04247,0.04138
0.14549,0.16300,0.21643,0.12812,0.14195,0.04809,0.03271,0.05612,0.03100,0.03709
0.18995,0.12136,0.11654,0.07736,0.15330,0.13607,0.02283,0.14049,0.01789,0.02422
0.14811,0.11983,0.12066,0.19543,0.24559,0.03201,0.03642,0.03579,0.02939,0.03678
0.21292,0.10237,0.14895,0.11179,0.24482,0.04251,0.02725,0.04371,0.03023,0.03544
0.18575,0.17743,0.12672,0.13758,0.19715,0.03418,0.03203,0.03995,0.03095,0.03827
0.13916,0.12694,0.12146,0.13134,0.14058,0.08578,0.04447,0.09538,0.04871,0.06617
0.12268,0.09551,0.11900,0.09683,0.12359,0.16731,0.03020,0.17143,0.02912,0.04433
0.08650,0.12426,0.08554,0.07267,0.07658,0.22793,0.03391,0.23405,0.02311,0.03545
0.17192,0.13923,0.10316,0.09016,0.17556,0.08871,0.04639,0.08724,0.04313,0.05450
0.14862,0.19753,0.11678,0.12697,0.15676,0.07271,0.03445,0.07706,0.03126,0.03786
0.11835,0.18037,0.19697,0.18083,0.13417,0.06469,0.01974,0.06838,0.01723,0.01927
0.16967,0.16108,0.11776,0.09461,0.11753,0.06582,0.05864,0.07615,0.06699,0.07175
0.13177,0.12862,0.18790,0.19353,0.19832,0.03734,0.03089,0.03620,0.02568,0.02976
0.08486,0.09051,0.08578,0.08043,0.08332,0.16983,0.07755,0.17902,0.08345,0.06525
0.11647,0.11060,0.14086,0.14906,0.17245,0.07377,0.05133,0.08505,0.04246,0.05797
0.17458,0.14909,0.14838,0.13978,0.16745,0.04746,0.04833,0.05018,0.03872,0.03602
0.18964,0.11930,0.12354,0.11991,0.16716,0.05159,0.05026,0.05407,0.05392,0.07061
0.11195,0.19592,0.19661,0.16524,0.20578,0.02603,0.02738,0.02534,0.02143,0.02431
0.18073,0.16616,0.11457,0.15907,0.19279,0.04530,0.03630,0.04511,0.02844,0.03153
0.13276,0.14603,0.14333,0.15095,0.15341,0.07263,0.03778,0.08230,0.03444,0.04639
0.16109,0.16752,0.18849,0.15960,0.13774,0.03401,0.03690,0.04098,0.03358,0.04009
0.13094,0.14180,0.17186,0.15900,0.17084,0.06234,0.03350,0.06579,0.02782,0.03612
0.17118,0.11875,0.18819,0.13228,0.14314,0.06231,0.04817,0.05764,0.03700,0.04134
0.16040,0.19647,0.16221,0.17910,0.15808,0.04265,0.01678,0.04909,0.01539,0.01982
0.15867,0.13678,0.24345,0.10632,0.15863,0.03530,0.04463,0.03356,0.03910,0.04355
0.13482,0.17362,0.17139,0.12989,0.13443,0.04290,0.06474,0.04365,0.06092,0.04365
0.13812,0.13266,0.18105,0.19692,0.22066,0.03212,0.02065,0.03703,0.01783,0.02296
0.17946,0.15011,0.14553,0.15127,0.18386,0.04452,0.02943,0.04777,0.03068,0.03739
0.15822,0.16978,0.17989,0.14160,0.16505,0.04685,0.02684,0.05354,0.02495,0.03328
0.10152,0.18768,0.16944,0.14627,0.19422,0.06053,0.02711,0.06510,0.02194,0.02620
0.15603,0.20812,0.15703,0.14556,0.13067,0.05305,0.03543,0.04595,0.02779,0.04036
0.15490,0.16674,0.16847,0.13829,0.16865,0.05072,0.03032,0.05625,0.02735,0.03831
0.13175,0.12644,0.12200,0.10501,0.12915,0.11719,0.05239,0.11056,0.04567,0.05984
0.13865,0.17020,0.15782,0.12117,0.15548,0.05758,0.05178,0.04405,0.04425,0.05901
