0.38559,0.36932,0.10657,0.13853
0.49126,0.47398,0.01631,0.01845
0.32801,0.31331,0.17050,0.18818
0.49608,0.48968,0.00671,0.00753
0.44783,0.44707,0.04501,0.06009
0.43934,0.42214,0.05806,0.08046
0.47478,0.43608,0.03538,0.05376
0.47769,0.49091,0.01200,0.01941
0.49080,0.43953,0.03413,0.03554
0.51845,0.46663,0.00803,0.00689
0.48031,0.49879,0.00587,0.01503
0.43871,0.41645,0.06510,0.07974
0.25073,0.27007,0.25580,0.22341
0.28034,0.25517,0.20919,0.25530
0.48693,0.49784,0.00535,0.00988
0.23499,0.23475,0.24950,0.28076
0.49384,0.48214,0.00923,0.01479
0.08319,0.07697,0.40930,0.43055
0.49244,0.44334,0.02285,0.04137
0.33831,0.32369,0.17543,0.16257
0.47973,0.48233,0.01600,0.02195
0.49326,0.46959,0.01742,0.01973
0.49154,0.48893,0.00826,0.01127
0.13025,0.12954,0.36094,0.37928
0.49927,0.49054,0.00431,0.00588
0.44299,0.43896,0.05261,0.06544
0.45748,0.47370,0.03237,0.03645
0.49756,0.49033,0.00558,0.00652
0.42978,0.39075,0.07242,0.10705
0.48288,0.47021,0.02073,0.02619
0.37846,0.37387,0.11667,0.13101
0.49819,0.46026,0.01724,0.02431
0.12332,0.11130,0.38249,0.38288
0.19916,0.18715,0.25946,0.35423
0.49340,0.48933,0.00612,0.01115
0.38572,0.37006,0.11163,0.13259
0.23512,0.23238,0.25813,0.27437
0.29758,0.30352,0.20585,0.19305
0.44862,0.42931,0.05346,0.06861
0.41789,0.43963,0.06354,0.07895
0.25094,0.23526,0.25200,0.26180
0.06178,0.06193,0.43402,0.44227
0.36306,0.35932,0.13864,0.13898
0.13579,0.09919,0.36456,0.40046
0.45322,0.45700,0.03533,0.05445
0.48016,0.46707,0.01768,0.03509
0.44598,0.46614,0.03794,0.04993
0.39782,0.40938,0.10442,0.08839
0.39102,0.38146,0.10027,0.12725
0.18227,0.18908,0.29506,0.33359
0.48817,0.48370,0.01207,0.01606
0.43666,0.41222,0.05853,0.09259
0.31396,0.28846,0.18379,0.21379
0.17936,0.15904,0.32775,0.33384
0.47581,0.45292,0.03079,0.04048
0.49692,0.48463,0.00809,0.01036
0.48407,0.49246,0.01166,0.01181
0.31888,0.32616,0.16999,0.18497
0.45024,0.44768,0.04204,0.06003
0.31727,0.30742,0.16912,0.20619
0.48106,0.47930,0.01925,0.02039
0.47942,0.47413,0.02025,0.02620
0.45390,0.44341,0.03947,0.06322
0.46465,0.44726,0.03289,0.05520
0.15907,0.14818,0.34446,0.34829
0.47637,0.47551,0.02265,0.02547
0.48192,0.47256,0.02289,0.02264
0.48532,0.46854,0.02291,0.02323
0.29580,0.32204,0.19280,0.18936
0.05473,0.05706,0.43766,0.45055
0.41004,0.41491,0.07406,0.10099
0.32902,0.31777,0.16232,0.19090
0.47294,0.45707,0.02629,0.04370
0.49493,0.48871,0.00809,0.00826
0.46996,0.43977,0.03034,0.05993
0.48575,0.48408,0.01448,0.01569
0.20019,0.22421,0.27559,0.30001
0.17122,0.16536,0.33170,0.33172
0.20682,0.25361,0.25349,0.28609
0.49018,0.48690,0.00934,0.01358
0.34740,0.31461,0.16487,0.17311
0.14001,0.13191,0.35933,0.36875
0.49538,0.48444,0.01080,0.00939
0.50637,0.48245,0.00644,0.00474
0.43166,0.42911,0.06337,0.07586
0.01483,0.01226,0.48727,0.48565
0.49449,0.47924,0.01140,0.01487
0.34168,0.29874,0.16383,0.19575
0.50755,0.45636,0.01744,0.01865
0.46332,0.45373,0.03576,0.04719
0.20711,0.22982,0.30005,0.26302
0.41634,0.44360,0.06046,0.07961
0.48216,0.46536,0.02467,0.02781
0.47520,0.47193,0.02072,0.03215
0.04872,0.04789,0.45215,0.45125
0.41479,0.40859,0.07789,0.09873
0.49683,0.48466,0.00846,0.01006
0.02274,0.02843,0.47684,0.47200
0.49059,0.48364,0.01318,0.01259
0.49801,0.45759,0.02003,0.02437
0.31201,0.30806,0.18116,0.19877
0.04757,0.04282,0.43393,0.47568
0.48031,0.47121,0.02059,0.02789
0.48344,0.48460,0.01307,0.01889
0.48366,0.45358,0.03118,0.03158
0.49383,0.49095,0.00620,0.00902
0.47509,0.47064,0.02470,0.02957
0.05748,0.05200,0.44180,0.44872
0.49547,0.48935,0.00748,0.00770
0.37858,0.39775,0.13122,0.09244
0.34515,0.33036,0.13818,0.18631
0.45063,0.45374,0.04332,0.05231
0.41451,0.39523,0.08447,0.10579
0.34013,0.32164,0.15523,0.18300
0.18975,0.15876,0.31766,0.33383
0.30594,0.30880,0.18673,0.19853
0.28532,0.27899,0.21276,0.22294
0.50560,0.43097,0.03141,0.03201
0.42389,0.42546,0.06973,0.08092
0.38152,0.37844,0.11694,0.12310
0.48361,0.49978,0.00852,0.00809
0.46012,0.46501,0.03164,0.04323
0.43584,0.42955,0.04859,0.08602
0.49445,0.47632,0.00997,0.01926
0.08787,0.07648,0.41382,0.42183
0.50142,0.47416,0.00923,0.01519
0.47327,0.47046,0.02286,0.03340
0.40881,0.41618,0.08221,0.09280
0.48885,0.49112,0.01014,0.00988
0.50192,0.48294,0.00570,0.00944
0.02623,0.03173,0.47193,0.47011
0.05068,0.05384,0.44414,0.45135
0.13893,0.13746,0.35777,0.36583
0.37786,0.43224,0.09626,0.09364
0.46099,0.44004,0.04858,0.05038
0.15431,0.16861,0.33596,0.34111
0.25489,0.26542,0.24132,0.23836
0.34237,0.36046,0.14317,0.15401
0.11955,0.12692,0.37394,0.37959
0.30541,0.29409,0.20096,0.19954
0.50241,0.48714,0.00529,0.00515
0.37899,0.35442,0.12671,0.13987
0.45882,0.46792,0.03924,0.03401
0.49438,0.48919,0.00636,0.01006
0.45964,0.44271,0.04953,0.04811
0.38065,0.38232,0.12006,0.11697
0.48655,0.48815,0.01081,0.01449
0.49499,0.48716,0.00918,0.00868
0.47176,0.48149,0.02347,0.02328
0.45003,0.46842,0.03535,0.04620
0.47665,0.47477,0.02214,0.02644
0.46107,0.49434,0.02409,0.02050
0.43596,0.44156,0.05907,0.06341
0.27303,0.28249,0.20763,0.23686
0.48325,0.47046,0.02088,0.02541
0.48056,0.48073,0.02035,0.01835
0.19033,0.17886,0.28891,0.34190
0.25808,0.27513,0.22549,0.24130
0.47539,0.45268,0.02910,0.04282
0.44742,0.43293,0.05542,0.06423
0.43937,0.45518,0.04099,0.06446
0.48853,0.47470,0.01438,0.02240
0.48219,0.47622,0.02142,0.02017
0.46456,0.48284,0.02215,0.03044
0.26350,0.25793,0.23089,0.24768
0.42038,0.41734,0.07073,0.09154
0.47772,0.48172,0.01796,0.02260
0.47692,0.49956,0.00878,0.01474
0.42223,0.42278,0.06774,0.08725
0.09719,0.10728,0.39084,0.40468
0.30389,0.31311,0.18459,0.19840
0.40957,0.39900,0.09132,0.10011
0.45574,0.45167,0.04585,0.04675
0.42526,0.40876,0.07493,0.09105
0.44246,0.46290,0.05942,0.03522
0.18906,0.16198,0.31361,0.33535
0.43721,0.42666,0.06863,0.06750
0.13450,0.11474,0.36926,0.38150
0.48104,0.48504,0.01419,0.01973
0.47014,0.46537,0.03732,0.02717
0.32721,0.32253,0.17209,0.17817
0.49609,0.48080,0.01023,0.01287
0.00397,0.00319,0.49596,0.49688
0.47124,0.46627,0.02771,0.03478
0.46447,0.44754,0.04077,0.04722
0.25886,0.24188,0.24114,0.25812
0.37878,0.36129,0.12683,0.13311
0.31708,0.30358,0.17135,0.20799
0.04444,0.04416,0.45703,0.45437
0.48696,0.47222,0.01496,0.02586
0.05007,0.04616,0.43950,0.46426
0.31587,0.28578,0.19248,0.20588
0.07571,0.06345,0.43130,0.42955
0.49606,0.49410,0.00466,0.00518
0.32249,0.31015,0.18438,0.18298
0.48589,0.48329,0.01566,0.01516
0.34055,0.32911,0.17228,0.15806
0.31553,0.30859,0.17751,0.19838
0.36024,0.35604,0.13286,0.15086
0.47397,0.47180,0.02234,0.03189
0.30081,0.28203,0.19619,0.22096
0.35194,0.34394,0.14139,0.16272
0.41874,0.40366,0.07576,0.10184
0.04511,0.03845,0.45348,0.46296
0.36075,0.34511,0.12803,0.16611
0.45030,0.47207,0.02367,0.05395
0.44785,0.43721,0.05092,0.06402
0.49276,0.49044,0.00772,0.00908
0.49353,0.48623,0.00934,0.01089
0.35180,0.32867,0.14518,0.17435
0.48786,0.47647,0.01327,0.02240
0.36733,0.35722,0.12900,0.14645
0.48681,0.48922,0.00914,0.01483
0.43624,0.43881,0.04821,0.07674
0.43387,0.41541,0.06343,0.08729
0.49129,0.48155,0.01040,0.01676
0.45305,0.42464,0.04828,0.07402
0.40309,0.39280,0.08718,0.11694
0.36128,0.36775,0.13590,0.13507
0.45828,0.45191,0.04278,0.04703
0.32895,0.33717,0.15469,0.17920
0.45778,0.45803,0.03937,0.04481
0.48102,0.46977,0.02403,0.02517
0.16114,0.16383,0.33068,0.34435
0.28007,0.29058,0.20950,0.21985
0.02613,0.04595,0.46648,0.46143
0.48377,0.45205,0.03557,0.02861
0.47485,0.45402,0.02365,0.04747
0.50161,0.48672,0.00506,0.00661
0.45508,0.43756,0.03554,0.07182
0.47598,0.49579,0.01315,0.01509
0.16781,0.14826,0.34424,0.33969
0.30644,0.28830,0.18787,0.21739
0.05180,0.03680,0.45828,0.45312
0.46047,0.45667,0.03767,0.04520
0.08684,0.07058,0.41539,0.42719
0.24983,0.21971,0.24214,0.28832
0.47573,0.48180,0.01336,0.02910
0.38287,0.39788,0.08680,0.13245
0.42840,0.42541,0.07768,0.06851
0.44863,0.44896,0.04625,0.05616
0.33643,0.34158,0.15695,0.16504
0.36301,0.33373,0.14142,0.16185
0.47345,0.45821,0.02901,0.03933
0.45809,0.44667,0.03742,0.05781
0.47631,0.44505,0.03067,0.04797
0.11520,0.14317,0.36308,0.37855
0.04745,0.03235,0.45783,0.46237
0.48220,0.45042,0.02733,0.04006
0.41593,0.37477,0.10926,0.10003
0.47720,0.49059,0.01439,0.01782
0.35535,0.34392,0.14024,0.16048
0.49738,0.47122,0.01415,0.01724
0.47129,0.46789,0.02657,0.03424
0.46637,0.47189,0.02788,0.03386
0.19923,0.18348,0.31059,0.30670
0.07303,0.08560,0.41956,0.42181
0.47068,0.47842,0.02337,0.02753
0.51416,0.46746,0.00619,0.01218
0.49244,0.48330,0.00887,0.01538
0.33742,0.32475,0.17129,0.16654
0.47145,0.47839,0.02108,0.02908
0.25725,0.27241,0.23291,0.23743
0.49005,0.49011,0.00859,0.01125
0.07624,0.08067,0.41313,0.42995
0.48542,0.47988,0.01239,0.02231
0.49212,0.49239,0.00582,0.00967
0.45717,0.46771,0.03604,0.03907
0.45553,0.42507,0.04714,0.07227
0.28035,0.26410,0.21549,0.24006
0.32875,0.30490,0.17102,0.19533
0.15727,0.15930,0.33579,0.34764
0.47124,0.48125,0.02169,0.02581
0.48500,0.47376,0.02513,0.01610
0.49220,0.43719,0.02959,0.04102
0.46962,0.49303,0.01712,0.02023
0.49838,0.48912,0.00534,0.00715
0.40448,0.38322,0.08314,0.12916
0.47471,0.45290,0.02402,0.04836
0.04396,0.04032,0.45292,0.46279
0.20384,0.21767,0.28978,0.28871
0.48028,0.49182,0.01175,0.01616
0.23337,0.24238,0.25275,0.27150
0.43865,0.45101,0.05643,0.05391
0.49381,0.49196,0.00604,0.00819
0.47161,0.45466,0.03494,0.03879
0.49779,0.49579,0.00314,0.00328
0.49020,0.49192,0.00665,0.01122
0.44793,0.44375,0.04243,0.06589
0.40899,0.41680,0.08110,0.09311
0.44307,0.45031,0.04947,0.05716
0.45993,0.46315,0.02625,0.05066
0.50554,0.48104,0.00507,0.00835
0.44036,0.41845,0.05218,0.08901
0.17707,0.16711,0.33111,0.32472
0.49246,0.45715,0.01970,0.03069
0.16693,0.15171,0.34502,0.33633
0.25671,0.25330,0.23062,0.25937
0.38392,0.34237,0.12482,0.14889
0.09593,0.08113,0.36967,0.45328
