0.04298,0.03605,0.03200,0.04541,0.03830,0.03305,0.04376,0.16011,0.13634,0.02107,0.30006,0.02005,0.04016,0.02465,0.02601
0.04517,0.03985,0.04089,0.05157,0.04411,0.04602,0.05956,0.05382,0.05259,0.02808,0.38239,0.02501,0.06149,0.02947,0.04000
0.09015,0.06675,0.07194,0.09560,0.08463,0.04730,0.04342,0.12142,0.12722,0.04221,0.03616,0.04141,0.03772,0.03556,0.05850
0.07798,0.06407,0.05899,0.08207,0.07662,0.04187,0.03476,0.17146,0.18314,0.03173,0.02993,0.03448,0.02820,0.03767,0.04703
0.05136,0.04468,0.05140,0.05078,0.05923,0.04695,0.04493,0.17756,0.14457,0.04706,0.05481,0.05603,0.06641,0.04661,0.05763
0.10002,0.06140,0.08511,0.09070,0.13556,0.04012,0.03273,0.10273,0.09809,0.03643,0.03279,0.05118,0.04285,0.04223,0.04806
0.06663,0.04879,0.05119,0.07580,0.06669,0.10200,0.06050,0.11597,0.10697,0.03098,0.09491,0.02707,0.04587,0.03717,0.06943
0.05784,0.04488,0.04740,0.05765,0.05853,0.03298,0.03280,0.25847,0.20275,0.02427,0.05287,0.02986,0.04537,0.02297,0.03137
0.06546,0.06416,0.06192,0.07870,0.07987,0.08587,0.06463,0.10738,0.09954,0.03243,0.07496,0.03094,0.04784,0.04760,0.05871
0.04561,0.05113,0.03861,0.05839,0.04699,0.03512,0.04171,0.23618,0.19922,0.02211,0.09904,0.02256,0.04589,0.02604,0.03141
0.05918,0.04671,0.05571,0.06013,0.05668,0.04205,0.04395,0.19802,0.14509,0.04166,0.04412,0.05039,0.06303,0.04420,0.04908
0.10366,0.08003,0.06070,0.09461,0.09873,0.03191,0.03214,0.15075,0.14525,0.02182,0.06564,0.02197,0.03845,0.02540,0.02893
0.05155,0.04122,0.04303,0.05224,0.05153,0.08404,0.07109,0.11030,0.10802,0.06707,0.04523,0.06506,0.06596,0.05769,0.08597
0.06194,0.05051,0.04744,0.06796,0.05922,0.06509,0.06126,0.12649,0.12778,0.03127,0.13152,0.02839,0.05257,0.03560,0.05296
0.05335,0.05023,0.04875,0.06098,0.06192,0.05241,0.06566,0.07574,0.06966,0.03114,0.25499,0.03063,0.06671,0.02911,0.04874
0.03934,0.03972,0.03524,0.04189,0.04303,0.10948,0.12332,0.08196,0.08910,0.04531,0.10751,0.04055,0.05216,0.04342,0.10798
0.09990,0.07720,0.06188,0.09658,0.07733,0.04214,0.04617,0.09098,0.07707,0.02361,0.17308,0.02452,0.05369,0.02461,0.03123
0.13274,0.09527,0.08302,0.11432,0.15158,0.02979,0.02263,0.10149,0.09913,0.02867,0.02253,0.03272,0.02760,0.02867,0.02985
0.08467,0.08487,0.08421,0.09673,0.08373,0.04229,0.04274,0.08513,0.09452,0.05742,0.02698,0.05959,0.04312,0.05542,0.05859
0.06026,0.05022,0.04807,0.06591,0.06124,0.07022,0.06433,0.12892,0.14217,0.03840,0.07708,0.03199,0.05051,0.04239,0.06829
0.08360,0.09396,0.08470,0.12121,0.09422,0.04774,0.04403,0.08331,0.07833,0.04631,0.04084,0.04219,0.04474,0.03690,0.05794
0.04105,0.04345,0.03802,0.04430,0.04129,0.09485,0.10765,0.05148,0.04747,0.05355,0.20004,0.04037,0.07250,0.04112,0.08286
0.08819,0.06889,0.05907,0.10940,0.10227,0.05503,0.04955,0.10649,0.10518,0.02795,0.06091,0.02844,0.03691,0.03431,0.06740
0.07895,0.05129,0.06745,0.07285,0.08690,0.03698,0.03450,0.11506,0.09424,0.08437,0.02764,0.10179,0.05147,0.04996,0.04656
0.09918,0.07633,0.06311,0.09433,0.11220,0.10208,0.05007,0.06194,0.05520,0.02709,0.08783,0.03218,0.05064,0.03154,0.05627
0.06639,0.07788,0.06049,0.13865,0.07563,0.09479,0.08616,0.04530,0.04811,0.04012,0.07492,0.02918,0.04217,0.04666,0.07354
0.06334,0.04854,0.05238,0.07226,0.05830,0.11139,0.08091,0.04917,0.04945,0.02538,0.19984,0.02447,0.05715,0.03500,0.07242
0.09756,0.09819,0.07375,0.11034,0.07908,0.06023,0.06119,0.06313,0.05891,0.03829,0.08724,0.03598,0.05367,0.03684,0.04559
0.05594,0.04152,0.04703,0.04975,0.05365,0.03761,0.04623,0.23068,0.21681,0.03636,0.04462,0.03668,0.03574,0.03150,0.03587
0.11651,0.08412,0.09699,0.07787,0.12371,0.02764,0.02880,0.13242,0.11548,0.02447,0.04546,0.02886,0.04318,0.02560,0.02889
0.08894,0.06681,0.08645,0.09753,0.10397,0.06430,0.04698,0.05925,0.05970,0.04494,0.02849,0.06718,0.03912,0.05223,0.09410
0.07429,0.07183,0.05705,0.07725,0.09876,0.09192,0.05974,0.07372,0.06986,0.04242,0.04757,0.04474,0.04909,0.05285,0.08891
0.17610,0.09157,0.09678,0.16847,0.18232,0.03102,0.02952,0.03796,0.03343,0.02125,0.03301,0.02213,0.02562,0.02088,0.02995
0.05719,0.04970,0.04591,0.05328,0.05895,0.07043,0.06476,0.14052,0.13841,0.03274,0.09667,0.03519,0.05035,0.04043,0.06548
0.05056,0.04535,0.04128,0.05519,0.05743,0.03564,0.03733,0.23937,0.21937,0.02479,0.05781,0.02753,0.04784,0.02569,0.03480
0.05238,0.04509,0.05372,0.05584,0.05715,0.07240,0.06168,0.09120,0.08325,0.07954,0.03560,0.10188,0.06275,0.06646,0.08105
0.11275,0.06072,0.11447,0.07306,0.10309,0.03799,0.03275,0.12226,0.11620,0.03178,0.04321,0.03857,0.04040,0.03665,0.03610
0.07130,0.05795,0.05897,0.06895,0.06790,0.05565,0.05845,0.13457,0.13307,0.04020,0.06741,0.03993,0.05301,0.03662,0.05602
0.06015,0.05135,0.04747,0.06040,0.06354,0.04617,0.04597,0.19403,0.17783,0.03061,0.07596,0.02571,0.04269,0.03309,0.04503
0.05061,0.03862,0.04226,0.04640,0.05711,0.03981,0.04169,0.25153,0.20360,0.02463,0.06607,0.02494,0.04241,0.02898,0.04132
0.04555,0.03960,0.04531,0.04784,0.05339,0.03652,0.03984,0.22085,0.17634,0.04966,0.05282,0.05306,0.06710,0.03623,0.03588
0.05144,0.03973,0.04223,0.04737,0.04914,0.04690,0.04872,0.19383,0.21191,0.04280,0.04117,0.03820,0.04783,0.04588,0.05286
0.05647,0.05135,0.05156,0.06663,0.05496,0.07785,0.09739,0.07440,0.07410,0.04349,0.12220,0.03847,0.06095,0.04087,0.08930
0.06039,0.04704,0.04349,0.05724,0.05595,0.04510,0.04070,0.18153,0.15588,0.02251,0.15843,0.02256,0.04524,0.02674,0.03721
0.05322,0.04686,0.04935,0.05503,0.05365,0.06154,0.05558,0.16479,0.15719,0.03450,0.07975,0.03831,0.05865,0.03998,0.05161
0.06362,0.06237,0.06066,0.08486,0.06328,0.04466,0.05859,0.11730,0.11167,0.05972,0.04484,0.06017,0.06418,0.04814,0.05596
0.05866,0.04637,0.04995,0.05538,0.05830,0.10316,0.07579,0.10648,0.09305,0.04868,0.05488,0.05116,0.05742,0.04954,0.09117
0.05204,0.04094,0.04063,0.04962,0.05038,0.06054,0.06178,0.17114,0.17612,0.03867,0.06860,0.03526,0.05117,0.04095,0.06216
0.13627,0.04956,0.07148,0.12603,0.17577,0.06932,0.03695,0.04691,0.04155,0.03590,0.03328,0.03756,0.03572,0.03555,0.06814
0.08198,0.06050,0.06501,0.07307,0.09132,0.07099,0.06754,0.07348,0.06211,0.04308,0.08426,0.04300,0.07248,0.04136,0.06983
0.08513,0.07772,0.07100,0.09150,0.08232,0.06007,0.05578,0.07943,0.08110,0.03904,0.07855,0.04466,0.05737,0.04191,0.05441
0.07043,0.05903,0.04924,0.07749,0.07020,0.05656,0.05301,0.16496,0.15777,0.03442,0.05713,0.02928,0.03850,0.03290,0.04907
0.06031,0.05832,0.05548,0.06614,0.06990,0.06987,0.06691,0.10258,0.09731,0.06364,0.04559,0.05894,0.06343,0.05290,0.06868
0.04840,0.04232,0.04150,0.04885,0.04139,0.06668,0.08872,0.08589,0.07858,0.03724,0.23461,0.03562,0.06249,0.03388,0.05382
0.07158,0.06060,0.05203,0.08301,0.07047,0.08556,0.06351,0.12178,0.11407,0.03122,0.06137,0.03163,0.03860,0.04217,0.07240
0.05428,0.04044,0.05608,0.06438,0.06178,0.05407,0.05050,0.15843,0.15707,0.04862,0.03607,0.05697,0.04536,0.05454,0.06141
0.05071,0.03850,0.04471,0.06124,0.05971,0.04196,0.04608,0.19553,0.20569,0.02433,0.08880,0.02553,0.04155,0.02994,0.04572
0.09434,0.07696,0.06962,0.08412,0.08854,0.04511,0.03505,0.17037,0.12122,0.02274,0.05779,0.02552,0.04875,0.02645,0.03341
0.06051,0.05250,0.05572,0.06407,0.06181,0.05074,0.04769,0.13919,0.13616,0.05864,0.03714,0.07556,0.05110,0.05273,0.05645
0.05768,0.04827,0.05080,0.05082,0.06319,0.07015,0.06257,0.05450,0.05182,0.10548,0.04272,0.09605,0.07792,0.05823,0.10980
0.06581,0.05747,0.06016,0.06678,0.06950,0.06375,0.05518,0.14050,0.12597,0.03776,0.06278,0.04012,0.05261,0.04221,0.05938
0.06979,0.05555,0.05522,0.09270,0.07095,0.04226,0.04784,0.17477,0.14888,0.03129,0.06538,0.02798,0.04248,0.03020,0.04471
0.05337,0.04359,0.05232,0.06306,0.05724,0.07779,0.07192,0.09290,0.09625,0.06662,0.03733,0.06933,0.04595,0.07097,0.10138
0.10364,0.10490,0.08703,0.14656,0.08927,0.06098,0.04715,0.05125,0.04813,0.03615,0.06056,0.03287,0.04846,0.03445,0.04861
0.05572,0.05217,0.04874,0.05600,0.04936,0.07861,0.07981,0.12888,0.12223,0.03872,0.09825,0.03231,0.04878,0.04442,0.06599
0.09019,0.07931,0.07007,0.10406,0.09455,0.04604,0.03821,0.11964,0.11130,0.03397,0.05043,0.03739,0.05086,0.03427,0.03970
0.07381,0.06648,0.06055,0.08466,0.08758,0.03431,0.02907,0.17977,0.20240,0.02371,0.03539,0.02255,0.03190,0.02962,0.03821
0.07221,0.06441,0.06329,0.07785,0.07336,0.06784,0.05843,0.10255,0.08768,0.03955,0.09447,0.03642,0.06538,0.03914,0.05744
0.05772,0.05451,0.04843,0.06146,0.05516,0.04538,0.05385,0.16582,0.15519,0.02802,0.12762,0.02697,0.04875,0.03228,0.03884
0.05445,0.05569,0.04752,0.06296,0.05565,0.07688,0.08333,0.11179,0.10342,0.03456,0.11156,0.03284,0.06059,0.03870,0.07006
0.10546,0.08455,0.07205,0.09507,0.14125,0.06031,0.05031,0.06631,0.06537,0.03683,0.03363,0.03714,0.04177,0.04217,0.06777
0.05189,0.04939,0.04704,0.06048,0.05489,0.10377,0.07191,0.07632,0.07935,0.04641,0.07315,0.04795,0.06222,0.05581,0.11944
0.05060,0.04025,0.04017,0.04927,0.05189,0.04759,0.05821,0.19258,0.21508,0.02947,0.07398,0.02667,0.04318,0.03544,0.04563
0.05347,0.04721,0.04387,0.05417,0.05414,0.06103,0.04871,0.18679,0.15871,0.04920,0.04386,0.05329,0.04753,0.04535,0.05265
0.09922,0.09645,0.08335,0.11851,0.10876,0.05385,0.05082,0.05766,0.05598,0.03838,0.04985,0.03774,0.04029,0.03534,0.07381
0.08334,0.06922,0.05855,0.08691,0.06701,0.05452,0.05657,0.08028,0.07417,0.03242,0.19759,0.02499,0.04853,0.02478,0.04112
0.07272,0.06384,0.05247,0.07449,0.06589,0.05532,0.04848,0.12524,0.12406,0.03016,0.14146,0.02644,0.05302,0.02591,0.04049
0.10766,0.09810,0.06197,0.16016,0.08978,0.04265,0.04318,0.09330,0.08725,0.02106,0.06884,0.02537,0.04075,0.02643,0.03350
0.06540,0.04704,0.05581,0.05526,0.06099,0.06098,0.05070,0.16632,0.14898,0.03997,0.04828,0.04141,0.06051,0.04318,0.05518
0.07180,0.06786,0.06340,0.07920,0.07614,0.04456,0.04200,0.14500,0.11842,0.05234,0.04376,0.05281,0.05325,0.04430,0.04516
0.14219,0.08272,0.10236,0.08847,0.10037,0.04672,0.03862,0.07482,0.06882,0.03566,0.04880,0.03901,0.05583,0.03412,0.04149
0.04650,0.04363,0.03875,0.05250,0.05132,0.05821,0.04740,0.20706,0.20168,0.02456,0.09339,0.02269,0.03512,0.03087,0.04633
0.06229,0.05908,0.05037,0.10994,0.07397,0.10524,0.07280,0.07694,0.08832,0.03320,0.05896,0.02889,0.04253,0.04111,0.09636
0.07259,0.05647,0.05577,0.07263,0.06414,0.05584,0.04470,0.16693,0.12636,0.03870,0.05387,0.04033,0.05697,0.04325,0.05144
0.06111,0.05298,0.05602,0.06340,0.05659,0.07747,0.07829,0.07038,0.06504,0.03261,0.18248,0.02807,0.06897,0.03873,0.06787
0.11379,0.08794,0.06850,0.09083,0.07100,0.04902,0.05312,0.07485,0.06772,0.02934,0.15533,0.02642,0.04618,0.02604,0.03991
0.06120,0.06964,0.06553,0.08199,0.08713,0.04807,0.04460,0.13591,0.14010,0.04481,0.03498,0.03901,0.04212,0.05125,0.05368
0.05663,0.04729,0.03572,0.07166,0.05327,0.04250,0.03946,0.23726,0.22215,0.02323,0.04973,0.02120,0.03407,0.02795,0.03789
0.10023,0.06812,0.06615,0.09227,0.09506,0.03823,0.03789,0.11527,0.12612,0.02819,0.07826,0.03330,0.05796,0.02722,0.03575
0.12029,0.09973,0.07552,0.17587,0.11072,0.03082,0.03262,0.08706,0.10127,0.01970,0.04212,0.02180,0.02947,0.02320,0.02979
0.05507,0.04524,0.04995,0.05574,0.06141,0.08192,0.07990,0.06182,0.05876,0.06299,0.08457,0.05472,0.07154,0.05275,0.12359
0.09029,0.10841,0.06821,0.15708,0.08562,0.05014,0.04492,0.07962,0.07743,0.03750,0.05040,0.03507,0.03995,0.03227,0.04309
0.09020,0.13483,0.08014,0.08765,0.09719,0.04270,0.03243,0.10188,0.10886,0.03296,0.02134,0.04237,0.03221,0.04076,0.05446
0.09104,0.07135,0.10276,0.07684,0.11709,0.05489,0.06283,0.07165,0.07864,0.02710,0.09585,0.02508,0.04195,0.03322,0.04971
0.07996,0.07340,0.07163,0.06612,0.09265,0.04856,0.05182,0.06682,0.06705,0.04772,0.09970,0.05052,0.07869,0.04238,0.06297
0.03984,0.03405,0.03062,0.05178,0.04370,0.04166,0.03810,0.21264,0.28104,0.01791,0.10648,0.01717,0.03189,0.02011,0.03301
0.09036,0.06950,0.05616,0.10662,0.07157,0.06353,0.06983,0.07401,0.06631,0.02931,0.13565,0.03083,0.05108,0.03066,0.05456
0.05138,0.04275,0.05903,0.05296,0.05350,0.05368,0.04482,0.10150,0.08779,0.09855,0.03339,0.13059,0.05463,0.06568,0.06976
0.05148,0.04926,0.04784,0.06055,0.05333,0.08264,0.08246,0.11707,0.11138,0.03873,0.09351,0.03479,0.05930,0.04469,0.07295
0.06195,0.05473,0.05590,0.08902,0.07689,0.03948,0.03782,0.18475,0.19204,0.03197,0.02645,0.03363,0.02911,0.04169,0.04456
