0.05013,0.03732,0.04513,0.04420,0.05742,0.03930,0.03827,0.23616,0.22256,0.03209,0.05109,0.03358,0.04158,0.03288,0.03827
0.08768,0.07260,0.07743,0.07635,0.09189,0.05686,0.05321,0.07579,0.07456,0.05349,0.04555,0.06330,0.06108,0.04908,0.06112
0.07764,0.05677,0.06025,0.06686,0.07079,0.05760,0.07305,0.07079,0.06784,0.05490,0.09294,0.05137,0.07388,0.05406,0.07125
0.10207,0.08474,0.08040,0.09019,0.10394,0.04003,0.03609,0.11569,0.11659,0.03055,0.06087,0.02907,0.03778,0.03069,0.04129
0.05584,0.05211,0.04717,0.06018,0.06153,0.05351,0.04997,0.17067,0.15950,0.04081,0.06555,0.03987,0.05249,0.03580,0.05499
0.08090,0.06797,0.06763,0.07397,0.08573,0.06484,0.05466,0.08169,0.08154,0.04201,0.07375,0.04823,0.06250,0.04971,0.06489
0.05073,0.04201,0.04243,0.04586,0.06070,0.04257,0.04104,0.21502,0.20952,0.03462,0.05324,0.03767,0.04407,0.03343,0.04709
0.08127,0.06647,0.06541,0.08311,0.08358,0.06823,0.05068,0.08135,0.08020,0.05179,0.06866,0.05269,0.06269,0.04491,0.05897
0.04973,0.04045,0.04339,0.04343,0.05331,0.05360,0.05017,0.18977,0.18332,0.03868,0.06757,0.04323,0.05202,0.04209,0.04922
0.07326,0.06213,0.05710,0.08133,0.07070,0.05633,0.05544,0.09003,0.08297,0.02974,0.14531,0.02888,0.08383,0.02952,0.05344
0.04901,0.05221,0.05804,0.04896,0.05637,0.06310,0.06121,0.07781,0.07210,0.08288,0.05559,0.08893,0.08182,0.07029,0.08166
0.13015,0.09578,0.08217,0.11753,0.10065,0.04914,0.04676,0.05346,0.05069,0.03513,0.06409,0.04441,0.05204,0.03380,0.04421
0.08915,0.07275,0.07867,0.08468,0.08116,0.04443,0.05329,0.08357,0.08907,0.03941,0.10418,0.04024,0.05729,0.03404,0.04808
0.07028,0.04820,0.06167,0.05523,0.07142,0.09040,0.06932,0.07994,0.07543,0.05383,0.06489,0.05613,0.05941,0.05381,0.09004
0.07620,0.07564,0.07241,0.08132,0.07510,0.04966,0.04623,0.13423,0.13149,0.03555,0.04800,0.03687,0.04663,0.03774,0.05293
0.08976,0.05879,0.07022,0.06904,0.08712,0.05409,0.04586,0.14051,0.13367,0.03057,0.05042,0.03457,0.04597,0.03613,0.05328
0.07643,0.06986,0.07096,0.09112,0.08248,0.05511,0.05407,0.09809,0.09041,0.04345,0.05389,0.05432,0.05437,0.04891,0.05651
0.09560,0.07889,0.07045,0.10969,0.08528,0.07328,0.06060,0.05247,0.04870,0.03899,0.09061,0.03725,0.05703,0.03737,0.06380
0.05745,0.04906,0.05401,0.06579,0.06151,0.04899,0.04688,0.18775,0.18052,0.02794,0.06296,0.02992,0.04474,0.02904,0.05344
0.08060,0.06156,0.06109,0.07347,0.07765,0.06908,0.06178,0.08095,0.07806,0.03445,0.11431,0.04170,0.06239,0.03804,0.06487
0.09297,0.09092,0.07704,0.12880,0.10072,0.04215,0.04104,0.10995,0.10523,0.02961,0.04694,0.02654,0.03911,0.03052,0.03847
0.09642,0.07714,0.07395,0.10336,0.09892,0.04681,0.04481,0.10158,0.09859,0.02740,0.08136,0.03299,0.04586,0.03155,0.03924
0.07841,0.06541,0.05972,0.07713,0.06950,0.04875,0.04988,0.14636,0.13428,0.03346,0.07223,0.03260,0.04996,0.03668,0.04562
0.06298,0.05414,0.05029,0.05898,0.05442,0.06736,0.06003,0.10375,0.09869,0.03599,0.14672,0.03012,0.08278,0.03637,0.05737
0.05186,0.03971,0.04494,0.05059,0.05163,0.09555,0.06588,0.07796,0.07280,0.07718,0.05086,0.08351,0.07284,0.06793,0.09677
0.07049,0.06324,0.06146,0.07153,0.07164,0.05393,0.04783,0.15151,0.13932,0.03949,0.05601,0.03871,0.04529,0.03742,0.05213
0.05303,0.05112,0.04950,0.05116,0.04781,0.05205,0.05903,0.13113,0.13099,0.04237,0.11954,0.03769,0.07094,0.04448,0.05917
0.08042,0.08193,0.07135,0.11665,0.08056,0.05022,0.04908,0.10297,0.10335,0.03664,0.05861,0.03491,0.04971,0.03694,0.04666
0.04849,0.04716,0.05177,0.05405,0.04808,0.06840,0.05936,0.07312,0.06674,0.07945,0.06443,0.09546,0.08796,0.06751,0.08803
0.09709,0.07190,0.07957,0.08980,0.09213,0.04485,0.04389,0.13031,0.11872,0.03562,0.04584,0.03441,0.03782,0.03292,0.04511
0.07416,0.06294,0.06182,0.08165,0.07587,0.06229,0.05340,0.10538,0.10113,0.04698,0.06268,0.04872,0.06294,0.04030,0.05973
0.05902,0.04712,0.05656,0.05251,0.06337,0.05332,0.04975,0.13389,0.12210,0.05938,0.03872,0.07598,0.06354,0.05259,0.07213
0.04924,0.05269,0.04637,0.05176,0.04971,0.04999,0.05527,0.16345,0.15674,0.03646,0.09536,0.03724,0.06566,0.03596,0.05411
0.08522,0.07711,0.06730,0.08866,0.07333,0.07014,0.05516,0.07394,0.07503,0.04352,0.06349,0.05058,0.05599,0.05191,0.06862
0.08113,0.08070,0.07243,0.11809,0.08549,0.05556,0.05341,0.08333,0.08188,0.03731,0.05719,0.04341,0.04644,0.04022,0.06341
0.08705,0.06563,0.07195,0.06633,0.08118,0.05534,0.04760,0.09430,0.08588,0.05620,0.05199,0.06615,0.06242,0.04582,0.06217
0.06811,0.05329,0.05061,0.05518,0.06414,0.07057,0.06311,0.09354,0.08572,0.03087,0.14426,0.03750,0.08040,0.03500,0.06771
0.07268,0.05567,0.05590,0.07002,0.07660,0.09356,0.07352,0.08393,0.07425,0.04459,0.08031,0.03590,0.05270,0.04769,0.08266
0.06127,0.05127,0.05687,0.06462,0.07055,0.03926,0.04286,0.18297,0.16857,0.04201,0.03972,0.04934,0.04636,0.03498,0.04935
0.06519,0.06168,0.05644,0.07132,0.06784,0.04153,0.04498,0.16694,0.16115,0.03122,0.07287,0.03538,0.05046,0.03169,0.04130
0.05497,0.04554,0.04252,0.05608,0.04607,0.09310,0.09348,0.06203,0.07364,0.06522,0.08011,0.06053,0.05439,0.06410,0.10822
0.07172,0.06906,0.06852,0.07405,0.07580,0.06069,0.05699,0.07763,0.07782,0.06085,0.05599,0.06371,0.05880,0.05639,0.07199
0.09053,0.08220,0.08131,0.09703,0.08711,0.06301,0.05782,0.05389,0.05321,0.03919,0.08474,0.04361,0.06181,0.04233,0.06220
0.07364,0.06507,0.06733,0.09463,0.07498,0.04742,0.05723,0.12677,0.12603,0.03550,0.05827,0.03582,0.04452,0.03851,0.05430
0.13809,0.10720,0.10527,0.11341,0.12267,0.04384,0.03657,0.05232,0.04900,0.03035,0.05625,0.03115,0.03925,0.03209,0.04252
0.05822,0.04953,0.05464,0.05805,0.05839,0.06640,0.06403,0.08938,0.08274,0.06579,0.07021,0.07808,0.07462,0.05638,0.07354
0.05496,0.04869,0.04539,0.05079,0.05724,0.06504,0.06368,0.10262,0.09711,0.05474,0.09275,0.05901,0.07653,0.05839,0.07306
0.08644,0.07524,0.07293,0.08789,0.08006,0.05623,0.05543,0.06842,0.06503,0.05443,0.05805,0.05668,0.06553,0.04825,0.06939
0.07716,0.07071,0.06209,0.08262,0.07677,0.05381,0.04983,0.11110,0.10310,0.04217,0.07996,0.04750,0.05467,0.03785,0.05068
0.08891,0.07444,0.07650,0.07030,0.08774,0.04598,0.04591,0.11873,0.11877,0.03934,0.06837,0.03881,0.04501,0.03426,0.04690
0.04988,0.04227,0.04111,0.04960,0.04480,0.07623,0.08931,0.04809,0.05711,0.06093,0.15930,0.05286,0.08866,0.05692,0.08293
0.12851,0.08693,0.09730,0.11876,0.13632,0.03745,0.03471,0.08122,0.07445,0.02585,0.04905,0.02818,0.03835,0.02604,0.03689
0.05548,0.05084,0.05381,0.06914,0.05533,0.06786,0.06863,0.08540,0.08448,0.03155,0.17604,0.02714,0.08385,0.03208,0.05836
0.07411,0.07071,0.06987,0.08216,0.08916,0.03957,0.04907,0.11761,0.12298,0.04462,0.06528,0.03977,0.04824,0.03941,0.04742
0.05509,0.04985,0.04059,0.05071,0.05306,0.04754,0.04795,0.21479,0.21067,0.03221,0.05213,0.02975,0.03754,0.03298,0.04514
0.08334,0.06087,0.05829,0.07574,0.08636,0.05073,0.04440,0.13540,0.13110,0.03994,0.05714,0.04263,0.04694,0.03578,0.05135
0.08305,0.07059,0.07073,0.07996,0.08266,0.05451,0.04708,0.11505,0.11191,0.03719,0.06901,0.03729,0.05084,0.03758,0.05256
0.06375,0.06518,0.07517,0.05295,0.07664,0.06063,0.05133,0.05989,0.05426,0.07464,0.06339,0.09046,0.07579,0.05779,0.07813
0.07408,0.07161,0.06272,0.06772,0.06723,0.05642,0.05810,0.08678,0.08266,0.04564,0.09994,0.04868,0.07594,0.04379,0.05870
0.05086,0.04835,0.04686,0.06033,0.05545,0.06718,0.07545,0.09000,0.09077,0.05579,0.09755,0.05547,0.06882,0.05442,0.08269
0.04138,0.03496,0.03572,0.03992,0.04658,0.04783,0.04878,0.21905,0.20231,0.03806,0.06319,0.04037,0.04870,0.03929,0.05387
0.07418,0.05873,0.05869,0.07337,0.06946,0.04812,0.04055,0.17375,0.16539,0.03098,0.04646,0.03677,0.03937,0.03717,0.04702
0.05891,0.05037,0.04761,0.05906,0.05561,0.05430,0.06398,0.13079,0.12425,0.04950,0.08896,0.04400,0.06306,0.04368,0.06591
0.09284,0.07637,0.08074,0.09306,0.10189,0.06519,0.05078,0.06991,0.06199,0.04710,0.05569,0.04534,0.05370,0.04436,0.06104
0.07374,0.05623,0.06300,0.07793,0.07939,0.06051,0.04954,0.10319,0.10344,0.05455,0.04647,0.06322,0.05733,0.04760,0.06387
0.11086,0.08781,0.07218,0.10343,0.09540,0.06465,0.05579,0.05184,0.04769,0.03267,0.08932,0.03846,0.05316,0.04081,0.05593
0.13242,0.07297,0.11027,0.11221,0.14075,0.04859,0.04077,0.04538,0.04044,0.03176,0.06238,0.03316,0.04756,0.03344,0.04791
0.09402,0.07867,0.06668,0.09480,0.08521,0.05459,0.05810,0.07438,0.06772,0.04650,0.07158,0.04686,0.05929,0.04086,0.06072
0.09451,0.07324,0.07187,0.09767,0.08442,0.05318,0.04032,0.10963,0.10872,0.04170,0.04298,0.04743,0.04510,0.03642,0.05280
0.07413,0.06112,0.05684,0.07577,0.06690,0.05439,0.06831,0.07461,0.06694,0.04160,0.13205,0.04027,0.08794,0.03890,0.06024
0.07616,0.06305,0.05858,0.07909,0.06725,0.05991,0.05370,0.11553,0.11109,0.04659,0.05018,0.05466,0.05010,0.04836,0.06577
0.06210,0.05620,0.06125,0.05866,0.06704,0.05514,0.05236,0.12152,0.11964,0.05991,0.04327,0.06624,0.05827,0.05297,0.06543
0.06134,0.05615,0.05398,0.05336,0.06816,0.06200,0.04955,0.14482,0.13586,0.04984,0.04480,0.05476,0.05245,0.04647,0.06646
0.09628,0.08296,0.06556,0.09602,0.08420,0.05992,0.05178,0.07806,0.07256,0.03015,0.10230,0.03185,0.06227,0.03389,0.05217
0.08196,0.06352,0.07577,0.06462,0.08520,0.04864,0.05491,0.10453,0.09875,0.03520,0.10991,0.03908,0.06280,0.03142,0.04369
0.09361,0.08727,0.08568,0.09564,0.08574,0.05709,0.05308,0.05900,0.05511,0.05430,0.05113,0.06128,0.05486,0.04867,0.05755
0.08083,0.07735,0.07539,0.10688,0.08181,0.04041,0.03909,0.13392,0.12058,0.03102,0.05628,0.03482,0.04858,0.03274,0.04030
0.03922,0.03609,0.04042,0.03766,0.04470,0.03705,0.03477,0.25751,0.24842,0.03725,0.03085,0.04660,0.03884,0.03778,0.03285
0.05729,0.04729,0.04304,0.05365,0.05409,0.07734,0.05935,0.15845,0.14549,0.04336,0.05275,0.04181,0.04515,0.04940,0.07154
0.09850,0.07032,0.07903,0.09708,0.09914,0.05581,0.04535,0.10314,0.09515,0.03117,0.06501,0.03494,0.04386,0.03305,0.04844
0.05223,0.04764,0.04851,0.06162,0.05785,0.03809,0.04078,0.21819,0.21391,0.02129,0.06764,0.02557,0.04239,0.02426,0.04002
0.06559,0.06076,0.05794,0.06208,0.06951,0.05136,0.06658,0.08786,0.08806,0.05620,0.06856,0.06204,0.06689,0.06086,0.07572
0.08233,0.07535,0.06626,0.08205,0.07703,0.06426,0.05617,0.10580,0.09398,0.04319,0.05986,0.04378,0.04957,0.04082,0.05955
0.06227,0.05829,0.05585,0.07942,0.06905,0.04905,0.06048,0.12651,0.12518,0.04647,0.07043,0.04051,0.06063,0.04051,0.05534
0.05325,0.04515,0.04211,0.05667,0.05591,0.11397,0.08461,0.07491,0.07394,0.03962,0.10954,0.03555,0.06671,0.05347,0.09460
0.07765,0.06471,0.07131,0.06680,0.08306,0.04372,0.05099,0.09976,0.09276,0.04242,0.10171,0.04548,0.06939,0.03685,0.05342
0.06587,0.04614,0.05530,0.05721,0.06158,0.05384,0.06141,0.12848,0.11925,0.04418,0.09174,0.04329,0.06536,0.04530,0.06106
0.06056,0.05297,0.05109,0.06356,0.05835,0.04477,0.03898,0.19964,0.18496,0.03280,0.06276,0.03477,0.04570,0.02809,0.04099
0.09064,0.07984,0.06675,0.09917,0.07909,0.05077,0.05381,0.06489,0.06590,0.03143,0.13640,0.02950,0.07224,0.03115,0.04843
0.05135,0.04048,0.04804,0.05158,0.05489,0.04752,0.04533,0.19146,0.18114,0.04650,0.03567,0.05772,0.05052,0.04296,0.05482
0.05389,0.04644,0.04744,0.05933,0.06047,0.09804,0.07786,0.10010,0.09820,0.04546,0.06102,0.05412,0.05171,0.05688,0.08903
0.05693,0.05053,0.05076,0.07198,0.06269,0.10353,0.08303,0.07824,0.08435,0.04511,0.06449,0.04726,0.04246,0.05629,0.10234
0.06734,0.05958,0.06328,0.07645,0.06950,0.06971,0.06198,0.07479,0.07768,0.05564,0.07147,0.05962,0.05874,0.05430,0.07992
0.09504,0.08884,0.07270,0.12978,0.08889,0.05307,0.05029,0.07146,0.07163,0.03353,0.07149,0.03121,0.04939,0.03763,0.05505
0.06894,0.05452,0.05781,0.06073,0.06933,0.04373,0.04109,0.18343,0.17524,0.03162,0.05778,0.03537,0.04635,0.03171,0.04236
0.06719,0.04742,0.05216,0.05861,0.06352,0.04842,0.05437,0.14671,0.14286,0.04058,0.08185,0.04562,0.06444,0.03622,0.05005
0.04962,0.04486,0.04504,0.04890,0.04518,0.07959,0.06463,0.11868,0.11015,0.06214,0.05943,0.06588,0.06524,0.05972,0.08095
0.06233,0.06700,0.05859,0.07066,0.06104,0.05392,0.05219,0.12328,0.11549,0.05087,0.07069,0.05069,0.06227,0.04476,0.05621
0.05595,0.04456,0.04961,0.06330,0.05735,0.03707,0.03642,0.23075,0.21946,0.02682,0.04476,0.02894,0.03679,0.02853,0.03970
0.06127,0.05263,0.05890,0.06562,0.06556,0.07170,0.06226,0.09946,0.09597,0.05356,0.05409,0.06099,0.06440,0.05451,0.07907
0.06650,0.05936,0.05797,0.07081,0.06791,0.05379,0.04240,0.14294,0.12993,0.05056,0.04660,0.05196,0.05608,0.04315,0.06004
0.06748,0.06036,0.06450,0.06599,0.07069,0.07290,0.06522,0.10323,0.09118,0.05056,0.06459,0.05329,0.05186,0.04495,0.07319
0.09596,0.07928,0.07768,0.10754,0.09202,0.04447,0.04230,0.09533,0.09531,0.03779,0.05269,0.03982,0.04744,0.03943,0.05291
0.11260,0.09462,0.10799,0.08421,0.10447,0.04629,0.04165,0.05608,0.05314,0.04972,0.05054,0.06042,0.05142,0.04096,0.04590
0.07113,0.06254,0.06685,0.07345,0.06837,0.06941,0.05859,0.08312,0.08349,0.05138,0.06609,0.05972,0.06127,0.05338,0.07122
0.05524,0.05175,0.04314,0.05208,0.04806,0.06472,0.07527,0.07936,0.07886,0.02946,0.21321,0.03056,0.09761,0.02777,0.05291
0.06911,0.06355,0.06695,0.06422,0.07133,0.06065,0.05908,0.07847,0.07570,0.05513,0.09021,0.06162,0.07077,0.04862,0.06459
0.08663,0.07829,0.08138,0.10163,0.09894,0.04331,0.04258,0.10929,0.10758,0.03655,0.05044,0.03708,0.04175,0.03583,0.04872
0.08423,0.07072,0.06878,0.10148,0.08503,0.05175,0.04904,0.07807,0.08181,0.04623,0.07858,0.04006,0.06409,0.04279,0.05734
0.07965,0.05699,0.06812,0.06893,0.08075,0.05855,0.05610,0.09808,0.09860,0.05023,0.05422,0.05937,0.05500,0.04742,0.06800
0.09891,0.07930,0.07884,0.07595,0.09554,0.05907,0.04948,0.06298,0.06150,0.04944,0.06926,0.05501,0.05895,0.04198,0.06378
0.08083,0.05999,0.06163,0.07385,0.07514,0.04273,0.04005,0.15930,0.15170,0.04606,0.03492,0.04606,0.04502,0.03833,0.04437
0.06390,0.04954,0.05655,0.06325,0.05838,0.08383,0.07285,0.09419,0.08381,0.05445,0.06085,0.05543,0.05716,0.05745,0.08836
0.06974,0.05541,0.05674,0.06294,0.07245,0.04737,0.05117,0.13703,0.12702,0.03643,0.09031,0.03955,0.06293,0.03901,0.05189
0.05550,0.04358,0.04882,0.05500,0.05564,0.05560,0.05854,0.15688,0.15612,0.04232,0.07379,0.04235,0.05798,0.04021,0.05767
0.07817,0.06774,0.07420,0.08697,0.08293,0.06908,0.05681,0.07669,0.07178,0.05478,0.05186,0.05529,0.05512,0.04736,0.07123
0.06696,0.05598,0.05703,0.07000,0.06932,0.03778,0.03823,0.19106,0.17947,0.02920,0.05899,0.03258,0.04572,0.02937,0.03831
0.06360,0.05660,0.05252,0.07683,0.05718,0.09480,0.08252,0.05084,0.04997,0.04006,0.12679,0.04015,0.07402,0.04625,0.08786
0.08837,0.07858,0.08673,0.07785,0.09690,0.05230,0.04524,0.05451,0.05249,0.06485,0.03634,0.07206,0.05923,0.06079,0.07377
0.07086,0.06270,0.05613,0.07562,0.07254,0.05706,0.05563,0.11954,0.11421,0.03712,0.09370,0.03699,0.05566,0.03629,0.05597
0.06222,0.05523,0.05236,0.07338,0.06447,0.05118,0.05046,0.16760,0.16073,0.03228,0.07143,0.03128,0.04645,0.03056,0.05038
0.05321,0.04512,0.04679,0.04593,0.05364,0.04442,0.03888,0.20366,0.19409,0.04315,0.05013,0.05357,0.05078,0.03615,0.04048
0.07919,0.06536,0.06475,0.08073,0.08131,0.04476,0.04989,0.13012,0.11968,0.04222,0.05667,0.04297,0.05376,0.03763,0.05096
0.05123,0.04593,0.05190,0.05506,0.05563,0.07315,0.07322,0.08559,0.09221,0.07033,0.06537,0.06448,0.05733,0.06468,0.09388
0.06610,0.04875,0.05687,0.06074,0.06784,0.05505,0.05123,0.16402,0.15453,0.03442,0.06729,0.03252,0.04970,0.03462,0.05633
0.08851,0.07095,0.07459,0.10148,0.09399,0.04461,0.04281,0.12585,0.11921,0.03617,0.04925,0.03810,0.03764,0.03312,0.04373
0.07616,0.06013,0.06286,0.06409,0.07324,0.07541,0.05883,0.10162,0.08993,0.04870,0.06792,0.05208,0.05576,0.04369,0.06957
0.09170,0.07340,0.07007,0.08116,0.07697,0.05345,0.04788,0.10339,0.10036,0.03799,0.08920,0.03522,0.05593,0.03583,0.04746
0.07737,0.06492,0.06838,0.07694,0.07630,0.05813,0.05207,0.12097,0.11459,0.04091,0.06604,0.03735,0.05199,0.03654,0.05749
0.06413,0.05025,0.05578,0.06787,0.06153,0.05349,0.06405,0.10421,0.09874,0.03118,0.14360,0.03536,0.08332,0.03657,0.04993
0.10431,0.09880,0.09671,0.12279,0.10790,0.03919,0.03992,0.08484,0.07823,0.03042,0.06010,0.02630,0.04245,0.02824,0.03981
0.06559,0.04831,0.05231,0.06046,0.06336,0.08109,0.06357,0.11634,0.10866,0.04312,0.07322,0.04596,0.05548,0.04751,0.07502
0.07391,0.06568,0.06649,0.07709,0.07256,0.05468,0.05177,0.13864,0.12584,0.04047,0.05138,0.04166,0.04452,0.03964,0.05568
0.11793,0.07826,0.09857,0.10967,0.12620,0.04091,0.03322,0.07951,0.06942,0.03985,0.04094,0.04127,0.04249,0.03404,0.04773
0.10684,0.08767,0.07653,0.11397,0.09408,0.04819,0.04071,0.08815,0.08996,0.03582,0.05424,0.03857,0.04482,0.03469,0.04578
0.05589,0.04373,0.04561,0.05566,0.05424,0.05105,0.04013,0.21610,0.20558,0.02847,0.05787,0.02776,0.04103,0.03054,0.04633
0.05824,0.05258,0.04996,0.05692,0.05921,0.09721,0.08078,0.06939,0.06865,0.05264,0.09511,0.04968,0.05964,0.05474,0.09527
0.05929,0.05526,0.05354,0.08471,0.05834,0.10607,0.08297,0.05899,0.05297,0.05507,0.06879,0.04829,0.05782,0.05784,0.10005
0.08426,0.06237,0.06346,0.08017,0.07729,0.05627,0.05606,0.10463,0.10286,0.04103,0.06999,0.04285,0.05548,0.04336,0.05992
0.07443,0.05773,0.05834,0.07061,0.06913,0.06025,0.06085,0.10283,0.09712,0.04537,0.07604,0.05255,0.05864,0.04892,0.06719
0.04844,0.04019,0.04234,0.05588,0.05436,0.03207,0.03857,0.23009,0.22267,0.03333,0.03814,0.03934,0.04448,0.03605,0.04406
0.07703,0.05928,0.06365,0.06930,0.08246,0.04334,0.04038,0.16837,0.16481,0.02508,0.07093,0.02649,0.04208,0.02743,0.03936
0.04492,0.03891,0.04119,0.04175,0.04342,0.07145,0.07836,0.09074,0.08539,0.06854,0.10612,0.06611,0.07960,0.06043,0.08306
0.08771,0.07259,0.07676,0.08111,0.08835,0.03836,0.03956,0.14632,0.14357,0.02861,0.05586,0.02975,0.04168,0.03286,0.03692
0.07359,0.05605,0.06342,0.06424,0.07470,0.06649,0.06279,0.08846,0.08477,0.05231,0.07252,0.05802,0.06381,0.05114,0.06770
0.10642,0.09861,0.09512,0.13765,0.10961,0.03168,0.03526,0.08597,0.08657,0.03199,0.04202,0.02926,0.03875,0.03097,0.04010
0.08994,0.06622,0.07204,0.08040,0.09064,0.04843,0.05413,0.08424,0.08227,0.02823,0.14016,0.02728,0.06842,0.02635,0.04123
0.05774,0.04365,0.04768,0.04959,0.05298,0.06182,0.07707,0.10157,0.10231,0.05464,0.10107,0.04750,0.07698,0.04913,0.07627
0.04786,0.04274,0.04300,0.06644,0.05183,0.10868,0.09110,0.07173,0.06834,0.04382,0.09576,0.03970,0.07081,0.05405,0.10413
0.05738,0.04985,0.04703,0.05584,0.05729,0.06344,0.07593,0.05388,0.05236,0.03758,0.20946,0.03704,0.09961,0.04055,0.06277
0.09472,0.08605,0.07354,0.12176,0.08333,0.05751,0.04761,0.06994,0.06378,0.03131,0.10137,0.03202,0.05997,0.03160,0.04549
0.11956,0.11144,0.10251,0.14036,0.11989,0.05103,0.04252,0.04151,0.04255,0.02601,0.05247,0.02680,0.03722,0.03227,0.05388
0.07266,0.06180,0.07326,0.07556,0.07836,0.05546,0.05097,0.11219,0.10959,0.04258,0.06952,0.04424,0.05825,0.04168,0.05387
0.06432,0.05730,0.06345,0.07343,0.06851,0.06572,0.05403,0.12483,0.12203,0.04726,0.04714,0.05397,0.04867,0.04557,0.06377
0.07533,0.07738,0.06707,0.06871,0.07563,0.05073,0.05467,0.08295,0.07811,0.04827,0.11030,0.04729,0.07758,0.03283,0.05315
0.08112,0.06130,0.06038,0.07492,0.07311,0.07208,0.06191,0.07081,0.06439,0.04882,0.10710,0.04474,0.07294,0.03976,0.06662
0.08753,0.07060,0.06746,0.09269,0.08822,0.05810,0.05074,0.09732,0.09490,0.03574,0.07473,0.03409,0.05054,0.03941,0.05793
0.09487,0.08565,0.09581,0.08679,0.09128,0.04224,0.04357,0.07740,0.07553,0.05218,0.04481,0.05736,0.05585,0.04427,0.05239
0.05929,0.05172,0.05505,0.06008,0.06459,0.05962,0.04878,0.11107,0.10740,0.06640,0.04202,0.08089,0.06611,0.05777,0.06920
0.04765,0.04422,0.05235,0.04808,0.05590,0.05938,0.07310,0.08032,0.07737,0.04642,0.16327,0.05333,0.08510,0.04619,0.06732
0.06743,0.05071,0.05218,0.06194,0.06777,0.05435,0.04724,0.17040,0.16762,0.03612,0.05326,0.03622,0.04341,0.03903,0.05230
0.07984,0.06441,0.06257,0.07854,0.08289,0.05177,0.04416,0.13167,0.12469,0.03746,0.05926,0.03748,0.05481,0.03605,0.05440
0.05524,0.05243,0.04715,0.05605,0.05535,0.10276,0.08057,0.07819,0.06898,0.06449,0.06537,0.05957,0.06498,0.06016,0.08871
0.08560,0.07068,0.06151,0.07624,0.07554,0.08663,0.07078,0.04921,0.04515,0.05226,0.06489,0.05793,0.06390,0.05478,0.08488
0.05291,0.04883,0.04186,0.05478,0.05391,0.08133,0.07075,0.12970,0.12081,0.04779,0.06096,0.05278,0.05213,0.05286,0.07861
0.10506,0.08365,0.08802,0.09544,0.09901,0.04665,0.04694,0.08237,0.07533,0.03611,0.07212,0.04142,0.05139,0.03097,0.04555
0.06360,0.04650,0.05003,0.06866,0.06577,0.08106,0.05764,0.05813,0.05314,0.08793,0.04051,0.09290,0.07823,0.06545,0.09044
0.06772,0.07554,0.05508,0.07133,0.06149,0.05328,0.07065,0.06361,0.06566,0.03858,0.16779,0.03489,0.08501,0.03496,0.05439
0.06822,0.05098,0.05296,0.05655,0.06512,0.05131,0.04362,0.18234,0.17168,0.02600,0.07856,0.03064,0.04774,0.02915,0.04513
0.06113,0.05388,0.05236,0.06499,0.06119,0.03284,0.03577,0.23110,0.22057,0.02729,0.04269,0.02434,0.03509,0.02417,0.03260
0.03155,0.02825,0.02864,0.03207,0.03167,0.08173,0.09147,0.05375,0.04864,0.02729,0.30087,0.02756,0.12446,0.02945,0.06259
0.11990,0.09559,0.09631,0.11459,0.10878,0.04363,0.03642,0.07386,0.07286,0.03540,0.03573,0.03686,0.04350,0.03825,0.04833
0.05422,0.04871,0.04796,0.05528,0.05531,0.05075,0.04726,0.19496,0.17785,0.03739,0.05067,0.04469,0.04527,0.03796,0.05170
0.05234,0.04372,0.04086,0.05348,0.04711,0.09909,0.07958,0.06638,0.06550,0.04221,0.16432,0.03741,0.08805,0.04313,0.07682
0.12294,0.07711,0.10212,0.10959,0.13484,0.04145,0.03356,0.07900,0.07240,0.03576,0.03580,0.03808,0.03988,0.03414,0.04331
0.04664,0.04562,0.04030,0.04791,0.04500,0.06874,0.07853,0.11779,0.11519,0.04977,0.11528,0.04341,0.07329,0.04472,0.06782
0.09010,0.07728,0.07282,0.10798,0.08201,0.06185,0.05602,0.08118,0.07851,0.04112,0.05292,0.04079,0.04583,0.04415,0.06746
0.05875,0.05968,0.05767,0.06199,0.05909,0.06584,0.06652,0.07302,0.07164,0.06916,0.05850,0.07765,0.07674,0.06731,0.07645
0.05046,0.04890,0.04802,0.05845,0.05639,0.08671,0.07896,0.08312,0.07378,0.04319,0.12835,0.04134,0.07365,0.04996,0.07870
0.14018,0.12148,0.09850,0.15587,0.12302,0.03723,0.03338,0.04572,0.04582,0.02419,0.04749,0.02747,0.03488,0.02874,0.03605
0.12991,0.10227,0.08393,0.13729,0.10350,0.03606,0.03975,0.06580,0.06727,0.02367,0.07621,0.02457,0.04814,0.02480,0.03684
0.06917,0.06597,0.06065,0.08805,0.07451,0.03787,0.04219,0.16230,0.14824,0.03902,0.05500,0.03668,0.04974,0.02859,0.04202
0.09822,0.08651,0.07565,0.10640,0.08970,0.04757,0.04697,0.08786,0.08619,0.03698,0.06002,0.03900,0.04541,0.04013,0.05339
0.08972,0.07130,0.07213,0.10328,0.09172,0.05289,0.04780,0.08080,0.07805,0.03386,0.08787,0.04128,0.06387,0.03559,0.04983
0.09557,0.07468,0.07740,0.09449,0.09541,0.04670,0.04147,0.10166,0.09228,0.04400,0.04896,0.05378,0.05227,0.03690,0.04444
0.03593,0.03226,0.02982,0.03599,0.03533,0.03195,0.03739,0.28183,0.27322,0.02805,0.04701,0.03085,0.03788,0.02721,0.03528
0.05469,0.04569,0.04306,0.05167,0.05643,0.04596,0.03808,0.21529,0.20510,0.03535,0.05392,0.03401,0.04310,0.03412,0.04353
0.04771,0.03960,0.04034,0.04511,0.04664,0.06933,0.05417,0.18097,0.17459,0.04523,0.04296,0.05449,0.04681,0.04523,0.06682
0.07405,0.05661,0.05983,0.08156,0.08208,0.04629,0.04656,0.14847,0.13473,0.03708,0.05653,0.03829,0.05002,0.03680,0.05111
0.05848,0.04782,0.05169,0.06624,0.06285,0.04777,0.05299,0.16014,0.15620,0.03485,0.07136,0.03668,0.05777,0.03770,0.05746
0.04028,0.03501,0.03175,0.03906,0.03785,0.08003,0.07761,0.08686,0.08495,0.02611,0.23337,0.02533,0.10955,0.03085,0.06140
0.06108,0.04662,0.05077,0.06251,0.06392,0.10316,0.08098,0.04847,0.05678,0.05656,0.07495,0.06290,0.05090,0.06415,0.11625
0.09226,0.08589,0.07931,0.10516,0.09412,0.03574,0.04108,0.12558,0.12490,0.02964,0.04854,0.02896,0.03915,0.03056,0.03912
0.06154,0.05148,0.04832,0.06212,0.05620,0.04695,0.04671,0.17595,0.17220,0.03517,0.06838,0.03878,0.05212,0.03657,0.04751
0.11347,0.09644,0.07663,0.11667,0.09332,0.06059,0.04956,0.05838,0.05506,0.04020,0.05621,0.03795,0.04808,0.03891,0.05853
0.07253,0.05784,0.04828,0.07199,0.06112,0.08105,0.06466,0.11911,0.10706,0.04541,0.06943,0.03592,0.05421,0.04250,0.06888
0.06762,0.05450,0.05699,0.05341,0.06341,0.07518,0.07249,0.06710,0.06367,0.05136,0.11863,0.05350,0.08080,0.04880,0.07252
0.10027,0.08317,0.08112,0.11494,0.10314,0.04638,0.04097,0.09289,0.08829,0.03794,0.03072,0.04464,0.04377,0.04126,0.05051
0.10418,0.09662,0.07965,0.12963,0.09552,0.04457,0.04504,0.06862,0.06912,0.02774,0.08823,0.02488,0.06039,0.02608,0.03973
0.07379,0.07552,0.06336,0.08516,0.07230,0.05441,0.05076,0.09946,0.10258,0.03813,0.08940,0.04234,0.05865,0.03822,0.05592
0.05677,0.04626,0.05319,0.04879,0.05892,0.07220,0.07085,0.05813,0.05768,0.05206,0.15481,0.05641,0.09171,0.04863,0.07360
0.06755,0.07700,0.06001,0.07576,0.06809,0.06686,0.06942,0.06242,0.05837,0.04857,0.10114,0.05216,0.07687,0.04601,0.06979
0.05334,0.04480,0.04899,0.06508,0.05650,0.04153,0.04541,0.21023,0.19749,0.02447,0.07518,0.02758,0.04584,0.02449,0.03908
0.05277,0.05026,0.04786,0.05775,0.05841,0.11802,0.09413,0.05919,0.05725,0.05247,0.08072,0.04983,0.05610,0.05703,0.10822
0.07310,0.05955,0.05767,0.07403,0.06988,0.06001,0.06358,0.07533,0.07002,0.03816,0.15043,0.03144,0.08297,0.03591,0.05790
0.06259,0.04958,0.05467,0.07006,0.06807,0.05776,0.05810,0.12405,0.12745,0.03926,0.07859,0.04434,0.05290,0.04623,0.06637
0.03276,0.03034,0.03234,0.03756,0.03558,0.03168,0.03369,0.29071,0.28539,0.02760,0.04004,0.02710,0.03462,0.02744,0.03314
0.11347,0.06973,0.09576,0.10309,0.11788,0.04265,0.03705,0.10702,0.10142,0.02328,0.06434,0.02117,0.03996,0.02392,0.03927
0.06156,0.05098,0.05147,0.06349,0.05867,0.09173,0.07181,0.08411,0.08427,0.03482,0.12322,0.03418,0.06859,0.04187,0.07921
0.09061,0.08750,0.09003,0.11503,0.09640,0.04599,0.05097,0.05095,0.05126,0.05456,0.04457,0.05878,0.05427,0.04601,0.06307
0.11946,0.08402,0.10485,0.08877,0.11608,0.04380,0.03861,0.05958,0.06246,0.04055,0.04230,0.05080,0.05187,0.04356,0.05329
0.07543,0.05876,0.06851,0.07296,0.08079,0.06210,0.05024,0.12138,0.11190,0.03380,0.07380,0.03821,0.05551,0.03985,0.05676
0.06939,0.05236,0.05127,0.05595,0.06168,0.06942,0.05968,0.11321,0.11008,0.05016,0.08550,0.05004,0.06447,0.04106,0.06574
0.07515,0.06335,0.06708,0.07128,0.07710,0.06345,0.05324,0.10598,0.10147,0.05159,0.05110,0.06053,0.05191,0.04589,0.06088
0.05894,0.05287,0.05073,0.06179,0.06476,0.07977,0.07626,0.07470,0.06928,0.05298,0.07082,0.06443,0.06553,0.06187,0.09525
0.09139,0.08748,0.08377,0.12138,0.08399,0.05033,0.04718,0.08812,0.08636,0.03898,0.04914,0.03890,0.04568,0.03732,0.04997
0.05189,0.04444,0.04533,0.05718,0.04995,0.05045,0.04970,0.16697,0.15745,0.03043,0.11490,0.03083,0.06852,0.03068,0.05129
0.06109,0.05083,0.05020,0.06821,0.06249,0.05527,0.05725,0.13419,0.12358,0.03272,0.11097,0.03432,0.07313,0.03328,0.05247
0.10877,0.09640,0.08721,0.12272,0.11193,0.04144,0.04010,0.07295,0.06591,0.03764,0.04324,0.04539,0.04473,0.03608,0.04549
0.09265,0.07223,0.06967,0.10424,0.09211,0.06500,0.05528,0.08427,0.08775,0.03419,0.05345,0.03861,0.04412,0.04012,0.06633
0.07966,0.07017,0.07262,0.08342,0.08115,0.04376,0.04053,0.14351,0.13437,0.04327,0.03547,0.04881,0.04468,0.03762,0.04094
0.05653,0.05027,0.05087,0.05949,0.05608,0.06355,0.05308,0.14266,0.13479,0.05520,0.05071,0.06201,0.05947,0.04607,0.05920
0.07544,0.06295,0.06007,0.08233,0.06891,0.06130,0.04669,0.15220,0.14582,0.03667,0.04179,0.03790,0.03777,0.03744,0.05272
0.07919,0.07573,0.07170,0.10706,0.08008,0.05011,0.04452,0.12637,0.11964,0.03029,0.06722,0.02842,0.04567,0.02830,0.04570
0.08755,0.09278,0.08436,0.13559,0.10124,0.03436,0.04180,0.10773,0.10398,0.02719,0.04680,0.02380,0.05159,0.02929,0.03194
0.08500,0.06799,0.06298,0.08046,0.08377,0.07325,0.06168,0.09589,0.08992,0.03470,0.06784,0.03867,0.04595,0.03826,0.07363
0.09710,0.09348,0.09243,0.14655,0.10317,0.04119,0.04361,0.07208,0.07302,0.03402,0.05347,0.02890,0.03953,0.03266,0.04879
0.07527,0.06616,0.06919,0.06847,0.07929,0.05796,0.05207,0.08078,0.08298,0.06084,0.04641,0.07035,0.06702,0.05442,0.06881
0.05548,0.04145,0.04826,0.05407,0.05817,0.04601,0.04600,0.19031,0.18277,0.04218,0.04619,0.05009,0.04785,0.03824,0.05292
0.06472,0.05439,0.05918,0.05897,0.06540,0.06934,0.06677,0.09329,0.09014,0.04315,0.11253,0.04396,0.06795,0.04280,0.06741
0.08092,0.07116,0.07570,0.07265,0.09153,0.04248,0.03719,0.15261,0.14270,0.03178,0.04277,0.03985,0.04095,0.03459,0.04313
0.06498,0.05517,0.06209,0.05649,0.07002,0.05380,0.05975,0.09739,0.09105,0.05428,0.07083,0.06699,0.07370,0.05310,0.07036
0.06082,0.05406,0.05302,0.06498,0.06692,0.08628,0.06873,0.10163,0.09019,0.05002,0.07030,0.04865,0.05378,0.04999,0.08062
0.07986,0.07060,0.06832,0.08751,0.08646,0.06995,0.05526,0.06432,0.06297,0.04568,0.07039,0.04912,0.06092,0.05327,0.07536
0.09076,0.07183,0.06261,0.06845,0.07840,0.05507,0.05396,0.10246,0.09514,0.03217,0.11247,0.03507,0.06217,0.03294,0.04651
0.06296,0.06756,0.06220,0.09478,0.07531,0.07439,0.07753,0.06353,0.07229,0.05192,0.06353,0.05046,0.05697,0.05142,0.07515
0.06469,0.06008,0.05894,0.07000,0.06665,0.05706,0.05349,0.12188,0.11433,0.05357,0.05587,0.05501,0.06011,0.04727,0.06105
0.07155,0.06314,0.06408,0.08702,0.07807,0.07559,0.06410,0.05921,0.05487,0.05568,0.06992,0.06009,0.06268,0.05280,0.08122
0.07864,0.06018,0.06284,0.06718,0.08149,0.04153,0.04017,0.16712,0.16504,0.03080,0.06156,0.02983,0.04167,0.02862,0.04333
0.05276,0.04365,0.04501,0.05169,0.04659,0.06835,0.06247,0.14821,0.13295,0.04370,0.07561,0.04635,0.06364,0.04590,0.07311
0.03902,0.03693,0.03407,0.03705,0.03666,0.07365,0.08729,0.09155,0.09163,0.07654,0.07271,0.07413,0.07096,0.07467,0.10314
0.06630,0.05172,0.05695,0.05493,0.07179,0.05249,0.04334,0.15336,0.14404,0.04653,0.04662,0.05411,0.05791,0.04203,0.05787
0.07229,0.05750,0.05935,0.06417,0.06060,0.07773,0.07818,0.06272,0.06147,0.05659,0.09118,0.05722,0.06705,0.05059,0.08335
0.09989,0.07523,0.08997,0.08845,0.10619,0.04181,0.04772,0.06891,0.07027,0.04698,0.06712,0.04824,0.05619,0.04191,0.05111
0.09205,0.08214,0.07666,0.10318,0.09442,0.05626,0.05833,0.04625,0.04666,0.04062,0.10265,0.03547,0.05705,0.03847,0.06980
0.09912,0.07629,0.07100,0.09123,0.08973,0.07686,0.06017,0.06218,0.05948,0.04153,0.06702,0.04074,0.05256,0.04660,0.06551
0.07031,0.05923,0.05673,0.07012,0.06393,0.04870,0.04927,0.16103,0.14850,0.04015,0.06282,0.04015,0.04920,0.03365,0.04620
0.04139,0.04352,0.03897,0.04415,0.04346,0.05312,0.06218,0.16323,0.15503,0.05579,0.06334,0.05833,0.06249,0.05085,0.06417
0.05555,0.04716,0.04429,0.05117,0.06111,0.06544,0.05643,0.13683,0.12835,0.04159,0.07766,0.04968,0.06304,0.05013,0.07156
0.06744,0.06127,0.05526,0.06992,0.06936,0.08786,0.06978,0.06558,0.06646,0.05513,0.07155,0.05726,0.05720,0.05709,0.08884
0.09076,0.09109,0.07890,0.10218,0.10091,0.06101,0.05158,0.05405,0.05214,0.05291,0.05561,0.05100,0.05018,0.04525,0.06242
0.06481,0.06526,0.06419,0.05754,0.06971,0.06265,0.05360,0.06947,0.06525,0.07632,0.04888,0.08838,0.07560,0.06292,0.07542
0.08056,0.07076,0.07064,0.08285,0.06939,0.05946,0.05866,0.06553,0.05784,0.05333,0.08921,0.06175,0.07219,0.04478,0.06303
0.08608,0.08513,0.07733,0.11156,0.09899,0.04507,0.04333,0.09850,0.09926,0.03791,0.04503,0.04126,0.04494,0.03856,0.04704
0.06554,0.06026,0.05577,0.07050,0.06387,0.02839,0.02538,0.23810,0.23354,0.02238,0.02921,0.02607,0.02862,0.02285,0.02953
0.07488,0.06734,0.06247,0.07954,0.08641,0.04142,0.03606,0.16901,0.15873,0.02996,0.05093,0.03087,0.04084,0.03134,0.04020
0.08612,0.08267,0.07260,0.09298,0.08944,0.06234,0.05650,0.04816,0.04711,0.03365,0.13053,0.03830,0.06983,0.03373,0.05604
0.06569,0.05784,0.05930,0.05052,0.06588,0.05473,0.04927,0.11048,0.10494,0.06231,0.05450,0.07385,0.06706,0.05274,0.07088
0.03698,0.03132,0.03951,0.04049,0.04177,0.09757,0.09163,0.05004,0.04795,0.07289,0.10544,0.07795,0.08508,0.07583,0.10554
0.10004,0.08841,0.07575,0.09695,0.09802,0.05138,0.04599,0.07147,0.06259,0.04312,0.08291,0.04443,0.05444,0.03322,0.05127
0.10001,0.07815,0.08021,0.08440,0.09716,0.04390,0.04519,0.09978,0.09552,0.03680,0.07032,0.03907,0.05156,0.03122,0.04668
0.07928,0.06833,0.05890,0.07716,0.07114,0.05358,0.05075,0.10300,0.10147,0.02989,0.13571,0.02767,0.07245,0.02651,0.04416
0.05211,0.04721,0.05057,0.05166,0.05308,0.06118,0.07028,0.09546,0.08923,0.06245,0.10145,0.06291,0.08490,0.05653,0.06095
0.06318,0.05254,0.04783,0.07017,0.06011,0.06896,0.06204,0.12780,0.11271,0.03961,0.08611,0.04011,0.06237,0.03747,0.06899
0.06803,0.05619,0.05454,0.06215,0.06734,0.04791,0.04608,0.16146,0.15996,0.03621,0.05521,0.04128,0.05179,0.04158,0.05028
0.06243,0.05435,0.05975,0.06103,0.06750,0.05586,0.05611,0.12779,0.11760,0.05381,0.05524,0.06382,0.05772,0.04868,0.05830
0.09293,0.07905,0.07017,0.09900,0.08856,0.02725,0.02788,0.18076,0.17572,0.02259,0.02902,0.02563,0.02953,0.02363,0.02825
0.05960,0.05059,0.05028,0.05840,0.05686,0.06666,0.06996,0.09710,0.09626,0.05051,0.08881,0.05355,0.07172,0.05400,0.07569
0.06271,0.04780,0.05029,0.05666,0.06751,0.04877,0.04583,0.18502,0.17447,0.03893,0.05009,0.04313,0.04354,0.03516,0.05010
0.07511,0.06567,0.06604,0.07848,0.07256,0.05628,0.05065,0.13018,0.12298,0.03606,0.06948,0.03645,0.04967,0.03655,0.05384
0.05479,0.04806,0.05336,0.05662,0.05791,0.06210,0.07845,0.08184,0.07451,0.06644,0.08878,0.06126,0.07647,0.05644,0.08297
0.09417,0.07491,0.08042,0.10710,0.09261,0.05061,0.04372,0.08877,0.08634,0.04904,0.03988,0.04629,0.04704,0.04085,0.05825
0.06324,0.06785,0.05953,0.07434,0.06324,0.05605,0.06250,0.07822,0.07373,0.05009,0.10492,0.05384,0.07920,0.04762,0.06562
0.08179,0.07184,0.07234,0.08426,0.08442,0.06082,0.04794,0.12098,0.11871,0.03857,0.05079,0.03880,0.04524,0.03565,0.04784
0.05011,0.04500,0.04377,0.05479,0.05186,0.08192,0.07668,0.10033,0.09603,0.04422,0.11422,0.04127,0.07683,0.04670,0.07628
0.09677,0.07827,0.08086,0.11398,0.09394,0.05243,0.04910,0.06776,0.06556,0.03608,0.08282,0.03814,0.06021,0.03416,0.04994
0.05438,0.05078,0.04914,0.07438,0.05624,0.07866,0.07258,0.11747,0.12016,0.03870,0.07159,0.03979,0.04679,0.04666,0.08269
0.10907,0.07162,0.09119,0.09904,0.12043,0.06232,0.05225,0.05520,0.04846,0.02882,0.10195,0.02767,0.05476,0.02820,0.04902
0.11425,0.09881,0.09862,0.11483,0.10964,0.04969,0.04040,0.07155,0.06873,0.03297,0.04203,0.03611,0.04038,0.03553,0.04646
0.06320,0.04943,0.05044,0.05868,0.06310,0.04027,0.04545,0.19634,0.18472,0.03704,0.05134,0.03766,0.04440,0.03159,0.04632
0.12899,0.08558,0.08696,0.11479,0.11700,0.03761,0.04329,0.04584,0.04623,0.04938,0.04445,0.04997,0.04830,0.04716,0.05445
0.04560,0.04099,0.03973,0.04760,0.05026,0.11618,0.08846,0.07679,0.07769,0.04613,0.10275,0.04484,0.06409,0.05411,0.10476
0.06343,0.05073,0.05099,0.06525,0.05966,0.05140,0.04941,0.16047,0.15732,0.03944,0.06949,0.03851,0.05036,0.03905,0.05447
0.06675,0.05599,0.05092,0.06005,0.06894,0.05827,0.05592,0.11390,0.11209,0.02681,0.14563,0.02756,0.07819,0.03119,0.04780
0.05939,0.04762,0.04950,0.05018,0.05468,0.07907,0.07694,0.04542,0.04265,0.03910,0.22125,0.03927,0.10056,0.03230,0.06208
0.08365,0.06840,0.06646,0.07676,0.08137,0.05335,0.05673,0.07521,0.07333,0.05478,0.05670,0.06490,0.06731,0.05302,0.06802
0.06988,0.06319,0.05885,0.07781,0.07069,0.07332,0.06547,0.11600,0.10876,0.03437,0.06704,0.03693,0.05005,0.04035,0.06728
0.07715,0.05967,0.06088,0.06920,0.07940,0.06717,0.05068,0.12027,0.11579,0.04460,0.05512,0.04585,0.04277,0.04599,0.06549
0.04941,0.04235,0.04064,0.05173,0.05132,0.12015,0.09045,0.08148,0.07218,0.05308,0.09259,0.03796,0.05742,0.05879,0.10047
0.10003,0.09731,0.09068,0.10981,0.10989,0.03379,0.03283,0.10377,0.10513,0.03569,0.03368,0.03778,0.03665,0.03250,0.04048
0.06380,0.04976,0.05681,0.07342,0.07273,0.05124,0.04613,0.17120,0.17027,0.03162,0.04417,0.03755,0.03818,0.03531,0.05782
0.07065,0.06220,0.05682,0.07388,0.06770,0.04086,0.03917,0.18131,0.17638,0.03440,0.04517,0.03550,0.03875,0.03578,0.04143
0.03886,0.03270,0.03028,0.03554,0.03400,0.04930,0.05615,0.20151,0.19045,0.02680,0.13294,0.02568,0.07686,0.02790,0.04103
0.09431,0.08409,0.08775,0.12505,0.10555,0.05409,0.04471,0.08428,0.08026,0.03598,0.03892,0.03668,0.03507,0.03753,0.05575
0.06403,0.05299,0.05847,0.06764,0.06505,0.05192,0.04613,0.17180,0.16228,0.04112,0.04141,0.04181,0.04434,0.04003,0.05097
0.07916,0.06394,0.06347,0.07980,0.07714,0.04140,0.04454,0.15933,0.14711,0.02722,0.07006,0.02797,0.04536,0.02988,0.04360
0.05817,0.04791,0.04782,0.06387,0.05815,0.04498,0.05231,0.16086,0.14786,0.04143,0.06925,0.05028,0.06340,0.04105,0.05265
0.06741,0.05540,0.05548,0.07366,0.06632,0.06371,0.05641,0.13423,0.12600,0.03579,0.09036,0.02938,0.05223,0.03746,0.05616
0.06264,0.05993,0.06022,0.06550,0.06531,0.05744,0.05871,0.10967,0.11096,0.05421,0.06991,0.05471,0.05770,0.04708,0.06601
0.05795,0.05140,0.05638,0.05820,0.06389,0.06313,0.05617,0.13083,0.11582,0.05442,0.05298,0.05991,0.05900,0.04828,0.07163
