0.10034,0.10098,0.04564,0.04369,0.04442,0.03076,0.12218,0.02825,0.13285,0.03558,0.03216,0.02497,0.02499,0.04316,0.04276,0.03306,0.02374,0.02224,0.02382,0.04440
0.07077,0.08494,0.08167,0.05553,0.13258,0.02519,0.07819,0.02545,0.10828,0.03717,0.02130,0.02493,0.03860,0.03242,0.04767,0.02440,0.01962,0.02289,0.02115,0.04723
0.06380,0.05825,0.07691,0.06803,0.07936,0.02763,0.08377,0.03764,0.08762,0.03981,0.02988,0.03725,0.04849,0.04023,0.05982,0.03106,0.02499,0.02897,0.03346,0.04300
0.10645,0.06755,0.07208,0.05732,0.17080,0.02349,0.04090,0.02138,0.18011,0.02572,0.01374,0.02315,0.03162,0.02412,0.04284,0.02000,0.01273,0.01378,0.01700,0.03521
0.06299,0.03754,0.07171,0.09215,0.06870,0.02673,0.19562,0.02903,0.05651,0.03673,0.01813,0.02739,0.06126,0.02938,0.03891,0.01992,0.01648,0.03055,0.02163,0.05861
0.06948,0.06902,0.06078,0.06564,0.08048,0.03086,0.09496,0.03405,0.07154,0.03762,0.02566,0.03085,0.05139,0.04055,0.05080,0.02628,0.02658,0.03555,0.02378,0.07414
0.04726,0.06074,0.08036,0.06059,0.10645,0.02520,0.20659,0.03009,0.05323,0.03192,0.02092,0.03226,0.04047,0.03337,0.05090,0.02576,0.01811,0.01836,0.02176,0.03565
0.06527,0.07192,0.09941,0.05825,0.15910,0.02188,0.18933,0.01996,0.06412,0.02639,0.01353,0.01992,0.02957,0.02526,0.04081,0.01480,0.01159,0.01511,0.01704,0.03675
0.06621,0.03156,0.07113,0.09317,0.08337,0.03563,0.04347,0.06041,0.06232,0.04891,0.02467,0.04292,0.07282,0.02928,0.04240,0.02658,0.02291,0.04556,0.03711,0.05956
0.15460,0.06198,0.05848,0.06262,0.10654,0.02410,0.04394,0.02406,0.17281,0.03504,0.01572,0.02207,0.03707,0.02749,0.03762,0.01748,0.01576,0.02232,0.01942,0.04086
0.03630,0.03449,0.07464,0.09050,0.06717,0.02761,0.20091,0.04278,0.04049,0.03887,0.02529,0.03680,0.05268,0.03492,0.04370,0.03111,0.02548,0.02925,0.02380,0.04320
0.11964,0.07184,0.06610,0.05263,0.07880,0.02807,0.05001,0.02893,0.16582,0.03032,0.02161,0.02519,0.03436,0.03478,0.04977,0.02662,0.02011,0.02668,0.02470,0.04403
0.08448,0.13381,0.03756,0.04443,0.04738,0.03150,0.06936,0.02237,0.16325,0.03553,0.03230,0.02721,0.02823,0.05001,0.04347,0.02760,0.03181,0.02441,0.02136,0.04393
0.10081,0.09587,0.03666,0.05314,0.04316,0.03660,0.06015,0.03136,0.15700,0.04267,0.03760,0.02834,0.03053,0.04409,0.04201,0.03470,0.02908,0.02814,0.02243,0.04565
0.18810,0.08421,0.03014,0.03057,0.04021,0.02329,0.03162,0.01999,0.30805,0.02381,0.02237,0.01902,0.01814,0.02860,0.03215,0.01817,0.01648,0.01899,0.01685,0.02928
0.06901,0.09986,0.07395,0.05460,0.08797,0.03399,0.08974,0.03219,0.08972,0.03275,0.03024,0.03264,0.03528,0.03751,0.05194,0.03269,0.02226,0.02530,0.02939,0.03895
0.04808,0.09969,0.07231,0.06317,0.11828,0.02581,0.12858,0.02275,0.08301,0.02912,0.02726,0.02698,0.03182,0.03306,0.05123,0.02704,0.02172,0.02378,0.02149,0.04479
0.07844,0.06382,0.06123,0.08061,0.07339,0.02946,0.11331,0.03117,0.10374,0.03683,0.02330,0.02618,0.03953,0.03382,0.04751,0.03046,0.02433,0.02977,0.02349,0.04962
0.10620,0.09574,0.07952,0.03774,0.11664,0.01678,0.20732,0.01371,0.12942,0.01927,0.01218,0.01470,0.02247,0.02239,0.02909,0.01174,0.01050,0.01169,0.01273,0.03018
0.03290,0.04101,0.11675,0.07024,0.20187,0.02253,0.11345,0.03187,0.04332,0.02915,0.01908,0.03211,0.04902,0.03107,0.04560,0.01936,0.02009,0.01697,0.02072,0.04288
0.07480,0.07842,0.06767,0.06500,0.09019,0.03499,0.07596,0.03716,0.08704,0.03780,0.03234,0.03365,0.03838,0.03987,0.05555,0.02988,0.02434,0.02499,0.02703,0.04497
0.07316,0.04475,0.05413,0.10514,0.08655,0.02765,0.04039,0.03834,0.12745,0.04452,0.01941,0.02434,0.07036,0.02881,0.04891,0.02445,0.02300,0.03076,0.01907,0.06883
0.04906,0.06267,0.05270,0.07109,0.06620,0.03175,0.17224,0.03312,0.05644,0.03852,0.02956,0.02679,0.05087,0.03766,0.04892,0.02478,0.02390,0.02644,0.02105,0.07626
0.06439,0.21926,0.04415,0.03767,0.07783,0.01863,0.07207,0.01996,0.17277,0.02308,0.02357,0.02013,0.02263,0.03332,0.03446,0.01968,0.02054,0.02062,0.01661,0.03862
0.04422,0.16749,0.06520,0.05012,0.13715,0.01907,0.12602,0.01881,0.08379,0.02539,0.01993,0.02172,0.02963,0.03090,0.04761,0.02124,0.01653,0.01866,0.01728,0.03923
0.06174,0.06777,0.05543,0.06686,0.05685,0.03201,0.14509,0.02874,0.07687,0.05217,0.02383,0.02872,0.04617,0.04017,0.04025,0.02751,0.02688,0.02685,0.02637,0.06971
0.04674,0.07654,0.09267,0.05869,0.14407,0.02233,0.16086,0.02411,0.06530,0.03198,0.02201,0.02352,0.03527,0.03059,0.04258,0.02260,0.01796,0.01908,0.01848,0.04464
0.14080,0.07098,0.03076,0.04807,0.03481,0.02954,0.07045,0.02477,0.19065,0.04549,0.03311,0.02949,0.03083,0.04652,0.03415,0.02123,0.02617,0.02940,0.02141,0.04139
0.11799,0.04271,0.06682,0.08761,0.08994,0.02801,0.05286,0.03162,0.11656,0.03613,0.02183,0.02919,0.04965,0.03631,0.03873,0.02005,0.02009,0.03056,0.02110,0.06226
0.05382,0.08767,0.06905,0.03813,0.08732,0.02187,0.28038,0.02116,0.06740,0.02532,0.01942,0.02164,0.02685,0.03056,0.03651,0.01841,0.01593,0.01903,0.02137,0.03815
0.06168,0.06522,0.08379,0.06064,0.12522,0.03265,0.04636,0.03352,0.09759,0.03223,0.02731,0.04698,0.04198,0.03778,0.05677,0.02745,0.02996,0.02195,0.02660,0.04430
0.06302,0.14525,0.05257,0.04947,0.09642,0.02254,0.10149,0.02267,0.09592,0.03852,0.02636,0.02276,0.03775,0.04724,0.03927,0.02239,0.02408,0.02251,0.01943,0.05037
0.06583,0.07212,0.09098,0.06467,0.08851,0.03335,0.09003,0.03465,0.08820,0.03411,0.02551,0.03581,0.04037,0.03467,0.05755,0.02643,0.02499,0.02407,0.02335,0.04480
0.10243,0.03430,0.06857,0.10771,0.08913,0.02427,0.06648,0.03017,0.11424,0.05121,0.01643,0.02530,0.06720,0.03028,0.04050,0.02021,0.01674,0.02215,0.01914,0.05356
0.12600,0.08535,0.04525,0.06129,0.06976,0.03007,0.05166,0.02603,0.16577,0.03846,0.02496,0.02597,0.03359,0.03583,0.03999,0.02014,0.02119,0.02777,0.02302,0.04792
0.10982,0.16288,0.03544,0.02986,0.04049,0.02319,0.05807,0.01870,0.27879,0.02105,0.02311,0.01893,0.01665,0.02760,0.03334,0.02041,0.01821,0.01519,0.01579,0.03250
0.16500,0.07021,0.04395,0.05007,0.06740,0.02758,0.05423,0.03292,0.10580,0.03892,0.02859,0.03416,0.03307,0.04267,0.04602,0.02473,0.02073,0.03578,0.03312,0.04505
0.04325,0.12948,0.05333,0.03096,0.06466,0.02223,0.25472,0.02334,0.06202,0.02315,0.03342,0.02259,0.02388,0.03197,0.04195,0.03375,0.02274,0.02259,0.02548,0.03449
0.05833,0.03113,0.10740,0.09014,0.10057,0.02584,0.09226,0.04560,0.06081,0.04238,0.02119,0.04382,0.06069,0.02913,0.03869,0.02311,0.01792,0.03566,0.02817,0.04713
0.06424,0.05790,0.09703,0.05977,0.13161,0.03308,0.05472,0.03875,0.08769,0.03621,0.02164,0.03540,0.03841,0.03216,0.05424,0.03392,0.02299,0.02503,0.03044,0.04478
0.10300,0.05443,0.10744,0.04754,0.07775,0.03740,0.08906,0.03895,0.06834,0.03395,0.02599,0.04790,0.03238,0.02879,0.04890,0.03201,0.01717,0.02894,0.04326,0.03679
0.03419,0.05013,0.15615,0.03480,0.21059,0.02140,0.21941,0.02000,0.03185,0.01566,0.01283,0.02579,0.02738,0.02127,0.03595,0.01390,0.01146,0.01191,0.01814,0.02717
0.07101,0.15394,0.04632,0.04321,0.05928,0.03932,0.07745,0.02511,0.12456,0.03129,0.02953,0.02891,0.02669,0.04194,0.04609,0.03185,0.02910,0.02249,0.02271,0.04919
0.05301,0.04631,0.09591,0.08995,0.12012,0.03049,0.08290,0.03509,0.05382,0.04323,0.02417,0.03050,0.07003,0.03523,0.03697,0.02115,0.02087,0.02790,0.02706,0.05528
0.11594,0.06635,0.06221,0.07278,0.07638,0.02350,0.14053,0.02146,0.12619,0.03229,0.01603,0.02183,0.03392,0.03655,0.04398,0.01864,0.01390,0.02156,0.01823,0.03772
0.03697,0.06520,0.10175,0.02683,0.20248,0.01386,0.36071,0.01170,0.03595,0.01349,0.00876,0.01400,0.01707,0.01565,0.02372,0.00824,0.00717,0.00821,0.00942,0.01881
0.12066,0.11034,0.04889,0.03612,0.06039,0.03769,0.04200,0.02747,0.16898,0.02937,0.02581,0.03216,0.02816,0.04126,0.04409,0.02664,0.02745,0.02554,0.02676,0.04022
0.08288,0.09153,0.07928,0.04651,0.11657,0.02414,0.08628,0.02708,0.12706,0.03149,0.02041,0.02137,0.03197,0.03201,0.04094,0.02429,0.01681,0.02482,0.02206,0.05252
0.05711,0.05354,0.07971,0.05612,0.07338,0.03366,0.09638,0.04352,0.06661,0.03969,0.03545,0.04783,0.03711,0.04024,0.05880,0.03600,0.02956,0.03218,0.03542,0.04768
0.07911,0.12518,0.05633,0.03871,0.06327,0.03016,0.12549,0.03014,0.10015,0.02624,0.03010,0.02789,0.02932,0.03751,0.05167,0.03534,0.02325,0.02345,0.03040,0.03630
0.06327,0.08863,0.05556,0.06140,0.06643,0.03416,0.10125,0.03049,0.09327,0.03875,0.02731,0.02887,0.05432,0.04269,0.04481,0.02501,0.02942,0.02913,0.02194,0.06329
0.09189,0.05426,0.06367,0.07302,0.07975,0.03539,0.04714,0.04032,0.11531,0.03830,0.02693,0.04298,0.03995,0.03484,0.05461,0.02813,0.02452,0.03021,0.03067,0.04811
0.09413,0.05969,0.09396,0.05663,0.11644,0.02937,0.06376,0.03308,0.10389,0.03703,0.01936,0.03604,0.03631,0.03104,0.04857,0.02620,0.01661,0.02713,0.02381,0.04695
0.15114,0.08043,0.02892,0.05737,0.03485,0.02567,0.07335,0.01778,0.23945,0.03605,0.02254,0.01997,0.02305,0.04177,0.03252,0.01972,0.02031,0.02226,0.01612,0.03671
0.08292,0.10004,0.04508,0.04831,0.06172,0.03870,0.08350,0.03619,0.08064,0.03220,0.03990,0.03234,0.03942,0.04257,0.04527,0.03207,0.02776,0.04821,0.02654,0.05661
0.06148,0.14322,0.04543,0.04207,0.06058,0.02626,0.16250,0.02221,0.09348,0.02859,0.02889,0.02472,0.03075,0.04320,0.04708,0.02663,0.02534,0.02214,0.02139,0.04403
0.08734,0.08585,0.06585,0.04603,0.08650,0.02888,0.05064,0.02744,0.17478,0.03268,0.02210,0.02803,0.03166,0.03906,0.04469,0.03068,0.02636,0.02593,0.02610,0.03939
0.07243,0.04294,0.08810,0.05107,0.06861,0.04206,0.09004,0.05361,0.05262,0.03688,0.02822,0.04859,0.05332,0.03740,0.04906,0.02866,0.02412,0.03730,0.04407,0.05091
0.03254,0.03954,0.12222,0.06720,0.16478,0.01656,0.26761,0.02064,0.04476,0.02007,0.01289,0.02223,0.03377,0.02154,0.03219,0.01479,0.01082,0.01426,0.01391,0.02768
0.06407,0.16069,0.08390,0.04093,0.11671,0.02621,0.08696,0.02083,0.12599,0.02284,0.01967,0.02104,0.02355,0.02840,0.05043,0.02370,0.01947,0.01594,0.01799,0.03069
0.11147,0.11505,0.05084,0.06200,0.06893,0.02489,0.09969,0.01835,0.15235,0.02770,0.02002,0.02320,0.02998,0.03124,0.04909,0.02017,0.01703,0.01994,0.01950,0.03855
0.04908,0.03775,0.08873,0.09900,0.12559,0.02697,0.10773,0.03030,0.05406,0.04180,0.01834,0.02385,0.08931,0.02848,0.03783,0.02131,0.01863,0.02409,0.01743,0.05970
0.05503,0.05448,0.08730,0.08042,0.12673,0.01960,0.19005,0.02412,0.07612,0.02936,0.01633,0.02263,0.04181,0.02649,0.04029,0.01563,0.01432,0.01965,0.01700,0.04264
0.07295,0.08940,0.05582,0.06832,0.07841,0.02794,0.08595,0.02870,0.11463,0.04187,0.02392,0.02347,0.04336,0.04406,0.04690,0.02377,0.02543,0.02026,0.02116,0.06366
0.06109,0.04031,0.10501,0.09805,0.15985,0.02146,0.10362,0.02971,0.05560,0.03263,0.01802,0.02577,0.05836,0.02725,0.04308,0.01583,0.01566,0.02553,0.02152,0.04164
0.05498,0.03732,0.07154,0.06853,0.06672,0.03360,0.14413,0.04223,0.05078,0.04832,0.02731,0.03591,0.06825,0.03567,0.04092,0.02645,0.02234,0.03383,0.03438,0.05678
0.18773,0.07143,0.04115,0.04066,0.03694,0.02189,0.06587,0.02339,0.23062,0.02899,0.02371,0.02275,0.02043,0.03578,0.04073,0.02101,0.01757,0.01923,0.01829,0.03183
0.08402,0.07837,0.06156,0.06195,0.10232,0.02945,0.04485,0.03118,0.14172,0.03242,0.02656,0.02829,0.03339,0.03360,0.06723,0.02661,0.02190,0.02384,0.02303,0.04769
0.05882,0.05133,0.06471,0.09339,0.08907,0.03526,0.08625,0.04128,0.06064,0.03560,0.02618,0.03301,0.06747,0.03463,0.04851,0.02191,0.02684,0.03289,0.02168,0.07052
0.06397,0.03965,0.06166,0.12805,0.08397,0.02310,0.11727,0.02962,0.08092,0.04643,0.01936,0.02321,0.07357,0.02933,0.03869,0.02120,0.01707,0.02513,0.01927,0.05852
0.05867,0.03438,0.05591,0.13899,0.07779,0.02969,0.06623,0.03899,0.06948,0.05433,0.02230,0.03314,0.08299,0.03329,0.04340,0.02915,0.02452,0.03127,0.02129,0.05417
0.05940,0.07619,0.11365,0.05801,0.22965,0.02129,0.06348,0.02074,0.08746,0.02174,0.01875,0.02540,0.03238,0.02434,0.04787,0.01727,0.01306,0.01915,0.01896,0.03122
0.03631,0.07485,0.03645,0.04299,0.04181,0.02002,0.40924,0.02073,0.05734,0.02626,0.01883,0.01822,0.02803,0.03011,0.03400,0.02111,0.02002,0.01468,0.01517,0.03381
0.10496,0.07031,0.06856,0.04128,0.17829,0.01780,0.02949,0.01707,0.25747,0.02559,0.01327,0.01945,0.02346,0.02006,0.02942,0.01302,0.01248,0.01228,0.01390,0.03183
0.07623,0.12950,0.05143,0.04067,0.05617,0.03329,0.12847,0.02754,0.11039,0.02818,0.03210,0.02901,0.02472,0.04208,0.04838,0.03246,0.02948,0.02129,0.02419,0.03444
0.06661,0.08095,0.11049,0.05894,0.15646,0.01820,0.14352,0.02168,0.07411,0.02193,0.01751,0.02390,0.03066,0.02729,0.05084,0.01423,0.01158,0.01904,0.01932,0.03274
0.12824,0.09274,0.03956,0.04886,0.04712,0.03665,0.06019,0.03235,0.12265,0.04152,0.03115,0.03424,0.03259,0.04957,0.04292,0.02858,0.02884,0.02478,0.02893,0.04851
0.11613,0.11972,0.04720,0.03681,0.04655,0.02860,0.10308,0.02411,0.15591,0.03410,0.02988,0.02396,0.02204,0.03322,0.04459,0.03038,0.02398,0.01974,0.02423,0.03578
0.06924,0.04648,0.10684,0.06326,0.12936,0.03491,0.05953,0.03834,0.05863,0.03474,0.02214,0.04066,0.05488,0.03557,0.04967,0.02456,0.01859,0.03084,0.03380,0.04796
0.10794,0.06774,0.05483,0.05814,0.05991,0.03398,0.05701,0.03122,0.16591,0.03517,0.02651,0.03167,0.03019,0.04148,0.05074,0.03178,0.02659,0.02338,0.02332,0.04250
0.03703,0.07002,0.09057,0.05609,0.12845,0.02708,0.16773,0.03233,0.04262,0.02687,0.02655,0.02858,0.04803,0.02894,0.04491,0.02447,0.02003,0.02975,0.02032,0.04964
0.07841,0.07250,0.05832,0.04917,0.07604,0.02310,0.08980,0.02162,0.19183,0.03751,0.02171,0.02108,0.03199,0.03889,0.03858,0.02576,0.02222,0.02309,0.01792,0.06045
0.10380,0.11728,0.04181,0.03540,0.05626,0.02175,0.04369,0.02146,0.28142,0.02388,0.02122,0.02043,0.02151,0.03513,0.03802,0.02102,0.02110,0.01925,0.02113,0.03444
0.12776,0.06711,0.04761,0.06627,0.05977,0.03090,0.04872,0.03070,0.17281,0.04187,0.02193,0.02683,0.03784,0.03744,0.03911,0.02291,0.02625,0.02632,0.02182,0.04604
0.06657,0.06400,0.08739,0.05705,0.10298,0.03420,0.13722,0.03312,0.07242,0.03300,0.02317,0.02457,0.04278,0.03283,0.04402,0.02524,0.02117,0.02409,0.02228,0.05191
0.05108,0.18942,0.09148,0.03166,0.14058,0.01561,0.15542,0.01641,0.08920,0.01734,0.01620,0.01852,0.01996,0.02368,0.03594,0.01695,0.01188,0.01507,0.01773,0.02586
0.08008,0.07858,0.06645,0.07787,0.12085,0.02330,0.06699,0.02743,0.12340,0.03267,0.02053,0.02484,0.04250,0.03152,0.05092,0.02347,0.01695,0.02463,0.02363,0.04340
0.11306,0.07033,0.05169,0.05412,0.05839,0.02977,0.14249,0.02905,0.09701,0.03869,0.02670,0.02395,0.03690,0.03899,0.03854,0.02216,0.01855,0.02571,0.02466,0.05923
0.05351,0.08623,0.05070,0.04087,0.05629,0.02372,0.28988,0.02276,0.07166,0.02706,0.02380,0.02155,0.02846,0.03817,0.03943,0.02208,0.01908,0.02236,0.02406,0.03833
0.08180,0.19282,0.04929,0.03881,0.08374,0.02253,0.05404,0.01875,0.17560,0.02678,0.02119,0.02175,0.02381,0.03052,0.04219,0.02357,0.01931,0.01554,0.01819,0.03978
0.06632,0.06308,0.16668,0.05101,0.24639,0.01941,0.05409,0.01987,0.08290,0.02128,0.01233,0.02189,0.03312,0.02171,0.04077,0.01282,0.01246,0.01218,0.01488,0.02682
0.03400,0.09060,0.12078,0.03976,0.25958,0.01780,0.13927,0.01690,0.05737,0.01813,0.01575,0.01763,0.02447,0.02112,0.04037,0.01530,0.01282,0.01466,0.01587,0.02782
0.04764,0.23924,0.05735,0.03509,0.08066,0.02011,0.16084,0.01878,0.07880,0.02363,0.02286,0.01911,0.02221,0.03063,0.03352,0.02080,0.01745,0.01702,0.01978,0.03449
0.09036,0.14102,0.03339,0.03821,0.04041,0.02405,0.16870,0.01986,0.14022,0.03127,0.02443,0.02167,0.02272,0.04398,0.03245,0.02735,0.02001,0.02038,0.01822,0.04129
0.06699,0.09090,0.05151,0.06056,0.05949,0.02910,0.11147,0.02968,0.09674,0.04739,0.02906,0.02756,0.03751,0.04624,0.05366,0.03470,0.02450,0.03023,0.02565,0.04706
0.06465,0.06199,0.15008,0.05356,0.14655,0.02244,0.14083,0.02441,0.07020,0.02346,0.02011,0.02314,0.03125,0.02548,0.03425,0.01889,0.01419,0.01759,0.02020,0.03673
0.03381,0.02971,0.21740,0.06873,0.22217,0.01809,0.07900,0.02741,0.04466,0.02318,0.01527,0.02759,0.03898,0.02023,0.03938,0.01796,0.01201,0.01645,0.01871,0.02926
0.12092,0.13521,0.06910,0.04222,0.12147,0.02237,0.05365,0.01949,0.17479,0.02220,0.01627,0.01886,0.02284,0.02621,0.03956,0.01406,0.01377,0.01706,0.01565,0.03429
0.06475,0.03637,0.05291,0.06437,0.03733,0.04092,0.15529,0.04601,0.05880,0.04982,0.02516,0.03496,0.05731,0.04224,0.03890,0.03180,0.03182,0.03623,0.02997,0.06504
0.07067,0.06858,0.05047,0.06211,0.06669,0.03265,0.09091,0.03909,0.08156,0.04328,0.02633,0.03069,0.04771,0.04478,0.05329,0.03095,0.02354,0.03955,0.02478,0.07238
