0.04451,0.15716,0.06291,0.16074,0.05426,0.22768,0.04792,0.24482
0.08577,0.15105,0.04174,0.17816,0.04208,0.22951,0.07290,0.19880
0.04720,0.19089,0.03278,0.20409,0.04945,0.21551,0.04713,0.21294
0.34107,0.04688,0.03770,0.25640,0.12882,0.03023,0.11341,0.04549
0.29204,0.05051,0.08396,0.28128,0.06104,0.06801,0.04232,0.12084
0.09368,0.26486,0.06696,0.26290,0.07853,0.09675,0.08152,0.05481
0.03500,0.27124,0.04227,0.05432,0.03241,0.15438,0.24296,0.16742
0.01268,0.03464,0.02351,0.03258,0.17169,0.34991,0.01415,0.36082
0.17208,0.19050,0.06798,0.25447,0.03482,0.06362,0.09609,0.12043
0.20177,0.07338,0.10022,0.23396,0.03993,0.21264,0.03842,0.09969
0.02869,0.06866,0.01831,0.06672,0.20336,0.29279,0.02782,0.29366
0.10093,0.09742,0.09345,0.12153,0.30985,0.08295,0.06209,0.13179
0.17137,0.05104,0.09533,0.05982,0.09163,0.14211,0.15666,0.23205
0.04900,0.05047,0.31048,0.05103,0.02813,0.36597,0.04349,0.10144
0.02963,0.36639,0.01422,0.38065,0.04145,0.07706,0.02461,0.06600
0.39261,0.04345,0.02316,0.36985,0.04296,0.03657,0.04821,0.04320
0.29982,0.11374,0.03394,0.37770,0.07271,0.04417,0.02300,0.03493
0.23236,0.19839,0.02196,0.38063,0.04047,0.04171,0.04213,0.04235
0.12887,0.16357,0.08889,0.16500,0.12264,0.12135,0.12762,0.08206
0.10145,0.15869,0.13085,0.09688,0.12850,0.10172,0.15128,0.13064
0.35459,0.03872,0.01415,0.04694,0.07145,0.06144,0.34757,0.06512
0.05536,0.20096,0.08876,0.21142,0.03385,0.16370,0.05337,0.19258
0.04449,0.27358,0.04188,0.06854,0.05112,0.12329,0.24462,0.15248
0.02847,0.04857,0.04494,0.06365,0.24303,0.27665,0.02439,0.27029
0.16695,0.03516,0.02438,0.03570,0.42389,0.07059,0.17091,0.07242
0.28353,0.06670,0.07222,0.30652,0.03100,0.13576,0.03803,0.06624
0.11268,0.20627,0.02633,0.22105,0.15863,0.08692,0.10071,0.08742
0.09156,0.06916,0.19807,0.10576,0.03486,0.15649,0.04590,0.29821
0.16259,0.16371,0.04769,0.17132,0.07622,0.12362,0.15437,0.10048
0.05024,0.08216,0.05681,0.09065,0.14230,0.25593,0.05091,0.27100
0.01740,0.06759,0.02191,0.06673,0.06786,0.36315,0.01940,0.37595
0.30284,0.04825,0.09021,0.29509,0.03182,0.10748,0.05216,0.07215
0.16629,0.16913,0.06029,0.20486,0.12238,0.04452,0.13004,0.10247
0.05269,0.31299,0.04581,0.07618,0.04772,0.07747,0.28427,0.10287
0.30785,0.07759,0.03637,0.31537,0.06802,0.06877,0.05724,0.06879
0.18769,0.25950,0.01856,0.12247,0.02341,0.02804,0.32718,0.03314
0.03715,0.06756,0.04064,0.07853,0.04372,0.34954,0.03379,0.34907
0.09845,0.24835,0.05961,0.31287,0.02404,0.10212,0.03868,0.11589
0.11598,0.08262,0.03488,0.09877,0.03745,0.26693,0.10407,0.25931
0.01783,0.11243,0.12837,0.11633,0.09178,0.31926,0.01532,0.19869
0.02851,0.10877,0.32961,0.10343,0.03284,0.02886,0.03312,0.33485
0.09181,0.16876,0.11551,0.18193,0.08331,0.08952,0.08262,0.18654
0.03036,0.24679,0.05914,0.25199,0.03595,0.16102,0.03120,0.18356
0.02786,0.07409,0.06796,0.07412,0.06590,0.35565,0.03298,0.30143
0.32691,0.03525,0.10656,0.07271,0.02213,0.03626,0.27557,0.12460
0.04707,0.05362,0.17233,0.04965,0.20863,0.13220,0.05445,0.28206
0.05922,0.03648,0.35573,0.03795,0.05385,0.04967,0.04926,0.35784
0.05411,0.28825,0.11287,0.28745,0.04668,0.13089,0.04582,0.03394
0.12937,0.19113,0.02136,0.19301,0.03319,0.14741,0.13070,0.15382
0.02647,0.11633,0.21013,0.10622,0.05862,0.16211,0.03268,0.28744
0.09347,0.07265,0.16588,0.08138,0.11799,0.12143,0.07728,0.26993
0.06829,0.15067,0.13952,0.14940,0.10720,0.09976,0.05893,0.22621
0.09018,0.19752,0.02009,0.20505,0.22440,0.09429,0.07247,0.09600
0.22000,0.13954,0.05173,0.29669,0.06256,0.08036,0.06164,0.08748
0.21347,0.12423,0.03009,0.13741,0.07140,0.09998,0.20542,0.11800
0.08971,0.25009,0.06527,0.26339,0.04911,0.09368,0.07703,0.11172
0.05212,0.22796,0.05953,0.25976,0.06836,0.17152,0.02936,0.13139
0.14055,0.18429,0.02714,0.20757,0.07267,0.13743,0.11662,0.11374
0.06810,0.19949,0.09838,0.20874,0.10399,0.10061,0.06239,0.15831
0.04625,0.29879,0.07928,0.27846,0.03086,0.12588,0.07224,0.06824
0.05654,0.27306,0.05711,0.07420,0.03203,0.14583,0.25103,0.11019
0.11776,0.16408,0.13714,0.17619,0.06945,0.16984,0.09795,0.06759
0.22577,0.02663,0.05451,0.03653,0.28385,0.05185,0.22516,0.09570
0.09938,0.10071,0.18574,0.12709,0.05221,0.11368,0.05707,0.26413
0.05528,0.17924,0.14511,0.19975,0.06026,0.12279,0.04619,0.19139
0.05317,0.23369,0.10431,0.22643,0.07072,0.09009,0.05936,0.16223
0.11414,0.10301,0.10955,0.14505,0.08189,0.14793,0.06868,0.22976
0.10764,0.04558,0.06663,0.06306,0.10268,0.25379,0.07379,0.28683
0.08888,0.09353,0.01734,0.11754,0.03555,0.28802,0.07527,0.28389
0.30210,0.05006,0.05566,0.09076,0.09367,0.07914,0.25239,0.07622
0.31936,0.09750,0.02978,0.33696,0.03593,0.05554,0.06484,0.06009
0.25685,0.07245,0.02066,0.11054,0.23783,0.03501,0.22372,0.04295
0.29154,0.04285,0.03563,0.29898,0.02672,0.13854,0.02837,0.13736
0.08300,0.06054,0.03291,0.08004,0.05529,0.31523,0.06302,0.30997
0.04285,0.22440,0.03673,0.24292,0.07831,0.15995,0.03226,0.18259
0.24617,0.19395,0.03045,0.22854,0.02907,0.02572,0.20491,0.04120
0.14763,0.22123,0.04410,0.18667,0.05165,0.09196,0.17168,0.08508
0.04762,0.06423,0.18657,0.06836,0.18663,0.14739,0.04190,0.25729
0.07775,0.05594,0.18634,0.07203,0.07737,0.18284,0.05842,0.28931
0.02791,0.10701,0.01896,0.10554,0.18454,0.26150,0.02902,0.26551
0.28547,0.07820,0.06031,0.30251,0.06773,0.04892,0.04771,0.10916
0.02293,0.12911,0.27117,0.13272,0.02776,0.06984,0.02112,0.32534
0.07782,0.28744,0.05077,0.29802,0.03526,0.08268,0.07243,0.09558
0.04888,0.08267,0.12224,0.09343,0.12877,0.21014,0.03464,0.27923
0.04426,0.10030,0.05895,0.09450,0.05729,0.28596,0.05190,0.30685
0.12795,0.25785,0.04759,0.26594,0.05051,0.04480,0.13039,0.07497
0.09007,0.08643,0.01656,0.08728,0.44298,0.09284,0.08320,0.10062
0.03833,0.26678,0.02649,0.19739,0.03275,0.16499,0.11599,0.15729
0.02848,0.06486,0.23752,0.06346,0.03483,0.39718,0.02819,0.14548
0.21589,0.04845,0.04076,0.16627,0.34283,0.04060,0.08564,0.05956
0.12086,0.10608,0.22450,0.17701,0.04839,0.21583,0.03788,0.06944
0.21612,0.13208,0.06107,0.10433,0.03564,0.09756,0.23538,0.11783
0.08050,0.06951,0.03373,0.05545,0.07628,0.27926,0.09134,0.31394
0.02922,0.13551,0.07622,0.12966,0.07517,0.29432,0.03779,0.22212
0.37624,0.05273,0.04119,0.04926,0.02083,0.02367,0.38385,0.05222
0.14649,0.08698,0.06179,0.06979,0.10103,0.16840,0.15912,0.20640
0.05068,0.10889,0.25630,0.06817,0.03378,0.16031,0.08742,0.23445
0.03356,0.04914,0.05183,0.05692,0.06483,0.35629,0.02366,0.36377
0.09229,0.20758,0.04476,0.22091,0.03856,0.16159,0.08495,0.14936
0.06637,0.09552,0.02588,0.08971,0.05300,0.30978,0.07383,0.28590
0.08178,0.19230,0.03861,0.20669,0.32744,0.03505,0.06674,0.05139
0.29387,0.09883,0.02600,0.30780,0.05561,0.07347,0.07112,0.07330
0.03018,0.35777,0.03246,0.19628,0.04166,0.07014,0.19014,0.08136
0.07934,0.03602,0.05969,0.04106,0.36932,0.13426,0.08116,0.19915
0.06080,0.23409,0.06385,0.22284,0.17685,0.07740,0.06712,0.09705
0.30431,0.12790,0.03517,0.35351,0.03156,0.02614,0.05805,0.06337
0.06102,0.06414,0.02676,0.07130,0.03643,0.34299,0.05077,0.34660
0.19687,0.06839,0.07232,0.06295,0.08169,0.16254,0.19698,0.15826
0.04448,0.04931,0.25008,0.04181,0.02329,0.16177,0.04852,0.38075
0.24711,0.05234,0.09623,0.24319,0.05823,0.16230,0.05009,0.09051
0.22453,0.17137,0.01830,0.13412,0.06709,0.06036,0.26235,0.06190
0.08373,0.07991,0.14635,0.06714,0.11617,0.14862,0.08127,0.27683
0.11839,0.29039,0.02861,0.30659,0.07653,0.02839,0.10803,0.04307
0.18679,0.05578,0.18507,0.05825,0.02754,0.07167,0.18210,0.23280
0.05037,0.03126,0.33972,0.03086,0.04432,0.06818,0.04849,0.38680
0.12293,0.07074,0.10813,0.09457,0.09781,0.16144,0.09050,0.25389
0.03012,0.06662,0.01201,0.06809,0.09521,0.34649,0.03274,0.34872
0.07674,0.09463,0.11260,0.07916,0.14749,0.16450,0.08407,0.24080
0.03976,0.38320,0.02475,0.22009,0.06099,0.03685,0.19454,0.03982
0.16288,0.06898,0.01230,0.07248,0.39391,0.06979,0.14223,0.07743
0.04002,0.19289,0.12394,0.17889,0.05982,0.24474,0.03621,0.12348
0.07506,0.22215,0.13072,0.22008,0.07682,0.05625,0.06961,0.14930
0.18402,0.18769,0.03066,0.13103,0.03673,0.08339,0.24331,0.10316
0.10197,0.20009,0.11179,0.20041,0.02871,0.17225,0.10492,0.07985
0.06419,0.03592,0.20409,0.04854,0.31959,0.07085,0.03251,0.22431
0.09025,0.16119,0.12384,0.12397,0.14319,0.07328,0.11333,0.17096
0.05754,0.20523,0.04735,0.08437,0.06544,0.18501,0.16830,0.18676
0.09475,0.16301,0.06636,0.16522,0.16992,0.11002,0.09148,0.13923
0.10864,0.30499,0.03707,0.14096,0.04797,0.04795,0.26474,0.04769
0.03801,0.03413,0.02055,0.05059,0.32060,0.25907,0.02020,0.25685
0.02620,0.08960,0.29346,0.08368,0.09207,0.29901,0.02204,0.09394
0.20850,0.10097,0.09866,0.23388,0.05850,0.10024,0.05381,0.14546
0.06796,0.16967,0.12578,0.17269,0.05216,0.13629,0.06933,0.20612
0.08512,0.13864,0.05148,0.15414,0.16817,0.14802,0.07802,0.17642
0.13212,0.05633,0.04298,0.05722,0.23382,0.16555,0.13546,0.17652
0.04195,0.16015,0.03010,0.16074,0.11131,0.22245,0.04275,0.23056
0.02547,0.41226,0.01811,0.42431,0.02023,0.04580,0.01799,0.03582
0.09674,0.11564,0.03956,0.11911,0.42891,0.06683,0.08268,0.05052
0.07613,0.10669,0.01018,0.05962,0.52964,0.06023,0.10201,0.05551
0.20953,0.10794,0.13950,0.12220,0.05558,0.05911,0.19117,0.11497
0.06814,0.09150,0.11578,0.10069,0.05559,0.20793,0.04600,0.31436
0.28868,0.08127,0.01497,0.07850,0.15678,0.04784,0.29124,0.04072
0.23499,0.08727,0.03067,0.25776,0.04067,0.14849,0.06500,0.13514
0.02856,0.37555,0.03111,0.22549,0.06887,0.03899,0.18108,0.05035
0.13207,0.07513,0.24132,0.07253,0.05957,0.06582,0.12560,0.22796
0.26400,0.07375,0.07362,0.08427,0.06466,0.07430,0.25249,0.11292
0.08697,0.09716,0.02445,0.06400,0.49459,0.05610,0.11291,0.06383
0.11953,0.25598,0.06182,0.31488,0.04782,0.06480,0.04608,0.08908
0.05112,0.25109,0.03676,0.09370,0.18748,0.07891,0.20687,0.09407
0.04704,0.09098,0.08278,0.09373,0.06252,0.24680,0.04295,0.33321
0.05238,0.13331,0.05604,0.07554,0.32682,0.11343,0.10137,0.14111
0.10339,0.31149,0.04186,0.04792,0.04493,0.04890,0.34359,0.05793
0.03974,0.04972,0.09320,0.05151,0.07734,0.28356,0.03729,0.36764
0.27724,0.07378,0.07749,0.22298,0.04733,0.05356,0.11546,0.13216
0.04407,0.09310,0.04430,0.11944,0.12000,0.27503,0.03271,0.27135
0.04941,0.06458,0.02258,0.07327,0.10419,0.31731,0.04259,0.32607
0.09032,0.10611,0.05627,0.09745,0.05014,0.23749,0.09722,0.26501
0.22190,0.10488,0.07401,0.22440,0.10535,0.11029,0.09302,0.06615
0.03981,0.04172,0.12959,0.05754,0.08384,0.26941,0.02482,0.35328
0.01763,0.28623,0.04931,0.29534,0.04938,0.17676,0.01509,0.11027
0.13294,0.30067,0.01933,0.13637,0.04763,0.04091,0.28272,0.03942
0.05126,0.22453,0.03537,0.25174,0.02956,0.17603,0.04786,0.18365
0.07961,0.13458,0.19227,0.11430,0.07743,0.10178,0.09355,0.20647
0.04916,0.23593,0.02886,0.21997,0.06577,0.16805,0.06329,0.16897
0.03082,0.11390,0.09980,0.12439,0.06890,0.22482,0.02351,0.31386
0.02807,0.25423,0.02755,0.25289,0.29790,0.06719,0.02778,0.04438
0.05462,0.21963,0.06024,0.17759,0.12849,0.15494,0.08430,0.12018
0.16675,0.19037,0.07326,0.15228,0.02343,0.09717,0.19960,0.09715
0.03396,0.05951,0.15235,0.06713,0.07239,0.23074,0.02940,0.35453
0.04444,0.26050,0.06359,0.26166,0.17473,0.10507,0.04107,0.04893
0.06466,0.21686,0.09079,0.20945,0.10106,0.08555,0.06736,0.16426
0.05847,0.07294,0.22959,0.09176,0.24402,0.03268,0.03120,0.23933
0.07505,0.13257,0.02032,0.10295,0.06593,0.24863,0.09669,0.25787
0.21859,0.07383,0.04761,0.05180,0.07213,0.13468,0.23989,0.16146
0.11743,0.16383,0.07084,0.23372,0.23471,0.07725,0.03219,0.07002
0.22285,0.16461,0.03735,0.23946,0.09747,0.04767,0.13575,0.05483
0.03233,0.43295,0.01393,0.12645,0.02145,0.02556,0.32261,0.02474
0.21016,0.03204,0.21860,0.15201,0.03650,0.20424,0.07893,0.06752
0.05615,0.14302,0.06915,0.15328,0.24288,0.17063,0.04298,0.12191
0.07436,0.06656,0.24642,0.06028,0.17851,0.05355,0.07215,0.24816
0.03286,0.11218,0.27238,0.11702,0.04971,0.09074,0.02376,0.30137
0.07218,0.04912,0.16555,0.06511,0.05916,0.19538,0.05267,0.34084
0.06676,0.22059,0.10295,0.22267,0.05163,0.18271,0.05380,0.09889
0.09159,0.05847,0.03936,0.06794,0.36382,0.13874,0.07510,0.16499
0.05764,0.15300,0.26526,0.15505,0.02715,0.27719,0.03413,0.03059
0.18256,0.08536,0.01634,0.07289,0.14913,0.15056,0.18446,0.15870
0.06660,0.05507,0.09719,0.07596,0.15984,0.24783,0.03680,0.26070
0.05389,0.08599,0.19832,0.08181,0.17992,0.11013,0.05232,0.23761
0.01913,0.16339,0.05980,0.15845,0.36681,0.12417,0.01858,0.08966
0.05198,0.04750,0.17163,0.06407,0.15739,0.16683,0.03112,0.30949
0.29344,0.02238,0.02789,0.26993,0.18613,0.07816,0.03141,0.09066
0.11369,0.07122,0.02352,0.06792,0.13793,0.23093,0.11658,0.23819
0.10195,0.07437,0.05506,0.04650,0.18589,0.18289,0.11988,0.23346
0.14320,0.25896,0.02566,0.28744,0.04465,0.05826,0.11200,0.06984
0.15069,0.03604,0.02525,0.06100,0.44339,0.06849,0.12423,0.09091
0.17969,0.05091,0.04011,0.05035,0.17681,0.15115,0.17783,0.17315
0.31194,0.04678,0.05968,0.16493,0.14433,0.04080,0.16240,0.06914
0.05859,0.10991,0.09171,0.09624,0.08508,0.28423,0.06942,0.20482
0.02714,0.28488,0.02377,0.29575,0.03209,0.16259,0.02474,0.14904
0.22990,0.11444,0.09634,0.20296,0.07862,0.03335,0.12418,0.12020
0.21991,0.14983,0.04387,0.31661,0.06539,0.07841,0.04798,0.07800
0.04798,0.06066,0.06484,0.05296,0.26756,0.21099,0.04660,0.24842
0.18568,0.05431,0.19814,0.06090,0.04918,0.05203,0.18125,0.21850
0.17202,0.14870,0.12502,0.10380,0.03984,0.13592,0.20925,0.06546
0.15200,0.04343,0.03102,0.06259,0.53671,0.01886,0.11760,0.03779
0.12417,0.18980,0.04347,0.19374,0.23977,0.05375,0.10829,0.04701
0.09522,0.05261,0.15743,0.05867,0.06033,0.17755,0.09625,0.30193
0.12782,0.13335,0.07727,0.22738,0.04815,0.20188,0.03996,0.14420
0.13100,0.10587,0.04422,0.13345,0.23601,0.11032,0.10460,0.13453
0.17922,0.12586,0.02622,0.14586,0.02302,0.18061,0.16225,0.15697
0.04094,0.24433,0.02566,0.26710,0.06633,0.16421,0.02808,0.16334
0.03635,0.06785,0.26507,0.06677,0.03435,0.12724,0.03342,0.36895
0.05389,0.09881,0.01816,0.10720,0.17328,0.24380,0.04628,0.25859
0.07059,0.33631,0.02625,0.14251,0.07104,0.05033,0.24423,0.05874
0.02706,0.03732,0.19082,0.03343,0.07363,0.39347,0.02495,0.21934
0.21446,0.03352,0.15940,0.04509,0.05715,0.09096,0.19893,0.20049
0.19421,0.05049,0.07256,0.07653,0.22934,0.11440,0.16233,0.10013
0.03187,0.27142,0.02351,0.28739,0.05168,0.15122,0.02719,0.15571
0.29036,0.13119,0.03912,0.38112,0.03833,0.04607,0.02220,0.05161
0.09213,0.24041,0.03242,0.15054,0.09239,0.09603,0.18391,0.11218
0.13961,0.13201,0.11203,0.12588,0.15769,0.13403,0.13600,0.06275
0.03590,0.37958,0.03335,0.14266,0.03745,0.05191,0.27091,0.04824
0.09936,0.06705,0.04274,0.10287,0.50420,0.06093,0.04554,0.07731
0.06769,0.11176,0.12994,0.14184,0.15883,0.16036,0.03283,0.19675
0.09521,0.30737,0.03358,0.32830,0.03569,0.05559,0.08413,0.06014
0.09895,0.17266,0.08839,0.16484,0.12425,0.12571,0.10028,0.12492
0.07656,0.06348,0.14665,0.06451,0.05036,0.20200,0.06907,0.32736
0.10081,0.31533,0.02375,0.09722,0.03788,0.05281,0.30946,0.06275
0.06804,0.25451,0.05050,0.10500,0.02957,0.12240,0.21395,0.15603
0.10091,0.03969,0.02588,0.03882,0.04216,0.31623,0.09692,0.33938
0.15129,0.21860,0.05131,0.11026,0.06609,0.07670,0.25324,0.07250
0.04161,0.09706,0.03752,0.09694,0.09725,0.29490,0.04085,0.29388
0.06365,0.07491,0.05645,0.06238,0.23398,0.20928,0.07105,0.22829
0.09517,0.07607,0.12393,0.11451,0.10028,0.27922,0.04681,0.16400
0.33255,0.05074,0.03305,0.04248,0.07044,0.05740,0.33577,0.07756
0.17470,0.12598,0.08632,0.13882,0.05701,0.09441,0.16486,0.15790
0.12811,0.22732,0.07371,0.13633,0.05517,0.07980,0.20159,0.09796
0.07259,0.06318,0.13820,0.08697,0.13229,0.17060,0.04125,0.29491
0.04999,0.35691,0.01967,0.26572,0.11170,0.03641,0.13194,0.02766
0.12628,0.11750,0.04174,0.12673,0.04997,0.21462,0.10912,0.21404
0.04481,0.38428,0.04386,0.17938,0.03170,0.03541,0.23042,0.05012
0.02208,0.21671,0.06203,0.21140,0.27988,0.12182,0.01650,0.06958
0.04273,0.22389,0.17783,0.21646,0.05993,0.04951,0.04901,0.18064
0.10971,0.22386,0.06722,0.26397,0.12924,0.08287,0.06504,0.05808
0.13476,0.05979,0.02464,0.14558,0.54469,0.03350,0.03073,0.02632
0.09698,0.05795,0.18148,0.05908,0.08742,0.12897,0.09799,0.29013
0.12069,0.08435,0.15335,0.08200,0.04839,0.12944,0.11914,0.26264
0.09604,0.09842,0.12957,0.13305,0.07568,0.14869,0.05468,0.26388
0.06725,0.03532,0.01696,0.03599,0.52436,0.12778,0.06202,0.13031
0.05018,0.21119,0.04552,0.22600,0.04450,0.18736,0.04332,0.19193
0.08729,0.21010,0.15507,0.17892,0.03393,0.06292,0.11329,0.15849
0.05389,0.22609,0.04526,0.24860,0.02492,0.16222,0.04850,0.19052
0.04467,0.08041,0.11591,0.06016,0.05707,0.30621,0.06506,0.27051
0.04645,0.18737,0.14384,0.09975,0.16127,0.09050,0.11735,0.15346
0.02646,0.07405,0.05821,0.07954,0.09414,0.31138,0.02261,0.33360
0.03323,0.27806,0.01667,0.30325,0.03366,0.16024,0.02119,0.15372
0.03974,0.14224,0.06579,0.14019,0.38955,0.11585,0.03979,0.06685
0.17815,0.13110,0.01833,0.05320,0.05886,0.15991,0.24432,0.15613
0.16859,0.13484,0.02752,0.11877,0.10891,0.12195,0.17920,0.14022
0.17163,0.23620,0.04240,0.25421,0.02722,0.04310,0.15932,0.06592
0.03939,0.07413,0.13000,0.04403,0.06084,0.22014,0.06737,0.36411
0.03833,0.18428,0.06444,0.11787,0.10633,0.17876,0.10242,0.20757
0.03214,0.08701,0.21952,0.07049,0.04217,0.15865,0.04467,0.34536
0.04462,0.11674,0.04254,0.14813,0.19753,0.22001,0.02075,0.20969
0.02853,0.04827,0.02576,0.05234,0.04509,0.38878,0.02420,0.38704
0.07248,0.22715,0.14615,0.07189,0.03757,0.16560,0.21898,0.06019
0.02612,0.16441,0.10123,0.15880,0.28128,0.17918,0.01882,0.07016
0.11159,0.16321,0.03484,0.16736,0.29505,0.05274,0.11104,0.06418
0.03514,0.06143,0.02884,0.06954,0.02429,0.37262,0.03059,0.37756
0.03933,0.25544,0.07919,0.25500,0.17401,0.11643,0.03594,0.04465
0.08257,0.09683,0.02828,0.12544,0.10470,0.25536,0.05513,0.25171
0.28421,0.08710,0.05486,0.05859,0.04429,0.06703,0.30415,0.09977
0.03643,0.23466,0.09296,0.17577,0.03330,0.12974,0.09966,0.19748
0.19335,0.19796,0.02399,0.28295,0.12973,0.03487,0.09521,0.04193
0.06301,0.11539,0.22291,0.11647,0.07837,0.20951,0.05993,0.13441
0.13006,0.24221,0.02107,0.12012,0.07162,0.08569,0.24183,0.08740
0.04627,0.20417,0.04845,0.20731,0.15208,0.15873,0.03664,0.14635
0.07891,0.13630,0.03285,0.15626,0.13555,0.19368,0.06571,0.20075
0.05040,0.17326,0.07378,0.18146,0.24035,0.14163,0.04465,0.09448
0.02609,0.23136,0.03449,0.22938,0.05527,0.19144,0.03384,0.19814
0.02000,0.12186,0.25822,0.11774,0.02435,0.35133,0.01780,0.08870
0.10329,0.25267,0.03369,0.05332,0.03739,0.10674,0.29219,0.12071
0.02924,0.07669,0.02810,0.06043,0.57653,0.10358,0.03448,0.09095
0.10132,0.32039,0.01855,0.06280,0.07188,0.03294,0.34475,0.04738
0.03612,0.20931,0.02368,0.19710,0.36960,0.05920,0.04772,0.05728
0.04240,0.10305,0.25556,0.09564,0.07584,0.16386,0.04266,0.22099
0.10524,0.15226,0.10130,0.15585,0.12817,0.08939,0.09438,0.17341
0.10024,0.07761,0.02938,0.12436,0.48234,0.06938,0.03686,0.07984
0.27373,0.05140,0.04609,0.08581,0.10209,0.08413,0.24273,0.11402
0.12438,0.21734,0.05819,0.19875,0.04172,0.11089,0.14459,0.10413
0.07579,0.21794,0.07008,0.20949,0.06852,0.12174,0.08303,0.15341
0.05842,0.12179,0.08859,0.08708,0.11956,0.21876,0.08621,0.21960
0.04206,0.39924,0.01961,0.17797,0.03217,0.03902,0.25080,0.03913
0.02598,0.03350,0.03650,0.04257,0.06539,0.38479,0.02175,0.38952
0.05518,0.21607,0.08078,0.21531,0.10029,0.11664,0.06051,0.15520
0.30069,0.11119,0.01828,0.35324,0.06960,0.04711,0.04361,0.05629
0.06152,0.12277,0.06789,0.10482,0.20494,0.17386,0.07666,0.18755
0.13417,0.20752,0.04164,0.09405,0.02649,0.11352,0.24329,0.13932
0.09079,0.11949,0.10052,0.11489,0.29664,0.09607,0.08787,0.09372
0.04524,0.12524,0.12462,0.13151,0.31638,0.08613,0.04127,0.12961
