0.01871,0.11579,0.01550,0.03877,0.02064,0.04967,0.16876,0.01255,0.01764,0.15129,0.19038,0.00799,0.10502,0.03313,0.01023,0.01126,0.00729,0.00510,0.01266,0.00765
0.30071,0.03600,0.01767,0.10901,0.05103,0.02310,0.01297,0.22260,0.00764,0.03040,0.01467,0.00700,0.08397,0.01699,0.01135,0.01306,0.00702,0.00504,0.00550,0.02427
0.24547,0.00582,0.03295,0.15192,0.04520,0.02294,0.05144,0.26000,0.00942,0.01331,0.02606,0.00313,0.07143,0.01742,0.01096,0.01551,0.00473,0.00316,0.00335,0.00579
0.05706,0.06336,0.02089,0.15927,0.02266,0.23877,0.13925,0.00835,0.03576,0.05717,0.06075,0.04496,0.01041,0.01997,0.01168,0.02120,0.00598,0.00535,0.00668,0.01047
0.23910,0.00786,0.11658,0.02124,0.02560,0.00664,0.01613,0.01873,0.33740,0.07116,0.03326,0.02282,0.00991,0.01162,0.00552,0.01305,0.00949,0.00420,0.01278,0.01689
0.07361,0.04228,0.03315,0.25451,0.12704,0.24785,0.04159,0.01031,0.01386,0.05104,0.03286,0.01010,0.00544,0.00532,0.00974,0.01535,0.00872,0.00521,0.00529,0.00674
0.02776,0.02371,0.03295,0.41147,0.03018,0.18194,0.01354,0.01697,0.02488,0.02557,0.01412,0.01735,0.02123,0.03184,0.01873,0.05096,0.02146,0.00496,0.01556,0.01480
0.22665,0.02946,0.03797,0.06214,0.09514,0.13952,0.10133,0.03048,0.01890,0.04369,0.02593,0.02090,0.02003,0.02007,0.01763,0.01858,0.00701,0.00509,0.03685,0.04266
0.03380,0.03422,0.03755,0.20055,0.10845,0.02122,0.15914,0.01575,0.02644,0.06397,0.05700,0.03177,0.07669,0.03101,0.01070,0.02025,0.02463,0.00999,0.01405,0.02282
0.09967,0.01007,0.01232,0.10321,0.01116,0.01948,0.23700,0.01933,0.03084,0.02868,0.05697,0.01142,0.16597,0.12878,0.00555,0.01471,0.01973,0.00852,0.00569,0.01090
0.33283,0.00704,0.03292,0.06058,0.01338,0.03804,0.02454,0.01546,0.02578,0.10915,0.05109,0.00752,0.06105,0.15106,0.00670,0.01267,0.03116,0.00397,0.00545,0.00960
0.13954,0.01118,0.04412,0.11723,0.09160,0.31249,0.01843,0.07346,0.01318,0.02217,0.01786,0.01167,0.03421,0.01738,0.01846,0.01383,0.00604,0.00627,0.01786,0.01304
0.23973,0.05345,0.01113,0.20181,0.01265,0.06377,0.14798,0.06602,0.01967,0.03196,0.02968,0.01077,0.01099,0.01013,0.00692,0.01792,0.00859,0.00709,0.01487,0.03486
0.08224,0.03958,0.03334,0.01302,0.23239,0.13277,0.05029,0.01289,0.01529,0.04982,0.03116,0.06093,0.02238,0.05535,0.04945,0.02341,0.00608,0.01941,0.04527,0.02492
0.08202,0.03491,0.02086,0.18758,0.02677,0.12874,0.01594,0.03021,0.00964,0.01603,0.02918,0.03335,0.24561,0.02500,0.03390,0.02016,0.03252,0.00389,0.01684,0.00683
0.02834,0.08415,0.01132,0.32158,0.01100,0.15229,0.08104,0.03493,0.02759,0.06797,0.01639,0.01035,0.01008,0.01756,0.02725,0.02317,0.01222,0.00498,0.04038,0.01739
0.02451,0.03754,0.01357,0.01272,0.01215,0.02534,0.03222,0.16651,0.05179,0.13697,0.07494,0.00828,0.02199,0.02621,0.00693,0.00848,0.00622,0.00665,0.31353,0.01344
0.03680,0.01697,0.03140,0.03949,0.01864,0.01209,0.06007,0.22795,0.02314,0.15376,0.01973,0.01211,0.06929,0.08744,0.00476,0.00696,0.00477,0.00603,0.16280,0.00580
0.03466,0.34293,0.00733,0.00750,0.00910,0.01375,0.01544,0.15805,0.03523,0.12966,0.01673,0.01189,0.01574,0.01233,0.14102,0.00694,0.01206,0.00666,0.01373,0.00924
0.02289,0.01913,0.01601,0.28569,0.03158,0.20437,0.22874,0.01069,0.02573,0.03277,0.02027,0.00643,0.01584,0.01107,0.01263,0.01479,0.01298,0.00474,0.00485,0.01879
0.14306,0.00596,0.02440,0.13404,0.01996,0.03090,0.01757,0.01280,0.01160,0.01136,0.01915,0.00983,0.18054,0.30444,0.00904,0.01721,0.01109,0.00476,0.01102,0.02125
0.02442,0.03282,0.01038,0.14307,0.04168,0.26295,0.27169,0.02083,0.01043,0.03776,0.01864,0.00389,0.06597,0.01566,0.01204,0.00600,0.00769,0.00213,0.00593,0.00601
0.09680,0.01724,0.00744,0.00781,0.01207,0.01422,0.15245,0.02264,0.01017,0.03407,0.04601,0.01082,0.35497,0.14686,0.01064,0.00957,0.01238,0.01006,0.01118,0.01262
0.20067,0.01036,0.01337,0.01466,0.01130,0.01127,0.01525,0.02963,0.09099,0.04130,0.02074,0.46160,0.01795,0.01966,0.00742,0.00369,0.00521,0.00344,0.01432,0.00718
0.03088,0.03141,0.02260,0.31764,0.02142,0.24715,0.12297,0.04189,0.00866,0.01436,0.02689,0.00593,0.02452,0.02795,0.01298,0.00999,0.01145,0.00500,0.01075,0.00556
0.16829,0.00528,0.12325,0.03178,0.02154,0.00779,0.02801,0.03482,0.17531,0.29053,0.02243,0.01493,0.01773,0.01860,0.00540,0.00518,0.00598,0.00554,0.00928,0.00832
0.19925,0.00654,0.02124,0.25927,0.04566,0.20493,0.00546,0.17446,0.00551,0.00835,0.00748,0.00906,0.00936,0.00770,0.00334,0.01047,0.00474,0.00388,0.00846,0.00485
0.06951,0.03317,0.03335,0.29170,0.00941,0.12354,0.04992,0.01181,0.01530,0.04676,0.05880,0.02322,0.00935,0.02144,0.00553,0.03811,0.07381,0.04580,0.00787,0.03161
0.06229,0.00617,0.01328,0.10220,0.01341,0.02060,0.01260,0.02921,0.44831,0.07122,0.01358,0.01656,0.03638,0.09358,0.00325,0.00410,0.00835,0.01291,0.01254,0.01947
0.05662,0.00935,0.00884,0.01088,0.00979,0.01424,0.43580,0.03905,0.10635,0.13861,0.04309,0.00387,0.04992,0.02193,0.00600,0.01221,0.00393,0.00917,0.00476,0.01558
0.02717,0.02906,0.10864,0.04781,0.24246,0.05042,0.04329,0.11244,0.01562,0.02422,0.03331,0.00518,0.17178,0.01177,0.01642,0.02003,0.00765,0.01228,0.00596,0.01448
0.04170,0.35860,0.01357,0.01349,0.01007,0.00702,0.03367,0.02153,0.05835,0.23229,0.02761,0.01665,0.05229,0.03513,0.03148,0.00766,0.00810,0.00283,0.01602,0.01193
0.05294,0.02341,0.03316,0.07950,0.03593,0.03219,0.01156,0.16767,0.02884,0.03832,0.01302,0.07650,0.02791,0.07629,0.02403,0.01908,0.11961,0.01287,0.05382,0.07334
0.02051,0.00959,0.00963,0.15596,0.01629,0.12884,0.43881,0.01206,0.02218,0.04242,0.02139,0.00640,0.02160,0.02886,0.02281,0.01290,0.00754,0.00390,0.01073,0.00757
0.01965,0.02375,0.03562,0.19050,0.03542,0.01112,0.04622,0.01493,0.15780,0.22162,0.03380,0.02702,0.01457,0.04091,0.00752,0.01106,0.01905,0.00522,0.07023,0.01400
0.03538,0.01847,0.01765,0.02281,0.02487,0.01699,0.01818,0.01013,0.01690,0.06032,0.02873,0.08945,0.41129,0.12603,0.01354,0.01182,0.04129,0.01057,0.01573,0.00985
0.02276,0.05764,0.02036,0.01004,0.03366,0.00895,0.04610,0.07275,0.01851,0.03529,0.08528,0.08212,0.02430,0.04780,0.00658,0.01482,0.14533,0.01642,0.24301,0.00826
0.03898,0.03675,0.08660,0.06277,0.01250,0.03250,0.04532,0.07792,0.03747,0.03579,0.03425,0.01299,0.05161,0.05266,0.01642,0.02281,0.02532,0.19260,0.06533,0.05942
0.47057,0.01822,0.02039,0.06890,0.01098,0.01846,0.09133,0.01693,0.02860,0.07854,0.06314,0.01419,0.03032,0.02635,0.00856,0.01020,0.00638,0.00564,0.00514,0.00717
0.04050,0.00892,0.01665,0.01194,0.01130,0.00986,0.03119,0.01718,0.16225,0.35960,0.03099,0.01683,0.08945,0.11394,0.00710,0.00897,0.00590,0.00640,0.01749,0.03354
0.06721,0.01786,0.02700,0.06650,0.03257,0.09584,0.16903,0.01385,0.04107,0.02474,0.05286,0.01924,0.21240,0.06759,0.00808,0.03345,0.02282,0.00948,0.00758,0.01084
0.22040,0.00607,0.01569,0.15175,0.04051,0.09781,0.07342,0.05997,0.01019,0.00868,0.09774,0.00860,0.12902,0.01599,0.00831,0.02602,0.00953,0.00345,0.00711,0.00974
0.20193,0.00708,0.01237,0.12539,0.01164,0.01813,0.03101,0.02865,0.26743,0.10544,0.06049,0.01217,0.03381,0.02030,0.00346,0.01022,0.02120,0.00844,0.00668,0.01416
0.09382,0.01269,0.10722,0.05101,0.03105,0.01258,0.00655,0.03834,0.01997,0.03474,0.00688,0.05597,0.14121,0.08613,0.01513,0.01063,0.00531,0.00431,0.25956,0.00689
0.01643,0.01314,0.02638,0.00511,0.02524,0.00860,0.23463,0.05694,0.01877,0.02139,0.05022,0.00961,0.01427,0.01676,0.00540,0.00546,0.00468,0.00536,0.45716,0.00445
0.04292,0.00899,0.03933,0.02007,0.07344,0.01934,0.03396,0.02457,0.24831,0.02685,0.02511,0.01525,0.07985,0.20649,0.01087,0.01578,0.03757,0.01217,0.03072,0.02841
0.02406,0.02147,0.02403,0.00779,0.12454,0.01238,0.10169,0.05201,0.17912,0.24270,0.03083,0.01076,0.01963,0.01847,0.00631,0.01766,0.00753,0.05525,0.01948,0.02431
0.02558,0.01603,0.00904,0.01665,0.01341,0.01910,0.00398,0.13063,0.01267,0.04436,0.00748,0.08136,0.00904,0.01303,0.00463,0.00452,0.00557,0.00288,0.57486,0.00517
0.05513,0.04640,0.00926,0.01398,0.00708,0.01651,0.31282,0.00546,0.15554,0.08412,0.10886,0.04279,0.01446,0.02108,0.00781,0.00789,0.00487,0.05597,0.00493,0.02505
0.05682,0.00967,0.02518,0.02074,0.01599,0.14642,0.05170,0.02971,0.01236,0.01234,0.04145,0.00841,0.32134,0.02622,0.00971,0.07911,0.01282,0.01311,0.01139,0.09551
0.15602,0.01668,0.02596,0.26862,0.01617,0.06107,0.03950,0.01188,0.01567,0.02107,0.04102,0.15535,0.03876,0.03455,0.01190,0.05363,0.00886,0.00687,0.00726,0.00916
0.02403,0.03084,0.00648,0.00559,0.01412,0.02439,0.01034,0.09243,0.01263,0.03276,0.01601,0.01387,0.00910,0.01500,0.00356,0.00571,0.01786,0.04920,0.60541,0.01067
0.13331,0.00811,0.07464,0.05983,0.00963,0.00658,0.03219,0.01353,0.22667,0.09161,0.05451,0.01300,0.01597,0.21876,0.00560,0.00881,0.00645,0.00363,0.00675,0.01043
0.12702,0.04613,0.02540,0.13493,0.02031,0.04902,0.13610,0.01260,0.02315,0.02774,0.09101,0.06806,0.03228,0.02034,0.10215,0.02183,0.01729,0.01098,0.01127,0.02239
0.05633,0.06103,0.01174,0.01044,0.02833,0.02577,0.04543,0.27297,0.01714,0.15239,0.02592,0.01269,0.03115,0.03049,0.00496,0.01519,0.02442,0.01335,0.14539,0.01488
0.02251,0.00440,0.00692,0.01191,0.01073,0.06077,0.04444,0.00672,0.28777,0.29512,0.02568,0.00858,0.02198,0.10148,0.00510,0.00534,0.00861,0.02442,0.00695,0.04057
0.01004,0.05130,0.04425,0.24046,0.01174,0.01606,0.39291,0.00810,0.01715,0.01780,0.02859,0.00706,0.01509,0.06796,0.02364,0.01469,0.01025,0.00384,0.01214,0.00692
0.01321,0.02525,0.15995,0.01077,0.27899,0.01393,0.01581,0.02731,0.01313,0.01953,0.01123,0.01464,0.03867,0.08210,0.01987,0.01210,0.00653,0.00419,0.22580,0.00699
0.03092,0.21813,0.02844,0.03429,0.06341,0.10351,0.03239,0.04033,0.01320,0.05299,0.03180,0.01017,0.09816,0.03682,0.05610,0.04319,0.02799,0.01196,0.03845,0.02776
0.05316,0.02403,0.02169,0.01419,0.02106,0.06122,0.02381,0.09684,0.01875,0.05479,0.02785,0.05506,0.02083,0.02140,0.01220,0.01569,0.00811,0.03142,0.39705,0.02087
0.03125,0.01071,0.01359,0.03777,0.01269,0.03680,0.02416,0.01763,0.07881,0.05585,0.04245,0.00618,0.33082,0.25374,0.00612,0.00856,0.01002,0.00434,0.00950,0.00902
0.05191,0.02252,0.02504,0.01233,0.02994,0.00568,0.27805,0.00917,0.31823,0.07814,0.05072,0.01959,0.01701,0.01659,0.00636,0.01244,0.01956,0.00772,0.00762,0.01139
0.01602,0.00614,0.01647,0.01460,0.06076,0.00948,0.04345,0.00834,0.32272,0.16502,0.07192,0.01664,0.02634,0.16844,0.00360,0.00615,0.01666,0.00882,0.00656,0.01189
0.03793,0.00934,0.02552,0.03929,0.18805,0.42239,0.01927,0.05714,0.01250,0.01293,0.02601,0.00717,0.04813,0.01790,0.00885,0.01021,0.01509,0.00937,0.01659,0.01630
0.02991,0.01940,0.03241,0.32754,0.03868,0.28366,0.11186,0.01227,0.01197,0.01353,0.02196,0.00629,0.01060,0.01363,0.02221,0.01373,0.01173,0.00327,0.00870,0.00666
0.07826,0.02047,0.03371,0.06395,0.02877,0.24608,0.19573,0.07487,0.03389,0.01608,0.04186,0.00740,0.03583,0.02308,0.01201,0.03646,0.01796,0.00744,0.01194,0.01424
0.01117,0.02267,0.04490,0.01164,0.06567,0.01795,0.32013,0.00655,0.16802,0.06760,0.16150,0.00744,0.01096,0.01607,0.00570,0.01000,0.00692,0.02005,0.00515,0.01991
0.05126,0.02810,0.06995,0.15812,0.02599,0.24966,0.04534,0.03012,0.01368,0.02900,0.01720,0.01245,0.08660,0.03394,0.01688,0.03598,0.01579,0.00930,0.05508,0.01554
0.04370,0.03717,0.00586,0.00522,0.00744,0.07179,0.09242,0.14398,0.02068,0.03198,0.03734,0.01371,0.00938,0.00836,0.02332,0.00619,0.01933,0.21718,0.18390,0.02106
0.12608,0.01038,0.01989,0.27337,0.01647,0.07303,0.03733,0.02744,0.01028,0.01415,0.04057,0.16239,0.03549,0.04345,0.02431,0.02831,0.00835,0.00402,0.02075,0.02392
0.06041,0.01292,0.01726,0.14520,0.03485,0.36150,0.05653,0.02143,0.06018,0.03948,0.02474,0.02118,0.02175,0.02062,0.02182,0.01254,0.01458,0.00474,0.01829,0.02997
0.03136,0.01183,0.03094,0.01531,0.02935,0.02774,0.01064,0.15210,0.02772,0.03146,0.04746,0.05070,0.02143,0.02049,0.00508,0.00656,0.01107,0.00553,0.45836,0.00489
0.05736,0.01664,0.20054,0.02788,0.26006,0.05420,0.08230,0.02322,0.01717,0.00995,0.06334,0.05566,0.01109,0.00915,0.03982,0.03574,0.00564,0.00816,0.01219,0.00989
0.00868,0.00982,0.06125,0.16888,0.24217,0.36587,0.00909,0.00822,0.01977,0.02152,0.01209,0.00612,0.01496,0.01115,0.01057,0.00641,0.00470,0.00313,0.00943,0.00615
0.01379,0.16875,0.07042,0.01998,0.38482,0.03835,0.01279,0.04575,0.01492,0.02350,0.01834,0.00720,0.04862,0.02714,0.02037,0.01722,0.00830,0.02604,0.00845,0.02522
0.01887,0.01101,0.02398,0.01298,0.01737,0.00983,0.01128,0.18077,0.02043,0.06326,0.01571,0.03396,0.01075,0.01126,0.00625,0.00853,0.00507,0.00407,0.52591,0.00872
0.01900,0.02586,0.02545,0.20584,0.01442,0.28399,0.17418,0.01293,0.02011,0.09523,0.02360,0.00812,0.01292,0.01857,0.00981,0.01428,0.00523,0.00444,0.01657,0.00944
0.03300,0.09140,0.01282,0.18607,0.01908,0.36145,0.06140,0.01788,0.01646,0.08123,0.03796,0.01210,0.00755,0.01155,0.00484,0.00627,0.00738,0.00540,0.02079,0.00538
0.03026,0.00982,0.03615,0.02428,0.15962,0.05952,0.28980,0.00975,0.02420,0.02766,0.04096,0.02036,0.12476,0.04995,0.00762,0.03077,0.01108,0.01212,0.01416,0.01716
0.01734,0.01613,0.05401,0.03465,0.03468,0.02715,0.20832,0.00782,0.23568,0.23992,0.03151,0.00679,0.01396,0.01733,0.00516,0.00480,0.00427,0.02072,0.00442,0.01535
0.01251,0.01768,0.40363,0.08321,0.06275,0.21265,0.01297,0.03560,0.01177,0.01341,0.00926,0.00479,0.01265,0.00957,0.01873,0.00795,0.00434,0.00456,0.05513,0.00684
0.11011,0.01198,0.01170,0.01274,0.04246,0.01766,0.00966,0.03323,0.36594,0.12043,0.01815,0.04948,0.02729,0.01918,0.00507,0.00554,0.01798,0.00944,0.10240,0.00958
0.17024,0.02479,0.01401,0.00990,0.02129,0.01284,0.23845,0.00831,0.13471,0.06562,0.06252,0.12371,0.00804,0.01189,0.00691,0.01281,0.00657,0.04615,0.00457,0.01668
0.05350,0.11939,0.01920,0.01649,0.11139,0.02045,0.09551,0.02520,0.03581,0.09628,0.05499,0.02417,0.01249,0.01130,0.01234,0.01582,0.04892,0.01062,0.01438,0.20172
0.01376,0.02829,0.06014,0.01367,0.02556,0.01562,0.22846,0.01619,0.08170,0.21121,0.04201,0.00707,0.02324,0.02795,0.01199,0.02498,0.01649,0.10166,0.00799,0.04200
0.07064,0.01179,0.01795,0.01152,0.07803,0.00904,0.25653,0.05734,0.14417,0.12844,0.06787,0.00874,0.05153,0.03266,0.00659,0.01021,0.01365,0.00519,0.00728,0.01083
0.02667,0.01734,0.02265,0.01454,0.01809,0.01773,0.02737,0.03042,0.02910,0.02445,0.05286,0.01998,0.12627,0.22374,0.00842,0.00812,0.00721,0.00875,0.30410,0.01218
0.01967,0.02738,0.02290,0.00893,0.03025,0.01510,0.15553,0.08748,0.01326,0.01087,0.06505,0.01121,0.01320,0.01929,0.00566,0.01380,0.00897,0.00972,0.45066,0.01108
0.12867,0.02895,0.01813,0.02342,0.00822,0.03018,0.11932,0.02667,0.19026,0.16133,0.06153,0.01892,0.01930,0.02520,0.00949,0.02181,0.01484,0.02361,0.00847,0.06168
0.03672,0.00985,0.02665,0.07215,0.00794,0.00788,0.35425,0.00775,0.31770,0.03258,0.04157,0.00884,0.01568,0.02662,0.00814,0.00610,0.00389,0.00539,0.00377,0.00651
0.02166,0.12268,0.16544,0.01141,0.16899,0.01068,0.05340,0.11462,0.02532,0.01706,0.04525,0.03029,0.01924,0.03568,0.02701,0.02366,0.00846,0.01145,0.08040,0.00732
0.20869,0.05114,0.02007,0.07714,0.02241,0.30686,0.06352,0.01215,0.02879,0.04110,0.05471,0.05530,0.00729,0.01036,0.00881,0.00929,0.00560,0.00340,0.00779,0.00558
0.02030,0.00910,0.04669,0.02080,0.05346,0.09408,0.23134,0.02338,0.13146,0.03809,0.05769,0.01023,0.09984,0.03313,0.01505,0.02536,0.01998,0.03302,0.01379,0.02321
0.03255,0.02127,0.05194,0.01131,0.20384,0.03860,0.03789,0.01357,0.16743,0.29220,0.03251,0.00993,0.00736,0.00776,0.01113,0.00989,0.00587,0.00685,0.00906,0.02904
0.02096,0.02179,0.02506,0.01122,0.02355,0.01492,0.02440,0.06688,0.02723,0.02796,0.03098,0.02397,0.23388,0.04239,0.00585,0.01217,0.00652,0.01768,0.35273,0.00985
0.07221,0.01189,0.11154,0.10622,0.02575,0.04169,0.10794,0.03713,0.05182,0.04033,0.02356,0.01401,0.06170,0.06903,0.01650,0.10301,0.01528,0.01470,0.02263,0.05305
0.01678,0.03389,0.10170,0.02574,0.16368,0.03319,0.25281,0.03360,0.03125,0.02255,0.18703,0.00925,0.01110,0.00994,0.00775,0.01632,0.00614,0.01019,0.01806,0.00903
0.01446,0.00992,0.01406,0.01415,0.01470,0.01409,0.10764,0.21405,0.02572,0.05946,0.02709,0.00706,0.00948,0.01516,0.00637,0.00673,0.00557,0.00379,0.42500,0.00551
0.02885,0.04101,0.01363,0.06911,0.00818,0.01746,0.03705,0.03221,0.20498,0.32497,0.05493,0.03507,0.01356,0.02651,0.00394,0.00760,0.00989,0.01962,0.02566,0.02575
0.24088,0.00531,0.02899,0.17860,0.01022,0.00927,0.06967,0.08411,0.14720,0.04530,0.02839,0.00777,0.04668,0.05374,0.00480,0.01112,0.00633,0.00541,0.00571,0.01051
