0.03866,0.02248,0.17817,0.17433,0.06224,0.09471,0.01706,0.15389,0.13723,0.12124
0.09539,0.04497,0.14501,0.08883,0.09256,0.10578,0.10860,0.08973,0.08353,0.14560
0.28184,0.06338,0.15476,0.07548,0.01702,0.11808,0.05099,0.06127,0.05973,0.11746
0.08871,0.03365,0.11905,0.07212,0.18987,0.06051,0.03714,0.16066,0.15545,0.08284
0.04910,0.04634,0.16719,0.12755,0.07400,0.05833,0.03679,0.18971,0.17746,0.07353
0.17600,0.05830,0.16922,0.15183,0.05518,0.04121,0.06074,0.13402,0.11889,0.03461
0.10897,0.10073,0.15863,0.12262,0.08091,0.02380,0.01096,0.18809,0.15936,0.04593
0.07299,0.03626,0.44408,0.05706,0.06851,0.06307,0.03068,0.05308,0.05830,0.11596
0.18681,0.06598,0.08989,0.11073,0.09324,0.04570,0.01218,0.18060,0.15436,0.06051
0.05238,0.03466,0.06931,0.08456,0.06143,0.02106,0.02034,0.32799,0.30275,0.02552
0.03645,0.30992,0.03999,0.28783,0.02170,0.02133,0.01407,0.13035,0.12229,0.01608
0.06757,0.02261,0.27642,0.20694,0.11475,0.02742,0.02984,0.07839,0.08053,0.09553
0.08744,0.05764,0.47340,0.10618,0.08414,0.02765,0.01560,0.03324,0.03610,0.07861
0.03430,0.01689,0.20170,0.23691,0.04190,0.04574,0.01648,0.14164,0.14451,0.11991
0.05150,0.04587,0.40542,0.18981,0.16238,0.01466,0.01163,0.04525,0.04707,0.02641
0.15563,0.09690,0.14854,0.15562,0.22717,0.05577,0.01574,0.03996,0.03684,0.06782
0.15471,0.06249,0.05527,0.05137,0.20892,0.01889,0.01031,0.20742,0.19876,0.03186
0.26748,0.07614,0.08281,0.07664,0.12683,0.04209,0.03759,0.12275,0.11982,0.04787
0.37379,0.20680,0.07469,0.09693,0.03201,0.03128,0.02455,0.06547,0.06126,0.03322
0.06395,0.08639,0.11073,0.13490,0.04686,0.07143,0.10408,0.15263,0.14821,0.08082
0.10980,0.02785,0.23289,0.04967,0.28805,0.04175,0.05221,0.05088,0.04909,0.09782
0.10798,0.02845,0.48875,0.11788,0.01831,0.02903,0.01611,0.01725,0.01793,0.15831
0.09792,0.02047,0.37142,0.04907,0.07119,0.03842,0.02392,0.12988,0.12966,0.06806
0.12112,0.05486,0.27618,0.35701,0.05339,0.01704,0.04256,0.01904,0.01751,0.04128
0.18492,0.05771,0.50302,0.09909,0.01149,0.02542,0.03774,0.02392,0.02307,0.03361
0.05100,0.05516,0.29662,0.20289,0.21554,0.03412,0.02566,0.02708,0.02764,0.06428
0.41725,0.04338,0.10767,0.08239,0.13385,0.02102,0.00993,0.07251,0.06905,0.04295
0.02359,0.02769,0.26427,0.37496,0.02148,0.01906,0.11460,0.06140,0.07091,0.02204
0.04563,0.04397,0.15529,0.16897,0.08673,0.10187,0.02504,0.10620,0.11302,0.15328
0.07050,0.09051,0.23772,0.15146,0.08663,0.05960,0.01922,0.05262,0.05512,0.17663
0.04753,0.06404,0.14915,0.15934,0.03822,0.04451,0.04138,0.20788,0.20872,0.03923
0.08518,0.06588,0.36352,0.13407,0.07260,0.05300,0.01644,0.04267,0.04379,0.12285
0.08553,0.02523,0.39138,0.18705,0.04996,0.02551,0.01158,0.08911,0.08528,0.04937
0.21663,0.46584,0.08863,0.07256,0.05250,0.00912,0.00699,0.02545,0.02553,0.03674
0.21345,0.13686,0.07145,0.07018,0.04731,0.04737,0.01345,0.09918,0.10098,0.19976
0.09014,0.03475,0.36590,0.16139,0.05930,0.04704,0.01954,0.06899,0.07679,0.07615
0.08448,0.07090,0.17293,0.20556,0.12708,0.04488,0.02519,0.06206,0.06870,0.13822
0.02166,0.02284,0.37771,0.06885,0.01321,0.02258,0.01535,0.16390,0.16083,0.13308
0.20514,0.06841,0.08956,0.10509,0.05661,0.12591,0.05075,0.07226,0.06724,0.15902
0.19411,0.06704,0.18716,0.19151,0.08269,0.02933,0.01020,0.09503,0.08799,0.05493
0.07131,0.04092,0.30110,0.08259,0.07951,0.06513,0.02769,0.06675,0.06338,0.20163
0.05262,0.05067,0.26034,0.23562,0.05352,0.07435,0.05126,0.04826,0.05219,0.12117
0.07139,0.25182,0.04219,0.12216,0.03420,0.05149,0.05224,0.15565,0.16015,0.05871
0.11951,0.16832,0.08417,0.06877,0.16745,0.04671,0.04637,0.12208,0.13982,0.03681
0.02923,0.03615,0.44625,0.23029,0.03814,0.02376,0.00987,0.06831,0.06657,0.05143
0.08963,0.06408,0.16576,0.13378,0.08255,0.03326,0.02734,0.16647,0.18665,0.05047
0.07308,0.03420,0.20581,0.17862,0.19568,0.03364,0.01399,0.07656,0.08078,0.10763
0.11199,0.05464,0.04682,0.06005,0.21267,0.03248,0.03456,0.19391,0.20302,0.04986
0.12048,0.11180,0.06667,0.08341,0.07749,0.04738,0.24454,0.09387,0.10647,0.04788
0.13178,0.04381,0.20385,0.05253,0.15057,0.05896,0.02816,0.03853,0.03999,0.25181
0.12642,0.08921,0.15728,0.16994,0.06253,0.04152,0.07540,0.11862,0.10884,0.05024
0.09467,0.05483,0.08563,0.08511,0.09751,0.11079,0.03447,0.12738,0.11790,0.19170
0.09509,0.08735,0.24323,0.28666,0.06026,0.01803,0.00894,0.07991,0.07598,0.04454
0.03865,0.01652,0.62011,0.14523,0.02300,0.02349,0.01205,0.02598,0.02325,0.07172
0.03066,0.03799,0.19777,0.31849,0.02157,0.01917,0.01553,0.15578,0.16602,0.03702
0.36684,0.02770,0.24398,0.07945,0.03581,0.02739,0.01047,0.06200,0.05449,0.09188
0.08050,0.69871,0.05150,0.04111,0.02703,0.01227,0.01652,0.02258,0.02023,0.02955
0.04029,0.08190,0.08446,0.09486,0.04545,0.14949,0.17324,0.10412,0.11791,0.10828
0.36091,0.08624,0.08913,0.08499,0.13216,0.03720,0.03034,0.06967,0.07231,0.03706
0.06797,0.03449,0.31503,0.26483,0.04357,0.02875,0.02066,0.07457,0.06999,0.08014
0.07655,0.06584,0.17372,0.16717,0.26662,0.05612,0.03590,0.03322,0.03222,0.09264
0.09009,0.03507,0.18915,0.07170,0.34048,0.05004,0.01485,0.04051,0.04143,0.12667
0.04642,0.02731,0.09052,0.09300,0.03599,0.04080,0.03834,0.27010,0.27490,0.08262
0.06513,0.07680,0.22883,0.17537,0.08333,0.04477,0.03243,0.11137,0.11270,0.06926
0.08497,0.10119,0.18849,0.13176,0.14415,0.04205,0.01531,0.02931,0.02463,0.23814
0.21588,0.19058,0.09395,0.06510,0.07467,0.02337,0.01725,0.14312,0.14121,0.03485
0.07801,0.07785,0.10681,0.10026,0.10550,0.06202,0.03224,0.20150,0.15934,0.07648
0.22127,0.25007,0.10585,0.11139,0.17861,0.02557,0.01415,0.03141,0.03022,0.03146
0.11807,0.13763,0.12004,0.07621,0.07540,0.04858,0.24285,0.06202,0.06086,0.05833
0.08207,0.02879,0.12742,0.06394,0.24389,0.03794,0.01155,0.10480,0.09984,0.19977
0.11056,0.04256,0.21602,0.09421,0.16843,0.03011,0.02064,0.12412,0.12849,0.06486
0.05161,0.03804,0.13120,0.14230,0.07636,0.05091,0.01658,0.19502,0.17160,0.12637
0.04627,0.06585,0.22668,0.12230,0.04556,0.04421,0.03707,0.02950,0.02980,0.35276
0.28161,0.08147,0.42984,0.04977,0.06583,0.01493,0.01340,0.02160,0.01894,0.02261
0.05881,0.02468,0.54582,0.08623,0.08475,0.02408,0.03017,0.05352,0.05134,0.04059
0.04627,0.03361,0.43695,0.12280,0.02724,0.02499,0.01614,0.12219,0.12200,0.04781
0.12334,0.05860,0.41875,0.17807,0.02455,0.03080,0.01866,0.03302,0.03154,0.08267
0.15211,0.05457,0.11314,0.08436,0.13709,0.05359,0.01374,0.02689,0.02365,0.34085
0.07826,0.05012,0.12379,0.14712,0.07896,0.09576,0.04523,0.12689,0.11754,0.13632
0.06715,0.05863,0.19489,0.20945,0.07770,0.03855,0.01911,0.14629,0.13972,0.04850
0.12016,0.08800,0.16664,0.19407,0.05712,0.06389,0.02204,0.10325,0.09147,0.09334
0.08598,0.03515,0.13615,0.18827,0.12177,0.03241,0.01452,0.11913,0.12166,0.14497
0.11306,0.24340,0.06923,0.06091,0.04409,0.01547,0.02009,0.20437,0.19928,0.03010
0.05038,0.03140,0.28799,0.10263,0.12923,0.02025,0.00727,0.13368,0.16845,0.06872
0.05239,0.03459,0.06016,0.04868,0.05274,0.08126,0.07185,0.09387,0.08970,0.41474
0.07709,0.03263,0.24054,0.17597,0.02694,0.02554,0.01309,0.15623,0.17384,0.07813
0.02104,0.02689,0.20175,0.27120,0.03883,0.01639,0.01363,0.19980,0.18355,0.02694
0.13536,0.03508,0.25407,0.12804,0.02887,0.06352,0.02134,0.09254,0.09228,0.14890
0.25845,0.12156,0.11489,0.13087,0.05966,0.03852,0.02840,0.06300,0.06789,0.11677
0.07392,0.04820,0.23043,0.22046,0.08816,0.04241,0.01828,0.09906,0.11296,0.06612
0.05173,0.04138,0.22464,0.09699,0.09345,0.11584,0.11029,0.07515,0.07650,0.11404
0.13045,0.06647,0.14802,0.24156,0.03200,0.04311,0.01684,0.13800,0.12807,0.05549
0.17636,0.04628,0.13167,0.10295,0.10343,0.04453,0.03065,0.16294,0.14099,0.06021
0.10028,0.04539,0.13367,0.07385,0.03011,0.07011,0.06289,0.19971,0.18617,0.09781
0.42937,0.03593,0.13637,0.03486,0.03618,0.03763,0.00977,0.03530,0.03467,0.20994
0.08760,0.09604,0.25798,0.20907,0.07469,0.01792,0.01079,0.11010,0.10722,0.02858
0.05671,0.04985,0.09924,0.15049,0.10976,0.04500,0.24537,0.02840,0.02940,0.18578
0.07000,0.04118,0.09148,0.13621,0.21179,0.02191,0.00898,0.18031,0.17592,0.06222
0.27997,0.11906,0.09445,0.09210,0.29804,0.01643,0.01585,0.02683,0.02664,0.03062
0.03951,0.04305,0.11655,0.13372,0.14327,0.07862,0.03845,0.09275,0.08953,0.22454
