0.09843,0.09239,0.19216,0.20376,0.05053,0.02978,0.01468,0.13246,0.13532,0.05049
0.06412,0.04534,0.18363,0.18316,0.02771,0.05438,0.02622,0.17043,0.16503,0.07998
0.07405,0.04996,0.20090,0.19812,0.04784,0.04424,0.05184,0.13602,0.13884,0.05819
0.20823,0.06698,0.11683,0.10648,0.11893,0.02722,0.01366,0.15331,0.14875,0.03961
0.14706,0.11011,0.18347,0.16425,0.13218,0.04795,0.04025,0.06049,0.06023,0.05401
0.05848,0.04505,0.06592,0.06358,0.04968,0.03492,0.02760,0.31167,0.30217,0.04093
0.10040,0.10731,0.21992,0.21203,0.14401,0.04070,0.03356,0.03370,0.03216,0.07620
0.17478,0.02865,0.39467,0.27897,0.02763,0.01637,0.01560,0.01647,0.01652,0.03034
0.05916,0.05993,0.19536,0.20048,0.04209,0.06637,0.04623,0.10820,0.10089,0.12130
0.20014,0.12050,0.12490,0.09268,0.19192,0.02790,0.02230,0.09187,0.09039,0.03740
0.15085,0.02696,0.32439,0.25894,0.04053,0.03064,0.01700,0.04925,0.04968,0.05175
0.17304,0.10180,0.11540,0.08219,0.21022,0.02976,0.02456,0.10291,0.10699,0.05312
0.10482,0.09758,0.15359,0.15188,0.11067,0.03095,0.02403,0.13840,0.13224,0.05582
0.07635,0.24217,0.11367,0.33787,0.02359,0.03116,0.08612,0.02852,0.02581,0.03474
0.04493,0.02178,0.08131,0.07208,0.04095,0.03498,0.02598,0.30854,0.30610,0.06335
0.24038,0.05265,0.21280,0.20789,0.13417,0.01811,0.00965,0.04732,0.04838,0.02864
0.34664,0.07339,0.09543,0.07261,0.19875,0.02360,0.02529,0.06754,0.06824,0.02852
0.24354,0.06635,0.08520,0.07876,0.14866,0.03660,0.04828,0.12721,0.12397,0.04143
0.09335,0.10100,0.08874,0.11153,0.08763,0.03464,0.03386,0.21235,0.20159,0.03532
0.16369,0.12746,0.08888,0.09613,0.13646,0.06124,0.06542,0.09579,0.08969,0.07523
0.03522,0.02160,0.09463,0.08991,0.08703,0.01555,0.00985,0.30897,0.31019,0.02705
0.11524,0.10091,0.12968,0.13537,0.02283,0.03255,0.01558,0.20141,0.20199,0.04445
0.11717,0.08098,0.23761,0.23598,0.08610,0.02946,0.02463,0.06025,0.06222,0.06560
0.24105,0.03937,0.36107,0.18851,0.03505,0.02269,0.01117,0.02327,0.02665,0.05117
0.15664,0.02938,0.18073,0.08628,0.13565,0.01745,0.02637,0.17593,0.16587,0.02569
0.24908,0.12589,0.14379,0.11722,0.23894,0.01780,0.01515,0.03586,0.03152,0.02476
0.07057,0.03519,0.10437,0.09706,0.11805,0.02191,0.01315,0.25883,0.25683,0.02403
0.16324,0.19372,0.12354,0.14259,0.04584,0.07889,0.03381,0.06251,0.06867,0.08720
0.06221,0.07106,0.11101,0.12248,0.07078,0.03404,0.02644,0.23532,0.23296,0.03370
0.11491,0.07814,0.24092,0.23164,0.07066,0.03000,0.02448,0.08425,0.08896,0.03604
0.07776,0.03295,0.34006,0.33089,0.03526,0.02170,0.01842,0.05517,0.05467,0.03313
0.11406,0.13238,0.24768,0.22845,0.10992,0.02833,0.02050,0.03968,0.04294,0.03605
0.14939,0.05716,0.10649,0.06427,0.05503,0.07990,0.08761,0.13951,0.14321,0.11744
0.13960,0.13639,0.21873,0.22383,0.10440,0.02405,0.01654,0.04445,0.04708,0.04493
0.15854,0.07053,0.22901,0.20812,0.09857,0.02815,0.02299,0.06554,0.06870,0.04986
0.14063,0.11911,0.10335,0.09528,0.08000,0.01897,0.01980,0.19108,0.19556,0.03622
0.04326,0.05792,0.31226,0.31730,0.04688,0.02160,0.02685,0.07012,0.07543,0.02838
0.10713,0.09156,0.09979,0.09769,0.01902,0.05681,0.02317,0.21094,0.20915,0.08474
0.04571,0.04610,0.24166,0.24296,0.04503,0.03347,0.01722,0.14695,0.13945,0.04146
0.10702,0.12423,0.20469,0.26155,0.04010,0.01516,0.02234,0.09958,0.09557,0.02974
0.33743,0.30128,0.04206,0.04224,0.02898,0.01616,0.01290,0.10120,0.09322,0.02451
0.10635,0.05437,0.13666,0.09407,0.03177,0.11216,0.20743,0.06804,0.07150,0.11764
0.10393,0.07682,0.14929,0.13700,0.02510,0.04106,0.04840,0.17546,0.17639,0.06655
0.06406,0.10382,0.27178,0.31308,0.04469,0.02693,0.02207,0.06032,0.05598,0.03727
0.11543,0.12885,0.04809,0.05269,0.02676,0.04071,0.02632,0.24625,0.25781,0.05709
0.17931,0.16067,0.16560,0.15035,0.17926,0.01903,0.01038,0.04714,0.04846,0.03980
0.29852,0.27730,0.04876,0.04303,0.04983,0.07158,0.03684,0.06283,0.06219,0.04911
0.05723,0.15047,0.05523,0.11192,0.02552,0.10601,0.33157,0.04115,0.04321,0.07770
0.04569,0.03290,0.16465,0.16205,0.02834,0.04061,0.04897,0.20944,0.20306,0.06430
0.22747,0.20007,0.13800,0.14767,0.03608,0.02878,0.01526,0.08347,0.08574,0.03745
0.18598,0.15287,0.14789,0.13012,0.10321,0.02985,0.01869,0.09220,0.09327,0.04592
0.13037,0.09618,0.10925,0.08501,0.07007,0.09835,0.18237,0.06608,0.06730,0.09503
0.10752,0.03092,0.13812,0.11030,0.14584,0.03934,0.03390,0.18518,0.17011,0.03878
0.19068,0.10838,0.08643,0.08562,0.12986,0.02539,0.02049,0.15661,0.15815,0.03840
0.07453,0.04356,0.12644,0.11970,0.04175,0.02724,0.01946,0.25767,0.24604,0.04361
0.08930,0.08047,0.08135,0.08616,0.05446,0.03958,0.01711,0.25217,0.24119,0.05821
0.12887,0.06330,0.14677,0.13602,0.03686,0.03096,0.02375,0.19582,0.18742,0.05023
0.03775,0.03346,0.12355,0.13162,0.07589,0.01749,0.00879,0.27644,0.26962,0.02540
0.05711,0.17475,0.10782,0.14474,0.05144,0.08083,0.04092,0.09650,0.09257,0.15331
0.12718,0.14740,0.05829,0.05283,0.09069,0.03483,0.02132,0.20795,0.21195,0.04756
0.07350,0.09164,0.25860,0.28323,0.11069,0.02312,0.03313,0.04432,0.04234,0.03943
0.08767,0.13070,0.08920,0.16429,0.04479,0.04289,0.04828,0.16453,0.16914,0.05852
0.09635,0.05453,0.09174,0.07910,0.20062,0.01895,0.01520,0.22243,0.19375,0.02733
0.16999,0.15111,0.12814,0.12102,0.05139,0.05949,0.05403,0.09751,0.10324,0.06408
0.16775,0.15674,0.10342,0.11241,0.04090,0.07658,0.02836,0.11642,0.10532,0.09210
0.14908,0.10941,0.10603,0.09066,0.05404,0.07343,0.06984,0.12046,0.11822,0.10882
0.13223,0.11329,0.14646,0.14845,0.06420,0.04952,0.02903,0.12091,0.12204,0.07389
0.09583,0.08676,0.23696,0.23649,0.12414,0.03040,0.02168,0.05090,0.05612,0.06072
0.03367,0.03215,0.28175,0.28693,0.04168,0.02246,0.02533,0.11659,0.12566,0.03379
0.05084,0.07112,0.07785,0.08877,0.18957,0.03673,0.03119,0.19830,0.20379,0.05185
0.13339,0.08071,0.22711,0.21206,0.11511,0.03608,0.03024,0.05937,0.05883,0.04709
0.04984,0.02712,0.05732,0.04733,0.26516,0.01861,0.01448,0.25724,0.22839,0.03451
0.20897,0.12973,0.18074,0.16511,0.13826,0.03507,0.02967,0.03233,0.03237,0.04775
0.03696,0.04679,0.29091,0.27996,0.07773,0.02427,0.02149,0.10307,0.09568,0.02314
0.09926,0.03123,0.17095,0.14996,0.03211,0.08370,0.14126,0.11137,0.11103,0.06913
0.05580,0.04939,0.03065,0.03245,0.04958,0.02192,0.02413,0.35488,0.33686,0.04433
0.16817,0.12165,0.19561,0.16191,0.11282,0.03013,0.02180,0.06402,0.07415,0.04975
0.23897,0.16236,0.16724,0.13172,0.10521,0.03209,0.03273,0.04192,0.03966,0.04811
0.15904,0.20178,0.16448,0.18816,0.10734,0.02840,0.02776,0.03722,0.03829,0.04753
0.14262,0.03222,0.29743,0.22223,0.04856,0.03145,0.03192,0.07483,0.07618,0.04256
0.05202,0.06053,0.30321,0.31109,0.04202,0.03461,0.02382,0.04968,0.05099,0.07202
0.26865,0.22470,0.10350,0.08900,0.01469,0.01857,0.01394,0.11651,0.11725,0.03319
0.07263,0.07057,0.08527,0.08649,0.03227,0.03990,0.03204,0.25950,0.25433,0.06701
0.19810,0.10886,0.22528,0.16663,0.05556,0.03878,0.01853,0.06004,0.06716,0.06104
0.12558,0.06808,0.26170,0.24327,0.02953,0.04847,0.04153,0.05783,0.04489,0.07914
0.09784,0.06478,0.05750,0.05646,0.03842,0.02872,0.01589,0.30233,0.29593,0.04212
0.12850,0.02440,0.14754,0.10887,0.20719,0.04382,0.02633,0.13150,0.11117,0.07067
0.05527,0.06224,0.17446,0.17700,0.08311,0.02931,0.02322,0.17682,0.17184,0.04675
0.04254,0.20804,0.15637,0.33624,0.03477,0.02579,0.03471,0.06184,0.06864,0.03106
0.11476,0.07126,0.06137,0.04434,0.38263,0.03850,0.02043,0.09791,0.09050,0.07830
0.11332,0.23855,0.04866,0.21327,0.07201,0.04713,0.06107,0.07996,0.07079,0.05524
0.06694,0.08518,0.11858,0.13135,0.03640,0.04642,0.03273,0.19796,0.20745,0.07699
0.07742,0.05456,0.28314,0.26652,0.06508,0.02396,0.01978,0.07869,0.08619,0.04465
0.06074,0.11122,0.21027,0.25586,0.06824,0.02784,0.02089,0.09148,0.09359,0.05985
0.02906,0.02502,0.05475,0.04769,0.02733,0.02136,0.01917,0.37028,0.37428,0.03107
0.10315,0.06657,0.19344,0.17056,0.07790,0.02932,0.03299,0.14343,0.14615,0.03647
0.20360,0.24495,0.10425,0.15822,0.03628,0.03129,0.04315,0.06174,0.06658,0.04992
0.07439,0.05965,0.30540,0.31184,0.05023,0.04136,0.02090,0.03254,0.03243,0.07126
0.06679,0.06640,0.12075,0.12186,0.04911,0.06556,0.02834,0.20067,0.19647,0.08403
0.04933,0.03840,0.28080,0.28285,0.04947,0.02629,0.01750,0.11236,0.09998,0.04302
0.13449,0.05337,0.07538,0.03508,0.23128,0.02799,0.01609,0.20284,0.18195,0.04153
0.09490,0.08256,0.26059,0.25615,0.07809,0.02325,0.01482,0.07721,0.07318,0.03924
0.12006,0.15381,0.16771,0.16705,0.08637,0.02718,0.02356,0.10693,0.10606,0.04126
0.12815,0.04288,0.20352,0.16394,0.15934,0.05129,0.05371,0.06406,0.06820,0.06490
0.11157,0.09495,0.08337,0.08636,0.15981,0.03536,0.03636,0.16104,0.16462,0.06656
0.03815,0.04095,0.34988,0.34624,0.02739,0.02379,0.02153,0.05576,0.05578,0.04056
0.04864,0.04665,0.29864,0.30303,0.04142,0.03391,0.03391,0.05670,0.05846,0.07864
0.08033,0.07150,0.15738,0.15812,0.06611,0.02949,0.01559,0.19673,0.19013,0.03461
0.22760,0.23183,0.15836,0.17259,0.02369,0.02111,0.01735,0.04953,0.05927,0.03867
0.18080,0.13519,0.17658,0.16061,0.12295,0.02560,0.03543,0.06358,0.05990,0.03936
0.05355,0.04768,0.09781,0.10192,0.05086,0.02986,0.01676,0.27922,0.27156,0.05077
0.18896,0.14470,0.15992,0.14604,0.10743,0.04148,0.01738,0.06868,0.06135,0.06406
0.06233,0.03943,0.05036,0.04541,0.05795,0.01947,0.02146,0.35435,0.32531,0.02393
0.16735,0.15330,0.09318,0.09395,0.02127,0.02690,0.02012,0.19032,0.19447,0.03914
0.31701,0.30616,0.09218,0.08919,0.03867,0.01658,0.00994,0.04958,0.05190,0.02879
0.14325,0.09990,0.15619,0.14066,0.07696,0.06686,0.02433,0.07876,0.07902,0.13408
0.04844,0.02182,0.33878,0.32194,0.06274,0.01886,0.01483,0.07227,0.06610,0.03423
0.15944,0.12497,0.17267,0.15683,0.12111,0.03325,0.01651,0.07625,0.07066,0.06832
0.23650,0.23052,0.08362,0.07372,0.11636,0.03382,0.03290,0.07038,0.07695,0.04522
0.07088,0.02247,0.13063,0.10074,0.35704,0.03201,0.01724,0.10140,0.10404,0.06355
0.07440,0.16840,0.13184,0.22651,0.03811,0.04152,0.04575,0.10634,0.11895,0.04818
0.08177,0.06682,0.05906,0.05578,0.02828,0.14378,0.32894,0.07699,0.07592,0.08266
0.05006,0.04969,0.14221,0.14449,0.04630,0.02657,0.02597,0.22281,0.22065,0.07125
0.07591,0.06756,0.09697,0.10170,0.08350,0.08680,0.04584,0.17854,0.18384,0.07934
0.16735,0.14206,0.08437,0.07820,0.37324,0.02889,0.01456,0.04156,0.03697,0.03281
0.13609,0.15127,0.08190,0.09305,0.18536,0.04490,0.02863,0.10973,0.10366,0.06541
0.07254,0.06405,0.24284,0.24629,0.08138,0.02997,0.02478,0.09611,0.09411,0.04793
0.16380,0.05583,0.17732,0.08801,0.04783,0.05770,0.08224,0.12444,0.13444,0.06839
0.22240,0.17948,0.12568,0.10997,0.11517,0.02406,0.01742,0.08890,0.08455,0.03237
0.12257,0.02479,0.32487,0.27016,0.14467,0.01584,0.01059,0.02864,0.02718,0.03069
0.12504,0.28832,0.07792,0.25772,0.05365,0.01515,0.02189,0.07295,0.06591,0.02143
0.08839,0.14677,0.16255,0.16511,0.08660,0.05368,0.04417,0.08887,0.09678,0.06709
0.16131,0.14776,0.13203,0.14487,0.04531,0.07046,0.06554,0.06521,0.06438,0.10312
0.07648,0.05632,0.15678,0.15639,0.13134,0.03984,0.04338,0.14477,0.15255,0.04215
0.13650,0.05395,0.21223,0.17903,0.07552,0.02438,0.01587,0.12995,0.14298,0.02959
0.06533,0.04958,0.21997,0.21053,0.08969,0.04504,0.06034,0.10054,0.09652,0.06247
0.03230,0.02867,0.03421,0.03174,0.02523,0.01644,0.01420,0.39872,0.39524,0.02325
0.17267,0.04816,0.14566,0.06840,0.20535,0.02102,0.01739,0.14263,0.14884,0.02988
0.07567,0.02081,0.10740,0.07673,0.39685,0.05723,0.03756,0.06891,0.05784,0.10101
0.17770,0.11996,0.07742,0.04978,0.03427,0.04010,0.02819,0.22518,0.21578,0.03161
0.16040,0.11723,0.19783,0.17750,0.04257,0.05509,0.02681,0.05773,0.05867,0.10618
0.08278,0.02191,0.08387,0.06074,0.09066,0.02403,0.01686,0.28921,0.28895,0.04098
0.14302,0.09730,0.14748,0.13715,0.09518,0.03943,0.02857,0.12357,0.12274,0.06556
0.21716,0.16595,0.08855,0.08294,0.10107,0.06822,0.08685,0.05542,0.05705,0.07680
0.19103,0.21914,0.05475,0.08749,0.06631,0.03471,0.04846,0.12790,0.12395,0.04626
0.11742,0.09762,0.09108,0.08607,0.05763,0.02936,0.01734,0.22409,0.22850,0.05088
0.10359,0.03536,0.11356,0.08755,0.37483,0.03369,0.02544,0.08593,0.08827,0.05179
0.05240,0.08116,0.14799,0.15298,0.04532,0.04098,0.02675,0.20597,0.18753,0.05890
0.09598,0.06561,0.19228,0.18322,0.07908,0.03811,0.02206,0.12728,0.13361,0.06277
0.11032,0.07582,0.23614,0.23415,0.04918,0.05543,0.05915,0.04721,0.04695,0.08566
0.12835,0.07294,0.14017,0.11006,0.28412,0.04858,0.04467,0.04886,0.04678,0.07547
0.12971,0.06518,0.23483,0.22251,0.07602,0.02443,0.01380,0.08917,0.10586,0.03850
0.12713,0.09903,0.25367,0.26353,0.04501,0.02899,0.01817,0.05038,0.05722,0.05688
0.07331,0.06408,0.18017,0.17081,0.04945,0.04660,0.03975,0.15584,0.14928,0.07071
0.06974,0.07294,0.25577,0.25722,0.10666,0.02898,0.03795,0.06107,0.06906,0.04061
0.07253,0.03539,0.30037,0.28802,0.07154,0.03062,0.02460,0.06610,0.06230,0.04854
0.08874,0.09358,0.22363,0.23197,0.06347,0.03679,0.02532,0.08076,0.09068,0.06507
0.16330,0.14243,0.16346,0.14542,0.13798,0.03394,0.02790,0.07347,0.07104,0.04107
0.17405,0.12210,0.26252,0.22826,0.03841,0.03262,0.03184,0.02986,0.02920,0.05113
0.06742,0.04989,0.12761,0.12570,0.04386,0.02035,0.01489,0.25885,0.25969,0.03173
0.25326,0.10428,0.20113,0.20004,0.12773,0.01805,0.01508,0.02651,0.02635,0.02757
0.08969,0.05017,0.17529,0.16933,0.01776,0.05605,0.04000,0.15919,0.15172,0.09080
0.18576,0.18533,0.07386,0.08790,0.09170,0.03666,0.02082,0.13302,0.13468,0.05028
0.05265,0.05771,0.15386,0.16425,0.07245,0.03037,0.01771,0.18926,0.19998,0.06176
0.21113,0.07254,0.29284,0.18348,0.01622,0.03106,0.02257,0.05405,0.05426,0.06185
0.23520,0.03732,0.21941,0.05575,0.05481,0.03139,0.02750,0.15020,0.15306,0.03537
0.15348,0.09331,0.16030,0.14481,0.06383,0.05590,0.03788,0.10667,0.09928,0.08454
0.07952,0.10530,0.07257,0.09426,0.03245,0.06272,0.02999,0.20618,0.23121,0.08580
0.15344,0.12870,0.22018,0.22511,0.05329,0.02467,0.01848,0.06545,0.06638,0.04429
0.08486,0.08048,0.07784,0.10227,0.09367,0.01636,0.01258,0.25714,0.25085,0.02395
0.13332,0.07786,0.10701,0.09229,0.06157,0.09219,0.14187,0.10385,0.10136,0.08868
0.29830,0.21446,0.08981,0.04061,0.20198,0.03013,0.01561,0.04008,0.03402,0.03499
0.08157,0.06619,0.16700,0.14479,0.12308,0.09739,0.04196,0.05823,0.05367,0.16613
0.10560,0.06409,0.16793,0.15078,0.04692,0.02587,0.02457,0.18694,0.19137,0.03593
0.23311,0.09924,0.17038,0.06869,0.14159,0.05558,0.02792,0.05737,0.05783,0.08830
0.15942,0.10865,0.11009,0.07589,0.11822,0.04884,0.04200,0.13330,0.13903,0.06457
0.23341,0.26678,0.10816,0.11722,0.10658,0.01309,0.01373,0.06317,0.05199,0.02587
0.15026,0.13239,0.12543,0.09853,0.13940,0.05764,0.05821,0.09142,0.09732,0.04939
0.11841,0.08001,0.15036,0.14805,0.14526,0.02957,0.01725,0.12841,0.13273,0.04995
0.24387,0.24318,0.05446,0.05718,0.19479,0.02030,0.01361,0.07767,0.06505,0.02990
0.30526,0.24358,0.12954,0.08482,0.02449,0.03275,0.01833,0.06177,0.05327,0.04618
0.15214,0.12777,0.21960,0.22141,0.04773,0.02926,0.02005,0.06185,0.06303,0.05717
0.06655,0.11877,0.09443,0.14365,0.05087,0.06249,0.09395,0.14981,0.15162,0.06786
0.10142,0.05481,0.19268,0.16253,0.25927,0.02653,0.03700,0.06161,0.05696,0.04718
0.03708,0.28367,0.02445,0.27976,0.03807,0.02590,0.04461,0.12432,0.12049,0.02165
0.07613,0.02867,0.16204,0.15583,0.08170,0.06420,0.03608,0.14201,0.15211,0.10123
0.11117,0.10890,0.21727,0.22016,0.12958,0.02794,0.02467,0.05366,0.05549,0.05117
0.22636,0.19722,0.11551,0.10803,0.16650,0.02191,0.01428,0.05418,0.04869,0.04732
0.26842,0.06388,0.25851,0.10139,0.06379,0.02031,0.02107,0.08497,0.08370,0.03396
0.19628,0.17657,0.18342,0.17380,0.13958,0.01942,0.01424,0.02606,0.02678,0.04385
0.23816,0.08096,0.18513,0.18453,0.13061,0.02786,0.01220,0.04751,0.04344,0.04961
0.05160,0.03399,0.22896,0.22428,0.13335,0.03625,0.02701,0.10142,0.10109,0.06205
0.10012,0.06669,0.19143,0.18746,0.13123,0.04948,0.02939,0.07128,0.07197,0.10095
0.08772,0.04620,0.07516,0.07331,0.03498,0.12144,0.05712,0.18575,0.17349,0.14484
0.05561,0.03541,0.10331,0.08649,0.39331,0.03717,0.02222,0.11055,0.09731,0.05862
0.09577,0.04305,0.19679,0.16355,0.08546,0.02798,0.03149,0.15456,0.16536,0.03599
0.08057,0.08435,0.15361,0.13719,0.07646,0.02814,0.02688,0.18440,0.19412,0.03429
0.07927,0.10506,0.21716,0.23713,0.09126,0.03709,0.03885,0.06759,0.07630,0.05031
0.05716,0.03794,0.14589,0.15391,0.02374,0.02605,0.01853,0.25528,0.24948,0.03202
0.05966,0.12032,0.24091,0.24026,0.05095,0.03438,0.03736,0.08231,0.08809,0.04576
0.18910,0.09035,0.12149,0.12197,0.10903,0.03210,0.01966,0.13863,0.13339,0.04429
0.10164,0.08230,0.20980,0.19110,0.22410,0.02594,0.01947,0.04170,0.04354,0.06040
0.20478,0.19551,0.06298,0.06516,0.04291,0.02327,0.01817,0.17555,0.17978,0.03188
0.09364,0.08118,0.16873,0.17364,0.08510,0.03630,0.04348,0.14359,0.14141,0.03294
0.24142,0.03152,0.12315,0.02530,0.19544,0.02996,0.05115,0.14806,0.13043,0.02357
0.06075,0.06094,0.04860,0.05740,0.21659,0.04039,0.01484,0.22436,0.22748,0.04864
0.14871,0.14365,0.17309,0.18060,0.04546,0.04362,0.02714,0.08615,0.09013,0.06145
0.10929,0.11775,0.12055,0.10581,0.09104,0.04840,0.03538,0.14973,0.15109,0.07095
0.11963,0.06729,0.11351,0.11210,0.16014,0.05661,0.02895,0.12175,0.12013,0.09988
0.03004,0.03146,0.16289,0.16641,0.02399,0.04283,0.02075,0.24139,0.23480,0.04544
0.06899,0.03961,0.15633,0.15462,0.04676,0.03007,0.03498,0.21603,0.21255,0.04005
0.25343,0.23202,0.14399,0.14320,0.02529,0.02534,0.01729,0.05746,0.05909,0.04288
0.10189,0.02575,0.26185,0.22493,0.06619,0.03568,0.02368,0.09403,0.08496,0.08102
0.16985,0.11969,0.14646,0.11884,0.12141,0.04167,0.02446,0.09305,0.10095,0.06363
0.04842,0.17968,0.21700,0.35174,0.05930,0.01951,0.03167,0.03077,0.03052,0.03138
0.14533,0.14482,0.09252,0.10093,0.08558,0.03080,0.02188,0.16939,0.17140,0.03734
0.07895,0.07898,0.11748,0.12865,0.20574,0.02762,0.02877,0.14290,0.14856,0.04236
0.06749,0.03325,0.16100,0.15652,0.04034,0.03503,0.03814,0.21004,0.21389,0.04432
0.05428,0.05141,0.31102,0.30779,0.04361,0.01894,0.01416,0.08415,0.08137,0.03328
0.14819,0.09101,0.16963,0.14463,0.09573,0.05937,0.08427,0.05684,0.05886,0.09149
0.07175,0.13669,0.06672,0.15314,0.11737,0.02492,0.02703,0.18627,0.17545,0.04066
0.20980,0.20765,0.13626,0.13459,0.11449,0.02555,0.01646,0.05941,0.06187,0.03392
0.06918,0.05415,0.07822,0.07549,0.54317,0.02930,0.02082,0.04562,0.04459,0.03946
0.19197,0.14146,0.15140,0.15388,0.10295,0.03276,0.02334,0.07509,0.06444,0.06272
0.09403,0.07326,0.11895,0.09087,0.08607,0.04379,0.05919,0.18555,0.18577,0.06252
0.12510,0.09994,0.11683,0.12817,0.07361,0.03100,0.02384,0.18598,0.18044,0.03508
0.14644,0.14724,0.19610,0.19219,0.05988,0.06647,0.04374,0.03331,0.03691,0.07773
0.13975,0.04130,0.28549,0.30183,0.07851,0.01902,0.01450,0.04086,0.04307,0.03568
0.08617,0.07714,0.22493,0.21624,0.09206,0.05301,0.05575,0.06333,0.05922,0.07215
0.04409,0.03897,0.30389,0.29819,0.06490,0.02009,0.01931,0.08079,0.08656,0.04322
0.09283,0.07931,0.21700,0.20394,0.09832,0.03711,0.02415,0.10353,0.10429,0.03952
0.07135,0.06128,0.25768,0.26757,0.05935,0.03063,0.02255,0.09084,0.09391,0.04483
0.11418,0.07536,0.21190,0.20184,0.15776,0.02577,0.02856,0.06828,0.07743,0.03891
0.06735,0.10697,0.18422,0.23668,0.12396,0.05580,0.03941,0.04991,0.04227,0.09342
0.07190,0.03875,0.09061,0.08192,0.05071,0.02557,0.03689,0.28282,0.28611,0.03471
0.10556,0.08796,0.10878,0.11262,0.03631,0.03774,0.04374,0.20760,0.20697,0.05271
0.16311,0.07457,0.19729,0.18485,0.09578,0.04176,0.02599,0.07475,0.08285,0.05904
0.19540,0.11966,0.20746,0.16115,0.08763,0.04969,0.03223,0.03089,0.03182,0.08408
0.24305,0.18296,0.06879,0.06811,0.12041,0.04065,0.03784,0.09894,0.09584,0.04340
0.08557,0.05264,0.20008,0.18785,0.03668,0.03747,0.02903,0.16125,0.16182,0.04760
0.17629,0.19223,0.09890,0.09454,0.09749,0.03929,0.05939,0.09676,0.10306,0.04205
0.18620,0.08208,0.16360,0.11863,0.10689,0.01837,0.01323,0.14930,0.13013,0.03157
0.22073,0.17836,0.06774,0.06634,0.04344,0.04061,0.03812,0.14322,0.13920,0.06223
0.12784,0.06216,0.08839,0.06642,0.08373,0.05677,0.03772,0.21280,0.19769,0.06649
0.08715,0.04537,0.05954,0.04140,0.59338,0.02051,0.01557,0.05573,0.05236,0.02898
0.16563,0.17285,0.15013,0.15295,0.07472,0.02327,0.00980,0.10537,0.11475,0.03053
0.12144,0.12139,0.12357,0.13504,0.04125,0.07315,0.06568,0.09849,0.11026,0.10972
0.15164,0.12286,0.14785,0.13882,0.05538,0.06027,0.03447,0.08499,0.08043,0.12329
0.14280,0.02167,0.18843,0.14070,0.23488,0.03575,0.02629,0.06450,0.05989,0.08510
0.06798,0.07043,0.17984,0.19303,0.03490,0.02611,0.03099,0.17504,0.18355,0.03812
0.10639,0.09398,0.10448,0.10257,0.08997,0.08507,0.05542,0.13719,0.13655,0.08838
0.07562,0.06669,0.13730,0.15472,0.02309,0.05660,0.02898,0.18854,0.18096,0.08749
0.09801,0.13458,0.23795,0.28261,0.06613,0.02252,0.02795,0.03769,0.03776,0.05482
0.19453,0.13922,0.10074,0.06631,0.08199,0.10277,0.12453,0.03939,0.04638,0.10414
0.13636,0.06581,0.29848,0.27133,0.03512,0.01777,0.01584,0.06550,0.06267,0.03112
0.04724,0.03037,0.15857,0.15741,0.02352,0.02338,0.03882,0.24309,0.24129,0.03631
0.24713,0.08334,0.22279,0.09850,0.15389,0.02829,0.02274,0.05488,0.05208,0.03635
0.06207,0.02923,0.20657,0.19388,0.05920,0.03941,0.02158,0.15979,0.17489,0.05336
0.13996,0.03647,0.19711,0.12902,0.05188,0.03508,0.02420,0.15574,0.16243,0.06811
0.02956,0.02841,0.05823,0.05464,0.02172,0.04204,0.02998,0.32567,0.32818,0.08159
0.16577,0.13799,0.23365,0.22634,0.04994,0.02779,0.02126,0.03581,0.03918,0.06226
0.12317,0.11522,0.18883,0.18617,0.07078,0.05930,0.06322,0.05307,0.05375,0.08650
0.21359,0.20347,0.16170,0.16236,0.04166,0.02321,0.02020,0.06242,0.06927,0.04211
0.19005,0.04819,0.26696,0.18780,0.05228,0.03052,0.01312,0.08748,0.06946,0.05413
0.04255,0.04676,0.34492,0.34999,0.05955,0.01990,0.01483,0.04615,0.04881,0.02654
0.24545,0.13458,0.13717,0.14386,0.12591,0.04062,0.04394,0.04036,0.04049,0.04762
0.29460,0.07411,0.31004,0.11041,0.03387,0.02743,0.01843,0.05320,0.04759,0.03032
0.09060,0.04968,0.07924,0.07096,0.21453,0.02558,0.02344,0.22551,0.19286,0.02760
0.04459,0.04861,0.31590,0.32856,0.02136,0.03493,0.02230,0.06128,0.05879,0.06367
0.25414,0.10364,0.23306,0.11434,0.04255,0.03299,0.04275,0.06663,0.05727,0.05265
0.06977,0.05501,0.22672,0.22069,0.12513,0.04717,0.02867,0.07177,0.07139,0.08369
0.08033,0.07868,0.09928,0.10199,0.04049,0.02085,0.01611,0.26071,0.26540,0.03615
0.14661,0.13868,0.11818,0.12442,0.03745,0.05947,0.04621,0.10242,0.10687,0.11968
0.09733,0.05889,0.10286,0.08523,0.07179,0.02159,0.01197,0.26185,0.25582,0.03267
0.17563,0.15338,0.13438,0.13723,0.04348,0.08153,0.06354,0.07452,0.07762,0.05869
0.14854,0.09435,0.22276,0.21868,0.09925,0.02482,0.02491,0.05946,0.06249,0.04474
0.09708,0.08100,0.15331,0.16898,0.09211,0.03243,0.01943,0.15633,0.14686,0.05248
0.11444,0.05645,0.20237,0.19161,0.12173,0.03745,0.02691,0.09391,0.09608,0.05903
0.16363,0.07637,0.16403,0.09886,0.12493,0.05593,0.02399,0.10080,0.09986,0.09161
0.09817,0.06157,0.19418,0.17718,0.02576,0.06161,0.06670,0.11620,0.11971,0.07891
0.03843,0.25497,0.09928,0.33116,0.01980,0.01496,0.02970,0.09549,0.09584,0.02036
0.05552,0.05182,0.27221,0.29174,0.06369,0.01971,0.01740,0.09848,0.10087,0.02857
0.20264,0.03079,0.20954,0.08600,0.25672,0.03807,0.01798,0.04919,0.04777,0.06131
0.08242,0.02928,0.30947,0.31488,0.06505,0.01674,0.01441,0.06010,0.07005,0.03759
0.19251,0.03931,0.15371,0.06171,0.16934,0.04007,0.02452,0.12927,0.11004,0.07953
0.19000,0.24538,0.09624,0.16775,0.04079,0.02671,0.02488,0.08695,0.08527,0.03602
0.20093,0.11143,0.12786,0.08343,0.08565,0.06908,0.03695,0.09303,0.08507,0.10657
0.09928,0.04039,0.11868,0.09159,0.42647,0.02905,0.01831,0.06878,0.06512,0.04233
0.06270,0.05070,0.10262,0.10486,0.09294,0.04655,0.02792,0.21818,0.21521,0.07832
0.09272,0.07063,0.11593,0.09416,0.07290,0.05691,0.02706,0.20881,0.20431,0.05657
0.11949,0.09707,0.10054,0.11038,0.06861,0.07676,0.02895,0.14457,0.13491,0.11872
0.12721,0.09416,0.19565,0.17090,0.08243,0.06716,0.04922,0.04516,0.05404,0.11407
0.24146,0.21346,0.12460,0.10114,0.12949,0.02641,0.01804,0.04990,0.05679,0.03869
0.07491,0.04732,0.35519,0.35166,0.04817,0.01406,0.01036,0.03546,0.03795,0.02491
0.14685,0.08671,0.13448,0.10178,0.07001,0.03915,0.03517,0.16625,0.15835,0.06124
0.10577,0.06286,0.22302,0.21493,0.08156,0.02635,0.02423,0.10451,0.10853,0.04824
0.22507,0.05722,0.27441,0.12920,0.05016,0.03894,0.02664,0.06978,0.07547,0.05311
0.08511,0.07430,0.21727,0.20479,0.08092,0.03997,0.02433,0.09856,0.10683,0.06793
0.10896,0.10995,0.06749,0.08030,0.27091,0.03484,0.02259,0.13232,0.12639,0.04626
0.16566,0.11730,0.08848,0.08692,0.23992,0.02137,0.01532,0.12181,0.12031,0.02291
