0.04883,0.04812,0.04811,0.04676,0.04989,0.04423,0.04020,0.05467,0.05248,0.04847,0.04905,0.04314,0.05399,0.05012,0.05252,0.05375,0.04866,0.05829,0.05631,0.05240
0.05235,0.04662,0.04701,0.04686,0.05001,0.05088,0.04954,0.05170,0.04978,0.05148,0.04843,0.04569,0.04811,0.04541,0.04511,0.05452,0.05689,0.05271,0.05322,0.05367
0.04384,0.04858,0.04630,0.04586,0.04689,0.04448,0.04623,0.04618,0.04872,0.04847,0.06058,0.05353,0.05872,0.05284,0.03966,0.05495,0.05227,0.05340,0.05381,0.05469
0.04115,0.04456,0.04112,0.04177,0.04303,0.04662,0.04673,0.04879,0.04882,0.04894,0.05281,0.04521,0.05124,0.04918,0.06359,0.05281,0.05090,0.06547,0.06367,0.05359
0.04469,0.04697,0.04561,0.04664,0.04568,0.04599,0.04726,0.05046,0.04969,0.05037,0.05308,0.05139,0.04615,0.04685,0.04914,0.05169,0.05335,0.06147,0.06080,0.05272
0.05091,0.04401,0.04100,0.04095,0.04935,0.04072,0.04335,0.03986,0.03986,0.04636,0.06030,0.05307,0.05770,0.05845,0.05077,0.05256,0.05429,0.06484,0.06272,0.04894
0.04216,0.04326,0.04873,0.04853,0.04287,0.05373,0.05642,0.05286,0.05199,0.05302,0.05044,0.04500,0.04691,0.04087,0.04962,0.05048,0.04675,0.06243,0.06032,0.05361
0.04647,0.05255,0.04740,0.04668,0.04755,0.04183,0.04179,0.05070,0.05139,0.04751,0.05362,0.04754,0.06779,0.05228,0.05088,0.05230,0.05028,0.04814,0.04908,0.05421
0.04206,0.04493,0.04251,0.04345,0.04444,0.04282,0.04318,0.04867,0.05084,0.04665,0.05794,0.05486,0.05050,0.05165,0.05459,0.05164,0.04588,0.06519,0.06667,0.05155
0.03877,0.04515,0.04341,0.04245,0.04281,0.04267,0.04354,0.04553,0.04604,0.04308,0.05251,0.05202,0.04237,0.04474,0.06041,0.05028,0.05243,0.08191,0.08234,0.04753
0.05095,0.04959,0.04255,0.04197,0.04863,0.04493,0.04697,0.03567,0.03539,0.04233,0.04886,0.07270,0.04558,0.06981,0.04314,0.05082,0.05163,0.06711,0.06542,0.04595
0.03840,0.04252,0.03835,0.03786,0.04163,0.04596,0.04723,0.04539,0.04485,0.04844,0.05564,0.04607,0.06689,0.06589,0.05868,0.05357,0.05324,0.05659,0.05636,0.05644
0.04859,0.04857,0.04481,0.04435,0.04731,0.04431,0.04637,0.04862,0.04990,0.05068,0.05631,0.05025,0.07197,0.05967,0.05043,0.04914,0.04635,0.04350,0.04559,0.05329
0.04134,0.04230,0.03842,0.03849,0.04377,0.04247,0.04260,0.05164,0.05187,0.05118,0.04875,0.04350,0.06028,0.06441,0.05069,0.05384,0.04918,0.06597,0.06421,0.05508
0.04234,0.04590,0.03845,0.03982,0.04351,0.04650,0.04747,0.04464,0.04646,0.04923,0.05470,0.05065,0.07383,0.06735,0.06101,0.04783,0.04744,0.05116,0.05093,0.05078
0.04528,0.04755,0.05074,0.05084,0.04915,0.05408,0.05254,0.05428,0.05399,0.05570,0.05359,0.05022,0.05310,0.05126,0.04481,0.04982,0.04639,0.04373,0.04285,0.05008
0.05900,0.05002,0.04581,0.04577,0.05800,0.04277,0.03933,0.04814,0.05165,0.04710,0.03896,0.03948,0.04576,0.05656,0.05724,0.04936,0.04749,0.06452,0.06492,0.04812
0.06009,0.04944,0.04908,0.04921,0.05701,0.04664,0.04672,0.04711,0.04631,0.04810,0.04593,0.04670,0.05048,0.05235,0.05061,0.04882,0.05163,0.05240,0.05319,0.04819
0.03949,0.04484,0.04118,0.04135,0.04243,0.05009,0.05085,0.04539,0.04638,0.04794,0.06555,0.06439,0.05239,0.05608,0.04537,0.05038,0.05134,0.05709,0.05690,0.05058
0.04600,0.05030,0.04950,0.05088,0.04735,0.04984,0.04975,0.04863,0.04873,0.04730,0.04999,0.05221,0.04418,0.04683,0.04531,0.05316,0.05355,0.05801,0.05710,0.05139
0.04232,0.04492,0.04756,0.04934,0.04316,0.04999,0.04767,0.04306,0.04309,0.04469,0.05860,0.04560,0.05990,0.04855,0.06710,0.05173,0.05280,0.05287,0.05261,0.05445
0.03923,0.04432,0.04205,0.04408,0.04117,0.04308,0.04304,0.05589,0.05754,0.05124,0.06185,0.04811,0.08024,0.06554,0.04203,0.05391,0.05065,0.03907,0.03780,0.05916
0.04390,0.04422,0.04136,0.04201,0.04564,0.04505,0.04793,0.04325,0.04205,0.04770,0.05956,0.04389,0.06494,0.05229,0.05595,0.05447,0.04978,0.06110,0.06091,0.05400
0.06064,0.05255,0.06502,0.06363,0.05360,0.05596,0.05365,0.05491,0.05551,0.04921,0.04237,0.04108,0.04180,0.03854,0.04970,0.04813,0.05060,0.03696,0.03698,0.04915
0.03894,0.04462,0.04088,0.04083,0.04265,0.04918,0.04999,0.04434,0.04636,0.04937,0.06646,0.05422,0.08277,0.06576,0.03629,0.05388,0.05712,0.04215,0.04160,0.05259
0.05415,0.04951,0.04407,0.04340,0.05365,0.04364,0.04109,0.05332,0.05202,0.04989,0.05048,0.04911,0.06212,0.05942,0.05703,0.04891,0.04933,0.04364,0.04386,0.05133
0.07199,0.05199,0.05659,0.05137,0.06290,0.04421,0.04294,0.05486,0.05308,0.04909,0.03888,0.03676,0.04652,0.04662,0.05234,0.04825,0.04492,0.04898,0.05031,0.04741
0.04694,0.05066,0.06730,0.07102,0.04734,0.04806,0.04994,0.04946,0.04712,0.04586,0.04149,0.04317,0.04186,0.04061,0.03745,0.05225,0.06057,0.05374,0.05450,0.05065
0.04525,0.04873,0.04872,0.04656,0.04589,0.04647,0.04717,0.05341,0.05184,0.05023,0.04794,0.05255,0.05065,0.05846,0.04205,0.05288,0.04902,0.05474,0.05398,0.05345
0.04962,0.05103,0.04887,0.04955,0.04759,0.04714,0.04784,0.04772,0.04703,0.04941,0.05173,0.05224,0.05709,0.05538,0.05023,0.04977,0.04697,0.04926,0.04919,0.05235
0.04742,0.04880,0.05171,0.05407,0.04701,0.04871,0.04775,0.04634,0.04667,0.04652,0.04419,0.04776,0.04208,0.04695,0.04686,0.05268,0.05497,0.06290,0.06638,0.05024
0.04528,0.04836,0.04649,0.04618,0.04452,0.04741,0.04775,0.05241,0.05395,0.05038,0.05428,0.05042,0.06509,0.05588,0.04891,0.04907,0.04763,0.04595,0.04752,0.05252
0.04153,0.04315,0.03947,0.04029,0.04182,0.04401,0.04606,0.04101,0.04265,0.04737,0.05868,0.04848,0.07375,0.06698,0.05225,0.05381,0.04918,0.05729,0.05696,0.05527
0.03921,0.04348,0.05006,0.05138,0.03970,0.07038,0.07836,0.05613,0.05377,0.05733,0.04494,0.04159,0.04216,0.04037,0.04817,0.04728,0.04635,0.04732,0.04589,0.05613
0.04219,0.04558,0.04859,0.04808,0.04222,0.04617,0.04772,0.04939,0.04938,0.04862,0.05972,0.05820,0.04777,0.04775,0.04808,0.04991,0.04750,0.05939,0.05858,0.05517
0.04562,0.04628,0.04186,0.04230,0.04778,0.04113,0.04254,0.04721,0.04737,0.04681,0.05643,0.04887,0.06823,0.06370,0.05065,0.05290,0.05029,0.05307,0.05377,0.05318
0.04361,0.04726,0.04484,0.04605,0.04302,0.05008,0.04901,0.05385,0.05374,0.05190,0.05219,0.05183,0.05679,0.05721,0.05086,0.05033,0.04740,0.04855,0.04977,0.05174
0.03804,0.04372,0.04023,0.04088,0.03780,0.04625,0.04881,0.04096,0.04104,0.04768,0.04825,0.04828,0.06973,0.05822,0.04241,0.05425,0.05305,0.07027,0.06920,0.06092
0.04207,0.04770,0.04926,0.04864,0.04553,0.04777,0.04331,0.05108,0.05425,0.04785,0.05951,0.05330,0.04876,0.04867,0.04866,0.05430,0.05253,0.05137,0.05205,0.05340
0.06001,0.04897,0.05854,0.05591,0.05530,0.04470,0.04224,0.05141,0.05067,0.04640,0.04660,0.05136,0.04390,0.05032,0.04919,0.04804,0.04413,0.05117,0.05133,0.04981
0.04219,0.04846,0.04706,0.04834,0.04563,0.04873,0.04867,0.05260,0.05170,0.05220,0.05252,0.04521,0.06367,0.05131,0.04890,0.05132,0.04835,0.05109,0.05004,0.05203
0.05355,0.05389,0.04695,0.04639,0.05222,0.04113,0.04182,0.05578,0.05506,0.04794,0.04969,0.04862,0.06091,0.05882,0.04353,0.05094,0.05064,0.04553,0.04537,0.05123
0.04327,0.04742,0.04279,0.04436,0.04269,0.04586,0.04715,0.04499,0.04406,0.04689,0.05256,0.06353,0.04256,0.05580,0.04570,0.05166,0.05463,0.06736,0.06696,0.04977
0.05612,0.05284,0.04830,0.04825,0.05663,0.04363,0.04664,0.04594,0.04515,0.04577,0.04591,0.04827,0.05320,0.05497,0.04903,0.04868,0.05241,0.05601,0.05510,0.04716
0.04748,0.05020,0.04356,0.04353,0.04514,0.04098,0.04534,0.04649,0.04577,0.04854,0.04858,0.04984,0.07331,0.06759,0.04879,0.05053,0.04750,0.05116,0.05304,0.05264
0.04845,0.04890,0.04650,0.04759,0.04847,0.05086,0.04974,0.05210,0.05050,0.05014,0.04466,0.04935,0.04122,0.04661,0.05254,0.05135,0.05248,0.05856,0.05910,0.05086
0.04368,0.04492,0.04184,0.04185,0.04474,0.04495,0.04510,0.05149,0.05191,0.05064,0.05342,0.04745,0.05784,0.05756,0.06003,0.04980,0.04727,0.05620,0.05577,0.05355
0.03930,0.04307,0.04335,0.04379,0.04351,0.04021,0.04058,0.04429,0.04439,0.04222,0.05524,0.05294,0.04463,0.04908,0.06665,0.05351,0.05277,0.07401,0.07491,0.05156
0.04422,0.04164,0.03647,0.03748,0.04444,0.04355,0.04644,0.04260,0.04192,0.04731,0.05839,0.06158,0.05013,0.05534,0.05234,0.05376,0.06195,0.06365,0.06435,0.05243
0.04167,0.04799,0.04269,0.04461,0.04326,0.04649,0.04619,0.05120,0.05260,0.05160,0.05916,0.04919,0.05882,0.04838,0.05825,0.05120,0.05213,0.04996,0.04850,0.05613
0.03948,0.04563,0.04627,0.04671,0.04294,0.05424,0.05509,0.05503,0.05452,0.05159,0.05033,0.05072,0.04518,0.04688,0.04611,0.05213,0.05524,0.05535,0.05423,0.05233
0.04505,0.04483,0.04525,0.04479,0.04622,0.05134,0.05095,0.04863,0.04848,0.05052,0.05129,0.04984,0.04975,0.05193,0.04253,0.05499,0.05250,0.05746,0.05837,0.05528
0.04456,0.04952,0.05602,0.05646,0.04543,0.05401,0.05231,0.05856,0.05930,0.05323,0.04770,0.04237,0.04392,0.03912,0.04993,0.04792,0.04711,0.04850,0.05109,0.05294
0.04350,0.04356,0.04368,0.04365,0.04481,0.04282,0.04754,0.05290,0.05012,0.05294,0.05471,0.04192,0.08790,0.06979,0.04383,0.05033,0.04689,0.04058,0.04091,0.05760
0.04665,0.04839,0.06001,0.06217,0.04284,0.05440,0.05674,0.05056,0.04988,0.05110,0.04206,0.04019,0.03709,0.03406,0.04670,0.05097,0.05042,0.06184,0.06190,0.05205
0.04676,0.04560,0.04274,0.04314,0.04353,0.04022,0.04229,0.04318,0.04428,0.04605,0.06866,0.05129,0.06805,0.05699,0.04824,0.05340,0.04817,0.05636,0.05485,0.05619
0.04223,0.04594,0.05024,0.05261,0.04299,0.06531,0.07805,0.05009,0.04776,0.05169,0.04348,0.03796,0.04632,0.04057,0.06006,0.04873,0.05612,0.04346,0.04434,0.05203
0.04517,0.05150,0.04822,0.04785,0.04840,0.04406,0.04224,0.04976,0.05016,0.04723,0.04700,0.04828,0.04689,0.05297,0.04760,0.05505,0.05777,0.05829,0.05865,0.05291
0.06959,0.05486,0.05344,0.05335,0.06139,0.04162,0.04244,0.04537,0.04551,0.04619,0.04225,0.04172,0.05095,0.05316,0.04959,0.05034,0.05075,0.04965,0.05076,0.04709
0.05350,0.04865,0.06034,0.06014,0.04958,0.05008,0.04918,0.04698,0.04565,0.04879,0.05228,0.04292,0.04892,0.04139,0.04893,0.04985,0.04981,0.05064,0.04911,0.05326
0.04937,0.05027,0.04618,0.04559,0.04755,0.05102,0.05050,0.05562,0.05358,0.05554,0.04755,0.05058,0.05821,0.06119,0.04210,0.04944,0.05086,0.04179,0.04214,0.05092
0.04811,0.04713,0.04772,0.04853,0.04792,0.04666,0.04368,0.05452,0.05506,0.04854,0.05286,0.04339,0.05641,0.04885,0.06859,0.04939,0.04438,0.04856,0.04868,0.05104
0.04086,0.04288,0.04380,0.04466,0.04265,0.04461,0.04387,0.04754,0.04492,0.04436,0.05190,0.04784,0.04383,0.05309,0.05102,0.05389,0.05490,0.07515,0.07492,0.05331
0.04631,0.05006,0.04501,0.04473,0.04666,0.04603,0.04940,0.04569,0.04537,0.04896,0.04984,0.05172,0.05756,0.05812,0.05036,0.05052,0.05014,0.05737,0.05638,0.04977
0.04926,0.05042,0.04861,0.04933,0.04818,0.04758,0.04575,0.05328,0.05490,0.05152,0.05478,0.05262,0.05695,0.05287,0.05328,0.04895,0.04500,0.04209,0.04153,0.05308
0.04966,0.04386,0.04995,0.04851,0.04742,0.05820,0.05906,0.05011,0.04760,0.05359,0.04741,0.04097,0.04055,0.04005,0.04925,0.05074,0.05025,0.06087,0.06028,0.05169
0.04532,0.04700,0.04508,0.04602,0.04630,0.04832,0.05098,0.04771,0.04760,0.05041,0.05119,0.05244,0.04801,0.04984,0.04679,0.05171,0.05178,0.06091,0.06245,0.05012
0.06616,0.05762,0.05560,0.05335,0.06329,0.04493,0.04287,0.05071,0.05137,0.04874,0.04525,0.04200,0.05262,0.04703,0.05086,0.04751,0.04587,0.04376,0.04338,0.04706
0.04428,0.04908,0.04527,0.04534,0.04753,0.05033,0.05197,0.04800,0.04716,0.04824,0.05335,0.05655,0.05242,0.05072,0.04849,0.05080,0.05654,0.05151,0.05212,0.05030
0.04375,0.04401,0.04276,0.04373,0.04203,0.04587,0.04631,0.04725,0.04621,0.04883,0.05389,0.04676,0.05340,0.05109,0.06477,0.05268,0.04586,0.06243,0.06399,0.05439
0.04395,0.04835,0.04374,0.04582,0.04465,0.04438,0.04531,0.04789,0.04924,0.04506,0.05553,0.04796,0.05609,0.05264,0.05851,0.05129,0.04795,0.06050,0.06143,0.04969
0.04337,0.04848,0.04545,0.04811,0.04194,0.04630,0.04732,0.04982,0.05117,0.04997,0.04904,0.04911,0.04899,0.04896,0.05142,0.05377,0.05011,0.06268,0.06099,0.05301
0.04831,0.05234,0.04889,0.04893,0.04796,0.04462,0.04541,0.05294,0.05196,0.04880,0.04996,0.05054,0.06264,0.05516,0.04560,0.05090,0.05173,0.04270,0.04353,0.05708
0.04378,0.04870,0.04930,0.04996,0.04665,0.04449,0.04430,0.04560,0.04685,0.04634,0.06754,0.05375,0.07847,0.05377,0.05296,0.04811,0.04749,0.04074,0.04121,0.04999
0.04262,0.04715,0.04262,0.04369,0.04436,0.04695,0.05032,0.04424,0.04610,0.04810,0.05619,0.04661,0.07618,0.06144,0.05319,0.04976,0.05269,0.04912,0.04662,0.05206
0.04206,0.04795,0.04143,0.04190,0.04328,0.04031,0.04476,0.04688,0.04504,0.04617,0.05428,0.05044,0.06968,0.06165,0.04797,0.05115,0.05124,0.05885,0.06179,0.05318
0.04233,0.04525,0.04169,0.04287,0.04246,0.04041,0.04081,0.05215,0.05555,0.04741,0.06075,0.05383,0.07481,0.06604,0.04493,0.05320,0.05170,0.04369,0.04467,0.05544
0.04521,0.04617,0.04804,0.04790,0.04546,0.05050,0.04745,0.04893,0.05065,0.05132,0.05908,0.04999,0.05423,0.05237,0.05442,0.05275,0.04762,0.04579,0.04473,0.05740
0.04062,0.04656,0.04344,0.04390,0.04245,0.04828,0.04818,0.05166,0.05233,0.04988,0.05642,0.05023,0.05161,0.04810,0.05182,0.05237,0.05284,0.05634,0.05774,0.05521
0.04322,0.04661,0.04552,0.04730,0.04507,0.04972,0.05029,0.05395,0.05593,0.05056,0.04912,0.04772,0.04631,0.04809,0.05063,0.05148,0.05092,0.05686,0.05736,0.05333
0.04771,0.04761,0.04342,0.04410,0.04538,0.04361,0.04588,0.04368,0.04245,0.04728,0.05674,0.05505,0.05671,0.05909,0.05046,0.05352,0.04910,0.05787,0.05836,0.05198
0.04686,0.04511,0.04477,0.04301,0.04724,0.04105,0.04203,0.04925,0.04902,0.04741,0.05328,0.04938,0.05457,0.05755,0.05457,0.05083,0.04634,0.06118,0.06208,0.05450
0.04091,0.04467,0.04671,0.04831,0.04232,0.05496,0.06408,0.04777,0.04674,0.04920,0.04546,0.04362,0.04152,0.04167,0.04489,0.05097,0.05424,0.06898,0.07087,0.05210
0.03927,0.04852,0.04332,0.04338,0.04143,0.03578,0.03835,0.05311,0.05400,0.04493,0.05163,0.04836,0.06090,0.05745,0.05970,0.04944,0.04427,0.06476,0.06814,0.05326
0.04023,0.04178,0.04203,0.04346,0.04108,0.04948,0.04890,0.04867,0.04816,0.05140,0.05577,0.04769,0.04958,0.04486,0.05137,0.05779,0.05915,0.06027,0.05889,0.05943
0.04129,0.04337,0.04011,0.03957,0.04151,0.04150,0.04599,0.04328,0.04320,0.04621,0.05566,0.05060,0.06256,0.06459,0.04819,0.05382,0.04876,0.06763,0.06685,0.05530
0.04037,0.04421,0.03478,0.03695,0.04098,0.04837,0.05031,0.04031,0.03896,0.04960,0.04425,0.05201,0.06152,0.06713,0.05118,0.05169,0.05146,0.07382,0.07150,0.05059
0.04307,0.04377,0.04191,0.04042,0.04327,0.04420,0.04654,0.04297,0.04172,0.04797,0.06072,0.05058,0.06495,0.06012,0.04670,0.05459,0.05281,0.05776,0.05851,0.05741
0.04350,0.04633,0.04276,0.04235,0.04271,0.04294,0.04357,0.04655,0.04653,0.04562,0.06198,0.05991,0.05694,0.05823,0.05055,0.05227,0.05294,0.05514,0.05460,0.05457
0.04315,0.04326,0.04662,0.04497,0.04601,0.05124,0.04962,0.05831,0.05807,0.05454,0.05401,0.04428,0.05126,0.04744,0.04653,0.05113,0.05073,0.05309,0.05314,0.05260
0.05117,0.05014,0.04545,0.04438,0.05080,0.04911,0.04870,0.04612,0.04681,0.04991,0.04736,0.04638,0.05741,0.05502,0.04987,0.05288,0.05348,0.05235,0.05177,0.05091
0.04330,0.04336,0.03730,0.03869,0.04276,0.04032,0.04282,0.04360,0.04317,0.04699,0.05860,0.05983,0.05821,0.06447,0.04670,0.05475,0.05056,0.06586,0.06511,0.05358
0.05834,0.04934,0.05314,0.05117,0.05336,0.04524,0.04413,0.04547,0.04327,0.04743,0.04717,0.04288,0.04629,0.04938,0.05105,0.05125,0.05251,0.05825,0.05971,0.05065
0.03982,0.04071,0.03911,0.03895,0.04188,0.04894,0.05067,0.04397,0.04348,0.04897,0.05723,0.05067,0.05334,0.05202,0.04387,0.05631,0.05676,0.07072,0.06911,0.05348
0.04260,0.04325,0.04945,0.05101,0.04109,0.04930,0.04858,0.04855,0.04678,0.05247,0.06541,0.05173,0.06169,0.04517,0.04984,0.05351,0.04488,0.04938,0.04767,0.05762
0.04372,0.04723,0.05198,0.04988,0.04684,0.05418,0.05557,0.06030,0.05866,0.05426,0.04149,0.04249,0.04457,0.04994,0.04097,0.04848,0.04676,0.05587,0.05510,0.05173
0.04943,0.04467,0.04346,0.04499,0.04693,0.05291,0.04996,0.04419,0.04526,0.04960,0.05004,0.05154,0.05408,0.05847,0.05229,0.05111,0.06100,0.04762,0.04784,0.05460
0.03788,0.04239,0.03988,0.04055,0.03870,0.04213,0.04418,0.04562,0.04642,0.04424,0.05419,0.05038,0.05169,0.05834,0.06647,0.05154,0.04596,0.07270,0.07478,0.05197
0.07038,0.05553,0.05398,0.05327,0.06563,0.04636,0.04672,0.05244,0.05090,0.04960,0.04070,0.03912,0.05516,0.05144,0.04911,0.04552,0.04531,0.04181,0.04029,0.04674
0.04747,0.04607,0.04432,0.04355,0.04605,0.04578,0.04748,0.04889,0.04825,0.05094,0.04762,0.05016,0.05300,0.05395,0.05630,0.05277,0.05162,0.05589,0.05570,0.05419
