0.09371,0.06497,0.11265,0.50568,0.06345,0.05955,0.00465,0.02538,0.03593,0.03403
0.21670,0.04006,0.27036,0.04919,0.09049,0.05694,0.11260,0.04370,0.01753,0.10244
0.22560,0.01206,0.40411,0.14846,0.09363,0.01269,0.05053,0.01526,0.02430,0.01337
0.04254,0.21102,0.05882,0.20354,0.06521,0.20480,0.11236,0.01930,0.04683,0.03559
0.06565,0.06476,0.15846,0.43192,0.07319,0.05747,0.00958,0.07375,0.03744,0.02778
0.61036,0.03077,0.07940,0.05204,0.07412,0.06201,0.04495,0.01274,0.01358,0.02004
0.08865,0.04503,0.54196,0.07278,0.05163,0.09961,0.05872,0.01557,0.01210,0.01395
0.42073,0.02210,0.03111,0.05670,0.34012,0.01074,0.01752,0.01043,0.00734,0.08322
0.40564,0.09151,0.09173,0.18614,0.11104,0.01036,0.01099,0.02733,0.02823,0.03703
0.21912,0.03325,0.25689,0.14503,0.05760,0.00573,0.04821,0.13883,0.03774,0.05760
0.10363,0.01841,0.43023,0.11300,0.19578,0.03395,0.06342,0.01547,0.01075,0.01536
0.36372,0.01813,0.28784,0.13922,0.11247,0.01144,0.01641,0.00883,0.00904,0.03290
0.37700,0.05465,0.03512,0.03453,0.33672,0.02980,0.05551,0.01491,0.01463,0.04713
0.13038,0.03349,0.29207,0.06148,0.08953,0.01517,0.15919,0.02437,0.14394,0.05038
0.04463,0.10552,0.03485,0.26893,0.18779,0.10163,0.06492,0.02354,0.02469,0.14350
0.11727,0.02714,0.13805,0.31267,0.28359,0.04720,0.01013,0.01158,0.02385,0.02851
0.07603,0.09177,0.31918,0.18849,0.03368,0.01044,0.02858,0.02472,0.19515,0.03196
0.14411,0.04178,0.15916,0.03257,0.41699,0.03050,0.02377,0.03686,0.01556,0.09870
0.04792,0.29591,0.03604,0.18374,0.10206,0.25368,0.00676,0.02672,0.02803,0.01913
0.12302,0.05052,0.36733,0.20279,0.06693,0.03864,0.03721,0.04214,0.03375,0.03765
0.16783,0.01937,0.35419,0.30144,0.03557,0.05316,0.00761,0.02413,0.01211,0.02459
0.07323,0.18301,0.09443,0.13841,0.23410,0.01882,0.20584,0.01408,0.01883,0.01927
0.09373,0.08641,0.09431,0.16163,0.06598,0.31067,0.04812,0.00758,0.10139,0.03017
0.06429,0.13693,0.19018,0.32614,0.07397,0.01460,0.09881,0.01201,0.06014,0.02292
0.14448,0.09655,0.11836,0.25727,0.25814,0.01035,0.01300,0.05530,0.02907,0.01748
0.30805,0.10847,0.29444,0.11260,0.10177,0.00631,0.01305,0.01717,0.02595,0.01219
0.17204,0.07789,0.14046,0.25236,0.06540,0.01693,0.03822,0.04160,0.01640,0.17871
0.43433,0.11095,0.08869,0.05217,0.13586,0.07959,0.04484,0.01292,0.02800,0.01265
0.19855,0.09135,0.35016,0.16569,0.08358,0.01380,0.01242,0.05776,0.01514,0.01155
0.15265,0.16113,0.07541,0.19019,0.32366,0.01294,0.03698,0.01893,0.01219,0.01591
0.14363,0.04433,0.49743,0.06638,0.12093,0.02736,0.00980,0.03395,0.01745,0.03874
0.38511,0.01916,0.05941,0.08403,0.30997,0.01966,0.03690,0.01102,0.01711,0.05762
0.41198,0.01819,0.12635,0.14117,0.11524,0.03050,0.01166,0.02475,0.00968,0.11048
0.11229,0.21288,0.11111,0.03937,0.23565,0.00996,0.10941,0.01227,0.14218,0.01489
0.11046,0.15918,0.03274,0.03858,0.44077,0.05502,0.01045,0.04235,0.09880,0.01165
0.03585,0.32574,0.04236,0.15780,0.06257,0.02956,0.01328,0.01359,0.12932,0.18994
0.06011,0.26612,0.17802,0.08463,0.10492,0.04258,0.02639,0.01135,0.02046,0.20542
0.18896,0.08705,0.34799,0.11242,0.05869,0.02732,0.06417,0.03080,0.06615,0.01647
0.43545,0.06026,0.09628,0.05205,0.14931,0.00864,0.14609,0.01864,0.02060,0.01269
0.23481,0.03092,0.06786,0.22751,0.08114,0.08575,0.04953,0.13936,0.05624,0.02689
0.10980,0.09755,0.11800,0.19928,0.06179,0.02470,0.06414,0.05382,0.24204,0.02889
0.07654,0.28415,0.03246,0.10919,0.15268,0.23459,0.01239,0.02071,0.06217,0.01512
0.10062,0.02882,0.16753,0.20316,0.16338,0.02932,0.19763,0.02560,0.03685,0.04709
0.37701,0.17458,0.06238,0.03366,0.25937,0.00830,0.01331,0.02206,0.01906,0.03027
0.15554,0.03816,0.30677,0.07457,0.04613,0.01251,0.30580,0.02458,0.02749,0.00846
0.05485,0.17188,0.02718,0.26678,0.04066,0.32983,0.02955,0.05152,0.01885,0.00889
0.07452,0.03953,0.34111,0.32614,0.03364,0.09498,0.04974,0.00772,0.01074,0.02189
0.14338,0.03894,0.22685,0.11247,0.31972,0.02317,0.04843,0.01839,0.01061,0.05803
0.02523,0.05348,0.03323,0.18785,0.03301,0.05916,0.01517,0.03035,0.41680,0.14572
0.11652,0.14410,0.26140,0.11642,0.10401,0.01701,0.01305,0.08526,0.12616,0.01607
0.03808,0.06596,0.15084,0.42938,0.17849,0.01955,0.02588,0.02257,0.02918,0.04008
0.43044,0.09237,0.17428,0.06385,0.06869,0.05925,0.02322,0.02479,0.03356,0.02955
0.32386,0.02621,0.28243,0.08979,0.11392,0.02536,0.09774,0.01482,0.01181,0.01407
0.23855,0.30722,0.03236,0.09154,0.03946,0.07678,0.01106,0.12071,0.06934,0.01297
0.04015,0.08931,0.04470,0.08041,0.35782,0.00791,0.02426,0.02006,0.27906,0.05632
0.08350,0.16616,0.07300,0.09132,0.29757,0.02121,0.15307,0.06287,0.01336,0.03793
0.24811,0.06588,0.07770,0.02724,0.04980,0.01877,0.22613,0.02687,0.18530,0.07420
0.47824,0.03105,0.08552,0.04051,0.04121,0.02654,0.00745,0.05576,0.22266,0.01106
0.08846,0.08372,0.31435,0.15359,0.12348,0.06144,0.01374,0.06238,0.04512,0.05371
0.03367,0.01739,0.04295,0.42934,0.26782,0.02057,0.00531,0.01605,0.14880,0.01810
0.07217,0.05958,0.05015,0.54309,0.08295,0.08428,0.01419,0.01642,0.03786,0.03930
0.40540,0.02352,0.11544,0.29251,0.09608,0.00494,0.01058,0.01548,0.00973,0.02632
0.05060,0.04661,0.37989,0.21112,0.09462,0.03848,0.02979,0.06334,0.04631,0.03924
0.07868,0.10709,0.10186,0.16532,0.22464,0.03679,0.03026,0.01906,0.21094,0.02534
0.37910,0.01459,0.24049,0.05675,0.13708,0.02382,0.04017,0.02691,0.02905,0.05204
0.42198,0.09600,0.01729,0.01856,0.35751,0.00429,0.00699,0.02160,0.04722,0.00856
0.15025,0.01283,0.07599,0.19937,0.30521,0.02351,0.09867,0.03850,0.07067,0.02500
0.29204,0.02747,0.27557,0.10506,0.12118,0.05061,0.01368,0.01924,0.06754,0.02762
0.38844,0.13924,0.16048,0.02067,0.12297,0.01738,0.00960,0.01407,0.11662,0.01053
0.11486,0.10597,0.04404,0.45032,0.07580,0.04455,0.04934,0.03733,0.02333,0.05448
0.19370,0.05978,0.34978,0.09428,0.14236,0.02960,0.08453,0.00808,0.02707,0.01082
0.23682,0.18514,0.19134,0.04575,0.18995,0.04124,0.03709,0.03258,0.01287,0.02724
0.03556,0.17135,0.02139,0.46457,0.09535,0.09832,0.02231,0.01548,0.00980,0.06586
0.19409,0.11568,0.24310,0.03208,0.04037,0.03266,0.19089,0.00906,0.12595,0.01612
0.36814,0.25491,0.06216,0.06674,0.09934,0.03498,0.04153,0.01577,0.02485,0.03158
0.25424,0.01510,0.22217,0.22722,0.18258,0.01087,0.00743,0.01799,0.05342,0.00898
0.12055,0.21610,0.07733,0.17273,0.26595,0.03775,0.01476,0.01305,0.01334,0.06845
0.25851,0.03738,0.18181,0.04130,0.34863,0.06785,0.01706,0.01300,0.02196,0.01251
0.17728,0.33424,0.12559,0.08129,0.06180,0.01835,0.08552,0.04520,0.05581,0.01490
0.30740,0.06765,0.25903,0.11747,0.09933,0.01842,0.02174,0.02821,0.04509,0.03566
0.50157,0.03632,0.06769,0.03169,0.23685,0.05709,0.01125,0.01087,0.01288,0.03380
0.07584,0.06567,0.07090,0.18196,0.18632,0.01527,0.16849,0.06609,0.06151,0.10796
0.18231,0.32520,0.11817,0.19956,0.08466,0.04386,0.00703,0.01437,0.01537,0.00946
0.18768,0.03290,0.11320,0.11580,0.24160,0.02261,0.01817,0.02024,0.16858,0.07923
0.12700,0.24601,0.09252,0.07928,0.28718,0.01732,0.01466,0.03039,0.05128,0.05434
0.03561,0.08623,0.02797,0.09070,0.19704,0.13779,0.03938,0.09313,0.13108,0.16107
0.14454,0.01221,0.37269,0.26748,0.04293,0.00701,0.01395,0.10410,0.01367,0.02141
0.08219,0.03715,0.15508,0.06544,0.05447,0.02455,0.08720,0.07709,0.34709,0.06975
0.07666,0.20061,0.04844,0.18745,0.06618,0.00982,0.01131,0.22273,0.00715,0.16965
0.24758,0.01748,0.31162,0.28649,0.03767,0.01794,0.00765,0.03819,0.01060,0.02476
0.10266,0.04581,0.34153,0.15637,0.05740,0.00673,0.22483,0.01074,0.03884,0.01509
0.06261,0.07176,0.07052,0.48370,0.14856,0.01638,0.04620,0.03820,0.03036,0.03170
0.32771,0.01194,0.12388,0.38758,0.06223,0.02041,0.00862,0.01420,0.01804,0.02539
0.41358,0.32107,0.04134,0.01169,0.05008,0.03699,0.05065,0.01193,0.02501,0.03765
0.03047,0.23434,0.11928,0.12867,0.17005,0.02654,0.26878,0.00762,0.00495,0.00930
0.11264,0.02291,0.38657,0.26464,0.12000,0.01301,0.01734,0.02817,0.01968,0.01504
0.24956,0.09466,0.16580,0.16711,0.06017,0.04731,0.09706,0.00897,0.02196,0.08739
0.26518,0.21696,0.10884,0.13721,0.09979,0.02268,0.04084,0.04423,0.01678,0.04749
0.21020,0.01601,0.18565,0.39515,0.09983,0.02235,0.00603,0.01287,0.02281,0.02911
0.27672,0.03439,0.28643,0.20877,0.03987,0.01943,0.03593,0.04608,0.03027,0.02210
