0.29746,0.02509,0.08462,0.05998,0.07931,0.01772,0.01152,0.20090,0.19786,0.02554
0.15638,0.03188,0.20939,0.27739,0.05112,0.03430,0.03726,0.09123,0.07883,0.03223
0.11540,0.14248,0.27209,0.24492,0.08670,0.02098,0.02815,0.02833,0.03324,0.02772
0.13278,0.06246,0.49471,0.12677,0.09344,0.02135,0.02392,0.01287,0.01480,0.01690
0.16545,0.14048,0.24438,0.17165,0.07936,0.02193,0.04882,0.04213,0.03175,0.05405
0.27580,0.14812,0.30044,0.14760,0.02895,0.02638,0.02725,0.01504,0.01357,0.01683
0.04329,0.17517,0.16380,0.06949,0.21905,0.01860,0.24813,0.01439,0.02500,0.02308
0.06689,0.13278,0.05974,0.34357,0.03704,0.22237,0.03323,0.04401,0.03496,0.02541
0.18715,0.10310,0.07326,0.21512,0.22843,0.02992,0.02958,0.02817,0.07180,0.03346
0.09630,0.02616,0.20272,0.13428,0.23496,0.09078,0.01898,0.08461,0.01359,0.09762
0.04943,0.25570,0.13087,0.11518,0.18962,0.04405,0.06896,0.05112,0.06750,0.02755
0.36335,0.26178,0.04239,0.17899,0.05048,0.01157,0.00959,0.02026,0.04860,0.01299
0.20958,0.16378,0.11346,0.14280,0.22204,0.04551,0.01654,0.02511,0.02002,0.04116
0.03135,0.21092,0.06003,0.23158,0.01677,0.01342,0.00800,0.20466,0.20750,0.01576
0.09604,0.21704,0.18932,0.25427,0.16205,0.01057,0.02070,0.01767,0.01901,0.01334
0.05850,0.15423,0.07314,0.05042,0.28357,0.01262,0.00921,0.07136,0.20355,0.08339
0.22154,0.03844,0.28351,0.17837,0.11356,0.03421,0.01472,0.04677,0.05939,0.00950
0.05175,0.04081,0.17485,0.30805,0.06818,0.08664,0.14806,0.04674,0.02204,0.05289
0.04115,0.09745,0.20212,0.24938,0.13992,0.10193,0.02461,0.06814,0.01288,0.06241
0.17741,0.05354,0.10190,0.11990,0.16661,0.14931,0.02021,0.02416,0.01872,0.16824
0.24542,0.07147,0.15137,0.28861,0.05264,0.01660,0.01774,0.06909,0.07223,0.01484
0.16375,0.03359,0.37876,0.16361,0.11794,0.02269,0.00964,0.04717,0.01587,0.04698
0.20944,0.09020,0.14266,0.17867,0.20645,0.04158,0.05288,0.02143,0.02046,0.03624
0.12336,0.03993,0.25608,0.12166,0.09166,0.03353,0.02005,0.14179,0.12889,0.04305
0.04466,0.07922,0.20750,0.35686,0.17683,0.02269,0.04078,0.03047,0.02706,0.01393
0.31762,0.07306,0.06833,0.29391,0.10543,0.01573,0.04174,0.01794,0.04296,0.02328
0.12771,0.08702,0.27438,0.29412,0.12443,0.02053,0.03098,0.00903,0.00674,0.02505
0.03129,0.09244,0.17052,0.30537,0.06643,0.09704,0.02343,0.10014,0.01632,0.09703
0.28088,0.02537,0.13862,0.08126,0.17382,0.01225,0.20932,0.01652,0.04307,0.01890
0.10112,0.02363,0.13630,0.13579,0.12312,0.01668,0.02736,0.19654,0.03018,0.20927
0.16348,0.05366,0.34710,0.19346,0.07370,0.01758,0.11620,0.01019,0.00971,0.01493
0.17866,0.17720,0.09141,0.09823,0.29613,0.01185,0.03735,0.04301,0.04868,0.01749
0.23625,0.09947,0.12779,0.15611,0.25137,0.01276,0.08493,0.00845,0.01165,0.01122
0.21509,0.05728,0.13281,0.20245,0.29450,0.00606,0.01050,0.03328,0.04009,0.00795
0.20039,0.20499,0.14538,0.13418,0.17958,0.04956,0.01221,0.02370,0.03601,0.01400
0.27230,0.04441,0.04092,0.30267,0.24337,0.01203,0.02093,0.02382,0.01081,0.02874
0.34686,0.02689,0.03067,0.16352,0.02388,0.08942,0.00868,0.16173,0.00670,0.14164
0.17183,0.03900,0.23723,0.26508,0.08563,0.03415,0.02901,0.06716,0.00650,0.06441
0.29086,0.01264,0.25554,0.14989,0.18812,0.01917,0.01269,0.02822,0.01458,0.02829
0.23124,0.03450,0.21627,0.22448,0.10197,0.01873,0.06853,0.01307,0.04687,0.04434
0.45947,0.08926,0.05998,0.05257,0.08834,0.00624,0.02654,0.10012,0.01116,0.10632
0.25825,0.27161,0.13251,0.03920,0.16403,0.03240,0.02855,0.01611,0.01056,0.04677
0.21356,0.16897,0.18523,0.05075,0.21483,0.02378,0.04994,0.02717,0.03804,0.02771
0.23429,0.11075,0.18706,0.15796,0.20233,0.01126,0.01242,0.03341,0.01642,0.03410
0.09774,0.04699,0.54163,0.06093,0.06599,0.01803,0.08282,0.03488,0.02306,0.02794
0.06751,0.03810,0.48753,0.03156,0.18965,0.02667,0.10160,0.01550,0.00874,0.03315
0.17983,0.23253,0.09067,0.23608,0.10261,0.04625,0.01985,0.02394,0.03120,0.03704
0.17035,0.10213,0.02305,0.20737,0.31089,0.02101,0.00797,0.06463,0.06894,0.02367
0.09684,0.05955,0.08736,0.08180,0.49377,0.07710,0.00816,0.01588,0.00913,0.07042
0.12276,0.06103,0.19551,0.07834,0.46933,0.02258,0.01053,0.01004,0.00884,0.02103
0.04249,0.06874,0.20324,0.31541,0.13306,0.05900,0.00897,0.04787,0.04121,0.08002
0.15885,0.11294,0.22593,0.23293,0.15444,0.01494,0.02032,0.02116,0.04432,0.01417
0.22731,0.05707,0.19304,0.18082,0.08982,0.04658,0.02454,0.06480,0.07120,0.04480
0.14479,0.12557,0.16963,0.18100,0.19256,0.06057,0.02406,0.01387,0.01872,0.06923
0.10096,0.19581,0.13194,0.12670,0.07795,0.10632,0.01639,0.06373,0.02448,0.15571
0.19956,0.04412,0.23767,0.16523,0.08755,0.01822,0.01775,0.10933,0.03211,0.08846
0.04650,0.04403,0.06361,0.08736,0.09232,0.03652,0.06036,0.25745,0.02410,0.28774
0.15664,0.14613,0.18949,0.19933,0.16113,0.01645,0.06934,0.02161,0.01310,0.02679
0.23946,0.03016,0.30404,0.10830,0.04848,0.00906,0.00749,0.12020,0.08790,0.04490
0.08789,0.06846,0.26931,0.34356,0.05246,0.02261,0.10636,0.01577,0.02253,0.01105
0.24504,0.11569,0.04576,0.34472,0.03438,0.03428,0.00982,0.08123,0.07377,0.01530
0.41505,0.11919,0.13572,0.09927,0.14095,0.01777,0.01016,0.01097,0.01910,0.03182
0.25019,0.23906,0.23269,0.13528,0.05424,0.01640,0.00761,0.02688,0.02772,0.00994
0.26225,0.11223,0.29485,0.12197,0.09889,0.01524,0.04925,0.01644,0.01920,0.00967
0.10487,0.08638,0.53660,0.11168,0.03867,0.05690,0.00992,0.02118,0.00753,0.02629
0.10813,0.01249,0.15963,0.31980,0.27159,0.00975,0.00982,0.04863,0.01312,0.04703
0.06251,0.14609,0.20655,0.16926,0.33280,0.02448,0.01274,0.01314,0.01907,0.01336
0.31803,0.06459,0.07846,0.31190,0.12381,0.02679,0.01821,0.01686,0.01839,0.02297
0.22328,0.10042,0.08490,0.08777,0.15602,0.01548,0.01864,0.13454,0.05231,0.12665
0.15494,0.10297,0.18436,0.20334,0.15415,0.02094,0.10261,0.01870,0.02337,0.03462
0.24379,0.19375,0.09804,0.26127,0.03702,0.01769,0.10293,0.01233,0.00986,0.02333
0.15640,0.04564,0.08058,0.27207,0.32698,0.03248,0.01740,0.01944,0.02732,0.02169
0.20018,0.07916,0.13125,0.24276,0.05986,0.06732,0.10987,0.02624,0.01769,0.06567
0.05074,0.13165,0.08571,0.13495,0.51894,0.00746,0.00993,0.01351,0.03893,0.00818
0.10646,0.04880,0.22195,0.09813,0.34907,0.02569,0.01267,0.06363,0.01111,0.06249
0.29236,0.05965,0.05752,0.28697,0.10765,0.02878,0.04509,0.04637,0.04109,0.03453
0.25124,0.13087,0.06365,0.09227,0.25856,0.05184,0.03654,0.03282,0.03936,0.04285
0.12193,0.07968,0.10571,0.19076,0.12302,0.11723,0.01861,0.11194,0.11086,0.02027
0.14169,0.04971,0.19260,0.22680,0.16299,0.00768,0.02256,0.08188,0.04373,0.07036
0.27095,0.07524,0.17652,0.10912,0.20206,0.05294,0.03510,0.01974,0.03726,0.02108
0.17179,0.07254,0.27742,0.23762,0.15271,0.00938,0.03957,0.00941,0.01676,0.01281
0.16682,0.07629,0.05387,0.16012,0.33506,0.08890,0.01265,0.02342,0.02567,0.05721
0.15302,0.08739,0.08251,0.10379,0.07096,0.04376,0.09351,0.17437,0.16547,0.02522
0.16211,0.14724,0.03354,0.29132,0.22261,0.05242,0.01903,0.01398,0.01855,0.03920
0.06149,0.08251,0.26136,0.22126,0.21830,0.05550,0.01067,0.01358,0.03426,0.04108
0.04064,0.14105,0.22649,0.20052,0.20810,0.01529,0.01410,0.01202,0.12400,0.01778
0.10729,0.11647,0.16369,0.16996,0.18534,0.07007,0.08429,0.02982,0.02387,0.04919
0.07433,0.06754,0.05649,0.05617,0.06263,0.04760,0.02085,0.28148,0.21087,0.12204
0.28091,0.15694,0.13328,0.09924,0.23541,0.01696,0.04131,0.01307,0.00965,0.01323
0.02200,0.08031,0.14268,0.15146,0.17591,0.01724,0.01269,0.14219,0.23386,0.02165
0.17479,0.16909,0.24275,0.19973,0.03707,0.04882,0.03803,0.01981,0.02070,0.04921
0.05561,0.02901,0.20636,0.24404,0.14923,0.02727,0.01520,0.09840,0.05022,0.12466
0.21906,0.01747,0.07941,0.21575,0.40313,0.00731,0.00757,0.01994,0.01679,0.01356
0.11020,0.02378,0.15934,0.33937,0.29524,0.01309,0.00810,0.02132,0.00891,0.02065
0.06456,0.11492,0.19095,0.28473,0.13870,0.05007,0.03440,0.02709,0.02075,0.07383
0.02505,0.09089,0.35491,0.21671,0.19188,0.01994,0.00688,0.03194,0.02535,0.03646
0.09379,0.13958,0.21316,0.05394,0.30479,0.01318,0.08336,0.01171,0.06244,0.02406
0.16143,0.12167,0.14661,0.18811,0.19087,0.05469,0.07180,0.01791,0.02513,0.02178
0.20877,0.06176,0.18457,0.24366,0.09951,0.01991,0.04063,0.05165,0.05982,0.02973
0.02642,0.01457,0.43327,0.43517,0.04605,0.00746,0.00611,0.01030,0.00831,0.01234
0.04901,0.03473,0.24513,0.15333,0.27745,0.02530,0.02217,0.02181,0.14349,0.02757
0.09616,0.28739,0.02805,0.36770,0.06155,0.01375,0.00896,0.06208,0.02357,0.05080
0.18683,0.14229,0.22829,0.09101,0.25043,0.02514,0.01471,0.02240,0.01962,0.01929
0.15945,0.35786,0.10863,0.17163,0.09837,0.02512,0.01539,0.02781,0.01276,0.02297
0.62531,0.05552,0.06075,0.11418,0.05371,0.01943,0.01265,0.01924,0.02524,0.01398
0.13347,0.06533,0.25165,0.27627,0.15561,0.01428,0.00905,0.03766,0.02054,0.03612
0.15012,0.07216,0.11168,0.22361,0.26376,0.04017,0.04710,0.03011,0.02422,0.03707
0.24486,0.02437,0.14731,0.12600,0.21234,0.01506,0.02090,0.09476,0.09349,0.02090
0.04653,0.05052,0.09088,0.05395,0.08337,0.01993,0.21542,0.20824,0.20118,0.02996
0.09445,0.14580,0.20321,0.21730,0.09512,0.09119,0.02188,0.01771,0.02381,0.08952
0.03874,0.03217,0.08067,0.13031,0.26494,0.12479,0.03047,0.05133,0.13470,0.11187
0.21030,0.13394,0.15982,0.12102,0.15885,0.01381,0.13850,0.02517,0.01415,0.02444
0.12515,0.04905,0.06620,0.33995,0.05610,0.25212,0.01147,0.03866,0.02135,0.03994
0.13330,0.13546,0.28040,0.10489,0.04542,0.08076,0.04120,0.05351,0.03162,0.09344
0.39220,0.02330,0.03785,0.13600,0.04292,0.11590,0.03936,0.07784,0.01818,0.11644
0.20388,0.09908,0.18651,0.23836,0.05178,0.01128,0.10880,0.02918,0.03805,0.03307
0.24548,0.05167,0.16907,0.28676,0.10049,0.00950,0.00855,0.05678,0.02852,0.04318
0.08181,0.04584,0.08895,0.29311,0.27632,0.05269,0.03617,0.03446,0.03728,0.05337
0.19203,0.09441,0.08935,0.26009,0.07699,0.13901,0.01628,0.05500,0.03133,0.04551
0.31644,0.05595,0.06239,0.13310,0.05645,0.03812,0.05651,0.14405,0.01894,0.11805
0.55659,0.12780,0.05999,0.08418,0.09319,0.02001,0.01526,0.01197,0.02255,0.00847
0.13360,0.05378,0.12315,0.27256,0.27724,0.02265,0.00833,0.04097,0.02255,0.04516
0.25687,0.04249,0.23090,0.19117,0.14862,0.01635,0.01284,0.02055,0.05023,0.02996
0.10999,0.08555,0.20047,0.20948,0.15490,0.03692,0.01543,0.05623,0.09197,0.03905
0.08372,0.25282,0.08120,0.23471,0.22761,0.01419,0.06044,0.01426,0.02048,0.01059
0.04868,0.10081,0.15893,0.16675,0.05391,0.00750,0.00681,0.22356,0.01371,0.21934
0.13387,0.22958,0.08765,0.16902,0.07348,0.05731,0.11936,0.04980,0.06225,0.01767
0.12320,0.25069,0.19914,0.15881,0.17296,0.02109,0.01267,0.02845,0.01646,0.01654
0.08969,0.30725,0.13421,0.21469,0.15539,0.01848,0.03287,0.01434,0.00846,0.02463
0.04948,0.17656,0.22800,0.20160,0.21186,0.09600,0.00679,0.01153,0.00859,0.00958
0.05880,0.03710,0.18293,0.19655,0.20856,0.07638,0.01428,0.07312,0.07062,0.08166
0.08899,0.08204,0.33569,0.13893,0.20451,0.04870,0.01754,0.01174,0.02182,0.05005
0.17651,0.19387,0.02639,0.11237,0.18470,0.07975,0.01301,0.03587,0.16118,0.01635
0.13121,0.14636,0.25425,0.25132,0.11375,0.01911,0.03631,0.01469,0.01343,0.01956
0.09587,0.10089,0.46647,0.17791,0.04322,0.02004,0.00887,0.02874,0.02336,0.03463
0.04469,0.36435,0.09835,0.15794,0.09885,0.04330,0.02552,0.07498,0.03810,0.05391
0.08148,0.07522,0.06313,0.03181,0.08738,0.00753,0.00908,0.31632,0.02959,0.29846
0.24137,0.14451,0.11685,0.15746,0.26499,0.01044,0.01086,0.02167,0.01153,0.02033
0.07404,0.21019,0.04135,0.24714,0.27048,0.02254,0.08175,0.01524,0.01735,0.01992
0.26764,0.03213,0.12269,0.14287,0.27875,0.03969,0.00891,0.03905,0.03773,0.03054
0.22314,0.07272,0.27062,0.10872,0.24804,0.00920,0.03575,0.00705,0.01514,0.00962
0.11625,0.04011,0.06733,0.11892,0.56088,0.01075,0.02040,0.02505,0.01599,0.02432
0.15145,0.14357,0.13725,0.25993,0.20673,0.02690,0.02950,0.01309,0.01361,0.01797
0.20676,0.09493,0.23664,0.21343,0.04030,0.05411,0.04907,0.02581,0.01469,0.06427
0.18567,0.25824,0.19272,0.06351,0.06097,0.01761,0.04720,0.05638,0.08763,0.03008
0.29138,0.29484,0.03259,0.25222,0.07454,0.00955,0.01767,0.00716,0.01158,0.00846
0.12188,0.04888,0.27805,0.09780,0.05186,0.01827,0.28936,0.03233,0.03487,0.02670
0.24660,0.13598,0.10342,0.11722,0.24594,0.01681,0.08138,0.01571,0.01247,0.02446
0.18161,0.04844,0.20467,0.29994,0.10673,0.06343,0.01467,0.03031,0.02360,0.02659
0.16866,0.08530,0.13862,0.08172,0.21885,0.01468,0.01487,0.09634,0.06045,0.12050
0.15104,0.06534,0.24651,0.23651,0.12479,0.01062,0.01068,0.06783,0.04636,0.04032
0.25924,0.28129,0.07784,0.25721,0.04163,0.01902,0.01098,0.01707,0.01475,0.02098
0.16364,0.07274,0.26731,0.31896,0.07404,0.02263,0.04739,0.01431,0.00906,0.00993
0.12244,0.06093,0.09266,0.15007,0.05263,0.02212,0.02261,0.23595,0.14737,0.09322
0.12779,0.04598,0.26847,0.22274,0.06952,0.06761,0.07799,0.02063,0.02257,0.07669
0.28679,0.04490,0.03647,0.26918,0.05580,0.21856,0.01031,0.03049,0.01625,0.03124
0.23479,0.13403,0.05166,0.31347,0.06097,0.02344,0.04622,0.03974,0.02817,0.06751
0.10275,0.07156,0.15204,0.20272,0.18007,0.13971,0.02275,0.02280,0.01719,0.08841
0.13501,0.15121,0.15481,0.18415,0.10103,0.02762,0.19301,0.01254,0.01756,0.02306
0.23720,0.08087,0.04328,0.28009,0.07777,0.00834,0.00677,0.12433,0.13027,0.01109
0.14336,0.03527,0.16210,0.14722,0.42864,0.00873,0.00497,0.02017,0.04054,0.00900
0.19824,0.21427,0.12767,0.08735,0.15246,0.00940,0.02789,0.08233,0.08698,0.01342
0.11797,0.11061,0.03953,0.08797,0.07752,0.06077,0.01120,0.23229,0.05598,0.20617
0.33881,0.02140,0.09856,0.07392,0.30740,0.02579,0.01942,0.04886,0.04110,0.02475
0.08258,0.03492,0.15250,0.16099,0.06162,0.21179,0.00729,0.03533,0.03159,0.22138
0.16509,0.15410,0.22390,0.16725,0.15836,0.01022,0.01543,0.04259,0.04591,0.01713
0.03140,0.03235,0.13082,0.06458,0.56324,0.03903,0.03471,0.02425,0.02903,0.05058
0.23074,0.02108,0.19782,0.19907,0.21907,0.02652,0.02892,0.02414,0.02449,0.02815
0.06370,0.18145,0.31705,0.22126,0.15203,0.00533,0.00738,0.01816,0.02651,0.00713
0.16481,0.06458,0.11483,0.20709,0.11599,0.07091,0.13909,0.01148,0.01580,0.09542
0.07819,0.15300,0.16356,0.16730,0.17786,0.01874,0.16660,0.02736,0.02628,0.02111
0.11010,0.07261,0.09056,0.14292,0.05134,0.05457,0.03678,0.17163,0.20011,0.06937
0.08939,0.07653,0.23811,0.37135,0.05823,0.06624,0.05678,0.01511,0.01255,0.01571
0.22197,0.27907,0.06666,0.14689,0.13834,0.01377,0.01986,0.03476,0.04971,0.02896
0.23122,0.05160,0.08910,0.19137,0.26753,0.01595,0.01518,0.02370,0.09173,0.02262
0.09613,0.07922,0.31657,0.07830,0.13456,0.01335,0.02735,0.11268,0.12619,0.01565
0.12559,0.01276,0.26836,0.35056,0.18608,0.00882,0.01573,0.00834,0.01379,0.00998
0.51125,0.03007,0.07901,0.05301,0.19287,0.00897,0.01069,0.01379,0.08711,0.01324
0.13629,0.12082,0.29255,0.07952,0.19712,0.00783,0.08581,0.03104,0.01945,0.02958
0.22575,0.11084,0.15273,0.32312,0.10206,0.01203,0.01726,0.02095,0.02456,0.01069
0.15965,0.03280,0.08128,0.09916,0.15970,0.15165,0.07585,0.04250,0.03927,0.15814
0.32965,0.13587,0.12601,0.20949,0.08011,0.02879,0.01621,0.02344,0.02628,0.02416
0.11199,0.19353,0.08468,0.26732,0.22354,0.00843,0.02096,0.03106,0.03777,0.02070
0.33566,0.02557,0.23491,0.11128,0.19987,0.01099,0.00868,0.03329,0.00917,0.03059
0.25450,0.17348,0.07580,0.24883,0.12924,0.01595,0.04287,0.01831,0.01415,0.02686
0.22122,0.09473,0.06230,0.10534,0.23802,0.04226,0.03006,0.07127,0.09826,0.03655
0.25342,0.04907,0.15553,0.25700,0.20364,0.01025,0.00586,0.02635,0.02582,0.01304
0.27878,0.26447,0.01123,0.04045,0.36350,0.00528,0.01702,0.00626,0.00576,0.00726
0.27560,0.04464,0.16243,0.15571,0.14262,0.02251,0.07052,0.05233,0.05953,0.01411
0.09707,0.05592,0.16237,0.18361,0.18229,0.11140,0.00762,0.08115,0.09973,0.01884
0.27555,0.01524,0.15589,0.18178,0.26839,0.00531,0.05196,0.01615,0.01847,0.01126
0.22350,0.13362,0.05536,0.06241,0.12399,0.02578,0.00740,0.16582,0.10058,0.10154
0.29324,0.03472,0.17361,0.27671,0.03580,0.01871,0.09202,0.02096,0.03093,0.02328
0.17494,0.13806,0.08389,0.10935,0.42804,0.02190,0.01036,0.01001,0.01312,0.01031
0.25952,0.02673,0.06741,0.16816,0.33298,0.03043,0.01702,0.02718,0.03213,0.03844
0.17942,0.09186,0.14614,0.14142,0.16215,0.02753,0.02231,0.09888,0.09894,0.03134
0.31574,0.09296,0.27740,0.08099,0.10544,0.02596,0.03134,0.01587,0.02450,0.02981
0.15895,0.07763,0.18484,0.06289,0.20694,0.03654,0.00889,0.10723,0.11017,0.04593
0.29668,0.01833,0.23393,0.16844,0.22860,0.00539,0.01203,0.01480,0.01631,0.00549
0.10581,0.47386,0.13334,0.13197,0.08819,0.01206,0.00953,0.01232,0.01496,0.01796
0.29261,0.12523,0.17531,0.13658,0.15943,0.03489,0.03059,0.01790,0.00811,0.01936
0.03531,0.04819,0.28955,0.31352,0.15917,0.07321,0.01927,0.02198,0.02584,0.01396
0.07142,0.04136,0.17831,0.17595,0.07034,0.03953,0.01539,0.17561,0.03226,0.19984
0.15503,0.32612,0.11025,0.05225,0.16716,0.05002,0.02753,0.01893,0.01864,0.07406
0.15543,0.16667,0.30171,0.16455,0.02917,0.02773,0.02771,0.04479,0.04132,0.04091
0.25564,0.24968,0.12367,0.19157,0.03654,0.01307,0.01997,0.04900,0.04572,0.01514
0.16542,0.07771,0.07587,0.15271,0.40239,0.00974,0.02527,0.03633,0.04259,0.01197
0.27578,0.05925,0.12274,0.26774,0.07165,0.01539,0.06561,0.05253,0.04661,0.02270
0.26694,0.03630,0.05672,0.13577,0.30144,0.07526,0.01080,0.01287,0.01931,0.08459
0.36448,0.04079,0.12990,0.05176,0.27891,0.01468,0.01076,0.05026,0.01048,0.04797
0.06843,0.17630,0.12395,0.27582,0.19255,0.04276,0.02401,0.01080,0.02641,0.05896
0.15284,0.08086,0.10963,0.17862,0.23484,0.06304,0.07093,0.02831,0.02115,0.05978
0.08841,0.05462,0.21089,0.26674,0.12566,0.05664,0.08624,0.02402,0.03174,0.05504
0.19644,0.02472,0.13387,0.19165,0.13815,0.12681,0.03556,0.05679,0.05453,0.04149
0.03889,0.08326,0.31452,0.17547,0.27915,0.03613,0.00967,0.02062,0.02879,0.01352
0.11541,0.03310,0.21711,0.31428,0.19030,0.01763,0.03066,0.01817,0.04621,0.01713
0.10501,0.36830,0.10215,0.23188,0.05449,0.05648,0.02354,0.01501,0.01643,0.02671
0.14747,0.32604,0.15656,0.11172,0.09993,0.03554,0.04700,0.02303,0.01834,0.03437
0.29419,0.10934,0.18324,0.07907,0.16753,0.01602,0.02758,0.04768,0.05237,0.02299
0.10201,0.13043,0.09391,0.27978,0.25623,0.02153,0.03973,0.00978,0.03639,0.03020
0.10834,0.29937,0.08217,0.16339,0.16973,0.06713,0.01428,0.01408,0.06133,0.02019
0.12997,0.16446,0.06622,0.17748,0.19942,0.03967,0.03160,0.06242,0.08565,0.04311
0.16200,0.04496,0.42049,0.18779,0.06352,0.01678,0.00922,0.04154,0.03139,0.02230
0.05585,0.48178,0.15621,0.16294,0.05630,0.00865,0.03560,0.01401,0.01522,0.01344
0.13745,0.16326,0.02988,0.21265,0.29908,0.06401,0.01825,0.01305,0.00989,0.05247
0.28717,0.06822,0.13227,0.10666,0.19881,0.01082,0.01276,0.04070,0.10533,0.03727
0.11830,0.07603,0.16636,0.11977,0.16548,0.05684,0.05985,0.08854,0.06823,0.08060
0.17881,0.02814,0.30005,0.29638,0.04388,0.02050,0.01474,0.04846,0.00870,0.06034
0.30419,0.10458,0.16572,0.08847,0.22090,0.01761,0.01805,0.02479,0.02332,0.03236
0.17532,0.02430,0.32938,0.14753,0.24590,0.01162,0.03126,0.01073,0.01085,0.01312
0.11520,0.08522,0.21285,0.06969,0.20420,0.01900,0.03280,0.11205,0.11422,0.03476
0.04757,0.03718,0.08349,0.39643,0.02192,0.22787,0.01498,0.08305,0.07917,0.00833
0.21909,0.02657,0.09998,0.12153,0.14357,0.05095,0.02500,0.11346,0.07554,0.12431
0.28964,0.08212,0.12152,0.31257,0.06686,0.02483,0.00949,0.03411,0.02229,0.03656
0.33807,0.31992,0.08556,0.04274,0.03232,0.01370,0.02549,0.06866,0.05293,0.02060
0.12753,0.23748,0.11959,0.25931,0.02786,0.02135,0.13857,0.01913,0.01672,0.03246
0.11806,0.35213,0.11941,0.07716,0.15553,0.04198,0.02089,0.02603,0.02370,0.06510
0.29661,0.22737,0.19976,0.09581,0.06562,0.00965,0.06486,0.00939,0.02203,0.00889
0.08338,0.25198,0.03165,0.16976,0.17119,0.02622,0.03948,0.06414,0.14302,0.01919
0.22310,0.33618,0.06426,0.20398,0.10385,0.00609,0.00835,0.01136,0.03167,0.01115
0.05868,0.10588,0.26338,0.15039,0.32274,0.01875,0.01074,0.01737,0.02656,0.02551
0.13983,0.05065,0.18385,0.28473,0.23019,0.01020,0.01785,0.02911,0.01994,0.03367
0.10668,0.14519,0.06147,0.20405,0.07335,0.11199,0.06028,0.09947,0.02121,0.11631
0.13145,0.02517,0.25673,0.29748,0.07121,0.01849,0.02768,0.08184,0.01144,0.07851
0.15570,0.22600,0.08073,0.16569,0.21325,0.01695,0.01914,0.03708,0.04280,0.04267
0.24004,0.12619,0.16369,0.23704,0.10515,0.04714,0.01754,0.01529,0.03787,0.01004
0.05475,0.22434,0.11382,0.25454,0.09488,0.13803,0.03202,0.02215,0.02597,0.03951
0.04220,0.05658,0.05786,0.14245,0.10163,0.19808,0.01938,0.07931,0.09508,0.20743
0.32146,0.04543,0.05098,0.04256,0.29567,0.09132,0.01524,0.01480,0.02731,0.09524
0.17393,0.06131,0.15856,0.21132,0.20676,0.09053,0.00680,0.00910,0.01652,0.06516
0.24800,0.23514,0.15395,0.06403,0.15231,0.02081,0.02504,0.04089,0.01314,0.04671
0.05545,0.09857,0.26598,0.03753,0.28879,0.01300,0.02556,0.10184,0.01533,0.09794
0.22100,0.12372,0.20928,0.14728,0.13724,0.03244,0.02511,0.02868,0.02677,0.04847
0.25712,0.03133,0.30817,0.19559,0.13949,0.02521,0.01180,0.00601,0.00827,0.01703
0.30932,0.29332,0.14689,0.06387,0.08776,0.02106,0.01173,0.02195,0.02500,0.01910
0.17354,0.04927,0.19708,0.22728,0.18813,0.03352,0.03304,0.03266,0.03291,0.03257
0.31729,0.12436,0.16704,0.20239,0.03148,0.01040,0.01941,0.05371,0.06451,0.00940
0.09667,0.09200,0.27574,0.06524,0.18271,0.01295,0.00759,0.12176,0.13232,0.01303
0.12533,0.43112,0.11114,0.04402,0.13956,0.02283,0.04010,0.01953,0.01931,0.04705
0.09287,0.24093,0.16642,0.20850,0.12961,0.01701,0.02927,0.02889,0.06001,0.02648
0.18413,0.02817,0.27936,0.21476,0.10960,0.00615,0.01005,0.08061,0.07729,0.00989
0.10679,0.55300,0.10535,0.06950,0.07274,0.01502,0.02120,0.01937,0.01610,0.02090
0.17940,0.11541,0.19691,0.09836,0.06990,0.01553,0.20229,0.04360,0.05554,0.02306
0.21014,0.05706,0.09142,0.06106,0.16752,0.01993,0.01632,0.15014,0.05148,0.17493
0.15851,0.05344,0.03659,0.11355,0.19875,0.19661,0.02563,0.00988,0.01169,0.19535
0.12982,0.10583,0.20088,0.18995,0.09057,0.02736,0.19702,0.01345,0.02375,0.02138
0.11275,0.04028,0.15407,0.23683,0.04310,0.04851,0.02257,0.15745,0.12845,0.05599
0.05868,0.02673,0.25002,0.05480,0.30941,0.02732,0.17837,0.03025,0.01072,0.05372
0.17795,0.12489,0.13696,0.12803,0.15226,0.01082,0.06245,0.09522,0.09379,0.01762
0.13262,0.06546,0.12788,0.09277,0.39138,0.01856,0.09946,0.02367,0.02678,0.02140
0.05805,0.15334,0.22388,0.28174,0.09442,0.04591,0.04654,0.01841,0.02081,0.05690
0.21188,0.10118,0.07630,0.11624,0.23897,0.03468,0.12375,0.04055,0.02117,0.03530
0.11849,0.20492,0.09407,0.25508,0.19733,0.03997,0.03511,0.01680,0.01072,0.02751
0.11160,0.07970,0.23697,0.29058,0.14330,0.03542,0.01720,0.02337,0.04428,0.01760
0.05209,0.01487,0.22600,0.07785,0.36386,0.02584,0.02077,0.01527,0.17210,0.03136
0.21942,0.12144,0.11860,0.27398,0.07091,0.12649,0.01543,0.01683,0.01455,0.02234
0.39371,0.10876,0.13947,0.06556,0.14553,0.03191,0.04033,0.02133,0.00891,0.04449
0.35811,0.03814,0.17106,0.27525,0.05040,0.05399,0.01912,0.01181,0.01424,0.00788
0.14136,0.05406,0.27768,0.25469,0.12033,0.02517,0.01167,0.04567,0.03944,0.02993
0.29120,0.26830,0.10525,0.07287,0.12778,0.02538,0.03839,0.02773,0.02916,0.01395
0.18094,0.05187,0.17445,0.16060,0.06566,0.06052,0.19656,0.04066,0.03799,0.03075
0.04399,0.01843,0.42167,0.11658,0.35845,0.00709,0.01215,0.00663,0.00700,0.00801
0.13974,0.04622,0.09693,0.28022,0.29116,0.04506,0.02785,0.01291,0.01474,0.04518
0.02601,0.19899,0.23493,0.22069,0.16405,0.01741,0.08853,0.01595,0.01133,0.02211
0.25711,0.02741,0.20446,0.07126,0.10901,0.00877,0.05789,0.11508,0.12935,0.01968
0.30130,0.05143,0.06494,0.27311,0.18222,0.01762,0.05376,0.02068,0.01377,0.02118
0.18079,0.06071,0.08208,0.04154,0.32492,0.01637,0.02909,0.02047,0.21261,0.03144
0.24617,0.07324,0.16861,0.06829,0.13600,0.00965,0.08292,0.09917,0.10639,0.00956
0.11631,0.08042,0.20576,0.19077,0.19092,0.01378,0.00414,0.09077,0.09137,0.01575
0.26592,0.03611,0.17111,0.26126,0.13790,0.01461,0.05981,0.01790,0.00991,0.02546
0.19055,0.09279,0.14270,0.17121,0.29276,0.01286,0.01444,0.02672,0.04256,0.01341
0.25767,0.12186,0.23089,0.06251,0.06637,0.01815,0.20687,0.00912,0.01116,0.01538
0.07044,0.12556,0.30393,0.08557,0.29799,0.01011,0.02920,0.02945,0.02577,0.02199
0.13031,0.07965,0.16903,0.14563,0.28440,0.03190,0.07446,0.02165,0.03199,0.03098
0.26006,0.08242,0.15783,0.21336,0.05970,0.00903,0.14892,0.02536,0.01837,0.02496
0.14731,0.04047,0.40936,0.29647,0.04005,0.00885,0.01396,0.01453,0.01681,0.01219
0.39329,0.07477,0.05919,0.04960,0.37739,0.00949,0.00736,0.00890,0.00891,0.01111
0.03600,0.05219,0.26019,0.06071,0.28414,0.02707,0.17017,0.04693,0.01746,0.04513
0.16188,0.13438,0.11914,0.20549,0.04459,0.03068,0.20180,0.03049,0.01794,0.05360
0.07263,0.12361,0.32368,0.05735,0.32838,0.01969,0.01309,0.01925,0.01936,0.02297
