0.30480,0.09320,0.08353,0.11531,0.09610,0.11658,0.02091,0.11018,0.02578,0.03361
0.23746,0.12811,0.11858,0.12617,0.12534,0.08245,0.02861,0.07609,0.03704,0.04016
0.17861,0.10648,0.09263,0.10820,0.10467,0.16083,0.02881,0.14406,0.03904,0.03666
0.16583,0.09729,0.07734,0.08669,0.08282,0.18315,0.03964,0.17161,0.05258,0.04305
0.19116,0.20151,0.08928,0.12692,0.13667,0.06695,0.03314,0.06176,0.03987,0.05274
0.27964,0.13386,0.12302,0.12974,0.13041,0.05671,0.02933,0.05237,0.03307,0.03185
0.36693,0.09734,0.08750,0.09688,0.09697,0.07545,0.03219,0.06871,0.04160,0.03643
0.22321,0.11522,0.11101,0.11771,0.12356,0.11246,0.03478,0.10468,0.03172,0.02565
0.27569,0.10431,0.10124,0.14555,0.11087,0.09971,0.01947,0.09213,0.02760,0.02344
0.27981,0.08870,0.08000,0.09357,0.09138,0.15798,0.01675,0.15136,0.02184,0.01860
0.18816,0.17484,0.13368,0.09657,0.12474,0.11749,0.01942,0.09442,0.02570,0.02498
0.38302,0.09150,0.08440,0.09449,0.09425,0.10568,0.01567,0.09375,0.01945,0.01779
0.32327,0.10050,0.07766,0.10135,0.11898,0.10608,0.01831,0.09623,0.02735,0.03027
0.23317,0.12595,0.11634,0.12880,0.13696,0.06976,0.03605,0.06569,0.04726,0.04001
0.21573,0.08701,0.07564,0.10885,0.10563,0.14954,0.03240,0.13208,0.05302,0.04009
0.41158,0.08594,0.08974,0.09452,0.10694,0.07568,0.01941,0.06685,0.02538,0.02396
0.17490,0.15786,0.13480,0.11079,0.09554,0.11179,0.03906,0.09988,0.03972,0.03566
0.19094,0.10413,0.08091,0.10217,0.09312,0.17844,0.01796,0.17076,0.03039,0.03118
0.29961,0.11454,0.11230,0.12720,0.10772,0.06128,0.03033,0.05499,0.03986,0.05217
0.19650,0.12013,0.10878,0.13044,0.12548,0.10399,0.03376,0.09520,0.03731,0.04840
0.40211,0.10306,0.08852,0.09726,0.08309,0.07302,0.01911,0.07256,0.03251,0.02876
0.12577,0.13252,0.11732,0.13600,0.13829,0.14189,0.01959,0.13429,0.02646,0.02787
0.30886,0.17508,0.12778,0.07166,0.11284,0.05421,0.02200,0.04897,0.02705,0.05155
0.26301,0.13311,0.09847,0.12543,0.10734,0.09807,0.02411,0.09301,0.03032,0.02714
0.13445,0.11796,0.08913,0.10608,0.10509,0.17007,0.03117,0.16110,0.04714,0.03783
0.22450,0.08384,0.07198,0.10705,0.10428,0.13837,0.03879,0.12493,0.06179,0.04446
0.29922,0.10871,0.08738,0.10013,0.11157,0.11607,0.01952,0.10040,0.02997,0.02704
0.40061,0.10103,0.08211,0.10108,0.10164,0.08823,0.01350,0.07446,0.01764,0.01971
0.10597,0.12798,0.11153,0.12589,0.10386,0.11959,0.05944,0.11060,0.07795,0.05720
0.16835,0.18977,0.14170,0.11203,0.14198,0.08389,0.02446,0.07262,0.02857,0.03663
0.21348,0.13927,0.11838,0.14614,0.18111,0.06069,0.02821,0.05340,0.02896,0.03037
0.36247,0.08511,0.07754,0.09794,0.09183,0.09907,0.02726,0.09052,0.03765,0.03061
0.37685,0.11740,0.10601,0.13219,0.09763,0.04213,0.02837,0.04038,0.03069,0.02836
0.15440,0.13391,0.09727,0.12296,0.12152,0.15340,0.02173,0.14072,0.02716,0.02694
0.16845,0.14381,0.08109,0.10788,0.13399,0.15415,0.02286,0.13876,0.02518,0.02383
0.20218,0.06549,0.06369,0.07032,0.06746,0.22621,0.02595,0.21356,0.03375,0.03138
0.24773,0.11703,0.13178,0.13907,0.12103,0.05660,0.05703,0.05149,0.04003,0.03821
0.21941,0.09524,0.10440,0.19194,0.11892,0.09292,0.03131,0.08572,0.03062,0.02952
0.22108,0.11516,0.10084,0.10686,0.09996,0.07813,0.06866,0.06983,0.08113,0.05834
0.16327,0.14166,0.13292,0.14880,0.14654,0.09231,0.02632,0.08362,0.03239,0.03216
0.21165,0.07857,0.06274,0.07368,0.07197,0.22910,0.01711,0.21438,0.02133,0.01948
0.36472,0.11609,0.08781,0.11174,0.08957,0.07301,0.02349,0.06511,0.03364,0.03483
0.24222,0.11033,0.13246,0.14002,0.09991,0.10701,0.02018,0.09850,0.02719,0.02218
0.22684,0.16812,0.11160,0.16029,0.12549,0.06138,0.02666,0.05727,0.03239,0.02997
0.23605,0.09772,0.08619,0.09547,0.11079,0.14465,0.02232,0.13352,0.03459,0.03870
0.18818,0.11238,0.12990,0.14673,0.14563,0.08758,0.02758,0.08494,0.04109,0.03598
0.18213,0.12290,0.10237,0.11110,0.12263,0.13211,0.03367,0.12152,0.03509,0.03648
0.38299,0.08491,0.07182,0.09877,0.08712,0.11146,0.01667,0.10578,0.02115,0.01933
0.47499,0.10057,0.06612,0.09262,0.08011,0.07601,0.01116,0.07018,0.01484,0.01340
0.14455,0.17317,0.13925,0.09533,0.12573,0.10914,0.03169,0.09495,0.04580,0.04038
0.20993,0.14286,0.13331,0.14565,0.13915,0.07153,0.02419,0.06484,0.03109,0.03744
0.15191,0.12060,0.09695,0.10594,0.11797,0.10186,0.06605,0.09618,0.08277,0.05978
0.12121,0.12047,0.15795,0.13919,0.14032,0.07456,0.05305,0.07035,0.05943,0.06349
0.33894,0.08674,0.08248,0.09242,0.08503,0.12122,0.02732,0.10592,0.03462,0.02532
0.18626,0.12681,0.09566,0.11278,0.11881,0.12928,0.02947,0.11326,0.04188,0.04578
0.21919,0.16199,0.12870,0.13788,0.17208,0.06536,0.01666,0.06082,0.01863,0.01869
0.28917,0.11816,0.11661,0.12192,0.14995,0.07036,0.02063,0.06197,0.02862,0.02260
0.18470,0.11826,0.10430,0.12565,0.12280,0.09505,0.04194,0.09279,0.05621,0.05830
0.32971,0.13589,0.10747,0.13026,0.12844,0.04708,0.02375,0.04201,0.02791,0.02748
0.17380,0.14345,0.15064,0.15428,0.16086,0.07473,0.02269,0.06680,0.02701,0.02575
0.25483,0.09278,0.09066,0.10076,0.09571,0.13863,0.02709,0.13040,0.03442,0.03472
0.23935,0.11514,0.09593,0.11627,0.10884,0.12074,0.02355,0.10945,0.03710,0.03363
0.13741,0.13709,0.11463,0.11737,0.10725,0.13410,0.03676,0.12773,0.04164,0.04600
0.27788,0.13152,0.10780,0.17580,0.11603,0.06287,0.01802,0.05884,0.02465,0.02658
0.32357,0.11625,0.10094,0.11720,0.12953,0.05907,0.02947,0.05041,0.03940,0.03416
0.36895,0.08395,0.06786,0.07702,0.07049,0.07952,0.03539,0.07451,0.06593,0.07638
0.20061,0.14013,0.09584,0.11823,0.12661,0.11152,0.02297,0.10235,0.03538,0.04636
0.22992,0.15407,0.12574,0.14879,0.13554,0.05486,0.03105,0.05197,0.03357,0.03450
0.34685,0.10989,0.09690,0.11665,0.12133,0.04868,0.03380,0.04302,0.04240,0.04049
0.25447,0.11349,0.09040,0.10548,0.10667,0.12376,0.02604,0.11846,0.03238,0.02886
0.29374,0.10597,0.09835,0.10786,0.10481,0.10016,0.02468,0.08937,0.03438,0.04068
0.24037,0.13682,0.11663,0.13665,0.14072,0.08189,0.01920,0.07588,0.02542,0.02642
0.33037,0.08965,0.11223,0.10953,0.11228,0.08259,0.02421,0.07647,0.03623,0.02645
0.12169,0.11463,0.10728,0.12099,0.11365,0.14284,0.03309,0.13926,0.04498,0.06159
0.36077,0.07976,0.05925,0.07554,0.08785,0.15154,0.01440,0.13320,0.01948,0.01821
0.13877,0.11479,0.10905,0.11757,0.12343,0.15106,0.02650,0.13999,0.03632,0.04252
0.20229,0.13181,0.12664,0.12582,0.12828,0.10538,0.02515,0.09539,0.03158,0.02765
0.31644,0.15497,0.10726,0.14085,0.12974,0.04456,0.01902,0.04063,0.02067,0.02587
0.25950,0.12973,0.10282,0.11759,0.12851,0.10076,0.01864,0.08792,0.02469,0.02986
0.20914,0.13036,0.12470,0.13423,0.12362,0.07934,0.02860,0.07304,0.04689,0.05010
0.28786,0.10192,0.07701,0.08637,0.08905,0.14996,0.01916,0.14024,0.02443,0.02399
0.16994,0.17161,0.10923,0.14961,0.15137,0.08258,0.02757,0.07344,0.03299,0.03167
0.35980,0.09632,0.10281,0.11833,0.10923,0.06990,0.02062,0.06661,0.03164,0.02475
0.20425,0.12088,0.10325,0.12065,0.12339,0.07749,0.05716,0.07408,0.07115,0.04770
0.21567,0.10903,0.13004,0.13247,0.13957,0.09812,0.02336,0.09302,0.03053,0.02819
0.19231,0.14268,0.11925,0.13949,0.12352,0.07474,0.03703,0.07096,0.05141,0.04860
0.31878,0.10312,0.11493,0.12113,0.11117,0.07483,0.02573,0.06985,0.03055,0.02993
0.22428,0.13861,0.11672,0.14770,0.13754,0.05684,0.04065,0.05259,0.04746,0.03762
0.31019,0.10525,0.08620,0.11352,0.13067,0.08540,0.02339,0.07812,0.03230,0.03495
0.30680,0.11123,0.09538,0.11289,0.12201,0.10407,0.01660,0.08659,0.02444,0.02000
0.14187,0.10941,0.10704,0.15670,0.14529,0.09392,0.04512,0.08849,0.05589,0.05628
0.35807,0.12951,0.10292,0.11083,0.12470,0.05582,0.01593,0.04971,0.02276,0.02975
0.33285,0.11352,0.09151,0.09167,0.11583,0.07426,0.03122,0.07147,0.04040,0.03726
0.26931,0.10227,0.10102,0.10365,0.11107,0.12720,0.02061,0.11175,0.02667,0.02644
0.17375,0.14576,0.13499,0.16530,0.15739,0.06774,0.02441,0.06759,0.03015,0.03292
0.23026,0.13491,0.09911,0.12757,0.12522,0.11483,0.01890,0.10369,0.02322,0.02229
0.18234,0.16926,0.13560,0.15893,0.21267,0.05389,0.01213,0.04683,0.01384,0.01451
0.13564,0.12215,0.16214,0.16629,0.13556,0.09072,0.03434,0.08217,0.03945,0.03155
0.20102,0.11306,0.10609,0.11610,0.11625,0.12850,0.02852,0.11591,0.04146,0.03308
0.18541,0.15295,0.12742,0.16873,0.17064,0.04428,0.03803,0.04127,0.04005,0.03121
0.27606,0.09973,0.10647,0.10720,0.10234,0.09518,0.03270,0.08984,0.04100,0.04949
0.35326,0.08850,0.08104,0.11031,0.08975,0.11457,0.01531,0.10595,0.02147,0.01983
0.29589,0.10882,0.10389,0.10511,0.13231,0.06758,0.04178,0.06131,0.04985,0.03346
0.29535,0.13926,0.11479,0.13198,0.13225,0.04705,0.03021,0.04338,0.03381,0.03192
0.25159,0.14498,0.13250,0.14790,0.13820,0.05696,0.02176,0.04981,0.02756,0.02874
0.32899,0.11806,0.09339,0.11166,0.10120,0.08762,0.01971,0.08044,0.02610,0.03282
0.24605,0.14404,0.12624,0.14366,0.13650,0.05600,0.02791,0.05419,0.03250,0.03292
0.20526,0.12266,0.10365,0.12116,0.12297,0.10566,0.03357,0.10122,0.03705,0.04679
0.33931,0.11233,0.10462,0.11551,0.12989,0.07212,0.01563,0.06699,0.02297,0.02064
0.13150,0.12311,0.11623,0.12738,0.12590,0.11282,0.04875,0.10774,0.06023,0.04633
0.25435,0.17385,0.08269,0.13495,0.12713,0.08201,0.02283,0.07130,0.02830,0.02259
0.35589,0.11019,0.07205,0.09892,0.09915,0.10542,0.01631,0.09550,0.02102,0.02554
0.30181,0.11318,0.10392,0.12114,0.13714,0.06520,0.02903,0.05888,0.03315,0.03655
0.22676,0.13866,0.11935,0.13332,0.13433,0.08270,0.02668,0.07761,0.02764,0.03297
0.10846,0.14248,0.13128,0.14926,0.15129,0.11527,0.02714,0.10751,0.03456,0.03275
0.17710,0.12869,0.11322,0.09064,0.09781,0.13273,0.02631,0.11783,0.04577,0.06990
0.20477,0.13950,0.11654,0.09036,0.11003,0.11322,0.02774,0.10863,0.04404,0.04518
0.26314,0.10744,0.10203,0.11371,0.11055,0.11160,0.02469,0.10452,0.03261,0.02971
0.28348,0.09266,0.07513,0.09590,0.07650,0.13368,0.04006,0.11686,0.05165,0.03408
0.25359,0.14227,0.12513,0.14736,0.13653,0.05711,0.02466,0.05217,0.03214,0.02904
0.23386,0.09842,0.10224,0.10458,0.11461,0.13600,0.02355,0.12824,0.03010,0.02839
0.21199,0.13888,0.10245,0.12881,0.12777,0.07758,0.04609,0.07164,0.05012,0.04467
0.19667,0.15179,0.12885,0.13186,0.11182,0.08131,0.03641,0.07342,0.04888,0.03899
0.24517,0.13183,0.09970,0.11107,0.11417,0.09137,0.03417,0.08493,0.04962,0.03797
0.15385,0.13977,0.10987,0.12151,0.12566,0.12656,0.03010,0.12160,0.03667,0.03441
0.28412,0.07892,0.06760,0.08167,0.10996,0.15510,0.02143,0.14425,0.02964,0.02730
0.20799,0.12418,0.11518,0.14559,0.12879,0.07469,0.03952,0.07065,0.04706,0.04636
0.23170,0.11178,0.08764,0.12206,0.09637,0.12867,0.02690,0.11518,0.03998,0.03972
0.28433,0.13050,0.10520,0.10120,0.12459,0.09646,0.01756,0.08856,0.02580,0.02580
0.21468,0.10214,0.11102,0.11814,0.10689,0.14371,0.01956,0.13220,0.02660,0.02506
0.24058,0.14035,0.10661,0.15306,0.11572,0.08216,0.02319,0.07409,0.03158,0.03267
0.31122,0.09550,0.09595,0.10000,0.10501,0.10097,0.02865,0.08873,0.04068,0.03329
0.33728,0.09978,0.08010,0.10862,0.13011,0.09010,0.01966,0.08476,0.02664,0.02296
0.29304,0.10093,0.08662,0.08380,0.09709,0.15323,0.01213,0.13969,0.01581,0.01765
0.25519,0.13618,0.11504,0.12990,0.11650,0.07352,0.03065,0.06839,0.03857,0.03606
0.15913,0.09561,0.07816,0.08955,0.09084,0.21088,0.02126,0.19879,0.03022,0.02555
0.33362,0.14522,0.12818,0.11776,0.11536,0.04286,0.02056,0.03859,0.02900,0.02887
0.25475,0.14336,0.10523,0.12918,0.13247,0.05459,0.04165,0.05082,0.04578,0.04217
0.17269,0.12786,0.11176,0.10034,0.09450,0.14023,0.02898,0.13172,0.04071,0.05120
0.14854,0.12173,0.09166,0.10842,0.11252,0.15525,0.03431,0.14280,0.04261,0.04216
0.25281,0.14437,0.10456,0.13419,0.12207,0.07044,0.03190,0.06322,0.03964,0.03681
0.19527,0.10886,0.09361,0.13152,0.13352,0.11316,0.03628,0.10625,0.04710,0.03443
0.31544,0.11693,0.09776,0.10726,0.11885,0.08386,0.02319,0.07377,0.03291,0.03002
0.27781,0.12250,0.11426,0.12677,0.15301,0.04798,0.03416,0.04584,0.04074,0.03691
0.22880,0.10255,0.09309,0.12373,0.13554,0.11644,0.03459,0.10071,0.03570,0.02886
0.23432,0.13544,0.10454,0.17348,0.10917,0.08723,0.02413,0.08062,0.02712,0.02394
0.18547,0.16604,0.14323,0.16287,0.13808,0.05628,0.02519,0.05515,0.03431,0.03339
0.22087,0.13141,0.12389,0.12728,0.13112,0.07942,0.03816,0.07390,0.03940,0.03455
0.21491,0.11995,0.10564,0.11920,0.11491,0.13050,0.02076,0.12608,0.02501,0.02304
0.17150,0.10424,0.09258,0.10776,0.10370,0.17454,0.02421,0.15300,0.03237,0.03611
0.19911,0.14305,0.12384,0.14772,0.14722,0.05975,0.03499,0.05683,0.04706,0.04043
0.19923,0.11175,0.10718,0.12030,0.12466,0.12855,0.02224,0.12153,0.03377,0.03079
0.32716,0.10547,0.08859,0.09577,0.09837,0.09889,0.02597,0.09284,0.03380,0.03315
0.22869,0.12054,0.10703,0.12462,0.12871,0.09280,0.03082,0.08628,0.04511,0.03538
0.18662,0.12372,0.10403,0.09353,0.11790,0.09999,0.05710,0.09020,0.07355,0.05335
0.25419,0.10484,0.08304,0.09736,0.09464,0.13273,0.03478,0.12126,0.04013,0.03702
0.42408,0.08567,0.10773,0.10874,0.09809,0.05932,0.01755,0.05710,0.02168,0.02003
0.27760,0.12687,0.10667,0.14840,0.13867,0.06256,0.02380,0.05704,0.03150,0.02688
0.16615,0.08981,0.10050,0.10962,0.11002,0.15813,0.03344,0.14443,0.04755,0.04035
0.24035,0.08743,0.08330,0.09212,0.09141,0.14480,0.03293,0.13558,0.04318,0.04889
0.15333,0.10517,0.11276,0.09939,0.10772,0.07135,0.10212,0.06792,0.10419,0.07604
0.23509,0.10296,0.10042,0.11672,0.10040,0.09701,0.05006,0.09189,0.06102,0.04443
0.22737,0.19118,0.10839,0.17022,0.14252,0.05028,0.01946,0.04528,0.02054,0.02476
0.28007,0.11587,0.08798,0.11158,0.10732,0.10652,0.03127,0.09411,0.03620,0.02908
0.30030,0.12610,0.10563,0.12409,0.12621,0.05758,0.02562,0.05569,0.03639,0.04239
0.18677,0.11998,0.11680,0.11361,0.11869,0.09217,0.03702,0.08592,0.06491,0.06413
0.25144,0.12384,0.11736,0.12774,0.12762,0.07932,0.03047,0.07310,0.03447,0.03464
0.17746,0.14481,0.14379,0.15405,0.14738,0.06819,0.02434,0.06194,0.03619,0.04183
0.25391,0.08323,0.06570,0.08085,0.07021,0.18734,0.02183,0.17945,0.02838,0.02909
0.16084,0.19119,0.08182,0.10437,0.13110,0.06305,0.04014,0.05949,0.05476,0.11323
0.41394,0.08405,0.07811,0.08955,0.09137,0.09747,0.01645,0.08316,0.02238,0.02353
0.30819,0.10650,0.08831,0.10490,0.10216,0.10704,0.02190,0.09802,0.03138,0.03160
0.19801,0.10320,0.11583,0.12061,0.11845,0.10681,0.04332,0.09686,0.05115,0.04577
0.14894,0.16590,0.14408,0.12482,0.10064,0.09818,0.03136,0.09033,0.04469,0.05106
0.23922,0.08889,0.10786,0.22101,0.11645,0.08335,0.02221,0.07778,0.02359,0.01962
0.26018,0.14038,0.13727,0.15431,0.14407,0.04414,0.02392,0.04128,0.02790,0.02656
0.20431,0.16253,0.12188,0.14945,0.15343,0.07708,0.01769,0.06629,0.02179,0.02555
0.17366,0.11288,0.13962,0.12559,0.13000,0.11222,0.03044,0.10354,0.03280,0.03925
0.48538,0.11468,0.07185,0.10070,0.08425,0.04890,0.01363,0.04341,0.01803,0.01916
0.18656,0.09755,0.08627,0.09695,0.12296,0.16919,0.02010,0.15426,0.03295,0.03320
0.26703,0.11686,0.09864,0.12507,0.11406,0.06907,0.04966,0.05949,0.05563,0.04449
0.13833,0.17307,0.13920,0.12172,0.15665,0.07560,0.03106,0.07175,0.03814,0.05447
0.29607,0.13267,0.10800,0.11127,0.11329,0.06556,0.03118,0.05957,0.04260,0.03979
0.20119,0.10943,0.11456,0.10607,0.12618,0.13624,0.02095,0.12511,0.02467,0.03561
0.14379,0.14106,0.14194,0.13068,0.13083,0.07087,0.03692,0.06913,0.05565,0.07914
0.18862,0.10489,0.08909,0.10342,0.10180,0.17488,0.02369,0.15760,0.02990,0.02611
0.15860,0.15445,0.15007,0.15411,0.16257,0.07372,0.02183,0.06608,0.02905,0.02952
0.24262,0.11982,0.10568,0.12471,0.12903,0.09322,0.02672,0.08650,0.03688,0.03481
0.18448,0.11241,0.09172,0.11056,0.12782,0.13671,0.04007,0.12955,0.03243,0.03424
0.31262,0.10171,0.08689,0.08801,0.08707,0.13623,0.01566,0.13019,0.01986,0.02176
0.30102,0.09222,0.07898,0.08154,0.08441,0.14851,0.02086,0.14196,0.02626,0.02425
0.31839,0.13299,0.09398,0.12299,0.12075,0.05986,0.02611,0.05361,0.03524,0.03607
0.12157,0.10437,0.08627,0.10505,0.10000,0.21465,0.02043,0.19658,0.02692,0.02416
0.20648,0.11643,0.09722,0.12050,0.11190,0.14095,0.02364,0.12566,0.02896,0.02825
0.27451,0.08666,0.07674,0.08303,0.07105,0.17697,0.01815,0.16603,0.02224,0.02463
0.25169,0.09932,0.08083,0.09742,0.09191,0.14712,0.02952,0.13305,0.03847,0.03067
0.33141,0.12079,0.09169,0.07907,0.08913,0.09254,0.03399,0.08463,0.03963,0.03712
0.40992,0.08311,0.07293,0.08357,0.08363,0.09603,0.02457,0.09020,0.02888,0.02715
0.34550,0.10777,0.11389,0.12631,0.11258,0.05180,0.02891,0.05143,0.03381,0.02801
0.22167,0.11618,0.09603,0.12086,0.13128,0.12011,0.02217,0.11517,0.02559,0.03093
0.22201,0.08765,0.08579,0.09101,0.09610,0.13532,0.05333,0.12339,0.06203,0.04336
0.17002,0.11439,0.08884,0.09996,0.12048,0.16550,0.02192,0.15727,0.03324,0.02838
0.15942,0.15406,0.07686,0.10864,0.11205,0.11453,0.03488,0.10976,0.05609,0.07372
0.19066,0.11966,0.10233,0.11100,0.09937,0.16372,0.01885,0.14884,0.02397,0.02159
0.11189,0.13193,0.11479,0.12412,0.12771,0.08128,0.06708,0.07184,0.08825,0.08113
0.20726,0.13373,0.10810,0.11885,0.11957,0.09363,0.03729,0.08879,0.04412,0.04865
0.38407,0.12024,0.08276,0.10362,0.09185,0.06562,0.02482,0.06082,0.03093,0.03526
0.24139,0.08521,0.09526,0.09840,0.09793,0.13373,0.04078,0.12329,0.04300,0.04100
0.37676,0.10662,0.09412,0.10790,0.10860,0.08141,0.01388,0.06908,0.01843,0.02319
0.16770,0.11849,0.11698,0.12392,0.13629,0.12311,0.02809,0.11610,0.03577,0.03355
0.23340,0.13531,0.13454,0.15175,0.14374,0.05399,0.02224,0.05149,0.03592,0.03761
0.15899,0.14696,0.13437,0.13729,0.14242,0.05971,0.04887,0.05422,0.06044,0.05673
0.19408,0.11656,0.10193,0.12305,0.11983,0.13085,0.02577,0.12162,0.03310,0.03320
0.26860,0.10687,0.09257,0.10359,0.09286,0.13014,0.02379,0.11537,0.03526,0.03097
0.09450,0.10856,0.09825,0.11482,0.10789,0.19370,0.03193,0.18069,0.03416,0.03549
0.35002,0.12411,0.09493,0.11635,0.09754,0.08220,0.01645,0.07508,0.02095,0.02236
0.28344,0.12933,0.10457,0.12616,0.12482,0.05403,0.04411,0.04906,0.04507,0.03942
0.21306,0.12768,0.14496,0.14463,0.12330,0.08227,0.02800,0.07348,0.02960,0.03301
0.30417,0.12750,0.08922,0.10933,0.12767,0.08935,0.02145,0.07593,0.02698,0.02838
0.19059,0.13959,0.09752,0.13668,0.13719,0.09261,0.04010,0.08246,0.04680,0.03646
0.25949,0.11748,0.10511,0.11828,0.09797,0.07821,0.04839,0.07243,0.05521,0.04742
0.45135,0.08470,0.07860,0.09106,0.09025,0.04643,0.03030,0.04194,0.03892,0.04643
0.30982,0.12790,0.12273,0.11620,0.14505,0.05864,0.01850,0.05373,0.02304,0.02439
0.15073,0.12005,0.10297,0.11523,0.11949,0.11110,0.05223,0.10220,0.07289,0.05311
0.18842,0.11590,0.11357,0.11730,0.11667,0.10024,0.04218,0.09404,0.04934,0.06233
0.19982,0.10775,0.15761,0.13308,0.12629,0.09038,0.03384,0.08451,0.03339,0.03333
0.17973,0.16244,0.13878,0.11536,0.10239,0.10344,0.03453,0.09567,0.03579,0.03186
0.17846,0.14651,0.10893,0.14001,0.11787,0.09643,0.03229,0.08692,0.04661,0.04597
0.28202,0.09294,0.08034,0.09076,0.09715,0.15958,0.01468,0.14752,0.01852,0.01648
0.16248,0.15674,0.13657,0.14693,0.13804,0.07390,0.03425,0.06990,0.03818,0.04301
0.30338,0.07435,0.07440,0.07942,0.07960,0.13765,0.03431,0.13419,0.04571,0.03699
0.24794,0.10661,0.10355,0.11113,0.09616,0.11759,0.02674,0.10739,0.03775,0.04514
0.25040,0.14296,0.12038,0.15841,0.15099,0.06373,0.01710,0.05385,0.02154,0.02064
0.26861,0.08668,0.07788,0.09458,0.09677,0.16775,0.01387,0.15688,0.01914,0.01785
0.33064,0.11586,0.09705,0.11044,0.11450,0.07415,0.02826,0.06425,0.03512,0.02974
0.27365,0.11202,0.11022,0.11680,0.11162,0.08719,0.03093,0.07908,0.03601,0.04249
0.26552,0.10819,0.09777,0.11013,0.10827,0.11377,0.02549,0.10801,0.03087,0.03198
0.24004,0.12577,0.12337,0.14367,0.14348,0.05709,0.02972,0.05225,0.04379,0.04082
0.29427,0.14443,0.10791,0.13080,0.12233,0.04536,0.03081,0.04384,0.03862,0.04164
0.22681,0.09701,0.09814,0.11056,0.08249,0.13911,0.03287,0.12463,0.04842,0.03996
0.24999,0.10453,0.09523,0.11180,0.10969,0.12704,0.02344,0.11874,0.03232,0.02721
0.31878,0.09084,0.06595,0.08826,0.06396,0.14067,0.02506,0.12687,0.03869,0.04091
0.26599,0.17225,0.06121,0.11245,0.11030,0.10453,0.02002,0.09317,0.02958,0.03052
0.40066,0.09605,0.06297,0.09536,0.07804,0.10240,0.02057,0.09162,0.03011,0.02223
0.19500,0.23235,0.20045,0.13059,0.09711,0.04836,0.01495,0.04327,0.02014,0.01777
0.15552,0.10663,0.09791,0.11817,0.11481,0.17055,0.02457,0.15744,0.02836,0.02605
0.21300,0.08708,0.07820,0.08504,0.07661,0.11003,0.07661,0.10439,0.09945,0.06959
0.30533,0.08854,0.07425,0.07880,0.07601,0.15913,0.01904,0.14756,0.02458,0.02676
0.26013,0.14844,0.12115,0.13783,0.13260,0.07913,0.01544,0.06983,0.01782,0.01763
0.19860,0.12453,0.09489,0.11348,0.11214,0.13674,0.03275,0.11889,0.03600,0.03198
0.31865,0.11263,0.10388,0.12237,0.08966,0.07880,0.02948,0.06880,0.03933,0.03639
0.34444,0.11198,0.10780,0.12089,0.12361,0.05422,0.02079,0.05111,0.03066,0.03450
0.09701,0.11369,0.12214,0.11568,0.09501,0.18645,0.02687,0.16787,0.03502,0.04026
0.28231,0.09350,0.08632,0.09044,0.09706,0.15144,0.01554,0.14059,0.02125,0.02155
0.28934,0.09585,0.08946,0.11854,0.10366,0.11419,0.02452,0.10559,0.02982,0.02902
0.16967,0.10246,0.11423,0.17315,0.17488,0.08777,0.02545,0.08405,0.03338,0.03496
0.47494,0.10282,0.08560,0.10302,0.08461,0.04560,0.01718,0.04152,0.02039,0.02432
0.23456,0.11368,0.11162,0.11688,0.11451,0.11872,0.02129,0.11047,0.02791,0.03036
0.15972,0.10127,0.08868,0.10560,0.09180,0.16682,0.04087,0.15792,0.04933,0.03799
0.37087,0.12340,0.11009,0.12650,0.13261,0.04392,0.01813,0.03799,0.01989,0.01660
0.22958,0.11916,0.10629,0.11121,0.11387,0.10430,0.03914,0.09735,0.04232,0.03678
0.27154,0.09987,0.09452,0.10601,0.10601,0.11934,0.02652,0.11110,0.03453,0.03055
0.25688,0.13743,0.10591,0.12429,0.11112,0.04905,0.04223,0.04444,0.05269,0.07595
0.34856,0.11978,0.10965,0.11522,0.12151,0.05444,0.02123,0.04963,0.02902,0.03096
0.25357,0.11640,0.11903,0.12768,0.11536,0.09086,0.02245,0.08621,0.03400,0.03444
0.23741,0.10774,0.09473,0.12643,0.10717,0.11934,0.02566,0.11302,0.03297,0.03553
0.38897,0.10052,0.08125,0.09620,0.09804,0.08442,0.02078,0.07555,0.02844,0.02583
0.15015,0.12145,0.11577,0.12248,0.12414,0.11079,0.05428,0.10735,0.05226,0.04133
0.16772,0.13827,0.11526,0.10397,0.11791,0.12065,0.03232,0.10880,0.04577,0.04933
0.17989,0.08650,0.08652,0.09385,0.09038,0.12961,0.06312,0.11905,0.08947,0.06161
0.33276,0.13227,0.10719,0.11135,0.13043,0.05419,0.02127,0.05210,0.02985,0.02857
0.24974,0.13062,0.10306,0.11117,0.13339,0.10366,0.02152,0.09593,0.02600,0.02490
0.15619,0.13073,0.12151,0.14351,0.14331,0.10015,0.03186,0.09172,0.03772,0.04331
0.28291,0.10121,0.09448,0.09503,0.11129,0.11811,0.02662,0.10668,0.03432,0.02934
0.17242,0.14263,0.12647,0.14241,0.20017,0.06936,0.02483,0.06417,0.03053,0.02701
0.24234,0.13689,0.10311,0.11180,0.12443,0.09497,0.02531,0.08653,0.03568,0.03895
0.16928,0.16832,0.14328,0.12912,0.10887,0.07908,0.04469,0.07324,0.04435,0.03977
0.21980,0.12885,0.11460,0.12761,0.12261,0.09630,0.02942,0.08788,0.03526,0.03766
0.25994,0.12305,0.10203,0.10482,0.12640,0.07214,0.02701,0.06826,0.04756,0.06878
0.33935,0.05422,0.04453,0.05623,0.04949,0.20378,0.01786,0.18803,0.02508,0.02141
0.21143,0.15052,0.13163,0.15467,0.15092,0.05986,0.02704,0.05277,0.02993,0.03122
0.24559,0.11962,0.10349,0.14085,0.15260,0.09318,0.01680,0.08538,0.02071,0.02179
0.32086,0.10350,0.08537,0.10058,0.10012,0.10719,0.02553,0.09553,0.03113,0.03020
0.22180,0.12274,0.11157,0.13553,0.14209,0.09014,0.02439,0.08633,0.03340,0.03200
0.25922,0.11761,0.09687,0.11454,0.10781,0.10512,0.02861,0.09709,0.03739,0.03575
0.26515,0.12224,0.10249,0.11857,0.12342,0.09926,0.02209,0.09365,0.02825,0.02488
0.32990,0.10389,0.09089,0.10422,0.09680,0.08511,0.02544,0.08163,0.03745,0.04468
0.18372,0.12557,0.09615,0.11725,0.11687,0.08461,0.05770,0.08296,0.07580,0.05936
0.27127,0.13769,0.10508,0.14376,0.11281,0.06607,0.02826,0.06140,0.03401,0.03966
0.39326,0.09585,0.07747,0.07738,0.08142,0.10793,0.01831,0.10111,0.02295,0.02432
0.22634,0.19671,0.11645,0.15303,0.17458,0.03760,0.01736,0.03680,0.02065,0.02048
0.15095,0.16904,0.13335,0.15716,0.17604,0.07021,0.02113,0.06353,0.03195,0.02666
0.17543,0.13048,0.10701,0.14500,0.13873,0.11624,0.02842,0.10579,0.02889,0.02402
0.16826,0.11166,0.09604,0.11430,0.09960,0.14203,0.03464,0.13345,0.04981,0.05020
0.24462,0.11106,0.09183,0.11559,0.10600,0.11760,0.02354,0.10762,0.03799,0.04415
0.31576,0.12605,0.09942,0.12148,0.12030,0.06636,0.02347,0.05969,0.02772,0.03977
0.21318,0.10352,0.09127,0.10038,0.09832,0.16642,0.01999,0.15167,0.02911,0.02614
0.23949,0.10150,0.09173,0.09750,0.11296,0.13237,0.02644,0.11914,0.03459,0.04428
0.25356,0.12983,0.11136,0.11763,0.12093,0.07354,0.04218,0.06779,0.04802,0.03516
0.27612,0.09445,0.09622,0.09923,0.09823,0.13712,0.01958,0.12454,0.02938,0.02513
