0.18024,0.01497,0.01329,0.00422,0.00640,0.00484,0.18284,0.00446,0.00474,0.00724,0.00277,0.00901,0.00426,0.10367,0.41377,0.00147,0.00310,0.02445,0.00894,0.00533
0.00331,0.55109,0.00223,0.00290,0.00159,0.00286,0.00174,0.41252,0.00188,0.00141,0.00176,0.00129,0.00363,0.00200,0.00208,0.00101,0.00169,0.00211,0.00142,0.00146
0.00908,0.00422,0.52833,0.00678,0.00266,0.00841,0.00142,0.00752,0.09048,0.00399,0.00992,0.09518,0.01398,0.00985,0.13491,0.00170,0.00906,0.00815,0.00271,0.05166
0.02555,0.06772,0.09256,0.03964,0.00748,0.12084,0.03307,0.03796,0.05949,0.10485,0.00616,0.07908,0.09432,0.05089,0.14793,0.00244,0.00792,0.00473,0.00630,0.01107
0.27623,0.07528,0.00949,0.03300,0.00432,0.01800,0.00541,0.00955,0.00979,0.02872,0.02312,0.03079,0.00408,0.24492,0.14912,0.00339,0.00668,0.05423,0.00395,0.00993
0.02316,0.59838,0.08104,0.01465,0.02269,0.01261,0.00862,0.00822,0.00464,0.04953,0.00808,0.02850,0.03328,0.00723,0.01835,0.01034,0.02472,0.00531,0.00381,0.03683
0.05524,0.01219,0.29932,0.00373,0.03074,0.13299,0.00534,0.01926,0.00655,0.28210,0.00747,0.01939,0.01434,0.00234,0.00293,0.00501,0.00359,0.04467,0.04377,0.00903
0.01309,0.02339,0.01237,0.00991,0.01800,0.01444,0.05053,0.02495,0.00921,0.00772,0.01650,0.30760,0.02653,0.02101,0.33297,0.00314,0.05763,0.02543,0.01673,0.00885
0.00442,0.30092,0.00841,0.00232,0.00181,0.00412,0.00356,0.00390,0.00592,0.00602,0.11402,0.00650,0.00717,0.00275,0.01395,0.00376,0.00166,0.50153,0.00507,0.00220
0.01005,0.48050,0.00415,0.00441,0.00212,0.00575,0.00354,0.37809,0.00761,0.00327,0.00420,0.00593,0.00797,0.00711,0.05890,0.00129,0.00257,0.00643,0.00220,0.00394
0.01708,0.00935,0.03019,0.00874,0.02307,0.01656,0.00648,0.00969,0.03058,0.00594,0.01749,0.00698,0.02058,0.00658,0.08508,0.05086,0.00328,0.61078,0.03736,0.00334
0.09933,0.01019,0.01391,0.00921,0.02918,0.00635,0.01873,0.00589,0.03071,0.00900,0.07373,0.00970,0.01387,0.07063,0.02414,0.01426,0.00548,0.39009,0.07388,0.09171
0.00207,0.78598,0.09008,0.00089,0.00189,0.00198,0.00194,0.00310,0.00122,0.00295,0.07404,0.00450,0.00301,0.00592,0.00567,0.00074,0.00937,0.00167,0.00174,0.00121
0.01058,0.01013,0.01736,0.01570,0.00891,0.01520,0.00970,0.00821,0.02234,0.00855,0.13337,0.01078,0.02307,0.00865,0.24006,0.00829,0.00400,0.42963,0.01313,0.00236
0.18043,0.11934,0.04449,0.26399,0.00682,0.18180,0.02821,0.00862,0.01306,0.00574,0.01167,0.03320,0.02381,0.01188,0.00579,0.00240,0.02974,0.00501,0.00673,0.01729
0.01317,0.00606,0.35999,0.01512,0.00440,0.01146,0.00264,0.01574,0.19758,0.00381,0.00402,0.00928,0.00394,0.04826,0.14280,0.00289,0.00693,0.00538,0.00345,0.14310
0.00489,0.00180,0.00638,0.00128,0.00267,0.69328,0.00151,0.24719,0.00202,0.00495,0.00331,0.00284,0.00223,0.00244,0.01501,0.00111,0.00089,0.00369,0.00149,0.00101
0.00584,0.03136,0.01030,0.00346,0.00212,0.30923,0.00251,0.41441,0.00300,0.00450,0.00808,0.00621,0.00557,0.00309,0.11998,0.00201,0.00188,0.01111,0.05406,0.00127
0.00210,0.63600,0.00185,0.00292,0.00110,0.00237,0.00234,0.33370,0.00147,0.00197,0.00183,0.00182,0.00109,0.00103,0.00205,0.00097,0.00137,0.00134,0.00102,0.00168
0.01096,0.00868,0.05297,0.01348,0.01077,0.51162,0.00670,0.01182,0.00492,0.13360,0.00603,0.06153,0.01635,0.00606,0.00803,0.00601,0.05661,0.03528,0.02082,0.01776
0.00472,0.00206,0.00244,0.29611,0.00338,0.00439,0.45517,0.00368,0.00291,0.00322,0.02122,0.00205,0.00169,0.00168,0.00205,0.00197,0.00128,0.14097,0.04651,0.00250
0.07220,0.04922,0.00927,0.00575,0.00802,0.00817,0.01022,0.03382,0.01746,0.00641,0.02913,0.00842,0.02314,0.00729,0.05290,0.00344,0.00551,0.53929,0.09663,0.01372
0.01773,0.02905,0.01971,0.00728,0.03993,0.04069,0.00488,0.03244,0.11768,0.01295,0.01052,0.02820,0.01697,0.38453,0.07806,0.00086,0.00461,0.00779,0.05898,0.08711
0.01359,0.09784,0.01893,0.02575,0.13402,0.08706,0.01853,0.03023,0.05345,0.01193,0.11204,0.14215,0.05545,0.05553,0.11306,0.00483,0.01400,0.00321,0.00407,0.00432
0.02861,0.03191,0.01544,0.06378,0.03151,0.15665,0.01080,0.01386,0.06379,0.01566,0.09154,0.01049,0.01726,0.04232,0.06938,0.25866,0.00667,0.04995,0.00808,0.01365
0.00537,0.00284,0.61589,0.00434,0.00541,0.32257,0.00076,0.00225,0.00210,0.00667,0.00466,0.00742,0.00396,0.00358,0.00281,0.00161,0.00187,0.00105,0.00201,0.00285
0.02918,0.05077,0.01742,0.01399,0.00950,0.02046,0.00388,0.02364,0.02956,0.26054,0.00319,0.05719,0.00921,0.05123,0.04022,0.01091,0.02993,0.32863,0.00322,0.00733
0.00985,0.00896,0.00888,0.00646,0.00788,0.01018,0.01070,0.00735,0.01069,0.01128,0.09717,0.00669,0.04680,0.00851,0.03297,0.00415,0.00429,0.57510,0.11328,0.01881
0.04781,0.01563,0.00948,0.11720,0.00655,0.01639,0.02960,0.00574,0.04026,0.05919,0.00353,0.01211,0.01706,0.00655,0.30940,0.26146,0.00932,0.00787,0.00365,0.02119
0.00236,0.59183,0.00375,0.00341,0.00258,0.00418,0.00221,0.35921,0.00205,0.00221,0.00383,0.00209,0.00256,0.00184,0.00350,0.00127,0.00162,0.00420,0.00216,0.00316
0.00930,0.01212,0.01935,0.01060,0.02571,0.02310,0.01695,0.01405,0.03109,0.00956,0.16766,0.02161,0.00700,0.01403,0.03469,0.19330,0.00728,0.36673,0.00244,0.01342
0.04192,0.01216,0.00860,0.01542,0.00423,0.03736,0.19091,0.00683,0.02021,0.23311,0.01016,0.14124,0.00595,0.01293,0.01343,0.00592,0.21910,0.00916,0.00451,0.00686
0.06490,0.01108,0.00454,0.06509,0.01028,0.06120,0.04657,0.00713,0.02270,0.01826,0.01727,0.01557,0.01462,0.29672,0.00245,0.00192,0.01445,0.00487,0.17433,0.14606
0.03852,0.01846,0.01071,0.01225,0.01203,0.09363,0.01422,0.00979,0.03056,0.01832,0.00749,0.01855,0.00773,0.29772,0.00522,0.00340,0.00329,0.00316,0.14920,0.24575
0.01370,0.00947,0.00837,0.00995,0.00786,0.16868,0.01722,0.40308,0.17340,0.02095,0.01200,0.00825,0.05691,0.00297,0.01159,0.00541,0.05547,0.00780,0.00267,0.00425
0.04858,0.00513,0.01073,0.01526,0.00624,0.04100,0.01284,0.19563,0.00720,0.01094,0.03164,0.06907,0.00825,0.22836,0.21327,0.00173,0.00513,0.00748,0.04311,0.03843
0.01191,0.03576,0.01234,0.00573,0.08066,0.03538,0.00723,0.01755,0.01656,0.01610,0.03873,0.02730,0.05280,0.07096,0.00482,0.00608,0.01198,0.31857,0.12827,0.10126
0.04684,0.05721,0.01658,0.04510,0.00959,0.23455,0.01272,0.04112,0.01354,0.01943,0.01176,0.01496,0.01242,0.01700,0.02091,0.00239,0.01770,0.26294,0.11740,0.02585
0.07141,0.01307,0.03284,0.01069,0.01952,0.02253,0.03060,0.00754,0.03539,0.04470,0.16877,0.00709,0.04023,0.00520,0.05747,0.00996,0.01233,0.39493,0.00341,0.01232
0.00652,0.57179,0.00651,0.00668,0.00551,0.00937,0.00535,0.00420,0.03345,0.01223,0.01062,0.02078,0.02167,0.04138,0.01007,0.21072,0.00722,0.00461,0.00640,0.00493
0.19406,0.00324,0.00269,0.00850,0.39642,0.00553,0.00588,0.00879,0.00363,0.01292,0.00642,0.00679,0.05308,0.00239,0.00573,0.27225,0.00256,0.00276,0.00432,0.00202
0.03936,0.32401,0.06843,0.01420,0.01060,0.06222,0.02674,0.15928,0.02438,0.19629,0.01200,0.01123,0.00628,0.00702,0.00882,0.00929,0.00795,0.00606,0.00302,0.00281
0.04500,0.11656,0.00589,0.37575,0.00384,0.00833,0.00884,0.10511,0.01641,0.00845,0.13915,0.00537,0.09143,0.00632,0.00749,0.00199,0.00550,0.01142,0.00496,0.03220
0.47750,0.01625,0.02129,0.00434,0.00477,0.00784,0.00471,0.00874,0.42051,0.00242,0.00703,0.00261,0.00259,0.00240,0.00413,0.00231,0.00145,0.00426,0.00151,0.00336
0.01556,0.00469,0.00611,0.00449,0.00602,0.00777,0.00660,0.00226,0.00444,0.00324,0.01120,0.00310,0.01375,0.00449,0.01571,0.00268,0.00268,0.77050,0.11166,0.00307
0.02988,0.25267,0.01136,0.08105,0.12873,0.19226,0.00553,0.02714,0.03448,0.01241,0.01376,0.02358,0.01038,0.00444,0.00657,0.00552,0.00930,0.11280,0.03208,0.00607
0.00383,0.00386,0.00432,0.00273,0.00230,0.00495,0.00228,0.00287,0.00669,0.00427,0.01653,0.37899,0.00131,0.00235,0.00794,0.00324,0.54526,0.00335,0.00095,0.00198
0.05803,0.00576,0.01064,0.01250,0.00511,0.27880,0.00666,0.00615,0.00597,0.33516,0.02037,0.01334,0.01405,0.00243,0.12688,0.01650,0.05314,0.02131,0.00228,0.00492
0.00406,0.00559,0.04141,0.00935,0.01194,0.25343,0.00262,0.00836,0.00258,0.61127,0.01224,0.00480,0.00824,0.00390,0.00404,0.00195,0.00285,0.00420,0.00246,0.00471
0.05032,0.01933,0.02899,0.01539,0.00664,0.78962,0.01320,0.00273,0.00408,0.02792,0.00760,0.00408,0.00456,0.00245,0.00300,0.00410,0.00247,0.00798,0.00178,0.00375
0.00126,0.00143,0.00157,0.00112,0.22052,0.00137,0.00089,0.00099,0.68486,0.00172,0.00233,0.00144,0.00191,0.00193,0.00294,0.00057,0.00109,0.05865,0.01113,0.00227
0.73433,0.03749,0.01621,0.03638,0.00949,0.01013,0.00522,0.01091,0.00821,0.00410,0.00496,0.00801,0.07719,0.00833,0.00271,0.00618,0.00868,0.00437,0.00337,0.00374
0.04034,0.01790,0.02581,0.01020,0.01937,0.01602,0.01034,0.01871,0.01798,0.01591,0.00913,0.01366,0.00983,0.00862,0.01565,0.47764,0.00513,0.23829,0.02519,0.00429
0.01158,0.02627,0.02883,0.00542,0.02927,0.03127,0.01443,0.15456,0.01524,0.10115,0.01714,0.00533,0.00792,0.01014,0.04077,0.11620,0.00925,0.32523,0.00978,0.04024
0.00280,0.00178,0.00285,0.00184,0.00166,0.00371,0.00094,0.64062,0.00270,0.00272,0.00761,0.00250,0.31836,0.00159,0.00162,0.00109,0.00207,0.00075,0.00081,0.00199
0.06942,0.08830,0.00665,0.01509,0.01355,0.02558,0.00664,0.01377,0.03436,0.00662,0.00919,0.01972,0.00591,0.39092,0.02746,0.00132,0.00685,0.04860,0.05745,0.15262
0.02428,0.00707,0.02597,0.00410,0.06652,0.10881,0.09513,0.03146,0.00561,0.00941,0.00591,0.00870,0.18015,0.00321,0.08366,0.00381,0.08918,0.23749,0.00347,0.00607
0.02330,0.26598,0.21066,0.01007,0.01004,0.03667,0.03341,0.10501,0.00652,0.07677,0.01195,0.01988,0.03147,0.00409,0.00323,0.02923,0.03093,0.01330,0.02048,0.05701
0.02481,0.03699,0.01831,0.00833,0.00782,0.04221,0.03821,0.02113,0.02008,0.01195,0.01999,0.11390,0.00392,0.01945,0.44670,0.00183,0.00502,0.13904,0.00515,0.01517
0.01417,0.00804,0.02030,0.00467,0.00437,0.01596,0.00644,0.00643,0.03033,0.00816,0.09334,0.04028,0.07652,0.07675,0.01074,0.00269,0.00218,0.50640,0.06288,0.00933
0.00542,0.01756,0.00734,0.00354,0.00341,0.00334,0.00507,0.00291,0.00655,0.00503,0.01686,0.00199,0.00660,0.00303,0.05760,0.00223,0.00130,0.80226,0.04444,0.00354
0.01230,0.01873,0.01509,0.04558,0.00315,0.05789,0.00283,0.00612,0.00811,0.00874,0.00174,0.00671,0.00685,0.24851,0.49148,0.00098,0.00178,0.04522,0.00900,0.00919
0.02928,0.00859,0.18331,0.00523,0.01075,0.02496,0.00744,0.01239,0.00971,0.01032,0.34149,0.01357,0.01457,0.00444,0.17328,0.00222,0.00817,0.01714,0.00457,0.11855
0.00120,0.26091,0.00310,0.00208,0.00111,0.00190,0.00128,0.66023,0.00132,0.00211,0.04465,0.00240,0.00240,0.00276,0.00292,0.00163,0.00159,0.00208,0.00161,0.00271
0.01550,0.00786,0.01908,0.01514,0.00399,0.02199,0.00292,0.00583,0.00462,0.00374,0.00271,0.00921,0.00450,0.22009,0.47630,0.00126,0.00266,0.16904,0.00424,0.00932
0.02082,0.18613,0.00952,0.00467,0.01036,0.01406,0.00784,0.02660,0.00780,0.00745,0.00647,0.03441,0.00882,0.01105,0.00787,0.54268,0.02668,0.02559,0.02969,0.01148
0.02160,0.02972,0.01100,0.01098,0.01262,0.15092,0.00994,0.01118,0.27598,0.01472,0.05280,0.01371,0.01666,0.12880,0.01572,0.00395,0.00589,0.00424,0.16808,0.04148
0.00394,0.23405,0.03676,0.29955,0.06742,0.02533,0.00261,0.01390,0.00859,0.02932,0.06866,0.00323,0.00723,0.00284,0.01492,0.00124,0.00275,0.15669,0.00291,0.01809
0.03849,0.00427,0.20699,0.00560,0.00480,0.01914,0.01229,0.01247,0.02063,0.00580,0.03021,0.21062,0.02033,0.00360,0.00604,0.02957,0.02658,0.33538,0.00312,0.00407
0.01563,0.02739,0.12668,0.00712,0.06198,0.39474,0.02326,0.03487,0.01511,0.01847,0.07256,0.00890,0.01496,0.03020,0.01176,0.00586,0.00458,0.00861,0.11010,0.00723
0.00822,0.00332,0.77100,0.00566,0.00120,0.01540,0.00267,0.01466,0.02528,0.00705,0.02004,0.00480,0.00791,0.00209,0.00531,0.00169,0.00502,0.08543,0.00415,0.00910
0.11857,0.00797,0.02082,0.00688,0.00291,0.08697,0.00254,0.00414,0.00362,0.00244,0.00198,0.22439,0.00295,0.09249,0.40549,0.00153,0.00257,0.00617,0.00276,0.00278
0.58407,0.01024,0.01491,0.00368,0.00348,0.00721,0.00232,0.00328,0.29810,0.00200,0.00627,0.00299,0.02373,0.00323,0.00331,0.01338,0.00100,0.01165,0.00273,0.00243
0.00828,0.00619,0.01373,0.00838,0.00361,0.02879,0.00288,0.01046,0.05015,0.00653,0.09342,0.00307,0.00921,0.00779,0.10194,0.00258,0.00602,0.61706,0.00620,0.01371
0.17239,0.07097,0.06886,0.04240,0.01522,0.00932,0.20503,0.04508,0.07269,0.02217,0.00631,0.05140,0.01227,0.04158,0.07832,0.00349,0.01507,0.01242,0.00344,0.05156
0.03117,0.01852,0.00766,0.03246,0.01070,0.10693,0.01917,0.01323,0.00675,0.00745,0.00289,0.01797,0.03090,0.00866,0.23126,0.00297,0.00405,0.43160,0.00434,0.01133
0.00643,0.10558,0.64140,0.01018,0.01234,0.00810,0.01097,0.01425,0.00317,0.02663,0.00681,0.00552,0.00971,0.07323,0.01310,0.00387,0.01037,0.01069,0.01365,0.01399
0.04146,0.03520,0.05976,0.01473,0.01205,0.09660,0.00571,0.01986,0.11529,0.12642,0.09764,0.00699,0.01731,0.00534,0.13902,0.01268,0.00616,0.16407,0.00740,0.01632
0.01598,0.03449,0.01031,0.01707,0.03342,0.05173,0.02338,0.10965,0.01321,0.00838,0.01237,0.03509,0.01400,0.00789,0.00585,0.53478,0.00719,0.01919,0.00915,0.03687
0.02205,0.01940,0.12927,0.00435,0.02198,0.00751,0.01312,0.00936,0.03099,0.00491,0.02107,0.20458,0.00653,0.00469,0.06710,0.00850,0.05921,0.35476,0.00782,0.00281
0.00400,0.00286,0.00332,0.00268,0.00214,0.00332,0.00150,0.00218,0.00209,0.00140,0.01792,0.00214,0.00311,0.00225,0.01242,0.00428,0.00094,0.87914,0.05088,0.00144
0.01193,0.04274,0.03435,0.01206,0.03011,0.03125,0.09712,0.01024,0.00951,0.02027,0.02211,0.05743,0.01781,0.32843,0.00179,0.00614,0.00606,0.00129,0.24296,0.01641
0.02353,0.00734,0.22938,0.02291,0.00517,0.28508,0.01063,0.00702,0.01911,0.00520,0.01017,0.02032,0.01629,0.01245,0.27825,0.00246,0.01051,0.01752,0.00411,0.01253
0.06397,0.40792,0.00671,0.01258,0.07251,0.02604,0.01804,0.17345,0.01190,0.01493,0.00843,0.02771,0.03043,0.00444,0.00660,0.06574,0.02467,0.00419,0.00852,0.01122
0.18854,0.02017,0.03374,0.03427,0.02157,0.17382,0.03124,0.03470,0.01367,0.00552,0.02563,0.09009,0.00969,0.11684,0.00480,0.01509,0.06828,0.00900,0.08512,0.01822
0.05824,0.00510,0.01476,0.08952,0.00518,0.00517,0.00701,0.00299,0.01104,0.00845,0.01231,0.00477,0.02245,0.00947,0.03041,0.00286,0.00233,0.66337,0.03795,0.00664
0.00847,0.00662,0.00517,0.00546,0.11638,0.00513,0.00383,0.00341,0.37017,0.01354,0.07346,0.00589,0.00548,0.00419,0.01869,0.00885,0.00478,0.33066,0.00772,0.00207
0.02261,0.01098,0.00743,0.00889,0.41598,0.01863,0.07774,0.02391,0.01507,0.00525,0.01079,0.00686,0.00418,0.00937,0.05256,0.00241,0.00298,0.29433,0.00622,0.00380
0.00585,0.03094,0.00774,0.00653,0.00439,0.03643,0.01155,0.00881,0.05994,0.00584,0.00706,0.01302,0.00255,0.34464,0.36090,0.00180,0.00419,0.07365,0.00820,0.00598
0.01841,0.00525,0.00412,0.39116,0.00536,0.01636,0.00363,0.00677,0.00521,0.00471,0.06357,0.00093,0.30245,0.01007,0.13968,0.00848,0.00282,0.00223,0.00210,0.00670
0.00520,0.02075,0.00463,0.00242,0.00392,0.01399,0.00328,0.01551,0.00531,0.00785,0.01394,0.17706,0.03632,0.00478,0.11383,0.00162,0.00198,0.48848,0.07688,0.00228
0.02380,0.01327,0.01452,0.02449,0.01092,0.03225,0.01101,0.12139,0.08213,0.01339,0.00842,0.00973,0.01250,0.31494,0.06932,0.00460,0.00612,0.08874,0.09173,0.04674
0.09421,0.00816,0.03297,0.00996,0.00867,0.06041,0.08841,0.02538,0.01077,0.35459,0.02842,0.00421,0.01353,0.00510,0.15380,0.01364,0.00263,0.05921,0.00862,0.01731
0.24661,0.00572,0.01830,0.00621,0.00519,0.00912,0.00593,0.06216,0.00815,0.00395,0.00856,0.00519,0.00655,0.00496,0.01838,0.00641,0.00168,0.55612,0.01793,0.00290
0.01055,0.00430,0.00597,0.00452,0.00559,0.47077,0.00248,0.15661,0.00553,0.01162,0.00944,0.02322,0.03556,0.02666,0.17430,0.00125,0.00348,0.00595,0.03594,0.00625
0.03171,0.18357,0.01385,0.01114,0.00520,0.00784,0.02663,0.12954,0.01053,0.00591,0.12943,0.12827,0.00505,0.11164,0.01404,0.12005,0.00651,0.01726,0.03012,0.01169
0.01254,0.18492,0.01664,0.00934,0.07043,0.13157,0.00800,0.13490,0.01136,0.09115,0.01689,0.00662,0.01822,0.08562,0.09469,0.01098,0.00208,0.06673,0.01102,0.01631
0.00893,0.00670,0.00979,0.07169,0.00621,0.01956,0.29706,0.00510,0.33677,0.00838,0.05939,0.04466,0.03702,0.00502,0.00829,0.04405,0.00364,0.01300,0.00444,0.01031
0.00577,0.43901,0.00894,0.00634,0.00599,0.03445,0.00311,0.00178,0.35402,0.07846,0.00841,0.00892,0.00578,0.00927,0.00615,0.00189,0.00409,0.00540,0.00438,0.00783
0.43426,0.01269,0.01446,0.02471,0.00833,0.02543,0.00882,0.02895,0.00391,0.00683,0.00363,0.00828,0.03134,0.15694,0.11815,0.00272,0.00598,0.08256,0.00541,0.01659
