0.03257,0.03219,0.04866,0.03638,0.03327,0.07857,0.09303,0.05010,0.05248,0.05241,0.03255,0.03863,0.03243,0.04679,0.04387,0.08066,0.07912,0.04243,0.04894,0.04492
0.03479,0.03375,0.03297,0.03556,0.03872,0.04549,0.03581,0.04023,0.03817,0.03500,0.07228,0.05199,0.05368,0.10939,0.16465,0.02766,0.02701,0.03830,0.03803,0.04653
0.16888,0.15824,0.06862,0.04691,0.03533,0.03213,0.03961,0.02583,0.03036,0.02879,0.03590,0.03491,0.02846,0.03007,0.02815,0.05223,0.05098,0.03232,0.03452,0.03778
0.05536,0.05729,0.03066,0.03133,0.04306,0.07978,0.09399,0.04999,0.06119,0.04875,0.03332,0.03125,0.02844,0.03714,0.03500,0.04085,0.04124,0.08377,0.04205,0.07552
0.03671,0.03957,0.04297,0.04132,0.04724,0.11550,0.09900,0.04925,0.08734,0.04213,0.04393,0.03689,0.03777,0.03608,0.03580,0.04614,0.04513,0.04018,0.03563,0.04140
0.03560,0.03799,0.03531,0.03474,0.04052,0.06780,0.05617,0.06199,0.06320,0.03493,0.04043,0.03582,0.03228,0.05706,0.06078,0.04557,0.04561,0.09378,0.05659,0.06382
0.02388,0.02473,0.05190,0.05842,0.08813,0.04328,0.03816,0.04636,0.10760,0.04918,0.04373,0.03738,0.04246,0.02622,0.02613,0.09821,0.10202,0.02645,0.03950,0.02625
0.03807,0.04210,0.09532,0.07454,0.04530,0.03710,0.03787,0.03799,0.03518,0.03858,0.04870,0.04330,0.03540,0.03940,0.03922,0.09138,0.08790,0.03922,0.05374,0.03970
0.03135,0.03213,0.03586,0.03166,0.03882,0.04060,0.03772,0.05155,0.03556,0.03400,0.12856,0.09254,0.11145,0.06417,0.05926,0.03513,0.03270,0.03098,0.03784,0.03813
0.04418,0.04185,0.05366,0.04036,0.03639,0.04369,0.04710,0.04116,0.03760,0.04151,0.05308,0.04417,0.03754,0.07213,0.07010,0.04981,0.04944,0.06048,0.05875,0.07699
0.02456,0.02754,0.02183,0.02233,0.02632,0.17371,0.29258,0.02721,0.04008,0.02840,0.02411,0.02432,0.02147,0.03257,0.03134,0.04184,0.04104,0.03570,0.02620,0.03683
0.03800,0.03835,0.05426,0.03967,0.03791,0.04011,0.03668,0.03943,0.04217,0.03366,0.05085,0.04598,0.04905,0.07791,0.08314,0.04858,0.04962,0.05027,0.09485,0.04951
0.04740,0.05109,0.24643,0.12970,0.04888,0.02733,0.02848,0.03310,0.02943,0.03552,0.04248,0.03511,0.02340,0.02476,0.02380,0.03359,0.03299,0.03152,0.04127,0.03374
0.05024,0.04922,0.04508,0.04113,0.03331,0.05594,0.06739,0.04041,0.04905,0.04551,0.03319,0.03533,0.02474,0.03879,0.04015,0.07592,0.08092,0.07977,0.04232,0.07157
0.03181,0.03028,0.03067,0.02720,0.03207,0.09150,0.12410,0.03647,0.08060,0.06647,0.03517,0.03844,0.05203,0.03808,0.03733,0.06494,0.06761,0.03638,0.03786,0.04100
0.03821,0.04075,0.05326,0.03747,0.04487,0.07095,0.05292,0.03964,0.04565,0.03989,0.03769,0.03398,0.04764,0.04821,0.04592,0.08972,0.09558,0.03691,0.06255,0.03820
0.02150,0.02110,0.02705,0.02782,0.04486,0.03529,0.03587,0.03873,0.40957,0.06317,0.02819,0.02329,0.02787,0.02641,0.02680,0.03075,0.03046,0.02624,0.02964,0.02538
0.04946,0.05096,0.07827,0.09129,0.05901,0.03599,0.03406,0.03746,0.04609,0.03748,0.04182,0.04415,0.03912,0.04254,0.03989,0.06843,0.07090,0.04226,0.04827,0.04256
0.10485,0.11020,0.06731,0.05365,0.05757,0.03347,0.03280,0.03476,0.03900,0.03274,0.03858,0.03414,0.03100,0.05484,0.05431,0.05309,0.05307,0.03725,0.03885,0.03852
0.03354,0.03542,0.03910,0.04041,0.03994,0.05057,0.04190,0.03491,0.08037,0.05894,0.03422,0.02811,0.04112,0.03494,0.03682,0.08013,0.07288,0.05201,0.12991,0.03477
0.02582,0.02807,0.14911,0.08155,0.03931,0.03993,0.03794,0.03854,0.04092,0.03325,0.04074,0.04114,0.03605,0.02718,0.02540,0.10006,0.11524,0.03192,0.03684,0.03101
0.04925,0.05342,0.06688,0.06137,0.04329,0.03148,0.03403,0.04874,0.03738,0.02873,0.04352,0.04741,0.03456,0.08734,0.07565,0.05056,0.04984,0.06422,0.03658,0.05575
0.04626,0.04950,0.03056,0.03268,0.03394,0.12549,0.11290,0.02932,0.05681,0.03843,0.03320,0.02874,0.02666,0.05219,0.05530,0.04490,0.04223,0.06019,0.05458,0.04615
0.16806,0.14052,0.03532,0.03851,0.05129,0.03425,0.03652,0.03171,0.04020,0.03007,0.03929,0.02996,0.02757,0.04689,0.04401,0.03149,0.02993,0.04902,0.03745,0.05793
0.09421,0.08909,0.06951,0.06811,0.04508,0.03897,0.03870,0.03863,0.05016,0.03715,0.05022,0.04512,0.06633,0.03584,0.03276,0.04815,0.04328,0.03108,0.03863,0.03898
0.02757,0.02517,0.03088,0.20273,0.26638,0.02199,0.02331,0.02718,0.03104,0.02740,0.03093,0.02911,0.02539,0.03064,0.02888,0.02572,0.02400,0.03639,0.04574,0.03955
0.02629,0.02689,0.04245,0.05601,0.03800,0.04060,0.03891,0.03869,0.03268,0.03181,0.03950,0.04402,0.03897,0.09068,0.09718,0.05679,0.05436,0.07311,0.07460,0.05847
0.04725,0.04622,0.03911,0.03826,0.04337,0.04707,0.03735,0.04376,0.04328,0.03520,0.12007,0.07436,0.04516,0.06527,0.07571,0.03614,0.03401,0.03239,0.04670,0.04935
0.04805,0.05276,0.05931,0.04973,0.04199,0.04165,0.04637,0.04276,0.03988,0.03472,0.03564,0.03944,0.03404,0.04354,0.04099,0.08316,0.08106,0.06107,0.05245,0.07138
0.03276,0.03457,0.11003,0.07238,0.05050,0.03597,0.03427,0.04295,0.03582,0.03426,0.03673,0.03311,0.02740,0.03743,0.03534,0.06761,0.06944,0.06392,0.08287,0.06264
0.05931,0.05808,0.07508,0.07318,0.05202,0.03893,0.03793,0.03848,0.03568,0.03454,0.03988,0.03592,0.03602,0.02988,0.02824,0.11199,0.12606,0.02832,0.02862,0.03182
0.12106,0.11733,0.04251,0.06434,0.05115,0.03487,0.03395,0.04273,0.03486,0.04399,0.05212,0.04436,0.03474,0.03548,0.03680,0.04354,0.04099,0.04050,0.04136,0.04332
0.04595,0.04242,0.04163,0.04134,0.03754,0.04334,0.04345,0.03715,0.03695,0.03464,0.04155,0.04182,0.04002,0.04823,0.04937,0.04531,0.04609,0.12522,0.06937,0.08859
0.03184,0.03160,0.04320,0.04215,0.03759,0.04499,0.04020,0.03081,0.03309,0.03001,0.03855,0.03644,0.04382,0.05024,0.05216,0.07577,0.07405,0.06720,0.15012,0.04618
0.03530,0.03656,0.04447,0.03955,0.05618,0.07220,0.05509,0.04593,0.03795,0.03518,0.04785,0.03927,0.03834,0.02854,0.02788,0.12959,0.15115,0.02156,0.03185,0.02555
0.03260,0.03100,0.05025,0.05129,0.03538,0.03870,0.03911,0.04505,0.06430,0.06200,0.03891,0.03383,0.03055,0.04699,0.04606,0.07086,0.07544,0.04444,0.11713,0.04611
0.02779,0.02906,0.01627,0.01515,0.01928,0.19870,0.35602,0.01976,0.02949,0.02191,0.01948,0.01832,0.01389,0.02999,0.02741,0.02788,0.02505,0.04021,0.02912,0.03522
0.03788,0.04111,0.04107,0.03521,0.03664,0.05885,0.06016,0.08082,0.03532,0.03422,0.05095,0.07190,0.06166,0.04739,0.04239,0.04014,0.04135,0.06466,0.03858,0.07970
0.02247,0.02158,0.03000,0.03918,0.04862,0.03993,0.04974,0.04120,0.24538,0.14386,0.04620,0.03108,0.02677,0.02674,0.02604,0.03975,0.03855,0.02359,0.03222,0.02712
0.02837,0.03154,0.19743,0.10085,0.03316,0.03686,0.03536,0.02746,0.03512,0.02854,0.02768,0.02475,0.02694,0.03205,0.03189,0.05123,0.05328,0.05603,0.10771,0.03375
0.04390,0.04353,0.04800,0.11023,0.17073,0.03148,0.02859,0.03717,0.03060,0.02888,0.04460,0.03739,0.04411,0.02600,0.02395,0.07591,0.06821,0.02847,0.04426,0.03399
0.03164,0.03251,0.02919,0.02783,0.03195,0.16877,0.10121,0.03892,0.04388,0.03078,0.03506,0.03042,0.02724,0.05600,0.05912,0.04905,0.04991,0.06325,0.04377,0.04949
0.02656,0.02709,0.03086,0.02748,0.03132,0.12552,0.15025,0.04022,0.04785,0.05478,0.03338,0.03152,0.03271,0.02577,0.02461,0.09483,0.10304,0.02675,0.03195,0.03347
0.03552,0.03643,0.04590,0.09329,0.07030,0.04097,0.04247,0.04315,0.04673,0.04374,0.04518,0.04479,0.03947,0.05312,0.05106,0.04454,0.04483,0.06819,0.04698,0.06334
0.11827,0.10613,0.06070,0.05327,0.04194,0.02984,0.02939,0.03745,0.03570,0.03914,0.05227,0.03536,0.03414,0.03407,0.03030,0.05180,0.04646,0.04127,0.07741,0.04508
0.04447,0.04335,0.10386,0.19140,0.09123,0.03111,0.03117,0.03173,0.04033,0.03194,0.03923,0.03970,0.04101,0.03243,0.02860,0.04047,0.04101,0.02884,0.03589,0.03224
0.04717,0.04537,0.05215,0.04320,0.04548,0.08404,0.08383,0.04344,0.04479,0.04464,0.03468,0.03037,0.03522,0.03461,0.03421,0.08764,0.09730,0.04122,0.03319,0.03744
0.02665,0.02847,0.40700,0.12086,0.03672,0.02333,0.02489,0.02533,0.02508,0.02641,0.02360,0.02635,0.02797,0.01994,0.01924,0.02888,0.02889,0.02773,0.02966,0.02300
0.03584,0.03576,0.07608,0.06707,0.04308,0.03676,0.03336,0.03832,0.03692,0.03667,0.05164,0.03998,0.02817,0.05688,0.06082,0.04845,0.04915,0.06909,0.10601,0.04994
0.08156,0.08677,0.13571,0.08405,0.03788,0.03182,0.03255,0.03297,0.02759,0.03022,0.04770,0.04268,0.03483,0.03235,0.02991,0.05385,0.05120,0.04166,0.04230,0.04242
0.04362,0.04358,0.04039,0.04261,0.04330,0.04101,0.03666,0.02441,0.04181,0.03290,0.05694,0.04125,0.17744,0.04679,0.04512,0.03991,0.03651,0.04240,0.08828,0.03504
0.05413,0.05196,0.06652,0.07896,0.05916,0.03157,0.02977,0.03392,0.04416,0.03360,0.04238,0.03003,0.02869,0.03226,0.03455,0.04851,0.04705,0.07815,0.13116,0.04345
0.03278,0.03305,0.04462,0.04261,0.03652,0.03455,0.03230,0.02883,0.03573,0.02861,0.03163,0.02609,0.02498,0.04652,0.05137,0.04307,0.04123,0.18611,0.14254,0.05688
0.13555,0.13858,0.05874,0.05607,0.04703,0.03794,0.03945,0.03845,0.03176,0.03246,0.03472,0.03507,0.03288,0.04106,0.04023,0.04068,0.03895,0.03798,0.03867,0.04372
0.04191,0.04191,0.03636,0.04893,0.07566,0.04740,0.03894,0.05739,0.03475,0.02967,0.12130,0.07221,0.03469,0.05038,0.04701,0.03164,0.02955,0.05263,0.03371,0.07397
0.03723,0.04072,0.04517,0.04068,0.03780,0.07521,0.08980,0.05343,0.05247,0.05711,0.03227,0.02923,0.03388,0.03630,0.03740,0.06705,0.07273,0.06682,0.04439,0.05033
0.04879,0.05055,0.04113,0.04591,0.05354,0.06577,0.08423,0.03962,0.04323,0.04499,0.03574,0.03564,0.04395,0.03477,0.03344,0.07801,0.07847,0.05112,0.04061,0.05046
0.03856,0.04165,0.04361,0.04410,0.05575,0.06268,0.06788,0.06568,0.07553,0.04414,0.03510,0.03602,0.02503,0.04677,0.04136,0.05001,0.05065,0.06257,0.03318,0.07974
0.02494,0.02591,0.03921,0.04080,0.03450,0.04503,0.05127,0.06990,0.03915,0.04394,0.05594,0.06065,0.02899,0.03818,0.03524,0.09025,0.10106,0.04971,0.04136,0.08396
0.05040,0.04621,0.03139,0.02827,0.03600,0.05213,0.05053,0.05611,0.04868,0.04014,0.06575,0.05271,0.05170,0.07562,0.08195,0.02994,0.02963,0.06130,0.04842,0.06311
0.03186,0.03367,0.04669,0.03698,0.03959,0.05408,0.06661,0.04789,0.07071,0.04808,0.02639,0.02879,0.03034,0.06094,0.05767,0.04176,0.04318,0.08709,0.04863,0.09905
0.03529,0.03799,0.04341,0.04205,0.04026,0.04023,0.04258,0.05936,0.03882,0.04940,0.06295,0.07698,0.15881,0.04649,0.04348,0.03071,0.03134,0.03843,0.03957,0.04184
0.03918,0.04131,0.04270,0.03929,0.03792,0.11780,0.09801,0.03489,0.04883,0.03226,0.03117,0.02877,0.03299,0.05044,0.05102,0.04981,0.04652,0.06154,0.07163,0.04390
0.04023,0.04022,0.03697,0.03670,0.03773,0.04979,0.05059,0.04799,0.03881,0.03200,0.04378,0.04706,0.02867,0.05355,0.04947,0.03083,0.03139,0.09614,0.04190,0.16620
0.04234,0.04438,0.04150,0.03489,0.03748,0.05402,0.05336,0.05454,0.04272,0.04718,0.03838,0.03490,0.03305,0.03863,0.03649,0.07111,0.07365,0.08309,0.06492,0.07337
0.03321,0.03523,0.07118,0.05651,0.05791,0.05194,0.04763,0.04320,0.06427,0.05766,0.04163,0.03331,0.04130,0.03008,0.03024,0.09738,0.09980,0.03803,0.03813,0.03139
0.03572,0.03880,0.05056,0.04104,0.03166,0.04102,0.04024,0.03189,0.03811,0.03828,0.02466,0.02270,0.02389,0.05334,0.05793,0.03533,0.03688,0.09339,0.21028,0.05430
0.04233,0.03848,0.04987,0.12914,0.08265,0.03308,0.03120,0.04524,0.03497,0.03645,0.06552,0.05011,0.03494,0.03779,0.03713,0.06220,0.05558,0.04198,0.04881,0.04255
0.04829,0.04819,0.03648,0.04212,0.04950,0.03466,0.03152,0.04535,0.04002,0.03503,0.10635,0.08090,0.09930,0.04793,0.04720,0.04212,0.03902,0.03806,0.05113,0.03683
0.03939,0.04013,0.03983,0.03545,0.03497,0.05318,0.05346,0.06024,0.03804,0.03907,0.03547,0.04607,0.06567,0.04530,0.04342,0.04714,0.04997,0.08992,0.04034,0.10294
0.03302,0.03390,0.06466,0.04746,0.03407,0.04075,0.04225,0.02625,0.02814,0.02548,0.04140,0.03409,0.02811,0.04485,0.04440,0.09987,0.10224,0.06140,0.11927,0.04837
0.04749,0.05133,0.05742,0.05263,0.03436,0.04163,0.03765,0.03440,0.03706,0.03379,0.03601,0.03173,0.02858,0.04988,0.05050,0.04884,0.04860,0.09100,0.12923,0.05787
0.03372,0.03465,0.08948,0.13267,0.07699,0.02583,0.02359,0.02877,0.03904,0.03591,0.02974,0.02567,0.03369,0.02804,0.02856,0.04360,0.04166,0.05530,0.15471,0.03837
0.03358,0.03362,0.06119,0.04596,0.04283,0.04664,0.04190,0.04339,0.03972,0.03688,0.05713,0.06005,0.04785,0.05240,0.05466,0.05558,0.05724,0.06310,0.06689,0.05940
0.02312,0.02467,0.02018,0.01855,0.02542,0.24855,0.23321,0.02813,0.03675,0.02574,0.03007,0.02738,0.03183,0.03631,0.03534,0.03505,0.03559,0.02904,0.02727,0.02779
0.04851,0.04940,0.04336,0.03436,0.05495,0.07023,0.05226,0.06260,0.06052,0.03349,0.02998,0.03202,0.02384,0.04778,0.04724,0.04264,0.04308,0.08708,0.04371,0.09294
0.03411,0.03525,0.04115,0.03072,0.03035,0.05116,0.06303,0.03412,0.06447,0.04769,0.02964,0.03118,0.03147,0.05188,0.05362,0.06236,0.06629,0.07238,0.12165,0.04747
0.03327,0.03688,0.04872,0.04822,0.04718,0.04111,0.03677,0.04640,0.04197,0.03455,0.04775,0.03953,0.02973,0.06789,0.07876,0.07199,0.07207,0.05661,0.07275,0.04787
0.02236,0.02164,0.06301,0.05041,0.03010,0.03872,0.04884,0.03120,0.03751,0.03255,0.03424,0.03057,0.02144,0.04016,0.03756,0.14766,0.17677,0.03759,0.05103,0.04663
0.30880,0.22287,0.02634,0.02653,0.03555,0.02266,0.02127,0.02487,0.03474,0.02783,0.04182,0.02587,0.02096,0.02082,0.01915,0.02671,0.02485,0.01989,0.02266,0.02579
0.04065,0.03911,0.05316,0.04605,0.04743,0.04475,0.04729,0.05837,0.04194,0.04894,0.04768,0.05081,0.04254,0.05464,0.05349,0.05609,0.05658,0.06303,0.04443,0.06303
0.02500,0.02488,0.02453,0.02297,0.02913,0.29444,0.16515,0.03181,0.03318,0.02362,0.03284,0.03366,0.03682,0.02891,0.02463,0.03796,0.03759,0.02855,0.03151,0.03282
0.09877,0.08513,0.03689,0.09835,0.10116,0.03336,0.03694,0.03805,0.03536,0.03834,0.04284,0.03527,0.03404,0.03629,0.03598,0.04446,0.04305,0.03888,0.04227,0.04457
0.03923,0.03926,0.05872,0.05673,0.05600,0.04103,0.04174,0.04212,0.03582,0.03593,0.05936,0.05827,0.05899,0.05017,0.04898,0.06079,0.05884,0.04830,0.05862,0.05110
0.03391,0.03286,0.07804,0.08817,0.08068,0.03471,0.03295,0.04104,0.03785,0.04345,0.04537,0.04012,0.03346,0.03866,0.03802,0.06256,0.06619,0.05044,0.07172,0.04981
0.03573,0.03798,0.05243,0.03742,0.03186,0.07239,0.08662,0.04632,0.04349,0.03944,0.03455,0.04511,0.03319,0.05952,0.04918,0.05285,0.05428,0.06576,0.04737,0.07451
0.03129,0.03053,0.03930,0.02940,0.03077,0.09773,0.10728,0.03375,0.04693,0.03448,0.03260,0.03428,0.03996,0.04203,0.04326,0.08453,0.09293,0.05004,0.04394,0.05495
0.02080,0.02176,0.02418,0.02699,0.05557,0.04845,0.07421,0.02995,0.31501,0.10360,0.02517,0.02352,0.02600,0.02364,0.02305,0.02764,0.02854,0.03184,0.03894,0.03116
0.03840,0.03503,0.04511,0.04058,0.04646,0.08526,0.07218,0.04409,0.08287,0.03662,0.03918,0.04024,0.04084,0.06356,0.06556,0.04468,0.04310,0.04559,0.04004,0.05059
0.03250,0.03252,0.03660,0.04179,0.03663,0.04559,0.04012,0.03174,0.04886,0.04025,0.04260,0.03654,0.04626,0.09848,0.12750,0.04379,0.04213,0.05501,0.07682,0.04428
0.03663,0.03586,0.02745,0.02270,0.02715,0.14076,0.13352,0.07878,0.04135,0.05740,0.04232,0.03739,0.03428,0.03168,0.03129,0.03617,0.03626,0.04905,0.03422,0.06575
0.02289,0.02452,0.35314,0.09438,0.03034,0.02903,0.02892,0.02695,0.02785,0.02758,0.02316,0.02417,0.02590,0.02550,0.02481,0.04543,0.04886,0.04077,0.04278,0.03303
0.02938,0.02838,0.03998,0.03077,0.02734,0.03784,0.03982,0.03369,0.03428,0.03323,0.02939,0.03097,0.02768,0.05271,0.04968,0.11032,0.12279,0.07329,0.09785,0.07059
0.03439,0.03316,0.05650,0.04720,0.05216,0.04844,0.04345,0.04938,0.03715,0.03388,0.03861,0.03986,0.03497,0.02740,0.02553,0.13514,0.15767,0.03122,0.03790,0.03599
0.04258,0.04370,0.02772,0.02936,0.04066,0.06976,0.07604,0.03650,0.11654,0.07019,0.03764,0.03093,0.03426,0.04798,0.04923,0.03789,0.03473,0.06243,0.05992,0.05193
0.02989,0.03215,0.38142,0.11717,0.03125,0.02331,0.02498,0.02181,0.02544,0.02178,0.02484,0.02551,0.01765,0.02316,0.02081,0.03963,0.04073,0.03378,0.03604,0.02864
0.03264,0.03013,0.03718,0.03220,0.03644,0.04992,0.05996,0.03668,0.19434,0.07987,0.03427,0.02854,0.02410,0.03733,0.03975,0.05916,0.06013,0.03676,0.04999,0.04060
0.03115,0.03075,0.05263,0.04138,0.03282,0.05580,0.05784,0.05065,0.05060,0.04624,0.06041,0.03927,0.03017,0.04826,0.04685,0.07243,0.07827,0.05125,0.06766,0.05559
0.02948,0.02916,0.03078,0.03562,0.04117,0.04417,0.04228,0.04074,0.05312,0.04570,0.05091,0.05655,0.13843,0.07768,0.08225,0.03862,0.03684,0.03372,0.06035,0.03243
0.04064,0.03891,0.03498,0.03106,0.03598,0.05545,0.05812,0.05297,0.04922,0.04547,0.05156,0.06664,0.07537,0.05904,0.06160,0.04234,0.04140,0.05281,0.05061,0.05584
