0.05480,0.15912,0.01220,0.17316,0.13065,0.02159,0.26555,0.09303,0.06006,0.02983
0.02875,0.23986,0.00633,0.17437,0.09548,0.03393,0.25447,0.08601,0.02544,0.05536
0.07075,0.09517,0.00595,0.13561,0.12358,0.04052,0.33294,0.09725,0.03584,0.06240
0.02103,0.12150,0.01065,0.09515,0.14394,0.07519,0.26956,0.13161,0.03384,0.09752
0.12353,0.16388,0.00469,0.15303,0.16666,0.02567,0.19976,0.07733,0.04352,0.04192
0.02752,0.10128,0.00229,0.14297,0.12927,0.03295,0.44884,0.06170,0.02930,0.02389
0.07829,0.07782,0.00580,0.17232,0.18778,0.03965,0.20071,0.08276,0.10353,0.05133
0.01372,0.27199,0.00710,0.15005,0.17694,0.02439,0.19920,0.07090,0.05067,0.03505
0.03136,0.17344,0.00912,0.10460,0.18632,0.04160,0.29449,0.08144,0.03056,0.04708
0.03694,0.08547,0.00548,0.15655,0.09294,0.03705,0.17733,0.13897,0.04063,0.22863
0.03658,0.06106,0.00418,0.26009,0.31257,0.01690,0.20334,0.04180,0.04141,0.02208
0.01694,0.10482,0.00680,0.29032,0.15785,0.02018,0.23770,0.09762,0.02692,0.04086
0.06885,0.11711,0.01708,0.11668,0.13600,0.03535,0.29121,0.07514,0.06747,0.07510
0.01783,0.19601,0.00623,0.17424,0.15484,0.03035,0.17987,0.18041,0.03005,0.03018
0.03564,0.21022,0.00790,0.20204,0.10503,0.04417,0.16351,0.13024,0.05104,0.05022
0.04019,0.13515,0.00856,0.16277,0.09590,0.03065,0.12945,0.27166,0.06058,0.06508
0.03020,0.11738,0.00747,0.16780,0.09097,0.03103,0.16836,0.30605,0.04500,0.03576
0.03339,0.11008,0.01286,0.11669,0.19635,0.06231,0.25315,0.12376,0.04651,0.04489
0.02989,0.21771,0.00499,0.14873,0.13637,0.03042,0.30025,0.08059,0.02510,0.02595
0.03833,0.11666,0.00506,0.11205,0.14449,0.03011,0.26626,0.15634,0.06719,0.06351
0.03499,0.10371,0.00823,0.21032,0.15299,0.03168,0.24957,0.13415,0.03590,0.03845
0.02484,0.10403,0.00431,0.08965,0.11298,0.09579,0.34668,0.14340,0.03949,0.03884
0.03361,0.11365,0.01728,0.22016,0.11951,0.02290,0.15874,0.14646,0.13441,0.03328
0.03618,0.11606,0.00883,0.15072,0.12081,0.04612,0.17333,0.21128,0.06240,0.07427
0.05367,0.08847,0.00635,0.09581,0.32606,0.02424,0.27729,0.08349,0.02296,0.02166
0.02550,0.10786,0.01238,0.13298,0.10157,0.06092,0.24251,0.21848,0.04896,0.04883
0.02057,0.11606,0.00734,0.29464,0.09194,0.02418,0.26375,0.12318,0.03564,0.02268
0.02143,0.12113,0.00975,0.26773,0.16359,0.02273,0.20867,0.05200,0.05026,0.08271
0.02521,0.10187,0.00843,0.19506,0.11536,0.04695,0.32847,0.11413,0.03096,0.03357
0.03083,0.08174,0.00380,0.08012,0.13106,0.05340,0.17878,0.38667,0.02882,0.02480
0.06089,0.12363,0.02332,0.24165,0.24043,0.02192,0.12362,0.06810,0.06063,0.03581
0.03730,0.08922,0.02198,0.10509,0.12790,0.05164,0.35808,0.12342,0.04005,0.04531
0.03989,0.11814,0.00995,0.20468,0.22851,0.02906,0.15871,0.13851,0.03609,0.03646
0.07535,0.33148,0.00594,0.10540,0.12978,0.02004,0.13598,0.13607,0.02733,0.03264
0.09661,0.11889,0.01017,0.21139,0.22077,0.02183,0.19178,0.06862,0.03851,0.02144
0.02497,0.21946,0.00803,0.14832,0.15068,0.04211,0.20166,0.08305,0.06188,0.05986
0.03704,0.19625,0.00697,0.16683,0.10178,0.04814,0.18963,0.15116,0.04420,0.05801
0.02146,0.13684,0.00529,0.06928,0.24429,0.02544,0.25101,0.15794,0.05277,0.03568
0.02759,0.24156,0.01087,0.23640,0.12010,0.03289,0.16039,0.07284,0.05110,0.04627
0.01183,0.07236,0.00327,0.27752,0.15824,0.02542,0.17000,0.20493,0.02892,0.04751
0.05109,0.10379,0.00520,0.19161,0.25544,0.03563,0.18905,0.07769,0.04557,0.04494
0.02955,0.15887,0.01202,0.13821,0.13955,0.03146,0.20323,0.16730,0.06004,0.05978
0.03706,0.08725,0.00265,0.20626,0.17375,0.02764,0.32100,0.07960,0.03244,0.03233
0.04449,0.11743,0.00556,0.11069,0.13077,0.05634,0.27892,0.15836,0.03705,0.06039
0.02405,0.17057,0.00683,0.16473,0.14693,0.03212,0.22163,0.14218,0.05672,0.03424
0.05099,0.08887,0.00531,0.24736,0.10744,0.03274,0.18506,0.21922,0.02965,0.03335
0.02787,0.11927,0.00692,0.13232,0.10992,0.06071,0.27007,0.17536,0.05156,0.04599
0.05339,0.11670,0.00876,0.14536,0.15713,0.03830,0.30213,0.09934,0.04312,0.03578
0.03651,0.08433,0.00527,0.11098,0.27094,0.03473,0.29210,0.09117,0.03497,0.03900
0.02064,0.08403,0.00644,0.24489,0.21433,0.02634,0.23681,0.07792,0.02854,0.06006
0.03102,0.11401,0.03088,0.19200,0.13844,0.02673,0.24792,0.10949,0.05702,0.05250
0.02835,0.10101,0.01377,0.11457,0.11623,0.04606,0.25174,0.17988,0.07205,0.07634
0.02040,0.11590,0.00711,0.14079,0.22571,0.03188,0.34826,0.05743,0.02283,0.02968
0.02147,0.11198,0.00630,0.09664,0.11231,0.11135,0.19566,0.22053,0.07981,0.04395
0.02654,0.14286,0.00905,0.10598,0.18122,0.03764,0.30158,0.11046,0.04662,0.03805
0.02616,0.20000,0.00763,0.09093,0.19891,0.03310,0.18009,0.18178,0.03963,0.04176
0.03912,0.18079,0.01901,0.17316,0.19111,0.02489,0.19213,0.10947,0.03928,0.03104
0.03515,0.06515,0.01127,0.13930,0.15015,0.05885,0.18585,0.22129,0.04502,0.08796
0.02578,0.16974,0.00530,0.18134,0.14496,0.03165,0.22584,0.13227,0.02827,0.05484
0.01467,0.18525,0.00563,0.28143,0.14685,0.03104,0.16622,0.05917,0.05743,0.05230
0.04017,0.16939,0.00328,0.29392,0.13138,0.02913,0.14442,0.09117,0.03281,0.06435
0.04733,0.17077,0.00809,0.10434,0.17937,0.02989,0.24796,0.11874,0.03314,0.06036
0.05614,0.12186,0.01077,0.11166,0.24572,0.01938,0.25956,0.09513,0.05127,0.02852
0.02895,0.11072,0.00397,0.13794,0.11463,0.04666,0.35021,0.08403,0.07869,0.04421
0.04861,0.08611,0.00574,0.15576,0.16606,0.02066,0.37330,0.06381,0.04169,0.03825
0.02874,0.09852,0.00260,0.22585,0.17095,0.03382,0.25460,0.12789,0.03233,0.02469
0.02473,0.09943,0.00463,0.10925,0.19586,0.04796,0.17521,0.19504,0.04395,0.10393
0.03547,0.10726,0.00325,0.17591,0.16631,0.01770,0.35074,0.07638,0.02325,0.04373
0.01976,0.09663,0.00661,0.36820,0.15960,0.02498,0.17496,0.06296,0.03225,0.05404
0.02786,0.18368,0.01344,0.17765,0.21209,0.03806,0.21026,0.06343,0.02884,0.04468
0.02939,0.15333,0.02814,0.25442,0.13541,0.02607,0.12157,0.12075,0.07873,0.05219
0.08133,0.19860,0.00682,0.15895,0.13603,0.03498,0.17134,0.12870,0.04714,0.03611
0.04892,0.21123,0.00970,0.11223,0.22276,0.03553,0.16424,0.09898,0.05565,0.04075
0.03654,0.09090,0.00327,0.13922,0.20298,0.05093,0.27734,0.08187,0.03193,0.08503
0.02411,0.08837,0.01202,0.11282,0.18511,0.03702,0.30433,0.08547,0.05211,0.09866
0.02470,0.08501,0.00731,0.14760,0.15556,0.03220,0.37062,0.08569,0.04436,0.04695
0.03937,0.17469,0.00534,0.18380,0.20266,0.04977,0.16663,0.08903,0.02846,0.06025
0.03462,0.17789,0.00594,0.22107,0.11648,0.02919,0.22255,0.12874,0.03541,0.02811
0.01577,0.17302,0.04821,0.11759,0.25272,0.04985,0.17054,0.09923,0.04347,0.02960
0.03354,0.15946,0.00664,0.09440,0.23704,0.02738,0.24765,0.14325,0.03277,0.01788
0.02640,0.21914,0.00861,0.20846,0.16465,0.02189,0.22501,0.06743,0.02613,0.03227
0.03130,0.13844,0.00524,0.17411,0.12762,0.03298,0.26754,0.13689,0.04885,0.03704
0.02069,0.05339,0.00852,0.30460,0.19105,0.02149,0.29761,0.05352,0.02204,0.02709
0.04638,0.08833,0.00703,0.13382,0.22463,0.02460,0.16771,0.09800,0.05599,0.15352
0.03356,0.08028,0.02168,0.18476,0.25976,0.02151,0.23954,0.07596,0.05438,0.02858
0.02814,0.11386,0.00791,0.20818,0.13210,0.06399,0.24018,0.11444,0.04118,0.05002
0.01749,0.06937,0.04342,0.11116,0.21944,0.01957,0.37589,0.07755,0.02925,0.03686
0.02649,0.09270,0.00711,0.15924,0.20249,0.02385,0.14391,0.19684,0.06434,0.08301
0.03564,0.18098,0.00587,0.15723,0.20949,0.04277,0.13977,0.11968,0.04779,0.06078
0.02400,0.11311,0.01792,0.16377,0.17569,0.04970,0.28691,0.09647,0.03515,0.03728
0.03681,0.17287,0.00453,0.23537,0.12543,0.03711,0.21530,0.11175,0.03290,0.02793
0.04214,0.20681,0.00491,0.18658,0.14974,0.01981,0.25815,0.05291,0.04669,0.03226
0.02047,0.14841,0.01473,0.13242,0.14488,0.04448,0.31319,0.11980,0.03231,0.02931
0.04122,0.16055,0.01065,0.19081,0.15096,0.03405,0.24739,0.09408,0.02945,0.04086
0.01373,0.05023,0.00519,0.17553,0.25353,0.03962,0.35082,0.05687,0.02354,0.03094
0.03756,0.18414,0.00893,0.14070,0.24095,0.03704,0.18724,0.08747,0.03216,0.04382
0.01574,0.13540,0.01196,0.22908,0.11605,0.06495,0.24698,0.11088,0.02468,0.04426
0.02463,0.15419,0.01913,0.17652,0.19735,0.02146,0.25319,0.07044,0.03754,0.04554
0.02536,0.18154,0.00911,0.10510,0.12997,0.03576,0.18957,0.19720,0.08979,0.03661
0.06735,0.14423,0.01557,0.10985,0.19363,0.02854,0.26530,0.06268,0.08157,0.03128
