0.07306,0.04602,0.03373,0.06913,0.08310,0.01762,0.16979,0.43407,0.01997,0.05352
0.19996,0.13047,0.01402,0.06690,0.06459,0.01296,0.18613,0.27082,0.01542,0.03873
0.33172,0.07874,0.03350,0.03208,0.05334,0.02031,0.07474,0.15407,0.04313,0.17837
0.13199,0.18089,0.01775,0.07077,0.07229,0.01055,0.12231,0.23366,0.04521,0.11457
0.06030,0.05969,0.01026,0.17194,0.02474,0.01768,0.37736,0.19069,0.03589,0.05146
0.08039,0.11848,0.02267,0.02761,0.03426,0.03918,0.25761,0.28265,0.05299,0.08417
0.18200,0.10880,0.01538,0.05136,0.06721,0.01156,0.09941,0.24755,0.02239,0.19433
0.16755,0.13125,0.01919,0.07725,0.08335,0.01623,0.14904,0.19880,0.02845,0.12889
0.17954,0.06517,0.00829,0.03382,0.03982,0.00934,0.29325,0.29004,0.01538,0.06536
0.23249,0.14340,0.01254,0.04118,0.07150,0.00808,0.13599,0.31533,0.01003,0.02948
0.25520,0.36355,0.00929,0.03115,0.02728,0.01417,0.09083,0.16101,0.01427,0.03326
0.06900,0.06133,0.00919,0.03775,0.03698,0.00732,0.21718,0.48112,0.02072,0.05941
0.13701,0.04715,0.03710,0.08115,0.07620,0.01723,0.09546,0.18471,0.05354,0.27045
0.20300,0.10567,0.02273,0.04868,0.07152,0.01417,0.28807,0.20488,0.01325,0.02801
0.20221,0.06445,0.01265,0.06148,0.06019,0.01977,0.08296,0.39357,0.01410,0.08861
0.11734,0.07001,0.01044,0.04468,0.04189,0.01430,0.29659,0.36964,0.00926,0.02584
0.13638,0.11095,0.09058,0.07582,0.18876,0.01234,0.04775,0.23306,0.01230,0.09207
0.06659,0.06833,0.03613,0.06021,0.05718,0.02341,0.10884,0.46038,0.02280,0.09613
0.24252,0.07000,0.00561,0.04151,0.02302,0.01024,0.21499,0.32403,0.01963,0.04844
0.10420,0.17190,0.02466,0.10301,0.11093,0.02651,0.05154,0.30253,0.01857,0.08616
0.14890,0.08750,0.01927,0.12795,0.07479,0.01592,0.11438,0.26314,0.03402,0.11414
0.08171,0.08286,0.01342,0.33619,0.14435,0.02735,0.16034,0.08099,0.02527,0.04752
0.15642,0.19727,0.01193,0.09820,0.09691,0.01016,0.11658,0.11455,0.10911,0.08887
0.06348,0.09757,0.01290,0.02620,0.20031,0.01251,0.20994,0.25355,0.04413,0.07941
0.06967,0.09678,0.02014,0.13750,0.10007,0.01460,0.09804,0.18911,0.02295,0.25115
0.38751,0.06973,0.00854,0.03024,0.03507,0.00833,0.28908,0.13555,0.01130,0.02467
0.09023,0.11668,0.01900,0.06005,0.06421,0.01491,0.07839,0.26551,0.03297,0.25805
0.19336,0.21888,0.01303,0.03676,0.04416,0.01133,0.03903,0.14872,0.01189,0.28285
0.18645,0.09770,0.02912,0.03639,0.03082,0.01984,0.20443,0.29988,0.02501,0.07035
0.04588,0.52289,0.01083,0.04390,0.03445,0.00844,0.11189,0.18516,0.01208,0.02447
0.28906,0.07913,0.00962,0.05843,0.04031,0.00854,0.29093,0.16381,0.01732,0.04286
0.09308,0.27642,0.01464,0.04047,0.05476,0.00816,0.07547,0.38479,0.01026,0.04196
0.05574,0.34857,0.00948,0.07312,0.03618,0.00630,0.12670,0.12583,0.07493,0.14314
0.14534,0.09442,0.02934,0.11621,0.07557,0.03214,0.12112,0.26326,0.02545,0.09715
0.12649,0.07844,0.01759,0.06225,0.05733,0.01378,0.13582,0.45425,0.01243,0.04163
0.15201,0.07267,0.01767,0.12576,0.07449,0.01238,0.18594,0.28802,0.01479,0.05628
0.24791,0.07451,0.00745,0.02758,0.03035,0.00882,0.22700,0.27351,0.01864,0.08424
0.23669,0.07263,0.00927,0.03956,0.03393,0.01891,0.15735,0.32564,0.02004,0.08598
0.19261,0.22179,0.02565,0.23300,0.13055,0.00806,0.05993,0.07226,0.01450,0.04164
0.10423,0.07042,0.01049,0.05629,0.05596,0.01052,0.09030,0.52070,0.01800,0.06310
0.16214,0.15410,0.00825,0.04698,0.05109,0.00767,0.29825,0.22518,0.01491,0.03142
0.09961,0.24252,0.01502,0.03276,0.05560,0.01511,0.05332,0.39281,0.00993,0.08332
0.10538,0.23248,0.00973,0.25946,0.07794,0.01104,0.10893,0.15562,0.00868,0.03074
0.13700,0.09859,0.01262,0.04443,0.05112,0.00711,0.23137,0.34532,0.02240,0.05005
0.09439,0.15048,0.01775,0.04116,0.06857,0.01797,0.26424,0.27003,0.02779,0.04761
0.10939,0.19753,0.02367,0.06196,0.19211,0.01751,0.07636,0.24205,0.01243,0.06699
0.08518,0.16806,0.01444,0.02696,0.04878,0.00842,0.14771,0.44791,0.01344,0.03908
0.05896,0.03088,0.01794,0.08843,0.08804,0.00615,0.25785,0.37405,0.01657,0.06113
0.03834,0.20126,0.01495,0.25670,0.10899,0.00984,0.11909,0.16446,0.01923,0.06714
0.29756,0.16973,0.01447,0.07865,0.06576,0.01173,0.09675,0.16787,0.02392,0.07357
0.27295,0.03518,0.01488,0.04452,0.04600,0.02104,0.14266,0.23006,0.03538,0.15732
0.11797,0.07389,0.00703,0.30780,0.01874,0.02936,0.07566,0.14605,0.02067,0.20284
0.05848,0.04360,0.04638,0.14552,0.07666,0.03381,0.08983,0.39969,0.01623,0.08980
0.06947,0.12139,0.02632,0.05400,0.12207,0.02442,0.13339,0.35892,0.02694,0.06308
0.14123,0.07593,0.01704,0.04462,0.04656,0.03245,0.36387,0.17237,0.02501,0.08092
0.10584,0.14142,0.01505,0.05307,0.07850,0.01152,0.21959,0.23001,0.03417,0.11082
0.07953,0.10839,0.02024,0.07534,0.06730,0.01803,0.11301,0.36963,0.02247,0.12606
0.09306,0.08397,0.01688,0.04678,0.04854,0.01054,0.27462,0.36899,0.01381,0.04280
0.10587,0.07694,0.02493,0.22423,0.03750,0.01700,0.04285,0.36844,0.01032,0.09192
0.20393,0.20396,0.01167,0.06928,0.06238,0.03788,0.13051,0.21897,0.01389,0.04752
0.14399,0.15497,0.02096,0.09637,0.11168,0.05190,0.04921,0.16247,0.01591,0.19254
0.12711,0.13491,0.01283,0.06379,0.15811,0.00908,0.12840,0.29766,0.01439,0.05370
0.29245,0.08558,0.02290,0.05370,0.06751,0.01277,0.11299,0.14876,0.08179,0.12156
0.14170,0.12072,0.01552,0.09406,0.06962,0.01339,0.11056,0.37557,0.01418,0.04467
0.15541,0.03619,0.04397,0.09727,0.09636,0.01256,0.14878,0.20163,0.05007,0.15775
0.16962,0.07368,0.02369,0.20156,0.04812,0.01824,0.15815,0.20631,0.01923,0.08140
0.09237,0.10739,0.02538,0.07916,0.10379,0.01354,0.33077,0.19369,0.02210,0.03181
0.09082,0.06769,0.01813,0.05876,0.05465,0.01555,0.32784,0.24412,0.03379,0.08866
0.26662,0.15490,0.01110,0.05916,0.04828,0.01367,0.13436,0.22155,0.02329,0.06706
0.38882,0.12256,0.01881,0.04875,0.07069,0.01072,0.07563,0.19248,0.01469,0.05686
0.06613,0.07033,0.04909,0.09984,0.12626,0.03662,0.11890,0.20220,0.02814,0.20251
0.12492,0.14132,0.04219,0.05406,0.07145,0.04547,0.25987,0.15341,0.04745,0.05985
0.10393,0.33524,0.01822,0.14993,0.12962,0.01030,0.04835,0.10421,0.01952,0.08068
0.13662,0.09346,0.02355,0.13342,0.04346,0.02967,0.08422,0.31863,0.02230,0.11467
0.31041,0.12867,0.01746,0.08152,0.06101,0.01628,0.09396,0.21347,0.01599,0.06122
0.26568,0.10010,0.01457,0.07665,0.04742,0.01607,0.21404,0.20909,0.01742,0.03896
0.16654,0.10395,0.02960,0.06556,0.06193,0.01384,0.13702,0.35483,0.01517,0.05155
0.04922,0.31228,0.01056,0.21033,0.03902,0.01113,0.09759,0.21941,0.01098,0.03949
0.24027,0.09180,0.02585,0.10358,0.10329,0.02198,0.19727,0.16101,0.01950,0.03545
0.05716,0.08148,0.00673,0.33310,0.17780,0.00825,0.05309,0.19183,0.01211,0.07846
0.13318,0.09217,0.01212,0.45056,0.09094,0.00642,0.03815,0.08405,0.01313,0.07928
0.17922,0.17983,0.01864,0.07297,0.15485,0.06352,0.13299,0.12709,0.02616,0.04474
0.09160,0.27030,0.01696,0.14541,0.06065,0.05092,0.17358,0.11871,0.02334,0.04853
0.03508,0.12617,0.00830,0.02457,0.29337,0.00791,0.08728,0.31043,0.01467,0.09223
0.10897,0.08626,0.01629,0.17582,0.03317,0.02516,0.06954,0.29433,0.02461,0.16584
0.07717,0.09043,0.03951,0.12208,0.07663,0.01844,0.28013,0.22842,0.01639,0.05081
0.21801,0.04083,0.01343,0.08930,0.09621,0.00852,0.11025,0.32414,0.01847,0.08085
0.05438,0.07181,0.01958,0.04559,0.04724,0.11431,0.22161,0.13720,0.11833,0.16995
0.13591,0.09313,0.02966,0.04729,0.06422,0.01695,0.26548,0.30122,0.01147,0.03465
0.31934,0.06387,0.01987,0.03032,0.08062,0.01120,0.20848,0.20153,0.01767,0.04709
0.06462,0.10398,0.00665,0.07887,0.09679,0.00784,0.26081,0.30256,0.01743,0.06045
0.10407,0.07620,0.02463,0.04964,0.06480,0.01295,0.26781,0.29489,0.02034,0.08468
0.07710,0.03787,0.02279,0.07717,0.06889,0.01010,0.14227,0.47235,0.01638,0.07507
0.16656,0.20437,0.01483,0.08005,0.06168,0.00814,0.10978,0.27610,0.01794,0.06054
0.03947,0.10845,0.01338,0.07037,0.06779,0.00643,0.43451,0.20948,0.02337,0.02674
0.08933,0.07440,0.00797,0.04637,0.04673,0.00788,0.39017,0.30324,0.01095,0.02296
0.06571,0.09746,0.02601,0.16109,0.10317,0.02114,0.11817,0.26460,0.02274,0.11991
0.13010,0.11518,0.02304,0.07238,0.06942,0.01363,0.18083,0.35371,0.01195,0.02977
0.14685,0.05835,0.02327,0.12156,0.02609,0.01663,0.32655,0.22628,0.01812,0.03630
0.05944,0.08552,0.04291,0.07435,0.07859,0.01326,0.14343,0.37852,0.02291,0.10106
