0.00528,0.01958,0.31103,0.00633,0.00527,0.23073,0.07256,0.24877,0.00699,0.00894,0.00930,0.05732,0.00754,0.01034
0.00688,0.01474,0.02381,0.00499,0.00922,0.02682,0.01897,0.02975,0.61825,0.01272,0.15813,0.03677,0.00318,0.03577
0.00975,0.06765,0.17680,0.02013,0.00444,0.27279,0.03077,0.18769,0.00532,0.01241,0.02196,0.18006,0.00554,0.00468
0.01054,0.01155,0.01929,0.02861,0.00380,0.00609,0.32535,0.00404,0.00877,0.04047,0.24978,0.01307,0.00477,0.27385
0.01561,0.00409,0.00359,0.00592,0.23075,0.00582,0.00334,0.00625,0.06609,0.42783,0.10670,0.11875,0.00204,0.00321
0.00682,0.09313,0.22187,0.00536,0.00394,0.22132,0.01778,0.12021,0.01048,0.00560,0.21102,0.06084,0.00575,0.01588
0.01401,0.03229,0.01391,0.04505,0.01150,0.01606,0.29179,0.00669,0.02748,0.04052,0.20968,0.05633,0.00816,0.22654
0.14534,0.01469,0.00345,0.00352,0.31631,0.20611,0.02865,0.00154,0.02405,0.16332,0.01475,0.06915,0.00700,0.00214
0.00960,0.04084,0.01926,0.00999,0.06208,0.00864,0.00481,0.03006,0.28588,0.00569,0.43428,0.00863,0.01886,0.06138
0.01209,0.00397,0.00437,0.02506,0.00727,0.08796,0.00896,0.01766,0.69324,0.00659,0.09604,0.01160,0.02070,0.00448
0.00861,0.00427,0.03095,0.02227,0.01042,0.01758,0.02683,0.00441,0.79273,0.01751,0.05533,0.00261,0.00172,0.00474
0.00595,0.15289,0.02198,0.03309,0.01010,0.01483,0.20167,0.01400,0.01985,0.00594,0.46674,0.01343,0.02002,0.01951
0.07783,0.01116,0.01212,0.01116,0.00594,0.01568,0.01838,0.08769,0.33920,0.02972,0.27110,0.01103,0.00372,0.10527
0.05381,0.03318,0.37464,0.03164,0.05392,0.00838,0.00790,0.00763,0.00456,0.00343,0.35078,0.03930,0.02596,0.00488
0.00797,0.00625,0.00575,0.05131,0.00619,0.00899,0.35183,0.00808,0.00718,0.01892,0.01558,0.23747,0.00404,0.27044
0.29930,0.08483,0.00459,0.25489,0.00308,0.00173,0.00195,0.00399,0.00301,0.00184,0.07246,0.00178,0.26327,0.00327
0.31331,0.29141,0.01580,0.11169,0.03364,0.00210,0.00184,0.00355,0.01571,0.00369,0.12190,0.00351,0.07797,0.00388
0.01808,0.02202,0.00800,0.00613,0.02358,0.06666,0.00531,0.00491,0.59645,0.00664,0.19068,0.03774,0.00660,0.00722
0.01715,0.03120,0.03157,0.01023,0.00770,0.01231,0.05101,0.09987,0.31641,0.00516,0.15981,0.12762,0.02503,0.10494
0.01132,0.02434,0.01540,0.02058,0.06879,0.00544,0.00899,0.07211,0.44630,0.01485,0.00367,0.00559,0.01941,0.28321
0.00320,0.00379,0.00285,0.00580,0.00201,0.30501,0.00587,0.28747,0.00399,0.00263,0.36331,0.00956,0.00276,0.00174
0.00537,0.01768,0.01000,0.04937,0.02616,0.01344,0.32774,0.00967,0.05094,0.00873,0.28900,0.17010,0.01620,0.00558
0.00622,0.13891,0.02763,0.03800,0.02026,0.00606,0.51280,0.03018,0.01528,0.01438,0.16381,0.00463,0.00876,0.01308
0.00153,0.00271,0.00206,0.25495,0.00744,0.00141,0.71399,0.00125,0.00482,0.00317,0.00266,0.00114,0.00145,0.00140
0.01322,0.01622,0.01877,0.02569,0.00767,0.00581,0.03337,0.01214,0.49052,0.00995,0.10442,0.22596,0.02742,0.00885
0.01745,0.01447,0.00790,0.04502,0.00903,0.01989,0.07713,0.01706,0.57305,0.01727,0.01051,0.16827,0.01101,0.01193
0.11985,0.09246,0.00845,0.23588,0.00595,0.00690,0.00424,0.00741,0.01963,0.00923,0.01355,0.00907,0.42635,0.04103
0.04479,0.08246,0.00272,0.00430,0.16791,0.04903,0.00450,0.00614,0.00933,0.34008,0.08401,0.19399,0.00752,0.00320
0.34155,0.17620,0.00675,0.17762,0.00290,0.00247,0.00218,0.00417,0.00507,0.00161,0.19426,0.00306,0.06882,0.01334
0.02400,0.01282,0.01053,0.00615,0.04370,0.00459,0.00702,0.01248,0.27571,0.01404,0.14806,0.01907,0.02338,0.39844
0.38908,0.00854,0.00955,0.29597,0.00420,0.00219,0.00215,0.00446,0.01107,0.00230,0.00965,0.00446,0.25123,0.00514
0.00493,0.00468,0.19782,0.00675,0.00717,0.45454,0.00739,0.18093,0.00845,0.00269,0.00788,0.11003,0.00389,0.00285
0.00694,0.00454,0.00304,0.00671,0.28974,0.00491,0.00673,0.01339,0.01395,0.33823,0.01231,0.29268,0.00261,0.00423
0.36693,0.01856,0.00388,0.24854,0.00372,0.00191,0.00215,0.00491,0.00408,0.00314,0.31596,0.00246,0.01542,0.00835
0.00977,0.01644,0.32794,0.00358,0.23697,0.00346,0.00377,0.00302,0.03045,0.00216,0.00661,0.22043,0.13080,0.00460
0.10568,0.26272,0.03963,0.03178,0.00779,0.00546,0.00722,0.00495,0.01237,0.00554,0.12198,0.00551,0.37895,0.01043
0.01811,0.00573,0.00493,0.00455,0.18340,0.01870,0.00758,0.01631,0.00359,0.25573,0.20903,0.26572,0.00355,0.00306
0.01090,0.04606,0.01008,0.06819,0.01298,0.06472,0.25339,0.01800,0.04450,0.00977,0.39136,0.01979,0.01320,0.03706
0.17613,0.01745,0.01282,0.00514,0.10644,0.37197,0.10351,0.00229,0.06943,0.01079,0.06503,0.04187,0.01413,0.00303
0.00752,0.01133,0.06666,0.00534,0.00476,0.02084,0.03526,0.00809,0.47745,0.02232,0.30460,0.02312,0.00380,0.00890
0.02145,0.05364,0.09950,0.00501,0.00722,0.00665,0.00841,0.02663,0.47057,0.00566,0.13519,0.00867,0.11257,0.03884
0.44429,0.02296,0.02260,0.13082,0.00543,0.00301,0.00252,0.00234,0.02789,0.00477,0.00920,0.06160,0.24853,0.01402
0.00295,0.05542,0.02254,0.16290,0.01277,0.00558,0.53474,0.00610,0.00811,0.00337,0.16810,0.00486,0.00834,0.00423
0.02476,0.00905,0.01328,0.00736,0.09511,0.00208,0.00486,0.03106,0.33897,0.00284,0.00842,0.02582,0.03400,0.40240
0.01150,0.01406,0.05437,0.01775,0.01553,0.00470,0.01526,0.00466,0.50750,0.00406,0.33256,0.00616,0.00619,0.00569
0.18903,0.05482,0.00751,0.10479,0.00427,0.00307,0.00278,0.00457,0.00551,0.00423,0.17271,0.01012,0.41769,0.01888
0.05271,0.02101,0.01064,0.01689,0.00718,0.02564,0.00383,0.10911,0.44985,0.00407,0.01244,0.01965,0.00646,0.26051
0.00187,0.00829,0.00506,0.00268,0.00287,0.45072,0.00561,0.46140,0.00187,0.00817,0.02801,0.01426,0.00706,0.00212
0.01999,0.02512,0.01122,0.01292,0.02350,0.01037,0.01516,0.17041,0.47260,0.01399,0.03831,0.03035,0.01307,0.14298
0.00797,0.02260,0.01106,0.00478,0.00511,0.00952,0.00618,0.02921,0.36968,0.00298,0.23958,0.14855,0.01610,0.12668
0.03942,0.02039,0.00652,0.03117,0.02407,0.01196,0.01055,0.05210,0.47432,0.00653,0.01447,0.10753,0.01182,0.18916
0.02364,0.02947,0.01091,0.00852,0.00951,0.00811,0.00685,0.00882,0.40434,0.00894,0.36016,0.00679,0.02048,0.09345
0.02914,0.03164,0.01253,0.02475,0.00818,0.01471,0.04277,0.12552,0.29745,0.00606,0.08500,0.16332,0.01414,0.14479
0.41413,0.02535,0.00648,0.11920,0.00667,0.00356,0.00304,0.01645,0.01002,0.00728,0.30297,0.01486,0.01408,0.05592
0.00643,0.00735,0.00390,0.00331,0.27687,0.00724,0.00524,0.02901,0.03388,0.35316,0.19228,0.06759,0.00835,0.00537
0.00822,0.00573,0.00254,0.00265,0.42544,0.02408,0.00254,0.00331,0.00365,0.48603,0.00599,0.02543,0.00280,0.00159
0.02686,0.00927,0.03084,0.01333,0.05352,0.01305,0.01293,0.01318,0.47640,0.02479,0.07658,0.23174,0.01012,0.00740
0.12450,0.01819,0.00823,0.00455,0.20956,0.08906,0.00699,0.03033,0.03359,0.35309,0.09585,0.01016,0.01218,0.00372
0.51507,0.00681,0.00450,0.26592,0.00462,0.00195,0.00102,0.00292,0.00987,0.00262,0.17520,0.00184,0.00341,0.00426
0.07153,0.00729,0.00780,0.00800,0.10216,0.00817,0.03049,0.00306,0.01826,0.22736,0.45253,0.01901,0.03952,0.00482
0.21904,0.18171,0.00776,0.02385,0.01277,0.00336,0.00248,0.00361,0.00872,0.00794,0.14191,0.00365,0.37806,0.00513
0.31946,0.26528,0.01160,0.19490,0.01101,0.00239,0.00248,0.00652,0.00826,0.00385,0.04422,0.00395,0.10197,0.02413
0.00736,0.05063,0.02829,0.01499,0.01955,0.01508,0.36723,0.00684,0.01124,0.00834,0.37468,0.04547,0.03950,0.01082
0.28484,0.25689,0.00422,0.09986,0.00955,0.00561,0.00244,0.00919,0.00716,0.00575,0.28439,0.00630,0.01078,0.01303
0.36022,0.03493,0.00776,0.21176,0.00354,0.00286,0.00249,0.00666,0.00487,0.00249,0.01397,0.00582,0.32618,0.01646
0.00352,0.08290,0.00649,0.13732,0.00552,0.00250,0.57152,0.00377,0.02572,0.00250,0.14615,0.00307,0.00724,0.00178
0.00942,0.01747,0.00867,0.00770,0.00516,0.00774,0.01343,0.00724,0.40135,0.01198,0.00687,0.48122,0.01060,0.01114
0.02742,0.01609,0.00684,0.00433,0.08476,0.21868,0.01226,0.00409,0.00466,0.13421,0.40363,0.06734,0.00434,0.01135
0.00716,0.00578,0.00508,0.00927,0.02419,0.00318,0.02151,0.19080,0.04873,0.00801,0.38250,0.09659,0.00587,0.19134
0.67669,0.00286,0.00219,0.30356,0.00168,0.00088,0.00089,0.00136,0.00159,0.00107,0.00305,0.00160,0.00093,0.00164
0.00754,0.01729,0.00703,0.00812,0.00392,0.03140,0.00730,0.01191,0.41035,0.01135,0.00706,0.45315,0.00655,0.01703
0.00315,0.00365,0.48775,0.00327,0.32379,0.00131,0.00285,0.00207,0.00216,0.00097,0.00298,0.16161,0.00304,0.00140
0.10212,0.00813,0.00653,0.00478,0.10182,0.01704,0.00669,0.00323,0.01086,0.30220,0.29457,0.13542,0.00394,0.00268
0.64479,0.00701,0.00676,0.29665,0.00437,0.00261,0.00119,0.00324,0.00884,0.00138,0.00465,0.00370,0.00874,0.00608
0.06529,0.01691,0.01783,0.01734,0.00600,0.00596,0.01337,0.06970,0.62959,0.01098,0.07878,0.01419,0.01244,0.04162
0.35044,0.00859,0.00594,0.14170,0.03797,0.00286,0.00324,0.01291,0.01655,0.01887,0.22014,0.16067,0.00936,0.01078
0.00732,0.00390,0.00236,0.00413,0.45105,0.00316,0.00267,0.00146,0.03017,0.47818,0.00377,0.00762,0.00248,0.00175
0.00313,0.01007,0.00640,0.20942,0.03502,0.00413,0.69732,0.00261,0.00417,0.00915,0.00937,0.00113,0.00458,0.00351
0.09158,0.07391,0.00771,0.01206,0.00792,0.00487,0.00586,0.00968,0.02345,0.11879,0.05165,0.16642,0.40303,0.02306
0.00370,0.04307,0.01492,0.05471,0.14512,0.00498,0.57441,0.05774,0.01803,0.00461,0.00717,0.04434,0.01202,0.01519
0.28176,0.25448,0.00718,0.12672,0.00444,0.00252,0.00303,0.00868,0.00768,0.00282,0.00384,0.14518,0.02548,0.12620
0.22839,0.01172,0.00874,0.09682,0.00762,0.00368,0.01189,0.01359,0.00654,0.02693,0.15349,0.34773,0.03296,0.04989
0.00641,0.01508,0.00276,0.00833,0.19870,0.00411,0.00791,0.00425,0.04764,0.30601,0.04607,0.33621,0.01473,0.00180
0.00690,0.05875,0.06160,0.03458,0.01654,0.00407,0.02711,0.01029,0.00752,0.07872,0.29084,0.16385,0.01043,0.22881
0.25533,0.03934,0.00566,0.08276,0.00613,0.00438,0.00736,0.00557,0.08169,0.00734,0.01107,0.41563,0.05866,0.01909
0.00447,0.02875,0.01224,0.07449,0.06246,0.01075,0.45750,0.03052,0.00695,0.00423,0.27037,0.00310,0.02900,0.00516
0.00273,0.07082,0.00595,0.24081,0.01727,0.00425,0.62090,0.00639,0.00713,0.00465,0.00283,0.00285,0.00840,0.00501
0.00470,0.02144,0.01591,0.16435,0.01807,0.00348,0.47666,0.00631,0.03079,0.01399,0.00474,0.00488,0.00329,0.23140
0.50199,0.00547,0.00844,0.19840,0.00642,0.00221,0.00177,0.00861,0.00691,0.00338,0.00555,0.24278,0.00338,0.00470
0.02702,0.07707,0.28968,0.04467,0.45448,0.00554,0.00352,0.03061,0.00313,0.00179,0.00468,0.00814,0.04505,0.00464
0.00080,0.00169,0.00078,0.00150,0.48623,0.00117,0.00180,0.00120,0.00238,0.49648,0.00185,0.00270,0.00058,0.00083
0.00487,0.00578,0.00160,0.00264,0.31251,0.00191,0.00347,0.00156,0.01341,0.57362,0.00601,0.06831,0.00194,0.00236
0.01106,0.02260,0.03846,0.03151,0.02903,0.00698,0.00968,0.01268,0.69496,0.01604,0.06347,0.00366,0.00800,0.05186
0.01777,0.00638,0.00784,0.01218,0.00690,0.00396,0.00402,0.09049,0.49520,0.00453,0.09787,0.00614,0.02779,0.21894
0.13098,0.00952,0.00739,0.00573,0.00902,0.00528,0.00403,0.00679,0.56906,0.00933,0.18489,0.04103,0.00375,0.01319
0.02901,0.03460,0.01419,0.01868,0.03606,0.00477,0.02237,0.06831,0.28159,0.00604,0.03466,0.01682,0.05095,0.38196
0.01232,0.03326,0.11401,0.01365,0.01090,0.32835,0.02891,0.17414,0.01466,0.01845,0.19766,0.02623,0.00897,0.01849
0.01034,0.00527,0.00269,0.00644,0.31898,0.03556,0.02394,0.00918,0.00502,0.36172,0.18546,0.03033,0.00318,0.00190
0.00418,0.05731,0.01190,0.13712,0.00728,0.00671,0.56248,0.01110,0.02168,0.00388,0.00889,0.15073,0.00827,0.00845
0.00443,0.01511,0.00856,0.00207,0.01244,0.00760,0.00562,0.02698,0.59565,0.09785,0.19274,0.00332,0.00282,0.02479
