0.06842,0.27585,0.01365,0.02144,0.20355,0.01604,0.02217,0.04170,0.01576,0.02326,0.03672,0.01231,0.01563,0.07020,0.00417,0.00312,0.03488,0.00830,0.02334,0.08950
0.01618,0.01281,0.28985,0.01226,0.01741,0.01596,0.00874,0.00954,0.00828,0.23263,0.01553,0.00301,0.11840,0.04898,0.06515,0.01271,0.00603,0.01169,0.02567,0.06918
0.06605,0.11670,0.15035,0.10769,0.03537,0.03101,0.01234,0.02637,0.01358,0.07814,0.01244,0.03322,0.01320,0.08534,0.05224,0.01634,0.02669,0.00972,0.00424,0.10895
0.01571,0.01152,0.03028,0.01999,0.00934,0.02095,0.02457,0.00702,0.32348,0.25726,0.02527,0.04281,0.02023,0.04907,0.01482,0.00951,0.06226,0.00534,0.00266,0.04791
0.01826,0.09127,0.02790,0.21695,0.00967,0.22365,0.01332,0.01643,0.02050,0.24014,0.00161,0.00665,0.01863,0.03998,0.00584,0.00570,0.00461,0.00328,0.00543,0.03020
0.05693,0.08042,0.14361,0.01614,0.01808,0.01109,0.02718,0.01834,0.01434,0.10062,0.00536,0.21458,0.01238,0.01140,0.22360,0.01524,0.00692,0.00829,0.01175,0.00373
0.27142,0.05941,0.06109,0.01819,0.01493,0.03283,0.04354,0.01959,0.01621,0.03104,0.16854,0.02005,0.01321,0.01251,0.01510,0.00640,0.15774,0.00833,0.01474,0.01514
0.02465,0.03002,0.03018,0.02106,0.01670,0.01068,0.01947,0.09946,0.01634,0.01874,0.01834,0.30476,0.01355,0.00713,0.02560,0.00923,0.31285,0.00378,0.00717,0.01029
0.05346,0.16264,0.04909,0.08269,0.04024,0.02179,0.02859,0.18200,0.04634,0.02886,0.07082,0.02854,0.01802,0.03237,0.01678,0.02248,0.05178,0.00698,0.01006,0.04646
0.10220,0.02122,0.00624,0.01512,0.01366,0.00656,0.12042,0.00749,0.00687,0.01911,0.00800,0.28014,0.00986,0.02449,0.00630,0.00653,0.31203,0.01362,0.00299,0.01715
0.08853,0.12575,0.09052,0.04750,0.08845,0.05344,0.03782,0.03430,0.01396,0.04677,0.02020,0.01983,0.00629,0.13723,0.02960,0.07000,0.01662,0.00443,0.00763,0.06113
0.00728,0.00675,0.28085,0.01031,0.00688,0.00554,0.03450,0.02040,0.01264,0.24991,0.00292,0.02246,0.01514,0.14280,0.00429,0.01078,0.01285,0.00120,0.00402,0.14847
0.00853,0.01036,0.05077,0.03171,0.03731,0.01294,0.01106,0.02524,0.02437,0.01758,0.01047,0.02520,0.04407,0.28264,0.01180,0.08986,0.02735,0.00639,0.02598,0.24636
0.03494,0.04650,0.04445,0.04395,0.03808,0.04142,0.02429,0.10480,0.02739,0.03748,0.01661,0.03138,0.03077,0.21781,0.01991,0.14207,0.01607,0.01443,0.01121,0.05643
0.02379,0.01458,0.02795,0.02103,0.00776,0.02898,0.03060,0.02252,0.04566,0.03275,0.01823,0.04120,0.02688,0.25719,0.02226,0.19620,0.01072,0.13471,0.00956,0.02741
0.03659,0.03359,0.02062,0.00926,0.02489,0.01605,0.06611,0.08000,0.01353,0.01183,0.03643,0.03098,0.03169,0.26942,0.01818,0.20707,0.02789,0.04518,0.00628,0.01440
0.02246,0.01928,0.02937,0.01679,0.01314,0.01354,0.02130,0.02457,0.01993,0.03445,0.01708,0.23602,0.02173,0.10558,0.09274,0.01758,0.12786,0.01786,0.00675,0.14195
0.02078,0.06412,0.09581,0.02564,0.01431,0.02324,0.04388,0.03166,0.01036,0.02383,0.15789,0.16585,0.01049,0.02051,0.07167,0.15241,0.04195,0.01294,0.00604,0.00661
0.01333,0.02152,0.02521,0.02061,0.03786,0.02929,0.01540,0.03065,0.02345,0.01645,0.03154,0.00914,0.16779,0.19577,0.18626,0.14943,0.00482,0.00559,0.00500,0.01088
0.01180,0.00912,0.01926,0.15709,0.03085,0.13918,0.03119,0.01864,0.01478,0.01516,0.03792,0.15196,0.01780,0.03786,0.00977,0.03474,0.17869,0.06705,0.00775,0.00937
0.03969,0.03712,0.01392,0.02584,0.03226,0.01664,0.02884,0.03571,0.03158,0.01913,0.00538,0.01440,0.04206,0.04589,0.04326,0.01403,0.02579,0.41980,0.01815,0.09050
0.10622,0.03462,0.01415,0.02505,0.04481,0.02458,0.05417,0.02556,0.01864,0.08275,0.00368,0.03449,0.01567,0.24606,0.06372,0.16581,0.01924,0.00473,0.00777,0.00831
0.01855,0.04136,0.02523,0.01401,0.07297,0.01153,0.02224,0.02528,0.01500,0.01284,0.10856,0.04454,0.01888,0.17496,0.00943,0.00287,0.13630,0.00511,0.00612,0.23422
0.01626,0.37487,0.01100,0.02739,0.30114,0.03878,0.00623,0.01746,0.01792,0.02042,0.00524,0.04342,0.01332,0.01258,0.04625,0.00543,0.01481,0.01291,0.00549,0.00908
0.04197,0.04466,0.02187,0.01573,0.01505,0.06950,0.02332,0.04625,0.02443,0.00787,0.03047,0.07769,0.03062,0.17077,0.01352,0.01220,0.12670,0.00408,0.01291,0.21038
0.01710,0.01472,0.30992,0.02108,0.01293,0.03427,0.02013,0.01496,0.00946,0.25643,0.01738,0.06610,0.01325,0.01949,0.04017,0.03319,0.03145,0.03658,0.01501,0.01637
0.01195,0.01035,0.41002,0.00957,0.00535,0.02140,0.00631,0.00891,0.00528,0.39481,0.00718,0.02440,0.00450,0.00478,0.02265,0.00680,0.00515,0.03162,0.00538,0.00355
0.00802,0.02012,0.01296,0.00925,0.00684,0.00456,0.00507,0.01504,0.00418,0.00587,0.00771,0.43733,0.01847,0.00515,0.41350,0.00508,0.00289,0.00228,0.01205,0.00362
0.03656,0.02670,0.04991,0.01860,0.14276,0.02759,0.04389,0.02067,0.03746,0.03228,0.01237,0.11383,0.00655,0.01696,0.01024,0.00490,0.13651,0.23296,0.00769,0.02157
0.01272,0.01032,0.01002,0.00943,0.01805,0.21122,0.02165,0.25818,0.00840,0.01806,0.00860,0.17321,0.02227,0.00906,0.15820,0.00385,0.01295,0.00973,0.01060,0.01347
0.01569,0.02010,0.25374,0.01754,0.01665,0.01300,0.02404,0.03760,0.01945,0.05656,0.21231,0.01392,0.01961,0.01024,0.02000,0.22499,0.00829,0.00278,0.00797,0.00552
0.01259,0.01948,0.01570,0.03445,0.03738,0.01401,0.01029,0.00544,0.01148,0.01345,0.20152,0.00818,0.06238,0.14876,0.02269,0.33031,0.01534,0.01148,0.01549,0.00958
0.38166,0.01323,0.03441,0.02292,0.01418,0.01418,0.00990,0.01203,0.00833,0.29572,0.02859,0.00696,0.03514,0.03929,0.01335,0.01726,0.00901,0.01033,0.00289,0.03064
0.01529,0.23354,0.01285,0.04591,0.16361,0.01146,0.00592,0.01095,0.02009,0.01511,0.20369,0.00814,0.00522,0.01897,0.00506,0.02734,0.16758,0.00382,0.00540,0.02005
0.09067,0.04202,0.02184,0.03629,0.00907,0.04676,0.02165,0.01923,0.06784,0.01425,0.00876,0.07503,0.00529,0.19718,0.01288,0.00730,0.07688,0.00684,0.00215,0.23806
0.03023,0.29635,0.36517,0.01437,0.03892,0.00869,0.03773,0.06390,0.01007,0.00833,0.00990,0.01347,0.01000,0.01045,0.03166,0.01168,0.00766,0.01090,0.00955,0.01097
0.02727,0.02424,0.38767,0.01096,0.01477,0.00690,0.01483,0.02295,0.01149,0.35611,0.01658,0.01573,0.01215,0.01293,0.00565,0.00952,0.01202,0.02779,0.00583,0.00461
0.05173,0.02441,0.01639,0.01373,0.01856,0.01695,0.03647,0.01192,0.01334,0.00983,0.04013,0.01220,0.01624,0.30014,0.00934,0.05594,0.02111,0.00380,0.00414,0.32362
0.02335,0.01924,0.02960,0.01513,0.03107,0.00993,0.02443,0.02358,0.00849,0.05625,0.05676,0.07906,0.13909,0.05461,0.10834,0.08088,0.09727,0.03084,0.07152,0.04058
0.00948,0.02844,0.02023,0.01903,0.01840,0.03814,0.02278,0.01475,0.01535,0.02087,0.06527,0.02698,0.09219,0.23822,0.04157,0.15258,0.04965,0.00483,0.00535,0.11589
0.03327,0.03815,0.03436,0.06418,0.03166,0.03205,0.03968,0.05301,0.02426,0.13060,0.04743,0.01973,0.03820,0.17131,0.03873,0.14285,0.01638,0.01389,0.01024,0.02001
0.02856,0.03109,0.01824,0.03287,0.01386,0.06573,0.00558,0.02271,0.01284,0.01787,0.09041,0.01012,0.03260,0.23487,0.02640,0.10569,0.05360,0.00893,0.00382,0.18420
0.36579,0.01671,0.03080,0.01924,0.03294,0.03607,0.03499,0.03173,0.00998,0.32660,0.00284,0.01319,0.01436,0.01644,0.00459,0.00508,0.01277,0.00613,0.00497,0.01479
0.01297,0.03533,0.02856,0.01147,0.01473,0.00848,0.01699,0.02469,0.01836,0.02742,0.00885,0.01432,0.02307,0.02899,0.01553,0.01204,0.01187,0.00626,0.35866,0.32141
0.01349,0.03196,0.03622,0.02439,0.01200,0.04260,0.01537,0.01362,0.02042,0.03754,0.00976,0.12264,0.05233,0.14140,0.03876,0.01991,0.13323,0.05006,0.00371,0.18058
0.05153,0.03774,0.15189,0.03040,0.03738,0.02665,0.02897,0.01914,0.01554,0.10473,0.01925,0.03603,0.00756,0.02058,0.02194,0.03604,0.02258,0.30677,0.01456,0.01072
0.01385,0.00643,0.02082,0.01257,0.01787,0.02780,0.00471,0.01051,0.01253,0.02171,0.01183,0.05370,0.22474,0.10348,0.01099,0.00530,0.05302,0.01141,0.21282,0.16390
0.36386,0.31428,0.00806,0.03782,0.01081,0.01550,0.00828,0.00680,0.01037,0.00988,0.05342,0.03598,0.01406,0.01406,0.01078,0.01040,0.04370,0.00376,0.00184,0.02633
0.02814,0.03497,0.03212,0.02984,0.03784,0.03018,0.04239,0.01901,0.02690,0.04193,0.00411,0.22336,0.01024,0.08203,0.00620,0.07035,0.24919,0.00407,0.00753,0.01958
0.00779,0.01292,0.01906,0.01708,0.03110,0.01190,0.00978,0.01151,0.00641,0.00476,0.31963,0.06037,0.01058,0.01335,0.03217,0.31476,0.09833,0.00507,0.00295,0.01047
0.02058,0.03610,0.03839,0.01899,0.01896,0.02387,0.02979,0.03379,0.02147,0.05859,0.02291,0.16934,0.00907,0.15012,0.08241,0.11826,0.10210,0.01652,0.01005,0.01869
0.03887,0.03049,0.18286,0.04721,0.02633,0.03282,0.03752,0.02505,0.00560,0.15626,0.03034,0.10749,0.03039,0.01862,0.03454,0.00738,0.11109,0.03186,0.02846,0.01682
0.04768,0.03577,0.05362,0.03974,0.05227,0.03938,0.06114,0.08640,0.02132,0.10259,0.02374,0.01721,0.05565,0.12432,0.02479,0.09521,0.01136,0.00864,0.02015,0.07904
0.01512,0.00962,0.01528,0.02591,0.02921,0.02329,0.02860,0.01434,0.01398,0.01797,0.01007,0.04158,0.07507,0.24284,0.04117,0.00930,0.04655,0.00885,0.00955,0.32171
0.01549,0.06128,0.09100,0.03625,0.02970,0.00823,0.03710,0.04057,0.00912,0.02859,0.02638,0.01927,0.00845,0.24023,0.01437,0.06968,0.01816,0.00929,0.01699,0.21987
0.02033,0.06992,0.05618,0.07779,0.01305,0.01715,0.01040,0.02297,0.02991,0.02861,0.02054,0.04826,0.01320,0.20721,0.01691,0.00594,0.03945,0.00896,0.01108,0.28217
0.33959,0.00414,0.02936,0.00785,0.01155,0.01188,0.37913,0.01761,0.00678,0.03124,0.01683,0.01945,0.02036,0.02387,0.01758,0.00997,0.01546,0.00974,0.00421,0.02338
0.04327,0.03053,0.04126,0.05483,0.03646,0.04060,0.03024,0.01641,0.02185,0.04561,0.04074,0.20910,0.01608,0.02295,0.01739,0.01150,0.26768,0.00953,0.01554,0.02842
0.03536,0.03100,0.15223,0.03151,0.05153,0.03908,0.03919,0.01052,0.04574,0.19735,0.01907,0.09916,0.01641,0.03454,0.03211,0.01759,0.11680,0.00838,0.00345,0.01899
0.01793,0.02145,0.01888,0.02986,0.03198,0.01529,0.02070,0.01043,0.01932,0.02355,0.26573,0.00425,0.08576,0.03025,0.07913,0.27865,0.00843,0.00530,0.00935,0.02375
0.05774,0.25887,0.01997,0.02065,0.14020,0.03508,0.03325,0.02543,0.03636,0.04116,0.01925,0.02906,0.00657,0.08347,0.00803,0.03858,0.01259,0.01567,0.02047,0.09761
0.07190,0.10497,0.09261,0.04085,0.04773,0.02150,0.07410,0.14398,0.02825,0.03857,0.00979,0.02145,0.01670,0.05804,0.03965,0.03291,0.01293,0.00982,0.03104,0.10320
0.03412,0.02669,0.07363,0.04210,0.02226,0.03814,0.02926,0.04001,0.02269,0.02388,0.16821,0.03493,0.03181,0.07421,0.01528,0.01772,0.15355,0.01703,0.03298,0.10152
0.02221,0.25304,0.02177,0.01741,0.00735,0.00595,0.02358,0.30485,0.01111,0.02414,0.03353,0.07927,0.02862,0.01509,0.02312,0.03159,0.07772,0.00742,0.00357,0.00868
0.01819,0.29933,0.01583,0.02519,0.01693,0.03094,0.02631,0.34242,0.01181,0.02176,0.02869,0.01243,0.01563,0.03011,0.00490,0.03545,0.01067,0.01740,0.01625,0.01976
0.01593,0.04431,0.09404,0.01172,0.05742,0.01212,0.02692,0.02740,0.01803,0.01204,0.01532,0.24166,0.04345,0.03640,0.01207,0.00726,0.26683,0.00646,0.02721,0.02342
0.03387,0.08694,0.12022,0.02899,0.02473,0.03431,0.02708,0.04110,0.02095,0.11168,0.03022,0.04939,0.01967,0.10297,0.06105,0.01151,0.03892,0.01102,0.00715,0.13824
0.27605,0.02309,0.04256,0.00998,0.02179,0.00796,0.01004,0.01942,0.01702,0.02276,0.03899,0.17753,0.03403,0.01456,0.02309,0.00761,0.24079,0.00274,0.00185,0.00812
0.01750,0.31064,0.35518,0.01905,0.03470,0.03209,0.01393,0.01873,0.01831,0.02222,0.01251,0.01219,0.03371,0.02494,0.02594,0.01842,0.00787,0.00441,0.00559,0.01208
0.01073,0.03741,0.02396,0.01226,0.01225,0.01682,0.04034,0.00909,0.01155,0.01518,0.01071,0.31430,0.04934,0.01318,0.01962,0.01478,0.36845,0.01484,0.00273,0.00245
0.10991,0.08099,0.17230,0.03237,0.03212,0.03589,0.04787,0.06050,0.04918,0.09081,0.03239,0.01427,0.00772,0.08381,0.00561,0.06065,0.03105,0.02854,0.01804,0.00600
0.05163,0.09925,0.08042,0.04459,0.03995,0.02578,0.01655,0.10493,0.05474,0.02758,0.16460,0.01092,0.01259,0.06096,0.00773,0.03345,0.11986,0.00960,0.00415,0.03073
0.01829,0.02014,0.02431,0.03611,0.05210,0.00771,0.03484,0.02194,0.01402,0.03221,0.16448,0.01248,0.01519,0.01015,0.02303,0.19306,0.02917,0.00862,0.16808,0.11406
0.00909,0.29688,0.35517,0.02706,0.00952,0.03046,0.01267,0.01639,0.01872,0.00709,0.06652,0.02686,0.01591,0.02553,0.01213,0.01260,0.02982,0.00537,0.00555,0.01667
0.01187,0.00956,0.01585,0.43195,0.00685,0.32380,0.01153,0.01674,0.01355,0.00983,0.01597,0.01423,0.01343,0.01576,0.00789,0.00596,0.00909,0.02901,0.00977,0.02735
0.03220,0.05573,0.04846,0.03096,0.02001,0.02196,0.04294,0.02031,0.03583,0.05491,0.03590,0.18340,0.02558,0.05929,0.12366,0.04866,0.11966,0.02093,0.00527,0.01433
0.03100,0.01024,0.02419,0.01293,0.02248,0.02450,0.03399,0.02970,0.01270,0.04476,0.01200,0.07079,0.02572,0.29711,0.02047,0.20955,0.07811,0.02430,0.00351,0.01196
0.05569,0.07140,0.08658,0.02380,0.03684,0.03717,0.06314,0.01599,0.02438,0.05267,0.01398,0.03058,0.02534,0.22191,0.02266,0.16375,0.01175,0.00900,0.01907,0.01431
0.02009,0.03124,0.02086,0.01830,0.01635,0.00726,0.02678,0.01440,0.00916,0.01785,0.02270,0.01908,0.30663,0.03681,0.32720,0.05968,0.00816,0.00970,0.00825,0.01951
0.01711,0.02452,0.01640,0.21518,0.05637,0.02674,0.05815,0.01580,0.01843,0.19620,0.00261,0.03845,0.02400,0.10066,0.04865,0.07408,0.02483,0.00790,0.02267,0.01125
0.03667,0.04313,0.01741,0.03190,0.01704,0.01842,0.01738,0.04225,0.00465,0.02465,0.02414,0.03820,0.01241,0.24651,0.02429,0.01577,0.02050,0.00713,0.01876,0.33879
0.34532,0.26726,0.01559,0.03341,0.02492,0.05372,0.01079,0.01695,0.01639,0.01505,0.02525,0.01124,0.03817,0.02536,0.00881,0.01005,0.02448,0.01155,0.00715,0.03855
0.03949,0.23038,0.04728,0.01586,0.01737,0.02016,0.07578,0.26937,0.01441,0.01912,0.02398,0.04179,0.02237,0.02793,0.03312,0.01551,0.04388,0.00313,0.01314,0.02594
0.01900,0.02855,0.01225,0.04478,0.02211,0.02440,0.02038,0.01387,0.01300,0.01572,0.01456,0.03706,0.03847,0.30785,0.04368,0.22963,0.03284,0.01344,0.01493,0.05350
0.02474,0.01651,0.04491,0.02238,0.02549,0.02009,0.02525,0.02906,0.00563,0.01301,0.01471,0.08811,0.04369,0.24905,0.00656,0.05973,0.09642,0.00569,0.00393,0.20504
0.01747,0.02130,0.21151,0.01158,0.01969,0.00874,0.01705,0.21019,0.00354,0.00849,0.01840,0.20919,0.01021,0.00588,0.17945,0.01213,0.00821,0.01510,0.00787,0.00401
0.02083,0.28603,0.02665,0.00614,0.01505,0.00790,0.43426,0.01810,0.01698,0.01500,0.01598,0.02130,0.01812,0.00902,0.02652,0.00536,0.02009,0.00368,0.01941,0.01358
0.01565,0.20903,0.03824,0.01696,0.01149,0.00914,0.03603,0.26085,0.00937,0.03003,0.01305,0.01222,0.02806,0.08034,0.01130,0.00637,0.00962,0.01416,0.06316,0.12493
0.13762,0.06095,0.14730,0.03674,0.01908,0.01461,0.01638,0.04696,0.02975,0.15712,0.02581,0.03198,0.02138,0.07624,0.03333,0.01208,0.01951,0.01101,0.00697,0.09520
0.03441,0.27611,0.02011,0.03532,0.19207,0.02083,0.01723,0.01286,0.02665,0.02298,0.02894,0.02541,0.04098,0.08074,0.01266,0.01685,0.01607,0.00736,0.01032,0.10207
0.05542,0.15179,0.20945,0.01487,0.01351,0.10194,0.10916,0.12282,0.02785,0.02336,0.02499,0.01574,0.00611,0.03662,0.02688,0.01696,0.01420,0.00855,0.00908,0.01070
0.16739,0.10156,0.02021,0.07174,0.05745,0.04345,0.01914,0.02756,0.02717,0.02152,0.03962,0.02563,0.03218,0.09780,0.02416,0.04714,0.01854,0.04527,0.01891,0.09356
0.03356,0.01811,0.02336,0.01816,0.04125,0.07563,0.02945,0.01811,0.01422,0.04701,0.04021,0.11089,0.02447,0.14186,0.01777,0.11430,0.14704,0.07631,0.00362,0.00468
0.01931,0.30601,0.04226,0.02528,0.24522,0.04743,0.02324,0.01161,0.01483,0.02457,0.01454,0.05889,0.03903,0.00906,0.02180,0.01095,0.05538,0.00690,0.01045,0.01325
0.05599,0.06488,0.07711,0.06156,0.03322,0.02599,0.02025,0.04676,0.02043,0.05066,0.02631,0.12720,0.01933,0.06369,0.01303,0.01632,0.14042,0.02799,0.00388,0.10498
0.03417,0.02137,0.01653,0.07518,0.02538,0.02449,0.02852,0.05345,0.05053,0.02158,0.00338,0.13704,0.01556,0.14769,0.00410,0.01899,0.15475,0.00560,0.00702,0.15467
0.02722,0.02451,0.02350,0.02564,0.02330,0.00961,0.00721,0.01183,0.03758,0.04579,0.18699,0.03883,0.00856,0.00903,0.00550,0.00267,0.19951,0.00612,0.18132,0.12529
0.04556,0.16868,0.06469,0.04103,0.14208,0.03205,0.02206,0.04618,0.01856,0.09364,0.01627,0.08217,0.01254,0.03643,0.02187,0.01291,0.08082,0.00763,0.00787,0.04697
0.02550,0.10252,0.06679,0.01770,0.03533,0.00959,0.01002,0.01151,0.00815,0.01381,0.01656,0.01616,0.03052,0.30859,0.00927,0.25483,0.03044,0.01160,0.01126,0.00987
0.02418,0.05922,0.03155,0.01693,0.05118,0.04112,0.02246,0.01949,0.03489,0.03978,0.02261,0.01613,0.00381,0.31700,0.01140,0.25985,0.01286,0.00614,0.00247,0.00693
0.02987,0.09555,0.03569,0.03292,0.06216,0.01096,0.09821,0.07247,0.05910,0.02029,0.00904,0.03842,0.02883,0.14323,0.00762,0.00935,0.02454,0.00380,0.03327,0.18466
0.01439,0.02972,0.02669,0.01935,0.03341,0.02285,0.02081,0.02025,0.01415,0.10765,0.06619,0.15465,0.01567,0.07316,0.00849,0.00935,0.23232,0.01973,0.01241,0.09877
0.02806,0.05805,0.01817,0.09041,0.02086,0.06340,0.01645,0.02232,0.00284,0.00898,0.31103,0.00866,0.04701,0.01670,0.02483,0.02226,0.21673,0.00313,0.00499,0.01513
0.02868,0.02454,0.03296,0.01267,0.02433,0.02701,0.01549,0.02661,0.01971,0.02680,0.02178,0.04211,0.01511,0.27638,0.02267,0.10918,0.01839,0.03062,0.00769,0.21726
0.03428,0.05156,0.12124,0.04099,0.03376,0.01934,0.01529,0.02423,0.00876,0.03127,0.02145,0.03242,0.02956,0.22690,0.01444,0.17632,0.01292,0.00931,0.03053,0.06541
0.01173,0.02618,0.02381,0.01235,0.02055,0.02268,0.01321,0.02496,0.03236,0.01100,0.01390,0.27686,0.01816,0.06156,0.04645,0.04365,0.30516,0.01211,0.00893,0.01437
0.03349,0.07735,0.05175,0.02627,0.02526,0.03221,0.05509,0.02647,0.03664,0.14373,0.00944,0.01634,0.01047,0.14869,0.01734,0.08834,0.01978,0.10356,0.02505,0.05272
0.03722,0.05849,0.11759,0.02277,0.02679,0.02022,0.02029,0.07132,0.03710,0.04796,0.00332,0.22757,0.00675,0.01056,0.01540,0.00476,0.24977,0.00816,0.00358,0.01039
0.00793,0.07402,0.21195,0.00637,0.01711,0.02065,0.11134,0.02391,0.01186,0.16131,0.01212,0.08904,0.06672,0.00913,0.02046,0.01731,0.11715,0.00324,0.01037,0.00801
0.01482,0.02244,0.03428,0.04431,0.04273,0.03416,0.02449,0.06154,0.01637,0.01697,0.02665,0.15366,0.01485,0.12127,0.02237,0.09636,0.18176,0.00463,0.02066,0.04566
0.02914,0.39024,0.01943,0.00851,0.31060,0.01001,0.00989,0.01483,0.00940,0.05677,0.00631,0.03225,0.00760,0.00793,0.05543,0.00537,0.01141,0.00664,0.00394,0.00427
0.02452,0.06370,0.01492,0.02953,0.04679,0.01586,0.01664,0.03422,0.01370,0.01635,0.01067,0.02804,0.07053,0.31410,0.02604,0.22352,0.02080,0.00950,0.00696,0.01360
0.04872,0.03615,0.01215,0.05946,0.04644,0.02281,0.04609,0.03091,0.02817,0.03779,0.04408,0.12542,0.02792,0.09704,0.04829,0.02957,0.12500,0.00935,0.01120,0.11344
0.02995,0.13250,0.18622,0.01667,0.27271,0.02230,0.01761,0.01877,0.01575,0.06606,0.04291,0.02742,0.01021,0.01036,0.01762,0.03772,0.04004,0.01784,0.01141,0.00594
0.01337,0.01443,0.03081,0.41072,0.02408,0.35703,0.01205,0.01167,0.01039,0.02836,0.01497,0.01289,0.01285,0.01172,0.00666,0.00353,0.00555,0.00581,0.00335,0.00976
0.01191,0.02215,0.01551,0.01453,0.02067,0.01171,0.00999,0.01177,0.00753,0.01367,0.01198,0.34731,0.04140,0.00613,0.01377,0.00472,0.41224,0.00532,0.00284,0.01484
0.13419,0.16090,0.17130,0.03591,0.01538,0.02207,0.08785,0.04222,0.01922,0.14950,0.00607,0.03766,0.00674,0.01353,0.00567,0.00663,0.02822,0.01423,0.03062,0.01211
0.01441,0.09833,0.13774,0.01160,0.01782,0.04725,0.12854,0.01779,0.04704,0.05851,0.01774,0.01369,0.10172,0.06848,0.06504,0.00897,0.01570,0.00301,0.01452,0.11212
0.00798,0.02310,0.36549,0.01612,0.01418,0.00896,0.01987,0.00891,0.01949,0.34371,0.01344,0.03570,0.01903,0.02012,0.00972,0.02502,0.02648,0.00807,0.00761,0.00699
0.01825,0.01218,0.07576,0.01634,0.02140,0.04417,0.02848,0.01041,0.01165,0.06434,0.02350,0.11120,0.00369,0.25387,0.05770,0.20264,0.00891,0.00784,0.00925,0.01841
0.04269,0.01911,0.03481,0.03809,0.06271,0.02112,0.01242,0.01620,0.01499,0.04219,0.11613,0.02525,0.04698,0.18556,0.02104,0.25027,0.02541,0.00365,0.00961,0.01178
0.01695,0.01129,0.33441,0.01703,0.02920,0.00802,0.00983,0.01284,0.02428,0.31196,0.04822,0.01291,0.03471,0.02329,0.02076,0.02912,0.01229,0.00693,0.01646,0.01951
0.00918,0.02330,0.01209,0.01310,0.01149,0.01037,0.01089,0.01348,0.00337,0.00813,0.00409,0.35062,0.03946,0.02063,0.01512,0.02051,0.41110,0.00529,0.00930,0.00848
0.00838,0.00952,0.36307,0.01524,0.02932,0.01524,0.02513,0.01139,0.00911,0.31738,0.00822,0.05179,0.02057,0.01095,0.01024,0.00995,0.07115,0.00582,0.00344,0.00410
0.01597,0.10403,0.11515,0.01511,0.08961,0.01261,0.02983,0.01761,0.04407,0.06286,0.03890,0.02215,0.01721,0.14555,0.01290,0.01221,0.02928,0.01299,0.01136,0.19061
0.07317,0.09184,0.07535,0.04886,0.03476,0.05818,0.02616,0.03210,0.02254,0.07054,0.02388,0.00500,0.01428,0.16282,0.00778,0.01709,0.01292,0.01605,0.00368,0.20302
0.01121,0.38341,0.01280,0.01011,0.01775,0.00459,0.01059,0.01478,0.40550,0.00789,0.00871,0.01339,0.01276,0.00442,0.01924,0.00955,0.03464,0.00876,0.00613,0.00379
0.28725,0.02636,0.05421,0.01299,0.01617,0.01751,0.04888,0.02213,0.02075,0.25246,0.07814,0.03183,0.01022,0.03009,0.00960,0.02058,0.02589,0.01806,0.00598,0.01089
0.00535,0.01572,0.02702,0.00823,0.01160,0.00813,0.00449,0.01229,0.02019,0.05918,0.27420,0.09655,0.00563,0.00749,0.00864,0.29258,0.11229,0.00914,0.00970,0.01159
0.06072,0.04258,0.07662,0.08899,0.03414,0.02524,0.01452,0.03722,0.02990,0.15422,0.03835,0.01168,0.02013,0.13419,0.01598,0.01280,0.04443,0.02252,0.00790,0.12785
0.01391,0.07152,0.04261,0.02622,0.03141,0.01064,0.01124,0.01306,0.01244,0.03166,0.02470,0.00528,0.00292,0.34186,0.01138,0.29078,0.02432,0.01929,0.00580,0.00898
0.31415,0.03465,0.10392,0.01921,0.01171,0.02293,0.01549,0.02484,0.00842,0.15583,0.02254,0.01337,0.02314,0.07478,0.01263,0.01572,0.01632,0.00835,0.00619,0.09580
0.15055,0.00720,0.21280,0.01574,0.01279,0.01638,0.17778,0.03175,0.01703,0.15868,0.00670,0.02604,0.02404,0.01540,0.02904,0.01223,0.02386,0.04052,0.01132,0.01015
0.01532,0.23950,0.02432,0.03676,0.01283,0.02101,0.46855,0.01218,0.00902,0.01763,0.01535,0.02161,0.02975,0.00743,0.02247,0.00772,0.00908,0.00236,0.00564,0.02147
0.02285,0.01694,0.00604,0.00531,0.01268,0.01947,0.34516,0.31791,0.05138,0.02943,0.02249,0.01492,0.00771,0.00799,0.01254,0.01562,0.01099,0.03205,0.02321,0.02531
0.03884,0.05933,0.03283,0.08823,0.04119,0.03873,0.00761,0.02394,0.01131,0.02693,0.01705,0.10253,0.01034,0.13347,0.01220,0.00699,0.10105,0.02423,0.01155,0.21166
0.13045,0.09848,0.03600,0.03131,0.04168,0.02444,0.02052,0.02380,0.02029,0.01935,0.04068,0.03319,0.01261,0.16224,0.02929,0.02994,0.02099,0.00968,0.01174,0.20331
0.06186,0.11980,0.16399,0.22128,0.01256,0.02196,0.02587,0.01315,0.01456,0.20647,0.00918,0.04579,0.00750,0.01157,0.00597,0.00611,0.03266,0.00834,0.00551,0.00586
0.13309,0.02900,0.02306,0.02059,0.04556,0.03123,0.03003,0.03807,0.03553,0.02992,0.00432,0.02341,0.04299,0.18898,0.01496,0.01867,0.00437,0.01143,0.02812,0.24666
0.01047,0.01918,0.02326,0.00667,0.02389,0.01818,0.00960,0.00810,0.00690,0.01930,0.01639,0.12499,0.02091,0.02094,0.01399,0.01244,0.16770,0.43367,0.00960,0.03383
0.06165,0.06935,0.26179,0.01823,0.02197,0.03377,0.03118,0.01248,0.03115,0.24442,0.01919,0.05125,0.00601,0.04235,0.00687,0.01789,0.04603,0.00480,0.00833,0.01132
0.02429,0.02022,0.02496,0.02540,0.02807,0.03345,0.01086,0.01846,0.01064,0.01307,0.04466,0.02928,0.05980,0.24880,0.01488,0.02248,0.03066,0.01694,0.01832,0.30478
0.03081,0.04374,0.21484,0.02000,0.03264,0.17918,0.01440,0.20354,0.00892,0.02506,0.02195,0.03298,0.05429,0.01046,0.05390,0.01458,0.00677,0.00478,0.01830,0.00886
0.01593,0.01456,0.02807,0.02285,0.01918,0.01493,0.02212,0.02502,0.01135,0.01292,0.03658,0.14342,0.02686,0.00826,0.01497,0.01666,0.20300,0.35163,0.00917,0.00252
0.01544,0.29526,0.03888,0.02108,0.01667,0.02718,0.01299,0.31534,0.03777,0.06764,0.02915,0.01801,0.01385,0.01715,0.00824,0.02695,0.00996,0.01290,0.00797,0.00758
0.03820,0.12590,0.11256,0.16563,0.01920,0.02299,0.01773,0.01360,0.02504,0.15784,0.02055,0.05827,0.01584,0.03036,0.01753,0.00427,0.04643,0.01888,0.01005,0.07912
0.17312,0.02074,0.06807,0.01097,0.03041,0.02059,0.01245,0.02424,0.01782,0.05760,0.08252,0.12634,0.01211,0.01213,0.05946,0.00966,0.22529,0.00914,0.01321,0.01411
0.05946,0.02873,0.05289,0.05131,0.04042,0.07428,0.02533,0.08140,0.03034,0.05732,0.01195,0.15289,0.03939,0.01771,0.02309,0.02798,0.18754,0.01475,0.00717,0.01608
0.06028,0.02853,0.02828,0.02538,0.03305,0.10408,0.02953,0.01969,0.01867,0.04921,0.01039,0.15735,0.02750,0.07736,0.01557,0.05182,0.18468,0.01335,0.03893,0.02636
0.01539,0.03135,0.02181,0.00471,0.01630,0.01168,0.02075,0.01937,0.02280,0.01203,0.02310,0.11318,0.03121,0.22365,0.01673,0.01638,0.09020,0.00442,0.00205,0.30289
0.02361,0.05722,0.04529,0.29260,0.02896,0.25287,0.01770,0.02533,0.03129,0.01392,0.01121,0.01928,0.02719,0.06453,0.01425,0.03457,0.00705,0.01115,0.00932,0.01265
0.02930,0.19391,0.00958,0.02097,0.16266,0.01502,0.01328,0.03081,0.02257,0.02600,0.05660,0.12515,0.01151,0.00853,0.06424,0.01671,0.13303,0.00630,0.02486,0.02895
0.04451,0.02114,0.03385,0.25067,0.03503,0.15297,0.01031,0.01660,0.00943,0.02872,0.09534,0.07029,0.00567,0.00749,0.04889,0.11276,0.02862,0.00434,0.01176,0.01159
0.01467,0.04104,0.02348,0.01757,0.03397,0.01137,0.01430,0.02039,0.01386,0.02886,0.01805,0.15105,0.00563,0.01681,0.00992,0.00980,0.16915,0.00268,0.21826,0.17915
0.01489,0.01912,0.01914,0.02376,0.02478,0.01544,0.05715,0.02266,0.01683,0.01220,0.19055,0.01280,0.03837,0.16266,0.03177,0.06375,0.11982,0.00406,0.01265,0.13761
0.03347,0.25519,0.16494,0.01059,0.26250,0.02984,0.01510,0.02348,0.02817,0.02765,0.01051,0.02233,0.02548,0.01242,0.00613,0.02509,0.01137,0.00499,0.01914,0.01160
0.12770,0.01580,0.01403,0.02028,0.02024,0.01998,0.00780,0.01658,0.00513,0.07577,0.03931,0.27976,0.00761,0.00761,0.01124,0.01242,0.30318,0.00522,0.00461,0.00572
0.01803,0.02687,0.02059,0.00818,0.01005,0.34584,0.00792,0.35827,0.01362,0.06361,0.02282,0.01346,0.00685,0.02464,0.00605,0.02270,0.00691,0.01000,0.00309,0.01051
0.04075,0.04633,0.04768,0.01558,0.04582,0.01552,0.06067,0.02456,0.01625,0.04083,0.03663,0.04495,0.14956,0.08324,0.18850,0.05259,0.03859,0.03023,0.01081,0.01093
0.02112,0.07945,0.06800,0.02229,0.01758,0.02565,0.02929,0.02005,0.01614,0.05091,0.05237,0.04145,0.02312,0.19882,0.00642,0.00796,0.06234,0.00509,0.00313,0.24881
0.01874,0.39748,0.01293,0.01593,0.29416,0.05252,0.00683,0.01353,0.01264,0.03526,0.01886,0.00703,0.01526,0.02808,0.00630,0.01274,0.00503,0.03576,0.00260,0.00833
0.02010,0.00823,0.39077,0.01433,0.06242,0.01386,0.02030,0.00773,0.01095,0.32596,0.00567,0.02493,0.00576,0.02308,0.00979,0.02091,0.01980,0.00588,0.00454,0.00499
0.01518,0.05259,0.01211,0.02242,0.03549,0.01251,0.02209,0.01292,0.02667,0.01888,0.01596,0.02083,0.03317,0.34346,0.01690,0.25564,0.04075,0.00606,0.01124,0.02514
0.20535,0.00844,0.02548,0.01803,0.01101,0.02056,0.02920,0.03053,0.01324,0.16839,0.02310,0.09459,0.01989,0.08956,0.00786,0.01034,0.09541,0.02147,0.00142,0.10615
0.03992,0.02301,0.02564,0.02121,0.02533,0.00986,0.02182,0.02122,0.01181,0.12855,0.00958,0.03745,0.01106,0.30620,0.02834,0.23343,0.00767,0.01269,0.01171,0.01350
0.01845,0.06675,0.05694,0.01680,0.02479,0.01574,0.03354,0.04451,0.01753,0.01782,0.02529,0.01117,0.01456,0.28659,0.02741,0.23753,0.02204,0.01049,0.02763,0.02441
0.02988,0.02867,0.02489,0.18172,0.06572,0.15455,0.01728,0.06064,0.01155,0.02777,0.05743,0.01540,0.13030,0.00790,0.16247,0.00801,0.00519,0.00252,0.00438,0.00374
0.02652,0.02421,0.03882,0.04187,0.01302,0.03611,0.02723,0.03481,0.02247,0.03989,0.20012,0.08041,0.01003,0.01234,0.01607,0.01738,0.20538,0.12246,0.00436,0.02649
0.02497,0.03481,0.01613,0.01492,0.01366,0.03400,0.02278,0.01509,0.01319,0.00901,0.07707,0.09599,0.03083,0.21797,0.01852,0.18975,0.10253,0.01453,0.03386,0.02039
0.00981,0.12235,0.00791,0.01526,0.09309,0.01336,0.00892,0.00514,0.00460,0.00932,0.00564,0.30728,0.00690,0.00746,0.00273,0.02159,0.34275,0.00895,0.00285,0.00407
0.37630,0.04490,0.06869,0.01334,0.00683,0.02779,0.00859,0.00758,0.00425,0.35666,0.00555,0.00881,0.01348,0.00333,0.02049,0.00650,0.00631,0.01127,0.00596,0.00336
0.02293,0.03753,0.11361,0.02324,0.01916,0.02317,0.05197,0.07652,0.02097,0.02137,0.02065,0.19167,0.02837,0.01556,0.16405,0.02361,0.01900,0.09287,0.01440,0.01934
0.01524,0.01817,0.02667,0.01546,0.04181,0.01701,0.01631,0.01974,0.00412,0.07365,0.01000,0.01005,0.00690,0.38367,0.00622,0.29382,0.00413,0.00968,0.00235,0.02497
0.34441,0.01646,0.01342,0.00939,0.01176,0.01710,0.37229,0.00824,0.01043,0.02159,0.02647,0.03303,0.02254,0.01908,0.02125,0.00380,0.02286,0.00419,0.00327,0.01842
0.03753,0.02921,0.06798,0.01870,0.02058,0.02772,0.02616,0.03102,0.05491,0.05239,0.03433,0.21224,0.02017,0.00855,0.02576,0.01429,0.28581,0.00641,0.01062,0.01562
0.00548,0.20760,0.01593,0.00982,0.16321,0.00311,0.00539,0.00924,0.00347,0.03877,0.00158,0.23308,0.01568,0.00679,0.00574,0.00549,0.25513,0.00621,0.00399,0.00427
0.07771,0.18334,0.02834,0.06796,0.03474,0.06883,0.03026,0.04038,0.03689,0.02087,0.01790,0.05814,0.02598,0.08418,0.01373,0.00398,0.06297,0.00507,0.01609,0.12264
0.05539,0.01006,0.02204,0.17547,0.02088,0.11035,0.03994,0.02735,0.06325,0.04066,0.00749,0.15363,0.01931,0.01406,0.03646,0.01502,0.17192,0.00600,0.00604,0.00469
0.01803,0.02192,0.13627,0.03890,0.01872,0.02100,0.05075,0.02096,0.06903,0.14625,0.06696,0.03266,0.01931,0.06223,0.01412,0.09885,0.01276,0.02585,0.00187,0.12356
0.06431,0.03901,0.04755,0.01739,0.01879,0.02382,0.06721,0.01856,0.01013,0.02796,0.14774,0.05802,0.05310,0.03923,0.03505,0.15143,0.08147,0.02819,0.01940,0.05163
0.02960,0.11141,0.13532,0.00813,0.02042,0.02671,0.00839,0.00974,0.00813,0.01123,0.01673,0.18298,0.08273,0.01596,0.05634,0.01240,0.22279,0.00467,0.00279,0.03352
0.08453,0.04939,0.03092,0.04536,0.02254,0.02293,0.02694,0.06357,0.01888,0.08571,0.01487,0.10564,0.01744,0.13184,0.01419,0.07074,0.11741,0.02734,0.03093,0.01882
0.02337,0.36044,0.38934,0.02702,0.01528,0.02188,0.01276,0.00989,0.00711,0.05354,0.01009,0.01009,0.00747,0.01392,0.00574,0.00612,0.01154,0.00344,0.00308,0.00787
0.00977,0.00881,0.09804,0.00935,0.01344,0.04506,0.01126,0.01702,0.00584,0.07118,0.11577,0.11965,0.04237,0.01513,0.01587,0.12800,0.17080,0.09093,0.00116,0.01055
0.01820,0.20266,0.11194,0.01333,0.06585,0.01619,0.01607,0.11647,0.01275,0.02490,0.01921,0.14296,0.02256,0.00925,0.01281,0.00638,0.16232,0.00712,0.01242,0.00663
0.09887,0.01426,0.02762,0.02365,0.01651,0.00939,0.07018,0.01345,0.07727,0.13949,0.01122,0.01522,0.01300,0.15815,0.01731,0.01725,0.00814,0.01074,0.02552,0.23275
0.01588,0.04748,0.05569,0.03380,0.01876,0.02805,0.08009,0.03213,0.03622,0.03244,0.02149,0.02431,0.01083,0.20573,0.01921,0.15488,0.04259,0.10046,0.01771,0.02227
0.05377,0.08888,0.11485,0.03472,0.03399,0.04011,0.04810,0.05479,0.08665,0.02990,0.01465,0.00801,0.06389,0.15619,0.00584,0.09707,0.01920,0.00609,0.01008,0.03321
0.00781,0.02005,0.04118,0.02322,0.07504,0.02735,0.03269,0.08398,0.01853,0.03629,0.00348,0.04563,0.02078,0.20437,0.04769,0.01911,0.00783,0.00550,0.00713,0.27234
0.20786,0.04202,0.06565,0.02363,0.05656,0.02730,0.04025,0.00997,0.03250,0.06045,0.05342,0.06748,0.02088,0.07933,0.00798,0.04702,0.10135,0.00704,0.02045,0.02890
0.19469,0.04644,0.04472,0.02670,0.01632,0.01782,0.03273,0.01242,0.01625,0.03744,0.04313,0.07913,0.10139,0.07152,0.04739,0.01950,0.08944,0.00489,0.00284,0.09526
0.04148,0.05474,0.02078,0.02246,0.01764,0.02061,0.04907,0.06905,0.01222,0.01952,0.01786,0.06565,0.02118,0.19453,0.01487,0.02977,0.05062,0.00569,0.00966,0.26258
0.00780,0.01148,0.01163,0.01267,0.02340,0.02263,0.01664,0.04119,0.01791,0.01761,0.01749,0.21207,0.01751,0.16469,0.00982,0.10712,0.23202,0.00834,0.00987,0.03810
0.02562,0.23729,0.04235,0.03619,0.03079,0.02741,0.02485,0.25658,0.01011,0.04634,0.07062,0.01663,0.02146,0.00823,0.00749,0.05319,0.04441,0.00472,0.02577,0.00997
0.01628,0.21957,0.15980,0.02440,0.03551,0.03328,0.01735,0.01697,0.03006,0.01943,0.02031,0.17702,0.00947,0.01921,0.14694,0.01818,0.01699,0.00797,0.00270,0.00857
0.04293,0.02286,0.04645,0.00364,0.01513,0.01994,0.01244,0.02100,0.00693,0.00890,0.04730,0.21842,0.02601,0.07246,0.01418,0.02095,0.30635,0.00336,0.00696,0.08379
0.02377,0.01841,0.33416,0.01085,0.01232,0.01030,0.02907,0.01660,0.00465,0.28597,0.02990,0.01264,0.03013,0.02169,0.01458,0.01718,0.04596,0.03727,0.01302,0.03154
0.05548,0.02252,0.14784,0.06155,0.00721,0.02865,0.01792,0.04281,0.02381,0.05346,0.00657,0.02802,0.01332,0.16824,0.00510,0.01213,0.04047,0.01991,0.00678,0.23821
0.00493,0.01300,0.00714,0.00907,0.01145,0.01401,0.00331,0.01224,0.02568,0.00633,0.17196,0.13516,0.02349,0.14831,0.01244,0.12197,0.26010,0.00430,0.00771,0.00741
0.03929,0.01853,0.26524,0.02001,0.05048,0.03430,0.01930,0.01496,0.01738,0.14856,0.02852,0.01679,0.01083,0.06108,0.02533,0.07602,0.01526,0.02986,0.02314,0.08512
0.32009,0.03167,0.05203,0.00857,0.02547,0.02848,0.00986,0.03531,0.01001,0.26626,0.01129,0.07499,0.00423,0.00339,0.01823,0.00554,0.06761,0.00784,0.01153,0.00762
0.01490,0.01237,0.05991,0.00878,0.03011,0.01568,0.33112,0.34465,0.01234,0.02717,0.00899,0.00892,0.01336,0.04426,0.01037,0.00982,0.01067,0.01133,0.00566,0.01960
0.01513,0.15813,0.02286,0.02265,0.01080,0.04577,0.01048,0.01419,0.00477,0.00778,0.00879,0.00596,0.38421,0.01557,0.01291,0.00738,0.00551,0.00265,0.22947,0.01498
0.01416,0.15574,0.03492,0.02519,0.01217,0.01799,0.02182,0.19329,0.01403,0.07325,0.02405,0.05776,0.07628,0.08929,0.04066,0.05224,0.07568,0.00451,0.00773,0.00926
0.01223,0.04122,0.03199,0.01740,0.01531,0.04806,0.06074,0.01698,0.01473,0.01257,0.00619,0.26323,0.00780,0.04968,0.00618,0.00973,0.27331,0.02728,0.01319,0.07220
0.03177,0.01164,0.01790,0.01696,0.02986,0.00966,0.01326,0.01915,0.01630,0.01946,0.00470,0.01951,0.01286,0.07323,0.01869,0.01195,0.01169,0.02807,0.31161,0.32174
0.01107,0.06899,0.23217,0.10962,0.12875,0.09406,0.04534,0.01924,0.02657,0.02742,0.01676,0.01683,0.03443,0.01592,0.01478,0.01198,0.02480,0.00622,0.08177,0.01327
0.03058,0.05665,0.36116,0.00762,0.01117,0.02557,0.02623,0.01600,0.03870,0.32052,0.00833,0.03046,0.00353,0.00858,0.01081,0.01783,0.01179,0.00436,0.00427,0.00585
0.00955,0.03950,0.02181,0.01697,0.01762,0.02822,0.02822,0.00647,0.03231,0.01403,0.19160,0.12005,0.03128,0.01596,0.01913,0.17323,0.16591,0.00642,0.03092,0.03080
0.02431,0.02699,0.20691,0.01412,0.01504,0.00773,0.01577,0.02250,0.02500,0.18235,0.01055,0.14525,0.00463,0.06454,0.00461,0.01006,0.16286,0.00479,0.00349,0.04850
0.00530,0.01565,0.26404,0.02271,0.01696,0.01052,0.02993,0.04778,0.00777,0.19636,0.01703,0.07729,0.01285,0.07206,0.01528,0.00871,0.08040,0.00663,0.00296,0.08979
0.01823,0.18809,0.18121,0.00829,0.03207,0.04358,0.02639,0.05149,0.04420,0.02463,0.00595,0.02829,0.00873,0.12730,0.02215,0.05148,0.03280,0.00661,0.00869,0.08985
0.01035,0.02350,0.01493,0.00593,0.02957,0.01436,0.02177,0.00801,0.02085,0.00800,0.00903,0.21032,0.04620,0.10883,0.02413,0.00800,0.24626,0.01128,0.01722,0.16147
0.01643,0.02733,0.21450,0.01365,0.04760,0.06302,0.02747,0.23840,0.11380,0.07351,0.00646,0.04563,0.00652,0.01225,0.00357,0.01321,0.02808,0.01014,0.01464,0.02379
0.35722,0.04402,0.00706,0.01617,0.01952,0.01822,0.38545,0.03488,0.01874,0.02108,0.00702,0.01618,0.00615,0.00900,0.00485,0.00416,0.00672,0.00492,0.00482,0.01383
0.01419,0.27754,0.03901,0.01861,0.00764,0.01371,0.02420,0.01875,0.29182,0.01541,0.02026,0.06024,0.03756,0.01734,0.00744,0.01468,0.09490,0.00752,0.01293,0.00624
0.00964,0.01477,0.01170,0.00414,0.01732,0.00511,0.00465,0.00538,0.00363,0.01003,0.04322,0.33152,0.00745,0.03523,0.01318,0.01277,0.39055,0.03811,0.00220,0.03940
0.00984,0.39322,0.05523,0.01009,0.30198,0.02351,0.00765,0.00992,0.00948,0.07403,0.00537,0.00781,0.00572,0.01165,0.01238,0.02926,0.00483,0.01677,0.00356,0.00770
0.02258,0.02374,0.02266,0.00761,0.01908,0.04220,0.01845,0.02636,0.00762,0.02906,0.00870,0.04846,0.04430,0.00954,0.05973,0.00848,0.02075,0.01365,0.30553,0.26150
0.01588,0.02028,0.01367,0.01388,0.04199,0.00902,0.02896,0.01948,0.00795,0.02056,0.01697,0.01163,0.01790,0.32230,0.01141,0.01609,0.00486,0.00577,0.00219,0.39921
0.02740,0.03850,0.03281,0.07156,0.02156,0.06973,0.07348,0.02331,0.03665,0.06252,0.02329,0.05239,0.01248,0.19325,0.00356,0.12238,0.02850,0.01301,0.02588,0.06773
0.04455,0.06008,0.04709,0.15406,0.01585,0.15288,0.02051,0.02937,0.01442,0.01041,0.01529,0.02524,0.20686,0.01357,0.01485,0.00662,0.02393,0.01334,0.12119,0.00990
0.01216,0.00920,0.31532,0.01320,0.00832,0.02199,0.01164,0.01710,0.01439,0.27592,0.03482,0.06879,0.01416,0.03817,0.01122,0.03830,0.07382,0.00398,0.00508,0.01242
0.02936,0.01996,0.01477,0.20280,0.04376,0.01604,0.02199,0.01305,0.01522,0.17649,0.01088,0.06935,0.01578,0.12825,0.02402,0.09894,0.07786,0.01038,0.00399,0.00711
0.01734,0.10554,0.27227,0.01835,0.05623,0.04527,0.00663,0.06394,0.01775,0.23806,0.01403,0.01468,0.01854,0.03750,0.00581,0.00241,0.00465,0.00441,0.00487,0.05171
0.01705,0.02679,0.05274,0.02784,0.01573,0.02057,0.02217,0.03135,0.00606,0.01458,0.03019,0.31071,0.04596,0.01375,0.26419,0.02141,0.02009,0.00593,0.04097,0.01193
0.01234,0.08509,0.16015,0.02891,0.05874,0.03110,0.03950,0.01640,0.04410,0.14700,0.01944,0.03181,0.03660,0.09017,0.03067,0.02954,0.02823,0.00773,0.00360,0.09888
0.03536,0.22099,0.04310,0.05087,0.14017,0.03383,0.02703,0.06229,0.06194,0.07871,0.00600,0.05334,0.01122,0.05086,0.01954,0.02537,0.02537,0.01443,0.00408,0.03549
0.01156,0.01701,0.02088,0.03411,0.01783,0.03112,0.01784,0.00799,0.02073,0.01918,0.01741,0.13122,0.02050,0.24606,0.01782,0.13628,0.14763,0.00465,0.01069,0.06949
0.01174,0.01475,0.01895,0.00435,0.03036,0.01516,0.03752,0.01569,0.00926,0.01261,0.26392,0.02093,0.12616,0.01513,0.13058,0.01588,0.23119,0.00664,0.00594,0.01324
0.01375,0.01126,0.01333,0.00724,0.00952,0.01129,0.01271,0.02668,0.01078,0.00850,0.00757,0.35630,0.01297,0.01872,0.01182,0.00918,0.41250,0.00686,0.02209,0.01694
0.00712,0.01712,0.08372,0.01665,0.01252,0.03146,0.02005,0.02312,0.01694,0.04527,0.01419,0.23114,0.03145,0.06229,0.00887,0.00350,0.28345,0.00474,0.01279,0.07360
0.03098,0.08740,0.26976,0.03525,0.05840,0.02033,0.03961,0.04389,0.05141,0.22170,0.01981,0.02997,0.01106,0.01456,0.01225,0.01147,0.01337,0.01051,0.00961,0.00866
0.02158,0.02713,0.06006,0.06012,0.05365,0.02061,0.03220,0.02945,0.00563,0.04536,0.02336,0.09267,0.05013,0.18713,0.02669,0.13395,0.08209,0.00845,0.01059,0.02916
0.01841,0.10139,0.15336,0.17620,0.19628,0.12718,0.01567,0.01456,0.00954,0.02642,0.04048,0.00975,0.00778,0.02082,0.00585,0.00973,0.02319,0.01893,0.00457,0.01990
0.01805,0.03727,0.03708,0.04463,0.01424,0.01720,0.01845,0.02773,0.01713,0.02893,0.01320,0.12088,0.01392,0.14821,0.01248,0.01308,0.17179,0.01352,0.01240,0.21983
0.05278,0.06077,0.17030,0.01433,0.02316,0.02592,0.01042,0.04296,0.01072,0.16133,0.01581,0.01062,0.04684,0.14532,0.00644,0.00769,0.00434,0.01351,0.00374,0.17302
0.02217,0.09305,0.05703,0.01929,0.03158,0.02834,0.01176,0.04649,0.02458,0.04943,0.06875,0.18885,0.05539,0.00648,0.08206,0.03555,0.13886,0.00705,0.01797,0.01530
0.04499,0.09458,0.01916,0.09730,0.06623,0.03637,0.04139,0.34302,0.05727,0.03297,0.02075,0.03218,0.01198,0.02949,0.01271,0.00934,0.01662,0.01125,0.00958,0.01282
0.31362,0.03094,0.02167,0.01938,0.00981,0.02147,0.02405,0.01654,0.01183,0.26699,0.08864,0.01914,0.00768,0.02209,0.00661,0.05995,0.02621,0.00676,0.01132,0.01531
0.00531,0.02029,0.01255,0.02102,0.02851,0.02937,0.01139,0.02066,0.01991,0.00879,0.25892,0.10874,0.01054,0.03778,0.02202,0.05461,0.27568,0.01656,0.01905,0.01832
0.01194,0.19111,0.35210,0.02088,0.01555,0.01492,0.01533,0.19642,0.01607,0.01196,0.04377,0.01075,0.01203,0.00466,0.00704,0.03319,0.02014,0.00341,0.01038,0.00835
0.38930,0.01416,0.01775,0.01293,0.02129,0.01261,0.00684,0.01527,0.07059,0.38036,0.00428,0.00464,0.00753,0.00656,0.00496,0.00466,0.00230,0.00210,0.01816,0.00371
0.07081,0.04025,0.05366,0.10793,0.04089,0.03505,0.00700,0.04534,0.02653,0.19424,0.04332,0.02905,0.03216,0.09538,0.01299,0.04079,0.06451,0.03852,0.00235,0.01924
0.01413,0.20080,0.20622,0.01021,0.02577,0.01767,0.00591,0.00931,0.01380,0.00919,0.00633,0.00801,0.01605,0.06798,0.00823,0.00586,0.00452,0.00805,0.14201,0.21994
0.00663,0.01368,0.15892,0.01633,0.01511,0.01915,0.01151,0.02512,0.00449,0.13792,0.01381,0.21678,0.01029,0.02857,0.20847,0.01604,0.00987,0.02819,0.02057,0.03856
0.01973,0.09753,0.18575,0.05177,0.08163,0.01218,0.01200,0.04658,0.02364,0.14811,0.01761,0.02643,0.01707,0.07594,0.02194,0.04419,0.02773,0.01387,0.00811,0.06818
0.00380,0.00561,0.00393,0.01783,0.00714,0.00398,0.00583,0.01123,0.02451,0.00383,0.00559,0.39100,0.01754,0.00849,0.00888,0.00502,0.45468,0.00219,0.00941,0.00951
0.02134,0.02875,0.33120,0.01701,0.01323,0.11442,0.02491,0.11671,0.01523,0.04512,0.04276,0.06187,0.01655,0.01589,0.01821,0.01689,0.06937,0.00947,0.00613,0.01492
0.02015,0.11830,0.06245,0.07786,0.04353,0.03439,0.01315,0.13093,0.05474,0.01618,0.00711,0.15365,0.00423,0.02159,0.01682,0.00622,0.16752,0.00300,0.01410,0.03408
