0.03694,0.03895,0.04327,0.04556,0.07053,0.03507,0.04065,0.04097,0.04731,0.04135,0.03590,0.03698,0.11169,0.03033,0.03961,0.03906,0.04157,0.03681,0.10927,0.07816
0.04489,0.04670,0.05524,0.05246,0.05013,0.04603,0.06100,0.06604,0.03811,0.04598,0.04377,0.04549,0.04018,0.04774,0.04795,0.04779,0.04502,0.04006,0.06220,0.07322
0.04617,0.04826,0.06452,0.05345,0.06987,0.06191,0.03444,0.03407,0.04823,0.05687,0.05466,0.05399,0.04608,0.03281,0.04289,0.04485,0.04292,0.04404,0.05675,0.06323
0.03908,0.03900,0.06462,0.05522,0.05590,0.03292,0.04330,0.04278,0.04979,0.04062,0.04330,0.04411,0.04992,0.04046,0.04666,0.04698,0.06650,0.03172,0.07190,0.09522
0.04842,0.04803,0.04301,0.04660,0.06065,0.05185,0.04456,0.04579,0.03554,0.05368,0.05972,0.05717,0.04338,0.04278,0.04386,0.04439,0.04861,0.04282,0.05656,0.08259
0.04459,0.04354,0.04250,0.04454,0.04345,0.03925,0.05316,0.05297,0.05512,0.02999,0.03385,0.03427,0.04481,0.03077,0.04015,0.04221,0.03969,0.04228,0.16706,0.07581
0.04339,0.04439,0.04946,0.04822,0.05791,0.03725,0.05010,0.05135,0.03517,0.06181,0.03960,0.04097,0.06115,0.04200,0.04787,0.04956,0.04610,0.04237,0.05981,0.09152
0.03072,0.03089,0.05009,0.03620,0.03660,0.02627,0.02781,0.02818,0.03189,0.02236,0.03121,0.03178,0.05452,0.02500,0.03192,0.03067,0.03289,0.03346,0.35150,0.05604
0.04068,0.04147,0.03391,0.03562,0.02978,0.03340,0.07104,0.07154,0.03217,0.04051,0.02947,0.02960,0.05093,0.04775,0.03421,0.03585,0.02989,0.03673,0.21345,0.06204
0.02946,0.03040,0.03262,0.03206,0.04831,0.02367,0.03589,0.03663,0.03428,0.02730,0.02670,0.02738,0.04510,0.02499,0.02896,0.02887,0.03389,0.02716,0.35089,0.07542
0.04298,0.04378,0.04599,0.04194,0.05300,0.03667,0.07049,0.07226,0.03954,0.04067,0.04364,0.04355,0.05912,0.04540,0.04568,0.04516,0.05417,0.03907,0.06055,0.07636
0.04800,0.04688,0.04531,0.05010,0.05115,0.04954,0.04526,0.04484,0.04355,0.06895,0.04395,0.04498,0.04994,0.04400,0.04990,0.05045,0.04591,0.03858,0.06925,0.06945
0.03058,0.03092,0.03109,0.03282,0.02490,0.03034,0.02988,0.02905,0.03750,0.02946,0.03248,0.03033,0.04679,0.02861,0.02757,0.02701,0.02617,0.03482,0.39745,0.04223
0.04825,0.04968,0.03805,0.04426,0.05947,0.03733,0.07113,0.07705,0.03507,0.04202,0.03762,0.03839,0.04916,0.04812,0.04905,0.05023,0.04089,0.04156,0.05604,0.08664
0.05336,0.05362,0.05334,0.05381,0.04304,0.04650,0.04565,0.04551,0.03924,0.04010,0.03926,0.03968,0.06604,0.06150,0.05041,0.05011,0.03118,0.04354,0.05520,0.08892
0.04061,0.04158,0.04621,0.04671,0.03374,0.03233,0.03598,0.03586,0.05483,0.03928,0.04247,0.04301,0.04070,0.03835,0.03820,0.03896,0.03776,0.03688,0.21783,0.05872
0.03926,0.03867,0.03718,0.04151,0.06283,0.03146,0.03954,0.03976,0.05652,0.03092,0.03405,0.03486,0.07002,0.03533,0.04124,0.04176,0.03742,0.03429,0.18517,0.06821
0.04310,0.04261,0.04447,0.04473,0.03593,0.04423,0.04168,0.04066,0.04215,0.04562,0.03519,0.03585,0.05893,0.04505,0.06694,0.06682,0.03702,0.04475,0.13191,0.05237
0.05170,0.05354,0.04874,0.05140,0.04652,0.04633,0.05892,0.06064,0.04253,0.04774,0.06019,0.06088,0.04231,0.04957,0.04634,0.04561,0.04152,0.03648,0.04943,0.05961
0.04157,0.03817,0.03521,0.03760,0.04215,0.03805,0.03730,0.03917,0.03375,0.03905,0.03419,0.03443,0.03921,0.04537,0.14057,0.11799,0.04277,0.04254,0.06264,0.05825
0.04812,0.04733,0.04396,0.04997,0.03472,0.04231,0.05817,0.05673,0.04401,0.04652,0.03891,0.03837,0.05196,0.04290,0.04331,0.04597,0.03600,0.03874,0.13193,0.06007
0.04258,0.04194,0.04182,0.04108,0.06587,0.04044,0.05996,0.06185,0.02915,0.05102,0.04684,0.04609,0.04997,0.03769,0.03867,0.04013,0.04780,0.03455,0.04940,0.13315
0.03804,0.04063,0.04237,0.04190,0.03830,0.03392,0.05374,0.05555,0.03736,0.03083,0.03928,0.03868,0.05218,0.03278,0.03750,0.03816,0.03074,0.03256,0.21680,0.06868
0.03830,0.03957,0.05093,0.04570,0.05257,0.03735,0.03431,0.03583,0.03902,0.04572,0.03683,0.03598,0.05621,0.03204,0.03947,0.03937,0.03902,0.03693,0.19747,0.06739
0.04760,0.04803,0.03492,0.03982,0.03652,0.04257,0.05075,0.05254,0.03646,0.05319,0.03596,0.03608,0.04135,0.04442,0.05136,0.05174,0.03481,0.04369,0.16042,0.05780
0.03433,0.03582,0.04184,0.04234,0.04290,0.03029,0.03214,0.03199,0.04179,0.04059,0.03242,0.03323,0.04179,0.03855,0.03904,0.03907,0.03214,0.03653,0.27580,0.05739
0.04157,0.04224,0.04378,0.04536,0.04912,0.03655,0.04070,0.04195,0.05233,0.04250,0.06079,0.06059,0.04660,0.03131,0.04156,0.04310,0.05493,0.04067,0.11642,0.06791
0.04413,0.04333,0.04325,0.04143,0.06239,0.04214,0.04425,0.04550,0.04295,0.05460,0.04873,0.04833,0.04689,0.03383,0.03990,0.04056,0.10590,0.04481,0.06472,0.06236
0.04362,0.04255,0.04359,0.04811,0.04158,0.04038,0.04331,0.04367,0.04471,0.05583,0.06074,0.05919,0.06024,0.04809,0.04745,0.04663,0.04372,0.03754,0.08879,0.06027
0.04979,0.05215,0.03800,0.04268,0.06011,0.04289,0.06464,0.06701,0.02960,0.05498,0.03691,0.03537,0.04075,0.04825,0.05506,0.05450,0.03804,0.04039,0.05606,0.09282
0.03307,0.03404,0.03236,0.03368,0.04172,0.02763,0.04206,0.04269,0.03118,0.02787,0.03228,0.03264,0.05338,0.02480,0.03654,0.03600,0.03853,0.03507,0.29593,0.06853
0.05216,0.05153,0.04297,0.04746,0.06619,0.05676,0.03944,0.04009,0.06679,0.04045,0.04283,0.04354,0.03308,0.03896,0.04396,0.04187,0.03612,0.04815,0.04972,0.11793
0.04514,0.04362,0.03914,0.04685,0.03915,0.03275,0.03457,0.03584,0.05854,0.03703,0.03561,0.03674,0.02725,0.04613,0.05595,0.05495,0.03623,0.03825,0.06663,0.18963
0.03866,0.03925,0.04135,0.04489,0.03616,0.04109,0.03183,0.03151,0.06002,0.03382,0.03749,0.03832,0.09623,0.04191,0.03647,0.03802,0.03347,0.04331,0.17655,0.05964
0.04957,0.04901,0.04707,0.04645,0.05682,0.03891,0.05439,0.05852,0.04061,0.04572,0.03940,0.04093,0.03541,0.05065,0.04888,0.04983,0.03916,0.03977,0.07852,0.09041
0.04137,0.04352,0.04504,0.04536,0.06659,0.04357,0.03576,0.03581,0.04250,0.04827,0.08777,0.07971,0.04802,0.03674,0.04598,0.04610,0.05620,0.04015,0.05441,0.05712
0.03813,0.03929,0.03787,0.03933,0.04370,0.03675,0.04241,0.04385,0.03368,0.04512,0.03627,0.03599,0.04747,0.03320,0.06335,0.06109,0.03490,0.03663,0.17847,0.07250
0.05702,0.05837,0.04192,0.04257,0.06853,0.04187,0.05114,0.05125,0.03697,0.04759,0.04822,0.04893,0.04822,0.04086,0.04899,0.04946,0.04220,0.04381,0.05733,0.07474
0.04300,0.04395,0.04525,0.05028,0.05993,0.03919,0.04008,0.04160,0.04477,0.04080,0.04235,0.04289,0.05807,0.03888,0.04384,0.04431,0.04298,0.04161,0.12632,0.06991
0.03163,0.03184,0.02899,0.03307,0.03009,0.03169,0.03414,0.03435,0.03258,0.02422,0.02807,0.02983,0.06182,0.03007,0.03221,0.03131,0.02756,0.03477,0.36177,0.05000
0.04239,0.04340,0.03592,0.03945,0.06549,0.03885,0.04706,0.04600,0.03377,0.03777,0.04593,0.04506,0.05857,0.03736,0.03772,0.03950,0.07210,0.05396,0.10029,0.07938
0.04452,0.04246,0.04468,0.04312,0.04374,0.03594,0.04610,0.04631,0.04049,0.05770,0.03599,0.03708,0.05072,0.03779,0.09961,0.09341,0.04176,0.03563,0.05390,0.06905
0.04966,0.05411,0.04596,0.05186,0.04587,0.05349,0.05003,0.05252,0.05125,0.05159,0.04958,0.04800,0.03394,0.04672,0.03920,0.04017,0.04423,0.04652,0.06684,0.07844
0.04390,0.04291,0.04960,0.05165,0.04610,0.02939,0.05200,0.05226,0.04969,0.04914,0.04609,0.04692,0.05117,0.06103,0.05113,0.04876,0.04958,0.03825,0.06759,0.07283
0.04741,0.04659,0.05478,0.05270,0.03693,0.05103,0.05139,0.05300,0.05043,0.04601,0.04756,0.04831,0.06008,0.04396,0.04693,0.04763,0.04175,0.04156,0.06720,0.06474
0.03837,0.03785,0.05250,0.05722,0.03975,0.03771,0.05191,0.05035,0.05161,0.03226,0.04524,0.04422,0.05519,0.03085,0.04442,0.04322,0.06790,0.04213,0.08081,0.09648
0.04869,0.04790,0.04234,0.04578,0.06099,0.03994,0.04613,0.04617,0.04149,0.04282,0.04391,0.04552,0.04534,0.06291,0.04974,0.04888,0.04240,0.04422,0.07100,0.08383
0.05090,0.05396,0.04723,0.04588,0.05710,0.04383,0.06004,0.05910,0.03887,0.04433,0.03889,0.03910,0.03901,0.04733,0.04079,0.04238,0.05191,0.05579,0.07414,0.06943
0.04284,0.04410,0.05965,0.05381,0.04974,0.04667,0.03866,0.03895,0.05603,0.04825,0.06198,0.06072,0.05856,0.04563,0.04376,0.04399,0.04810,0.04085,0.05990,0.05782
0.04641,0.04707,0.05275,0.05340,0.08130,0.04527,0.04313,0.04469,0.04143,0.06803,0.03651,0.03672,0.04563,0.03647,0.04226,0.04251,0.03263,0.03892,0.05777,0.10709
0.04309,0.04238,0.04146,0.04642,0.05345,0.03320,0.04514,0.04509,0.04794,0.04381,0.04158,0.04193,0.06894,0.04145,0.05128,0.04794,0.04112,0.03665,0.12021,0.06693
0.05751,0.05600,0.03603,0.04220,0.06476,0.03815,0.05520,0.05482,0.04251,0.05354,0.04849,0.04873,0.04088,0.04296,0.04188,0.04327,0.05681,0.04004,0.06845,0.06777
0.03908,0.04091,0.04220,0.04566,0.06244,0.04483,0.04486,0.04533,0.04078,0.05040,0.07651,0.07279,0.05854,0.03969,0.04489,0.04394,0.04915,0.03665,0.05412,0.06723
0.03922,0.04132,0.03668,0.03946,0.06165,0.03570,0.08036,0.08390,0.03715,0.05855,0.04041,0.04037,0.04239,0.04898,0.04137,0.04070,0.06081,0.03547,0.05152,0.08399
0.03888,0.03958,0.06063,0.05490,0.05819,0.03764,0.04815,0.04958,0.05173,0.08544,0.03173,0.03435,0.04709,0.03950,0.04330,0.04263,0.03967,0.03679,0.06834,0.09188
0.05239,0.05190,0.04554,0.05022,0.04813,0.04796,0.04223,0.04295,0.05882,0.04946,0.04106,0.03973,0.03550,0.04062,0.04547,0.04613,0.03630,0.04822,0.09017,0.08721
0.06699,0.06465,0.04092,0.04694,0.06188,0.05267,0.04760,0.04795,0.03759,0.04492,0.04305,0.04462,0.04167,0.04252,0.05112,0.05043,0.03376,0.04444,0.06424,0.07203
0.04538,0.04754,0.06329,0.04985,0.06503,0.03436,0.05970,0.05995,0.03711,0.04439,0.04569,0.04773,0.05504,0.04970,0.04152,0.04223,0.04048,0.03288,0.07167,0.06647
0.04723,0.04287,0.04537,0.04413,0.05874,0.03931,0.04431,0.04490,0.04707,0.05154,0.03509,0.03610,0.04797,0.04031,0.05616,0.05486,0.05185,0.04865,0.08256,0.08096
0.04257,0.04516,0.04928,0.05247,0.05492,0.03500,0.05636,0.05169,0.03829,0.04184,0.03745,0.03927,0.04662,0.04693,0.04372,0.04431,0.04433,0.03760,0.08822,0.10396
0.04142,0.04127,0.08212,0.05347,0.07190,0.03939,0.03419,0.03413,0.04573,0.04649,0.04313,0.04524,0.05342,0.03927,0.04480,0.04440,0.03647,0.03439,0.08483,0.08395
0.04614,0.04630,0.04488,0.04644,0.07417,0.03307,0.05329,0.05498,0.03508,0.04521,0.03637,0.03672,0.04211,0.04865,0.04309,0.04484,0.03856,0.03360,0.08659,0.10990
0.04737,0.04806,0.03883,0.04278,0.04022,0.03138,0.06916,0.07031,0.03657,0.04386,0.04216,0.04117,0.03796,0.05587,0.04733,0.04778,0.05535,0.05662,0.06136,0.08586
0.04757,0.04792,0.04232,0.04407,0.06393,0.04421,0.04478,0.04540,0.04458,0.03861,0.04814,0.04904,0.04039,0.04328,0.03838,0.03927,0.09719,0.05587,0.05668,0.06838
0.03626,0.04044,0.04320,0.03994,0.08674,0.03470,0.04010,0.04161,0.04092,0.03651,0.03176,0.03289,0.05476,0.02815,0.03396,0.03465,0.04266,0.04329,0.17937,0.07808
0.04541,0.04474,0.04319,0.04283,0.05393,0.03657,0.04133,0.04122,0.04051,0.04226,0.04152,0.04092,0.05367,0.03823,0.08915,0.08616,0.04008,0.04084,0.06986,0.06758
0.03373,0.03387,0.03367,0.03634,0.04544,0.02857,0.03977,0.04072,0.03618,0.02851,0.03338,0.03395,0.05947,0.02950,0.03361,0.03334,0.03078,0.03237,0.29595,0.06082
0.04685,0.04770,0.03663,0.03981,0.04020,0.03995,0.03707,0.03741,0.04156,0.03543,0.04069,0.04154,0.04604,0.03156,0.03705,0.03794,0.03475,0.04121,0.21702,0.06960
0.05047,0.05267,0.05564,0.05514,0.06773,0.04234,0.04324,0.04286,0.03943,0.04705,0.03806,0.03833,0.04555,0.04151,0.04294,0.04311,0.03692,0.04523,0.08858,0.08320
0.04394,0.04105,0.04193,0.04081,0.05328,0.04385,0.03149,0.03272,0.04444,0.03668,0.04502,0.04433,0.02912,0.03730,0.04743,0.04629,0.17803,0.05879,0.04089,0.06263
0.03945,0.03980,0.05217,0.04908,0.05819,0.03463,0.04431,0.04547,0.04311,0.06895,0.03490,0.03541,0.05897,0.03498,0.04053,0.04071,0.06372,0.03347,0.08378,0.09838
0.04664,0.04879,0.04928,0.05067,0.04477,0.04564,0.06091,0.06356,0.04556,0.04063,0.04488,0.04626,0.05145,0.05465,0.04573,0.04709,0.04627,0.04843,0.06128,0.05751
0.04109,0.04111,0.04040,0.04207,0.06805,0.03430,0.04284,0.04069,0.04631,0.04488,0.05150,0.05348,0.05319,0.04273,0.04243,0.04271,0.05792,0.03793,0.10600,0.07036
0.04962,0.05204,0.04637,0.04493,0.07389,0.04309,0.04566,0.04729,0.03999,0.05293,0.05261,0.05416,0.03747,0.04934,0.03825,0.03801,0.06619,0.04433,0.06116,0.06267
0.04125,0.04233,0.04008,0.04162,0.04489,0.05296,0.03993,0.03975,0.04380,0.05439,0.03930,0.04018,0.05825,0.03668,0.04194,0.04367,0.06459,0.05787,0.10185,0.07466
0.04073,0.04010,0.03658,0.04355,0.04798,0.05252,0.04607,0.04799,0.04474,0.05698,0.03572,0.03578,0.07335,0.04385,0.04517,0.04711,0.03949,0.04439,0.07488,0.10303
0.04084,0.03768,0.03542,0.03941,0.03948,0.03515,0.04271,0.04252,0.03666,0.04921,0.03503,0.03560,0.04050,0.04103,0.13061,0.11424,0.03798,0.03959,0.07758,0.04878
0.04867,0.04693,0.03885,0.04527,0.04916,0.04479,0.04441,0.04457,0.05055,0.03632,0.03866,0.03840,0.08835,0.06069,0.04339,0.04545,0.03213,0.04128,0.09751,0.06461
0.04134,0.04212,0.04895,0.04463,0.06038,0.03287,0.03527,0.03593,0.05666,0.03825,0.03804,0.03938,0.05103,0.05218,0.05689,0.05620,0.05203,0.03810,0.11337,0.06636
0.04022,0.04119,0.04017,0.04588,0.05762,0.04298,0.04179,0.04203,0.04590,0.04587,0.03812,0.03944,0.06282,0.04528,0.04145,0.04306,0.04062,0.03748,0.13752,0.07057
0.03583,0.03768,0.03791,0.03781,0.05859,0.04069,0.03473,0.03467,0.03914,0.03884,0.03940,0.04090,0.04542,0.02941,0.03876,0.03843,0.15079,0.04914,0.09981,0.07204
0.04170,0.04283,0.04267,0.04679,0.03844,0.03753,0.04765,0.04544,0.04821,0.04168,0.03688,0.03648,0.04911,0.04104,0.03990,0.03986,0.03879,0.04293,0.18002,0.06204
0.04013,0.03984,0.03822,0.04093,0.04346,0.03546,0.09896,0.09594,0.03565,0.03669,0.04481,0.04564,0.03462,0.03895,0.04411,0.04324,0.08182,0.03742,0.04124,0.08289
0.03476,0.03714,0.09766,0.06155,0.06619,0.03235,0.03616,0.03775,0.03897,0.04318,0.03679,0.03687,0.05023,0.02987,0.03728,0.03653,0.04539,0.02877,0.06843,0.14413
0.04037,0.04149,0.04955,0.04892,0.14140,0.03656,0.03621,0.03585,0.05070,0.04048,0.04245,0.04422,0.05704,0.03005,0.04011,0.04158,0.05602,0.03464,0.05756,0.07480
0.04373,0.04202,0.04517,0.04661,0.04118,0.03908,0.03384,0.03430,0.04945,0.04709,0.04258,0.04223,0.03302,0.04494,0.09677,0.08948,0.05620,0.04935,0.06103,0.06193
0.04603,0.04667,0.04415,0.04440,0.05181,0.04614,0.05535,0.05384,0.03298,0.04886,0.03963,0.03922,0.03529,0.05030,0.04518,0.04630,0.10004,0.06033,0.04843,0.06504
0.04622,0.04612,0.04535,0.04303,0.05383,0.04717,0.04099,0.04055,0.06933,0.04199,0.06078,0.06144,0.05146,0.03563,0.04051,0.04112,0.05367,0.05299,0.07496,0.05288
0.03473,0.03544,0.03768,0.03858,0.09190,0.03137,0.04280,0.04493,0.02870,0.09435,0.03682,0.03789,0.05001,0.02970,0.03471,0.03594,0.04620,0.03204,0.05091,0.16530
0.04249,0.04388,0.05916,0.04712,0.05187,0.03863,0.03793,0.03895,0.05270,0.04895,0.04143,0.04350,0.06081,0.04018,0.04241,0.04416,0.06399,0.05955,0.08491,0.05738
0.05017,0.05155,0.04112,0.05087,0.05472,0.05073,0.03685,0.03699,0.06659,0.03423,0.04676,0.04712,0.03550,0.04765,0.04906,0.04820,0.03453,0.04832,0.06016,0.10888
0.04413,0.04462,0.05114,0.05156,0.07889,0.04927,0.03760,0.03993,0.05703,0.04681,0.04317,0.04499,0.04595,0.04876,0.03904,0.03828,0.03720,0.04251,0.09310,0.06603
0.04766,0.05087,0.04499,0.04607,0.08105,0.04245,0.05237,0.05305,0.03998,0.03782,0.05048,0.05109,0.03492,0.03536,0.03902,0.03904,0.05739,0.03800,0.06405,0.09433
0.04618,0.04512,0.06490,0.06027,0.04418,0.03329,0.04062,0.04066,0.04497,0.04977,0.03119,0.03232,0.04302,0.04764,0.05985,0.05845,0.04162,0.03955,0.07589,0.10053
0.04577,0.04778,0.04587,0.04489,0.06406,0.03453,0.03815,0.03914,0.04064,0.04403,0.04380,0.04265,0.04102,0.04107,0.04358,0.04318,0.09066,0.06696,0.06830,0.07392
0.03631,0.03678,0.04388,0.04029,0.03618,0.03488,0.03763,0.03741,0.04609,0.03633,0.05507,0.05393,0.07360,0.03121,0.03845,0.03927,0.03762,0.03258,0.19302,0.05947
0.04565,0.04406,0.04732,0.04694,0.04137,0.03792,0.04107,0.04183,0.06084,0.05844,0.05046,0.04958,0.05238,0.04258,0.03377,0.03411,0.03841,0.03873,0.12894,0.06560
0.03965,0.04062,0.05950,0.04952,0.04998,0.03736,0.04593,0.04623,0.04116,0.03509,0.04829,0.05094,0.05283,0.03184,0.04524,0.04415,0.08426,0.04944,0.08502,0.06296
0.05263,0.05663,0.05103,0.05507,0.05179,0.04480,0.05213,0.05476,0.03877,0.03935,0.04004,0.03963,0.03278,0.06357,0.04566,0.04573,0.03708,0.04797,0.06303,0.08756
0.05434,0.05392,0.04198,0.04545,0.05791,0.03863,0.05783,0.05982,0.03439,0.03830,0.04381,0.04426,0.04998,0.04435,0.04665,0.04539,0.03479,0.04277,0.07324,0.09217
