0.05049,0.04997,0.04735,0.04704,0.04618,0.05080,0.04430,0.03781,0.06502,0.06351,0.04842,0.04824,0.05019,0.05121,0.04278,0.04984,0.04598,0.04873,0.05629,0.05584
0.04902,0.05003,0.04961,0.04980,0.04837,0.04983,0.04893,0.04696,0.05739,0.05812,0.04689,0.04723,0.05048,0.05024,0.04611,0.05183,0.04596,0.04568,0.05326,0.05426
0.04693,0.04769,0.04990,0.05071,0.04974,0.05202,0.04392,0.04033,0.04855,0.04939,0.04817,0.04865,0.04658,0.04603,0.06054,0.06872,0.04849,0.04528,0.05346,0.05490
0.04977,0.05010,0.05132,0.05002,0.05050,0.04782,0.04424,0.04582,0.05101,0.05262,0.04968,0.04947,0.05518,0.05436,0.05091,0.04306,0.04730,0.04314,0.05671,0.05698
0.04912,0.05108,0.05233,0.05048,0.05106,0.04999,0.04989,0.04984,0.05015,0.05187,0.05026,0.05165,0.05208,0.05191,0.04466,0.04413,0.04457,0.04796,0.05371,0.05326
0.04796,0.04800,0.04802,0.04833,0.04867,0.05202,0.04880,0.04492,0.05029,0.04891,0.04801,0.04813,0.04835,0.04832,0.06079,0.05807,0.05174,0.05040,0.04992,0.05036
0.04731,0.04859,0.04901,0.04975,0.05687,0.06132,0.04635,0.04415,0.04970,0.05060,0.05237,0.05297,0.04766,0.04918,0.04692,0.04891,0.04892,0.04629,0.05192,0.05122
0.05097,0.05089,0.05482,0.05378,0.04333,0.05529,0.04783,0.04403,0.05078,0.05012,0.04951,0.04934,0.04510,0.04470,0.04733,0.05183,0.05221,0.04767,0.05576,0.05472
0.05184,0.05149,0.04856,0.04953,0.05411,0.05018,0.04284,0.04920,0.04948,0.04857,0.04970,0.04856,0.05851,0.05785,0.04473,0.04727,0.04745,0.04343,0.05360,0.05310
0.05399,0.05153,0.04869,0.04858,0.04438,0.04802,0.04912,0.04061,0.06268,0.06496,0.04690,0.04606,0.04535,0.04450,0.04617,0.05723,0.04076,0.05075,0.05495,0.05475
0.04990,0.05011,0.04543,0.04584,0.05079,0.04183,0.04506,0.04906,0.05244,0.05175,0.04939,0.04948,0.06015,0.06052,0.05221,0.04662,0.04813,0.04457,0.05316,0.05356
0.04780,0.04745,0.04695,0.04760,0.05605,0.07019,0.04595,0.04651,0.04557,0.04492,0.04970,0.04916,0.04827,0.04881,0.04334,0.04862,0.05439,0.05306,0.05298,0.05268
0.04486,0.04603,0.04751,0.04752,0.04694,0.05883,0.04795,0.04273,0.04456,0.04581,0.04823,0.04956,0.04859,0.04672,0.04916,0.04970,0.07401,0.05269,0.05354,0.05504
0.04644,0.04555,0.04725,0.04767,0.04591,0.04879,0.06013,0.04497,0.04828,0.04829,0.04925,0.04989,0.04550,0.04436,0.05445,0.05340,0.05297,0.05102,0.05771,0.05819
0.04788,0.04761,0.04765,0.04811,0.05305,0.04461,0.07571,0.05496,0.04786,0.04750,0.04760,0.04835,0.04568,0.04549,0.05066,0.05250,0.04054,0.04844,0.05304,0.05275
0.04649,0.04769,0.04966,0.05042,0.05459,0.05678,0.05254,0.04718,0.04657,0.04732,0.04959,0.04986,0.04653,0.04675,0.05140,0.05014,0.05200,0.05096,0.05197,0.05157
0.04805,0.04737,0.05316,0.05249,0.04564,0.05046,0.04457,0.04315,0.04789,0.04808,0.04770,0.04690,0.04875,0.04857,0.06702,0.05758,0.04753,0.05081,0.05230,0.05198
0.04706,0.04766,0.04654,0.04527,0.04978,0.04727,0.05561,0.07651,0.04749,0.04902,0.05009,0.04971,0.05034,0.05117,0.04459,0.04875,0.04900,0.04673,0.04940,0.04802
0.04898,0.05074,0.04808,0.04959,0.05135,0.04985,0.04294,0.04740,0.04893,0.04868,0.04889,0.05008,0.05976,0.05965,0.04645,0.04581,0.04685,0.05077,0.05244,0.05274
0.05190,0.05223,0.04871,0.04866,0.05653,0.04995,0.04986,0.05132,0.04819,0.04795,0.05069,0.05034,0.04987,0.04981,0.04696,0.04627,0.04758,0.04763,0.05207,0.05347
0.04575,0.04756,0.04782,0.04719,0.06862,0.05589,0.05296,0.04554,0.04579,0.04622,0.04977,0.05088,0.04673,0.04830,0.04498,0.04799,0.04488,0.05085,0.05653,0.05573
0.04753,0.04884,0.04760,0.04888,0.05833,0.06527,0.04897,0.05151,0.04777,0.04836,0.04891,0.04822,0.04953,0.04919,0.04381,0.04942,0.04907,0.05102,0.04919,0.04856
0.04934,0.04980,0.04999,0.04983,0.05279,0.04356,0.05841,0.06709,0.04605,0.04683,0.05066,0.04928,0.05004,0.04990,0.04561,0.04676,0.04667,0.04603,0.05065,0.05072
0.04725,0.04710,0.04689,0.04676,0.04992,0.04789,0.05107,0.04919,0.06173,0.06190,0.04913,0.05005,0.05142,0.05108,0.04300,0.04739,0.04377,0.05093,0.05176,0.05176
0.04605,0.04609,0.04770,0.04750,0.05015,0.04468,0.05057,0.05465,0.04985,0.05176,0.06421,0.06332,0.04712,0.04757,0.04372,0.04795,0.04349,0.05222,0.05081,0.05059
0.04928,0.04908,0.04968,0.04927,0.05815,0.05972,0.04752,0.04914,0.04593,0.04619,0.04871,0.04865,0.04687,0.04723,0.04803,0.05078,0.04791,0.05345,0.05231,0.05210
0.04836,0.04801,0.04390,0.04558,0.04636,0.05368,0.04739,0.04464,0.06027,0.06041,0.04915,0.04920,0.05092,0.05116,0.04774,0.04962,0.05046,0.04664,0.05333,0.05318
0.04757,0.04814,0.04756,0.04700,0.04371,0.05771,0.04744,0.04673,0.04297,0.04346,0.04422,0.04400,0.04838,0.04754,0.04384,0.04778,0.08886,0.05914,0.05179,0.05218
0.04913,0.04981,0.04966,0.04962,0.04898,0.04449,0.06841,0.07058,0.04433,0.04387,0.04786,0.04854,0.04548,0.04581,0.04201,0.04846,0.04715,0.05117,0.05201,0.05261
0.05086,0.05021,0.04781,0.04677,0.05333,0.04223,0.06284,0.06498,0.04744,0.04704,0.04925,0.05049,0.04766,0.04874,0.04388,0.04966,0.04760,0.04674,0.05122,0.05124
0.04803,0.04889,0.04890,0.04864,0.05253,0.04955,0.04454,0.04396,0.04785,0.04762,0.05075,0.05165,0.05933,0.06146,0.04765,0.04780,0.04698,0.04922,0.05262,0.05206
0.04964,0.05098,0.05054,0.04907,0.04748,0.05008,0.04924,0.04878,0.04701,0.04742,0.04985,0.04969,0.05876,0.05874,0.04968,0.04351,0.04688,0.04888,0.05216,0.05160
0.04623,0.04614,0.04932,0.04867,0.04512,0.04550,0.06783,0.05981,0.04681,0.04697,0.04889,0.04802,0.04796,0.04793,0.05054,0.05261,0.04610,0.05121,0.05305,0.05131
0.04513,0.04544,0.04354,0.04436,0.04279,0.05643,0.04913,0.04622,0.04326,0.04479,0.04925,0.04936,0.04622,0.04607,0.04426,0.04412,0.09543,0.05755,0.05263,0.05403
0.04925,0.04914,0.04581,0.04534,0.05267,0.05073,0.04754,0.05355,0.04540,0.04560,0.05290,0.05241,0.06448,0.06397,0.03645,0.04448,0.04609,0.05069,0.05201,0.05148
0.05179,0.05241,0.04841,0.04844,0.05262,0.04614,0.04641,0.04977,0.04832,0.04864,0.04992,0.05031,0.05896,0.05899,0.04095,0.04480,0.05301,0.04673,0.05135,0.05201
0.04640,0.04723,0.05762,0.05680,0.04486,0.05585,0.04649,0.04674,0.05024,0.04991,0.05039,0.04950,0.04840,0.04870,0.04853,0.04926,0.05252,0.04694,0.05119,0.05245
0.04774,0.04727,0.04963,0.05012,0.04729,0.04820,0.05721,0.06691,0.05137,0.05139,0.04991,0.04981,0.04476,0.04490,0.04260,0.04991,0.04795,0.04677,0.05337,0.05290
0.05061,0.05108,0.04910,0.04966,0.04779,0.05124,0.04924,0.04453,0.04963,0.04833,0.04946,0.04943,0.04678,0.04599,0.04051,0.05235,0.05755,0.05961,0.05326,0.05382
0.05599,0.05351,0.04919,0.04903,0.05302,0.04292,0.05362,0.04406,0.05063,0.04954,0.06067,0.05982,0.03858,0.04043,0.04549,0.04986,0.05315,0.04911,0.05097,0.05040
0.04718,0.04801,0.04897,0.04953,0.04963,0.04536,0.04714,0.04739,0.04426,0.04486,0.05080,0.05140,0.04845,0.04868,0.07198,0.05102,0.05535,0.04792,0.05107,0.05100
0.04609,0.04716,0.04705,0.04683,0.05427,0.04658,0.04961,0.04699,0.04940,0.04934,0.06180,0.06105,0.05044,0.04999,0.04269,0.04728,0.04932,0.04874,0.05290,0.05247
0.04775,0.04865,0.04773,0.04895,0.04643,0.05108,0.04488,0.04589,0.04922,0.04837,0.04536,0.04496,0.06436,0.06333,0.04989,0.04501,0.05110,0.04850,0.05430,0.05425
0.05110,0.04932,0.04926,0.04891,0.04828,0.04157,0.04907,0.05045,0.05069,0.05020,0.06308,0.06137,0.04780,0.04564,0.04627,0.04809,0.04843,0.04860,0.05098,0.05089
0.04798,0.04729,0.04865,0.04812,0.04983,0.04587,0.05362,0.04351,0.04916,0.05000,0.05036,0.05047,0.04890,0.04775,0.04929,0.05996,0.04872,0.04835,0.05637,0.05580
0.04863,0.05028,0.04903,0.04927,0.05264,0.05717,0.04744,0.04725,0.04714,0.04750,0.05207,0.05132,0.04972,0.05083,0.04638,0.04632,0.05119,0.04558,0.05531,0.05491
0.04576,0.04502,0.04411,0.04502,0.05142,0.04898,0.05889,0.05977,0.05009,0.05079,0.04930,0.05044,0.04928,0.04976,0.04692,0.04596,0.04936,0.04806,0.05538,0.05569
0.04732,0.04770,0.04498,0.04558,0.04738,0.05026,0.04663,0.04348,0.04707,0.04672,0.05314,0.05243,0.04821,0.04739,0.04316,0.05467,0.05844,0.07264,0.05105,0.05176
0.05158,0.05047,0.04662,0.04672,0.05806,0.04687,0.04488,0.05284,0.04872,0.04873,0.04923,0.04961,0.05949,0.05914,0.03690,0.04618,0.05022,0.04770,0.05239,0.05366
0.04591,0.04556,0.04771,0.04837,0.04596,0.05361,0.04991,0.04909,0.04321,0.04349,0.04711,0.04712,0.04792,0.04705,0.05292,0.04733,0.07300,0.05809,0.05353,0.05309
0.04641,0.04688,0.04787,0.04771,0.04961,0.04070,0.08067,0.05899,0.04139,0.04110,0.04792,0.04822,0.04783,0.04664,0.04821,0.04333,0.05332,0.05189,0.05515,0.05615
0.04682,0.04724,0.04542,0.04631,0.04476,0.05171,0.04450,0.04625,0.04503,0.04608,0.04840,0.04783,0.05022,0.05054,0.04743,0.04474,0.08521,0.05718,0.05149,0.05284
0.04768,0.04784,0.04688,0.04593,0.04861,0.04765,0.04178,0.04309,0.04882,0.04984,0.04652,0.04703,0.06697,0.06549,0.04923,0.05241,0.05215,0.04745,0.05220,0.05244
0.04333,0.04310,0.04269,0.04307,0.04358,0.05675,0.04878,0.04517,0.03922,0.03871,0.05163,0.05095,0.04841,0.04847,0.04727,0.04082,0.10542,0.05682,0.05304,0.05277
0.04578,0.04686,0.04687,0.04746,0.05906,0.06041,0.04461,0.04846,0.04895,0.04897,0.05214,0.05242,0.04997,0.05036,0.04401,0.04736,0.05305,0.05014,0.05179,0.05132
0.04762,0.04869,0.04758,0.04692,0.04812,0.04539,0.05310,0.05036,0.04748,0.04772,0.05194,0.05188,0.05687,0.05550,0.05204,0.04477,0.04865,0.05307,0.05185,0.05046
0.04804,0.04991,0.04795,0.04812,0.05277,0.04752,0.05464,0.07078,0.04491,0.04464,0.04986,0.05058,0.04701,0.04776,0.04568,0.05134,0.05149,0.04802,0.04960,0.04935
0.04735,0.04771,0.04885,0.04804,0.04831,0.04187,0.05715,0.04776,0.06069,0.06040,0.04961,0.05015,0.04802,0.04860,0.04858,0.05049,0.04339,0.04933,0.05152,0.05219
0.04817,0.04633,0.04832,0.04957,0.04683,0.04962,0.04796,0.05732,0.04973,0.04953,0.06066,0.06150,0.04754,0.04611,0.04203,0.04727,0.04481,0.05712,0.04978,0.04980
0.04970,0.05148,0.04934,0.04774,0.06106,0.05261,0.04722,0.05066,0.04950,0.04970,0.04751,0.04767,0.05080,0.05087,0.04444,0.04741,0.04262,0.05496,0.05212,0.05258
0.04847,0.04818,0.04456,0.04436,0.04906,0.04995,0.06518,0.06061,0.04994,0.04928,0.04951,0.05094,0.04611,0.04649,0.04224,0.04663,0.05023,0.04931,0.05434,0.05460
0.04776,0.04740,0.04954,0.04945,0.04791,0.05016,0.04799,0.04848,0.05699,0.05687,0.04715,0.04737,0.05046,0.04955,0.04948,0.04510,0.04787,0.04886,0.05601,0.05559
0.05090,0.04989,0.04589,0.04534,0.04855,0.04443,0.04494,0.04542,0.05492,0.05469,0.04593,0.04581,0.06597,0.06532,0.05125,0.04408,0.04532,0.04640,0.05261,0.05236
0.05430,0.05364,0.04545,0.04476,0.04928,0.05103,0.04607,0.04334,0.05288,0.05349,0.04502,0.04595,0.06002,0.06058,0.04366,0.04608,0.05120,0.04424,0.05403,0.05498
0.04836,0.04945,0.04759,0.04759,0.04785,0.05019,0.05240,0.04347,0.05788,0.05814,0.04826,0.04692,0.05149,0.05138,0.05464,0.05028,0.04294,0.04285,0.05371,0.05463
0.05026,0.04959,0.04910,0.04997,0.04736,0.04737,0.05127,0.04893,0.05137,0.05209,0.04627,0.04681,0.05074,0.05020,0.05876,0.04956,0.04730,0.04693,0.05319,0.05294
0.04576,0.04656,0.04931,0.04962,0.04468,0.05475,0.04581,0.04605,0.04730,0.04718,0.04662,0.04736,0.04913,0.04959,0.05198,0.04845,0.06719,0.05717,0.05241,0.05309
0.04601,0.04563,0.04794,0.04731,0.05298,0.04523,0.06393,0.07777,0.04382,0.04455,0.04730,0.04730,0.04922,0.04912,0.04606,0.04438,0.04649,0.04966,0.05256,0.05275
0.04799,0.04814,0.05086,0.05032,0.05123,0.04145,0.06079,0.06075,0.04676,0.04638,0.05034,0.05165,0.04503,0.04565,0.04682,0.05163,0.04585,0.05186,0.05374,0.05276
0.04584,0.04621,0.04841,0.04926,0.04598,0.05442,0.05704,0.04526,0.04443,0.04420,0.05164,0.05045,0.04469,0.04438,0.04605,0.05323,0.06907,0.05846,0.05042,0.05054
0.04490,0.04503,0.04952,0.04925,0.04473,0.05889,0.04790,0.05147,0.04434,0.04439,0.04814,0.04781,0.04527,0.04582,0.04439,0.05319,0.07341,0.06079,0.05014,0.05061
0.04794,0.04915,0.04983,0.05039,0.05039,0.04421,0.06548,0.06628,0.04730,0.04856,0.04901,0.04893,0.04992,0.05047,0.04308,0.04577,0.04432,0.04800,0.05077,0.05020
0.04409,0.04433,0.04638,0.04658,0.04338,0.05353,0.04617,0.04964,0.04324,0.04351,0.04937,0.04908,0.04846,0.04888,0.04492,0.04541,0.07992,0.06440,0.05430,0.05440
0.04733,0.04732,0.04858,0.04888,0.04843,0.04378,0.06242,0.07152,0.04715,0.04675,0.04941,0.04925,0.04810,0.04829,0.04304,0.05093,0.04727,0.05034,0.05061,0.05060
0.04163,0.04202,0.04971,0.05259,0.04294,0.05581,0.04202,0.04590,0.04647,0.04648,0.04585,0.04641,0.04725,0.04877,0.10433,0.04885,0.04688,0.04522,0.05089,0.05000
0.05261,0.05407,0.04931,0.04767,0.04703,0.05579,0.04873,0.04209,0.04765,0.04756,0.04667,0.04771,0.05660,0.05433,0.04094,0.04565,0.05194,0.05024,0.05705,0.05637
0.04831,0.05000,0.05036,0.04989,0.05662,0.05781,0.04879,0.04980,0.05230,0.05130,0.04888,0.04966,0.04909,0.04853,0.04389,0.04868,0.04249,0.04781,0.05251,0.05329
0.04683,0.04667,0.04730,0.04805,0.05681,0.05342,0.05608,0.06814,0.04674,0.04571,0.05177,0.05235,0.04449,0.04502,0.04159,0.04713,0.04798,0.04954,0.05227,0.05209
0.04898,0.04862,0.05015,0.04843,0.05100,0.04221,0.06101,0.06858,0.04350,0.04355,0.04872,0.04890,0.04595,0.04612,0.04609,0.05120,0.04891,0.05096,0.05360,0.05352
0.04815,0.04921,0.04976,0.05119,0.05501,0.06157,0.05191,0.04360,0.04840,0.04798,0.04914,0.04932,0.04625,0.04670,0.04302,0.04917,0.05129,0.04991,0.05411,0.05431
0.04967,0.04839,0.04643,0.04691,0.04569,0.05430,0.04747,0.04529,0.04399,0.04412,0.04822,0.04738,0.05002,0.04890,0.04669,0.04461,0.08419,0.05605,0.05079,0.05089
0.04694,0.04735,0.04897,0.04794,0.04733,0.04403,0.05772,0.08470,0.04627,0.04666,0.04985,0.05136,0.04580,0.04513,0.04227,0.04968,0.04578,0.04707,0.05273,0.05245
0.04997,0.04882,0.04652,0.04583,0.05329,0.04218,0.06371,0.07043,0.04582,0.04598,0.04947,0.04903,0.04821,0.04868,0.04376,0.04781,0.04548,0.05030,0.05230,0.05242
0.04907,0.05001,0.04804,0.04845,0.05569,0.04289,0.05360,0.08146,0.04352,0.04281,0.04990,0.05113,0.04999,0.05012,0.04394,0.04848,0.04573,0.04816,0.04790,0.04910
0.04587,0.04621,0.04751,0.04792,0.04822,0.04883,0.07031,0.05638,0.04736,0.04763,0.04887,0.04904,0.04319,0.04342,0.04830,0.05054,0.05204,0.04988,0.05398,0.05451
0.05103,0.05011,0.04687,0.04703,0.05445,0.04382,0.04492,0.05490,0.04644,0.04595,0.06581,0.06512,0.04976,0.05041,0.04685,0.04237,0.04718,0.04216,0.05224,0.05258
0.05502,0.05277,0.04876,0.04972,0.04871,0.04798,0.04844,0.05430,0.04741,0.04718,0.05014,0.04937,0.05058,0.05021,0.04855,0.04782,0.05075,0.04822,0.05272,0.05134
0.04893,0.04874,0.04841,0.04918,0.04817,0.04675,0.05223,0.04685,0.04800,0.04764,0.05113,0.05100,0.04314,0.04516,0.06696,0.05869,0.04547,0.04995,0.05189,0.05172
0.04761,0.04694,0.05036,0.05165,0.04557,0.05603,0.05214,0.05204,0.04621,0.04560,0.05264,0.05168,0.04578,0.04529,0.04807,0.05070,0.05336,0.05411,0.05226,0.05196
0.04563,0.04653,0.04598,0.04683,0.05910,0.06502,0.04953,0.04590,0.04650,0.04652,0.05026,0.05003,0.04739,0.04638,0.04525,0.04789,0.05106,0.05689,0.05309,0.05419
0.05079,0.05186,0.05037,0.04838,0.04499,0.05242,0.04769,0.04553,0.05206,0.05176,0.04749,0.04888,0.05237,0.05237,0.04984,0.04914,0.05015,0.04536,0.05438,0.05419
0.04993,0.05071,0.04816,0.04829,0.04538,0.05210,0.04844,0.04352,0.05749,0.05646,0.04722,0.04691,0.04931,0.05025,0.04403,0.05297,0.04401,0.05617,0.05441,0.05423
0.04822,0.04908,0.05312,0.05120,0.04689,0.04585,0.04690,0.04589,0.04895,0.04742,0.04699,0.04753,0.04619,0.04710,0.07506,0.05575,0.04711,0.05200,0.04970,0.04903
0.04882,0.04884,0.05497,0.05597,0.05003,0.05106,0.04233,0.05132,0.05148,0.05109,0.04979,0.04986,0.04807,0.04864,0.04523,0.05218,0.05049,0.04110,0.05471,0.05402
0.05246,0.05267,0.04762,0.04763,0.04858,0.05025,0.04739,0.04694,0.05613,0.05571,0.04754,0.04808,0.05016,0.04972,0.04261,0.04791,0.04894,0.04647,0.05720,0.05598
0.05001,0.05025,0.04737,0.04867,0.04611,0.05220,0.04719,0.04599,0.05649,0.05575,0.04817,0.04812,0.04656,0.04635,0.04856,0.05383,0.04937,0.04672,0.05597,0.05633
0.05193,0.05142,0.04756,0.04814,0.04955,0.05117,0.04417,0.04536,0.05138,0.05182,0.04948,0.04959,0.04943,0.05086,0.05467,0.05773,0.05176,0.04141,0.05167,0.05092
0.05071,0.05053,0.04440,0.04486,0.04606,0.04803,0.05078,0.04171,0.05942,0.06005,0.04738,0.04794,0.05059,0.05096,0.04657,0.05216,0.04707,0.05223,0.05400,0.05454
0.04924,0.05098,0.05000,0.04991,0.04885,0.05187,0.05288,0.04386,0.05024,0.04982,0.04949,0.04945,0.05316,0.05270,0.04932,0.04654,0.04441,0.04966,0.05417,0.05346
0.04776,0.04898,0.04970,0.05096,0.04436,0.04954,0.04707,0.04329,0.06134,0.06123,0.04744,0.04679,0.04953,0.04971,0.04996,0.05367,0.04444,0.05072,0.05207,0.05144
