0.02654,0.05023,0.02573,0.03359,0.03200,0.03190,0.03205,0.02343,0.02958,0.03505,0.39113,0.03512,0.03840,0.03913,0.02404,0.02413,0.03248,0.02658,0.02992,0.03895
0.04092,0.06671,0.03956,0.05910,0.04775,0.05111,0.04608,0.04047,0.04749,0.05018,0.09551,0.04507,0.06048,0.04052,0.04034,0.04114,0.05742,0.03772,0.03630,0.05613
0.03173,0.06861,0.03536,0.04949,0.04662,0.04313,0.04285,0.02784,0.03576,0.04423,0.08106,0.05133,0.06449,0.06859,0.03857,0.04473,0.06325,0.04749,0.05330,0.06157
0.04162,0.08735,0.05030,0.05832,0.05774,0.04743,0.04910,0.03781,0.03962,0.05735,0.17898,0.03692,0.03632,0.04422,0.02611,0.02394,0.02969,0.02727,0.03257,0.03735
0.03448,0.05784,0.02781,0.04202,0.03609,0.03494,0.03689,0.02562,0.03247,0.04136,0.25988,0.04617,0.04333,0.04862,0.03040,0.03110,0.04496,0.03332,0.04130,0.05142
0.03698,0.06645,0.04706,0.05709,0.04931,0.04502,0.04520,0.03315,0.03798,0.04890,0.10505,0.05366,0.05586,0.05777,0.03614,0.03796,0.04588,0.04036,0.04676,0.05342
0.02917,0.04710,0.03113,0.03358,0.03320,0.03619,0.03115,0.02593,0.02728,0.03350,0.34618,0.03938,0.04069,0.04248,0.03102,0.02979,0.03772,0.03269,0.03193,0.03988
0.03460,0.07381,0.03817,0.04994,0.04803,0.03929,0.04334,0.02550,0.03921,0.05429,0.11705,0.05922,0.06466,0.06046,0.03091,0.04167,0.04890,0.03745,0.03897,0.05456
0.02732,0.04370,0.02787,0.03528,0.03072,0.02654,0.02968,0.02414,0.02880,0.03067,0.30964,0.04953,0.05687,0.05399,0.02780,0.03324,0.04260,0.03153,0.04041,0.04966
0.03499,0.07864,0.02798,0.04919,0.04778,0.03816,0.04095,0.02359,0.03156,0.05465,0.13523,0.05834,0.05248,0.08874,0.02387,0.03677,0.03017,0.03418,0.06411,0.04861
0.02840,0.04751,0.03148,0.03868,0.03574,0.03431,0.04806,0.03087,0.02951,0.04096,0.09340,0.06671,0.09284,0.06138,0.03905,0.04852,0.07132,0.04893,0.03973,0.07261
0.05291,0.08348,0.04501,0.06909,0.06857,0.05348,0.05755,0.04222,0.05730,0.06946,0.06423,0.04012,0.04171,0.05028,0.02837,0.03129,0.03014,0.03060,0.04555,0.03865
0.04212,0.07876,0.04416,0.05136,0.05184,0.05163,0.04985,0.04154,0.04544,0.05638,0.11826,0.04665,0.04153,0.05988,0.02936,0.02777,0.03478,0.03620,0.05180,0.04070
0.03156,0.06008,0.04263,0.04943,0.03788,0.04078,0.03470,0.02836,0.03369,0.03596,0.09815,0.06273,0.06937,0.05101,0.03718,0.05203,0.07256,0.04652,0.04145,0.07396
0.04209,0.07699,0.02931,0.05052,0.05045,0.04579,0.04510,0.02951,0.04082,0.05936,0.19607,0.03774,0.04541,0.04313,0.02453,0.03216,0.04472,0.02847,0.03142,0.04642
0.03854,0.07088,0.04342,0.05198,0.04481,0.04836,0.03615,0.03458,0.03887,0.04860,0.21506,0.03818,0.04432,0.03846,0.02504,0.03054,0.04122,0.03368,0.03208,0.04523
0.04164,0.07336,0.03705,0.05040,0.05039,0.04282,0.04760,0.03706,0.03981,0.05865,0.13720,0.04069,0.05159,0.04901,0.03340,0.03640,0.04910,0.03827,0.03711,0.04846
0.04560,0.09354,0.03822,0.05790,0.05466,0.04323,0.04453,0.03176,0.03684,0.06773,0.06241,0.05718,0.05333,0.06583,0.02611,0.03773,0.04656,0.03870,0.04670,0.05144
0.03205,0.06310,0.02474,0.03648,0.03806,0.03350,0.03604,0.02091,0.02984,0.04133,0.31074,0.04271,0.04792,0.03977,0.02125,0.02831,0.04108,0.03128,0.03495,0.04593
0.03799,0.06366,0.03597,0.05152,0.04221,0.04218,0.03995,0.03018,0.03741,0.04818,0.10741,0.05687,0.05481,0.07250,0.03001,0.03053,0.05197,0.04404,0.06057,0.06201
0.04974,0.09777,0.02898,0.05720,0.06769,0.04620,0.05826,0.03317,0.03828,0.07469,0.15979,0.03559,0.03608,0.03671,0.02259,0.03061,0.03715,0.02666,0.02626,0.03658
0.03847,0.08859,0.03894,0.05887,0.05392,0.04170,0.05209,0.03546,0.04453,0.05627,0.15897,0.03977,0.03908,0.06042,0.02262,0.02413,0.03523,0.02714,0.04385,0.03995
0.04027,0.07054,0.02913,0.04614,0.04623,0.03724,0.04252,0.03311,0.03519,0.05706,0.21992,0.03811,0.04526,0.05129,0.02626,0.03023,0.03652,0.02735,0.04305,0.04459
0.03252,0.05199,0.03492,0.04312,0.03751,0.03245,0.04077,0.02856,0.03178,0.04083,0.14948,0.06731,0.05461,0.09893,0.02665,0.03416,0.03845,0.03718,0.06950,0.04928
0.02639,0.05052,0.02928,0.03960,0.03056,0.03282,0.03093,0.02357,0.02843,0.03538,0.09481,0.06928,0.09311,0.05816,0.03751,0.05664,0.08131,0.05200,0.03854,0.09115
0.03482,0.07098,0.02783,0.04148,0.04868,0.04050,0.04214,0.02875,0.03692,0.04666,0.22751,0.04485,0.04589,0.04569,0.02546,0.03401,0.04343,0.03405,0.03664,0.04370
0.02976,0.04680,0.03480,0.04870,0.03398,0.03480,0.03491,0.03129,0.03302,0.04470,0.19549,0.05350,0.04918,0.07341,0.03203,0.02969,0.04075,0.04478,0.05965,0.04875
0.04411,0.09206,0.02810,0.05440,0.06000,0.03878,0.04894,0.02526,0.03686,0.07114,0.16072,0.04145,0.04543,0.04396,0.02666,0.03158,0.04129,0.03146,0.03225,0.04554
0.03075,0.04723,0.02975,0.04338,0.03827,0.03082,0.03541,0.02717,0.03073,0.03949,0.08673,0.06230,0.09047,0.07760,0.04208,0.05561,0.06121,0.05024,0.04237,0.07840
0.03777,0.08986,0.03842,0.05897,0.05265,0.04674,0.04994,0.03061,0.04136,0.05800,0.18484,0.03825,0.04073,0.03682,0.02649,0.03095,0.03739,0.03347,0.02705,0.03967
0.03888,0.07525,0.02867,0.05425,0.04782,0.03563,0.04123,0.02811,0.03406,0.05904,0.15789,0.04979,0.06076,0.05467,0.02589,0.03886,0.04277,0.03686,0.03881,0.05076
0.02891,0.05623,0.03095,0.04028,0.03586,0.03897,0.03765,0.02606,0.03234,0.03862,0.19269,0.04595,0.07847,0.04909,0.03016,0.04594,0.05718,0.03800,0.03049,0.06617
0.03234,0.04736,0.02921,0.04136,0.03189,0.03020,0.03168,0.02919,0.03130,0.03810,0.26121,0.05040,0.05225,0.06691,0.02766,0.02784,0.03893,0.03732,0.04672,0.04813
0.04509,0.06850,0.04125,0.05618,0.04697,0.04039,0.04874,0.03921,0.04240,0.05201,0.10426,0.04383,0.04774,0.04449,0.03420,0.04936,0.05030,0.04418,0.04061,0.06029
0.05145,0.09008,0.03134,0.05255,0.05902,0.04684,0.04601,0.02629,0.03486,0.06167,0.11555,0.04188,0.04877,0.04096,0.03002,0.03578,0.06071,0.03986,0.03050,0.05585
0.03451,0.07153,0.03768,0.04931,0.04950,0.04271,0.04438,0.03097,0.04152,0.05389,0.12984,0.05170,0.06069,0.04974,0.03281,0.03906,0.04674,0.03850,0.03672,0.05820
0.02985,0.05145,0.03862,0.04505,0.03666,0.03843,0.03386,0.02880,0.03248,0.03845,0.13724,0.06474,0.06149,0.09772,0.02716,0.03330,0.03633,0.03954,0.07346,0.05535
0.03485,0.06379,0.03088,0.04691,0.04453,0.04034,0.03887,0.02572,0.03106,0.04610,0.11172,0.07169,0.05837,0.06319,0.02894,0.04701,0.05828,0.04310,0.04541,0.06925
0.03199,0.06537,0.03152,0.04375,0.04057,0.03690,0.04067,0.02600,0.03036,0.04493,0.28039,0.03909,0.05166,0.03722,0.02502,0.03108,0.04308,0.02789,0.02601,0.04650
0.03464,0.06236,0.03346,0.04537,0.04128,0.03765,0.03959,0.02838,0.03286,0.04526,0.27143,0.03817,0.04166,0.05563,0.02434,0.02423,0.03197,0.02846,0.04383,0.03942
0.02824,0.04633,0.03397,0.03563,0.03568,0.03054,0.03206,0.02686,0.03136,0.03794,0.07561,0.06074,0.06972,0.05451,0.05013,0.05383,0.10052,0.06448,0.04316,0.08869
0.03949,0.06709,0.04318,0.05263,0.05223,0.03969,0.05408,0.03725,0.04151,0.04902,0.09313,0.05098,0.06474,0.05112,0.03778,0.04203,0.05523,0.03792,0.03655,0.05434
0.04417,0.07800,0.03416,0.06043,0.05620,0.05139,0.05784,0.03612,0.04145,0.06510,0.06304,0.04627,0.04678,0.05996,0.03161,0.03404,0.05041,0.03997,0.04931,0.05373
0.04000,0.08094,0.03149,0.04576,0.04880,0.04460,0.04163,0.02527,0.03719,0.05475,0.18718,0.04503,0.04775,0.03771,0.02421,0.03352,0.05305,0.03661,0.03058,0.05393
0.05044,0.09191,0.05695,0.07923,0.06912,0.05733,0.05871,0.04435,0.04980,0.07182,0.07143,0.03406,0.03758,0.03809,0.02997,0.02959,0.03110,0.02762,0.03226,0.03862
0.03253,0.05330,0.03134,0.04350,0.03951,0.03945,0.04180,0.03013,0.03114,0.04291,0.10917,0.05799,0.08157,0.06143,0.03683,0.04752,0.05874,0.04529,0.04516,0.07072
0.03311,0.05178,0.03589,0.04445,0.03505,0.03488,0.03738,0.02750,0.03334,0.03901,0.13084,0.05510,0.06174,0.06441,0.04353,0.04425,0.06498,0.04774,0.05493,0.06010
0.04002,0.08197,0.04164,0.05443,0.05355,0.04585,0.05137,0.02966,0.04003,0.06401,0.08177,0.05033,0.05829,0.05530,0.03281,0.03675,0.04769,0.03925,0.04065,0.05463
0.04280,0.06433,0.03448,0.05181,0.04687,0.03760,0.04548,0.03125,0.03759,0.04761,0.16130,0.04754,0.05274,0.06146,0.03253,0.02903,0.04485,0.03571,0.04656,0.04846
0.04140,0.06973,0.04660,0.05009,0.05094,0.04407,0.04895,0.03914,0.04497,0.05118,0.16800,0.04431,0.04369,0.04767,0.03082,0.02656,0.03893,0.03172,0.03768,0.04357
0.02559,0.05145,0.02620,0.03887,0.03107,0.03057,0.02984,0.02898,0.03033,0.03598,0.05705,0.07876,0.07308,0.10954,0.04135,0.04575,0.06057,0.05554,0.07847,0.07101
0.04651,0.11284,0.04959,0.06824,0.07470,0.05817,0.05475,0.03650,0.04615,0.07231,0.11358,0.03273,0.03282,0.03455,0.01981,0.02549,0.03168,0.02453,0.03014,0.03491
0.03461,0.05611,0.02280,0.03369,0.03573,0.04042,0.02726,0.02361,0.02881,0.04332,0.12980,0.07476,0.05532,0.12195,0.02694,0.02859,0.03992,0.03870,0.08429,0.05338
0.04250,0.07759,0.03696,0.04688,0.04947,0.04607,0.04381,0.03537,0.03977,0.05984,0.17866,0.03753,0.04162,0.04435,0.03364,0.02749,0.04289,0.03505,0.03685,0.04365
0.03437,0.05395,0.02838,0.03903,0.03293,0.03111,0.03404,0.02838,0.03121,0.04099,0.33474,0.03949,0.03522,0.03992,0.02388,0.02888,0.03734,0.02832,0.03705,0.04079
0.03298,0.06909,0.04158,0.04912,0.04818,0.04387,0.04140,0.03113,0.03726,0.05211,0.19356,0.04604,0.04601,0.04138,0.02920,0.03247,0.04134,0.03380,0.04235,0.04714
0.03980,0.07058,0.04438,0.05034,0.04518,0.04817,0.04583,0.03474,0.03817,0.05341,0.16930,0.05148,0.04640,0.04647,0.02640,0.02930,0.03974,0.03538,0.04017,0.04476
0.03444,0.05715,0.04548,0.04699,0.04844,0.04523,0.05475,0.03075,0.04112,0.04114,0.05766,0.06269,0.08113,0.06149,0.04397,0.04735,0.05499,0.04060,0.03967,0.06496
0.04169,0.05649,0.03903,0.04824,0.04690,0.03759,0.04724,0.03189,0.04154,0.04014,0.12138,0.05593,0.05340,0.07735,0.03200,0.04034,0.04130,0.04015,0.05653,0.05088
0.03095,0.05325,0.03060,0.04071,0.03524,0.03522,0.03608,0.03171,0.03157,0.04035,0.11036,0.06116,0.07172,0.07230,0.03649,0.04264,0.06755,0.04829,0.05289,0.07091
0.02386,0.04155,0.02594,0.02758,0.02654,0.03146,0.02544,0.02066,0.02508,0.02823,0.35083,0.04037,0.05012,0.04855,0.02919,0.03456,0.05069,0.03189,0.03695,0.05051
0.03389,0.06774,0.03679,0.04796,0.04683,0.03890,0.03646,0.02624,0.03159,0.05013,0.27943,0.03325,0.04141,0.03579,0.02174,0.03163,0.03780,0.02986,0.02618,0.04640
0.02835,0.05715,0.02992,0.04509,0.03719,0.03210,0.03551,0.02688,0.03155,0.04315,0.19141,0.05082,0.05644,0.06277,0.03117,0.03661,0.05201,0.04343,0.05101,0.05744
0.04600,0.08913,0.03662,0.05163,0.05428,0.04944,0.05002,0.03479,0.04358,0.05957,0.08613,0.04994,0.05486,0.04882,0.02830,0.04102,0.04595,0.03529,0.03853,0.05611
0.03259,0.07853,0.03008,0.04283,0.04929,0.04716,0.03957,0.02899,0.03282,0.05792,0.14967,0.04525,0.06348,0.04842,0.03131,0.03972,0.05358,0.03398,0.03374,0.06105
0.04768,0.08167,0.04527,0.06382,0.05890,0.04778,0.04721,0.03471,0.04496,0.05855,0.06135,0.04981,0.04852,0.06647,0.02638,0.02955,0.04738,0.03668,0.04976,0.05353
0.04951,0.16260,0.02782,0.04582,0.06884,0.08329,0.04662,0.03410,0.03456,0.08048,0.05308,0.03615,0.04291,0.04281,0.02232,0.02807,0.03549,0.02864,0.03677,0.04013
0.04155,0.08119,0.03293,0.05535,0.05454,0.04235,0.05054,0.03058,0.03833,0.06606,0.09555,0.04514,0.05861,0.05335,0.02883,0.03943,0.04765,0.03918,0.04424,0.05460
0.03791,0.07878,0.03646,0.06510,0.05352,0.04275,0.04663,0.03491,0.04353,0.05477,0.16682,0.03871,0.04472,0.03716,0.02747,0.03422,0.04261,0.03712,0.02818,0.04862
0.03242,0.06813,0.02935,0.05367,0.04634,0.03974,0.04378,0.02489,0.03649,0.05174,0.09629,0.05794,0.05610,0.09463,0.02897,0.03747,0.03961,0.03916,0.06917,0.05409
0.03624,0.06815,0.03890,0.04853,0.04679,0.03742,0.04212,0.03226,0.04012,0.04822,0.16356,0.04241,0.04843,0.04282,0.03720,0.03425,0.06004,0.03796,0.03298,0.06161
0.03665,0.05574,0.03099,0.05150,0.04011,0.03812,0.04190,0.03234,0.03564,0.04978,0.17687,0.04235,0.06232,0.04289,0.03745,0.04062,0.05801,0.03643,0.03248,0.05781
0.02823,0.05846,0.03501,0.04193,0.03882,0.03710,0.03614,0.03087,0.03452,0.04109,0.21767,0.04723,0.05910,0.04041,0.03315,0.03960,0.05230,0.03876,0.03151,0.05811
0.04480,0.08384,0.03241,0.06249,0.05463,0.04230,0.04607,0.02901,0.03822,0.06408,0.11094,0.05104,0.04500,0.07186,0.02546,0.03057,0.03766,0.03179,0.04978,0.04805
0.03817,0.06574,0.03540,0.05566,0.04427,0.04916,0.04551,0.03461,0.04240,0.05097,0.15078,0.05100,0.04760,0.07360,0.02718,0.02660,0.03323,0.03018,0.05787,0.04008
0.04887,0.07572,0.03638,0.06232,0.05278,0.04791,0.06591,0.04142,0.04383,0.06956,0.06585,0.04361,0.05489,0.04965,0.03147,0.04325,0.04435,0.03604,0.03628,0.04990
0.04574,0.08043,0.03073,0.05193,0.05520,0.04786,0.05479,0.03173,0.03733,0.06738,0.19461,0.03391,0.03933,0.03867,0.02828,0.02859,0.03380,0.02682,0.03587,0.03700
0.02417,0.03630,0.02554,0.03266,0.03410,0.02659,0.03425,0.02252,0.02948,0.03327,0.41849,0.02848,0.03824,0.03010,0.02757,0.03376,0.03240,0.02596,0.02948,0.03662
0.02961,0.05023,0.02945,0.03720,0.03670,0.02980,0.03481,0.02553,0.02624,0.04171,0.22899,0.05780,0.05683,0.04925,0.03122,0.04362,0.06150,0.03973,0.03335,0.05644
0.03644,0.09785,0.03641,0.06283,0.05177,0.05026,0.04591,0.02959,0.03743,0.06245,0.14860,0.04243,0.04303,0.05015,0.02274,0.03271,0.03845,0.03190,0.03585,0.04321
0.02916,0.05624,0.02412,0.03810,0.03738,0.03085,0.03172,0.02118,0.02910,0.03826,0.37323,0.04110,0.03267,0.04652,0.02147,0.02486,0.03316,0.02488,0.03141,0.03458
0.04088,0.06220,0.03262,0.04592,0.04532,0.04356,0.04002,0.03128,0.03648,0.04902,0.11808,0.04909,0.06568,0.05458,0.03878,0.03780,0.06247,0.04223,0.04242,0.06156
0.04027,0.07595,0.03361,0.05411,0.05211,0.03902,0.04856,0.03045,0.04176,0.06344,0.13955,0.05093,0.04714,0.04569,0.02828,0.03778,0.05017,0.03463,0.03940,0.04716
0.03462,0.07530,0.03007,0.04083,0.04905,0.03899,0.03800,0.02391,0.03191,0.05312,0.18888,0.05078,0.05759,0.05279,0.02681,0.03301,0.04658,0.03757,0.03701,0.05319
0.02885,0.04969,0.02886,0.04211,0.03827,0.02908,0.03041,0.02336,0.02967,0.04065,0.10977,0.07373,0.06681,0.07607,0.02550,0.05246,0.06907,0.04878,0.05780,0.07907
0.04026,0.07146,0.03631,0.04480,0.04758,0.04345,0.04523,0.03282,0.03683,0.04473,0.13693,0.04975,0.05562,0.07163,0.03177,0.03412,0.03936,0.03770,0.05421,0.04546
0.02827,0.05371,0.03302,0.04307,0.03531,0.04083,0.03584,0.02863,0.03693,0.04047,0.19013,0.04971,0.06120,0.06312,0.03236,0.03460,0.04752,0.03667,0.05353,0.05507
0.03548,0.05292,0.03294,0.04408,0.03682,0.03884,0.03517,0.02845,0.03556,0.04511,0.30891,0.03788,0.03918,0.04896,0.02281,0.02744,0.02892,0.02745,0.03422,0.03886
0.04997,0.08097,0.03109,0.06331,0.05602,0.04197,0.04878,0.03237,0.03602,0.06435,0.08725,0.05731,0.04580,0.08564,0.02180,0.02590,0.02935,0.03514,0.06430,0.04265
0.02392,0.04823,0.02347,0.03397,0.03434,0.02972,0.03063,0.02249,0.02610,0.03592,0.31308,0.03938,0.06460,0.03970,0.02941,0.03741,0.05160,0.03213,0.02740,0.05650
0.02944,0.05582,0.02711,0.04042,0.03367,0.03344,0.03436,0.02274,0.02958,0.03681,0.14112,0.06757,0.06667,0.04903,0.03457,0.05497,0.07615,0.04594,0.03813,0.08247
0.02918,0.06197,0.02849,0.04050,0.04159,0.03211,0.03576,0.02532,0.02750,0.04018,0.11050,0.06853,0.06365,0.04693,0.03482,0.05048,0.09185,0.05032,0.03509,0.08523
0.03685,0.06606,0.04157,0.04902,0.04164,0.03665,0.03983,0.03080,0.03222,0.04876,0.09677,0.05801,0.05931,0.05206,0.03980,0.04600,0.07084,0.04239,0.04058,0.07084
0.05145,0.10165,0.02977,0.05713,0.06446,0.04800,0.05146,0.02887,0.03800,0.07680,0.10655,0.04699,0.04564,0.04753,0.02087,0.03188,0.04229,0.03144,0.03506,0.04416
0.03304,0.05498,0.03573,0.04650,0.03703,0.03891,0.03805,0.03309,0.03495,0.04277,0.29691,0.03438,0.04122,0.04535,0.02413,0.02802,0.03274,0.02703,0.03547,0.03969
0.03036,0.05548,0.03090,0.04652,0.04135,0.03515,0.03806,0.02881,0.03762,0.04329,0.23491,0.04104,0.05425,0.05932,0.02578,0.03248,0.03984,0.03391,0.04594,0.04498
0.02999,0.04597,0.02853,0.04025,0.03476,0.03510,0.03366,0.02975,0.03140,0.03652,0.16327,0.05954,0.07204,0.05272,0.03338,0.05099,0.06664,0.04598,0.03782,0.07169
0.03670,0.06501,0.03235,0.04659,0.04673,0.03629,0.04048,0.02810,0.03221,0.04931,0.17332,0.05014,0.05313,0.05987,0.03260,0.03990,0.04369,0.04073,0.04130,0.05153
0.02909,0.05750,0.02287,0.04142,0.03501,0.03548,0.03148,0.02057,0.02794,0.03841,0.38647,0.03353,0.03752,0.03492,0.01942,0.02620,0.03386,0.02536,0.02636,0.03659
0.03262,0.06475,0.02999,0.04488,0.04338,0.03814,0.04035,0.02528,0.03208,0.04355,0.13867,0.05611,0.07044,0.05133,0.03543,0.04729,0.06172,0.04250,0.03578,0.06570
0.03372,0.06181,0.03579,0.04588,0.04275,0.03871,0.03883,0.03531,0.03779,0.04786,0.20425,0.03704,0.05558,0.04764,0.03066,0.04045,0.04274,0.03565,0.03802,0.04950
0.03585,0.06693,0.03127,0.04443,0.04224,0.03779,0.04371,0.03088,0.03561,0.04481,0.13416,0.05412,0.06283,0.05424,0.03423,0.04528,0.05921,0.03824,0.04077,0.06339
0.04044,0.08787,0.04246,0.06155,0.05495,0.04250,0.05063,0.03439,0.04922,0.05792,0.14190,0.03621,0.04132,0.03885,0.03016,0.03235,0.04688,0.03362,0.03290,0.04387
0.05483,0.06824,0.05170,0.05729,0.06256,0.06070,0.06153,0.05462,0.05825,0.06161,0.06115,0.03691,0.04473,0.04056,0.04326,0.03400,0.03519,0.03271,0.03722,0.04295
0.04024,0.06772,0.03682,0.05233,0.04235,0.04330,0.04547,0.03247,0.04026,0.04856,0.10922,0.05465,0.05767,0.05147,0.03636,0.04335,0.05168,0.04287,0.04057,0.06262
0.03049,0.04661,0.02809,0.03566,0.03013,0.02744,0.03288,0.02470,0.03054,0.03650,0.12090,0.07944,0.05904,0.14992,0.01913,0.02738,0.02999,0.03740,0.10247,0.05129
0.03663,0.06121,0.03306,0.05015,0.04226,0.03881,0.04611,0.03041,0.03932,0.04698,0.10551,0.05608,0.06855,0.06751,0.03417,0.03980,0.05089,0.04228,0.05011,0.06016
0.04622,0.09306,0.03401,0.05341,0.05700,0.04761,0.05148,0.03631,0.04388,0.06509,0.16477,0.03555,0.03931,0.03270,0.02781,0.02816,0.04365,0.02801,0.03089,0.04108
0.04110,0.07768,0.03758,0.05236,0.05700,0.05258,0.04642,0.03532,0.04024,0.05495,0.10967,0.04483,0.04499,0.05027,0.03339,0.04677,0.04723,0.04335,0.04239,0.04187
0.03961,0.06834,0.03446,0.04535,0.04296,0.04428,0.03391,0.03510,0.03706,0.04619,0.14140,0.04724,0.06228,0.04983,0.03918,0.03743,0.05870,0.03585,0.03649,0.06434
0.03902,0.07275,0.04409,0.06444,0.05350,0.04480,0.05645,0.03827,0.04230,0.05191,0.07795,0.04908,0.06118,0.06281,0.03306,0.03938,0.04160,0.03614,0.04074,0.05052
0.03347,0.06636,0.03318,0.04559,0.04421,0.04393,0.03626,0.03251,0.03407,0.04950,0.24854,0.03769,0.05279,0.03290,0.02973,0.03690,0.04311,0.02917,0.02643,0.04364
0.03165,0.05836,0.02648,0.03828,0.03996,0.03513,0.03368,0.02418,0.02940,0.04320,0.12396,0.06637,0.07048,0.05230,0.03474,0.04547,0.07882,0.04551,0.04048,0.08156
0.02722,0.06415,0.03474,0.04642,0.03878,0.04123,0.03739,0.03017,0.03296,0.04006,0.21199,0.04431,0.05223,0.06375,0.02983,0.02908,0.04215,0.03351,0.04966,0.05037
0.03303,0.05588,0.02699,0.03764,0.03936,0.03634,0.03804,0.02650,0.03328,0.04026,0.23723,0.04707,0.05391,0.05247,0.03247,0.03212,0.04597,0.03438,0.04317,0.05390
0.03889,0.07464,0.03717,0.04803,0.05239,0.04168,0.04512,0.02886,0.03344,0.05759,0.10388,0.06158,0.06737,0.05128,0.02914,0.03757,0.05946,0.03825,0.03525,0.05839
0.03659,0.05939,0.03229,0.03897,0.04014,0.04449,0.03588,0.02821,0.03325,0.04456,0.30522,0.04248,0.03918,0.04216,0.02689,0.02469,0.03037,0.02636,0.03442,0.03446
0.03499,0.05783,0.03070,0.04590,0.04232,0.03752,0.03909,0.02970,0.03310,0.04468,0.05484,0.07170,0.06307,0.08052,0.03476,0.05159,0.06330,0.04906,0.06026,0.07507
0.04489,0.07242,0.05163,0.06622,0.04795,0.05016,0.06104,0.03407,0.04008,0.05493,0.05566,0.04578,0.06906,0.04365,0.03751,0.03843,0.06152,0.03435,0.02744,0.06320
0.03986,0.07091,0.03219,0.04861,0.04239,0.03661,0.04020,0.02397,0.03463,0.05088,0.18757,0.04693,0.05224,0.06435,0.02447,0.03179,0.04113,0.03252,0.04891,0.04984
0.03522,0.06656,0.02690,0.03815,0.04195,0.03407,0.03523,0.02292,0.03009,0.04427,0.28010,0.04599,0.04516,0.04780,0.02020,0.02828,0.04137,0.03122,0.03774,0.04678
0.02774,0.04742,0.02429,0.03520,0.03928,0.03145,0.03789,0.02525,0.03186,0.04238,0.32293,0.03482,0.04446,0.04054,0.03290,0.03347,0.03570,0.03216,0.03688,0.04339
0.03721,0.07606,0.03315,0.05007,0.04624,0.04425,0.04302,0.02914,0.04224,0.05308,0.19545,0.04121,0.05372,0.04157,0.02975,0.02828,0.04012,0.03064,0.03351,0.05130
0.03043,0.05095,0.03454,0.04282,0.03433,0.03643,0.03260,0.03598,0.02812,0.03650,0.10396,0.05688,0.07478,0.04712,0.05052,0.04547,0.08419,0.05030,0.04008,0.08400
0.02634,0.05628,0.03576,0.04622,0.03796,0.03557,0.03435,0.02815,0.03091,0.03993,0.26318,0.04426,0.04729,0.04527,0.02734,0.03775,0.04475,0.03381,0.03639,0.04849
0.03899,0.08908,0.03978,0.06454,0.05392,0.04696,0.04415,0.03014,0.04156,0.05840,0.18186,0.03455,0.03989,0.04142,0.02608,0.02769,0.03842,0.02843,0.03186,0.04228
0.03390,0.06730,0.03389,0.04789,0.04611,0.04248,0.04501,0.02823,0.03651,0.04517,0.13179,0.05993,0.05687,0.05115,0.03372,0.04182,0.05383,0.04033,0.04083,0.06323
0.04171,0.07643,0.03600,0.05099,0.04719,0.04630,0.04243,0.03225,0.04311,0.05048,0.15187,0.04958,0.04604,0.06283,0.02612,0.02873,0.04103,0.03332,0.04928,0.04432
0.03942,0.07178,0.03296,0.04624,0.04511,0.04513,0.04618,0.02633,0.03949,0.05376,0.17417,0.04973,0.04938,0.04899,0.02570,0.03322,0.04411,0.03485,0.04348,0.04999
0.03266,0.05871,0.02723,0.04621,0.03771,0.03112,0.03818,0.02479,0.03138,0.04084,0.15890,0.05972,0.05365,0.09593,0.02695,0.03275,0.03770,0.04239,0.07479,0.04839
0.04840,0.11544,0.03772,0.07086,0.06313,0.05038,0.05432,0.03480,0.04408,0.07038,0.11563,0.03315,0.03850,0.04160,0.02208,0.02460,0.03622,0.02677,0.03377,0.03818
0.02769,0.05897,0.03257,0.04433,0.03745,0.03730,0.03395,0.02624,0.03147,0.03629,0.16326,0.06172,0.06269,0.05630,0.02962,0.04564,0.06386,0.04036,0.04486,0.06544
0.04411,0.06711,0.03552,0.05416,0.04732,0.04804,0.04513,0.03621,0.03879,0.05357,0.19638,0.04065,0.04218,0.03880,0.02814,0.03284,0.04260,0.03011,0.03170,0.04659
0.04662,0.13328,0.03278,0.05397,0.06529,0.07413,0.04596,0.03468,0.03671,0.07616,0.10153,0.03343,0.04273,0.03696,0.02370,0.03022,0.03632,0.02717,0.02900,0.03936
0.04784,0.09258,0.03721,0.06266,0.06309,0.04543,0.04885,0.03188,0.04163,0.07105,0.13204,0.03953,0.04551,0.04101,0.02675,0.02817,0.03924,0.02955,0.03255,0.04343
0.03165,0.05229,0.02607,0.03590,0.03844,0.03417,0.03622,0.02554,0.02891,0.03728,0.34567,0.04084,0.03931,0.03676,0.02250,0.03104,0.03542,0.02781,0.03429,0.03988
0.03149,0.05430,0.03373,0.04330,0.03997,0.03364,0.03402,0.02621,0.03312,0.03904,0.08740,0.06548,0.06686,0.06921,0.03674,0.04986,0.08082,0.05116,0.04785,0.07581
0.03434,0.06067,0.02670,0.04460,0.04139,0.03495,0.03575,0.02462,0.03033,0.04926,0.06541,0.08086,0.06276,0.05396,0.03027,0.05845,0.08674,0.05485,0.03792,0.08619
0.03661,0.07105,0.03486,0.05320,0.04615,0.04439,0.04075,0.02954,0.03318,0.04811,0.15228,0.04807,0.05504,0.05662,0.03428,0.03831,0.04633,0.03822,0.03919,0.05380
0.03616,0.06067,0.03922,0.04615,0.04522,0.03963,0.03796,0.03584,0.03979,0.04527,0.13139,0.05456,0.05313,0.06006,0.03704,0.03842,0.05482,0.04179,0.04626,0.05662
0.02382,0.05325,0.02486,0.03202,0.03282,0.03092,0.03320,0.02280,0.02764,0.03511,0.38924,0.03259,0.04033,0.03119,0.02929,0.02672,0.03984,0.02829,0.02717,0.03889
0.03469,0.06984,0.03498,0.04407,0.04201,0.03966,0.03721,0.03043,0.03621,0.04566,0.28086,0.04156,0.03708,0.04562,0.02157,0.02267,0.03275,0.02741,0.03942,0.03632
0.02664,0.04079,0.02792,0.03961,0.03399,0.02888,0.03152,0.02710,0.03093,0.03478,0.11520,0.06265,0.08357,0.07647,0.04554,0.04456,0.06599,0.05086,0.06012,0.07289
0.03914,0.07338,0.04225,0.05713,0.05259,0.04892,0.04558,0.03508,0.04218,0.05438,0.22834,0.03425,0.03542,0.03760,0.02448,0.02658,0.02935,0.02691,0.03130,0.03513
0.03293,0.06127,0.03434,0.05130,0.04109,0.04388,0.03756,0.03508,0.03760,0.04305,0.11977,0.05005,0.06361,0.05445,0.03768,0.04292,0.05961,0.04198,0.04516,0.06669
0.05598,0.10528,0.03993,0.06410,0.07165,0.05540,0.06023,0.04154,0.04770,0.07296,0.12321,0.02958,0.03080,0.03308,0.02596,0.02350,0.03233,0.02668,0.02575,0.03434
0.04230,0.08607,0.03483,0.04827,0.04988,0.04332,0.04434,0.02782,0.04243,0.05998,0.13051,0.05100,0.04310,0.08293,0.02528,0.02371,0.02794,0.03096,0.06714,0.03819
0.02623,0.05094,0.02583,0.04455,0.03606,0.03091,0.03212,0.02747,0.03535,0.03482,0.14526,0.05605,0.06815,0.07140,0.03618,0.04316,0.06259,0.04920,0.05581,0.06792
0.02782,0.05859,0.02440,0.03249,0.03830,0.03264,0.03177,0.02664,0.02329,0.04452,0.09069,0.07910,0.06962,0.07002,0.02901,0.05915,0.07866,0.05379,0.05178,0.07772
0.03240,0.05300,0.03080,0.03940,0.03894,0.03306,0.03657,0.03102,0.02917,0.04354,0.06328,0.07559,0.06396,0.13487,0.02822,0.03351,0.03798,0.04757,0.09404,0.05310
0.05275,0.09686,0.03320,0.05695,0.05812,0.03993,0.04374,0.03088,0.03533,0.07531,0.09467,0.05350,0.04861,0.06653,0.02116,0.02886,0.03461,0.03393,0.05208,0.04296
0.06316,0.13142,0.03609,0.06887,0.06615,0.05873,0.06582,0.02953,0.04950,0.07224,0.04967,0.03888,0.03608,0.03638,0.02023,0.02990,0.04291,0.03278,0.02792,0.04376
0.03473,0.06846,0.03800,0.05408,0.04782,0.04503,0.04789,0.03384,0.03789,0.05127,0.15921,0.04338,0.05738,0.05080,0.02956,0.03483,0.04070,0.03335,0.04559,0.04620
0.03845,0.06578,0.03315,0.04349,0.04365,0.04205,0.04390,0.03251,0.03013,0.05054,0.17402,0.05025,0.05231,0.04023,0.03130,0.04214,0.05826,0.03799,0.03378,0.05607
0.03750,0.06828,0.03778,0.04967,0.04883,0.04010,0.04922,0.03224,0.03622,0.05234,0.12217,0.04972,0.05663,0.07756,0.03155,0.03360,0.03583,0.03694,0.05700,0.04682
0.03786,0.06814,0.04075,0.05544,0.04693,0.03956,0.04480,0.02695,0.03498,0.04807,0.09344,0.06314,0.05687,0.07565,0.02847,0.03870,0.04443,0.04016,0.05728,0.05838
0.04016,0.07855,0.03671,0.05428,0.05088,0.04337,0.04274,0.03058,0.03963,0.05485,0.14625,0.05285,0.04729,0.05314,0.02704,0.03383,0.04620,0.03472,0.03905,0.04789
0.04539,0.07875,0.03782,0.06180,0.06129,0.05717,0.05562,0.04082,0.05385,0.05799,0.10424,0.03663,0.05511,0.04053,0.03197,0.03530,0.03996,0.03148,0.03098,0.04331
0.03338,0.05673,0.03147,0.04688,0.04514,0.03682,0.04688,0.02629,0.03185,0.04536,0.15101,0.04591,0.07086,0.04822,0.03770,0.04812,0.05798,0.04302,0.03666,0.05970
0.02879,0.04620,0.03105,0.03753,0.03212,0.04869,0.03320,0.02939,0.03106,0.03509,0.10206,0.06740,0.06801,0.11580,0.03582,0.03309,0.04792,0.04634,0.07668,0.05376
0.03282,0.05899,0.03283,0.04033,0.04067,0.03739,0.03521,0.02828,0.02981,0.04447,0.27433,0.04280,0.04455,0.04105,0.02522,0.03287,0.04568,0.03270,0.03336,0.04664
0.03862,0.07453,0.04308,0.04928,0.04592,0.04161,0.04195,0.02922,0.03472,0.05349,0.20232,0.03974,0.04411,0.04635,0.02537,0.03548,0.03809,0.03355,0.03682,0.04575
0.02922,0.05185,0.02738,0.03895,0.03804,0.02884,0.03842,0.02551,0.03103,0.04118,0.09360,0.06839,0.07485,0.06733,0.03850,0.06240,0.06885,0.04851,0.04608,0.08106
0.03720,0.07252,0.04358,0.05421,0.05538,0.03732,0.04333,0.03011,0.03871,0.05185,0.04648,0.05867,0.06447,0.05866,0.03120,0.05060,0.06429,0.04593,0.04681,0.06868
0.02948,0.04775,0.02730,0.04092,0.03562,0.03219,0.03190,0.02635,0.03174,0.03761,0.19210,0.05251,0.06293,0.04958,0.03427,0.04384,0.07014,0.04337,0.03918,0.07119
0.04332,0.08380,0.03559,0.05826,0.05691,0.05246,0.05218,0.03558,0.05012,0.06328,0.11774,0.04355,0.04730,0.05634,0.02857,0.02634,0.03432,0.03006,0.04129,0.04299
0.02866,0.05799,0.02992,0.03670,0.03986,0.02979,0.03410,0.02673,0.03139,0.03996,0.06131,0.06605,0.10340,0.06863,0.04186,0.06319,0.06829,0.05314,0.03336,0.08567
0.04200,0.05337,0.03736,0.04594,0.04280,0.03308,0.04039,0.02682,0.03660,0.04491,0.09498,0.06339,0.05733,0.12033,0.02674,0.02741,0.03317,0.03871,0.08398,0.05069
0.03197,0.05494,0.02989,0.04039,0.03832,0.03545,0.03229,0.03028,0.03723,0.04357,0.28660,0.04282,0.04014,0.05372,0.01960,0.02808,0.03403,0.03000,0.04624,0.04445
0.03108,0.06581,0.02615,0.04160,0.04089,0.03677,0.03277,0.02084,0.02897,0.04094,0.39191,0.02952,0.03333,0.02951,0.01750,0.01947,0.03042,0.02511,0.02706,0.03036
0.02025,0.03175,0.01667,0.02458,0.02115,0.02072,0.02321,0.01673,0.01690,0.02468,0.07159,0.10848,0.07547,0.21131,0.02291,0.02402,0.02730,0.04469,0.14319,0.05440
0.05080,0.09756,0.05103,0.06758,0.06567,0.05257,0.06031,0.03989,0.04283,0.07004,0.10196,0.03547,0.04141,0.03360,0.02646,0.02779,0.03877,0.03097,0.02517,0.04012
0.02796,0.05152,0.02510,0.04153,0.03845,0.03165,0.03402,0.02604,0.02840,0.04051,0.30624,0.04446,0.04837,0.04243,0.02537,0.03137,0.04315,0.03183,0.03387,0.04774
0.02338,0.04945,0.02612,0.03609,0.03252,0.02690,0.02948,0.02049,0.02849,0.03969,0.08955,0.08123,0.07360,0.11970,0.02337,0.04878,0.04935,0.04760,0.08675,0.06745
0.04788,0.14680,0.03138,0.05219,0.06864,0.07998,0.04676,0.03154,0.04066,0.08029,0.10281,0.03047,0.03741,0.03080,0.02418,0.02731,0.03623,0.02552,0.02374,0.03541
0.02793,0.04108,0.02842,0.03996,0.03318,0.02814,0.02920,0.02736,0.03004,0.03447,0.17237,0.05711,0.06504,0.08164,0.03563,0.04066,0.05552,0.05145,0.05592,0.06488
0.04150,0.08898,0.03227,0.05700,0.05403,0.04330,0.04487,0.02863,0.03518,0.06468,0.11027,0.04864,0.05084,0.04015,0.03117,0.03840,0.05971,0.03879,0.03346,0.05814
0.03410,0.05830,0.03772,0.04502,0.04599,0.03730,0.04558,0.03578,0.03223,0.04633,0.08202,0.05124,0.07230,0.05089,0.04944,0.04703,0.07289,0.04446,0.03999,0.07139
0.02913,0.04938,0.03009,0.03671,0.03913,0.03683,0.03452,0.02794,0.02948,0.03897,0.10811,0.07911,0.06654,0.09126,0.02942,0.04447,0.05582,0.04584,0.06495,0.06230
0.05960,0.11861,0.05358,0.08027,0.07606,0.05474,0.06324,0.03898,0.04541,0.08832,0.06211,0.03019,0.03260,0.03468,0.02548,0.02214,0.02793,0.02552,0.02969,0.03087
0.05875,0.11186,0.03564,0.06869,0.07177,0.05145,0.05141,0.03241,0.04513,0.08133,0.09620,0.03946,0.03371,0.05171,0.01984,0.02078,0.02600,0.02719,0.04391,0.03279
0.03698,0.07225,0.02483,0.04811,0.05002,0.04110,0.04484,0.03145,0.03382,0.05370,0.25409,0.03531,0.04093,0.04248,0.02331,0.02987,0.03334,0.03155,0.03182,0.04019
0.04520,0.08546,0.04329,0.05937,0.05734,0.04937,0.04946,0.03413,0.04094,0.06400,0.12520,0.03779,0.04373,0.04217,0.03240,0.03068,0.04093,0.03775,0.03610,0.04470
0.04208,0.08650,0.03759,0.05930,0.05686,0.04613,0.04825,0.03099,0.04199,0.05639,0.11580,0.04525,0.04729,0.06154,0.02807,0.03008,0.03948,0.03285,0.04513,0.04844
0.04238,0.07613,0.04053,0.05870,0.05643,0.04330,0.04922,0.03443,0.04083,0.06204,0.14501,0.03908,0.05564,0.04233,0.03042,0.03656,0.03729,0.03356,0.03190,0.04423
0.02228,0.03462,0.02015,0.02814,0.02585,0.02513,0.02413,0.02048,0.02225,0.02885,0.48679,0.03490,0.03371,0.03753,0.01865,0.02122,0.02822,0.02298,0.02955,0.03458
0.02933,0.04937,0.02664,0.03513,0.03493,0.03053,0.03183,0.02140,0.03006,0.03876,0.35347,0.04218,0.04316,0.04586,0.02195,0.02963,0.03538,0.02798,0.03099,0.04142
0.02499,0.04433,0.02962,0.03711,0.02824,0.03155,0.03156,0.02872,0.02641,0.03308,0.27617,0.04983,0.06340,0.03885,0.02903,0.04268,0.05836,0.03318,0.03281,0.06009
0.03193,0.07789,0.03220,0.04718,0.04469,0.04118,0.03876,0.02621,0.03082,0.04576,0.23616,0.03884,0.04450,0.04154,0.02509,0.03700,0.04485,0.03594,0.03377,0.04569
0.03154,0.06477,0.02362,0.03745,0.04173,0.03435,0.03603,0.02594,0.02969,0.04498,0.26005,0.04315,0.04700,0.04945,0.02455,0.03357,0.04567,0.03591,0.04192,0.04861
0.02136,0.03660,0.01914,0.02856,0.02775,0.02384,0.02152,0.01671,0.02142,0.02833,0.14824,0.08965,0.06780,0.15418,0.01857,0.03265,0.03498,0.04210,0.10731,0.05929
0.02807,0.05117,0.03821,0.04356,0.03758,0.03929,0.03106,0.02907,0.02703,0.03462,0.05370,0.07301,0.05910,0.04952,0.04942,0.04983,0.10752,0.05712,0.03954,0.10157
0.04801,0.08336,0.03408,0.05513,0.06191,0.04836,0.05050,0.03364,0.03946,0.06353,0.19024,0.03223,0.03376,0.03991,0.02804,0.02620,0.03510,0.03152,0.02923,0.03581
0.02918,0.05420,0.02753,0.04455,0.04232,0.03550,0.03491,0.02557,0.03590,0.04150,0.27511,0.03931,0.04493,0.04908,0.02893,0.03180,0.04080,0.03344,0.04071,0.04473
0.05404,0.09685,0.04022,0.06677,0.06214,0.04347,0.05318,0.03206,0.04536,0.07113,0.07850,0.04190,0.04711,0.04854,0.02658,0.03352,0.04268,0.03307,0.03269,0.05019
0.03936,0.06200,0.03011,0.04337,0.03933,0.03464,0.03951,0.02359,0.02935,0.04679,0.15953,0.05935,0.05612,0.05716,0.02938,0.04717,0.05052,0.04567,0.04447,0.06258
0.03378,0.04897,0.03618,0.04722,0.04194,0.04067,0.03819,0.03101,0.03494,0.03912,0.08219,0.06339,0.07244,0.07807,0.03530,0.04539,0.05475,0.04705,0.06152,0.06786
0.04270,0.09598,0.04087,0.06394,0.06080,0.04872,0.05946,0.03232,0.04657,0.06684,0.12663,0.03438,0.04477,0.03481,0.02879,0.03221,0.04084,0.03538,0.02361,0.04037
0.05173,0.10210,0.03128,0.06210,0.06674,0.04817,0.04781,0.02717,0.04093,0.08186,0.10428,0.04141,0.03847,0.06342,0.02352,0.02735,0.02811,0.02999,0.04654,0.03700
0.04426,0.07388,0.03324,0.05145,0.05019,0.04416,0.05022,0.03852,0.03383,0.05645,0.13401,0.05306,0.04899,0.06567,0.02925,0.03284,0.03635,0.03475,0.04582,0.04305
0.03060,0.04503,0.03309,0.04114,0.03509,0.04230,0.03510,0.02721,0.03054,0.03607,0.06804,0.07375,0.07049,0.11145,0.03836,0.04329,0.05324,0.04526,0.07711,0.06286
0.04779,0.06333,0.03805,0.05099,0.04519,0.04101,0.04721,0.03569,0.03198,0.04831,0.08045,0.05616,0.06389,0.07225,0.02874,0.04090,0.05094,0.04356,0.05428,0.05926
0.03030,0.05625,0.02535,0.03798,0.03703,0.03375,0.03093,0.02194,0.02790,0.04149,0.35194,0.04108,0.03808,0.04586,0.01863,0.02399,0.03288,0.02736,0.03789,0.03936
0.03185,0.05669,0.03168,0.03889,0.03365,0.03700,0.03710,0.02248,0.03279,0.04110,0.07020,0.07751,0.06657,0.05439,0.03285,0.06535,0.09056,0.04771,0.04383,0.08780
0.03425,0.07080,0.02965,0.04940,0.04191,0.03889,0.03820,0.02695,0.03817,0.05020,0.10702,0.06054,0.05758,0.09720,0.02343,0.03119,0.04383,0.04157,0.07097,0.04825
0.02813,0.05853,0.03491,0.04275,0.03742,0.03698,0.03354,0.02942,0.03222,0.04579,0.19458,0.04851,0.04941,0.05225,0.03880,0.03425,0.05881,0.04000,0.04481,0.05889
0.01853,0.04135,0.01822,0.02565,0.02488,0.02428,0.02292,0.01737,0.01984,0.02691,0.50392,0.02900,0.03139,0.03237,0.01766,0.02812,0.03389,0.02382,0.02643,0.03345
0.04055,0.13409,0.02973,0.04725,0.05758,0.06597,0.04631,0.02551,0.03594,0.07246,0.16719,0.03519,0.03430,0.04152,0.01954,0.02406,0.02748,0.02799,0.03363,0.03370
0.03070,0.05846,0.02835,0.03864,0.03759,0.03338,0.03693,0.02499,0.03025,0.04274,0.12266,0.06541,0.06219,0.07981,0.02912,0.04047,0.06211,0.04496,0.06419,0.06704
0.05251,0.09772,0.04025,0.06027,0.06073,0.05094,0.05826,0.03297,0.04230,0.06705,0.05971,0.04111,0.05697,0.04332,0.03079,0.03376,0.05278,0.03392,0.02976,0.05490
0.04422,0.08154,0.06083,0.06582,0.06016,0.05992,0.05836,0.04678,0.05233,0.05849,0.07693,0.03685,0.04926,0.03647,0.02871,0.03085,0.04194,0.03143,0.03154,0.04756
0.03891,0.06786,0.04759,0.04901,0.04529,0.04630,0.03940,0.03203,0.03793,0.04624,0.17811,0.04470,0.04543,0.05128,0.03012,0.03473,0.03993,0.03685,0.04178,0.04649
0.02932,0.05875,0.02840,0.04336,0.04168,0.03753,0.03446,0.02743,0.03863,0.04588,0.15665,0.05262,0.06095,0.06708,0.03406,0.04027,0.05034,0.04203,0.05120,0.05937
0.03619,0.07011,0.03816,0.05240,0.04185,0.04358,0.04764,0.03387,0.03979,0.04801,0.14683,0.04573,0.05162,0.03979,0.03972,0.03808,0.05486,0.03767,0.03446,0.05962
0.03199,0.06241,0.03449,0.04401,0.03821,0.03794,0.03004,0.02811,0.03355,0.03750,0.08463,0.06401,0.08163,0.06022,0.03788,0.04845,0.07354,0.04957,0.04206,0.07976
0.05307,0.08861,0.03388,0.05900,0.06152,0.04821,0.04876,0.03238,0.03956,0.07016,0.12145,0.04112,0.04680,0.03785,0.02906,0.03481,0.04126,0.03459,0.03134,0.04658
0.02994,0.05285,0.02195,0.03948,0.03379,0.02956,0.03117,0.02504,0.02616,0.04343,0.26493,0.05040,0.04964,0.07742,0.02255,0.03172,0.03366,0.03369,0.05404,0.04858
0.03392,0.05774,0.02725,0.03835,0.04108,0.03353,0.03750,0.02682,0.02872,0.04468,0.21380,0.05464,0.04937,0.07768,0.02628,0.02910,0.03690,0.03794,0.05335,0.05135
0.05633,0.09243,0.04394,0.06877,0.06912,0.05203,0.05305,0.04112,0.05521,0.06544,0.08622,0.03223,0.03826,0.03629,0.03270,0.02766,0.04466,0.03091,0.02741,0.04619
0.03950,0.08618,0.04161,0.05287,0.05434,0.04047,0.04560,0.03368,0.04262,0.05688,0.12761,0.04988,0.04915,0.03697,0.02999,0.03696,0.05356,0.03492,0.03382,0.05340
0.04319,0.06263,0.03855,0.04872,0.05148,0.04437,0.04617,0.03926,0.03874,0.05722,0.21289,0.03750,0.04991,0.03240,0.02620,0.03428,0.03697,0.03166,0.02846,0.03940
0.03531,0.05371,0.03344,0.04159,0.04360,0.03809,0.03936,0.03490,0.03542,0.04145,0.19954,0.04377,0.06040,0.05069,0.03279,0.04121,0.05189,0.03722,0.03297,0.05264
0.03142,0.06461,0.03464,0.05348,0.04755,0.03671,0.04185,0.02595,0.03694,0.04744,0.23591,0.04651,0.04199,0.03978,0.02134,0.03453,0.05054,0.03274,0.02914,0.04694
0.04929,0.08193,0.02762,0.05056,0.04990,0.05076,0.04721,0.03264,0.03778,0.05654,0.19137,0.04187,0.03975,0.04218,0.02850,0.02569,0.03711,0.03140,0.03650,0.04139
0.04547,0.11086,0.02680,0.05335,0.07135,0.05285,0.05570,0.03237,0.03313,0.08255,0.16513,0.03197,0.03117,0.03287,0.02154,0.03461,0.02973,0.02917,0.02766,0.03172
0.03338,0.07784,0.03927,0.05010,0.04961,0.04100,0.03818,0.02699,0.03852,0.05264,0.13988,0.04791,0.04999,0.04853,0.02644,0.03940,0.06061,0.03925,0.03749,0.06297
0.05330,0.10530,0.03327,0.06263,0.06934,0.05360,0.05537,0.03593,0.04387,0.07487,0.10243,0.04219,0.03504,0.04291,0.02820,0.02416,0.03954,0.03037,0.03009,0.03758
0.03679,0.06313,0.03815,0.04977,0.04921,0.04662,0.05246,0.03867,0.03813,0.04876,0.10025,0.04289,0.06552,0.04756,0.04242,0.04535,0.05299,0.04561,0.03554,0.06019
0.02856,0.04963,0.02703,0.03605,0.03313,0.03314,0.03371,0.02597,0.02920,0.03585,0.31029,0.04268,0.05335,0.03877,0.03142,0.03290,0.04553,0.03130,0.03161,0.04986
0.03682,0.05709,0.03541,0.04213,0.03764,0.04287,0.03945,0.02999,0.03183,0.04134,0.12262,0.06574,0.05506,0.08066,0.03309,0.03766,0.05323,0.04077,0.05798,0.05861
0.03564,0.06906,0.04969,0.05182,0.04739,0.05275,0.04138,0.03333,0.04231,0.04518,0.23749,0.03300,0.03756,0.03359,0.03105,0.02763,0.03302,0.03079,0.02923,0.03807
0.03494,0.05671,0.03712,0.04294,0.04327,0.04091,0.04202,0.03211,0.03606,0.04485,0.12778,0.05035,0.06693,0.05660,0.03916,0.04270,0.06056,0.04218,0.04374,0.05908
0.03679,0.06039,0.03184,0.04412,0.03815,0.03691,0.03931,0.02877,0.03051,0.04740,0.13648,0.06633,0.05956,0.05740,0.02819,0.04816,0.05986,0.04309,0.04009,0.06666
0.03779,0.07117,0.04663,0.05229,0.05450,0.04798,0.04795,0.03116,0.03518,0.05260,0.07129,0.04900,0.05372,0.05261,0.04130,0.04864,0.05551,0.04822,0.04351,0.05895
0.03828,0.06847,0.03540,0.05616,0.04436,0.04919,0.03947,0.03200,0.04508,0.04768,0.13851,0.04997,0.04803,0.07311,0.02623,0.02322,0.04047,0.03330,0.06357,0.04749
0.04533,0.07692,0.03784,0.04467,0.06045,0.04847,0.04306,0.04051,0.03531,0.05657,0.06542,0.04936,0.05956,0.04338,0.03338,0.05057,0.06169,0.05071,0.03494,0.06186
0.03486,0.07125,0.02913,0.04196,0.04649,0.03602,0.04598,0.02922,0.02896,0.04677,0.17730,0.04917,0.06163,0.05124,0.03366,0.03738,0.04945,0.03728,0.03709,0.05515
0.04024,0.07222,0.03503,0.05114,0.05117,0.03968,0.04723,0.03229,0.03359,0.04992,0.07060,0.06287,0.06808,0.05919,0.03068,0.04623,0.05728,0.04376,0.04421,0.06459
0.03559,0.06060,0.04093,0.05102,0.04460,0.04222,0.03979,0.03270,0.03398,0.05096,0.26737,0.03696,0.03711,0.04221,0.02227,0.02703,0.03153,0.02596,0.03672,0.04046
0.02742,0.05116,0.02291,0.03627,0.03162,0.02693,0.02928,0.02181,0.02756,0.03543,0.22964,0.05143,0.06805,0.06197,0.02929,0.03881,0.06169,0.04165,0.04080,0.06628
0.02376,0.03591,0.02328,0.03467,0.02831,0.02648,0.02844,0.02222,0.02525,0.03040,0.11060,0.06707,0.09647,0.06146,0.04895,0.05795,0.09291,0.05337,0.04229,0.09022
0.03052,0.05833,0.03713,0.04688,0.03880,0.04047,0.03613,0.03014,0.03750,0.03942,0.22694,0.03962,0.06307,0.04703,0.03060,0.03797,0.04444,0.03651,0.03134,0.04715
0.03154,0.05665,0.03287,0.04721,0.04796,0.03976,0.03929,0.02960,0.04099,0.04422,0.07638,0.05836,0.07071,0.07161,0.03100,0.04664,0.06150,0.04704,0.05575,0.07093
0.04451,0.09303,0.03750,0.06204,0.05986,0.06607,0.04997,0.03705,0.04280,0.07322,0.07937,0.03857,0.04478,0.04632,0.03232,0.03313,0.03856,0.03813,0.03971,0.04305
0.04411,0.10775,0.03088,0.05382,0.05582,0.04579,0.05097,0.02293,0.03788,0.06029,0.05407,0.05236,0.05323,0.07179,0.02601,0.03327,0.05050,0.04450,0.04734,0.05668
0.04365,0.08459,0.03823,0.05923,0.05231,0.04470,0.05174,0.03077,0.04351,0.06192,0.07808,0.05133,0.04916,0.05299,0.02768,0.03999,0.05213,0.03768,0.03998,0.06033
0.03206,0.06825,0.03181,0.04385,0.04435,0.03715,0.03944,0.02896,0.03665,0.04447,0.24314,0.03698,0.04737,0.04509,0.03074,0.03044,0.04392,0.03269,0.03844,0.04419
0.02822,0.04103,0.03156,0.03749,0.03044,0.03141,0.02947,0.02615,0.02829,0.03586,0.24128,0.04253,0.05788,0.05568,0.04130,0.03871,0.05749,0.04804,0.04080,0.05635
0.02962,0.05020,0.03519,0.04027,0.03686,0.03355,0.03252,0.02808,0.03257,0.03733,0.20279,0.05132,0.05717,0.05650,0.03346,0.03620,0.05751,0.03793,0.04753,0.06340
0.03120,0.06459,0.03222,0.04853,0.03953,0.03980,0.03712,0.02694,0.03361,0.04775,0.08207,0.06342,0.06953,0.06037,0.03835,0.05098,0.06913,0.04403,0.04432,0.07651
