0.06269,0.11873,0.03083,0.02682,0.04536,0.04192,0.00879,0.10188,0.08625,0.01210,0.13408,0.28208,0.03034,0.00560,0.01254
0.04942,0.09914,0.06090,0.08584,0.03935,0.01894,0.02826,0.02425,0.00497,0.03523,0.00805,0.50733,0.00813,0.01808,0.01212
0.06394,0.07739,0.11525,0.05275,0.11718,0.01123,0.02427,0.03366,0.01120,0.03131,0.01172,0.10480,0.01659,0.01939,0.30932
0.01883,0.01792,0.18290,0.02353,0.12226,0.01301,0.02048,0.02377,0.02553,0.00552,0.00797,0.06950,0.01955,0.44350,0.00573
0.03429,0.04876,0.04655,0.01874,0.11348,0.01148,0.02709,0.02323,0.00959,0.41246,0.17340,0.00588,0.00354,0.06265,0.00885
0.11147,0.02521,0.01137,0.03310,0.21596,0.01490,0.00857,0.18673,0.14394,0.01375,0.02109,0.00850,0.01181,0.00942,0.18420
0.14015,0.03295,0.16521,0.00888,0.02550,0.03413,0.37753,0.01777,0.00775,0.01468,0.03808,0.00676,0.00500,0.02837,0.09722
0.03678,0.03253,0.05427,0.02071,0.04186,0.08258,0.19952,0.02326,0.03137,0.01527,0.03327,0.08957,0.07488,0.00941,0.25474
0.02230,0.02184,0.17067,0.02412,0.04385,0.00635,0.01873,0.00800,0.02811,0.32568,0.17106,0.09816,0.03690,0.01133,0.01287
0.01343,0.46194,0.00332,0.00355,0.38161,0.00415,0.00408,0.09810,0.00353,0.00266,0.00367,0.00399,0.00272,0.00238,0.01090
0.01895,0.01675,0.01472,0.01339,0.04281,0.01043,0.00507,0.30037,0.00400,0.00536,0.00416,0.00790,0.00446,0.27673,0.27489
0.04227,0.08372,0.06012,0.01051,0.07945,0.00612,0.06128,0.07209,0.04795,0.00568,0.00980,0.02167,0.23069,0.13160,0.13705
0.00951,0.01043,0.06761,0.79581,0.00839,0.00416,0.01489,0.02843,0.00455,0.00212,0.00328,0.00361,0.00365,0.01055,0.03303
0.01360,0.01808,0.14784,0.01591,0.12432,0.01154,0.01334,0.00548,0.00464,0.06661,0.18110,0.36399,0.00505,0.01462,0.01388
0.01348,0.02054,0.05823,0.01416,0.11464,0.00908,0.53731,0.07252,0.04277,0.00947,0.05580,0.01354,0.01327,0.01803,0.00715
0.00928,0.01493,0.01029,0.00687,0.04011,0.01234,0.00493,0.31198,0.03710,0.08003,0.11851,0.00632,0.01174,0.01254,0.32302
0.00296,0.00305,0.65555,0.00299,0.17282,0.00161,0.00248,0.14080,0.00308,0.00124,0.00216,0.00230,0.00210,0.00152,0.00534
0.03118,0.02333,0.01847,0.01600,0.19185,0.00685,0.00986,0.22200,0.01688,0.00642,0.00698,0.35691,0.01357,0.01033,0.06936
0.00804,0.00699,0.00867,0.00782,0.21410,0.01938,0.01853,0.02511,0.00866,0.14957,0.05140,0.26670,0.00534,0.00807,0.20160
0.00285,0.00329,0.00403,0.00313,0.00833,0.00317,0.64649,0.00171,0.00162,0.00218,0.00509,0.01583,0.00103,0.00251,0.29872
0.06621,0.03258,0.15709,0.06011,0.08166,0.03648,0.10993,0.02258,0.00843,0.01320,0.01811,0.01505,0.01165,0.31869,0.04822
0.11615,0.02002,0.02137,0.04400,0.05879,0.04433,0.02581,0.26022,0.02681,0.01774,0.01783,0.00623,0.01519,0.00951,0.31601
0.06697,0.06454,0.07885,0.08406,0.10967,0.00757,0.30763,0.00416,0.00712,0.00278,0.01243,0.02032,0.00325,0.13371,0.09695
0.02109,0.02552,0.04262,0.01594,0.01497,0.00443,0.26742,0.00497,0.00525,0.21105,0.01676,0.22018,0.00800,0.01168,0.13012
0.00482,0.01155,0.19107,0.12622,0.03600,0.02059,0.03840,0.00508,0.00459,0.38791,0.09331,0.03361,0.00541,0.02350,0.01793
0.00571,0.44685,0.00624,0.00551,0.14726,0.00675,0.00380,0.17006,0.00971,0.01214,0.01586,0.00372,0.00371,0.00505,0.15761
0.04611,0.05627,0.05323,0.03741,0.05597,0.02654,0.03077,0.37061,0.01268,0.02582,0.01179,0.11351,0.01519,0.01735,0.12674
0.01691,0.01434,0.01709,0.01016,0.02788,0.02779,0.30411,0.00549,0.00991,0.01259,0.02368,0.00571,0.01355,0.19447,0.31632
0.00098,0.00172,0.00122,0.59240,0.39285,0.00075,0.00069,0.00134,0.00105,0.00145,0.00191,0.00111,0.00088,0.00079,0.00086
0.06442,0.06517,0.11335,0.02887,0.09028,0.01392,0.29737,0.02936,0.00572,0.00660,0.01221,0.12742,0.00562,0.00502,0.13467
0.03369,0.03989,0.02187,0.01412,0.14613,0.00890,0.12609,0.01653,0.07357,0.00608,0.02819,0.02831,0.29146,0.00725,0.15792
0.15277,0.02640,0.08672,0.01623,0.02150,0.01037,0.02749,0.02477,0.00449,0.25773,0.00506,0.03805,0.27713,0.03278,0.01851
0.02155,0.02665,0.01942,0.02533,0.02128,0.15515,0.36739,0.00704,0.00309,0.00703,0.01064,0.20141,0.00345,0.00659,0.12398
0.01188,0.01743,0.33279,0.01185,0.22150,0.00390,0.00279,0.11193,0.00475,0.01485,0.00759,0.22441,0.00638,0.00272,0.02522
0.02659,0.00992,0.02124,0.24722,0.04811,0.01225,0.01606,0.07481,0.19201,0.01562,0.03695,0.01393,0.15789,0.00539,0.12201
0.07519,0.04301,0.11278,0.29855,0.03803,0.01666,0.00479,0.13773,0.00860,0.15394,0.04326,0.00543,0.00579,0.01085,0.04540
0.03572,0.02927,0.06663,0.01294,0.01399,0.02550,0.45860,0.00205,0.00509,0.00659,0.04067,0.01975,0.00361,0.00458,0.27502
0.00926,0.00492,0.81189,0.00899,0.01588,0.00286,0.00355,0.08543,0.01681,0.00277,0.00325,0.00489,0.01830,0.00193,0.00927
0.11143,0.11793,0.17597,0.02210,0.01297,0.02491,0.04741,0.06184,0.01459,0.00844,0.01330,0.01778,0.01734,0.00808,0.34591
0.00617,0.02422,0.00742,0.00497,0.56206,0.00975,0.00377,0.21853,0.00415,0.00976,0.00435,0.00348,0.00543,0.00246,0.13349
0.01708,0.09476,0.15182,0.01320,0.25641,0.00549,0.00817,0.23088,0.01208,0.01259,0.01514,0.01034,0.01296,0.00456,0.15452
0.02025,0.03176,0.03141,0.01721,0.02745,0.05286,0.52988,0.00599,0.01850,0.00960,0.06259,0.00510,0.00916,0.01637,0.16187
0.01233,0.01308,0.00450,0.00324,0.71626,0.03905,0.03198,0.03568,0.00307,0.07365,0.00754,0.00876,0.00686,0.03926,0.00472
0.03083,0.08898,0.03693,0.01603,0.10849,0.10935,0.00606,0.02851,0.01166,0.01900,0.00901,0.00993,0.03070,0.48931,0.00521
0.04126,0.02455,0.02217,0.02066,0.03489,0.01264,0.08133,0.02420,0.05887,0.13934,0.17498,0.03128,0.20552,0.01195,0.11634
0.01207,0.18691,0.00868,0.01973,0.10875,0.03621,0.26111,0.01240,0.18337,0.00278,0.01861,0.07731,0.00528,0.00896,0.05783
0.05172,0.01514,0.00877,0.01674,0.02696,0.01706,0.00929,0.04921,0.38586,0.00383,0.03199,0.23664,0.00353,0.13703,0.00623
0.00446,0.00681,0.00522,0.00320,0.00867,0.00254,0.00225,0.41520,0.16914,0.11821,0.02660,0.00275,0.02741,0.00173,0.20582
0.04507,0.04864,0.02731,0.05581,0.08486,0.02189,0.14808,0.00898,0.09387,0.00788,0.01279,0.01009,0.26859,0.11501,0.05112
0.42862,0.00586,0.05129,0.07721,0.22658,0.00368,0.00803,0.01404,0.00388,0.12813,0.01618,0.01675,0.00741,0.00417,0.00818
0.01270,0.01401,0.02192,0.04707,0.01772,0.03343,0.20032,0.00644,0.00299,0.00759,0.00581,0.34899,0.00413,0.08407,0.19283
0.01277,0.01013,0.01539,0.01086,0.07753,0.02034,0.23996,0.01418,0.01137,0.01409,0.05170,0.00420,0.00344,0.41232,0.10172
0.01848,0.02602,0.02109,0.02135,0.06786,0.01616,0.45972,0.00305,0.00449,0.01133,0.03627,0.00756,0.00385,0.07449,0.22829
0.03073,0.02010,0.08439,0.06040,0.10124,0.02613,0.17070,0.37403,0.01147,0.01195,0.01002,0.01169,0.02801,0.05344,0.00569
0.02238,0.02730,0.02460,0.02782,0.03384,0.22720,0.01562,0.07634,0.03196,0.00667,0.01244,0.32897,0.01072,0.05504,0.09911
0.18401,0.19306,0.01523,0.04887,0.02469,0.01588,0.20956,0.11427,0.03817,0.00912,0.03765,0.01499,0.02337,0.01345,0.05768
0.03178,0.02130,0.11005,0.11977,0.02723,0.01329,0.09069,0.01751,0.00490,0.02520,0.06390,0.17885,0.00505,0.01901,0.27145
0.02137,0.00634,0.00727,0.00746,0.35422,0.00296,0.00284,0.26933,0.01831,0.01374,0.23444,0.00431,0.00455,0.00230,0.05055
0.01850,0.01856,0.34732,0.00991,0.01949,0.01192,0.01267,0.02273,0.00813,0.00823,0.01593,0.18723,0.00493,0.00508,0.30938
0.10738,0.18656,0.01048,0.00776,0.01600,0.00934,0.00865,0.00962,0.03065,0.28878,0.23223,0.01320,0.05612,0.00394,0.01928
0.06908,0.03474,0.03936,0.03422,0.02627,0.02177,0.24254,0.00434,0.00512,0.15778,0.04436,0.03070,0.00593,0.01144,0.27238
0.01570,0.01107,0.00641,0.01653,0.34118,0.01059,0.03352,0.01092,0.03330,0.00991,0.02556,0.15482,0.03360,0.01350,0.28338
0.01704,0.65369,0.01075,0.00843,0.07687,0.02544,0.00686,0.01158,0.01342,0.01137,0.01416,0.08396,0.01130,0.04052,0.01461
0.01797,0.07538,0.01385,0.02630,0.06093,0.00948,0.33224,0.00483,0.00628,0.01993,0.06281,0.05181,0.00392,0.01088,0.30339
0.02357,0.03805,0.02672,0.02662,0.23391,0.11348,0.02649,0.06710,0.01145,0.02399,0.01702,0.01117,0.01531,0.18733,0.17777
0.02081,0.20805,0.06602,0.07727,0.20018,0.01728,0.03341,0.00501,0.02425,0.01507,0.03476,0.02814,0.01800,0.00898,0.24277
0.00922,0.33393,0.01459,0.01598,0.07311,0.00842,0.00369,0.35654,0.01459,0.02716,0.02892,0.00832,0.00529,0.00794,0.09231
0.03168,0.06942,0.04074,0.01836,0.07402,0.01893,0.00714,0.31424,0.02507,0.11047,0.17869,0.03537,0.00971,0.01311,0.05306
0.26191,0.40562,0.01230,0.00701,0.03350,0.00368,0.03362,0.00611,0.00220,0.00479,0.00709,0.05651,0.00257,0.00572,0.15736
0.00773,0.01024,0.07109,0.82135,0.00899,0.00342,0.01595,0.01148,0.00641,0.00372,0.00374,0.00809,0.00438,0.00422,0.01919
0.04195,0.08294,0.01406,0.05213,0.14941,0.01254,0.01321,0.14236,0.21053,0.00775,0.01175,0.00775,0.18227,0.00884,0.06250
0.01697,0.02225,0.20280,0.01189,0.08754,0.00467,0.00471,0.27029,0.00391,0.05358,0.00569,0.00498,0.02968,0.00482,0.27622
0.00571,0.00631,0.01633,0.00500,0.07936,0.00685,0.00313,0.24473,0.01443,0.00438,0.00327,0.00257,0.25674,0.00363,0.34755
0.01116,0.00724,0.33813,0.01345,0.04268,0.01841,0.27006,0.00692,0.00354,0.00634,0.00621,0.01432,0.00401,0.15337,0.10416
0.04682,0.02003,0.04245,0.04578,0.02715,0.25082,0.04393,0.07167,0.01111,0.01439,0.02443,0.01297,0.00717,0.02624,0.35502
0.46317,0.00671,0.13011,0.00604,0.01007,0.00819,0.00739,0.07768,0.00579,0.03919,0.00810,0.00495,0.01058,0.00515,0.21689
0.01256,0.01748,0.03900,0.00989,0.57417,0.00455,0.00329,0.25233,0.00555,0.02483,0.00698,0.00585,0.00743,0.00334,0.03275
0.01504,0.01285,0.64419,0.01614,0.02391,0.04113,0.02613,0.04636,0.00533,0.00605,0.00595,0.00599,0.00469,0.10333,0.04292
0.05556,0.02436,0.02623,0.04732,0.03945,0.00805,0.01567,0.08148,0.17944,0.00464,0.00615,0.00600,0.04732,0.00758,0.45074
0.02681,0.03234,0.01354,0.01243,0.04500,0.07383,0.00457,0.45442,0.01458,0.02256,0.00873,0.00717,0.01194,0.23640,0.03568
0.01991,0.04161,0.09828,0.02261,0.03065,0.01495,0.00352,0.38318,0.00748,0.09497,0.02209,0.01119,0.00911,0.00968,0.23076
0.05637,0.05991,0.04427,0.04727,0.15937,0.01023,0.18089,0.00510,0.00474,0.01113,0.03636,0.10840,0.00504,0.01677,0.25414
0.01341,0.00760,0.00637,0.00837,0.22191,0.23714,0.00601,0.28613,0.00677,0.00519,0.00655,0.00851,0.00408,0.10543,0.07653
0.00437,0.00583,0.00564,0.00509,0.01289,0.00603,0.32705,0.00365,0.00297,0.00472,0.05802,0.18417,0.00227,0.00654,0.37077
0.07394,0.04472,0.03392,0.01965,0.07242,0.01010,0.01943,0.01120,0.00705,0.39515,0.01470,0.21126,0.01791,0.05004,0.01848
0.09137,0.03126,0.04318,0.04672,0.06500,0.02815,0.10701,0.11059,0.00882,0.04764,0.05391,0.00780,0.00817,0.02759,0.32279
0.03788,0.03358,0.06291,0.01730,0.03384,0.00706,0.31540,0.07737,0.00802,0.00430,0.00538,0.34069,0.00701,0.03763,0.01162
0.13413,0.28948,0.01805,0.02949,0.03516,0.00770,0.04609,0.00564,0.04293,0.01458,0.03049,0.02122,0.02748,0.00612,0.29143
0.00605,0.70127,0.00643,0.00519,0.19435,0.01936,0.00593,0.01147,0.00240,0.01625,0.01080,0.00290,0.00214,0.00567,0.00980
0.01301,0.00827,0.00420,0.00386,0.53934,0.01933,0.01491,0.08320,0.02330,0.03147,0.08451,0.00535,0.00530,0.15945,0.00451
0.00430,0.00322,0.00620,0.00232,0.00456,0.00167,0.36265,0.06942,0.50642,0.00124,0.00146,0.00562,0.02745,0.00144,0.00203
0.04283,0.03320,0.02772,0.03606,0.06056,0.02887,0.22635,0.01109,0.01086,0.00795,0.03943,0.02020,0.00512,0.07167,0.37808
0.01354,0.00950,0.01615,0.01424,0.08360,0.01331,0.00624,0.25141,0.00566,0.10848,0.00765,0.36476,0.03917,0.01273,0.05356
0.00417,0.53409,0.00381,0.00319,0.25190,0.08395,0.00532,0.04316,0.00330,0.02295,0.01987,0.00299,0.00331,0.00493,0.01305
0.05109,0.08258,0.53003,0.07717,0.09453,0.00652,0.00412,0.00377,0.00484,0.01537,0.00753,0.08766,0.00506,0.00461,0.02510
0.04167,0.63216,0.11842,0.03194,0.01759,0.00611,0.00482,0.01286,0.02212,0.00768,0.00782,0.00676,0.06282,0.00319,0.02406
0.15307,0.04822,0.04184,0.02852,0.04015,0.01757,0.00602,0.23437,0.01126,0.23263,0.03904,0.00622,0.01140,0.00907,0.12062
0.02111,0.04941,0.02923,0.10970,0.47069,0.01748,0.01192,0.09520,0.04051,0.00986,0.00973,0.03464,0.01466,0.01071,0.07515
0.11184,0.10735,0.12523,0.06147,0.06522,0.02703,0.07789,0.18338,0.02305,0.00670,0.01167,0.01845,0.04272,0.12577,0.01222
0.21349,0.01448,0.00780,0.01236,0.15769,0.00346,0.00262,0.26997,0.03336,0.07816,0.01099,0.00502,0.08885,0.00335,0.09839
