0.04647,0.04562,0.04733,0.04511,0.06353,0.06481,0.05001,0.03743,0.05031,0.05130,0.04402,0.05728,0.04852,0.04922,0.04803,0.04695,0.04829,0.04894,0.05387,0.05298
0.04574,0.04481,0.05059,0.05010,0.06007,0.06397,0.04412,0.03836,0.05100,0.04748,0.04195,0.04963,0.05229,0.05256,0.04661,0.04731,0.05430,0.03909,0.05971,0.06030
0.04805,0.04632,0.04577,0.04493,0.05434,0.05457,0.04353,0.04779,0.05260,0.04281,0.04423,0.04520,0.05597,0.05680,0.04743,0.04642,0.05790,0.04583,0.05977,0.05976
0.04674,0.04551,0.05081,0.04834,0.04137,0.04409,0.04343,0.04394,0.04665,0.05070,0.04519,0.05149,0.06264,0.06116,0.04987,0.05037,0.04834,0.03596,0.06625,0.06715
0.05210,0.05086,0.04861,0.04796,0.04155,0.04273,0.04670,0.04527,0.04698,0.04813,0.05099,0.04690,0.06779,0.06836,0.04679,0.04613,0.04630,0.03926,0.05873,0.05785
0.04577,0.04571,0.05025,0.04949,0.04438,0.04457,0.06827,0.05651,0.05272,0.04547,0.05286,0.04507,0.04356,0.04462,0.04843,0.04835,0.05070,0.05820,0.05242,0.05264
0.04457,0.04569,0.05273,0.05097,0.04108,0.03983,0.03846,0.04761,0.04884,0.04430,0.04361,0.05685,0.07388,0.07415,0.04885,0.04764,0.04231,0.03723,0.06016,0.06124
0.06072,0.06206,0.04674,0.04688,0.04712,0.04777,0.05176,0.04321,0.04413,0.04661,0.04239,0.04349,0.05424,0.05289,0.04833,0.04757,0.05993,0.05077,0.05131,0.05207
0.04468,0.04370,0.05022,0.04824,0.04334,0.04230,0.05310,0.04130,0.04605,0.05260,0.05468,0.05409,0.04845,0.04874,0.06601,0.06468,0.04597,0.03741,0.05730,0.05714
0.04772,0.04684,0.05104,0.05235,0.04101,0.03985,0.05229,0.08537,0.05251,0.04802,0.04503,0.04486,0.05124,0.05160,0.05044,0.05110,0.05060,0.04194,0.04864,0.04757
0.04454,0.04319,0.04190,0.04088,0.07125,0.07370,0.05344,0.03718,0.04795,0.04267,0.05677,0.04929,0.04482,0.04343,0.04629,0.04706,0.05131,0.04649,0.05898,0.05886
0.04532,0.04531,0.04445,0.04361,0.05384,0.05466,0.04064,0.05251,0.04824,0.04618,0.04875,0.05300,0.06869,0.06790,0.05047,0.05065,0.04259,0.03836,0.05279,0.05204
0.04450,0.04473,0.04718,0.04633,0.05064,0.05188,0.04730,0.05566,0.04520,0.05006,0.04405,0.04462,0.06659,0.06547,0.04857,0.04887,0.04893,0.04091,0.05451,0.05400
0.04954,0.04853,0.04985,0.05239,0.05296,0.05393,0.04037,0.05273,0.05116,0.05030,0.04017,0.05017,0.04685,0.04717,0.04050,0.04018,0.05400,0.06041,0.06036,0.05843
0.05271,0.05337,0.04413,0.04376,0.04638,0.04656,0.04551,0.04850,0.05663,0.04466,0.07109,0.05295,0.04597,0.04692,0.04618,0.04571,0.04402,0.04906,0.05791,0.05797
0.05103,0.05072,0.04427,0.04353,0.04134,0.04021,0.05017,0.04222,0.05072,0.04401,0.05338,0.04966,0.04572,0.04492,0.04677,0.04679,0.05543,0.07746,0.06039,0.06127
0.05212,0.05438,0.05045,0.04753,0.04376,0.04535,0.06197,0.04256,0.04446,0.04483,0.05402,0.04865,0.04991,0.04889,0.04901,0.04907,0.05119,0.04420,0.05838,0.05925
0.05046,0.04859,0.04760,0.04826,0.06009,0.06491,0.04107,0.04958,0.04421,0.04898,0.04693,0.05045,0.05757,0.05547,0.03732,0.03838,0.04769,0.05086,0.05560,0.05599
0.04714,0.04545,0.04692,0.04720,0.04972,0.05231,0.04189,0.04955,0.04930,0.04427,0.07111,0.06613,0.04858,0.04894,0.04800,0.04736,0.04344,0.04312,0.05470,0.05486
0.05193,0.05083,0.05093,0.05094,0.04654,0.04786,0.04463,0.05140,0.05209,0.04361,0.04113,0.04826,0.04384,0.04387,0.04212,0.04261,0.06105,0.07690,0.05463,0.05482
0.05087,0.05152,0.04734,0.04687,0.04545,0.04754,0.04891,0.04059,0.05342,0.06440,0.04309,0.04810,0.05261,0.05262,0.04469,0.04545,0.04978,0.04555,0.06026,0.06095
0.05467,0.05329,0.04386,0.04201,0.05030,0.04948,0.04505,0.03995,0.05007,0.04704,0.05735,0.05014,0.05503,0.05735,0.04800,0.04627,0.04134,0.04741,0.06057,0.06080
0.04699,0.04709,0.05100,0.04977,0.04737,0.04644,0.04772,0.04816,0.04787,0.08308,0.04069,0.04713,0.04858,0.04945,0.04842,0.04785,0.05030,0.04583,0.05324,0.05303
0.04765,0.04706,0.04619,0.04589,0.04494,0.04646,0.04183,0.03277,0.05167,0.05001,0.04317,0.05376,0.05282,0.05291,0.04524,0.04453,0.05747,0.04216,0.07570,0.07778
0.04928,0.04879,0.04719,0.04516,0.04646,0.04834,0.04169,0.04370,0.05380,0.08426,0.04650,0.04964,0.05427,0.05321,0.04265,0.04352,0.04586,0.04047,0.05738,0.05783
0.04600,0.04621,0.04986,0.04971,0.06290,0.06479,0.04181,0.03812,0.04484,0.05360,0.04513,0.05068,0.05650,0.05579,0.04402,0.04339,0.04655,0.03851,0.06060,0.06102
0.04706,0.04574,0.04977,0.04734,0.04539,0.04806,0.05014,0.03696,0.04667,0.04783,0.04711,0.05314,0.04994,0.05066,0.05865,0.05697,0.05549,0.03708,0.06368,0.06231
0.05326,0.05371,0.04177,0.04317,0.04836,0.05028,0.04254,0.04450,0.05091,0.04247,0.04871,0.04801,0.04523,0.04509,0.04156,0.04227,0.05805,0.09364,0.05347,0.05300
0.04936,0.04850,0.05367,0.05103,0.03609,0.03697,0.04883,0.04141,0.04965,0.03975,0.05896,0.05031,0.04645,0.04577,0.05446,0.05353,0.04692,0.04464,0.07236,0.07134
0.04793,0.04869,0.04437,0.04318,0.04342,0.04107,0.05146,0.04461,0.05447,0.04927,0.04221,0.04920,0.06255,0.06333,0.04970,0.04993,0.04464,0.04405,0.06360,0.06232
0.04438,0.04536,0.04906,0.04864,0.03836,0.03666,0.09058,0.08757,0.04743,0.04633,0.04304,0.03797,0.05105,0.05062,0.04858,0.04907,0.04737,0.04616,0.04652,0.04525
0.04797,0.04877,0.04528,0.04535,0.04340,0.04421,0.04482,0.04784,0.04677,0.04259,0.05345,0.07224,0.04611,0.04637,0.04822,0.04928,0.04492,0.04875,0.06618,0.06746
0.04885,0.04856,0.04885,0.04777,0.04751,0.04742,0.04089,0.04645,0.04387,0.05759,0.04059,0.04824,0.07167,0.07102,0.04736,0.04728,0.04120,0.03554,0.05916,0.06018
0.04860,0.04831,0.04831,0.04713,0.04684,0.04557,0.04740,0.04956,0.07098,0.06117,0.04989,0.05531,0.04830,0.04648,0.04502,0.04536,0.04128,0.04150,0.05629,0.05670
0.04319,0.04348,0.05206,0.04960,0.04645,0.04768,0.04065,0.04145,0.04947,0.05644,0.04553,0.04993,0.06738,0.06659,0.04679,0.04748,0.04721,0.03838,0.06017,0.06007
0.04943,0.04969,0.05181,0.05044,0.04616,0.04582,0.04674,0.04768,0.05183,0.04774,0.04676,0.05332,0.05113,0.05115,0.04769,0.04894,0.04857,0.05091,0.05750,0.05670
0.05005,0.04900,0.04794,0.04743,0.04636,0.04599,0.04048,0.03856,0.06640,0.07410,0.04931,0.04822,0.04786,0.04936,0.04349,0.04299,0.04320,0.04326,0.06207,0.06392
0.04831,0.04647,0.05161,0.05030,0.04351,0.04155,0.04604,0.04215,0.05146,0.05093,0.04398,0.07059,0.04895,0.04867,0.04970,0.05039,0.04222,0.04934,0.06188,0.06193
0.04968,0.04810,0.04973,0.05007,0.03949,0.03933,0.05875,0.08483,0.04742,0.04234,0.05327,0.04328,0.04171,0.04249,0.04808,0.04629,0.05177,0.05535,0.05445,0.05358
0.05020,0.04959,0.04644,0.04600,0.04437,0.04699,0.03869,0.04686,0.05044,0.05296,0.03876,0.04844,0.05382,0.05491,0.04385,0.04195,0.05504,0.05779,0.06578,0.06711
0.04924,0.04927,0.04851,0.04831,0.04647,0.04834,0.05738,0.04629,0.04467,0.05033,0.05101,0.06016,0.05140,0.05109,0.04989,0.04884,0.04540,0.04497,0.05359,0.05485
0.04964,0.04975,0.04527,0.04560,0.04761,0.04667,0.05105,0.05249,0.05440,0.04287,0.04423,0.05804,0.04898,0.04856,0.04753,0.04726,0.04769,0.04948,0.06163,0.06126
0.04846,0.04840,0.04988,0.05106,0.04793,0.04761,0.05582,0.05824,0.05375,0.04318,0.05361,0.04522,0.05335,0.05340,0.04550,0.04581,0.04741,0.04873,0.05081,0.05181
0.04812,0.04697,0.04031,0.04083,0.07225,0.07723,0.04818,0.04393,0.04505,0.04273,0.04585,0.05065,0.04465,0.04545,0.04844,0.04803,0.05501,0.05120,0.05259,0.05252
0.04992,0.04900,0.04658,0.04505,0.04745,0.04730,0.03435,0.03853,0.04669,0.05001,0.03948,0.04839,0.06349,0.06385,0.04428,0.04270,0.05527,0.03963,0.07386,0.07416
0.04858,0.05007,0.04887,0.04729,0.03889,0.03993,0.05522,0.05654,0.04796,0.04909,0.06326,0.04376,0.04813,0.04913,0.05449,0.05613,0.04570,0.04539,0.05575,0.05579
0.04319,0.04368,0.04953,0.04631,0.04136,0.04237,0.04192,0.05357,0.04298,0.05368,0.04680,0.04621,0.08039,0.07988,0.04889,0.04852,0.04223,0.03400,0.05819,0.05631
0.05069,0.04935,0.04788,0.04835,0.04586,0.04661,0.03900,0.04985,0.05480,0.05331,0.05222,0.05543,0.05174,0.05185,0.04530,0.04481,0.04602,0.05036,0.05838,0.05817
0.05290,0.05178,0.04710,0.04559,0.04463,0.04701,0.03819,0.04669,0.05033,0.05517,0.04385,0.04464,0.06204,0.06148,0.04504,0.04514,0.05086,0.04126,0.06273,0.06360
0.04607,0.04520,0.05306,0.05117,0.04199,0.04357,0.04340,0.04323,0.05674,0.04641,0.04198,0.05130,0.05866,0.05821,0.04610,0.04623,0.04634,0.03966,0.07018,0.07050
0.04584,0.04603,0.04967,0.04942,0.04367,0.04445,0.04019,0.05745,0.05460,0.05921,0.04511,0.04904,0.06109,0.05930,0.04204,0.04148,0.04351,0.04348,0.06215,0.06227
0.04752,0.04680,0.04442,0.04515,0.04554,0.04484,0.04456,0.03962,0.05046,0.05814,0.03876,0.04654,0.06726,0.06890,0.05080,0.05102,0.04642,0.04126,0.06046,0.06153
0.04620,0.04611,0.04834,0.04790,0.04362,0.04355,0.03639,0.04454,0.05100,0.08978,0.04440,0.04608,0.05233,0.05367,0.04319,0.04185,0.04757,0.04111,0.06594,0.06644
0.04992,0.04869,0.04829,0.04806,0.05057,0.05124,0.05056,0.04168,0.04845,0.04834,0.04679,0.05275,0.04512,0.04491,0.05701,0.05619,0.05385,0.04569,0.05538,0.05650
0.04631,0.04508,0.05032,0.04974,0.04993,0.05000,0.04759,0.04321,0.05795,0.04264,0.05416,0.06897,0.05070,0.04904,0.04419,0.04262,0.03990,0.04929,0.05993,0.05844
0.04577,0.04573,0.05070,0.04767,0.04279,0.04284,0.04845,0.04407,0.04389,0.04684,0.05049,0.05142,0.04809,0.04785,0.07063,0.07130,0.04706,0.03915,0.05720,0.05804
0.04493,0.04397,0.05419,0.05350,0.04016,0.04212,0.07125,0.05217,0.05122,0.04813,0.04816,0.04515,0.04847,0.04971,0.05356,0.05207,0.05033,0.04280,0.05404,0.05408
0.04995,0.04860,0.04440,0.04482,0.04928,0.04996,0.04438,0.04325,0.06036,0.06396,0.04885,0.05926,0.04717,0.04765,0.04000,0.03821,0.04923,0.05224,0.05920,0.05923
0.04578,0.04590,0.05165,0.04913,0.04419,0.04459,0.04301,0.04859,0.04605,0.08255,0.04955,0.04409,0.05575,0.05568,0.04520,0.04431,0.04278,0.04607,0.05731,0.05783
0.05008,0.05017,0.04623,0.04653,0.04711,0.04916,0.05227,0.05086,0.05242,0.04846,0.05551,0.04563,0.05074,0.04993,0.04637,0.04709,0.04654,0.05435,0.05562,0.05494
0.05198,0.05200,0.05156,0.05244,0.04964,0.04977,0.05508,0.05054,0.04676,0.04345,0.05428,0.04818,0.05223,0.05228,0.04376,0.04431,0.05281,0.05038,0.04880,0.04976
0.05607,0.05738,0.04938,0.04993,0.04472,0.04771,0.04706,0.04594,0.04319,0.05081,0.04578,0.04308,0.04305,0.04373,0.04750,0.04814,0.08940,0.04430,0.05241,0.05042
0.04903,0.04923,0.04649,0.04792,0.04463,0.04721,0.04770,0.04901,0.06466,0.04683,0.04531,0.04653,0.04443,0.04285,0.04341,0.04311,0.05514,0.07110,0.05764,0.05777
0.04590,0.04529,0.04416,0.04359,0.07292,0.07645,0.04475,0.03699,0.04767,0.04656,0.05225,0.05031,0.04899,0.04979,0.04367,0.04516,0.04392,0.04449,0.05913,0.05801
0.04919,0.04950,0.04671,0.04697,0.04656,0.04607,0.04424,0.04390,0.05767,0.04968,0.04578,0.05271,0.05160,0.05051,0.04240,0.04234,0.05176,0.06926,0.05636,0.05676
0.04935,0.05039,0.04805,0.04700,0.05887,0.06049,0.04355,0.03724,0.04780,0.04917,0.05413,0.04873,0.05212,0.05377,0.04465,0.04456,0.04989,0.04670,0.05758,0.05596
0.04840,0.04816,0.05040,0.04848,0.04286,0.04239,0.05385,0.04339,0.05646,0.04394,0.04629,0.04771,0.04714,0.04664,0.06061,0.05954,0.04848,0.04636,0.05991,0.05897
0.04774,0.04742,0.04954,0.04780,0.04643,0.04439,0.04615,0.04310,0.05109,0.04931,0.04689,0.04761,0.06083,0.06063,0.04898,0.05020,0.04579,0.04562,0.06030,0.06018
0.04701,0.04738,0.05150,0.05005,0.04503,0.04293,0.04361,0.04655,0.06183,0.05075,0.04297,0.04796,0.05143,0.05040,0.04363,0.04269,0.05214,0.05608,0.06281,0.06325
0.05093,0.05101,0.04302,0.04370,0.04749,0.04725,0.03880,0.04919,0.05880,0.04027,0.05169,0.05074,0.04122,0.04177,0.04312,0.04377,0.05744,0.09629,0.05146,0.05204
0.04770,0.04556,0.04988,0.04919,0.04748,0.04825,0.04685,0.04466,0.04958,0.04606,0.06008,0.05513,0.05249,0.05167,0.04944,0.04953,0.04660,0.04612,0.05738,0.05634
0.04848,0.04972,0.04671,0.04579,0.04783,0.04836,0.04629,0.04241,0.05443,0.06457,0.04569,0.05884,0.04914,0.04814,0.04602,0.04683,0.04740,0.05178,0.05591,0.05566
0.04827,0.04904,0.04554,0.04347,0.04527,0.04663,0.04997,0.05062,0.04703,0.04644,0.07237,0.05247,0.04660,0.04602,0.04995,0.05128,0.04059,0.04574,0.06147,0.06120
0.04419,0.04323,0.05861,0.05730,0.04928,0.04938,0.04584,0.04594,0.04617,0.05352,0.04692,0.04515,0.05968,0.05834,0.04571,0.04623,0.04543,0.04314,0.05749,0.05846
0.04804,0.04767,0.04939,0.04954,0.04175,0.04191,0.07264,0.05798,0.04784,0.04264,0.04934,0.03945,0.05154,0.05209,0.04930,0.04963,0.05116,0.04403,0.05709,0.05696
0.04805,0.04710,0.04491,0.04565,0.04236,0.04215,0.04338,0.04877,0.06784,0.04745,0.04827,0.05605,0.04879,0.04811,0.05212,0.05197,0.04537,0.04155,0.06422,0.06589
0.04689,0.04503,0.05352,0.05469,0.04835,0.05063,0.03968,0.04625,0.05756,0.05665,0.04425,0.05774,0.05334,0.05222,0.04008,0.04056,0.04525,0.04766,0.05954,0.06012
0.05389,0.05559,0.04630,0.04516,0.05002,0.05127,0.04591,0.03890,0.04297,0.04884,0.04250,0.04506,0.06422,0.06243,0.04837,0.04769,0.05176,0.04269,0.05934,0.05708
0.04871,0.04616,0.05174,0.04888,0.04342,0.04581,0.04287,0.04174,0.05903,0.04790,0.04859,0.05402,0.04281,0.04334,0.04388,0.04477,0.05897,0.06352,0.06225,0.06159
0.04774,0.04897,0.04865,0.04779,0.04469,0.04484,0.04982,0.04552,0.04175,0.04741,0.04875,0.04580,0.04936,0.04994,0.06012,0.06183,0.05515,0.04752,0.05743,0.05693
0.04629,0.04708,0.04571,0.04900,0.04924,0.04920,0.04586,0.04867,0.05517,0.04834,0.04287,0.05353,0.05344,0.05399,0.04023,0.04004,0.04883,0.07963,0.05029,0.05258
0.04814,0.04682,0.04352,0.04293,0.06009,0.06024,0.03722,0.03898,0.04662,0.06326,0.04276,0.05275,0.06399,0.06541,0.04809,0.04704,0.04739,0.04117,0.05182,0.05176
0.04597,0.04709,0.04779,0.04749,0.04856,0.04865,0.04341,0.05603,0.05351,0.04798,0.05833,0.05629,0.04815,0.04752,0.04532,0.04619,0.03975,0.05252,0.05954,0.05993
0.05237,0.05291,0.04614,0.04490,0.04496,0.04529,0.06155,0.04312,0.04223,0.04661,0.04732,0.04438,0.04377,0.04365,0.06832,0.06781,0.05417,0.04476,0.05274,0.05299
0.04415,0.04184,0.04861,0.04738,0.04399,0.04486,0.04390,0.05135,0.05011,0.04931,0.04721,0.05201,0.07410,0.07335,0.04470,0.04445,0.04145,0.03652,0.06043,0.06028
0.04513,0.04408,0.04578,0.04784,0.04362,0.04548,0.04621,0.11427,0.05598,0.04462,0.04153,0.03730,0.05001,0.04841,0.04895,0.04821,0.04783,0.03973,0.05262,0.05242
0.04543,0.04484,0.04685,0.04757,0.06301,0.06894,0.05026,0.04506,0.04776,0.04437,0.04601,0.04304,0.05692,0.05722,0.04673,0.04830,0.04972,0.04286,0.05336,0.05177
0.04902,0.04991,0.05507,0.05399,0.05092,0.05171,0.05083,0.04868,0.06605,0.05223,0.04652,0.04366,0.04624,0.04631,0.04062,0.04178,0.04747,0.05285,0.05404,0.05210
0.05131,0.05139,0.04918,0.05014,0.04710,0.04739,0.04694,0.04616,0.05581,0.05093,0.04334,0.04949,0.05483,0.05470,0.05211,0.05183,0.04655,0.04215,0.05469,0.05397
0.04663,0.04568,0.04704,0.04680,0.04230,0.04143,0.04211,0.05066,0.04610,0.05044,0.04414,0.04954,0.07454,0.07288,0.05008,0.04977,0.04575,0.03866,0.05798,0.05749
0.04508,0.04278,0.05230,0.05081,0.04275,0.04491,0.04491,0.04996,0.04873,0.05193,0.04279,0.04136,0.06024,0.06088,0.04737,0.04736,0.04945,0.04043,0.06822,0.06772
0.05573,0.05782,0.04713,0.04580,0.04019,0.04171,0.04455,0.05024,0.05169,0.04990,0.04822,0.04391,0.05148,0.05096,0.05170,0.04984,0.04948,0.04422,0.06194,0.06348
0.04770,0.04830,0.04947,0.04740,0.04281,0.04413,0.03740,0.04238,0.06730,0.07657,0.04216,0.04042,0.05616,0.05670,0.03783,0.03830,0.04850,0.04044,0.06808,0.06794
0.05147,0.04958,0.04976,0.04684,0.04635,0.04549,0.04362,0.05322,0.05309,0.04508,0.04904,0.05107,0.06544,0.06622,0.04717,0.04690,0.04300,0.04181,0.05283,0.05202
0.04534,0.04468,0.04682,0.04559,0.04442,0.04482,0.04247,0.05587,0.04655,0.05359,0.04379,0.04878,0.07596,0.07635,0.04618,0.04556,0.04170,0.03240,0.06042,0.05871
0.04347,0.04430,0.04752,0.04807,0.04638,0.04565,0.04881,0.05289,0.04681,0.04639,0.05172,0.06759,0.05649,0.05311,0.05244,0.05174,0.04291,0.04783,0.05244,0.05346
0.04311,0.04326,0.05172,0.05079,0.04433,0.04385,0.04258,0.03742,0.05143,0.07937,0.04279,0.05165,0.05539,0.05559,0.04704,0.04684,0.04217,0.04262,0.06409,0.06394
0.04831,0.04762,0.04670,0.04745,0.04825,0.04825,0.04076,0.03924,0.05163,0.06223,0.04034,0.04983,0.06012,0.05986,0.04527,0.04447,0.04639,0.04514,0.06540,0.06275
0.04826,0.04744,0.04857,0.04745,0.04566,0.04608,0.05423,0.03987,0.04877,0.04942,0.04687,0.05227,0.04865,0.04785,0.05743,0.05656,0.04842,0.04669,0.06011,0.05939
0.04131,0.04160,0.04500,0.04452,0.05193,0.05117,0.04777,0.04002,0.05635,0.04554,0.05085,0.05709,0.04485,0.04411,0.05977,0.06011,0.05182,0.04252,0.06115,0.06253
