0.16862,0.16921,0.23885,0.19170,0.05501,0.09610,0.08051
0.10756,0.10070,0.23638,0.31562,0.05283,0.05702,0.12990
0.15030,0.13347,0.22701,0.33090,0.03725,0.04562,0.07545
0.12441,0.14774,0.16474,0.29271,0.04272,0.04863,0.17906
0.09950,0.08439,0.22847,0.22785,0.06080,0.10000,0.19900
0.16900,0.12156,0.33553,0.21914,0.04518,0.04892,0.06068
0.10730,0.09976,0.34716,0.23737,0.07715,0.07916,0.05210
0.07940,0.07033,0.38850,0.30977,0.02681,0.03108,0.09411
0.05048,0.04568,0.42360,0.30717,0.03623,0.04589,0.09095
0.09140,0.08376,0.11774,0.19711,0.09413,0.09221,0.32365
0.22981,0.19173,0.20526,0.22321,0.04122,0.03828,0.07050
0.24926,0.17639,0.24868,0.18507,0.03019,0.04264,0.06778
0.42372,0.19523,0.14581,0.12551,0.02412,0.03410,0.05152
0.11624,0.10545,0.26296,0.13989,0.10137,0.19657,0.07751
0.08798,0.07750,0.43870,0.20815,0.05453,0.06996,0.06318
0.14036,0.12018,0.35735,0.16119,0.07563,0.09364,0.05165
0.16532,0.15454,0.18474,0.16889,0.08759,0.10485,0.13407
0.06296,0.05993,0.32212,0.30670,0.07790,0.08690,0.08349
0.14720,0.15879,0.40580,0.17589,0.03115,0.03666,0.04453
0.08811,0.08070,0.18095,0.27205,0.06875,0.09174,0.21770
0.20850,0.16878,0.23344,0.25707,0.02723,0.03329,0.07169
0.09814,0.09570,0.33633,0.23740,0.05440,0.07030,0.10774
0.21759,0.24297,0.17501,0.17191,0.06687,0.06416,0.06149
0.20374,0.17056,0.24305,0.17357,0.05624,0.07643,0.07641
0.09243,0.08382,0.25092,0.32750,0.07532,0.08380,0.08620
0.05353,0.05585,0.43041,0.19702,0.09757,0.11666,0.04895
0.11378,0.10680,0.19384,0.18673,0.11371,0.14587,0.13928
0.20745,0.16772,0.15660,0.14784,0.11226,0.09981,0.10832
0.13378,0.12722,0.25646,0.21011,0.05714,0.07917,0.13612
0.16721,0.15810,0.22446,0.23064,0.05508,0.06760,0.09692
0.09485,0.09202,0.19975,0.39258,0.04532,0.04998,0.12551
0.12971,0.10601,0.30811,0.11297,0.09256,0.19084,0.05979
0.20730,0.15439,0.22932,0.20997,0.05914,0.07171,0.06815
0.06941,0.06171,0.34435,0.41026,0.02847,0.03263,0.05316
0.10348,0.10579,0.10102,0.21814,0.04386,0.05399,0.37373
0.17906,0.19884,0.11409,0.23939,0.05390,0.05989,0.15482
0.17480,0.15968,0.17415,0.23685,0.06929,0.08787,0.09735
0.04487,0.04706,0.19700,0.21784,0.06240,0.10375,0.32707
0.10815,0.09886,0.21588,0.19730,0.10708,0.10470,0.16805
0.11893,0.11683,0.27055,0.27598,0.05521,0.06679,0.09571
0.15687,0.16391,0.25408,0.26792,0.05179,0.05096,0.05447
0.18344,0.17519,0.09993,0.26125,0.03018,0.03256,0.21746
0.09824,0.09395,0.27508,0.28308,0.06091,0.05646,0.13228
0.13007,0.11803,0.31799,0.20131,0.05937,0.06817,0.10507
0.14459,0.12103,0.35330,0.18537,0.06354,0.07482,0.05735
0.15767,0.13847,0.12052,0.15647,0.14740,0.17713,0.10235
0.14507,0.13138,0.31473,0.17357,0.06681,0.07853,0.08991
0.13743,0.14459,0.26143,0.15523,0.08389,0.11282,0.10462
0.30679,0.36378,0.09357,0.13803,0.02904,0.02943,0.03936
0.08113,0.07840,0.37893,0.29227,0.03379,0.03586,0.09963
0.05295,0.04575,0.32090,0.20443,0.11505,0.16664,0.09427
0.16062,0.17637,0.20009,0.13424,0.12484,0.14691,0.05693
0.12199,0.10194,0.27814,0.23346,0.08534,0.10093,0.07821
0.22526,0.32706,0.11676,0.11147,0.06205,0.08496,0.07244
0.09465,0.09175,0.21101,0.36265,0.05905,0.05275,0.12814
0.07017,0.07020,0.27744,0.38537,0.04038,0.04684,0.10960
0.06728,0.05959,0.57398,0.16556,0.03745,0.04672,0.04942
0.05841,0.05958,0.45829,0.25655,0.05551,0.05627,0.05538
0.06528,0.06282,0.17387,0.32367,0.09228,0.09062,0.19144
0.06972,0.06679,0.22327,0.20355,0.16593,0.13850,0.13225
0.12601,0.09234,0.40142,0.24467,0.03705,0.04171,0.05680
0.09967,0.10538,0.32423,0.24121,0.06261,0.06840,0.09849
0.12192,0.11248,0.19482,0.41825,0.03231,0.03572,0.08450
0.09572,0.11126,0.32218,0.19531,0.10579,0.10401,0.06572
0.10907,0.11300,0.26971,0.27134,0.04396,0.04597,0.14695
0.11262,0.09246,0.50276,0.17168,0.03051,0.04149,0.04848
0.15697,0.15215,0.16251,0.26469,0.07785,0.07424,0.11159
0.04859,0.04550,0.46395,0.24550,0.05602,0.07289,0.06756
0.17379,0.14657,0.34866,0.18835,0.04821,0.04851,0.04591
0.08603,0.08368,0.22237,0.23624,0.13017,0.14573,0.09578
0.06383,0.06242,0.54455,0.24265,0.01801,0.02100,0.04754
0.14555,0.14021,0.28060,0.26494,0.03528,0.04356,0.08986
0.20096,0.17983,0.14049,0.14291,0.12505,0.15423,0.05653
0.07205,0.07794,0.36616,0.30411,0.04144,0.04943,0.08887
0.05792,0.05392,0.45934,0.31395,0.02506,0.02961,0.06019
0.16657,0.13033,0.21826,0.29261,0.04469,0.05159,0.09596
0.08207,0.08214,0.27916,0.18238,0.13164,0.13731,0.10530
0.13770,0.13467,0.23835,0.16644,0.09421,0.14584,0.08281
0.13105,0.12569,0.30159,0.12967,0.09430,0.15208,0.06562
0.26966,0.23758,0.21391,0.12189,0.05167,0.06317,0.04211
0.18526,0.17082,0.12797,0.19583,0.06073,0.07647,0.18292
0.16728,0.16702,0.12244,0.34048,0.02290,0.02625,0.15363
0.20702,0.17401,0.28755,0.16292,0.05065,0.05566,0.06220
0.05434,0.04999,0.62261,0.15897,0.03143,0.03477,0.04790
0.10512,0.11071,0.37565,0.24995,0.03824,0.04921,0.07112
0.10969,0.11498,0.18825,0.25370,0.14533,0.09189,0.09616
0.16626,0.14040,0.21297,0.19185,0.07725,0.09791,0.11336
0.34524,0.30755,0.09241,0.13242,0.02637,0.03196,0.06404
0.10089,0.09561,0.16635,0.21832,0.11006,0.13862,0.17014
0.21906,0.16939,0.08089,0.08294,0.14905,0.18643,0.11224
0.22853,0.19371,0.15028,0.14217,0.07745,0.10474,0.10312
0.10066,0.09160,0.26397,0.29355,0.07306,0.08484,0.09233
0.20320,0.19233,0.20477,0.20845,0.04764,0.05431,0.08929
0.24860,0.21347,0.17534,0.20420,0.03438,0.04045,0.08356
0.09789,0.09143,0.16869,0.33155,0.06177,0.06911,0.17956
0.08215,0.08306,0.25347,0.42179,0.04752,0.05097,0.06104
0.25266,0.22872,0.14781,0.16379,0.06089,0.07180,0.07431
0.04622,0.03827,0.55958,0.19361,0.04447,0.05328,0.06457
0.07076,0.06280,0.46572,0.26130,0.03423,0.04247,0.06272
0.19774,0.16940,0.12160,0.13086,0.11014,0.09822,0.17203
