0.10604,0.10668,0.16611,0.25750,0.09360,0.08904,0.18103
0.11897,0.11610,0.12552,0.28648,0.06922,0.06318,0.22053
0.08120,0.08031,0.27630,0.25998,0.07723,0.10296,0.12203
0.12784,0.13381,0.20363,0.23385,0.08029,0.09318,0.12740
0.10373,0.10883,0.15997,0.26296,0.07610,0.08973,0.19868
0.05582,0.05184,0.29497,0.30998,0.05717,0.08077,0.14946
0.07151,0.06872,0.24870,0.34057,0.05999,0.06382,0.14669
0.11325,0.10988,0.30988,0.26881,0.04920,0.06968,0.07930
0.09759,0.09024,0.27754,0.33397,0.04944,0.05104,0.10018
0.14980,0.14718,0.19642,0.27425,0.03570,0.04527,0.15138
0.06456,0.05968,0.35204,0.32283,0.05120,0.07151,0.07817
0.17722,0.17902,0.19090,0.21970,0.05769,0.06660,0.10887
0.07281,0.06845,0.31605,0.36817,0.03742,0.04106,0.09604
0.09139,0.08479,0.33778,0.35153,0.04028,0.04324,0.05097
0.10554,0.09713,0.19410,0.29170,0.06274,0.07064,0.17815
0.05739,0.05458,0.33302,0.36468,0.05065,0.05698,0.08270
0.16791,0.16314,0.22454,0.26272,0.04409,0.04966,0.08794
0.13596,0.12901,0.21397,0.22900,0.08302,0.09142,0.11762
0.08330,0.07848,0.21856,0.28912,0.10110,0.08797,0.14147
0.11103,0.11560,0.10004,0.33958,0.02872,0.03044,0.27459
0.06305,0.06312,0.27493,0.28652,0.09998,0.10796,0.10444
0.05781,0.05467,0.29057,0.39522,0.04052,0.03757,0.12363
0.27167,0.26800,0.16072,0.17532,0.03063,0.03400,0.05966
0.20789,0.20847,0.18882,0.22570,0.03105,0.04489,0.09318
0.17431,0.18186,0.19526,0.24254,0.05361,0.05824,0.09419
0.23732,0.23860,0.11594,0.14061,0.07814,0.08321,0.10618
0.17289,0.17703,0.17203,0.20365,0.08104,0.08922,0.10412
0.25813,0.25734,0.16757,0.18479,0.03374,0.04005,0.05837
0.04765,0.04795,0.31931,0.33853,0.05992,0.07708,0.10955
0.22370,0.21768,0.16319,0.19573,0.04393,0.05045,0.10533
0.17038,0.16236,0.25160,0.26001,0.04270,0.05538,0.05755
0.09251,0.09431,0.14288,0.27757,0.06952,0.08641,0.23680
0.06879,0.06253,0.31354,0.35656,0.05589,0.05393,0.08876
0.07244,0.07777,0.33724,0.34720,0.04451,0.04605,0.07477
0.05965,0.05455,0.31251,0.28254,0.08913,0.10901,0.09261
0.18197,0.18390,0.19637,0.22456,0.04748,0.06140,0.10431
0.11762,0.10992,0.28147,0.20871,0.07275,0.10332,0.10620
0.08222,0.07362,0.22082,0.37370,0.02816,0.03317,0.18831
0.05931,0.06324,0.22107,0.35769,0.03076,0.04684,0.22110
0.16967,0.16920,0.19402,0.17535,0.07179,0.09582,0.12414
0.09031,0.09829,0.30341,0.27287,0.06783,0.08095,0.08633
0.06464,0.06545,0.32517,0.27392,0.05662,0.09176,0.12245
0.14123,0.13301,0.25196,0.26110,0.06020,0.06528,0.08721
0.18949,0.18696,0.12616,0.21882,0.07264,0.06100,0.14495
0.05378,0.05230,0.24676,0.33287,0.06691,0.07605,0.17133
0.08909,0.09241,0.16297,0.31060,0.06309,0.07067,0.21117
0.08951,0.09198,0.20244,0.24814,0.09171,0.12199,0.15424
0.14982,0.14926,0.25411,0.26671,0.03584,0.04884,0.09541
0.19534,0.19307,0.17445,0.20049,0.06507,0.08009,0.09149
0.07830,0.08069,0.27673,0.35123,0.04945,0.04901,0.11459
0.16164,0.16497,0.18993,0.25982,0.04531,0.05200,0.12632
0.06511,0.06720,0.23315,0.36080,0.05158,0.04602,0.17614
0.10875,0.10393,0.19213,0.17710,0.12160,0.15567,0.14082
0.11189,0.11104,0.26447,0.29943,0.03928,0.05757,0.11632
0.10268,0.10011,0.22637,0.28181,0.08598,0.07713,0.12592
0.16666,0.16934,0.11241,0.23197,0.06069,0.06661,0.19232
0.05165,0.05167,0.36145,0.36652,0.04057,0.05344,0.07471
0.05102,0.04915,0.18942,0.35248,0.04878,0.06616,0.24299
0.08363,0.08110,0.16818,0.25732,0.09731,0.10572,0.20675
0.09245,0.09244,0.25590,0.31179,0.05543,0.06613,0.12587
0.05848,0.05577,0.31942,0.37128,0.04424,0.05395,0.09685
0.09210,0.09279,0.21362,0.33789,0.04727,0.05156,0.16475
0.10372,0.10056,0.25830,0.23695,0.07269,0.09553,0.13225
0.09735,0.09182,0.22000,0.22838,0.10794,0.14472,0.10979
0.07393,0.06892,0.26960,0.32015,0.05802,0.07074,0.13864
0.07040,0.06421,0.31580,0.35824,0.03193,0.04415,0.11528
0.17859,0.17826,0.16944,0.24189,0.04999,0.05472,0.12712
0.21385,0.21027,0.17922,0.22699,0.03808,0.04515,0.08644
0.08470,0.08259,0.19545,0.28612,0.08442,0.08498,0.18173
0.08000,0.07661,0.26945,0.32052,0.04064,0.05920,0.15357
0.06732,0.06310,0.29103,0.31574,0.05808,0.08102,0.12370
0.13108,0.12935,0.29183,0.30153,0.04292,0.04564,0.05764
0.09008,0.08843,0.32865,0.30795,0.04529,0.06567,0.07393
0.04071,0.04129,0.30814,0.35437,0.07479,0.07868,0.10203
0.07021,0.07003,0.26601,0.35011,0.03891,0.05021,0.15452
0.29480,0.29482,0.10618,0.13473,0.04235,0.04950,0.07762
0.09689,0.08580,0.23431,0.26136,0.07718,0.09126,0.15320
0.12733,0.12572,0.28789,0.27624,0.04868,0.06386,0.07029
0.13559,0.13621,0.10741,0.26698,0.07133,0.06558,0.21690
0.07347,0.06771,0.22534,0.30960,0.05239,0.07857,0.19291
0.17516,0.18017,0.15722,0.22562,0.06243,0.07328,0.12612
0.12777,0.12066,0.18836,0.24620,0.08330,0.08171,0.15200
0.10447,0.09942,0.25800,0.27464,0.07258,0.08185,0.10903
0.08270,0.07967,0.30149,0.34026,0.04018,0.04803,0.10767
0.15593,0.15028,0.27471,0.28807,0.03342,0.04520,0.05238
0.17537,0.17323,0.22178,0.25591,0.04707,0.05231,0.07433
0.08073,0.07974,0.19706,0.34838,0.04141,0.04969,0.20298
0.18799,0.18425,0.23053,0.24702,0.03405,0.04307,0.07309
0.17629,0.17547,0.17112,0.22013,0.06087,0.06645,0.12968
0.09323,0.08966,0.19444,0.24320,0.12364,0.11923,0.13661
0.18040,0.18556,0.18317,0.19205,0.07120,0.09482,0.09280
0.08847,0.08596,0.31141,0.31126,0.06941,0.06697,0.06652
0.14007,0.13912,0.13607,0.22136,0.08723,0.09733,0.17881
0.14332,0.14366,0.24857,0.24744,0.06022,0.06867,0.08811
0.09607,0.08750,0.18990,0.30559,0.05875,0.07320,0.18900
0.05202,0.05426,0.15093,0.39621,0.02562,0.03249,0.28847
0.07596,0.07468,0.11398,0.28436,0.08968,0.10008,0.26124
0.08361,0.08114,0.25469,0.25261,0.10005,0.11967,0.10822
0.07419,0.06930,0.31583,0.32995,0.05476,0.06908,0.08688
0.16235,0.16804,0.11657,0.11169,0.14352,0.15827,0.13955
0.26834,0.25883,0.13997,0.15836,0.05006,0.05758,0.06685
0.05010,0.05133,0.21405,0.36160,0.04173,0.05271,0.22848
0.09608,0.09614,0.17523,0.26609,0.09017,0.09494,0.18135
0.07349,0.06912,0.30360,0.34392,0.04329,0.05388,0.11270
0.16620,0.15825,0.25140,0.24572,0.04349,0.05965,0.07528
0.23228,0.23722,0.16007,0.16032,0.06452,0.07093,0.07466
0.03919,0.03541,0.32044,0.28244,0.06558,0.10244,0.15451
0.05689,0.05705,0.29591,0.34323,0.05862,0.06412,0.12418
0.13228,0.13019,0.23702,0.29048,0.04203,0.05228,0.11571
0.06704,0.06416,0.30770,0.31824,0.05649,0.07259,0.11378
0.07982,0.08015,0.30648,0.30156,0.05344,0.07466,0.10389
0.09272,0.09053,0.31048,0.22687,0.06484,0.09986,0.11470
0.09350,0.08620,0.21248,0.36354,0.02602,0.03243,0.18584
0.24283,0.24285,0.17418,0.18905,0.04163,0.04683,0.06263
0.07765,0.07646,0.17262,0.29447,0.07667,0.09390,0.20823
0.08520,0.08468,0.22553,0.29992,0.06154,0.07560,0.16753
0.13915,0.13609,0.18329,0.23105,0.09388,0.09739,0.11915
0.15241,0.14685,0.16388,0.16732,0.11997,0.12726,0.12231
0.06530,0.06402,0.18291,0.32008,0.05794,0.07778,0.23198
0.07332,0.07125,0.14710,0.15826,0.16324,0.21341,0.17342
0.06429,0.06192,0.34493,0.36297,0.04058,0.04639,0.07891
0.17008,0.17447,0.23513,0.22893,0.04966,0.05935,0.08238
0.10137,0.10019,0.29327,0.26254,0.05400,0.07940,0.10923
0.17676,0.17143,0.26219,0.23101,0.03776,0.05208,0.06877
0.16153,0.17094,0.19447,0.25339,0.05094,0.04858,0.12015
0.12835,0.12480,0.20053,0.21232,0.09538,0.11497,0.12364
0.12273,0.13214,0.19688,0.22412,0.08170,0.10193,0.14050
0.04515,0.04411,0.22102,0.32111,0.07527,0.08669,0.20665
0.16623,0.15636,0.20462,0.27875,0.03905,0.04132,0.11366
0.23850,0.23775,0.15495,0.19364,0.03716,0.04682,0.09118
0.07123,0.07010,0.25281,0.33245,0.05880,0.06665,0.14795
0.18423,0.17333,0.17331,0.17186,0.08069,0.10427,0.11230
0.18053,0.17510,0.21433,0.25363,0.04472,0.04458,0.08712
0.06139,0.06161,0.35295,0.37022,0.03880,0.04115,0.07388
0.07258,0.07467,0.15623,0.33366,0.06165,0.06249,0.23872
0.11514,0.11695,0.14320,0.27555,0.06616,0.07533,0.20766
0.26121,0.25303,0.12526,0.13978,0.06763,0.07538,0.07770
0.08327,0.08050,0.32195,0.29028,0.06536,0.08065,0.07798
0.12118,0.11845,0.18040,0.19301,0.11234,0.14604,0.12859
0.04002,0.04176,0.14092,0.30109,0.10646,0.10253,0.26722
0.07590,0.07864,0.26449,0.29803,0.07862,0.08077,0.12354
0.06715,0.07275,0.29877,0.33780,0.05314,0.06040,0.10998
0.08436,0.07968,0.21249,0.32194,0.05478,0.05867,0.18808
0.11731,0.11507,0.25752,0.28856,0.06252,0.06754,0.09147
0.08831,0.08349,0.23800,0.34146,0.03496,0.04706,0.16672
0.14685,0.14004,0.13474,0.23504,0.05717,0.08663,0.19954
0.09191,0.08784,0.28563,0.28340,0.06044,0.07855,0.11224
0.14894,0.14702,0.21372,0.22520,0.08599,0.09018,0.08895
0.08568,0.07628,0.26549,0.32450,0.06875,0.06012,0.11918
0.10239,0.09782,0.27557,0.29842,0.05726,0.07140,0.09715
0.22922,0.22686,0.18371,0.19132,0.04222,0.05497,0.07170
0.13650,0.13336,0.27943,0.28542,0.04918,0.05919,0.05693
0.05098,0.04792,0.22182,0.34148,0.05007,0.06893,0.21880
0.11455,0.11211,0.20302,0.23445,0.08942,0.10728,0.13917
0.09668,0.09157,0.20058,0.24073,0.09805,0.11662,0.15577
0.13650,0.14071,0.22403,0.24586,0.07706,0.08110,0.09474
0.25309,0.23957,0.13223,0.17243,0.05552,0.05078,0.09637
0.28151,0.27311,0.15071,0.15574,0.04082,0.04797,0.05014
0.12050,0.11666,0.26976,0.29777,0.04062,0.05301,0.10168
0.08429,0.08174,0.28604,0.30277,0.05868,0.07277,0.11371
0.13822,0.13643,0.22242,0.25370,0.05996,0.07879,0.11049
0.14797,0.15107,0.16327,0.20271,0.08350,0.10213,0.14934
0.11302,0.11519,0.15326,0.17874,0.14998,0.15405,0.13576
0.07375,0.07073,0.28022,0.30632,0.08578,0.08624,0.09695
0.12967,0.12555,0.19445,0.28997,0.04851,0.05057,0.16129
0.10787,0.11166,0.28117,0.25485,0.06930,0.09210,0.08306
0.08362,0.07727,0.25879,0.33060,0.05070,0.05699,0.14203
0.11357,0.11420,0.13984,0.20281,0.12179,0.13756,0.17024
0.09160,0.09411,0.21310,0.28519,0.07841,0.08217,0.15541
0.06288,0.05997,0.21380,0.33912,0.05579,0.06167,0.20676
0.11936,0.11340,0.22423,0.27496,0.06202,0.07157,0.13447
0.09029,0.09108,0.28950,0.30701,0.06003,0.07084,0.09124
0.10287,0.09846,0.20866,0.29629,0.06162,0.06600,0.16610
0.17519,0.18370,0.14427,0.19568,0.09084,0.08620,0.12414
0.17576,0.16220,0.17692,0.24445,0.05057,0.05662,0.13348
0.06963,0.06560,0.30233,0.32679,0.04016,0.06602,0.12947
0.13716,0.13964,0.25861,0.27871,0.05470,0.05836,0.07281
0.11653,0.12223,0.13866,0.30622,0.04377,0.04976,0.22283
0.15516,0.16003,0.26202,0.27304,0.02873,0.04388,0.07713
0.08045,0.08031,0.27365,0.29910,0.06819,0.07872,0.11958
0.13723,0.13532,0.25504,0.26379,0.05469,0.07001,0.08393
0.17770,0.17616,0.12307,0.21587,0.07364,0.07482,0.15874
0.23870,0.22819,0.17407,0.20473,0.02954,0.03984,0.08493
0.09033,0.08039,0.27298,0.26478,0.07518,0.10060,0.11572
0.08825,0.09340,0.17536,0.22697,0.10619,0.13265,0.17719
0.17477,0.17127,0.15999,0.16359,0.10353,0.12460,0.10224
0.12477,0.12190,0.27777,0.28581,0.04194,0.05735,0.09045
0.12558,0.11725,0.24507,0.27075,0.06207,0.07757,0.10172
0.10224,0.10440,0.15469,0.25544,0.09132,0.09119,0.20073
0.06730,0.06454,0.35427,0.30404,0.06089,0.08135,0.06761
0.14728,0.14625,0.21503,0.26964,0.05169,0.05755,0.11256
0.05125,0.05326,0.18479,0.28378,0.09725,0.12128,0.20839
0.08499,0.07923,0.25859,0.34602,0.04889,0.04511,0.13716
0.20390,0.20114,0.21504,0.21366,0.04531,0.05637,0.06459
0.07038,0.07225,0.18965,0.27685,0.10764,0.11224,0.17099
0.30229,0.29449,0.10662,0.11198,0.05625,0.06348,0.06489
0.09780,0.09629,0.24647,0.26153,0.11167,0.10311,0.08312
0.09178,0.09061,0.31386,0.31757,0.04184,0.05896,0.08538
0.06045,0.05767,0.27481,0.28177,0.10625,0.10639,0.11266
0.12444,0.12235,0.23946,0.21794,0.09184,0.10401,0.09996
0.19660,0.20183,0.15440,0.21119,0.05130,0.05587,0.12880
0.13297,0.13168,0.25026,0.28738,0.05407,0.06652,0.07711
0.17977,0.18047,0.12702,0.23133,0.05556,0.05883,0.16703
0.07046,0.07503,0.18188,0.23343,0.12070,0.14592,0.17259
0.13221,0.13294,0.20927,0.19838,0.10178,0.12240,0.10303
0.23791,0.23093,0.15706,0.19458,0.04072,0.04960,0.08921
0.04919,0.04618,0.26619,0.32588,0.06504,0.08158,0.16594
0.08761,0.08574,0.33732,0.29431,0.04096,0.06308,0.09099
0.07515,0.06801,0.27073,0.33511,0.04408,0.05438,0.15255
0.13717,0.12938,0.22210,0.26712,0.04862,0.06701,0.12860
0.06517,0.06083,0.24223,0.30210,0.05769,0.08778,0.18421
0.08803,0.09424,0.29949,0.30238,0.05294,0.06937,0.09355
0.06103,0.05995,0.28611,0.25745,0.07618,0.11008,0.14919
0.12290,0.12681,0.28191,0.29643,0.05530,0.05808,0.05857
0.22580,0.22639,0.17791,0.18286,0.05495,0.06491,0.06719
0.12852,0.13154,0.27610,0.29090,0.04912,0.05738,0.06644
0.11964,0.11801,0.26162,0.29774,0.05721,0.05385,0.09193
0.13948,0.13408,0.24206,0.26742,0.06001,0.06600,0.09095
0.07739,0.07672,0.20489,0.25456,0.09391,0.12271,0.16983
0.13026,0.12588,0.23350,0.25571,0.06029,0.07238,0.12199
0.04155,0.03718,0.38736,0.38968,0.04510,0.04571,0.05342
0.10846,0.10779,0.25326,0.29952,0.05018,0.05999,0.12081
0.19062,0.19560,0.20810,0.21477,0.05163,0.06385,0.07543
0.19681,0.18886,0.12992,0.14123,0.11291,0.10585,0.12443
0.08340,0.08401,0.21157,0.33472,0.05279,0.05288,0.18063
0.09524,0.09494,0.23327,0.25170,0.08862,0.10709,0.12914
0.15768,0.14422,0.16279,0.22926,0.07685,0.08313,0.14607
0.14519,0.13720,0.23187,0.26542,0.06349,0.06227,0.09457
0.13997,0.14536,0.23041,0.27612,0.04989,0.05623,0.10203
0.14937,0.14700,0.13308,0.14437,0.14025,0.14411,0.14183
0.07117,0.07022,0.33009,0.33074,0.05171,0.06416,0.08191
0.09810,0.09756,0.22189,0.33682,0.03001,0.03826,0.17737
0.17319,0.16843,0.19623,0.26399,0.02737,0.04480,0.12598
0.08395,0.07606,0.29427,0.31094,0.05963,0.07232,0.10282
0.14793,0.16189,0.15938,0.22430,0.08765,0.08215,0.13671
0.17463,0.18549,0.18371,0.23935,0.04343,0.05974,0.11365
0.21853,0.21739,0.14941,0.14948,0.06991,0.08341,0.11186
0.27992,0.27569,0.17452,0.18113,0.02737,0.03051,0.03086
0.07898,0.08065,0.16661,0.26127,0.10013,0.11708,0.19529
0.05425,0.05076,0.24075,0.30819,0.08932,0.09789,0.15885
0.12495,0.12425,0.29188,0.29106,0.04632,0.05586,0.06569
0.12588,0.12836,0.25111,0.21508,0.07864,0.10217,0.09877
0.29022,0.28591,0.10364,0.13630,0.04201,0.05585,0.08608
0.09870,0.09807,0.28763,0.30188,0.05751,0.06657,0.08964
0.10491,0.09890,0.25535,0.28040,0.06422,0.07895,0.11727
0.13897,0.14671,0.17070,0.17853,0.10365,0.12867,0.13277
0.06715,0.06767,0.17384,0.32852,0.06012,0.06978,0.23293
0.04535,0.04643,0.34325,0.29577,0.06500,0.09396,0.11024
0.10496,0.10203,0.24779,0.27755,0.06676,0.07813,0.12278
0.05873,0.05601,0.14204,0.27532,0.11305,0.12222,0.23263
0.13070,0.13119,0.24043,0.23737,0.06689,0.08856,0.10486
0.15595,0.15164,0.16134,0.20537,0.10260,0.09124,0.13185
0.03976,0.04158,0.29182,0.29097,0.08727,0.11315,0.13545
0.11769,0.11606,0.24577,0.29160,0.05410,0.06005,0.11473
0.12692,0.12188,0.25194,0.27220,0.06488,0.07675,0.08543
0.09157,0.09014,0.20958,0.32380,0.04074,0.05165,0.19252
0.04892,0.05101,0.21940,0.40103,0.02987,0.03336,0.21640
0.05925,0.05883,0.21351,0.38072,0.03462,0.04279,0.21027
0.30122,0.29562,0.14763,0.16209,0.02486,0.02962,0.03896
0.14066,0.14419,0.16463,0.18139,0.12051,0.11989,0.12873
0.08516,0.08435,0.23466,0.25639,0.08655,0.09974,0.15316
0.27801,0.28009,0.13274,0.14422,0.03980,0.05095,0.07419
0.17221,0.16717,0.25925,0.26880,0.03818,0.04270,0.05169
0.09900,0.09539,0.29829,0.26696,0.05397,0.07839,0.10800
0.21559,0.20971,0.16857,0.17573,0.05971,0.07543,0.09525
0.14836,0.14619,0.21185,0.24616,0.07408,0.08637,0.08699
0.23688,0.23036,0.10209,0.14688,0.07317,0.08543,0.12519
0.27982,0.27756,0.12669,0.16880,0.03168,0.03454,0.08091
0.11444,0.11164,0.30489,0.30560,0.03710,0.04574,0.08059
0.07592,0.07501,0.32524,0.34943,0.04013,0.04944,0.08484
0.09955,0.09708,0.18017,0.18842,0.12668,0.15422,0.15386
0.06445,0.06476,0.28387,0.27196,0.08126,0.11435,0.11935
0.09423,0.08620,0.27041,0.30695,0.06646,0.07676,0.09898
0.07663,0.07703,0.28815,0.28610,0.07601,0.09511,0.10097
0.12034,0.11852,0.29706,0.29005,0.04791,0.06255,0.06357
0.20466,0.19988,0.19010,0.19951,0.05979,0.06620,0.07985
0.06118,0.06210,0.34189,0.31385,0.04805,0.07291,0.10002
0.15453,0.14922,0.18725,0.25859,0.04177,0.05696,0.15168
0.07549,0.07856,0.27911,0.18262,0.10252,0.15375,0.12795
0.07576,0.07609,0.31655,0.27598,0.06514,0.08937,0.10111
0.20989,0.20715,0.16218,0.23870,0.03065,0.04193,0.10950
0.10005,0.09141,0.32909,0.32035,0.04082,0.05581,0.06246
0.04214,0.04432,0.15072,0.26334,0.11710,0.14328,0.23909
0.07480,0.07543,0.15288,0.36976,0.03413,0.03875,0.25425
0.25396,0.25754,0.10158,0.20015,0.02799,0.02979,0.12899
0.21710,0.21944,0.18791,0.20993,0.04030,0.04643,0.07888
0.05038,0.05211,0.23627,0.31584,0.07386,0.09601,0.17553
0.08389,0.07913,0.22966,0.26436,0.08855,0.10458,0.14983
0.17734,0.17780,0.20867,0.20297,0.06397,0.07803,0.09123
0.18922,0.18877,0.23007,0.23252,0.03219,0.04405,0.08319
0.16184,0.16083,0.27385,0.27131,0.03584,0.04464,0.05168
0.04113,0.03948,0.25445,0.32133,0.08503,0.09846,0.16011
0.11346,0.11104,0.21937,0.26936,0.06145,0.07611,0.14922
0.07548,0.07551,0.27194,0.30182,0.07203,0.08646,0.11675
0.10621,0.10129,0.25464,0.29530,0.06123,0.06431,0.11702
0.09244,0.08967,0.31216,0.32672,0.04642,0.05381,0.07877
0.09770,0.09525,0.28540,0.28824,0.05618,0.07510,0.10213
0.09677,0.09845,0.31663,0.32325,0.04918,0.05531,0.06041
0.11720,0.11553,0.15924,0.27652,0.07501,0.07406,0.18243
0.06767,0.06714,0.21539,0.31577,0.06130,0.07271,0.20002
