0.02058,0.03167,0.02168,0.01963,0.02759,0.01936,0.02539,0.02668,0.02216,0.01514,0.10300,0.10720,0.07191,0.06578,0.06106,0.10949,0.07043,0.06938,0.05417,0.05770
0.01877,0.02670,0.01871,0.01853,0.02441,0.01764,0.02309,0.02333,0.01952,0.01499,0.10545,0.11478,0.07307,0.06741,0.05866,0.11284,0.07370,0.07480,0.05342,0.06019
0.02378,0.03172,0.02544,0.01923,0.03129,0.02071,0.02455,0.02789,0.02436,0.01807,0.10297,0.10593,0.07043,0.06311,0.05868,0.10739,0.06827,0.07097,0.05097,0.05424
0.01748,0.02328,0.01854,0.01466,0.02217,0.01569,0.02059,0.02109,0.01780,0.01322,0.11773,0.12254,0.07653,0.06470,0.05708,0.11886,0.07239,0.07822,0.04980,0.05764
0.02182,0.03220,0.02295,0.01946,0.02909,0.02068,0.02507,0.02683,0.02441,0.01618,0.10285,0.11293,0.07237,0.06129,0.05781,0.10543,0.07212,0.07228,0.04984,0.05439
0.01670,0.02237,0.01730,0.01612,0.02145,0.01634,0.01986,0.02060,0.01748,0.01305,0.12032,0.12221,0.07618,0.06190,0.05460,0.12211,0.07169,0.08119,0.05058,0.05795
0.01787,0.02340,0.01903,0.01554,0.02257,0.01573,0.02118,0.02298,0.01854,0.01261,0.10498,0.11769,0.07752,0.06923,0.06213,0.11001,0.07754,0.07276,0.05502,0.06366
0.01889,0.02867,0.02198,0.01803,0.02719,0.01867,0.02398,0.02387,0.02228,0.01507,0.11293,0.11540,0.07045,0.06177,0.05738,0.11145,0.06931,0.07437,0.05175,0.05656
0.02039,0.02902,0.02031,0.01769,0.02784,0.01891,0.02424,0.02344,0.02402,0.01432,0.09973,0.11002,0.07275,0.06754,0.06183,0.10236,0.07587,0.07187,0.05561,0.06226
0.02097,0.03386,0.02424,0.01999,0.03065,0.02133,0.02784,0.02850,0.02409,0.01688,0.09548,0.10304,0.07165,0.06820,0.06169,0.10143,0.06994,0.06736,0.05383,0.05904
0.01961,0.02879,0.01950,0.01653,0.02709,0.01690,0.02400,0.02324,0.02094,0.01482,0.10141,0.11659,0.07513,0.06682,0.06184,0.10748,0.07698,0.07125,0.05270,0.05839
0.01878,0.02397,0.01692,0.01454,0.02216,0.01637,0.01941,0.01990,0.01841,0.01258,0.12049,0.11896,0.07466,0.06467,0.05641,0.12403,0.07043,0.07728,0.05251,0.05752
0.02043,0.02898,0.02185,0.01858,0.02660,0.01923,0.02417,0.02515,0.02203,0.01501,0.10479,0.11356,0.07464,0.06491,0.05683,0.11094,0.06921,0.07370,0.05162,0.05777
0.02046,0.02815,0.02078,0.01931,0.02592,0.02028,0.02324,0.02372,0.02285,0.01437,0.10516,0.10908,0.07393,0.06597,0.06017,0.11050,0.07062,0.07526,0.05304,0.05718
0.02164,0.02794,0.02037,0.01718,0.02788,0.01908,0.02231,0.02515,0.02237,0.01659,0.10851,0.11159,0.07164,0.06276,0.06013,0.11273,0.07007,0.07377,0.05102,0.05725
0.02061,0.02924,0.02268,0.01967,0.02782,0.02069,0.02646,0.02731,0.02370,0.01634,0.11088,0.10810,0.07009,0.06231,0.05608,0.11529,0.06599,0.07365,0.04968,0.05341
0.01960,0.02864,0.02143,0.01727,0.02765,0.01909,0.02383,0.02517,0.02216,0.01511,0.10449,0.11121,0.07206,0.06435,0.05995,0.10959,0.07246,0.07241,0.05302,0.06050
0.01972,0.02686,0.02045,0.01780,0.02594,0.01708,0.02193,0.02277,0.02106,0.01437,0.09879,0.11291,0.07493,0.06741,0.06353,0.10577,0.07938,0.07321,0.05599,0.06012
0.01870,0.02990,0.02173,0.01823,0.02853,0.01893,0.02417,0.02551,0.02251,0.01503,0.10469,0.11349,0.07220,0.06175,0.05783,0.10945,0.07557,0.07282,0.05201,0.05695
0.01898,0.02555,0.01910,0.01700,0.02424,0.01829,0.02149,0.02361,0.02174,0.01485,0.10459,0.11456,0.07277,0.06842,0.06190,0.11097,0.07417,0.07211,0.05602,0.05967
0.02018,0.02867,0.01972,0.01669,0.02802,0.01878,0.02357,0.02585,0.02139,0.01588,0.11418,0.11629,0.07116,0.05982,0.05417,0.11565,0.07173,0.07645,0.04763,0.05417
0.01976,0.02881,0.02260,0.01763,0.02832,0.01956,0.02467,0.02593,0.02234,0.01555,0.10472,0.11282,0.07201,0.06460,0.05614,0.11045,0.07218,0.07389,0.05032,0.05770
0.02000,0.02880,0.02123,0.01780,0.02722,0.01943,0.02332,0.02431,0.02256,0.01619,0.11343,0.11078,0.07044,0.06162,0.05666,0.11622,0.06899,0.07625,0.04997,0.05478
0.01913,0.02817,0.02026,0.01704,0.02495,0.01731,0.02184,0.02458,0.02147,0.01518,0.10448,0.11540,0.07470,0.06531,0.05939,0.10969,0.07736,0.07390,0.05296,0.05688
0.01924,0.02631,0.02026,0.01769,0.02521,0.01887,0.02179,0.02462,0.02273,0.01462,0.10131,0.11983,0.07511,0.06692,0.06123,0.09922,0.07587,0.07593,0.05393,0.05929
0.02195,0.03118,0.02256,0.01948,0.02925,0.02046,0.02717,0.02789,0.02525,0.01725,0.08795,0.10527,0.07312,0.06764,0.06704,0.09494,0.07657,0.06658,0.05587,0.06255
0.01808,0.02523,0.01904,0.01502,0.02402,0.01715,0.01976,0.02247,0.02029,0.01262,0.10130,0.11965,0.07774,0.06818,0.06236,0.10600,0.07732,0.07233,0.05621,0.06521
0.02366,0.03573,0.02646,0.02069,0.03379,0.02361,0.02961,0.03011,0.02672,0.02055,0.09147,0.10106,0.06951,0.06576,0.05926,0.09618,0.07107,0.06666,0.05324,0.05485
0.01827,0.02566,0.01832,0.01571,0.02478,0.01637,0.02062,0.02298,0.01922,0.01457,0.10119,0.11707,0.07542,0.07034,0.06452,0.10420,0.07913,0.07570,0.05555,0.06037
0.01574,0.02311,0.01704,0.01547,0.02177,0.01575,0.02111,0.02049,0.01796,0.01256,0.11342,0.12292,0.07740,0.06414,0.05875,0.11846,0.07439,0.07723,0.05282,0.05947
0.02355,0.03493,0.02527,0.02036,0.03291,0.02218,0.02721,0.02875,0.02476,0.01727,0.09952,0.10944,0.06945,0.06053,0.05772,0.10317,0.07032,0.06866,0.04899,0.05504
0.02021,0.02926,0.01988,0.01765,0.02688,0.01784,0.02411,0.02484,0.02335,0.01464,0.11359,0.11471,0.07020,0.06216,0.05570,0.11472,0.07105,0.07392,0.05075,0.05453
0.01768,0.02443,0.01804,0.01531,0.02281,0.01618,0.02031,0.02088,0.01961,0.01344,0.12058,0.12112,0.07359,0.05984,0.05611,0.12097,0.07300,0.08164,0.05017,0.05428
0.01816,0.02649,0.01948,0.01883,0.02590,0.01681,0.02142,0.02359,0.02122,0.01513,0.11011,0.11598,0.07346,0.06398,0.05866,0.11190,0.07242,0.07631,0.05389,0.05626
0.02012,0.03000,0.02310,0.01872,0.02981,0.01987,0.02403,0.02524,0.02391,0.01617,0.09652,0.10854,0.07219,0.06561,0.06416,0.10076,0.07630,0.06950,0.05659,0.05887
0.02107,0.03018,0.02070,0.01792,0.02861,0.02079,0.02491,0.02674,0.02437,0.01633,0.09792,0.11306,0.07357,0.06398,0.06171,0.10113,0.07667,0.07171,0.05037,0.05826
0.01817,0.02376,0.01727,0.01576,0.02261,0.01668,0.02020,0.02162,0.01892,0.01413,0.10035,0.12245,0.07637,0.06850,0.06582,0.10597,0.08077,0.07363,0.05520,0.06181
0.01807,0.02553,0.01833,0.01623,0.02414,0.01788,0.02026,0.02265,0.01992,0.01306,0.11086,0.11628,0.07575,0.06184,0.06173,0.11399,0.07352,0.07493,0.05431,0.06072
0.01934,0.02894,0.02165,0.01999,0.02807,0.01903,0.02386,0.02508,0.02228,0.01544,0.09132,0.11381,0.07696,0.06717,0.06461,0.09854,0.07884,0.06980,0.05464,0.06064
0.01892,0.02708,0.02048,0.01723,0.02516,0.01823,0.02333,0.02355,0.02174,0.01440,0.11610,0.11430,0.07293,0.06359,0.05669,0.11506,0.06970,0.07468,0.05146,0.05538
0.01879,0.02448,0.01864,0.01647,0.02364,0.01699,0.02113,0.02314,0.02087,0.01323,0.10881,0.12174,0.07448,0.06521,0.06073,0.10953,0.07647,0.07469,0.05289,0.05808
0.01763,0.02644,0.01834,0.01700,0.02397,0.01823,0.02007,0.02104,0.02007,0.01409,0.11077,0.11512,0.07501,0.06612,0.05733,0.11833,0.07309,0.07629,0.05403,0.05703
0.01437,0.02005,0.01570,0.01380,0.02027,0.01449,0.01687,0.01930,0.01642,0.01172,0.11579,0.12447,0.08077,0.06859,0.05983,0.12246,0.07398,0.07899,0.05260,0.05953
0.01837,0.02811,0.02069,0.01797,0.02457,0.01879,0.02304,0.02288,0.02178,0.01405,0.10860,0.11605,0.07417,0.06535,0.05809,0.11365,0.07160,0.07402,0.05191,0.05632
0.01991,0.02789,0.02065,0.01728,0.02560,0.01822,0.02217,0.02351,0.02166,0.01551,0.11261,0.11414,0.07214,0.06452,0.05764,0.10994,0.07186,0.07591,0.05220,0.05664
0.01789,0.02613,0.01875,0.01663,0.02352,0.01718,0.02181,0.02130,0.02029,0.01477,0.10824,0.11593,0.07408,0.06527,0.05996,0.11110,0.07626,0.07659,0.05522,0.05907
0.01986,0.02928,0.02159,0.01665,0.02713,0.01808,0.02328,0.02535,0.02237,0.01454,0.12498,0.11580,0.07024,0.05729,0.05204,0.12215,0.06715,0.07849,0.04572,0.04801
0.01759,0.02694,0.01880,0.01678,0.02536,0.01856,0.02148,0.02320,0.02087,0.01335,0.10238,0.11838,0.07490,0.06649,0.06288,0.10724,0.07801,0.07309,0.05431,0.05938
0.02035,0.03046,0.02036,0.01868,0.02508,0.01884,0.02417,0.02531,0.02174,0.01538,0.09727,0.11450,0.07729,0.06593,0.06370,0.10218,0.07715,0.07061,0.05137,0.05962
0.02131,0.03066,0.02327,0.02049,0.02975,0.02051,0.02666,0.03012,0.02488,0.01761,0.09839,0.10798,0.07188,0.06439,0.06038,0.10075,0.07174,0.07099,0.05152,0.05672
0.01836,0.02880,0.02147,0.01880,0.02838,0.02001,0.02440,0.02418,0.02348,0.01543,0.09820,0.11258,0.07380,0.06362,0.06394,0.10230,0.07623,0.07148,0.05467,0.05988
0.01851,0.02887,0.02179,0.01847,0.02645,0.01983,0.02640,0.02485,0.02304,0.01491,0.10999,0.11310,0.07179,0.06241,0.05729,0.11133,0.07136,0.07418,0.05074,0.05472
0.01609,0.02312,0.01621,0.01452,0.02243,0.01560,0.01967,0.01952,0.01858,0.01377,0.10884,0.12047,0.07560,0.06701,0.06424,0.11249,0.08172,0.07669,0.05460,0.05883
0.01947,0.02711,0.02010,0.01842,0.02493,0.01841,0.02255,0.02392,0.02193,0.01476,0.10631,0.11032,0.07090,0.06519,0.06175,0.10851,0.07634,0.07524,0.05479,0.05905
0.01456,0.02039,0.01551,0.01349,0.01995,0.01462,0.01816,0.01822,0.01750,0.01189,0.12481,0.13102,0.07609,0.06086,0.05459,0.12572,0.07329,0.08426,0.04896,0.05612
0.01520,0.02232,0.01778,0.01527,0.02162,0.01522,0.02006,0.01953,0.01741,0.01191,0.13536,0.11852,0.07058,0.06254,0.05253,0.13641,0.06470,0.08319,0.04691,0.05294
0.02139,0.03290,0.02380,0.01914,0.02808,0.01962,0.02644,0.02675,0.02254,0.01646,0.09409,0.10583,0.07387,0.06980,0.06184,0.09707,0.07492,0.06799,0.05448,0.06300
0.02125,0.03100,0.02264,0.01875,0.02888,0.02072,0.02642,0.02743,0.02486,0.01518,0.09932,0.10854,0.07124,0.06316,0.06158,0.10047,0.07554,0.07338,0.05274,0.05691
0.01933,0.03156,0.02034,0.01907,0.02828,0.01885,0.02489,0.02522,0.02237,0.01489,0.09682,0.11033,0.07563,0.06742,0.06340,0.09811,0.07747,0.07085,0.05526,0.05990
0.01531,0.02148,0.01630,0.01399,0.01978,0.01483,0.01833,0.01869,0.01644,0.01223,0.12928,0.12925,0.07654,0.05918,0.05466,0.12919,0.07284,0.08350,0.04720,0.05098
0.01846,0.02709,0.02051,0.01808,0.02500,0.01795,0.02294,0.02463,0.02252,0.01566,0.10014,0.11128,0.07580,0.06715,0.06298,0.10737,0.07609,0.07291,0.05339,0.06003
0.01701,0.02515,0.01814,0.01598,0.02568,0.01842,0.02242,0.02290,0.02182,0.01420,0.09884,0.12108,0.07689,0.06362,0.06414,0.10508,0.08086,0.07371,0.05358,0.06048
0.01957,0.02746,0.02024,0.01720,0.02660,0.01748,0.02252,0.02325,0.02337,0.01673,0.10516,0.11882,0.07258,0.06206,0.06113,0.10860,0.07351,0.07662,0.05054,0.05656
0.01866,0.02648,0.01977,0.01619,0.02506,0.01769,0.02315,0.02273,0.02078,0.01462,0.10092,0.11563,0.07517,0.06933,0.06115,0.10665,0.07552,0.07378,0.05490,0.06180
0.01892,0.02599,0.01971,0.01800,0.02425,0.01801,0.02261,0.02386,0.02081,0.01497,0.09727,0.11330,0.07682,0.06736,0.06539,0.10224,0.08020,0.07351,0.05550,0.06128
0.01758,0.02587,0.01909,0.01749,0.02469,0.01719,0.02118,0.02229,0.01963,0.01398,0.09943,0.11857,0.07669,0.06705,0.06593,0.10157,0.08099,0.07293,0.05459,0.06326
0.01958,0.02664,0.01919,0.01642,0.02474,0.01715,0.02366,0.02348,0.02084,0.01436,0.10910,0.12043,0.07364,0.06444,0.05656,0.11300,0.07101,0.07518,0.05141,0.05918
0.01862,0.02529,0.01903,0.01629,0.02449,0.01737,0.02188,0.02283,0.01992,0.01412,0.11468,0.11778,0.07457,0.06321,0.05663,0.11891,0.07145,0.07702,0.05016,0.05574
0.02145,0.03207,0.02225,0.02015,0.03028,0.02129,0.02610,0.02756,0.02431,0.01666,0.09602,0.10240,0.07113,0.06562,0.05981,0.10625,0.07031,0.07144,0.05539,0.05953
0.02060,0.02769,0.02064,0.01742,0.02550,0.02049,0.02226,0.02273,0.02176,0.01488,0.10699,0.10957,0.07523,0.06521,0.05978,0.11157,0.07310,0.07179,0.05432,0.05849
0.01830,0.02679,0.02018,0.01667,0.02553,0.01728,0.02214,0.02348,0.02026,0.01413,0.10071,0.11159,0.07795,0.06824,0.06297,0.10493,0.07737,0.07135,0.05617,0.06395
0.02008,0.03051,0.02235,0.01777,0.02676,0.02068,0.02554,0.02571,0.02509,0.01525,0.11537,0.11404,0.06936,0.05682,0.05421,0.11747,0.06477,0.07721,0.04961,0.05141
0.01593,0.02314,0.01747,0.01542,0.02110,0.01588,0.01993,0.01896,0.01809,0.01328,0.10966,0.12058,0.07753,0.06633,0.06155,0.11346,0.07924,0.07668,0.05457,0.06117
0.01644,0.02294,0.01618,0.01616,0.02113,0.01480,0.01990,0.01956,0.01832,0.01247,0.11435,0.11965,0.07555,0.06572,0.05890,0.11756,0.07726,0.07759,0.05430,0.06122
0.02103,0.03052,0.02385,0.01936,0.02950,0.02126,0.02419,0.02682,0.02453,0.01685,0.10222,0.10604,0.07237,0.06342,0.05865,0.10762,0.07080,0.07105,0.05238,0.05753
0.02247,0.03244,0.02243,0.01928,0.02847,0.02074,0.02435,0.02848,0.02483,0.01635,0.08384,0.10464,0.07609,0.07144,0.06465,0.09240,0.07784,0.06788,0.05807,0.06332
0.02128,0.02720,0.02172,0.01910,0.02676,0.02019,0.02252,0.02439,0.02251,0.01640,0.09485,0.11114,0.07409,0.06848,0.06454,0.09973,0.07608,0.07161,0.05607,0.06135
0.01922,0.02775,0.02036,0.01860,0.02653,0.01909,0.02318,0.02466,0.02281,0.01579,0.10821,0.11113,0.07336,0.06515,0.05822,0.11238,0.07187,0.07160,0.05191,0.05819
0.01781,0.02433,0.01877,0.01542,0.02363,0.01770,0.02141,0.02282,0.02057,0.01281,0.11866,0.11593,0.07414,0.06420,0.05376,0.12466,0.06637,0.07908,0.05047,0.05745
0.01952,0.02820,0.02178,0.01818,0.02605,0.01828,0.02259,0.02466,0.02154,0.01518,0.10113,0.11195,0.07630,0.06730,0.06147,0.10739,0.07275,0.07177,0.05329,0.06066
0.01959,0.02674,0.01993,0.01765,0.02528,0.01804,0.02184,0.02416,0.02087,0.01534,0.11092,0.11647,0.07218,0.06217,0.05815,0.11453,0.07091,0.07684,0.05195,0.05643
0.02096,0.02797,0.02024,0.01923,0.02690,0.01972,0.02370,0.02479,0.02314,0.01472,0.10194,0.10963,0.07453,0.06468,0.06340,0.10229,0.07652,0.07233,0.05379,0.05952
0.01864,0.02546,0.01842,0.01664,0.02323,0.01600,0.02186,0.02117,0.01956,0.01267,0.11038,0.11554,0.07428,0.06564,0.06041,0.11410,0.07483,0.07889,0.05376,0.05853
0.01807,0.02492,0.01922,0.01625,0.02330,0.01774,0.02185,0.02148,0.01857,0.01354,0.10834,0.12113,0.07564,0.06734,0.06057,0.11108,0.07292,0.07654,0.05502,0.05648
0.01707,0.02449,0.01781,0.01532,0.02292,0.01821,0.02058,0.02199,0.01899,0.01286,0.11459,0.12001,0.07714,0.06530,0.05712,0.11561,0.07165,0.07798,0.05181,0.05855
0.01899,0.02512,0.01834,0.01649,0.02288,0.01734,0.02109,0.02252,0.02051,0.01518,0.10771,0.11084,0.07350,0.06819,0.06175,0.11051,0.07485,0.07701,0.05576,0.06141
0.01927,0.02860,0.02050,0.01675,0.02616,0.01819,0.02324,0.02504,0.02203,0.01579,0.10227,0.11169,0.07516,0.06780,0.06074,0.10511,0.07428,0.07341,0.05274,0.06124
0.01916,0.02708,0.02047,0.01744,0.02645,0.01929,0.02374,0.02304,0.02296,0.01556,0.10440,0.11531,0.07468,0.06449,0.05967,0.10866,0.07381,0.07274,0.05076,0.06029
0.02042,0.02747,0.01897,0.01787,0.02454,0.01930,0.02406,0.02409,0.02021,0.01555,0.11238,0.11230,0.07335,0.06054,0.05750,0.11564,0.07149,0.07925,0.04999,0.05508
0.01953,0.02652,0.02138,0.01730,0.02685,0.01808,0.02219,0.02389,0.02149,0.01651,0.09158,0.10333,0.07760,0.07186,0.06612,0.10247,0.07934,0.06964,0.05772,0.06662
0.01871,0.02810,0.01991,0.01829,0.02513,0.01810,0.02236,0.02323,0.02133,0.01532,0.09107,0.11424,0.07959,0.06993,0.06586,0.10154,0.07678,0.06702,0.05801,0.06548
0.02038,0.03005,0.02064,0.01880,0.02744,0.02063,0.02429,0.02624,0.02241,0.01530,0.10970,0.11378,0.07101,0.06225,0.05572,0.11221,0.06979,0.07718,0.04814,0.05403
0.01940,0.02771,0.02008,0.01714,0.02702,0.01786,0.02436,0.02473,0.02141,0.01457,0.09782,0.11198,0.07537,0.06700,0.06187,0.10365,0.07809,0.07296,0.05542,0.06155
0.01652,0.02442,0.01814,0.01513,0.02258,0.01594,0.02060,0.02009,0.01858,0.01391,0.10516,0.11582,0.07795,0.07210,0.06348,0.11010,0.07858,0.07449,0.05444,0.06196
0.01855,0.02571,0.01946,0.01609,0.02515,0.01764,0.02139,0.02308,0.02178,0.01485,0.10597,0.11358,0.07657,0.06571,0.06356,0.10748,0.07635,0.07425,0.05338,0.05945
0.02084,0.02978,0.02337,0.02003,0.02952,0.02025,0.02553,0.02546,0.02330,0.01714,0.08956,0.10723,0.07396,0.06852,0.06561,0.09378,0.07903,0.06925,0.05773,0.06010
0.02161,0.03247,0.02302,0.01997,0.02915,0.02150,0.02617,0.02871,0.02540,0.01530,0.10238,0.10812,0.07177,0.06165,0.05811,0.10790,0.06993,0.06849,0.05125,0.05712
0.01980,0.02610,0.02057,0.01729,0.02618,0.01899,0.02427,0.02463,0.02351,0.01455,0.10322,0.11733,0.07464,0.06515,0.06245,0.10499,0.07610,0.07210,0.05215,0.05597
0.01966,0.02739,0.02020,0.01573,0.02434,0.01741,0.02193,0.02315,0.02024,0.01463,0.10472,0.12447,0.07508,0.06307,0.06141,0.10870,0.07566,0.07283,0.05067,0.05869
0.02055,0.02918,0.02157,0.01777,0.02786,0.02029,0.02535,0.02411,0.02194,0.01565,0.09831,0.11063,0.07340,0.06904,0.06343,0.10142,0.07367,0.06854,0.05521,0.06209
0.01884,0.02822,0.01933,0.01888,0.02759,0.01887,0.02343,0.02505,0.02214,0.01569,0.09726,0.11238,0.07706,0.06798,0.06216,0.10661,0.07643,0.07215,0.05246,0.05748
0.01739,0.02490,0.01786,0.01491,0.02471,0.01617,0.02096,0.02100,0.01874,0.01346,0.10708,0.11627,0.07561,0.06707,0.06038,0.11596,0.07577,0.07766,0.05405,0.06005
0.01858,0.02656,0.02044,0.01912,0.02569,0.01866,0.02348,0.02333,0.02105,0.01475,0.10886,0.11840,0.07425,0.06316,0.05756,0.11326,0.07279,0.07448,0.05096,0.05460
0.02407,0.03392,0.02355,0.02060,0.03208,0.02187,0.02962,0.03126,0.02697,0.01807,0.09945,0.10412,0.06791,0.05962,0.05696,0.10482,0.06907,0.07061,0.04954,0.05589
0.01835,0.02553,0.01959,0.01650,0.02455,0.01743,0.02173,0.02314,0.02067,0.01500,0.11065,0.11837,0.07493,0.06511,0.05750,0.11013,0.07479,0.07583,0.05180,0.05840
0.02144,0.03042,0.02162,0.01907,0.02755,0.02025,0.02540,0.02459,0.02202,0.01657,0.10095,0.11289,0.07368,0.06408,0.06084,0.10417,0.07305,0.07208,0.05115,0.05819
0.02137,0.03224,0.02234,0.01897,0.02983,0.02171,0.02609,0.02693,0.02351,0.01584,0.10360,0.11183,0.07158,0.06241,0.05819,0.10688,0.07311,0.07218,0.04948,0.05193
0.01877,0.02708,0.02021,0.01641,0.02578,0.01944,0.02243,0.02398,0.02099,0.01460,0.10454,0.11905,0.07573,0.06534,0.05698,0.11141,0.07292,0.07473,0.05261,0.05698
0.01697,0.02439,0.01678,0.01455,0.02181,0.01656,0.01949,0.02110,0.01699,0.01293,0.11121,0.12293,0.07731,0.06426,0.06064,0.11738,0.07575,0.07826,0.05175,0.05891
0.01806,0.02689,0.02032,0.01609,0.02450,0.01955,0.02332,0.02336,0.02154,0.01546,0.09295,0.11625,0.07611,0.06964,0.06531,0.10192,0.07942,0.07008,0.05730,0.06192
0.02157,0.03129,0.02160,0.01949,0.02996,0.01998,0.02516,0.02808,0.02231,0.01600,0.09886,0.11766,0.07254,0.06014,0.05812,0.10566,0.07339,0.07271,0.04985,0.05561
0.01930,0.02497,0.01859,0.01582,0.02499,0.01858,0.02332,0.02336,0.02044,0.01476,0.09500,0.11844,0.07790,0.06871,0.06297,0.10476,0.08036,0.07425,0.05455,0.05891
0.01992,0.02775,0.02019,0.01776,0.02694,0.01791,0.02476,0.02433,0.02207,0.01571,0.11280,0.11155,0.07182,0.06259,0.05762,0.11510,0.06890,0.07646,0.05034,0.05547
0.01793,0.02541,0.01930,0.01541,0.02450,0.01686,0.02058,0.02206,0.01849,0.01335,0.10650,0.11872,0.07665,0.06688,0.06034,0.11514,0.07125,0.07609,0.05368,0.06086
0.01911,0.02699,0.02155,0.01774,0.02422,0.01779,0.02356,0.02358,0.02169,0.01454,0.09369,0.11600,0.07836,0.06796,0.06279,0.10486,0.07781,0.07318,0.05465,0.05995
0.01897,0.02704,0.01994,0.01642,0.02437,0.01878,0.02370,0.02278,0.02105,0.01309,0.11314,0.11544,0.07337,0.06421,0.05682,0.11602,0.07155,0.07541,0.05100,0.05688
0.01841,0.02632,0.01887,0.01612,0.02408,0.01706,0.02245,0.02184,0.02108,0.01323,0.11533,0.12477,0.07599,0.06152,0.05555,0.11550,0.07004,0.07707,0.04984,0.05492
0.02152,0.02815,0.02113,0.01645,0.02702,0.01876,0.02448,0.02376,0.02339,0.01500,0.10955,0.10908,0.07038,0.06284,0.05952,0.11109,0.07471,0.07461,0.05098,0.05758
0.01861,0.02496,0.01797,0.01577,0.02384,0.01672,0.02191,0.02203,0.01929,0.01399,0.10563,0.11801,0.07618,0.06812,0.06220,0.10972,0.07657,0.07488,0.05493,0.05867
0.02035,0.03086,0.02158,0.01811,0.02861,0.02063,0.02500,0.02584,0.02357,0.01489,0.09476,0.11218,0.07500,0.06778,0.06282,0.10130,0.07722,0.06710,0.05255,0.05987
0.01904,0.02792,0.02027,0.01753,0.02542,0.01865,0.02305,0.02524,0.02214,0.01542,0.10428,0.11521,0.07456,0.06287,0.06135,0.10631,0.07548,0.07495,0.05318,0.05713
0.01844,0.02386,0.01870,0.01699,0.02326,0.01671,0.02141,0.02096,0.01989,0.01411,0.10610,0.11716,0.07684,0.06961,0.06204,0.10928,0.07826,0.07251,0.05318,0.06069
0.02032,0.03031,0.02296,0.01970,0.02806,0.02107,0.02551,0.02566,0.02390,0.01580,0.10766,0.11252,0.07258,0.06078,0.05635,0.10833,0.07181,0.07320,0.04850,0.05499
0.01983,0.02970,0.02127,0.01848,0.02714,0.02058,0.02394,0.02641,0.02363,0.01560,0.08704,0.11050,0.07795,0.07120,0.06456,0.09471,0.07721,0.06727,0.05878,0.06420
0.01604,0.02188,0.01639,0.01394,0.02049,0.01455,0.01880,0.01981,0.01743,0.01246,0.13038,0.12243,0.07503,0.06205,0.05391,0.12909,0.07034,0.08046,0.05023,0.05429
0.01938,0.02772,0.01907,0.01783,0.02501,0.01911,0.02294,0.02371,0.02148,0.01532,0.08789,0.11311,0.07738,0.06974,0.06700,0.09917,0.08236,0.07029,0.05760,0.06390
0.01870,0.02592,0.01950,0.01757,0.02566,0.01930,0.02246,0.02227,0.01969,0.01418,0.10107,0.11329,0.07770,0.06784,0.06467,0.10673,0.07682,0.07174,0.05554,0.05934
0.01639,0.02181,0.01591,0.01405,0.02080,0.01510,0.01928,0.02026,0.01929,0.01278,0.10830,0.11718,0.07768,0.07040,0.06458,0.11727,0.07606,0.07508,0.05443,0.06335
0.01834,0.02951,0.02032,0.01790,0.02715,0.01928,0.02463,0.02490,0.02307,0.01567,0.10262,0.10779,0.07316,0.06733,0.06201,0.10521,0.07357,0.07295,0.05496,0.05966
0.02033,0.02996,0.02160,0.01937,0.03104,0.02054,0.02596,0.02597,0.02431,0.01727,0.10362,0.10797,0.07138,0.06264,0.05898,0.10385,0.07385,0.07334,0.05065,0.05739
0.01917,0.02740,0.02052,0.01859,0.02709,0.01777,0.02368,0.02334,0.02243,0.01538,0.11301,0.11571,0.07188,0.06191,0.05625,0.11661,0.06730,0.07804,0.04986,0.05405
0.01773,0.02542,0.01843,0.01624,0.02392,0.01710,0.02219,0.02299,0.01954,0.01434,0.10134,0.12133,0.07776,0.06642,0.06314,0.10704,0.07902,0.07501,0.05141,0.05963
0.01666,0.02334,0.01744,0.01440,0.02198,0.01652,0.01987,0.02219,0.01833,0.01288,0.12680,0.11908,0.07385,0.06175,0.05459,0.12812,0.06866,0.08130,0.04989,0.05236
0.02058,0.02789,0.02180,0.01867,0.02670,0.02076,0.02512,0.02590,0.02216,0.01580,0.10326,0.11176,0.07195,0.06638,0.05829,0.10474,0.07380,0.07365,0.05250,0.05829
0.02263,0.03066,0.02223,0.01920,0.03021,0.01948,0.02743,0.02640,0.02415,0.01732,0.09714,0.10872,0.07261,0.06589,0.06110,0.10176,0.07488,0.06876,0.05256,0.05688
0.02092,0.02930,0.02101,0.01898,0.02653,0.01913,0.02392,0.02391,0.02196,0.01510,0.09590,0.10960,0.07523,0.06775,0.06277,0.10052,0.07715,0.07142,0.05717,0.06174
0.01871,0.02724,0.01991,0.01693,0.02421,0.01768,0.02261,0.02256,0.02096,0.01443,0.10703,0.11439,0.07405,0.06509,0.06063,0.11045,0.07750,0.07075,0.05478,0.06008
0.01837,0.02449,0.01938,0.01639,0.02475,0.01734,0.02167,0.02241,0.02088,0.01349,0.09768,0.11620,0.07761,0.06911,0.06628,0.10419,0.08044,0.07100,0.05484,0.06346
0.01960,0.03165,0.02225,0.01962,0.03001,0.02068,0.02627,0.02667,0.02302,0.01714,0.09402,0.10919,0.07482,0.06727,0.06091,0.10061,0.07315,0.06852,0.05596,0.05865
0.01721,0.02481,0.01715,0.01627,0.02353,0.01628,0.02047,0.02226,0.01911,0.01374,0.11644,0.12719,0.07460,0.06162,0.05751,0.11736,0.07214,0.07607,0.04898,0.05725
0.02159,0.02894,0.02144,0.01921,0.02653,0.02056,0.02388,0.02671,0.02394,0.01735,0.09358,0.10738,0.07343,0.06755,0.06418,0.09657,0.07801,0.06959,0.05616,0.06338
0.02244,0.03180,0.02236,0.01939,0.02991,0.01986,0.02645,0.02774,0.02410,0.01642,0.09546,0.11177,0.07287,0.06477,0.06109,0.09800,0.07656,0.06767,0.05284,0.05851
0.02147,0.03161,0.02409,0.01980,0.03360,0.02209,0.02739,0.02890,0.02498,0.01755,0.09410,0.11078,0.07040,0.06392,0.05691,0.09922,0.07511,0.06897,0.05137,0.05773
0.01788,0.02563,0.01865,0.01664,0.02377,0.01597,0.02169,0.02166,0.02038,0.01472,0.10596,0.11832,0.07416,0.06621,0.06238,0.11282,0.07511,0.07406,0.05356,0.06045
0.01956,0.02761,0.02110,0.01898,0.02608,0.01829,0.02400,0.02416,0.02426,0.01531,0.09959,0.10820,0.07253,0.06949,0.06279,0.10590,0.07280,0.07393,0.05677,0.05865
0.01874,0.02608,0.01903,0.01604,0.02625,0.01671,0.02250,0.02203,0.01986,0.01370,0.10947,0.11959,0.07147,0.06722,0.05983,0.11478,0.07334,0.07421,0.05285,0.05629
0.02280,0.03085,0.02340,0.02002,0.02923,0.02079,0.02485,0.02687,0.02377,0.01766,0.09399,0.10438,0.07259,0.06727,0.06453,0.09809,0.07391,0.06934,0.05601,0.05965
0.02122,0.02958,0.02266,0.01853,0.02814,0.02014,0.02445,0.02425,0.02323,0.01708,0.09724,0.11109,0.07421,0.06653,0.06136,0.10208,0.07338,0.06982,0.05391,0.06111
0.02115,0.02844,0.02115,0.01880,0.02831,0.02030,0.02622,0.02492,0.02320,0.01567,0.11219,0.11525,0.07109,0.06153,0.05416,0.11399,0.06559,0.07456,0.04904,0.05443
0.01745,0.02492,0.01816,0.01680,0.02292,0.01766,0.02055,0.02145,0.01969,0.01432,0.11191,0.11291,0.07412,0.06450,0.06164,0.11542,0.07430,0.07635,0.05531,0.05960
0.02306,0.03379,0.02611,0.02302,0.03345,0.02273,0.02935,0.03137,0.02788,0.01924,0.10228,0.09878,0.06601,0.05849,0.05614,0.10471,0.06740,0.07122,0.05208,0.05289
0.01935,0.02817,0.01937,0.01878,0.02543,0.01908,0.02314,0.02365,0.02151,0.01457,0.10218,0.11357,0.07615,0.06898,0.06190,0.10389,0.07419,0.07205,0.05349,0.06053
0.01686,0.02505,0.01770,0.01543,0.02311,0.01610,0.02136,0.02081,0.01867,0.01394,0.13015,0.12302,0.07180,0.05882,0.05323,0.12801,0.06786,0.07896,0.04582,0.05332
0.02038,0.02920,0.02220,0.01864,0.02704,0.02028,0.02388,0.02526,0.02379,0.01711,0.09776,0.10536,0.07444,0.06573,0.06298,0.10098,0.07676,0.07119,0.05529,0.06173
0.01932,0.02625,0.01956,0.01792,0.02357,0.01753,0.02226,0.02235,0.02050,0.01495,0.10690,0.11125,0.07347,0.06630,0.05971,0.11362,0.07525,0.07590,0.05274,0.06066
0.01804,0.02790,0.01926,0.01606,0.02515,0.01768,0.02153,0.02403,0.02097,0.01383,0.09439,0.11714,0.07835,0.06959,0.06483,0.10309,0.08012,0.06882,0.05595,0.06327
0.01730,0.02436,0.01761,0.01597,0.02333,0.01674,0.02034,0.02132,0.01862,0.01389,0.11199,0.12029,0.07769,0.06580,0.05655,0.11786,0.07309,0.07688,0.05099,0.05938
0.02022,0.02708,0.02060,0.01690,0.02696,0.01859,0.02309,0.02536,0.02237,0.01362,0.10671,0.11966,0.07401,0.06306,0.05728,0.11149,0.07469,0.07135,0.05157,0.05537
0.01824,0.02504,0.01821,0.01726,0.02323,0.01749,0.02193,0.02179,0.01971,0.01220,0.10348,0.12025,0.07759,0.06904,0.06169,0.10813,0.07947,0.07377,0.05228,0.05919
0.02218,0.02976,0.02324,0.01785,0.02889,0.01995,0.02600,0.02768,0.02421,0.01678,0.10560,0.10560,0.06924,0.05988,0.05980,0.11068,0.07130,0.07276,0.05241,0.05617
0.02306,0.03210,0.02507,0.01927,0.03013,0.02144,0.02776,0.02827,0.02626,0.01724,0.09981,0.10704,0.07246,0.06385,0.05672,0.10138,0.06906,0.06962,0.05311,0.05636
0.02079,0.02864,0.02214,0.01733,0.02653,0.01963,0.02487,0.02480,0.02145,0.01624,0.09676,0.11354,0.07492,0.06413,0.06309,0.10284,0.07777,0.07198,0.05411,0.05845
0.02250,0.03148,0.02344,0.02061,0.02981,0.02044,0.02609,0.02836,0.02396,0.01759,0.10220,0.11137,0.07061,0.06021,0.05847,0.10559,0.07195,0.07162,0.05052,0.05318
0.01883,0.02400,0.01812,0.01570,0.02492,0.01797,0.02136,0.02327,0.02043,0.01353,0.10722,0.11957,0.07718,0.06427,0.05944,0.11605,0.07322,0.07642,0.05068,0.05781
0.02189,0.02955,0.02122,0.01870,0.02668,0.02140,0.02396,0.02707,0.02425,0.01592,0.09404,0.11305,0.07381,0.06547,0.06499,0.09744,0.07632,0.06861,0.05565,0.05999
0.01751,0.02415,0.01998,0.01665,0.02335,0.01650,0.02119,0.02264,0.02034,0.01359,0.11343,0.11291,0.07432,0.06531,0.05882,0.11926,0.07282,0.07704,0.05373,0.05644
0.01958,0.02828,0.02090,0.01773,0.02610,0.01920,0.02432,0.02438,0.02205,0.01528,0.10520,0.11267,0.07699,0.06564,0.05860,0.11000,0.07118,0.07224,0.05254,0.05712
0.02274,0.03227,0.02327,0.02034,0.03135,0.02085,0.02754,0.02695,0.02471,0.01736,0.09595,0.10203,0.07010,0.06485,0.06158,0.10014,0.07384,0.07060,0.05414,0.05939
0.02067,0.03027,0.02067,0.01876,0.02905,0.02073,0.02466,0.02489,0.02231,0.01694,0.09708,0.10517,0.07439,0.06836,0.06085,0.10287,0.07472,0.07159,0.05595,0.06006
0.01709,0.02455,0.01848,0.01581,0.02406,0.01574,0.02144,0.02202,0.01969,0.01338,0.11334,0.12060,0.07458,0.06422,0.06096,0.11516,0.07523,0.07565,0.05209,0.05591
0.01803,0.02376,0.01754,0.01552,0.02104,0.01567,0.02041,0.02135,0.01818,0.01232,0.11525,0.12240,0.07493,0.06374,0.05687,0.11619,0.07620,0.07743,0.05304,0.06011
0.02104,0.02846,0.02264,0.01923,0.02690,0.01999,0.02557,0.02441,0.02385,0.01772,0.09854,0.10639,0.07371,0.06752,0.05986,0.10586,0.07387,0.07100,0.05319,0.06026
0.01520,0.02148,0.01600,0.01395,0.02029,0.01465,0.01680,0.01867,0.01770,0.01157,0.11770,0.11720,0.07831,0.07073,0.06016,0.12053,0.07748,0.07970,0.05431,0.05756
0.02329,0.03405,0.02316,0.02182,0.03116,0.02196,0.02786,0.02925,0.02555,0.02082,0.09406,0.10175,0.06934,0.06277,0.06028,0.10123,0.07105,0.07167,0.05338,0.05555
0.02376,0.03459,0.02361,0.02170,0.02981,0.02163,0.02662,0.02929,0.02555,0.01695,0.09141,0.10411,0.07388,0.06681,0.05905,0.09819,0.07374,0.06845,0.05302,0.05784
0.02013,0.02724,0.02040,0.01739,0.02579,0.01743,0.02295,0.02501,0.02235,0.01521,0.11029,0.11091,0.07398,0.06249,0.05519,0.11863,0.07053,0.07478,0.05147,0.05780
0.01825,0.02571,0.01833,0.01474,0.02284,0.01715,0.02128,0.02129,0.01870,0.01452,0.10305,0.11870,0.07937,0.06779,0.06463,0.10603,0.07916,0.07455,0.05572,0.05820
0.01974,0.02872,0.01994,0.01763,0.02637,0.01825,0.02298,0.02393,0.02168,0.01624,0.10109,0.11748,0.07675,0.06503,0.06077,0.10623,0.07267,0.07161,0.05360,0.05929
0.01790,0.02424,0.01851,0.01545,0.02290,0.01659,0.01997,0.02182,0.01978,0.01381,0.10955,0.11935,0.07528,0.06549,0.06210,0.11218,0.07713,0.07521,0.05407,0.05867
0.01676,0.02401,0.01694,0.01455,0.02286,0.01729,0.02140,0.02213,0.01787,0.01409,0.11567,0.11628,0.07291,0.06683,0.05777,0.12278,0.07118,0.07946,0.05259,0.05662
0.01789,0.02489,0.01727,0.01526,0.02257,0.01554,0.01984,0.02193,0.01941,0.01324,0.11193,0.11957,0.07494,0.06528,0.05980,0.11278,0.07744,0.07913,0.05209,0.05922
0.01814,0.02839,0.02105,0.01789,0.02705,0.01830,0.02344,0.02491,0.02181,0.01538,0.12120,0.11261,0.06947,0.05952,0.05209,0.12290,0.06614,0.08020,0.04720,0.05232
0.01984,0.02768,0.02050,0.01727,0.02778,0.01841,0.02394,0.02424,0.02234,0.01504,0.09126,0.10890,0.07905,0.06906,0.06704,0.09887,0.08026,0.06999,0.05569,0.06286
0.01763,0.02661,0.01900,0.01544,0.02557,0.01705,0.02260,0.02262,0.02207,0.01370,0.10999,0.10799,0.07349,0.06858,0.06022,0.11793,0.06916,0.07695,0.05359,0.05980
0.01916,0.02774,0.02044,0.01818,0.02601,0.01939,0.02250,0.02261,0.02075,0.01616,0.10144,0.11231,0.07612,0.06595,0.06312,0.10639,0.07540,0.07235,0.05284,0.06113
0.01994,0.03282,0.02266,0.01784,0.02883,0.01971,0.02472,0.02712,0.02416,0.01567,0.10278,0.11446,0.07402,0.06238,0.05748,0.10997,0.07047,0.07257,0.04891,0.05349
0.01911,0.02652,0.01957,0.01751,0.02543,0.01759,0.02162,0.02309,0.02071,0.01463,0.11056,0.11731,0.07318,0.06345,0.05782,0.11503,0.07121,0.07622,0.05229,0.05715
0.01922,0.02851,0.01955,0.01764,0.02595,0.01818,0.02354,0.02330,0.02136,0.01498,0.10269,0.12116,0.07465,0.06279,0.05945,0.10882,0.07653,0.07576,0.04963,0.05629
0.01918,0.02822,0.01904,0.01718,0.02553,0.01763,0.02336,0.02423,0.02174,0.01448,0.10211,0.11933,0.07586,0.06534,0.06113,0.10485,0.07712,0.07205,0.05158,0.06007
0.02552,0.03760,0.02720,0.02307,0.03215,0.02433,0.03079,0.02907,0.02762,0.01913,0.09373,0.09702,0.06637,0.06416,0.06016,0.09633,0.06829,0.07041,0.05130,0.05574
0.02006,0.02887,0.02152,0.01798,0.02928,0.01993,0.02432,0.02634,0.02369,0.01574,0.10642,0.11065,0.07082,0.06285,0.05645,0.10984,0.06999,0.07471,0.05220,0.05835
0.02131,0.03144,0.02160,0.01987,0.02993,0.02077,0.02609,0.02584,0.02301,0.01660,0.09965,0.10795,0.07198,0.06549,0.05773,0.10587,0.07375,0.07281,0.05271,0.05558
0.02048,0.02816,0.02140,0.01759,0.02732,0.02014,0.02263,0.02628,0.02190,0.01404,0.10136,0.11322,0.07360,0.06567,0.06250,0.10451,0.07326,0.07192,0.05393,0.06008
0.01867,0.02793,0.01915,0.01641,0.02229,0.01740,0.02127,0.02294,0.02134,0.01378,0.10788,0.11580,0.07579,0.06450,0.05921,0.11698,0.07439,0.07710,0.05086,0.05630
0.02139,0.02949,0.02139,0.01697,0.02703,0.01924,0.02428,0.02552,0.02241,0.01635,0.10784,0.11192,0.06933,0.06364,0.05815,0.11036,0.07268,0.07738,0.04958,0.05505
0.02228,0.02843,0.02267,0.01953,0.02919,0.02092,0.02618,0.02621,0.02455,0.01617,0.09136,0.11202,0.07369,0.06343,0.06478,0.09881,0.07457,0.07016,0.05626,0.05878
0.01846,0.02531,0.01768,0.01722,0.02269,0.01676,0.01991,0.02243,0.02002,0.01354,0.11397,0.11730,0.07494,0.06259,0.05865,0.11764,0.07383,0.07867,0.05091,0.05747
0.02103,0.02898,0.02254,0.01969,0.02779,0.02015,0.02429,0.02732,0.02349,0.01564,0.09416,0.10776,0.07479,0.06831,0.06343,0.10002,0.07399,0.07080,0.05447,0.06134
0.02205,0.03142,0.02297,0.01918,0.02907,0.02117,0.02556,0.02881,0.02464,0.01780,0.10797,0.11122,0.07180,0.06098,0.05411,0.10624,0.06899,0.07541,0.04753,0.05307
0.01751,0.02604,0.01865,0.01640,0.02266,0.01711,0.01978,0.02118,0.01973,0.01438,0.10856,0.11853,0.07400,0.06705,0.06207,0.11354,0.07457,0.07501,0.05259,0.06066
0.01887,0.03005,0.02157,0.01752,0.02721,0.01859,0.02499,0.02407,0.02294,0.01521,0.10808,0.11723,0.07079,0.06063,0.05698,0.11120,0.07298,0.07324,0.05204,0.05582
0.01704,0.02448,0.01855,0.01589,0.02279,0.01684,0.02070,0.02175,0.01953,0.01463,0.09428,0.12087,0.07980,0.06952,0.06656,0.10188,0.08543,0.07222,0.05553,0.06169
0.01819,0.02821,0.01911,0.01704,0.02544,0.01838,0.02265,0.02396,0.02222,0.01598,0.10540,0.11280,0.07489,0.06631,0.05915,0.11012,0.07276,0.07477,0.05306,0.05954
0.02109,0.03161,0.02076,0.01846,0.02588,0.01965,0.02511,0.02619,0.02324,0.01465,0.10247,0.11195,0.07114,0.06292,0.05685,0.11151,0.06938,0.07599,0.05305,0.05811
0.01997,0.02589,0.02241,0.01851,0.02748,0.01967,0.02296,0.02348,0.02288,0.01747,0.09864,0.10819,0.07424,0.06912,0.06252,0.10623,0.07518,0.07148,0.05533,0.05834
0.01716,0.02522,0.01784,0.01588,0.02438,0.01729,0.02100,0.02217,0.01989,0.01399,0.11448,0.12323,0.07414,0.06153,0.05872,0.11674,0.06958,0.07764,0.05314,0.05599
0.02120,0.03078,0.02346,0.01877,0.02955,0.01973,0.02524,0.02453,0.02436,0.01577,0.11101,0.10899,0.07103,0.06181,0.05525,0.11282,0.06637,0.07416,0.05118,0.05400
0.01953,0.03086,0.02003,0.01855,0.02757,0.01879,0.02298,0.02489,0.02193,0.01656,0.09584,0.11563,0.07548,0.06575,0.06264,0.09956,0.07776,0.07259,0.05460,0.05847
0.02124,0.03297,0.02252,0.01799,0.02745,0.02043,0.02660,0.02633,0.02461,0.01546,0.09875,0.10875,0.07119,0.06804,0.06004,0.10359,0.07068,0.07081,0.05301,0.05953
0.01894,0.02863,0.02229,0.01862,0.02689,0.01905,0.02465,0.02657,0.02505,0.01534,0.09774,0.11392,0.07344,0.06795,0.06195,0.10208,0.07161,0.07300,0.05260,0.05968
0.02035,0.02733,0.02084,0.01784,0.02707,0.01800,0.02276,0.02510,0.02216,0.01532,0.11533,0.11871,0.07111,0.06015,0.05698,0.11462,0.07100,0.07678,0.04847,0.05008
0.01932,0.02541,0.01884,0.01692,0.02447,0.01798,0.02107,0.02232,0.02093,0.01385,0.11165,0.11542,0.07466,0.06350,0.05919,0.11562,0.07413,0.07594,0.05186,0.05693
0.02283,0.03403,0.02544,0.02091,0.03280,0.02273,0.02911,0.03053,0.02721,0.01778,0.09236,0.10299,0.07130,0.06390,0.05878,0.09737,0.07020,0.06868,0.05386,0.05719
0.01760,0.02539,0.01851,0.01679,0.02333,0.01845,0.02209,0.02225,0.01996,0.01304,0.11960,0.11990,0.07273,0.06002,0.05563,0.12364,0.06934,0.08025,0.04835,0.05313
0.02403,0.03685,0.02601,0.02269,0.03464,0.02290,0.02917,0.03036,0.02836,0.01909,0.08834,0.09870,0.07040,0.06764,0.05949,0.09443,0.06996,0.06429,0.05592,0.05673
0.01890,0.02759,0.02047,0.01854,0.02557,0.01840,0.02291,0.02280,0.02102,0.01586,0.10524,0.11043,0.07474,0.06776,0.05918,0.11154,0.07074,0.07607,0.05460,0.05765
0.01673,0.02557,0.01799,0.01582,0.02282,0.01744,0.02023,0.01983,0.01935,0.01467,0.12176,0.12114,0.07304,0.06218,0.05753,0.12376,0.06885,0.07675,0.04959,0.05493
0.01660,0.02584,0.01978,0.01488,0.02372,0.01607,0.02173,0.02126,0.01958,0.01354,0.09688,0.11750,0.07967,0.07134,0.06566,0.10532,0.08153,0.07164,0.05696,0.06053
0.02225,0.03123,0.02343,0.01956,0.02939,0.02040,0.02587,0.02724,0.02581,0.01587,0.10451,0.10913,0.07204,0.06282,0.05471,0.10942,0.06834,0.07036,0.05043,0.05717
0.01915,0.02722,0.01968,0.01655,0.02436,0.01838,0.02282,0.02293,0.02116,0.01412,0.10052,0.11905,0.07452,0.06439,0.06209,0.10490,0.07888,0.07311,0.05599,0.06018
0.02171,0.03095,0.02258,0.01793,0.02835,0.02082,0.02686,0.02753,0.02309,0.01633,0.09472,0.10566,0.07572,0.06661,0.06013,0.10607,0.07264,0.07056,0.05349,0.05826
0.02186,0.03217,0.02386,0.01939,0.03057,0.01949,0.02676,0.02749,0.02287,0.01655,0.10315,0.10894,0.07171,0.06340,0.05837,0.10686,0.06988,0.06948,0.05160,0.05559
0.01842,0.02550,0.01758,0.01535,0.02469,0.01696,0.02162,0.02222,0.01980,0.01385,0.11476,0.11787,0.07672,0.06408,0.05839,0.11517,0.07403,0.07612,0.05084,0.05602
0.02189,0.03068,0.02352,0.01929,0.02879,0.02111,0.02678,0.02744,0.02517,0.01691,0.10374,0.10601,0.07012,0.06173,0.05870,0.10605,0.07177,0.07253,0.05284,0.05495
0.02247,0.03370,0.02656,0.02046,0.03035,0.02330,0.02849,0.02963,0.02774,0.01837,0.09595,0.10088,0.06929,0.06298,0.05949,0.09885,0.07013,0.06988,0.05337,0.05811
0.01859,0.02492,0.01882,0.01606,0.02516,0.01737,0.02137,0.02374,0.02000,0.01388,0.10762,0.11861,0.07508,0.06487,0.06077,0.10900,0.07806,0.07526,0.05368,0.05716
0.02296,0.03351,0.02430,0.02098,0.02821,0.02223,0.02610,0.02755,0.02501,0.01538,0.09779,0.10438,0.07099,0.06431,0.06142,0.09968,0.07482,0.07043,0.05149,0.05847
0.01742,0.02625,0.01950,0.01687,0.02641,0.01811,0.02233,0.02294,0.02025,0.01388,0.09815,0.11508,0.07882,0.06683,0.06600,0.10123,0.08200,0.07236,0.05393,0.06164
0.01934,0.02620,0.01941,0.01703,0.02674,0.01845,0.02387,0.02447,0.02091,0.01382,0.09921,0.11405,0.07589,0.06954,0.06209,0.10701,0.07500,0.07170,0.05517,0.06010
0.01855,0.02459,0.01828,0.01582,0.02197,0.01691,0.02058,0.02192,0.01876,0.01350,0.11675,0.11775,0.07570,0.06466,0.05659,0.11877,0.07166,0.07654,0.05355,0.05714
0.02273,0.03178,0.02316,0.02063,0.03084,0.02254,0.02609,0.02786,0.02517,0.01668,0.09007,0.11002,0.07593,0.06360,0.06139,0.09500,0.07517,0.06999,0.05316,0.05820
0.01813,0.02697,0.01867,0.01649,0.02426,0.01669,0.02273,0.02317,0.01974,0.01453,0.10940,0.11759,0.07556,0.06718,0.05991,0.11472,0.07212,0.07471,0.05294,0.05450
0.02182,0.02943,0.02027,0.01846,0.02667,0.01861,0.02472,0.02549,0.02240,0.01711,0.10356,0.11206,0.07346,0.06514,0.05933,0.10773,0.07247,0.07225,0.05127,0.05774
0.02217,0.03111,0.02247,0.01941,0.02982,0.02141,0.02572,0.02925,0.02366,0.01855,0.09700,0.10175,0.06895,0.06520,0.06307,0.09960,0.07761,0.07116,0.05414,0.05796
0.01990,0.02916,0.02029,0.01808,0.02794,0.02001,0.02375,0.02397,0.02258,0.01543,0.09348,0.11701,0.07784,0.06674,0.06317,0.10079,0.07411,0.07072,0.05364,0.06140
0.01836,0.02832,0.01933,0.01745,0.02583,0.01839,0.02278,0.02433,0.02033,0.01510,0.10715,0.11470,0.07324,0.06407,0.06061,0.10848,0.07620,0.07443,0.05330,0.05759
0.01810,0.02555,0.01779,0.01602,0.02361,0.01678,0.02072,0.02020,0.01943,0.01341,0.11825,0.11727,0.07527,0.06296,0.05702,0.12007,0.07049,0.07650,0.05270,0.05787
0.02219,0.03156,0.02274,0.02034,0.02886,0.02098,0.02531,0.02788,0.02381,0.01563,0.09681,0.10580,0.07409,0.06391,0.06051,0.10277,0.07584,0.07042,0.05226,0.05828
0.02302,0.02951,0.02186,0.02119,0.02876,0.02019,0.02526,0.02517,0.02416,0.01762,0.10017,0.10392,0.07110,0.06729,0.06109,0.10431,0.07000,0.07081,0.05640,0.05817
0.02167,0.03276,0.02365,0.01951,0.02987,0.02096,0.02635,0.02642,0.02458,0.01780,0.09000,0.10822,0.07372,0.06715,0.06160,0.09772,0.07287,0.06958,0.05612,0.05947
0.01963,0.03002,0.02244,0.01904,0.02781,0.01986,0.02589,0.02572,0.02310,0.01637,0.10160,0.10734,0.07320,0.06367,0.06144,0.10809,0.07177,0.07196,0.05311,0.05795
0.01864,0.02684,0.01828,0.01624,0.02365,0.01671,0.02263,0.02367,0.02053,0.01416,0.11162,0.11833,0.07425,0.06500,0.05794,0.11317,0.07127,0.07703,0.05257,0.05747
0.01857,0.02550,0.01842,0.01660,0.02548,0.01744,0.02155,0.02275,0.01979,0.01376,0.11168,0.11518,0.07422,0.06662,0.05771,0.11559,0.07163,0.07641,0.05295,0.05816
0.01817,0.02560,0.01937,0.01750,0.02498,0.01837,0.02291,0.02213,0.02287,0.01478,0.10470,0.11427,0.07398,0.06686,0.06087,0.10981,0.07369,0.07281,0.05455,0.06176
0.01916,0.02763,0.02080,0.01744,0.02542,0.01846,0.02301,0.02376,0.02157,0.01521,0.10710,0.11367,0.07320,0.06620,0.05861,0.11287,0.07153,0.07386,0.05332,0.05717
0.01865,0.02592,0.01981,0.01716,0.02452,0.01722,0.02116,0.02269,0.02058,0.01402,0.11029,0.11712,0.07459,0.06450,0.05814,0.11475,0.07120,0.07547,0.05263,0.05959
0.01954,0.02815,0.02017,0.01780,0.02706,0.01891,0.02429,0.02505,0.02141,0.01546,0.11231,0.11844,0.07433,0.05759,0.05678,0.11246,0.07216,0.07521,0.04843,0.05445
0.01735,0.02588,0.01830,0.01728,0.02525,0.01777,0.02096,0.02257,0.01975,0.01411,0.09698,0.11586,0.07734,0.07139,0.06474,0.10439,0.07860,0.07189,0.05569,0.06390
0.01923,0.02649,0.01928,0.01621,0.02457,0.01633,0.02261,0.02339,0.02040,0.01383,0.10457,0.11597,0.07659,0.06963,0.06253,0.10887,0.07635,0.07420,0.05184,0.05709
0.01781,0.02477,0.01830,0.01584,0.02340,0.01751,0.02103,0.02299,0.02159,0.01295,0.09653,0.11945,0.07726,0.07132,0.06807,0.10110,0.08143,0.07140,0.05330,0.06395
