0.11748,0.01407,0.01703,0.01344,0.00752,0.01790,0.00932,0.01441,0.10285,0.03046,0.32781,0.13456,0.01535,0.12091,0.00847,0.00940,0.01004,0.01059,0.00724,0.01114
0.06166,0.01265,0.01170,0.01030,0.00575,0.01360,0.00716,0.00987,0.05915,0.02255,0.22004,0.26640,0.01233,0.24202,0.00661,0.00687,0.00787,0.00783,0.00606,0.00958
0.18206,0.02539,0.02521,0.01832,0.01123,0.02891,0.01514,0.02003,0.15724,0.05066,0.23059,0.08164,0.01496,0.07554,0.01016,0.01001,0.01158,0.01043,0.00846,0.01245
0.15286,0.01756,0.02140,0.01736,0.01002,0.02382,0.01210,0.01715,0.13642,0.04441,0.22436,0.12049,0.01855,0.11826,0.01087,0.00994,0.01264,0.01052,0.00869,0.01256
0.11117,0.01976,0.02464,0.01961,0.01017,0.02593,0.01061,0.01848,0.11837,0.03649,0.14163,0.20410,0.01819,0.17615,0.00977,0.00931,0.01052,0.01146,0.00874,0.01489
0.11033,0.01858,0.01849,0.01610,0.00866,0.02208,0.01052,0.01497,0.11955,0.03996,0.21267,0.18206,0.01505,0.14878,0.00996,0.01060,0.01179,0.00983,0.00773,0.01229
0.11496,0.01556,0.01742,0.01427,0.00944,0.01932,0.01062,0.01448,0.10882,0.03389,0.21171,0.17876,0.01566,0.17123,0.00908,0.00950,0.01338,0.01114,0.00787,0.01290
0.15427,0.01976,0.01930,0.01697,0.00886,0.02278,0.01117,0.01609,0.14910,0.04086,0.28302,0.09678,0.01442,0.08683,0.00955,0.00941,0.01092,0.00982,0.00832,0.01180
0.10307,0.02084,0.02246,0.01678,0.00988,0.02374,0.01199,0.01719,0.11306,0.03778,0.26313,0.14052,0.01683,0.13179,0.01033,0.01092,0.01195,0.01316,0.00974,0.01485
0.10019,0.02049,0.02245,0.02165,0.01021,0.02531,0.01393,0.01930,0.09971,0.04230,0.24890,0.14816,0.01875,0.13124,0.01212,0.01196,0.01371,0.01382,0.01083,0.01497
0.08519,0.02110,0.02170,0.01878,0.00989,0.02490,0.01353,0.01861,0.08801,0.03930,0.17375,0.19916,0.02006,0.19287,0.01203,0.01218,0.01224,0.01151,0.00955,0.01565
0.19280,0.01805,0.02040,0.01570,0.00907,0.02198,0.01058,0.01759,0.17775,0.04042,0.19213,0.10441,0.01701,0.10001,0.00966,0.01028,0.01107,0.01115,0.00766,0.01228
0.15819,0.01830,0.01905,0.01827,0.00871,0.02065,0.01216,0.01757,0.14573,0.04454,0.17338,0.15238,0.01420,0.13698,0.00861,0.00937,0.01072,0.01054,0.00785,0.01282
0.11473,0.01852,0.01934,0.01702,0.00853,0.02562,0.01267,0.01759,0.10843,0.03884,0.30689,0.12924,0.01487,0.10906,0.00922,0.01043,0.01094,0.00912,0.00755,0.01140
0.10776,0.01805,0.02177,0.01643,0.00923,0.02371,0.01051,0.01789,0.11219,0.03737,0.15865,0.20700,0.01677,0.17788,0.01152,0.01044,0.01173,0.01023,0.00840,0.01247
0.20536,0.02211,0.02311,0.01689,0.00984,0.02415,0.01219,0.01729,0.20609,0.04425,0.09990,0.12053,0.01543,0.11950,0.00977,0.00942,0.01132,0.01076,0.00780,0.01430
0.10607,0.01770,0.01836,0.01645,0.00794,0.02077,0.00998,0.01739,0.09953,0.03577,0.30475,0.15035,0.01242,0.12680,0.00820,0.00892,0.01063,0.00911,0.00676,0.01209
0.13034,0.02262,0.02639,0.02306,0.01289,0.02888,0.01593,0.02427,0.11740,0.04776,0.18446,0.12754,0.02278,0.13409,0.01303,0.01234,0.01556,0.01236,0.01170,0.01660
0.13951,0.01666,0.01753,0.01595,0.00894,0.01923,0.01097,0.01369,0.12902,0.03855,0.11407,0.20846,0.01236,0.19912,0.00912,0.00868,0.01023,0.00990,0.00717,0.01086
0.17828,0.02111,0.02407,0.01947,0.01184,0.02520,0.01461,0.02087,0.15777,0.04983,0.14141,0.13116,0.01462,0.11988,0.01072,0.01338,0.01089,0.01058,0.01015,0.01418
0.10020,0.02048,0.02550,0.01939,0.01101,0.02478,0.01454,0.02039,0.10526,0.04507,0.28936,0.12601,0.01533,0.11538,0.01166,0.01045,0.01084,0.01260,0.00955,0.01221
0.14516,0.01753,0.02067,0.01760,0.01073,0.02350,0.01152,0.01694,0.13628,0.03760,0.17780,0.16053,0.01689,0.13977,0.01040,0.01077,0.01314,0.00990,0.00926,0.01401
0.12230,0.01786,0.01847,0.01362,0.00798,0.02064,0.00999,0.01643,0.11913,0.03573,0.18762,0.17863,0.01607,0.17335,0.00880,0.01117,0.01181,0.01013,0.00691,0.01337
0.10094,0.02007,0.02130,0.01767,0.01160,0.02305,0.01298,0.01649,0.10083,0.04101,0.19866,0.18232,0.01690,0.16902,0.01004,0.01086,0.01165,0.01115,0.00868,0.01479
0.15126,0.01654,0.01828,0.01536,0.00918,0.02106,0.01045,0.01640,0.14042,0.03839,0.23010,0.12395,0.01746,0.12340,0.01044,0.01055,0.01277,0.01109,0.00908,0.01382
0.16405,0.01443,0.01444,0.01125,0.00702,0.01603,0.00881,0.01335,0.15049,0.03170,0.19945,0.16830,0.01108,0.14549,0.00680,0.00787,0.00779,0.00668,0.00546,0.00953
0.18683,0.01453,0.01842,0.01485,0.00766,0.01848,0.01076,0.01402,0.14673,0.03741,0.22622,0.11639,0.01500,0.11519,0.00973,0.00873,0.01067,0.00990,0.00747,0.01100
0.14925,0.02005,0.02320,0.02046,0.00993,0.02519,0.01313,0.01929,0.14005,0.04308,0.12716,0.16574,0.01955,0.14856,0.01196,0.01236,0.01414,0.01205,0.00981,0.01504
0.20049,0.02330,0.02423,0.01950,0.01044,0.02762,0.01336,0.01842,0.17633,0.04487,0.17881,0.08795,0.01700,0.08444,0.01251,0.01112,0.01354,0.01159,0.01073,0.01372
0.23954,0.01860,0.01851,0.01631,0.00855,0.02072,0.01108,0.01551,0.24797,0.03972,0.14752,0.07656,0.01279,0.07361,0.00808,0.00900,0.00971,0.00869,0.00777,0.00975
0.13244,0.02127,0.02282,0.01646,0.00973,0.02482,0.01277,0.01794,0.13214,0.04607,0.20775,0.13710,0.01628,0.13357,0.01107,0.00978,0.01387,0.01063,0.00894,0.01455
0.10034,0.01963,0.01794,0.01421,0.00792,0.02058,0.00939,0.01493,0.10194,0.03391,0.16379,0.20833,0.01436,0.21586,0.00837,0.00816,0.01193,0.01047,0.00667,0.01127
0.07775,0.01640,0.01851,0.01556,0.00885,0.02074,0.01045,0.01542,0.07825,0.03269,0.19831,0.21998,0.01492,0.21456,0.00795,0.00919,0.01177,0.00969,0.00705,0.01196
0.13766,0.02580,0.02883,0.02474,0.01250,0.03008,0.01492,0.02211,0.12812,0.05335,0.25540,0.08176,0.01999,0.07615,0.01581,0.01403,0.01526,0.01471,0.01054,0.01826
0.17430,0.02169,0.02161,0.01910,0.00888,0.02868,0.01269,0.01790,0.17078,0.04837,0.15077,0.12413,0.01516,0.12391,0.00939,0.00930,0.01095,0.00999,0.00813,0.01425
0.15687,0.02314,0.02513,0.02798,0.01282,0.03174,0.01574,0.02372,0.14080,0.05087,0.19768,0.09507,0.02091,0.09019,0.01423,0.01387,0.01754,0.01463,0.01087,0.01621
0.08326,0.01620,0.01736,0.01573,0.00825,0.02146,0.01065,0.01553,0.08659,0.03559,0.34881,0.14044,0.01326,0.12846,0.00915,0.00855,0.01060,0.01011,0.00735,0.01266
0.15962,0.02079,0.02431,0.01945,0.01010,0.02508,0.01345,0.02081,0.13413,0.04241,0.28872,0.08139,0.01693,0.07823,0.01012,0.01009,0.01226,0.01025,0.00904,0.01283
0.14117,0.01811,0.01924,0.01855,0.00837,0.02337,0.01217,0.02005,0.11788,0.04186,0.20795,0.14849,0.01379,0.14921,0.00919,0.00845,0.01123,0.01020,0.00856,0.01215
0.13787,0.01443,0.01690,0.01323,0.00821,0.01963,0.00955,0.01438,0.12425,0.03694,0.26068,0.13658,0.01273,0.13860,0.00906,0.00969,0.01035,0.00895,0.00673,0.01124
0.14463,0.01647,0.01844,0.01550,0.00826,0.02061,0.00961,0.01531,0.15341,0.03786,0.30516,0.09231,0.01428,0.09381,0.00807,0.00911,0.00884,0.01017,0.00735,0.01079
0.22357,0.01552,0.01634,0.01386,0.00749,0.01949,0.00961,0.01348,0.20423,0.03650,0.18082,0.10191,0.01269,0.09303,0.00829,0.00718,0.01034,0.00807,0.00742,0.01016
0.14839,0.02237,0.02317,0.01898,0.01187,0.02930,0.01466,0.02224,0.13946,0.04710,0.16022,0.13972,0.01948,0.13359,0.01123,0.01081,0.01139,0.01111,0.00912,0.01579
0.09423,0.02176,0.02228,0.02236,0.01213,0.02560,0.01391,0.02086,0.08859,0.04238,0.22258,0.15673,0.02056,0.15062,0.01251,0.01356,0.01350,0.01506,0.01196,0.01883
0.10027,0.01862,0.01982,0.01721,0.00874,0.02180,0.01194,0.01766,0.09069,0.03600,0.23129,0.16485,0.01867,0.17592,0.00948,0.01157,0.01162,0.01124,0.00944,0.01319
0.12361,0.02403,0.02298,0.01988,0.01102,0.02668,0.01390,0.01931,0.12470,0.04737,0.22309,0.12544,0.02169,0.11281,0.01429,0.01218,0.01398,0.01337,0.01092,0.01875
0.20261,0.01985,0.02350,0.02021,0.00981,0.02482,0.01315,0.01923,0.17981,0.05156,0.13088,0.11693,0.01352,0.11467,0.01003,0.01073,0.00952,0.00934,0.00835,0.01148
0.15287,0.01915,0.01906,0.01686,0.00903,0.02080,0.01212,0.01612,0.13096,0.03756,0.19948,0.14094,0.01679,0.13504,0.01103,0.01213,0.01457,0.01160,0.00838,0.01550
0.12872,0.02826,0.02755,0.02214,0.01258,0.03130,0.01785,0.02502,0.13482,0.05331,0.14753,0.14394,0.01746,0.12917,0.01239,0.01323,0.01527,0.01246,0.01064,0.01637
0.12012,0.01299,0.01436,0.01112,0.00598,0.01645,0.00828,0.01128,0.11473,0.03115,0.26773,0.16820,0.01056,0.16470,0.00691,0.00668,0.00737,0.00715,0.00574,0.00850
0.18519,0.02624,0.03232,0.02283,0.01161,0.03073,0.01515,0.02475,0.16907,0.06138,0.13097,0.10031,0.01754,0.09299,0.01201,0.01174,0.01464,0.01352,0.01157,0.01545
0.11186,0.02202,0.02428,0.02184,0.01121,0.03038,0.01590,0.02299,0.11628,0.04946,0.16050,0.15330,0.02433,0.15222,0.01239,0.01429,0.01756,0.01184,0.01118,0.01616
0.08389,0.01707,0.01942,0.01635,0.00884,0.02090,0.01005,0.01566,0.08477,0.03356,0.27380,0.16192,0.01944,0.16326,0.01200,0.01157,0.01259,0.01253,0.00824,0.01412
0.07521,0.01454,0.01694,0.01432,0.00794,0.01890,0.01033,0.01519,0.07449,0.03291,0.11344,0.23301,0.01363,0.30388,0.00846,0.00831,0.01057,0.00980,0.00676,0.01138
0.21380,0.01863,0.02228,0.01669,0.00912,0.02258,0.01060,0.01663,0.19495,0.03745,0.14422,0.10065,0.01916,0.10140,0.01049,0.01158,0.01402,0.01175,0.01024,0.01376
0.09236,0.01933,0.02020,0.01890,0.01016,0.02144,0.01191,0.01929,0.09525,0.04059,0.15405,0.21029,0.02083,0.18956,0.01153,0.01251,0.01468,0.01227,0.00997,0.01487
0.09085,0.01783,0.02216,0.01629,0.00907,0.02234,0.01019,0.01955,0.10723,0.04176,0.33717,0.10484,0.01686,0.11357,0.01053,0.01154,0.01279,0.01210,0.00865,0.01467
0.16307,0.02088,0.02205,0.02006,0.00911,0.02652,0.01318,0.01799,0.18214,0.04387,0.14162,0.12323,0.01751,0.12126,0.01162,0.01246,0.01317,0.01279,0.01098,0.01652
0.12366,0.02623,0.02676,0.02065,0.01124,0.02809,0.01658,0.02155,0.11625,0.05232,0.24275,0.10852,0.02114,0.10144,0.01352,0.01207,0.01362,0.01435,0.01224,0.01703
0.10187,0.01682,0.01665,0.01589,0.00790,0.01876,0.01013,0.01556,0.10159,0.03481,0.40601,0.09164,0.01733,0.08423,0.00906,0.00980,0.01181,0.00920,0.00779,0.01316
0.07597,0.01600,0.01903,0.01534,0.00870,0.02009,0.01028,0.01676,0.08092,0.03205,0.24942,0.18988,0.01748,0.18456,0.00911,0.01175,0.01195,0.01067,0.00755,0.01248
0.10583,0.01779,0.01753,0.01448,0.00922,0.02066,0.01042,0.01558,0.10853,0.03422,0.24916,0.16333,0.01391,0.16115,0.00879,0.00891,0.01086,0.01076,0.00691,0.01196
0.13953,0.02166,0.02350,0.01871,0.01113,0.02519,0.01395,0.01709,0.14502,0.04514,0.27107,0.09209,0.01977,0.08431,0.01098,0.01238,0.01225,0.01209,0.00907,0.01507
0.15321,0.02075,0.02194,0.02228,0.01003,0.02473,0.01230,0.02038,0.16295,0.04510,0.15272,0.14232,0.01601,0.12594,0.01019,0.01280,0.01179,0.01261,0.00855,0.01339
0.12797,0.01695,0.01805,0.01502,0.00847,0.01999,0.01154,0.01495,0.13446,0.03669,0.34890,0.08532,0.01598,0.08437,0.00968,0.00974,0.01117,0.00919,0.00786,0.01371
0.12633,0.02378,0.02946,0.02481,0.01295,0.03460,0.01614,0.02404,0.11872,0.05323,0.16645,0.13048,0.02282,0.12651,0.01474,0.01417,0.01548,0.01496,0.01221,0.01813
0.12000,0.01924,0.02047,0.02139,0.01231,0.02727,0.01364,0.02018,0.12029,0.04117,0.22479,0.13981,0.01760,0.12337,0.01398,0.01285,0.01620,0.01181,0.01014,0.01349
0.15025,0.02554,0.02406,0.02374,0.01318,0.02864,0.01221,0.02314,0.15882,0.04603,0.12813,0.12989,0.02477,0.11577,0.01349,0.01556,0.01675,0.01758,0.01154,0.02092
0.10810,0.01999,0.02134,0.01778,0.01022,0.02687,0.01346,0.01732,0.10541,0.03810,0.20732,0.17096,0.01880,0.15811,0.00897,0.01157,0.01288,0.00986,0.00981,0.01311
0.16900,0.02367,0.02869,0.02430,0.01376,0.03445,0.01713,0.02472,0.14329,0.05872,0.16322,0.09676,0.02335,0.09341,0.01539,0.01395,0.01357,0.01200,0.01230,0.01831
0.19861,0.01704,0.01735,0.01549,0.00937,0.01974,0.01133,0.01572,0.19550,0.03762,0.11956,0.13915,0.01439,0.12999,0.01011,0.00769,0.01245,0.00951,0.00767,0.01171
0.15086,0.02651,0.02948,0.02591,0.01394,0.03175,0.01775,0.02708,0.13546,0.04876,0.16444,0.11597,0.01960,0.10955,0.01429,0.01476,0.01552,0.01250,0.01036,0.01552
0.17988,0.02333,0.02479,0.01887,0.01340,0.02877,0.01347,0.02062,0.15817,0.05393,0.13118,0.11708,0.01933,0.12458,0.01050,0.01167,0.01295,0.01179,0.00949,0.01619
0.13212,0.02270,0.02384,0.02196,0.01084,0.02743,0.01418,0.01922,0.12124,0.04622,0.20751,0.13365,0.01768,0.12789,0.01112,0.01286,0.01340,0.01184,0.00849,0.01581
0.12100,0.02435,0.02703,0.02384,0.01185,0.02744,0.01596,0.02368,0.11521,0.05022,0.13647,0.15170,0.01942,0.17148,0.01261,0.01194,0.01541,0.01356,0.00879,0.01804
0.09224,0.02147,0.02139,0.01805,0.01061,0.02219,0.01320,0.01858,0.09500,0.03862,0.23349,0.16132,0.02064,0.15668,0.01207,0.01220,0.01251,0.01276,0.01027,0.01669
0.16461,0.01556,0.01704,0.01405,0.00835,0.02042,0.00968,0.01519,0.15152,0.03671,0.13888,0.18821,0.01196,0.15607,0.00861,0.00841,0.00922,0.00851,0.00656,0.01044
0.29890,0.01397,0.01520,0.01214,0.00684,0.01495,0.00726,0.01126,0.23776,0.02905,0.14077,0.07791,0.01192,0.07580,0.00718,0.00796,0.00856,0.00736,0.00570,0.00950
0.11626,0.01468,0.01673,0.01198,0.00716,0.01808,0.00855,0.01410,0.09506,0.03091,0.16243,0.22703,0.01118,0.22132,0.00603,0.00752,0.00818,0.00715,0.00590,0.00974
0.10868,0.01996,0.01933,0.01806,0.01016,0.02246,0.01144,0.01756,0.10552,0.03681,0.19859,0.17344,0.01902,0.16505,0.01072,0.01238,0.01499,0.01193,0.00820,0.01568
0.13313,0.02291,0.02446,0.02206,0.01117,0.02657,0.01573,0.02103,0.12246,0.04586,0.16272,0.14589,0.01938,0.14389,0.01410,0.01196,0.01599,0.01268,0.01111,0.01688
0.11573,0.01909,0.01959,0.01595,0.00788,0.02411,0.01180,0.01693,0.11499,0.03846,0.21547,0.17357,0.01550,0.15235,0.00884,0.01005,0.01081,0.00950,0.00684,0.01256
0.11152,0.01689,0.01809,0.01586,0.00692,0.01922,0.00971,0.01556,0.12893,0.03116,0.11942,0.22947,0.01294,0.21566,0.00665,0.00862,0.00831,0.00816,0.00684,0.01008
0.16559,0.02487,0.02529,0.01954,0.01131,0.02637,0.01438,0.02009,0.14929,0.04653,0.11398,0.14053,0.01884,0.13658,0.01347,0.01354,0.01503,0.01461,0.01095,0.01921
0.12528,0.02547,0.02930,0.02327,0.01197,0.03150,0.01639,0.02218,0.13236,0.04092,0.26469,0.09483,0.01896,0.08169,0.01325,0.01411,0.01290,0.01308,0.01153,0.01630
0.13848,0.02742,0.02850,0.02429,0.01455,0.03257,0.01766,0.02536,0.13007,0.05332,0.15876,0.11494,0.02282,0.11539,0.01494,0.01352,0.01648,0.01719,0.01431,0.01941
0.14526,0.02588,0.03133,0.02607,0.01308,0.03399,0.02067,0.02397,0.15568,0.05156,0.20572,0.09018,0.01626,0.08287,0.01161,0.01237,0.01420,0.01482,0.00982,0.01468
0.15552,0.02383,0.02243,0.02161,0.01091,0.02322,0.01383,0.01903,0.15312,0.04568,0.10839,0.16028,0.01905,0.15177,0.01087,0.01083,0.01247,0.01257,0.00959,0.01501
0.16764,0.02645,0.02904,0.02315,0.01191,0.03110,0.01585,0.02252,0.15514,0.05014,0.15810,0.10029,0.01872,0.10554,0.01368,0.01403,0.01603,0.01329,0.01121,0.01618
0.19440,0.02024,0.01972,0.01522,0.00903,0.02376,0.01178,0.01668,0.15144,0.04161,0.26233,0.07930,0.01612,0.07704,0.01056,0.00916,0.01301,0.00923,0.00748,0.01188
0.14336,0.01931,0.01828,0.01594,0.00796,0.02197,0.00909,0.01763,0.12678,0.03733,0.12619,0.19433,0.01576,0.18461,0.01015,0.01096,0.00994,0.01052,0.00784,0.01208
0.13052,0.02709,0.02936,0.02648,0.01437,0.03325,0.01789,0.02612,0.12825,0.05128,0.16301,0.11584,0.02160,0.11053,0.01600,0.01852,0.02085,0.01732,0.01360,0.01812
0.14579,0.01738,0.02067,0.01567,0.00898,0.02014,0.01156,0.01640,0.14080,0.04252,0.16253,0.16648,0.01788,0.14844,0.01026,0.01203,0.01192,0.00995,0.00751,0.01310
0.07883,0.01931,0.02024,0.01840,0.01145,0.02288,0.01279,0.01872,0.07772,0.03547,0.17760,0.21292,0.01689,0.20485,0.01247,0.01259,0.01143,0.01245,0.00913,0.01385
0.18422,0.02587,0.02729,0.02133,0.01142,0.03006,0.01492,0.01834,0.16194,0.05145,0.21590,0.07275,0.01807,0.06942,0.01236,0.01280,0.01352,0.01178,0.01043,0.01613
0.12537,0.02342,0.02315,0.02220,0.01180,0.02636,0.01351,0.01878,0.10967,0.04742,0.20009,0.14754,0.01930,0.14112,0.01235,0.01168,0.01246,0.01016,0.00970,0.01391
0.13915,0.01814,0.02034,0.01668,0.00889,0.02254,0.01094,0.01752,0.12677,0.03994,0.13480,0.18929,0.01483,0.17743,0.01007,0.01093,0.01178,0.01051,0.00802,0.01143
0.11245,0.02003,0.01899,0.01666,0.00940,0.02451,0.01224,0.01811,0.10790,0.04162,0.18755,0.18623,0.01643,0.16368,0.01042,0.01075,0.01119,0.01164,0.00809,0.01209
0.13950,0.02423,0.02720,0.02548,0.01388,0.02988,0.01553,0.01974,0.16332,0.04681,0.15365,0.12505,0.02057,0.11792,0.01303,0.01233,0.01399,0.01319,0.00996,0.01473
0.15573,0.01996,0.02291,0.02083,0.01024,0.02549,0.01191,0.02153,0.15096,0.04539,0.20935,0.10686,0.01755,0.10259,0.01223,0.01541,0.01385,0.01137,0.00871,0.01712
