0.14985,0.04381,0.04914,0.05587,0.04001,0.04062,0.16571,0.04539,0.04409,0.04890,0.02343,0.03873,0.03797,0.03575,0.03487,0.02345,0.02978,0.03067,0.02252,0.03946
0.19023,0.03942,0.04542,0.05140,0.04024,0.03141,0.19202,0.03735,0.04316,0.04351,0.02252,0.03695,0.03633,0.02807,0.02945,0.02161,0.02639,0.02973,0.01922,0.03559
0.22746,0.03276,0.03758,0.04365,0.03295,0.02831,0.23280,0.03007,0.03474,0.03543,0.02161,0.03332,0.03204,0.02798,0.02903,0.01867,0.02807,0.02619,0.01909,0.02825
0.20514,0.03894,0.04702,0.05044,0.03735,0.03216,0.20589,0.03928,0.04160,0.04578,0.02051,0.03060,0.03246,0.02860,0.02647,0.02027,0.02374,0.02511,0.02016,0.02849
0.16924,0.04168,0.05400,0.05418,0.04166,0.03959,0.17251,0.04447,0.05098,0.05019,0.02438,0.03643,0.03411,0.02753,0.02844,0.01990,0.02459,0.02926,0.02217,0.03470
0.13582,0.04233,0.04926,0.05199,0.03777,0.03585,0.14141,0.04028,0.04619,0.04859,0.03011,0.04721,0.04525,0.03712,0.04087,0.02961,0.03339,0.03672,0.02720,0.04304
0.16998,0.03850,0.04323,0.04940,0.03754,0.03380,0.17546,0.03390,0.04439,0.04592,0.02541,0.04254,0.03958,0.03334,0.03448,0.02141,0.03056,0.03219,0.02323,0.04513
0.21873,0.03328,0.04252,0.04371,0.03285,0.03112,0.22311,0.03649,0.03723,0.03996,0.02109,0.03211,0.03070,0.02809,0.03027,0.01997,0.02457,0.02452,0.01875,0.03093
0.19056,0.03354,0.04372,0.04166,0.03187,0.02958,0.19527,0.03282,0.03349,0.04118,0.02515,0.04392,0.03829,0.03277,0.03179,0.02512,0.03329,0.03204,0.02065,0.04328
0.17075,0.03793,0.04844,0.05274,0.04106,0.03391,0.17473,0.04410,0.04438,0.04888,0.02276,0.03715,0.03348,0.03432,0.03359,0.02739,0.02771,0.02835,0.02346,0.03489
0.22118,0.03554,0.04023,0.05754,0.03405,0.02769,0.23590,0.03709,0.04249,0.03833,0.01771,0.02923,0.02749,0.02339,0.02482,0.01736,0.02154,0.02312,0.01614,0.02917
0.23719,0.03304,0.04405,0.04756,0.03448,0.03152,0.23497,0.03504,0.04169,0.04085,0.01644,0.02675,0.02698,0.02247,0.02522,0.01672,0.02148,0.02169,0.01722,0.02463
0.23133,0.03138,0.03836,0.03929,0.02851,0.02626,0.23710,0.03183,0.03523,0.03780,0.01977,0.03297,0.03015,0.03118,0.03334,0.02123,0.02393,0.02133,0.02049,0.02855
0.20818,0.03467,0.04348,0.05015,0.03773,0.03258,0.21588,0.03924,0.04496,0.04334,0.02072,0.03238,0.02880,0.02814,0.02844,0.01904,0.02402,0.02345,0.01920,0.02562
0.17687,0.04165,0.05242,0.05624,0.03968,0.03259,0.18223,0.04066,0.05288,0.04968,0.02449,0.03492,0.03433,0.02805,0.02810,0.01870,0.02539,0.02728,0.01958,0.03425
0.18504,0.03888,0.04865,0.05078,0.03713,0.03511,0.18709,0.03930,0.04351,0.04868,0.02199,0.03767,0.03338,0.03034,0.03101,0.02087,0.02521,0.02895,0.02210,0.03431
0.21482,0.03494,0.04065,0.04350,0.03399,0.02897,0.21942,0.03344,0.04032,0.04703,0.01979,0.03297,0.03379,0.02810,0.02744,0.02018,0.02481,0.02493,0.01929,0.03160
0.18987,0.03802,0.05298,0.05254,0.04032,0.03756,0.18970,0.03919,0.05017,0.05199,0.02282,0.03149,0.03097,0.02779,0.02884,0.01919,0.02425,0.02390,0.02010,0.02830
0.21775,0.03357,0.04161,0.04600,0.03142,0.03117,0.22460,0.03307,0.03846,0.04304,0.02197,0.03342,0.03137,0.02844,0.02692,0.01833,0.02520,0.02398,0.01801,0.03168
0.18955,0.04083,0.04206,0.05001,0.03722,0.03408,0.19123,0.03788,0.04059,0.04831,0.02343,0.03547,0.03289,0.03252,0.03125,0.02271,0.02594,0.02594,0.02069,0.03741
0.15284,0.03563,0.04837,0.04787,0.03925,0.03123,0.16399,0.03772,0.04378,0.05053,0.02712,0.04531,0.04409,0.03578,0.04001,0.02517,0.03143,0.03160,0.02544,0.04284
0.14695,0.03981,0.04526,0.04557,0.03943,0.03799,0.15049,0.03738,0.03906,0.04449,0.02924,0.04908,0.04150,0.03374,0.03875,0.02910,0.03821,0.03691,0.03040,0.04664
0.16805,0.03967,0.04705,0.05542,0.03809,0.03222,0.17389,0.04073,0.04764,0.05237,0.02529,0.04061,0.03469,0.03529,0.03229,0.02375,0.02722,0.02911,0.02248,0.03414
0.14934,0.04884,0.06053,0.05866,0.04816,0.04147,0.16100,0.04832,0.05597,0.05742,0.02082,0.03186,0.03177,0.03019,0.03168,0.02070,0.02658,0.02592,0.02096,0.02980
0.18902,0.03847,0.04713,0.04753,0.03746,0.03177,0.19031,0.04099,0.04622,0.04497,0.02422,0.03559,0.03400,0.02808,0.02818,0.02372,0.02821,0.02874,0.01853,0.03685
0.18579,0.04189,0.04676,0.05471,0.03947,0.03425,0.18729,0.04015,0.04670,0.05522,0.02017,0.03130,0.03322,0.02903,0.03012,0.02172,0.02392,0.02510,0.02050,0.03270
0.15949,0.04343,0.05457,0.05724,0.04554,0.03505,0.16681,0.04454,0.05067,0.05177,0.02529,0.03329,0.03505,0.02957,0.02807,0.02203,0.02834,0.02975,0.02217,0.03733
0.21843,0.03422,0.04558,0.04906,0.03445,0.03047,0.22227,0.03830,0.03794,0.04544,0.02046,0.03182,0.02905,0.02470,0.02715,0.01699,0.02255,0.02289,0.02000,0.02823
0.19331,0.03977,0.04808,0.04995,0.04005,0.03167,0.19805,0.04151,0.04924,0.04622,0.02048,0.03042,0.02937,0.03018,0.02908,0.01918,0.02507,0.02637,0.02023,0.03176
0.16461,0.04182,0.05052,0.05927,0.03964,0.03685,0.16546,0.04248,0.04861,0.05478,0.02338,0.03773,0.03503,0.02951,0.03011,0.02095,0.02571,0.03140,0.02204,0.04009
0.13801,0.05086,0.05425,0.05389,0.04994,0.04526,0.13960,0.04634,0.04996,0.05464,0.02832,0.03655,0.03642,0.03739,0.03417,0.02488,0.02739,0.02795,0.02828,0.03588
0.18512,0.03362,0.04428,0.04214,0.03293,0.02959,0.19757,0.03405,0.03490,0.03937,0.02679,0.04509,0.03775,0.03408,0.03651,0.02194,0.03098,0.02972,0.02349,0.04010
0.15087,0.04046,0.04966,0.05412,0.04160,0.03457,0.15625,0.03943,0.04325,0.05061,0.02765,0.04316,0.04116,0.03447,0.03547,0.02603,0.02953,0.03529,0.02471,0.04172
0.17962,0.03905,0.05330,0.05165,0.04121,0.03380,0.18274,0.03918,0.04663,0.04748,0.02275,0.03506,0.03610,0.03069,0.02844,0.02291,0.02680,0.02753,0.02169,0.03337
0.20776,0.03573,0.04875,0.05252,0.03774,0.03128,0.20956,0.03820,0.04438,0.04757,0.02018,0.03246,0.03031,0.02479,0.02663,0.01922,0.02258,0.02463,0.01714,0.02857
0.25357,0.03098,0.03806,0.04674,0.03169,0.02810,0.24972,0.03244,0.03720,0.03777,0.01649,0.02782,0.02527,0.02395,0.02384,0.01442,0.02015,0.01956,0.01754,0.02470
0.17574,0.03816,0.04763,0.05039,0.03950,0.03310,0.18652,0.04000,0.04303,0.04556,0.02261,0.03746,0.03819,0.03136,0.03210,0.02104,0.02730,0.03320,0.01918,0.03792
0.24111,0.03428,0.04086,0.04252,0.03268,0.02886,0.24357,0.03382,0.03711,0.04336,0.01942,0.02674,0.02562,0.02467,0.02444,0.01711,0.02035,0.02294,0.01614,0.02440
0.17441,0.03726,0.04428,0.04911,0.03807,0.03288,0.18305,0.03869,0.04314,0.04639,0.02471,0.03969,0.03699,0.03288,0.03422,0.02235,0.03044,0.02939,0.02357,0.03850
0.14773,0.04352,0.05218,0.04949,0.04328,0.03654,0.15056,0.04515,0.04829,0.04960,0.02746,0.04182,0.03915,0.03561,0.03502,0.02449,0.03219,0.03321,0.02566,0.03904
0.22769,0.03789,0.04363,0.04478,0.03824,0.02950,0.23589,0.03890,0.03893,0.04215,0.01989,0.02633,0.02482,0.02564,0.02308,0.01945,0.02103,0.02202,0.01725,0.02288
0.21500,0.03721,0.04297,0.04464,0.04002,0.03209,0.21830,0.03723,0.04206,0.04222,0.01845,0.03261,0.02680,0.03004,0.02548,0.02111,0.02318,0.02417,0.01865,0.02777
0.18984,0.03960,0.04892,0.05122,0.04039,0.03420,0.19377,0.03852,0.04553,0.04661,0.02397,0.03120,0.03252,0.02970,0.02838,0.02192,0.02548,0.02476,0.02349,0.02996
0.21231,0.03420,0.04394,0.05129,0.03557,0.02861,0.21548,0.03447,0.04039,0.04431,0.02246,0.03438,0.02991,0.02884,0.02696,0.01961,0.02467,0.02430,0.01733,0.03098
0.18258,0.03898,0.04883,0.05728,0.03864,0.03191,0.18441,0.04055,0.04804,0.04876,0.02101,0.03502,0.03568,0.03154,0.02875,0.02098,0.02819,0.02820,0.02053,0.03011
0.22596,0.03121,0.04159,0.04543,0.03145,0.02781,0.22935,0.03234,0.03579,0.04030,0.02030,0.03452,0.03141,0.02637,0.02927,0.01872,0.02561,0.02275,0.01853,0.03128
0.18443,0.03177,0.04049,0.04485,0.03469,0.02583,0.18689,0.03625,0.03799,0.04176,0.02672,0.04537,0.03737,0.03390,0.03519,0.02486,0.03363,0.02962,0.02386,0.04454
0.20461,0.02904,0.03795,0.04664,0.03164,0.02756,0.21452,0.03128,0.03124,0.04076,0.02237,0.03703,0.03921,0.03276,0.03566,0.02094,0.03149,0.02647,0.02214,0.03671
0.19664,0.04049,0.05359,0.05719,0.04497,0.03572,0.19479,0.04418,0.04352,0.05145,0.02114,0.02652,0.02887,0.02628,0.02625,0.01879,0.02154,0.02252,0.01961,0.02591
0.12241,0.04314,0.05348,0.05225,0.04083,0.03950,0.12583,0.04176,0.04729,0.05234,0.02784,0.05244,0.04477,0.03955,0.03976,0.02972,0.03541,0.03566,0.02811,0.04790
0.21437,0.03488,0.04546,0.04585,0.03366,0.03229,0.22318,0.03723,0.04105,0.04265,0.02037,0.02907,0.02888,0.02714,0.02527,0.02092,0.02380,0.02472,0.01740,0.03181
0.21039,0.03758,0.04554,0.05168,0.03590,0.03145,0.21631,0.03890,0.04262,0.04406,0.02028,0.02953,0.02911,0.02674,0.02916,0.02018,0.02195,0.02153,0.01804,0.02907
0.23971,0.02695,0.03584,0.04365,0.02942,0.02434,0.24677,0.02929,0.03364,0.03544,0.02023,0.03357,0.03271,0.02628,0.02674,0.01791,0.02328,0.02467,0.01652,0.03306
0.15587,0.04120,0.04919,0.05287,0.03923,0.03667,0.15821,0.04188,0.04324,0.04732,0.02652,0.04189,0.04017,0.03648,0.03159,0.02526,0.03308,0.03647,0.02186,0.04100
0.12637,0.04396,0.04917,0.05808,0.04014,0.03773,0.12351,0.03942,0.04836,0.05299,0.02922,0.05162,0.04732,0.03534,0.03663,0.02897,0.03262,0.04262,0.02408,0.05184
0.13522,0.04265,0.05725,0.05706,0.04363,0.03893,0.14376,0.04492,0.05129,0.04978,0.02905,0.04051,0.04181,0.03373,0.03540,0.02354,0.02926,0.03332,0.02470,0.04419
0.19262,0.03812,0.04205,0.04652,0.03493,0.03132,0.20144,0.03591,0.04069,0.04260,0.02503,0.03640,0.03220,0.03423,0.03401,0.02218,0.02766,0.02673,0.02179,0.03358
0.18382,0.03641,0.04880,0.05031,0.03608,0.03274,0.18941,0.03450,0.04180,0.04617,0.02314,0.03722,0.03640,0.03501,0.03196,0.02384,0.02675,0.02694,0.02272,0.03597
0.16380,0.03946,0.05047,0.05354,0.04409,0.03630,0.17070,0.04446,0.04708,0.05142,0.02878,0.03516,0.03475,0.03137,0.03140,0.02346,0.02732,0.02792,0.02163,0.03688
0.21190,0.03354,0.04275,0.04839,0.03319,0.02981,0.22057,0.03699,0.03914,0.04088,0.02038,0.03232,0.03220,0.02837,0.02840,0.02073,0.02474,0.02501,0.02024,0.03045
0.16772,0.04139,0.04838,0.05296,0.03874,0.03639,0.17162,0.03907,0.04738,0.05087,0.02479,0.03621,0.03610,0.03101,0.03599,0.02416,0.02671,0.02939,0.02446,0.03666
0.16302,0.04290,0.05087,0.05458,0.03860,0.03431,0.16919,0.04108,0.04647,0.04873,0.02619,0.04109,0.03633,0.03089,0.03340,0.02362,0.02981,0.02893,0.02254,0.03747
0.18244,0.04260,0.05570,0.05347,0.04327,0.03802,0.17999,0.04098,0.04853,0.05687,0.02390,0.03213,0.03030,0.02868,0.02914,0.01988,0.02572,0.02189,0.01976,0.02673
0.18182,0.03815,0.05437,0.04987,0.04231,0.03583,0.18667,0.04203,0.04908,0.04990,0.02456,0.03353,0.03183,0.03081,0.03005,0.02087,0.02548,0.02464,0.01904,0.02914
0.18935,0.04501,0.05637,0.05786,0.04109,0.03453,0.18888,0.04400,0.05323,0.05162,0.02063,0.02711,0.02911,0.02684,0.02744,0.01896,0.02037,0.02222,0.01981,0.02557
0.15257,0.04475,0.04929,0.05899,0.03784,0.03980,0.15350,0.04062,0.04750,0.05288,0.02656,0.04150,0.03863,0.03196,0.03229,0.02400,0.02718,0.03357,0.02201,0.04457
0.24857,0.03114,0.03846,0.03830,0.03203,0.02559,0.25395,0.03078,0.03573,0.03761,0.01830,0.02919,0.02891,0.02519,0.02520,0.01550,0.02229,0.02039,0.01654,0.02631
0.16145,0.04555,0.05213,0.05504,0.04356,0.03726,0.16725,0.04403,0.04844,0.05339,0.02582,0.03532,0.03471,0.02948,0.03108,0.02289,0.02760,0.02780,0.02157,0.03566
0.17209,0.04196,0.05360,0.05164,0.04218,0.03777,0.17212,0.03992,0.04521,0.05053,0.02298,0.03313,0.03511,0.03579,0.03132,0.02304,0.02663,0.02753,0.02527,0.03217
0.17173,0.04615,0.05284,0.05842,0.04374,0.03709,0.17422,0.04491,0.05286,0.05213,0.02264,0.03208,0.03183,0.02782,0.02626,0.02123,0.02638,0.02950,0.01780,0.03036
0.18186,0.03983,0.04766,0.04923,0.03687,0.03241,0.19590,0.04072,0.04436,0.04448,0.02188,0.03304,0.03478,0.03008,0.03267,0.02054,0.02745,0.02735,0.02317,0.03572
0.21654,0.03866,0.04557,0.04451,0.04242,0.03150,0.22170,0.03933,0.04107,0.04239,0.01997,0.02691,0.02682,0.02568,0.02617,0.02116,0.02176,0.02234,0.01878,0.02673
0.19962,0.03211,0.04149,0.04588,0.03271,0.02777,0.20388,0.03682,0.03716,0.04002,0.02640,0.03986,0.03683,0.02822,0.03004,0.02236,0.02618,0.03074,0.02169,0.04024
0.20468,0.03278,0.04207,0.04522,0.03442,0.02889,0.21171,0.03462,0.04214,0.04087,0.02289,0.03672,0.03246,0.02979,0.03040,0.02166,0.02590,0.02738,0.01980,0.03561
0.17109,0.04179,0.04723,0.05208,0.03933,0.03393,0.17324,0.04064,0.04681,0.04954,0.02454,0.03887,0.03527,0.03414,0.03432,0.02197,0.02855,0.02849,0.02299,0.03519
0.19079,0.04009,0.04497,0.05072,0.03814,0.03102,0.20338,0.03731,0.04242,0.04435,0.02308,0.03378,0.03100,0.03284,0.03135,0.02258,0.02664,0.02434,0.01934,0.03187
0.16846,0.04391,0.05259,0.05452,0.04137,0.03772,0.17182,0.04291,0.04967,0.05175,0.02388,0.03445,0.03416,0.02858,0.02893,0.02123,0.02836,0.03060,0.02230,0.03277
0.18286,0.04187,0.05031,0.05217,0.03745,0.03287,0.18817,0.04102,0.04423,0.04740,0.02257,0.03703,0.03119,0.03100,0.03144,0.02158,0.02546,0.02653,0.02244,0.03240
0.22308,0.03775,0.04902,0.05161,0.03643,0.03076,0.22190,0.03507,0.04453,0.04905,0.01637,0.02681,0.02707,0.02609,0.02469,0.01612,0.01981,0.02009,0.01887,0.02487
0.20614,0.03539,0.04766,0.05301,0.03796,0.03092,0.21023,0.03914,0.04523,0.04585,0.01879,0.03139,0.03126,0.02789,0.02790,0.01748,0.02371,0.02368,0.01681,0.02956
0.23981,0.02955,0.04042,0.04520,0.03095,0.02570,0.23903,0.03416,0.03944,0.04180,0.01770,0.02919,0.02973,0.02389,0.02534,0.01756,0.02303,0.02340,0.01647,0.02764
0.16079,0.04384,0.05213,0.05361,0.04080,0.03601,0.16444,0.04276,0.04756,0.05229,0.02614,0.03407,0.03723,0.03187,0.03626,0.02374,0.02879,0.02809,0.02241,0.03715
0.20486,0.03541,0.04643,0.05048,0.03619,0.03178,0.20813,0.03760,0.04345,0.04482,0.02120,0.03286,0.02905,0.02915,0.03148,0.01759,0.02478,0.02446,0.02157,0.02872
0.20431,0.03514,0.04104,0.04938,0.03377,0.02954,0.21369,0.03272,0.03956,0.04356,0.02155,0.03652,0.03554,0.02732,0.02813,0.01893,0.02608,0.02705,0.01992,0.03626
0.17799,0.04027,0.04517,0.05353,0.03895,0.03236,0.18504,0.03966,0.04360,0.04605,0.02443,0.03721,0.03368,0.03071,0.03405,0.02257,0.02702,0.02860,0.02216,0.03695
0.17261,0.04080,0.05021,0.04871,0.03917,0.03557,0.17665,0.04388,0.04712,0.04653,0.02624,0.03929,0.03619,0.03070,0.03230,0.02452,0.03019,0.02520,0.02164,0.03248
0.17893,0.04242,0.04685,0.05215,0.03940,0.03457,0.18330,0.04064,0.04392,0.04610,0.02607,0.03900,0.03189,0.03055,0.03087,0.02211,0.02877,0.02523,0.02119,0.03603
0.20994,0.03249,0.04290,0.04567,0.03422,0.02861,0.21602,0.03601,0.04129,0.04207,0.02346,0.03217,0.03299,0.03032,0.03001,0.01891,0.02406,0.02644,0.01994,0.03247
0.14740,0.04343,0.04896,0.05078,0.04034,0.03658,0.15136,0.04361,0.04961,0.04662,0.02979,0.04086,0.04105,0.03480,0.03563,0.02552,0.03036,0.03276,0.02790,0.04264
0.13744,0.04679,0.05414,0.05508,0.04306,0.03765,0.14594,0.04652,0.05007,0.05008,0.02648,0.03863,0.04127,0.03730,0.03855,0.02460,0.02889,0.03013,0.03073,0.03664
0.18020,0.04236,0.04989,0.05190,0.04186,0.03480,0.18403,0.04349,0.04653,0.05059,0.02250,0.03440,0.02970,0.03172,0.03190,0.01947,0.02695,0.02406,0.02247,0.03118
0.18535,0.03779,0.04496,0.05188,0.03788,0.03280,0.19433,0.04163,0.04311,0.04716,0.02454,0.03438,0.03085,0.03143,0.03135,0.02218,0.02722,0.02568,0.02262,0.03287
0.15065,0.04373,0.05563,0.05981,0.04103,0.04163,0.15557,0.04477,0.04978,0.05395,0.02553,0.03668,0.03449,0.03328,0.03214,0.02276,0.02704,0.02942,0.02479,0.03730
0.17307,0.03959,0.04842,0.05149,0.03973,0.03393,0.17828,0.03878,0.04441,0.05138,0.02241,0.03739,0.03828,0.03033,0.03386,0.02340,0.02819,0.02925,0.02224,0.03557
0.14922,0.04424,0.05698,0.05224,0.04421,0.03959,0.15428,0.04606,0.05136,0.05514,0.02609,0.03819,0.04013,0.03229,0.02998,0.02387,0.02818,0.02667,0.02380,0.03747
0.19234,0.04323,0.05183,0.05314,0.03881,0.03352,0.19510,0.04092,0.04880,0.05098,0.02364,0.02879,0.02978,0.02867,0.02686,0.01844,0.02306,0.02174,0.02246,0.02790
0.17654,0.04132,0.05241,0.05448,0.04384,0.03689,0.18047,0.04089,0.05356,0.05070,0.02310,0.03219,0.03077,0.02677,0.02923,0.02191,0.02482,0.02723,0.01962,0.03327
0.21681,0.03935,0.04844,0.04975,0.03973,0.03095,0.21521,0.03689,0.04343,0.04742,0.02122,0.02954,0.02647,0.02570,0.02310,0.01925,0.02101,0.02264,0.01602,0.02706
0.17272,0.03674,0.04607,0.04889,0.03418,0.03535,0.17316,0.03541,0.03866,0.04285,0.02439,0.04276,0.03919,0.03501,0.03646,0.02316,0.03269,0.03513,0.02569,0.04148
0.16420,0.04232,0.05042,0.05232,0.03992,0.03931,0.17179,0.04424,0.04593,0.04901,0.02291,0.03943,0.03539,0.03048,0.03419,0.02218,0.02660,0.03104,0.02093,0.03738
0.18956,0.03909,0.04932,0.05331,0.03983,0.03495,0.19211,0.04096,0.04716,0.04734,0.02277,0.03361,0.03216,0.02688,0.03051,0.02150,0.02591,0.02551,0.01903,0.02848
0.19174,0.03997,0.04838,0.04865,0.03920,0.03356,0.19099,0.04009,0.04364,0.05017,0.02591,0.03231,0.03195,0.02724,0.02730,0.02154,0.02609,0.02576,0.02173,0.03381
0.16916,0.04585,0.05029,0.05343,0.04204,0.03863,0.17367,0.04235,0.04656,0.04731,0.02316,0.03749,0.03724,0.02992,0.03258,0.02308,0.02420,0.03069,0.02026,0.03209
0.20133,0.03462,0.04166,0.04597,0.03461,0.03105,0.20932,0.03620,0.03924,0.03949,0.02237,0.03328,0.03356,0.03203,0.03318,0.01916,0.02748,0.02923,0.02170,0.03454
0.11568,0.05409,0.06146,0.05716,0.04680,0.04021,0.12834,0.04580,0.06132,0.05878,0.02618,0.04462,0.03723,0.03306,0.03502,0.02547,0.03225,0.03305,0.02458,0.03890
0.24266,0.03444,0.04901,0.04866,0.03508,0.02798,0.23877,0.03042,0.03964,0.04383,0.01539,0.02536,0.02559,0.02379,0.02325,0.01675,0.01945,0.02083,0.01576,0.02333
0.15191,0.05075,0.05830,0.05835,0.04542,0.04016,0.15272,0.04956,0.05440,0.05492,0.02747,0.03469,0.03138,0.02959,0.02939,0.02251,0.02649,0.02612,0.02181,0.03406
0.25272,0.03086,0.03778,0.05120,0.03016,0.02306,0.26119,0.03163,0.03536,0.03683,0.01614,0.02771,0.02562,0.02306,0.02226,0.01607,0.01834,0.02097,0.01474,0.02430
0.19541,0.03708,0.04966,0.05340,0.03700,0.03035,0.19921,0.03961,0.04716,0.04803,0.02105,0.03234,0.02979,0.03011,0.02978,0.02094,0.02534,0.02481,0.02035,0.02857
0.19352,0.03903,0.05290,0.04937,0.04252,0.03504,0.19729,0.04038,0.04592,0.05231,0.02191,0.02930,0.02951,0.02872,0.02685,0.02133,0.02378,0.02445,0.01915,0.02671
0.24717,0.03081,0.04456,0.04654,0.03120,0.02636,0.24610,0.03596,0.03969,0.04016,0.01671,0.02702,0.02607,0.02272,0.02236,0.01777,0.01870,0.02071,0.01537,0.02405
0.25817,0.03338,0.03927,0.04305,0.03424,0.02659,0.25982,0.03301,0.03581,0.03978,0.01734,0.02445,0.02417,0.02038,0.01977,0.01523,0.01815,0.01838,0.01567,0.02332
0.18303,0.03985,0.04856,0.05273,0.04406,0.03683,0.19108,0.04011,0.04348,0.04781,0.02325,0.03214,0.03153,0.02911,0.02681,0.02187,0.02381,0.02771,0.02024,0.03599
0.17489,0.03379,0.04465,0.04674,0.03792,0.03150,0.17316,0.04164,0.03527,0.04562,0.02641,0.04243,0.03945,0.03149,0.03746,0.02694,0.03484,0.03281,0.02238,0.04060
0.18384,0.04015,0.04833,0.04959,0.03879,0.03669,0.19013,0.04082,0.04195,0.04755,0.02390,0.03526,0.03205,0.03112,0.02948,0.02083,0.02800,0.02790,0.02058,0.03306
0.12943,0.04810,0.05311,0.05748,0.04504,0.03455,0.13687,0.04406,0.05663,0.05202,0.02644,0.04563,0.04338,0.03401,0.03690,0.02299,0.03063,0.03354,0.02302,0.04617
0.23802,0.03113,0.03956,0.04449,0.03086,0.02700,0.24395,0.03238,0.03512,0.03774,0.01902,0.03012,0.02760,0.02706,0.02664,0.01883,0.02286,0.02105,0.01812,0.02845
0.17807,0.03608,0.04493,0.05253,0.03531,0.02979,0.18197,0.03597,0.04286,0.04905,0.02482,0.04327,0.03899,0.03145,0.03311,0.02188,0.02879,0.02778,0.02035,0.04299
0.17454,0.04131,0.04850,0.05206,0.04089,0.03422,0.18099,0.04059,0.04765,0.05061,0.02340,0.03407,0.03450,0.03176,0.02897,0.02304,0.02725,0.02759,0.02212,0.03593
0.18762,0.04123,0.05156,0.05544,0.03988,0.03379,0.19318,0.04301,0.04814,0.04517,0.02078,0.03292,0.03127,0.02723,0.02882,0.01916,0.02420,0.02566,0.02111,0.02982
0.21564,0.03010,0.03615,0.04670,0.03106,0.02264,0.22124,0.03245,0.03173,0.03624,0.02276,0.04009,0.03876,0.02766,0.02974,0.02184,0.02704,0.03029,0.01823,0.03965
0.20818,0.03508,0.04416,0.05229,0.03754,0.02983,0.21460,0.03602,0.04404,0.04434,0.02100,0.03124,0.02911,0.02866,0.02916,0.01950,0.02319,0.02174,0.02171,0.02859
0.21681,0.03605,0.04989,0.04953,0.03686,0.02896,0.22238,0.03787,0.04379,0.04262,0.01908,0.02943,0.02859,0.02484,0.02617,0.01980,0.02187,0.02082,0.01921,0.02545
0.25803,0.03161,0.04406,0.04516,0.03062,0.02463,0.25451,0.02925,0.03798,0.04315,0.01663,0.02448,0.02535,0.02261,0.02141,0.01517,0.01905,0.01836,0.01490,0.02303
0.21877,0.03311,0.03774,0.04531,0.03093,0.03035,0.22824,0.03546,0.03994,0.03722,0.01982,0.03356,0.03318,0.02766,0.02585,0.01994,0.02475,0.02498,0.01840,0.03481
0.19056,0.03953,0.04736,0.05051,0.04032,0.03281,0.19456,0.03938,0.04457,0.04804,0.02163,0.03500,0.03141,0.02854,0.03046,0.02036,0.02474,0.02725,0.01942,0.03354
0.19720,0.03732,0.04862,0.05015,0.03972,0.03302,0.19892,0.04155,0.04249,0.04571,0.02268,0.03115,0.03065,0.02927,0.02627,0.01989,0.02673,0.02624,0.02089,0.03153
0.20256,0.03781,0.04326,0.05020,0.03812,0.03007,0.20912,0.03624,0.04418,0.04465,0.02145,0.03309,0.02979,0.02806,0.02832,0.02064,0.02524,0.02602,0.02085,0.03032
0.23718,0.03157,0.03744,0.04390,0.03137,0.02906,0.24384,0.03286,0.03447,0.03835,0.01977,0.03006,0.02693,0.02628,0.02679,0.01906,0.02243,0.02332,0.01892,0.02640
0.26125,0.02944,0.04129,0.04176,0.02921,0.02734,0.26299,0.03223,0.03322,0.03921,0.01635,0.02504,0.02535,0.02267,0.02248,0.01522,0.01745,0.01886,0.01570,0.02296
0.17976,0.04170,0.05818,0.05396,0.03867,0.03601,0.17861,0.03975,0.04692,0.05147,0.02256,0.03449,0.03274,0.02757,0.03086,0.02220,0.02647,0.02514,0.02138,0.03154
0.18621,0.03083,0.03412,0.04516,0.02784,0.02502,0.19909,0.03514,0.03315,0.03537,0.02587,0.04681,0.04450,0.03530,0.03470,0.02256,0.03379,0.03454,0.02119,0.04881
0.21503,0.03642,0.04386,0.04527,0.03444,0.03177,0.22555,0.03533,0.03834,0.04125,0.02149,0.03014,0.02934,0.02823,0.02676,0.02079,0.02537,0.02271,0.01989,0.02803
0.18097,0.03538,0.04059,0.04460,0.03487,0.03119,0.19074,0.03868,0.04064,0.04176,0.02529,0.04160,0.04066,0.03227,0.03392,0.02321,0.03227,0.02873,0.02199,0.04066
0.20469,0.03747,0.04828,0.05613,0.03640,0.03204,0.20329,0.04257,0.04754,0.04918,0.01861,0.02898,0.02858,0.02787,0.02740,0.01750,0.02138,0.02478,0.01721,0.03008
0.19462,0.04171,0.04878,0.04746,0.03930,0.03465,0.19461,0.03860,0.04327,0.04506,0.02186,0.03288,0.03058,0.03093,0.03128,0.02093,0.02345,0.02649,0.02332,0.03023
0.21093,0.03852,0.05133,0.05192,0.03901,0.03164,0.21050,0.03946,0.04925,0.04784,0.01801,0.02928,0.02873,0.02594,0.02449,0.01757,0.02057,0.02218,0.01773,0.02510
0.23917,0.03077,0.04129,0.04399,0.03418,0.02719,0.24450,0.03452,0.04082,0.04277,0.01784,0.02778,0.02511,0.02460,0.02391,0.01632,0.02345,0.02000,0.01561,0.02618
0.17019,0.04029,0.04582,0.05640,0.03705,0.03650,0.17987,0.04289,0.04528,0.04677,0.02481,0.03967,0.03503,0.03383,0.03183,0.02259,0.02633,0.02754,0.02348,0.03381
0.16325,0.04180,0.04970,0.05043,0.04189,0.03424,0.16799,0.04025,0.04511,0.05096,0.02950,0.03632,0.03802,0.03404,0.03467,0.02522,0.03009,0.02733,0.02542,0.03378
0.21773,0.03893,0.04399,0.04976,0.03417,0.02785,0.21506,0.03819,0.04295,0.04225,0.02043,0.03086,0.02922,0.02864,0.02645,0.01861,0.02182,0.02374,0.01948,0.02987
0.23637,0.03170,0.03521,0.04424,0.03384,0.02663,0.25103,0.03287,0.03219,0.03768,0.01880,0.02653,0.02862,0.02441,0.02753,0.02130,0.02190,0.02287,0.01921,0.02708
0.13110,0.04196,0.05142,0.05288,0.04001,0.03666,0.13470,0.03939,0.04345,0.04917,0.02899,0.05273,0.04847,0.03438,0.03471,0.02712,0.03586,0.04026,0.02530,0.05146
0.20623,0.03535,0.04810,0.04985,0.03719,0.03100,0.21013,0.03711,0.04289,0.04764,0.02101,0.02919,0.02914,0.03092,0.03059,0.01982,0.02286,0.02445,0.01858,0.02792
0.16456,0.04044,0.05048,0.05317,0.04162,0.03783,0.17462,0.04294,0.04665,0.04710,0.02332,0.04053,0.03402,0.03445,0.03297,0.02104,0.03129,0.02907,0.02058,0.03331
0.14361,0.04831,0.06049,0.07172,0.04900,0.04138,0.14964,0.04780,0.05453,0.06167,0.02205,0.03374,0.03371,0.02893,0.02774,0.01883,0.02353,0.02958,0.02094,0.03279
0.20934,0.03683,0.04672,0.04890,0.03946,0.03211,0.21322,0.03808,0.04387,0.04591,0.02105,0.03021,0.02693,0.02684,0.02881,0.01669,0.02360,0.02309,0.01973,0.02863
0.19638,0.03838,0.04409,0.04799,0.03776,0.03196,0.20447,0.03908,0.04234,0.04419,0.02546,0.03355,0.03098,0.02781,0.03006,0.02136,0.02542,0.02656,0.01960,0.03254
0.15684,0.04172,0.05426,0.05758,0.04273,0.03624,0.16290,0.04234,0.04907,0.05198,0.02571,0.03927,0.03508,0.03257,0.02995,0.02424,0.02861,0.03174,0.02202,0.03514
0.21041,0.03813,0.04714,0.04772,0.03751,0.03218,0.21667,0.03794,0.04099,0.04215,0.02056,0.03162,0.02930,0.02588,0.02618,0.02067,0.02462,0.02354,0.01841,0.02838
0.22538,0.03230,0.04534,0.04841,0.03581,0.03109,0.23012,0.03650,0.03861,0.03900,0.02013,0.02743,0.02785,0.02629,0.02530,0.01914,0.02249,0.02262,0.01980,0.02638
0.17340,0.04016,0.04807,0.05245,0.04025,0.03336,0.18488,0.03857,0.04524,0.04655,0.02560,0.03547,0.03613,0.03085,0.03221,0.02451,0.02616,0.02844,0.02265,0.03506
0.18274,0.03520,0.04658,0.04713,0.03706,0.03466,0.18564,0.03783,0.03963,0.04447,0.02612,0.03614,0.03516,0.03546,0.03204,0.02543,0.02813,0.03061,0.02728,0.03270
0.15848,0.04063,0.05558,0.05316,0.04189,0.04057,0.16579,0.03981,0.05034,0.05416,0.02377,0.03769,0.03786,0.03008,0.03067,0.02431,0.02859,0.02906,0.02196,0.03562
0.18829,0.03491,0.03965,0.04734,0.03080,0.02991,0.19973,0.03484,0.03720,0.04040,0.02417,0.03961,0.03901,0.03249,0.03176,0.02203,0.03014,0.03453,0.02130,0.04189
0.15978,0.04628,0.06490,0.07366,0.04819,0.04667,0.16564,0.05274,0.05608,0.06764,0.01986,0.02561,0.02609,0.02447,0.02141,0.01645,0.01871,0.02210,0.01597,0.02776
0.10752,0.04587,0.05825,0.05437,0.04531,0.03945,0.11014,0.04463,0.05029,0.05080,0.03149,0.04773,0.04324,0.04669,0.04375,0.03017,0.03808,0.03612,0.03127,0.04483
0.19492,0.03806,0.04840,0.04707,0.03706,0.02811,0.19791,0.03627,0.04158,0.04596,0.02258,0.03634,0.03301,0.03407,0.03067,0.02041,0.02468,0.02898,0.02293,0.03101
0.17691,0.04285,0.05065,0.05647,0.03956,0.03469,0.17708,0.03826,0.05181,0.05179,0.02551,0.03439,0.03389,0.03034,0.02650,0.02089,0.02557,0.02854,0.01923,0.03507
0.17286,0.03519,0.04731,0.05031,0.03696,0.03230,0.18096,0.03588,0.03709,0.04194,0.02570,0.04173,0.03797,0.03551,0.03712,0.02592,0.03070,0.02974,0.02524,0.03956
0.20258,0.03373,0.04380,0.04784,0.03245,0.03028,0.21130,0.03608,0.04134,0.04240,0.02017,0.03769,0.03306,0.03143,0.03018,0.01884,0.02599,0.02479,0.02134,0.03470
0.22310,0.03889,0.05007,0.05056,0.03810,0.03062,0.21681,0.03744,0.04468,0.05266,0.01774,0.02590,0.02742,0.02380,0.02314,0.01742,0.01935,0.02178,0.01657,0.02393
0.25234,0.03243,0.03845,0.04433,0.03131,0.02669,0.25146,0.03252,0.03776,0.04196,0.01763,0.02805,0.02572,0.02195,0.02444,0.01719,0.01772,0.01990,0.01627,0.02188
0.25990,0.03037,0.03742,0.04253,0.03081,0.02572,0.26083,0.03098,0.03458,0.03548,0.01669,0.02775,0.02404,0.02311,0.02150,0.01658,0.02094,0.02002,0.01486,0.02589
0.19250,0.03835,0.04685,0.05119,0.03666,0.03214,0.19085,0.03735,0.04508,0.04823,0.02395,0.03503,0.03312,0.02866,0.02962,0.02002,0.02656,0.02774,0.02241,0.03371
0.21541,0.03377,0.04160,0.04534,0.03599,0.03189,0.22130,0.03563,0.03726,0.04183,0.02311,0.03006,0.02991,0.02866,0.02922,0.02050,0.02529,0.02480,0.02023,0.02820
0.23143,0.03350,0.03912,0.04642,0.03397,0.02856,0.23709,0.03444,0.03696,0.03918,0.01894,0.02906,0.02751,0.02691,0.02818,0.01863,0.02134,0.02392,0.01965,0.02517
0.21324,0.03386,0.04349,0.04537,0.03328,0.03188,0.21545,0.03523,0.03642,0.03921,0.02195,0.03308,0.03121,0.02995,0.03181,0.02199,0.02220,0.02567,0.02265,0.03209
0.22406,0.03986,0.04500,0.04615,0.03460,0.02953,0.23538,0.03483,0.04024,0.04197,0.01835,0.02909,0.02556,0.02425,0.02659,0.01630,0.02243,0.02135,0.01797,0.02649
0.20341,0.03861,0.04840,0.05262,0.03875,0.03240,0.20744,0.04279,0.04560,0.04774,0.02176,0.02861,0.02748,0.02670,0.02730,0.01833,0.02316,0.02363,0.01678,0.02849
0.20356,0.03752,0.04375,0.05047,0.03363,0.02990,0.20380,0.03844,0.04485,0.04894,0.02547,0.03241,0.02933,0.03020,0.03061,0.01885,0.02489,0.02433,0.01898,0.03006
0.17223,0.03681,0.04482,0.04777,0.03473,0.03176,0.17427,0.03417,0.03890,0.04358,0.02683,0.04092,0.03897,0.03720,0.03878,0.02542,0.03538,0.02963,0.02524,0.04259
0.15916,0.04470,0.05296,0.05417,0.04181,0.03832,0.16113,0.04572,0.04841,0.05142,0.02522,0.03565,0.03520,0.03255,0.02919,0.02700,0.02932,0.02937,0.02456,0.03414
0.15969,0.04289,0.05212,0.05344,0.04205,0.03852,0.16042,0.04527,0.04788,0.04923,0.02510,0.03684,0.03740,0.03119,0.03545,0.02413,0.02580,0.03083,0.02281,0.03894
0.20270,0.03225,0.04352,0.04437,0.03545,0.02834,0.20391,0.03505,0.03408,0.03963,0.02286,0.03872,0.03770,0.03025,0.03468,0.02183,0.02604,0.03111,0.02038,0.03711
0.16826,0.04103,0.05050,0.05095,0.03986,0.03398,0.17471,0.03768,0.04311,0.04642,0.02440,0.04142,0.03802,0.03542,0.03269,0.02313,0.02949,0.02923,0.02454,0.03516
0.18938,0.03971,0.04817,0.04991,0.03775,0.03492,0.18767,0.04180,0.04355,0.04770,0.02426,0.03350,0.03300,0.03222,0.02855,0.02164,0.02671,0.02476,0.02204,0.03275
0.22169,0.03856,0.04844,0.05153,0.03453,0.02872,0.22932,0.04292,0.04710,0.04488,0.01909,0.02629,0.02503,0.02608,0.02259,0.01564,0.01878,0.01968,0.01666,0.02247
0.24685,0.03624,0.03742,0.05036,0.02875,0.02675,0.24467,0.03491,0.03670,0.04371,0.01697,0.03053,0.02730,0.02066,0.02099,0.01630,0.01826,0.02150,0.01449,0.02664
0.14696,0.04138,0.04869,0.05329,0.04054,0.03849,0.15261,0.04124,0.04681,0.04682,0.02527,0.04292,0.04036,0.03838,0.03877,0.02632,0.03320,0.03336,0.02824,0.03636
0.19989,0.04100,0.05403,0.05861,0.04534,0.03587,0.19744,0.04333,0.04692,0.05572,0.02055,0.02607,0.02646,0.02334,0.02523,0.01770,0.02209,0.02103,0.01542,0.02396
0.18894,0.03812,0.05199,0.05054,0.03837,0.03520,0.19122,0.03881,0.04598,0.04583,0.02503,0.03298,0.03152,0.03118,0.02784,0.02112,0.02287,0.02758,0.02144,0.03344
0.14582,0.04544,0.05640,0.05312,0.04640,0.04163,0.14687,0.04572,0.05569,0.05177,0.02460,0.03838,0.03568,0.03261,0.03591,0.02492,0.03014,0.02884,0.02452,0.03553
0.16427,0.04553,0.05421,0.04932,0.04440,0.03542,0.16764,0.04428,0.04685,0.04882,0.02288,0.03507,0.03535,0.03682,0.03469,0.02414,0.02541,0.02544,0.02413,0.03532
0.20734,0.03754,0.04788,0.04900,0.03753,0.03249,0.20361,0.03444,0.04458,0.04895,0.02109,0.03478,0.03140,0.02827,0.02660,0.01944,0.02206,0.02416,0.02043,0.02838
0.25321,0.02538,0.03486,0.03807,0.02889,0.02616,0.25795,0.02962,0.03076,0.03655,0.01881,0.03085,0.02764,0.02406,0.02738,0.01751,0.02329,0.02327,0.01878,0.02695
0.22893,0.03506,0.04447,0.04750,0.03534,0.03153,0.23288,0.03738,0.04024,0.04340,0.01859,0.02760,0.02648,0.02304,0.02387,0.01786,0.02034,0.02241,0.01671,0.02637
0.19579,0.03577,0.04559,0.04410,0.03662,0.03331,0.20368,0.03781,0.03476,0.04154,0.02426,0.03912,0.03539,0.02707,0.03012,0.02344,0.02804,0.02799,0.02071,0.03491
0.20914,0.03453,0.04385,0.04668,0.03448,0.02997,0.21731,0.03561,0.03982,0.04126,0.02120,0.03479,0.03149,0.03104,0.02979,0.01970,0.02415,0.02442,0.02195,0.02881
0.15065,0.04007,0.04760,0.05278,0.03395,0.03373,0.15758,0.03889,0.04458,0.04835,0.02699,0.04716,0.04205,0.03715,0.03729,0.02385,0.03236,0.03797,0.02307,0.04392
0.23488,0.03245,0.04190,0.04500,0.03529,0.02826,0.23698,0.03320,0.04065,0.04166,0.01907,0.02900,0.02784,0.02637,0.02551,0.01753,0.02030,0.02059,0.01823,0.02528
0.22806,0.02506,0.03292,0.03646,0.02565,0.02107,0.23435,0.03061,0.02885,0.03321,0.02521,0.04079,0.03832,0.02620,0.03155,0.01955,0.03413,0.02816,0.01938,0.04049
0.16737,0.04303,0.05312,0.05655,0.04332,0.03736,0.17634,0.04313,0.04715,0.05451,0.02156,0.03197,0.03229,0.03316,0.02869,0.02246,0.02743,0.02861,0.02067,0.03126
0.26178,0.03303,0.04082,0.04260,0.03229,0.02674,0.25953,0.03253,0.03605,0.03858,0.01709,0.02515,0.02242,0.02089,0.01886,0.01614,0.01871,0.02079,0.01522,0.02079
0.21792,0.04107,0.04882,0.05080,0.03838,0.03336,0.21619,0.03825,0.04425,0.04518,0.01995,0.02691,0.02834,0.02327,0.02464,0.01550,0.02119,0.02274,0.01706,0.02618
0.17227,0.04150,0.05236,0.05130,0.04100,0.03413,0.17703,0.04113,0.04675,0.05008,0.02565,0.03536,0.03410,0.02940,0.03109,0.02252,0.02543,0.02969,0.02589,0.03334
0.24356,0.02772,0.03972,0.04367,0.02955,0.02318,0.24461,0.03215,0.03387,0.03503,0.01885,0.03198,0.03123,0.02391,0.02370,0.01751,0.02521,0.02403,0.01838,0.03213
0.14995,0.04242,0.05296,0.05455,0.04477,0.03831,0.15053,0.04727,0.04797,0.04750,0.02705,0.04015,0.03721,0.03716,0.03765,0.02524,0.02851,0.02964,0.02562,0.03555
0.16782,0.04248,0.05219,0.05432,0.03934,0.03467,0.17704,0.04055,0.05137,0.04835,0.02377,0.03687,0.03465,0.03141,0.03294,0.02104,0.02807,0.02694,0.02206,0.03413
0.17762,0.04522,0.04945,0.05203,0.03989,0.03624,0.18339,0.04397,0.04369,0.04934,0.02445,0.03442,0.03440,0.02668,0.02982,0.02167,0.02408,0.02900,0.01970,0.03494
0.19959,0.04113,0.04959,0.05907,0.03660,0.03128,0.20571,0.04014,0.04746,0.05004,0.01961,0.03086,0.02808,0.02811,0.02781,0.01732,0.02006,0.02253,0.01716,0.02785
0.15128,0.04124,0.04751,0.04878,0.03936,0.03281,0.15568,0.04158,0.04390,0.04603,0.02716,0.04861,0.04119,0.03357,0.03658,0.02594,0.03325,0.03468,0.02437,0.04650
0.20649,0.03599,0.04384,0.04883,0.03424,0.02856,0.21125,0.03652,0.04144,0.04497,0.02356,0.03636,0.03195,0.02748,0.02883,0.02203,0.02282,0.02486,0.02009,0.02989
0.16394,0.04289,0.05285,0.05691,0.03951,0.03812,0.17571,0.04279,0.04608,0.05288,0.02155,0.03660,0.03308,0.02795,0.02882,0.02110,0.03051,0.03314,0.02090,0.03467
0.16487,0.04201,0.04997,0.05503,0.04052,0.03453,0.17037,0.04060,0.04638,0.05112,0.02560,0.03884,0.03397,0.03410,0.03286,0.02248,0.02985,0.02789,0.02336,0.03566
0.17980,0.04123,0.05019,0.05102,0.04258,0.03377,0.18773,0.03914,0.04609,0.04574,0.02359,0.03561,0.03464,0.03027,0.03026,0.02277,0.02294,0.02813,0.02253,0.03197
0.18405,0.03713,0.05051,0.05121,0.03843,0.03097,0.18750,0.03876,0.04141,0.04595,0.02426,0.03616,0.03410,0.03577,0.03230,0.02255,0.02516,0.02541,0.02213,0.03624
0.20570,0.03041,0.03677,0.03940,0.02914,0.02445,0.21708,0.02962,0.03152,0.03483,0.02398,0.04341,0.04020,0.03285,0.03517,0.02126,0.02919,0.03065,0.02187,0.04252
0.15534,0.03621,0.04684,0.05500,0.03976,0.03594,0.16298,0.03964,0.04233,0.04980,0.02845,0.04413,0.04291,0.03390,0.03269,0.02271,0.03146,0.03405,0.02199,0.04386
0.21164,0.03342,0.04070,0.04605,0.03342,0.02731,0.21869,0.03592,0.03688,0.04049,0.02211,0.03503,0.03356,0.02775,0.02850,0.02009,0.02759,0.02753,0.01888,0.03445
0.18324,0.03853,0.04889,0.04830,0.04102,0.03465,0.18552,0.04139,0.04455,0.04462,0.02423,0.03756,0.03091,0.03288,0.02986,0.02333,0.02551,0.02755,0.02160,0.03585
0.21109,0.03472,0.03919,0.04577,0.03604,0.03100,0.21535,0.03535,0.03933,0.04306,0.02100,0.03426,0.03188,0.03220,0.02770,0.01993,0.02509,0.02547,0.02185,0.02972
0.16720,0.04296,0.04990,0.05659,0.04237,0.03621,0.17845,0.04285,0.04927,0.05111,0.02426,0.03742,0.03242,0.03059,0.03106,0.02107,0.02701,0.02600,0.02052,0.03273
0.18931,0.03868,0.04661,0.05046,0.03533,0.03243,0.20006,0.03795,0.04481,0.04253,0.02222,0.03471,0.03168,0.03142,0.03184,0.02173,0.02605,0.02595,0.02218,0.03405
0.21429,0.03474,0.04602,0.04654,0.03551,0.02889,0.22306,0.03556,0.04107,0.04442,0.02081,0.03033,0.03154,0.02603,0.02647,0.01941,0.02224,0.02462,0.01701,0.03146
0.20320,0.03575,0.04428,0.04681,0.03624,0.02944,0.20863,0.03405,0.04026,0.04114,0.02235,0.03544,0.03378,0.03095,0.03068,0.01994,0.02433,0.02417,0.02322,0.03534
0.19623,0.03257,0.03851,0.04647,0.03504,0.03019,0.20696,0.03690,0.03451,0.04102,0.02330,0.04076,0.03695,0.03138,0.03266,0.02148,0.02920,0.03014,0.02219,0.03354
0.26566,0.03128,0.03892,0.04176,0.03032,0.02298,0.26396,0.02713,0.03480,0.03867,0.01662,0.02697,0.02572,0.02233,0.02034,0.01486,0.01869,0.01998,0.01431,0.02470
0.15218,0.04114,0.05017,0.05748,0.04030,0.03581,0.16582,0.04488,0.04541,0.04597,0.02481,0.04223,0.04123,0.03277,0.03281,0.02265,0.02761,0.03396,0.02307,0.03970
0.12453,0.04180,0.05414,0.04781,0.04094,0.03662,0.12813,0.04306,0.04289,0.04840,0.03003,0.05099,0.05075,0.04054,0.03983,0.02774,0.03567,0.04009,0.02547,0.05057
0.18104,0.03851,0.04658,0.05363,0.03567,0.03315,0.18102,0.04009,0.04551,0.04693,0.02462,0.03905,0.03495,0.03233,0.03190,0.02289,0.02727,0.02928,0.02001,0.03556
0.19712,0.03462,0.04391,0.05260,0.03498,0.02873,0.20620,0.03722,0.04147,0.04169,0.02221,0.03659,0.03402,0.02958,0.03082,0.02160,0.02612,0.02582,0.02055,0.03415
0.17396,0.04196,0.05264,0.05214,0.04332,0.03868,0.17884,0.04564,0.04663,0.04961,0.02285,0.03414,0.03281,0.03050,0.02809,0.02398,0.02623,0.02712,0.02122,0.02964
0.23441,0.03676,0.04389,0.04888,0.03403,0.03040,0.23655,0.03620,0.04053,0.04394,0.01897,0.02697,0.02680,0.02284,0.02320,0.01572,0.02020,0.02025,0.01803,0.02144
0.20498,0.03740,0.04768,0.05354,0.03588,0.03021,0.20340,0.04003,0.04479,0.04740,0.01991,0.03314,0.03006,0.03070,0.02603,0.02033,0.02265,0.02500,0.01980,0.02708
0.20550,0.03520,0.04223,0.05402,0.03526,0.02926,0.21920,0.03815,0.04089,0.04153,0.02312,0.03158,0.02943,0.02822,0.02705,0.02074,0.02486,0.02261,0.01850,0.03264
0.17222,0.04422,0.05357,0.05315,0.04123,0.04023,0.17554,0.03733,0.05093,0.05371,0.02138,0.03287,0.03420,0.03791,0.02987,0.02086,0.02494,0.02458,0.02289,0.02836
0.18295,0.04231,0.05034,0.05470,0.04370,0.03869,0.19089,0.04162,0.04417,0.04778,0.02213,0.03187,0.03096,0.03074,0.03070,0.01988,0.02441,0.02571,0.01866,0.02779
0.16148,0.04080,0.04729,0.05223,0.04172,0.03442,0.17129,0.03948,0.04616,0.05304,0.02430,0.03989,0.03528,0.03295,0.03299,0.02424,0.02990,0.02946,0.02400,0.03906
0.24680,0.03241,0.03496,0.04265,0.03066,0.02601,0.24874,0.03171,0.03558,0.03420,0.01744,0.02951,0.02948,0.02837,0.02833,0.01581,0.02096,0.02063,0.01776,0.02799
0.17190,0.04053,0.05439,0.05295,0.04224,0.03427,0.17809,0.04087,0.04600,0.04661,0.02447,0.03529,0.03399,0.03064,0.02932,0.02419,0.02749,0.02945,0.02235,0.03497
0.19575,0.04161,0.04588,0.05282,0.04256,0.03491,0.19623,0.03886,0.04596,0.04986,0.02091,0.03137,0.03171,0.02782,0.02919,0.02085,0.02338,0.02413,0.01910,0.02709
0.19994,0.03792,0.04786,0.04796,0.03967,0.03158,0.20518,0.03946,0.04206,0.04416,0.02008,0.03384,0.03261,0.02733,0.02848,0.02054,0.02592,0.02468,0.02235,0.02839
0.18713,0.04136,0.05087,0.05555,0.03918,0.03537,0.18751,0.04064,0.04780,0.04855,0.02154,0.03494,0.03240,0.02741,0.03196,0.01961,0.02262,0.02426,0.01871,0.03262
0.21764,0.03534,0.04366,0.04763,0.03444,0.03188,0.21904,0.03838,0.04047,0.04094,0.02204,0.03215,0.03024,0.02896,0.02541,0.01946,0.02152,0.02331,0.01956,0.02792
0.17187,0.03647,0.04801,0.04929,0.03702,0.03454,0.17598,0.04144,0.04253,0.04637,0.02567,0.03856,0.03883,0.03316,0.03423,0.02334,0.02732,0.03446,0.02307,0.03786
0.15002,0.03638,0.04544,0.04453,0.03728,0.03275,0.15726,0.03890,0.04173,0.04415,0.02804,0.04923,0.04517,0.03716,0.03787,0.02343,0.03439,0.03909,0.02637,0.05080
0.19361,0.03790,0.04320,0.05237,0.03662,0.03034,0.19755,0.03591,0.04394,0.04667,0.02272,0.03399,0.03459,0.02921,0.03138,0.01956,0.02818,0.02711,0.02052,0.03464
0.22063,0.03617,0.04484,0.04616,0.03296,0.02735,0.22774,0.03400,0.04042,0.04633,0.02148,0.03024,0.03032,0.02454,0.02721,0.01877,0.02161,0.02466,0.01686,0.02770
0.19356,0.03873,0.04667,0.05316,0.04021,0.03521,0.19480,0.03981,0.04381,0.04513,0.02125,0.03252,0.03202,0.02936,0.03059,0.02196,0.02563,0.02545,0.02115,0.02897
0.19035,0.03943,0.04878,0.05585,0.03773,0.03459,0.19420,0.04127,0.04568,0.04864,0.02061,0.03470,0.02976,0.02767,0.02565,0.02083,0.02513,0.02730,0.01841,0.03343
0.21367,0.03523,0.04287,0.04105,0.03639,0.02930,0.22804,0.03578,0.03566,0.03803,0.01996,0.03463,0.03219,0.02846,0.03089,0.01913,0.02428,0.02524,0.02028,0.02892
0.17436,0.03912,0.05066,0.04987,0.03939,0.03619,0.17921,0.03782,0.04349,0.04611,0.02294,0.03873,0.03758,0.03495,0.03340,0.02215,0.02711,0.02953,0.02278,0.03462
0.19688,0.03536,0.04407,0.04250,0.03438,0.03323,0.20646,0.03549,0.04419,0.04238,0.02111,0.03782,0.03726,0.02933,0.03025,0.02173,0.02742,0.02952,0.01747,0.03313
0.16557,0.03939,0.04776,0.05188,0.03999,0.03386,0.17285,0.04280,0.04829,0.04792,0.02669,0.03888,0.03672,0.03292,0.03165,0.02295,0.02879,0.03191,0.02304,0.03617
0.17769,0.03859,0.04933,0.05069,0.03976,0.03117,0.18656,0.03825,0.04635,0.04769,0.02360,0.03747,0.03599,0.03094,0.03194,0.02254,0.02701,0.02771,0.02044,0.03629
0.13166,0.05005,0.05699,0.05654,0.04919,0.04386,0.13216,0.04684,0.05563,0.06359,0.02759,0.03823,0.03655,0.03417,0.03367,0.02515,0.02727,0.03076,0.02374,0.03635
0.21298,0.03535,0.04420,0.04681,0.03421,0.02727,0.22362,0.03454,0.04238,0.04352,0.02087,0.03395,0.03216,0.02657,0.02635,0.01810,0.02513,0.02355,0.01692,0.03153
0.15421,0.04218,0.05186,0.05190,0.04060,0.03630,0.15970,0.04398,0.04601,0.05050,0.02532,0.04298,0.03734,0.03447,0.03491,0.02328,0.03024,0.03060,0.02429,0.03934
0.19194,0.03733,0.04840,0.04721,0.03762,0.03372,0.19980,0.03783,0.04332,0.04397,0.02384,0.03382,0.03432,0.03140,0.03143,0.02245,0.02439,0.02521,0.02188,0.03010
