0.13517,0.21022,0.14147,0.14702,0.15639,0.13241,0.07732
0.08211,0.09560,0.18987,0.22586,0.10336,0.15025,0.15294
0.12842,0.07700,0.18770,0.20205,0.07034,0.12744,0.20705
0.14741,0.14846,0.14318,0.23155,0.12229,0.09878,0.10833
0.05748,0.07973,0.20390,0.20145,0.05567,0.38242,0.01935
0.02021,0.16664,0.04288,0.02933,0.16658,0.54150,0.03286
0.05236,0.06270,0.31206,0.31239,0.10663,0.12386,0.02999
0.19399,0.06386,0.11485,0.31463,0.18005,0.08829,0.04433
0.08997,0.14930,0.11623,0.11144,0.11336,0.12458,0.29513
0.11786,0.13714,0.09619,0.12951,0.12327,0.21904,0.17698
0.13013,0.13569,0.19349,0.16903,0.15646,0.15642,0.05878
0.13769,0.16410,0.13986,0.22439,0.16890,0.11689,0.04816
0.18408,0.10763,0.07881,0.16413,0.14515,0.25496,0.06523
0.11388,0.07721,0.14388,0.24317,0.12331,0.20138,0.09718
0.09786,0.16231,0.18738,0.29228,0.13768,0.09643,0.02605
0.20675,0.14399,0.08483,0.23391,0.08161,0.20419,0.04472
0.04016,0.14085,0.07005,0.07860,0.14446,0.20266,0.32322
0.04891,0.04745,0.17368,0.17006,0.07989,0.17198,0.30804
0.05798,0.18368,0.11452,0.29568,0.07173,0.06658,0.20982
0.05810,0.07435,0.17905,0.21514,0.09174,0.15142,0.23020
0.06373,0.07339,0.25535,0.28036,0.11252,0.16935,0.04530
0.08575,0.08987,0.13669,0.16598,0.10153,0.17985,0.24032
0.21522,0.14093,0.19561,0.14971,0.16898,0.07514,0.05441
0.12454,0.09717,0.07733,0.12230,0.09307,0.21487,0.27072
0.07225,0.10303,0.13041,0.16582,0.09793,0.10848,0.32207
0.20839,0.06334,0.02460,0.02930,0.12989,0.07422,0.47026
0.05957,0.07620,0.23368,0.17473,0.14856,0.05057,0.25669
0.15976,0.12417,0.06162,0.12803,0.13292,0.04530,0.34818
0.04254,0.04171,0.06153,0.07273,0.04117,0.25194,0.48837
0.06298,0.06294,0.24664,0.42577,0.05462,0.06620,0.08086
0.14251,0.17191,0.07500,0.30350,0.12231,0.08585,0.09893
0.17628,0.09091,0.18803,0.19109,0.16698,0.06763,0.11908
0.10339,0.06331,0.04706,0.12181,0.09429,0.43276,0.13738
0.08069,0.03363,0.10458,0.11115,0.08121,0.29952,0.28921
0.08904,0.09005,0.11109,0.20016,0.07891,0.38392,0.04684
0.01997,0.03183,0.40862,0.44033,0.04242,0.03972,0.01710
0.05445,0.16997,0.16366,0.35405,0.07830,0.09654,0.08303
0.04222,0.04797,0.06666,0.07138,0.04980,0.59437,0.12760
0.09632,0.10297,0.17629,0.17027,0.12041,0.07096,0.26277
0.05634,0.05619,0.09755,0.10502,0.06338,0.56040,0.06111
0.05671,0.06567,0.06742,0.11285,0.05479,0.61775,0.02481
0.07039,0.16591,0.07961,0.19874,0.08639,0.33294,0.06601
0.11825,0.12626,0.12328,0.18507,0.11187,0.10593,0.22935
0.03564,0.03608,0.10381,0.15977,0.03120,0.10670,0.52680
0.03520,0.04075,0.17352,0.19304,0.04838,0.43214,0.07696
0.15033,0.15868,0.10119,0.12739,0.14136,0.10035,0.22068
0.06588,0.03718,0.27695,0.30560,0.04133,0.02786,0.24520
0.04113,0.09643,0.11756,0.20070,0.05119,0.10590,0.38709
0.03531,0.18131,0.06971,0.19924,0.07929,0.11486,0.32028
0.12274,0.13596,0.05660,0.23577,0.09343,0.04041,0.31510
0.10030,0.08121,0.05926,0.13740,0.05556,0.37448,0.19180
0.13932,0.03172,0.25300,0.26764,0.15697,0.10333,0.04802
0.18490,0.07513,0.22950,0.22777,0.15103,0.04495,0.08672
0.07215,0.03136,0.08878,0.07136,0.06000,0.52234,0.15402
0.08661,0.10000,0.11683,0.16497,0.10544,0.09986,0.32629
0.08152,0.06150,0.31592,0.34331,0.06244,0.06979,0.06551
0.06130,0.05054,0.09433,0.13569,0.05795,0.39785,0.20233
0.11557,0.07639,0.07489,0.06974,0.11183,0.45132,0.10026
0.14229,0.10309,0.11199,0.20928,0.14885,0.05806,0.22643
0.06141,0.05002,0.06433,0.06135,0.05330,0.64173,0.06786
0.04802,0.05043,0.05878,0.07918,0.05037,0.07718,0.63604
0.14685,0.14672,0.21309,0.22093,0.11492,0.08156,0.07593
0.19335,0.17513,0.09641,0.11682,0.17460,0.04857,0.19512
0.10930,0.10182,0.14459,0.31430,0.09222,0.06077,0.17700
0.10116,0.22404,0.20146,0.06514,0.17748,0.17053,0.06019
0.06957,0.11847,0.08654,0.05802,0.08133,0.15953,0.42654
0.07610,0.23333,0.10991,0.13087,0.25459,0.09454,0.10066
0.09498,0.13120,0.16015,0.20999,0.11147,0.24990,0.04232
0.04766,0.05515,0.08384,0.09855,0.05123,0.55044,0.11314
0.16017,0.15458,0.13730,0.20522,0.13981,0.16641,0.03651
0.08631,0.03576,0.25480,0.34503,0.07424,0.04775,0.15611
0.14040,0.18534,0.12451,0.27850,0.16161,0.04166,0.06798
0.11037,0.08349,0.10367,0.14848,0.08790,0.12101,0.34507
0.09467,0.12216,0.14062,0.16061,0.11636,0.10751,0.25807
0.09898,0.13450,0.14734,0.15438,0.12724,0.18370,0.15386
0.45553,0.12886,0.03102,0.04648,0.25937,0.04729,0.03146
0.11429,0.08173,0.09286,0.07831,0.08802,0.49678,0.04801
0.04619,0.05287,0.08736,0.10212,0.05727,0.53438,0.11982
0.06028,0.19471,0.07487,0.08904,0.19248,0.36375,0.02486
0.06268,0.07797,0.11180,0.13491,0.08284,0.19418,0.33561
0.14387,0.24382,0.12925,0.22386,0.18021,0.04278,0.03621
0.07721,0.04991,0.21481,0.29711,0.07174,0.20398,0.08525
0.04001,0.04714,0.25108,0.26606,0.03454,0.08208,0.27910
0.03724,0.03799,0.04552,0.05757,0.04174,0.41687,0.36307
0.16685,0.09051,0.15123,0.11945,0.14392,0.14930,0.17874
0.06277,0.07496,0.18415,0.19570,0.14043,0.29725,0.04474
0.03977,0.02931,0.05784,0.06439,0.03620,0.42413,0.34838
0.04014,0.06809,0.11549,0.15369,0.05071,0.07346,0.49842
0.12915,0.13403,0.21750,0.23408,0.15139,0.08623,0.04764
0.13164,0.10808,0.14270,0.19988,0.11860,0.06342,0.23569
0.02700,0.02187,0.04678,0.05903,0.02720,0.04218,0.77594
0.11749,0.19731,0.10927,0.20151,0.14348,0.03569,0.19524
0.09876,0.04060,0.13390,0.13880,0.10136,0.23088,0.25571
0.03814,0.04207,0.04313,0.06321,0.03542,0.75680,0.02123
0.12640,0.11494,0.11410,0.15168,0.11406,0.04069,0.33813
0.07842,0.06592,0.10902,0.10719,0.07041,0.13141,0.43762
0.04881,0.05194,0.07039,0.08701,0.05162,0.10913,0.58110
0.08267,0.09742,0.09209,0.12435,0.08570,0.35608,0.16169
0.11409,0.10158,0.18068,0.27694,0.11281,0.06419,0.14971
0.06940,0.09043,0.13488,0.20458,0.08778,0.38283,0.03011
0.10725,0.09321,0.16886,0.21144,0.10516,0.16682,0.14725
0.11200,0.12574,0.13100,0.21031,0.13020,0.19836,0.09238
0.03112,0.05071,0.12165,0.14935,0.04250,0.47740,0.12728
0.05977,0.04047,0.27938,0.31031,0.04619,0.14654,0.11734
0.13312,0.09804,0.14948,0.15326,0.14211,0.17289,0.15109
0.12286,0.05622,0.13993,0.11811,0.10886,0.33474,0.11928
0.04756,0.27696,0.06340,0.22976,0.13360,0.22217,0.02655
0.03048,0.03531,0.40314,0.40766,0.02825,0.05232,0.04284
0.11143,0.03433,0.18367,0.20444,0.11760,0.26869,0.07984
0.11502,0.05699,0.23072,0.34177,0.10933,0.04237,0.10382
0.05388,0.12215,0.16444,0.32301,0.06597,0.08903,0.18152
0.06714,0.12750,0.24038,0.23501,0.09077,0.16651,0.07268
0.07760,0.07917,0.12181,0.15795,0.07484,0.19445,0.29419
0.07247,0.07192,0.23922,0.24177,0.09851,0.08815,0.18796
0.04579,0.02441,0.05926,0.08367,0.04254,0.47919,0.26514
0.13000,0.16720,0.10821,0.21858,0.17175,0.04119,0.16307
0.11636,0.11158,0.17467,0.23654,0.12054,0.12618,0.11414
0.22027,0.11237,0.22012,0.08901,0.18262,0.04873,0.12688
0.03673,0.18479,0.08721,0.25044,0.08192,0.07012,0.28879
0.05669,0.05587,0.18811,0.18391,0.10588,0.06976,0.33978
0.17013,0.14445,0.14120,0.23233,0.09921,0.19826,0.01441
0.07860,0.08876,0.09817,0.11028,0.08621,0.36061,0.17737
0.04443,0.17542,0.10910,0.25935,0.08129,0.04481,0.28560
0.05302,0.19241,0.07754,0.19135,0.10495,0.34763,0.03311
0.12000,0.12123,0.16790,0.23700,0.11107,0.13592,0.10689
0.01726,0.01746,0.02356,0.03098,0.01668,0.87491,0.01916
0.14557,0.15088,0.13837,0.25311,0.11910,0.15814,0.03483
0.06224,0.06759,0.10103,0.09989,0.07934,0.23592,0.35398
0.07136,0.06922,0.10202,0.09049,0.07887,0.24443,0.34361
0.06916,0.07660,0.14485,0.16349,0.10386,0.24523,0.19682
0.06146,0.06767,0.25508,0.28202,0.10158,0.06160,0.17058
0.13299,0.12770,0.10026,0.10765,0.13405,0.11416,0.28318
0.05984,0.04677,0.05054,0.06070,0.04490,0.23539,0.50186
0.11404,0.23300,0.06679,0.22550,0.13394,0.06962,0.15711
0.07827,0.13025,0.13551,0.16903,0.12448,0.14111,0.22134
0.05195,0.05115,0.06493,0.09222,0.05697,0.33766,0.34510
0.06609,0.07570,0.07475,0.07160,0.07122,0.41307,0.22756
0.13069,0.06604,0.23177,0.34445,0.11729,0.04304,0.06672
0.03351,0.04583,0.07422,0.09202,0.04336,0.45099,0.26007
0.06918,0.13001,0.21069,0.30634,0.08487,0.06606,0.13285
0.09590,0.05128,0.21504,0.30031,0.08530,0.20051,0.05165
0.04371,0.04266,0.09748,0.11360,0.05454,0.09170,0.55631
0.21443,0.05740,0.12855,0.06669,0.17159,0.04615,0.31518
0.14745,0.15575,0.20498,0.29418,0.12594,0.05165,0.02004
0.01512,0.39845,0.05704,0.02029,0.42815,0.06102,0.01994
0.05973,0.05156,0.05213,0.06282,0.06841,0.50440,0.20095
0.09221,0.08809,0.10064,0.13529,0.08179,0.46796,0.03402
0.08665,0.17879,0.11348,0.23595,0.11348,0.10306,0.16859
0.10735,0.13181,0.14754,0.21053,0.10980,0.04863,0.24433
0.12055,0.12760,0.17561,0.21816,0.13000,0.08429,0.14379
0.06839,0.07631,0.10134,0.18221,0.06277,0.08205,0.42692
0.16048,0.15136,0.14600,0.23792,0.14156,0.09048,0.07219
0.04609,0.04929,0.19007,0.20160,0.06115,0.43430,0.01750
0.12728,0.10772,0.12479,0.13112,0.12569,0.23859,0.14480
0.12128,0.06051,0.07213,0.13645,0.09777,0.29718,0.21469
0.18160,0.15088,0.10910,0.12880,0.14923,0.07118,0.20920
0.07038,0.04681,0.10061,0.14102,0.05980,0.34005,0.24133
0.06461,0.05355,0.17241,0.15158,0.10092,0.19221,0.26472
0.04716,0.07264,0.03236,0.04855,0.06724,0.23954,0.49251
0.06333,0.07979,0.05369,0.13793,0.06126,0.50005,0.10395
0.12482,0.19337,0.13785,0.12848,0.15404,0.21983,0.04161
0.08825,0.07207,0.18996,0.19291,0.11835,0.18954,0.14892
0.01895,0.18179,0.02478,0.13722,0.07087,0.53472,0.03167
0.07363,0.18355,0.14317,0.27581,0.09239,0.04903,0.18243
0.14377,0.13963,0.14587,0.21584,0.13575,0.14768,0.07146
0.18501,0.06982,0.05229,0.05896,0.12496,0.19642,0.31254
0.10123,0.08337,0.13506,0.11667,0.10799,0.36222,0.09346
0.08009,0.10281,0.06968,0.11460,0.08573,0.47759,0.06951
0.17278,0.07414,0.08298,0.23350,0.16259,0.14408,0.12993
0.08024,0.10002,0.21677,0.27890,0.09812,0.04990,0.17605
0.03864,0.04332,0.13902,0.09699,0.08837,0.19544,0.39822
0.06282,0.08489,0.11804,0.15357,0.07869,0.41785,0.08414
0.22153,0.09765,0.10315,0.15966,0.12771,0.03210,0.25820
0.15789,0.15711,0.13974,0.17153,0.13782,0.08964,0.14627
0.01892,0.03880,0.06747,0.09778,0.02297,0.05794,0.69611
0.10817,0.08728,0.15006,0.28544,0.09850,0.12213,0.14843
0.10910,0.07251,0.16213,0.15845,0.12469,0.31595,0.05717
0.17087,0.19251,0.12070,0.23062,0.16372,0.05537,0.06621
0.11015,0.14276,0.20134,0.27065,0.16336,0.05917,0.05257
0.05930,0.05443,0.26269,0.28660,0.05423,0.08602,0.19673
0.07831,0.04517,0.23790,0.22577,0.08545,0.24837,0.07904
0.03691,0.04831,0.11337,0.12412,0.05092,0.15632,0.47003
0.09310,0.07584,0.16219,0.20594,0.09848,0.23821,0.12624
0.07020,0.19841,0.09138,0.09202,0.19907,0.13259,0.21634
0.07788,0.08959,0.27892,0.32243,0.09120,0.09321,0.04677
0.03509,0.03071,0.14532,0.12184,0.07847,0.38617,0.20240
0.11264,0.12142,0.19881,0.25126,0.11995,0.10777,0.08815
0.05131,0.04500,0.07628,0.07922,0.05354,0.31807,0.37657
0.10198,0.11280,0.18239,0.21691,0.10853,0.23506,0.04233
0.07757,0.07312,0.14058,0.13733,0.09619,0.15679,0.31842
0.10148,0.10778,0.12949,0.19996,0.09623,0.29846,0.06660
0.08947,0.06635,0.12143,0.12941,0.08559,0.29049,0.21728
0.12684,0.15268,0.10216,0.13112,0.14123,0.25112,0.09485
0.05130,0.06808,0.09673,0.13027,0.06736,0.52909,0.05717
0.04534,0.03645,0.12703,0.17802,0.04737,0.41859,0.14720
0.07181,0.07236,0.06903,0.08231,0.07453,0.17418,0.45578
0.13184,0.14045,0.17800,0.23113,0.14170,0.13559,0.04128
0.01749,0.22468,0.03766,0.19564,0.08249,0.02432,0.41772
0.20185,0.15084,0.15755,0.16035,0.16578,0.07495,0.08868
0.06537,0.05201,0.08722,0.09220,0.07416,0.49174,0.13731
0.10397,0.04237,0.15633,0.18311,0.10505,0.37444,0.03475
0.08203,0.09307,0.13260,0.20511,0.06709,0.10405,0.31606
0.10041,0.13179,0.14065,0.24671,0.09744,0.07261,0.21039
0.09476,0.09173,0.08796,0.18113,0.07429,0.07414,0.39598
0.10265,0.03797,0.18507,0.21448,0.08533,0.30031,0.07418
0.08708,0.08325,0.06399,0.11565,0.06212,0.53040,0.05751
0.07709,0.08695,0.05477,0.15121,0.07108,0.45994,0.09897
0.04359,0.03421,0.06841,0.06889,0.04293,0.72192,0.02005
0.07249,0.07444,0.09923,0.12725,0.08606,0.28272,0.25781
0.08414,0.06363,0.26045,0.31835,0.07922,0.12712,0.06708
0.09619,0.09314,0.16925,0.19420,0.09632,0.10430,0.24660
0.02962,0.03181,0.05290,0.06858,0.02994,0.04085,0.74629
0.10873,0.08841,0.18461,0.39026,0.10117,0.03126,0.09554
0.07940,0.09169,0.19350,0.23768,0.10822,0.18900,0.10051
0.04085,0.04779,0.12004,0.08562,0.07020,0.41120,0.22431
0.06639,0.07113,0.08194,0.10968,0.07185,0.44732,0.15169
0.08184,0.07472,0.07046,0.16672,0.06657,0.52400,0.01569
0.06007,0.04034,0.24295,0.40061,0.04463,0.12305,0.08836
0.04640,0.05849,0.14606,0.12077,0.09651,0.12459,0.40720
0.06146,0.05104,0.05712,0.09458,0.04303,0.62853,0.06424
0.08094,0.05851,0.04685,0.08282,0.06903,0.22218,0.43966
0.04983,0.12551,0.06938,0.16896,0.06183,0.07150,0.45298
0.04407,0.06197,0.25749,0.17092,0.16253,0.06025,0.24277
0.07525,0.07942,0.19646,0.24965,0.10282,0.21498,0.08141
0.02496,0.02863,0.25007,0.25535,0.02308,0.35362,0.06430
0.11417,0.14998,0.17973,0.23380,0.14030,0.09956,0.08246
0.06525,0.06825,0.10687,0.12922,0.07199,0.08445,0.47396
0.08050,0.07208,0.10826,0.13924,0.07765,0.15201,0.37025
0.13154,0.15125,0.16323,0.23443,0.14797,0.14569,0.02588
0.06632,0.03487,0.16148,0.16565,0.08915,0.02835,0.45417
0.09316,0.10443,0.15689,0.22231,0.07516,0.29978,0.04827
0.10414,0.11656,0.21470,0.23160,0.16830,0.03039,0.13432
0.15317,0.06350,0.09265,0.24178,0.14805,0.18533,0.11551
0.11242,0.12374,0.10959,0.18404,0.10951,0.05833,0.30237
0.25896,0.09070,0.10526,0.11174,0.17513,0.21973,0.03848
0.06313,0.08673,0.34688,0.36223,0.03680,0.08944,0.01480
0.09542,0.07962,0.21322,0.22031,0.10492,0.17152,0.11499
0.08674,0.12146,0.19916,0.24221,0.10037,0.23617,0.01389
0.11505,0.13218,0.23110,0.33804,0.08737,0.03259,0.06367
0.08966,0.02622,0.10375,0.08146,0.07744,0.33903,0.28244
0.03676,0.03723,0.06352,0.06325,0.04223,0.70252,0.05449
0.04173,0.06197,0.26196,0.30375,0.07032,0.14708,0.11318
0.13339,0.11366,0.21620,0.24268,0.14151,0.10563,0.04692
0.07905,0.07615,0.09300,0.12809,0.07470,0.25399,0.29501
0.06846,0.06691,0.26750,0.27637,0.09356,0.14963,0.07757
0.10976,0.07808,0.16286,0.19557,0.11092,0.24592,0.09690
0.11770,0.04626,0.14080,0.09963,0.10644,0.40463,0.08454
0.03637,0.03275,0.08111,0.09277,0.03878,0.16946,0.54877
0.10340,0.09756,0.24419,0.28140,0.13536,0.05885,0.07925
0.13017,0.03795,0.22810,0.22444,0.15504,0.12096,0.10334
0.06904,0.06751,0.13985,0.12706,0.09028,0.24865,0.25761
0.03897,0.05766,0.04562,0.06658,0.04411,0.27044,0.47662
0.11539,0.11181,0.17209,0.22585,0.11907,0.19196,0.06382
0.06113,0.10398,0.18742,0.24728,0.09872,0.07701,0.22446
0.03579,0.06528,0.12767,0.17776,0.04514,0.08460,0.46375
0.10391,0.04845,0.10168,0.10643,0.08987,0.51892,0.03074
0.06854,0.06828,0.07610,0.10299,0.06325,0.55734,0.06349
0.03923,0.04250,0.16843,0.14651,0.09869,0.33313,0.17150
0.07184,0.07424,0.16042,0.19281,0.09213,0.02989,0.37867
0.10058,0.10012,0.23838,0.27074,0.13742,0.04857,0.10419
0.16739,0.15714,0.16160,0.17829,0.15759,0.12771,0.05028
0.07273,0.09879,0.22490,0.29764,0.07520,0.20351,0.02723
0.08372,0.08418,0.14621,0.17086,0.09313,0.15684,0.26505
0.05359,0.05775,0.07260,0.10272,0.06815,0.59288,0.05232
0.18040,0.12700,0.25516,0.22160,0.15056,0.03679,0.02850
0.07038,0.10064,0.04841,0.11199,0.06730,0.56871,0.03257
0.03823,0.06321,0.04122,0.08617,0.04178,0.19637,0.53301
0.10170,0.12680,0.07118,0.14871,0.11796,0.10376,0.32988
0.15034,0.09240,0.17149,0.19808,0.13440,0.07189,0.18139
0.13374,0.14866,0.15581,0.26820,0.11346,0.11330,0.06683
0.07810,0.06980,0.15207,0.17094,0.10596,0.28666,0.13648
0.03647,0.03936,0.10780,0.12732,0.04640,0.02871,0.61395
0.13247,0.12759,0.12585,0.16802,0.09878,0.19055,0.15673
0.10176,0.03480,0.02285,0.02565,0.06261,0.07578,0.67656
0.16586,0.07801,0.11222,0.07786,0.14364,0.40430,0.01810
0.08006,0.08586,0.04865,0.09873,0.06846,0.29818,0.32005
0.22247,0.09595,0.15800,0.16910,0.17864,0.13404,0.04179
0.05332,0.20366,0.16687,0.17110,0.21806,0.12903,0.05796
0.06245,0.03537,0.10238,0.11561,0.07156,0.32006,0.29258
0.08510,0.09560,0.16358,0.21067,0.09751,0.11681,0.23073
0.05598,0.07842,0.15036,0.24967,0.06025,0.30401,0.10132
0.06105,0.04875,0.15586,0.16643,0.03806,0.26965,0.26021
0.17275,0.06722,0.17688,0.15342,0.16008,0.22521,0.04444
0.12076,0.13814,0.06421,0.14169,0.09408,0.19700,0.24413
0.08625,0.08788,0.11525,0.16552,0.08372,0.18694,0.27444
0.24364,0.06643,0.21148,0.11839,0.19240,0.14070,0.02697
0.12650,0.13278,0.13014,0.18687,0.13484,0.18288,0.10599
0.05741,0.05429,0.08265,0.14170,0.05519,0.26699,0.34178
0.15681,0.06029,0.15979,0.10967,0.14294,0.31905,0.05145
0.12931,0.13912,0.21655,0.29058,0.12405,0.06186,0.03855
0.09574,0.10384,0.07050,0.13293,0.06866,0.17721,0.35113
0.06601,0.08670,0.07381,0.12624,0.09854,0.32217,0.22651
0.07381,0.08348,0.25994,0.29933,0.09439,0.12655,0.06250
0.12620,0.15012,0.17967,0.24270,0.12531,0.13456,0.04143
0.04231,0.05469,0.05402,0.08061,0.04683,0.11891,0.60263
0.03627,0.04635,0.15701,0.11711,0.09673,0.06952,0.47702
0.04421,0.02174,0.11192,0.12675,0.04283,0.56568,0.08688
0.11777,0.17104,0.13297,0.17118,0.12591,0.04810,0.23303
0.14952,0.14872,0.16936,0.24715,0.13023,0.09560,0.05943
0.11981,0.08936,0.15418,0.30921,0.10140,0.18833,0.03772
