0.11094,0.01701,0.01150,0.02040,0.01280,0.07389,0.17016,0.05975,0.13022,0.00989,0.06071,0.04598,0.14397,0.01475,0.03312,0.02805,0.01367,0.00925,0.02654,0.00738
0.10751,0.03404,0.01492,0.01530,0.08263,0.02185,0.17568,0.04076,0.02296,0.02908,0.00892,0.02204,0.10828,0.00668,0.06978,0.04531,0.02415,0.13844,0.01654,0.01515
0.05152,0.04363,0.04378,0.04000,0.01593,0.08218,0.12175,0.02139,0.01480,0.08664,0.01385,0.03245,0.11912,0.01954,0.10497,0.09172,0.01151,0.01998,0.03405,0.03119
0.02537,0.01714,0.03261,0.03499,0.05166,0.07860,0.01105,0.05570,0.02111,0.01021,0.05622,0.08387,0.02222,0.08569,0.01131,0.00770,0.03084,0.03381,0.01329,0.31661
0.04628,0.03619,0.05044,0.18090,0.04319,0.02003,0.01012,0.01146,0.10276,0.01441,0.00948,0.03055,0.01016,0.01620,0.00971,0.34555,0.00922,0.01123,0.02762,0.01451
0.10669,0.02808,0.01026,0.27802,0.02560,0.06925,0.12957,0.01143,0.11679,0.03570,0.00811,0.04946,0.00686,0.01436,0.06532,0.00879,0.01125,0.01034,0.00700,0.00712
0.02314,0.02665,0.04905,0.05079,0.25992,0.04350,0.02093,0.03627,0.01199,0.08684,0.00577,0.10661,0.01760,0.15771,0.01157,0.01702,0.00765,0.01446,0.04126,0.01128
0.02004,0.02141,0.03691,0.03053,0.01296,0.03474,0.11122,0.02764,0.01381,0.15702,0.02167,0.10900,0.11525,0.02282,0.07598,0.08857,0.01954,0.00741,0.01824,0.05523
0.01468,0.01335,0.00840,0.01768,0.01212,0.05874,0.02633,0.10175,0.10819,0.00902,0.02049,0.01923,0.05971,0.13206,0.02365,0.31876,0.02515,0.00741,0.01560,0.00766
0.00678,0.06325,0.00817,0.01249,0.01840,0.00769,0.05235,0.04828,0.54832,0.01062,0.00553,0.03329,0.00575,0.00519,0.02061,0.00355,0.13338,0.00440,0.00486,0.00708
0.05769,0.03199,0.10358,0.04506,0.03146,0.03058,0.06465,0.05883,0.06164,0.05776,0.02135,0.02935,0.00862,0.01882,0.26894,0.00914,0.02373,0.02872,0.02898,0.01910
0.03292,0.12193,0.06024,0.02196,0.09324,0.01281,0.04843,0.21883,0.03553,0.03859,0.02790,0.01821,0.01989,0.10478,0.02056,0.01047,0.03060,0.00891,0.02323,0.05097
0.00711,0.03440,0.01420,0.17785,0.05387,0.02170,0.02531,0.01920,0.00553,0.08796,0.00551,0.03923,0.00415,0.32474,0.02035,0.00538,0.13461,0.00541,0.00715,0.00635
0.06644,0.01064,0.03689,0.03183,0.01971,0.04072,0.07645,0.02819,0.07449,0.03868,0.01112,0.02019,0.16678,0.01862,0.04668,0.20982,0.01542,0.06679,0.01349,0.00705
0.02053,0.07478,0.04758,0.03060,0.06740,0.01849,0.02372,0.03304,0.00784,0.07942,0.01230,0.30438,0.00631,0.02402,0.01912,0.01825,0.00912,0.00705,0.18865,0.00740
0.06890,0.01117,0.01403,0.03140,0.01663,0.23423,0.26298,0.02303,0.04581,0.02866,0.02218,0.02709,0.01242,0.05645,0.07831,0.02563,0.00777,0.00564,0.00676,0.02092
0.12442,0.00544,0.00573,0.02013,0.02963,0.05060,0.02067,0.03204,0.29958,0.00517,0.01099,0.01241,0.00405,0.34805,0.01388,0.00750,0.00163,0.00232,0.00356,0.00222
0.02813,0.01343,0.02885,0.04000,0.03262,0.13215,0.26777,0.04106,0.02509,0.05022,0.01122,0.02362,0.03853,0.06747,0.02052,0.01221,0.03510,0.02624,0.06785,0.03791
0.01266,0.10755,0.05047,0.02349,0.02809,0.05857,0.14616,0.00792,0.04677,0.04425,0.00609,0.01097,0.05761,0.05343,0.04845,0.18962,0.06848,0.01985,0.00471,0.01487
0.01120,0.01795,0.36821,0.02567,0.01050,0.03594,0.01442,0.00624,0.00944,0.35964,0.00322,0.07307,0.00686,0.02288,0.01284,0.00506,0.00376,0.00333,0.00754,0.00223
0.02852,0.04240,0.10388,0.01543,0.03276,0.09054,0.01306,0.01750,0.01301,0.05506,0.01507,0.03782,0.04079,0.15774,0.01150,0.01466,0.02393,0.05922,0.00669,0.22042
0.05635,0.02841,0.03538,0.05240,0.09253,0.02892,0.21003,0.01947,0.03368,0.05896,0.00939,0.16361,0.00663,0.06255,0.07254,0.01457,0.01309,0.00682,0.00431,0.03038
0.05091,0.05401,0.25566,0.01310,0.02520,0.02312,0.01383,0.01704,0.01275,0.10406,0.00913,0.01181,0.04585,0.27705,0.01137,0.01722,0.01803,0.00991,0.01960,0.01035
0.01841,0.01780,0.08248,0.01554,0.08699,0.02176,0.08109,0.02777,0.00770,0.15122,0.00631,0.01175,0.09871,0.16612,0.02550,0.12778,0.01049,0.00729,0.02779,0.00748
0.01665,0.03752,0.04974,0.05449,0.00706,0.18365,0.01363,0.05573,0.04039,0.06218,0.02558,0.03027,0.09614,0.02296,0.00961,0.24226,0.01645,0.01248,0.01021,0.01299
0.21942,0.01040,0.00717,0.09915,0.03457,0.07460,0.13406,0.00833,0.27300,0.01608,0.00534,0.02086,0.00667,0.01538,0.03885,0.01558,0.00425,0.00613,0.00339,0.00676
0.04841,0.02547,0.05065,0.01633,0.02585,0.03456,0.26733,0.01468,0.01341,0.04044,0.01307,0.15839,0.18592,0.01273,0.03621,0.01585,0.00980,0.00655,0.00584,0.01852
0.02452,0.04020,0.04059,0.01672,0.02893,0.10203,0.03038,0.03806,0.01299,0.25147,0.00647,0.09742,0.01285,0.18023,0.02295,0.01912,0.00592,0.01475,0.03771,0.01667
0.68999,0.00358,0.00137,0.18166,0.00206,0.00524,0.00259,0.00358,0.08263,0.00126,0.00250,0.00354,0.00354,0.00474,0.00226,0.00182,0.00141,0.00191,0.00281,0.00153
0.02819,0.02845,0.08356,0.02318,0.07696,0.04539,0.07370,0.02820,0.00903,0.09477,0.01037,0.16865,0.13818,0.01754,0.05938,0.06665,0.00556,0.01132,0.01554,0.01537
0.02283,0.03052,0.02059,0.02489,0.00724,0.20835,0.07365,0.16786,0.03442,0.04241,0.04369,0.05236,0.03326,0.12366,0.04069,0.01893,0.03336,0.00618,0.00631,0.00879
0.05389,0.05004,0.01161,0.02420,0.21188,0.01616,0.02620,0.25193,0.01912,0.07023,0.00925,0.01816,0.00964,0.01468,0.01208,0.12157,0.01422,0.02976,0.00462,0.03076
0.01199,0.01976,0.14217,0.04357,0.03390,0.08226,0.05989,0.01345,0.01585,0.24882,0.00438,0.08406,0.01610,0.07758,0.03064,0.02524,0.01438,0.03750,0.01057,0.02789
0.05919,0.00452,0.00724,0.01343,0.10445,0.05162,0.12608,0.06656,0.19366,0.01139,0.02492,0.00696,0.00968,0.16204,0.03726,0.10463,0.00362,0.00351,0.00485,0.00440
0.05754,0.01052,0.01860,0.04485,0.03600,0.16022,0.09818,0.07440,0.01894,0.06165,0.11143,0.06111,0.08432,0.04922,0.06058,0.01283,0.01872,0.00519,0.00858,0.00711
0.04685,0.03043,0.01275,0.03077,0.13033,0.25138,0.09109,0.04237,0.01233,0.01947,0.00806,0.01321,0.00784,0.11539,0.05662,0.03202,0.05548,0.00922,0.01579,0.01859
0.01591,0.01534,0.19451,0.07026,0.01710,0.01285,0.01673,0.01068,0.01700,0.27424,0.00326,0.13057,0.01754,0.11190,0.00713,0.05572,0.00688,0.00543,0.00489,0.01207
0.07832,0.00707,0.00517,0.01521,0.04624,0.02366,0.03346,0.24783,0.15693,0.01020,0.04979,0.00934,0.01742,0.23018,0.01520,0.03329,0.00238,0.00797,0.00493,0.00544
0.04828,0.01969,0.01200,0.01369,0.10559,0.03059,0.12337,0.02410,0.01966,0.08257,0.01134,0.09572,0.06765,0.21645,0.06862,0.01381,0.01579,0.00757,0.00975,0.01377
0.24816,0.01193,0.00768,0.01765,0.00908,0.03743,0.08647,0.01724,0.24140,0.01715,0.01037,0.02399,0.00501,0.13770,0.05471,0.05722,0.00490,0.00558,0.00254,0.00378
0.02319,0.08546,0.02958,0.09008,0.03894,0.02627,0.12981,0.02076,0.02801,0.04305,0.00812,0.06323,0.00787,0.06038,0.07932,0.06067,0.02735,0.03669,0.00532,0.13591
0.02692,0.03199,0.21450,0.03202,0.05095,0.05810,0.02561,0.02532,0.00902,0.14791,0.01231,0.17862,0.01073,0.10096,0.01207,0.01718,0.00417,0.00704,0.01830,0.01627
0.05161,0.01470,0.05189,0.14871,0.01908,0.02555,0.01513,0.05075,0.04642,0.00560,0.02207,0.16131,0.00414,0.06804,0.00761,0.07460,0.00642,0.00590,0.00422,0.21625
0.02118,0.02061,0.01415,0.04040,0.02332,0.03385,0.01236,0.02783,0.03005,0.01262,0.01778,0.03961,0.07209,0.03733,0.00954,0.00555,0.12411,0.11940,0.02009,0.31813
0.02705,0.01213,0.01262,0.02107,0.05310,0.25729,0.03682,0.11425,0.01516,0.08724,0.08519,0.04547,0.02478,0.06193,0.03217,0.07977,0.00871,0.01042,0.00729,0.00753
0.02505,0.04296,0.04805,0.11725,0.02799,0.01941,0.06817,0.01323,0.26269,0.08182,0.00926,0.11432,0.00873,0.01308,0.04316,0.00753,0.04837,0.01233,0.01050,0.02609
0.02093,0.07439,0.01492,0.24285,0.02498,0.02034,0.08563,0.01136,0.16920,0.00868,0.02240,0.05469,0.01921,0.01223,0.04891,0.00738,0.02460,0.01980,0.08920,0.02829
0.03913,0.00688,0.00606,0.03548,0.01822,0.24503,0.17491,0.03016,0.05825,0.00606,0.06380,0.03008,0.01711,0.00887,0.19713,0.05091,0.00339,0.00141,0.00222,0.00490
0.10905,0.02897,0.04408,0.03465,0.01049,0.04489,0.01806,0.12486,0.01997,0.06013,0.13841,0.02882,0.10046,0.08093,0.01119,0.01168,0.06635,0.01217,0.02505,0.02979
0.07800,0.01658,0.00897,0.02088,0.43385,0.04078,0.01969,0.02090,0.18784,0.00898,0.01644,0.01331,0.01145,0.01930,0.02076,0.04620,0.00660,0.01107,0.01190,0.00650
0.01393,0.01687,0.09648,0.02946,0.04862,0.03415,0.13874,0.01383,0.00613,0.21848,0.00630,0.01977,0.10957,0.15387,0.03087,0.02186,0.01347,0.01169,0.00835,0.00756
0.02867,0.09234,0.10987,0.04199,0.01883,0.20516,0.03174,0.02502,0.01757,0.06409,0.00768,0.03222,0.01272,0.15138,0.02381,0.01181,0.00913,0.04622,0.03341,0.03636
0.04567,0.01443,0.22586,0.04505,0.02785,0.03676,0.01349,0.01299,0.01111,0.23820,0.00493,0.04224,0.01391,0.19528,0.00973,0.01638,0.00588,0.01083,0.02024,0.00916
0.01162,0.20754,0.01838,0.01156,0.06560,0.01442,0.04346,0.05172,0.01116,0.01124,0.03467,0.33814,0.01112,0.02430,0.03798,0.01536,0.00611,0.02153,0.01507,0.04904
0.02800,0.02002,0.03229,0.09104,0.05174,0.04110,0.25979,0.02375,0.04180,0.03547,0.00768,0.06699,0.07530,0.04111,0.03798,0.01040,0.02825,0.03502,0.01535,0.05692
0.08183,0.03107,0.04194,0.02911,0.04062,0.03620,0.04155,0.03105,0.03480,0.01991,0.03923,0.24162,0.19182,0.04240,0.02593,0.01821,0.01552,0.00540,0.02470,0.00709
0.01266,0.01531,0.03017,0.06962,0.11890,0.05422,0.16925,0.01832,0.01024,0.04491,0.00363,0.04368,0.03583,0.25643,0.03700,0.01955,0.02209,0.01052,0.01280,0.01485
0.11466,0.01160,0.00436,0.24041,0.01299,0.28064,0.10524,0.00530,0.03101,0.00881,0.00481,0.02701,0.00700,0.02440,0.09957,0.00699,0.00391,0.00445,0.00411,0.00274
0.04641,0.02067,0.03660,0.01910,0.02523,0.06129,0.19251,0.02156,0.02215,0.06238,0.00917,0.02228,0.00943,0.06747,0.06044,0.18675,0.01704,0.01281,0.00748,0.09923
0.03099,0.01803,0.00785,0.01116,0.00543,0.12385,0.01722,0.02073,0.05091,0.01351,0.15545,0.01982,0.20504,0.01426,0.01742,0.26330,0.00523,0.00930,0.00540,0.00509
0.02015,0.00991,0.07003,0.11277,0.06462,0.05179,0.03305,0.01131,0.02850,0.25025,0.00518,0.03393,0.03743,0.06444,0.01903,0.11824,0.01703,0.01238,0.01434,0.02562
0.03488,0.01695,0.02836,0.05370,0.00861,0.16674,0.11223,0.03729,0.01628,0.12887,0.01321,0.01793,0.07783,0.10822,0.08166,0.01279,0.02001,0.01066,0.04103,0.01274
0.11615,0.00977,0.02691,0.09955,0.02573,0.02249,0.05006,0.04192,0.39464,0.03900,0.02124,0.01497,0.02892,0.01623,0.02469,0.01568,0.01827,0.01023,0.01330,0.01026
0.02323,0.01501,0.12779,0.03363,0.04096,0.09636,0.02851,0.00971,0.04960,0.27750,0.00615,0.02237,0.01596,0.10961,0.01693,0.04937,0.01355,0.01332,0.00686,0.04358
0.13344,0.02640,0.07625,0.03129,0.02067,0.10782,0.04270,0.02689,0.04653,0.03232,0.02021,0.04392,0.02651,0.10133,0.07185,0.02004,0.01110,0.08206,0.01119,0.06749
0.10581,0.02972,0.06802,0.06123,0.01205,0.11666,0.04812,0.03801,0.04993,0.19034,0.01860,0.01717,0.05657,0.05813,0.02205,0.02564,0.02116,0.01424,0.01608,0.03047
0.02266,0.02323,0.01321,0.05739,0.10826,0.05734,0.10437,0.02407,0.25441,0.00904,0.00950,0.03353,0.02731,0.05138,0.12240,0.01985,0.01602,0.00686,0.01745,0.02172
0.05236,0.01544,0.01915,0.05009,0.16112,0.07485,0.07541,0.02280,0.18816,0.01546,0.03600,0.04769,0.01342,0.01961,0.13084,0.04299,0.01215,0.00759,0.00693,0.00795
0.02839,0.01144,0.04285,0.09156,0.00804,0.01748,0.04260,0.01087,0.01914,0.03700,0.00486,0.01590,0.54429,0.01124,0.07350,0.01065,0.00567,0.01316,0.00626,0.00507
0.01167,0.09930,0.02068,0.02246,0.06294,0.01569,0.02239,0.01406,0.00399,0.08171,0.01123,0.01852,0.00451,0.43478,0.01672,0.00563,0.13144,0.00481,0.01113,0.00633
0.09521,0.01027,0.01177,0.05399,0.07411,0.14832,0.04819,0.07833,0.02688,0.06173,0.15938,0.06329,0.06783,0.02666,0.03948,0.00801,0.00455,0.00456,0.01176,0.00567
0.01795,0.04151,0.01461,0.02289,0.02760,0.06035,0.26781,0.02819,0.02329,0.02080,0.01141,0.03794,0.01248,0.10934,0.05334,0.15303,0.02156,0.01738,0.00382,0.05469
0.13071,0.00657,0.01232,0.03050,0.00950,0.01350,0.26160,0.14805,0.10938,0.01473,0.06460,0.02803,0.00699,0.08386,0.05600,0.00866,0.00362,0.00236,0.00331,0.00570
0.03226,0.02313,0.07703,0.04304,0.01432,0.04912,0.02650,0.03645,0.01288,0.09250,0.00819,0.07849,0.01578,0.35351,0.01441,0.03551,0.00472,0.01201,0.04230,0.02786
0.03261,0.01950,0.14280,0.12301,0.00863,0.03532,0.13873,0.01967,0.02833,0.12984,0.00468,0.09680,0.01204,0.07039,0.04990,0.03302,0.00586,0.00947,0.00736,0.03203
0.05450,0.02330,0.01113,0.01740,0.40548,0.05463,0.13042,0.02240,0.01192,0.04054,0.00820,0.01681,0.00607,0.08544,0.04569,0.02577,0.01382,0.00558,0.00632,0.01457
0.43444,0.06930,0.00541,0.00780,0.03085,0.01921,0.03988,0.03594,0.01246,0.19398,0.03023,0.02271,0.00739,0.00566,0.03873,0.02217,0.00297,0.01151,0.00390,0.00547
0.02934,0.01029,0.03954,0.18241,0.06826,0.01168,0.00819,0.39059,0.00866,0.07503,0.00482,0.05421,0.00504,0.00574,0.00659,0.00543,0.00670,0.00648,0.07444,0.00657
0.11536,0.01416,0.01355,0.04020,0.03799,0.03758,0.11949,0.03880,0.02874,0.12660,0.01781,0.10280,0.00761,0.14148,0.12443,0.00784,0.00777,0.00329,0.00540,0.00909
0.02955,0.05699,0.01541,0.01698,0.03775,0.05409,0.21366,0.05323,0.07567,0.02618,0.04793,0.05478,0.00942,0.01200,0.03663,0.00704,0.00618,0.03055,0.01265,0.20330
0.04964,0.01445,0.01466,0.03982,0.06699,0.18475,0.22997,0.12847,0.03786,0.00962,0.01320,0.04097,0.01340,0.02050,0.07222,0.02058,0.00857,0.00810,0.00869,0.01756
0.03850,0.03001,0.08754,0.11583,0.02155,0.02382,0.04290,0.00814,0.02551,0.19473,0.00496,0.02471,0.02074,0.20384,0.02404,0.06058,0.01162,0.01887,0.00619,0.03591
0.04620,0.01788,0.01730,0.09579,0.01269,0.07907,0.12374,0.02820,0.02944,0.01429,0.01778,0.06128,0.00714,0.02826,0.15501,0.00720,0.00716,0.07259,0.01179,0.16717
0.01393,0.01148,0.17762,0.08504,0.01313,0.08098,0.08123,0.00808,0.00895,0.24371,0.00512,0.03415,0.01027,0.06322,0.10160,0.02306,0.00345,0.01597,0.01043,0.00856
0.04213,0.01744,0.02078,0.01922,0.03593,0.03122,0.06544,0.05133,0.06297,0.02168,0.01865,0.01827,0.18224,0.02096,0.03823,0.13805,0.06825,0.10405,0.03338,0.00978
0.02392,0.01455,0.11898,0.04854,0.13797,0.10413,0.09036,0.03254,0.01072,0.15450,0.01640,0.03436,0.00935,0.05321,0.07940,0.02345,0.00622,0.01369,0.00747,0.02024
0.02257,0.08891,0.04363,0.02665,0.20765,0.03626,0.11676,0.02264,0.02742,0.02735,0.00761,0.12758,0.04740,0.02263,0.03979,0.00573,0.04244,0.01857,0.05093,0.01748
0.14401,0.01460,0.04571,0.14745,0.06604,0.03305,0.06436,0.01256,0.03137,0.11736,0.02450,0.02229,0.03780,0.08074,0.04146,0.04942,0.02089,0.00684,0.01886,0.02069
0.40895,0.01668,0.00907,0.00711,0.00851,0.06159,0.01803,0.01252,0.21884,0.01040,0.01619,0.01591,0.00490,0.07925,0.00983,0.07938,0.00577,0.00870,0.00389,0.00448
0.02992,0.03025,0.01603,0.26357,0.14484,0.04968,0.02440,0.01261,0.07918,0.00380,0.02871,0.02914,0.00704,0.03191,0.01910,0.03161,0.00432,0.01352,0.00524,0.17514
0.00698,0.06324,0.00446,0.00760,0.07932,0.00725,0.00832,0.20866,0.01565,0.00580,0.08886,0.45324,0.02066,0.00660,0.00359,0.00265,0.00578,0.00187,0.00630,0.00317
0.03554,0.02101,0.23567,0.08875,0.04975,0.03622,0.06037,0.02448,0.01377,0.12166,0.01227,0.02961,0.01124,0.07000,0.10170,0.01721,0.00835,0.00991,0.03152,0.02098
0.05622,0.01364,0.01772,0.02301,0.09484,0.01083,0.27941,0.05770,0.02777,0.09838,0.02417,0.03690,0.02240,0.01042,0.03328,0.14241,0.00926,0.01351,0.01231,0.01582
0.42444,0.01830,0.01016,0.03219,0.02385,0.06581,0.01786,0.00744,0.23280,0.01579,0.00527,0.03318,0.00335,0.05433,0.01169,0.01683,0.01008,0.00808,0.00353,0.00500
0.21496,0.00479,0.02941,0.03331,0.03550,0.01788,0.03889,0.01754,0.13364,0.02361,0.01184,0.00556,0.00478,0.30149,0.01657,0.08059,0.00560,0.00543,0.01210,0.00651
0.01478,0.01056,0.00965,0.03525,0.15168,0.00788,0.02381,0.33589,0.01626,0.01372,0.01773,0.01282,0.00986,0.05347,0.01812,0.01349,0.16500,0.01827,0.05959,0.01219
0.13114,0.01725,0.01391,0.02702,0.12094,0.06039,0.12510,0.03936,0.07302,0.01665,0.01772,0.02961,0.03152,0.06733,0.09896,0.06794,0.03217,0.00778,0.00945,0.01274
0.02666,0.13236,0.01251,0.16511,0.01736,0.01971,0.07314,0.00921,0.04815,0.02910,0.00809,0.02324,0.01844,0.12266,0.04491,0.01526,0.06712,0.11900,0.00355,0.04441
0.02285,0.02481,0.01466,0.02150,0.21128,0.01906,0.03131,0.09484,0.12660,0.01892,0.02890,0.18716,0.01657,0.04323,0.03208,0.01282,0.01570,0.01879,0.03445,0.02446
0.15185,0.01233,0.00735,0.07210,0.03646,0.26048,0.14721,0.04061,0.05238,0.01386,0.03011,0.07343,0.00382,0.01777,0.03801,0.01634,0.01093,0.00331,0.00489,0.00676
