0.28820,0.25735,0.16489,0.28956
0.32843,0.23878,0.13045,0.30234
0.19836,0.17686,0.20349,0.42129
0.06797,0.06855,0.18819,0.67530
0.08616,0.59588,0.06529,0.25266
0.24998,0.36105,0.02114,0.36783
0.26915,0.39661,0.02232,0.31192
0.04810,0.03906,0.36491,0.54793
0.29024,0.27046,0.09088,0.34842
0.09339,0.03532,0.37796,0.49333
0.18791,0.17260,0.18850,0.45099
0.25050,0.18297,0.21213,0.35440
0.01420,0.01321,0.40985,0.56275
0.06649,0.09850,0.25516,0.57985
0.09877,0.23863,0.12648,0.53612
0.20460,0.07081,0.17051,0.55408
0.05606,0.03279,0.28038,0.63077
0.31297,0.27276,0.06991,0.34436
0.07281,0.26123,0.10279,0.56317
0.05375,0.25529,0.20775,0.48321
0.12504,0.10286,0.18139,0.59071
0.14459,0.13419,0.12971,0.59151
0.05979,0.06457,0.32263,0.55300
0.37803,0.39363,0.03655,0.19179
0.04537,0.02973,0.31241,0.61249
0.07186,0.14582,0.12204,0.66027
0.43796,0.46800,0.01282,0.08122
0.41603,0.35804,0.00824,0.21769
0.04339,0.04019,0.22247,0.69395
0.61325,0.03951,0.02977,0.31747
0.25668,0.48409,0.01400,0.24522
0.09587,0.37424,0.04207,0.48782
0.33901,0.42054,0.05746,0.18299
0.27702,0.17536,0.09055,0.45706
0.01677,0.01470,0.34043,0.62810
0.43353,0.45325,0.02938,0.08384
0.41973,0.45919,0.01837,0.10271
0.01708,0.01663,0.42889,0.53740
0.13219,0.03751,0.14723,0.68307
0.02910,0.10254,0.26094,0.60742
0.22756,0.15286,0.10983,0.50974
0.02077,0.02615,0.36685,0.58623
0.40735,0.40566,0.04231,0.14468
0.10915,0.13711,0.04447,0.70927
0.02341,0.02303,0.32251,0.63105
0.21778,0.25727,0.09031,0.43465
0.00956,0.20529,0.25216,0.53298
0.35598,0.30970,0.08985,0.24447
0.06123,0.04143,0.27531,0.62203
0.25387,0.08508,0.16096,0.50009
0.10040,0.14155,0.18262,0.57543
0.19228,0.20967,0.17805,0.42001
0.09672,0.11853,0.21632,0.56843
0.00734,0.00503,0.39453,0.59310
0.08608,0.05250,0.35287,0.50854
0.06350,0.05433,0.35427,0.52790
0.37827,0.40627,0.03523,0.18023
0.04860,0.05542,0.33821,0.55778
0.10169,0.13799,0.18605,0.57427
0.16609,0.15965,0.04842,0.62583
0.23428,0.21697,0.17843,0.37033
0.19882,0.15755,0.21324,0.43040
0.10712,0.17732,0.17324,0.54233
0.27804,0.33311,0.10779,0.28107
0.39178,0.37304,0.05094,0.18424
0.06643,0.06044,0.34569,0.52745
0.20241,0.17084,0.24095,0.38579
0.07977,0.14257,0.28076,0.49690
0.41155,0.41874,0.03242,0.13730
0.00828,0.01211,0.40903,0.57058
0.17521,0.26045,0.10028,0.46406
0.22153,0.21606,0.13696,0.42545
0.15680,0.18838,0.05621,0.59862
0.36597,0.36382,0.04974,0.22047
0.11275,0.75935,0.01543,0.11248
0.14672,0.16671,0.18207,0.50450
0.01869,0.16380,0.20219,0.61532
0.13999,0.09775,0.14197,0.62029
0.02824,0.30954,0.03764,0.62457
0.12570,0.07896,0.10509,0.69025
0.01541,0.05285,0.38883,0.54292
0.29862,0.33630,0.09426,0.27081
0.27169,0.29486,0.10013,0.33332
0.04848,0.01995,0.27812,0.65345
0.02341,0.02350,0.35570,0.59738
0.26088,0.36715,0.01849,0.35347
0.10767,0.13839,0.03563,0.71831
0.28035,0.21513,0.18652,0.31799
0.22594,0.19227,0.19282,0.38898
0.28326,0.26881,0.15997,0.28797
0.29474,0.31361,0.05088,0.34078
0.13016,0.17276,0.19452,0.50256
0.06920,0.11387,0.17442,0.64251
0.31067,0.36190,0.10140,0.22603
0.08510,0.07141,0.28495,0.55855
0.02325,0.02132,0.31001,0.64543
0.13034,0.12926,0.06367,0.67674
0.19937,0.22631,0.17954,0.39478
0.27146,0.01105,0.12754,0.58994
0.03663,0.21149,0.18124,0.57065
0.05928,0.09730,0.29494,0.54848
0.03617,0.02573,0.30206,0.63604
0.14857,0.26569,0.04936,0.53638
0.03716,0.04633,0.36978,0.54673
0.15304,0.06207,0.20968,0.57521
0.03265,0.02623,0.33603,0.60509
0.14916,0.04801,0.20843,0.59441
0.05761,0.04471,0.26333,0.63435
0.18403,0.24087,0.17463,0.40047
0.01357,0.01809,0.27994,0.68840
0.45128,0.45838,0.01880,0.07154
0.05249,0.01847,0.25307,0.67596
0.04885,0.04034,0.27973,0.63108
0.19052,0.16897,0.09539,0.54511
0.11912,0.80944,0.00755,0.06389
0.00689,0.01143,0.44536,0.53633
0.32588,0.37715,0.04601,0.25097
0.15039,0.12746,0.20055,0.52160
0.38493,0.41023,0.04034,0.16449
0.09550,0.18879,0.17911,0.53659
0.14663,0.09298,0.11464,0.64575
0.34890,0.31835,0.07704,0.25571
0.00640,0.00993,0.43838,0.54528
0.34334,0.39115,0.07296,0.19255
0.14882,0.16433,0.28267,0.40418
0.10592,0.08408,0.33944,0.47056
0.43120,0.42859,0.01984,0.12037
0.32024,0.34568,0.06976,0.26432
0.08166,0.07579,0.20287,0.63969
0.10996,0.03640,0.27672,0.57691
0.26337,0.00778,0.15752,0.57132
0.26928,0.24816,0.18293,0.29963
0.27477,0.34790,0.05567,0.32165
0.20830,0.29655,0.05485,0.44031
0.29228,0.40285,0.02034,0.28453
0.04344,0.05755,0.31021,0.58880
0.10620,0.12055,0.29610,0.47715
0.26272,0.25073,0.07776,0.40879
0.05984,0.02185,0.39760,0.52070
0.03044,0.04262,0.26573,0.66121
0.31309,0.32844,0.07525,0.28322
0.01262,0.01094,0.39878,0.57766
0.47008,0.21018,0.03783,0.28191
0.03240,0.13022,0.23858,0.59880
0.39892,0.41125,0.02013,0.16971
0.15415,0.14518,0.17144,0.52923
0.14262,0.21508,0.22122,0.42107
0.06035,0.06500,0.24159,0.63307
0.07426,0.06676,0.27402,0.58496
0.00943,0.01511,0.35974,0.61571
0.14079,0.61543,0.03263,0.21115
0.19950,0.24441,0.13257,0.42352
0.22843,0.50874,0.03865,0.22418
0.09579,0.04096,0.19462,0.66863
0.05729,0.05572,0.30049,0.58650
0.23411,0.18873,0.03134,0.54582
0.10675,0.06003,0.36922,0.46400
0.62091,0.05083,0.02064,0.30763
0.15776,0.02892,0.14963,0.66369
0.08224,0.06377,0.33373,0.52026
0.41905,0.40443,0.03201,0.14451
0.40688,0.43535,0.02763,0.13014
0.00937,0.26092,0.20566,0.52406
0.15015,0.16752,0.22067,0.46166
0.12512,0.31474,0.10181,0.45833
0.21931,0.05443,0.21010,0.51616
0.18185,0.50986,0.02191,0.28638
0.05891,0.12923,0.15746,0.65440
0.08032,0.01800,0.20329,0.69839
0.03678,0.07655,0.39309,0.49359
0.47595,0.46186,0.01003,0.05217
0.24791,0.30046,0.04256,0.40906
0.12058,0.32833,0.15080,0.40029
0.33062,0.34202,0.04339,0.28397
0.07890,0.09583,0.30425,0.52102
0.10981,0.18122,0.30831,0.40065
0.08058,0.07736,0.24953,0.59252
0.06729,0.30684,0.20114,0.42473
0.11268,0.16231,0.18984,0.53516
0.11567,0.13051,0.18772,0.56610
0.10323,0.06432,0.28619,0.54626
0.11279,0.12496,0.17909,0.58316
0.43305,0.39928,0.02794,0.13973
0.08440,0.11451,0.25501,0.54609
0.19884,0.13668,0.21337,0.45111
0.10478,0.12913,0.31793,0.44816
0.03337,0.13811,0.20100,0.62752
0.15607,0.19452,0.16303,0.48638
0.03051,0.02841,0.40520,0.53587
0.11853,0.15061,0.19161,0.53925
0.12268,0.12743,0.22905,0.52084
0.06695,0.04012,0.33538,0.55755
0.00871,0.01118,0.29382,0.68629
0.34290,0.34012,0.04374,0.27324
0.19059,0.28482,0.05333,0.47126
0.01924,0.02216,0.32153,0.63707
0.33286,0.32770,0.06534,0.27410
0.04990,0.04156,0.34886,0.55967
0.00940,0.00620,0.21480,0.76960
0.23587,0.19385,0.18287,0.38741
0.35518,0.32066,0.10190,0.22226
0.30795,0.35304,0.03181,0.30720
0.05677,0.62110,0.09082,0.23131
0.22767,0.29507,0.13126,0.34600
0.01970,0.02350,0.32987,0.62693
0.06556,0.12622,0.19103,0.61720
0.15581,0.07903,0.11594,0.64922
0.42365,0.46219,0.01925,0.09492
0.04118,0.17080,0.22721,0.56081
0.15260,0.19233,0.22158,0.43348
0.20442,0.19928,0.19017,0.40612
0.17533,0.17112,0.23092,0.42263
0.01245,0.01383,0.33690,0.63683
0.22307,0.21882,0.07687,0.48124
0.35700,0.40236,0.03835,0.20229
0.29537,0.24137,0.14987,0.31339
0.01257,0.00810,0.43075,0.54859
0.44266,0.44470,0.02190,0.09074
0.13704,0.09868,0.06244,0.70183
0.01120,0.00577,0.47534,0.50769
0.04031,0.07573,0.27309,0.61087
0.08604,0.61148,0.05362,0.24886
0.04523,0.11093,0.14878,0.69505
0.13316,0.11109,0.11709,0.63866
0.19435,0.26394,0.13737,0.40434
0.28446,0.24508,0.03806,0.43240
0.12049,0.12288,0.23646,0.52017
0.21054,0.21774,0.14668,0.42504
0.01122,0.02708,0.28897,0.67273
0.07642,0.04515,0.06221,0.81622
0.00660,0.01008,0.44258,0.54075
0.01233,0.01345,0.34187,0.63235
0.21361,0.26620,0.07172,0.44846
0.07978,0.10140,0.19356,0.62526
0.20700,0.47159,0.03975,0.28166
0.02179,0.03420,0.33159,0.61242
0.18660,0.14508,0.26277,0.40555
0.15015,0.09752,0.22090,0.53143
0.15344,0.21450,0.06739,0.56467
0.32747,0.45222,0.03537,0.18494
0.04991,0.08432,0.13801,0.72777
0.32778,0.34775,0.01596,0.30851
0.46318,0.45003,0.01217,0.07462
0.17069,0.10780,0.13134,0.59018
0.24394,0.28257,0.17611,0.29738
0.21654,0.24619,0.09548,0.44179
0.16561,0.19303,0.19210,0.44926
0.00188,0.00205,0.47975,0.51633
0.34966,0.21950,0.10242,0.32842
0.12946,0.18907,0.24812,0.43335
0.12128,0.27446,0.10786,0.49640
0.00433,0.00492,0.29621,0.69454
0.24547,0.28196,0.08567,0.38689
0.35537,0.38869,0.04770,0.20824
0.03681,0.03157,0.31586,0.61576
0.33020,0.35777,0.02658,0.28545
0.08458,0.11631,0.26826,0.53085
0.03019,0.04655,0.27726,0.64600
0.17230,0.13103,0.06430,0.63237
0.28719,0.24793,0.16597,0.29891
0.03254,0.04817,0.36281,0.55648
0.01438,0.26343,0.24811,0.47408
0.18202,0.24831,0.19003,0.37964
0.13257,0.09579,0.07686,0.69478
0.00627,0.00810,0.47444,0.51118
0.21848,0.17661,0.16076,0.44414
0.36888,0.17501,0.02712,0.42899
0.25566,0.36995,0.04365,0.33074
0.31637,0.30489,0.03285,0.34589
0.12276,0.76783,0.01515,0.09426
0.26998,0.36513,0.03919,0.32570
0.01960,0.00856,0.44461,0.52724
0.03539,0.06272,0.28792,0.61398
0.01914,0.04539,0.28784,0.64764
0.21941,0.47510,0.03733,0.26816
0.06340,0.10549,0.27917,0.55193
0.06317,0.13539,0.20920,0.59223
0.07026,0.06805,0.21584,0.64586
0.19238,0.18670,0.12242,0.49851
0.10417,0.19157,0.16504,0.53922
0.00657,0.00851,0.41150,0.57342
0.20317,0.06918,0.04234,0.68531
0.05349,0.04663,0.38064,0.51924
0.07720,0.55709,0.01701,0.34870
0.22722,0.24490,0.09885,0.42903
0.02778,0.51411,0.17965,0.27846
0.36137,0.36816,0.06255,0.20792
0.03024,0.01230,0.43511,0.52236
0.06658,0.08692,0.17832,0.66819
0.12631,0.16131,0.18537,0.52702
0.09498,0.10302,0.31711,0.48489
0.35940,0.42156,0.02399,0.19505
0.03637,0.05479,0.31971,0.58912
0.22486,0.19063,0.19782,0.38669
0.40264,0.39100,0.03347,0.17290
0.26803,0.27552,0.10929,0.34716
0.31918,0.30154,0.01744,0.36184
0.33021,0.31882,0.11901,0.23196
0.02145,0.04503,0.23951,0.69401
0.11293,0.19388,0.18696,0.50623
