0.06348,0.03708,0.03883,0.03750,0.04411,0.04723,0.03759,0.04206,0.04939,0.04884,0.04342,0.04017,0.02523,0.02292,0.07953,0.11805,0.03893,0.04410,0.06352,0.07801
0.05678,0.03809,0.03380,0.03466,0.05663,0.03789,0.03413,0.04378,0.03465,0.06960,0.06306,0.04638,0.02645,0.02839,0.02181,0.04976,0.03858,0.09138,0.07635,0.11780
0.03858,0.04209,0.03393,0.03237,0.05214,0.04018,0.02916,0.03113,0.04299,0.05300,0.03508,0.03163,0.03240,0.03269,0.02312,0.03113,0.03202,0.03663,0.24165,0.10809
0.03307,0.02691,0.02730,0.03187,0.05845,0.05483,0.03660,0.03764,0.07628,0.08561,0.08782,0.08735,0.02687,0.02913,0.03453,0.03751,0.04803,0.06516,0.03503,0.08001
0.05803,0.04326,0.03620,0.03659,0.05895,0.04620,0.05057,0.04182,0.05159,0.04443,0.03135,0.04168,0.03892,0.04052,0.08038,0.02934,0.06358,0.04116,0.04150,0.12392
0.03479,0.03845,0.02849,0.02655,0.02103,0.02356,0.04121,0.03906,0.09923,0.06083,0.02695,0.02677,0.04606,0.03967,0.04452,0.02857,0.02093,0.01955,0.20089,0.13289
0.02630,0.03756,0.03173,0.03443,0.03229,0.03835,0.06143,0.05914,0.05183,0.05079,0.06222,0.06605,0.03248,0.03820,0.03133,0.03425,0.02688,0.02252,0.15436,0.10785
0.04148,0.04593,0.03099,0.03092,0.05824,0.05417,0.02278,0.02306,0.03776,0.04729,0.04043,0.03776,0.03216,0.03367,0.02806,0.03623,0.03147,0.02933,0.24923,0.08902
0.08745,0.03954,0.03376,0.03927,0.04612,0.05591,0.02633,0.02949,0.03452,0.03594,0.06049,0.06707,0.03123,0.03177,0.10621,0.06179,0.04273,0.03588,0.05294,0.08157
0.02991,0.02413,0.20970,0.15692,0.01311,0.01615,0.03333,0.04101,0.01863,0.01724,0.03133,0.03032,0.03219,0.03006,0.02800,0.03128,0.01804,0.01957,0.04848,0.17061
0.02637,0.03563,0.03776,0.03647,0.01775,0.02188,0.02604,0.02508,0.03943,0.03350,0.02325,0.02522,0.02869,0.02484,0.01733,0.02034,0.03050,0.02902,0.37003,0.13087
0.04006,0.04602,0.05424,0.05004,0.02602,0.03390,0.03812,0.03869,0.03968,0.03552,0.04957,0.05671,0.03358,0.03169,0.02253,0.06280,0.03728,0.03984,0.14633,0.11738
0.02427,0.02298,0.02342,0.02382,0.01929,0.02133,0.01812,0.01758,0.05088,0.05758,0.11985,0.19949,0.04278,0.04139,0.01837,0.01776,0.02137,0.01857,0.10941,0.13175
0.05076,0.04180,0.02593,0.02827,0.09773,0.06761,0.03105,0.03952,0.03126,0.05151,0.04699,0.03894,0.02611,0.02726,0.04584,0.05459,0.05080,0.09947,0.06160,0.08298
0.04767,0.04605,0.03422,0.03535,0.03141,0.03070,0.03529,0.03148,0.09347,0.14546,0.05756,0.04987,0.02727,0.02651,0.02474,0.05082,0.02876,0.02817,0.06628,0.10893
0.03310,0.02851,0.01887,0.01770,0.01998,0.02751,0.02682,0.02527,0.04122,0.02672,0.02318,0.02984,0.01898,0.01712,0.03828,0.02604,0.02255,0.01757,0.36567,0.17506
0.01532,0.01924,0.02192,0.02407,0.01727,0.02121,0.02237,0.02599,0.03676,0.02746,0.01400,0.01465,0.01400,0.01258,0.09847,0.12996,0.01256,0.01001,0.03014,0.43201
0.04251,0.02888,0.02749,0.02669,0.02525,0.02754,0.02813,0.03019,0.04994,0.08542,0.05663,0.04546,0.02220,0.02451,0.02505,0.04700,0.02534,0.03474,0.17951,0.16751
0.04343,0.02410,0.02653,0.02806,0.02926,0.03189,0.02666,0.02841,0.03805,0.04363,0.05452,0.04157,0.04252,0.05747,0.03786,0.03481,0.03935,0.05131,0.19622,0.12435
0.02180,0.02859,0.01395,0.01604,0.01905,0.01783,0.01017,0.01112,0.02385,0.04619,0.02576,0.01591,0.03021,0.04310,0.01480,0.01738,0.01521,0.01801,0.25475,0.35628
0.02904,0.04207,0.02942,0.03272,0.04168,0.03760,0.02455,0.02697,0.06916,0.08722,0.05726,0.06500,0.06286,0.07577,0.03624,0.02985,0.04863,0.03962,0.09243,0.07191
0.03342,0.03469,0.02355,0.02557,0.01757,0.02397,0.02817,0.02539,0.02740,0.02471,0.02811,0.03350,0.02965,0.02763,0.01947,0.02351,0.01775,0.01555,0.35950,0.18088
0.02744,0.05528,0.03250,0.03605,0.03050,0.02696,0.02147,0.02461,0.03170,0.04785,0.08821,0.06306,0.04351,0.06673,0.03270,0.02977,0.04547,0.05022,0.15762,0.08835
0.03774,0.03261,0.02546,0.02718,0.04810,0.04541,0.02355,0.02348,0.02534,0.03587,0.07389,0.06127,0.03470,0.04665,0.03018,0.04087,0.03479,0.04679,0.20852,0.09761
0.06589,0.07657,0.05779,0.07374,0.06044,0.05496,0.02624,0.02626,0.02324,0.02912,0.03439,0.03190,0.06925,0.06067,0.05665,0.03056,0.05788,0.04385,0.05123,0.06937
0.03195,0.03312,0.02249,0.02239,0.01638,0.01800,0.03204,0.02996,0.04196,0.02863,0.02193,0.02526,0.02451,0.02260,0.19616,0.02215,0.02048,0.01867,0.17962,0.19169
0.04225,0.03153,0.02350,0.02332,0.04341,0.06159,0.02932,0.02895,0.05179,0.04165,0.02923,0.02855,0.02422,0.02503,0.02077,0.03807,0.02395,0.02557,0.25245,0.15487
0.02816,0.05355,0.02950,0.03271,0.03003,0.03308,0.01812,0.01901,0.03055,0.03644,0.03512,0.03452,0.04482,0.04702,0.02277,0.02263,0.02034,0.01757,0.33107,0.11299
0.04336,0.07331,0.01350,0.01491,0.01958,0.01890,0.15249,0.32092,0.01511,0.01363,0.01196,0.01182,0.02325,0.01977,0.13176,0.02893,0.01442,0.01052,0.00994,0.05191
0.02864,0.03990,0.02846,0.03006,0.05888,0.04623,0.02906,0.02949,0.04095,0.09396,0.03771,0.03280,0.02470,0.02358,0.01995,0.03870,0.02734,0.03050,0.13333,0.20575
0.05025,0.03460,0.04734,0.04279,0.03155,0.04616,0.02223,0.02154,0.05055,0.04616,0.04326,0.04421,0.05325,0.05116,0.04121,0.07432,0.02561,0.02204,0.14954,0.10222
0.06633,0.07527,0.04199,0.04297,0.03257,0.03619,0.07195,0.05977,0.02686,0.02395,0.04041,0.06379,0.06208,0.05887,0.02442,0.04162,0.02840,0.03094,0.06788,0.10375
0.04181,0.04153,0.02731,0.03105,0.03301,0.02777,0.01999,0.02312,0.03317,0.06141,0.06961,0.04012,0.04446,0.05559,0.02033,0.02857,0.02744,0.03077,0.23924,0.10370
0.03267,0.03547,0.02727,0.02638,0.02307,0.02551,0.03383,0.04300,0.03993,0.03772,0.03161,0.03385,0.01566,0.01479,0.09826,0.10780,0.02818,0.03119,0.11468,0.19913
0.05406,0.05243,0.02928,0.02910,0.04118,0.06438,0.03618,0.03745,0.05547,0.04518,0.04938,0.06196,0.02900,0.02661,0.04164,0.04588,0.03140,0.02538,0.13253,0.11152
0.04588,0.03941,0.02872,0.02961,0.02679,0.03167,0.03197,0.02964,0.05444,0.04432,0.05884,0.10927,0.03436,0.03242,0.03347,0.02534,0.03393,0.02666,0.13155,0.15172
0.02656,0.05155,0.02196,0.02404,0.03264,0.02792,0.01427,0.01439,0.02108,0.03345,0.02884,0.02231,0.04254,0.05763,0.01924,0.01995,0.01944,0.02117,0.26982,0.23121
0.02790,0.03881,0.02853,0.03110,0.03436,0.04696,0.02972,0.03215,0.05002,0.03665,0.01937,0.02334,0.01907,0.01818,0.06306,0.27970,0.01825,0.01491,0.06050,0.12743
0.02960,0.03222,0.02760,0.02764,0.03027,0.03418,0.02501,0.02603,0.04645,0.04018,0.04705,0.05565,0.02586,0.02642,0.03822,0.04206,0.02308,0.02155,0.30861,0.09231
0.03148,0.03973,0.02916,0.02544,0.01679,0.02052,0.02084,0.02002,0.04311,0.02741,0.02018,0.02132,0.02602,0.02090,0.17440,0.02869,0.01873,0.01595,0.12905,0.27027
0.03680,0.03564,0.02463,0.02511,0.01920,0.02266,0.02413,0.02391,0.03465,0.03301,0.03984,0.04422,0.08394,0.07477,0.02757,0.02677,0.02588,0.02213,0.25839,0.11675
0.02817,0.06599,0.02198,0.02419,0.02504,0.03364,0.03161,0.03053,0.04078,0.04777,0.04918,0.03699,0.03755,0.03955,0.02546,0.03023,0.02479,0.02114,0.23751,0.14790
0.06681,0.03770,0.03120,0.03314,0.02385,0.02432,0.03510,0.03797,0.04203,0.04050,0.04292,0.04936,0.05170,0.04538,0.03278,0.04437,0.06145,0.05178,0.02547,0.22217
0.03784,0.04372,0.03594,0.04392,0.04869,0.05805,0.03356,0.03645,0.05660,0.05337,0.09126,0.10527,0.03458,0.03136,0.04821,0.02716,0.04420,0.04119,0.03306,0.09557
0.06295,0.06240,0.02904,0.02995,0.04260,0.05630,0.03681,0.03585,0.04459,0.04193,0.04200,0.05580,0.03949,0.03805,0.04885,0.06295,0.03556,0.02799,0.12037,0.08652
0.03865,0.03736,0.06479,0.06024,0.02301,0.02238,0.03584,0.04232,0.04880,0.06030,0.05214,0.04117,0.05608,0.05841,0.03697,0.05069,0.02713,0.03020,0.11967,0.09385
0.06567,0.03311,0.03462,0.03748,0.02373,0.02799,0.03529,0.03788,0.08870,0.11834,0.04459,0.03705,0.03163,0.03026,0.03143,0.04435,0.03745,0.05677,0.04298,0.14070
0.02933,0.02404,0.01277,0.01279,0.01572,0.02872,0.01975,0.01758,0.02699,0.01843,0.01324,0.01716,0.01222,0.01157,0.02762,0.02427,0.01555,0.01156,0.14243,0.51825
0.04640,0.06583,0.05488,0.05457,0.04854,0.06843,0.02601,0.02561,0.05781,0.05371,0.05450,0.06242,0.03918,0.04242,0.03449,0.04362,0.04081,0.03640,0.08157,0.06278
0.03383,0.02794,0.02556,0.02764,0.02737,0.03046,0.24129,0.20790,0.01956,0.01927,0.03215,0.03317,0.02274,0.02126,0.03231,0.03646,0.03393,0.02915,0.03681,0.06119
0.03648,0.03051,0.01929,0.02084,0.03863,0.03142,0.01622,0.01856,0.02468,0.04767,0.07147,0.03444,0.03143,0.03836,0.01740,0.03313,0.03103,0.04257,0.23407,0.18180
0.03464,0.04127,0.03412,0.03534,0.03884,0.03403,0.02451,0.02467,0.06326,0.06324,0.07059,0.05535,0.04603,0.05056,0.04372,0.02974,0.03541,0.03039,0.14758,0.09672
0.02390,0.06790,0.02580,0.02936,0.03060,0.03111,0.02182,0.02180,0.02875,0.03961,0.05149,0.03636,0.04264,0.06223,0.02478,0.02430,0.02312,0.02229,0.26853,0.12360
0.04477,0.03615,0.04956,0.04726,0.03096,0.04163,0.02901,0.02719,0.09427,0.07713,0.03965,0.04693,0.03803,0.03514,0.02431,0.05318,0.02640,0.02375,0.07930,0.15535
0.03797,0.03063,0.03591,0.04032,0.02972,0.03400,0.02606,0.03357,0.03782,0.04937,0.05530,0.04066,0.03621,0.03778,0.02239,0.04763,0.02875,0.03835,0.19646,0.14107
0.03362,0.03290,0.04550,0.04272,0.06317,0.07994,0.03782,0.03524,0.08796,0.07474,0.03287,0.03912,0.03678,0.04023,0.04908,0.04565,0.03092,0.02716,0.08295,0.08162
0.02873,0.01962,0.02858,0.03063,0.03031,0.02779,0.02293,0.02718,0.02599,0.03642,0.07867,0.05377,0.03497,0.03848,0.02423,0.02725,0.02272,0.02246,0.26455,0.15470
0.02572,0.02551,0.01465,0.01475,0.01996,0.02531,0.02668,0.02911,0.10731,0.05220,0.01857,0.01995,0.02931,0.02798,0.03792,0.02291,0.01705,0.01341,0.07959,0.39212
0.04074,0.03324,0.02940,0.02877,0.02520,0.02431,0.02324,0.02570,0.03215,0.04143,0.03946,0.03267,0.03115,0.04032,0.03294,0.03722,0.02799,0.03327,0.31352,0.10728
0.08736,0.10838,0.02878,0.02970,0.07366,0.13739,0.02642,0.02571,0.02706,0.02726,0.02401,0.02712,0.03134,0.02979,0.07235,0.04956,0.04837,0.03580,0.03953,0.07042
0.04119,0.04774,0.02596,0.02709,0.04274,0.03762,0.02133,0.02147,0.03000,0.03453,0.04572,0.04510,0.04635,0.05542,0.03108,0.02463,0.02348,0.02252,0.27168,0.10435
0.04158,0.03732,0.03170,0.03003,0.04039,0.04034,0.02274,0.02384,0.05042,0.05600,0.05149,0.04499,0.03763,0.03877,0.02950,0.03709,0.02974,0.02930,0.24634,0.08081
0.05601,0.03521,0.03922,0.04448,0.02819,0.03425,0.02782,0.03329,0.03267,0.02755,0.04626,0.03779,0.02261,0.02015,0.25105,0.03598,0.03127,0.04150,0.05306,0.10167
0.03071,0.04156,0.02280,0.02543,0.03012,0.03072,0.02238,0.02334,0.03660,0.05415,0.03914,0.03495,0.03278,0.03973,0.02452,0.02241,0.02443,0.02827,0.32143,0.11453
0.03577,0.04474,0.03605,0.03765,0.03423,0.03524,0.02900,0.02773,0.06894,0.05331,0.04120,0.04222,0.04275,0.04186,0.06025,0.03086,0.03532,0.02928,0.17405,0.09957
0.04264,0.11277,0.03618,0.03558,0.03311,0.03580,0.02517,0.02355,0.04200,0.04257,0.04082,0.03689,0.05108,0.05793,0.03858,0.03141,0.03612,0.03371,0.17343,0.07065
0.03173,0.02580,0.04787,0.04582,0.02605,0.02948,0.04132,0.04068,0.03649,0.03157,0.02855,0.03773,0.02698,0.02635,0.04958,0.02401,0.02634,0.02259,0.15481,0.24625
0.03781,0.03044,0.02809,0.02898,0.02350,0.02845,0.05864,0.05540,0.04711,0.03502,0.03732,0.04330,0.02427,0.02186,0.07028,0.04175,0.04332,0.03530,0.14080,0.16837
0.02274,0.02539,0.03162,0.03762,0.20498,0.19372,0.01870,0.01815,0.02841,0.03335,0.01923,0.01688,0.03143,0.03312,0.02666,0.02626,0.02126,0.01872,0.07727,0.11452
0.03063,0.02744,0.02035,0.02280,0.01807,0.01932,0.01764,0.01995,0.03324,0.04033,0.18321,0.20969,0.03642,0.04140,0.01819,0.01936,0.02452,0.02160,0.09140,0.10443
0.03806,0.06446,0.02774,0.02584,0.03347,0.06415,0.05060,0.04548,0.09161,0.05173,0.02550,0.03314,0.02812,0.02715,0.05085,0.06424,0.03270,0.02446,0.10335,0.11735
0.03067,0.02484,0.02464,0.02460,0.02402,0.02973,0.01979,0.01823,0.03126,0.02962,0.02677,0.03307,0.04238,0.03831,0.02701,0.02437,0.02157,0.01773,0.37769,0.13370
0.02431,0.02772,0.02227,0.02137,0.01542,0.02568,0.02043,0.01827,0.02649,0.01844,0.01396,0.01801,0.02116,0.01818,0.03781,0.03220,0.01565,0.01221,0.27414,0.33627
0.03368,0.04049,0.03354,0.03766,0.03790,0.03820,0.01995,0.01964,0.05013,0.06330,0.06106,0.04672,0.04299,0.05060,0.03643,0.04532,0.02870,0.02665,0.17624,0.11081
0.03174,0.03728,0.02624,0.02709,0.02574,0.02558,0.02018,0.01961,0.04780,0.04460,0.03727,0.03382,0.03462,0.03591,0.03331,0.02622,0.02557,0.02464,0.33697,0.10579
0.02927,0.03076,0.02154,0.02284,0.01896,0.02504,0.09915,0.09272,0.03114,0.02356,0.04614,0.07425,0.02255,0.02119,0.02199,0.02754,0.02190,0.01928,0.17029,0.17992
0.04173,0.44874,0.01941,0.01997,0.01863,0.01752,0.02435,0.02470,0.03407,0.02434,0.01785,0.02071,0.02186,0.02090,0.02294,0.02242,0.02057,0.02300,0.06742,0.08890
0.03248,0.05717,0.14018,0.16969,0.02701,0.02779,0.03378,0.03134,0.03487,0.04203,0.02565,0.02856,0.02538,0.02690,0.01507,0.02441,0.01946,0.01798,0.08005,0.14021
0.02993,0.04490,0.02561,0.02582,0.01976,0.02320,0.02232,0.02218,0.04002,0.03122,0.02945,0.03348,0.02402,0.02275,0.02750,0.02766,0.01746,0.01597,0.36379,0.15296
0.03882,0.04580,0.03420,0.03606,0.02137,0.02778,0.03609,0.03498,0.04394,0.03371,0.02844,0.03488,0.03005,0.02708,0.03162,0.02858,0.02997,0.02582,0.18942,0.22137
0.02976,0.03366,0.02658,0.02798,0.02087,0.02752,0.02950,0.02773,0.02781,0.02322,0.02056,0.02373,0.02695,0.02423,0.02657,0.02124,0.01932,0.01660,0.22838,0.31778
0.02770,0.03689,0.02649,0.02781,0.02693,0.02387,0.02086,0.02160,0.02758,0.04125,0.04564,0.03835,0.06974,0.10216,0.03483,0.02165,0.02936,0.03374,0.24582,0.09774
0.03570,0.03416,0.02482,0.02735,0.02263,0.02514,0.02813,0.02910,0.03674,0.03755,0.03331,0.03356,0.03631,0.03176,0.03429,0.02723,0.03225,0.02563,0.18672,0.25763
0.03186,0.02849,0.01708,0.01712,0.02625,0.02246,0.01559,0.01666,0.01955,0.03528,0.04347,0.02577,0.03183,0.03682,0.02067,0.02076,0.02603,0.03224,0.37536,0.15673
0.07098,0.04657,0.06027,0.05897,0.06684,0.06516,0.03133,0.03473,0.02394,0.02939,0.05029,0.04627,0.05164,0.04477,0.04639,0.04935,0.05018,0.05311,0.05766,0.06217
0.02921,0.04689,0.02009,0.02116,0.02404,0.02652,0.04012,0.03839,0.03615,0.03329,0.04304,0.05040,0.03101,0.02809,0.02344,0.02409,0.03072,0.02518,0.33411,0.09405
0.03588,0.02264,0.03910,0.03821,0.03617,0.03476,0.04325,0.05598,0.05591,0.09797,0.08807,0.04505,0.02959,0.03216,0.02184,0.06513,0.02919,0.05049,0.08752,0.09111
0.03763,0.06024,0.02712,0.02754,0.03288,0.03434,0.03430,0.03363,0.04313,0.05122,0.03610,0.03902,0.04152,0.04490,0.03685,0.03183,0.03442,0.03640,0.23552,0.08142
0.03690,0.05223,0.01876,0.02027,0.01790,0.01986,0.02034,0.02192,0.03436,0.02471,0.02605,0.02922,0.01686,0.01677,0.47677,0.02146,0.02547,0.02247,0.03784,0.05984
0.04537,0.02643,0.03086,0.03359,0.02606,0.03091,0.06999,0.06343,0.06808,0.06925,0.03925,0.03617,0.05631,0.04575,0.04268,0.05248,0.06048,0.04325,0.03089,0.12877
0.02507,0.01825,0.02779,0.03186,0.01944,0.03742,0.02861,0.02805,0.10356,0.07894,0.02057,0.02309,0.01229,0.01186,0.01966,0.37464,0.01322,0.01284,0.01582,0.09703
0.02741,0.03880,0.03241,0.03166,0.02533,0.02596,0.02565,0.02467,0.02875,0.03453,0.03980,0.03552,0.03837,0.03861,0.02081,0.02432,0.03298,0.03159,0.35444,0.08841
0.04677,0.04600,0.02157,0.02158,0.02794,0.02836,0.02316,0.02928,0.02950,0.03630,0.03941,0.03879,0.02225,0.02298,0.02322,0.04199,0.02878,0.04817,0.18314,0.24081
0.03752,0.05605,0.01973,0.01867,0.01406,0.01620,0.03055,0.03237,0.03728,0.02604,0.02547,0.02653,0.02788,0.02457,0.39463,0.01795,0.02177,0.01668,0.04703,0.10900
0.04031,0.05999,0.02879,0.03173,0.02916,0.02939,0.02851,0.03249,0.03234,0.04305,0.04218,0.04129,0.02426,0.02667,0.15122,0.06272,0.03640,0.04699,0.07280,0.13970
0.05052,0.04233,0.05746,0.06011,0.03403,0.05336,0.03427,0.03567,0.02103,0.02217,0.10075,0.17060,0.02734,0.02658,0.03290,0.03060,0.02792,0.02604,0.06359,0.08272
0.04053,0.04157,0.02861,0.03021,0.02846,0.03908,0.04056,0.03916,0.03886,0.02685,0.03668,0.05788,0.02941,0.02667,0.05764,0.02925,0.03047,0.02445,0.19242,0.16123
0.03913,0.03115,0.03037,0.03295,0.02283,0.02706,0.02242,0.02628,0.03901,0.03658,0.06435,0.05146,0.12226,0.14158,0.03087,0.02990,0.02882,0.02823,0.10172,0.09304
0.03110,0.03440,0.06577,0.06032,0.03297,0.04191,0.07804,0.07214,0.06609,0.04911,0.04405,0.05839,0.03091,0.02836,0.03532,0.07356,0.03502,0.03035,0.06417,0.06803
0.03759,0.04946,0.02585,0.02371,0.01834,0.02376,0.03391,0.03123,0.11348,0.05481,0.02151,0.02628,0.02467,0.02395,0.03618,0.03134,0.02509,0.02048,0.15951,0.21885
