0.13041,0.00040,0.22641,0.02471,0.02098,0.00000,0.11804,0.00003,0.01021,0.01204,0.04619,0.41059
0.43055,0.01635,0.14369,0.01988,0.12514,0.09116,0.07758,0.00000,0.00005,0.00011,0.00000,0.09549
0.14303,0.14835,0.17720,0.01920,0.18393,0.00438,0.25777,0.00001,0.04815,0.00175,0.00000,0.01623
0.10298,0.01332,0.39693,0.07070,0.03131,0.01052,0.15161,0.00017,0.08304,0.13937,0.00000,0.00003
0.01827,0.22024,0.21579,0.10287,0.05215,0.00000,0.27210,0.00000,0.09913,0.01734,0.00123,0.00088
0.23243,0.00152,0.27961,0.00398,0.03539,0.00276,0.06315,0.00027,0.16190,0.21627,0.00208,0.00065
0.09494,0.03706,0.00914,0.00186,0.00255,0.09959,0.26728,0.00001,0.14803,0.07178,0.26777,0.00000
0.12155,0.06756,0.00968,0.40313,0.01041,0.25392,0.01375,0.00042,0.03819,0.03047,0.00073,0.05019
0.27936,0.25382,0.07165,0.14365,0.03699,0.13147,0.01240,0.00000,0.03350,0.00000,0.00002,0.03714
0.03842,0.00003,0.09040,0.21453,0.19373,0.01722,0.25325,0.00001,0.02179,0.12682,0.03974,0.00405
0.07613,0.09435,0.01712,0.03171,0.00070,0.34377,0.08847,0.00000,0.06300,0.16031,0.00513,0.11931
0.31182,0.00038,0.01708,0.00419,0.07966,0.00072,0.09677,0.00000,0.47857,0.01077,0.00000,0.00004
0.21319,0.11209,0.05200,0.10384,0.07413,0.06422,0.07008,0.00000,0.20687,0.00036,0.02263,0.08058
0.03424,0.00099,0.07474,0.00489,0.33494,0.00105,0.09230,0.00000,0.00427,0.02326,0.02178,0.40756
0.02883,0.01130,0.21586,0.31484,0.01384,0.00698,0.16891,0.00001,0.19001,0.04900,0.00010,0.00032
0.14635,0.38792,0.03587,0.00815,0.06232,0.01126,0.07364,0.00000,0.22168,0.04739,0.00001,0.00542
0.10567,0.03783,0.15812,0.05591,0.02215,0.01140,0.40139,0.00064,0.03454,0.02587,0.02208,0.12440
0.29686,0.01510,0.02113,0.27452,0.03312,0.00000,0.03761,0.00000,0.01566,0.08324,0.21085,0.01191
0.10979,0.00012,0.00393,0.17858,0.14011,0.00821,0.19226,0.00000,0.12877,0.23236,0.00516,0.00069
0.29131,0.16601,0.08906,0.00243,0.35747,0.01745,0.00886,0.00041,0.05547,0.01134,0.00000,0.00019
0.40748,0.06480,0.06335,0.01893,0.00000,0.00002,0.22832,0.00000,0.05297,0.00737,0.01197,0.14478
0.22533,0.02000,0.47253,0.16204,0.00518,0.00960,0.04578,0.00077,0.00722,0.01942,0.02910,0.00302
0.30573,0.00003,0.18015,0.21080,0.00081,0.01286,0.03546,0.00000,0.11011,0.11673,0.02339,0.00393
0.21194,0.00397,0.24698,0.12289,0.00884,0.00714,0.14753,0.00000,0.00132,0.02820,0.02004,0.20114
0.02968,0.00035,0.41760,0.26718,0.00551,0.01303,0.00605,0.00069,0.00002,0.22159,0.00033,0.03798
0.46580,0.00176,0.08109,0.10143,0.00054,0.08504,0.04799,0.00110,0.03393,0.01048,0.16031,0.01052
0.22648,0.04472,0.48461,0.01245,0.07102,0.02951,0.06064,0.00000,0.02630,0.04292,0.00133,0.00000
0.35131,0.00035,0.01277,0.21590,0.17410,0.02073,0.06579,0.00000,0.09740,0.02316,0.00082,0.03769
0.19784,0.11502,0.19702,0.00795,0.01217,0.00040,0.07619,0.08569,0.00077,0.11641,0.19031,0.00022
0.29044,0.14428,0.06789,0.06073,0.36369,0.01071,0.02261,0.00000,0.02644,0.00701,0.00478,0.00143
0.29801,0.14178,0.11375,0.02809,0.03473,0.00203,0.19090,0.00000,0.00010,0.19057,0.00000,0.00005
0.05492,0.00044,0.10044,0.23014,0.11447,0.00000,0.10673,0.00000,0.29544,0.00939,0.02910,0.05892
0.21711,0.17703,0.02616,0.18564,0.01508,0.07335,0.00423,0.00000,0.16742,0.11005,0.02393,0.00000
0.32265,0.02194,0.00448,0.24625,0.00580,0.00050,0.19789,0.00000,0.09858,0.06119,0.02401,0.01671
0.17529,0.00752,0.07975,0.12677,0.07600,0.14545,0.19318,0.00000,0.06505,0.12898,0.00014,0.00186
0.61221,0.00023,0.00794,0.22610,0.01252,0.07395,0.03588,0.00000,0.00914,0.00372,0.01553,0.00277
0.08666,0.00332,0.27012,0.19135,0.36552,0.00093,0.00125,0.00005,0.02539,0.00032,0.04988,0.00522
0.32647,0.00041,0.11884,0.09799,0.17259,0.05400,0.07586,0.00000,0.05716,0.03611,0.06050,0.00006
0.24968,0.21934,0.09254,0.15723,0.00642,0.00197,0.25302,0.00000,0.00075,0.00428,0.00416,0.01061
0.44907,0.35604,0.05647,0.02212,0.00358,0.00008,0.03543,0.00000,0.04489,0.01478,0.00529,0.01225
0.15019,0.11902,0.39325,0.00033,0.25249,0.00366,0.00025,0.00000,0.06955,0.00525,0.00529,0.00072
0.04385,0.05717,0.24679,0.00269,0.04664,0.00055,0.13116,0.00000,0.27480,0.00004,0.16963,0.02668
0.02184,0.04953,0.19525,0.10547,0.00919,0.00391,0.14420,0.00000,0.27819,0.08172,0.10060,0.01010
0.29031,0.09846,0.19521,0.21078,0.00011,0.05265,0.04594,0.00000,0.08503,0.00359,0.00028,0.01765
0.02555,0.01664,0.38723,0.06749,0.02909,0.00795,0.11920,0.00000,0.00391,0.33830,0.00041,0.00422
0.01797,0.29220,0.46451,0.09328,0.00909,0.02850,0.03601,0.00000,0.01387,0.03133,0.01277,0.00046
0.21282,0.01240,0.04165,0.06793,0.22970,0.03862,0.11434,0.00000,0.13062,0.00449,0.01848,0.12896
0.24186,0.02477,0.02089,0.27766,0.07887,0.01430,0.02863,0.00000,0.10105,0.00035,0.00004,0.21158
0.07139,0.00033,0.25789,0.53066,0.00200,0.01242,0.03268,0.00000,0.06641,0.00143,0.00957,0.01522
0.07523,0.04750,0.20191,0.43031,0.03298,0.00014,0.06880,0.00111,0.14098,0.00001,0.00062,0.00043
0.02419,0.01251,0.32534,0.22732,0.16875,0.00000,0.04132,0.00000,0.07177,0.00017,0.00001,0.12862
0.19957,0.00000,0.12311,0.17913,0.22385,0.00000,0.18019,0.00000,0.00726,0.03940,0.04679,0.00068
0.32429,0.00464,0.20734,0.08352,0.01597,0.00001,0.16672,0.00000,0.05275,0.04887,0.01144,0.08445
0.08133,0.00035,0.25531,0.12548,0.11040,0.16923,0.18060,0.00049,0.03441,0.00742,0.01971,0.01526
0.07276,0.10331,0.22201,0.08039,0.25750,0.00195,0.07994,0.00001,0.15481,0.00146,0.00042,0.02544
0.33760,0.03147,0.29480,0.08814,0.01274,0.04951,0.03885,0.00000,0.06280,0.08363,0.00046,0.00000
0.02999,0.13121,0.02913,0.03914,0.55041,0.00007,0.00704,0.05360,0.01123,0.12210,0.00776,0.01833
0.08665,0.20106,0.32587,0.01615,0.00027,0.01050,0.05480,0.00000,0.05304,0.00632,0.24253,0.00281
0.09212,0.00924,0.17743,0.05337,0.00165,0.01457,0.40053,0.01753,0.03886,0.00666,0.00324,0.18479
0.57496,0.01180,0.08498,0.17299,0.00291,0.00002,0.01185,0.01948,0.00331,0.00274,0.11495,0.00000
0.47960,0.00059,0.02630,0.01408,0.15723,0.05480,0.07796,0.00000,0.00426,0.04683,0.00016,0.13819
0.28542,0.00252,0.36940,0.00327,0.07702,0.00000,0.00167,0.00000,0.23596,0.00767,0.01394,0.00312
0.05906,0.01340,0.10242,0.00985,0.07073,0.00703,0.30172,0.00000,0.39789,0.00000,0.00000,0.03789
0.08621,0.09012,0.17150,0.01613,0.02992,0.00147,0.36315,0.00000,0.00207,0.19242,0.03207,0.01496
0.08249,0.00017,0.58753,0.02408,0.06440,0.00005,0.14636,0.00000,0.09094,0.00020,0.00000,0.00379
0.02308,0.01491,0.06913,0.53695,0.00095,0.07455,0.16395,0.07970,0.02206,0.01420,0.00043,0.00009
0.01788,0.06786,0.04783,0.36920,0.13165,0.02793,0.22954,0.00000,0.03864,0.04966,0.00003,0.01977
0.58324,0.09438,0.09436,0.10979,0.00436,0.00769,0.03337,0.00128,0.05422,0.00514,0.01010,0.00207
0.09661,0.16729,0.19207,0.14099,0.25399,0.00258,0.10003,0.00000,0.03401,0.00016,0.00152,0.01074
0.01151,0.32690,0.14831,0.16946,0.10449,0.00078,0.05360,0.00009,0.01703,0.12082,0.04699,0.00001
0.40947,0.11128,0.04396,0.01244,0.07599,0.01105,0.07988,0.00004,0.14146,0.09966,0.01477,0.00000
0.27955,0.00206,0.03064,0.39402,0.00384,0.06073,0.01424,0.00000,0.09707,0.01280,0.01448,0.09057
0.42438,0.08246,0.10496,0.01752,0.10836,0.00144,0.03239,0.00000,0.01462,0.00117,0.15895,0.05376
0.02416,0.00006,0.05111,0.44982,0.09731,0.00023,0.32745,0.00000,0.04954,0.00034,0.00000,0.00000
0.02401,0.08639,0.16250,0.26200,0.05583,0.01326,0.17221,0.00000,0.06299,0.12314,0.00627,0.03140
0.47694,0.00026,0.07565,0.12651,0.01537,0.16743,0.02569,0.00000,0.06576,0.00045,0.00002,0.04590
0.27589,0.24574,0.02496,0.04910,0.11547,0.03011,0.00107,0.00002,0.01363,0.23352,0.00006,0.01043
0.02190,0.00364,0.07895,0.45620,0.01209,0.00016,0.08685,0.00009,0.15628,0.00718,0.00683,0.16983
0.05100,0.29069,0.07192,0.31429,0.02563,0.00772,0.11499,0.00000,0.00601,0.08769,0.00138,0.02869
0.04850,0.07309,0.25556,0.06044,0.00020,0.12068,0.23486,0.00000,0.02139,0.13487,0.00019,0.05023
0.46093,0.04231,0.19219,0.01945,0.00351,0.01387,0.10750,0.00000,0.10531,0.05464,0.00000,0.00029
0.16224,0.09626,0.09904,0.31051,0.01482,0.06070,0.01417,0.00002,0.14557,0.00018,0.03390,0.06259
0.01027,0.01040,0.12819,0.06478,0.00539,0.17625,0.09816,0.00000,0.01254,0.17088,0.07217,0.25097
0.15995,0.00054,0.06315,0.25231,0.30575,0.00000,0.04241,0.00000,0.01950,0.07108,0.04981,0.03548
0.35427,0.01261,0.12001,0.05745,0.01548,0.01127,0.26587,0.00000,0.12552,0.03125,0.00457,0.00169
0.48099,0.24170,0.00952,0.02090,0.00516,0.00000,0.02651,0.00029,0.21329,0.00163,0.00002,0.00000
0.07479,0.02658,0.07003,0.26428,0.13499,0.00452,0.13530,0.11101,0.10207,0.06255,0.01001,0.00388
0.05268,0.00211,0.02711,0.06293,0.15783,0.00685,0.09595,0.00000,0.04320,0.03356,0.10509,0.41270
0.24671,0.32640,0.06483,0.07637,0.01757,0.00004,0.13905,0.00000,0.06036,0.03616,0.03175,0.00075
0.24935,0.31818,0.00781,0.04777,0.00086,0.00044,0.01368,0.00000,0.03262,0.00545,0.07510,0.24874
0.08814,0.06218,0.32127,0.01099,0.21007,0.01281,0.00583,0.00000,0.16029,0.12685,0.00150,0.00007
0.38432,0.15509,0.00019,0.15074,0.25345,0.00049,0.02703,0.00000,0.01965,0.00128,0.00612,0.00163
0.39836,0.01245,0.06842,0.41485,0.00525,0.00003,0.01984,0.00000,0.01209,0.00000,0.06035,0.00836
0.01058,0.02060,0.04481,0.62783,0.05645,0.00017,0.18756,0.00000,0.00110,0.00001,0.00204,0.04887
0.01309,0.00666,0.37002,0.11464,0.11102,0.16485,0.01889,0.01622,0.07411,0.00015,0.04552,0.06483
0.40534,0.00003,0.03608,0.00558,0.02759,0.04776,0.32190,0.00000,0.11226,0.01436,0.00674,0.02236
0.03038,0.29184,0.15809,0.01596,0.03317,0.00906,0.29657,0.00000,0.13397,0.01456,0.01638,0.00002
0.22801,0.15517,0.20283,0.14850,0.02385,0.00832,0.03737,0.00000,0.00523,0.10319,0.08754,0.00000
0.37089,0.09830,0.04793,0.02934,0.04083,0.00013,0.06801,0.14018,0.04138,0.00011,0.15966,0.00325
0.84183,0.00030,0.01724,0.00972,0.02808,0.00014,0.00584,0.04579,0.01974,0.02053,0.01078,0.00000
0.26624,0.26539,0.05151,0.02531,0.00990,0.00075,0.22570,0.00000,0.10328,0.01879,0.00000,0.03314
0.18466,0.00164,0.03275,0.05193,0.57358,0.03061,0.01354,0.00000,0.02871,0.03188,0.00078,0.04992
0.04395,0.00412,0.15311,0.18715,0.01740,0.15486,0.15082,0.00000,0.24757,0.01115,0.00027,0.02959
0.14007,0.05015,0.06466,0.10393,0.11678,0.00001,0.00779,0.00000,0.35995,0.08026,0.04113,0.03528
0.13942,0.00120,0.57245,0.20647,0.01382,0.00328,0.00284,0.00000,0.05640,0.00074,0.00085,0.00253
0.04216,0.12605,0.24500,0.35174,0.04131,0.00404,0.17942,0.00000,0.00145,0.00794,0.00000,0.00089
0.18036,0.02842,0.02240,0.29980,0.11989,0.12180,0.08110,0.00056,0.10524,0.04002,0.00003,0.00037
0.24297,0.11507,0.00134,0.24058,0.00756,0.00000,0.24530,0.00000,0.00909,0.03857,0.00023,0.09930
0.11459,0.00892,0.05872,0.07563,0.01657,0.00010,0.04886,0.00000,0.00359,0.00026,0.32714,0.34562
0.08486,0.12436,0.33226,0.08214,0.11475,0.00689,0.00966,0.01546,0.12344,0.00011,0.01357,0.09251
0.03527,0.10858,0.03776,0.01667,0.11414,0.00987,0.07393,0.05071,0.03490,0.47748,0.02884,0.01185
0.28595,0.03089,0.13218,0.00356,0.03970,0.00000,0.13805,0.00000,0.03972,0.24171,0.08336,0.00488
0.05687,0.01628,0.02589,0.55742,0.16092,0.02243,0.10691,0.00000,0.01421,0.01311,0.00604,0.01994
0.17437,0.00158,0.33480,0.08004,0.10140,0.01618,0.00754,0.00000,0.08560,0.19630,0.00167,0.00052
0.04770,0.02314,0.35476,0.11983,0.21610,0.04756,0.00399,0.01580,0.00002,0.17106,0.00003,0.00000
0.32985,0.06225,0.03398,0.02371,0.06021,0.13858,0.19311,0.00000,0.02021,0.13303,0.00051,0.00457
0.44321,0.09951,0.14435,0.01365,0.00126,0.00013,0.20447,0.00000,0.04500,0.00069,0.00023,0.04751
0.04177,0.01496,0.09477,0.35266,0.21597,0.05177,0.04047,0.01279,0.00631,0.14465,0.00002,0.02386
0.13777,0.03512,0.17272,0.25763,0.02443,0.24714,0.02639,0.00000,0.03727,0.04803,0.00006,0.01344
0.14198,0.00010,0.25884,0.11179,0.28308,0.00009,0.04593,0.00000,0.04039,0.00104,0.08824,0.02851
0.05410,0.02813,0.53558,0.14524,0.00723,0.00000,0.01636,0.00000,0.15596,0.00587,0.01338,0.03815
0.10752,0.11549,0.08062,0.42267,0.16819,0.00267,0.04914,0.00087,0.05251,0.00000,0.00016,0.00015
0.38832,0.09919,0.30316,0.01602,0.00001,0.04212,0.03496,0.00000,0.09593,0.00000,0.00031,0.01998
0.30084,0.12287,0.12354,0.06878,0.06084,0.00000,0.13962,0.00076,0.05090,0.11130,0.00818,0.01237
0.06488,0.00155,0.04544,0.26857,0.07734,0.10154,0.03891,0.00002,0.05290,0.29793,0.00247,0.04844
0.22895,0.00209,0.07635,0.01508,0.50030,0.00399,0.05191,0.00000,0.11491,0.00026,0.00000,0.00616
0.10342,0.00422,0.11641,0.29537,0.00024,0.00508,0.03262,0.00000,0.13430,0.00637,0.21367,0.08830
0.12062,0.01893,0.09839,0.07927,0.00012,0.22674,0.17006,0.00000,0.26058,0.00011,0.02506,0.00012
0.06426,0.23670,0.07361,0.13157,0.10162,0.02862,0.03148,0.00148,0.23529,0.02956,0.06567,0.00016
0.03256,0.00050,0.01940,0.25993,0.00929,0.00063,0.40490,0.00000,0.21160,0.00000,0.02906,0.03213
0.13624,0.09314,0.01116,0.15952,0.16022,0.04247,0.26527,0.00741,0.00357,0.09698,0.02398,0.00003
0.05213,0.15344,0.31057,0.14960,0.05376,0.01486,0.15956,0.00000,0.02819,0.01405,0.04583,0.01800
0.03396,0.31936,0.15406,0.29617,0.00535,0.00037,0.00102,0.00000,0.13537,0.00284,0.00027,0.05122
0.12299,0.10218,0.46281,0.00423,0.08614,0.12138,0.03420,0.00000,0.01962,0.04636,0.00001,0.00008
0.15445,0.00153,0.49057,0.04133,0.10707,0.01096,0.15133,0.00383,0.02533,0.01173,0.00005,0.00181
0.09289,0.02875,0.01415,0.21571,0.15641,0.01098,0.11266,0.00000,0.36295,0.00483,0.00058,0.00009
0.02166,0.00002,0.13423,0.00002,0.56084,0.00929,0.13502,0.00000,0.00999,0.00048,0.00000,0.12846
0.33999,0.03819,0.09747,0.13637,0.00947,0.01445,0.11902,0.00000,0.19516,0.03132,0.00000,0.01857
0.03116,0.21361,0.01451,0.12255,0.39107,0.03572,0.05695,0.00005,0.01009,0.05416,0.00489,0.06525
0.29657,0.24959,0.05745,0.18811,0.05731,0.00000,0.03318,0.00000,0.01202,0.01059,0.00140,0.09378
0.16383,0.00092,0.22206,0.00007,0.00304,0.00126,0.29110,0.00000,0.14939,0.07182,0.09583,0.00068
0.15049,0.00002,0.13869,0.52634,0.03097,0.00000,0.01599,0.11528,0.00096,0.00013,0.01585,0.00529
0.23184,0.08542,0.05602,0.14543,0.23498,0.00029,0.04039,0.00000,0.03832,0.09072,0.04462,0.03197
0.24837,0.04154,0.27699,0.04821,0.11295,0.09393,0.03637,0.00001,0.00684,0.12766,0.00644,0.00069
0.08032,0.12133,0.00785,0.05382,0.03122,0.00001,0.33894,0.00000,0.33761,0.00252,0.02630,0.00007
0.19970,0.01338,0.00034,0.00238,0.19400,0.25144,0.03081,0.00022,0.30719,0.00001,0.00050,0.00003
0.01093,0.18320,0.09129,0.00519,0.01457,0.08250,0.08902,0.00000,0.04710,0.45423,0.00000,0.02197
0.09983,0.01876,0.08480,0.36676,0.00252,0.00001,0.05176,0.00000,0.16092,0.14445,0.07017,0.00000
0.35222,0.00521,0.12297,0.18422,0.06599,0.00000,0.02794,0.00000,0.00024,0.22827,0.00198,0.01097
0.17875,0.13243,0.19650,0.06384,0.18535,0.01039,0.11705,0.00001,0.10038,0.00009,0.01520,0.00001
0.47180,0.03143,0.10782,0.07261,0.02820,0.00006,0.08698,0.00000,0.12874,0.00106,0.03731,0.03399
0.08960,0.00142,0.08688,0.01112,0.30141,0.10619,0.08197,0.00001,0.26279,0.05172,0.00234,0.00456
0.41092,0.01768,0.08806,0.03619,0.03929,0.24210,0.05502,0.00001,0.02821,0.07401,0.00625,0.00224
0.14430,0.02615,0.09507,0.06730,0.18082,0.00214,0.02634,0.00000,0.00864,0.00005,0.16485,0.28435
0.03330,0.10084,0.30323,0.14610,0.03632,0.01944,0.10860,0.00130,0.00000,0.07931,0.16898,0.00257
0.03809,0.00000,0.23097,0.47111,0.15748,0.00194,0.05656,0.00002,0.00009,0.02408,0.01508,0.00457
0.47948,0.09847,0.03152,0.02076,0.05662,0.30412,0.00713,0.00031,0.00156,0.00003,0.00000,0.00000
0.04721,0.06414,0.01430,0.31333,0.24177,0.00089,0.26826,0.00000,0.01295,0.00010,0.00001,0.03704
0.23378,0.12008,0.05657,0.04626,0.01747,0.02048,0.00784,0.14885,0.06193,0.03700,0.24092,0.00881
0.43130,0.00683,0.04356,0.05454,0.06270,0.00479,0.15792,0.00000,0.05276,0.00004,0.02553,0.16002
0.15568,0.00005,0.04492,0.31628,0.00542,0.00373,0.39421,0.00000,0.06633,0.00423,0.00000,0.00916
0.23265,0.07423,0.00114,0.01218,0.02095,0.00647,0.08545,0.00000,0.22417,0.01835,0.22619,0.09822
0.00603,0.04886,0.11427,0.08501,0.42672,0.00003,0.08948,0.09395,0.00468,0.03216,0.00800,0.09081
0.46407,0.06545,0.05414,0.00033,0.02185,0.00000,0.00912,0.00076,0.00001,0.27769,0.00000,0.10657
0.02979,0.06587,0.27688,0.00727,0.45155,0.00001,0.09042,0.00000,0.01112,0.01756,0.00568,0.04384
0.28939,0.00421,0.17193,0.02979,0.05290,0.00755,0.13223,0.00000,0.21683,0.00262,0.07609,0.01646
0.06379,0.19097,0.07939,0.58522,0.00003,0.00015,0.06423,0.00000,0.00296,0.00792,0.00518,0.00016
0.32745,0.06632,0.28502,0.09636,0.00867,0.00032,0.11112,0.05183,0.01878,0.00043,0.03368,0.00003
0.04282,0.00447,0.06425,0.09329,0.15888,0.00659,0.54727,0.00000,0.03001,0.02532,0.02710,0.00000
0.28282,0.22032,0.14576,0.00429,0.15986,0.00479,0.12367,0.00000,0.04773,0.00877,0.00199,0.00000
0.03055,0.00728,0.07920,0.05912,0.20962,0.00001,0.16774,0.13290,0.02125,0.05226,0.22473,0.01535
0.24223,0.08489,0.00833,0.00441,0.00695,0.00239,0.06685,0.00000,0.03904,0.16922,0.00001,0.37570
0.51046,0.00016,0.02409,0.31344,0.07464,0.00042,0.00681,0.00000,0.05543,0.00001,0.00499,0.00955
0.00224,0.02349,0.13389,0.04551,0.18838,0.15110,0.07963,0.00001,0.20626,0.01613,0.00932,0.14404
0.38458,0.02630,0.03916,0.24485,0.00563,0.00278,0.06010,0.00014,0.23198,0.00026,0.00409,0.00013
0.02992,0.14677,0.16020,0.03655,0.01594,0.11997,0.20869,0.00000,0.06967,0.07917,0.00004,0.13307
0.13604,0.05928,0.33623,0.23592,0.04558,0.01394,0.08852,0.00000,0.00856,0.06001,0.00945,0.00648
0.10716,0.19569,0.47440,0.09886,0.00153,0.00017,0.04006,0.00000,0.05762,0.00148,0.01004,0.01300
0.02559,0.05372,0.17311,0.05749,0.04292,0.00139,0.28905,0.00000,0.23602,0.11985,0.00087,0.00000
0.50462,0.01221,0.11079,0.04886,0.09516,0.01422,0.14355,0.02175,0.02051,0.00497,0.02335,0.00000
0.20630,0.15795,0.03446,0.02619,0.26203,0.00000,0.02509,0.00000,0.03131,0.00012,0.07747,0.17908
0.45817,0.03433,0.16237,0.00175,0.01083,0.05310,0.00504,0.00000,0.26486,0.00006,0.00794,0.00156
0.27281,0.15906,0.00526,0.21551,0.24259,0.04360,0.00160,0.00000,0.00021,0.00040,0.00297,0.05600
0.30231,0.00412,0.06562,0.19839,0.00149,0.00165,0.40748,0.00000,0.00408,0.01111,0.00001,0.00375
0.26046,0.07934,0.16487,0.12161,0.06306,0.01379,0.00878,0.01961,0.18168,0.00919,0.02358,0.05404
0.39518,0.19903,0.03488,0.03223,0.01635,0.12962,0.02867,0.00000,0.03159,0.00593,0.00000,0.12653
0.46195,0.02648,0.11543,0.11180,0.02415,0.01964,0.17615,0.00000,0.06147,0.00000,0.00011,0.00284
0.02332,0.00056,0.00033,0.18981,0.15011,0.00006,0.00986,0.00007,0.53494,0.00592,0.08502,0.00001
0.15912,0.03085,0.21658,0.10525,0.00081,0.01235,0.03841,0.18081,0.05987,0.00153,0.06513,0.12929
0.05104,0.01955,0.07998,0.28142,0.08412,0.00957,0.27346,0.02509,0.01044,0.01883,0.00063,0.14588
0.44352,0.00035,0.35459,0.02713,0.00671,0.00006,0.00047,0.00000,0.00208,0.16035,0.00448,0.00026
0.01364,0.11849,0.14988,0.00163,0.23427,0.00009,0.08689,0.00000,0.06766,0.12237,0.00002,0.20507
0.47718,0.01171,0.02293,0.07465,0.00016,0.00374,0.05526,0.00001,0.01214,0.29440,0.04022,0.00758
0.17944,0.04368,0.08056,0.33041,0.12482,0.00904,0.02113,0.00000,0.16886,0.02400,0.01703,0.00104
0.44309,0.06080,0.03309,0.17881,0.11220,0.00398,0.01098,0.00865,0.00702,0.00533,0.13593,0.00013
0.21525,0.00427,0.17401,0.01952,0.07973,0.00255,0.12597,0.00000,0.12309,0.00000,0.04265,0.21296
0.13230,0.26985,0.05151,0.00209,0.09577,0.00000,0.39461,0.00000,0.05366,0.00022,0.00000,0.00000
0.03802,0.05089,0.19210,0.07607,0.00251,0.00006,0.30194,0.00000,0.02412,0.05772,0.00001,0.25654
0.43443,0.04671,0.27916,0.02310,0.01075,0.00009,0.13364,0.00000,0.00129,0.02540,0.02468,0.02075
0.08264,0.12696,0.14767,0.00584,0.02342,0.00517,0.00546,0.00000,0.57083,0.00007,0.03174,0.00020
0.10238,0.03773,0.24369,0.05613,0.03906,0.14382,0.30001,0.00751,0.01796,0.03579,0.00000,0.01591
0.30669,0.00222,0.00546,0.20262,0.00191,0.00025,0.11503,0.00000,0.11440,0.24293,0.00848,0.00001
0.34892,0.00004,0.04728,0.03874,0.32992,0.00020,0.00542,0.04279,0.01008,0.14225,0.01444,0.01993
0.01817,0.02791,0.15538,0.05553,0.02052,0.13436,0.19324,0.00000,0.38678,0.00721,0.00079,0.00011
0.03290,0.01243,0.32569,0.03134,0.13370,0.00006,0.29707,0.00000,0.12930,0.00101,0.00005,0.03646
0.14895,0.02129,0.08536,0.05726,0.16608,0.00000,0.12750,0.00000,0.30006,0.00036,0.00007,0.09309
0.18134,0.00166,0.02977,0.30397,0.00219,0.00005,0.22554,0.00000,0.16008,0.00708,0.02591,0.06240
0.41581,0.04184,0.15429,0.00216,0.05008,0.06171,0.02938,0.00000,0.03970,0.00003,0.05410,0.15089
0.44913,0.04576,0.10104,0.02574,0.23089,0.05549,0.00321,0.00000,0.00241,0.06866,0.00035,0.01731
0.51085,0.00006,0.00454,0.07033,0.00093,0.06484,0.19491,0.04101,0.06504,0.00195,0.04444,0.00110
0.09828,0.00930,0.09427,0.31029,0.10823,0.04817,0.03552,0.00000,0.25476,0.00786,0.03332,0.00000
0.29978,0.07622,0.10349,0.13814,0.13052,0.00054,0.01993,0.00729,0.01055,0.00002,0.15392,0.05960
0.11064,0.10910,0.30259,0.13267,0.13571,0.04775,0.07475,0.00000,0.07865,0.00004,0.00694,0.00117
0.00753,0.00969,0.15114,0.30809,0.12726,0.00001,0.22791,0.00000,0.00244,0.02286,0.00572,0.13734
0.14846,0.02989,0.02220,0.16410,0.00047,0.00000,0.40097,0.00000,0.22986,0.00042,0.00320,0.00042
0.01584,0.01476,0.27819,0.27591,0.01640,0.00367,0.13944,0.00000,0.03044,0.09838,0.00794,0.11904
0.11894,0.09010,0.01447,0.10768,0.01717,0.47617,0.01045,0.00000,0.15072,0.00148,0.00610,0.00672
0.03429,0.00117,0.01393,0.13207,0.12335,0.01703,0.17182,0.00000,0.02161,0.48343,0.00110,0.00019
0.29267,0.00013,0.01922,0.00721,0.09364,0.07201,0.26143,0.02574,0.13297,0.06528,0.00001,0.02969
0.06800,0.00777,0.02513,0.33495,0.20271,0.01842,0.13324,0.00033,0.12731,0.00229,0.07526,0.00458
0.14368,0.07268,0.01787,0.28542,0.02302,0.00089,0.02312,0.00001,0.28268,0.10555,0.00469,0.04040
0.16528,0.17024,0.02771,0.16615,0.11018,0.04229,0.00185,0.00004,0.14497,0.00669,0.00000,0.16461
0.20279,0.04181,0.30528,0.03424,0.01609,0.00042,0.32913,0.00000,0.06289,0.00538,0.00019,0.00177
0.05546,0.00035,0.40812,0.00812,0.03893,0.01281,0.05433,0.00001,0.40183,0.00684,0.00003,0.01318
0.24113,0.02891,0.05199,0.25485,0.31901,0.01100,0.00529,0.00000,0.00113,0.00003,0.08664,0.00002
0.25691,0.20235,0.27494,0.08094,0.06545,0.00062,0.07234,0.00000,0.02861,0.01754,0.00000,0.00029
0.14319,0.13663,0.19884,0.07931,0.02996,0.00308,0.08384,0.00000,0.02395,0.00059,0.11516,0.18544
0.50917,0.05021,0.14327,0.02305,0.15191,0.00480,0.04787,0.00000,0.03378,0.00291,0.00119,0.03185
0.37786,0.04970,0.11463,0.06230,0.04636,0.00119,0.19867,0.00000,0.14101,0.00152,0.00022,0.00654
0.30414,0.01373,0.18076,0.04933,0.00734,0.00001,0.41041,0.00000,0.00998,0.00117,0.01603,0.00709
0.18902,0.02143,0.12790,0.14338,0.00696,0.00605,0.09924,0.00000,0.14143,0.00511,0.06201,0.19748
0.09708,0.00135,0.03383,0.59612,0.01228,0.01917,0.03307,0.00743,0.00122,0.03359,0.00440,0.16048
0.14090,0.00010,0.13984,0.04358,0.12260,0.07207,0.04759,0.00000,0.00504,0.38105,0.02372,0.02350
0.54272,0.03941,0.08937,0.02139,0.00049,0.16394,0.08694,0.00000,0.02287,0.00814,0.00183,0.02289
0.06902,0.10599,0.05705,0.01574,0.01134,0.02160,0.02634,0.00182,0.56511,0.00166,0.00001,0.12432
0.11722,0.31115,0.03040,0.00981,0.24829,0.16681,0.01352,0.00000,0.05547,0.03888,0.00436,0.00407
0.19399,0.03143,0.10135,0.04231,0.06484,0.08251,0.08957,0.00000,0.35161,0.03114,0.00000,0.01125
0.12423,0.02645,0.12416,0.01278,0.00895,0.00729,0.14089,0.00001,0.43643,0.11079,0.00027,0.00773
0.03507,0.00480,0.01698,0.17543,0.08000,0.34887,0.00994,0.00000,0.01226,0.27192,0.00565,0.03909
0.09376,0.01281,0.04111,0.09359,0.22446,0.00002,0.09472,0.03319,0.39391,0.00944,0.00002,0.00298
0.09302,0.00318,0.03813,0.37705,0.10722,0.00017,0.27227,0.00000,0.02812,0.04548,0.00028,0.03507
0.13200,0.05244,0.12693,0.40687,0.01170,0.00125,0.09192,0.00000,0.09177,0.07529,0.00546,0.00437
0.05841,0.04472,0.02828,0.03571,0.26035,0.22427,0.04028,0.05010,0.00150,0.23946,0.00002,0.01690
0.39111,0.06857,0.11331,0.06136,0.12401,0.01175,0.05291,0.00000,0.03770,0.13332,0.00000,0.00595
0.23754,0.03120,0.00985,0.23095,0.06898,0.00117,0.03759,0.00040,0.18746,0.11522,0.07959,0.00003
0.28690,0.00522,0.17944,0.17404,0.01267,0.10572,0.10705,0.00000,0.11299,0.00116,0.00360,0.01120
0.07056,0.04223,0.06375,0.32909,0.05598,0.00001,0.00345,0.00000,0.23367,0.13942,0.00373,0.05810
0.05339,0.01435,0.17994,0.08388,0.39036,0.11109,0.00821,0.00000,0.01219,0.03161,0.00084,0.11415
0.50646,0.13424,0.00295,0.00285,0.10917,0.10040,0.10183,0.00000,0.03984,0.00006,0.00172,0.00047
0.23994,0.09791,0.17788,0.22056,0.08277,0.04271,0.03073,0.00000,0.06954,0.00847,0.00000,0.02949
0.19303,0.20847,0.13512,0.01105,0.01834,0.00046,0.15169,0.00000,0.20508,0.07451,0.00000,0.00225
0.00166,0.05292,0.05663,0.04422,0.15315,0.00000,0.41246,0.01269,0.14420,0.00515,0.00068,0.11623
0.16304,0.09702,0.02438,0.17132,0.10142,0.00032,0.29235,0.00000,0.12238,0.01272,0.00703,0.00802
0.17065,0.04567,0.33891,0.12322,0.00781,0.00001,0.23345,0.00000,0.02088,0.03141,0.00000,0.02798
0.09673,0.01581,0.09086,0.03756,0.00189,0.00000,0.19159,0.00000,0.54233,0.01461,0.00127,0.00734
0.13047,0.00034,0.17036,0.14233,0.16709,0.08658,0.15532,0.04913,0.00439,0.00527,0.05492,0.03382
0.38738,0.00735,0.11512,0.00538,0.00420,0.00013,0.09505,0.00000,0.28293,0.03985,0.06151,0.00111
0.07917,0.04657,0.24281,0.08782,0.00062,0.00006,0.18422,0.00000,0.17342,0.00000,0.00881,0.17651
0.11948,0.01935,0.11889,0.01487,0.01752,0.00000,0.05745,0.04569,0.49475,0.03850,0.07313,0.00037
0.01676,0.00078,0.17951,0.09362,0.35886,0.01979,0.10141,0.00229,0.01276,0.14523,0.00890,0.06009
0.33811,0.00573,0.21716,0.00318,0.00866,0.00033,0.18858,0.15053,0.00794,0.00417,0.00035,0.07527
0.08198,0.03376,0.02231,0.03135,0.03898,0.00006,0.20600,0.00007,0.54297,0.03446,0.00034,0.00773
0.04412,0.02059,0.05879,0.01433,0.02650,0.10956,0.23811,0.00000,0.01760,0.12802,0.26839,0.07398
0.10330,0.09336,0.26252,0.00964,0.39655,0.00299,0.12471,0.00005,0.00003,0.00091,0.00000,0.00596
0.29451,0.00917,0.01097,0.05129,0.39731,0.00507,0.11801,0.00008,0.05402,0.00025,0.05916,0.00015
0.19053,0.26042,0.13735,0.05862,0.15327,0.00426,0.02698,0.00041,0.02981,0.12680,0.00718,0.00438
0.19408,0.00434,0.05268,0.17913,0.13282,0.00089,0.03193,0.00000,0.05230,0.00013,0.00001,0.35170
0.04213,0.26432,0.22322,0.21471,0.00674,0.00341,0.10694,0.00000,0.00063,0.00642,0.12545,0.00602
0.23098,0.00111,0.29065,0.01144,0.07592,0.00000,0.03612,0.00823,0.10926,0.13731,0.00002,0.09896
0.12272,0.18612,0.14390,0.21698,0.00491,0.00000,0.01032,0.00000,0.18119,0.01775,0.04172,0.07438
0.07176,0.03708,0.39642,0.11835,0.09643,0.06811,0.04983,0.00759,0.13078,0.00079,0.02184,0.00102
0.29493,0.00711,0.00532,0.00344,0.01487,0.09438,0.01701,0.00197,0.04506,0.16523,0.35005,0.00063
0.10425,0.12262,0.14782,0.08776,0.33295,0.01904,0.03283,0.00000,0.03616,0.00589,0.11064,0.00002
0.42017,0.04665,0.05123,0.19032,0.01727,0.01764,0.05193,0.00000,0.13946,0.05719,0.00666,0.00147
0.19519,0.41264,0.03971,0.01204,0.00636,0.07769,0.25228,0.00000,0.00089,0.00052,0.00053,0.00215
0.09323,0.05385,0.10405,0.29727,0.12568,0.15004,0.00434,0.00000,0.10386,0.02659,0.00041,0.04069
0.05015,0.00518,0.34840,0.00943,0.08694,0.17329,0.27360,0.00000,0.04876,0.00088,0.00048,0.00287
0.32016,0.00001,0.30065,0.25055,0.00265,0.00005,0.05620,0.00000,0.01463,0.04213,0.00079,0.01219
0.19302,0.06150,0.51845,0.03157,0.10071,0.00000,0.04526,0.00000,0.00217,0.00448,0.00113,0.04172
0.03704,0.01714,0.11556,0.08517,0.01467,0.05940,0.04850,0.00000,0.51993,0.03407,0.06812,0.00039
0.15305,0.27961,0.17748,0.00460,0.01303,0.00000,0.03526,0.12967,0.00027,0.00000,0.13548,0.07155
0.16597,0.00010,0.07275,0.04395,0.00224,0.05653,0.59834,0.00000,0.00334,0.03756,0.01533,0.00389
0.23661,0.03130,0.19945,0.22370,0.09534,0.12662,0.03414,0.00000,0.00749,0.02390,0.00285,0.01861
0.01900,0.32809,0.12173,0.00209,0.26332,0.00736,0.25534,0.00000,0.00235,0.00048,0.00001,0.00025
0.13875,0.00177,0.07592,0.01096,0.00442,0.04807,0.37868,0.00040,0.00078,0.01139,0.06997,0.25887
0.50595,0.00661,0.09716,0.05904,0.01711,0.15325,0.03143,0.00099,0.02793,0.00044,0.05208,0.04801
0.10695,0.40258,0.20059,0.00454,0.02714,0.00002,0.20356,0.00000,0.00437,0.03042,0.00000,0.01981
0.20925,0.05444,0.15653,0.00281,0.03469,0.00057,0.14563,0.00000,0.05413,0.12862,0.00721,0.20611
0.23465,0.06459,0.17662,0.15420,0.00467,0.01116,0.18061,0.00001,0.00091,0.00001,0.00001,0.17257
0.60093,0.13217,0.04792,0.03509,0.05760,0.00371,0.02042,0.04259,0.02013,0.03065,0.00004,0.00874
0.28665,0.00005,0.11900,0.36211,0.03315,0.00005,0.09633,0.00073,0.09003,0.00606,0.00059,0.00526
0.00440,0.17532,0.00476,0.00446,0.01812,0.00038,0.26704,0.00000,0.01801,0.41897,0.08851,0.00001
0.06127,0.06505,0.09853,0.09605,0.00034,0.00002,0.44073,0.06944,0.10852,0.00613,0.00957,0.04436
0.11747,0.13921,0.01398,0.11807,0.00399,0.18542,0.22444,0.00559,0.12073,0.00002,0.05732,0.01376
0.42785,0.00074,0.11173,0.06893,0.00061,0.12382,0.02943,0.00000,0.01624,0.21787,0.00270,0.00006
0.03846,0.00329,0.57921,0.15007,0.02098,0.00702,0.18517,0.00000,0.00651,0.00793,0.00118,0.00019
0.71265,0.03119,0.03593,0.00767,0.01195,0.00007,0.03043,0.00000,0.15281,0.00652,0.00616,0.00461
0.01970,0.38495,0.21921,0.06878,0.03734,0.00350,0.01761,0.20052,0.00312,0.03026,0.00863,0.00637
0.15966,0.18937,0.07926,0.02616,0.16263,0.00406,0.03379,0.29344,0.00163,0.04193,0.00807,0.00000
0.07290,0.00191,0.07124,0.00453,0.03417,0.00001,0.53945,0.00410,0.19520,0.00304,0.03171,0.04175
