0.00193,0.06121,0.02589,0.00980,0.02750,0.17657,0.01298,0.02904,0.06293,0.08260,0.12217,0.05795,0.00443,0.04424,0.01528,0.03436,0.07074,0.02770,0.12302,0.00968
0.00142,0.02949,0.01928,0.01293,0.02953,0.12389,0.01328,0.08444,0.07016,0.08168,0.03562,0.19836,0.00154,0.05456,0.00686,0.01407,0.11964,0.01252,0.08068,0.01007
0.00201,0.03071,0.00735,0.00597,0.02133,0.09542,0.03646,0.03714,0.17334,0.05881,0.02621,0.04277,0.00235,0.08223,0.00729,0.20618,0.06478,0.01074,0.08001,0.00889
0.00116,0.03978,0.01759,0.02200,0.02605,0.09557,0.00834,0.13732,0.04837,0.03895,0.09427,0.09340,0.00884,0.05505,0.01370,0.02690,0.17101,0.01217,0.08001,0.00954
0.00224,0.04891,0.01261,0.03139,0.02446,0.19761,0.00866,0.02840,0.09348,0.05480,0.04366,0.06823,0.01046,0.08515,0.00552,0.13783,0.03201,0.01803,0.07978,0.01677
0.00296,0.02030,0.03647,0.01839,0.03194,0.08377,0.01443,0.04813,0.07791,0.06711,0.01763,0.07798,0.00183,0.10481,0.00785,0.02178,0.09666,0.03832,0.21236,0.01936
0.00137,0.12124,0.01929,0.01178,0.01833,0.13899,0.01407,0.04608,0.06120,0.06573,0.15649,0.05389,0.00314,0.09133,0.01203,0.05633,0.07099,0.00946,0.03944,0.00880
0.00388,0.02847,0.02126,0.02575,0.03116,0.10975,0.01602,0.07261,0.08702,0.02691,0.07617,0.15548,0.00306,0.06363,0.01123,0.03716,0.10742,0.02398,0.06199,0.03703
0.00311,0.09090,0.05104,0.01218,0.04149,0.06687,0.01030,0.05473,0.05313,0.07516,0.04510,0.04541,0.00311,0.08412,0.00795,0.04079,0.16791,0.01609,0.12696,0.00362
0.00231,0.02464,0.01261,0.01124,0.02672,0.15039,0.01359,0.09425,0.04132,0.07387,0.05314,0.03837,0.00355,0.09836,0.04679,0.02452,0.17142,0.01723,0.08517,0.01051
0.00204,0.03558,0.03275,0.02127,0.02702,0.07359,0.00943,0.05324,0.06795,0.13835,0.03139,0.12427,0.00311,0.06268,0.00843,0.05019,0.18273,0.01556,0.04954,0.01088
0.00229,0.03538,0.02322,0.01094,0.05139,0.08172,0.01433,0.03928,0.06004,0.03741,0.03266,0.30345,0.00225,0.08157,0.00249,0.04250,0.07080,0.01443,0.08107,0.01279
0.00450,0.04276,0.02007,0.00795,0.03643,0.06017,0.01239,0.04783,0.05090,0.04758,0.07234,0.16841,0.00458,0.20612,0.00619,0.02728,0.06368,0.01878,0.09539,0.00666
0.00378,0.01879,0.01590,0.00923,0.02868,0.14281,0.02168,0.03529,0.06166,0.10095,0.06196,0.06457,0.00360,0.09534,0.00995,0.02569,0.03865,0.01494,0.24039,0.00612
0.00340,0.03044,0.01409,0.01643,0.04766,0.12978,0.02462,0.08723,0.08240,0.04838,0.05126,0.06151,0.00253,0.06001,0.02098,0.02506,0.13491,0.03719,0.09743,0.02469
0.00381,0.02666,0.00980,0.01777,0.08732,0.29110,0.02076,0.04307,0.08071,0.11910,0.03162,0.05689,0.00189,0.05783,0.00533,0.01520,0.04331,0.02998,0.04980,0.00804
0.00055,0.02653,0.02326,0.01113,0.07349,0.06528,0.01815,0.05386,0.38602,0.06328,0.02726,0.04890,0.00178,0.06466,0.00466,0.03683,0.02841,0.01492,0.04313,0.00790
0.00271,0.06028,0.02382,0.01981,0.01496,0.06627,0.01634,0.04920,0.06536,0.03970,0.06996,0.05482,0.00723,0.03344,0.01341,0.04958,0.26327,0.04580,0.09763,0.00640
0.00425,0.04188,0.02840,0.01850,0.03181,0.13161,0.01606,0.05201,0.04364,0.07817,0.04250,0.06948,0.00179,0.10570,0.01620,0.01911,0.18993,0.03026,0.06237,0.01635
0.00259,0.03066,0.01582,0.00998,0.03009,0.07558,0.02650,0.05671,0.04078,0.09432,0.03076,0.03578,0.00129,0.19107,0.01295,0.01409,0.11875,0.01666,0.19029,0.00531
0.00362,0.03634,0.03262,0.01286,0.03889,0.15603,0.03433,0.10517,0.09204,0.05866,0.04088,0.04971,0.00492,0.11533,0.02621,0.01753,0.07839,0.03795,0.04844,0.01009
0.00156,0.01408,0.00871,0.01024,0.05048,0.07132,0.00376,0.03105,0.02834,0.12036,0.01993,0.24089,0.00246,0.09020,0.00784,0.07154,0.06957,0.02010,0.12843,0.00914
0.00229,0.03263,0.02186,0.02881,0.03649,0.12773,0.00943,0.11129,0.10019,0.04298,0.10253,0.08147,0.00388,0.04384,0.00520,0.08046,0.06187,0.01422,0.08778,0.00505
0.00172,0.03996,0.03474,0.01833,0.03451,0.05795,0.00779,0.04446,0.09021,0.08057,0.02793,0.05438,0.00391,0.08212,0.01101,0.02171,0.16546,0.01910,0.18750,0.01665
0.00259,0.01733,0.00920,0.00712,0.02488,0.32858,0.00782,0.02739,0.04643,0.05745,0.03627,0.03691,0.00153,0.09065,0.00894,0.03647,0.05817,0.01742,0.17836,0.00647
0.00323,0.03752,0.03544,0.13188,0.06601,0.08585,0.00770,0.07217,0.09646,0.05362,0.05318,0.05377,0.00805,0.04059,0.01130,0.02096,0.11219,0.01450,0.08918,0.00641
0.00180,0.02384,0.00937,0.01706,0.07158,0.11831,0.02561,0.06587,0.08409,0.13252,0.09376,0.07490,0.00163,0.05146,0.00932,0.03736,0.07252,0.01181,0.09217,0.00501
0.00314,0.04193,0.02411,0.03693,0.03286,0.12771,0.02920,0.03075,0.29214,0.05181,0.02668,0.05885,0.00381,0.03900,0.00580,0.01973,0.05965,0.02458,0.08545,0.00587
0.00428,0.02864,0.02680,0.01363,0.04595,0.16887,0.02080,0.14712,0.05320,0.04438,0.03649,0.04647,0.00233,0.05300,0.03947,0.08076,0.07432,0.02125,0.07778,0.01446
0.00160,0.02063,0.01764,0.01000,0.02822,0.14772,0.01158,0.05871,0.05991,0.03740,0.06365,0.11375,0.00378,0.10416,0.01382,0.05457,0.11211,0.01399,0.10864,0.01811
0.00341,0.09326,0.03856,0.01970,0.06182,0.06211,0.01087,0.06394,0.07326,0.13639,0.03000,0.06874,0.00218,0.08971,0.01147,0.02029,0.12111,0.01431,0.07359,0.00526
0.00234,0.03527,0.05846,0.01026,0.03078,0.10870,0.00299,0.04511,0.05996,0.06404,0.07526,0.14431,0.00198,0.03492,0.00790,0.03392,0.18465,0.01590,0.07020,0.01307
0.00264,0.07024,0.01315,0.01340,0.03264,0.11299,0.04000,0.07032,0.08175,0.05991,0.06748,0.03651,0.00282,0.12362,0.01572,0.05067,0.07455,0.01485,0.10581,0.01093
0.00333,0.04095,0.01985,0.02163,0.04126,0.06576,0.01345,0.05096,0.08617,0.04627,0.02100,0.05455,0.00344,0.03247,0.00901,0.02720,0.13881,0.05058,0.26168,0.01160
0.00116,0.08569,0.01439,0.01243,0.06512,0.16410,0.02274,0.06431,0.12673,0.04561,0.04754,0.06079,0.00186,0.07100,0.00676,0.04309,0.06432,0.01227,0.05451,0.03557
0.00140,0.01643,0.02058,0.00890,0.01558,0.08828,0.01867,0.07075,0.06167,0.06175,0.05785,0.07302,0.00148,0.06834,0.02039,0.03359,0.05476,0.02743,0.29081,0.00830
0.00298,0.06593,0.01967,0.01917,0.04867,0.16309,0.04105,0.04805,0.06346,0.07841,0.02847,0.09156,0.00221,0.04501,0.00911,0.01477,0.07484,0.03592,0.12800,0.01964
0.00235,0.03909,0.01424,0.01454,0.05616,0.07747,0.02043,0.07201,0.03381,0.04282,0.03609,0.16436,0.00244,0.09404,0.01098,0.03412,0.10895,0.01712,0.14788,0.01111
0.00371,0.07192,0.02654,0.00887,0.07047,0.05171,0.00938,0.07570,0.24164,0.03154,0.02940,0.05068,0.00262,0.08806,0.00844,0.02786,0.05744,0.01521,0.08193,0.04687
0.00412,0.02907,0.01433,0.01284,0.03866,0.12541,0.01613,0.05413,0.12671,0.04877,0.15125,0.06732,0.00257,0.06391,0.01501,0.04654,0.07105,0.02044,0.07636,0.01537
0.00268,0.10579,0.01831,0.01344,0.03443,0.16662,0.02125,0.03590,0.06024,0.07916,0.05018,0.04008,0.00562,0.15675,0.00739,0.02537,0.06179,0.02158,0.08615,0.00727
0.00203,0.02883,0.02368,0.02749,0.04387,0.16018,0.01853,0.04484,0.06376,0.23779,0.03917,0.03799,0.00155,0.06581,0.01498,0.02479,0.08049,0.01824,0.05901,0.00695
0.00201,0.04385,0.01354,0.00669,0.01358,0.12392,0.02202,0.09750,0.07072,0.05023,0.04880,0.25350,0.00370,0.04620,0.00447,0.01823,0.09874,0.01388,0.06009,0.00836
0.00121,0.02142,0.00970,0.02747,0.03428,0.16503,0.00930,0.03387,0.10158,0.04758,0.04759,0.06244,0.00301,0.03062,0.00949,0.21577,0.06669,0.01380,0.08849,0.01064
0.00123,0.06161,0.02075,0.00772,0.02417,0.09744,0.00910,0.04719,0.04720,0.06826,0.07466,0.06571,0.00801,0.05531,0.01478,0.00699,0.34150,0.01259,0.02985,0.00592
0.00232,0.03147,0.01779,0.00598,0.04946,0.10136,0.01209,0.08852,0.05071,0.06444,0.15659,0.05606,0.00278,0.14960,0.03042,0.01912,0.07935,0.03265,0.04182,0.00745
0.00257,0.02868,0.01098,0.00900,0.03017,0.07425,0.01729,0.04936,0.11927,0.05448,0.02225,0.02942,0.00156,0.21017,0.00743,0.02197,0.05783,0.01104,0.06186,0.18043
0.00319,0.02069,0.04422,0.02947,0.05625,0.05849,0.00819,0.05416,0.12158,0.04085,0.06192,0.07969,0.00512,0.05363,0.01224,0.07199,0.07684,0.01677,0.17540,0.00932
0.00178,0.09230,0.03080,0.03500,0.02831,0.05933,0.00732,0.10040,0.03554,0.07349,0.02437,0.09034,0.00454,0.02756,0.01191,0.01340,0.25139,0.03123,0.06871,0.01229
0.00406,0.06779,0.00874,0.01791,0.04508,0.07057,0.04024,0.14789,0.06529,0.10242,0.03401,0.07893,0.00191,0.05213,0.00788,0.01183,0.14496,0.04107,0.04276,0.01452
0.00150,0.03303,0.02003,0.01662,0.03883,0.10260,0.01875,0.14394,0.06855,0.05061,0.08033,0.05342,0.00339,0.10626,0.01086,0.01657,0.14701,0.01849,0.06201,0.00718
0.00354,0.04512,0.02195,0.00997,0.03217,0.09167,0.01648,0.05183,0.05079,0.06128,0.05959,0.11104,0.00332,0.07685,0.01145,0.02461,0.08426,0.01702,0.22022,0.00683
0.00332,0.05106,0.01637,0.01932,0.02553,0.29480,0.01709,0.09106,0.06514,0.05509,0.03307,0.10094,0.00442,0.04295,0.00515,0.02159,0.05801,0.01121,0.06380,0.02007
0.00154,0.05451,0.01078,0.00632,0.02499,0.05180,0.00498,0.05023,0.03342,0.09049,0.11804,0.21863,0.00340,0.14270,0.00314,0.00646,0.06153,0.01068,0.09843,0.00793
0.00291,0.01724,0.00965,0.01068,0.03962,0.23765,0.01442,0.13389,0.05411,0.07555,0.07698,0.03060,0.00249,0.05442,0.01272,0.07387,0.06288,0.01364,0.05650,0.02019
0.00114,0.06758,0.00952,0.03530,0.06946,0.13490,0.02384,0.06771,0.10229,0.04530,0.09033,0.09869,0.00522,0.04235,0.00821,0.02227,0.12478,0.01188,0.03436,0.00486
0.00136,0.08470,0.01409,0.01104,0.02979,0.08225,0.02112,0.26201,0.06033,0.03997,0.06768,0.04477,0.00260,0.08081,0.01363,0.02873,0.06890,0.01867,0.05756,0.00999
0.00220,0.03417,0.01807,0.04343,0.03055,0.13423,0.01067,0.03087,0.06595,0.07218,0.06146,0.15939,0.02355,0.04651,0.00504,0.03230,0.06653,0.01151,0.14467,0.00675
0.00420,0.05529,0.02466,0.02217,0.03417,0.08669,0.01916,0.03743,0.07053,0.05712,0.06115,0.09085,0.00843,0.08981,0.01246,0.04073,0.06916,0.07161,0.13760,0.00680
0.00195,0.03246,0.01277,0.02255,0.01873,0.09677,0.01262,0.03953,0.29654,0.05563,0.02264,0.04242,0.00258,0.10606,0.01201,0.02163,0.09238,0.01448,0.09091,0.00533
0.00204,0.02619,0.01970,0.00521,0.03881,0.20339,0.01149,0.11743,0.06932,0.06485,0.04001,0.04610,0.00170,0.05355,0.04153,0.03258,0.11249,0.01289,0.07407,0.02665
0.00160,0.07162,0.02354,0.02082,0.10648,0.14889,0.01341,0.07280,0.08509,0.03291,0.04554,0.08417,0.00358,0.05662,0.00617,0.05298,0.09165,0.01169,0.05351,0.01693
0.00225,0.03282,0.01136,0.00914,0.02734,0.10929,0.10064,0.03778,0.06978,0.05200,0.04261,0.04587,0.00256,0.21188,0.00930,0.06915,0.05025,0.01435,0.08805,0.01357
0.00465,0.12576,0.03437,0.02200,0.02515,0.13715,0.01734,0.08940,0.05918,0.05697,0.03738,0.10490,0.00477,0.03696,0.00623,0.01111,0.08383,0.07216,0.06196,0.00873
0.00234,0.02744,0.01529,0.02074,0.02313,0.11191,0.01042,0.04079,0.12434,0.05105,0.04984,0.06612,0.00674,0.08375,0.02278,0.02761,0.20568,0.01695,0.08474,0.00834
0.00251,0.02096,0.00942,0.01682,0.06792,0.07372,0.05297,0.05841,0.24455,0.10033,0.02034,0.04936,0.00172,0.08020,0.00573,0.02883,0.07309,0.01855,0.06878,0.00579
0.00221,0.02589,0.01651,0.02932,0.02809,0.15256,0.02011,0.04626,0.10180,0.04476,0.01988,0.07772,0.00397,0.03340,0.00968,0.21921,0.05715,0.02311,0.06698,0.02137
0.00462,0.15714,0.01458,0.00856,0.09331,0.07006,0.06938,0.09569,0.05390,0.08853,0.03983,0.05319,0.00287,0.13750,0.00686,0.01383,0.04014,0.01655,0.02930,0.00414
0.00308,0.02180,0.00674,0.00691,0.01421,0.13086,0.01538,0.10950,0.03849,0.20619,0.05141,0.10091,0.00122,0.08659,0.00403,0.01670,0.07390,0.01460,0.08604,0.01147
0.00250,0.03270,0.01095,0.02200,0.10128,0.09946,0.01462,0.04364,0.10736,0.13534,0.02783,0.05962,0.00159,0.04493,0.01163,0.01197,0.07918,0.04750,0.13383,0.01209
0.00366,0.05749,0.02001,0.02274,0.05721,0.10231,0.04471,0.04746,0.10869,0.05181,0.04866,0.02715,0.00261,0.03092,0.01287,0.07155,0.10842,0.04709,0.12743,0.00722
0.00289,0.02460,0.01940,0.02325,0.03812,0.07816,0.00622,0.10261,0.04182,0.05442,0.03710,0.06900,0.00451,0.17931,0.00803,0.04858,0.13604,0.02011,0.09228,0.01354
0.00231,0.04865,0.01385,0.02509,0.02281,0.23753,0.01441,0.06974,0.05754,0.02663,0.04798,0.08320,0.00488,0.04641,0.00836,0.02124,0.15101,0.05637,0.05421,0.00780
0.00503,0.02598,0.02515,0.01762,0.10242,0.12972,0.02144,0.02968,0.03468,0.08251,0.05297,0.04251,0.00235,0.07719,0.03040,0.03987,0.14842,0.02703,0.09809,0.00692
0.00622,0.03138,0.02315,0.01425,0.02153,0.07957,0.02267,0.08070,0.19727,0.08711,0.04486,0.08873,0.00258,0.05637,0.00639,0.02338,0.07036,0.03339,0.10300,0.00707
0.00332,0.04019,0.01089,0.01292,0.01878,0.14413,0.06247,0.11095,0.04916,0.04210,0.11294,0.03153,0.00242,0.13712,0.01408,0.03340,0.08417,0.04833,0.03503,0.00605
0.00127,0.03877,0.01183,0.00934,0.04030,0.15078,0.01166,0.10131,0.07004,0.05962,0.10305,0.04809,0.00353,0.06897,0.02822,0.01233,0.12763,0.01220,0.08107,0.01997
0.00176,0.07596,0.01404,0.01573,0.03105,0.07753,0.01869,0.06046,0.08289,0.05838,0.08395,0.15557,0.00345,0.06017,0.00664,0.01218,0.16121,0.00910,0.06643,0.00481
0.00103,0.02223,0.01320,0.00484,0.01785,0.06178,0.00660,0.05810,0.03535,0.25334,0.15279,0.04908,0.00199,0.08424,0.00976,0.01354,0.07532,0.02287,0.10735,0.00873
0.00229,0.13348,0.05257,0.01001,0.04477,0.10220,0.01136,0.09484,0.06713,0.05001,0.05840,0.10185,0.00480,0.06297,0.00820,0.01372,0.08279,0.02567,0.05284,0.02009
0.00230,0.05622,0.03335,0.00875,0.02640,0.07622,0.01039,0.04455,0.04218,0.03715,0.05217,0.07127,0.00948,0.17893,0.01592,0.05087,0.16105,0.03482,0.07901,0.00898
0.00168,0.03290,0.02209,0.00934,0.02402,0.09458,0.01399,0.10837,0.04987,0.03956,0.06043,0.06586,0.00293,0.21031,0.01281,0.02605,0.15981,0.01010,0.04744,0.00786
0.00143,0.04379,0.04611,0.01731,0.04549,0.04726,0.01142,0.04699,0.05105,0.05713,0.02722,0.30021,0.00202,0.07653,0.00810,0.01865,0.06516,0.03273,0.08799,0.01340
0.00168,0.05206,0.01401,0.02218,0.01692,0.28818,0.02177,0.10807,0.06830,0.07529,0.03666,0.06719,0.00320,0.03576,0.01112,0.02403,0.06944,0.01942,0.05672,0.00799
0.00190,0.01794,0.02399,0.01642,0.07536,0.08906,0.00865,0.07360,0.09237,0.06609,0.09282,0.07742,0.00338,0.04455,0.01065,0.03732,0.08241,0.03022,0.14445,0.01139
0.00067,0.01804,0.01170,0.00485,0.04454,0.09762,0.00982,0.05027,0.05022,0.09556,0.04717,0.15473,0.00308,0.03968,0.01808,0.00830,0.12794,0.01378,0.19860,0.00534
0.00293,0.04519,0.02157,0.01447,0.04920,0.13339,0.02880,0.02832,0.19145,0.05428,0.06155,0.06161,0.00490,0.06748,0.01417,0.04911,0.06027,0.02064,0.07643,0.01424
0.00236,0.04609,0.02126,0.00702,0.04807,0.09011,0.01844,0.05235,0.05445,0.07341,0.21851,0.04426,0.00304,0.10148,0.01733,0.02928,0.06778,0.02306,0.07270,0.00899
0.00106,0.03407,0.01906,0.01487,0.02836,0.23040,0.00878,0.09928,0.04513,0.04868,0.04047,0.10213,0.00397,0.02813,0.01185,0.02967,0.12701,0.01581,0.10435,0.00692
0.00098,0.04122,0.01566,0.00932,0.02957,0.13589,0.01192,0.05968,0.03726,0.06681,0.13632,0.06454,0.00541,0.13825,0.00726,0.01586,0.06884,0.01260,0.13691,0.00571
0.00231,0.03313,0.01565,0.02714,0.05511,0.10243,0.03289,0.23479,0.06236,0.07357,0.02071,0.10928,0.00082,0.04094,0.00735,0.01692,0.06378,0.02506,0.07028,0.00548
0.00224,0.02731,0.01235,0.01925,0.03036,0.09105,0.00897,0.06213,0.08295,0.03989,0.03357,0.03806,0.00123,0.06329,0.01572,0.04507,0.07944,0.02853,0.31038,0.00820
0.00106,0.02138,0.02060,0.00985,0.05924,0.05401,0.01455,0.04990,0.04177,0.15512,0.02169,0.09717,0.00130,0.23830,0.00639,0.02860,0.04541,0.01130,0.11672,0.00564
0.00269,0.03780,0.02200,0.01066,0.02415,0.05446,0.02108,0.07544,0.07721,0.04340,0.04963,0.11132,0.00769,0.14327,0.00651,0.02026,0.08686,0.01549,0.17171,0.01839
0.00132,0.03438,0.00846,0.00843,0.01753,0.14041,0.02058,0.16673,0.06912,0.02614,0.04730,0.06071,0.00326,0.14267,0.01608,0.03280,0.12335,0.01383,0.06099,0.00590
0.00159,0.03715,0.02738,0.01928,0.02078,0.12356,0.01020,0.04378,0.04454,0.07191,0.06319,0.19197,0.00522,0.06249,0.01292,0.01840,0.14553,0.01539,0.07415,0.01058
0.00160,0.04490,0.01970,0.02716,0.02025,0.14524,0.01789,0.06672,0.03839,0.08358,0.04410,0.05119,0.00603,0.17949,0.01340,0.05626,0.09454,0.01243,0.07251,0.00463
0.00368,0.03193,0.01983,0.00639,0.06757,0.09021,0.00991,0.04991,0.06148,0.05070,0.09781,0.08221,0.00447,0.06177,0.02023,0.01761,0.14855,0.02558,0.12066,0.02949
0.00272,0.02293,0.01387,0.01676,0.01474,0.08576,0.01457,0.06222,0.15602,0.04876,0.07103,0.07214,0.00402,0.04200,0.02186,0.06906,0.13875,0.01685,0.11995,0.00598
0.00581,0.01861,0.01170,0.03465,0.02328,0.08580,0.02761,0.09167,0.03606,0.04651,0.03094,0.21335,0.00154,0.05988,0.01649,0.04152,0.12466,0.02523,0.09756,0.00711
