0.01100,0.01428,0.35281,0.02134,0.31961,0.07274,0.04823,0.05044,0.07685,0.03269
0.01015,0.50116,0.20798,0.18563,0.04862,0.00608,0.00612,0.01459,0.01139,0.00827
0.03276,0.34696,0.31629,0.03278,0.03173,0.05272,0.02759,0.02935,0.11226,0.01756
0.00496,0.04379,0.04465,0.02250,0.08600,0.04436,0.37887,0.00311,0.01605,0.35571
0.93789,0.00205,0.00456,0.00779,0.00659,0.00326,0.00333,0.02500,0.00393,0.00560
0.00555,0.44909,0.00790,0.00341,0.47318,0.02931,0.00666,0.00946,0.01047,0.00497
0.09922,0.15343,0.02395,0.12727,0.02461,0.21279,0.05218,0.17200,0.08378,0.05077
0.04442,0.01074,0.00886,0.01959,0.00769,0.38081,0.08081,0.02095,0.32718,0.09895
0.00563,0.00425,0.01779,0.00267,0.00094,0.07424,0.39672,0.02190,0.07177,0.40410
0.01115,0.00360,0.00872,0.01231,0.00956,0.08640,0.39668,0.00476,0.05091,0.41590
0.01339,0.05616,0.01316,0.01898,0.01618,0.17015,0.10461,0.35556,0.15962,0.09219
0.01923,0.02842,0.00592,0.04465,0.03500,0.01732,0.02558,0.77703,0.03184,0.01502
0.07929,0.08946,0.00369,0.32637,0.36557,0.01518,0.05698,0.01746,0.00871,0.03729
0.06140,0.00489,0.06915,0.02243,0.00499,0.01942,0.08318,0.64436,0.00966,0.08052
0.06785,0.15185,0.04346,0.39772,0.24790,0.04165,0.00664,0.01554,0.01895,0.00843
0.00337,0.01520,0.00545,0.02939,0.01667,0.33447,0.12767,0.01158,0.33394,0.12226
0.00696,0.01021,0.00346,0.01229,0.01027,0.39926,0.01131,0.15929,0.38231,0.00464
0.02390,0.01163,0.03592,0.12543,0.27480,0.21331,0.00491,0.00974,0.29656,0.00379
0.00259,0.09220,0.00623,0.00829,0.01427,0.04163,0.39521,0.00443,0.04896,0.38620
0.00499,0.46487,0.00274,0.00945,0.46712,0.02052,0.00445,0.00709,0.01289,0.00587
0.52944,0.02378,0.05806,0.01597,0.01166,0.01382,0.01390,0.26561,0.03059,0.03718
0.02074,0.13902,0.02183,0.01203,0.16758,0.02181,0.25985,0.05852,0.03103,0.26759
0.13195,0.00934,0.01190,0.16299,0.36873,0.00614,0.03311,0.03446,0.23028,0.01111
0.14889,0.00916,0.13592,0.01383,0.01086,0.14932,0.05562,0.29145,0.14951,0.03544
0.04567,0.05413,0.29730,0.17588,0.26745,0.01604,0.00465,0.01651,0.11675,0.00561
0.04130,0.02722,0.02818,0.36208,0.35877,0.02171,0.05778,0.01233,0.02165,0.06897
0.03573,0.00433,0.01030,0.44031,0.41657,0.00780,0.04690,0.01098,0.00810,0.01898
0.00813,0.24804,0.05644,0.33608,0.19408,0.08583,0.01360,0.00814,0.03357,0.01609
0.03679,0.05133,0.04722,0.05181,0.02022,0.03715,0.02347,0.66003,0.02363,0.04835
0.03649,0.18464,0.03896,0.00724,0.18370,0.02134,0.02664,0.47686,0.01366,0.01048
0.01325,0.07116,0.01201,0.31125,0.35774,0.01672,0.08890,0.01158,0.06213,0.05527
0.00903,0.00445,0.00729,0.00573,0.00347,0.01834,0.26375,0.39813,0.01033,0.27947
0.00788,0.00380,0.00516,0.02660,0.03439,0.04565,0.43084,0.01415,0.01848,0.41305
0.06733,0.36958,0.05256,0.08608,0.29854,0.06941,0.00629,0.00917,0.02942,0.01163
0.18145,0.00744,0.05547,0.01631,0.04058,0.25634,0.00925,0.16551,0.25511,0.01254
0.00580,0.00701,0.11812,0.00813,0.12598,0.35093,0.00896,0.00708,0.36142,0.00659
0.03046,0.04117,0.03168,0.05994,0.03195,0.01452,0.02737,0.71848,0.00684,0.03760
0.00292,0.37613,0.40466,0.00734,0.01105,0.08432,0.01229,0.01322,0.07501,0.01305
0.00536,0.01213,0.00473,0.00559,0.00351,0.01602,0.00969,0.93312,0.00681,0.00304
0.01167,0.00914,0.00431,0.00924,0.00685,0.01217,0.00250,0.93809,0.00335,0.00268
0.01896,0.00302,0.19093,0.00526,0.20991,0.00201,0.00262,0.55604,0.00767,0.00360
0.02322,0.22369,0.02613,0.00595,0.24088,0.07802,0.18636,0.01845,0.02912,0.16818
0.00930,0.15101,0.14254,0.02081,0.00675,0.08037,0.25695,0.01294,0.06988,0.24946
0.00639,0.18620,0.00610,0.19745,0.00551,0.01719,0.01099,0.55584,0.01039,0.00394
0.17803,0.19499,0.01128,0.01707,0.01236,0.12150,0.15703,0.00324,0.12055,0.18394
0.34323,0.00689,0.02270,0.03189,0.00722,0.01411,0.20059,0.16112,0.00924,0.20301
0.00868,0.05884,0.00879,0.08317,0.06669,0.06187,0.34430,0.01191,0.03501,0.32075
0.01511,0.01670,0.01307,0.01612,0.01914,0.00815,0.00803,0.88906,0.01089,0.00375
0.06017,0.12874,0.14359,0.01849,0.00708,0.05467,0.00643,0.45500,0.11987,0.00595
0.01433,0.04837,0.01540,0.04159,0.00733,0.38124,0.03960,0.03394,0.38661,0.03159
0.01144,0.01377,0.01133,0.01365,0.01204,0.16351,0.00576,0.63826,0.11527,0.01497
0.25713,0.01798,0.03172,0.25115,0.06751,0.03870,0.13667,0.05906,0.01254,0.12753
0.01768,0.02540,0.00349,0.48960,0.01869,0.20824,0.01184,0.01324,0.20736,0.00446
0.43409,0.01021,0.43961,0.01232,0.00505,0.02939,0.00859,0.00973,0.02407,0.02694
0.00786,0.09214,0.07112,0.01436,0.01244,0.06807,0.01608,0.65178,0.04529,0.02087
0.01597,0.01975,0.00431,0.43259,0.37798,0.08155,0.01420,0.00469,0.04416,0.00481
0.01473,0.19632,0.20048,0.00503,0.00708,0.27935,0.01020,0.00406,0.26756,0.01520
0.02298,0.01138,0.02948,0.00651,0.00706,0.04525,0.39785,0.02232,0.03371,0.42346
0.39412,0.00573,0.38625,0.02184,0.01425,0.07900,0.00169,0.00692,0.08629,0.00391
0.01721,0.01774,0.00811,0.62870,0.01534,0.12434,0.01143,0.02528,0.13881,0.01303
0.01231,0.25195,0.00825,0.37122,0.13115,0.07645,0.03144,0.03739,0.06295,0.01689
0.00216,0.05852,0.00167,0.08403,0.00619,0.43306,0.00727,0.01052,0.39263,0.00395
0.41027,0.00084,0.00345,0.00520,0.00389,0.00808,0.06948,0.44290,0.00269,0.05321
0.81532,0.00466,0.00920,0.00382,0.01372,0.02510,0.04616,0.01291,0.01596,0.05315
0.20047,0.00535,0.22782,0.00451,0.00596,0.25131,0.00325,0.00916,0.28923,0.00294
0.01255,0.01650,0.02145,0.00434,0.03593,0.34712,0.03638,0.15430,0.34445,0.02698
0.00463,0.47300,0.46071,0.00785,0.01283,0.00724,0.01159,0.01027,0.00677,0.00512
0.62801,0.01788,0.01554,0.01787,0.00726,0.02992,0.12234,0.01024,0.02798,0.12296
0.00319,0.00815,0.27155,0.00401,0.23707,0.02564,0.20351,0.01201,0.00868,0.22618
0.04829,0.04377,0.02218,0.00819,0.05138,0.01684,0.00158,0.79962,0.00626,0.00189
0.02219,0.27180,0.20186,0.00621,0.05841,0.20242,0.01722,0.01517,0.18847,0.01624
0.37732,0.06967,0.03268,0.05075,0.03073,0.12698,0.10123,0.04085,0.08621,0.08358
0.01282,0.06803,0.00767,0.17894,0.08149,0.23614,0.09202,0.07083,0.18570,0.06637
0.11445,0.01443,0.00661,0.26358,0.17824,0.10737,0.09936,0.01881,0.10276,0.09440
0.00736,0.07627,0.36615,0.04479,0.26160,0.07010,0.01583,0.00476,0.14267,0.01049
0.34172,0.03559,0.07150,0.05443,0.17977,0.12499,0.00681,0.00502,0.17102,0.00915
0.01268,0.29202,0.01157,0.33161,0.01510,0.01788,0.12090,0.00616,0.03437,0.15771
0.01758,0.03454,0.03452,0.02394,0.01062,0.02344,0.30467,0.24190,0.01918,0.28961
0.02209,0.18306,0.14256,0.05122,0.03832,0.19505,0.03216,0.23738,0.05355,0.04460
0.33228,0.01106,0.30568,0.04242,0.04716,0.05503,0.01013,0.16114,0.03137,0.00372
0.03473,0.02147,0.26419,0.32191,0.01997,0.04740,0.00211,0.24555,0.04026,0.00241
0.00763,0.27174,0.25549,0.00568,0.00598,0.03769,0.21123,0.00353,0.00481,0.19621
0.06589,0.00916,0.01236,0.00854,0.00794,0.07119,0.09952,0.59029,0.02289,0.11223
0.09799,0.32029,0.07730,0.30875,0.00942,0.02057,0.06053,0.00742,0.03021,0.06750
0.00455,0.00751,0.00305,0.05388,0.04267,0.14898,0.06382,0.47567,0.13907,0.06080
0.27380,0.02433,0.26306,0.03352,0.01639,0.10599,0.02937,0.13948,0.09528,0.01877
0.00924,0.42449,0.36718,0.00555,0.04481,0.03995,0.01842,0.02846,0.05023,0.01166
0.46489,0.00397,0.47742,0.00131,0.00553,0.02239,0.00423,0.00312,0.01525,0.00189
0.08436,0.32020,0.02776,0.06696,0.03534,0.33319,0.03170,0.03641,0.01569,0.04839
0.04005,0.01317,0.04857,0.01090,0.01126,0.28932,0.03266,0.21580,0.29615,0.04213
0.05088,0.01472,0.32423,0.16733,0.12747,0.07012,0.00492,0.16235,0.06701,0.01096
0.00590,0.00529,0.00370,0.00761,0.00621,0.46203,0.01457,0.04032,0.44525,0.00912
0.04552,0.00821,0.03904,0.00980,0.00425,0.39082,0.05462,0.00567,0.38918,0.05288
0.01463,0.25706,0.01565,0.03032,0.30497,0.19450,0.00814,0.00613,0.16397,0.00463
0.04843,0.04666,0.05723,0.00867,0.00188,0.01699,0.00675,0.79745,0.00879,0.00715
0.20309,0.31539,0.00364,0.33017,0.01923,0.01125,0.04019,0.01656,0.02102,0.03946
0.10123,0.18689,0.09978,0.04125,0.06540,0.09980,0.00958,0.33373,0.05358,0.00876
0.00445,0.09241,0.01550,0.10098,0.00819,0.02247,0.36469,0.01788,0.02734,0.34608
0.01007,0.01633,0.01377,0.02312,0.01080,0.07923,0.00495,0.78859,0.04697,0.00617
0.09450,0.04227,0.23335,0.01940,0.25397,0.01885,0.15250,0.01118,0.01280,0.16118
0.00559,0.00317,0.09629,0.00917,0.09775,0.04005,0.00689,0.70662,0.02076,0.01372
0.01850,0.09824,0.09558,0.00644,0.01101,0.24509,0.17642,0.00269,0.18667,0.15935
0.04303,0.05280,0.22509,0.19700,0.24025,0.10423,0.06480,0.00775,0.02346,0.04160
0.00723,0.01982,0.00275,0.00455,0.01293,0.01919,0.45281,0.00342,0.00712,0.47017
0.17440,0.08211,0.01002,0.23358,0.02542,0.04271,0.02076,0.37678,0.01587,0.01834
0.33466,0.25899,0.26703,0.02446,0.02323,0.04242,0.00799,0.00740,0.02912,0.00472
0.00883,0.01206,0.00247,0.15090,0.00757,0.01091,0.00382,0.77678,0.02286,0.00379
0.05225,0.00917,0.04381,0.00357,0.00453,0.36873,0.07047,0.00909,0.36491,0.07348
0.00986,0.09187,0.14391,0.00712,0.05266,0.04512,0.19882,0.21021,0.03848,0.20195
0.02768,0.06097,0.16156,0.01199,0.00741,0.01391,0.30546,0.09076,0.01010,0.31015
0.06147,0.01205,0.00676,0.23955,0.32001,0.04374,0.01195,0.21972,0.07516,0.00958
0.00568,0.06458,0.00305,0.05566,0.00893,0.00287,0.00156,0.84581,0.00561,0.00625
0.46371,0.03499,0.44034,0.02193,0.00291,0.00782,0.01189,0.00640,0.00373,0.00629
0.00462,0.20845,0.18715,0.03775,0.03327,0.01511,0.00606,0.48388,0.02053,0.00317
0.24160,0.16331,0.24555,0.00734,0.15658,0.03588,0.04721,0.01662,0.02857,0.05734
0.28990,0.00380,0.28084,0.01923,0.01549,0.03167,0.01296,0.31856,0.01659,0.01095
0.01073,0.25188,0.19762,0.33708,0.00513,0.08588,0.02893,0.03233,0.02787,0.02256
0.00815,0.01742,0.00218,0.00595,0.00782,0.17289,0.03379,0.58306,0.15891,0.00982
0.01833,0.01283,0.00930,0.20247,0.05146,0.35898,0.00860,0.01599,0.30362,0.01841
0.68986,0.00585,0.00696,0.00618,0.01473,0.02976,0.09439,0.02497,0.02465,0.10267
0.00327,0.00619,0.00476,0.00292,0.00668,0.48114,0.01029,0.00313,0.47435,0.00727
0.09436,0.00519,0.09605,0.17655,0.33335,0.00492,0.00817,0.09431,0.17543,0.01169
0.09932,0.01345,0.18830,0.06098,0.22410,0.00796,0.00920,0.36679,0.02166,0.00824
0.00403,0.01235,0.00453,0.00523,0.00522,0.05159,0.43267,0.00843,0.02834,0.44760
0.47279,0.01423,0.00593,0.00558,0.00795,0.11292,0.01120,0.26667,0.09082,0.01192
0.01965,0.00575,0.00804,0.38671,0.37204,0.07167,0.02112,0.01450,0.08691,0.01361
0.23605,0.27681,0.28007,0.01269,0.00713,0.05343,0.03478,0.04549,0.01924,0.03432
0.33704,0.00928,0.04968,0.36649,0.09263,0.01288,0.05140,0.00876,0.01266,0.05916
0.03265,0.01586,0.06744,0.07770,0.06684,0.36111,0.00653,0.01085,0.35387,0.00715
0.10151,0.15820,0.05719,0.10751,0.01141,0.08481,0.18517,0.05059,0.02831,0.21529
0.01070,0.01353,0.13465,0.55607,0.14516,0.05831,0.00679,0.02782,0.03705,0.00993
0.03295,0.05850,0.01507,0.05578,0.01521,0.02905,0.15833,0.46109,0.02782,0.14619
0.00376,0.00237,0.00725,0.22068,0.20419,0.01230,0.27368,0.00853,0.00522,0.26201
0.04046,0.23962,0.03282,0.03478,0.22501,0.01846,0.19345,0.01060,0.01543,0.18936
0.00931,0.23171,0.02722,0.34764,0.21592,0.01984,0.02699,0.07741,0.02361,0.02036
0.04999,0.00997,0.05358,0.00334,0.00459,0.40068,0.03406,0.00644,0.40459,0.03276
0.02118,0.01310,0.00585,0.12990,0.02237,0.26815,0.00490,0.39140,0.13896,0.00420
0.04779,0.19624,0.20229,0.05275,0.03185,0.20810,0.00423,0.01733,0.22493,0.01449
0.06760,0.00878,0.08448,0.18586,0.17335,0.01754,0.02206,0.42144,0.00920,0.00969
0.01618,0.01465,0.11667,0.01077,0.08078,0.07451,0.24328,0.00889,0.17468,0.25959
0.01557,0.00990,0.01355,0.00814,0.03685,0.40800,0.00447,0.01124,0.48342,0.00885
0.10391,0.00521,0.00722,0.01033,0.00766,0.36822,0.03577,0.04432,0.35948,0.05787
0.00581,0.19272,0.35483,0.01063,0.15753,0.07410,0.00830,0.03693,0.14237,0.01679
0.07308,0.31041,0.05643,0.02850,0.29258,0.03358,0.08413,0.00774,0.04606,0.06747
0.03855,0.18608,0.01663,0.20195,0.19626,0.04245,0.03087,0.23838,0.02715,0.02168
0.01071,0.03223,0.00696,0.01160,0.03532,0.02033,0.41147,0.02745,0.02245,0.42148
0.35043,0.01499,0.33726,0.12735,0.09990,0.01332,0.00808,0.00653,0.03439,0.00776
0.00513,0.01537,0.05431,0.03225,0.32151,0.01567,0.18944,0.00505,0.15840,0.20286
0.00230,0.00601,0.00136,0.00184,0.00309,0.48626,0.00293,0.01179,0.48051,0.00392
0.00177,0.01303,0.00735,0.01706,0.00886,0.01976,0.43445,0.01169,0.02268,0.46334
0.15964,0.31734,0.13294,0.31292,0.00683,0.01540,0.00555,0.03059,0.01381,0.00500
0.01204,0.02111,0.00342,0.01860,0.01519,0.03010,0.44964,0.00816,0.01560,0.42615
0.00439,0.01037,0.00529,0.03532,0.12713,0.01243,0.37544,0.01917,0.02407,0.38639
0.00239,0.00948,0.01088,0.04118,0.00747,0.06850,0.00440,0.80417,0.04569,0.00583
0.00248,0.00311,0.00808,0.00402,0.00366,0.48499,0.00486,0.00467,0.47823,0.00589
0.02876,0.02540,0.18957,0.06343,0.04575,0.30981,0.01820,0.06918,0.24041,0.00949
0.01216,0.00556,0.08664,0.22983,0.26824,0.16689,0.02204,0.01343,0.18706,0.00814
0.45926,0.45546,0.01756,0.00922,0.00419,0.02924,0.00156,0.00319,0.01884,0.00147
0.09452,0.03902,0.10718,0.11731,0.13887,0.17541,0.08772,0.01623,0.14751,0.07624
0.09999,0.09704,0.10284,0.14001,0.01148,0.12274,0.02748,0.29714,0.07126,0.03002
0.42753,0.19981,0.16726,0.10081,0.03605,0.02869,0.00144,0.00833,0.02649,0.00358
0.00424,0.34870,0.00509,0.34204,0.00712,0.01721,0.12455,0.00685,0.00902,0.13516
0.43418,0.09546,0.12059,0.09724,0.12925,0.04887,0.02439,0.02346,0.01518,0.01138
0.01004,0.28092,0.00511,0.46271,0.17563,0.02903,0.00166,0.01034,0.01850,0.00606
0.01247,0.10176,0.33267,0.08175,0.29997,0.02980,0.00629,0.08677,0.04143,0.00710
0.16743,0.36160,0.36161,0.05112,0.00959,0.02182,0.00617,0.00568,0.01114,0.00385
0.00348,0.01725,0.06749,0.04886,0.06395,0.39535,0.00391,0.00837,0.38727,0.00407
0.18801,0.36599,0.38754,0.00540,0.00950,0.01099,0.00545,0.01123,0.01227,0.00362
0.03376,0.10859,0.02334,0.42424,0.30740,0.02554,0.01347,0.00957,0.05022,0.00387
0.45119,0.23035,0.00739,0.24164,0.00635,0.01005,0.00596,0.00851,0.01208,0.02648
0.10735,0.00199,0.11020,0.01704,0.02480,0.03773,0.13766,0.35914,0.05122,0.15288
0.00172,0.00360,0.00438,0.00161,0.00577,0.47594,0.00773,0.01213,0.47181,0.01532
0.00689,0.02791,0.01216,0.75879,0.00259,0.09019,0.00771,0.06299,0.02193,0.00884
0.11480,0.02670,0.07303,0.09519,0.04996,0.05357,0.27183,0.01243,0.05261,0.24990
0.01070,0.01130,0.85362,0.00598,0.00579,0.01150,0.00665,0.06326,0.02710,0.00411
0.23037,0.10622,0.24887,0.10319,0.00878,0.03290,0.02597,0.15527,0.06024,0.02819
0.00811,0.24782,0.00973,0.22952,0.00907,0.06556,0.18270,0.01674,0.02124,0.20949
0.11262,0.45865,0.01842,0.00567,0.02253,0.19919,0.00519,0.02896,0.12546,0.02331
0.08957,0.00341,0.16330,0.17830,0.01149,0.08976,0.04063,0.36103,0.02633,0.03617
0.00748,0.03765,0.00675,0.04232,0.04842,0.03437,0.01102,0.76735,0.03513,0.00951
0.00715,0.18078,0.18904,0.01280,0.01992,0.01007,0.24050,0.07040,0.01553,0.25381
0.05474,0.28324,0.08026,0.28126,0.08919,0.06144,0.00870,0.09313,0.04350,0.00455
0.00458,0.00793,0.83376,0.00847,0.00435,0.08127,0.00908,0.00340,0.03956,0.00760
0.00350,0.47382,0.00742,0.48103,0.00431,0.01368,0.00197,0.00626,0.00484,0.00318
0.14356,0.03919,0.00629,0.16088,0.00468,0.15010,0.16139,0.10426,0.05745,0.17219
0.00863,0.08495,0.08733,0.01298,0.01868,0.26510,0.15045,0.03578,0.19618,0.13994
0.00882,0.00654,0.00940,0.00426,0.00534,0.01479,0.00311,0.93607,0.00747,0.00420
0.00760,0.00487,0.00750,0.01480,0.00964,0.04869,0.00401,0.85442,0.03756,0.01092
0.07258,0.01084,0.04916,0.04780,0.04083,0.37362,0.01307,0.00939,0.37416,0.00855
0.05403,0.08354,0.00413,0.19523,0.36141,0.01770,0.08022,0.04761,0.08367,0.07246
0.17440,0.00759,0.01376,0.42463,0.01053,0.11998,0.07519,0.00685,0.10065,0.06643
0.24900,0.01681,0.00246,0.01208,0.00862,0.02332,0.02238,0.62541,0.01846,0.02148
0.00490,0.28583,0.00495,0.00396,0.30004,0.01396,0.18742,0.01208,0.00708,0.17979
0.38885,0.02866,0.38057,0.04308,0.00627,0.03059,0.01278,0.07110,0.02633,0.01178
0.35180,0.01261,0.32893,0.08176,0.06954,0.02326,0.04871,0.01283,0.02307,0.04749
0.67326,0.00551,0.00896,0.00225,0.00451,0.01163,0.14773,0.00226,0.00275,0.14115
0.00899,0.01907,0.02703,0.04527,0.30012,0.18914,0.00137,0.05608,0.34788,0.00504
0.38413,0.00646,0.05905,0.01902,0.01447,0.00676,0.03631,0.41886,0.00742,0.04752
0.07555,0.04074,0.08944,0.02796,0.00820,0.05688,0.31690,0.01417,0.03745,0.33272
0.12587,0.00425,0.13777,0.00855,0.00755,0.02567,0.10675,0.46338,0.01306,0.10716
0.01624,0.00262,0.00873,0.01330,0.01651,0.19002,0.00432,0.53035,0.20772,0.01019
0.39394,0.03053,0.02226,0.36195,0.01412,0.07831,0.03438,0.01458,0.02227,0.02766
0.07138,0.04561,0.06815,0.09040,0.01977,0.24517,0.12164,0.00822,0.19917,0.13048
0.04757,0.15702,0.04447,0.14103,0.00944,0.00933,0.09985,0.36304,0.02629,0.10197
0.01896,0.02408,0.00888,0.00161,0.00871,0.01364,0.39987,0.11539,0.01625,0.39261
0.72494,0.01158,0.02825,0.04482,0.00532,0.04858,0.01429,0.00935,0.09664,0.01621
0.00457,0.00591,0.01430,0.01544,0.00866,0.00893,0.31542,0.28308,0.01694,0.32675
0.02699,0.32495,0.04030,0.02853,0.00639,0.31524,0.07919,0.00536,0.04842,0.12462
0.02001,0.02484,0.01304,0.08281,0.04007,0.00677,0.05119,0.70535,0.01494,0.04098
0.02728,0.44910,0.00969,0.44100,0.01024,0.01479,0.00779,0.01988,0.01343,0.00680
0.01037,0.02019,0.05963,0.01264,0.04513,0.05920,0.23148,0.27952,0.04574,0.23610
0.01113,0.00715,0.00869,0.01285,0.00266,0.37573,0.06900,0.06950,0.37103,0.07225
0.01858,0.00674,0.01754,0.39581,0.39256,0.01454,0.03788,0.08946,0.01814,0.00875
0.08338,0.05445,0.01789,0.25763,0.25266,0.03094,0.11180,0.06716,0.01666,0.10744
0.15664,0.28132,0.14696,0.31787,0.04831,0.00921,0.00717,0.00797,0.01677,0.00776
0.00873,0.41561,0.17314,0.27970,0.01278,0.04509,0.01197,0.00728,0.03566,0.01005
0.06216,0.00638,0.07511,0.01580,0.00446,0.42574,0.00208,0.00274,0.40303,0.00252
0.21953,0.01075,0.01217,0.11170,0.01987,0.28759,0.04220,0.01374,0.24508,0.03736
0.01351,0.00661,0.00426,0.12329,0.15666,0.01842,0.31423,0.01152,0.02795,0.32355
0.21288,0.01537,0.20082,0.00788,0.00528,0.16852,0.09010,0.02124,0.18020,0.09771
0.00593,0.10128,0.09527,0.00700,0.01336,0.27140,0.10338,0.02990,0.28553,0.08696
0.02420,0.00878,0.51865,0.02505,0.01347,0.01779,0.17101,0.03466,0.02091,0.16548
0.01183,0.05946,0.00624,0.04694,0.07350,0.02523,0.34999,0.01204,0.10237,0.31240
0.07022,0.00732,0.01656,0.00654,0.01142,0.45535,0.00485,0.00785,0.41375,0.00614
0.02154,0.05695,0.02793,0.42412,0.32757,0.01741,0.05897,0.00657,0.01171,0.04723
0.01643,0.00869,0.32243,0.00646,0.30909,0.00587,0.15723,0.03863,0.00802,0.12713
0.03576,0.00808,0.25822,0.00596,0.24097,0.18738,0.02878,0.00864,0.18306,0.04315
0.04739,0.01218,0.00520,0.20580,0.22827,0.16508,0.08616,0.00503,0.15305,0.09184
0.20247,0.00702,0.02378,0.06365,0.02150,0.14427,0.00297,0.36960,0.15945,0.00528
0.00911,0.24726,0.30995,0.18214,0.09110,0.03501,0.06041,0.01125,0.01870,0.03507
0.00801,0.00575,0.00872,0.03706,0.06930,0.07805,0.33690,0.00446,0.08946,0.36229
0.23451,0.00932,0.25446,0.00792,0.00704,0.19639,0.00661,0.01204,0.25941,0.01231
0.00555,0.11822,0.01893,0.10845,0.01562,0.13557,0.03291,0.46489,0.08464,0.01522
0.00704,0.02675,0.25357,0.05331,0.20613,0.17779,0.07565,0.01877,0.12337,0.05764
0.00443,0.00428,0.01510,0.00317,0.00641,0.02200,0.44002,0.01093,0.03625,0.45741
0.00546,0.19373,0.00479,0.19114,0.00923,0.04015,0.25753,0.01557,0.01523,0.26719
0.02856,0.01134,0.52262,0.20320,0.18911,0.01167,0.00676,0.00355,0.01629,0.00690
0.01049,0.46994,0.00682,0.45185,0.01325,0.01035,0.00538,0.01803,0.00553,0.00836
0.00996,0.65860,0.02210,0.00731,0.07318,0.06547,0.00869,0.10435,0.03927,0.01108
0.00862,0.00526,0.74199,0.00689,0.00465,0.10456,0.00601,0.00864,0.10481,0.00857
0.00582,0.01279,0.00389,0.07439,0.02467,0.04955,0.00920,0.78537,0.03129,0.00303
0.00490,0.00839,0.00978,0.00886,0.01350,0.01770,0.38939,0.13717,0.01199,0.39831
0.03384,0.41461,0.02254,0.00479,0.42814,0.04575,0.01216,0.00440,0.01955,0.01422
0.08796,0.24904,0.22420,0.00651,0.00272,0.06163,0.17117,0.00510,0.01498,0.17669
0.01464,0.00498,0.21902,0.23827,0.00652,0.13651,0.01758,0.20433,0.12636,0.03178
0.48158,0.04859,0.01556,0.00744,0.05790,0.17909,0.00441,0.01731,0.18329,0.00483
0.00563,0.00266,0.00477,0.93771,0.00756,0.02052,0.00937,0.00303,0.00594,0.00283
0.47309,0.37300,0.00297,0.08707,0.00310,0.02637,0.00593,0.00578,0.02025,0.00242
0.00584,0.00348,0.02106,0.05489,0.36103,0.01253,0.00250,0.34574,0.18684,0.00607
0.04825,0.20898,0.05514,0.22184,0.01175,0.16265,0.07146,0.03426,0.10180,0.08386
0.18352,0.00522,0.00509,0.37980,0.21672,0.05198,0.00889,0.10548,0.03620,0.00709
0.15869,0.01805,0.00630,0.03635,0.01591,0.16310,0.02921,0.39146,0.14756,0.03337
0.03038,0.03700,0.02142,0.01584,0.05060,0.02764,0.32820,0.13636,0.01699,0.33558
0.14802,0.00777,0.01047,0.05851,0.05860,0.14280,0.01242,0.41247,0.13311,0.01583
0.22133,0.02549,0.01232,0.25768,0.09821,0.00741,0.17784,0.01166,0.01432,0.17376
0.00360,0.16569,0.18297,0.22954,0.01983,0.04919,0.00601,0.25492,0.08239,0.00588
0.05739,0.24202,0.00534,0.03076,0.00256,0.15322,0.18472,0.09021,0.02318,0.21061
0.00324,0.02652,0.16310,0.05319,0.10166,0.11365,0.02777,0.44961,0.04975,0.01150
0.01002,0.01352,0.36256,0.01336,0.25997,0.09366,0.00999,0.01963,0.20716,0.01012
0.00534,0.04831,0.00895,0.00669,0.05857,0.02850,0.28100,0.26293,0.00811,0.29160
0.00837,0.30750,0.26993,0.00927,0.00921,0.12960,0.10393,0.01647,0.04192,0.10380
0.03304,0.07391,0.10027,0.02476,0.00553,0.35821,0.00167,0.00518,0.39283,0.00460
0.09103,0.03873,0.03642,0.06643,0.01397,0.31444,0.01428,0.08179,0.31792,0.02499
0.01689,0.43280,0.00685,0.31307,0.10152,0.02716,0.00666,0.01749,0.06583,0.01172
0.00561,0.00398,0.12680,0.11479,0.01125,0.35808,0.00347,0.00533,0.36746,0.00323
0.12115,0.01516,0.02479,0.12509,0.02093,0.25821,0.01227,0.14209,0.26947,0.01084
0.20812,0.04741,0.11585,0.00891,0.07049,0.25745,0.00592,0.00393,0.27869,0.00323
0.00714,0.02993,0.01120,0.01097,0.05056,0.04275,0.08050,0.62100,0.04814,0.09782
0.00735,0.00764,0.00928,0.00799,0.18022,0.00953,0.28562,0.06071,0.11489,0.31677
0.00800,0.00834,0.05197,0.13417,0.09444,0.01950,0.31553,0.02665,0.01039,0.33100
0.22792,0.21501,0.00532,0.02168,0.01700,0.13826,0.11415,0.02795,0.10465,0.12805
0.28167,0.00843,0.22104,0.30935,0.00964,0.01393,0.06241,0.01219,0.01063,0.07071
0.00502,0.00631,0.33125,0.00806,0.01174,0.01440,0.29609,0.02093,0.00858,0.29763
0.00981,0.05264,0.06362,0.01052,0.01278,0.05128,0.05011,0.67297,0.03204,0.04423
0.05120,0.26804,0.03582,0.01324,0.26064,0.12549,0.01123,0.08445,0.13326,0.01663
0.03437,0.01151,0.02146,0.04066,0.03219,0.03550,0.04749,0.70573,0.01923,0.05187
0.04549,0.02412,0.04378,0.01037,0.00584,0.07216,0.05099,0.67636,0.02515,0.04575
0.09923,0.07838,0.00293,0.06046,0.01072,0.13252,0.24891,0.01344,0.09711,0.25629
0.30876,0.00869,0.01410,0.00518,0.00539,0.33283,0.01657,0.00588,0.29067,0.01192
0.01440,0.00901,0.00740,0.02813,0.02326,0.02537,0.41607,0.05593,0.01313,0.40730
0.01749,0.00579,0.06037,0.34057,0.06513,0.04248,0.00820,0.43059,0.02332,0.00605
0.00984,0.00255,0.00883,0.00596,0.00240,0.47898,0.00378,0.00487,0.47887,0.00393
0.01224,0.23945,0.12655,0.15238,0.02179,0.16374,0.01524,0.10175,0.13369,0.03316
0.16882,0.05160,0.00732,0.00409,0.05062,0.35522,0.00429,0.01873,0.33177,0.00755
0.00366,0.01231,0.47422,0.00700,0.47913,0.00657,0.00175,0.00307,0.01038,0.00190
0.01087,0.00902,0.02233,0.00851,0.00978,0.10531,0.03156,0.73409,0.04282,0.02570
0.12955,0.00536,0.13486,0.28324,0.29469,0.00794,0.07252,0.01479,0.00778,0.04927
0.16638,0.01703,0.00584,0.30539,0.22024,0.12333,0.00896,0.04592,0.09633,0.01059
0.01597,0.29116,0.00597,0.30386,0.02005,0.05227,0.12256,0.02950,0.03773,0.12093
0.16297,0.13860,0.00835,0.02583,0.01179,0.31564,0.00801,0.04242,0.27480,0.01160
0.01177,0.01751,0.05434,0.00208,0.04330,0.01092,0.00245,0.84500,0.01105,0.00158
0.03976,0.01073,0.00740,0.08051,0.01938,0.18278,0.00445,0.46020,0.18501,0.00978
0.00852,0.00725,0.12991,0.00709,0.02054,0.14919,0.26109,0.00474,0.14207,0.26959
0.00292,0.06473,0.01583,0.06086,0.00576,0.42843,0.00373,0.00392,0.41142,0.00239
0.28557,0.03338,0.08776,0.31261,0.01049,0.10349,0.01091,0.11209,0.03515,0.00856
0.40772,0.08489,0.39606,0.01936,0.03636,0.00210,0.01282,0.01420,0.01554,0.01096
0.00925,0.00393,0.02076,0.23426,0.22733,0.21175,0.03000,0.01428,0.19950,0.04893
0.00506,0.38888,0.34779,0.00947,0.10291,0.04400,0.01388,0.04325,0.02996,0.01481
0.00437,0.00598,0.00442,0.03287,0.02059,0.01908,0.42082,0.08122,0.00737,0.40329
0.81393,0.04598,0.02543,0.01429,0.02160,0.02575,0.01058,0.00727,0.01790,0.01728
