0.46870,0.45727,0.03902,0.03502
0.37156,0.29685,0.15915,0.17244
0.11212,0.58727,0.14638,0.15423
0.01712,0.03013,0.47802,0.47473
0.09472,0.25129,0.30258,0.35141
0.47806,0.47305,0.02136,0.02753
0.18289,0.17156,0.32490,0.32066
0.68073,0.21198,0.04866,0.05863
0.04263,0.28107,0.33397,0.34232
0.03186,0.71972,0.10970,0.13872
0.46552,0.46303,0.03552,0.03593
0.08196,0.09703,0.41358,0.40743
0.30216,0.25875,0.20161,0.23747
0.16032,0.51619,0.14518,0.17831
0.08249,0.65405,0.13389,0.12956
0.47711,0.46295,0.02351,0.03642
0.30036,0.23449,0.24805,0.21710
0.48865,0.48883,0.01172,0.01080
0.37859,0.36857,0.12312,0.12971
0.21433,0.21230,0.28863,0.28474
0.91797,0.06009,0.00635,0.01560
0.84722,0.04246,0.05680,0.05352
0.33505,0.33209,0.16188,0.17099
0.37549,0.45780,0.08125,0.08546
0.49559,0.49382,0.00336,0.00723
0.49412,0.45968,0.02199,0.02421
0.03849,0.15197,0.39665,0.41289
0.49426,0.47666,0.01436,0.01473
0.27901,0.25401,0.20193,0.26505
0.49253,0.50043,0.00228,0.00477
0.49490,0.32882,0.08136,0.09492
0.00902,0.02386,0.48331,0.48381
0.14778,0.65994,0.06273,0.12955
0.40732,0.37164,0.09395,0.12709
0.08505,0.05026,0.42107,0.44362
0.47752,0.49598,0.00817,0.01833
0.38850,0.40404,0.09613,0.11133
0.46016,0.47204,0.02954,0.03826
0.03185,0.02690,0.47434,0.46691
0.47565,0.48934,0.01296,0.02204
0.05664,0.89756,0.01903,0.02676
0.44825,0.03395,0.25321,0.26459
0.04485,0.06640,0.43955,0.44920
0.16854,0.17700,0.32077,0.33369
0.64213,0.05935,0.14427,0.15425
0.08640,0.07629,0.40686,0.43045
0.33458,0.31073,0.17320,0.18148
0.48547,0.12315,0.18907,0.20230
0.46579,0.44596,0.04022,0.04804
0.08539,0.07340,0.41961,0.42160
0.09649,0.17204,0.35348,0.37798
0.03033,0.55512,0.19840,0.21614
0.09556,0.06818,0.41116,0.42510
0.06629,0.04313,0.44375,0.44683
0.01677,0.01508,0.47920,0.48895
0.44773,0.45910,0.05383,0.03934
0.03695,0.70180,0.11931,0.14193
0.14103,0.17336,0.34477,0.34084
0.03481,0.29209,0.33326,0.33984
0.40232,0.39920,0.08840,0.11008
0.07435,0.05609,0.43769,0.43187
0.01152,0.95480,0.01454,0.01913
0.33143,0.32511,0.14918,0.19428
0.24650,0.20106,0.25411,0.29832
0.40934,0.47421,0.07310,0.04335
0.12727,0.72586,0.06701,0.07986
0.19190,0.20701,0.29469,0.30639
0.45267,0.47748,0.02822,0.04163
0.10988,0.81846,0.01901,0.05265
0.67800,0.02772,0.13981,0.15447
0.93333,0.04017,0.01356,0.01294
0.80438,0.15223,0.01472,0.02867
0.44228,0.45389,0.04561,0.05823
0.01079,0.03986,0.45450,0.49485
0.41208,0.38877,0.10032,0.09883
0.41520,0.26960,0.13574,0.17945
0.46056,0.45709,0.04090,0.04145
0.27550,0.26272,0.22944,0.23233
0.01310,0.01268,0.48676,0.48746
0.01887,0.07566,0.45657,0.44889
0.28881,0.30097,0.19282,0.21740
0.44075,0.43554,0.05277,0.07094
0.10886,0.10287,0.39284,0.39543
0.49420,0.48211,0.00970,0.01399
0.01241,0.01354,0.47871,0.49535
0.57309,0.35100,0.03571,0.04021
0.48892,0.43214,0.04174,0.03721
0.47500,0.48539,0.01432,0.02528
0.36749,0.32496,0.13463,0.17292
0.01902,0.01870,0.46597,0.49631
0.14181,0.12817,0.35218,0.37784
0.47756,0.48285,0.01405,0.02553
0.49050,0.47526,0.01173,0.02251
0.00581,0.66786,0.15305,0.17328
0.23814,0.25108,0.25065,0.26012
0.06179,0.84979,0.04175,0.04666
0.22124,0.57971,0.09795,0.10110
0.47036,0.49079,0.01599,0.02286
0.48985,0.47434,0.01758,0.01823
0.71276,0.06521,0.10520,0.11682
0.46280,0.47297,0.03746,0.02677
0.46097,0.47983,0.01790,0.04130
0.38349,0.36094,0.11555,0.14002
0.48686,0.46578,0.02248,0.02487
0.86682,0.09827,0.01555,0.01936
0.05718,0.09059,0.44905,0.40319
0.05383,0.05045,0.44240,0.45333
0.42564,0.39344,0.07325,0.10767
0.48939,0.46916,0.01797,0.02348
0.44840,0.42225,0.06647,0.06288
0.34664,0.30736,0.16072,0.18528
0.47386,0.45507,0.03539,0.03567
0.07259,0.03736,0.45521,0.43484
0.01570,0.50099,0.23977,0.24354
0.31414,0.28117,0.18313,0.22155
0.16663,0.17133,0.31875,0.34329
0.64450,0.28950,0.03221,0.03379
0.56449,0.29622,0.05716,0.08213
0.47379,0.46385,0.03278,0.02958
0.36138,0.35123,0.14040,0.14699
0.29075,0.01700,0.34569,0.34657
0.44749,0.43835,0.05034,0.06382
0.42674,0.02416,0.26705,0.28205
0.49194,0.49254,0.00721,0.00830
0.25443,0.19171,0.28806,0.26579
0.04013,0.03840,0.45138,0.47009
0.47726,0.48060,0.01658,0.02557
0.35491,0.32847,0.15328,0.16333
0.48649,0.47995,0.01592,0.01763
0.10998,0.11370,0.37617,0.40015
0.45894,0.49031,0.01431,0.03643
0.28019,0.08204,0.31061,0.32717
0.44185,0.47555,0.04214,0.04045
0.01649,0.01785,0.47314,0.49251
0.49113,0.48848,0.00813,0.01226
0.85521,0.08884,0.02474,0.03121
0.45915,0.45824,0.03930,0.04331
0.06678,0.09940,0.37351,0.46031
0.43327,0.43862,0.05136,0.07675
0.26577,0.27745,0.22544,0.23134
0.04615,0.09547,0.43030,0.42809
0.46057,0.43265,0.04218,0.06460
0.13566,0.84982,0.00778,0.00674
0.26228,0.31287,0.18956,0.23530
0.45522,0.43649,0.05066,0.05762
0.34985,0.30734,0.15729,0.18552
0.47674,0.48139,0.02200,0.01987
0.93339,0.04902,0.00733,0.01027
0.38247,0.38011,0.11005,0.12738
0.86701,0.03431,0.04458,0.05409
0.14506,0.15344,0.34288,0.35862
0.46379,0.42434,0.05220,0.05966
0.48112,0.48303,0.01862,0.01723
0.91110,0.04050,0.01794,0.03045
0.46437,0.46774,0.03218,0.03571
0.48662,0.48378,0.01451,0.01509
0.26993,0.27351,0.22062,0.23595
0.47919,0.49010,0.01023,0.02048
0.49235,0.48953,0.00835,0.00977
0.67601,0.27847,0.02182,0.02370
0.50387,0.47194,0.01112,0.01307
0.44124,0.45277,0.05339,0.05260
0.01381,0.04024,0.44756,0.49839
0.45935,0.45671,0.03196,0.05197
0.28726,0.69505,0.00721,0.01048
0.96548,0.02874,0.00286,0.00292
0.33978,0.34290,0.14383,0.17348
0.18998,0.16339,0.26524,0.38140
0.54804,0.35088,0.03837,0.06272
0.46279,0.49242,0.01783,0.02696
0.95288,0.03342,0.00633,0.00737
0.46294,0.38558,0.07322,0.07826
0.03070,0.53602,0.20019,0.23309
0.47050,0.49752,0.01145,0.02053
0.00970,0.01619,0.48490,0.48922
0.19755,0.19489,0.29790,0.30967
0.02482,0.15709,0.39667,0.42142
0.17197,0.15515,0.32375,0.34912
0.04637,0.04996,0.44565,0.45801
0.30408,0.67349,0.00699,0.01544
0.27476,0.29898,0.19926,0.22699
0.44655,0.37906,0.10086,0.07353
0.36879,0.40193,0.09953,0.12974
0.48398,0.42561,0.03498,0.05542
0.14339,0.04673,0.40371,0.40617
0.39838,0.40324,0.10224,0.09614
0.43865,0.43121,0.05745,0.07270
0.48521,0.48036,0.01651,0.01793
0.12580,0.34891,0.23904,0.28624
0.13581,0.84634,0.00714,0.01070
0.37990,0.02913,0.29742,0.29356
0.47719,0.47147,0.01840,0.03294
0.47411,0.47641,0.02042,0.02907
0.40632,0.39543,0.10205,0.09620
0.79735,0.03340,0.06837,0.10089
0.15296,0.15881,0.32017,0.36806
0.05477,0.02825,0.45829,0.45870
0.87615,0.09583,0.01216,0.01586
0.28918,0.28116,0.20779,0.22187
0.21086,0.19548,0.29374,0.29992
0.25428,0.40667,0.17217,0.16689
0.40557,0.36404,0.09823,0.13215
0.44681,0.44911,0.04049,0.06359
0.07823,0.73672,0.08915,0.09590
0.38857,0.48711,0.04705,0.07727
0.05386,0.25979,0.33477,0.35158
0.00321,0.99052,0.00287,0.00340
0.48621,0.46601,0.01871,0.02907
0.47848,0.47966,0.02068,0.02118
0.18758,0.15553,0.32214,0.33475
0.03581,0.04802,0.45099,0.46518
0.71680,0.15492,0.05509,0.07319
0.20336,0.77542,0.00935,0.01187
0.09651,0.03971,0.42219,0.44159
0.42602,0.43013,0.06012,0.08372
0.17884,0.15324,0.32009,0.34783
0.22090,0.20897,0.26823,0.30190
0.44424,0.44056,0.05541,0.05979
0.33569,0.34217,0.14659,0.17555
0.50557,0.45558,0.01797,0.02088
0.01102,0.05094,0.46410,0.47394
0.47612,0.50328,0.00978,0.01083
0.04841,0.58444,0.18478,0.18237
0.49474,0.47727,0.01228,0.01571
0.06959,0.74915,0.08166,0.09960
0.49057,0.48786,0.01011,0.01146
0.45678,0.46686,0.03408,0.04228
0.41809,0.42329,0.06774,0.09088
0.49395,0.49404,0.00519,0.00682
0.24040,0.74553,0.00611,0.00796
0.04836,0.90862,0.01101,0.03200
0.49589,0.47667,0.01030,0.01714
0.02719,0.02368,0.46360,0.48552
0.31524,0.30753,0.17025,0.20699
0.13564,0.10053,0.37060,0.39324
0.46126,0.47280,0.02313,0.04281
0.91927,0.05602,0.01104,0.01367
0.41469,0.53525,0.02095,0.02911
0.48633,0.42278,0.04172,0.04917
0.02342,0.02365,0.47383,0.47909
0.09500,0.48806,0.21294,0.20399
0.36349,0.33884,0.13706,0.16061
0.82686,0.05224,0.04442,0.07648
0.41414,0.36118,0.11297,0.11171
0.48682,0.48626,0.00811,0.01882
0.45163,0.43978,0.05159,0.05700
0.48441,0.49351,0.01133,0.01076
0.32539,0.31130,0.17591,0.18740
0.38206,0.37447,0.11817,0.12530
0.44779,0.44482,0.05023,0.05716
0.23184,0.16651,0.28021,0.32144
0.34714,0.30551,0.16004,0.18731
0.25905,0.24262,0.23877,0.25956
0.49165,0.46593,0.01879,0.02364
0.42447,0.40777,0.08244,0.08532
0.86839,0.07836,0.01981,0.03343
0.06005,0.03709,0.43832,0.46454
0.11415,0.10934,0.37022,0.40629
0.29651,0.31028,0.18331,0.20991
0.20870,0.77414,0.00712,0.01003
0.46488,0.43739,0.04184,0.05589
0.64757,0.25749,0.04485,0.05009
0.43577,0.40920,0.07653,0.07850
0.48379,0.50133,0.00639,0.00849
0.47679,0.49994,0.00862,0.01465
0.30337,0.28977,0.19743,0.20944
0.49604,0.10110,0.19256,0.21031
0.97316,0.02024,0.00261,0.00399
0.47331,0.41741,0.04429,0.06499
0.03059,0.14616,0.39534,0.42791
0.45882,0.46708,0.04105,0.03305
0.17586,0.15958,0.33200,0.33256
0.48101,0.48542,0.01370,0.01986
0.48262,0.45994,0.02047,0.03697
0.46553,0.47775,0.02819,0.02853
0.42413,0.40366,0.07638,0.09583
0.15592,0.18254,0.30121,0.36032
0.49899,0.46233,0.01451,0.02417
0.13580,0.14825,0.35747,0.35848
0.50624,0.47305,0.00981,0.01090
0.25391,0.23253,0.25605,0.25751
0.38232,0.40202,0.08978,0.12587
0.14662,0.75370,0.03609,0.06359
0.91081,0.05101,0.01701,0.02118
0.48673,0.48573,0.01262,0.01492
0.16704,0.76679,0.03316,0.03300
0.17393,0.14317,0.33549,0.34742
0.26606,0.27034,0.21030,0.25331
0.49323,0.48567,0.00849,0.01260
0.30024,0.27447,0.20593,0.21936
0.00279,0.99114,0.00191,0.00416
0.26284,0.44532,0.14054,0.15130
0.44548,0.46480,0.04373,0.04599
0.06476,0.03985,0.41013,0.48526
0.41530,0.42601,0.07083,0.08786
0.05526,0.04569,0.46737,0.43168
0.27086,0.45545,0.13051,0.14318
0.92325,0.02949,0.01803,0.02923
0.00912,0.00869,0.49135,0.49085
0.45855,0.45925,0.03605,0.04615
