0.03951,0.03315,0.41238,0.01996,0.01787,0.01875,0.05824,0.04320,0.04070,0.02012,0.03525,0.02521,0.05753,0.01635,0.02162,0.02084,0.02841,0.02664,0.02316,0.04112
0.04786,0.15744,0.09937,0.08729,0.02015,0.04114,0.05085,0.04551,0.01167,0.04792,0.13923,0.01327,0.01482,0.01047,0.01599,0.02679,0.01777,0.01570,0.01929,0.11746
0.01490,0.02442,0.11043,0.03395,0.01591,0.01828,0.17998,0.14217,0.02058,0.01293,0.01071,0.06510,0.01400,0.01174,0.02084,0.02079,0.20200,0.02359,0.04368,0.01401
0.02449,0.04708,0.04903,0.04843,0.03552,0.03538,0.07392,0.07554,0.02801,0.01360,0.17991,0.02308,0.01142,0.01648,0.03148,0.03244,0.02673,0.02197,0.02439,0.20110
0.04993,0.02776,0.06327,0.02011,0.02729,0.01866,0.21351,0.13720,0.08708,0.01815,0.04518,0.02365,0.01869,0.07257,0.03707,0.02166,0.02708,0.02004,0.02802,0.04308
0.03568,0.01716,0.21897,0.02618,0.08255,0.05432,0.14225,0.04874,0.04641,0.03476,0.02054,0.02830,0.01652,0.03406,0.03499,0.04257,0.03599,0.02413,0.01857,0.03731
0.02414,0.04749,0.22090,0.02969,0.01638,0.02033,0.04521,0.02995,0.18972,0.02492,0.01272,0.23561,0.01629,0.00805,0.01057,0.01017,0.01393,0.01705,0.01241,0.01449
0.01373,0.07272,0.02509,0.63740,0.01049,0.01199,0.02931,0.01878,0.00680,0.01560,0.03677,0.00849,0.00710,0.00630,0.00974,0.00791,0.00566,0.00929,0.00636,0.06048
0.06282,0.03715,0.08698,0.05402,0.02559,0.03248,0.02818,0.02170,0.03140,0.05152,0.14015,0.01986,0.05029,0.04040,0.03951,0.02365,0.04554,0.02392,0.05987,0.12495
0.01237,0.04187,0.03931,0.12531,0.03780,0.02741,0.10201,0.10406,0.02681,0.01539,0.02902,0.03674,0.01852,0.01917,0.04049,0.09049,0.06854,0.01696,0.10988,0.03784
0.03510,0.03834,0.12559,0.03955,0.02124,0.05619,0.03960,0.03057,0.01152,0.03679,0.18410,0.01615,0.01983,0.02060,0.04394,0.06835,0.02826,0.02050,0.04065,0.12312
0.08333,0.05559,0.29620,0.06213,0.05086,0.04421,0.07120,0.03545,0.02303,0.06073,0.03505,0.01560,0.01879,0.02375,0.01781,0.01148,0.00986,0.03079,0.02496,0.02918
0.04186,0.02521,0.25300,0.02836,0.05164,0.01868,0.08920,0.08251,0.01877,0.02607,0.11279,0.02187,0.01184,0.01161,0.01870,0.01470,0.01718,0.01652,0.01333,0.12616
0.04484,0.03420,0.17054,0.03269,0.03599,0.05535,0.06995,0.05682,0.00986,0.07081,0.16879,0.01279,0.01856,0.02169,0.01842,0.04284,0.02396,0.02016,0.01899,0.07275
0.06888,0.04154,0.07155,0.04754,0.01975,0.03573,0.03525,0.02666,0.03120,0.25274,0.05503,0.04446,0.02487,0.01184,0.02481,0.03218,0.02755,0.02334,0.02754,0.09754
0.08457,0.05388,0.34356,0.04054,0.04612,0.03913,0.02316,0.01655,0.05828,0.04101,0.04642,0.03021,0.01841,0.02090,0.02582,0.01985,0.01876,0.02294,0.01652,0.03336
0.06617,0.22904,0.03806,0.08842,0.02703,0.01792,0.03621,0.04734,0.01823,0.04337,0.11000,0.01966,0.01040,0.00783,0.01217,0.01633,0.01836,0.00872,0.01671,0.16800
0.00838,0.05667,0.05935,0.23189,0.02032,0.04314,0.13645,0.10414,0.01441,0.01002,0.04503,0.02003,0.01173,0.01724,0.02917,0.07267,0.01633,0.02121,0.01329,0.06853
0.03058,0.09275,0.09744,0.05727,0.03276,0.03477,0.14156,0.21363,0.01955,0.02310,0.04518,0.01923,0.00978,0.01552,0.02337,0.03998,0.01868,0.01639,0.01967,0.04878
0.01837,0.03273,0.14311,0.02143,0.01934,0.01985,0.15658,0.43818,0.01025,0.01170,0.02640,0.01077,0.00729,0.01182,0.01219,0.01524,0.00704,0.00934,0.00745,0.02094
0.01203,0.02094,0.35662,0.03598,0.01835,0.01698,0.02082,0.01875,0.01024,0.00966,0.10376,0.01316,0.00988,0.02001,0.02427,0.09355,0.01847,0.01567,0.00932,0.17156
0.02942,0.01490,0.26898,0.01649,0.01866,0.02066,0.05730,0.06275,0.02710,0.01660,0.01529,0.01762,0.02558,0.02727,0.02149,0.02174,0.27795,0.01443,0.03099,0.01481
0.05001,0.04159,0.45372,0.03848,0.06563,0.02115,0.04870,0.03876,0.01743,0.03866,0.02907,0.01348,0.01411,0.02689,0.02065,0.01078,0.01065,0.01612,0.01505,0.02907
0.01748,0.02196,0.03273,0.02992,0.09768,0.03386,0.02603,0.03293,0.04774,0.01407,0.09692,0.05086,0.03081,0.07300,0.05776,0.14918,0.05422,0.02086,0.03412,0.07787
0.03001,0.02444,0.20945,0.02161,0.08902,0.02622,0.15095,0.03511,0.02251,0.02793,0.01658,0.03388,0.02886,0.13457,0.03748,0.01232,0.01290,0.04516,0.02128,0.01970
0.13518,0.05397,0.22279,0.05012,0.03154,0.03782,0.07904,0.05978,0.01016,0.10874,0.05870,0.00986,0.01006,0.01415,0.01668,0.01202,0.01225,0.01813,0.01809,0.04093
0.13685,0.06020,0.03481,0.05774,0.03674,0.03161,0.03165,0.02557,0.02210,0.05745,0.26762,0.02612,0.01454,0.00955,0.01579,0.01815,0.01537,0.02520,0.01926,0.09366
0.03829,0.06529,0.27169,0.07590,0.06642,0.08881,0.02794,0.02012,0.01778,0.03811,0.10099,0.02157,0.01517,0.01456,0.01742,0.02315,0.01372,0.03182,0.01322,0.03803
0.01845,0.02305,0.30923,0.03008,0.02306,0.05495,0.03013,0.02678,0.01769,0.01896,0.05884,0.01421,0.05415,0.05607,0.03267,0.08089,0.04474,0.01259,0.02788,0.06558
0.02642,0.04289,0.06600,0.02081,0.02957,0.02407,0.05805,0.48039,0.02644,0.01421,0.03329,0.05801,0.00632,0.00789,0.01451,0.02340,0.01572,0.01295,0.01119,0.02788
0.08613,0.03949,0.04818,0.07897,0.01954,0.01968,0.09287,0.16568,0.01884,0.17265,0.03260,0.02963,0.01774,0.01189,0.01882,0.01919,0.02988,0.01485,0.02396,0.05941
0.01682,0.25343,0.09325,0.05982,0.02326,0.02781,0.08015,0.17739,0.01953,0.01220,0.06417,0.01778,0.00994,0.01775,0.01976,0.02279,0.01122,0.01457,0.01393,0.04440
0.01786,0.01881,0.39545,0.04386,0.03402,0.04291,0.01364,0.00950,0.01783,0.01410,0.20775,0.01701,0.01909,0.01172,0.01005,0.01823,0.02183,0.01112,0.01210,0.06309
0.05043,0.02808,0.11364,0.10101,0.06031,0.04371,0.06296,0.02987,0.02388,0.07289,0.02659,0.02701,0.08694,0.01979,0.03866,0.03145,0.05713,0.05047,0.03251,0.04265
0.08936,0.04435,0.03621,0.14601,0.05990,0.06381,0.04063,0.02273,0.10075,0.03582,0.05268,0.03831,0.01709,0.02435,0.04882,0.01030,0.02638,0.06382,0.04417,0.03452
0.04726,0.02749,0.05063,0.06684,0.06813,0.04856,0.02472,0.02155,0.01992,0.03220,0.21116,0.02077,0.01379,0.01778,0.03235,0.02686,0.01635,0.05588,0.01697,0.18081
0.02183,0.03912,0.38015,0.05319,0.04341,0.02803,0.11377,0.12940,0.03436,0.01639,0.01729,0.02113,0.00642,0.01010,0.01326,0.01412,0.01854,0.01187,0.01218,0.01543
0.04363,0.04299,0.33292,0.02036,0.02531,0.02192,0.04916,0.04993,0.01260,0.01955,0.11918,0.01110,0.01505,0.01965,0.02390,0.04571,0.01879,0.01082,0.02956,0.08788
0.01725,0.03977,0.09118,0.02125,0.05380,0.03682,0.07366,0.06567,0.01512,0.01676,0.23500,0.01929,0.04504,0.02776,0.02739,0.04540,0.02656,0.02323,0.04460,0.07446
0.10199,0.06365,0.04567,0.09789,0.04090,0.05354,0.03049,0.02010,0.06710,0.02534,0.07088,0.02127,0.03195,0.09086,0.05835,0.03845,0.02302,0.03040,0.01906,0.06910
0.01113,0.08408,0.18162,0.13197,0.02540,0.01596,0.12342,0.13933,0.02708,0.00836,0.02524,0.05323,0.01245,0.02235,0.02503,0.01997,0.01753,0.02895,0.01572,0.03118
0.04078,0.02262,0.29123,0.07550,0.03059,0.04009,0.07259,0.06318,0.01675,0.06993,0.02806,0.02356,0.01173,0.01227,0.02239,0.03854,0.02239,0.02241,0.01613,0.07925
0.03710,0.05464,0.02301,0.10957,0.05019,0.03864,0.09558,0.08666,0.03506,0.03633,0.03464,0.04903,0.01240,0.09136,0.07912,0.03125,0.02293,0.03829,0.02848,0.04573
0.03110,0.14673,0.11983,0.03584,0.02031,0.03491,0.07269,0.06301,0.05418,0.02835,0.05686,0.09265,0.02322,0.01162,0.02276,0.03213,0.03335,0.02416,0.04437,0.05193
0.06249,0.05057,0.29580,0.05135,0.02520,0.05791,0.07323,0.03884,0.01379,0.07609,0.05123,0.01280,0.01448,0.02643,0.02401,0.02447,0.01238,0.01769,0.01339,0.05785
0.01150,0.04324,0.03601,0.65768,0.01055,0.01359,0.02769,0.01658,0.00903,0.01406,0.02449,0.01499,0.00852,0.01272,0.01504,0.01023,0.01348,0.01509,0.01160,0.03390
0.02310,0.02849,0.34923,0.05718,0.03223,0.01790,0.04393,0.05315,0.02537,0.02053,0.07161,0.02734,0.01623,0.01613,0.02445,0.02486,0.03221,0.01943,0.02426,0.09237
0.04513,0.04112,0.06348,0.05283,0.02328,0.02881,0.27275,0.05683,0.01584,0.11464,0.01471,0.05611,0.05550,0.00899,0.01582,0.01611,0.05692,0.02214,0.02304,0.01594
0.07308,0.02703,0.12484,0.01660,0.03580,0.03016,0.02122,0.01554,0.01405,0.04002,0.43478,0.01167,0.01122,0.01070,0.01328,0.01042,0.00980,0.02222,0.00935,0.06822
0.02225,0.04085,0.33777,0.05103,0.02434,0.03158,0.08971,0.10809,0.02062,0.02155,0.03642,0.02386,0.01100,0.01891,0.02686,0.02277,0.01576,0.02446,0.01819,0.05398
0.00949,0.03565,0.13399,0.01560,0.01720,0.01550,0.12121,0.07768,0.01053,0.00847,0.04949,0.01466,0.01677,0.01282,0.01801,0.32588,0.01587,0.00916,0.02459,0.06743
0.08067,0.02497,0.24174,0.02174,0.01911,0.01616,0.08747,0.05961,0.00993,0.33435,0.01548,0.01226,0.00968,0.00710,0.00905,0.00901,0.00854,0.01006,0.00753,0.01554
0.02125,0.01428,0.16084,0.01014,0.01432,0.01665,0.07465,0.06628,0.00819,0.01354,0.09378,0.00781,0.23341,0.01258,0.01297,0.02755,0.09793,0.00854,0.02641,0.07888
0.03845,0.11240,0.18425,0.03576,0.03373,0.02737,0.05049,0.03106,0.03974,0.03510,0.10606,0.02783,0.02931,0.02028,0.02626,0.03164,0.01300,0.02136,0.01450,0.12142
0.00922,0.02787,0.04843,0.02821,0.01642,0.01606,0.14328,0.49418,0.00835,0.01235,0.04982,0.01279,0.00793,0.00804,0.01149,0.02242,0.00911,0.00941,0.00924,0.05537
0.02501,0.02750,0.26227,0.04910,0.06319,0.06143,0.12198,0.06004,0.00943,0.03840,0.02479,0.01842,0.01839,0.01498,0.02461,0.04016,0.00893,0.07699,0.01254,0.04180
0.06560,0.02051,0.29540,0.01375,0.03005,0.02414,0.17723,0.10025,0.00988,0.04050,0.02445,0.02028,0.01779,0.00959,0.01710,0.03351,0.04141,0.01243,0.02671,0.01943
0.04058,0.02368,0.04956,0.19182,0.04930,0.03838,0.03880,0.02001,0.07017,0.03550,0.01779,0.02910,0.01988,0.04610,0.06622,0.01913,0.11968,0.02283,0.07301,0.02847
0.02009,0.01829,0.02536,0.01527,0.03686,0.05630,0.08953,0.16282,0.01182,0.01504,0.09014,0.01771,0.02867,0.03073,0.07262,0.13128,0.01953,0.01280,0.04590,0.09925
0.02261,0.02952,0.55717,0.02737,0.00971,0.00991,0.02162,0.01824,0.00485,0.02237,0.06879,0.00829,0.00896,0.00625,0.00996,0.00852,0.00754,0.00951,0.01584,0.13297
0.14693,0.03005,0.06091,0.01429,0.02447,0.01715,0.03330,0.06641,0.01594,0.04936,0.26244,0.02166,0.01258,0.01641,0.01951,0.03763,0.01816,0.01057,0.02083,0.12142
0.04738,0.07485,0.04580,0.27874,0.02426,0.02430,0.06507,0.02818,0.01345,0.02935,0.12772,0.01027,0.01915,0.02230,0.02218,0.01156,0.01484,0.03041,0.02251,0.08767
0.04651,0.03185,0.10954,0.02537,0.02336,0.02173,0.03178,0.03187,0.01765,0.06111,0.17210,0.01747,0.03316,0.02192,0.02195,0.02715,0.01717,0.01673,0.01804,0.25353
0.02001,0.13585,0.13271,0.05547,0.03356,0.01631,0.27389,0.11519,0.02828,0.01395,0.02084,0.01589,0.01409,0.02220,0.01834,0.01197,0.01144,0.01707,0.02076,0.02217
0.01925,0.05167,0.06458,0.31676,0.01881,0.05981,0.02304,0.01575,0.07422,0.01118,0.01400,0.04262,0.01479,0.02402,0.05881,0.06518,0.04749,0.02964,0.03203,0.01634
0.02678,0.03293,0.11440,0.01854,0.02656,0.03174,0.12889,0.26515,0.01382,0.01729,0.11185,0.01853,0.01134,0.01235,0.02137,0.02921,0.01788,0.02801,0.01858,0.05478
0.04626,0.07354,0.05373,0.13228,0.05816,0.09379,0.04730,0.04169,0.05785,0.02348,0.04522,0.05953,0.01156,0.01174,0.03500,0.02802,0.05380,0.02253,0.05264,0.05187
0.02756,0.05087,0.15716,0.04316,0.02316,0.02046,0.03921,0.05552,0.02522,0.02462,0.17592,0.03466,0.03264,0.02287,0.02028,0.03384,0.02761,0.01534,0.03105,0.13886
0.02300,0.03386,0.11822,0.05885,0.01946,0.04001,0.02964,0.02116,0.04063,0.02099,0.09496,0.01558,0.01931,0.04372,0.04780,0.01943,0.02102,0.03744,0.02850,0.26643
0.00693,0.05692,0.05659,0.02239,0.01716,0.01466,0.14251,0.03412,0.09143,0.00752,0.04651,0.03875,0.05861,0.07988,0.04519,0.03937,0.02547,0.03170,0.04803,0.13628
0.03045,0.05108,0.19796,0.02465,0.02534,0.02133,0.28311,0.09852,0.00893,0.05339,0.04359,0.01319,0.01914,0.00866,0.01118,0.01533,0.01132,0.01161,0.01581,0.05542
0.01554,0.03207,0.07160,0.08106,0.05601,0.03649,0.14361,0.08304,0.19364,0.01419,0.01952,0.06089,0.00970,0.01993,0.02554,0.01635,0.03719,0.03077,0.01965,0.03322
0.05328,0.02495,0.07871,0.03383,0.02196,0.02819,0.09250,0.06308,0.02224,0.04542,0.06946,0.02070,0.04466,0.01309,0.02615,0.02726,0.12289,0.02048,0.05055,0.14062
0.10531,0.05741,0.20238,0.02209,0.02027,0.01908,0.07308,0.11251,0.01215,0.11090,0.07703,0.01092,0.01402,0.01170,0.01621,0.01273,0.01085,0.01118,0.01636,0.08384
0.01380,0.04110,0.04762,0.04367,0.05676,0.04272,0.05301,0.03247,0.05073,0.01554,0.16244,0.14306,0.02778,0.01809,0.02377,0.04636,0.03378,0.03284,0.02578,0.08867
0.00844,0.04321,0.02600,0.71898,0.00817,0.01027,0.03097,0.01575,0.00599,0.00964,0.01443,0.00941,0.00822,0.01362,0.01304,0.00895,0.00692,0.01861,0.00722,0.02215
0.01404,0.03142,0.51254,0.02453,0.01083,0.01898,0.05481,0.03387,0.01740,0.01167,0.02667,0.03560,0.03081,0.01231,0.02451,0.01813,0.04067,0.03749,0.02197,0.02175
0.00858,0.02244,0.31853,0.19369,0.02190,0.03179,0.10335,0.04882,0.00690,0.00850,0.02491,0.00980,0.00791,0.01658,0.02338,0.04152,0.02008,0.02009,0.01687,0.05436
0.01192,0.03181,0.04279,0.02246,0.01860,0.02365,0.02381,0.02733,0.01059,0.00943,0.63401,0.01617,0.00636,0.00811,0.01212,0.02591,0.01308,0.01050,0.01026,0.04110
0.01620,0.02796,0.40415,0.02708,0.02440,0.01533,0.06154,0.02856,0.08391,0.01622,0.02465,0.04901,0.02335,0.01732,0.02602,0.02031,0.02936,0.01852,0.03025,0.05587
0.03335,0.01884,0.30127,0.02852,0.03643,0.03214,0.03839,0.03399,0.05891,0.06323,0.03945,0.02786,0.01860,0.01566,0.01759,0.02228,0.01645,0.01546,0.01537,0.16622
0.02865,0.03271,0.05268,0.05830,0.03488,0.05683,0.06006,0.10715,0.02519,0.02750,0.13800,0.02707,0.01739,0.01734,0.03076,0.05210,0.03442,0.02220,0.02670,0.15006
0.02735,0.01644,0.31800,0.04176,0.03064,0.06228,0.02207,0.01638,0.00927,0.04582,0.07609,0.00977,0.02995,0.02396,0.02297,0.02676,0.01591,0.02165,0.01333,0.16958
0.03098,0.01547,0.20111,0.01730,0.04505,0.04612,0.08867,0.13851,0.01352,0.04704,0.05662,0.02157,0.01618,0.01751,0.02563,0.06856,0.06961,0.01549,0.02616,0.03891
0.01057,0.04589,0.02789,0.10164,0.01567,0.02169,0.05549,0.12232,0.01405,0.00778,0.33519,0.01489,0.00662,0.00913,0.01183,0.01920,0.01160,0.01183,0.00830,0.14843
0.01366,0.03436,0.08800,0.05334,0.06697,0.06589,0.06060,0.03483,0.02198,0.01233,0.10064,0.01693,0.02042,0.02123,0.02932,0.14651,0.07618,0.01560,0.03158,0.08964
0.01910,0.01682,0.10491,0.03068,0.09960,0.03477,0.04893,0.01776,0.02656,0.02270,0.01085,0.01815,0.01698,0.44813,0.02050,0.01073,0.01045,0.02019,0.01062,0.01155
0.01730,0.05020,0.06473,0.02779,0.03777,0.02025,0.07300,0.06846,0.23757,0.01441,0.03118,0.17201,0.01716,0.01345,0.02268,0.02883,0.02647,0.01610,0.02530,0.03534
0.03322,0.04470,0.28980,0.02293,0.01094,0.02335,0.02447,0.02293,0.00874,0.02169,0.31993,0.00914,0.00807,0.00776,0.01000,0.01412,0.00801,0.01059,0.00718,0.10244
0.03166,0.01957,0.26342,0.01393,0.01224,0.01429,0.27682,0.17689,0.01055,0.02470,0.01616,0.01426,0.01622,0.00685,0.00995,0.01230,0.03080,0.00755,0.01984,0.02199
0.01356,0.04399,0.32443,0.05327,0.01341,0.03459,0.03666,0.03590,0.01206,0.01331,0.04147,0.01609,0.01732,0.00992,0.01865,0.15931,0.06323,0.01179,0.02748,0.05356
0.04244,0.09057,0.06462,0.23455,0.04414,0.03888,0.04109,0.03037,0.01347,0.05081,0.06323,0.01725,0.03141,0.05606,0.03052,0.02865,0.01484,0.03362,0.01607,0.05740
0.01093,0.01056,0.03122,0.00915,0.00871,0.00951,0.51315,0.27081,0.00689,0.00771,0.01799,0.01134,0.00669,0.00741,0.00971,0.02113,0.01135,0.00701,0.01050,0.01822
0.08994,0.01806,0.04614,0.06972,0.05166,0.05381,0.02737,0.02360,0.01618,0.28811,0.04139,0.01504,0.01212,0.01705,0.02293,0.02912,0.01609,0.02285,0.01263,0.12620
0.03164,0.03856,0.03046,0.12678,0.02618,0.02332,0.02950,0.01912,0.28239,0.02152,0.05236,0.02606,0.02066,0.04145,0.03485,0.01599,0.03299,0.02975,0.04152,0.07490
0.02402,0.04838,0.05484,0.07310,0.04146,0.02497,0.17421,0.19170,0.12834,0.01610,0.01348,0.04641,0.02085,0.02935,0.01948,0.01024,0.02275,0.02114,0.02638,0.01279
0.00882,0.03945,0.03240,0.17345,0.03203,0.02341,0.05311,0.04647,0.03409,0.01008,0.02004,0.15611,0.02210,0.05446,0.04725,0.10502,0.05054,0.03952,0.02972,0.02193
0.03977,0.03816,0.46680,0.02338,0.02253,0.01717,0.02879,0.02735,0.01634,0.02687,0.10130,0.01588,0.01813,0.01219,0.01383,0.01678,0.01387,0.01452,0.01482,0.07152
0.13219,0.04456,0.03963,0.02164,0.01943,0.02010,0.18380,0.09262,0.02329,0.24148,0.02856,0.01913,0.01914,0.01436,0.01484,0.01049,0.01177,0.01789,0.01674,0.02833
0.04724,0.06936,0.06782,0.14818,0.01955,0.11668,0.02725,0.01988,0.01748,0.04036,0.12116,0.01797,0.01923,0.01385,0.02161,0.06096,0.04687,0.01308,0.04401,0.06746
