{"estimation": {"a": 3.4158471878395833, "rho": [0.05493633642388331, 0.19726555228299372, 0.08780399464345237, 0.24219176107528667, 0.12656645613591253, 0.056959512957769284, 0.04362514096081791, 0.0662289869854858, 0.06001668011835042, 0.06440557841604784], "Mu": [[-1.3834891506002431, 2.0283854746061603, -3.226113122410442, 2.8324211823074488, 1.2556559094769317, -1.2664370332029289, 0.10003423216164538, 0.741812298437389, -0.9153539751741357, -1.201762688825583, 2.534974564497308, 0.6835795492077053, -1.1274267510439155, 0.9262041652684179, 3.6926187613501016, 1.0277368609569004, 0.9209354565866079, 1.876194901802585, -1.618384411392653, -0.059520894015425395], [-0.0009182303212551638, 2.343768232714555, 5.983148824465428, 0.09600326681712022, 5.632091202837964, 2.612494865173551, -1.5306420870013084, -10.077038432379538, 5.368514873893799, -0.15389414965962833, 4.887118985156493, 0.7436536075794161, 0.8275395708238109, -1.5871555204555254, 0.20128629110520135, 2.761579950442531, 0.47957295673650874, -0.6433741785743433, -3.6012006687637506, -0.8912132891541379], [1.4144231533002454, 2.5620846355869102, -4.083430911992486, 3.396878530299394, 1.7190956034818512, 0.3752617386737501, -2.9843048788317343, 0.26527282796014157, 1.4220337671512084, -0.0520414176599419, 1.9390550960313317, -1.0897514259092735, 0.3152162366569277, -2.4964330096275535, 0.9870759477534433, 0.7880425370865892, -1.1098964464171763, 3.892241033118068, -0.6838157595674066, 0.4540244952311073], [0.8967580185947961, 2.1537503867138192, 2.946506108017819, -1.7194074196633167, 4.015063983367666, 3.2520748009449942, -5.341183275577643, -7.797742458386042, 4.903423321221862, 0.8878681922508647, 3.770005345620676, -0.7555059534556186, 2.124065473501325, -1.7095927378870772, 0.5877961496407846, 2.984822170032076, -0.2503033448203154, 1.620921999431448, -4.04354608855163, 0.30036279173369534], [-0.7012575618806526, -4.09131129859188, -10.157893840984729, 5.56369914051119, 0.7196452136644886, 3.27025435691721, 1.8196645386174475, 2.1274119050248297, -2.990614072142982, -1.074519848128861, 5.247697246031319, -5.447509700945378, -6.258356179334653, -2.305681013729973, 0.6617108409462743, 11.00019792488545, 4.154524435966487, 12.34666659039489, 0.2514548786760388, 0.6878907436992167], [-1.2426795653441203, 1.4261279718672801, -0.3726598901792799, -4.235974148623165, 1.9589876064508411, 0.1818922172899606, 1.2221168537383766, -2.218892213161717, -3.9546315644173844, 1.9389394256776027, -0.5147926850941023, -0.5057660306886793, 1.3072440467803033, 0.20835449201753156, 2.671938064351578, 1.0145809160677366, -2.0985886545148493, -2.1300954888015835, -2.0171797404198273, 2.1468245495783145], [-0.25664321835226545, -0.6494977669127583, -2.4454217929832716, -2.4410225188773804, 2.344899868206426, 3.281265306758591, 4.597138176260692, -1.2980217786547104, -1.5009787501110463, -3.6334683002648145, 2.4606785936076134, -0.17594229995384422, -0.1951641309415514, -1.1765922813596608, 6.376832910444667, 27.84908913364219, -0.8373490732368999, -6.551596444380446, 0.04877280009387172, 2.576103669256408], [1.5425187415625203, 4.034359900799741, -0.5375170535346367, 3.5606369793884918, 2.589783606151774, -0.7769448708417723, -0.5332290051980719, -1.8732662101116988, -4.198537172899394, 2.8580493766016954, -1.5786304117854302, 0.8858943476044282, 1.5817141024307926, 0.22387610159436308, -0.5044161597827473, 1.638355714879399, 1.8206623518451732, -5.221174413503001, -2.6364834319699186, 0.44800627197083276], [2.5545992358157923, 3.547931976007063, -3.5645712892532035, -0.7579721518253344, 3.531205184057231, 2.828590011842914, 4.5568432544684265, -1.6551368937664488, -4.157698193692514, 0.15763580657942236, 1.3379456618055907, -0.11877944690128514, -0.7694994181555257, -0.5211263875024466, 5.080535644081706, 13.184506521134336, 1.7324837012551924, -8.302058377761245, 0.5893403931400584, 3.250633317253387], [-0.7993469263167733, 8.923674253319433, 0.43703463024921196, -0.7221190958682137, 1.2387989570098432, -0.6689127585293261, 0.4234311403916469, -1.2412367091632526, -1.9658738670081344, -3.9165850029886675, -3.1144454377526056, 0.5645835780288967, 0.27522195344257144, 0.9202366444980302, 0.018026512506159095, 7.268823849729078, 0.8671728178186567, -8.224435266299498, -3.282751810833836, 1.0004430767005872], [-0.23976951442443284, 1.9867258983983067, -1.757425565768081, 1.9794188774765034, -2.385438746726937, 2.4516051979009257, -0.045808845734483225, 1.0775590263749317, 1.1819008721379234, -2.9423702097808984, -1.0920729437144667, -1.8897818483254498, -0.5781803360565868, -3.1765051453201627, -1.7918529577340412, 0.9520722507515654, -3.0732855776720345, 1.8273175691967816, 1.0285282045322086, 0.06348944411173199], [0.04818740396579657, 4.332916474644852, 1.824355884989167, 0.9281956171932968, 0.8611360072094674, -6.373410548302317, -3.2266838810292557, 8.329718290987735, 3.777153642312676, 0.4116275398019905, -3.4764257661845694, 0.1808484032168621, 3.6968107838278788, -2.001935463381548, -2.5373879602891245, 0.772155801248855, -0.5913803385057962, 5.897311609807574, -3.3839385387125755, 0.5451594061628938], [2.1804814666458747, 2.284002352007576, 1.1484900541067238, -0.8643807029358812, -3.6082536080207923, 4.067393588989657, -0.40265570687699304, 2.487235938791991, 1.735602335878764, -3.3220292501851025, -0.1376402409370092, 1.8160586832787347, -0.7178005704114595, -2.718057725660033, -1.3172982462514644, 9.709377627500333, -10.552493411281056, -2.7817228200102817, -0.5686756242688908, 0.20227968611694974], [2.598122478724428, 3.800069697623698, 5.355255378144284, 2.0969389113502026, -1.1277368934641936, -2.397329447987156, -2.097844290141897, 10.486926560439056, 3.274585895318986, -0.6247945180411554, -2.388476914898497, 1.9514625816879785, 4.1290892187308845, -2.1281068418535667, -1.376045103229135, 1.8061088962338907, -9.235359844553075, -0.3698942754158722, -4.156357511697601, -0.1864654532572072], [-2.6083236317370693, 4.380229150770129, -2.606739624991865, 1.3623204638714361, -0.4112610419216215, 5.488446429675404, -1.434801916735389, 4.2819903312663365, -0.1594585929143421, 0.2913819741948078, -1.193197578422995, 2.612706972890192, -4.502902191999857, -3.231866337529295, -4.651632609389625, 3.4337153765461044, -3.1652738657700934, 2.0511774869154964, -1.6343272381812048, -0.1414850120444009], [-0.8382430149471201, 2.659342946471941, -4.1886255764445215, 2.90703856890644, 1.485677782724248, -2.6648053680194717, -1.9570655004636643, -2.15514540147304, 0.5133756877823651, -1.9603342438831663, -0.06563355146442008, -2.1610862575892607, -1.1947842210991673, -0.6192108693705509, -1.6783383022112464, -0.15040116596236783, -2.721711728166519, 0.7528601747830942, -0.28665831256873814, 5.577108783138725], [1.3957667842530017, -0.8038244280882854, 0.5918363829867319, 3.4732314606433534, 1.2017762636649507, 0.08035540924148972, 3.2047151869731962, -1.0040474954374035, 2.993849511777369, -1.2047809945422328, 2.787273475761794, 1.9985843426527836, 1.9519009415241468, -2.738582957044804, 0.07275009260042167, -0.21042261593607592, -2.3134079632079545, -3.3115824820763153, -3.418778239921012, -1.8033448270224552], [12.663453565108187, 0.8546754387511428, -0.21302435787040874, 1.6882937232878399, 1.3656793642288119, 2.17035967446127, 1.674252483691968, -4.648737179602531, 0.8204362771375112, -5.687707141286992, -0.7456713477911932, 4.924538921954738, 0.053576563334050295, -1.9017818280850232, 1.04911405459234, 2.497280498768163, -1.450094859202139, -4.106403148971625, -3.5801248089304636, -1.770806908015361], [11.516416657795038, 1.446289792521709, -0.8038271606505457, 3.6836070686564013, 0.01085587236218372, 1.5626924994846112, 0.5246924418554858, -2.4750894870762368, -0.7587367265779574, -6.938481467713084, -1.32050152729661, 6.452332703536355, -1.9240615850957836, -2.6039217755304707, 0.35145120829445564, 2.1378213917017272, -2.5115621281581877, -6.509176579759923, -4.326101687922966, -1.7162684985264438], [-1.5128546506118445, 1.0730499550332488, -3.5897657260278866, 7.516678142342236, 2.2174975105788315, 1.0759477524793504, -2.5861373219312993, -2.570838896498303, 1.704310054407559, -0.6028277188804911, 0.04164471655186425, -2.217181366562663, -2.036109180346644, -1.5049296240888952, -2.415680108367394, 0.96616467356887, -1.8804529140283373, 1.6807156639823129, -2.43468027362457, 4.152075796187602]], "Lambda": [[0.42613933941042664, 0.5093805728816471, 0.34043119658439513, 0.5092355334663822, 0.5120155110919501, 0.44134460066319864, 0.48011952386913537, 0.30566470498821696, 0.5025741275541631, 0.4468286653952034, 0.30331150186259076, 0.4522740959393834, 0.4325913177188317, 0.4185957637187438, 0.6008352532104339, 0.46438535755778393, 0.4422124983405313, 0.3351334124679871, 0.4523286575997016, 0.4928932491344011], [0.5730638703229162, 0.7691492713126522, 0.25656972087529195, 0.24978775400419828, 0.6673666227414374, 0.4672980965065833, 0.6034878156912089, 0.23332549995815333, 0.40048085250369575, 1.295414171732996, 0.3363794263551998, 0.8607920573979583, 0.7463694897234505, 0.3377601751409176, 0.5080984955905322, 0.4179784280966029, 0.6662400222940482, 0.4539409291367347, 0.5132779575806475, 1.0403347247602936], [0.5675681301474008, 0.46216636880970735, 0.2481101150168724, 0.27883047450923726, 0.4458859583703288, 0.590689352099279, 0.4875597117359566, 0.35682952448039057, 0.36049223172540495, 0.5273663650890275, 0.5278468187921828, 0.33024420733289744, 0.27604122392719327, 0.42499143325477773, 0.669831844399701, 0.3324682147357747, 0.44660215118475444, 0.29462269433918786, 0.49010741366069804, 0.5717999630356745], [0.600719706131619, 0.7914075152867346, 0.14788193962448654, 0.25112803953398444, 0.7222375111689499, 0.45802009105188185, 0.4774965091030764, 0.2460521195011341, 0.395746494609969, 1.3147152943118978, 0.36042821138057596, 0.8475705054492649, 0.7229080822562762, 0.2718915692214893, 0.6370970802054093, 0.46164372348578125, 0.6238096420482471, 0.37107549945459384, 0.5905447375447974, 0.8224186070058923], [0.8799592252387015, 0.957883949581852, 0.5325206224879537, 0.5715337309841725, 0.2990783327407898, 0.8088665403317676, 1.6547686162593256, 1.4879761292017435, 0.27153295777680037, 0.31453823814428583, 0.42403929468559337, 0.5136086641677181, 0.06742998365194859, 0.18372732002182138, 0.7408953479769688, 0.24840766214753096, 0.9050501359679742, 0.3481561145835941, 0.6599334550162786, 0.5739662810113236], [0.39307325314332026, 0.30628502582884026, 0.4842620678406713, 0.34658568429770575, 0.48894811622720513, 0.472689554583579, 0.35701978832694015, 0.42388416126978457, 0.34774973831905176, 0.4242779144329352, 0.4382027754234677, 0.4274136032155076, 0.48300155923369653, 0.6043756298233363, 0.4003775888381096, 0.30162771765083457, 0.49031520104089055, 0.35146221644740233, 0.5381387695414135, 0.5172060527227937], [0.33929404832426324, 0.23385076581923386, 0.63844074268779, 0.32528222899676623, 0.6249021087165255, 0.4074237014744329, 0.548583295016222, 0.4406028672040277, 0.23871914151028562, 0.3035472254221324, 0.5534739893433378, 0.53548198596971, 0.40644313348305117, 0.4037544524079028, 0.4110537847972584, 0.23001389405072403, 0.5209603095276986, 0.488074171640906, 0.576161679324387, 0.46975106837914954], [0.1725038992998033, 0.30904611025988743, 0.6000693116365619, 0.28372695611384513, 0.35051151957856613, 0.45862378500731016, 0.4961634328521753, 0.430611344536649, 0.3019399030117277, 0.5924155578869319, 0.6833999506868937, 0.42519999199051167, 0.7111895637417757, 0.3103018124288644, 0.29571439028668406, 0.6272383820253942, 0.5186090446774865, 0.29152676628265833, 0.8526401779612339, 0.6786537206801422], [0.23079245226909484, 0.13645790080896236, 0.6840177710274907, 0.21234271987536849, 0.4961206024699493, 0.35887230646164453, 0.6389452592318065, 0.5251364274450679, 0.1381467250145518, 0.43495990211059277, 0.7198479419718493, 0.4055862143842346, 0.6794499005735211, 0.29297795700489376, 0.2650467310058539, 0.382613189304897, 0.4101253055628876, 0.4500849243606383, 0.9236266005219755, 0.5244264161646527], [0.28939966438185066, 0.23185736893182454, 0.6646166557354625, 0.37339915555105063, 0.5719106667567795, 0.607586212740574, 0.43285336683857506, 0.37277369197999327, 0.2551189533876787, 0.3032983268861818, 0.43695438967796163, 0.6424098853804305, 0.3911153742962434, 0.46489871436412344, 0.4612385346187631, 0.19739149351603605, 0.7263456877712731, 0.18109618758675797, 0.539228559430216, 0.5258704984618706], [0.6189941749699132, 0.44737226044051887, 0.26435366276591293, 0.5225553949302942, 0.5153831430920287, 0.4842131886362458, 0.3954492164461794, 0.39558283784265885, 0.5261290574707893, 0.39492844625827767, 0.5043529932644196, 0.3497817089040603, 0.3267834718085605, 0.36006861331315837, 0.44971226729963043, 0.595750160357506, 0.43157271449692863, 0.3506886470441834, 0.3086042781598755, 0.7070253741577948], [0.7086352215065753, 0.5607482279913127, 0.49557588061057484, 0.7062896609801504, 0.7694304117929327, 0.3176110127315638, 0.5639814713733066, 0.35562388882252405, 0.6816269166032486, 0.43967898140430245, 0.42326328244028133, 0.28784084767290463, 0.19386984169955146, 0.30361145830907005, 0.7541524320127524, 0.3849575206925507, 0.7704886407626235, 0.5735279705440849, 0.4574590831671227, 0.5218662610253437], [0.739810372426423, 0.5360371154808018, 0.36125406816647826, 0.4551262376731752, 0.36357684059463324, 0.4447567335652489, 0.37912928230493637, 0.3437258670107634, 0.5760821271501624, 0.4143829915859117, 0.7474873286184424, 0.5662150049266674, 0.18593545723451413, 0.3383330417217015, 0.4581429894751613, 0.7960656448108666, 0.27576664108351784, 0.38283652710218535, 0.6118853164133233, 0.37483932158773753], [0.983621888172134, 0.6420566097329227, 0.48263261266564095, 0.7043680872035314, 0.7997142307647385, 0.28160273064266106, 0.59484602047181, 0.3041689527734874, 0.7554234259776427, 0.4328144750903808, 0.6306327047199185, 0.37643222127781245, 0.03155577137079315, 0.24978534293819066, 0.7793429625999265, 0.7510642254210598, 0.5582810695608899, 0.6404663765227849, 0.8235597767219387, 0.4359812213841549], [0.5887096555242327, 0.41569878630178986, 0.28042836516939557, 0.457875740608326, 0.42552128131676586, 0.5182853643519547, 0.5878959734336359, 0.26917274566540933, 0.6035078868256537, 0.2405336259296585, 0.4608275620886007, 0.18578270736416438, 0.16487088784737974, 0.7545275061756553, 0.3320677328268188, 0.5257416592668873, 0.2541344129847871, 0.23278655945535104, 0.2360916646100053, 0.6390991727367699], [0.626458967859984, 0.7437478858270601, 0.3302129680992925, 0.3550955103651917, 0.4178615209688589, 0.800700579237188, 0.45648161871963305, 0.7478699414608591, 0.43442339712331046, 0.6686935517314369, 0.7995710964967286, 0.7590239451905132, 0.2757016046443937, 0.6555793526969086, 0.2575166708310984, 0.5730570289729715, 0.39572382890417646, 0.4958612554166309, 0.2001314365128704, 0.35399248560647584], [0.2324855528925428, 0.6330991640542143, 0.2406532598621628, 0.3665194398612079, 0.3225142149397505, 0.410064035497656, 0.5166320283529511, 0.6957658878678975, 0.34182524645248363, 0.33039229814862864, 0.21477014049063775, 0.5050076508024672, 0.257715991463492, 0.5855833053069548, 0.30681906269981685, 0.2307068691798751, 0.34411388183459857, 0.2515579276991765, 0.41469237866994324, 0.6061978443362934], [0.13277498347641503, 0.6007316455038638, 0.6023528104661581, 0.25114056807098495, 0.991248683333198, 0.5347831799802357, 0.4296558257991064, 0.21362384188447128, 0.7350499373480647, 0.21542441522488304, 0.3318688179463796, 0.4463136777546048, 0.5687110517734496, 0.48572037496041687, 0.553794395361511, 0.4698185201033379, 0.7923993296986306, 0.2766576217180083, 0.34996156088847896, 0.6303369444654394], [0.19231167196422813, 0.5465816717742028, 0.7974293850877558, 0.20770607644537198, 0.8501707451026512, 0.6535850256695642, 0.4003524481710182, 0.22005948456569469, 0.7221634775112082, 0.2399774760526473, 0.4403637408898748, 0.42207561950626493, 0.6029872201219545, 0.49522861732887685, 0.6035937838450403, 0.4945767595978573, 0.7984334851162331, 0.2533371630810601, 0.3050461295555494, 0.5630049407753471], [0.5540837086115136, 0.8042938608116114, 0.39130872878857237, 0.2551748530720769, 0.3360866746264433, 0.86694925367102, 0.41245106379877017, 0.7390464770501317, 0.3987403454600793, 0.602919672555018, 0.786247374030948, 0.8015512742296835, 0.3045206291841042, 0.7022567255986905, 0.27241596365734266, 0.4860216376451908, 0.5296987965297387, 0.4405724488679922, 0.15927109967004074, 0.3747464121858219]], "G": [[0.04363697815342685, 0.055385131365649216, 0.26442947178080145, 0.2714993065573188, 0.036598247630599684, 0.03913381514812343, 0.08201287277744812, 0.07881732348940858, 0.038967602586861175, 0.08951925051036247], [0.025076033695250056, 0.22939263842977167, 0.16262067398615743, 0.3669327616547625, 0.13144158709956263, 0.0118873129323447, 0.005928475085405242, 0.029412473876834887, 0.02226385854095803, 0.015044184698952487], [0.015396143486058715, 0.2618819578836515, 0.04248315019932087, 0.3236821458661371, 0.00942390065966731, 0.021228904615700955, 0.021451944669445867, 0.15399626369113031, 0.11948890794534137, 0.030966680983545474], [0.041897999757209994, 0.4261016016942902, 0.014094291782339226, 0.42524807425637934, 0.04292746169341875, 0.009306838083651707, 0.012747651767508781, 0.007530948903424889, 0.012596705754437965, 0.007548426307339631], [0.049894095249152164, 0.34314457622856614, 0.015136095957156526, 0.36461611441212144, 0.0824817909343884, 0.01846328245505601, 0.0067956163996499026, 0.038132233770081556, 0.044631293736814924, 0.03670490085701323], [0.03433980139539824, 0.31590076988251614, 0.053686909648788445, 0.3491633359571148, 0.04187446236145847, 0.03419470657504461, 0.020472802013847935, 0.06955758003762669, 0.04681010598838194, 0.033999526139822836], [0.04030245304438809, 0.16995415219659754, 0.23727748840758545, 0.3367881180304464, 0.045009652579208234, 0.038073631564010266, 0.022918024258994828, 0.013994763072004347, 0.019743870554741874, 0.07593784629202317], [0.026779210435211146, 0.09801385573559003, 0.045109047083836167, 0.09390002841444801, 0.5942115669185547, 0.020434407921546754, 0.03590460044488, 0.03101403257410446, 0.024454715694943882, 0.030178534776884494], [0.0376149778185283, 0.2769042070016092, 0.0886696197375527, 0.33543163372141416, 0.14458934893518072, 0.012437507080010084, 0.0066269617001657585, 0.03951218990156877, 0.04586165475758711, 0.01235189934638296], [0.0190094232264337, 0.19081051205586516, 0.2207300183922034, 0.43336307854606004, 0.06800892510200962, 0.013061894664975301, 0.014441798052831457, 0.006866802525444566, 0.007339601838162492, 0.026367945596014946], [0.02450714216801462, 0.10243855485462268, 0.06144163585185759, 0.0925781768967759, 0.581663219782328, 0.008707158079091771, 0.03179781061145608, 0.023090205691867708, 0.04830806619770906, 0.025468029866275645], [0.047853102391417546, 0.20948609844372643, 0.10081904887280857, 0.25166020155334784, 0.139966709706256, 0.03313040479874188, 0.06362977447845294, 0.05992507579654406, 0.04654083429729359, 0.0469887496614108], [0.12185717477436052, 0.10789311714803006, 0.0946687142563956, 0.13951163037882616, 0.12061745824294777, 0.11460173569244167, 0.02480903676054603, 0.08016581056012728, 0.07377626825437955, 0.12209905393194552], [0.0829555073954088, 0.09698096814148553, 0.1122698719148666, 0.10093300494333789, 0.13701837081997512, 0.054663883447021604, 0.1043980977177424, 0.10170254472320273, 0.15294941487921718, 0.05612833601774189], [0.01791058639509658, 0.08677846882180212, 0.35271441002525816, 0.4173241556627025, 0.050265161933850104, 0.015582776531369134, 0.018525842472265592, 0.014528944970792969, 0.012000515665378705, 0.01436913752148321], [0.046261382952420625, 0.057423614345978265, 0.1359340201873089, 0.1490911829913791, 0.11404123209568032, 0.05164151713831908, 0.049300237155673714, 0.17728460623632372, 0.17022336677681602, 0.04879884012010084], [0.025339489911090387, 0.3965934259981087, 0.030789480413934478, 0.4407801081247223, 0.024585017180166407, 0.007724778368524531, 0.006375474837083573, 0.022584401635784988, 0.014473234832466536, 0.030754588698117074], [0.02633666074783009, 0.06368411047093711, 0.02419614174592542, 0.0808055250146064, 0.0856534609511329, 0.3217762926207534, 0.012503024660079728, 0.025812258757315992, 0.03139801384700566, 0.3278345111844137], [0.056990603424334686, 0.2693299954100434, 0.08657699170503702, 0.34331628560866306, 0.06777826655398406, 0.03794600943966722, 0.06892655735929772, 0.022552205316651593, 0.012483367517037052, 0.03409971766528368], [0.051399822320845265, 0.106901147072405, 0.15901204072696426, 0.186144280900865, 0.12006068444213665, 0.05921527827908729, 0.10912500602798827, 0.08752887103929266, 0.0811097913204228, 0.03950307786999314], [0.018916450055579438, 0.33286337840590663, 0.054234137421631946, 0.4247159702533603, 0.04810561636263961, 0.013135702457683996, 0.021621427016388774, 0.03314467675210111, 0.027829021547368278, 0.025433619727339672], [0.024957656376517937, 0.3675285761331839, 0.024691452663625525, 0.39917108204186635, 0.05619204514566558, 0.032602154968571835, 0.024863801659486883, 0.02695654434394417, 0.018457946339680238, 0.024578740327457195], [0.0244501570795159, 0.1905789583998839, 0.02765242959808328, 0.26284846657673694, 0.3925288680001611, 0.015449409516561461, 0.011630853371506758, 0.043093909094463236, 0.007786983150630684, 0.023979965212456152], [0.042780897680773776, 0.08964405496925776, 0.03016579926822428, 0.12685695962819343, 0.053248084357917835, 0.2778201913768246, 0.03599029022393015, 0.03243338720533195, 0.02219341072095119, 0.28886692456859503], [0.010336742528391724, 0.13944783748085943, 0.3129994526045659, 0.4237305040128618, 0.08174593472816245, 0.006229828947521088, 0.005880812953491247, 0.008269902593447488, 0.006543744555539707, 0.004815239595158416], [0.02131142875158046, 0.3243850873821136, 0.06462840881315692, 0.374498073505876, 0.03210885133011221, 0.07151624466506488, 0.019407516352786158, 0.017717499615434108, 0.019256972677867502, 0.05516991690600861], [0.03654828631858288, 0.19690706799202384, 0.1361191125493373, 0.2815041988420359, 0.05115778074760352, 0.0606361205813793, 0.1484442778033088, 0.039080131090845766, 0.02580614405316342, 0.023796880021719143], [0.019275207238572033, 0.2938403985314973, 0.1519614844556928, 0.4271052986480564, 0.0448978582307333, 0.012060051852382889, 0.013404981928885062, 0.015711889628071966, 0.007990885262687094, 0.013751944223420139], [0.03543205068643314, 0.1932773963077878, 0.1226544343110168, 0.3366662574343318, 0.06837087843770272, 0.02677759888783147, 0.012467237577211932, 0.10011647202277899, 0.06939753731939183, 0.034840137015512716], [0.04452494240044081, 0.32285818067926725, 0.07728314364739294, 0.3757859132679334, 0.08023582377109326, 0.01195985345539617, 0.012094472420481808, 0.03147829966098449, 0.03023175103424977, 0.013547619662759846], [0.03977349486353198, 0.18137901772556433, 0.12047554431820269, 0.3802807561747629, 0.05939061736805173, 0.03951241653145842, 0.014214232663467283, 0.0639526038918361, 0.056489008192363674, 0.044532308270760684], [0.03888966158663089, 0.08634431518933594, 0.2952103066697757, 0.36085788616108067, 0.10922664389994986, 0.012015881106929185, 0.024633043948998325, 0.019304972773690417, 0.02535145403420665, 0.02816583462940235], [0.00284749084463369, 0.03988645431125615, 0.1359611651389658, 0.1491055392940912, 0.019173067677285296, 0.006690295578176019, 0.01376243184634796, 0.3048688763686308, 0.30507367102490374, 0.022631007915709312], [0.10417368534579134, 0.11614305802917078, 0.030308087768035744, 0.14768778125907558, 0.0343280812141248, 0.14307878260746482, 0.03793608668891754, 0.10655575376467215, 0.1283394712986215, 0.15144921202412598], [0.0063721201154687875, 0.3633824620131979, 0.06746883671063862, 0.42165856919765693, 0.02579917729089171, 0.016609153322298106, 0.030308729789608812, 0.034440111535559904, 0.0077765732248438, 0.026184266799834603], [0.023884253612112025, 0.29575798149999144, 0.03659001718275621, 0.2973672014217368, 0.07865122238016262, 0.0887345835453388, 0.02562744158865267, 0.03372475686176022, 0.03268446324700893, 0.08697807866048005], [0.02758181969858853, 0.17324765937081563, 0.019891786484520335, 0.17655471776921985, 0.049983214035342435, 0.037265449594636686, 0.050831333453051415, 0.191324490963995, 0.2048986054792995, 0.06842092315053094], [0.03224750595405528, 0.15383610637787062, 0.03246712491641023, 0.21456503141310643, 0.10962313950928991, 0.03227184852957819, 0.13676493785622146, 0.14463988152614282, 0.10643116241121209, 0.03715326150611275], [0.06879749843879236, 0.1822076638412804, 0.12364615253264516, 0.268267940620213, 0.04123538959799662, 0.02779352173659771, 0.20098780986985354, 0.035545887273808634, 0.019531307863429492, 0.03198682822538327], [0.1083653776215415, 0.09243530381455042, 0.22390760100587603, 0.20093078184355345, 0.18123738407437598, 0.06518187557000166, 0.023394858075154266, 0.03339041546622064, 0.02617307711722125, 0.04498332541150444], [0.02502548146570444, 0.08714557236021636, 0.12334922920505328, 0.20891571124654001, 0.06235833987559942, 0.052396034884382346, 0.05386201991809782, 0.17935300031023418, 0.16949923319925528, 0.03809537753491606], [0.0498255513810708, 0.036790174311429766, 0.037960051978185284, 0.039555504886086536, 0.13802911066468357, 0.16817228387108749, 0.06855445322374798, 0.17552100681022584, 0.17523929896457446, 0.11035256390890773], [0.014642269749866104, 0.3028395984577425, 0.014715967823176452, 0.3672215438046922, 0.009054973277836161, 0.11473759997928341, 0.013026284112848886, 0.02647998632124283, 0.017910040033116477, 0.11937173644019557], [0.03299875797080765, 0.07461518091078591, 0.07625049214868285, 0.10103143831383947, 0.07198907136372035, 0.11341361882895366, 0.05735096151305977, 0.19970519052357338, 0.15303083807490486, 0.11961445035167159], [0.03830679320925025, 0.32422563796810694, 0.032264031744431855, 0.37716902583570394, 0.029822134505632543, 0.02311434028836211, 0.04031210079602213, 0.04695759997162586, 0.0313824628527824, 0.05644587282808183], [0.053067457099351956, 0.12846327787444703, 0.2093803099295143, 0.38849943685266425, 0.06619455548875706, 0.018245807556639147, 0.02938441574411494, 0.036948670328127174, 0.05560887022230665, 0.014207198904076986], [0.035211164747993365, 0.1333371514454529, 0.04502794378517658, 0.17151144311169508, 0.3346271949422815, 0.021648166832734732, 0.13952953712033786, 0.05801589704116399, 0.03528463256621164, 0.02580686840695247], [0.024425685272599234, 0.28763553119153146, 0.03878060380540263, 0.3423170870189176, 0.06833271633673815, 0.013521900418945323, 0.009590705474837842, 0.10674477998451043, 0.09399075569046328, 0.014660234806053446], [0.05283541980214421, 0.2629517118821435, 0.06021483404583235, 0.2708969691733051, 0.06075462237263811, 0.12492131783241137, 0.026193318757138682, 0.03517193691949176, 0.016775776761480697, 0.08928409245341407], [0.02917984817326732, 0.12122282841180027, 0.05156728443333198, 0.13439953865581197, 0.13065052639898111, 0.09069364417985709, 0.08346746803057337, 0.12512135185241693, 0.1046842634282043, 0.1290132464357551], [0.012481622798803141, 0.43345355254929524, 0.011115976888619476, 0.462422191378405, 0.004409716391798977, 0.010065986223374459, 0.0062441635771256845, 0.027252816934054184, 0.024651270188416233, 0.007902703070107741], [0.050614974130625004, 0.24335501978463292, 0.10411980507641379, 0.30904257118494444, 0.09895766729014567, 0.054030585559272364, 0.013759957503150814, 0.029745722585116194, 0.024593537319287182, 0.0717801595664119], [0.041272219885716735, 0.17684267277028595, 0.15834492099794448, 0.29005525004645394, 0.02740095086713286, 0.028643545829908957, 0.026351123674991758, 0.1371147872213876, 0.07579974051413607, 0.03817478819204151], [0.07369029530663833, 0.12342588411841314, 0.0315505507070106, 0.13384163985293768, 0.1095912930360424, 0.22601622450417874, 0.015846290614431192, 0.025603943765424374, 0.01780166079952078, 0.2426322172954032], [0.08653166420770833, 0.28951022383023556, 0.058740079339773606, 0.3142629531611644, 0.1137510410194008, 0.019379034189460024, 0.019143454621180802, 0.03419275562087596, 0.037455302119585525, 0.027033491890614825], [0.02326387130582758, 0.03412555896597011, 0.36740717401962214, 0.3758894036698248, 0.09770689751260139, 0.014180695743752763, 0.047167404857850266, 0.012998398619561473, 0.01572205699299163, 0.011538538311998182], [0.07780210963792294, 0.3456453382078882, 0.041454534532338105, 0.3626083874723679, 0.05540339093887229, 0.01633679570719608, 0.05802345147140265, 0.011196045810468899, 0.020119378207318166, 0.01141056801422466], [0.022844433732964978, 0.2599643876073208, 0.04897806130175925, 0.29056885678990146, 0.04083038176248083, 0.13585600679296977, 0.0098224215173546, 0.0430447969125214, 0.027670024556815054, 0.12042062902591201], [0.04892657361310056, 0.30561431737737377, 0.07256257389719839, 0.3977515720566833, 0.03477286801184328, 0.02771289627969782, 0.013429358974837734, 0.04034440305082122, 0.025423092104938635, 0.03346234463350544], [0.049721918058478275, 0.17797893867592737, 0.05923363207851282, 0.21354118171279676, 0.10164242781004271, 0.0268297945489283, 0.04084943610007842, 0.1418692668566378, 0.15526916393163012, 0.03306424022696733], [0.016682517269912156, 0.12149790046735573, 0.3094288773276823, 0.3813910702153406, 0.084286190482164, 0.013553563976257507, 0.01147759318964883, 0.02428765195095459, 0.02359720195199299, 0.013797433168692199], [0.03538199237284241, 0.11974819211695475, 0.071645804478211, 0.1621764211805915, 0.47350683853146713, 0.023511563833401784, 0.029804722332247013, 0.02361604797247846, 0.022875215260149025, 0.03773320192165765], [0.03193625663397861, 0.3647471148388892, 0.028200034114062543, 0.3865305419975393, 0.009254114688785077, 0.026989695033867778, 0.018714282930097366, 0.06131726693092666, 0.03982063583682933, 0.03249005699502412], [0.030873341824906014, 0.3316999406237029, 0.043660100403240844, 0.3428126427687973, 0.0559030042591837, 0.03467134122462563, 0.07723610881988012, 0.03355271729146703, 0.01742366477269771, 0.032167138011499015], [0.07730700889439215, 0.09482463226638706, 0.05498554288722576, 0.09925506043178547, 0.09287052508693855, 0.028246481069482646, 0.05167902324440283, 0.240576529662345, 0.22590605868386365, 0.03434913777317657], [0.050470292696562453, 0.049764648976662676, 0.3345078543632352, 0.37029314811567715, 0.0801366711220892, 0.04176840036360936, 0.007159415596382654, 0.02121124003706112, 0.008825686523812343, 0.03586264220490827], [0.017560945964934814, 0.03028494126091363, 0.3381150292214419, 0.3403509352025166, 0.19066532268615424, 0.010201835139803644, 0.011380077299433923, 0.017171784414687443, 0.021312105813785565, 0.022957022996327694], [0.047021764447694625, 0.10583308394542598, 0.2958907509084584, 0.34893259454210274, 0.07592772712177341, 0.018623423443153292, 0.034277106148940875, 0.01592395478650452, 0.016333833698962998, 0.04123576095698323], [0.024912342047365258, 0.12399829889524888, 0.05715819070040667, 0.15178792718864986, 0.24297020380544468, 0.13995617385936554, 0.024903858796253845, 0.05814817462952904, 0.03760621300125117, 0.13855861707648462], [0.033317052451051744, 0.07813825900974791, 0.07406730015295371, 0.08574305520954122, 0.01539840563141277, 0.042094619612003704, 0.03305827109678461, 0.3284785857492342, 0.2872004017710668, 0.022504049316203503], [0.03300855923314263, 0.2905794816255853, 0.05889231516392058, 0.2983272170889288, 0.13898753005931125, 0.024266678642527108, 0.015803926768399625, 0.05370104026681405, 0.057922278692742565, 0.028510972458628145], [0.013016094017432738, 0.2454133963028552, 0.034155635192493025, 0.2650785874464678, 0.044148284481147604, 0.14176200359181598, 0.035286522756332525, 0.03555349253642909, 0.054115924965157075, 0.13147005870986886], [0.05237815532002583, 0.0762763595291165, 0.23868504074461785, 0.27568704489101487, 0.20739855176863575, 0.016836545522822106, 0.013130958560790038, 0.028159509212646452, 0.07373781456725527, 0.017710019883075325], [0.019708863150612363, 0.38021592220790673, 0.03968252961987237, 0.36450930334329085, 0.1093367997040606, 0.0056824854340182095, 0.02325293591204791, 0.018262460156783795, 0.011477721286917904, 0.027870979184489855], [0.059724221155090414, 0.19890921100863165, 0.17996278188745285, 0.31454438541089597, 0.07449390611379018, 0.025053475249835942, 0.027111693117774668, 0.04967625560974559, 0.035888935646537175, 0.034635134800245146], [0.02932016522471502, 0.1373536345154873, 0.02393266466045276, 0.1662632257931946, 0.5620509850937057, 0.031486379374066134, 0.009903015254703138, 0.009211309205089219, 0.009547999180842523, 0.020930621697743294], [0.062235294451493915, 0.11341248955496465, 0.05257851601354775, 0.13375910524434076, 0.1991367793343462, 0.11119771251252245, 0.13132193042989118, 0.07015966515158877, 0.06821652104705868, 0.05798198626024535], [0.042664654819481077, 0.05205453685460743, 0.14333939290922315, 0.14063473519013125, 0.05147951340336707, 0.24456514207931201, 0.019418348577440785, 0.017474138377825466, 0.012184701712437974, 0.27618483607617417], [0.03631043235938621, 0.11299064728731623, 0.06335762028715097, 0.15741805369551526, 0.09998748853250446, 0.19327510737689974, 0.06562013441413107, 0.028430727564491026, 0.04379453640482864, 0.19881525207777653], [0.031986826230351734, 0.43781685104523066, 0.017083594336454448, 0.44343055621030386, 0.0033307111440352317, 0.010626764392001109, 0.004362448032705601, 0.0291078686472138, 0.013934937145137428, 0.008319442816566628], [0.018773671171637564, 0.25580507545764436, 0.02065848060912238, 0.27727904183804986, 0.078431217520264, 0.12867298932105142, 0.027245868885697994, 0.02062021138785172, 0.03194544039831447, 0.1405680034103665], [0.017736826401095248, 0.15046796475009883, 0.12423090707232085, 0.17675310703784944, 0.016429607497383054, 0.2126799073634438, 0.03639155286498874, 0.01664760128541702, 0.013629232691187723, 0.2350332930362151], [0.021305764841285154, 0.17182365351984027, 0.249393829162635, 0.39863637099299704, 0.07007398390548604, 0.015335312957976643, 0.014724945835915607, 0.02740251984025653, 0.015614765829412066, 0.01568885311419585], [0.012814433718940836, 0.40875554970472366, 0.03675597227436443, 0.4478654006044857, 0.028566125560977686, 0.016176154152546342, 0.009843160401468968, 0.012181353039360703, 0.0069561330718410225, 0.020085717471290492], [0.029152901215142066, 0.3099734939160988, 0.09006175776636606, 0.4239033000810006, 0.03092716090926176, 0.023942344753343954, 0.022951089389524153, 0.011566235965539103, 0.028095666860717104, 0.02942604914300638], [0.012532634179252518, 0.025748150344315632, 0.030491245030504727, 0.027247108032991477, 0.007503615714439795, 0.41715632956355236, 0.006072646222082085, 0.02209449436871157, 0.01684998297703817, 0.43430379356711224], [0.03272030031833239, 0.3656910903957566, 0.032176107168015756, 0.3735525092350399, 0.08383020117434645, 0.026961869936992976, 0.022551641161244446, 0.024469478126288878, 0.019204944774546474, 0.018841857709436284], [0.02066249271133629, 0.20969106499808823, 0.06191734595191421, 0.23892790392032162, 0.08409504611993521, 0.13089661159329935, 0.017780287032252397, 0.05843039632574599, 0.04362219624531059, 0.13397665510179657], [0.08357400447800152, 0.23261515443160516, 0.15252917551126866, 0.35376294618739423, 0.10088183556934097, 0.019079862649523514, 0.012883324711064995, 0.014042090595195053, 0.009907125063520351, 0.020724480803085674], [0.04056932240401715, 0.0424097527080867, 0.3552256095498637, 0.34148806645225527, 0.050886442877804305, 0.032997323204940296, 0.02455905749645572, 0.03550122330431872, 0.030268009162741773, 0.04609519283951563], [0.025575734449977187, 0.12769235086878852, 0.06583958765061908, 0.1561900695244653, 0.10752701885575894, 0.024523955439318543, 0.03130521026597075, 0.21347599922813817, 0.19175751703935012, 0.05611255667761374], [0.1187008654795401, 0.22834768502752661, 0.09526445605929514, 0.22271085990787162, 0.07931814681385081, 0.03831492654381475, 0.06307704237422543, 0.05509858830823277, 0.020552091446757972, 0.07861533803888468], [0.037060492794986445, 0.11862741973350609, 0.06812824107345317, 0.16979543416923673, 0.48388103764077306, 0.025567717378776295, 0.011869632600942868, 0.03675985269425965, 0.02988086738059806, 0.018429304533466934], [0.016909460635255735, 0.2914648630202532, 0.12538015142504985, 0.4169580096094716, 0.04567668166817032, 0.019348121868487334, 0.027076138812954197, 0.01927652941285937, 0.015430497532789996, 0.022479546014708796], [0.01322225231817089, 0.03588626248471392, 0.021656637021455642, 0.04632147945917931, 0.04565750364302727, 0.02043811047622886, 0.015597658101329164, 0.3918192191653595, 0.3464922496697619, 0.06290862766077374], [0.02712594877540466, 0.23196648683982374, 0.012517906257065229, 0.2489014306597677, 0.1545082749561268, 0.023935874081418358, 0.11307161632610793, 0.03042703478315506, 0.03280438165362191, 0.12474104566750843], [0.13974606387480723, 0.16219655315140927, 0.233991448268448, 0.32758851730278693, 0.08902371974272634, 0.01287355518066637, 0.00511161046632991, 0.008044924702607014, 0.009085184680562228, 0.012338422629657285], [0.011247465256599453, 0.038633632061471586, 0.014373291639739029, 0.03986520631333938, 0.02316019833755183, 0.410510653040562, 0.013109449083158912, 0.01715190417409583, 0.018620659522580484, 0.41332754057090254], [0.019168545896753326, 0.21649684142565725, 0.1839787934148229, 0.37717364209763093, 0.10345537320343524, 0.02958499398018634, 0.010525969062426012, 0.026163471273906697, 0.01814971894908403, 0.0153026506960971], [0.021493230073586826, 0.18999165812898997, 0.04170473394392538, 0.2783511532113622, 0.3177992917201223, 0.026348622648114134, 0.02720620883389516, 0.05094046310428148, 0.02251249703082, 0.023652141304902743], [0.04348385979622852, 0.25202308335772433, 0.028229531589252687, 0.24578151495900522, 0.04305203064713384, 0.15078354959322737, 0.03562571548460839, 0.02429661082869124, 0.022873637476053702, 0.15385046626807433], [0.021142876044126586, 0.026022610265372934, 0.03653298307145256, 0.041337852078715376, 0.07993866514402537, 0.30774447061094595, 0.04968045272170808, 0.04220689132591478, 0.0642098082026728, 0.3311833905350659], [0.02961547366590445, 0.37333159132390387, 0.03071727853931192, 0.4345429905365397, 0.017780025985595888, 0.02018066496924745, 0.01552743722696085, 0.02590774720236552, 0.016671349953632033, 0.0357254405965386], [0.024531036822751495, 0.31213437271878663, 0.10121592531127686, 0.38947690192085316, 0.06313029724613578, 0.02266698301677452, 0.03352768367874474, 0.014874367902311404, 0.013443815111174501, 0.024998616271190953], [0.014822849074543211, 0.17623436458488267, 0.2032665955573759, 0.3476367701713294, 0.12064065667034363, 0.033292347864098584, 0.030019786018909842, 0.0181565620486589, 0.012330160681315025, 0.04359990732854315], [0.016685790497886505, 0.3885044412164341, 0.027618286582901115, 0.4043412945107977, 0.10719703079969983, 0.005241417233117678, 0.01849261885523361, 0.009090545426804902, 0.013413720137877888, 0.00941485473924618], [0.03129631191922919, 0.07273095209042726, 0.10893895180560446, 0.09270800206291188, 0.5908929141121956, 0.034445194113421194, 0.014482932876716774, 0.013081063395318837, 0.010277936872546882, 0.03114574075162723], [0.04836734078832919, 0.05167617492695465, 0.02449151152068951, 0.06286207751580411, 0.022772637002734252, 0.015795396199217483, 0.022929255666853582, 0.38253708915923773, 0.33815296864267275, 0.0304155485775056], [0.014437707608143885, 0.4145301075503963, 0.020277505637511788, 0.447447092827109, 0.016731258348942436, 0.01032061181411898, 0.013102284088641817, 0.023305537575240794, 0.00844696813916742, 0.0314009264107275], [0.04614590822110344, 0.24472960711794917, 0.07042918231501975, 0.28269680153322935, 0.14207287018077058, 0.018356183438379848, 0.03780907205492015, 0.0656389