{"estimation": {"a": 14.440646879910618, "rho": [0.34188175510962676, 0.2886969298148715, 0.15786616535164688, 0.21155514972385475], "Mu": [[1.072278427608022, -2.428213179722797, -3.5095680920645207, 0.12408252788158497, 3.597233960961155, -2.1995897589655193, 1.883097076481772, 2.032765932547374, 4.233135422556124, -2.510221020382538, -3.749927893255973, 2.2453199756333824, 0.48702094897294845, -1.1079946291398761, -1.6466652391902306, -1.6499283600723165, -6.563253710956865, -3.969730010726605, -3.0688132538013693, -4.806786875739559, -3.8241870947027756, 3.074442166907108, 1.34990721718012, -3.6193045820201104, -0.8483824609652934, -0.3652229701981115, -0.33954013428525726, -3.481272087837684, 4.140434967532928, 2.828352752315569, -0.547653104092735, -0.7518827572863578, 0.17810898672224978, -1.6471567333803356, 0.8859562377396756, -0.44762964631823005, -6.056523916163642, 5.397821018285806, -0.8312611385997551, -3.6175697334684607, 5.681680829939524, 3.778589322015091, -4.988565709477313, -3.9713859132840303, 2.5459211395990575, 3.20550849620291, 7.147128389636443, -3.634124497549012, 1.1175810155969177, 2.1206251817282222], [2.5592589735211395, -0.317502793933468, 2.971251469505317, 3.115912543846709, -9.25033359338882, -2.5148505880380894, 4.585019594137301, -1.5742101845512135, 0.44120433651986635, -3.6956524086549294, 3.03657909291157, -3.5094385484380397, -4.21636755043007, -2.2834740411491192, 1.12287323064454, -4.097347024019306, 1.8441991618146756, -1.4313315677857283, 1.5197634470174082, -3.8191779129599945, -1.2862801514039623, -0.29176435059233985, 2.754517801487911, 0.8056567296784408, -7.140643664980431, -6.393748155318182, 2.7653150624164127, 1.2170765918575186, -0.823939095473755, 1.3855682669589633, -0.0757060842462841, 1.697489370408818, 0.7002202471540592, 4.405836776564493, -6.56769989714746, 10.802877998667636, 1.0350407327785078, -2.0497335334594484, -1.527649231980123, 0.5679059608005883, -0.7410939213458985, 0.5009663509471931, 4.126446977400685, 2.341443436145229, -2.614114666740518, -3.258594414488171, -1.0808405175049012, -0.46154554698631295, 0.18803770524823504, -1.1055457105643935], [3.703339763090064, 2.475766111513782, -1.2279002294814028, -0.2994728047626327, 0.8935439005586513, -1.857382733461382, -4.012950904181948, 6.141553915601374, -1.4492451117991245, -4.354820536587838, 4.249248610624745, 3.576076232091218, -1.7120497491137205, -0.3053537542698895, 3.5889439049910976, -4.063961999495744, -3.1208951362361113, -0.4612393984209935, -0.4135716334451114, 1.0747041920595704, -3.0273270964251373, -0.7085137465323752, 0.7054026828429294, -0.28829981648332126, 5.480054983916256, -2.26958085568475, -3.0759379031229184, -1.3497833578743286, -3.1893081936135057, -3.0022499216018614, 1.862755662520666, -1.2193229307072646, 0.01569618048189399, -2.674270383482776, 3.7844522729944186, 3.410796179229974, 3.354704792436987, 5.478772653390304, -0.5952118172558585, 3.135037993415256, 2.3493153291402957, 2.8171586462583633, -2.335816607000111, -3.7459697849518037, 2.6620745704573707, -2.1806043215308084, -3.967895923678837, -1.5472970995357207, -2.40242083348655, 1.53580361364127], [1.8585283068652627, 4.575124803282905, 2.9308655849870555, 0.6297082358731406, -0.17762508098476318, 2.567605627136484, 2.4118579674462595, -5.6316767553914495, -1.1152076982022818, -1.8342003714623243, -2.262559992973804, 3.3356899453048117, 2.360099918278298, 1.993921008364166, -9.557829365802416, 1.2519016776547631, 1.179948218116873, -0.42791505456992013, -1.4605903742575677, -3.2594049703179877, 1.8509515031749395, 3.019736699729091, -1.0183656124897515, 4.706483947690607, -2.9283248052566475, 0.22189529147433049, 2.19580992207261, -0.8216023188733683, 5.837798829457367, 6.897200163834821, -5.395469381096917, 0.6890841956156691, -1.2590587485582343, -4.793604521414421, -3.4830960087933125, -1.2677495835770387, -1.5736458620324534, 0.8676784742260089, -2.9676026450745154, 4.752931110763152, 1.701486683057164, -1.1195945399557536, 2.9256816412318654, -5.79137312161594, 2.9049337230020718, 0.6351431276862162, -4.142296709290603, -1.8981678127711368, -1.4483317603285695, 1.633177858339612], [-3.051270989544962, -6.29822329479991, -2.106011709563396, 3.9696579304443658, -2.78227973323627, 2.402765660876958, -0.5920018228372379, -1.2734499447594476, 4.991580969656259, -1.5837617931419066, 4.240670258618893, 1.9052906148344821, 2.289341156825378, 3.6649951609357085, -0.16671069156401988, 1.5479938957378896, 0.8301237402447195, 1.3099390284485426, 0.8665658162783051, 0.033989600957594526, -2.1340004220231137, -0.08020683782618346, -2.105355434531769, 1.8353224966132209, 2.247122030451376, -0.5560920278380064, 0.9085463081457628, 1.948439171902828, 2.3233334529860707, 2.145064967741705, 2.4386595077054505, -3.5917598256632557, -1.0892416093977892, 4.107075814940299, 5.451295310223102, -1.0300514831212766, 3.155791829978682, 0.023672505947423685, -0.18137638466411607, -1.875557512526759, 1.4757895797185172, 6.065607313393084, -1.9386608270111676, -1.460548729531806, 0.6010931970296682, 3.9160607079329717, 3.222368665834885, 1.681331873561015, 0.9695741332614464, 5.080422517316068], [1.9305254902218703, -4.037274708146824, -4.100481513307261, -5.363263358538468, -0.26853257455338814, 2.8192654595695505, -5.593280321419877, -1.3709421951425962, 4.664518815570971, -2.1372505574853977, -4.727492370358574, 3.178168406526236, 0.17356605351630927, -1.3411676284709138, -2.4900637471453417, 2.7623511007084742, -0.5545971014130372, -3.0476788150377074, -0.7812564156926083, 3.989857634550582, 2.6002894540408574, -4.085365225123954, -1.4163081199091305, -3.1668889216831673, -1.453580762785438, -5.42887560006823, 3.8436463078454874, -2.8414994900824686, -3.339226666911351, -0.12585523648849672, 3.2818274878227065, 3.732371552833906, 5.156509518719491, 0.18124012812736948, -5.349552298527048, -3.9052322749225223, -2.6444312269177916, 3.704126965730304, -3.1922769538379474, 0.870850910134218, 1.7326898642063642, -0.0981201885512914, -3.3924610060956035, 0.31913615688630964, -2.6294800918395653, -4.841131492577267, 1.602813792950731, 3.1023374254436336, -3.6258567986379315, 4.059392608552853], [-2.0263061948284515, -6.606056552765612, -2.9371104251536, 0.6119688927864947, -0.5569677343999552, 1.0653957797683622, 0.10776758422527144, -0.4883940353777343, -1.5117090380410825, -1.5852379563664667, 1.9798303996682862, 2.593938959838781, 0.3610236067203012, -1.7389427765687846, -1.9069400807876022, -1.946333702748521, -2.635633613234219, -1.1345282711327833, -2.6436835098523574, -2.1923210957372454, 0.3739179691229644, 1.00404179247642, 3.8929548825129445, -0.8390259172343715, 1.2845946155243406, -1.380374798019704, 0.41983861149571533, 0.0903287882176285, -0.5521000424368625, 0.10298108496438618, -3.0418867021735343, 3.6006070260159566, -1.3091411362316785, -1.7081707092717076, 0.4861529983880388, -2.772260929429416, 3.618804191667775, 2.7453362054328303, 1.3604052077844437, -0.1833170953407746, 1.1947401304623844, 0.3437210462945417, -0.44473723272631904, 1.0707947450281816, -2.465761264866981, -4.5609598096620445, 2.270228590829569, -0.06751886094916884, -3.7551089352790914, 0.6494133272260335], [-2.2576587887120803, -5.962264649935311, -2.5266426894109, 0.5125491157645913, -0.08810869761900848, 1.1572660206328609, 0.009592755662340354, -0.3056415996510422, -1.3511736967035632, -1.296620638025468, 1.5171367673916745, 2.584595647529281, 0.33785308178791984, -0.912847320908087, -1.8890763728096827, -2.356834411078446, -2.551317424280267, -1.1701210400420832, -2.2770140121711275, -2.17217692684119, 0.31138100470688634, 0.984338341990557, 4.244893210837832, -0.011712540961767083, 1.6789416870070528, -1.0552585697313417, 0.8243776341307378, 0.05579206507530692, -1.161865699998434, 0.13935458034449066, -3.3640562482342378, 3.607197092837962, -1.1045518168424602, -1.681562495559131, 0.4376796543448338, -2.8846554400135695, 3.6041574895980992, 2.911497793343476, 1.0935062021049302, -0.2860157485880998, 1.5472148784393138, 0.25289393396128507, -0.1858550326409633, 0.6028276248994999, -1.2139225775719225, -4.774682551833691, 2.2121288848537577, -0.019974652623238897, -4.325591178261965, 0.9321174685430722], [-0.1901859036495262, -3.493189815191211, -1.0316055611453325, 2.41171601022177, -2.716852823679693, 0.7669476162722637, 1.2988246581712362, -0.2149469959738696, -1.5831484707512724, 0.0014247024642030758, -2.2843369834960647, -2.154317446146017, 3.6114645754535513, -0.27784038751873413, -2.4074066935488574, 5.7286210678711695, -0.2602865598690392, -4.019593257763671, -1.3455597535363342, 2.457650725415096, -0.7550324738624133, 0.9259901339528587, 1.0122407192756362, -0.8350241501645149, -3.937736659715141, -0.7640133526800045, -0.6456452247327217, 0.6734715595527548, 1.928280857027524, 1.9928354722342307, 2.5080568017136584, -4.675355946938105, -0.33530822518558256, -1.3920342167305275, -0.8434633012338564, 0.46718159054801295, 2.174731733862304, 0.183999323334685, 0.9774191420351884, 3.2100172961452285, 6.326552078713238, 0.4635324280410777, 2.88638651142458, 2.221691989944631, 1.691163123073222, -0.771828966064771, 1.6042241546078742, 3.17622305099239, -3.064075954223797, -0.26602946982677256], [0.13268266463958053, -3.371434994232394, -0.6831059526468922, 2.4250782936762247, -2.165995400875372, 0.638917082687059, 0.8170705507460262, -0.4249366349821129, -1.1369349513643225, 0.600308737844285, -2.8958364242991124, -1.8762759715191566, 3.1158238952733455, -0.43461503682770447, -1.962217983005551, 3.525112604151975, -0.4194908860216961, -4.175901807698821, -1.309741181764417, 3.0238772112668015, -0.7019466283630501, 0.6747498992276507, 0.5255780440110415, -1.1853513615059623, -3.32640214808118, -1.0973245133594332, -0.4045635602667424, 0.7344152902134439, 1.705904243063374, 1.7421297273589562, 2.3425460503432944, -3.204542095122352, -0.23093162701480568, -1.252244527827792, -1.2493121166668884, 0.8319174965554671, 2.0244272909454284, 0.3205544206882221, 0.8014403521986103, 2.7349497628808694, 6.134068114736374, 0.8302435953388572, 2.753736227653655, 2.1643981486487047, 1.8246857271032693, 0.016867441004452158, 1.7251556456041024, 2.713652514758011, -2.9960121314823445, -0.6357697579790261], [1.291786054174394, -1.6672704165461225, 0.2904278055572755, 0.9406228879449918, 2.292997532678736, 2.548317977692774, -5.384453676961839, 3.05411721149611, 0.6154671555126149, -3.2355142236885426, -0.7776683783806868, 3.4463991071271294, 4.024639674368312, -1.3011090197908792, -1.0890500423351426, -1.294704029135505, 2.289822569042071, -3.4446691690930367, 2.78826202731646, -5.417020942886615, 2.4055898931322655, -1.5153067274266394, -1.8564027308681834, 6.4220617607427135, -4.738285644558371, -0.6302331627727307, -0.4790058892471427, 0.6432791298938437, -0.28531959481941227, 0.5119561115431295, 1.2441415626433383, 1.560200695526014, 0.9278446227650398, -0.12637740581704068, 0.6405513560623538, -1.8068516802468355, -0.14878829361503343, -0.7489638521878296, -1.1476219460543093, 0.36986497660570294, 0.15651677642266024, -2.0366275942911, -0.37457423979784793, -2.4875786536158553, -0.4119032591672227, -3.6052385229548696, 1.9419525786697356, 2.395638326758546, 0.7890446873071238, 0.9040709300931145], [1.4514592110218207, -1.450121945905574, 0.16068972186948366, 1.2206478104257696, 1.9505515843664227, 2.2201415853920015, -5.008056521700291, 2.8871054889293934, 1.0652871482567046, -3.206114741877135, -0.823709343539215, 3.1389977400859945, 3.730468828393764, -0.9817504070969572, -1.0203452771563533, -1.3362643496599356, 2.448624740761412, -3.5351541353390012, 2.740072984148177, -5.628132637643717, 2.7745517886055433, -1.8061714789873886, -1.4888100591586761, 5.436700503610834, -1.9745836783012818, -0.6330043311774322, -0.2911542329320363, 2.777266272248197, -0.4419895672299104, 0.5859315620949409, 1.106812514337061, 1.519809089856162, 0.59515676644589, 0.24579130029418952, 0.4564907309522294, -1.007607359905626, -0.4514682206910928, -1.075412918364183, -0.669486109579015, 0.1938695652536944, 0.03924189129488108, -2.3182632430350885, -0.1107098908589529, -2.3867201917674046, -0.4103327636025481, -2.7288012992365624, 1.5484581651489404, 2.2766665179397636, 0.39392649449325334, 1.0819026621702406], [-2.7976773299289204, -1.620241375055074, 1.4134278898896826, 1.3323467705710708, 2.375028471830242, 1.9513680850107729, -0.14103993535284198, -0.8599137723869946, -1.8162762727551756, -1.7070812442147352, 1.905823574776179, -0.3871111751208431, -0.8178556818316718, 1.4662159038353713, -3.146540216143513, 1.539942043788371, -0.7407154739620884, 1.2939391515070393, -1.7939338401894651, -0.09171925043985997, 0.7635519303903338, -0.9186341913338164, 7.220015517755699, 0.6849289097092046, 1.5961037553106339, 1.4599229490692494, 0.9494584089578115, 1.2894336476981125, -1.4059536239355435, -0.5465622995018194, -2.9933425719271933, -2.0892398201181703, 5.653879965817175, -0.6028782503597419, -2.658905383404482, 0.026202038168026038, -0.47600109124071555, -3.8009225435533027, -0.1394672320541183, -1.4278039325326517, -2.9829522987928403, 0.8652125550149562, 2.0760848742868, 2.5133867155050518, -0.3600548359714085, 4.621187144441912, 1.4143215587036249, -1.8564889104670304, 3.1153972503955933, -0.3194901620265293], [-2.886321064452686, -1.6549698363000216, 0.6939995197031131, 1.0507336128778884, 2.7541046766557464, 2.099669977482235, -0.4010463630263443, -2.2878442864392796, -3.218584953958105, -1.370467050224193, 1.9601517891780882, -0.055814952222158924, -1.3848426250688146, 1.3511241675462247, -1.718636209809471, 0.9194479545928383, -0.5133066524263954, 1.3338661816777664, -2.4696251109235083, -0.04924813109976194, 0.876891138642836, -0.9694858712658495, 7.673365321599027, 0.5867595145344511, 1.4632676689554829, 1.2793618749053801, 1.1228913165818561, 1.8784997264930037, -1.3484895807222612, -0.06129839174311815, -3.161587652366882, -2.1496130774546147, 5.59484028019293, -0.6807237013228736, -2.4201070038332353, 0.2540153172496258, -0.11498788028005377, -3.8137346022508605, -0.496295624653699, -1.3406128094285559, -2.530414060350506, 0.8036348129989581, 2.018564066773217, 2.316985146116361, -0.7003330574243649, 4.185933321368544, 0.5959476309963658, -2.081349346891622, 2.7671408262411146, -0.6510862313263945]], "Lambda": [[0.49128321612079023, 0.37368344644333723, 0.2559704799152296, 0.5414077300846042, 0.21278349858801232, 0.558687463749386, 0.4129374422639748, 0.3643867799259201, 0.30868891167791707, 0.31526521143704, 0.6082558262901739, 0.5664021151373988, 0.35572502119766125, 0.623280656141948, 0.2732093852797979, 0.35901129069045956, 0.3740290816357385, 0.29045891602608526, 0.285772956259196, 0.1518736398504156, 0.7852928930652245, 0.38421686789970644, 0.3721245813583789, 0.4871024397391731, 0.0976962639393026, 0.39455477465501304, 0.3160653651176283, 0.5387678191908096, 1.1575375322852084, 0.7936653946174, 0.6741055077047027, 0.8161995969078533, 1.0688247537233997, 0.5130750236772912, 0.7719641121374977, 0.2611234246725448, 0.6747356496017437, 0.4737591481995525, 1.1022289611060796, 0.7958737579580902, 0.49868643753486924, 0.5625036975821833, 0.3186972428941303, 0.3330907412572149, 0.7288885988230924, 0.4233291295172034, 0.24618835779427586, 0.7284707850977288, 0.44268991368191923, 0.741905192318611], [0.9425021432285692, 0.6356629941777453, 0.4852327364419363, 0.6860502732097411, 0.24309910518415576, 0.37819838338833583, 0.5817142876859438, 0.7224428161654302, 0.4545362566571724, 0.3094511108725145, 0.38970935943745094, 0.5303249442306945, 0.3775665771599155, 0.5022118167335443, 0.1870788160918509, 0.21050162690219926, 0.5440721118428193, 0.5041591923366822, 0.5974892710406511, 0.37391215599048344, 0.7008385723878385, 0.750889478923778, 0.730442202796628, 0.5212337527540963, 0.22274579432563363, 0.32298881357355275, 0.18991459577746533, 0.4649471561663663, 0.4947628016426147, 0.5607424310891859, 0.607764392315407, 0.6264582389911314, 0.8872152006080776, 0.4833972059576055, 0.6641092712228177, 0.23001457072835335, 0.6315007036494727, 0.32989828734137394, 0.9168474793493624, 0.46791631946878726, 0.32687479587995827, 0.6370822736814289, 0.24625044129658205, 0.3816989483520656, 0.6402944217027073, 0.275193527222765, 0.36053712628736007, 0.6165247335362825, 0.6892975807665488, 0.7628971401331633], [0.31004223026844036, 0.2769401930414707, 0.9392834009851756, 0.5302828269494784, 0.5368785185173319, 0.37218542684579087, 0.6151484044818062, 0.17467503334762463, 0.42841581072777885, 0.3680106684088837, 0.28405008965567474, 0.5987364738269187, 0.267776066751411, 0.9992511560279402, 0.19698230579686235, 0.47319267914068036, 0.6801072176691217, 0.6522713246730137, 0.7377393221720407, 0.7299707104193695, 1.2463518733156103, 0.5487399753634736, 0.37022961898230905, 0.1611932557172374, 0.23192293119851343, 0.5375937753670265, 0.42703598175861485, 0.8198546197961613, 0.5189099258942832, 0.20150706146858482, 0.47306374525005007, 0.3970816381600453, 0.6026963151268687, 0.18517193009835983, 0.8113421373885481, 0.41600611895072553, 0.8075754581926926, 0.3580309199573222, 0.5646037122166346, 0.7038776156417023, 0.6808943222239967, 0.63686252157657, 0.890605420574594, 1.0850462575004463, 0.6919307428443836, 0.27590458097047477, 0.7994962375977244, 1.1598553462149557, 0.48312204210472626, 0.5823978310222716], [0.28459932780323055, 0.36649039205012723, 0.6715380713669868, 0.7116519635250396, 0.42787230330440523, 0.39864268668871344, 0.60903349742524, 0.5089656168758604, 0.49315165576523506, 0.3441166186209975, 0.5472529130061077, 0.3978509237076411, 0.28764954949229654, 0.9340844765617686, 0.2491554296867698, 0.6368076221372994, 0.9286205906432385, 0.8202871371465184, 0.3550554597712139, 0.49921792539823917, 0.838838381217228, 0.7660467283394605, 0.32557843759032284, 0.44084106804997236, 0.42308300148585054, 0.37788355238604965, 0.3190020128795157, 0.46410007631654343, 0.3064240112008359, 0.31100813971891816, 0.3025812044095007, 0.7199303951507436, 0.5564410425630922, 0.4307185342131152, 0.6851803801418956, 0.36235617549870097, 1.0759709570223555, 0.2761805331957617, 0.6065995571607078, 0.5591421209860877, 0.49346996699349904, 0.5583935875374858, 0.6650214516154153, 0.3353785879749623, 0.3104925090708391, 0.35421677617670044, 0.46739258275550716, 0.8146719619827438, 0.8227507362711085, 0.711439014363809], [0.22675395203142704, 0.29540243412781164, 0.24888944659687504, 0.1779254022962889, 0.4755010601864561, 0.65280140298174, 0.35574816760959505, 0.6715597448973684, 0.7619730844608587, 0.4058301365739509, 0.2543104377597216, 1.064379604082503, 0.3803157407471916, 0.20333600217217268, 0.4443894255355226, 0.3742698563085187, 0.8625118019713747, 0.5255558187067354, 0.9128922002800848, 0.34340325796658994, 0.40618439766578057, 0.23352082715168013, 0.8499046191731751, 0.27364436723029645, 0.5885972788001015, 0.36478893676049495, 0.6512905627512237, 0.5202432281381858, 0.2805742412989727, 0.8135949732961867, 0.332906170013411, 0.19586420917126468, 0.2905857860928661, 0.3585183871961529, 0.35502321598211745, 0.4528479084875153, 0.9847258235334461, 0.3321313680168097, 0.5655895522458388, 0.7628637693985478, 0.47217340050853246, 0.4629906453859088, 0.7528919331638749, 0.7065607037273632, 0.538650936087296, 0.4631433406681976, 0.46424822884123823, 0.8063451018385193, 0.28540699161720273, 0.22109282640619787], [0.4504058395677822, 0.32602655139975867, 0.34930324035129867, 0.25932665773873836, 0.47376851363505557, 0.5750974812126483, 0.29430439163554534, 1.0789797146681221, 0.32700799740036884, 0.6589872508598307, 0.5445973917553969, 1.0881344898436534, 0.4421408694961231, 0.3483767927455281, 0.1993884421075301, 0.5234419843335646, 0.5340014373206932, 0.7455048160620583, 0.7237495022147313, 0.30410209388119636, 0.2912292570880932, 0.48441399597680607, 0.5317970225350676, 0.36569769832823684, 0.8213639118099056, 0.6884006187701509, 0.38310469649484374, 0.7961704091853072, 0.3897709914635451, 0.6016905461444917, 0.4635025020280982, 0.1972133524546349, 0.304398056013095, 0.22915109459333532, 0.35849904814479516, 0.3899142962536286, 0.8645746104654108, 0.4242289927027669, 0.470636061017646, 0.7490114319482715, 0.6267602059400137, 0.45220639827613135, 0.9274739850802465, 0.38501680836419944, 0.3917670939246717, 0.3521492741415531, 0.3197674277995854, 0.40925415146607996, 0.529849793850555, 0.3039060191921972], [0.2826420965950178, 0.18416648840887054, 0.2616481536594075, 0.6408349297729965, 0.5339310726555133, 0.6706955445979391, 0.6350544807852063, 0.13329430751006918, 0.6007682733060546, 0.567483914306899, 0.3336236365004492, 0.599853157532377, 0.5690823752489642, 0.3435368841682065, 0.6649972065641251, 0.3278128518231545, 0.5825606065849667, 0.49707584675150757, 0.14538476279175763, 0.6592693928203988, 0.8351742543276719, 1.3121921434344552, 0.22148370739580933, 0.24597157110864712, 0.4089275802627854, 0.28836943649726193, 0.29460453205323733, 0.5753624604722076, 0.2764899251003757, 0.4253116807961272, 0.721305748742767, 0.4338439505834122, 0.41817876959747247, 0.3179411083910626, 0.6548528817725962, 0.72127077603822, 0.3213545754270034, 0.7037163394732554, 0.5239387822656708, 0.3907712019946748, 0.6451770807962762, 0.6833478425472419, 0.2758995550822743, 0.1380807633509474, 0.44574820215014954, 0.20656414678714474, 0.7281733632443147, 0.4305264804973379, 0.3420081117292813, 0.7390685973375218], [0.28340125300987556, 0.19259514767393146, 0.28959074553884157, 0.73419179367815, 0.5850486994194452, 0.6836736285691343, 0.6026842510919451, 0.14050935547432866, 0.584463641288485, 0.5587136111843212, 0.3380497228643007, 0.5667606363016456, 0.6124000202076484, 0.3935643740767245, 0.610441042289657, 0.3764549970185487, 0.6181927567323319, 0.5475110707982365, 0.16345505228130508, 0.7371318037947879, 0.8137406580997605, 1.0643114749259708, 0.2743189115237953, 0.280862375557737, 0.43465105493033585, 0.33164914401848516, 0.2906428902932849, 0.6116662293930921, 0.30025443014293746, 0.44275930047004397, 0.7013189337302064, 0.4851188807814167, 0.46864008542686664, 0.37087493202244426, 0.7184681807658281, 0.8207280632509726, 0.35322374408595725, 0.6593105571798319, 0.5853325042185185, 0.3805076522782716, 0.6100434148529355, 0.696742397467971, 0.2941531747569929, 0.14734800394307343, 0.5289624990872819, 0.21738398972672485, 0.6828664305232397, 0.47283141844024024, 0.32549478213337923, 0.681308254671791], [0.2589804358505641, 0.49897742267302986, 0.5768538010310887, 0.3657116540889255, 0.4103115348319287, 0.9561786650590932, 0.2874369254147133, 0.6809995202964205, 0.2241834874959781, 0.4406061910211037, 0.5463573206904866, 0.3292004141348803, 0.20101327939313743, 0.5536024296665976, 0.48564668873472727, 0.3879980272524823, 0.3354746414522797, 0.2620718979036884, 0.371110020813892, 0.42161071900205205, 0.43013933743633154, 0.4689205981031268, 0.349877888997493, 0.8182853687755243, 0.552205711971438, 0.6236949851671502, 0.6607874493930885, 0.37372673426063624, 0.5147192527784239, 0.4939294341027752, 0.6250894215931798, 0.2316066380547555, 0.20718023454998544, 0.7858007797753348, 0.3016274740498447, 1.006074723240336, 0.29240172425560984, 0.8992888652316002, 0.430690269845212, 0.18935972757340547, 0.3555406488371797, 0.8026936565771225, 0.42205949016881766, 0.5031074997658961, 0.2535055649373107, 0.30602875114513917, 0.4718764242442845, 0.3807925161131959, 0.41249211651666157, 0.4334988220232489], [0.2812988830717516, 0.558870397474385, 0.5718477203294104, 0.39707964939156487, 0.4500733703378656, 0.893763497504704, 0.3534209332613508, 0.7173404307641752, 0.26002890280392654, 0.5278568151569928, 0.4859891202008035, 0.35442142252330466, 0.24516816677505343, 0.583279852744475, 0.5383556418452179, 0.44979647100322645, 0.33349947283583753, 0.2593772671252425, 0.382468979104981, 0.41308408862861445, 0.4870726064664601, 0.5017200386228289, 0.3195533088144415, 0.8033111154052033, 0.5631443240965516, 0.5890191742264305, 0.5939109282633588, 0.4042452190947035, 0.5479020917860573, 0.45997851792113564, 0.6525342410079852, 0.2816104251056089, 0.23954850193780894, 0.7614345881550707, 0.34975947995776213, 0.8190199942388617, 0.3042837777485056, 0.8564607897577838, 0.48857495570821896, 0.20644919761563313, 0.36485756456324525, 0.8132856793799016, 0.4367959565038598, 0.5265154007131653, 0.26795057587337534, 0.32194047278446314, 0.494664072815804, 0.43057632523078565, 0.41862927497471747, 0.48009678842096515], [0.42685207350900173, 0.4343060189026651, 0.5768372517355452, 0.30078309576955997, 0.19935130080420546, 0.4844893846847261, 0.44719728651097035, 0.4011897606310945, 0.29768242389651023, 0.48582462366092527, 0.7067053798135875, 0.2507160750589182, 0.3276147600948568, 0.2508373011776782, 0.40201911511047805, 0.62597964046493, 0.4128032185878438, 0.37669779146432436, 0.40478627448863724, 0.3275556858336192, 0.27177412169522164, 0.33420655806684435, 0.34558151528878533, 0.24488804001468845, 0.3286829261970453, 0.4662978292437962, 0.436263949256343, 0.4309475998080497, 0.46826765910973317, 0.7204402485160182, 0.8735264712057002, 0.6306679325396282, 0.37019715775348794, 0.27974475699803125, 0.48079018324472306, 0.24720229892540388, 0.44546854955421117, 0.5325102603687386, 0.2438317777079537, 0.5202592469889183, 0.5163291495496658, 0.36359688783498223, 0.9846261502990129, 0.5093138781203951, 0.28667363205534446, 0.3712099872815499, 0.31916475723929877, 0.28548758131204005, 0.5491202949211371, 0.37552932733256283], [0.42097389303251415, 0.4239611582423318, 0.5968896463988168, 0.3464032942629044, 0.2533482754499042, 0.49306907505416836, 0.48890751355631096, 0.4166719530058242, 0.34474123712571203, 0.4948580782606785, 0.599702829174319, 0.2481735554679714, 0.35306876212516725, 0.29342605708329456, 0.411040152747704, 0.6546427592443876, 0.4260522794669934, 0.3850339172395206, 0.4934592488382288, 0.32951991952858845, 0.3122331699408056, 0.3899090312609806, 0.36632397587419413, 0.28289432957543514, 0.39488334445529893, 0.47716974091931114, 0.4509840204887089, 0.480068192512094, 0.4914245837435436, 0.7329974283501219, 0.7527433925661066, 0.6071076839259857, 0.3563395557015423, 0.35344661213097683, 0.4811684871657552, 0.2511933762619696, 0.4994735656605256, 0.5678557248360161, 0.2840639891067885, 0.5068629210032676, 0.5632132218740419, 0.40723839635321424, 0.9279446448596779, 0.5597913092522295, 0.31737509986316603, 0.3846094911768094, 0.3303774444943576, 0.30392393628666264, 0.5191178527560468, 0.39429092086462025], [0.44032622590405385, 0.40854856934456546, 0.3742577943290789, 0.3547618035918608, 0.4927298805113462, 0.32295649020543604, 0.4281525133945981, 0.36814563946456186, 0.227275996299897, 0.6447328329680007, 0.3314534426173291, 0.7641653902138043, 0.7042546724028357, 0.5049304574508339, 0.30231937579106594, 0.2787273640979947, 0.593283463166499, 0.5686730725416955, 0.4234926157217586, 0.6433752129199527, 0.476269938116044, 0.4463083736233953, 0.1688283327878286, 0.6736240541149899, 0.5881287739420317, 0.7978266440470855, 0.4654842741910939, 0.5943163491803973, 0.38724445668916513, 0.5392469492072882, 0.3003001621152039, 0.322782113743962, 0.2375881421503979, 0.37703880594915073, 0.5466039794862139, 0.3462924714039065, 0.5768329622118235, 0.583702371438116, 0.5009061066974156, 0.5641873386869976, 0.5243689386173626, 0.4898139465201978, 0.6981746461081378, 0.29039884830400975, 0.33150130397844013, 0.18250271668705415, 0.47172382160908605, 0.4358084899516204, 0.4055936701559854, 0.8472275183020335], [0.4112340859194355, 0.3630466403659867, 0.3254805704564182, 0.2737350974677213, 0.41839727462534015, 0.2844097544272887, 0.4237631962139152, 0.30376232524754804, 0.18582032608121604, 0.6710927233164887, 0.3164715517238364, 0.7255669019108902, 0.590401891294377, 0.47813817147952736, 0.29037473021132054, 0.2592731857971576, 0.5468564806427109, 0.47267168272073795, 0.3563145506338544, 0.5864320710728816, 0.4782693168679915, 0.408742535575247, 0.14900000146177986, 0.6540715594536902, 0.5686736942497068, 0.7669305112433786, 0.4425917237570422, 0.5831398784430998, 0.3678952544359703, 0.4889112788949882, 0.2955699881320294, 0.29760620657116976, 0.18922568988874314, 0.32215392379074026, 0.5011084034044656, 0.2982587024235692, 0.5532341465080106, 0.5624818464169429, 0.4803591232650174, 0.5762776381198725, 0.5679065882416883, 0.4344863549648418, 0.6445255533939837, 0.2633409480344576, 0.29360979483300603, 0.15115608741598022, 0.4214611659226633, 0.3607217255317061, 0.40697608722546746, 0.7637854904800597]], "G": [[0.42743309097470233, 0.2285442552057567, 0.15037224474344293, 0.19365040907609857], [0.25330621714900725, 0.21702002499784795, 0.22676134008555557, 0.3029124177675886], [0.3533731885067234, 0.30372622160014623, 0.14291750751010424, 0.19998308238302637], [0.3653601023137464, 0.3044753533760104, 0.13156376286994842, 0.19860078144029478], [0.17106002011543311, 0.36126400507827233, 0.1991786556189552, 0.2684973191873394], [0.5022096761485288, 0.24437726908094703, 0.10312295309420257, 0.15029010167632217], [0.3090815143413886, 0.2518510098237757, 0.19377905147364813, 0.2452884243611877], [0.2655743846796397, 0.22717948640831337, 0.22172083400530188, 0.28552529490674455], [0.3878539630144421, 0.3384643921536023, 0.11809819990613345, 0.15558344492582232], [0.37833204351073024, 0.44400306419082836, 0.07166674402818826, 0.10599814827025253], [0.5188037228414771, 0.17956244968390284, 0.13104809002390838, 0.1705857374507116], [0.30634745640192745, 0.2656274369765539, 0.19268748573414834, 0.23533762088737067], [0.30691790063713936, 0.25325245238781174, 0.1813909865376846, 0.2584386604373635], [0.32378951530968825, 0.27305290034253893, 0.16951928545571673, 0.23363829889205606], [0.35329698155751765, 0.303726309306964, 0.14436320151358775, 0.19861350762193106], [0.2858365646913829, 0.24824458601163604, 0.20595286826932194, 0.2599659810276592], [0.3935440954044065, 0.2858096291376078, 0.13638364237762343, 0.18426263308036253], [0.36255474933751297, 0.3062329063553324, 0.14295665051640244, 0.1882556937907523], [0.27019379713875147, 0.34716717884842874, 0.16709853800950447, 0.215540486003315], [0.38530908911377265, 0.11317326222547466, 0.23365188282334914, 0.2678657658374035], [0.29496019251049105, 0.4586987539369445, 0.10635177752094445, 0.13998927603162017], [0.3470058412639376, 0.29454094718097223, 0.15657023352070398, 0.20188297803438637], [0.2644087738759371, 0.4304978846687563, 0.12539433290482085, 0.1796990085504862], [0.5143132587050439, 0.1853482028495568, 0.1294734292986599, 0.17086510914674083], [0.3670966844667256, 0.31633044603029503, 0.1290341897205479, 0.18753867978243155], [0.34882864262393243, 0.2976823612681196, 0.15511880214872303, 0.19837019395922592], [0.4132103911428841, 0.20387661545151423, 0.16351416580880007, 0.219398827596802], [0.2464491531256441, 0.23046021059209076, 0.239102434491685, 0.2839882017905799], [0.3548954254815851, 0.30130334920714547, 0.14657051488398293, 0.19723071042728554], [0.36799008210782846, 0.3216983547536302, 0.13462578854206153, 0.1756857745964797], [0.28268957234289627, 0.40715603413495427, 0.13825708610843912, 0.1718973074137092], [0.2234244303578035, 0.41393174103693753, 0.1403505563566323, 0.2222932722486266], [0.4591376388895053, 0.2170570811646056, 0.13642379503949345, 0.18738148490639556], [0.21372854780505457, 0.18852426992526305, 0.2727138568785394, 0.32503332539114277], [0.4047124912294801, 0.21454888450358253, 0.16498833303436947, 0.21575029123256884], [0.24052255790051816, 0.5123164533812384, 0.10088530230772139, 0.14627568641052202], [0.43283046899139205, 0.36018684365614384, 0.07998973507420915, 0.12699295227825513], [0.3024217525147096, 0.27033872381328994, 0.1807958934507515, 0.2464436302212488], [0.2053306085800693, 0.17859703360527196, 0.2699191759815036, 0.34615318183315386], [0.32024418683081796, 0.3115876949943473, 0.15545898781754552, 0.2127091303572891], [0.340434703874543, 0.2744257461042613, 0.16418988319129132, 0.22094966682990408], [0.32023630108484885, 0.2779139367266946, 0.1687650107134844, 0.23308475147497185], [0.3165012649663553, 0.2594832574134628, 0.1785971972817374, 0.24541828033844515], [0.2687208186174336, 0.4405359863383733, 0.11892490841793482, 0.17181828662625823], [0.30959022420564164, 0.26714003198418146, 0.18108165974292367, 0.24218808406725334], [0.47416763418146546, 0.2322405067880334, 0.12198888135543343, 0.17160297767506763], [0.2557931698504375, 0.37066094120644677, 0.15291823434173313, 0.22062765460138378], [0.3452729574555986, 0.29630747033794425, 0.14567766861485484, 0.21274190359160167], [0.2768316440500363, 0.48319140482688006, 0.10183883847994891, 0.13813811264313494], [0.33600083432496947, 0.17123583296476408, 0.21414714754200195, 0.27861618516826414], [0.17933427251203224, 0.2722503008077424, 0.2468231423583443, 0.30159228432188073], [0.27993929702348935, 0.21502259446163055, 0.23186472373043904, 0.27317338478444153], [0.386557546598244, 0.20670662297537926, 0.17686297992543965, 0.2298728505009368], [0.4211626549864939, 0.2918409221963478, 0.11457437511599322, 0.1724220477011655], [0.415693923944457, 0.3850848113548714, 0.08226095161785446, 0.1169603130828176], [0.3104073277538982, 0.26485975585056726, 0.18059862690430148, 0.24413428949123397], [0.4087467591602978, 0.33733709932061373, 0.10761617675331478, 0.14629996476577392], [0.36755234788932006, 0.3154505656942291, 0.13316575108876305, 0.18383133532768733], [0.3844734986653783, 0.33033926440426165, 0.11964300950983335, 0.1655442274205268], [0.21164928575795836, 0.5004472296377357, 0.12480998838671245, 0.16309349621759378], [0.3838930623990417, 0.3330874737816582, 0.11682884310855608, 0.16619062071074428], [0.3059072494737204, 0.26326426833459765, 0.19327503555857567, 0.23755344663310682], [0.34808271954968, 0.27293432826128633, 0.16113327066715602, 0.2178496815218772], [0.5342263927304902, 0.15188401225396575, 0.13060830337362989, 0.1832812916419142], [0.32679648524413235, 0.276359040411063, 0.16221121447799355, 0.23463325986681216], [0.19533804249327077, 0.16871655044666123, 0.29936312787788405, 0.33658227918218425], [0.475690410664975, 0.2563786152817262, 0.11429519425978603, 0.1536357797935136], [0.3836383990168937, 0.14020691529813925, 0.2031859222377557, 0.2729687634472115], [0.29463530792250925, 0.2572752123381273, 0.19579990296678706, 0.2522895767725765], [0.31999208902829124, 0.2858122272352599, 0.1662760824894486, 0.22791960124700164], [0.407667090698559, 0.2985352435686786, 0.12561824077909028, 0.1681794249536716], [0.36554065618532083, 0.37549283651242893, 0.10942514710854988, 0.1495413601936998], [0.2668764470804394, 0.27450533322754944, 0.20300486706406284, 0.25561335262794865], [0.3360829384574037, 0.2928717980198846, 0.15272956746461694, 0.21831569605809473], [0.3213253171326882, 0.2811534075758167, 0.1644841343318519, 0.23303714095964295], [0.22500234270554312, 0.23853406352729187, 0.23371636270817445, 0.3027472310589904], [0.2547974398594915, 0.25914979299937413, 0.21295812697661876, 0.27309464016451657], [0.3371740545181097, 0.40507263750694106, 0.10464701612512095, 0.1531062918498285], [0.4331233299380357, 0.382602557818297, 0.07578491312492718, 0.10848919911874022], [0.34579385138671503, 0.2526692399426575, 0.17287787336549032, 0.22865903530513695], [0.29889867700218026, 0.25809537578100605, 0.1917477061786429, 0.2512582410381704], [0.3439630918315523, 0.22094730983636154, 0.1903108048717213, 0.24477879346036477], [0.440862573847005, 0.3775583316478471, 0.06956397481376077, 0.11201511969138633], [0.3859162472158288, 0.26926611092954855, 0.14783344076621885, 0.19698420108840303], [0.23031076879911544, 0.20060435109197028, 0.2548797933228021, 0.3142050867861119], [0.16635276854080838, 0.525480973473817, 0.1340434065726136, 0.17412285141276063], [0.36585498698925667, 0.3032625666531028, 0.1480856252969491, 0.18279682106069106], [0.3075800232615274, 0.3304848907362795, 0.15399294140455297, 0.2079421445976401], [0.34918760353396083, 0.3563124521191788, 0.12231059296134024, 0.1721893513855202], [0.2898997885723877, 0.31261583402826737, 0.16660864606893427, 0.23087573133041045], [0.3292413503316112, 0.2873822384167001, 0.1623467762191441, 0.22102963503254575], [0.48653417070745797, 0.21428699234303383, 0.12607268398234092, 0.17310615296716722], [0.5106341435767587, 0.23667047207974284, 0.10809453392112331, 0.14460085042237536], [0.3538163687722156, 0.3409369400538593, 0.1259030208044564, 0.17934367036946874], [0.3395312721661287, 0.303517628722514, 0.15763956245381594, 0.1993115366575412], [0.4401610877820281, 0.3719665496516305, 0.0756561568879628, 0.11221620567837884], [0.385720253710562, 0.2738148023978465, 0.14359955343505879, 0.19686539045653217], [0.3993031198863284, 0.33440498666527096, 0.11559098528033356, 0.15070090816806772], [0.1698471006066729, 0.1465439933655135, 0.2977007110662007, 0.3859081949616124], [0.24256222765530605, 0.46494373863791594, 0.12481828383214082, 0.16767574987463713], [0.41124989892611735, 0.18026156670015803, 0.180028923155084, 0.22845961121864117], [0.3078934744695284, 0.28472834629018434, 0.17062052719767867, 0.23675765204260782], [0.5513948683960195, 0.20793394504785426, 0.10435135957935847, 0.13631982697676792], [0.41426416593731774, 0.3540981624681803, 0.0919734991361483, 0.139664172458353], [0.27906728188639285, 0.3926482442345516, 0.14086463062632898, 0.18741984325272798], [0.2486252966411708, 0.14123372280488483, 0.2631681597211284, 0.3469728208328169], [0.5488491560723557, 0.18944558196761663, 0.11394667373474238, 0.14775858822528506], [0.29385960769715486, 0.30697638258916266, 0.16813686592300453, 0.2310271437906783], [0.5682630798051868, 0.2721766750843851, 0.065925267406524, 0.09363497770390404], [0.2609983018286234, 0.2482590739525171, 0.21966176878346352, 0.2710808554353964], [0.30445944592026003, 0.26959545298233145, 0.18130375217445902, 0.24464134892294864], [0.19190612218576492, 0.494273632229861, 0.13635997198574829, 0.1774602735986261], [0.26855828868583975, 0.3824902028128684, 0.14423667232753604, 0.20471483617375663], [0.23804588230219567, 0.4854002362607625, 0.10905552051456917, 0.1674983609224728], [0.3594269445074746, 0.270165431754763, 0.1567783381999772, 0.21362928553778537], [0.32074080525682536, 0.2701009488369411, 0.17117888656610541, 0.23797935934012862], [0.3184475660416291, 0.269972866237966, 0.17477140023146143, 0.23680816748894298], [0.3677223514776996, 0.30960102961491776, 0.14089514398743583, 0.1817814749199463], [0.413997850860731, 0.3377472511284318, 0.10726494031118564, 0.14098995769965178], [0.20960770096865372, 0.3509285591237666, 0.1966529601248316, 0.2428107797827475], [0.3601311947434713, 0.369185642439753, 0.11364236138714183, 0.15704080142963342], [0.29489665820921435, 0.24566161494583347, 0.19938817069753073, 0.2600535561474214], [0.35036192840577984, 0.29826571399362406, 0.14475559117143616, 0.20661676642916058], [0.4404083363476971, 0.21539958936484654, 0.14744515508951156, 0.1967469191979449], [0.15286007162622045, 0.14435695456168546, 0.31843912786351347, 0.3843438459485805], [0.26390783672655077, 0.2863540929913319, 0.19986752884551465, 0.24987054143660292], [0.4399850969651469, 0.38477912322022056, 0.07281365049524724, 0.10242212931938602], [0.5396385051206447, 0.2556310655320623, 0.08299675497517041, 0.12173367437212254], [0.32002524979411734, 0.26634498767333326, 0.17786980885075457, 0.23575995368179456], [0.46182592679828394, 0.15411051358678152, 0.16389593991983462, 0.22016761969510032], [0.276483954623762, 0.26768982213485204, 0.1953863769793183, 0.2604398462620674], [0.3359911919561186, 0.27143947122522083, 0.17688374889945638, 0.21568558791920417], [0.37193358053143644, 0.2702394993019923, 0.1563817728173929, 0.20144514734917868], [0.36274114130210217, 0.311889663159723, 0.1349126470977166, 0.19045654844045867], [0.49561462655187577, 0.1887243373296323, 0.135101684304413, 0.18055935181407923], [0.5610898720111631, 0.19820244542942714, 0.1063840179685962, 0.13432366459081335], [0.2592979862143769, 0.2207209227