{"estimation": {"a": 17.62637286145663, "rho": [0.18716802717357278, 0.18123048518532164, 0.311852376650702, 0.3197491109904037], "Mu": [[0.012711828875367932, 0.18926381418208427, -2.257086226451491, 1.8866831158201192, -1.5255288767500716, -3.079069048142275, 0.5606619495312836, -2.7365960280605774, 0.8195407449553678, -5.932389626207613, 0.30773599422981485, -0.4741714239537227, 5.750331410280144, -4.142151036984199, 0.5889888502514022, -4.274586883037055, -1.5914695284797888, 2.5747964390687614, -1.1526125476259501, 0.3837501501317423], [0.04934050158657326, 0.10977478289249305, -2.531693957400988, 1.8957378801204885, -1.5150126112320208, -2.9430904446791346, 0.38893976958305126, -3.1455920772715813, 0.8729291197437095, -6.713737202300597, 0.7572959160269328, -1.0280746968016923, 5.462062597403138, -4.011063812661415, 0.8309310435397667, -4.3853739588910186, -0.8463434984106167, 2.2155191578351214, -1.0904442110608423, 0.8437062993399862], [0.8473216074459486, 1.301545862779477, 1.0405339375444935, -1.173772994335122, -1.5528500671044665, 3.0265308903645063, -1.54244893239891, 2.0070650515587323, 3.7703132612858035, 0.10645409956769732, 3.004185316597887, -1.5099410616732085, 1.198697304839862, -1.3051228018077399, 1.1999451103350889, -1.2740976368885522, -2.4473408849197313, -2.955476402497595, 1.3213821614935093, -1.2045867515029935], [0.7554592563580047, 1.1245137708956656, 1.6888578709277406, -0.7787403985568102, -1.3102399765429331, 3.1321518312688394, -1.5435337005343972, 1.7196206987476164, 3.481536271497416, 0.281528124694363, 3.0409802355514666, -1.0066536323759792, 0.920282419293123, -1.0159615252686716, 1.1059151110919463, -1.7331952549420966, -2.298416155816724, -2.2388746840575635, 1.0710221629608931, -1.063686862057963], [2.168516829479452, -6.031901258173532, -0.03343354542017723, -0.731238596441963, -0.43137025341801705, 2.4341027960449293, -3.788296841420937, -0.4289725387976408, -3.0772847762905133, -4.0346212996429704, -1.6670288415169092, -1.7213529928557816, 0.45176797534469765, 3.323089225754379, -1.6057105967406964, 0.5088958365530262, 2.320285160859611, -2.878274108429763, 1.0066189545951432, 4.356294620472956], [2.6160851303532184, -5.409359502430455, -0.1561078168227317, -0.7136474787180375, 0.10732499834960359, 2.0490351040845685, -4.043296298205978, -0.7124464967626466, -2.6137760047127596, -3.2270356457763283, -1.9876225968210406, -1.052546719836345, 0.6500295906716956, 2.389593720193339, -1.7360352134203978, 1.597851601321534, 1.3201685248465602, -2.6860857132192866, 0.5820815257206151, 3.70254044600879], [0.03383281923450591, -1.4348918424944614, 4.134266234384039, -0.7843841522914758, 2.296030493266222, -0.7453032730258872, 1.8694073744317277, -0.14283050598800337, 0.8705852833846686, -3.4344030884234766, -5.568543706459127, -0.434729693657632, 0.5671462351999892, -2.4345452126916487, 2.8081607187271986, 1.3124110652936471, -2.075007627207937, -0.5117508239237692, -0.9541698665228868, 0.4066218798125386], [0.1450849081954737, -1.258754476871932, 4.097620256904716, -1.0585979954459992, 2.2631371349023044, -1.2186536880448293, 1.659061913254026, -0.5022488096182295, 1.028553299499315, -3.7010605936761234, -5.467997649032912, -0.38213681846482184, 0.7572937995999456, -1.989148722708238, 2.621463076110737, 1.2616500543941944, -2.441893077876605, -0.6389976336317678, -0.4010243196940681, -0.008880740661743792], [1.795782430786666, 3.754445979790455, -2.6743519975806405, -1.3645660171959828, -1.1371972635448904, -1.3529427118701547, -3.3999756268986356, -5.147891389257437, 1.8551068686175882, 1.5621297121171183, -5.287756539661094, 0.18496060415295337, 2.4675331524913697, 6.434485517413168, 1.1884737041704638, -2.6266738590392027, -0.5776648013285679, 0.6407395100088129, -0.41802989130804347, -1.0576947226199502], [1.8408963630203825, 3.856361121731473, -2.6193404709952466, -1.4429307486225862, -1.280789184383769, -1.4107009294839432, -3.5640073527574816, -5.19813629234421, 1.4580229188510114, 1.4963614966911283, -5.49479646644644, 0.07759543691319813, 2.472707354339233, 6.0088936686522185, 1.4076820862617996, -2.0743968101613794, -0.32758795414524927, 0.9100776105799319, -0.612833630953956, -0.963285639549358], [-3.157527464016002, -1.3570594584176328, -3.800164635108349, -3.638014645529655, -0.2233062897814268, -0.14774772977459008, 1.9840903861560553, 1.1447492627186862, 2.56579204541359, -1.4993053301117854, 5.744471372012288, 0.39544509385630944, -2.020944536546117, 2.45336114209885, -0.9925321657521645, -1.1124855858846443, -2.7319092127878437, -1.3758859185207823, -2.9302126590891198, 2.705027056371501], [-3.484775362663683, -1.030106946970556, -4.188623927872362, -3.9300585021688565, -0.6168113648330596, -0.15386491940543534, 2.4573186584687923, 1.5849799059234804, 2.164803644828093, -1.7771302041400079, 5.3489518478013505, 0.9927598350750426, -1.9912408508251658, 3.1831106116344783, -2.0482874730945695, -1.4430988327162269, -2.3917821884065873, -0.7912966021584115, -2.204861158480502, 2.183481951430401], [3.255007938904841, 0.35800115601454163, 2.5852056166631, 4.937752946685972, 3.1238103878811883, 0.24018614510970218, -1.0238557153551886, -2.8557475899540554, 0.8407554015624101, -1.0285151907059766, 0.11353933526158379, -1.5407270991515074, 3.473464144523443, 1.2640236734763952, -1.6784584364613158, -2.701414792933731, 2.151112409680984, 1.6270970879749562, 2.579432712339792, 1.1815286170841148], [-3.383719621056619, -2.6693344946076505, -7.596635991456902, -0.14988229510225407, 1.5870448641343502, -2.0586360684490335, 0.720479921060742, -2.055203226222059, -1.1335563392096053, 4.778021401825721, 1.9635151494951397, 2.026223556610066, -4.812549913888851, 1.7257085921856916, 1.311780451064479, -4.0418544191903125, -0.2985301741351167, 7.282445915480581, -1.7949327814056937, -3.6243276260298383]], "Lambda": [[0.35548776441547786, 0.46345364409438927, 0.485748198603253, 0.6105206581267503, 0.4543304186305142, 0.42202795687349204, 0.6094237118531203, 0.37810033599180237, 0.7750423928836868, 0.33690522390619976, 0.3801131805407848, 0.4749324948247927, 0.3162554236138262, 0.535877128749305, 0.6874452160226937, 0.42031750894541764, 0.2936359901612574, 0.32926966594416995, 0.4895068887583481, 0.27274161837808636], [0.3548031943122996, 0.4768580947019259, 0.4957162963981121, 0.6279812395690951, 0.46513523563851883, 0.4304764103430351, 0.6144462380076435, 0.38040996279346057, 0.7664382477144488, 0.3483429823787464, 0.392431106798656, 0.47255797450733816, 0.3152464259830098, 0.5485016728749188, 0.6802076189494008, 0.4053578603155234, 0.2870940968059845, 0.338976044957172, 0.49936628681103934, 0.2696903511895648], [0.6522609391509047, 0.6330461117505429, 0.4747029474627838, 0.3923740555926196, 0.833534231610386, 0.4131032099548803, 0.7236042738734755, 0.8096130343362161, 0.47002328952959316, 0.6893284369143864, 0.4865038478914782, 0.2999635358529446, 0.3360853963718508, 0.4641876172205769, 0.3393399234431772, 0.34152023767420603, 0.700870643401185, 0.49551912371406914, 0.735131169898576, 0.3848906952039483], [0.6364651783942853, 0.6338663970403468, 0.4798904018304568, 0.390499287304311, 0.8206150717993559, 0.4128489780805793, 0.7456661437314968, 0.7601280306989393, 0.46138982265407147, 0.6796183851547093, 0.5004487340002021, 0.3047902791135941, 0.3445962956060907, 0.47569210632175724, 0.34719311405189607, 0.3774798470725582, 0.7229379631063164, 0.5535151493078034, 0.6828046697215522, 0.4069851632023294], [0.38507916252287083, 0.47844391170604694, 0.5596496532817853, 0.7716518078065976, 0.49799804649226537, 0.7812614021875072, 0.34178454373189693, 0.42558999587730956, 0.38438336081351326, 0.4219142095151353, 0.42963350764472175, 0.4840282352271956, 0.3063955305196292, 0.5011209011499923, 0.8279447287368555, 0.33116370829208963, 0.3121866834464636, 0.6079690481824137, 0.4678291420795309, 0.44337029161168473], [0.40632729019703184, 0.42785086112187487, 0.5733973315370233, 0.7094160205437083, 0.5122873874037913, 0.737078386860056, 0.3612825295080614, 0.3868866541351633, 0.3342102957501324, 0.4442075479161259, 0.4323474635244769, 0.489010210634167, 0.3046843795841905, 0.49753924661205057, 0.817760584692063, 0.35632437637430225, 0.3303977290868592, 0.5908183760300834, 0.46623204211497576, 0.4385306576941013], [0.528145928576009, 0.6235095211526712, 0.28118773416438997, 0.33166286798511097, 0.3607405910206474, 0.41886365956405003, 0.3578169877567586, 0.5143011749001218, 0.5050105054441101, 0.4003475258283576, 0.4721617775714725, 0.45667385736687577, 0.7348711499378399, 0.38554532077443837, 0.7693890112959553, 0.7582095663354826, 0.4177638182624598, 0.6848142157850489, 0.3691418128695759, 0.39680739321724523], [0.5049200358000523, 0.6247052390710391, 0.2790332569858822, 0.3334622169794079, 0.38576596489763504, 0.44006744476146753, 0.3411400018586171, 0.5223690972932272, 0.4915711829906692, 0.3949973276687351, 0.47964433741795715, 0.4562173695813281, 0.7260013399525844, 0.40713028693488745, 0.7538429481814211, 0.7807539427216089, 0.4070349499864493, 0.6273166730169416, 0.3666670093010175, 0.40511670048089865], [0.4712102046987102, 0.7544268886856453, 0.2914333683162543, 0.43531672244026054, 0.35446242389164845, 0.5514511095565837, 0.2909320731499848, 0.3935237441559669, 0.43803386275001555, 0.5552784926803671, 0.4495010864082736, 0.45155755816964877, 0.42264375834058476, 0.44183103418606207, 0.3802081129339806, 0.2677363998611003, 0.6728193784525845, 0.28585423181689634, 0.4855201909762365, 0.7408065203287374], [0.47078547420691236, 0.761740555337754, 0.2957614815290476, 0.44343512726467377, 0.37439785209403614, 0.5350483303576343, 0.29149393393078654, 0.40271306874770424, 0.4697020344990391, 0.5653861181246428, 0.4636272588168136, 0.4827763961445508, 0.41855365369536607, 0.4486699981694693, 0.3802407913587547, 0.27031444839823104, 0.6592509197619985, 0.2955916331808058, 0.5125329556699404, 0.7274855227379271], [0.37588947670643236, 0.4299367664049784, 0.46429248869878015, 0.3148536973000769, 0.6932304196302912, 0.5102100914961383, 0.31809850374880316, 0.6088887697938088, 0.46632548256153367, 0.5008754450369267, 0.3709596525252488, 0.5980833357013678, 0.32001232856031236, 0.49465998057383775, 0.35122350634168203, 0.6806079238345851, 0.38897763901213944, 0.454046565394041, 0.46547325040272447, 0.6877760586181396], [0.35435476294391005, 0.43968981605390745, 0.42175151127481864, 0.3174009140438692, 0.7066258965463411, 0.5208587072718273, 0.3152540526691666, 0.6188764535294508, 0.4720265482748729, 0.478853077038363, 0.35215374625904866, 0.619396163444421, 0.32876915929147815, 0.4812398623723166, 0.3419495561735313, 0.6998640847141927, 0.3735568878001279, 0.39604500255597996, 0.4283963437637532, 0.6612545529841625], [0.5163646944713242, 0.5948680496770545, 0.34285492596418665, 0.2523395128845617, 0.43588540865940417, 0.6692937270573849, 0.619167365328499, 0.5944918254899243, 0.4501928752152216, 0.33472460970997303, 0.3007372384299998, 0.888331368483868, 0.40562414342060926, 0.43688931321168345, 0.4073367031347063, 0.485195550166252, 0.16182127921209308, 0.566078516927439, 1.0570536895691278, 0.5761780261118039], [0.6222392667574969, 0.3311752513838905, 0.33304146371215204, 0.40348047142466137, 0.7012469694245116, 0.25938780846490367, 0.24390792654890855, 0.7794121694149353, 0.5541999596721273, 0.18891214426658584, 0.09083373293576454, 0.41923225806228, 0.19452392009433217, 0.26982630511777217, 0.20893658123695635, 0.19611418010311482, 0.22214792421673085, 0.5229898911106423, 0.44147857625845593, 0.18503252530194675]], "G": [[0.15306448247551985, 0.16038559899070542, 0.3506438823072397, 0.3359060362265353], [0.12146676375527986, 0.12348795195245732, 0.35228678770988553, 0.40275849658237695], [0.2151353749451779, 0.19828480768950554, 0.37980609139773086, 0.20677372596758528], [0.16591463379974436, 0.15918553140348451, 0.3432055972727763, 0.3316942375239946], [0.24753433692313365, 0.2388597691305514, 0.2583844053687828, 0.25522148857753196], [0.20444238023885436, 0.1990573274192962, 0.33659645561882046, 0.2599038367230294], [0.19094627234478687, 0.18351046690593367, 0.24630008671559384, 0.37924317403368557], [0.17225895369862693, 0.17055827919028632, 0.3290347987903025, 0.3281479683207849], [0.1593884833243105, 0.14464403796294403, 0.19296678973125542, 0.5030006889814903], [0.14763023022840807, 0.16533046097997717, 0.26675148607444776, 0.42028782271716647], [0.15714533647448, 0.1550113341430543, 0.3893857021898167, 0.2984576271926494], [0.14243884508975105, 0.13256211200329931, 0.1876256345934675, 0.5373734083134821], [0.14069576642750464, 0.1365073349816855, 0.3341176024114877, 0.38867929617932184], [0.19222878517073966, 0.19148896585078756, 0.2857755226488718, 0.33050672632960076], [0.19216983009745306, 0.1756322591259739, 0.2216182853923898, 0.41057962538418297], [0.2217988110550909, 0.21651392137130357, 0.3069370585973449, 0.2547502089762607], [0.16483907722046565, 0.16096041808049802, 0.27764291339496805, 0.3965575913040685], [0.12666001270818147, 0.12175941268162943, 0.281100843352814, 0.47047973125737524], [0.23460847151988443, 0.2390449612477483, 0.18510723428597392, 0.3412393329463936], [0.22512136016049847, 0.19836773562762663, 0.22207375022322534, 0.3544371539886489], [0.13476223915828905, 0.13283437215368066, 0.4883329082916111, 0.24407048039641932], [0.21803619749946482, 0.23085677319985443, 0.2827646857189505, 0.2683423435817305], [0.1560102970511911, 0.15595840793555585, 0.2627831877250582, 0.4252481072881946], [0.20418431466559178, 0.18986591137038691, 0.27632602644015014, 0.3296237475238707], [0.2003131584922055, 0.19931009261389834, 0.28291446316357294, 0.31746228573032237], [0.21254469242448162, 0.20559918458275175, 0.25914829478159424, 0.3227078282111721], [0.13864041437971508, 0.12502431023534408, 0.2759226692244328, 0.4604126061605077], [0.18768587507220158, 0.16987081073234903, 0.25667405904350543, 0.3857692551519439], [0.14813366325296004, 0.14023972305163254, 0.3833925494991963, 0.32823406419621004], [0.13472345717566983, 0.1285270188082574, 0.44951055686794783, 0.2872389671481251], [0.12503561061098098, 0.12465628836653925, 0.29798954225406443, 0.45231855876841637], [0.17283733690494077, 0.16376230202999856, 0.25946454686425474, 0.4039358142008058], [0.2136152731967384, 0.20742656054376288, 0.237107457661379, 0.34185070859811933], [0.16736325810159272, 0.17403356182514138, 0.37217930496371593, 0.2864238751095497], [0.21962100003404064, 0.21145047599971406, 0.24013772525685767, 0.32879079870938843], [0.25228909259216326, 0.2588639517615743, 0.28349286068100527, 0.20535409496525736], [0.20140258043773338, 0.19462162039833347, 0.3599552934320529, 0.24402050573188008], [0.2599671106172706, 0.24425501355377469, 0.2776559221468937, 0.21812195368206097], [0.22836889524183715, 0.2217605395794775, 0.3062928150784789, 0.2435777501002058], [0.1718139153254109, 0.16101507195909012, 0.3950311692200965, 0.27213984349540227], [0.203440661213069, 0.21134458018261615, 0.2674779709548558, 0.31773678764945784], [0.1825324910486116, 0.1701437293188227, 0.31697114472235205, 0.33035263491021355], [0.17565177375290203, 0.17433538998543477, 0.4235186404549904, 0.22649419580667246], [0.19036822938795356, 0.18180836464756725, 0.30262066187653036, 0.32520274408794914], [0.16248830103734488, 0.16392209188956808, 0.31552780552853216, 0.35806180154455464], [0.229195517880697, 0.22125984626639886, 0.273228339971035, 0.2763162958818689], [0.15843308287845406, 0.15227172807016373, 0.24400155610584534, 0.4452936329455363], [0.28614211311866783, 0.27179791035507245, 0.23227598959383525, 0.20978398693242495], [0.13149350527675838, 0.12320474134084318, 0.4373162047771349, 0.3079855486052627], [0.19100044176556338, 0.1887580499840271, 0.3657811231210304, 0.254460385129379], [0.17661134745961168, 0.17181954948359368, 0.4267559224963692, 0.22481318056042557], [0.24456541598271608, 0.23124881374280346, 0.24805047076013606, 0.27613529951434485], [0.21925129010888153, 0.21465835018663723, 0.3092720225522488, 0.2568183371522328], [0.15456250412170014, 0.15152252858732504, 0.4615401480703709, 0.23237481922060382], [0.18127415171493658, 0.18629872708728026, 0.2850723797037608, 0.34735474149402196], [0.20617988030145193, 0.1971554033954806, 0.2565683649902582, 0.34009635131280963], [0.251572514047256, 0.23460031924078437, 0.2844062356580595, 0.2294209310539001], [0.19400773353875286, 0.1907807941708043, 0.3340529532562744, 0.28115851903416766], [0.1813788074738846, 0.1606937321956459, 0.3100475980759736, 0.3478798622544954], [0.14516798587931504, 0.13752255172552413, 0.38742038157923303, 0.3298890808159279], [0.17703883750934662, 0.17017878333329212, 0.4118408277476772, 0.24094155140968437], [0.20421069134294473, 0.1838901760325383, 0.23914107386536812, 0.3727580587591492], [0.1643870322114003, 0.15494562500548595, 0.4665856333279281, 0.21408170945518484], [0.1831787585466717, 0.1709690622031152, 0.279886584288986, 0.3659655949612272], [0.15394146000854392, 0.14664398784951663, 0.3915396827992623, 0.30787486934267744], [0.19940082231497372, 0.19135712976126845, 0.29966041979538444, 0.30958162812837364], [0.20567036042810088, 0.21531281480634964, 0.12883132490611285, 0.4501854998594366], [0.18268384421163775, 0.17650958894942897, 0.3196234593771127, 0.32118310746182094], [0.1883276607742942, 0.1742758376585566, 0.38239366135537184, 0.25500284021177755], [0.17833980220795154, 0.17500731496138017, 0.3113664757472486, 0.3352864070834199], [0.1313228111824685, 0.13073808135020118, 0.4174711036034984, 0.32046800386383145], [0.1617059633909289, 0.1614496032103487, 0.3263957730743717, 0.350448660324351], [0.24765599856448708, 0.22649848466318534, 0.2726983201580265, 0.25314719661430146], [0.17827937663319493, 0.17256344113390304, 0.33308970309547475, 0.31606747913742816], [0.23152736607641858, 0.23219900542678454, 0.34638197178821345, 0.1898916567085834], [0.17403317580693065, 0.16320302449845414, 0.24602405366611108, 0.4167397460285044], [0.19380788850119435, 0.18548998058814192, 0.2508071062827505, 0.369895024627913], [0.16883607553330496, 0.18368223638810496, 0.25062593727621163, 0.39685575080237845], [0.1549804875650921, 0.1442675666633848, 0.3616755476423274, 0.33907639812919566], [0.2080467420609289, 0.18996890796980545, 0.312664686070423, 0.28931966389884234], [0.16470486994710956, 0.1630220461771899, 0.3055888032865272, 0.36668428058917274], [0.20343938714697818, 0.1851661394399348, 0.29873216550669346, 0.3126623079063932], [0.23451643349108833, 0.21673581284193694, 0.2051165547774827, 0.3436311988894925], [0.174696815445274, 0.15918085167824433, 0.35688536651142033, 0.30923696636506104], [0.17061995779304578, 0.16212770000534243, 0.38404748485981294, 0.2832048573417989], [0.1656409215384369, 0.1484070078000551, 0.22162084426996786, 0.4643312263915405], [0.1945153454536666, 0.19685916547864576, 0.3587253915510061, 0.24990009751668146], [0.16823052756042345, 0.1605368740666854, 0.23996386677747944, 0.43126873159541135], [0.20024664646536444, 0.18921230268409336, 0.3484561847065279, 0.2620848661440141], [0.14613474099078, 0.1422188529382293, 0.47847178423941944, 0.23317462183157134], [0.24462354219092886, 0.2345908242383643, 0.2735646628369466, 0.24722097073375987], [0.14462786622421916, 0.14257104743308655, 0.4498545492722331, 0.2629465370704606], [0.15662153928788597, 0.1470913705282669, 0.44335213692256353, 0.25293495326128346], [0.1218318456160448, 0.12317666083569263, 0.47875509014163115, 0.2762364034066319], [0.16247259925881258, 0.15330931806405793, 0.42935235125224586, 0.25486573142488406], [0.1488707680847048, 0.14251418505104949, 0.34571088254116605, 0.36290416432307976], [0.12459235955784136, 0.118548721249906, 0.4005291944205442, 0.3563297247717085], [0.16237000879617491, 0.15028729750211123, 0.36976542021234987, 0.3175772734893635], [0.2343202636860755, 0.23132824589559706, 0.2655926065080166, 0.2687588839103105], [0.13848675708842442, 0.13359117931733866, 0.3822786690055466, 0.3456433945886905], [0.2469931638227736, 0.23660125694622408, 0.2224171374180489, 0.2939884418129538], [0.20767807949331943, 0.20075303742779882, 0.3254638752541327, 0.2661050078247495], [0.3010766070009453, 0.2742799128139396, 0.17284642541807166, 0.2517970547670435], [0.16228768387231018, 0.1507191287576443, 0.4098083234645017, 0.27718486390554403], [0.18198551444788505, 0.18396856787032742, 0.264677221683457, 0.3693686959983308], [0.22456411198563492, 0.18949094826472734, 0.23637283006563173, 0.34957210968400626], [0.21474124155677993, 0.1960518301278472, 0.22841660812669407, 0.3607903201886789], [0.22116172129834602, 0.20415717523981008, 0.25831818663544975, 0.31636291682639395], [0.264033468814154, 0.2534692329801138, 0.19839812274769, 0.284099175458042], [0.1324167401348092, 0.1255407787930447, 0.3052575437232095, 0.43678493734893736], [0.20613454061027198, 0.210187190633591, 0.27680228936359913, 0.30687597939253863], [0.17576339329612606, 0.1652130879205775, 0.3551978474899143, 0.30382567129338234], [0.1666990369600377, 0.1649163517300582, 0.2656356400527033, 0.4027489712572006], [0.1770068732193086, 0.16959385162383758, 0.3458772635616692, 0.3075220115951845], [0.19686010072984997, 0.18737165197145098, 0.3527808295905826, 0.262987417708116], [0.13262538964140116, 0.13076593049542157, 0.3626031090223108, 0.3740055708408662], [0.20123615126018732, 0.19438919039959204, 0.1962057718640508, 0.40816888647616956], [0.22926765840718127, 0.2141566230578149, 0.21618452941948046, 0.34039118911552213], [0.1490613870039091, 0.13801185255429854, 0.19937673225616134, 0.513550028185631], [0.1760798874742268, 0.17097134729430535, 0.4439946144594876, 0.20895415077198057], [0.17774207680229495, 0.18055980923754625, 0.4208605622389584, 0.22083755172119957], [0.22199634259271003, 0.20954023079041353, 0.22141598229031906, 0.34704744432655754], [0.19320272160759105, 0.194486271668673, 0.30845363643427914, 0.30385737028945625], [0.16909126794274873, 0.16477132853727586, 0.2681094854650149, 0.39802791805496046], [0.1399106158398055, 0.13555420431355897, 0.3867484188844945, 0.33778676096214116], [0.2148554926266068, 0.20395701837574312, 0.30358596508128816, 0.27760152391636245], [0.18709646852533018, 0.1800456471564207, 0.3888056708479214, 0.24405221347032727], [0.16521079938212224, 0.18030892545743438, 0.2853247021579307, 0.36915557300251245], [0.23167671692014144, 0.22049846400156858, 0.23756461653132085, 0.31026020254696773], [0.1779978873244428, 0.18507149345335472, 0.30577950858848485, 0.3311511106337177], [0.240698301310524, 0.2272964839385275, 0.2949435152664909, 0.23706169948445807], [0.1924854150626906, 0.18638124177942747, 0.33919491090021614, 0.28193843225766596], [0.12350402709587784, 0.12871893884114707, 0.44590438543723726, 0.3018726486257379], [0.2263249122442733, 0.2259027942250224, 0.20060120646306212, 0.34717108706764166], [0.18434333150471532, 0.17244833937579465, 0.28766747746445487, 0.3555408516550349], [0.20494968331497423, 0.208653561356092, 0.196388595825778, 0.3900081595031559], [0.20951637203561627, 0.2150894573420978, 0.3441174279252302, 0.23127674269705614], [0.14128140607076733, 0.14015094790274274, 0.3098557400083918, 0.40871190601809787], [0.09726820643426254, 0.09439643231832501, 0.3261425422439663, 0.482192819003447], [0.1480024845930473, 0.13920609089562244, 0.3868320117373338, 0.3259594127739974], [0.26607054748443104, 0.25050510427449146, 0.2519133515861507, 0.2315109966549266], [0.1820536605636505, 0.18213124169402195, 0.3417030360354525, 0.2941120617068754], [0.16530732592250194, 0.16546070177859584, 0.25744117435711866, 0.41179079794178375], [0.2440991549241094, 0.22930006922247564, 0.18703818560343427, 0.33956259024998053], [0.2644357806472428, 0.2547544903931169, 0.22613316119361349, 0.25467656776602626], [0.1658600448118056, 0.15928033692194687, 0.32859717218516554, 0.3462624460810809], [0.2695800747204046, 0.26098337859140797, 0.24565237299406972, 0.2237841736941175], [0.15121380567684128, 0.15327359417829953, 0.38986528713165414, 0.30564731301320414], [0.20766188686744488, 0.20926219354430672, 0.2570826035445641, 0.3259933160436845], [0.15757922705282432, 0.14807429399273986, 0.30009353635784636, 0.39425294259658905], [0.11232425644928153, 0.11933894338520379, 0.4192751397352018, 0.3490616604303126], [0.19361014319278338, 0.19284346347197825, 0.3275268071143822, 0.286019586220856], [0.19682260340835717, 0.19119260286380177, 0.34539116786043994, 0.26659362586740065], [0.17161417313068442, 0.18429674049551134, 0.203758941825805, 0.4403301445479989], [0.18492876913753117, 0.17583985872675398, 0.31153689598367806, 0.3276944761520369], [0.18351342083151012, 0.18176030655141484, 0.24388433816163693, 0.390841934455439], [0.22518444422312114, 0.2334952218685998, 0.3734652046189745, 0.16785512928930474], [0.2558538886793765, 0.2581255164249346, 0.29004001050722417, 0.19598058438846544], [0.20562152388988394, 0.21140665420402985, 0.2668291154376854, 0.31614270646840015], [0.20031388939835565, 0.20274352319468308, 0.33866314750693083, 0.25827943990003144], [0.17242702426437612, 0.16865194774297712, 0.3022688640713483, 0.3566521639212986], [0.1402127695350006, 0.156552055866165, 0.3778795474315209, 0.3253556271673133], [0.24260912525895195, 0.2314468930373966, 0.1601929462880227, 0.3657510354156294], [0.21104456961684653, 0.20806456944272658, 0.2893158173370003, 0.2915750436034269], [0.2199956555720244, 0.2399338834510981, 0.2500792618609805, 0.2899911991158971], [0.13770725106160683, 0.1474865333895505, 0.43087549762638333, 0.2839307179224591], [0.16468083022428706, 0.15734203151833542, 0.3547733542446687, 0.32320378401270955], [0.14996204598071108, 0.1421733624400613, 0.232622685063749, 0.47524190651547843], [0.2099854133796203, 0.20469463316875297, 0.3836247533585592, 0.20169520009306727], [0.11257159623980263, 0.1117819240752519, 0.46948680848660057, 0.3061596711983446], [0.17789711274295805, 0.1746869297686333, 0.29944369586220637, 0.34797226162620226], [0.1755227910756145, 0.1705334281780889, 0.3251435648372209, 0.3288002159090761], [0.19797912312004223, 0.18694335583890737, 0.22843275854572667, 0.3866447624953233], [0.18448602834604252, 0.17557020885799704, 0.34828024493293375, 0.29166351786302663], [0.1809484735507906, 0.1793161360738257, 0.31442951726698876, 0.3253058731083946], [0.12661225795504127, 0.1276751459347441, 0.36147975138079214, 0.3842328447294222], [0.1774568738829312, 0.16854440871830578, 0.28088617672360244, 0.3731125406751603], [0.18361777501334953, 0.16978253754927702, 0.25673380217647074, 0.3898658852609029], [0.21896353611916008, 0.22147107217144735, 0.34901592216950006, 0.21054946953989248], [0.17026332259120483, 0.1612025754369921, 0.27255398098009104, 0.3959801209917118], [0.1615039555539558, 0.14993000152968808, 0.42290442788749166, 0.2656616150288644], [0.2435584576614269, 0.2359013965661526, 0.23097160237815384, 0.289568543394267], [0.2456285984470421, 0.23492502237548032, 0.25873115474337094, 0.2607152244341067], [0.21964712322149407, 0.2182603278685717, 0.34772339870960284, 0.21436915020033118], [0.1128066385188445, 0.11362255417586192, 0.42372154670703793, 0.34984926059825516], [0.1673185436211356, 0.1637951963676427, 0.4114978910641368, 0.25738836894708533], [0.20475863102048, 0.17369194405588884, 0.28443736307736817, 0.33711206184626163], [0.16086969132153559, 0.16064483138187624, 0.32132045060313463, 0.35716502669345385], [0.14856074242145986, 0.14591630904633907, 0.3203409446578204, 0.38518200387437984], [0.18850145025039133, 0.19002969395570052, 0.35200278503333365, 0.2694660707605751], [0.26808030892157064, 0.26804636021269096, 0.25719589614346516, 0.20667743472227335], [0.2157625420784888, 0.20931308846323207, 0.25186116338734016, 0.3230632060709386], [0.196118676168588, 0.18465218221087998, 0.3480523377012792, 0.27117680391925286], [0.14823865394769786, 0.13730077164133336, 0.32069100025583963, 0.39376957415512903], [0.12471490624544324, 0.12022944679875468, 0.33617953766788305, 0.41887610928791885], [0.179741152942604, 0.1937151727062481, 0.3415276014570459, 0.2850160728941018], [0.19390202629041584, 0.19833891546914476, 0.3964450873572941, 0.21131397088314532], [0.18514485243904885, 0.17619185944470564, 0.2596449062005872, 0.3790183819156586], [0.2201945785234497, 0.21246553149781097, 0.19947236411727676, 0.3678675258614621], [0.21732126631875132, 0.18831628656099111, 0.33842964955319615, 0.25593279756706083], [0.2273483446784997, 0.2237780846524957, 0.2251840688162514, 0.32368950185275325], [0.31019844338418306, 0.27574704708962866, 0.20749367854607836, 0.20656083098011], [0.1687762894013946, 0.1645510280665399, 0.3760046800571726, 0.29066800247489255], [0.2192212474556958, 0.20972104084247487, 0.2597799048887153, 0.31127780681311423], [0.1515037805985361, 0.13994937418739054, 0.2997389939822449, 0.40880785123182817], [0.12408653549242461, 0.12538851218496302, 0.2098095560819146, 0.5407153962406983], [0.2015486114926397, 0.18861280165394187, 0.36052822531446505, 0.24931036153895392], [0.1751995658106043, 0.17644134852660462, 0.2576954514399185, 0.3906636342228733], [0.14339158529934143, 0.13327942267526782, 0.2393034218606172, 0.4840255701647744], [0.1528896932699231, 0.1354193947848285, 0.39265444213550305, 0.31903646980974515], [0.20186573576063188, 0.20385239314055187, 0.24235891243757543, 0.35192295866124046], [0.22957716718608018, 0.20800640056843497, 0.287749701137313, 0.2746667311081717], [0.11346572984692545, 0.10889645181383006, 0.22409498243495987, 0.5535428359042841], [0.17956526940829226, 0.1638346449390939, 0.3984204189493848, 0.2581796667032291], [0.23562266878244675, 0.23387240587079033, 0.3221445804692996, 0.2083603448774638], [0.19026840402182182, 0.174984596487651, 0.30129248040724665, 0.3334545190832804], [0.160406455191648, 0.1606901927719935, 0.3419637650809846, 0.3369395869553741], [0.18281325009091312, 0.18298076682088243, 0.4515325052676287, 0.18267347782057555], [0.16622711268504745, 0.15618391450992036, 0.29521188298973294, 0.3823770898152994], [0.1759859125146605, 0.162270838028595, 0.3171880201775827, 0.34455522927916277], [0.14253636616885076, 0.14334669223257188, 0.48727614059016033, 0.22684080100841725], [0.1929302772185549, 0.18881510570044374, 0.33041431310798997, 0.28784030397301147], [0.18608423509427977, 0.168950734082397, 0.36735894666820595, 0.27760608415511706], [0.18921316571485575, 0.1801469812423422, 0.24898745993379667, 0.38165239310900584], [0.3063892599427122, 0.3018628894979451, 0.22693593874188212, 0.16481191181746113], [0.22836465013470988, 0.23053440494057437, 0.3015003417327256, 0.2396006031919903], [0.2020220779615724, 0.19238724085251746, 0.3237456599621711, 0.2818450212237388], [0.24854208155430657, 0.2292887791220569, 0.340380277181869, 0.1817888621417668], [0.14411992473086271, 0.14058139735729405, 0.4080972500607154, 0.30720142785112886], [0.16755524048205528, 0.15945136912525223, 0.32331358569192054, 0.34967980470077176], [0.17318575904632927, 0.15444632085326016, 0.3247224504068933, 0.34764546969351706], [0.2573525945666672, 0.2605883767021908, 0.23138060688271922, 0.2506784218484229], [0.2483982908013319, 0.23556918458207257, 0.1990507097725373, 0.3169818148440576], [0.21814717304258247, 0.19033480655871646, 0.34691601202165756, 0.2446020083770438], [0.17548361164952742, 0.17605160128730785, 0.3763734756177259, 0.2720913114454391], [0.17304275618093107, 0.173081868267235, 0.27440400903431655, 0.37947136651751684], [0.16051670350667036, 0.17060684060525522, 0.22542344612430193, 0.44345300976377244], [0.15623471127552183, 0.1614904841298799, 0.30060316795084746, 0.38167163664375076], [0.2472397135706404, 0.22736802037707574, 0.24535085645572752, 0.2800414095965562], [0.18475858370484063, 0.18261546069678367, 0.32739471123831854, 0.30523124436005644], [0.1723335065315605, 0.16634152632876967, 0.36265552039991267, 0.2986694467397574], [0.21202818653192934, 0.20433323160659958, 0.3091090548469471, 0.27452952701452393], [0.16291783280581948, 0.1743585295740527, 0.331563161098273, 0.3311604765218551], [0.17256289894984173, 0.16322757793851034, 0.3085739647222897, 0.35563555838935806], [0.22440039184675575, 0.21506980152008895, 0.3297703456685607, 0.23075946096459488], [0.2372659094061756, 0.23653021748834896, 0.3113853007710684, 0.21481857233440715], [0.16069766617035366, 0.1453804053918699, 0.2623856301161493, 0.43153629832162693], [0.25974004372162596, 0.23986310682727896, 0.24343110212610838, 0.2569657473249863], [0.21817012821335274, 0.21441245388073918, 0.34421184294959367, 0.22320557495631443], [0.19086002936431484, 0.1943516286769814, 0.35495103841048536, 0.25983730354821777], [0.22337128417502547, 0.21585038467224982, 0.30992157320316754, 0.25085675794955675], [0.1960409725221495, 0.1917464956503787, 0.3368620253436355, 0.2753505064838363], [0.17303199662354313, 0.16636641549607523, 0.38208037762701064, 0.27852121025337084], [0.2285696101171726, 0.22535037131022384, 0.2679014450007437, 0.2781785735718604], [0.18577611910325545, 0.17372750823701563, 0.2993529490494382, 0.3411434236102909], [0.1956724153239257, 0.18629195867033163, 0.36297576459128494, 0.25505986141445763], [0.14642257444379242, 0.13880790037826696, 0.3880432831614017, 0.3267262420165387], [0.1605196909974618, 0.15321610742655645, 0.3658721855445574, 0.32039201603142464], [0.1941473587055435, 0.18064174284403967, 0.32897515305864355, 0.2962357453917733], [0.16416238309400477, 0.16170703501788483, 0.4434870957985265, 0.23064348608958352], [0.1345105536890962, 0.12436367935609918, 0.4640743432290813, 0.2770514237257248], [0.1060923817182432, 0.10616982571250913, 0.3583605035588342, 0.42937728901041367], [0.1636256843479617, 0.1580560835259516, 0.26724591792509017, 0.41107231420099644], [0.14213718255479124, 0.1599889026073606, 0.32736155128172234, 0.37051236355612555], [0.1720170019195059, 0.1629083364984329, 0.26236539027646416, 0.4027092713055967], [0.29265646735839984, 0.2863053178801117, 0.22793755532490556, 0.1931006594365827], [0.16542411276935212, 0.1718920858397299, 0.25956997958994055, 0.4031138218009765], [0.18714260727108087, 0.18274836687678264, 0.326640597540711, 0.3034684283114255], [0.11728680056279205, 0.11680687657527314, 0.15845543257419029, 0.6074508902877445], [0.20559330146052027, 0.1980780945942254, 0.247906333122167, 0.34842227082308735], [0.15212952340074942, 0.1434326851650804, 0.4169276259588624, 0.2875101654753077], [0.1323458921109726, 0.13340253949806447, 0.3435612383140991, 0.3906903300768631], [0.154154929845354, 0.14675405683774911, 0.3117862080576606, 0.3873048052592358], [0.1976161677226237, 0.19473672555968696, 0.29337755169755, 0.31426955502013987], [0.22198669190496095, 0.20802989933607677, 0.34459660274474385, 0.22538680601421793], [0.2017964111733413, 0.19438353442675121, 0.3357143646787171, 0.2681056897211905], [0.18902401893147786, 0.1812439628119505, 0.3391816827490723, 0.2905503355074997], [0.17859425693069358, 0.16841167703401444, 0.32026439325323747, 0.3327296727820541], [0.2850456536331203, 0.25663918001707725, 0.28770855761927494, 0.17060660873052655], [0.178426913477266, 0.16950603729356067, 0.31172144305697863, 0.3403456061721947], [0.179699742836657, 0.18392646751304725, 0.20115883588062752, 0.43521495376966723], [0.18543498546787934, 0.18085731526308, 0.349599354312817, 0.2841083449562235], [0.15659265151126897, 0.15232933666911377, 0.3242634706526226, 0.36681454116699563], [0.20093251777440183, 0.1956366970311423, 0.31526620663704724, 0.2881645785574082], [0.25850390202756884, 0.24168329230226976, 0.23178654957057546, 0.2680262560995857], [0.15605459162302207, 0.15199177216008677, 0.28358833774770814, 0.40836529846918307], [0.24159632985486196, 0.21585752579810086, 0.3199805681221187, 0.22256557622491852], [0.1344839459948338, 0.1383324024051968, 0.3526475721198527, 0.3745360794801174], [0.0995724620608592, 0.10071049980178143, 0.1898806086952324, 0.6098364294421272], [0.20637922376882145, 0.20065467420215738, 0.27999581847667954, 0.31297028355234213], [0.144402006432019, 0.1395932732318988, 0.375277085053523, 0.3407276352825596], [0.19319965477744366, 0.17788008557296628, 0.313018740300606, 0.3159015193489833], [0.2145003885353276, 0.21082656481200301, 0.3083428667880434, 0.2663301798646264], [0.1779911932461619, 0.16885778449833644, 0.37325758186600094, 0.2798934403895011], [0.15289854450227144, 0.1507222535736411, 0.36738765406617335, 0.3289915478579148], [0.1915633297395366, 0.19905128891471233, 0.23000691566508083, 0.3793784656806694], [0.20368898722498766, 0.1947659482711932, 0.30698246531185425, 0.29456259919196465], [0.2503937474134142, 0.252254866229425, 0.25109226282948627, 0.2462591235276747], [0.1409277749042569, 0.1351653697881817, 0.3435624889356178, 0.38034436637194324], [0.1329418129198903, 0.1232320998411341, 0.44539782389102617, 0.29842826334795014]]}, "supervised_prediction": {"G": [[0.18077672468948933, 0.16592057786311193, 0.3013092974866939, 0.3519933999607049], [0.23917860675667965, 0.2457145197103214, 0.21146396228825634, 0.3036429112447427], [0.23678059534043447, 0.2463913898745144, 0.28569704954559083, 0.23113096523946014], [0.20518064774414785, 0.19790352946087134, 0.31112034126022575, 0.28579548153475454], [0.18688483295048605, 0.18465135081697134, 0.18658848829199437, 0.44187532794054746], [0.16388972061351775, 0.1662873984012793, 0.47729200976380126, 0.192530871221402], [0.17754391259204008, 0.17744149548719973, 0.35323497708747537, 0.2917796148332854], [0.21880897087726592, 0.20622812639427107, 0.20305268885361316, 0.37191021387484946], [0.1770626421898671, 0.17183635702655914, 0.3416400436130578, 0.3094609571705163], [0.14086268382874448, 0.14096315115346156, 0.3615509276673973, 0.35662323735039586], [0.2452856872728689, 0.24783435307445514, 0.21393503734759642, 0.2929449223050797], [0.13308906624220931, 0.13142246028831953, 0.39779552722023065, 0.33769294624924073], [0.16476011664997348, 0.17423788159194942, 0.2908449882508889, 0.370157013507188], [0.21216857931987815, 0.21428120348223081, 0.22482101138285604, 0.3487292058150358], [0.1706428633154154, 0.16768533351061132, 0.30665795746210295, 0.3550138457118695], [0.2939965582785542, 0.31069160211728447, 0.1789896969877576, 0.2163221426164042], [0.1811347771626571, 0.17332959480804452, 0.2976017589114484, 0.3479338691178494], [0.17646236544592397, 0.1752171761698929, 0.4067597863214656, 0.24156067206271764], [0.18650286396883786, 0.17760640431307032, 0.3249226243023187, 0.31096810741577285], [0.13869245834071947, 0.1288404939361859, 0.3035355357662763, 0.4289315119568177], [0.16080240126317072, 0.14776907722585636, 0.3209887046626198, 0.3704398168483535], [0.1386092635540428, 0.1343110345046263, 0.2604819423731957, 0.46659775956813526], [0.19260772886289368, 0.19500870531135805, 0.2897582323164681, 0.3226253335092799], [0.23280752341609612, 0.2027253692999347, 0.20199578667070753, 0.36247132061326176], [0.15112643866619443, 0.14729311089057973, 0.33973961430474625, 0.3618408361384795], [0.1647155890199796, 0.14898881113311147, 0.22420479529228984, 0.4620908045546189], [0.2398131638171047, 0.25001696976180116, 0.3546403162429818, 0.15552955017811237], [0.20891163480387934, 0.19850210138398156, 0.2626113443100658, 0.3299749195020733], [0.1775891454238041, 0.1661126851332518, 0.21970548453436892, 0.4365926849085745], [0.23239291053217104, 0.2174478227258015, 0.304892431466387, 0.24526683527564053], [0.1829138481903372, 0.17044755847899956, 0.20469790743374258, 0.4419406858969205], [0.2622970396337449, 0.19714316503099008, 0.2386727058744288, 0.3018870894608365], [0.14259011405711133, 0.13453953519915043, 0.3309317739772942, 0.39193857676644445], [0.1281402992803609, 0.12357307793869707, 0.3580876055570089, 0.39019901722393374], [0.2062815710546634, 0.18273925758220516, 0.3944646506722959, 0.21651452069083546], [0.17895991323614488, 0.18559533700085099, 0.3818607692564827, 0.25358398050652065], [0.23561813678090338, 0.22217235697120338, 0.17029329955348335, 0.3719162066944082], [0.25852002842052885, 0.23159184029563007, 0.231324746972