{"estimation": {"a": 6.188022086774057, "rho": [0.211709104470126, 0.2143433257645356, 0.2904509487483091, 0.2834966210170292], "Mu": [[4.413407798865811, 4.967283649893884, -4.565378951836108, -0.2603219323940499, 4.902062742966506, 4.709156391875139, -3.0323696768417086, -1.405441902370098, 4.848603795157737, -1.5567330678524662, -0.7071249195658509, 4.404447207112783, 1.5044390920814783, 0.2911705198858188, 5.276043208837651, 0.2945935953419339, 1.813499749605264, -0.4777188899834482, 2.0834199102486983, 2.6183167537067935, 1.473340357914766, -3.462252417307807, -1.4259352637219094, 1.2397620556520677, -1.4470763043040227, 0.2248314469260956, 5.092094833046604, 5.978568416916739, -0.7354940778483297, 1.6207929015382794, 1.5522665539004694, -0.6100971643828264, -1.0870499853248687, 1.1946478524845119, -0.9533703118307073, -1.7843161013492406, 3.8458184528377513, -0.35745874243563164, 0.6164137470728841, -3.5912016723606333, -1.3350123493281478, -6.717427427445119, 3.9943355140682586, 3.3698437073066136, 1.1950755846593228, -1.8060143111375735, -2.9099391825448833, 4.838253811184012, -5.854586501362324, 1.7944058357315884], [-0.2046121703420494, -2.2007357093304014, 6.3208538145588316, 0.32846817813391993, -2.008873463047948, 0.4284161551170796, 0.7447395449313866, -0.42046224249686986, -0.4899057936376254, -2.072976833055026, -7.701807331032491, 1.459790550112761, 3.9459584576575546, 2.181428050814897, 0.6181973828122118, 1.4125981284550888, -0.8998541925958694, 2.4713865248736577, 3.8702641110161293, -3.5771057810573934, -2.8584674489226356, -9.3600216597423, 0.3046228329527828, -3.842405543023629, -1.4186242287555142, 5.821448538613151, -1.2553634898814467, -1.751481625484433, 6.178578008324574, 1.2082242161868424, -0.8731232472869239, -3.4051038749450093, 0.08031054761548935, -1.1417487151174779, -1.7566675143508699, 4.368936417461513, 2.2388890759190887, -0.3196997533331367, -3.415789459069035, -3.1751195727146713, 0.9447200843675488, 4.577721328254262, 0.34177867899171904, -4.960359104492983, 2.259029175575911, 6.221526950082286, 3.1544751632402797, 0.24657533747957877, 1.0084647456218478, -0.902046511002316], [0.23056215333848887, -3.4164775743554108, -1.5244012469645911, 3.552799159194892, -2.9891134111267696, 4.946860161732843, -3.452064590286544, 5.330689821311732, 1.6869037460839431, -2.512262178283143, -3.6046359534930157, 3.9109115946584767, -0.08702512947940182, -3.3818428625532015, 0.51588646516808, 0.8127403046822661, -5.742362982982319, 1.4049754457176264, 0.7848775631524049, -2.120122050655294, 0.2533582394576437, 1.7576533904273837, -0.522828861340374, 0.7520125110707481, 1.8963417201035189, 3.954964318350093, 0.47708334904722155, -3.4939034017782573, 2.7002463982925753, -5.370960922333076, -2.900896941359884, -1.9765505482638972, 1.3743501139230507, 0.4486545184537997, 3.290376360416225, -2.1490806858001448, 2.366270480760166, -3.6443116555695045, -1.6136956818854404, 4.006931278038167, -6.483794800466547, 2.4532931691675195, 5.243217921452014, 0.022812367022664905, 0.6100119996154871, 0.4340119429086512, 4.924402446157088, 0.010698956695208357, 5.195720364471977, 5.501754004925108], [-3.797838077080905, 4.2371362664687595, 0.6287319773705534, 3.7674900290040987, 4.221568251505463, 2.637423046083783, 6.592494986017129, -4.725086529352846, 1.5340325729424575, -2.7089058070529677, 1.8439931082672398, -0.0030087466498431113, 4.368425512549943, 0.547874534620986, 7.046469385093118, 5.105862656311221, 2.8937555094108167, -2.353881502545533, -1.1492699171355547, 1.0639014276497987, 2.2332679604764176, -4.276748366287269, -0.2739784738966935, -0.45212166177817054, 7.329621784430746, 2.8661965223680492, 1.0331043984859127, 0.6204493587137927, -3.784195301329734, 0.8086617568415081, -4.3962745333612645, -3.8573795322879008, 5.334589823777975, -0.25921436900744044, 4.689427324408514, -2.1230350993362723, -0.9796855863016893, 3.133848744880653, 2.19001515490903, 0.12028457952166306, -0.5067676224156513, 1.4571735625329931, 2.1035520663553435, -0.45651077427819375, -0.4326944883243611, 1.2845345641140373, -0.8166361148933328, -1.4857560887495962, 0.3274058969487484, -6.2763782596567905], [-0.5042575840118496, 2.124692953467114, 0.48952470812136084, -1.297371721671852, 2.5714726002136974, 2.259241984273335, 2.2569065021241013, -0.028345732588432388, -2.648389721360107, -0.21395935944678815, -0.17585003707125832, -0.5488648068416292, 0.22572465124966257, 1.0806170194852218, 3.718769237922928, 1.32656771082364, -4.968311099268081, 0.1996139336527515, -2.1789913711685704, 0.711336250320416, -3.4812858293530247, 1.798772705331157, -0.22540896513325162, 5.907033161349365, 0.9589196590564595, -1.4516963353812082, 1.7590194668891708, -1.7057196420449445, -0.5898936695631646, 1.2689913061122235, 1.7105407096363603, -2.386928711928614, 0.12168898621033719, -3.445470411963216, -0.8501996758970781, 2.3669177539712347, 0.9743506813863366, -2.3534876565283356, 3.0246107253009917, 3.34864132760201, 3.1678067422650975, 5.275409655430956, 0.5493747407835563, 1.6953726127755082, -2.025669167006797, -0.701105757294353, 1.0617063633636936, 0.07424337521991976, -0.1882170627698744, -2.1039795022387926], [-0.5628113330422145, 2.0044967137323937, 0.4210761710569071, -1.3911900772084413, 2.5124192166940116, 2.2506874342143597, 2.5875354065817247, 0.028122335099974152, -2.7112744880562283, 0.05574221696266676, 0.189893312613177, -0.46854185867887194, 0.010553982394162524, 0.9866072059843064, 3.6560605403157598, 1.4017670859415163, -4.888863583345964, -0.09474201067559691, -2.1445748977328063, 0.743893993415939, -3.445451142682992, 1.977721264971499, -0.25556454138383494, 5.5759377054419215, 1.143252208357179, -1.7579202181869638, 1.6020341880171016, -1.8938741441059281, -0.7554979234933659, 1.0647981302028005, 2.091279877924592, -2.1276567842280127, 0.036290713279883084, -3.631549861383017, -0.45768296708284234, 2.480281619090737, 0.7820354270124481, -2.166822979625812, 2.98487165146727, 3.3250846029033116, 3.1166118646072882, 5.1595447128462775, 0.16129513890767289, 1.9110818412659094, -1.7738529974072508, -0.9236826442783512, 1.0302750361959763, 0.08915558804205835, -0.1613048301084004, -2.097551907662668], [2.4882144500608305, 0.44948616213165127, -0.2911197827778477, 2.2570353235319036, -0.838318680982419, -5.274556402143568, 0.10176555631193286, -2.0574371503540645, -1.3470152339183203, -0.34289763890745434, -2.4174280241295496, -0.3732724370137162, 2.2808613644203737, 2.794306781224034, -3.392342008986561, 3.720056688976911, -1.813507008376645, -1.0462430658721034, -4.140382597603177, -1.4190883564198866, -0.9071196248910629, -2.997387523761296, -2.7307831232076514, -0.3931539750123975, -0.3258299617987699, 2.1032795208711312, 4.042123328902115, -2.48377165637181, -0.22021160760008734, -2.1521050861332074, -0.31367269404715403, -3.1162888660692465, 2.752275848499374, -4.150181347196005, -0.7996971281844224, -1.732007826237388, 5.352704479383122, 0.7591231441999686, 0.4635800293956096, -2.3617148359123035, 4.138059947599988, 1.3732097112555466, -3.365001589715972, 0.19749228855277368, 0.016955195517260616, 3.4901401490493487, 3.908325998813154, 1.4049262678252492, 3.398033024403374, -1.852728278077454], [2.4258814120179473, 0.13573562343226872, -0.11169397939522853, 2.3265286109959136, -0.8467415354808887, -5.6527578404159495, 0.014708675554628401, -2.1667854039161387, -1.4285696443527343, -0.4474207157112352, -2.490144741859584, -0.1773788541149981, 2.1561515030857294, 2.8627280166759084, -3.3224073293252796, 3.974599631695842, -2.0465804047776466, -1.139399711956999, -4.6487782898669705, -1.527044082462879, -0.6859378990215349, -3.1192060464304023, -2.738924420425215, -0.5049537425660521, -0.46962607534866785, 2.1673622217965005, 3.9840610648448394, -2.383787167521469, 7.92686492011112e-05, -2.0836254948859376, 0.166814698007092, -2.909691723256463, 2.779252599029773, -4.182843234471679, -0.7835694104538995, -1.7874640275612006, 5.2296318956962, 0.7252622270627587, 0.49103215113123677, -2.3609352613892614, 4.067325480305321, 1.5532456021688708, -3.319759160271346, 0.2258812321003293, -0.012537949319035825, 3.6399004285644634, 4.015323169570656, 1.4397354803233446, 3.307616602218687, -1.992485996893244], [9.55814880472231, -6.7305984151699665, -1.2811562506679652, -5.195268777765815, -5.053829743503792, -1.1173834478605236, 9.190715721305569, 0.952835049235011, 1.711991808823903, -3.5398612342247535, -1.7582236014031147, -1.4651929588310342, 1.3258524896610908, 2.665757560657144, -1.5937987054242506, -0.6432026484978979, 4.858844692275986, -0.5813609801876796, 1.7233619977061927, 1.5512133067140135, 5.915695909427752, 1.0587670466736594, -4.5930430164124365, 0.3810981866601039, -3.1194367661972153, -2.6458684719211316, -1.795943254328149, 5.926168425732838, -7.318055745591325, -4.355097614938758, 1.5440948120873688, 2.979711948584045, -2.4742241636304323, 0.5954323446113714, 1.2356764989347802, -0.08488988992119474, 2.7283310370994744, -6.709950516630196, 3.123334909329655, 1.9078079944886084, -0.23008942310900382, -6.523111313100583, 4.224986482121377, 2.786936778242381, 0.17413809096875363, 1.5669065315833457, 5.4859678766643425, 2.5061931693324295, 1.7758693841769198, -1.9040504891259082], [4.48976874166888, 1.7887130728440557, -2.9069607686176684, 6.179522063493891, -3.164456845098847, -0.6022346638288318, 3.743117595060709, -2.971724368740527, 2.1856170029061635, -0.795359257813977, -1.7662315145667873, 3.1890701937323644, 2.3211565477922083, 0.6694358524928203, -2.753731030645718, 5.715397563937789, 0.32653406515495415, 3.7579681344390794, 5.114455698127239, -2.3078915685015646, -1.2580988998925462, -3.3540184478173267, -6.472553756100767, -0.7511014688074621, 1.8409762644529242, -0.03248109100945595, -1.345873983874114, 0.5954980447754774, 1.0752410246965662, 1.4980021060762394, -7.995577270677509, -2.224796241401205, -0.6968734586899067, 0.3391933210176971, 5.266776083426967, 1.4097056892874988, 7.454185160252035, 7.546319956086803, -5.833832549835428, -1.3830321406630282, 4.066674462783146, -3.4920849194109804, 5.2745408969717, 2.4734731621444044, -4.035201024719839, 3.9658796199490984, 2.489377692558793, -1.918542974838147, -1.8296218776039337, -2.879913239633197], [2.4318026767930987, 13.69771268411106, 1.801177583289789, 5.955033113065988, 4.750681653746562, 0.28503103266956403, 0.055001885556638916, 5.081976695980302, 1.6823505601275306, -7.598357668570364, 12.326019371198385, 0.21641938576955605, -1.5908173092186175, 3.512820326058192, 1.6983497523953717, -1.671480824285252, 2.0090041468226505, 5.972236069424653, 0.9222952319227994, 1.7589814876334047, 1.4444760735013287, -0.15568698818723056, 3.828552867980274, 1.6878613620530873, -4.194156794092907, 1.7030388793440083, 1.278262665910359, 4.630830833284137, 1.5136291409205476, 0.7517236640668987, 1.0923396049738436, -8.911500591860376, -1.9886129239900554, 5.66144840213708, -2.5721262140378593, -1.720148912050353, -0.3859379997291649, -3.4213866946328757, -0.03365725841669717, -0.09854766367535216, 5.182366444623965, 1.7185265484497818, 2.109018261778511, 0.1374043844900463, -4.165725857761257, -1.9978898802633651, -4.4410634765722365, 2.7515029313108537, -0.10713861201408874, 3.376146775324011], [0.1903985954703536, 4.031993271437281, 8.112519198598887, 0.7594896663345683, -0.21461869939006828, -2.629113344061858, 11.63889315546637, -3.705649325788091, -1.6952940100798164, 0.44122927921222926, 2.8630139021832735, -1.127601664382733, 1.5039509506493813, 0.45106874722146667, -5.2831742013126375, -0.4936617159331132, 2.246116675829878, 9.939026891646343, 2.6871831460101565, -1.6389805968739335, -3.458929489453585, 1.6709413942362275, -3.8280540702343258, 0.413041402339626, 5.683071836647129, 4.054450234472404, 3.7025544697090544, 6.903633014186307, -4.966383793822761, 3.554360115336889, -1.5699518571838715, 3.7208709344397928, 5.225667010486552, -4.236676917587603, 5.100635507283514, 1.4779135948178108, 2.773924502521913, 2.8869153295460563, 0.5997839555991105, -5.9100356569895105, 4.764721538407308, 2.308237735261781, 0.8277627248674857, -2.5837384207519696, -4.4002057965403, -0.3104112097801778, 0.8929675128955529, -2.4423842300255107, 5.361127552943696, -2.8263568125301624], [-1.8019933390974998, -0.04418122042078119, -2.4459729700996555, -2.850437252367662, -0.42490872791966394, -3.4614010645660303, 2.4572409745230153, -2.4584113861553427, -2.7813159010105215, -1.4315527884654229, 1.740442826334933, 0.9259539622581501, -2.0480108531109873, -1.2550261976897963, -1.4776391743130863, -4.793587884086589, 1.292050456807924, 0.040944560196587494, 0.4573817420572, -2.2538318167485776, -1.8526082804185238, 1.0445867417194312, 2.4497690912088728, -1.5255994349986022, -0.6769600005921899, -0.18175404881040555, 3.8401257519194054, 3.750412722443605, -0.18244972317032257, -3.929499022600359, -3.0705348706774203, 2.631647604341506, -0.9346637469987036, 6.044165672074679, 4.378995059925741, -3.7184004787257936, 0.7571553815591799, -0.13288663134626894, 2.2910575140788003, 3.11943352499399, -2.616884451747572, 0.36170904031402984, -5.579339650630825, 0.8928192151621371, 2.27945402568858, 0.571092882849061, 1.7500912438848948, -6.682800806768345, -1.5168986520116667, -0.25437869529429674], [-1.8346162490921323, -0.04857541958379595, -2.341532790879548, -3.0228114365823053, -0.41436980129147394, -3.4867715314534338, 2.4549024186696986, -2.445024573545711, -2.7991631834121518, -1.5640518734608329, 1.6123807585701828, 0.9158787206677991, -2.0633993618134285, -1.274353820622876, -1.502230844550001, -4.725430364561659, 1.26501018036175, 0.020291788330234532, 0.6457364807150229, -2.1689851791177275, -1.8067810496599752, 1.0365258491195728, 2.510903675376591, -1.4933587598638638, -0.621836757933421, -0.20585248922850308, 3.9195813434972817, 3.6271173024195216, -0.4242120361576558, -3.9107359523022103, -3.0520839308843013, 2.5939682579409724, -0.9469430064540671, 5.800263358749168, 4.567976661038267, -3.755121854108857, 0.7331311708285219, -0.17928287683235009, 2.3461710278872374, 3.6343918553197914, -2.622821748476804, 0.3986906305332497, -5.6145688487376075, 0.74524267454442, 2.2165183259469474, 0.47001625565280103, 1.7252491494896711, -6.846049315433615, -1.4744180193080925, -0.2457512657149024]], "Lambda": [[0.44198154135516826, 0.7763806244186381, 0.2829077931472737, 0.7509572145934469, 0.5631891272778378, 0.31535408048841773, 0.3467500762160722, 0.4501928566825491, 0.15817361188510892, 0.6027228250667898, 0.6785842299079389, 0.40414529686373907, 0.27513690489818193, 0.20885353977424184, 0.22341322086481766, 1.3600083896188224, 0.5985647573845305, 0.6206963773624545, 0.2596419043904919, 0.3544945130549654, 0.732287960166807, 0.45565737132688405, 1.482534969607814, 0.3782132639679475, 0.3576060206893938, 0.43139847344248644, 0.6692603965510995, 0.2522407056417573, 0.8686554510830781, 0.1688304402271925, 0.500719992298815, 0.31405495334413164, 0.24026457506640309, 0.5188882283863726, 0.43724443919793216, 0.20381553378517497, 0.35965454749440784, 0.268192032539872, 0.33309720186808767, 0.4194398192407368, 0.6268843715854884, 0.21140667311299388, 0.12476241570271088, 0.4084044858903175, 0.27829042988849284, 0.5861686071351044, 0.5326099385100881, 0.5550249977381286, 0.15750397756494217, 0.3454200700512451], [0.2741682215927438, 0.5343282436164878, 0.3451253441006837, 0.9962352487761413, 0.27663592978666457, 0.6024301565663575, 0.6274093741470124, 0.4551220783742631, 0.37715544989558014, 0.22526409877772025, 0.45865796710835705, 0.40513176217341096, 0.3247736949300072, 0.20529086681553468, 0.22038901009199957, 0.5026474017017114, 0.4670207787229432, 0.6073072307043265, 0.344763818852522, 0.3637020756660811, 0.5825198437572101, 0.2868260745731041, 0.714578841226269, 0.8350606017425861, 0.6181982368459545, 0.4381026445618177, 0.42978692592990114, 0.3216474926999437, 0.41842908236698245, 0.22394203561305817, 0.6722681363053368, 0.17872131005603714, 0.5742725242711959, 0.9561050472629552, 1.158452011127705, 0.4373882811633835, 0.20368965332348893, 0.25994879174456886, 0.43334003735614063, 0.27826747711225974, 0.27865365204734893, 0.38001508275527857, 0.19009330978821457, 0.43795804087231677, 0.3777498735464011, 0.4636185673102819, 0.36581883861182396, 0.625081007736622, 0.4100307437802337, 0.6172274792607402], [0.2617023769381524, 0.3412797101063884, 0.5348018277671298, 0.24712632504067472, 0.3345356783145921, 0.36642319463346934, 0.5779318221415257, 0.2568541809601199, 0.40805575646178743, 0.5001100491580978, 0.8938288019080607, 0.5074605133494327, 0.4359359660145044, 0.5181370674338275, 0.4079705786666683, 0.34288209608085646, 0.3456898570074142, 0.5703592071960378, 0.4595463139114783, 0.6461327832686476, 0.29263105580629345, 0.524792073169744, 0.6549872003563788, 0.4582860534017885, 0.13487525660939026, 0.33817209223633177, 0.37438263411395956, 0.2535922800434291, 0.4460888873587511, 0.3256451255566019, 0.45904366440303784, 0.40368115024493567, 0.49698608153967044, 0.23526397810140448, 0.6400935442357237, 0.7776769423939983, 0.6142392381239182, 0.42387108193498046, 0.3615806294164722, 0.6237585721422951, 0.1673268517958452, 0.3607095941450369, 0.3046586879798249, 0.29993425110467414, 0.8739174812179831, 0.6019193216578969, 0.28549722308614806, 0.32200667309882613, 0.4179636584767879, 0.2694793409050186], [0.38734153187519066, 0.6620253123049902, 0.23835193131775567, 0.26741487463911673, 0.4626198787475076, 0.4085870669394837, 0.46558528392992204, 0.31551126279183384, 0.6485938635598789, 0.19166512186551013, 0.76646698537483, 1.0634634943847765, 0.2129876845240869, 0.26261035018867807, 0.5483209558827651, 0.459910879773725, 1.098891590467485, 0.25196946014165694, 0.7838668111147146, 0.12412991346710038, 0.38464033644468004, 0.5628500316270705, 1.1256356517750084, 0.46189357518455126, 0.2575989839045248, 0.642300127896074, 0.3339755127635449, 0.39653196732054624, 0.5048016141685853, 0.4274848550623823, 0.4639843165263756, 0.21851045282111048, 0.7260822395759909, 0.4006986303046457, 0.42306654404611715, 0.2005161743733916, 0.8631347038683291, 0.5686733684233019, 0.635953690683347, 0.4319689823619145, 0.25586482177559366, 0.9876895738118984, 0.6496743098432105, 0.4436607699099822, 0.7647327867128446, 0.5957663820321986, 0.4352120246434375, 0.28576286851153226, 0.1839345158817394, 0.47120734092585415], [0.7073722762925443, 0.3019731063302265, 0.9164026398138644, 0.7839225988448916, 0.26732380040106474, 0.7443987557759386, 0.3028171691431489, 0.29875940739420603, 0.47016919142685937, 0.5127755966745252, 0.43657566092567185, 0.7567031725671428, 0.8537369907229139, 0.22542462225287074, 0.6399126817770773, 0.6305319599085445, 0.32481002160995087, 0.4372295673562572, 0.5648808679302508, 0.5262720907968875, 0.501584870678517, 0.7225915548680818, 0.7884574250523082, 0.25353515368149604, 0.8283618209458354, 0.4613086967172231, 0.24426678671402824, 0.6177975664642218, 0.22536053218952387, 0.3046191549057851, 0.33570734352614656, 0.4281335587537143, 0.4255022150661711, 0.47514432570149456, 0.3709121167526509, 0.5369888966931838, 0.3481661327810343, 0.28931287150280516, 0.3730825439470634, 0.34607478543063985, 0.37926685064149906, 0.45865356948297253, 0.5831910906754587, 0.2769663521448333, 0.2418851773952693, 0.6278809793946324, 0.6506897458713848, 1.0154769971282684, 1.019967426485055, 0.6870273237980806], [0.7080191929088347, 0.2968704164232415, 0.9270180170467909, 0.7917605893610767, 0.263319471985889, 0.7710601242851849, 0.2949684030911232, 0.29010940911907274, 0.4943386466612071, 0.49443878411327574, 0.4511346375162163, 0.736104358466183, 0.8652613632629326, 0.21438319688566154, 0.6400997707127768, 0.5866688116745913, 0.3222573783169856, 0.4574695982080076, 0.5717287974620127, 0.5270485180198609, 0.4954695635679729, 0.7367217494614534, 0.7668521865047767, 0.25622697565707553, 0.8082025058730392, 0.4731592140283275, 0.2485882476785652, 0.605740532970036, 0.21883061320684907, 0.2949599727657715, 0.345299168288318, 0.42286367454308704, 0.4422022512195201, 0.4939907713247658, 0.356082587629097, 0.5619050105809216, 0.3265319734193714, 0.31688464578485326, 0.3899122867162308, 0.3537906115670888, 0.38197790674842136, 0.4750971894445702, 0.5695617873093309, 0.2708214068459798, 0.23312818889616818, 0.6328401836015889, 0.6424921857367857, 1.0310115384176188, 1.011678789123183, 0.6958261348733765], [0.6605245085299079, 0.3735416249701148, 0.30521156574682107, 0.3388968706032451, 0.41684982073565036, 0.4615316580806383, 0.40767451274326055, 0.29913813740786704, 0.7533447430756809, 0.26092043086196065, 0.5573621290604167, 0.6013617431391605, 0.5730657777372634, 0.2577891266927873, 0.32549508236488933, 0.4670338565380602, 0.3526414137873682, 0.5646320746195955, 0.2712802246558205, 0.2485139292173804, 0.5323435349381891, 0.6614741880283739, 0.227553705116857, 0.31808801915333423, 0.4627511138866966, 0.3862236587398485, 0.4805455096526231, 0.5081845500264159, 0.4759858829956813, 0.3829728853075359, 0.37524139201391327, 0.320856493119593, 0.4351336373553433, 0.26015221623607454, 0.9291155622074497, 0.5095351889595576, 0.38905534700981687, 1.008535715143508, 0.8563725563656971, 0.5424108392510731, 0.5221596811554053, 0.48809550851079486, 0.5578763630746097, 0.35008775490860855, 0.5392712209208418, 0.2614034274576743, 0.6243662492879971, 0.6307464803990894, 0.3226439034837829, 0.7207405113572386], [0.665227949277897, 0.35643696897107147, 0.3024319846963406, 0.3511916847381804, 0.3897086285427678, 0.4580885613849669, 0.4049274831115058, 0.317267189498693, 0.7609625451372939, 0.27011903539742604, 0.5534567163670148, 0.621684014604092, 0.5661779902097098, 0.2580902637087367, 0.3361474756646128, 0.46391596314861244, 0.34884416852297623, 0.5446744007422525, 0.26284855664357104, 0.26139482906233075, 0.5295108653445908, 0.6497430395547559, 0.22532471547493194, 0.3368581176052468, 0.4527011552093163, 0.3870112066430033, 0.48694612016268307, 0.5201444402286861, 0.47133457893763553, 0.3953461180989428, 0.36468872504647626, 0.3139008887369277, 0.43200929339844296, 0.26359846397202774, 0.939379226070571, 0.4987943737620546, 0.403463683499341, 1.0244372926687484, 0.8158274857540486, 0.5459304898317289, 0.5391468053464263, 0.4837897429024186, 0.5511082051622861, 0.3459521084212143, 0.5393070211353198, 0.261860413653558, 0.6166786055759524, 0.6239991822832038, 0.31787068899052445, 0.7335039219515807], [0.23020326269584152, 0.3899950341335312, 0.8408306622607807, 0.512656068116158, 0.23526573885645793, 0.49562089672852216, 0.34789311306768145, 0.41114028247942874, 0.6157047639642017, 1.0572505989986751, 0.5048109628605694, 0.5980007755409775, 0.5907736457972161, 0.3845532043664905, 0.5147330903426248, 0.2793795156605147, 0.13675223612092444, 0.5070850071925405, 0.4785845953112404, 0.5808023114425099, 0.30731204013826074, 0.4329783996417945, 0.6660634287143493, 0.6848450911906746, 0.6353744459431082, 0.4569975265524094, 0.7767650398286681, 0.40065099062097514, 0.31143544422465774, 0.532810068595952, 0.25115370040528195, 0.48664087037862347, 1.2401904022146755, 0.3315668794720131, 0.8229421087212729, 0.2555095740412421, 0.23945640248287015, 0.32549423249465836, 0.8147264434629193, 0.17747150359558408, 0.59172691570022, 0.1034135427306009, 0.38167912110228686, 0.5663615995624325, 0.4981609740570019, 0.2988731949230904, 0.16349369301429353, 0.5367937131691516, 0.34460588697987105, 1.0292272878011905], [0.3010420806705586, 0.37177773028435435, 0.4363199266905324, 0.4608736712702808, 0.35499254445859296, 0.38811665405738816, 0.21399247787354764, 0.47347340555225786, 0.7812931420894905, 0.5385970317963517, 0.16796918047638407, 0.5088364914891844, 0.37179589558212756, 0.43876244818211074, 0.4363250356326118, 0.4369082482688478, 0.33616054730699985, 0.34074195619444714, 0.49571346466132177, 0.3712857157128154, 0.3122545906627194, 0.5220939421332089, 0.32996524291039564, 0.317416987788981, 0.45503135508236414, 0.6961235097445789, 0.6910744146455386, 0.5796576591727262, 0.26979112400309346, 0.603048613646738, 0.31693966188401584, 0.4277302732598616, 1.2024306190936045, 0.4969801283403476, 0.6194888872267933, 0.48445805626338523, 0.6308476504327539, 0.2687255566577122, 0.34003574821487764, 0.2767015878445823, 0.42604395162875686, 0.16577933843902223, 0.28034170964180755, 0.2275019547394354, 0.5808794032410086, 0.5635176534098431, 0.22460754692870277, 0.7215630951179798, 0.21698405138779076, 0.7558437747468435], [0.4811296305893113, 0.30561489770105643, 0.6981288561214551, 0.2834752112849131, 0.4114086114421704, 0.4260360005398968, 0.8124498353572635, 0.35041827621623767, 0.5817075171192828, 0.39078638173013647, 0.28243129773399256, 0.7048434956127702, 0.5236268849062933, 0.36068548157246294, 0.6111017388178058, 0.3303654798303714, 0.7071232185288032, 0.21749057349565878, 0.6601263304333874, 0.5823101381813168, 0.5752067848693079, 0.596765780115267, 0.3409214018926733, 0.7081955823681519, 0.3318079828251124, 0.602271716279904, 0.3165864931137674, 0.34747752907931534, 0.42933814340710436, 0.9135168715459857, 0.37315867696548255, 0.2800969221592167, 0.14592323888272643, 0.2665269902266804, 0.3955787673797922, 0.4241724020495411, 0.21888901872446426, 0.4771561941104116, 0.5011857098585736, 0.5076076874844154, 0.21884207893578195, 0.4141972368726097, 0.2977475209528235, 0.45005530693979656, 0.2835332198220477, 0.680170248759729, 0.36224512047247964, 0.5488887906021369, 0.18732471441502785, 0.4197926962811212], [0.35179062173488324, 0.4746729934171163, 0.273461906976038, 0.5147649048286456, 0.5599290072009283, 0.6885134938751822, 0.15414133142582226, 0.4244113263332926, 0.8958807015220169, 0.7011988462783215, 0.3607103898350876, 0.7194065985234149, 0.7902404263076221, 0.22798960394638573, 0.1688248171949997, 0.5495727370499356, 0.5313158224854254, 0.19252866976326086, 0.5212730794953012, 0.3902746422546771, 0.5179452254393243, 0.5231505798713896, 0.8438080761688236, 0.35857878649496805, 0.47167996302874876, 0.5475112920835394, 0.3120933316130396, 0.198754347506595, 0.15925664678030038, 0.2217718180497013, 0.7805200747950921, 0.23342739957595002, 0.34164588381845407, 0.46321210514001837, 0.4356966408014761, 0.6621342047501455, 0.4437946338359485, 0.3028222612517035, 0.5800301530343935, 0.29200335364695035, 0.32637446281069715, 0.49396332878628063, 0.34845150931657987, 0.2861966194647587, 0.7946986475949044, 0.9462958724367384, 0.37896359446920697, 0.8412459409101049, 0.19521360856443315, 0.19976591144738723], [0.7175713594883008, 0.5494022842293774, 0.28078367697598633, 0.3697523294403513, 0.5039118813670075, 0.4363118429622662, 0.33036809491601143, 0.8715008432473511, 0.694644284277901, 0.3568665689701003, 0.22196653940813596, 0.5591996531426437, 0.6962584307864971, 0.26417886289396275, 0.6085159874827574, 0.4513553415631849, 0.6389702639024348, 0.539166575894012, 0.34082191026611786, 0.24316692732868592, 0.41627774100027637, 0.2645879071424335, 0.2936803867603408, 0.5386359564519545, 0.34423333785923205, 0.3770990880677426, 0.5633784995887184, 0.46720802807441286, 0.17431631429300498, 0.2772050351146936, 0.3694087552891855, 0.3094911223601854, 0.448965900414902, 0.22798267808447847, 0.3345623101566449, 0.3513217596041922, 0.5628017722791323, 0.6161502305613948, 0.7461072655291646, 0.4145132612294478, 0.47690698543487386, 0.4662623925663385, 0.15857126908498229, 0.29211437834173953, 0.30714562782305566, 0.2596437882858921, 0.6112172178459523, 0.2021649631879391, 0.3248946021502133, 0.5082400081880193], [0.7244009605274384, 0.5498363597752833, 0.28530688026288414, 0.3703550254164561, 0.49597094942177916, 0.44043490097288257, 0.33441571593513164, 0.8762073222269382, 0.6910505004596579, 0.35574911360370903, 0.22625087053043044, 0.5546187581866078, 0.6969731075019735, 0.2657217467403087, 0.616871478491811, 0.46746564298988175, 0.6400287556453595, 0.5340417193540887, 0.3295286664792442, 0.24703724613008043, 0.41526844563301735, 0.2704703408460077, 0.2897761769967269, 0.543879544088807, 0.34811018404199817, 0.38679131932505134, 0.5574323835545081, 0.47274993905863505, 0.17465654584134213, 0.2866420082640634, 0.3748672673459481, 0.31708754871131173, 0.459310156915953, 0.23396791286319055, 0.34783029082945705, 0.3555115964160397, 0.5696322522771926, 0.6213905338375634, 0.769457050756001, 0.42607577397918645, 0.4790432752974736, 0.46536277602526194, 0.15586108660998457, 0.2869628008363899, 0.320625008346699, 0.2668670719009863, 0.6083410227959187, 0.20327462394082219, 0.3266153766457003, 0.5124544965035339]], "G": [[0.19940389898670408, 0.08082060171861669, 0.36254718420648613, 0.35722831508819297], [0.22792630399333927, 0.07382703270252743, 0.3528753339885457, 0.34537132931558734], [0.170333768934662, 0.2527669903487634, 0.29291549380249854, 0.28398374691407624], [0.33027897074740803, 0.08676938871005935, 0.2990835288692126, 0.2838681116733205], [0.2300358464050408, 0.10636196324446086, 0.3364035512149293, 0.3271986391355685], [0.18981899139978053, 0.24518586099760142, 0.2853211217985632, 0.27967402580405487], [0.2647345110396801, 0.26219100751187985, 0.2392917289546764, 0.2337827524937644], [0.20585896573789625, 0.08676710008631594, 0.3569360782947839, 0.3504378558810034], [0.3235247423940681, 0.16355225019884745, 0.25904543835092797, 0.2538775690561565], [0.13731517920887315, 0.13145686920622293, 0.37250814608693295, 0.3587198054979716], [0.11995101120772346, 0.11708609131119731, 0.384576842323345, 0.37838605515773327], [0.23402838860424238, 0.11944973668021523, 0.3246046859641594, 0.32191718875138287], [0.09995268528862071, 0.0970345741538978, 0.4067298216815789, 0.3962829188759035], [0.039527135354878555, 0.052872790244019696, 0.4573598199752508, 0.45024025442585064], [0.43524214303482683, 0.13199996264638403, 0.21662466365247832, 0.2161332306663115], [0.20904806467135698, 0.20545977954125166, 0.2927420384577194, 0.2927501173296722], [0.049926962948752825, 0.06623862406932172, 0.4490642480087264, 0.4347701649731991], [0.2970929755996499, 0.29535447052793395, 0.2015378939802873, 0.20601465989212908], [0.3075639676404142, 0.28909687930192296, 0.20658537075139732, 0.1967537823062649], [0.1865464815269719, 0.19313734372237007, 0.3103932349681628, 0.3099229397824952], [0.08745613996942732, 0.16189582613488862, 0.3775818384869458, 0.3730661954087379], [0.39178891754189993, 0.12974351016380686, 0.24313580941582272, 0.23533176287847024], [0.05539143967306119, 0.1102511939877664, 0.42244460622811025, 0.41191276011106176], [0.059740410556615636, 0.08618160727282155, 0.43024541724931226, 0.4238325649212505], [0.10681175084847364, 0.10183189177696522, 0.3989092444201554, 0.3924471129544057], [0.07868398636687787, 0.09803990986072339, 0.4161031419699621, 0.4071729618024362], [0.2522308814735985, 0.2519177023647798, 0.24738414054042834, 0.24846727562119333], [0.29697052730756257, 0.3046646241993629, 0.19931308246985566, 0.1990517660232192], [0.03324562983982382, 0.24895160220329046, 0.3646747088720095, 0.3531280590848765], [0.5348932345410548, 0.1150700543179058, 0.1770660240739302, 0.172970687067109], [0.5510884387789706, 0.07165193264145917, 0.19079996658907442, 0.18645966199049635], [0.0968161350215542, 0.09751676713548621, 0.40723556603154376, 0.39843153181141566], [0.04360414046627099, 0.16662370010622118, 0.40194191294260645, 0.38783024648490183], [0.03951291296637091, 0.10729049503435444, 0.4260248433253047, 0.42717174867396984], [0.11346732392871137, 0.44407136818874593, 0.22552968743522345, 0.21693162044731948], [0.16467076847423698, 0.038410149323668936, 0.4021035866388133, 0.3948154955632806], [0.29596816412967686, 0.3029809859674443, 0.2046037025335727, 0.19644714736930594], [0.20614459766548576, 0.10186243513994404, 0.3501685553656828, 0.34182441182888695], [0.22679679798266192, 0.22503410291750298, 0.2745818653324795, 0.27358723376735516], [0.0673450212113803, 0.09385545243053277, 0.4237660029247659, 0.41503352343332034], [0.12781733214655966, 0.13209285412275648, 0.3741931245069832, 0.3658966892236998], [0.21861146707861795, 0.35549192491722564, 0.21701687385239496, 0.2088797341517615], [0.3296314435480275, 0.3322395303274397, 0.172852064401116, 0.16527696172341683], [0.20163094143483987, 0.13683635625362628, 0.3338788381679019, 0.3276538641436314], [0.057652268751478324, 0.09173803547577226, 0.4314375464975488, 0.4191721492752011], [0.07323868993706209, 0.38311734941301734, 0.2755677361950745, 0.2680762244548465], [0.20249652849168343, 0.20961693613775964, 0.2971773697954267, 0.29070916557513066], [0.2148688652765568, 0.3459011386462244, 0.2200455776285683, 0.21918441844865014], [0.3396162719444089, 0.0907019590619004, 0.2862952473594613, 0.2833865216342298], [0.14338637575464613, 0.4660351519738378, 0.1982306796541155, 0.19234779261740056], [0.08838299795584192, 0.31620319902145333, 0.3003770938942595, 0.29503670912844643], [0.19586293167425906, 0.21441000261861656, 0.2964051223470054, 0.2933219433601187], [0.20336071264592048, 0.20720463416239543, 0.2967334900964325, 0.2927011630952515], [0.06018867747295898, 0.16107721819285675, 0.394758833516256, 0.3839752708179281], [0.10259976761909352, 0.3396464695627418, 0.28316773514211213, 0.2745860276760519], [0.178862487256514, 0.07480240924013848, 0.37589938936776074, 0.3704357141355863], [0.09019034545961885, 0.05330123230871268, 0.4315511664872735, 0.4249572557443952], [0.3730216239498007, 0.09493732616308584, 0.27023335335336396, 0.2618076965337505], [0.16738809127853282, 0.27313788551897317, 0.28223564424085784, 0.27723837896163567], [0.6462037130176662, 0.16180223229442758, 0.09762296623188295, 0.09437108845602427], [0.19244238090626667, 0.15695915860456697, 0.3254045647406225, 0.3251938957485441], [0.19771789846509114, 0.3418930870159836, 0.23341716312892818, 0.2269718513899967], [0.07246472099771736, 0.2855732593607094, 0.32697042129822934, 0.3149915983433443], [0.42151326150605234, 0.14925982024383908, 0.21880761744489016, 0.21041930080521862], [0.19427064111252818, 0.11886696208275772, 0.3465320226355598, 0.3403303741691544], [0.3038837758215599, 0.2864225423465433, 0.2058012797104353, 0.203892402121461], [0.26112926999478697, 0.26499457504115154, 0.2391259075266962, 0.23475024743736536], [0.2452399463305338, 0.23814713803112172, 0.2619916885811681, 0.254621227057176], [0.33470379343374407, 0.08390355003632535, 0.29743677837106064, 0.2839558781588698], [0.16972961975092188, 0.4712091232867911, 0.18311867303524934, 0.17594258392703827], [0.174192523578007, 0.15758981702108737, 0.33668283152003997, 0.33153482788086597], [0.2730145971596517, 0.08436131941182434, 0.32891588121579624, 0.3137082022127274], [0.16352719388556344, 0.1658692741410047, 0.3379394868702925, 0.3326640451031394], [0.059800713453802605, 0.05822862238596146, 0.4469352046376793, 0.4350354595225564], [0.3177586952230536, 0.3151424323465406, 0.18642434353716944, 0.18067452889323524], [0.14356941282580127, 0.164635111263352, 0.35050996117473054, 0.3412855147361164], [0.3451833247677666, 0.07886082748973289, 0.2940611617644266, 0.28189468597807377], [0.10275623285891818, 0.2872141411696224, 0.3111388941227976, 0.2988907318486611], [0.048674366851922474, 0.35125672812025366, 0.3030935047057026, 0.296975400322121], [0.10207357517960616, 0.3496316989821345, 0.2777542330867386, 0.2705404927515207], [0.3053178125397666, 0.04975561789543448, 0.3245942315630203, 0.3203323380017786], [0.21189811595761915, 0.5423682263363807, 0.12382764047395514, 0.12190601723204635], [0.10002039241824422, 0.15246780176685878, 0.376852468584521, 0.3706593372303765], [0.22981338361567055, 0.08905683781712988, 0.34212149120587604, 0.33900828736132316], [0.2659975199217274, 0.2875612818173687, 0.22850805517932682, 0.21793314308157669], [0.21977855460471388, 0.1594052341282249, 0.3103427787862163, 0.31047343248084397], [0.588061462165309, 0.14484512903408436, 0.13662122410892025, 0.13047218469168678], [0.1759584782712578, 0.18081534952075712, 0.32428206170308993, 0.31894411050489563], [0.11157675892263948, 0.2866886305206039, 0.3042824575550082, 0.2974521530017482], [0.33230916203242705, 0.384084618996859, 0.1427895118995687, 0.1408167070711443], [0.1031686704723455, 0.17513604370040378, 0.363266968223933, 0.358428317603317], [0.5636070139412774, 0.05386207225622554, 0.19464003950897088, 0.18789087429352616], [0.1645763421248239, 0.1615749375578527, 0.3402770153347206, 0.3335717049826036], [0.12681745831355928, 0.17056055740976592, 0.3548262767026907, 0.34779570757398365], [0.26207093301737855, 0.10461042551399868, 0.3220293454831242, 0.3112892959854988], [0.1600900931891051, 0.16821091776340638, 0.3415023485736393, 0.3301966404738493], [0.15866411750301476, 0.18991351455263278, 0.3299344280567635, 0.321487939887589], [0.18372567154884412, 0.18866956479783284, 0.31611921146810806, 0.31148555218521545], [0.2950987586179434, 0.12345871409972325, 0.2960130304313595, 0.2854294968509741], [0.2694697843576822, 0.3207417387201419, 0.20729118538854605, 0.2024972915336301], [0.4670152691004851, 0.06271433341196457, 0.2378686987444203, 0.23240169874312946], [0.18829192970111297, 0.3958441920662679, 0.21237491111005535, 0.20348896712256415], [0.37062475929166216, 0.365194120343527, 0.13219958680066107, 0.13198153356414932], [0.09627914401170592, 0.49559809936446675, 0.2083405192845325, 0.19978223733929534], [0.2964459795642329, 0.30453311658024124, 0.20424701537997728, 0.19477388847554863], [0.6349497984635809, 0.04645241897233162, 0.16237669829453918, 0.15622108426954742], [0.25766377446412303, 0.5067593757417488, 0.12018056001404093, 0.11539628978008769], [0.053986489494710445, 0.24233266667175776, 0.3547695643604764, 0.34891127947305534], [0.19390850235173374, 0.20004317711203523, 0.30698663432753864, 0.2990616862086918], [0.36569486010671337, 0.36107343901037897, 0.13713468711757562, 0.13609701376533237], [0.31229003739118566, 0.3127073687715292, 0.188651761743253, 0.18635083209403194], [0.33570636635813605, 0.13478393942856126, 0.2683138795862814, 0.26119581462702157], [0.22040073709085134, 0.07322254627820983, 0.35928366274150686, 0.347093053889432], [0.18794887987978495, 0.18823721620623607, 0.3182768366237731, 0.30553706729020513], [0.21242462366349718, 0.22159720999881907, 0.28793834455211453, 0.278039821785569], [0.03308685131593334, 0.03367917770882722, 0.4695025437304772, 0.46373142724476174], [0.04687242987857285, 0.04867820221625897, 0.45858292986577215, 0.4458664380393966], [0.1355567790005308, 0.0864634818844337, 0.3947144232996649, 0.38326531581537077], [0.1454466030042985, 0.14489165872873766, 0.3616314020217793, 0.34803033624518415], [0.35834482600082945, 0.26386179051284836, 0.18902611120879312, 0.18876727227752912], [0.08919611675289876, 0.5798110240129215, 0.16781981091004727, 0.16317304832413224], [0.15338273083269788, 0.4089092717108882, 0.21983971501955035, 0.21786828243686343], [0.25699665816196865, 0.24585957617196688, 0.2530942187337644, 0.24404954693230005], [0.08858971219862341, 0.4929546201688026, 0.21434546445445252, 0.20411020317812115], [0.3610919780356835, 0.36420880327315797, 0.13962005336753555, 0.1350791653236235], [0.1735811265493506, 0.18011260338127633, 0.32963497757520505, 0.31667129249416864], [0.19727579758678618, 0.39775402122485454, 0.2078364036623823, 0.19713377752597674], [0.18552178664519653, 0.21423901134637358, 0.30487830482850836, 0.2953608971799224], [0.09596891047119566, 0.22566597778700626, 0.3426709321893588, 0.3356941795524392], [0.28610174417603246, 0.292458492976677, 0.2168150376190069, 0.20462472522828304], [0.11357567571783787, 0.384950243657652, 0.25589352649162816, 0.2455805541328823], [0.3751632013053754, 0.08151147556687535, 0.27186401335282445, 0.27146130977492516], [0.36896999099803185, 0.3751548850577759, 0.12840347460929305, 0.12747164933490024], [0.04496423922618359, 0.1541613790320317, 0.4015432348233621, 0.3993311469184225], [0.08694155210597959, 0.08600958833276831, 0.41431231174009436, 0.41273654782115743], [0.04669512323370973, 0.325411697605936, 0.3198046501019699, 0.3080885290583835], [0.171619301257