{"estimation": {"a": 2.187200506740218, "rho": [0.12401478435423077, 0.25747134310291475, 0.2856695216751009, 0.33284435086775344], "Mu": [[6.549812554869948, 1.3080888395599417, -3.857909463183969, 1.231514017123788, 0.8821634103900337, -2.948138524789248, 0.8060565011768214, -6.461804766331628, 3.879555940953477, -1.6549101338581145, 2.1670879674040253, 5.771131540122701, -2.658695912881089, 0.5071073596249485, -2.0998316071314496, -1.0987064016918957, 5.50575335972372, 5.9964651621789695, -2.6965899313889454, 2.4432730455205833], [-0.36903810182507024, -1.154476351421163, 4.185132223458245, -1.7932184042406554, 3.1924319175747593, -3.655808077431167, 2.7496352992106416, -1.8427054437610115, -0.3020348775375093, 3.2082803020047015, -2.1965762814896217, -1.3470065211928592, -0.20231810581038592, -0.9838019775561665, 2.9250049903943016, -1.3633669379049589, 0.3498870094245696, -2.663003203576408, 1.171781479991185, -5.144402937781332], [-1.7900357585769713, -3.0513665170912456, 3.5191277764540585, -2.6099870199713817, 3.096179614098741, -1.6108357903827688, -0.6571035899763819, 0.5652085867089531, 4.4646573950899935, -0.7774908907108201, 1.1015262201017002, -0.7020649792551422, -2.315700515495856, -0.8723305028868332, 1.9038199226536043, 0.711758312509064, -3.2589062597653604, -0.7451110340646236, 0.4809701607569898, -0.047525375446422505], [-0.8473353892075276, -0.733790653856834, 3.649051608201773, -1.9396637436867719, -0.5320322662025198, -5.297913747910447, -0.5042718494776022, 0.35148655238433546, -0.6333099874374467, 2.5811643867599865, -0.783714833417489, -1.1824752404062466, -1.285338456819938, -4.320743571556394, 1.482893826625042, -0.4970146608314799, -1.6341692009801099, -2.3350505576067384, 0.5985003833874517, -4.326360401518503], [-8.268394470048943, -9.854920246038905, -0.1620642290579798, -7.102853083151108, 1.9949610338605375, -1.4512213048621763, 2.066743869522621, -3.763435750996015, 4.38008406097724, 0.5680788369687426, -3.0469419556414454, -0.500185183178423, 0.418505161129475, -0.9589926667864775, 3.521154939402359, 1.0173938887260123, -2.8434286770542476, -1.9579858754819224, 5.826725193075739, -0.6013898437252677], [-0.2659259750568788, -4.680849497751958, -0.0024769333963740037, -6.800168041854284, 2.557136673711925, -4.524088057880169, 3.5033673573938184, -0.16757863025533298, 4.911257085409687, 2.8363401071521963, -1.7624199956131095, 0.29586826738651034, -0.1660433075877496, -0.1887344678598727, 1.4252094644631235, -2.641363535095983, -1.9224268070616013, -1.4257124051618877, 2.462119600236348, -4.9356321167240464], [-2.4456807437558696, -0.7648144335745971, 3.7317840086203913, -1.802339413303114, 3.454176793510323, -4.09184729103999, 1.437672395206076, -0.29772387083205665, -0.2094844083888696, 2.99349381672391, -1.0967726685936239, -0.8617971833425767, 0.0637260206385601, -0.5226535381425724, 2.8496808842381176, -2.19964317829551, 0.23465210828501235, -2.348637755475527, 1.178477475872715, -4.870790325991203], [-1.2406708826976078, 3.4295442234009963, 0.6867239884475701, 5.122664472619009, -7.4105577310281845, -0.5456959911584095, -0.7263195355043062, 3.723959784223061, -0.14382023825672344, -3.338153463026511, -0.3905589058022138, -0.22219030012944813, 2.7113595828625914, 1.1010365574545142, -1.5082014335982412, 0.6725410218259138, -0.7763774052447624, 0.1924699383864827, -8.445266636213988, -8.466720878567363]], "Lambda": [[0.10179203302800498, 0.22749960478662476, 0.3624349205538264, 0.13931731970003347, 0.2770632123710787, 0.17471889682709316, 0.28417276551267323, 0.06275047419430631, 0.38916594956078343, 0.2381622924185474, 1.071236398008106, 0.44471876717336345, 0.11613332701314935, 0.48668023075661815, 0.7381366153939484, 0.7705583779332507, 0.1441835650171253, 0.5470687313989017, 0.36367257413836374, 0.22566440803773344], [0.48119045515473846, 0.7493328319919749, 0.3062371371879579, 0.39971653300285204, 1.2151762714938215, 0.30099417455066896, 0.33863300799130136, 0.41041512214921355, 0.2896752657438032, 0.1880301195027465, 0.7379144985285425, 0.6347350520961821, 0.4453214365841923, 0.47846612742749706, 0.6133925304802258, 0.2607421953364696, 0.5305705978563476, 0.5220859250569303, 1.1040096792697232, 0.24877938935993776], [0.4023462553833182, 0.3439448267813026, 0.3302596572902007, 0.45111459900310474, 0.38186035517012373, 0.34888617572483693, 0.4698763704019531, 0.7214124935212277, 0.3692099463066065, 0.6734833680006613, 0.6262277471452316, 0.22368336930999533, 0.5187005532286338, 0.6454211591325724, 0.4269949039653468, 0.7876451929840748, 0.5530469701975221, 0.48343032817043297, 0.4327359219487438, 0.3300547830517322], [0.36651294694758246, 0.6478030289505369, 0.47515498921586247, 0.22565429367726977, 1.3674855445039011, 0.22641074585281445, 0.35953754131033494, 0.5842244459423398, 0.351191617630152, 0.19386186438645556, 0.8653348300289823, 0.5232328646910048, 0.37772799670397456, 0.5650402459832243, 0.450466681757536, 0.29359638552347067, 0.42538650395561983, 0.5715829433145981, 0.5567231443225775, 0.25312807998482584], [0.21503172828260636, 0.5042740320702614, 0.36431564530796506, 0.5830908913729117, 0.2466662197127831, 0.5620936334114273, 0.3119921324693553, 0.1823624221138159, 0.3467985901757957, 0.2974254318153148, 0.4636787241803517, 0.7465220342540073, 0.6133222297341399, 0.5702225675572014, 0.38309161838087286, 0.43111965908134897, 0.3862731562770152, 0.30462888669056337, 0.17191444446788237, 0.687515398628132], [0.19890211526357912, 0.3524421387716314, 0.2650279953158346, 0.17143244087790255, 1.0208755450494205, 0.24605675262123436, 0.3111167513964613, 0.4018259829986822, 0.17492390871584435, 0.32640879477059564, 0.5252724346039196, 0.3965393050344852, 0.40255472198773684, 0.43331391254925344, 0.3624661869481231, 0.22943766870733254, 0.35119958883097424, 0.31597680052190086, 0.6858036804066122, 0.23825294849717865], [0.32949671667949837, 0.7223714436550173, 0.3183978009990748, 0.2830248295347175, 1.502477797217918, 0.2524224588331855, 0.31240906991311806, 0.4762942608573066, 0.18875495241468376, 0.18223558782617938, 0.8125804584570401, 0.5497470406501391, 0.542796037785408, 0.5500396646421252, 0.5301766986510714, 0.20796938460377534, 0.46397763045659823, 0.4228946373035572, 0.8939278652250572, 0.2270375142645834], [0.25628199363760723, 0.09751157899894254, 0.5039701164730462, 0.2767305511996666, 0.07442891645880845, 0.45288718560132674, 0.9864590531591578, 0.17577258823165515, 0.2862319710972089, 0.3150137265068416, 0.23630240537409958, 0.19738981127479488, 0.2125168357253135, 0.7584544441422674, 0.20571513881001682, 0.284746892414782, 0.14475735874733936, 0.10116180426998332, 0.1055117218166084, 0.10697407664890494]], "G": [[0.44707124225255407, 0.22435214022126945, 0.2705920818622915, 0.057984535663884965], [0.11350728965106963, 0.4004188337552192, 0.39427759372542454, 0.09179628286828655], [0.06894406601234164, 0.3306164698185728, 0.38401003477200124, 0.2164294293970847], [0.13439605616522285, 0.24596340205055287, 0.2958425689176737, 0.323797972866551], [0.31304286024696004, 0.20505976871301634, 0.20829256097172624, 0.2736048100682975], [0.028963228942483293, 0.09576501764499981, 0.08056814130932795, 0.794703612103188], [0.35352240568895404, 0.18528910898000886, 0.2046859236238234, 0.25650256170721397], [0.028513713760997806, 0.24116426223749496, 0.22028787094795735, 0.5100341530535496], [0.01663424161926671, 0.43617267646482016, 0.4361186802292277, 0.11107440168668568], [0.023255881897330986, 0.09823875581998781, 0.10518741523919636, 0.7733179470434851], [0.17483067012082687, 0.244508375784433, 0.39631347446856025, 0.18434747962618], [0.07375001742936997, 0.2047995568183708, 0.28377899337730056, 0.43767143237495854], [0.14881230694846664, 0.375229930702566, 0.39982805827587437, 0.0761297040730936], [0.013014485919817643, 0.17372212376790105, 0.19975499795928933, 0.6135083923529917], [0.013091636726504029, 0.13531021989206554, 0.1383141614435512, 0.7132839819378793], [0.023443545381610486, 0.3247107702122592, 0.37576654804497905, 0.2760791363611514], [0.1110395156714804, 0.34192544383662, 0.4365602947337748, 0.11047474575812433], [0.08271645141574949, 0.24248984428639253, 0.2886476861213973, 0.3861460181764603], [0.12342778025502549, 0.4149282713325617, 0.3921262707191757, 0.06951767769323787], [0.09735150527352458, 0.08370347569128514, 0.16947399150588868, 0.6494710275293019], [0.07628847555821812, 0.3333964889375396, 0.35188131822625857, 0.2384337172779837], [0.06571305926029168, 0.3660692183406853, 0.30327588589752313, 0.2649418365015002], [0.18660267336570913, 0.3288513185754182, 0.3862196767865475, 0.09832633127232507], [0.01508862832939251, 0.30065800044868957, 0.34272193448528554, 0.3415314367366326], [0.036457010871229635, 0.06283827275409697, 0.10815178597204003, 0.7925529304026329], [0.022287435084897368, 0.24451610591591225, 0.23835859028438544, 0.49483786871480456], [0.11197528236374277, 0.1345706016071041, 0.16251194455703089, 0.5909421714721227], [0.3120269687129958, 0.14749499053243464, 0.21219006956846823, 0.3282879711861015], [0.2892409151840555, 0.09430460286272577, 0.411279293961152, 0.20517518799206652], [0.035007369918171376, 0.15504403018338525, 0.10988788429623066, 0.7000607156022131], [0.033413842255417894, 0.4029339916421312, 0.41791938722691235, 0.14573277887553873], [0.05888107463407733, 0.3253888833294284, 0.3559993526041971, 0.25973068943229766], [0.023425113234926135, 0.20048104830795882, 0.23637206778282166, 0.5397217706742927], [0.24137012417376377, 0.41247847628102935, 0.19036516506102688, 0.1557862344841802], [0.08192746900083046, 0.30989790470896406, 0.3555053849586515, 0.25266924133155333], [0.02946434895777346, 0.32329909232592563, 0.33557706722497027, 0.3116594914913309], [0.03202494505842878, 0.4170846439563374, 0.399467500531312, 0.1514229104539212], [0.13221466039774984, 0.1306850561184546, 0.21580492166846893, 0.5212953618153259], [0.020896297866486953, 0.06874280323316126, 0.07030704884079082, 0.8400538500595613], [0.02061202411782609, 0.31725584985013117, 0.35492625647799625, 0.30720586955404616], [0.29398366166794265, 0.17800807853731485, 0.4207144865758788, 0.10729377321886359], [0.023828476830728054, 0.03322335789956671, 0.05200465432298526, 0.8909435109467184], [0.0444971992490614, 0.3654977054701452, 0.4183206747924379, 0.17168442048835553], [0.36426348004289333, 0.10699542164926361, 0.17710367137195634, 0.35163742693588745], [0.29857947290814374, 0.13705830847445796, 0.4349994675188896, 0.12936275109850912], [0.0184537279904999, 0.16991753259048167, 0.19372249946802828, 0.6179062399509898], [0.15676377640876119, 0.1023761521311045, 0.21836207147656425, 0.5224979999835695], [0.1494930563957496, 0.3443033482899804, 0.14557228557519514, 0.3606313097390745], [0.1346292313019998, 0.2633729437016368, 0.41374415447709273, 0.1882536705192705], [0.13836516744485605, 0.5004594664220436, 0.2707079334165033, 0.09046743271659716], [0.046732627997038645, 0.2641147353345573, 0.23292908809645127, 0.4562235485719518], [0.13091267718009372, 0.272683513931827, 0.35229447075979914, 0.24410933812827995], [0.024388048675295402, 0.10629778309554998, 0.11453113069348483, 0.7547830375356708], [0.19991173630994144, 0.3448807312041675, 0.2658555573080735, 0.18935197517781793], [0.34496792750719474, 0.425731949490989, 0.06017202330566356, 0.16912809969615358], [0.1593817327963788, 0.3066613278664101, 0.32690166891510186, 0.20705527042210964], [0.1939954439059218, 0.11738301345989045, 0.3564638769240351, 0.3321576657101525], [0.021794441403355437, 0.3685825855470446, 0.4139081751752676, 0.19571479787433244], [0.008566411031404044, 0.2839771949729849, 0.3030171140146887, 0.404439279980924], [0.13070232492550657, 0.27896249527126665, 0.2838199795146827, 0.30651520028854334], [0.1304578226512057, 0.26681689247549817, 0.2524583750733884, 0.3502669097999081], [0.0463784461480345, 0.38370349372718, 0.37856385029337686, 0.19135420983140877], [0.07099194697995508, 0.18618245330164204, 0.24343517494961595, 0.4993904247687876], [0.03964595562534246, 0.1980156523653394, 0.23077960118695734, 0.5315587908223608], [0.03162787304250153, 0.08322659327820767, 0.06550880716452745, 0.819636726514763], [0.2608002466317969, 0.15550458779053247, 0.4038584520448316, 0.17983671353283906], [0.09353161666410963, 0.4777074197235841, 0.3338633163019072, 0.09489764731039875], [0.3663927608202763, 0.4160070485806223, 0.0216542730216002, 0.19594591757750118], [0.04787591444327607, 0.14877597090881606, 0.17244406424462452, 0.6309040504032842], [0.25499955785764367, 0.17557818505588474, 0.4151492554142086, 0.15427300167226282], [0.05171097466723826, 0.23893892129581462, 0.2363098630323245, 0.4730402410046229], [0.07117660869400397, 0.29209294926478835, 0.3289195538688663, 0.3078108881723409], [0.04526383643927475, 0.30896624265744865, 0.4125918427390695, 0.2331780781642071], [0.04722247439014597, 0.3071162185787856, 0.3420888207716585, 0.30357248625940964], [0.06028152083182603, 0.4073358088687747, 0.3029407446999317, 0.22944192559946758], [0.033153565793987934, 0.20530843703924428, 0.15481274492716648, 0.6067252522396009], [0.13597626939473517, 0.31081468561497855, 0.4351085724594084, 0.11810047253087773], [0.21081536961280944, 0.23963460030642394, 0.3937966462865647, 0.155753383794201], [0.06551111757423451, 0.3596941923791914, 0.4372312398180601, 0.13756345022851416], [0.017225245639759298, 0.38319781703682027, 0.3691513019853885, 0.23042563533803279], [0.025990788152634847, 0.39076207774108707, 0.42017252804488475, 0.16307460606139368], [0.06821486124936404, 0.14136284285336884, 0.19619542502034662, 0.5942268708769208], [0.12992461156383858, 0.18327578941205616, 0.3422162507266771, 0.34458334829742787], [0.3241354803027298, 0.37720348232005213, 0.10374592969441453, 0.1949151076828034], [0.00934156495830834, 0.10851634097997148, 0.10612658071067901, 0.7760155133510405], [0.11967278290700886, 0.07994474296733126, 0.22957097174146862, 0.5708115023841912], [0.17419583552090676, 0.2938059706747337, 0.4565107122453439, 0.07548748155901501], [0.0704403206831028, 0.43117171855519576, 0.3995679697412691, 0.09881999102043294], [0.08447128930743084, 0.3425166241022518, 0.3756257598442996, 0.19738632674601758], [0.010380615677021518, 0.05863680630635843, 0.060837709726574714, 0.8701448682900439], [0.19982728023619709, 0.166495726030165, 0.37239994950789773, 0.2612770442257409], [0.175771190336149, 0.14030890354208417, 0.18756475428890756, 0.4963551518328597], [0.2697153419684262, 0.4110307983644469, 0.16798706762303603, 0.15126679204409083], [0.026414917890459418, 0.32552889383678235, 0.3413544720567056, 0.3067017162160514], [0.016142058048677927, 0.4399027946651666, 0.46431080226762256, 0.07964434501853311], [0.2937663538331314, 0.14229241452476346, 0.19269606596179076, 0.37124516568031446], [0.06897107383221115, 0.1908958523131866, 0.293324964909286, 0.4468081089453175], [0.23490393857539052, 0.17798292822420234, 0.38727805603176896, 0.19983507716863824], [0.019263012401196447, 0.06488785117172596, 0.06833495642455012, 0.8475141800025267], [0.04009157845183321, 0.39728584046187293, 0.35805938441870394, 0.2045631966675897], [0.038456939926994095, 0.4276587299119775, 0.43253984708683785, 0.10134448307419022], [0.15651016301548737, 0.30042008974066564, 0.4210013658620765, 0.12206838138176991], [0.04436242806786638, 0.1354432670475415, 0.20358167467641863, 0.6166126302081725], [0.08394607306379072, 0.3271930250627396, 0.39032217604704467, 0.19853872582642443], [0.02268317133416896, 0.40940805516655754, 0.4548295805719584, 0.11307919292731625], [0.08281581065106905, 0.4434733407504387, 0.4251172749527176, 0.04859357364577542], [0.07696798991386157, 0.21306549561433763, 0.3439469119135471, 0.3660196025582541], [0.030925913478293363, 0.3091849484112652, 0.2751079434144299, 0.38478119469601085], [0.09489110476679415, 0.30033052912912667, 0.26122974353804507, 0.3435486225660341], [0.2736953329074217, 0.11674088313664802, 0.40094591498368837, 0.2086178689722425], [0.03104494783336338, 0.12737367654564297, 0.13418289020284271, 0.7073984854181506], [0.3376692359242127, 0.08926659208672966, 0.43018072148965947, 0.1428834504993986], [0.26115707753036277, 0.34373133977135345, 0.09215123438154876, 0.30296034831673446], [0.02953267669846227, 0.42455710227398585, 0.4932473853714968, 0.05266283565605506], [0.05236485803729764, 0.39612166218336586, 0.43744385594722096, 0.11406962383211544], [0.07393392932893501, 0.2506251671244205, 0.20269757531873514, 0.4727433282279097], [0.17579817137683867, 0.3771884758580409, 0.2921913500588833, 0.1548220027062368], [0.16113550819620934, 0.1041147391812002, 0.2830534814396486, 0.4516962711829416], [0.20577165991222549, 0.2501422757144729, 0.4139735029465657, 0.1301125614267358], [0.18254121685938235, 0.3009251975424895, 0.1830724396916143, 0.33346114590651343], [0.40835768316944066, 0.2166503590604739, 0.26742578014348545, 0.10756617762660038], [0.1621482484277173, 0.09792766530346562, 0.1533137463656714, 0.5866103399031457], [0.11339704918404854, 0.19543648460435983, 0.2742667074544574, 0.41689975875713414], [0.031682953969988686, 0.44399478783040514, 0.4576718783364144, 0.06665037986319222], [0.1202250363902174, 0.30408481770888734, 0.4332175203578496, 0.14247262554304527], [0.11515570504174188, 0.26293690933435043, 0.3138357092684988, 0.3080716763554091], [0.18950949910972606, 0.028528031561728444, 0.03964674381171945, 0.7423157255168253], [0.5604901136617297, 0.057067108612736915, 0.07526191562891847, 0.3071808620966146], [0.4129862200444111, 0.47037648420244654, 0.068869603684261, 0.04776769206888186], [0.10365494532242141, 0.34318794709420436, 0.40724709641595247, 0.14591001116742172], [0.04948943954102666, 0.36493992977537054, 0.4355960115534226, 0.1499746191301801], [0.13556475038320456, 0.2882864230524769, 0.3699807912636775, 0.20616803530064093], [0.24335358374822574, 0.15857856458347566, 0.43797123102468233, 0.1600966206436156], [0.26538078704459717, 0.16715512499234722, 0.43807076574555487, 0.12939332221750088], [0.013010800337428106, 0.45044522767374984, 0.47420269497380035, 0.062341277015021845], [0.027559374785372386, 0.3561197378508041, 0.3349259712472227, 0.2813949161166006], [0.09858438704921237, 0.15249427301104165, 0.2649497067419359, 0.48397163319781034], [0.6795816006086428, 0.031878166978137605, 0.052137813722220795, 0.23640241869099862], [0.0685263290046993, 0.3820409570587776, 0.43538947663915434, 0.11404323729736747], [0.038480219387231125, 0.1919203287011759, 0.18147337537424643, 0.5881260765373466], [0.09001698370366167, 0.07655872496206641, 0.18364415572699536, 0.6497801356072772], [0.03198086361874508, 0.24463912980125693, 0.2910728450720008, 0.4323071615079978], [0.026698853095314196, 0.36893640869984506, 0.49683968983206683, 0.10752504837277357], [0.043031958984686286, 0.42328451519600624, 0.46199893652142726, 0.0716845892978803], [0.32456347322857765, 0.08380177721575052, 0.11144338101958257, 0.48019136853608874], [0.009216643391730107, 0.30221756905780406, 0.3050239446457473, 0.38354184290471977], [0.3885614865386213, 0.48500389622696743, 0.10538409050504124, 0.02105052672936984], [0.39083210126739276, 0.04379047130235369, 0.07495411988930703, 0.49042330754094615], [0.15116167932585237, 0.12684969505851842, 0.30120263809511, 0.4207859875205188], [0.11490669386526471, 0.41079336180905757, 0.3714305752659458, 0.1028693690597319], [0.05303322363254953, 0.24310636296448518, 0.1515918626573603, 0.5522685507456045], [0.027290078009486622, 0.10323041176161481, 0.07241362199947103, 0.7970658882294277], [0.08283767513773416, 0.2658195173629677, 0.19221574897541707, 0.4591270585238811], [0.022966702264454214, 0.15891127467230018, 0.07715862881050793, 0.7409633942527369], [0.06549901911753453, 0.30255682979487636, 0.40484121172644394, 0.22710293936114553], [0.36245805321167057, 0.39474263224449874, 0.08160671118707871, 0.16119260335675226], [0.3265371498079804, 0.07574331271463762, 0.4041025619974811, 0.19361697547990125], [0.16330471782382414, 0.414075063547111, 0.24146326754471503, 0.18115695108434993], [0.024367089616640386, 0.12017643466811331, 0.06578254265987446, 0.7896739330553727], [0.029195675909753957, 0.32400299809982086, 0.3261667102727015, 0.3206346157177244], [0.08542865593288387, 0.03926697956337524, 0.06231323386142996, 0.8129911306423108], [0.423406577285951, 0.07940968947162283, 0.0888223538426393, 0.40836137939978684], [0.13458017737278233, 0.20738971106817006, 0.3313375953914317, 0.32669251616761646], [0.013292671982807848, 0.44438551721805153, 0.45060401268171646, 0.09171779811742353], [0.021840677349872606, 0.38616653187871597, 0.39431550767950785, 0.19767728309190438], [0.04823341661507181, 0.2662730206412626, 0.2864524559014367, 0.3990411068422284], [0.09223816775993705, 0.25493049753496955, 0.29573969167327113, 0.35709164303182345], [0.16314228408379722, 0.12474542305585479, 0.2847063380398181, 0.42740595482053123], [0.1409480340637928, 0.2818045706702886, 0.16064619025005034, 0.41660120501586784], [0.017558699208955676, 0.4275659311234207, 0.45572933989828635, 0.09914602976933666], [0.17989804173005028, 0.14080920613860584, 0.30123903260456103, 0.37805371952678296], [0.0700578741024257, 0.3329075505815888, 0.39243755897239047, 0.2045970163435956], [0.1292190002415999, 0.40650729422227383, 0.4108734396151189, 0.05340026592100739], [0.11822580535108493, 0.38797430368497887, 0.38608838055121203, 0.10771151041272436], [0.27910073937984764, 0.2859924614673769, 0.34025906108457604, 0.09464773806819983], [0.37349094138937833, 0.21760795708143257, 0.22962382813356216, 0.17927727339562696], [0.3033597276150001, 0.4425182709406205, 0.18439233066544944, 0.06972967077892932], [0.05857250278599176, 0.41354569467255464, 0.40498180513261683, 0.12289999740883595], [0.0688989690894141, 0.42785727629701287, 0.4358140151822309, 0.0674297394313426], [0.02005582586160866, 0.3766809442315322, 0.4025630356567548, 0.20070019425010385], [0.06344014805269779, 0.0970537033868537, 0.20062124376881613, 0.6388849047916322], [0.0274517180018935, 0.17407479854827707, 0.1726628547600464, 0.6258106286897819], [0.055004678980465925, 0.13179104812616976, 0.22048355438701914, 0.5927207185063454], [0.06623886929206727, 0.34005358241110906, 0.336651290533971, 0.25705625776285274], [0.2107842609644149, 0.324296440230753, 0.3431747333330019, 0.12174456547182962], [0.29290938358823065, 0.13333510667748863, 0.17878083301158537, 0.3949746767226952], [0.22538764763505248, 0.10348976543445759, 0.2910380089163499, 0.3800845780141402], [0.04637603137612633, 0.17975640440515, 0.16696781354916299, 0.6068997506695613], [0.08952991235744812, 0.3068552633365926, 0.31115271097142827, 0.2924621133345307], [0.017487015371380293, 0.06996283614584643, 0.06035884685216392, 0.85219130163061], [0.42261340274181747, 0.03462557120840432, 0.04513077017559657, 0.49763025587418097], [0.015453451601201987, 0.34547411805928796, 0.3623669348143767, 0.2767054955251335], [0.006790471014042675, 0.46274266054849017, 0.4966820040033597, 0.033784864434107574], [0.27724024356701443, 0.30013141939236154, 0.3759786658818986, 0.04664967115872515], [0.01975148008956167, 0.4383130280396359, 0.47196919615439714, 0.06996629571640577], [0.044962479934796254, 0.10916786676803657, 0.09284442294749298, 0.7530252303496741], [0.14837932168696025, 0.10920873451999706, 0.20531022527035384, 0.5371017185226885], [0.26359628904945714, 0.16794315420075498, 0.4260403032499855, 0.14242025349980356], [0.03191646663882641, 0.38554597849681554, 0.45438859230319234, 0.12814896256116554], [0.04109318379746531, 0.11601315401805437, 0.15395481843883937, 0.688938843745642], [0.28299319839293335, 0.21597653312636536, 0.4658559188048662, 0.03517434967583516], [0.1476123671666236, 0.16165970353485226, 0.3072791719095204, 0.3834487573890048], [0.10582659195394113, 0.24063288561579438, 0.26864152335762603, 0.38489899907263875], [0.08672886017482917, 0.26817308884615043, 0.32692448729983087, 0.31817356367918914], [0.11496851182248213, 0.09698885917587438, 0.12277379406861257, 0.665268834933031], [0.023132515135594445, 0.11935552323401691, 0.13058523273942083, 0.7269267288909665], [0.10133036357079267, 0.30876391216683957, 0.35870796767820134, 0.23119775658416616], [0.01633028053441934, 0.39572760303645915, 0.40936807962740557, 0.17857403680171574], [0.16037749831427223, 0.03398066895686302, 0.1898005682944878, 0.6158412644343771], [0.0787968685177224, 0.35260114668530285, 0.44394880619711785, 0.12465317859985647], [0.012725400135315453, 0.473157147568336, 0.4809416378678092, 0.03317581442853871], [0.053260432247482364, 0.3342849084239334, 0.3886311234391081, 0.22382353588947593], [0.06348031828333665, 0.4051263214840286, 0.4548436850681748, 0.07654967516446023], [0.12423555108733042, 0.17793664463541597, 0.1624144506151074, 0.5354133536621456], [0.01894918674686363, 0.12774021356521087, 0.15087028884033565, 0.7024403108475907], [0.3150194662023369, 0.12696960934777102, 0.1414815490122142, 0.41652937543767804], [0.03109277188530556, 0.25075949653517415, 0.22055351514679555, 0.497594216432725], [0.23297851394770563, 0.2873839860791626, 0.06700554699454064, 0.41263195297859045], [0.09966493115498913, 0.34912169434829743, 0.3472746096465494, 0.20393876485016457], [0.22811808175828616, 0.06719709446876813, 0.2766981994194303, 0.4279866243535149], [0.03895797639980602, 0.26523263037069167, 0.24520125280893845, 0.450608140420564], [0.04853304968695983, 0.061864615690684494, 0.11247860385108707, 0.7771237307712694], [0.08238611129998696, 0.2626612507236908, 0.3152846378334875, 0.33966800014283494], [0.02470069869301726, 0.3239949751083832, 0.3465089329949932, 0.3047953932036071], [0.12870882878732504, 0.2611055002796452, 0.4059202997161546, 0.20426537121687546], [0.139357410891516, 0.3813722430953879, 0.37299036554829323, 0.1062799804648025], [0.11309189969554696, 0.31177742736330455, 0.4341268111003281, 0.14100386184082112], [0.04667284080374621, 0.41149679554272606, 0.43817567064271895, 0.10365469301080928], [0.0276516374953613, 0.24071023629451266, 0.27730553905444205, 0.4543325871556845], [0.18543999751315213, 0.3416774767352044, 0.14737369730004443, 0.32550882845159906], [0.1671683263493999, 0.07733479882798307, 0.2264554407526235, 0.5290414340699925], [0.13062265556692018, 0.3474454053803716, 0.42865392752554815, 0.0932780115271602], [0.04209550745807249, 0.11392482207937622, 0.10217841730301996, 0.7418012531595319], [0.10073480194171984, 0.34831627183600417, 0.4256381960880499, 0.12531073013422597], [0.23580668997980067, 0.3872725944761185, 0.29000189796789544, 0.08691881757618623], [0.035835342658841744, 0.27063745220579244, 0.2867289730629793, 0.40679823207238636], [0.024058273491159892, 0.4509785141217987, 0.45799372009648437, 0.06696949229055665], [0.027523649880370864, 0.42438917882206856, 0.4652784838600089, 0.0828086874375519], [0.049998512229129856, 0.4571683475667383, 0.39107540608841657, 0.10175773411571541], [0.011078884726520086, 0.4581622711304586, 0.43942188291156764, 0.0913369612314545], [0.12320164105359606, 0.14157832075840715, 0.30817612334842154, 0.42704391483957466], [0.011334166567970577, 0.2669122114191507, 0.30769438026136964, 0.4140592417515094], [0.28360654424980186, 0.1721508806635115, 0.24071115694426945, 0.30353141814241685], [0.21194988546044186, 0.4213974689568379, 0.2087883866428128, 0.15786425893990752], [0.018039076810140834, 0.07988540034757072, 0.0683080094058458, 0.8337675134364422], [0.06425357311257618, 0.4070985708288368, 0.40549818370190743, 0.1231496723566786], [0.038911900125249865, 0.11973818973037748, 0.073360584784482, 0.7679893253598894], [0.6994533610794729, 0.07826928018253412, 0.1752216736488677, 0.047055685089126324], [0.015339365473229175, 0.45739578179420826, 0.4927264078534313, 0.03453844487913166], [0.0835950566903948, 0.28908392752933054, 0.38462323416041705, 0.24269778161985817], [0.017884577431770052, 0.3976848205565675, 0.4927426741523933, 0.09168792785927002], [0.40603707200665706, 0.06721119198606539, 0.47387879315019715, 0.05287294285708036], [0.1563478662075125, 0.3644714714277241, 0.33740502584028165, 0.1417756365244809], [0.015208557490364904, 0.33015381683515127, 0.34780566777965677, 0.3068319578948263], [0.08905086349893898, 0.4674717769327275, 0.3946185991516013, 0.04885876041673198], [0.16519870335911543, 0.18440180623131658, 0.23637632189855196, 0.4140231685110161], [0.0150053922160998, 0.19353017122965008, 0.22216720262664935, 0.5692972339276006], [0.3055180517153273, 0.18618085133759857, 0.2016777261621459, 0.30662337078492835], [0.06439472440394389, 0.28532469471671834, 0.3179235387846034, 0.3323570420947337], [0.046043513277950324, 0.05078158175712197, 0.08114305479489546, 0.8220318501700317], [0.03319670972664036, 0.26359993613726534, 0.3138352262430945, 0.38936812789299924], [0.030553033641665554, 0.42344189474639526, 0.47443630492031175, 0.0715687666916269], [0.02858117234740687, 0.34665352670358646, 0.3657072934598206, 0.25905800748918595], [0.02085189369440624, 0.4505701324316722, 0.47951375666665363, 0.04906421720726748], [0.05974360095091688, 0.15384691528791433, 0.16246392154432854, 0.6239455622168395], [0.03316725306393551, 0.2834071470299067, 0.30869859846483716, 0.3747270014413197], [0.020558045246405615, 0.1857584244823449, 0.21591505386934606, 0.5777684764019033], [0.2606619945097704, 0.40783084488510524, 0.18724053191865672, 0.1442666286864676], [0.15630708934945692, 0.02440817354140487, 0.042228790698078444, 0.7770559464110612], [0.1372742521738728, 0.26000041204284735, 0.36497001375478444, 0.23775532202849575], [0.4565585247782755, 0.15882353808511196, 0.2137531771350176, 0.17086476000159467], [0.02307708347676034, 0.2366583120414176, 0.23948053420493637, 0.5007840702768854], [0.24482238320528824, 0.47769424785105674, 0.1803800498771714, 0.09710331906648316], [0.35236277042686687, 0.11526729977889318, 0.4557152729985063, 0.07665465679573331], [0.12698715148995401, 0.3835283861210039, 0.30881516293868344, 0.18066929945035864], [0.08643283249434819, 0.21395135410340435, 0.11587652019467591, 0.5837392932075717], [0.0472239565412192, 0.06728242176396211, 0.12632402947543853, 0.7591695922193796], [0.13301614948607554, 0.31009235024253223, 0.40647021904097386, 0.15042128123041815], [0.21829411555564057, 0.192639671371283, 0.4445811028955458, 0.144485110177531], [0.22801484195326036, 0.4115501729417134, 0.2600844958863048, 0.10035048921872107], [0.1271135109092909, 0.1656797181774065, 0.3586181247425663, 0.3485886461707354], [0.01799795125037249, 0.06077337600127579, 0.0679118286249836, 0.8533168441233678], [0.02202933082347803, 0.43972339129995563, 0.4749222460875112, 0.06332503178905509], [0.06816077634600436, 0.31382338077196825, 0.4492060009366924, 0.168809841945335], [0.41887914764602674, 0.03621762813210929, 0.46273591402932085, 0.08216731019254367], [0.6213480340790158, 0.1261447236894631, 0.1698178951166222, 0.08268934711489838], [0.09320653087564611, 0.4251531277346102, 0.34045756238097535, 0.14118277900876788], [0.023075377565833555, 0.09347688809716957, 0.10421936780108353, 0.779228366535913], [0.020429059178157235, 0.4433030077077818, 0.481110016620629, 0.05515791649343208], [0.1586519704472872, 0.24471481803562478, 0.04714978591487407, 0.5494834256022137], [0.039012168989032626, 0.12771086892791836, 0.12810615819244228, 0.7051708038906064], [0.04244485403657531, 0.3504091401279574, 0.3816986076957606, 0.2254473981397068], [0.018103400973474206, 0.3921721678942813, 0.4350453283070884, 0.15467910282515526], [0.033792745778586784, 0.27939144363467255, 0.37882511391745366, 0.3079906966692874], [0.009082931194000776, 0.04409971390928681, 0.0651053846073082, 0.8817119702894052], [0.04159467031049184, 0.35104719603650053, 0.42927463397114163, 0.17808349968186568], [0.028023199930393896, 0.38526055852328084, 0.427792544530943, 0.15892369701538284], [0.10280402577392675, 0.34024628041282595, 0.3569597113985858, 0.19998998241466123], [0.07938788707153845, 0.2225485650185706, 0.2587290239458917, 0.43933452396399864], [0.04544775179981425, 0.26158677353909354, 0.2246021022476998, 0.46836337241339254]]}, "supervised_prediction": {"G": [[0.37822300674861287, 0.06074318951771997, 0.09130749798396179, 0.4697263057497057], [0.011602863008276228, 0.14615417100339753, 0.27297660342692076, 0.5692663625614053], [0.03151061096124257, 0.2721428114632821, 0.1439856543139257, 0.5523609232615492], [0.10596775372582626, 0.42335003787799286, 0.26906375662200177, 0.20161845177417967], [0.01796000649964981, 0.6903615421245856, 0.18393524234673672, 0.10774320902902651], [0.2558428088598624, 0.3570589020730443, 0.19090943455029163, 0.19618885451680143], [0.026607868771076976, 0.15381083735189116, 0.17921580474496107, 0.6403654891320714], [0.1519700249202164, 0.047584449077896156, 0.016749197298812666, 0.7836963287030746], [0.013574834995608819, 0.22542915850449285, 0.19582604859883296, 0.565169957901067], [0.03254329699735293, 0.4871168438042527, 0.07891564006340268, 0.4014242191349912], [0.43516685043766806, 0.06551422958383482, 0.07108807438536965, 0.4282308455931273], [0.08255640318701113, 0.2868641540001293, 0.17031801904275523, 0.46026142377010487], [0.2558983385817693, 0.056733396753554564, 0.38979729424872445, 0.29757097041595115], [0.021655999009135667, 0.12372044701318063, 0.1006327689109526, 0.7539907850667319], [0.13128555429093372, 0.08516626649240994, 0.16350738373073945, 0.6200407954859171], [0.36148299057359934, 0.26176379958800006, 0.1726494040180825, 0.20410380582031815], [0.011675219057661931, 0.30807531645469466, 0.2937378104374412, 0.38651165405020166], [0.09642903517113699, 0.2404900716205604, 0.23963306936195788, 0.4234478238463446], [0.018250837209130396, 0.5321129944777484, 0.1923051046611839, 0.2573310636519376], [0.019942868877965293, 0.3705609901657077, 0.2475472106238087, 0.36194893033251885], [0.11585989320105405, 0.4083705322102617, 0.37006133018375237, 0.10570824440493197], [0.012870010736237182, 0.6155107627751708, 0.2910081836499866, 0.0806110428386052], [0.46611928770925837, 0.11483067304122538, 0.08741938055139484, 0.3316306586981218], [0.08319877315857613, 0.33227988196678376, 0.21518243586006153, 0.36933890901457805], [0.07213800304780797, 0.5900827697340029, 0.18403875891803548, 0.1537404683001534], [0.01291171605002689, 0.38942151989792045, 0.19702223324758802, 0.4006445308044658], [0.011929415194600864, 0.7014131698645233, 0.15889669981575338, 0.12776071512512283], [0.03199857410505888, 0.11548896192168508, 0.05693256193878897, 0.7955799020344672], [0.025589624789192862, 0.39416852261319113, 0.1729208362663928, 0.4073210163312233], [0.28733715943738336, 0.18336037950320097, 0.2817201565675767, 0.24758230449183907], [0.02437041390716282, 0.48241041451597283, 0.18097348962900606, 0.31224568194785884], [0.20984469737943365, 0.10968153738509016, 0.09123705865148211, 0.589236706583994], [0.015633450990949014, 0.5905540968193125, 0.3291895873944406, 0.0646228647952982], [0.07615380205511037, 0.0944005957395019, 0.06873692331818569, 0.7607086788872023], [0.08867328162542358, 0.16658847935069013, 0.03660571894595901, 0.708132520077926], [0.02291764700445893, 0.25893812439724834, 0.09752612792182987, 0.6206181006764623], [0.024617023564471947, 0.8386519396843998, 0.04200758583157381, 0.09472345091955504], [0.29278837082016573, 0.26861053931042816, 0.0888434197102065, 0.3497576701591994], [0.10859215551868093, 0.24163046091563617, 0.13781971110600452, 0.5119576724596787], [0.05108386089639257, 0.40508124767668524, 0.20773100295064922, 0.33610388847627337], [0.2354046566131354, 0.20396956820028803, 0.13436867017783127, 0.4262571050087454], [0.07290449880154341, 0.48069077866417326, 0.07933000144783638, 0.3670747210864467], [0.016336820681497187, 0.44112179062776413, 0.13978666098511136, 0.40275472770562704], [0.6493266014175613, 0.06652970904494573, 0.010469477299135279, 0.2736742122383588], [0.03409590469813661, 0.17610025911568009, 0.09007458910621398, 0.6997292470799703], [0.18771729360250483, 0.2842680538222651, 0.12288974144507123, 0.40512491113015864], [0.2958389971235182, 0.06422823209780609, 0.07482937374299935, 0.5651033970356756], [0.15511183592718528, 0.45398810839148257, 0.035836948376651606, 0.3550631073046803], [0.31293105853066, 0.21560865934454043, 0.05705811354401785, 0.41440216858078144], [0.04035571969841431, 0.5511147422058612, 0.13412926243762316, 0.27440027565810143], [0.2724952962738032, 0.3423423257860617, 0.22147774691077918, 0.16368463102935502], [0.12206230980372412, 0.3658257613668703, 0.279224580510274, 0.23288734831913252], [0.07056976669746305, 0.5248430494660579, 0.1142003608536362, 0.2903868229828425], [0.1159997807125352, 0.08740426181196943, 0.05002304112083673, 0.7465729163546581], [0.017513092072558672, 0.7388413046561815, 0.14056407921164046, 0.10308152405961915], [0.019808167990827366, 0.048841533585100065, 0.03425888217611523, 0.8970914162479569], [0.33707503162647634, 0.04873099740793335, 0.05881239576250549, 0.555381575203085], [0.04648404554726144, 0.3296573212287994, 0.13765929592136644, 0.4861993373025726], [0.007335894496628963, 0.5765694147683361, 0.3721771783813938, 0.043917512353639776], [0.02682100452193895, 0.23688906936127765, 0.47957340862222536, 0.25671651749455787], [0.14663082822883902, 0.6149632608648574, 0.1086845291721386, 0.12972138173416434], [0.202780981701393, 0.27800246817347174, 0.3926528794347729, 0.12656367069036212], [0.04581864322418506, 0.3168881963494965, 0.1942069324290448, 0.4430862279972731], [0.029553171654181754, 0.07267439567850945, 0.15267415223510208, 0.7450982804322074], [0.2038448423480482, 0.1016114402317366, 0.25886291732679984, 0.4356808000934147], [0.1341736696236825, 0.4038715005168504, 0.1696511515601521, 0.29230367829931453], [0.2649945043606716, 0.2037610258608434, 0.20274791269228126, 0.3284965570862047], [0.028638907889469063, 0.7222214945475425, 0.11188121016094489, 0.1372583874020443], [0.24407742074031863, 0.10919745210746927, 0.4466939564470727, 0.20003117070513948], [0.15486488917124375, 0.5384918623177035, 0.056807703047778664, 0.2498355454632744], [0.04861670951934623, 0.7919290867270024, 0.10525180668596103, 0.05420239706769058], [0.46212178411574345, 0.07632017562772182, 0.41633208441795483, 0.04522595583858029], [0.23220507633368206, 0.25010069453335343, 0.08572585769299726, 0.4319683714399671], [0.059142422032903284, 0.12113996009731322, 0.057189390156060504, 0.7625282277137233], [0.26601453300774963, 0.2625087841857846, 0.1682288893927571, 0.3032477934137081], [0.35575362251630827, 0.5353607438367028, 0.0484446114680287, 0.06044102217896008], [0.16844778441870722, 0.11233341802903413, 0.22508934923183344, 0.4941294483204252], [0.13055914911521346, 0.20355284376101584, 0.2127097572103919, 0.4531782499133782], [0.05989134935871168, 0.07888007239472325, 0.03703956376077394, 0.8241890144857908], [0.2975590563161027, 0.5551078377386619, 0.05122819529740943, 0.09610491064782552], [0.07368658609915807, 0.4328755693548883, 0.33145846510878085, 0.16197937943717236], [0.2258129593246294, 0.05957425473802549, 0.036915480966118484, 0.6776973049712264], [0.12417153546079218, 0.2723442677364807, 0.3809574893101229, 0.22252670749260453], [0.21730189817255877, 0.5361677145674701, 0.04228641389259546, 0.20424397336737574], [0.059840505101326394, 0.12502873084056276, 0.33013556570406805, 0.484995198354043], [0.032432340840976584, 0.6558367380731516, 0.06329697393916779, 0.24843394714670344], [0.21553445667230095, 0.17590214618309932, 0.25487271474434225, 0.353690682400258], [0.020913982443546555, 0.31431611860459696, 0.07160004997030653, 0.5931698489815503], [0.057194774079489454, 0.1324974356004099, 0.23134775563274357, 0.5789600346873566], [0.06663342588622005, 0.5585190309907033, 0.11896607145069765, 0.25588147167237774], [0.056579281744250726, 0.6271990383226254, 0.2060202546234117, 0.11020142530971239], [0.0741553688435963, 0.32477432799482414, 0.21606789472813898, 0.38500240843344036], [0.36373182898503165, 0.1842835737100121, 0.09430897774495565, 0.3