{"estimation": {"a": 15.206455272241321, "rho": [0.27524863551877676, 0.25686104176662655, 0.22456510708390626, 0.24332521563069082], "Mu": [[-0.6662069400404246, -0.9155387916398953, -1.393161923286512, 2.2082356407108983, 1.4101935789378064, -4.68833683464554, -1.4354492366649312, 8.012853005691381, -2.3960774080798766, 2.2339659359818005, -1.124377968545963, -1.0233184582177601, 1.5603523558183667, 0.2548116628185429, -1.2144451808961465, 0.7203894560925298, 1.003682262349524, -2.2506230731351744, 1.0784441798616358, -0.031216967004230663], [-0.6989921487567037, -1.121093444390428, -0.7818155204601095, 2.070748560703551, 1.3071039122914214, -4.2514916381279875, -0.5701263599992881, 6.858228002936891, -2.187134100797668, 2.6106654185197247, -0.9175557313797147, -0.8732096172813225, 1.5728407225896048, -0.21899446927058017, -1.0628231917671698, 1.093477112631492, 1.1358451692595497, -2.3699053595749695, 0.8446039528656605, 0.17300944330758972], [0.9988714893704715, -0.9207404185097567, 3.4144886574644384, -2.295329573930141, 0.7825174569279999, 1.415454752414593, 1.251770680411614, -2.970887035453852, 2.2402643819147774, -2.6553584032867774, 1.9628284208348732, 0.9848880970413305, -0.019436339448299866, 2.6605374657590297, 2.655962998647153, 3.533738221450966, 3.1780129184141934, 2.381929359180283, -2.183231042465505, 2.0045038241071227], [1.0228327149401517, -1.0336919832283933, 3.2629130038161014, -1.8071719526940933, 1.4352171368082833, 1.6139440482069145, 0.7817571625144701, -3.6652970813802495, 1.4046996777271898, -1.9698830390302773, 1.9285796765222285, 1.385336317711393, -0.05846734546286504, 1.327567831388579, 2.9616493378235194, 2.962377339838714, 3.097941535442391, 0.463808360390707, -1.905705282523521, 1.9494376314251585], [4.814496625215237, 0.5849337889103084, -2.1812124333118534, 0.5549400671557991, -0.04351314060315025, -1.755076753427978, -1.1059413949493533, -1.494546970839151, -1.0431826945166487, 0.29700081231801706, -2.833776902213797, -1.2924323569472442, -2.808342690669948, -3.4044840687809055, -0.26635841197179433, -1.9907565841637593, 0.2898349869131612, 2.392752101596847, 1.1087903110794806, -0.7689408951237526], [4.39864881201562, 2.2811607481873164, -1.908323460482887, 0.8946129863243186, 1.0634993135797268, -1.5476673111543735, -1.431322087230734, -0.5752426407142409, -2.257932596066813, -0.31004679249499406, -1.4080189448963167, -3.0983570343213045, -2.9130880895361857, -4.656755721391954, 0.24008811132771898, -3.3035853982598726, 0.49584760390820076, 0.9197757641223067, 1.214792345620888, -0.5208310916263902], [-3.7591421626034753, 0.4968023599509909, 1.820089417911181, 1.4964053828215271, 0.6055537769776645, -2.0914117361020526, 0.04551537406847474, -1.4891082882888733, 1.7866536163975026, 4.207193985285886, 4.140617595018535, 2.5138570092688433, -1.9254801826730317, 4.580469318732176, -0.17072762270591263, 2.3647118095829742, -3.641639435498211, -2.8639614005877223, -1.8428308320218236, 0.528067923810334], [-3.3055601446151104, -0.16439750921453097, 1.5434035229462955, 1.0187403833298114, 0.7389309297183879, -2.0296000702582067, -0.03259688556815938, -1.313198647852523, 1.5991673882911321, 3.3122311636602744, 2.6889124819866956, 1.1496192311920288, -1.5274211101033504, 3.9755419174042803, 0.1509498745140092, 1.814782322901411, -3.5709974502068773, -2.638603550336008, -1.7564472943080265, 0.22294067992251712], [3.5103750541205767, 1.6531014864606592, 0.9948221556276239, -7.466726700080463, -1.6339466177428694, -0.02421274172821932, 0.040004567814106565, -0.25402112065275767, 2.0127655356583105, -0.7486758403868947, 2.1208121946449627, 1.4305900123801998, -0.9709219664915474, 1.3966846968954032, 1.9222230987989066, 1.872560006028796, 2.8773209690556887, -0.2656244854937602, -2.375753314769572, 2.954348965190436], [2.636440693945706, 1.7670245187884155, 1.43378606853825, -7.5157119020322884, -1.4532591185401176, -0.5179660764579889, -0.06426210841830217, -0.4550544703097661, 2.160145405878618, -0.5704022831473101, 2.6803116669957836, 1.53329997611634, -0.4660704506968391, 1.2538733938829543, 1.3827907651792393, 1.9882030275312326, 1.8569350227510002, -0.5389111651485293, -2.5844827677387765, 2.734711308074276], [-0.15708917096820094, -2.2207890618911286, 2.5506212859757755, -0.26643241610137564, -0.7162926685803094, -0.13244898221863197, 5.432671100130013, 1.4517473671885084, -1.8481848469846407, 1.8973149118759902, -0.5184854880799408, -1.7666708271293514, 0.46847807776398687, 4.005630867411993, 4.289881352604321, 1.6523731823218124, 3.4168631351651957, 1.0856873579743682, -0.30782634313235396, -0.10582968537854327], [-0.24933461664925444, -2.1068877965018853, 2.5747024224416353, -0.3588435922754987, -0.35910607741649303, -0.2146872628033875, 4.624446402071071, 1.2402316028548073, -1.8836225163324596, 1.5995902689433394, -0.6211779175524348, -1.5682096730671815, 0.7574015327336588, 3.744999920291321, 3.6375284195657636, 1.8977181025517875, 2.3659651063203624, 1.0274119798268655, 0.019279008949517822, -0.06926063238273382], [0.029101331228179598, -0.7512778837924459, -2.355309989034135, 1.0443880428299799, 0.05065359718181237, 3.3635016756438154, 2.175148652591061, 0.8317968237422756, -0.4069860697273578, 0.9691439864782044, 2.0275100315803516, -0.33768511570836157, 0.9321953254814089, -2.7461328354543806, -3.4114689791984234, 0.7232535902468332, -1.0158588987722244, -4.346878053910781, 3.9020241157783446, 5.411782228433189], [-0.1307140459973138, -0.19964496225634876, -2.0402046000323084, 1.2256284403359439, 0.07262043028692011, 3.100434970194493, 2.34675446849777, 0.4720373907015065, -0.5936044441100882, 1.0237959468097038, 2.229358839350931, -0.7166538042717966, 0.5279214383952503, -2.6160199895268237, -3.6957496472623985, 0.26435792187801826, -1.1002293872295685, -3.99238096006208, 3.472552071911029, 5.036642040116105], [4.013533830645587, -0.1628543475712988, 1.0949241810850736, -4.950976020183968, 0.7106586566288416, -5.172690730574796, -2.4023780980632865, 0.5351223963423547, 1.1906845270444641, -1.618353076187483, -1.1737989634803991, 2.354873850926855, -0.5629237505655426, -1.5417023801512237, -1.4059405938843232, -1.5596856744749574, -2.2347033362561954, 3.0656161337791628, 0.25950092434036953, -1.6012979788724369], [4.153297846851238, -0.3184798997778423, 0.6380377424599621, -4.643323158833351, 0.6063710320030549, -4.867500788049563, -1.602814004317898, 0.8458436667296358, 0.8557179797790355, -1.5358325871789629, -0.8870009956106764, 2.3249459158853516, -0.47192768619957004, -1.0249268183223372, -1.2173490616609626, -1.3608747146681766, -2.3030206322371707, 2.5817421066709128, -0.12748419199871758, -1.2117579148108748], [3.280212990343958, 4.982949580341639, -0.5962529881220531, -2.566961424842211, -2.814520563932094, 3.7934431307621197, 0.1480322122296492, 0.265968960207162, -2.247381081613135, 3.8291662469123793, -0.5354748075152087, 2.6059698749170512, -5.051025475276792, -1.169574019095621, -3.304356610531467, -0.463619016627004, -1.1046606641738108, -0.0300139007168378, -0.4475620006386304, 1.7224784136869973], [3.363049548218982, 4.034735502747275, -0.5234221982004619, -2.213294976116627, -1.5553040754914949, 3.0558428168751983, 0.3205694907525756, -0.3008419488633606, -1.5337875383519717, 4.161153623876741, -0.7482287689372202, 1.883705093269671, -5.148406558372916, -1.3596329119872541, -2.3544260236165395, -0.06101754855721071, -1.1175468874131915, -0.10076210047233736, -0.4952411714536224, 1.1461170384526043], [0.9732276335781466, 5.480015971747888, 2.010413387532489, -0.9676221972789679, -1.5011540754016286, -1.9241516216688426, 0.8226521622498235, -1.114031886799852, 1.2147814242128692, -2.7462770983459484, -0.696301492333839, -2.4688909583634433, -0.787485966441281, -0.39052921918493094, -0.23081835882758067, 0.01569364714997, 0.2580022786299715, 2.638132706796909, -2.777468212176888, 0.8220054238431581], [0.7713979108813218, 5.822195976403561, 2.0600113071266075, -0.5045089496801934, -1.5643062491507882, -1.8152836587264225, 0.8006434188486518, -0.6315343238664157, 1.231858952765079, -3.278418239284439, -0.08612674906446999, -2.527003798894545, -0.8484329889545206, -0.28120753070734983, -0.11779127486763946, -0.15439903831651997, 0.7424662189772985, 2.2793529809660757, -2.461151442445658, 0.43438749825099937]], "Lambda": [[0.8999400290087753, 0.7781319431183575, 0.5480669299476996, 0.4637602203722645, 0.6068774223465329, 0.3134400101320921, 0.7288367295285674, 0.24256831632313874, 0.4864924309980836, 0.4775759376716873, 0.542498180581936, 0.22252492033501237, 0.7085771374488897, 0.4289201473846599, 0.6105950040746551, 0.3275007320307989, 0.8006598795682281, 0.6735034673775331, 1.098402513050266, 0.4868814343157358], [0.8536195172163489, 0.8211683208395311, 0.5699079028181456, 0.4791801298506088, 0.5837451334663499, 0.3377894731034211, 0.7231597256412889, 0.2531062343577703, 0.5170500431882961, 0.5229332315202844, 0.5359670404283784, 0.24539913077055822, 0.6636545691065486, 0.44657097401232876, 0.5619280496675304, 0.33925581979166597, 0.7979993715687117, 0.652240624101471, 1.0422538313926144, 0.4903913990096693], [0.5366946019917105, 0.8414644076157929, 0.6062323736772641, 0.4018228050495185, 0.45047986544964563, 0.647101198724146, 0.7235374457041183, 0.4830192401134226, 0.2851156591907772, 0.39524326889390865, 0.28491542419104493, 0.46722324348759037, 0.350695347526175, 0.43035781025454223, 0.42087180812469804, 0.3897948326161187, 0.3511034723008771, 0.31870452181517683, 0.682943450933065, 0.7391724238856776], [0.5331219778766388, 0.8416726413813177, 0.6031304312710342, 0.39308241606080346, 0.4806498768760178, 0.6095705777971562, 0.7319444219752534, 0.4433850736473497, 0.2883407070687547, 0.41418462009945783, 0.27626100996003417, 0.48215862043209573, 0.35237941283794266, 0.40967822823120587, 0.4572978865044933, 0.411492272476233, 0.35353502691295297, 0.352491462903972, 0.7123092763616584, 0.7078161526448411], [0.4522107235042445, 0.37360647464696944, 0.20347197900866865, 0.5607281098522182, 0.3400721874663081, 0.7592537507833965, 0.2522498400233093, 0.5932028494319993, 0.3718689252013664, 0.5262966036750251, 0.3798778742370642, 0.35327405673516377, 0.7966295091390911, 0.38623386146238864, 0.933611643198943, 0.35040199305449593, 0.7049398201122393, 0.3961288272185274, 0.46674966374308846, 0.8175681885489352], [0.44495715403115954, 0.36832276924081647, 0.21460328746458515, 0.5689048041850808, 0.40065853410562896, 0.7401933316451008, 0.276153920961339, 0.5756336935193598, 0.39889508935262585, 0.5325722205688326, 0.3958424293724356, 0.36889096085146655, 0.8106622446901287, 0.3750964557809192, 0.8293957127505553, 0.3613274322948887, 0.6733521271611147, 0.4382890543490953, 0.443162404799221, 0.7739729282579921], [0.4713958634480653, 0.6586442911187327, 0.28117010330945524, 0.2671022567104375, 1.1117494200481104, 0.798279978405579, 0.561073994908215, 0.5819535527879726, 0.41985199743948864, 0.2333923591632436, 0.1785444767077912, 0.32863777259034604, 0.41538879105567994, 0.5640014157561407, 0.6367711322897252, 0.3843833672098503, 0.2615333822255346, 0.6720097378226215, 0.6663151433272804, 0.7133611204381949], [0.4686974966737159, 0.5853177462778327, 0.2761232230241378, 0.29043961590182216, 1.0333156218072566, 0.8096795450629087, 0.5301999989071334, 0.5919884528021032, 0.42762965722817586, 0.2485456648833924, 0.2042878829870664, 0.3346263990054706, 0.3805538310159022, 0.5605853030737187, 0.6273203907229633, 0.37919511391097566, 0.2684326365733248, 0.647567858488658, 0.6766400730650065, 0.7095307767071927], [0.44284020349440256, 0.43778890308875684, 0.540542296976016, 0.33804561618506457, 0.5057239162728594, 0.6428700921821464, 0.6657048484181467, 0.38779114751139226, 0.4043427135563789, 0.7593639100967274, 0.605847787216344, 0.6031150618348092, 0.45486493361023045, 0.5361156905893503, 0.3975933431747915, 0.458385125548486, 0.3150806242577264, 0.5783253977576844, 0.42924311904711304, 0.4350064670589262], [0.45075270104952186, 0.447684187535073, 0.5452538533963112, 0.3231319356585704, 0.5109517415986526, 0.5999597100754472, 0.6466134019832985, 0.39062844726988627, 0.4063090917814135, 0.7716994556838757, 0.6082301544397486, 0.5887493001003407, 0.4494973439641802, 0.5166761408417008, 0.39981605075142834, 0.47088626297200237, 0.33182303430104904, 0.5711482775548099, 0.4331635898566964, 0.43827147111377696], [0.6115570686606476, 0.31070688640566135, 0.5539861518134026, 0.37414206305720576, 0.21903298251522776, 0.4080232344658317, 0.4405518007969232, 0.7717398759962965, 0.848886756622078, 0.292970565482413, 0.31881600988315045, 0.48062222801453586, 0.7591139049417834, 0.5464719288268388, 0.29377196754138973, 0.5127811206316257, 0.45364825405193565, 0.4050805151269375, 0.2881367704987332, 0.28384388196522753], [0.6092718758444929, 0.3136354558215641, 0.5238701737727731, 0.38114990434099444, 0.24258194160816715, 0.4082250660961082, 0.4576176198166884, 0.7433062082301306, 0.8159781127819248, 0.2855659426873102, 0.3245186024145357, 0.4863623375422923, 0.7122917627961072, 0.5278164326894134, 0.30625404099726256, 0.5062434367287902, 0.48230965558363753, 0.4129274863418958, 0.3138608788367097, 0.27814450460244566], [0.39300312704628787, 0.4104841701240965, 0.4426044384281465, 0.5415000953089554, 0.4115983237826172, 0.532205491615358, 0.6921743636920523, 0.5099333094272485, 0.6357538196986405, 0.6715965189277178, 0.6630625010001743, 0.4791807372655362, 0.4510154612248926, 0.4431748906059435, 0.35414146817768305, 0.5067451832308514, 0.5502081720032385, 0.2852489358350628, 0.4459350896932461, 0.3532869201680653], [0.409089246262056, 0.41198852505566813, 0.4496610311439881, 0.5383047036158355, 0.4182811327476288, 0.5161428364281127, 0.7065221661767721, 0.5615451406257026, 0.5946940418275597, 0.6251377575841334, 0.6411912981641098, 0.5004972371435257, 0.4571437216786599, 0.45652903123031935, 0.35443264345529135, 0.5156790818259943, 0.5692326682773254, 0.31315247414487046, 0.4294051831909765, 0.36050690020433274], [0.39618055368531613, 0.5466883504951549, 0.3168245552840369, 0.34581321054732783, 0.5459166500674271, 0.5250671409936118, 0.426440262069083, 0.41489765331578554, 0.5840893538713734, 0.5186047041149474, 0.5084256775157753, 0.8308990025707594, 0.48748632538329495, 0.3883268075994845, 0.4572310421494107, 0.5569639621137702, 0.3163404938787939, 0.5650546761947602, 0.4154242552400781, 0.6211738244315288], [0.39168615922551603, 0.5747192864002172, 0.34926545895213984, 0.350993546108926, 0.5610999469976432, 0.5321923633066717, 0.43244979901420133, 0.45319548974934964, 0.5596204879953772, 0.5108156398595364, 0.5229893950746449, 0.8086419795967882, 0.47845605109561223, 0.37499223411887567, 0.4625313938989679, 0.5674792755742465, 0.36133967722396043, 0.5840424776268189, 0.4388733884237115, 0.5790656159570428], [0.44595648067496235, 0.35639519075378173, 0.6504947314280232, 0.43559477348516906, 0.4130727457121732, 0.43415085082425814, 0.32616944841752954, 0.5697721854592459, 0.4131272568821446, 0.3929703377469449, 0.5733469873444939, 0.42336472553372695, 0.5115244932389483, 0.4699761237150485, 0.26109821219597384, 0.6986892577708014, 0.3824582518046221, 0.5855229214465516, 0.3928820024368586, 0.3576966044883273], [0.4334104730435709, 0.3913314612182612, 0.6400151782755945, 0.47773553173091426, 0.4181387545952403, 0.4272692298868541, 0.32580613520110563, 0.549586335584212, 0.40772786004185935, 0.40638745103102264, 0.5747158640850588, 0.4296186749391299, 0.4701290272764579, 0.44082219906922004, 0.27330499316421175, 0.6978491619254092, 0.4046095100275086, 0.5876573048622846, 0.3926805976637558, 0.3586050680100412], [0.6553834413460421, 0.45329400046724183, 0.4226549825845619, 0.4259802902876013, 0.5261407225892839, 0.5279710502314854, 0.6704727320035427, 0.4013225754137499, 0.9773301926435087, 0.27353167892463764, 0.5814686460986397, 0.3992114964862546, 0.7032020091809467, 0.6591566815296181, 0.5143952238523574, 0.45530247978532895, 0.46380669276533704, 0.3595448717022548, 0.4393046489585939, 0.4809109419084835], [0.6563426805258206, 0.44648222782228547, 0.4246678752812044, 0.4111297831960909, 0.47723936189241817, 0.5091028459244369, 0.6562194906820288, 0.39264655279648936, 0.9391989360564263, 0.2700338070623807, 0.6487563314661265, 0.387171649089887, 0.7008385216805197, 0.6858522190663424, 0.5364314383764356, 0.45600486290318554, 0.45780475603534404, 0.33263377842594666, 0.46321678634766816, 0.4652086216473316]], "G": [[0.3044354786717121, 0.2782827331705998, 0.20520334532809906, 0.21207844282958888], [0.20523474247354226, 0.21548321215452498, 0.28073534219435203, 0.29854670317758114], [0.24255988279169088, 0.22695406114631012, 0.2577101871060972, 0.2727758689559019], [0.2998450853028023, 0.275971032176828, 0.2063266362163256, 0.21785724630404418], [0.257096256392239, 0.2515792526540772, 0.23597321405864244, 0.2553512768950417], [0.26977625806978145, 0.2530800070125042, 0.23315522013216944, 0.24398851478554476], [0.24168749406118006, 0.24247748347362855, 0.25624111803323085, 0.25959390443196084], [0.3036527567292316, 0.2858563984351679, 0.1989093380354426, 0.21158150680015858], [0.31855541232319967, 0.28798940363007264, 0.18806477503758495, 0.20539040900914277], [0.30570649473388595, 0.29918487425996104, 0.18874467983496135, 0.20636395117119177], [0.2651118227788922, 0.2524727016711811, 0.23190218292229497, 0.2505132926276316], [0.23636514758568594, 0.23770618699122373, 0.2527968016464333, 0.2731318637766569], [0.2953728915607484, 0.2873683319648041, 0.1979970373935429, 0.2192617390809046], [0.21316040386535448, 0.20425648432745902, 0.27271655078478535, 0.3098665610224012], [0.27978796662836525, 0.24763468891690463, 0.22520425806814737, 0.24737308638658279], [0.38690496900245247, 0.33838600781070294, 0.13655120572884646, 0.1381578174579977], [0.2760260589319091, 0.2527627417906635, 0.22827039170885227, 0.24294080756857472], [0.2773472687640987, 0.2828068334041044, 0.2141539431159105, 0.22569195471588618], [0.18635039374343437, 0.17065137867804372, 0.31014714692843603, 0.33285108065008673], [0.22806337904583313, 0.21439144996649842, 0.2644613236363689, 0.29308384735129955], [0.27031974186282576, 0.26624488716754585, 0.21989513504624988, 0.24354023592337826], [0.2629125626906681, 0.24981145020735665, 0.23770537286948043, 0.24957061423249496], [0.31912137010665237, 0.2819874374372767, 0.19135141973109412, 0.20753977272497676], [0.33785901314940786, 0.305214481082425, 0.1716299349574347, 0.1852965708107327], [0.2624533807220614, 0.2507162060308042, 0.23127410847828211, 0.25555630476885177], [0.36856208173930566, 0.33739208945957716, 0.14313979204869162, 0.15090603675242567], [0.266375080862883, 0.24608640888983896, 0.2328172242568012, 0.2547212859904767], [0.2737993637597047, 0.2584022658065259, 0.22803096187235675, 0.23976740856141163], [0.2601090641122795, 0.26482116724256827, 0.22946762621544223, 0.2456021424297106], [0.26986237806998964, 0.2577194206893805, 0.22564016238190127, 0.24677803885872862], [0.2796331027833386, 0.25421130058891644, 0.22143676788960687, 0.24471882873813808], [0.2089538521520457, 0.2039253346815358, 0.2859422423632475, 0.3011785708031712], [0.28562714768808894, 0.26508758293507106, 0.21349045660301458, 0.2357948127738253], [0.30418023020156626, 0.3307525922525572, 0.17444590428759946, 0.19062127325827674], [0.19492237986968222, 0.18512210802600368, 0.29141272626129067, 0.3285427858430236], [0.3367710500653863, 0.31684367533810265, 0.16599643081118529, 0.180388843785326], [0.2879872328772545, 0.26256244655825334, 0.21607663200057717, 0.2333736885639148], [0.2995101504547663, 0.28854684343476605, 0.19780676869343078, 0.2141362374170367], [0.27511996802695604, 0.2504100064422936, 0.2285395209978561, 0.24593050453289445], [0.27170824398218996, 0.2543653280364197, 0.22789526400867222, 0.24603116397271815], [0.17716510008677788, 0.17558341951763654, 0.3025646543902683, 0.3446868260053174], [0.22406666601307607, 0.22889677162625197, 0.2666120963871302, 0.28042446597354115], [0.25369171622201986, 0.24815913480847368, 0.24481601370899367, 0.2533331352605127], [0.24503757470596854, 0.23723547343860146, 0.25131481062932287, 0.2664121412261071], [0.20267907735179236, 0.18749926105559064, 0.29548044443866284, 0.31434121715395436], [0.23417435235853062, 0.21995878498257415, 0.2584220554560874, 0.2874448072028078], [0.346291818224624, 0.3186864237882098, 0.16102104068801676, 0.1740007172991488], [0.2100520702916301, 0.19631185976053436, 0.2837652365374518, 0.3098708334103834], [0.3283393601194688, 0.3027774917408258, 0.1752137979818468, 0.19366935015785866], [0.3444170380744163, 0.3134115775518708, 0.16227152708615597, 0.17989985728755667], [0.3330527471797148, 0.3447021315285472, 0.15711702960403348, 0.16512809168770468], [0.3139678365317899, 0.2890581525550424, 0.18734459528601474, 0.2096294156271541], [0.3414645705878366, 0.331183877209679, 0.15786222713030476, 0.1694893250721791], [0.2635913307200389, 0.24873942822129383, 0.232860263956521, 0.2548089771021463], [0.16428612569250264, 0.14135078813207033, 0.340871798376982, 0.3534912877984449], [0.386954801712735, 0.34075715928315453, 0.12952286736888757, 0.142765171635223], [0.2811767819641039, 0.2545843249469897, 0.22063553745535708, 0.24360335563354918], [0.3232358002542789, 0.29054621805992475, 0.1839620536411919, 0.20225592804460427], [0.31210241459002913, 0.2964818305107089, 0.19005845197196514, 0.2013573029272968], [0.33508905224916297, 0.30543285250025815, 0.173656081605209, 0.18582201364536916], [0.2679630072458935, 0.2476396197923049, 0.23139088848531317, 0.253006484476489], [0.2543309318926712, 0.2369833194292448, 0.24339832739821626, 0.2652874212798676], [0.2721479972146266, 0.2605429502876434, 0.2214548069437323, 0.24585424555399776], [0.33293925088321275, 0.2809835153393537, 0.18478877385969836, 0.20128845991773534], [0.2750019419112852, 0.25787555477466056, 0.22720195765925447, 0.2399205456547994], [0.2654677477049072, 0.25613819906653107, 0.22879679916437085, 0.24959725406419048], [0.2725827641551411, 0.2685655174398543, 0.2243638485451419, 0.23448786985986292], [0.3296619172071655, 0.2953624235047581, 0.18109687078671804, 0.19387878850135914], [0.33283858859217424, 0.30924419022570615, 0.17404054072853228, 0.18387668045358707], [0.2243946279543222, 0.20578352073932127, 0.26959252684452845, 0.30022932446182804], [0.23732352250656769, 0.2235741671744884, 0.2560970382766478, 0.28300527204229486], [0.2515363028937055, 0.2331779645851705, 0.25589119325201276, 0.259394539269112], [0.25500863972305593, 0.236974828162814, 0.2389873950565581, 0.2690291370575724], [0.28044824729783213, 0.2594277640290555, 0.22218174751045847, 0.23794224116265345], [0.2226848974390402, 0.21413777055937727, 0.26491449566014014, 0.29826283634144257], [0.20401063264597594, 0.19582813477437547, 0.29373684693749397, 0.30642438564215446], [0.2651678452446005, 0.2502996887426228, 0.23022971350678267, 0.25430275250599454], [0.2813555905061085, 0.26572756886006105, 0.21670988060505966, 0.23620696002877134], [0.3194094079098224, 0.29312270973138216, 0.18645382696866533, 0.2010140553901304], [0.2716304641585881, 0.26584722892467255, 0.22207133070527846, 0.24045097621146028], [0.2446236888995549, 0.21796357175465178, 0.25585355805942755, 0.2815591812863652], [0.2649798822125118, 0.23437050285512387, 0.2429233652380739, 0.2577262496942898], [0.3393183777858325, 0.3264496558114747, 0.16020834956030627, 0.17402361684238649], [0.17672310608205324, 0.18015060120058987, 0.3098130296927189, 0.33331326302463793], [0.260847734266333, 0.24200707443147843, 0.23499924836326072, 0.2621459429389279], [0.36164355982203367, 0.32296805099661147, 0.1518821494805525, 0.16350623970080239], [0.27895793487855897, 0.2824332831877198, 0.21367873423206188, 0.22493004770165953], [0.2981655283960776, 0.277962880711303, 0.20127615457595635, 0.2225954363166636], [0.2856394835233092, 0.28530781645574926, 0.2102114334661404, 0.21884126655480035], [0.33055143219371447, 0.30151328641959646, 0.17256402467705828, 0.195371256709631], [0.1388441309380061, 0.13044685814336862, 0.35716619519753756, 0.37354281572108744], [0.30970028349586226, 0.2892935604128995, 0.1915963182982063, 0.20940983779303185], [0.2996697111546253, 0.27225438719661255, 0.20419473948293626, 0.2238811621658251], [0.26863786919855587, 0.2418951333310547, 0.22922347711750238, 0.2602435203528871], [0.2553577885953027, 0.24952691890791598, 0.24094794027027228, 0.2541673522265088], [0.28976707982026234, 0.2645173959266548, 0.21585349188585212, 0.2298620323672313], [0.23400535649222412, 0.21527114152646748, 0.2615816019127527, 0.28914190006855606], [0.41015892457162706, 0.35919445422433405, 0.11490006297763958, 0.11574655822639954], [0.29001704447015103, 0.2883484726909013, 0.19815828318824297, 0.22347619965070453], [0.24882405092805865, 0.23185476354175624, 0.2504423038709337, 0.2688788816592514], [0.3409198462391235, 0.3116157720162055, 0.16354350214463673, 0.18392087960003492], [0.31530969772298023, 0.2879654317731443, 0.18669925125520997, 0.2100256192486664], [0.22890985334138483, 0.20326191492332485, 0.2666585608935271, 0.30116967084176277], [0.24408729545972824, 0.20788798266517772, 0.260592708062442, 0.28743201381265243], [0.22483403214093958, 0.21650696430985625, 0.26929236009939206, 0.28936664344981244], [0.27755300567811847, 0.2724368780989419, 0.21681071497691543, 0.23319940124602453], [0.30324651170513317, 0.2670648375294391, 0.20452953937269647, 0.22515911139273126], [0.3292983784198489, 0.30553702986978937, 0.1767276847987721, 0.1884369069115897], [0.2622914573553387, 0.255404535335065, 0.23270767642741164, 0.24959633088218533], [0.29586356167478234, 0.25826057171173306, 0.2134175855878069, 0.23245828102567834], [0.28380741211988836, 0.26474558059896175, 0.21335303945233766, 0.2380939678288125], [0.2287021570031162, 0.19785386899093832, 0.2681178743837, 0.3053260996222461], [0.23339692544494184, 0.21671120737018737, 0.26344903836857475, 0.2864428288162956], [0.25234695117012673, 0.23807696917464907, 0.2463440381257293, 0.2632320415294952], [0.2631752426045669, 0.25819142830771563, 0.23196219662542197, 0.24667113246229602], [0.27800811955825194, 0.22354975591562024, 0.24040440520235612, 0.258037719323772], [0.32948807885262016, 0.30447218525987074, 0.17394609812852468, 0.19209363775898514], [0.26349253362709724, 0.2573377353843539, 0.22771040535207449, 0.2514593256364742], [0.30562364118808755, 0.28476870922756237, 0.19388381759032483, 0.2157238319940253], [0.30565206305556664, 0.2869749696477927, 0.19526162987307352, 0.21211133742356705], [0.30618739430438596, 0.28457223650529073, 0.20005626315245517, 0.2091841060378678], [0.33422398614045323, 0.30700558661144034, 0.17428088507357817, 0.1844895421745288], [0.28662491358854714, 0.26685482257511073, 0.21056657236889734, 0.23595369146744563], [0.3848082867425586, 0.34862538460350795, 0.12862890391294593, 0.13793742474098716], [0.2971824906275464, 0.27747644702375607, 0.20163411771563364, 0.2237069446330641], [0.3531771963871117, 0.30923428900030353, 0.15899555763889034, 0.17859295697369496], [0.3053928549705038, 0.28813055045631, 0.19639360555932872, 0.21008298901385758], [0.3001695011544904, 0.2532881950953984, 0.21041016523773684, 0.23613213851237386], [0.2898965761268533, 0.2666160572886428, 0.21245790167768558, 0.23102946490681883], [0.2690943696008598, 0.25879150246549487, 0.22314870805673823, 0.2489654198769072], [0.2836672376788575, 0.27491339919720764, 0.2145416810710319, 0.2268776820529029], [0.2791897591622426, 0.2679017515858972, 0.22397235633707568, 0.2289361329147845], [0.30213099073050614, 0.29758650111363494, 0.19240204771515731, 0.20788046044070266], [0.25646804424982705, 0.23995986888259632, 0.24171810882209602, 0.2618539780454804], [0.215458851816392, 0.19937488106138396, 0.2779482867177948, 0.30721798040442994], [0.2862464656481196, 0.26104077565747896, 0.21336139243961882, 0.23935136625478226], [0.29559124908529955, 0.27751111860492506, 0.20710376683259388, 0.21979386547718174], [0.20952490153876982, 0.18784568545299213, 0.28771275494244875, 0.31491665806578956], [0.31744990922283206, 0.29318136673455997, 0.1850764867883124, 0.20429223725429568], [0.2058291981779331, 0.18647422585738974, 0.2901709341014033, 0.3175256418632734], [0.25359481294407527, 0.22579456044774363, 0.24512776340491052, 0.2754828632032706], [0.2989445894980222, 0.2761467843527285, 0.20200315479872724, 0.22290547135052116], [0.2472203922095489, 0.2188783558904076, 0.25079214163872854, 0.2831091102613144], [0.298344167963196, 0.25011066470539633, 0.21268598889607312, 0.238859178435335], [0.30122008184119653, 0.2850331794586778, 0.19842788965595093, 0.21531884904417445], [0.3014867431533206, 0.2872437626437169, 0.19254323407193186, 0.21872626013103036], [0.2857184145973424, 0.26468610492841677, 0.2158522543279907, 0.23374322614624976], [0.2651310478110332, 0.25246259510169405, 0.22775629303770273, 0.2546500640495703], [0.303040372178119, 0.2796747376050069, 0.19810293429094328, 0.2191819559259312], [0.33975516733393185, 0.3172947013635615, 0.16538396199094638, 0.17756616931156077], [0.23561220092373836, 0.22280995081987273, 0.26076780276895006, 0.28081004548743854], [0.3383204567447002, 0.33273563276191137, 0.15922029097465143, 0.16972361951873646], [0.3143802714461999, 0.2900825746664437, 0.18746812753971676, 0.20806902634764007], [0.2809967585633788, 0.2717828664039898, 0.21385901095158366, 0.23336136408104757], [0.3341513492673267, 0.2832417540637063, 0.18671035490511, 0.1958965417638579], [0.2950405391015146, 0.27319990832830965, 0.2108378290803615, 0.22092172348981465], [0.20170155237652287, 0.19772196974250256, 0.2920657999067112, 0.3085106779742631], [0.32078369114364175, 0.30273763783298685, 0.1816534403624451, 0.19482523066092647], [0.22205064424740023, 0.22157301808365915, 0.2655706316338481, 0.2908057060350929], [0.31482265512747176, 0.2866774112064669, 0.19408952142632754, 0.2044104122397341], [0.30341302746235316, 0.2947256216832733, 0.18851254107499862, 0.21334880977937415], [0.3220574042867617, 0.29049974399608225, 0.18597202175281072, 0.20147082996434504], [0.239830614872228, 0.22871962286973574, 0.24911744235057484, 0.28233231990746105], [0.25214131217033076, 0.23716273791938203, 0.24059094717759463, 0.2701050027326927], [0.26632271912003225, 0.24945681754634122, 0.23334250929108677, 0.25087795404254004], [0.23346857979200786, 0.20797991054552084, 0.26825193599825503, 0.29029957366421655], [0.2461388251502785, 0.23452552140044342, 0.24955735201024914, 0.2697783014390285], [0.33532161281195766, 0.3124822269125406, 0.16594921375791044, 0.1862469465175905], [0.2820933310459068, 0.2607760909771405, 0.20920991411355142, 0.2479206638634013], [0.2907776383001638, 0.27586022228546225, 0.2057012666741641, 0.2276608727402102], [0.26102492737614136, 0.25791759144394205, 0.22688272823251907, 0.25417475294739716], [0.2619351473379938, 0.24178832355856764, 0.23928334010589267, 0.2569931889975455], [0.3380282540468159, 0.3013080912845117, 0.171713328206109, 0.18895032646256413], [0.23783975912624736, 0.2075094542371122, 0.2691540919334809, 0.2854966947031595], [0.20581510019409543, 0.18955827442706788, 0.29126723371528807, 0.3133593916635483], [0.22837179793473103, 0.210974428175801, 0.27268352075291835, 0.28797025313654967], [0.2765415865442153, 0.2527800950637524, 0.22763308385104736, 0.24304523454098514], [0.24655023563124362, 0.2285104825579211, 0.25125686645099526, 0.27368241535983956], [0.26705884940007923, 0.24173693873960705, 0.23517541020447463, 0.25602880165583847], [0.2215922706833194, 0.21473518820109302, 0.26972312817585925, 0.29394941293972826], [0.25694419736405416, 0.25177535989975813, 0.234458032704605, 0.2568224100315828], [0.24829574062101684, 0.2139629859061504, 0.2586670602740469, 0.2790742131987855], [0.34031802790774696, 0.29434492512382543, 0.17525497478351032, 0.19008207218491738], [0.33867318940941527, 0.3143752274427994, 0.164281386446752, 0.18267019670103324], [0.3001951546863492, 0.289981709183656, 0.19470931870827526, 0.2151138174217206], [0.3278681961390892, 0.30697788070063076, 0.17402731731625395, 0.1911266058440269], [0.3026868398223436, 0.2916308721204133, 0.19907952972091592, 0.206602758336328], [0.2726796740939775, 0.2566393365261116, 0.22597913112549187, 0.2447018582544191], [0.3127395152197099, 0.29517888505857476, 0.18475733660481278, 0.20732426311690252], [0.30889936030740256, 0.2676173316885839, 0.20137402769487667, 0.22210928030913712], [0.2640491791939999, 0.22730005593466301, 0.24349687101319897, 0.26515389385813787], [0.2995482469048535, 0.29060897849523154, 0.19815373877041886, 0.21168903582949603], [0.31488572081646504, 0.2819693351444629, 0.18924497722512643, 0.21389996681394577], [0.3306255910011836, 0.2917064613942821, 0.17925135938967404, 0.19841658821486044], [0.28274227348080067, 0.255543994662016, 0.22479492222782638, 0.2369188096293568], [0.2668728202429237, 0.25866263081246693, 0.2261358696599167, 0.24832867928469318], [0.28298051468095403, 0.28415211429871273, 0.2046265080393489, 0.2282408629809851], [0.3323285983849614, 0.31863695744509285, 0.17032851858806916, 0.17870592558187554], [0.40603034718259734, 0.3805948961600925, 0.10047314484475758, 0.11290161181255326], [0.2666034392987435, 0.2333890933234516, 0.23894977763141423, 0.2610576897463906], [0.1952513903510407, 0.19249006200617913, 0.2943669380996948, 0.3178916095430858], [0.24840603704591044, 0.2391947054153518, 0.24036153346541497, 0.272037724073322], [0.28972917234798506, 0.2612933528553697, 0.21777572548011098, 0.23120174931653445], [0.18587640638231234, 0.17011502736486456, 0.3097562406239126, 0.33425232562891005], [0.3482149934791556, 0.32278841088269505, 0.15929373103589048, 0.16970286460225817], [0.3135397667417735, 0.2885681993028314, 0.19656034625140825, 0.20133168770398707], [0.2330183293574178, 0.21503432063789, 0.27033266480334855, 0.28161468520134403], [0.23858676251866714, 0.22558333341745823, 0.25258890944904866, 0.2832409946148264], [0.2292629273404934, 0.21104012971823427, 0.2734222655629495, 0.28627467737832296], [0.2014820784880912, 0.19057009556016885, 0.2931051301882864, 0.31484269576345375], [0.3291120540887804, 0.33460543412097177, 0.1585295574433178, 0.17775295434692998], [0.27166633360819825, 0.26846266148492076, 0.22334702833470238, 0.23652397657217825], [0.25718654445966366, 0.22653990740386248, 0.2544376656778001, 0.26183588245867434], [0.3111233107541252, 0.26867104101308664, 0.20078105987822853, 0.21942458835455952], [0.2778893566864661, 0.25809193218921744, 0.22304647173483685, 0.24097223938947918], [0.2823792290075705, 0.2532948945767731, 0.22175670937640343, 0.24256916703925274], [0.19522798746788747, 0.1770892759203611, 0.2988941312373286, 0.3287886053744222], [0.2254183337994791, 0.21920911379940256, 0.2676346133672023, 0.28773793903391587], [0.30534275124829163, 0.28322831675784566, 0.1982907509345992, 0.2131381810592641], [0.22263182411841778, 0.21287093777439164, 0.26555659800445147, 0.298940640102739], [0.2061941394412611, 0.19729433792699125, 0.2877468865037898, 0.30876463612795807], [0.33010459969691425, 0.284488819536317, 0.18051294268368342, 0.2048936380830853], [0.19245629670332526, 0.17330466924013121, 0.3067868391437364, 0.32745219491280797], [0.2898841297504495, 0.2611141890883544, 0.22139479167165294, 0.22760688948954216], [0.29681655672945445, 0.2377024823324877, 0.22487234101636008, 0.24060861992169788], [0.25133247984087015, 0.2441503005858034, 0.2430119150528676, 0.2615053045204591], [0.2814295148852589, 0.2737549734277082, 0.2177179102079605, 0.22709760147907296], [0.31444382987185826, 0.25375175871706, 0.21276779627898157, 0.21903661513210054], [0.23756334812343377, 0.22286925611457947, 0.26509232757937645, 0.27447506818261036], [0.24985630357399197, 0.2292719712988027, 0.2518150528888254, 0.26905667223837987], [0.2133751425820159, 0.20242796000136576, 0.2823597251600526, 0.3018371722565659], [0.2463072447737232, 0.22298255536406658, 0.25692731565710375, 0.2737828842051063], [0.26224020322106184, 0.24472955661327536, 0.229416852178314, 0.26361338798734907], [0.2686035388390374, 0.24623810548388333, 0.2359710153005172, 0.24918734037656215], [0.24477992558993691, 0.2306859793966782, 0.2504720199787645, 0.2740620750346208], [0.3198710687239993, 0.2866815834955402, 0.19179108479194218, 0.20165626298851885], [0.24103559705260988, 0.228838129805274, 0.2557081983716774, 0.2744180747704388], [0.2776390323165951, 0.2701860381340017, 0.22146038437116697, 0.23071454517823667], [0.24873276190196425, 0.22348795974954452, 0.2593776730516514, 0.2684016052968398], [0.15039535346514024, 0.14827476635863313, 0.33865483067308927, 0.3626750495031371], [0.2773678643014669, 0.26778689183932775, 0.21913237428041601, 0.23571286957878962], [0.2979448644248502, 0.27912517004443915, 0.20140690769923977, 0.22152305783147033], [0.2684597356872455, 0.2541103421983898, 0.23091940949998266, 0.2465105126143822], [0.25127076663530384, 0.22741241994696074, 0.250504294998387, 0.27081251841934795], [0.2546081309576791, 0.23681108567506295, 0.24750983710731475, 0.2610709462599437], [0.2700320660988171, 0.2472207332589802, 0.22854942141817372, 0.2541977792240286], [0.23587583070766646, 0.21561334479249222, 0.26378936902982486, 0.28472145547001665], [0.2429174210921754, 0.2163620259161495, 0.2592665620845884, 0.2814539909070863], [0.2802643011077541, 0.2616508251593848, 0.2184714295288704, 0.2396134442039905], [0.2809272389108571, 0.2649341642726977, 0.21164218759382794, 0.2424964092226169], [0.3053690406459201, 0.27727118928274613, 0.20103912264007986, 0.21632064743125448], [0.25707051471896303, 0.24017466685327596, 0.24129356897134183, 0.26146124945641974], [0.25044053496790925, 0.22664297769281405, 0.2513354726117816, 0.27158101472749474], [0.2805040545496532, 0.2589352895598873, 0.21877909327120326, 0.24178156261925599], [0.29841009737215546, 0.2819284324876864, 0.20122958537498797, 0.21843188476517006], [0.2060939421630116, 0.19590983573866252, 0.2882517264478613, 0.3097444956504641], [0.2881841600064598, 0.2702298092792701, 0.20807154757413485, 0.2335144831401357], [0.21422357363240957, 0.20401806197512673, 0.28330061016830116, 0.29845775422416265], [0.3314010318864055, 0.3067388667008363, 0.1729951819761651, 0.18886491943659306], [0.26026033421294886, 0.23911481522660102, 0.2397692686297832, 0.2608555819306661], [0.2864325087913355, 0.2668029783195531, 0.21406777947088268, 0.23269673341822825], [0.38759588216955293, 0.3437870596070691, 0.12723108491633084, 0.14138597330704716], [0.2647345304326839, 0.25397902184816007, 0.22733495481387728, 0.25395149290527896], [0.23730730246930418, 0.20445414639800055, 0.27261235416011154, 0.28562619697258385], [0.2923737361837649, 0.2744867409725043, 0.2073725295166679, 0.22576699332706382], [0.2793768842215264, 0.31222298799633136, 0.19315431514034903, 0.21524581264179315], [0.2898664965188563, 0.2708333908170015, 0.20716745760769364, 0.23213265505644803], [0.17804849278165, 0.1670298161533291, 0.317466425805455, 0.33745526525956643], [0.2355615464113305, 0.2170249888039001, 0.2636150135469577, 0.2837984512378117], [0.30946364582963387, 0.28943848177646153, 0.1963513125047231, 0.20474655988918136], [0.2089380592900885, 0.19238398126632256, 0.2942691637164002, 0.30440879572718876], [0.263133754779444, 0.2710457809996638, 0.22311599803251697, 0.2427044661883744], [0.25650207419151655, 0.23530634321624724, 0.24327752904368571, 0.26491405354854974], [0.27038158276628993, 0.2750311869123047, 0.21923576662357855, 0.2353514636978263], [0.32897517712902113, 0.3519112261469107, 0.1531644821114585, 0.16594911461260992], [0.21695668866848983, 0.19221147457617158, 0.2856441948568206, 0.30518764189851827], [0.35896375603778685, 0.33080657488501425, 0.1508737439894608, 0.1593559250877382], [0.19095045904565253, 0.17774280853598523, 0.30864154475785, 0.32266518766051283], [0.30844788882694385, 0.30203144270397936, 0.18708917545618228, 0.20243149301289434], [0.28217832750404176, 0.2560940508757097, 0.22166180225561333, 0.240