{"estimation": {"a": 4.648405183982535, "rho": [0.1229813364418922, 0.1341343959413814, 0.3149749718288601, 0.4279092957878659], "Mu": [[-3.0238509937666067, 0.520289778812432, 2.2978974744478036, 1.6052075646772126, -1.523739059058889, -1.8047782591187063, 0.7699477580753682, -1.8450404460063823, -0.682069560390247, -0.6826037847445318, 3.497600221114208, 2.6605136855824063, -2.125969415847538, 1.8392916303698132, -1.3630472837615457, -0.6686067390967456, 1.675697276092155, -2.774131345665156, -3.7623243576925423, 1.0734823592577438], [-2.3348225257264534, 0.8916774857883183, 2.6607393107225774, 3.920880204328375, -2.4294799253086543, -2.1118786497262008, 0.4307179657028114, -1.3132277853649883, -2.097936405734371, -0.16760482027906687, 2.341672193726615, 2.228484994974578, -1.8265503125552933, 1.0838873835193819, -1.6353643324041043, 0.3479105479105545, 1.745170722960185, -2.9452082202159393, -1.7019987438610944, 0.9314080206299463], [-2.079106402674611, -0.45676571502611163, 1.6256325363801658, 1.3548936332871806, -1.885187498640165, -1.3777700194066456, 0.8239146963896412, -1.6458272056018277, 0.1205870691848188, -1.7136180867898945, 2.9429723733340785, 2.260937161396098, 0.12948647967111485, -0.2982902799619801, -1.4846421473985307, -2.448137034188204, 2.108609078671877, 0.2615048496387983, -1.2709696279234564, -0.6010225230195226], [-2.075320546462231, -0.0343179300929486, 1.322843286001532, 1.019641813875221, -1.988099934930023, -1.233308413062213, 0.803497645092798, -1.51308012380379, 0.1852108198674692, -1.6024740565655848, 2.9400425593465056, 1.9606654116253235, -0.12453859787668621, -0.2648862117124475, -1.3856420105266964, -2.5723308349517877, 2.1904674704476648, 0.8476709288481779, -1.2802544495646617, -0.5383276146389148], [-2.8371647858572873, 2.7398353239732116, 0.9934077306369675, 0.5813844617750512, -1.4302932797418213, -0.7509845506578327, 0.9665549883165512, -1.6753316206646038, -3.3786918856776915, 0.47152539437603785, 4.472380220685157, -0.28825088545973704, 1.1242893426535419, 1.880936429890395, -2.1414523296679002, -3.7003030265645322, 1.9438347155771378, -1.992431727801177, -2.495490501252442, 1.7495263380705421], [-2.7081150300045307, 2.367803197089491, 0.7970540585763919, 0.20185862687591802, -1.3674803385984202, -0.718163301128081, 0.8550864348962158, -1.7106212512532337, -2.5063419541201686, 0.4872619925966974, 4.426522537199021, -0.18598223714837406, 1.345824731535429, 2.1617348489234405, -1.8527651939767782, -4.241595224473058, 1.9269147378028781, -2.1524250550666144, -1.8264243751270894, 1.8998126260944153], [-1.1418123881799744, -1.0811563839473424, 0.8194861464927622, -0.7885964094892723, -0.8718312611527725, -1.3568713943782673, -2.6778840935767914, -1.0807427657995883, 2.4523261919173573, -0.5706093078785781, 3.0880890041900635, 2.533918608834445, -1.162538649492035, 1.2086664899096276, -0.5340458317585198, -5.168526630689905, 2.4742802169061306, -4.449427595566929, -5.328511497044306, 0.11105876483613752], [-1.9421504972145167, -1.7033976313256176, 2.260594306864005, -0.6359110800579577, -0.987177250400611, -1.593842512209439, -0.6836388775266112, -1.140604706765645, 1.5655185879768452, -1.3300866083929905, 3.076084225892414, 1.1634963363609718, 0.3346266045495046, 0.6967391517705228, 1.4202645714706228, -8.451363721042904, 3.320065989407914, -5.009640009426086, -3.435413631906373, -0.25216250384196864], [-1.3797881516061583, -2.829869990049971, -1.2338685335165054, 3.770159691677883, -0.9907159470508194, 1.6091219323916188, -5.29962114908472, 0.32074047582497617, 1.8704112850323098, -3.129671950000859, 2.94699838794369, 0.6565926628085473, -1.7559436744890473, -0.975622089256054, -0.8250039299875735, -0.3696927652768425, -0.41628147878709565, -2.8920045557669942, 8.529955024473184, 2.01185831517192], [-2.8573599249447375, 5.313422756751538, 3.603178641738874, -0.1572152335795775, -2.232675270852684, -4.9210194298297285, 1.991859207102032, -0.9215460214109127, -0.37853180817779997, 1.0351280011272415, 4.013877010846755, -3.1040223367704716, 4.298328395127264, 4.546139504531893, 0.14744687051922223, -3.04284325318324, 3.7327632124188006, -2.173411371353511, -8.444051400244657, 0.8091648685938388], [-0.818234876247651, 0.42866861336603224, 1.5522052247557767, 1.1817288233620278, -2.259892582001714, -2.5214568069883962, -0.2108461879498208, -1.211822612758088, -0.5538953335697919, -0.38831295649944214, 3.563852122029746, -0.6865932812916985, -0.8645758824397983, 1.322740946124804, -2.38770490964807, -0.989132974032723, 1.4600684599007758, -2.3161036663071517, -3.5908070934803935, -1.5817433360298383], [-0.9972871439003939, 0.730440195243449, 1.859877759373476, 1.3192657955821132, -2.197969478502689, -2.442500331324915, -0.016530504309692953, -1.1300171782098927, -0.30500490819784226, -0.5207619290443233, 4.0009218788766505, -0.013883977742028151, -1.3704772177940434, 1.6123108495920435, -2.9718391488568696, -0.4026620687208864, 1.5406072178011343, -2.7933148611439793, -4.378358674676936, -1.6186981721486342], [-4.338116142200111, 1.8617070893344558, 1.5325024076209208, 1.1335780524673817, -0.6451914315846764, 0.17375338766969545, -1.1759102498844876, -1.255454887155317, -0.8460183734354664, -0.6621361913995865, 3.069955299420772, 1.3623882748372194, -0.602110075589777, 4.108404833687616, -0.7254920105027112, 0.3538101878337831, 0.8811071430860379, -2.22162476018859, -0.6631973470837393, -0.6335437848266656], [-3.9699811624003076, 1.8464729175592502, 1.4166735714592698, 1.5080137110598124, -0.6241724534504647, 0.2164419694838358, -0.9065081500915099, -1.2854717353493685, -1.2406975463775405, -1.0081707176673504, 2.8908164847816065, 1.352175528250066, -0.30101271520136336, 3.9857777701828536, -0.7825547106454043, 0.11056774093049984, 1.1084237564420143, -2.1566768247921075, -0.1662893713362195, -0.6240035271948935], [2.741423688021382, -4.3523556680384985, -2.204727811821352, 2.1954488823681033, 3.6028260981136726, 4.75302620752955, -3.0094421540153258, 4.080277148036807, 1.71781485899302, -3.2618829961798776, 1.4212676469847287, -2.4916237721443024, -0.6631901370897817, -2.545259016674818, -1.9070597545811974, -3.068540628430683, 0.24237151665170328, -1.6207364168100664, -0.5693633591588856, 0.6115494835132814], [-4.763496404633288, 0.4323581425156673, 1.8685713699522375, 1.955078900649779, -2.29954553323583, -3.613861166313518, 2.911383628400506, -1.8818533706433864, 0.5849614920175445, -0.6568120852845725, 2.1433175418177854, 0.34621367011348003, 1.2109756913404297, 3.417087414433514, -1.3947697840979822, -5.099613953190304, 3.8443802395310245, -3.0781973043791466, -7.818354827365067, 1.0900216987786011], [-1.9551420162431554, 1.6443885089651322, -1.1714792759787578, 3.0944379706081424, -2.1170117009901346, 1.9309522058687387, -2.196633524825838, -2.436708207725327, 2.8613021093065183, -1.4427885194953123, 1.7544514122323385, 0.7483929731382264, -4.044559194210437, -0.8501592348943104, -3.6379910644182485, -3.5343708491690773, -0.4031361156759834, -2.223441288326055, -2.5149000137557125, 0.2427508881613386], [-1.5199312904974427, 1.9285631125645475, 0.3107427511392895, 1.4420774193556765, -4.18472428735036, 0.6580730731574091, -1.7872212540980466, -1.8455546753935292, 3.936311667903428, -1.0796733803445084, 2.691291391704971, 1.5895035859774107, -1.9237611722864507, 0.5136372917584564, -2.3354472571680307, -3.0142860861254506, 0.7352427436684277, -3.877820401849283, -4.592590638992499, 1.1824953457586171], [2.2575408457957784, 1.6818751617268635, -0.9998690144489583, 0.17315601810591258, 2.4965956742236166, 0.45887902907281775, 0.7677681168287072, -3.455839938506851, -2.153675021757854, 5.834668049080958, -1.4140742276217346, -3.890379977508475, 1.6238666694287915, 3.7484693817662187, 4.077396798119157, 2.040459980560953, -4.9326486427024925, 1.8653011000435231, -4.863882477466565, 1.1299295157937574], [1.5402120919731732, 1.7395816857146642, -0.5862596257683482, 0.35620576896580686, 2.060547760343218, 0.44720081827509683, 0.6674349782481458, -2.3198660424654856, -1.6505977501024178, 5.463185849707047, -1.888695837284133, -3.7811975709781978, 1.265311834943509, 3.734483344003087, 3.6015450963280697, 1.205791011674271, -3.0992743495331188, 1.559412724516174, -4.810070824730207, 1.3178885720383622]], "Lambda": [[0.5801770179926556, 0.31038110612312697, 0.5666664134714303, 0.4861033462018933, 0.46969004152571614, 0.32917971733734985, 0.4909465374827247, 0.5423737304774284, 0.423929648596118, 0.591649780934275, 0.48952511502269475, 0.5024997764724822, 0.5658514435121362, 0.4147998699775414, 0.6794114079510093, 0.5995947852259995, 0.7161706196869925, 0.4765804434576434, 0.35421241146548066, 0.563657136051479], [0.6681353117073134, 0.3076671552726495, 0.6298601227533014, 0.4040382969946377, 0.48299328638018685, 0.29702247364228257, 0.484092742756277, 0.5454370558850263, 0.41849150920784034, 0.5447815139917083, 0.45368386506252495, 0.5281179583072741, 0.6647638491964558, 0.438900262272436, 0.6661875895926034, 0.48498206579969905, 0.8104646439884328, 0.4841333804194097, 0.4597311897003152, 0.460707744954851], [0.4627332882009, 0.3202517449610803, 0.5989395848097209, 0.5700383381999954, 0.6217857954356286, 0.5374502366194317, 0.5209245479636914, 0.8491432516744337, 0.43136140288314445, 0.5448545810029205, 0.45119568987090425, 0.45056765148738454, 0.5255766031471047, 0.6239191424668115, 0.4460755243379012, 0.3344962521398265, 0.6221824058970331, 0.33276669260986813, 0.16134221142601304, 0.5318510202369481], [0.4669975001923487, 0.32073531816949913, 0.589333007664965, 0.5999405960715609, 0.5903246533409657, 0.5319736532886126, 0.5284877862697974, 0.851659759123137, 0.4143636630177611, 0.5508544263312829, 0.4399168992415758, 0.4296022914359792, 0.49326206477286355, 0.5811170021252988, 0.4341876437842504, 0.3386045557322984, 0.6341325333001632, 0.34606642485570793, 0.15308487467589044, 0.5110503691358094], [0.44331574163968895, 0.4450354605046326, 0.7109923089134004, 0.5030110868061267, 0.5457686692117207, 0.4285014814511394, 0.48960571345501114, 0.7830068512072835, 0.43267581745458994, 0.6810312351103748, 0.47177748875087905, 0.5538121126658561, 0.5054722482195, 0.5736372245477583, 0.5253061243448816, 0.4065525643388588, 0.5673800234007269, 0.47576123528420056, 0.3451434407049637, 0.4370366018955068], [0.4248945818253368, 0.4346289812433781, 0.65975395002928, 0.47185310066953995, 0.5667959394900473, 0.41033715063846704, 0.44136880324918654, 0.7274675101656393, 0.43152598587831786, 0.666150860457671, 0.4554070497689193, 0.5323695115389467, 0.504908532642437, 0.5657121089952881, 0.5131302491166263, 0.38397854242709195, 0.5604122454406958, 0.4819497478757595, 0.339244495559849, 0.4537150375483407], [0.7046436057070897, 0.40615661751011456, 0.4357773800706256, 0.6574535266515956, 0.6743874820881464, 0.44794100972503886, 0.38356958613169523, 0.470767396736084, 0.48468084112011584, 0.5756982998797121, 0.5555951206238646, 0.3814838166733409, 0.4322861404683386, 0.4980149295373261, 0.5731972551167825, 0.23020598813951682, 0.6524532756785214, 0.5203182866232754, 0.4381570812183275, 0.63072162780429], [0.7808664674106233, 0.29575213841439313, 0.38079450265721965, 0.6332390872811609, 0.49716626511512924, 0.4926693808123015, 0.3653846592122889, 0.5152580190793032, 0.518607267600977, 0.6224339783122381, 0.6181690928652532, 0.368660904407797, 0.4803953783781168, 0.5173658325581229, 0.5430143149533783, 0.19186427499306216, 0.5773456489779087, 0.5357552642906025, 0.5119521447394731, 0.646849668097607], [0.5229050029277647, 0.39271117667308275, 0.29066145025999457, 0.4274939189023503, 0.6988534226190393, 0.715921146628663, 0.509808391210965, 0.36996161336165106, 0.38235312657703935, 0.6015362210073371, 0.25261925896951276, 1.5667790809518385, 0.45088241175193783, 0.3481945331689319, 0.9736526477771288, 0.45466125742345526, 0.7443408010292997, 0.7431960524687072, 0.21369474589389387, 0.5620680920876444], [0.7227399829025326, 0.15116365419531433, 0.492090841457751, 0.6341368586324911, 0.5641164955831977, 0.6051858733347516, 0.5456514466335098, 1.12291050057939, 0.41491714043353217, 0.796600399157295, 0.33020852503952697, 0.19125321079991886, 0.49504102450571325, 0.5813016333502857, 0.7050095572421419, 0.41686189903800586, 0.8764001309504088, 0.3321271156164313, 0.22578804430095606, 0.5862028680578137], [0.6666904839671535, 0.46930264253440807, 0.5031218567225839, 0.6446331396360427, 0.4120898821594118, 0.4155471794804375, 0.46536072829614755, 0.6694144069523895, 0.5531257395322551, 0.598142213639801, 0.444952149620855, 0.5972858188953161, 0.31232176254922345, 0.6080453223311117, 0.419031929938322, 0.49804643355988587, 0.6715469097032043, 0.42675438500514523, 0.25406175197372644, 0.3800262710523907], [0.6764063945350225, 0.4537865332118296, 0.49449153933092665, 0.6857761028647797, 0.4471837957299353, 0.3832237444273091, 0.44133452434050013, 0.6965803091806355, 0.5130294039981173, 0.6000965212065597, 0.4259609389552437, 0.5827512694985021, 0.2795850489702408, 0.603000590089919, 0.40960441657501667, 0.5265645782485311, 0.6797910337469042, 0.4391898940891187, 0.25965551299593603, 0.37845829470410813], [0.5303479409717542, 0.4336068245338921, 0.40355218404551435, 0.4969534468275045, 0.8072629446466777, 0.5030714093336871, 0.41329738824676243, 0.6413214427193198, 0.3235905949525024, 0.4853112430627317, 0.487480360029423, 0.5105690026252396, 0.4119385645950938, 0.5395033077469726, 0.6835872915523707, 0.3133544560584116, 0.47097874379563487, 0.5901387034752927, 0.1683523417092062, 0.538007474411807], [0.5429747565976585, 0.42019431317231387, 0.4108613171174008, 0.5169301496280103, 0.7984987880058819, 0.5441869205770415, 0.3800780303873337, 0.6534265409718771, 0.31020676391108004, 0.4690489488160083, 0.4658569915689048, 0.5032686001158029, 0.3997427521734502, 0.531323340761869, 0.7021505249789382, 0.3244876049472226, 0.4676449662891237, 0.6350241596975458, 0.15538110058709817, 0.4962935813648086], [0.49447527638360367, 0.37076038568138536, 0.49058763775517567, 0.6065908592149115, 0.4177996271254336, 0.30800286637086555, 0.6359092836132791, 0.17890829040571962, 0.4799804658744842, 0.3938179430542688, 0.36318088567073653, 0.4450472772069621, 0.4511488722569753, 0.7118297209500577, 0.5577137167491965, 0.40941768266342066, 0.9115157560105499, 0.4768034691656549, 0.352848533743069, 0.5810079424753751], [0.44569095985889895, 0.22712549869930415, 0.5040029377898736, 0.7305311564755997, 0.9448552127954989, 0.5882377763284673, 0.32319259971720476, 1.0193813689738942, 0.6312899977708646, 0.6439834875515259, 0.7077569020786062, 0.7453270255752197, 0.4090343712658669, 0.25766175183780565, 0.5879250999377501, 0.19071904474972215, 0.4689424606540625, 0.3015385746465986, 0.21209221655837893, 0.8315582767113538], [0.5752273866579194, 0.42880220879689873, 0.4951387602600603, 0.4269452356477835, 0.6022789306546796, 0.7928038885035938, 0.5038657912700351, 0.37213589995851587, 0.423126203975272, 0.4129680841015983, 0.5571018487824668, 0.5639280532830959, 0.27106055584868805, 0.4232408547492402, 0.33953329353132783, 0.34949518517460476, 0.8182023168222599, 0.5526703039670247, 0.33299862286881293, 0.3978877213073743], [0.6078641704000259, 0.3767544256152901, 0.4104425487688701, 0.5343288998289689, 0.49329218931478014, 0.6954456888486418, 0.32690768738363063, 0.406375765542926, 0.34156339716397927, 0.43432650704284514, 0.5665389810049081, 0.48848673206070475, 0.31455077292971695, 0.5107267173807971, 0.34682355759378347, 0.4680427673763549, 0.8699095469072757, 0.4629040959550127, 0.234935478984473, 0.3897458955284831], [0.2792805511233412, 0.42340768406938184, 0.2759167622640137, 0.42001238886606745, 0.27715020182148187, 0.2738937924702611, 0.37040241395373924, 0.17631384776855868, 0.4256015815366376, 0.19385606996611962, 0.13187129447658197, 0.21296591151203453, 0.2440045210864461, 0.21527341457759805, 0.3571179873989846, 0.22057827648673015, 0.15321277885789492, 0.33644364947218813, 0.14525916466217684, 0.723655600489762], [0.25883500604012594, 0.338142892872697, 0.24731739457043136, 0.3511594586747043, 0.2311180933502869, 0.23534056086159147, 0.2995212715229825, 0.13266327049336715, 0.3490601686281516, 0.16962743838118147, 0.12202428125077429, 0.18897050230224816, 0.2197141250810998, 0.22184949253724426, 0.3339995718263784, 0.1845956112500732, 0.16342569585008304, 0.26066168126039874, 0.12754059662988487, 0.6537671058424271]], "G": [[0.2099408656491482, 0.1585701654798582, 0.2616753098212361, 0.36981365904975744], [0.08512313454882586, 0.08591130832813659, 0.34981416138900406, 0.4791513957340336], [0.06559323570586564, 0.07618264503118136, 0.36374487973863345, 0.4944792395243194], [0.05834876691437905, 0.24124101578245882, 0.27621665301282355, 0.42419356429033844], [0.035284132147761035, 0.046214132149620335, 0.3866072839626174, 0.5318944517400009], [0.10709858176146841, 0.15119961028894044, 0.3074770422037003, 0.43422476574589064], [0.07049492902855808, 0.02691112106567079, 0.4169783938234711, 0.4856155560823], [0.16011529866004956, 0.06362083577997783, 0.3116993899932563, 0.4645644755667163], [0.15093413537717976, 0.22449903070610952, 0.24768366715323, 0.3768831667634805], [0.03452955140041454, 0.025458461333943822, 0.4158719758762969, 0.5241400113893445], [0.025756822170085483, 0.028837214011183263, 0.4356406664996078, 0.5097652973191237], [0.14105223025872984, 0.14826023771485744, 0.2938237337267844, 0.41686379829962755], [0.13527766385822798, 0.1170876679979376, 0.3030990494318196, 0.44453561871201436], [0.1114140887422657, 0.12855209253284602, 0.3201801983300587, 0.43985362039483056], [0.07847380017823588, 0.08435944511355108, 0.37753343360695346, 0.45963332110125976], [0.2666061526643621, 0.28166071271697346, 0.18015740395918522, 0.27157573065947904], [0.19743846391627778, 0.06929332231289495, 0.31722025490808886, 0.4160479588627388], [0.2129862125525147, 0.18878712934615358, 0.26245598422334915, 0.33577067387798215], [0.018703675461105105, 0.018161699144361287, 0.39525382569006484, 0.5678807997044686], [0.09624414018885645, 0.09460067366066781, 0.3349589640928095, 0.4741962220576664], [0.1279252733250248, 0.13665135447819066, 0.3102556754031171, 0.4251676967936673], [0.02803828798477975, 0.021681924955929844, 0.41320404840528147, 0.537075738654009], [0.039700735406457605, 0.26061820519649687, 0.28975498900648505, 0.4099260703905605], [0.014142516623491821, 0.014828977581474641, 0.4410750451094504, 0.5299534606855825], [0.030938156416135263, 0.0437938577564521, 0.3917247122647227, 0.5335432735626907], [0.03689389273891254, 0.03016667843580318, 0.40769081137991253, 0.5252486174453717], [0.1421302737310675, 0.3377438799879793, 0.21164334089410372, 0.3084825053868487], [0.27725612289232315, 0.28828218719538773, 0.16967134060098793, 0.26479034931130185], [0.04353183004746142, 0.05540165877004428, 0.4104183549427186, 0.49064815623977587], [0.02816105798298344, 0.03500697316631523, 0.40175229664359374, 0.5350796722071067], [0.13842623773967022, 0.10860550461622162, 0.3013487804794353, 0.45161947716467266], [0.10564496794082573, 0.1173952672646217, 0.32913781298935857, 0.4478219518051941], [0.04299137038595166, 0.23407890469418885, 0.3013487525260389, 0.42158097239382075], [0.031067093192830242, 0.02771579958662123, 0.4410798285140681, 0.5001372787064802], [0.09218931126594987, 0.09865184909986474, 0.3517117499942056, 0.45744708963997954], [0.005295725151506491, 0.006072676111793619, 0.48529630244852506, 0.5033352962881752], [0.1210932282770968, 0.02167418512785211, 0.377196544006829, 0.4800360425882221], [0.08486863650606077, 0.07234296826645577, 0.3446036586597123, 0.49818473656777146], [0.11314439028453348, 0.15582538028559426, 0.29750337569649044, 0.4335268537333827], [0.25400629727181784, 0.2671838190453654, 0.1891976970772817, 0.2896121866055339], [0.1433218270721132, 0.14755578006742884, 0.28792110819691863, 0.42120128466353923], [0.08225258289638772, 0.20023679362005556, 0.29714977427791583, 0.4203608492056416], [0.08846799697000976, 0.08535173273427303, 0.35725283754963333, 0.4689274327460832], [0.03732480622663169, 0.03892566778762828, 0.4077426114834689, 0.5160069145022705], [0.01031483182825023, 0.1729351697744807, 0.34014681236534505, 0.4766031860319243], [0.129325719690124, 0.22858034148263762, 0.24824063372824245, 0.39385330509899535], [0.11885302539192083, 0.10280174846727946, 0.3186289984048192, 0.4597162277359812], [0.23505489167722704, 0.07228419072691389, 0.28391789401724954, 0.40874302357861075], [0.03392433298650432, 0.03924152393809237, 0.43545654380440346, 0.4913775992709995], [0.22144789181172803, 0.21234457011326793, 0.24049096152981803, 0.32571657654518604], [0.03260657877208065, 0.03624555626191316, 0.4198443419177241, 0.5113035230482825], [0.1540692922889858, 0.24043260153193124, 0.23839861645951269, 0.3670994897195707], [0.1920211180478901, 0.3524620921711241, 0.17348877171718494, 0.2820280180638001], [0.19195866822652755, 0.1682537063804664, 0.2541980298742208, 0.3855895955187849], [0.10923358031276208, 0.010847589359334157, 0.3944271143949083, 0.4854917159329962], [0.14842795638869316, 0.16018688470434636, 0.29538678894931103, 0.3959983699576498], [0.24482832144779113, 0.27892985529308395, 0.18824885273498462, 0.287992970524141], [0.12498180374694033, 0.08973216284549598, 0.3258248474347679, 0.4594611859727954], [0.08343840674548678, 0.09608969118689782, 0.34677727447638085, 0.4736946275912353], [0.2667084506610032, 0.2239004601192346, 0.21218005858517033, 0.2972110306345923], [0.08051609615367586, 0.09187342329113925, 0.36483691673776747, 0.4627735638174175], [0.11273218694222374, 0.12698818304968681, 0.31125510027733516, 0.4490245297307545], [0.23290888069404453, 0.255147622771952, 0.196758435942783, 0.3151850605912211], [0.2010185409873225, 0.2501892433775698, 0.21723674429471299, 0.33155547134039504], [0.27347519796941755, 0.25478766431489724, 0.1796336052184897, 0.2921035324971954], [0.10380981648280636, 0.13499110529589028, 0.31209452794624487, 0.44910455027505886], [0.11047839720826304, 0.03102731737681396, 0.35249438094985464, 0.5059999044650689], [0.07233284926619928, 0.08436772388397797, 0.361021806964064, 0.4822776198857588], [0.28983560845780565, 0.20103857649836113, 0.20637539143562839, 0.30275042360820525], [0.013369411962229585, 0.13012121599010767, 0.36706949118420307, 0.48943988086346], [0.0923097325599357, 0.10210108735242769, 0.34469180165358954, 0.4608973784340474], [0.244537318822074, 0.2242842999104934, 0.21529352721807127, 0.31588485404936145], [0.10275521307853434, 0.04760466670722997, 0.3576010538780957, 0.4920390663361403], [0.21040155976138575, 0.16698718720170763, 0.2492706476885962, 0.3733406053483102], [0.09904275938190585, 0.12004562021091043, 0.3168667485970168, 0.46404487181016635], [0.11811375443830664, 0.11131431073659168, 0.34803421169001186, 0.4225377231350899], [0.03378000250469579, 0.03823096049120056, 0.40544430156798217, 0.522544735436122], [0.1909037841256189, 0.32169782188426743, 0.18715847275810668, 0.3002399212320078], [0.09853360255207166, 0.043315661380223344, 0.3517829496169597, 0.5063677864507445], [0.03678117788362892, 0.2422125514851032, 0.3082764318490312, 0.41272983878223646], [0.04540606163758554, 0.06148949938264845, 0.37752909513213934, 0.5155753438476257], [0.3001529040374681, 0.17963067918742234, 0.20770042120570095, 0.3125159955694089], [0.017128828974205416, 0.01781913482033651, 0.4421219368145943, 0.5229300993908638], [0.22464065386360435, 0.23805448570771753, 0.22063307977657648, 0.316671780652102], [0.11006837219943966, 0.10917015199496283, 0.33055415139477273, 0.45020732441082445], [0.32771094151766506, 0.1557891453904315, 0.20155442353623362, 0.3149454895556703], [0.018460831042591934, 0.02111456888709053, 0.41153384828991996, 0.5488907517803987], [0.2095945764905935, 0.17150778960379984, 0.2529064701846498, 0.36599116372095647], [0.07062787105256853, 0.06911302787239997, 0.3580489825895705, 0.5022101184854607], [0.09295868911254865, 0.11400129815858259, 0.3225122619358913, 0.4705277507929776], [0.06970258352715518, 0.08196477874659244, 0.35806178230812646, 0.490270855418126], [0.40809012778524967, 0.05718171494542, 0.21974649846472347, 0.31498165880460693], [0.04801792560438296, 0.23988644274610327, 0.30126708230210414, 0.41082854934740914], [0.08839305188077638, 0.07790586221538345, 0.3491057477151063, 0.4845953381887335], [0.01457440198357327, 0.01376341216440563, 0.4275434636308096, 0.5441187222212106], [0.0855898142275842, 0.44796500335540274, 0.18613191455821257, 0.28031326785880095], [0.021705781874658138, 0.028989041889510146, 0.4280381496729836, 0.521267026562847], [0.05313975333399049, 0.05759517978446488, 0.42045354073345714, 0.4688115261480869], [0.16250949464397166, 0.17044080431254996, 0.27294203550794344, 0.39410766553553583], [0.061435444471611755, 0.018985301875390874, 0.3999097740565479, 0.5196694795964488], [0.10301892953741439, 0.42345862549418817, 0.18195135657670983, 0.2915710883916873], [0.19710190765884614, 0.2709617678676575, 0.20927380679778962, 0.3226625176757072], [0.12037315760960711, 0.12649830662871503, 0.32200678042972597, 0.43112175533195213], [0.3068121565325206, 0.3135816948732934, 0.14429438072252354, 0.2353117678716621], [0.09608473095535205, 0.10816094460448429, 0.33438594799124954, 0.46136837644891326], [0.24624175209684318, 0.37277168625258783, 0.14742870794404303, 0.23355785370652604], [0.29026962191030803, 0.17309287536677387, 0.2181853953803664, 0.31845210734255147], [0.17548067792348201, 0.09147333227445195, 0.2941206904773482, 0.4389252993247173], [0.20698348510724404, 0.007186994246932679, 0.3554554288272155, 0.43037409181860803], [0.13576896409329678, 0.20907787201104597, 0.26999154559986965, 0.3851616182957881], [0.03195161344744064, 0.03657046879106459, 0.4282133218671585, 0.5032645958943354], [0.12290562642562897, 0.1323273668879349, 0.32003680177012206, 0.4247302049163143], [0.01350693297068496, 0.0155735401720853, 0.46035538021387057, 0.510564146643359], [0.061055301782711686, 0.046563817482665276, 0.37918683650118407, 0.5131940442334394], [0.09235533853521062, 0.0993390450500253, 0.3299510195760025, 0.47835459683876175], [0.07898442281970632, 0.08765569965724389, 0.34985542374553413, 0.48350445377751533], [0.14235231247933391, 0.22945225969147026, 0.28350266849183714, 0.34469275933735827], [0.04511400085274132, 0.0555678508423158, 0.38551292764659667, 0.5138052206583463], [0.10256773444426485, 0.10550462420242322, 0.3430740957160498, 0.4488535456372626], [0.12883050043393307, 0.13270109674704986, 0.3130734365928706, 0.4253949662261458], [0.25341763134963463, 0.18173140185833214, 0.22534265239458784, 0.339508314397446], [0.13134046758699816, 0.09719123233944683, 0.31895700019999396, 0.4525112998735608], [0.015415289087674576, 0.018395469026330886, 0.4348992906334363, 0.5312899512525584], [0.2090879668094296, 0.2138087675016249, 0.23110566558506204, 0.3459976001038839], [0.07736855454301018, 0.07480334835477043, 0.35616965325640093, 0.4916584438458183], [0.06222653451035768, 0.06792998202121828, 0.3873286868896087, 0.4825147965788149], [0.10420819310595825, 0.09716931083825928, 0.3268536309472369, 0.47176886510854654], [0.04149017146383858, 0.09103347590181626, 0.367828213557338, 0.4996481390770073], [0.03266021137956977, 0.3612303564636847, 0.24256302316463005, 0.36354640899211454], [0.11269107712446683, 0.16691381889890666, 0.29816354105362264, 0.4222315629230045], [0.12290919472085678, 0.12974491133294946, 0.3038123514170612, 0.44353354252913335], [0.13714893958444838, 0.14706863698138573, 0.291913144568501, 0.4238692788656645], [0.3936467514889995, 0.08192765028641028, 0.2136204159173802, 0.3108051823072103], [0.12851320107421976, 0.33855657752643165, 0.21365606401637346, 0.31927415738297477], [0.2473051461278447, 0.2596691978903747, 0.19788093604564364, 0.29514471993613645], [0.13274512154423926, 0.06819665144774684, 0.36285977951098153, 0.43619844749703335], [0.22671005147936085, 0.23987179303548223, 0.21531768047255062, 0.31810047501260547], [0.2811034708773163, 0.1967555756892639, 0.20304486304929123, 0.3190960903841286], [0.18194109409753406, 0.18333845587965672, 0.26079855040665384, 0.3739218996161564], [0.10609330113572997, 0.15820237670413775, 0.30781990872642967, 0.4278844134337027], [0.054720742774672954, 0.068401555055666, 0.3610648925913654, 0.5158128095782955], [0.04081358330506308, 0.05500503587414388, 0.4216247149064054, 0.48255666591438734], [0.16577076620447675, 0.19519423824883894, 0.2595042957653869, 0.3795306997812972], [0.1948983141116138, 0.21455314423852984, 0.23715730861984927, 0.3533912330300071], [0.09620566717524698, 0.11302786753267248, 0.34055018122679026, 0.45021628406529113], [0.1309003400340284, 0.14509144666833454, 0.29747524104843714, 0.4265329722491987], [0.20985751781973355, 0.22092307270502098, 0.2246118373392499, 0.3446075721359956], [0.2128103013201067, 0.07011198429520815, 0.29103915220437326, 0.42603856218031194], [0.05766009882592805, 0.06531028266933585, 0.3730229923949885, 0.5040066261097468], [0.007392859474760787, 0.007633623085664068, 0.4766238256445882, 0.508349691794987], [0.16663093225636336, 0.21971524167402737, 0.2344564406858913, 0.37919738538371794], [0.13664015356240283, 0.12135299827135232, 0.30284675814869194, 0.4391600900175527], [0.19607220934856645, 0.20129512840000235, 0.2515487184201656, 0.3510839438312658], [0.02887475766303445, 0.17527297489744345, 0.33691170809501186, 0.45894055934450945], [0.16706075276320304, 0.17814449779198896, 0.28122617882606205, 0.3735685706187456], [0.21223640963710455, 0.2143391649284894, 0.23100799284988963, 0.34241643258451576], [0.1329949604883282, 0.1384123213632386, 0.29672618621609986, 0.43186653193233315], [0.07161494015478552, 0.10852016305991741, 0.3275384305008468, 0.4923264662844499], [0.0591530173906582, 0.057560575765318416, 0.38115196485154657, 0.5021344419924767], [0.21668224638043446, 0.21110538364036258, 0.22909326367728922, 0.3431191063019134], [0.033622732883130765, 0.31377306413415185, 0.28167707511029183, 0.3709271278724265], [0.17207510256016664, 0.147157838779255, 0.27843782228124936, 0.4023292363793301], [0.040745501574290535, 0.04858695891795043, 0.390126902043812, 0.5205406374639476], [0.10861673561966517, 0.11008416939769133, 0.32357545366609397, 0.45772364131654925], [0.08035945182966493, 0.07858479590424787, 0.3565984849234947, 0.48445726734259287], [0.07728794179498999, 0.06910958166696377, 0.3546220712707674, 0.4989804052672796], [0.13814186205011783, 0.13220672626032373, 0.3067075420550774, 0.42294386963448094], [0.06080946149804565, 0.07568313482145397, 0.3526991386174409, 0.5108082650630588], [0.2341815753582176, 0.260721072868615, 0.19871613526874538, 0.30638121650442224], [0.020178461117517418, 0.06390077094059601, 0.41254321457256693, 0.5033775533693193], [0.16467455893385222, 0.19834779329784627, 0.2795024642165037, 0.35747518355179775], [0.1540864915512473, 0.1681884237184697, 0.26575506487070133, 0.41197001985958126], [0.07897779527220024, 0.08045639273659294, 0.3544556596519422, 0.48611015233926513], [0.11886978647103066, 0.12275277880004055, 0.32223803191961153, 0.4361394028093172], [0.05372637120038104, 0.06176126924665585, 0.3749203588789166, 0.5095920006740468], [0.11713883779080393, 0.2133032070758086, 0.26120830364629194, 0.4083496514870948], [0.19699737028731906, 0.21675162036857232, 0.22490058903577936, 0.3613504203083288], [0.19912022658204986, 0.037854516201440015, 0.3170336412386914, 0.44599161597781894], [0.022489965234585026, 0.02520379290812553, 0.4199681707193025, 0.532338071137987], [0.21758935019073095, 0.29731979594918645, 0.19914942428052995, 0.2859414295795527], [0.02425758612458543, 0.025386801475614083, 0.40985960596674753, 0.540496006433052], [0.31043174632775006, 0.036629315943308136, 0.25820602752036825, 0.3947329102085736], [0.22075951083577358, 0.2502693801793254, 0.20424820291499748, 0.32472290606990345], [0.03831629531338086, 0.04580754423922691, 0.401078713240427, 0.5147974472069645], [0.09134165595473026, 0.08559592857211572, 0.3829071954469135, 0.4401552200262414], [0.22186834928867416, 0.26224521962029246, 0.21027067282312245, 0.30561575826791104], [0.015329929393815415, 0.01806587380432779, 0.42503884149841636, 0.5415653553034404], [0.27589809513947816, 0.03263652506299647, 0.2808613670757686, 0.4106040127217569], [0.10374668848451447, 0.19420177032013702, 0.27579255116114815, 0.42625899003420026], [0.12572879681948892, 0.13521010860800697, 0.3153861119952623, 0.4236749825772422], [0.11504270169108625, 0.12478796938517975, 0.3173484736975056, 0.44282085522622844], [0.2884674878405619, 0.3267182166466502, 0.15205663523651164, 0.2327576602762766], [0.2484836429047214, 0.31618795888493056, 0.1679567281720784, 0.2673716700382705], [0.04105646642662433, 0.11193762382568304, 0.366482919972896, 0.48052298977479635], [0.08499220356861645, 0.09653507646302897, 0.3586772222766463, 0.4597954976917076], [0.028497264929075172, 0.033265290094277346, 0.4382269578816037, 0.500010487095044], [0.015223722352262443, 0.015804924737011287, 0.4488082766592882, 0.5201630762514383], [0.14164661433286815, 0.14932844186995087, 0.2856926907175169, 0.42333225307966327], [0.2870226015440458, 0.3242357057882991, 0.14650098568333933, 0.24224070698431596], [0.1746285092808736, 0.17264170166863685, 0.2730390486866279, 0.3796907403638626], [0.06335374657982025, 0.06771899877516771, 0.3893824345409438, 0.47954482010406696], [0.04604386204747992, 0.043786049036201535, 0.39695152694261, 0.5132185619737095], [0.23002333703914926, 0.09201145974474727, 0.2959485833291036, 0.38201661988700064], [0.2046231539273625, 0.21857443889466338, 0.22954191833590162, 0.34726048884207245], [0.12410112102828733, 0.1368649537212628, 0.3257485682733606, 0.4132853569770894], [0.13898217597871626, 0.2516381506634365, 0.2458247278414784, 0.36355494551636885], [0.09775762865373352, 0.12064539534843569, 0.33546211707914203, 0.44613485891868915], [0.11793970933455383, 0.12606894762382362, 0.31218855730925116, 0.44380278573237103], [0.22471264605426006, 0.20443542098572115, 0.22539246880314973, 0.3454594641568691], [0.05340186542156895, 0.060336509548357904, 0.37765739116110514, 0.5086042338689669], [0.0252768195020784, 0.019365224415956606, 0.4560344950610828, 0.49932346102088176], [0.15045297518336728, 0.14649611240223848, 0.32396428986896364, 0.3790866225454306], [0.09169037742026613, 0.11065611833308293, 0.3531134844991973, 0.4445400197474541], [0.012627555310155443, 0.01408642842620457, 0.4586487444164292, 0.5146372718472108], [0.20432513444467587, 0.31220470827556235, 0.2027073350552304, 0.28076282222453236], [0.07666703337050364, 0.08365176723568096, 0.3493299160527041, 0.4903512833411121], [0.0981061856025182, 0.09222365657089372, 0.33897688843964463, 0.4706932693869424], [0.20432469912973633, 0.2121887688258321, 0.24292121417326465, 0.340565317871167], [0.10607494228134803, 0.16555634143225617, 0.29919947260341556, 0.42916924368297954], [0.2881437911264213, 0.30026692579514974, 0.16217008459604432, 0.2494191984823845], [0.09913922751649976, 0.10601570632132874, 0.3334148291353758, 0.46143023702679564], [0.04811538893107898, 0.026144536897845704, 0.41783740476175346, 0.5079026694093224], [0.1525778340840775, 0.15300794268176354, 0.2867081031962662, 0.4077061200378932], [0.06521096994027137, 0.05486857486067672, 0.3903899502850935, 0.4895305049139578], [0.05580114486602073, 0.062236247619526106, 0.3968370030315232, 0.48512560448293063], [0.05525510472553023, 0.0551379041931114, 0.3711407119891221, 0.5184662790922359], [0.040551879298724794, 0.0444845687501362, 0.38742662488807406, 0.5275369270630648], [0.21718586068443346, 0.05269082534677707, 0.2904115252086446, 0.43971178876014516], [0.03763079035305701, 0.041104208378418106, 0.39927626602425753, 0.5219887352442674], [0.036922697077357194, 0.17561520810098893, 0.3626449333904787, 0.4248171614311753], [0.24311896059308663, 0.2627666671694117, 0.2021275899663715, 0.2919867822711303], [0.09480692480346756, 0.11648332161643282, 0.3266453481757465, 0.46206440540435273], [0.2479855413610724, 0.2747425850043097, 0.18552156552439214, 0.29175030811022495], [0.10311480837660221, 0.11980681145487179, 0.31984166335793895, 0.4572367168105873], [0.06796321298987652, 0.0667479529113706, 0.3702849938249305, 0.4950038402738235], [0.08385963782001335, 0.09794132635067865, 0.3724711259643598, 0.4457279098649488], [0.08789431260325835, 0.0533603342072513, 0.3704459891435625, 0.48829936404592833], [0.2973021294975648, 0.3060533825650833, 0.1601265025291854, 0.2365179854081663], [0.21923936291517887, 0.24909159956163324, 0.21745837747227886, 0.31421066005090953], [0.31827616939669456, 0.2692226629546416, 0.16029397836821876, 0.2522071892804451], [0.07589678010030328, 0.09124854278173576, 0.3499630455093752, 0.482891631608586], [0.1882658301200858, 0.11991450127590703, 0.2727638930809095, 0.4190557755230978], [0.03850931710460633, 0.04061940228305086, 0.40226535916720496, 0.5186059214451372], [0.013094290044857496, 0.26943093016388997, 0.30047671829333084, 0.41699806149792096], [0.14237706718201765, 0.10988164701424388, 0.30566230545071105, 0.44207898035302723], [0.2403542102356728, 0.23532716097412318, 0.20363328983163523, 0.320685338958568], [0.09690642639762868, 0.096247104427174, 0.3454066583912663, 0.4614398107839314], [0.09856901962309363, 0.09648746877728599, 0.33348565454458295, 0.4714578570550368], [0.10525669696634272, 0.1637773405517589, 0.3060317338365803, 0.42493422864531866], [0.11064380632136855, 0.11046537192252323, 0.31815151410996434, 0.4607393076461439], [0.09607928802908335, 0.10914241649576534, 0.3438042528867546, 0.4509740425883963], [0.240379805521175, 0.10227203688858527, 0.27137654268115646, 0.38597161490908377], [0.23286503505425282, 0.2221143515601828, 0.23105174971720693, 0.31396886366835774], [0.13652350650972034, 0.15170532466502584, 0.29112647713273276, 0.4206446916925213], [0.058780624607136026, 0.06358954349862334, 0.37522899376476465, 0.5024008381294764], [0.018899697684136373, 0.020789817743829493, 0.43959460428697344, 0.5207158802850607], [0.1626899229431422, 0.2756467917277989, 0.22594048341747827, 0.33572280191158016], [0.025947743103819254, 0.017526474367084523, 0.4208109297151903, 0.535714852813906], [0.10859567391913967, 0.14798914679463046, 0.31301714867076275, 0.4303980306154679], [0.08123319066888357, 0.10852964469536017, 0.33967582950564185, 0.47056133513011433], [0.03670694953873862, 0.03799294188588481, 0.41392288037232755, 0.5113772282030494], [0.10154786409036072, 0.11253755906946758, 0.3414871484116555, 0.4444274284285159], [0.09902287195066573, 0.12688969605196238, 0.31120002991160345, 0.46288740208576895], [0.07869228787276385, 0.08911946327068464, 0.3591287151075978, 0.4730595337489534], [0.026977826599894, 0.0287488531531032, 0.4157569885264957, 0.5285163317205065], [0.21372153340342326, 0.19666064903693325, 0.24119403226365332, 0.3484237852959891], [0.03676085567209707, 0.04438982402205426, 0.4127273024012503, 0.5061220179045989], [0.09040403406438613, 0.08143155718678054, 0.34003443421694085, 0.4881299745318929], [0.05872666071726236, 0.060535295787631074, 0.36882006058196537, 0.511917982913142], [0.07506207673428741, 0.18304928911191462, 0.32627109116056696, 0.41561754299323034], [0.26665598196617235, 0.1578254300143918, 0.2598949183152561, 0.31562366970418027], [0.28776447459429627, 0.30776987317672505, 0.16326853911716624, 0.24119711311181258], [0.09261672477935148, 0.07799052474598006, 0.34785210730305194, 0.4815406431716167], [0.12400808220894048, 0.11656946833685765, 0.3216514816554617, 0.43777096779874086], [0.07625654543929945, 0.23613686460073324, 0.28949844439423383, 0.3981081455657335], [0.09498446048452229, 0.058497904733050984, 0.3569741908417675, 0.48954344394066013], [0.2544450623946317, 0.26497952389716856, 0.18879424646996634, 0.2917811672382323], [0.12717115847490287, 0.10889327724032691, 0.3207742329953318, 0.4431613312894389], [0.39935886493148715, 0.11328903477879304, 0.18606971176495