{"estimation": {"a": 15.166323253981599, "rho": [0.10383749407011071, 0.09815330021554497, 0.0452263977409338, 0.31838615080332316, 0.051868541592803984, 0.055979648922816774, 0.3265484666544665], "Mu": [[0.8788482431989636, 3.8137498272577606, -0.3165330278387312, 0.4021852795299283, 0.7164427478416698, -0.7933644588959471, 0.21650610313821506, -0.18339010295506702, -0.25787039748781326, 0.5356963738606078, -2.038840630910738, 0.8936223797939896, -0.8967244728571615, 0.520024089396698, 0.49606762634109214, 4.095188030161274, -1.9937764327121221, -1.04028388735788, -0.4487238787622048, 1.9401621760021752, 2.795497664380499, -0.32482251870608164, -4.155811983040877, 0.9680238104472894, -1.0301568912175232, -4.564389515038972, -4.456594155604394, 1.543780031373502, 0.6548016689956367, 0.6325603294896722, -1.3870001492922939, -0.8599499537875088, 0.636789282223173, -4.581867974352249, 1.0502539466169731, 2.6864276512503618, -0.7220903939360837, 2.062721725490635, -0.5076591857377418, 3.4346749797212737, -0.7622280578578261, -0.2595634122344215, 1.5207506637940709, -0.9487195628625151, -0.5008647109266061, -0.34396711461044244, 1.200571820255376, -0.7960744057802178, 0.2844663008757362, -1.8666991637349706], [1.1299739596028409, 3.653247118308006, -0.292441671936513, -0.04409685705743263, 0.9091767942101019, -0.6372453137876373, 0.35680922903416634, -0.25685893010684974, -0.3109173134079243, 0.3919641932804762, -2.2176956165223216, 0.6940034439276839, -0.965965418926926, 0.49269858432995767, 0.44531616094844995, 4.034213607322752, -1.9696538666135535, -0.9771808848378021, -0.6460324618061671, 2.023678989889768, 2.5470294788053605, -0.2463653737402196, -3.851830259677896, 0.5748818337147636, -1.2013786041043653, -4.591942874490634, -4.5422647012692465, 1.6757864681023993, 0.7633766914497069, 0.5205947081251123, -1.5162467438157436, -0.7325374136246914, 0.5856079396700028, -4.5224586936610285, 1.4513080523714323, 2.796904046499963, -0.9680568301926554, 2.0300587355562154, -1.07257625846545, 3.168560271961736, -0.6672671771485357, -0.6426293445716234, 1.4313975054108934, -0.8921851964910033, -0.32383126285600794, -0.32971270439011846, 1.5038301993389003, -0.8550008128753231, 0.12318269045931479, -1.5768466781305126], [0.8736865731923169, -0.3485002258201972, -1.1704301559119445, 0.6959915143451139, -1.8761179544218725, 0.7904927039439589, 2.005210835287384, 0.5934020414375687, -2.7972680535195944, -1.899390583442941, 0.5207006895153005, -3.3178156988128706, 0.05210102619394937, -2.3051103412467175, -1.8855671767804891, -1.3881197942137484, -0.8395537283071441, 4.772395019615991, -0.1706402192300283, -0.48992421375554024, 2.5399973569318255, 6.064307753674645, 0.6400725914406034, -2.1913152194130854, 0.7921538987779918, 1.1084744402186435, 1.8793365669716386, -1.5811568028968401, -0.27977261069209236, 6.26201448572376, -0.2176890199985616, -0.23868962661195134, 3.7698695929341857, -0.5434015225339076, 1.6109149022323865, -0.47479589556975443, 1.0561314274816418, 1.2397493984684709, -1.4398896958419878, -2.9240850106621328, 0.07363113984674226, 1.1033953287130094, -3.528469112180741, 1.2186962878850809, 0.27764153787737356, 2.5828994528808034, -1.5996745345038832, -0.2710956129379194, -2.3230827937054594, 2.5698316240836343], [0.8178884611873347, -0.45914201076325767, -1.2894496455827948, 0.6690801346579741, -1.98037190735639, 0.6901223413572773, 2.0070870091339508, 0.5913461818900083, -2.7238757058198626, -1.9683507186296614, 0.6306738053917262, -3.3288195322543035, -0.46311670725830223, -1.8348870603192493, -1.803292506750332, -1.266837044989096, -0.8669477791361241, 4.245963633996702, -0.1448003282237458, -0.591517734231352, 2.604258369020839, 5.804973149535833, 0.3912796994056762, -2.0550137527676826, 1.0479188995074789, 0.8184120317830349, 1.906163474858058, -1.6877027010287051, -0.46064531801426134, 5.722662791323858, -0.43369214493714686, -0.2319118110180943, 3.7015767826644557, 0.02706385553688264, 1.634140539911217, -0.6943263050944005, 1.1822833053746462, 1.3211904450675818, -1.5508041794297742, -2.9734458455452315, 0.32832762220165945, 1.1504936278113986, -3.3044244170010417, 1.4847358607177867, 0.3316503795084327, 2.3448869762917024, -1.362921139273911, -0.06188490514683806, -2.227016258920393, 2.5799931002952086], [-1.1177858717116238, -0.07956573341481274, -2.36931325256792, 1.43971790110871, 3.5714229933865558, -0.21911367315763128, -2.5465821445048777, -0.28470257542490063, 2.1199216733981765, 4.819081690303015, 0.6353789345584336, -4.718666237366961, 2.712044319662634, -0.9296656075257774, -3.1081979922264495, -0.3338862500792368, 1.3405898071692637, 1.2154059966096085, -1.2159110004249785, 0.9292436707588961, -1.5377417236895998, -0.11229893876434845, -1.9012318031121707, -1.8699134781909383, -1.1712853064240676, -3.458257492404991, -2.6157704421352315, 0.7960016319756591, 2.364063300483727, -4.323737063476333, 0.044844096503659996, -3.704735466654744, 5.364143811953259, -0.9788944123051649, 1.855307295713082, 0.6840611200078458, 0.5121091597374678, -0.4656133286918705, -3.4360642483526758, -0.8358563259357639, -0.17681106684180958, -1.223823567674694, -0.6901642260983083, 2.157078374788418, 0.22435104655069565, -4.306283344546998, -0.432916237343231, 0.043986558096990876, 2.936483113234564, -0.20853246995032448], [-3.1463269200848702, -1.1061575098740073, -1.4551075881599125, 1.9991207220498708, 1.0375007877729792, 0.08167836023706125, -0.564646032398931, 1.158861293941266, 3.733478337008206, 3.7439828280659233, 0.11388926169863899, -3.2975070508345623, 2.339572478370848, -1.855291968617, -1.3985067629207135, 0.20764803749993646, 0.7671536970013016, -0.7009772149411896, -0.06328069422965019, -0.04773381487054578, -1.06137618827039, -1.2190956823513306, -0.18903474468006778, -0.41712947854210203, 0.3546410415153747, -1.1846131948505327, -2.1594457851930273, -1.3386805295632758, 1.6327791510647418, -4.917061701173489, -0.039771853360240576, -1.3730765338308206, 4.049337640457206, -1.073434681255155, 2.2594180438205296, -0.0465046630452825, -0.7197365204124526, -0.6416064795899121, -3.605261623015889, -1.3083097334916862, -2.04665627920527, -1.4946885102454326, -0.9583009669252227, 0.5006565514187293, 2.967840828134621, -2.8393607090849944, 1.336883748274748, 0.4977782830125935, 3.544267012187225, -0.5036512761447376], [1.577438103702663, -0.735457119083552, -0.5901699626478923, 2.601456832873531, 1.6216420220898768, -1.6895791922061492, -1.4268927684633768, -0.7617319101097608, 1.0270796907552147, 0.9062977022486167, 0.7609131644402845, -0.7680472786635912, 0.761186243881236, 0.12632199063001393, -0.666849104966996, -2.8573265861576265, -1.3093660359931711, 2.441424477167496, 0.715108903456163, 0.10199173828548938, -2.242930493754101, 1.6784334764675544, 1.6692309747390686, -0.3751645606523086, 0.78814124433903, -0.648093472920147, 0.5026607327796568, 2.6824697294496094, -3.6315785384198347, -1.3451399120745515, -1.299474214565659, -0.34384653652027647, 1.7076428373172847, -0.44026124802020034, 0.6971409551563055, 0.6388608938353099, 2.0676624834602357, -0.8268132457678161, -0.25830435885762026, -0.7450557907540608, 2.3327288757927214, 0.17316066603999333, -0.9371880384622097, 0.6614760871381405, 0.4835833423526339, 1.7465657605400062, -0.5882750978610719, 0.23150647625500834, -0.057656110220245096, -2.790826188154686], [-0.40638252831100885, 1.4206618617427675, 0.2451775405167623, -0.07541897698415448, 0.15337508108641104, -4.738517498029905, 0.10962857216537088, 0.23383032596349976, 4.558744328760003, 0.9057651420195703, 1.751335362520921, -0.10667440182695705, -0.36740983889862017, 0.921689765243152, -2.0972166867804534, 0.8359819693955001, -2.8845368647295166, 2.9626797987495017, 3.2059113839641213, -2.152243668017251, -2.1539603479231615, -5.764648798472816, -2.638604200286604, 1.1179692791239113, -0.23065633291026394, 0.5845887331864433, -1.0253499384559956, 0.7822754264431998, -2.856848872153469, 0.6495343837949836, 1.6238651015472059, -1.0673288364649798, 1.6170209415629115, 1.143330626966494, 2.2738731477761283, -0.11578303618852752, 2.5293176635527144, 0.054575358624504855, 5.1221057715490055, 0.24452724842596732, 4.586452676455134, 1.901632149164125, 4.7299207847491616, 1.3107253631176494, 0.10167501165814236, 2.1888199788462033, -1.7240135278322155, 3.1082927296684653, -7.652154758859478, -6.226173175198496], [-0.6890981641071016, -0.28620251071808567, -0.0332793686039478, 0.11420218580450188, 2.8307277835544316, 1.2278548163727099, 1.0804633712168046, -0.28804191533096657, 3.7612311145762676, -0.6242296891165362, 2.3251512831904617, -1.5621380101594857, 1.700942121548706, 0.059534550385442045, 0.9072091259814604, 0.6021757431997317, -2.6488486361149346, 0.9007844629796643, 0.053947539115025415, -1.5661056313171835, -3.007085506662668, 1.4211521656612607, 0.9928996069063805, 1.1318978153175332, 1.2398414641446893, 0.10703756000879569, 0.3552120406104356, 0.16506855007701318, 0.0784939573853233, -2.1244489100441, -0.8117837873237427, 0.23198210053357887, -0.38246058552268153, -3.1120440534669953, 3.979705906663378, -1.6316680918703426, -0.7443540197479416, -0.9211584987103708, -0.0397919513648383, -0.17530785130254614, -0.1654091009669369, 1.4250593388643387, 0.6198987034168548, 0.9952585817066214, 3.4292784297149193, -0.7383964656643163, -0.6871264765460541, -0.9352573787947583, 2.178806902278453, -2.942913857321139], [-1.9877905092447863, 0.04606192789471062, -0.4824062057119208, -0.8729563601612473, 3.346012811455967, 0.8094078490124823, 0.44978126783116434, -0.6650393919871845, 5.03679833013079, -0.6453220490681042, 2.658300797615516, -0.9973655672130289, 1.445052830073166, -0.7822247409323184, 0.07607661846457506, 0.6438425665874619, -3.792508638709363, 0.7341301504315808, -1.061468261856376, -1.459744281149586, -2.463624400457485, 1.296572193414691, 0.38485305896851074, 0.03018071358680367, 0.01742092623588163, -1.1324975978249239, 0.44836062071051885, 0.33498033705018, 0.21053472965715364, -1.6347185729066398, 1.5126803934753772, 0.4603949716296252, 0.225588747985215, -2.5908624006394643, 3.842098252917019, -0.5501362988968244, -0.3811578735894667, -1.7860517100696445, -1.08707459021515, 0.5844021271237853, 0.014964783323264208, 0.12277608377201966, 1.4349286021645444, 1.3279643831485943, 3.575088329523088, -0.8534441061714364, -1.3625459815549796, -2.519024135382408, 1.5574184123585384, -2.346842004196548], [-1.922886793217804, 2.096000742481268, 0.47232392839587606, -0.4470142190135923, 0.9698979205714191, -4.260282569656059, -0.33794836566344344, -0.5814916906238425, 6.677672415612656, 0.34774545177044613, 2.392821577932495, 0.5862981014713431, -1.053013247649073, 0.4212121206196451, -2.654900348966005, 0.8938008674619395, -4.306586736910516, 2.8540972645380216, 1.7647663618401126, -2.1308673573204477, -2.5864106027252545, -5.173486110862701, -4.026063132893896, 0.47531963843012837, -1.633934195907399, -0.32097802426036043, -1.1111685378221636, 1.1483074907606592, -2.7046985513059774, 0.3886442493357588, 4.012389668063034, -1.4118381427700877, 2.3062742074501315, 1.1927612391218572, 1.4053259447080704, 1.1243511202876044, 2.7007684930517946, -0.39847623772905144, 4.344913926770398, 1.012269911424681, 4.875799017603815, 0.721614637638549, 5.288382080145884, 2.168037147511182, 0.22362618341915041, 1.7896169301966003, -2.798555450794116, 1.0251334836092376, -8.44665398574535, -5.398225571505389]], "Lambda": [[0.6150952927475333, 0.41286648602025233, 0.47711078316681926, 0.5255055796271292, 0.29326576513852953, 0.38733893678825515, 0.7079375563232585, 0.5652272108421479, 0.3911222998041281, 0.6368697463391518, 0.620931387713526, 0.6657781212713055, 0.5960864081545441, 0.47947065993527144, 0.6780504513318264, 0.3326900468187379, 0.2928750981915513, 0.9149720496578513, 0.6930169853965914, 0.48620312192284676, 0.28602575703673727, 0.9658276511570831, 0.27196369769767814, 0.3931580757708748, 0.37585413569584447, 0.8128867610902626, 0.2941894154668136, 0.7892647818400459, 0.32761587856471186, 0.9019316217093517, 0.4570795864976559, 0.5465264483336951, 0.5275011182739454, 0.5889004605426896, 0.29270380803033297, 0.7880380765797927, 0.6366875114828219, 0.42014016885136657, 0.39197726515860903, 0.4846860849234259, 0.804145650787637, 0.45771532031452294, 0.4613880398576608, 0.447759137998032, 0.4748995468410758, 0.432564393782638, 0.47435875402074573, 0.31091894146838556, 0.3340693050275842, 0.2770022083534773], [0.5665949372491652, 0.39167282455521374, 0.4818487497983794, 0.5278286048520698, 0.30136175909819507, 0.4090529762813447, 0.722629700369543, 0.5566256554407589, 0.3833947731308585, 0.6575259731250575, 0.6150963181635646, 0.6738825804414836, 0.5571794303167845, 0.4849092570050093, 0.6739643117962015, 0.3403706707433778, 0.29470527258736745, 0.9457674821303446, 0.7318548959803466, 0.5102997862333032, 0.2961082098746711, 0.9686956013592773, 0.2744110282375552, 0.41591405357773453, 0.37937519230429795, 0.8115808502086017, 0.2890233165289027, 0.8103549211217328, 0.33181874693716684, 0.8604314358156665, 0.4519037938891994, 0.5555455470165613, 0.5048752854822655, 0.5724068655149404, 0.30992673620378536, 0.7749624676789676, 0.6091362564043382, 0.4177960012612583, 0.38580858121394523, 0.508844032250795, 0.8158743139874548, 0.45331863253863536, 0.5050357365916068, 0.46793200371468985, 0.47943450459707926, 0.4160302459172696, 0.5210490432781355, 0.31992001055759844, 0.3525251408842146, 0.28526464685322855], [0.5275626568480565, 0.5144751661033723, 0.4587766621810145, 0.461428324748074, 0.5889477908941785, 0.45329245659218825, 0.2770087583705012, 0.5113685080149121, 0.6535422537225513, 0.6827422242793963, 0.4421837927844543, 0.6691130667021019, 0.4053708366530636, 0.5579033044210309, 0.6084678957596065, 0.32801327994213125, 0.6263763032666134, 0.41061339531923824, 0.49314626657507504, 0.7329648653709451, 0.45903945479858965, 0.4324076226691265, 0.5617163580451031, 0.5033843321405965, 0.5695983881310219, 0.43319007865242526, 0.604642398247037, 0.44383663854979966, 0.6251975628698705, 0.3146764286044377, 0.5931000916679917, 0.49899295302998514, 0.40555655841268334, 0.40933523785951254, 0.2987056708385576, 0.4338837096561382, 0.8040772839535086, 0.7227582137244523, 0.6975957413768277, 0.31777673383387156, 0.4737065641315429, 0.39715826555310363, 0.3695502500467262, 0.2321331523504751, 0.6032901433556281, 0.411515280102507, 0.682633038819261, 0.9805518730990265, 0.41135669335508784, 0.6355207913261476], [0.550286186167726, 0.5257075907254188, 0.4386608976210655, 0.4573593203871999, 0.5960234724864302, 0.4604062581818266, 0.27594620145308973, 0.5163088292447385, 0.6496370075209797, 0.6871893454188609, 0.4514700773180039, 0.6942657480056009, 0.4147357229555768, 0.5473690565451902, 0.6025424967336745, 0.31159917234526885, 0.6107412726228769, 0.401257286243119, 0.4992668461620192, 0.7439579725746368, 0.4554715955407785, 0.4466816138673811, 0.551648005506963, 0.49093194424040637, 0.5741033224622852, 0.4410194330565387, 0.6018051835848646, 0.4560077537077762, 0.6171329883456431, 0.3315201128283612, 0.5813565699619672, 0.49238360053631886, 0.40939466938462893, 0.3872724487859029, 0.3200450940247275, 0.4335254360570739, 0.8266208166836279, 0.7015925562047752, 0.688367313451621, 0.33859370101858927, 0.48710613097870115, 0.40624875743422345, 0.37337371675003683, 0.23858238703687443, 0.6113154252134421, 0.40272261006352694, 0.6650087796566416, 0.9798955629195757, 0.3948813377916574, 0.6657945242687683], [0.5945153975569889, 0.5585592606675643, 0.5443736219983126, 0.37828599289226844, 0.542721640420587, 0.3240405027279681, 0.41872765596967354, 0.48396420342486973, 0.29236341330968324, 0.4454635674648517, 0.4130119189293759, 0.39020602915537556, 0.4527398180266256, 0.43237724107437886, 0.3761872051821805, 0.5147602593219013, 0.6455629688006638, 0.3841615248344208, 0.3895442184809937, 0.45675693520778043, 0.7215688952158543, 0.6745099492417008, 0.36668831213202885, 1.1127898136293974, 0.4142431297449195, 0.4653471921508018, 0.8604403932290611, 0.6072884322069559, 0.47618001838133883, 0.31194091032512666, 0.3183883857471394, 0.5468160561857593, 0.37399869011928116, 0.5089965573180923, 0.6067413052213231, 0.5117834158954229, 0.39494610942340136, 0.49569859766327035, 0.6759496946606822, 0.6098665014425736, 0.5711166635735707, 0.5741245866774468, 0.3669006137818272, 0.37144198435857284, 0.3331401179093562, 0.5200167938854436, 0.5246629947095238, 0.4884762090785851, 0.3295618282000849, 0.8159488442595874], [0.5097818048051714, 0.6384139257131631, 0.5243700809649365, 0.33039433204291396, 0.4550648278071294, 0.37084745665233204, 0.41324150748474553, 0.49643786435452575, 0.25715554901140586, 0.4193642690690153, 0.4353634683560371, 0.3708318666250199, 0.44379588354448307, 0.4431536313294409, 0.3292468546309392, 0.48549765353646185, 0.6249929737603104, 0.43748056605652325, 0.34897085417482687, 0.4334416391778977, 0.6523935164439744, 0.6384182414284321, 0.3466386183886253, 0.8890879784591609, 0.46863114745043993, 0.44916359736234895, 0.7552617313148172, 0.5112995775192289, 0.4881474710180985, 0.38048481998903305, 0.3151366869918785, 0.5218640013839514, 0.34977705447493423, 0.4626643426079157, 0.5974558575030914, 0.5416957215609887, 0.3984610258679355, 0.5128551808508716, 0.8135479357831533, 0.5839433921275118, 0.5450183972474116, 0.5556112854083907, 0.3685374794672866, 0.3497410217231154, 0.4355579128080648, 0.4358340179516877, 0.6023082279133917, 0.5683789633992407, 0.3936252182936779, 0.6468013060733998], [0.5695369808743675, 0.6019639665601874, 0.5015148699589369, 0.47673667061644587, 0.4981889409195111, 0.3531829952531461, 0.5435723344073636, 0.6684495135953742, 0.8657182907332902, 0.5269295259860096, 0.4209668349547421, 0.5453851552739029, 0.5117363562987961, 0.46622229899292145, 0.44634273805760155, 0.4500963911030245, 0.4361197717103174, 0.5395719984072721, 0.3629281743107543, 0.7005943144012482, 0.41015842363479577, 0.5047572367190527, 0.5289781355458973, 0.5906286731176584, 0.6030561799963551, 0.4208591947574113, 0.42186874294156024, 0.5541169932138746, 0.3877433518571909, 0.3958676216875794, 0.4478375267180686, 0.4774237730362911, 0.4407150121453113, 0.5134804284383899, 0.6397728518385508, 0.5425247640342017, 0.5642998573519346, 0.5683404749931802, 0.6209367323003326, 0.4496368771297931, 0.42292742495253194, 0.5116293126278905, 0.5386076580905573, 0.37693512696325593, 0.5167607688374096, 0.47292344427012584, 0.48711921141137204, 0.48854867133796115, 0.4019471575802961, 0.35612372129330777], [0.635649959823519, 0.40255567924125496, 1.2269888956452202, 0.46029847289194037, 0.5553030704303468, 0.31454950230949064, 0.48175101682181626, 0.7236072271590773, 0.3929635454006829, 0.8490574830761869, 0.8629680365878862, 0.7517371388365238, 0.7089598330499814, 0.9979796256754545, 0.32501317472911206, 0.2955871737942603, 0.756038778557561, 0.4304591758410087, 0.31791760639324396, 0.6032660125562491, 0.33430227853134753, 0.26231142815421554, 0.4147627770000716, 0.6799320650861518, 0.6112557202180802, 0.4840003498972088, 0.2797469680337537, 0.5331204946677613, 0.5233194625304783, 0.2976012228161359, 0.37847310705869325, 0.4424193074643863, 0.668979916466984, 0.342658286740789, 0.43204550660935626, 0.809550457843872, 0.5067624472070422, 0.7817370380415034, 0.41215526172254124, 0.6740026675562686, 0.2892217147854083, 0.47147214847989877, 0.5110415416390529, 0.3697139018838586, 0.6210197483438495, 0.467732576667085, 0.5533271805838053, 0.3981094176475941, 0.30878950039155856, 0.2799207288429216], [0.5575783013525061, 0.6104907309929185, 0.5324137604010764, 0.32737303385578365, 0.5366506664676025, 0.47765149386910455, 0.48364654193961143, 0.6057257249175327, 0.5996488175354321, 0.45200119937096706, 0.4023278578185746, 0.45629007153744455, 0.4614531143515357, 0.5112235233949712, 0.44306380327501965, 0.3685570901627934, 0.46620348702092784, 0.5321467341504332, 0.5919266665172651, 0.5439758143618685, 0.5551557184047841, 0.32307297092815984, 0.5087394127147659, 0.5647735752562805, 0.6801225927500228, 0.46804797531978426, 0.47872601056512953, 0.39601934178445586, 0.5007559200181313, 0.5498564876837629, 0.44727874146979335, 0.548222412843279, 0.4774881072866914, 0.43853908966706906, 0.5258610086159903, 0.5510303063644996, 0.7266283148483259, 0.5480011324667594, 0.5440410107832041, 0.41157798744390567, 0.3571741893578847, 0.44265114348624607, 0.49550977725889517, 0.39607243710429096, 0.8197948678804938, 0.4298289933709607, 0.5322488703100974, 0.5201422378869537, 0.6062282494087728, 0.31455552205520787], [0.6021310007541978, 0.444390590697374, 0.5214512971386718, 0.29712350813624566, 0.5575552919712775, 0.5176125352301418, 0.43538066322250196, 0.6298888020234357, 0.5045245392372516, 0.47694726517832864, 0.3920633500108932, 0.49334201961460533, 0.4806771654193225, 0.5007127239817659, 0.42449106511829254, 0.4168287569422424, 0.4466186905260552, 0.5506558546865697, 0.6338004109641181, 0.5385261249469977, 0.5471407357083578, 0.33651512856497673, 0.5216613605348565, 0.5140439390125908, 0.7089165772131674, 0.4377012512982512, 0.42339780949816874, 0.44825582058929225, 0.5062581224607126, 0.5430983875094174, 0.38809865765195933, 0.5431670323072504, 0.48348239484049205, 0.47409541245508124, 0.4236823386779269, 0.5526246351587021, 0.7278541858312699, 0.5468457181780065, 0.6678149555847632, 0.42766160589900026, 0.346086758455029, 0.5005943992926742, 0.4757120512452733, 0.3852243784975197, 0.7964778704104453, 0.404565168006257, 0.580673361661001, 0.5894209821048148, 0.5000937862316298, 0.32962305057358293], [0.6765295545402042, 0.26316493133766555, 1.2209539472525999, 0.4211792837303763, 0.5538515150670061, 0.3875843017192822, 0.42773405237095524, 0.8031416611816738, 0.2627372700195537, 0.843332397699495, 0.8518461903660132, 0.792635532856363, 0.7144690750739374, 1.0107529638036716, 0.34572623005032654, 0.32345483250306345, 0.7477667976261931, 0.4326276640256228, 0.371995259378463, 0.567693922287396, 0.3959193238660377, 0.250595557966657, 0.40233883617643973, 0.581602750198517, 0.6435802102671934, 0.49099887297054545, 0.22029600393875154, 0.5918845151396017, 0.5344529390337958, 0.3211241294402764, 0.3706732968067939, 0.44026126244762104, 0.6588298325555368, 0.35833125049825704, 0.345746092941985, 0.8388667396148655, 0.5107749991633023, 0.7616893449205071, 0.5492118107121037, 0.6705996256251774, 0.28468658442829137, 0.522258181139683, 0.5315306776850123, 0.3822267315659027, 0.5914594531640442, 0.43200846095582424, 0.6001614188409621, 0.4802957520145896, 0.21158572199285783, 0.32288820786710665]], "G": [[0.10181881513878246, 0.09942472122020858, 0.057658512491111584, 0.31469889806339824, 0.0411227615128169, 0.05432271891977183, 0.330953572653911], [0.1389700263642339, 0.1350225080005189, 0.0486398371797253, 0.29114162710800995, 0.03833351889008078, 0.04516051398478924, 0.3027319684726417], [0.1070284927711195, 0.1047735952350876, 0.06184962529260515, 0.29881379154871646, 0.06940749768504703, 0.05977367573309194, 0.29835332173433193], [0.07348162343716169, 0.06782977586453377, 0.04794190420630859, 0.3842588097507189, 0.018249400970825353, 0.020375867564139536, 0.3878626182063121], [0.12532248780854302, 0.12433473358863271, 0.025081193629378714, 0.3281351467750746, 0.02758241217579184, 0.0314548956478709, 0.3380891303747078], [0.05140462429043099, 0.048842503399216024, 0.0329178929043365, 0.36995427259170316, 0.035677034296892236, 0.057532951480541376, 0.4036707210368788], [0.09023306442970275, 0.08454339581046645, 0.04204131625876551, 0.33721757213676906, 0.03346868861694052, 0.04932435274682271, 0.3631716100005341], [0.04239372060782612, 0.039557362578240114, 0.042029413250218035, 0.4045113524439345, 0.03586290496950933, 0.03142119813151753, 0.4042240480187545], [0.1606033995602206, 0.15402794166745212, 0.09054937222017034, 0.23666052146314365, 0.07279253774734507, 0.06161343473608076, 0.22375279260558745], [0.05846196733936857, 0.05290195087700224, 0.03064160639713669, 0.3987677595926956, 0.02092293290013071, 0.02708843313648617, 0.4112153497571797], [0.0438793004811509, 0.04722336268286344, 0.05763788396175278, 0.38015986942868757, 0.06634179295698515, 0.04291850934976995, 0.36183928113879016], [0.10890728157479096, 0.09138262218151547, 0.09899289224438951, 0.2657852260701594, 0.10245104866692195, 0.08606959311983789, 0.24641133614238495], [0.10579616227242637, 0.10350816906451052, 0.026475082579603904, 0.2989371005807764, 0.07160598381299405, 0.07553874243644827, 0.31813875925324053], [0.13066660828841248, 0.09103607679071635, 0.0408789057678627, 0.2895725563140375, 0.05803258902011351, 0.07123562363325342, 0.3185776401856042], [0.11062245082197923, 0.08147432272063934, 0.026946667659785237, 0.3543362073965609, 0.03137902134709085, 0.03338508687683423, 0.36185624317711096], [0.10432200008799541, 0.10098883892182907, 0.04343229154006564, 0.3298635261719457, 0.039675907153852864, 0.04512970101856298, 0.3365877351057482], [0.12246186142866944, 0.11811373607291263, 0.06036044655859833, 0.31224927267829045, 0.031600241396633734, 0.03706540065108902, 0.3181490412138068], [0.04478010385620156, 0.043588413592401454, 0.027901503275077927, 0.40724014592732344, 0.03124095028893186, 0.03337113981656907, 0.4118777432434944], [0.05417589174160105, 0.04996621396634815, 0.024959952856295896, 0.4111972942415418, 0.022515760258710413, 0.020621669787587137, 0.4165632171479143], [0.060806419032275086, 0.057470097518960636, 0.039375617181419235, 0.3631248476585327, 0.05726396616371777, 0.057811646776312654, 0.3641474056687822], [0.1480490515507275, 0.14044347544858657, 0.05822296605352014, 0.27778478766909176, 0.030734733007528114, 0.04717054253816729, 0.29759444373237826], [0.06478592707383939, 0.05610365758031684, 0.020797184831132652, 0.4017972181421673, 0.0177857272622754, 0.023008210504924825, 0.41572207460534344], [0.1595864836216527, 0.15267007163831997, 0.038976209360359886, 0.25727367726339134, 0.06471812371064346, 0.06552586294388826, 0.26124957146174393], [0.15497820624521214, 0.14787683788443964, 0.06840751485282878, 0.24997196767580204, 0.0650287555977849, 0.06405927239149736, 0.24967744535243555], [0.07925564168788311, 0.08740096515378167, 0.051432250421479746, 0.3346658546488129, 0.042058099990168483, 0.055439594826880254, 0.3497475932709942], [0.14434646053717157, 0.1310760581629633, 0.07253389199181705, 0.26733739222433434, 0.053643459565310046, 0.057238502239545394, 0.2738242352788577], [0.07838417324473991, 0.07617656887935165, 0.027749015834727456, 0.369067562759936, 0.03529233998386825, 0.03722162975302677, 0.3761087095443506], [0.08872036667849481, 0.1160733736360028, 0.04981811427600718, 0.2559010068318829, 0.12338389548781077, 0.11706361188171038, 0.24903963120809117], [0.0606027540345162, 0.06405222631057872, 0.05940780042575657, 0.3158580369065807, 0.08890962118510709, 0.09186664951265383, 0.3193029116248076], [0.034970349646372086, 0.030317612468273386, 0.018921638045258735, 0.4288504778243451, 0.027723669927456285, 0.02605058890088099, 0.4331656631874142], [0.19715359369842714, 0.18982417451903982, 0.0557634557990466, 0.21207033579634252, 0.07094451436484489, 0.06978030897290158, 0.20446361684939765], [0.07760931885615335, 0.0743584153580351, 0.024872337600015403, 0.3835357877488305, 0.020998690365579945, 0.027400755520624015, 0.3912246945507616], [0.06321863163214987, 0.05689728245304601, 0.022583706273994867, 0.3806704967000439, 0.032102197573831995, 0.04252164800663348, 0.40200603736029916], [0.1661097819125814, 0.16347117777930786, 0.03308974419646024, 0.27841438144298775, 0.03375679087696511, 0.03895339518242862, 0.28620472860926965], [0.03531456430776326, 0.03403650507723555, 0.02906261056916031, 0.37488931906997114, 0.06432993858122793, 0.07174723136607283, 0.3906198310285686], [0.1439008053867796, 0.13534413267717835, 0.03747238277198181, 0.30217786771031957, 0.029276958299227145, 0.03880472370140362, 0.3130231294531098], [0.10400201082106292, 0.09136305182209821, 0.032917319515137614, 0.3268069151617035, 0.03868323490600068, 0.05220957659878721, 0.35401789117520954], [0.059495443916165756, 0.05567331673411668, 0.0312189328509634, 0.3746230802041049, 0.048545885054642225, 0.05045664593960582, 0.3799866953004021], [0.1009442361529865, 0.09396667540103355, 0.04662734241837965, 0.29679333824706455, 0.06519835720609289, 0.0758348560909602, 0.3206351944834818], [0.08340914557931234, 0.07994373297271476, 0.0387040013603112, 0.3610621224965895, 0.02882383433972939, 0.03536164073496838, 0.37269552251637383], [0.19239588862728735, 0.18479757498692667, 0.03590758644568068, 0.2304641978799817, 0.06520110188794287, 0.05911885663282782, 0.23211479353935288], [0.05782609903592058, 0.08038661504331089, 0.06389841433026368, 0.33368248567198733, 0.0931987032400339, 0.06095728616356402, 0.3100503965149193], [0.11261884866377428, 0.1457849931203359, 0.06985623164327498, 0.2056706603235043, 0.11368917662838433, 0.1240822234570786, 0.22829786616364775], [0.10552460896469197, 0.10595266149254863, 0.046343841187908415, 0.3451636085240192, 0.02690422735002722, 0.025892808843746264, 0.344218243637059], [0.1048031607569831, 0.07427652534716528, 0.030392746384187198, 0.36382201059403113, 0.029692971931785148, 0.028059661385722624, 0.36895292360012555], [0.07919451016678924, 0.07343906763357318, 0.04788160261017571, 0.3322495255674266, 0.06234709064210477, 0.06502717830799712, 0.33986102507193344], [0.056018579292122506, 0.05418487125467667, 0.009140038726969025, 0.4246469740806284, 0.013610569128329484, 0.014361979751512753, 0.42803698776576105], [0.10954095653592233, 0.10640236901987045, 0.03542934710079318, 0.3225139648678449, 0.03955356536932261, 0.04948825326817284, 0.337071543838074], [0.21478721323306507, 0.2119889897130329, 0.04022699809815575, 0.19759666597524303, 0.07043698046982257, 0.06836311218790436, 0.1966000403227761], [0.10280580990396805, 0.07851440571318805, 0.039136581977705545, 0.3613112570663875, 0.029846578514479895, 0.028526623950737868, 0.3598587428735344], [0.09084184946943323, 0.08351027879915723, 0.044426176120013115, 0.29943834338311165, 0.055332988806676316, 0.07961711810459583, 0.34683324531701215], [0.17026259016240933, 0.1447575450727769, 0.04328243745840435, 0.2156491778499226, 0.09425307570993821, 0.10123992403822352, 0.23055524970832522], [0.05496055501185619, 0.053159742509980554, 0.05532484228234522, 0.3401149483863377, 0.06584419327335894, 0.07151107184413102, 0.35908464669198964], [0.07747783529164863, 0.07291052291886363, 0.037107714807127, 0.3645538599440624, 0.03672266564065823, 0.03876658203355308, 0.372460819364087], [0.07842559164383478, 0.07280048266544442, 0.05235393878663848, 0.3055062725584719, 0.08122293006754046, 0.0905276280428659, 0.31916315623520425], [0.07473281367049406, 0.07109631957923823, 0.019756398799598195, 0.36492691643387576, 0.04275889969151482, 0.047053359855404986, 0.37967529196987404], [0.1303573376881552, 0.11934336509774152, 0.0778777041482167, 0.27961917977195117, 0.04933412184290768, 0.06238764897298869, 0.28108064247803966], [0.10732193854485338, 0.1020937498668164, 0.043417826836391255, 0.31765335275262124, 0.01897228770463719, 0.048468376111903105, 0.36207246818277666], [0.07479892043172696, 0.07077950954309456, 0.053497215828245896, 0.333808800840032, 0.08081038850432361, 0.06051355637896837, 0.32579160847360866], [0.07355736128267928, 0.07116364682340186, 0.045015938761541904, 0.3618610301958988, 0.046448890332313426, 0.03933710047430528, 0.36261603212985877], [0.12078330026760124, 0.11578461321360858, 0.050837922495643964, 0.28883226945561136, 0.06174285527905715, 0.06518758793397537, 0.29683145135450184], [0.06854290509529166, 0.06166847518940587, 0.02943496019690024, 0.36701440370403354, 0.030849089886527545, 0.04768585311610933, 0.3948043128117327], [0.2338699656685093, 0.22369943689196634, 0.029293381950394486, 0.21705469274366543, 0.02658787137089198, 0.033740508395497845, 0.23575414297907468], [0.11248262766050159, 0.09206156745912666, 0.045664145297281876, 0.3334041612891147, 0.031004700228907545, 0.03857299781876902, 0.34680980024629837], [0.08845451631695217, 0.08270515456267094, 0.051648688607347504, 0.3442172391709507, 0.06616383828410384, 0.038136822693037545, 0.32867374036493724], [0.06884531745955745, 0.07457938164657685, 0.02611105348251051, 0.3855700269801884, 0.027349989334330038, 0.029063397488891106, 0.3884808336079464], [0.09113492570802863, 0.09020943934978218, 0.05311557473601432, 0.3409215917885139, 0.052270075696160066, 0.04093596589475203, 0.3314124268267489], [0.15758869010472665, 0.14909522419249208, 0.04167521091783748, 0.29377613712300604, 0.030260926297606686, 0.032027410578890574, 0.2955764007854403], [0.08195502569863385, 0.08047652153423619, 0.036248601726652535, 0.3797808879360151, 0.018207187935963903, 0.019777047795410032, 0.38355472737308854], [0.14145906757206966, 0.10457908378429709, 0.06329537753642393, 0.30981769034985235, 0.03737757039564909, 0.03660291425200839, 0.30686829610970007], [0.10777840588079665, 0.10073114340043399, 0.04205050952492973, 0.3423744061134, 0.03071365843871302, 0.03084859203877367, 0.34550328460295243], [0.08632716879042852, 0.07825528822816825, 0.01617603317753618, 0.38001362429193725, 0.02584316304669935, 0.029193221318117954, 0.38419150114711215], [0.06334087223959883, 0.05680831343917375, 0.03859990538204072, 0.3779641627414661, 0.038089887075215795, 0.042957751861788684, 0.38223910726071564], [0.07040079736946186, 0.08436179724709587, 0.051342246131393286, 0.3123693869658853, 0.06373619562904757, 0.08149317491217713, 0.3362964017449387], [0.05510141740055021, 0.05032136519414437, 0.02571083095177989, 0.3842194972428046, 0.03708358013963993, 0.04407662145170443, 0.4034866876193771], [0.07261445908224053, 0.06986330428073297, 0.015795612375948127, 0.3606987438970411, 0.056491731492052236, 0.05576306554799348, 0.3687730833239907], [0.06510562273105293, 0.06225799913535339, 0.03896315131611116, 0.34405829691115225, 0.061591197222803824, 0.07125281614658815, 0.35677091653693804], [0.082545646889468, 0.07713781497223511, 0.04713102595425148, 0.32157194898931685, 0.0686146209550703, 0.06995778034042903, 0.33304116189922994], [0.1198831214192511, 0.14451604336828017, 0.017360713741648947, 0.24460001412698207, 0.10482441867014083, 0.11914559985789047, 0.24967008881580613], [0.06546260892980993, 0.09520444089753323, 0.05444939210773167, 0.3452630536670006, 0.05491713852239193, 0.04875293859960682, 0.3359504272759256], [0.1242823263160061, 0.11994563862602402, 0.0317217572603008, 0.3241475558753845, 0.028776377192310177, 0.035259766832856455, 0.33586657789711727], [0.11708098112001732, 0.11055251793734075, 0.042160296799114955, 0.3286293996944486, 0.029091129341256107, 0.03531716189981242, 0.3371685132080097], [0.07306484729584252, 0.07190066846740582, 0.05350855989975811, 0.3646374235966951, 0.03714597574371534, 0.03499874654023531, 0.36474377845634764], [0.09264474052807244, 0.08840524094324446, 0.1189262866963155, 0.27929145367515906, 0.09146542408521764, 0.0711086708904941, 0.25815818318149725], [0.06898986675277533, 0.0644045540520529, 0.07355089277450169, 0.307125468201521, 0.110046265646127, 0.0811461225237401, 0.29473683004928186], [0.04942867179802826, 0.05770667816768664, 0.10076643598737807, 0.2930082604115704, 0.13195886996974784, 0.09291028097524781, 0.2742208026903406], [0.25298689150260517, 0.2375027796961, 0.06399998428595709, 0.1700793278820642, 0.05450535244026329, 0.05390255852723087, 0.16702310566577935], [0.09058320547871801, 0.08499280814161013, 0.045833158182550564, 0.3521902971249693, 0.038017528597192915, 0.03635246480454698, 0.3520305376704116], [0.06435941331915637, 0.061111559768722644, 0.040488656886518676, 0.3534108699603479, 0.061454769126600126, 0.06347845542611377, 0.35569627551253963], [0.0918023660128634, 0.08462498460415925, 0.022676906710243094, 0.3576266954973152, 0.03984177962520131, 0.041803927284510455, 0.3616233402657079], [0.0892739887735405, 0.06122467284726546, 0.07431329534899626, 0.35269650308308415, 0.02738154690100363, 0.037335677574527534, 0.3577743154715827], [0.10526316066702589, 0.10088229624919601, 0.03924208043104965, 0.31578549078466156, 0.05377242458783952, 0.05682253384463576, 0.3282320134355913], [0.06392506798465944, 0.05833279561797464, 0.10342217453087484, 0.31382370305375873, 0.07736168372617724, 0.07308978029989663, 0.3100447947866583], [0.0691149489224453, 0.06300098404016118, 0.04295151666439162, 0.30016299846513467, 0.03846281250578688, 0.09321169553426267, 0.3930950438678182], [0.10159624250664619, 0.10020251537877069, 0.052702746024492306, 0.3025512767810876, 0.07756945297666305, 0.06339984029398468, 0.3019779260383555], [0.14991804581349744, 0.14112545858751474, 0.028703041337044048, 0.30455460071659446, 0.03506174324957854, 0.0374503369631251, 0.30318677333264393], [0.1353228559723573, 0.12636239676209574, 0.05494477573494509, 0.2427405947559075, 0.09395598920999619, 0.09635672578276741, 0.2503166617819307], [0.1372205611593241, 0.13242066637632036, 0.02939361038793099, 0.32513643729544894, 0.017778986258200586, 0.025670162350102447, 0.33237957617267266], [0.043169001445967616, 0.03779847988328839, 0.02702817013561147, 0.4082669559339439, 0.03254284829711281, 0.03648278965581816, 0.4147117546482585], [0.18956178347601293, 0.14604005688812347, 0.028275836116500575, 0.2551407049011767, 0.03484876338080223, 0.05825852620918247, 0.28787432902820115], [0.08433893592664633, 0.0924735949415947, 0.029231901638271957, 0.3479740804806958, 0.04585731895450921, 0.048931913920645026, 0.35119225413763716], [0.19441104745394672, 0.18973389937635152, 0.05322406184281032, 0.22589401996062627, 0.06163868491821173, 0.05598875842216665, 0.21910952802588687], [0.1556502182352177, 0.1503668023618437, 0.07889714432161468, 0.2519971273106904, 0.03989803629469025, 0.05925403464177125, 0.2639366368341721], [0.08822978828913304, 0.08527766526924843, 0.03790931507900425, 0.36136479032942587, 0.028878449742339225, 0.03202970209718596, 0.36631028919366265], [0.14685727449048977, 0.14341874272841357, 0.05377917359914164, 0.294541555000963, 0.04940438016024809, 0.03219569134522772, 0.2798031826755163], [0.1696990288085873, 0.13346544317635872, 0.027623768460962365, 0.2796439693256722, 0.04961670139732596, 0.053800145059474766, 0.2861509437716187], [0.14968074739773218, 0.14002337627737477, 0.028613098378165842, 0.31265158603406956, 0.028893920933436786, 0.028582881616346482, 0.31155438936287516], [0.1739426579693433, 0.16168237062625881, 0.03250797902437292, 0.29077088697573705, 0.019875179800481306, 0.024893411279855854, 0.2963275143239503], [0.20112195025186394, 0.12888914065637755, 0.05074769340352388, 0.26818346774832064, 0.038096905064662116, 0.04139947671509471, 0.2715613661601586], [0.0888842933685276, 0.08359093967698464, 0.026769478230162656, 0.36076046644078463, 0.03625598960937357, 0.03792640899624282, 0.36581242367792344], [0.11167995487220825, 0.11090822264450359, 0.024586198468772483, 0.26035512288059587, 0.09800674189608992, 0.11524593144774953, 0.27921782779007936], [0.1376282227053395, 0.12932720922926044, 0.025703024429631956, 0.3221775509473742, 0.025932147957953046, 0.029317059346556467, 0.32991478538388447], [0.06632293068032152, 0.07544431151487611, 0.02839049550029255, 0.3736049975724038, 0.033561561078229024, 0.03740254202647733, 0.38527316162739955], [0.06826686962313853, 0.06516190947669247, 0.04269302361173405, 0.36070265380783834, 0.03244071166369815, 0.05044090174214944, 0.380293930074749], [0.07415335237440646, 0.061344661828039264, 0.033059318742178066, 0.3715403825576267, 0.044829879535960876, 0.043000890823265504, 0.3720715141385233], [0.1568724442621186, 0.14539219040083112, 0.04190411653352042, 0.25565134807897627, 0.044466914492848245, 0.0621586205203746, 0.2935543657113312], [0.13960200057874703, 0.13484911172894967, 0.01972760278605755, 0.31030202594605355, 0.036497183668624505, 0.042066906142100416, 0.3169551691494668], [0.14930950303880494, 0.13393803807412347, 