{"estimation": {"a": 15.204879426423005, "rho": [0.22945973802432498, 0.2544193580743898, 0.27081137451869397, 0.2453095293825917], "Mu": [[-0.32130840911197667, 1.6163274156411715, -2.2571379219521472, 0.8821487528721729, -1.4154203769455922, 0.14817335015544045, 5.208301375900851, -2.8633707086710074, 0.1742522838847877, 2.388580006220618, -6.372612935980962, -1.900794234720145, 0.7149939950822095, 0.6413711581982992, -3.761761841445043, 0.4556187246591061, -2.8206318128224295, 0.2521925560340044, 2.805272361998191, 2.5483497375334823, 3.2119469210147655, 1.4629602804542332, -1.1987625554703814, -1.1705895832129187, 2.237587795639432, 4.915596470128698, 6.083511938290615, 2.3091709926888826, -5.151380831936829, -3.1524252652877722, -0.7968555971404506, -0.31394867151801126, 0.19807942674699047, -0.38579551848959054, -0.6752302281493627, 4.279094777713397, -2.191319484204297, -3.670874252942089, -1.1902851083610504, -3.5627464969563474, 3.4418822454918816, 0.889926611686432, 0.06919680133678889, 2.904916951489515, -3.2418932846418738, 2.4866060829573735, 7.3041598751143475, 0.03947319612193722, 5.810948326753499, -4.125302083602506], [3.8682699170491266, -0.7247940691611441, -0.7980315519390502, -1.1277046225409706, 4.842269688419775, -0.8406226288361298, -0.17260902730212882, -2.5796908742317384, -3.5120081602600326, -2.2160599986316645, -2.0118122748837366, -1.55603547000397, 3.000036402357953, -1.7569883972752371, 0.06886505457569628, -4.431369629387366, 3.214827283349699, -0.25588112426622933, -6.763533056065808, -3.4059830366550417, 0.05541621845219246, 1.0040412894154036, -0.319553171750361, -6.144285114876712, 4.6781703965262, -0.6659491943718241, -3.0773453696158253, 2.1392362088967847, -1.9701873283038474, -3.444918361622099, -2.745935278155768, -0.36723226477199133, 0.16328569875963067, 2.5041759837165003, -1.5655337771057676, 3.122078265764464, -2.253421401059137, -2.6680885534862018, 0.31327478359359057, 0.5463046491616586, -6.177086649018694, -2.250638421568725, -1.342010478643086, 2.136426135239262, -3.3621465977915115, 4.957775262068503, -1.1927393707022158, -1.0788384427953965, -4.782829189989928, 2.3273646109959976], [1.4112216619923643, -3.1309400901625453, -3.472591246910371, 1.1092268587447103, 2.239935565960845, -3.335081114071029, -0.7895448472666562, 4.3361651714968, -1.6883633012320478, -1.3540879944187807, -1.877061273256549, 1.0956913344413335, -1.1586597699597787, -3.481304088439528, 1.8138708696392736, -4.402896714730804, -2.680283621661988, 5.493740230116738, -0.4128223983071685, 3.4832094869357713, -3.5003081007699426, 2.092806699224704, 3.1387798441430466, 2.6917990036778296, 3.715003495808501, -1.0386496725886596, -0.6201887067415285, -4.085940824501608, -0.5683069030096197, -2.501350387543188, -1.4257025284236442, -2.268698957251268, -2.395816227216426, -1.9070242400264477, -0.02097673812655386, 0.24679923267426965, -0.36813800314574474, -0.0567248691352739, 0.9556917006397053, 0.5661513108795907, 0.05797905614382816, 0.814445217330437, 1.1947572301075569, 1.9231141515340602, 2.948018285258631, -2.49455351497701, -0.23540337347847293, -3.0792227775706165, -0.44059443729510633, -0.15253585857284463], [0.04612365109305451, -3.310578299769852, -3.7432927121688486, 1.6441043260471977, 2.714346644266816, -2.6149378922525215, 0.031256759510447985, 4.368164708243925, -2.6584664583021786, -2.0839484981420515, -3.246496896140119, 1.599149656712786, -1.8902473606694763, -3.994633909084395, 3.4521482835396045, -4.885176041913136, -2.362545551527974, 5.854180301236771, -1.2737192405542095, 3.260895349407384, -3.0738666426214207, 1.94463373314795, 3.2972242877040574, 2.6014191036907572, 3.1545852557518557, -1.040673301812797, -0.19608166276934388, -4.6624021768339405, -0.30466459681197233, -3.2872489543112167, -2.573655948192542, -2.680076906262858, -2.187334613464547, -3.2913192849288038, 0.9718277706410945, 0.644184234498616, 0.3628406062852612, -0.4073831251919075, 1.0259670168560378, 0.06503985078656539, -0.15402052557332138, -0.9341369405534043, 1.0820468485847465, 3.359709269951172, 4.1502520304304324, -3.296434336333677, -0.6493128401228764, -5.042331731933492, -0.9622359886302594, 0.10053418383346799], [-1.9596604282442291, -3.232874333899424, -0.5178442913249773, 0.8982927782299688, 1.9195493719048062, -3.7762593424220596, -2.1565821934404346, -2.850787673388304, -0.20841564843290808, -0.3102590135673905, 3.2244596793463747, -1.4337664240258325, -6.343837215204186, -3.665933627104669, -1.5384648834890362, 0.5288274113747188, 4.76566839464834, 5.084917205445822, -2.793789377247378, -4.140559542344674, -1.948362768459793, -5.290439788895326, -1.9848439834675506, -2.7549546700348504, 1.977673212144604, 9.363046333389187, -0.07966019527258156, 4.39520154715367, 9.216316503490402, 0.6099130195692741, 0.7892627948654696, -1.2296391024748186, -4.809606583872232, 0.18053512098181354, -2.2000078353239307, -1.7895312882244012, 1.0504999197607332, -0.3553018464819066, -2.1988718033831756, 0.6389117683926077, 1.048162301718009, 0.4391758914888063, 7.558285367095351, -0.37155581048647257, -1.9164075356031105, -4.151420683814192, 2.277552190351155, -2.5615682888037643, -1.5883908625179934, -0.5740644790633345], [-4.330357422011616, 2.427405625090423, 8.707820670638588, -4.154937649948646, -5.697145369178287, -1.6007639806094238, 0.19552284074650828, -2.8032093003125715, -1.1252683990411767, -5.950502028988806, 2.9647193357642654, -2.803313776250774, 4.714465722957758, 3.0653647815757052, -1.817056427943787, -0.5090316282674543, 4.0451827914687595, -1.4353729113239366, -4.75829901642953, 0.6626835420549863, 5.086334326185086, 3.012237055325221, -0.40809266353335166, 5.61527326217912, 0.374116285068985, 7.391326730724539, 2.6780100139582887, -5.418518121441816, -4.1080316293132, 7.7149920594720065, 1.811697350093348, 3.5658771734495356, 4.174485891319295, 2.414059375835517, 2.624169481667271, 0.8605716240504359, -11.19940687024775, 1.0542603134436497, 5.9300818392810095, -6.696697468560167, -0.8147291122497512, -2.162321934173188, -2.0517930928184627, -0.008591184786944019, -1.5165588861581518, 3.14441408146003, 0.07501044083291203, -0.6051705269377049, 4.330827765040091, 5.7775741110963805], [-3.0548081379032452, -0.944238644067566, 0.676970511079802, -6.088544243947471, 5.51064253277526, -4.761845784290044, 1.900372357125087, 1.2955885366562951, -5.1840616421882935, 3.9191131459430406, 2.429668925266229, 4.413936074759059, 2.2116716443173767, -2.9494146440393814, 5.301891391765316, 2.9744080089452773, 2.172973219945348, 2.207501540840617, -1.5016798893060033, 5.819015008775533, 3.325278529106586, -0.832114818408425, 2.681532171102745, 0.29971818467284406, 3.163941194883417, 2.5522630723942936, 1.5045325192327597, -0.1519580903645459, -0.6997791890052742, -1.842041744592236, 0.8423367186905758, -5.8998776394651085, -3.314346968751541, -6.288897986657612, 3.1125377290441034, 2.952411355387409, 0.8555354134054491, 0.6264243881789645, 4.542103567036692, -1.9024062137264106, 0.2438440578849433, 0.963735418126464, -6.099060889005845, 2.202578227139337, -7.515654139507955, -3.3842854275504965, 0.775771727643689, -6.01274816626165, -0.40710153177620373, 3.97245843877606], [-2.791637445381381, 0.5019506985001098, 0.8398309962404517, -0.08763843420678578, -2.4768393808504974, 5.799184452991185, -2.083172363215101, -1.8051315485757744, -1.4027755489049527, 1.260655640792863, -4.835625462649289, -5.983357523703551, -5.262485170571621, 0.7238718908666696, 2.7521059881444163, 2.022048334784679, -2.5248839520729778, -1.1228242577308358, -2.7350757741783154, 1.0186173549315958, -0.6306173618349861, -2.982363868515195, 2.657440977835254, -0.48766583164498123, 0.15629535201260267, -0.08710112515114223, -0.025787675643047507, 2.6605417193886893, -0.788633732644475, -5.000453674664085, 2.0181401416133147, 3.8732117331324565, 2.9792641313681436, -2.531397102761591, 2.6153565988279452, -2.4489895462306697, 0.1531302270692395, -1.8486413270345414, 0.049790038323352444, -1.3386856666799867, 0.9735114457553437, 2.9744909707797555, -2.8813299845305487, -1.9696325119746925, 4.223010822637258, 6.557697204236166, -1.823407691974328, 5.613725590042194, 0.19902258829722327, -1.3730182566011004], [-1.6643541275440374, 0.6981190784640064, -0.2670121239546591, 1.3779362799018393, -2.2070182398722973, -2.725785201770863, 0.7365572081059302, -3.3856564074677884, 3.279560497782726, -1.4968168305669165, -0.15085615008923434, 0.4872424435734331, -0.7217490507211686, 1.5028087289599679, -3.765025079911431, -1.7545041265450079, -0.7897740439420521, 0.6232028352287247, 3.2474081221638027, 1.923082059904917, 1.7672341021978806, 0.7094562555344534, -2.804448807583916, -1.1336471533547687, -1.7663695879990193, 0.4132378945207908, -2.661772372201317, -1.5031810887765975, -3.7460362573285333, -1.987128192639424, -0.34045432388495916, -0.47969882116760965, -2.372616469789658, 1.2867312950045355, -0.9113567590366678, -2.0282665322688658, -2.4298137592447646, -0.2878636322969192, 4.238098500035862, -1.535662540060625, 3.079852442049292, -3.180599594624415, -0.6640034040322624, -0.5761277326884024, 1.582053037203167, 0.09006995568541522, 1.3960770122226807, -0.8659130446571995, -0.17233139205714848, 0.9480275128677879], [-1.684134033577546, 0.48206259598579715, -0.29439008709491876, 1.7247522993919395, -2.242223058555054, -1.9840754908670326, 0.7974321427210732, -3.2705040849111215, 3.5260417240187607, -1.5698358990088297, -0.21241653011042602, 0.314506216696791, -0.5633256731713543, 1.8975458651643495, -4.246088597561973, -1.6675921213043372, -0.4154985161251213, 1.0842840132077731, 3.126353415187855, 2.1632034893086836, 1.8871716325720052, 0.8294480906911164, -3.130413218886213, -0.9534194545943229, -1.6210049369102917, 0.320967600530423, -2.4687144367052754, -2.5759295413014613, -3.891158462268615, -1.8830789543603665, -0.11295796663591601, -0.6615677415100351, -2.5969365273898437, 1.9907016749717568, -1.101926212922789, -1.8196344843355723, -2.478244795507806, -0.34717911723151257, 3.8648073205514897, -1.5477774920062661, 2.875285880434049, -2.851215862519205, -0.8015300970004052, -0.4043901741238303, 1.483323972889214, 0.12706606182044702, 1.6290509448422221, -0.8618736468329884, 0.23436718683566782, 0.9534412034477352], [-2.0231706883076552, -1.1688277539737149, -0.7951877873799527, 3.012129536192298, -3.5746885697942323, 2.6596072565807263, 0.4832182705971192, -0.6458477741245539, -1.3675485048930052, -0.9541856179462231, -1.2015165136670614, -0.8319629141163866, 1.9710292055531247, -0.3268368371680851, -1.0917517805399426, -3.2906641258301517, -0.5608989618251018, -1.0814396974325913, -2.8435004956678664, 1.1367000933255302, -0.864660263911265, -1.9923379249661375, -3.2124478435222286, -0.5733265041405189, -6.738289289795469, 0.28715296288834874, -4.640752401553818, 0.5167490130421315, 0.5113231733243081, -1.2927224046474446, -4.030243692049696, 1.549972043857502, 1.240754612087868, 3.2531832149269486, -0.09014946042687116, 0.8739519407566199, 0.9257825097814548, -3.513075960162737, -0.3732180086168853, 1.4800283653216075, -0.8354796936072449, 0.9502393805810734, 2.876508582719641, 2.8581189096429513, 2.163953989136184, 0.36499917035228363, -4.440366322346232, -1.0185142470540745, 0.5036310364990394, -3.1667199048267265], [-2.304131768436075, -1.0780768753360357, -0.44035046723964594, 3.193423114509543, -3.6026820254613456, 2.3173413595074126, 0.3074694460148836, -0.4191403331801916, -1.1529111755884556, -0.7811328783405701, -1.143413364408808, -0.918448404893498, 2.0061896572020816, -0.5502256716211259, -1.4379921474000232, -3.5720663658507514, 0.19992107584862945, -1.2818884377059383, -2.9884845361078645, 1.2512835049950568, -1.0692635976487448, -2.0126188014235273, -3.301637146238271, -0.02370615478629717, -6.894983277624811, -0.12716110009986353, -4.41505646648859, -0.229725635392055, 0.4629101112275158, -1.8190301519688767, -3.8069641295652668, 1.133583935516977, 1.3248237087249346, 3.202627718959303, -0.22713340071159255, 0.6982866978821326, 1.4095084649586886, -3.446405743437829, -0.6208205288711055, 1.7949441471041785, -0.9756852583504787, 0.35934185344414166, 2.6915884940995114, 3.2031471170278043, 2.1577287935788885, 0.4307466213588731, -4.6660340127879225, -0.7296381225611107, 0.4211091555488528, -3.1604026472791285], [2.1463777581826826, 1.211146089563796, -0.3835433994604961, 0.3680501637886903, 1.7346897779203083, 0.10474903864829309, 2.8625896773427324, 3.0136229956120917, -0.724603886905948, 0.3420097371831944, 2.565725913630926, -0.6139285711598721, 0.12345328681959733, 0.5939797151865935, -1.311380474699663, -0.5040419601946873, 1.6896321422414282, 1.5020766007458335, -0.547721180651488, -0.7550874613041003, -3.808625546821679, -0.4263734695009098, -0.47440362830887933, 2.0006710934605083, 0.9694399955204557, 0.05654984884373105, 1.073683135597487, -1.159783791833555, 2.2268344681694625, 0.6900880942505774, 1.6111050469890973, -0.2871528146400964, -2.7384493639187424, -0.22498818881817237, -0.9137243997291193, -0.733436443805504, 2.419448767853694, 2.8939392972640654, -0.029970220144863613, 1.3596727102173767, 3.5217332850466625, -1.3519836931094664, 1.3130458050473888, 0.9308148013876377, -0.7254988220771547, 1.3729395924831502, 0.842277705702069, 1.207677011275689, -0.0648681539267295, -1.5926895488094641], [2.0927674244253485, 1.6554328132260157, -0.20190333980535077, 0.45794540776639225, 1.868747849331407, 0.22555661599520835, 0.6691972418914686, 2.9242242093830764, -1.001148372143125, 0.6537994446631468, 2.813341869020567, -0.4608567740214124, 0.14141642950065234, 0.672100351125684, -1.065191319508679, -0.7525474038551693, 1.6791887176367268, 1.5124571662104775, -0.3496971725686741, -1.152558102397148, -4.011459645400319, 0.20066349325072574, -0.48211946500655767, 1.998137170768458, 0.9626395561886922, -0.13265117690525363, 1.1775225681645571, -1.1912524971010143, 2.4368514927569516, 0.6140113328278324, 1.635929370855211, -0.09284754831545676, -3.0039956554023415, -0.3846705837526716, -0.8246429576723441, -0.7802432676393287, 1.8299273068766087, 2.5331336432950833, -0.6548653241303023, 1.6743760671254655, 3.197206817198441, -1.136303151190277, 1.454724186412383, 0.5418140310977207, -0.8298054938939099, 1.1903562390381668, 0.7645363451459795, 1.5290147469815332, -0.25624581813787983, -1.6129330957185388]], "Lambda": [[0.9617492470539387, 0.5508022371739328, 0.2417040933169843, 0.3424663118854995, 0.6473982641529746, 0.5324544275097673, 0.4672603461552051, 0.44488695608843737, 0.3798607446513109, 0.5099895177761394, 0.5101573324473956, 0.2860218105426945, 0.5547918342548572, 0.9466262085564049, 0.6708058175461646, 0.2473647371976859, 0.8150845921979448, 0.4291191890099288, 0.3388853664276423, 0.3193419918952838, 0.44574223581235434, 0.6768291590518123, 0.5109282759082724, 0.23535497447216017, 0.3664705323833816, 0.4153475388552422, 0.44212543015222494, 0.4650844988085636, 0.2586661223639307, 0.5043860023634615, 0.3941034528454402, 0.33729987715285065, 0.708318945855536, 0.7739201674096572, 0.3189948928617535, 0.5116376357255932, 0.5392781670551849, 0.33544947500022126, 0.5024947248239516, 0.4246588037322335, 0.3832344817731078, 1.2183868497665318, 0.5076749880859289, 0.5904983783906379, 0.3636898090169079, 0.5595737878883636, 0.17142733448826533, 0.7346663466313225, 0.18139829422352505, 0.4107842225300116], [0.8512405154677711, 0.6663503404559694, 0.2580971345325707, 0.44128879794609344, 0.386448088453979, 0.3221678906841422, 0.3386260928994019, 0.5430416504837167, 0.25509084509743335, 0.6965014834793266, 0.3456273852213426, 0.46337325007293617, 0.2756272944016225, 1.2803333284731306, 0.3154101142736051, 0.36510970413363014, 0.6905889314284875, 0.3494998025664897, 0.25279508143642854, 0.3286649620373899, 0.21858198805144213, 0.82305825118499, 0.7342098349737938, 0.17918394341900676, 0.5027194577312355, 0.4257351092563831, 0.3752960112417747, 0.47367304862869053, 0.2888774586014997, 0.522683425198288, 0.44489891270780874, 0.3379567211567477, 0.33180513568070735, 0.6930566396219547, 0.6407010651049317, 0.391970498486822, 0.4887971481390249, 0.6189190233457403, 0.4429356225144925, 0.3147549844186612, 0.42971904099751856, 0.9634773640855682, 0.5828729816057033, 0.5064656393110629, 0.30329154232848654, 0.7006949741563412, 0.2854178259855277, 1.2175560913618944, 0.19117309953951242, 0.3957865534362497], [0.4345422032590822, 0.20892869421828228, 0.46523531603804613, 0.36712219156069154, 0.33743032056431416, 0.5235227771129696, 0.3694963533649566, 0.40974097884525484, 0.19000433937743177, 0.6984574206931794, 0.5015122872768952, 0.7263255112328538, 0.4435584287242531, 0.39347708231479633, 0.4388021599028956, 0.28839321989690914, 0.6923976792902081, 0.42808128505587206, 0.37969061782732894, 0.5651286874044709, 0.28750560833831557, 0.5573889721001928, 0.6318525635672586, 0.32303189671589316, 0.700445437732052, 0.697450834759025, 0.338429401017901, 0.3836745811478709, 0.7104520248962007, 0.45850663042546835, 0.4112757195695352, 0.8013818151782114, 0.28784819436425474, 0.1984494838098262, 0.20093329370149163, 0.5841567333716154, 0.612351221519274, 0.9363702519139045, 0.5237109432277341, 0.6091808126117942, 0.600645989763931, 0.20843205433467388, 0.7748445763912495, 0.31329108743773565, 0.41418274564651564, 0.27383520754811674, 0.6221420811818252, 0.18329738938019038, 0.6166456651647869, 0.24315498782719047], [0.3964291132219463, 0.20101316383894138, 0.47478615055256024, 0.357733778963928, 0.31970889797465274, 0.5436427030291447, 0.3471411779199605, 0.3959884131416642, 0.19329693490401956, 0.7126338305073717, 0.5063860218492547, 0.7659431968698172, 0.44034336158544873, 0.3904129473952381, 0.46082007744952364, 0.2844475801475087, 0.753778094400245, 0.4387697970299556, 0.30327583504329936, 0.5521852975964576, 0.2622937659378403, 0.5219664804555273, 0.6398076170209362, 0.27899596646130875, 0.7335089276352669, 0.7395317611021882, 0.3472265948296224, 0.37314072659461595, 0.7200331603937599, 0.47006230475228905, 0.38091870744400924, 0.7900004040819438, 0.2738709527905916, 0.17451458448825435, 0.2057564079030871, 0.6778907327811174, 0.5430446890349747, 0.9316759639197579, 0.5766348526478631, 0.6448529395110656, 0.5405194061608704, 0.16355156812370367, 0.7771055036176652, 0.2661673435984043, 0.42509356733871334, 0.27334741520436884, 0.6382988537245607, 0.18615306768811632, 0.5338175735883476, 0.23514828305882743], [0.36353663240876544, 0.13003744122992902, 0.19250525265160628, 0.33370266124495057, 0.29753303469072423, 0.34202852074044077, 0.6877822167172483, 0.4941848906488729, 1.2915832121807775, 0.1972094505317906, 0.6830677427749623, 0.30012180475330197, 0.48153790336616265, 0.4858811270112874, 0.63874894006855, 0.7247999636247134, 0.7616465952398727, 0.5434689214595259, 0.6211841466463092, 0.5680152912683154, 0.47908659153975824, 0.7262536584985294, 0.4998627114403384, 0.17404413827919357, 1.2753955812434812, 0.26453428675470086, 0.522185501213218, 0.7632739259293784, 0.28070289882092453, 0.5061111486830332, 0.39181270421489595, 0.4492150993824696, 0.2824592520429722, 0.41615822757653625, 0.8793066879901924, 0.42102827503855944, 0.08997932612627266, 0.4460903230152532, 0.43187052788383773, 0.2904268081776622, 1.175048970090928, 0.42491728411350954, 0.24212234222523157, 0.7218576355015367, 0.27196300728126876, 0.6416320137772674, 0.5087564546287641, 0.441740527453213, 0.4922808272072039, 0.541773063471941], [0.44264408420636575, 0.4229372975274325, 0.22875340938629082, 0.2920188182957389, 0.774010069674768, 0.25737331416589015, 0.3620246808740411, 1.0122575822753346, 1.0444457344162215, 0.1709869309786919, 0.7627041541583712, 0.5399612559302093, 0.3990361985126163, 0.4706595710900845, 0.6785480070601169, 0.41409596554999045, 0.5680610452572247, 0.495043105836336, 0.41217328065927444, 0.3845508003024701, 0.7101095562936812, 0.6315584602868286, 0.36981422546930204, 0.380885154634319, 1.5493709029783391, 0.18494971268454832, 0.5586422877507532, 0.5002447457017932, 0.7946813105572236, 0.3405606695639848, 0.3555226918285472, 0.4237760904791869, 0.3305369621994571, 0.3522503523795825, 0.7862498185360244, 0.27491121491330045, 0.11258852690275623, 0.41442917830808274, 0.40844632477444015, 0.15284269594826605, 1.0583699998115774, 0.8408361404606505, 0.35306624190883173, 1.00804593573109, 0.2994401764648344, 0.6550021620485604, 0.8446009070267918, 0.3241205037187032, 0.2718206937112514, 0.39651753149909075], [0.3530228816929574, 0.7227911875315841, 0.3511270922610573, 0.31137051175542674, 0.32107325451051283, 0.39164283681816725, 0.28341208800661616, 0.5528599787816828, 0.4926232503229484, 0.6409662511787618, 0.37930315739161025, 0.4124914927659012, 0.332391726964442, 0.4093863661941961, 0.5925717064855521, 0.49331520594214556, 0.4457925373915183, 0.40289498235704646, 0.511887678669836, 0.46702114365443326, 0.5459730002194352, 0.3672443800993279, 0.7221453224304996, 0.34846530686221927, 0.6067935584669832, 0.22916710681517585, 0.7782055943712515, 0.374397840714047, 0.4766991003090574, 0.5991239441769385, 0.7007136069417111, 0.3522655009066968, 0.23492159652885383, 0.42921508825626675, 0.9469853151774208, 0.9057337148265773, 0.3238616055475874, 0.2327417346220423, 0.292828201838838, 0.39325524990173066, 0.8432032465027001, 0.25284282863644036, 0.5380459156195214, 0.25083156756126024, 0.4878302630004108, 0.558945309874299, 0.45264817130354057, 0.3176714626455783, 0.5674482772171884, 0.4522264033781276], [0.42199406992263894, 0.4772086670365406, 0.4850651984183071, 0.32572884569047444, 0.5437754249317234, 0.8162545178353896, 0.16110428062731677, 0.6661158274048459, 0.6389509074364593, 1.1307084446669224, 0.3508543454181725, 0.31346206509199975, 0.23786900230914745, 0.5128451023044781, 0.45933889049524956, 0.2613140391223221, 0.3826141478985494, 0.32479108497386194, 0.49434842684837577, 0.4168896194548637, 0.42833363631338583, 0.38231313458166477, 0.7383382024997146, 0.26095501635149815, 0.5377051546383781, 0.4038999648778195, 0.7267890706188226, 0.6158329103719495, 0.4914940241616006, 0.4892553157984479, 1.0304221119898909, 0.36602570201302836, 0.2204462365395022, 0.37646143003297744, 0.7210382518504811, 0.9058524890377403, 0.4978732538871332, 0.15462882831069222, 0.13003649609053733, 0.4028677809359848, 0.3501389926804553, 0.2624638195867301, 0.614429917070407, 0.39070979687248186, 0.7362902372691487, 0.2417389873454219, 0.5512527211483262, 0.3970363641475488, 0.6251733531684055, 0.3311025022131681], [0.785693037376735, 0.5025468251856543, 0.9821205110319602, 0.4806464606878423, 0.570508629365044, 0.4888529274155604, 0.5263047028516923, 0.33116042315563643, 0.4897410862994208, 0.36653439561943496, 0.5398770166473196, 0.27027402323659616, 0.5754542278488946, 0.4226934492016429, 0.252979174406076, 0.6739305643519871, 0.7765698186627152, 0.502398617305673, 0.4155223059481596, 0.3520593644812285, 0.6415501286425795, 0.4660672157931858, 0.2950399691310202, 0.8046566625694679, 0.42897943634278785, 0.7935544109106037, 0.723712107643686, 0.3480565924061647, 0.3564271432249239, 0.31563695846541623, 0.36005182818989917, 0.47682928462628094, 0.4210489479431296, 0.35180846442270847, 0.6212190648369442, 0.5133812844445352, 0.6155468471049961, 0.6861283337795769, 0.36230458694837614, 0.5866934169161448, 0.6717338345299857, 0.23549789232177268, 0.6367964963561941, 0.429731909118771, 0.46660957680170223, 0.4115568932414667, 0.37601991776436505, 0.5651572850700165, 0.5714894381047635, 0.5441980181995937], [0.7488054091828926, 0.4812530243041916, 1.027594033537005, 0.4876758530183038, 0.5472393871619854, 0.4665670010498359, 0.531951932214038, 0.33336916900752306, 0.47404203814032736, 0.3532185530894733, 0.5478912605862225, 0.2462946609430585, 0.5739549741874974, 0.41234343948624386, 0.23063691010507228, 0.6310459428393617, 0.7783528513883367, 0.49325389354542554, 0.4067315905971687, 0.33713162964416044, 0.612333749164036, 0.4285806512835644, 0.28345945276272594, 0.8513711258930776, 0.4459937863562126, 0.8409312330367269, 0.7584949717875621, 0.31533873754226166, 0.3456332940563938, 0.29767312664129986, 0.34694816800320744, 0.46841275671779764, 0.4207956063417423, 0.33212179681093557, 0.6311867324203698, 0.5039167853506685, 0.5930410235469317, 0.6976961028333329, 0.35006839369504383, 0.5747376997012281, 0.6937744567474706, 0.2313280240010799, 0.6768737198202045, 0.4148065705572945, 0.436951316076076, 0.38887676821714934, 0.36780824821799246, 0.5648507056904195, 0.6054040321957036, 0.5569108267293721], [0.34221657227637453, 0.4459847823165615, 0.35969504110413375, 0.46890475299204826, 0.3837296679552501, 0.27033511594347853, 0.48560152297522446, 0.4534535869251179, 0.5076597672148776, 0.42457893683073217, 0.6779630560695238, 0.4339515253058108, 0.6097063727059051, 0.29709616225519575, 0.7716102691913892, 0.2421943731616264, 0.37153072106741303, 0.4165992408613792, 0.5268963566332558, 0.41836687892025853, 0.5443148291209149, 0.6510307485289604, 0.46383372755637853, 0.4883652873383583, 0.2512861777924621, 0.3773849758619389, 0.4475435187566948, 0.6654151314301633, 0.3012136414694992, 0.4187265169954576, 0.44326429602396844, 0.38972247339777716, 0.5716723997711333, 0.7510469644061152, 0.6855060497294548, 0.39001394602496625, 0.6229074574911079, 0.42556057861808594, 0.35109533436332924, 0.38750628713529656, 0.4469163321795479, 0.4577409690658105, 0.3805028377109965, 0.4884635460910777, 0.3003028028639277, 0.8215410148057678, 0.23681678858223512, 0.44011586973519623, 0.3239469858316567, 0.5944898671255662], [0.3156875428127477, 0.43689124963020093, 0.3504601822701402, 0.45290825776276983, 0.36646266560935237, 0.25988415440235824, 0.4989799626711703, 0.4561834150822721, 0.5361471994025988, 0.42096260942920055, 0.686605936008271, 0.4313610903492473, 0.5941091658970931, 0.322645281275074, 0.7872487845777258, 0.228090834083307, 0.36860664042038055, 0.38454590522022164, 0.5343830034142565, 0.41587126078398057, 0.5276028204301751, 0.6650434468123627, 0.47828491466237416, 0.4749528844834831, 0.24072172899032365, 0.36090760789308207, 0.4252447585477768, 0.6278433575243069, 0.3102279508908571, 0.4203814395455777, 0.43159922349716495, 0.3943513761234996, 0.5515161959881704, 0.7400533289385377, 0.7246972589253, 0.3545651280239701, 0.5727937259915316, 0.4271444815734517, 0.3430224333906095, 0.3802869056449525, 0.43051182291818674, 0.46646625617050264, 0.3928052948264191, 0.4934685247282073, 0.2823456572390403, 0.8239196296970478, 0.20735800895011441, 0.4236928251175381, 0.29541322745651416, 0.6081987595082924], [0.2645115956514749, 0.2690435298406267, 0.29335805128736936, 0.5384547599712161, 0.33072279346335554, 0.26429849640595965, 0.4055579600310249, 0.34063785588490003, 0.2488445164959942, 0.34774829577679084, 0.30904450052973603, 0.3810700675731696, 0.30051653115321253, 0.4231109843132596, 0.20769703115317747, 0.2927108689066101, 0.4240590418956508, 0.5280136206806494, 0.45775612333103055, 0.42208523145509874, 0.3606372401168571, 0.3205032267054208, 0.6091328371536171, 0.3120740893616135, 0.43004647166861465, 0.2975570474260678, 0.42115650817156686, 0.5386295653461735, 0.31701113087231425, 0.42973546606558605, 0.4256914927224525, 0.6405293123244775, 0.294519000945393, 0.34637276194089206, 0.40486263155267765, 0.5042000670675506, 0.2411971453766195, 0.26069745911777453, 0.30599304364824753, 0.30260361354926907, 0.2762127190585932, 0.22065851588697402, 0.35906492878997576, 0.3401331264114947, 0.2889734252194599, 0.24774628348238328, 0.43316149142728433, 0.5495021473971206, 0.2944439868072623, 0.36728014809605813], [0.2799784689770216, 0.27232553586499936, 0.29449783716532735, 0.5671202529495867, 0.35054926946389126, 0.2751983045866119, 0.4624810358067303, 0.37766113306001775, 0.2557009004455459, 0.3363427860510888, 0.3044872785317722, 0.4134268121964724, 0.3020012491345757, 0.4090154318362144, 0.22634248730592596, 0.31417401274037327, 0.44795476020596664, 0.5417741626500824, 0.491829437707246, 0.43131046234997283, 0.38986828887909836, 0.35524180994010207, 0.6496684998059751, 0.33298919920101006, 0.45552151996073825, 0.3131813278122802, 0.41969656002512684, 0.5376644548245791, 0.34556032846616075, 0.43324023297513947, 0.4551243539734407, 0.6934425817793691, 0.3015944335588763, 0.3770724334535754, 0.38896998577184666, 0.49406034001495797, 0.26440509538331053, 0.2844193466536174, 0.30642906363469863, 0.3397481609011857, 0.29031355273706827, 0.23521010430614467, 0.3724356017551948, 0.3589192797304473, 0.2813123633111151, 0.2584913444960833, 0.42818903967430905, 0.5503291236331374, 0.3101219073967006, 0.3731306577980946]], "G": [[0.27152846498445055, 0.2990014052544288, 0.22800927566116458, 0.20146085409995643], [0.18702615618925653, 0.2120094733082688, 0.31152353960153245, 0.289440830900943], [0.19129102083189714, 0.213808169830974, 0.3171000907875144, 0.2778007185496151], [0.22638253963613403, 0.2850696005472783, 0.25386537473995396, 0.2346824850766342], [0.30888273947996214, 0.28278206394291117, 0.2168611077335736, 0.19147408884355288], [0.1696088373777344, 0.19006159378998885, 0.335444120771156, 0.3048854480611208], [0.2724887192811673, 0.3324874568120146, 0.21001085530267, 0.1850129686041478], [0.26714645736152676, 0.3225289517074693, 0.21541983491644986, 0.19490475601455354], [0.291883227642893, 0.3585760875388535, 0.18124866558302624, 0.1682920192352264], [0.2734970685997316, 0.31385099981141046, 0.21792761596611093, 0.19472431562274717], [0.21016029720001886, 0.2366704083946848, 0.2891385622346433, 0.2640307321706527], [0.2516293289174332, 0.27007735304264996, 0.2502579336093852, 0.2280353844305319], [0.24188212367341058, 0.26122401614774743, 0.26177826241785435, 0.2351155977609882], [0.25729881767087615, 0.28178958595980785, 0.24496575075669344, 0.21594584561262214], [0.2200480938940533, 0.235554324690311, 0.2868310707793322, 0.25756651063630376], [0.08811739518210499, 0.3402504714208993, 0.30171504006446576, 0.2699170933325295], [0.1451854409834043, 0.2528325821137798, 0.31433629066082813, 0.2876456862419886], [0.16821448777599185, 0.16832421939357298, 0.3507316851005878, 0.3127296077298475], [0.29514827718455033, 0.31362163481149596, 0.21012318882409264, 0.1811068991798606], [0.16644296129887676, 0.37224750149080915, 0.24313621209214825, 0.21817332511816667], [0.17608578336804484, 0.28237311738453896, 0.2827438562176772, 0.258797243029739], [0.227738252594168, 0.17153404178950235, 0.31717910433096397, 0.28354860128536563], [0.23054038104019187, 0.2545225264324573, 0.2670531884105643, 0.24788390411678696], [0.20901812754269863, 0.22272566094273888, 0.29394414377728345, 0.2743120677372802], [0.25707192843534993, 0.2824243909474995, 0.24165802460212146, 0.21884565601502937], [0.21423807982771287, 0.20031733739840477, 0.3029217120997405, 0.2825228706741424], [0.4801100345015329, 0.10259064540344894, 0.22171447875705255, 0.19558484133796597], [0.2177406820962788, 0.2597000332356559, 0.275709627019782, 0.2468496576482838], [0.2253008370815897, 0.23932078123055062, 0.2819799924195903, 0.2533983892682695], [0.2907517167013051, 0.29793319173891264, 0.21817814410476621, 0.19313694745501644], [0.2476856273017435, 0.26927755212620424, 0.251883346007028, 0.2311534745650243], [0.22370117200934175, 0.28198265940160067, 0.2582658337310412, 0.23605033485801655], [0.21240462314308894, 0.2669578454848646, 0.27245489204848733, 0.24818263932355944], [0.2960148883722441, 0.29270788623518595, 0.21612958230729476, 0.1951476430852747], [0.1440043493481995, 0.43463856184975846, 0.22569551879163618, 0.19566157001040585], [0.14307871415332646, 0.27999713934905107, 0.3011286545659772, 0.2757954919316446], [0.16116606939078218, 0.1792005817143753, 0.3438482350933318, 0.315785113801511], [0.3444198306925444, 0.3722924469425154, 0.1482364555619905, 0.13505126680295013], [0.2533965937602211, 0.27176246730668646, 0.24883632461342117, 0.2260046143196701], [0.18499979387599597, 0.20586935629366945, 0.31960192144387445, 0.2895289283864597], [0.23301493015961294, 0.24985103657035473, 0.2704622536293788, 0.24667177964065323], [0.23024094105318432, 0.23970092678163216, 0.2746338375752657, 0.2554242945899176], [0.2164207394795547, 0.2461923883034795, 0.2777665518098936, 0.25962032040707167], [0.16728915241417674, 0.29822156619524504, 0.2802143045620313, 0.25427497682854716], [0.25822153652313096, 0.2801031610226106, 0.24407084381729496, 0.21760445863696357], [0.1820062957115471, 0.29918742114969704, 0.27309338957627805, 0.2457128935624782], [0.2670414927746873, 0.19835883337488167, 0.2827628173549785, 0.2518368564954526], [0.2375629525755334, 0.27674374402101365, 0.2531164045140159, 0.23257689888943728], [0.17482755215200327, 0.3917517676882499, 0.22734198422756988, 0.20607869593217615], [0.24686598153532233, 0.26775979181952314, 0.2573852123602647, 0.2279890142848905], [0.25307636781566417, 0.27801793528155083, 0.24723367791914075, 0.2216720189836445], [0.23024510103829338, 0.11826096097112704, 0.3411811974313385, 0.3103127405592413], [0.23694741670238295, 0.25852397123973814, 0.26570238267848706, 0.23882622937939235], [0.136722907728229, 0.14086042652701988, 0.3790368264637634, 0.3433798392809876], [0.2609298093585859, 0.3378099580055406, 0.2146121982269005, 0.18664803440897318], [0.12144206286176652, 0.2081444717489649, 0.34998445172426607, 0.32042901366500265], [0.1153708565184885, 0.3530733550435084, 0.2794826005197166, 0.2520731879182865], [0.23620743598133764, 0.3537118228348683, 0.21784734685352705, 0.1922333943302671], [0.34861772739172575, 0.17796349912907852, 0.24780949993518908, 0.22560927354400623], [0.2595889265450044, 0.1758737669402459, 0.299048610871546, 0.2654886956432035], [0.2821782702714015, 0.3476198715584043, 0.1956842769867543, 0.17451758118344005], [0.14493540354442894, 0.32992684408163014, 0.2725053438626868, 0.252632408511254], [0.2328403965907558, 0.24981711620957078, 0.27016314718107065, 0.24717934001860237], [0.19069349336511202, 0.2113451540470959, 0.31196896019421066, 0.2859923923935813], [0.16605164525285387, 0.2932337520764896, 0.2815924484050124, 0.2591221542656444], [0.4548928591925305, 0.09860020548953381, 0.2321844610586332, 0.21432247425930287], [0.28112756970355235, 0.22171919049535546, 0.2622569367698421, 0.23489630303125], [0.18251423537382722, 0.19636727849901445, 0.3285692896416027, 0.29254919648555583], [0.22276279976111515, 0.2598962346311696, 0.2723161689386985, 0.24502479666901708], [0.24232591898493688, 0.22610595083669172, 0.2796875107766377, 0.25188061940173356], [0.25417613478272566, 0.2765796166425308, 0.24851906148554265, 0.22072518708920147], [0.2646931197252708, 0.2944679204514806, 0.23002192938510835, 0.21081703043813999], [0.30774719191046024, 0.24034575459883248, 0.2406745864724319, 0.21123246701827583], [0.2214662592215362, 0.24108284290580845, 0.2856546935085592, 0.251796204364096], [0.23884388816023877, 0.26425753330381374, 0.2644851440282326, 0.23241343450771437], [0.36795627804259334, 0.1440198200827857, 0.25494071468845503, 0.23308318718616605], [0.14254004017415955, 0.3382476090579576, 0.27665537858799466, 0.24255697217988859], [0.17267888483404992, 0.2366778739429553, 0.31054237229722487, 0.28010086892576974], [0.2079474850720314, 0.23010692890318346, 0.29427316532994424, 0.26767242069484076], [0.2713434988240456, 0.28458514216402786, 0.2357707444433941, 0.2083006145685322], [0.3333788294688732, 0.15654630905048536, 0.26764582251283714, 0.24242903896780396], [0.18832137748531258, 0.19442382715691184, 0.32458978660529364, 0.2926650087524829], [0.2888886903662085, 0.33622692939997917, 0.19718742080577478, 0.17769695942803804], [0.18076042253235935, 0.19385572837850723, 0.32457184932829825, 0.3008119997608357], [0.3052216966026079, 0.3684446062213921, 0.1732750541749247, 0.1530586430010752], [0.26874699698046095, 0.2894845403685363, 0.22877090799856742, 0.21299755465243456], [0.2588885815326669, 0.24790230561196455, 0.2583216982140824, 0.23488741464128618], [0.2750612911212772, 0.29367219018519475, 0.22744036004023116, 0.20382615865329595], [0.31865480783892075, 0.15991655227649482, 0.27590217443897097, 0.2455264654456136], [0.32768553027949704, 0.35531918080466207, 0.16776726772481695, 0.14922802119102496], [0.22561849086173516, 0.28965730154161656, 0.25524714984381836, 0.22947705775282978], [0.2310700511314772, 0.25223316900085285, 0.26729466301780624, 0.24940211684986455], [0.24737846885990034, 0.3045789537085433, 0.23515851015887962, 0.2128840672726767], [0.21066395702648583, 0.23856842266975614, 0.28868144706646703, 0.2620861732372903], [0.20033652477618133, 0.18063764583619418, 0.31779318039411686, 0.3012326489935068], [0.17054777190546788, 0.18028183896487618, 0.33405196024708383, 0.31511842888257185], [0.3676291670023872, 0.31810246152346583, 0.16433699935037221, 0.14993137212377391], [0.31234216364423306, 0.3374787820353312, 0.18536998932120327, 0.16480906499923242], [0.15160408832076028, 0.33006220916094786, 0.2726126763897219, 0.2457210261285701], [0.13751572960390562, 0.2778618853915856, 0.3049832438381778, 0.2796391411663316], [0.13365496978552832, 0.152777471534769, 0.37215677176727147, 0.34141078691243104], [0.19381749003396284, 0.21788274365398924, 0.3074021106185732, 0.2808976556934747], [0.24254261336979527, 0.16556454999038164, 0.307864646377216, 0.28402819026260684], [0.13085701416447099, 0.42830553012137046, 0.23676290122755872, 0.20407455448659967], [0.23333039560581015, 0.39406860480617517, 0.19826120514720455, 0.17433979444080974], [0.2296542955764284, 0.2320866091046021, 0.27935715465912925, 0.25890194065984057], [0.32031393036947353, 0.15824484999129715, 0.27522557802361913, 0.2462156416156099], [0.2025906302532557, 0.25296094885352693, 0.28120050916170924, 0.26324791173150797], [0.17570869289155638, 0.24299389361007379, 0.299372152564276, 0.2819252609340943], [0.15939606986741503, 0.26250518176889887, 0.3049297660170209, 0.2731689823466647], [0.30053931951548274, 0.31002677593150424, 0.20486135972975036, 0.18457254482326335], [0.28249628404654503, 0.17980806758326784, 0.2798336146616584, 0.257862033708529], [0.2201990676700484, 0.3311340977815774, 0.2331190268058943, 0.2155478077424802], [0.2672247897501526, 0.3143574831642708, 0.22283401015144697, 0.19558371693412882], [0.30700174087186005, 0.3347073982194207, 0.18981248469524675, 0.16847837621347272], [0.28660765965610624, 0.2897966021592234, 0.22288675780239894, 0.2007089803822713], [0.1937465270153684, 0.1964000556203246, 0.31667732582228, 0.29317609154202795], [0.1849966311084086, 0.204573791361796, 0.31675848577569515, 0.29367109175410067], [0.24663654295133627, 0.3332342360928058, 0.22100625985244693, 0.19912296110341096], [0.27998010340781454, 0.3075521162915243, 0.2185454413096348, 0.1939223389910266], [0.10311596872496874, 0.43254408684369205, 0.24412391616153772, 0.220216028269802], [0.23318919638865745, 0.2462166249929386, 0.2736832362251382, 0.24691094239326652], [0.31128519490696943, 0.21029854265799397, 0.24971908165429682, 0.2286971807807399], [0.33525923065470503, 0.15885922773903632, 0.26498990862607474, 0.240891632980184], [0.2963805538027784, 0.3138190256214381, 0.20668833271353884, 0.18311208786224478], [0.31220745809064293, 0.32791989092367835, 0.18973957213974868, 0.17013307884592943], [0.2403697328789021, 0.4052877213415088, 0.18828702378676918, 0.16605552199282028], [0.20231216738632796, 0.2731728111895006, 0.2756377425627116, 0.2488772788614595], [0.12113143894252244, 0.3665549278107916, 0.2693896467138723, 0.24292398653281327], [0.15122374235338068, 0.1663398563144907, 0.35393923235164815, 0.3284971689804806], [0.2706809324417662, 0.2931378370019281, 0.23095339090531558, 0.20522783965099034], [0.2198706504291365, 0.2336209458753141, 0.28208188360276, 0.26442652009279016], [0.2099277589941656, 0.2515167992553792, 0.28161767398744475, 0.2569377677630111], [0.2831363701639025, 0.29296122214351566, 0.22255201374430925, 0.20135039394827206], [0.2989153210462959, 0.1452703383497724, 0.2889290494857385, 0.2668852911181931], [0.21505142006675565, 0.256950634500201, 0.2