{"estimation": {"a": 4.098048434944526, "rho": [0.03316981463894627, 0.13360798344111405, 0.4174856618233502, 0.4157365400965889], "Mu": [[1.6027212569047968, 0.2956315702929733, -0.11915768167388198, 0.5645229655413111, -0.9547963701874607, -0.40709279691414124, -1.173350609043957, -2.747131627561519, 0.21535471366497025, -0.08639117661500424, 1.3911652843407678, 0.9121449326710439, 0.04465196137831274, 1.7687196986865423, 1.6615102411334746, -1.1763785843635572, 0.5439017999324587, -1.0049927945424686, 0.672617050347193, 0.6013400755397953, -0.923091608078397, 0.2351435061438412, 0.43461898310145103, -0.9760776026181739, -0.16739940864378264, -1.5001797807381898, -0.021871013752878535, 1.167080131652511, -1.1351481300174648, -1.6518909540562168, 1.852324265392573, 0.3510866519700579, -1.2215563547723012, 1.348812833704899, -0.7376618386227518, 1.3044384072184976, 3.0256407863018566, 0.7025958961640208, -1.9863839311754141, 0.14449912673953316, 0.23324587232747568, -0.7039468172493909, -1.297741547109506, 0.41601598867027495, -2.7312365649237726, 0.2563226879150196, -0.11232097663824168, 1.2721800055690646, 0.5882664265416624, -1.77964113134375], [5.221917236664356, -1.3313240150651655, -10.448999962836227, -3.622432483283921, 1.176878292711282, -1.3710479154611974, -0.25927796646773016, -0.22565334260017955, -2.9127063158969366, 0.6076350876312969, 6.874612854796743, 0.735398908202627, 3.9417505702649054, 0.5365019985338778, -4.711847802861313, -0.8371333023748694, 0.7395875171957296, -2.9013096240704033, 5.231129126246929, 3.28741958537494, -3.2189171268122148, 0.7396074496112977, -0.10278961199838069, 0.11360936830522511, 2.227017984302367, 0.46133319819125057, 2.652795206018575, 2.742563179301235, -2.0555796949751155, -2.1051015682112943, 0.837275419310404, 2.4435809382408586, -0.6765745555165329, -0.45775845418744576, 2.0894950997681603, 0.0191609491774352, -0.4587049279959719, 1.4805753051827166, -1.9655349609917399, 1.689080243796565, 2.9853745890878742, -4.7737860499377875, -0.1803505635308973, -0.7926896250254001, 0.9889185835673778, 1.0488218107438692, 3.792785830954673, -2.1758162324959964, -0.9270961549314622, -2.988392667013126], [-0.3756585766232394, 0.21382435670673566, 0.42674482799088814, 0.7743223902351896, -0.2810339120140592, 1.8902739073019805, 0.8761399424615581, -0.36745094424268326, 0.3081085107853243, -0.0011868132833702159, 0.9046924721810039, 0.2291451177744343, 0.26524914894681473, -0.7610048627807043, -1.4593613904926417, 1.233838025040351, 1.0964572571727293, -2.493272333259314, -0.719013101533937, 1.3926822592655999, 1.0011089152874995, -0.6479710688007512, -1.0012003033068217, -1.0910623741239425, -1.9124285461233825, 0.6157027068425605, -0.3380507375700822, 0.4994646068192726, 0.24359863902777035, -0.45601393577262794, 0.10300764469721287, -0.0194967244107165, 1.5188777192697318, 0.32899327332986805, -0.20276992009794464, 1.4494233174990772, -1.7253893123474588, -0.934679514445247, -1.036341041086906, -0.29569778552353077, -0.6343549580418408, 0.4567643729474086, 0.49760585729004203, -0.29920676434177546, -1.4124164698561101, -0.23134004492437923, 0.3655412156101753, -1.4095318059993571, -2.0396761953503253, 1.0932594950279924], [2.002968357578253, -1.0762365153135869, 1.211989493434331, -1.0109252053776026, 2.42092769748574, -2.706209206625218, -1.3688819837177568, 3.6355757483561333, 2.6279185386209356, -1.0397377307683224, 0.7360992088338342, 1.2479675767512068, -4.983678701814549, 1.1992660107216566, -3.7289228809985535, 0.6424051617659547, -0.08319196130920457, -1.9023084968721664, -3.2051610381102127, -0.5308807085072446, 7.859550042521809, -0.28908163983270263, 0.7502934169849095, 0.9098816032767902, -8.455830315812046, 0.1868067149338508, -3.0680569048367556, 2.3832897138226157, 4.680851367837934, -0.9566734224078332, 0.9068285390973355, 4.768025599714633, 3.472624989990766, 0.25555185157506327, 0.7662024969222915, -3.4966470963901575, -5.334232485923718, 3.243533528786407, -3.0015262230656976, 1.4006928849882234, 1.7733443247219292, -4.786866780866925, -0.10699720942145523, -5.124092332159768, -1.8389994774411893, -1.346957172614549, -7.010616483703842, 4.577909141185837, -4.827510754641853, 2.1117910850888055], [0.7787818525524949, 0.7582139763530099, -0.8749849599638942, 2.7900114915899628, 2.3624325695038055, 2.075121455140518, 0.4545103300066006, 1.7354143192867215, 0.4983753991113928, -0.08517162628362913, -2.792947456538062, 1.2488527752940621, -1.2638940699935945, -1.9252415531837288, 0.9830619278574626, -0.4896582017550876, -0.36311629326550304, -2.8135825758518727, -0.6338699774038893, 0.28579957127846484, 3.8041640303522612, 1.037705586830942, 1.7179234194510167, -2.039604863028696, -0.7623253949214109, -0.3267459769281952, 0.8388321358471115, -1.6051990572800239, -1.0344842293762764, 3.035309044892193, 0.02990915479383239, -1.3811184099045855, -2.4129468341390146, 1.0655333767454753, 0.10956412361068679, -1.0459265709122714, -0.35775134344693793, -0.5612214464917242, -1.8501471617935834, 2.448584271780847, -0.39485268712641214, 0.5709217870547219, 1.154041882051724, -0.046568648782055286, 1.639163094087842, 2.0421360130397805, -0.5573021183416829, 1.1909698095888912, 2.751656940054019, 0.48640969232917014], [-0.3306653645661733, -0.5325730952688831, -2.797738342627482, 1.5213614671714715, -1.4724168188489553, 1.421518316356168, -1.4868707505335927, -2.9041087782378967, -1.6801186579072847, -4.496852201079276, -0.1202976408092362, -9.182618500678212, -7.05090734746879, 4.63642793430121, -0.30877462275106715, 1.75872033622087, 1.0940415348607901, -1.0247251718263954, 1.5004464512511944, -2.046904961510955, -2.0966916788074554, 2.2822624830245473, 5.004102655307213, 8.65121805296888, -3.0522177915312403, -1.151194047660487, -1.598769072114614, 0.5528557464586222, -1.2633942355120786, 3.728825358040515, 0.3193306434802439, 0.31105257452786694, -7.391706816724936, 0.5538738536194739, 4.290651679808961, 5.2035453901955036, 1.7145007323162065, 1.0592335595010693, 2.4306429734355683, 1.500509836467997, 0.6423415270371937, 7.682768995729473, 4.001650007829781, 0.36239427575139715, -0.32744165074583087, 1.2483420703241497, -1.4820672486280717, 1.322677330617742, -4.454057236164595, -1.7729989270585602], [3.597382574726146, -2.794394203143868, -1.5949847146772103, -1.2179805419327243, 2.217266309494579, 2.7311493606984074, 1.9278809627460038, -0.5731892855765809, -2.376248025818813, -2.0022868795030604, 3.2944059949716387, -1.5537924771201728, -0.22985739084313386, -1.48421566196254, -2.3258812924234866, -0.43513225304246383, -2.0988529898393553, 1.3465209866525145, 2.6121867072239984, -0.47535912761511895, 1.1566686917992197, -1.8463986113770217, 2.601522132642432, 2.595782979333968, 3.1623906860983046, 0.13213023728349457, 1.4626682229107923, -5.808460136718306, 1.5093109313903723, -0.8664705823747976, 2.9259814927221224, -0.8188534541402387, -0.9143025821327475, 1.2710600537800765, 1.7912692028420643, 1.9851746980811564, 0.9634017679882934, 2.5643751523940916, 0.8530080753763863, -4.586856083986205, 2.526636381395671, -0.5858734998699335, 0.5682769470494594, -1.143634003577414, 0.9820300902830659, -0.2337533344815102, -3.3761561429556526, -0.783885028177634, 2.3174761541301474, -2.0589414066795264], [-2.347106049880954, -3.5342933071717733, 0.20391640364579994, -5.740953532813786, 5.683627127064548, -3.363193240977548, -1.6197145691321446, -0.9285792441484324, 4.094754111147609, -1.760079908106169, 5.485728919179022, -5.714054459434188, -0.6488127656189544, -3.0807670408255516, -2.573997908821557, 0.38603162363253446, -4.13246573547146, -2.586621004738081, 0.11560882383800976, -1.0079006993618478, -0.7006202891275353, 8.564768099355291, -11.939839784259197, -0.952895108705368, -1.6574331788703227, -3.7656474982691517, 3.749399567671836, 1.2440004686314223, 2.099177456315985, -3.221575582988756, 3.1639931915719868, -5.460322785417726, 0.45733222007028257, -0.13678138872942308, -0.6236698373031841, -1.5933158762987352, -4.568759715135064, -2.463465665932848, 0.9284720738545548, 0.2573351051590738, 5.465437799158391, -0.21014345975023616, 2.921425684453344, 1.123104258814829, -1.7785855969616164, -2.6581594360583125, -3.4948978326860227, -3.9240031098171757, -1.4768392839545703, -0.10615537225219356], [0.5537040937566995, -0.013620199306642216, 1.5005039653105994, 0.42287120600975164, -1.63716983439695, 0.68496892776294, 2.448885739266436, -0.03029457117845994, 0.9366775878641436, -1.2267546359679882, -1.005047026184775, 0.03839039358111721, -0.06010025504669771, 1.5308821288285936, 0.4182456717302316, 1.2581644277271002, 0.3006184101972586, -0.20928728610898725, 1.3350128145763092, -0.328723498095604, 0.22868287393842285, 0.5243087102622155, -1.4724153549285395, -0.2908860750816377, -1.101564161484519, -0.6073635803843567, 0.14749772280140216, 0.07722661241227956, -0.28410774147258466, -1.7961566063342345, -0.7358347706299775, -0.6414199341018948, -0.8462195842938643, -0.6939046474111137, -0.7135320786224988, 0.607822005124976, 1.2837110240113903, 0.9633281207185885, 0.2734120794888032, -0.4018459043184668, 0.11951673904584038, -1.1011668420505198, -0.18183820544012314, -0.4087676454668933, 0.4559424664711747, 2.6089950918702542, 0.06575322818619744, -0.161747576836736, -0.9243565111129216, 0.03874532280883637], [11.102098548154698, -5.505732959174733, 1.009633112622573, -2.378904239411422, -1.3074820783008292, -2.7344222656309998, 8.47365669981802, 5.298891748418804, -3.1879610765882456, 0.4901586400921085, -0.2927262806716565, 1.103542728638508, 3.8899768308808444, 0.43752137338131497, 0.12831546424399384, 5.824523835108148, -6.557943095618762, 1.5936203695051379, 2.3258265395680424, -3.2918594088172832, -3.4596675540008643, -0.17159575686134246, 5.925005629604463, 1.4198168978071877, 0.5866717505200585, -3.6302441107746666, -1.1152241543477013, -0.5138083142080069, -3.9267323859770356, -3.204064847841029, -1.4550626934247226, -1.652793202283092, -2.1460043383777534, -2.39040401664717, -4.727693927862505, 0.9708139704090496, -3.0159202924737936, -0.6797350503789485, -0.5066643767288824, 1.5456810165180035, -2.0695769752387156, -4.767747388541466, -3.5955301974043112, 1.685027095793749, -2.6103075093569816, -0.8494495293362299, 0.12077129337287146, -3.218684781075567, -2.9585677911667725, -2.853498561527767], [2.2829300534342916, -5.74968435062551, 1.3259475606816693, 0.22981624588541183, -0.8596424684744033, -2.462861557827455, 1.9248167913615386, -2.7452068466259036, -0.17019099718732988, -0.7640495933461806, 4.906030832524581, 0.8716243135679137, 0.3462193993761322, -0.0308293232868394, 0.29749592063228947, -1.1452414973837695, -6.502228369526965, 0.9063134149489454, 3.042069016329412, -6.912373277748923, -4.914846493086142, -0.26289668285934537, 0.5579527274193267, -1.4287888665899964, 0.851775361826193, 0.634026740027193, -0.15184034389414108, -0.22279562781880619, 0.40017863716360336, -2.582215619661395, 3.090681732972018, 2.4052550558364794, -0.2536089322444836, -1.7236428894539229, -2.1819570272855273, 5.5710390840062365, -6.708904368346299, 4.53124004960992, -6.344614351973597, -0.1547328350038501, -1.2433597061852526, -0.25336310569707493, -2.8343024168302873, 0.13822316557096975, 6.237530811871589, 0.5813788576462434, -0.9939482450743103, -0.0638974069000004, 3.6048480277055703, 0.9417743537279447], [-0.25882536651222215, 3.998457050211891, -0.036838256533317584, -3.2128850507775257, -1.6518189755065027, -6.255744908607877, -5.719593908873845, -2.9205101656864016, 3.9934053888992467, 0.49400689634068495, 10.802495227417527, -1.4744136329817208, 4.351068895231665, -1.6870235618960963, 0.40178805987683647, 0.7882345228471654, 3.414194274699991, -0.4489637679822462, -5.264646052231717, 3.6982164977691117, -0.2998932908956211, -2.4895487822409335, 1.2243994684525656, -1.0657585794088056, -2.68188299221435, 3.5442086460292623, 0.7063842160210934, -0.3669374568841062, 1.7185478397728533, 1.0639425098171316, 3.3740653372850806, 0.09459024008542648, 4.664025505392906, -5.521048331274225, -2.1385059324184166, -3.142766115425899, 2.741381398091336, 4.906138120354656, -15.102698005480804, -4.847998813044076, -6.607003384976377, 3.047723483668697, -0.21208376527032144, 0.32788664536569484, -12.108098826792046, -4.854600910422527, -1.8041582953405149, 0.7438507472849745, -1.187664610922517, 0.0023239762646074407], [-4.208243728826222, 2.27093245496073, 0.6470304384270811, 4.152794391943416, 0.7006209949128538, 1.041473055165394, 1.0208844032833702, 0.5120195157280062, -3.6154277355667053, -4.989592255090425, 0.5885347598496877, 0.3482630706138564, 1.9268778491418104, -6.353856805915193, 1.728934267042131, -1.0023501061801978, 3.6445237342524273, -2.7820252992885326, 0.41805913296791974, 1.839292134633163, 2.9565453896077205, -0.4973038469949553, -1.2783388418281922, 1.1760349189708796, -0.5559637997481212, 1.2258587252248077, -4.197935825252593, -0.6590854800308293, 2.0505010459506594, -0.9851022091262075, -6.252132647567523, -0.411323439313357, -1.3120196481667412, 8.894620151317495, 1.8699266715083698, 1.2704330844771539, -3.0070622706962276, 3.036209818429299, -8.61612612395467, -3.0252120335568002, 1.2298769546993042, 0.8370447081506053, -0.1922378451751998, 7.62601109016925, -0.030171689946936142, 0.11014330500544109, -5.336899502676677, 1.2083968026108285, 1.5318614341655203, -0.8944182382664757], [-4.129766545041045, 2.2698059358433653, 0.6726988364753448, 4.1491303304203395, 0.7027827224459208, 1.1287618135518438, 1.0254776217997539, 0.5058318083948823, -3.6194471460711295, -4.995693268869394, 0.49213472237580036, 0.41185107194562914, 2.0227782920631014, -6.397729577590999, 1.7735861585638024, -0.8588014589161855, 3.7003765523102814, -2.787013736737829, 0.4211240619090097, 1.8340539857500058, 2.8038458379982396, -0.4812705388298601, -1.2796338967381442, 1.0003267105201656, -0.498834964734178, 1.2421580262389045, -4.17916595440922, -0.6826547170618044, 2.0666111783025354, -0.9662097815373631, -6.260673411502129, -0.4722560333669639, -1.2922694573056, 9.171381520230947, 1.8620269660513427, 1.2508271592112603, -2.942843076844427, 3.0530885965829455, -8.628364370190468, -3.1331817887688027, 1.3038046031809298, 0.6218229084925723, -0.191875451263248, 7.642378916360747, -0.02655083191439334, 0.07509781044270603, -5.2969967684442, 1.1849030033374466, 1.5200333645507293, -0.9151495859006824]], "Lambda": [[0.4548395971833653, 0.5174892636466359, 0.3663246772583588, 0.49081431537891945, 0.506941783591412, 0.5397387845868213, 0.48723370514951514, 0.504147087246041, 0.4439046520827999, 0.44834478834983604, 0.42805234310422186, 0.541844944915362, 0.5145098428346324, 0.5997768036888885, 0.4654298103007559, 0.5102178213560934, 0.5083680995922767, 0.44984554706533153, 0.4297472087796819, 0.49459614685084946, 0.5411607897446786, 0.49731956895423723, 0.5043952260151825, 0.49681692087182905, 0.49112092125188955, 0.5133033917690397, 0.5294097689772224, 0.4851515196535653, 0.5422813798783934, 0.5823042517332214, 0.5316998594855015, 0.48113670106985573, 0.4745031144553026, 0.41949802722436785, 0.5308539922773667, 0.4915656984295527, 0.4886279903907182, 0.5017615645017449, 0.38903905290037094, 0.4358342717348045, 0.5066908721911224, 0.5032487147485872, 0.5054180273201399, 0.48822167898574814, 0.4035707015455246, 0.5643497159156332, 0.5058451575974988, 0.49652807686547973, 0.5269697486346343, 0.3790411152003212], [0.9921364758047178, 0.41089115178018837, 0.15889209426076364, 0.8142072096389739, 0.6078814236955998, 0.22813841663943246, 0.7801990433884226, 0.3138549260519603, 0.37727252472025, 0.39036270349156155, 0.4511247593334678, 0.7635706837702622, 0.42561763528389246, 0.4278253425342977, 0.5414045400429377, 0.3807399224252372, 0.2279278495030449, 0.795086328736829, 0.24988823695296117, 0.3697385592285353, 1.3306197757753968, 0.7627403530440447, 0.47990968192276345, 0.33768808598657046, 0.7310219685863893, 0.3191109659080786, 0.9303162507273219, 1.0840755282948302, 0.6364854100587585, 0.31887222001771337, 0.5466933615864654, 0.2647252823930138, 0.5566632701717974, 0.4619138838675141, 0.3025984702028046, 0.6126000686392773, 0.22403494152590542, 0.6555345897315626, 0.3371015421451648, 0.4493475966595408, 0.5534306417502008, 0.6275508045394107, 0.4492927202785959, 0.4720179184880023, 0.18826471954579235, 0.8133455887529704, 0.525863423293274, 0.25172349961155743, 0.8165016911202908, 0.22416833387934798], [0.44172027652370205, 0.5092903604139398, 0.48057486638102653, 0.43353610710411816, 0.45476408656527195, 0.5598340601249049, 0.49899228397794876, 0.542850784181658, 0.5391468046753858, 0.543134976019802, 0.4810799433370634, 0.5342957047669161, 0.48479854618838225, 0.4986567125661083, 0.46360467020277324, 0.490689830320892, 0.4838122161510911, 0.4738686785283084, 0.5094105125302197, 0.4306506420479203, 0.3617649353448389, 0.5115528539991365, 0.5396810093083096, 0.4937235837428909, 0.3699622740180794, 0.5225081454685032, 0.5039958082671246, 0.5543973845736356, 0.490151436368143, 0.5302226552115457, 0.4946052067067166, 0.48244779307251134, 0.6092110281011459, 0.4626298913133486, 0.47528452847472297, 0.446734571156543, 0.4177621482989466, 0.4788629976026334, 0.5242959199961702, 0.4965836041418868, 0.5243497138086487, 0.47026105295125165, 0.5180724118199231, 0.3989221723602583, 0.462926801541946, 0.5722604647261287, 0.5280193368478513, 0.575609036434934, 0.5034802638287865, 0.5807905757413503], [0.3871625556992748, 0.40155653895284704, 0.8718327331925302, 0.30441101522848113, 0.22148961549291, 0.32872808476403853, 0.42954900426896514, 0.6919367607005741, 0.6508737788708705, 1.0075638552637318, 0.606465782773418, 0.3965745198667844, 0.3445701423121677, 1.067193480074365, 0.3971600310240151, 0.5743348430738681, 0.6414512190581342, 0.3422798519747078, 0.657448928363453, 0.23973349515754336, 0.2936635286237782, 0.49084284319017873, 0.6161244394091502, 0.3988288806943519, 0.1782470272261939, 0.4808320538903455, 0.44989341849037384, 0.7734726439335174, 0.49438683865697497, 0.4746993382716303, 0.39790507084114535, 0.7542551310713548, 1.075089144814925, 0.4256160398284881, 0.7318085795203889, 0.7623246286116013, 0.5029521208011636, 0.30647556135203396, 0.4675967927801287, 0.5624520409452286, 0.8105619714875597, 0.34478118521425777, 0.5176199876386757, 0.526034634140791, 0.5204205574844557, 0.6641664154391176, 0.43829106320716166, 0.6357581028125179, 0.45590476800366597, 0.48599434023946064], [0.643082224267022, 0.46582856536357015, 0.45734054610658514, 0.41435520048953184, 0.5639158745248071, 0.5640526699920788, 0.48421234182508466, 0.48242665116089295, 0.632643317931047, 0.4975302538004281, 0.33879880749412744, 0.46295538713825835, 0.4489747489931097, 0.45885057251804906, 0.5075898695785159, 0.5078712081163416, 0.48060291956774187, 0.42921636604588875, 0.4720764788294134, 0.5253899808431478, 0.2352388806408621, 0.43702454291882, 0.4753465559425869, 0.4673464380020406, 0.5521710384123979, 0.514048665616411, 0.5135702404805668, 0.48383736279775397, 0.556826769399997, 0.38976905929713646, 0.5686137037857291, 0.48170835958660047, 0.3950921218050523, 0.44872188583189226, 0.5641282937397055, 0.5314996074741082, 0.5121016520730377, 0.5450792843590666, 0.2449278842191642, 0.5917499071387725, 0.35236673210712327, 0.4738483280507425, 0.49220190745815606, 0.45923047698984404, 0.5069239822824818, 0.38379651034099393, 0.44489805246857694, 0.55000567151869, 0.4497869565966869, 0.516825825451749], [1.5307367070485116, 0.43801229214212023, 0.39520269662868585, 0.28469097396542353, 0.3651796241916822, 0.7843196337239782, 0.5446292227414247, 0.3305132797105719, 0.9097600749526642, 0.3036947253819776, 0.13464380755841554, 0.2680408874848075, 0.42314454695021336, 0.5094075861878343, 0.9865795886466742, 0.5348825314664204, 0.6621813664071805, 0.21211738061384264, 0.9726824046132314, 0.7866469423219516, 0.23979096720266754, 0.6184566391109642, 0.4385454738098054, 0.24252958668326594, 0.4504451103032925, 0.5527804028521853, 0.561074749416729, 0.3262680101384949, 0.40753873069456803, 0.31197085473714015, 0.643310619436188, 0.6469289911122301, 0.2667204518458066, 0.3270911033275639, 0.5003170310061508, 0.17791582076123413, 0.6173164739769178, 0.6833372410048452, 0.5614056434088204, 0.42109569101173616, 0.41757365861324086, 0.2587387165107436, 0.5559490740040139, 0.4690227115634026, 0.49114679319492593, 0.2819239676643033, 0.38926781679603384, 0.9065625042331346, 0.514657516224075, 0.4569422808439415], [0.5575610380614515, 0.6435147403900994, 0.6058183019531772, 0.45474312215910484, 0.5398377838157875, 0.582168763911105, 0.4769494631541295, 0.43505940487045325, 0.31447361477204455, 0.3853856859962184, 0.6766827131636506, 0.49729049413307075, 0.4910080924524106, 0.47547420735639767, 0.5144660351321808, 0.49724121884865835, 0.5863111867371332, 0.5710370767882497, 0.5783135999775857, 0.5611505544718987, 0.32791309153780956, 0.5262896789964171, 0.33312213998832607, 0.44446176842362, 0.5088142847153619, 0.510345647042523, 0.47600482810026595, 0.31782711337357833, 0.4771446144256936, 0.6137630582275856, 0.6872012554833947, 0.4992739554388419, 0.44019193564228953, 0.5168624953252589, 0.34138259261848, 0.4177981812924109, 0.5347337034256383, 0.37606444046139537, 0.4196415053395725, 0.33350136572492345, 0.550752903873809, 0.3842139045706558, 0.4744472051783407, 0.7390068777303866, 0.59856298020997, 0.6204801494365471, 0.3971335777744286, 0.4832607788395914, 0.5093690818429955, 0.3252608749678305], [0.9639479345203359, 0.4504670727354467, 0.5532632534319172, 0.3647669789429587, 0.4547279126187775, 0.4247491543496281, 0.7324985175605385, 0.38469325316526853, 0.5805601016381198, 0.9340554759266481, 0.23928759324512325, 0.5125113249120898, 0.40637120082485395, 0.35775237422544537, 0.6326544801601219, 0.40630451461001926, 0.4016651278257688, 0.3817387545344413, 0.49127872007230367, 0.5871617145346418, 0.9986839715271133, 0.27051619046971437, 0.36524251381951023, 0.6390252760352625, 0.49021156817239786, 0.4455701046377211, 0.32279780567980926, 0.13787840257890177, 0.45185658835775583, 0.509651825044478, 0.44514316747333194, 0.6960249321465241, 0.8542223652122706, 1.660269848166767, 0.2169217438336818, 0.3017716357753884, 0.1378626054802078, 0.3104203695592527, 0.406108829826861, 0.7188834964980098, 0.423227385819619, 0.6095727273618871, 0.7765984915430548, 0.5411331055714264, 0.5407682531631093, 0.7471862481419937, 0.6177761358167586, 0.24339950130148796, 0.6294518672793076, 0.4508243356069212], [0.3347628148019854, 0.4909606183941779, 0.4167293723092168, 0.49680925694402045, 0.47619695804688583, 0.40871529606195856, 0.4147015229125269, 0.5035452048325452, 0.5326896279688024, 0.4672328419507185, 0.45537081305587596, 0.5185207570580201, 0.503959052148814, 0.5433685299025005, 0.5090986023779536, 0.4713483329354504, 0.47411192743275304, 0.47771466565944126, 0.5505302625622378, 0.49027617774550863, 0.42336435709963105, 0.5337408235628043, 0.4672192631120206, 0.5478408129441117, 0.5466416459584037, 0.5274261026652065, 0.5193142703313363, 0.4932714051826598, 0.5035047916989449, 0.5667332686466118, 0.3837075021805764, 0.4775883735372474, 0.46128148802357427, 0.5837839606007813, 0.5238711112388096, 0.4564906910471642, 0.48014681848760965, 0.5207346378888006, 0.6346625864636907, 0.46776173160675605, 0.462571257385387, 0.5121074879185528, 0.47974970601510014, 0.4924640172911138, 0.5476842121467349, 0.507707641778222, 0.5408201769700597, 0.5047066895706361, 0.5148760797861963, 0.4989900742933197], [0.2327639253208458, 0.5546239791112835, 0.33648924214639125, 0.37561315063743245, 0.3869150034241779, 0.5334352865306006, 0.38767306568357934, 0.6116977667058976, 0.46356828993902055, 0.1841985419666166, 0.38948219371418635, 0.6048102472000563, 0.31629121772393387, 0.38612271161133066, 0.4687708380171301, 0.3584606839394231, 0.13719959465645087, 0.38100300836656475, 1.4092862374027113, 0.4867131636915764, 0.16638442357786137, 1.335875962769159, 0.3252430135776254, 0.7594354685481198, 0.8409575649501406, 0.9364552315776978, 0.1964827111828137, 0.3677645992716882, 0.5658542812641405, 0.43069042197118934, 0.5304080765499759, 0.44625503679649103, 0.3388916424678603, 1.3468953392198617, 0.691023246930722, 0.35144305017174093, 0.3877710502606309, 0.5486130040090471, 0.22511634819848378, 0.3095576253780625, 0.44598525254613564, 0.612817193347851, 0.2745016032263806, 0.1823512278977481, 0.3825890840370709, 0.6490357054625802, 0.2815520375966158, 1.033305831309303, 0.5597975820001905, 0.34269385814631936], [0.48290575804735447, 0.4807743388191726, 0.4392625461077952, 0.37229455686681107, 0.5050600281817705, 0.27116817778628644, 0.41928931647466455, 0.48472869207941305, 0.5285614506266163, 0.4695370326039575, 0.3048724446986076, 0.4662656521139989, 0.3125361495771964, 0.5720728053491686, 0.561977420007659, 0.5596046403741274, 0.5401138369387799, 0.5583597817964574, 0.5076709263946767, 0.35209993110526194, 0.49541731553515, 0.550849598307645, 0.5054766668857147, 0.514497929957584, 0.5084139249522259, 0.5365882663428839, 0.4451147768206377, 0.5695319291246472, 0.49005869480005854, 0.4292450021998208, 0.424068563099278, 0.5798149267732376, 0.543739623779979, 0.8054511229149338, 0.39854918919907406, 0.4353640160054794, 0.3685983798308349, 0.3663595712048255, 0.2701229504899431, 0.42949199606536365, 0.5574937866494434, 0.6006331251577222, 0.38826559171259983, 0.6408680287027623, 0.3676985812217026, 0.6416588780292437, 0.47210254724506334, 0.49184592099686447, 0.5367611434710853, 0.55485443078975], [0.46018720733144597, 0.3457051362040543, 0.25951927756178106, 0.260592124805944, 0.2757308627111242, 0.21977601924457021, 0.5414435361760035, 0.7556584390953919, 0.2048341733639138, 0.5777056761953484, 0.21220056627159492, 0.7187097782745606, 0.5146878612552465, 0.5424950194589905, 0.5951444689109551, 0.4413383975091692, 0.542712291508232, 0.55214577697191, 0.5817064464734159, 0.2846463182805417, 0.32280159169831696, 0.848788094930281, 0.35994605849624517, 0.3374833400104608, 0.5452232317616214, 0.4636992994710849, 0.3087950815181333, 0.5164541114871987, 0.42835660522070085, 0.29505076923629914, 0.2837538036429412, 0.5294706737312782, 0.42759910813423513, 0.2566185999187211, 1.1939571664964521, 0.34160017207524235, 0.4533799528388461, 0.37652172564476455, 0.08812699988167631, 0.45679744479072254, 0.3961506530372951, 0.5361454102571502, 0.449941304004761, 0.5427388204433129, 0.15074660020786515, 0.13890114524959316, 0.6755677048982563, 0.5807823159757788, 0.7172920861832263, 0.4772799069138513], [0.1696003247372099, 0.8961880352427891, 0.2494821992611655, 0.5824723213929843, 0.7383651090344224, 0.28635822622659085, 0.5602498237995366, 0.4793181351050118, 0.456333128130573, 0.10685240206030976, 0.2300340590227093, 0.3641250424483601, 0.3417705843357198, 0.47699617608500267, 0.6105240790982902, 0.642474352940635, 0.2935800579128167, 0.5498917499542632, 0.8087335731528728, 0.5957723706894533, 0.3121922168706648, 0.37733284371093434, 0.7767390665915147, 0.4348048259488679, 0.37542130824377534, 0.744223439419117, 0.6460830284759708, 0.28541889836820616, 1.261862155278153, 0.42032029549150784, 0.46849527929353546, 0.6726660344848169, 0.7460912565505489, 0.299869639836296, 0.5599662653433537, 0.3354988213565972, 0.33964140250463865, 0.4411391552829101, 0.35624152932905306, 0.48673573557085675, 0.30128299085188825, 0.35366950025935195, 1.0951044274182922, 0.555647282437111, 0.512636862118312, 0.17381992440500107, 0.4146095287268679, 0.5597459694604305, 0.8753188660713958, 0.5216855064509466], [0.16914962799395553, 0.8738677408377848, 0.2530832812476176, 0.59605907739058, 0.740404618847218, 0.2785388622946875, 0.559703598207145, 0.4787165661783898, 0.46507761910271667, 0.10929276749087657, 0.23551250366074997, 0.3701113440969415, 0.339304321147077, 0.47794441847594504, 0.5927679400310426, 0.6503157068701844, 0.2944743331736733, 0.5526796123266103, 0.8027084165764651, 0.5809779147443804, 0.3077311349970067, 0.3746180514601975, 0.7933039803128638, 0.43695653017358244, 0.3795153726521118, 0.7448109328990797, 0.6571131630726503, 0.28995682668152983, 1.2517520672142266, 0.4249867708191789, 0.4637239763120217, 0.6643019256825752, 0.7482220379327751, 0.29938952754240006, 0.5659183565950457, 0.3340550675547446, 0.341828942678056, 0.45317064547183356, 0.36427828106587695, 0.4933277951599191, 0.3027327275751816, 0.3487329744837766, 1.0995967890526883, 0.5719216475615347, 0.5174991855041258, 0.1771776633444938, 0.4174396180986017, 0.5569791306645857, 0.8830070579832543, 0.5231684431738486]], "G": [[0.021523184513599997, 0.662271918689166, 0.15799736271542705, 0.15820753408180718], [0.015668057973897326, 0.045967883738685204, 0.4737341308349225, 0.46462992745249515], [0.011780095903669999, 0.1465517000683793, 0.4214486230698887, 0.42021958095806233], [0.03233655279100385, 0.031594826556756724, 0.4689080410478108, 0.46716057960442897], [0.008197923423640306, 0.0901665258918652, 0.4496127481079721, 0.45202280257652167], [0.006756283716431818, 0.009287812608199882, 0.49124665509501153, 0.4927092485803571], [0.006038910389828187, 0.10405175922939448, 0.4454171121128021, 0.44449221826797514], [0.02164661320546331, 0.0450869033589265, 0.4688762298306914, 0.46439025360491804], [0.03431251258770638, 0.11680196451597458, 0.42678964159198446, 0.42209588130433534], [0.005585189699995479, 0.0549703501735121, 0.4684418455951974, 0.47100261453129527], [0.02900709743630148, 0.04115550827690669, 0.46397932510986745, 0.46585806917692507], [0.006106724726867261, 0.017972360041122837, 0.48965097099704585, 0.4862699442349632], [0.003906556103775305, 0.012976642752154575, 0.49204157216173805, 0.4910752289823317], [0.012321284936947112, 0.4562489247307565, 0.2680003159023862, 0.2634294744299103], [0.0061569628313495155, 0.008304067093519262, 0.4947951099924297, 0.4907438600827021], [0.034362504672285764, 0.07734881647066681, 0.446408077816194, 0.44188060104085264], [0.003706501457185954, 0.012742067690507768, 0.49180258494261614, 0.49174884590969026], [0.013453554585646718, 0.01645921769196925, 0.4851884900716419, 0.48489873765074154], [0.035771908273679154, 0.37261999474890944, 0.2962993410642967, 0.2953087559131146], [0.01580261700376528, 0.4998299464168864, 0.24103288528578096, 0.24333455129356735], [0.019480046516490445, 0.09481425391484471, 0.4417196367937035, 0.4439860627749614], [0.005572945209500529, 0.22385378209708595, 0.3886391147613784, 0.3819341579320346], [0.017976063791255534, 0.01097014276934871, 0.4878740601290614, 0.48317973331033476], [0.005996022209089468, 0.031439233888531565, 0.48117420110598097, 0.48139054279639815], [0.014914466006516164, 0.13851107165907514, 0.4267828089943291, 0.4197916533400807], [0.005006633997313495, 0.026708972643723107, 0.4868082485936797, 0.48147614476528405], [0.006015738545239689, 0.2530482201628741, 0.37036697739577834, 0.37056906389610766], [0.19539914854145285, 0.029891845714341544, 0.3877208309543463, 0.3869881747898582], [0.04668730974209918, 0.12080549137293943, 0.41674757279502417, 0.4157596260899373], [0.027872011265813675, 0.05424186897902663, 0.4603757750616934, 0.4575103446934657], [0.004401919641827924, 0.11061631277066986, 0.4426804521010331, 0.4423013154864685], [0.006121154267619305, 0.11962557004561078, 0.43802643255787266, 0.43622684312889654], [0.08728384524659549, 0.09422583909480345, 0.41431137056530887, 0.4041789450932924], [0.04681217342534866, 0.055038215937501446, 0.45130089985218724, 0.4468487107849626], [0.014560400361122848, 0.022082370757965694, 0.4836463393176604, 0.479710889563251], [0.06711718061027776, 0.35484816239812184, 0.28734680694034154, 0.29068785005125874], [0.03836677387128786, 0.1558732516232197, 0.4023270099794428, 0.403432964526049], [0.009439413347658776, 0.19254127173356636, 0.40016026508803904, 0.39785904983073594], [0.0047403097849560835, 0.35825746699210437, 0.31900745512276507, 0.31799476810017596], [0.010234314906780779, 0.2820207377135029, 0.3535455390929755, 0.3541994082867405], [0.0034161556422669993, 0.024025097227123707, 0.48653139806895396, 0.4860273490616551], [0.01451214165354096, 0.05475308111224017, 0.46781706726401423, 0.46291770997020426], [0.3090615475061562, 0.03322071927049084, 0.3294679074784085, 0.3282498257449444], [0.0069436230340301185, 0.010792730535883173, 0.4949844469266821, 0.4872791995034046], [0.01432270585827089, 0.4178739550888574, 0.28484202678409937, 0.28296131226877247], [0.015188716573126385, 0.4315846650144425, 0.2782851584038461, 0.2749414600085861], [0.004010011178442844, 0.026844370838026047, 0.4855471984540023, 0.48359841952952837], [0.0057829075921680215, 0.08253536301358583, 0.456551614128121, 0.45513011526612573], [0.011909681796566195, 0.3940672171805648, 0.29694092301451586, 0.2970821780083526], [0.014802532065876199, 0.03413040457411954, 0.4791182394617469, 0.47194882389825726], [0.007605183488379802, 0.011193477464740748, 0.49098232854258667, 0.49021901050429373], [0.014213206586636797, 0.1634910639070854, 0.413706909917941, 0.40858881958833665], [0.009294903177800636, 0.05374057482444881, 0.46754155295075683, 0.4694229690469939], [0.011106898844456502, 0.09667600729382364, 0.45062573369178177, 0.4415913601699377], [0.006127999279740881, 0.4392736383248017, 0.2759472869078997, 0.27865107548755824], [0.003948764292841672, 0.012729738026339105, 0.49093190084183547, 0.49238959683898414], [0.006257885374624745, 0.15428945082155496, 0.42064957280402043, 0.4188030909998002], [0.0064078717324031805, 0.08696919469974264, 0.45306858037561654, 0.4535543531922372], [0.013749739951985722, 0.23521260383379403, 0.3764404888794125, 0.37459716733480697], [0.0058908333338357375, 0.01908125829487029, 0.48869291452735575, 0.48633499384393764], [0.009737017918569723, 0.05621853221729811, 0.4677033815933542, 0.46634106827077804], [0.0018486889217593208, 0.004647354296929051, 0.49669903769787255, 0.4968049190834387], [0.022827469176426928, 0.3187546999078298, 0.32946067955062364, 0.32895715136511905], [0.01144568404292034, 0.04013324613688156, 0.4745042095743844, 0.47391686024581275], [0.011215042465967858, 0.037908689773061825, 0.47746443702645347, 0.47341183073451715], [0.03223254075351391, 0.03682466802996995, 0.46722046746082674, 0.4637223237556895], [0.12285948418857282, 0.10525861956914177, 0.386314944469487, 0.38556695177279743], [0.0036077606640326203, 0.01181488228476034, 0.4925205502652476, 0.4920568067859592], [0.03315074460561728, 0.18271510413666595, 0.3917228403856879, 0.3924113108720288], [0.003815382414066473, 0.3290091870661841, 0.33310447444317126, 0.3340709560765777], [0.05477618953831481, 0.15245222641889383, 0.3993365610730698, 0.39343502296972155], [0.009493611904283054, 0.06519218479691671, 0.46540222304002554, 0.4599119802587751], [0.011287863951310519, 0.04039111294623635, 0.47363164182290074, 0.4746893812795527], [0.1301887341508345, 0.030969887083371946, 0.4208629117688892, 0.41797846699690494], [0.01386426045870979, 0.17157006698647342, 0.4086120560960321, 0.4059536164587848], [0.007422720299119915, 0.043028595147364894, 0.47262157366244384, 0.47692711089107115], [0.03242461473475602, 0.04683419429796403, 0.4624401978171397, 0.4583009931501408], [0.00306442558860614, 0.004747281090655053, 0.4972630698370664, 0.4949252234836725], [0.012112884775001206, 0.1908193207599409, 0.4009153551731491, 0.39615243929190863], [0.02179036534388825, 0.015046051953027008, 0.48293947599538334, 0.4802241067077014], [0.010097617445304841, 0.022779379506708396, 0.4874684488929802, 0.4796545541550064], [0.010682765801989973, 0.01780116712371075, 0.4842730697178461, 0.4872429973564528], [0.0068923077320014355, 0.09608377258472942, 0.448632012098425, 0.44839190758484415], [0.06986108469993174, 0.38319643181312935, 0.2737465937785108, 0.2731958897084269], [0.021307354417946213, 0.0652809907507862, 0.4592637554173457, 0.4541478994139213], [0.005062430029927355, 0.02097409276129441, 0.48997519880156265, 0.4839882784072154], [0.006693401563207733, 0.6141895673724325, 0.18880618363004492, 0.19031084743431523], [0.038418867920622914, 0.08471542579055737, 0.4395965966976834, 0.43726910959113674], [0.005595979161721382, 0.041590945686794806, 0.4754742298260662, 0.4773388453254174], [0.01885004855659786, 0.5070467099856222, 0.23935433104168435, 0.23474891041609475], [0.05370073968489977, 0.15865811637771984, 0.393133682345148, 0.39450746159223177], [0.014905807453150196, 0.34729422356311385, 0.3182892000098164, 0.3195107689739204], [0.012720349710436401, 0.11083242894165783, 0.4379091816601226, 0.438538039687783], [0.009752316095942239, 0.08650995880326463, 0.45277341389782066, 0.45096431120297276], [0.09189540346169338, 0.5168286935791864, 0.1928321100907803, 0.19844379286834005], [0.00842351498362006, 0.007551364006414097, 0.4933255811330973, 0.4906995398768689], [0.006118483345777427, 0.09074584745379577, 0.45220081392311545, 0.450934855277311], [0.003228764550382769, 0.15224251692473525, 0.42242727579430944, 0.42210144273057243], [0.09817648910968578, 0.5176485479205996, 0.19252336601455322, 0.19165159695516154], [0.03591695593306047, 0.06944037417951103, 0.4481138143313608, 0.44652885555606764], [0.00669845228807969, 0.3857703110324495, 0.3032364077823738, 0.30429482889709747], [0.009748645643087722, 0.09560918360200814, 0.44865459506387634, 0.4459875756910272], [0.008403683038636341, 0.04227668751306705, 0.4738744707737783, 0.4754451586745184], [0.00851283564596623, 0.09290915283902842, 0.4488731110873234, 0.4497049004276818], [0.006768172473245252, 0.02482491434120633, 0.4849396181067184, 0.4834672950788296], [0.02043886592913384, 0.2131589930088457, 0.38354077144436627, 0.382861369617653], [0.014127665714183675, 0.021020062462672316, 0.4828619293187766, 0.4819903425043676], [0.009239003365848129, 0.01820936277165552, 0.4872343556371264, 0.48531727822537024], [0.004402744064069602, 0.19055049158333176, 0.4030620875109492, 0.40198467684165035], [0.02583167853404642, 0.030009418965715757, 0.47211945224738106, 0.47203945025285693], [0.0307902844165417, 0.10279184999446787, 0.43421451808207484, 0.43220334750691547], [0.008082173185195324, 0.2022402875183205, 0.39617925583015257, 0.3934982834663313], [0.013219030402537128, 0.03691994272788417, 0.47740142270569913, 0.47245960416388005], [0.03135021682412404, 0.25062997297441475, 0.3599773083225103, 0.3580425018789506], [0.011276335863167774, 0.15704106172864973, 0.41580341065585247, 0.41587919175233057], [0.007722526466531634, 0.11519656467291273, 0.43747793528726775, 0.4396029735732881], [0.007274192051361284, 0.08850658701778882, 0.45458239546812645, 0.44963682546272354], [0.009649499621852037, 0.1672458538372666, 0.41197840590849255, 0.41112624063239], [0.020929096450967206, 0.1804836081053859, 0.39987992278094725, 0.39870737266269973], [0.018081076675025766, 0.14039123195530634, 0.4226452357432518, 0.41888245562641424], [0.012120410113369033, 0.03254798861438807, 0.47818175522151624, 0.4771498460507265], [0.015587952059074383, 0.13309897007383897, 0.42655977464204825, 0.42475330322503824], [0.6156474586326733, 0.1433542463129436, 0.11990875605984957, 0.12108953899453347], [0.023789366502365357, 0.34327521046792564, 0.315565905085469, 0.3173695179442403], [0.0595613827075602, 0.13697285077526425, 0.4015099109214237, 0.4019558555957521], [0.01975799535363181, 0.055773726871488655, 0.46227877298289743, 0.4621895047919832], [0.017324780318993042, 0.1519191725842756, 0.4210749843154799, 0.40968106278125144], [0.002022263533004816, 0.010183206397849615, 0.4941690519867678, 0.4936254780823785], [0.007311886778157199, 0.10178385822544685, 0.4449600300079258, 0.4459442249884706], [0.07030335317227664, 0.43807926373289313, 0.24520562969726103, 0.24641175339756924], [0.013915422107453798, 0.13628411949620883, 0.42425551440213666, 0.42554494399420084], [0.02115050245901709, 0.48807485113503063, 0.24293242195897258, 0.24784222444697976], [0.0049329228710073775, 0.026264279993923795, 0.4856260548415612, 0.48317674229350793], [0.006143065703076743, 0.05411036164854333, 