{"estimation": {"a": 11.868402582040718, "rho": [0.2709736216008381, 0.28779081048610505, 0.23925449244391725, 0.20198107546913951], "Mu": [[1.1134305928245918, -1.0097641298497222, -4.641112578693201, -1.2734282865972848, -0.9205080603847215, -0.335478776246096, -2.8375896612754934, 1.5043479391219519, 5.002459688044615, -3.1306108406997133, -2.0070465039367855, 4.4749807130697485, -2.170219463721551, -0.4651845495952353, -1.0314153916406459, -1.0324344488603505, -0.30375027419490547, 0.8900509783150838, 0.6334336464720086, 0.6812999367509722], [0.8119977511265796, 0.44524616397568334, -4.644001118341006, -0.8939776788898649, -1.0345913953065908, -1.4600109450780283, -2.6220753507619885, 2.409459276308893, 4.526381094502611, -3.360580358012672, -1.9882148478378816, 4.14858728443478, -2.473755468275842, -0.21067846401869178, -1.1012361211198356, -1.0110944800131572, -0.3822624721158057, 0.7552042088452079, 0.28926361839186093, 0.7168870758596644], [-1.1783035882616002, 0.3036289623604636, 2.166355820110445, 1.6862861939735505, 1.8671031183203692, -1.3652634808967485, 4.23767843198843, 1.3666939618393432, 4.4427421235925895, 1.6935266250947698, 5.982496783838739, 3.815309453145087, -3.377732596846299, 1.5899786600941666, 2.0996438401919377, 2.7269631810427097, -0.31735893106603397, 1.8351298784755283, 1.1034528407728292, 0.13224037166136812], [-1.455980465626212, 0.329892591229841, 2.114232368799272, 1.574605795905871, 1.6649105390578545, -1.4246326598123686, 4.125488870557814, 1.3003120257031533, 4.406219602358302, 1.7408824134623735, 6.042538460282222, 3.6537498674287443, -3.2468561860173772, 1.8957968078331526, 2.1548093573152896, 2.703588869021865, -0.319988893696269, 1.7116343547279298, 0.8513529040825326, -0.09356985749357544], [-2.921867802744472, 0.9109915987915914, 4.187227603085936, 1.4032308812083065, -3.950981368506409, 1.0633463581862705, -0.2853093821570523, -3.013412000893153, 0.6779815073852019, -2.2398518164841517, 1.082724764317419, -3.108369579414167, 2.5504606428837, -2.4853009624791116, 0.4404632211611847, 0.11006882413675065, 0.04683056417364623, -2.263724095772695, 5.528220029901693, 2.7000272902142997], [-0.04078862909434543, -1.8843956549839098, -2.5990983886380157, 1.5938673179271883, 0.1633445852747667, 0.12505383444665502, 2.172875153866546, 4.98434196761567, -2.469724199597356, 2.205298643775225, -2.5469309133562263, 1.1548363484051039, -0.8049931637027204, 0.23266005322467118, 1.8850170169718388, -5.402770302457473, 1.4787644904807027, 6.835900848097142, 7.424474401918256, -0.34045798348879935], [-0.052387231322714646, 4.451075312400166, -1.5159861626366677, 4.198583568859991, -0.3671263774674976, -0.10465446945406436, -1.0072808440854781, -1.0896122831909063, 1.5823947322830683, -2.237568287377657, 3.458873647185828, -1.914760272119065, -0.25987462751426915, 0.3707008153091841, 0.6027254215329609, -0.5410702231692993, 3.6814002747238925, -0.15889485373635626, -2.4009328848554574, 1.7096565123897423], [-0.12903140935906612, 3.2739305602275444, -1.543816226632861, 3.8094669295950916, -0.503870543370897, 0.13824996687011754, -1.197849833896282, -1.2061502815738172, 2.0041525077509403, -1.8580660821148451, 3.6689424087646425, -1.9066359690386168, 0.06894375806331006, 0.20831995076186302, 0.7234467440450353, -0.6735040436282064, 2.35924587103918, -0.002641179013190096, -1.7428199754262932, 1.6516910412710109]], "Lambda": [[0.4970805530093073, 0.6664854497994591, 0.3875631980828954, 0.2873168643040637, 0.3347712697439766, 0.353058545507456, 0.5206925181614299, 0.3587351376113566, 0.4712801797957631, 0.589391911752811, 0.6198527691967499, 0.3480842713082971, 0.4211348893608137, 0.34808659214414167, 0.32147132538510265, 0.420792746173394, 0.3880660315497574, 0.3253366416414765, 0.3447381183736967, 0.40299831521293306], [0.4720581797458678, 0.6475834206154368, 0.3601618194698165, 0.2886083981551806, 0.3248900059576285, 0.33105926596742996, 0.5558601822088644, 0.340090343503096, 0.4681889149997694, 0.5870538237386284, 0.6449315747308841, 0.3447357508405299, 0.4118990561281628, 0.3277949667468444, 0.29313337827207364, 0.39967977970351437, 0.3818601636395705, 0.3052690093861525, 0.33565124264724816, 0.37891151725361477], [0.7400748932554782, 0.38705650286995613, 0.4985712074110833, 0.614734041093788, 0.7062145577789956, 0.3288334086597928, 0.3199677973416489, 0.41575198555307324, 0.656551056708938, 0.4352501753481253, 0.39801285704807987, 0.4479120673953368, 0.3685590771232875, 0.3798796510153635, 0.28924836594140585, 0.36158689475227607, 0.4861639853214935, 0.49693340218706233, 0.5143873445364882, 0.29341391720337046], [0.7422951263922463, 0.3642522780321281, 0.4775806504263177, 0.6071277925989368, 0.742884979963714, 0.3432151159044236, 0.31685016367477936, 0.4036808954457811, 0.6456070934732846, 0.40257581916071977, 0.39232056342372423, 0.44798010894928425, 0.39949359363219555, 0.3746985269597021, 0.2807030295798149, 0.36293014190458917, 0.47420971975326026, 0.5063679364299447, 0.5051575095422483, 0.2791833331809304], [0.28623098479897846, 0.47861803665483116, 0.43432110621398523, 0.5272128486875459, 0.2642647410154704, 0.29917149936904797, 0.47100893131903354, 0.43773504335211494, 0.25558086294971466, 0.6572806966647874, 0.5537530087359459, 0.2319103507344678, 0.381515485854379, 0.8068534283600143, 0.658206142506526, 0.7200472551490753, 0.7877271766497057, 0.5920345734380196, 0.5773818330094296, 0.2791070142880327], [0.27128166903514606, 0.454240746953846, 0.7334431936661454, 0.4618558708321843, 0.31911089960097844, 0.49769642253661345, 1.009059502244568, 0.4131369280309888, 0.5493402122135681, 0.45014220641697655, 0.6518179767425631, 0.8739129701171615, 0.5552721358076231, 0.5570182599087107, 0.7513480323931135, 0.6092165390935558, 0.39444841752682464, 0.39392230881581247, 0.457621106545899, 0.5029161218848948], [0.4990024448073061, 0.1612033623628287, 0.48610606568816656, 0.20911032097431265, 0.598224014254032, 0.471014589325018, 0.6433483769127216, 0.31207536563922206, 0.6210655858390178, 0.30074757866873814, 0.2551730703801182, 0.4266312828056745, 0.3340392478917585, 0.49634170242932657, 0.39463031857590103, 0.3450820735451612, 0.3690696839553367, 0.3022536774991389, 0.2586392365434154, 0.5288964414378184], [0.5434972690813054, 0.18777345758616015, 0.4881175513060799, 0.24876453367199228, 0.5752000738827177, 0.5438842090181929, 0.5949631615601007, 0.3632231190954314, 0.7182099586799847, 0.3298745365105926, 0.28673886307514534, 0.44992954202817886, 0.3553877154179969, 0.48251110231083033, 0.43209563582702487, 0.38152165189108056, 0.4517898056371282, 0.3211074807123288, 0.26799917306923116, 0.549113843884211]], "G": [[0.26126600223903224, 0.2825810267566975, 0.2479979277277105, 0.20815504327656018], [0.1741450555054902, 0.38159146957711837, 0.2346845254032459, 0.2095789495141462], [0.25195515065457497, 0.22181845258581276, 0.28332087862474414, 0.24290551813486794], [0.21831066928735768, 0.28436046222055106, 0.2702358991178354, 0.22709296937425597], [0.2696307714874977, 0.26729809889807005, 0.2525069302677443, 0.21056419934668769], [0.2363675133395695, 0.2602259024542662, 0.267203480346723, 0.23620310385944138], [0.3148438956110017, 0.3352643920223827, 0.18237200447757837, 0.1675197078890371], [0.17337500367183473, 0.528707474203486, 0.1604607116710011, 0.13745681045367808], [0.29243184289505025, 0.30002540698905755, 0.22737347937737393, 0.18016927073851846], [0.31334654823204877, 0.323812738002975, 0.19707738291184643, 0.16576333085312983], [0.325176256869904, 0.3474866227944128, 0.17869433865284404, 0.1486427816828399], [0.1962710405955824, 0.21487190170955717, 0.31479650754720434, 0.27406055014765623], [0.30643660548570073, 0.32285575914261616, 0.19975855240267618, 0.17094908296900735], [0.30170527761236654, 0.31355624153093253, 0.20973993812854236, 0.17499854272815865], [0.2655854924234497, 0.28132920183976856, 0.24093760902947306, 0.21214769670730838], [0.2983798318973306, 0.3107838190412038, 0.21013368991852127, 0.1807026591429444], [0.23564796521481243, 0.3558969219299516, 0.2296044314371679, 0.17885068141806768], [0.32276685390421245, 0.3345270947093386, 0.18750743599857783, 0.15519861538787108], [0.22329729236127366, 0.23532781088297697, 0.29094029128000815, 0.2504346054757419], [0.2318799445311331, 0.3591733620818825, 0.2140044924719832, 0.1949422009150006], [0.2598215818719848, 0.27443718677978246, 0.2512536347299846, 0.21448759661824812], [0.24964273952477595, 0.2626867464710473, 0.2605414963042402, 0.22712901769993607], [0.15617148813590262, 0.39489472267219194, 0.2398743121014534, 0.20905947709045233], [0.26115989148395286, 0.27824872052702704, 0.24829630067786407, 0.21229508731115623], [0.21845655820538315, 0.2273834866663517, 0.2962499744634647, 0.257909980664801], [0.2177039092198155, 0.3155390160006919, 0.25278058810707993, 0.2139764866724122], [0.28620539208972184, 0.29808329450393023, 0.22795413663126535, 0.18775717677508255], [0.26231684054201876, 0.26753266435642503, 0.2591406001034436, 0.21100989499811246], [0.2304048545341257, 0.2873440563707851, 0.2562709840649859, 0.2259801050301031], [0.23612714607881227, 0.2554740191849011, 0.27271661569636363, 0.23568221903992287], [0.322872247661395, 0.33810016152669065, 0.18620451166309407, 0.15282307914882087], [0.2685479526619045, 0.29236130808508515, 0.23931406319934564, 0.19977667605366498], [0.39802151151305104, 0.19266109916826302, 0.2197040045473761, 0.18961338477131018], [0.4669097365906937, 0.16004464352695838, 0.20128334273221676, 0.1717622771501312], [0.27379164990306537, 0.2860022397284171, 0.24007246580401373, 0.20013364456450436], [0.2697164559690955, 0.29550991392297543, 0.2392406195294427, 0.19553301057848682], [0.3250876329984792, 0.34009986402237063, 0.1829298745489762, 0.1518826284301738], [0.20737335478941715, 0.22582305463571117, 0.31252283603136916, 0.2542807545435029], [0.3461024355044556, 0.21841059111387026, 0.2384966669248081, 0.19699030645686688], [0.2681746835557793, 0.2767115824445755, 0.24704820794128726, 0.2080655260583576], [0.20393508262368176, 0.21697062911432524, 0.3154714712852375, 0.263622816976755], [0.2979954623241884, 0.3187313152520166, 0.21185670358824688, 0.17141651883554823], [0.22020986244001342, 0.2410340910528056, 0.3017652465610058, 0.23699079994617525], [0.17589565155121809, 0.18716410457554292, 0.35206274458198883, 0.2848774992912499], [0.2597448318789016, 0.2785468388117438, 0.2458326210945676, 0.21587570821478758], [0.18927602074274466, 0.46272985192466454, 0.18570183499198112, 0.16229229234061038], [0.2865927431984573, 0.2999250083063776, 0.22023947127403387, 0.19324277722113037], [0.2980293815886877, 0.3168157326566456, 0.2135884919959079, 0.17156639375875904], [0.3480165132761084, 0.2848899159248364, 0.19922630212368803, 0.16786726867536667], [0.1989512936591659, 0.21448333969244862, 0.31934347987588707, 0.2672218867724985], [0.2797871998511064, 0.298288124738997, 0.2324139260601547, 0.18951074934974213], [0.28415225588659415, 0.2561267781026965, 0.2484843722393665, 0.21123659377134305], [0.21355337725263732, 0.25249486092572804, 0.2883389613439972, 0.24561280047763664], [0.11806316118874338, 0.22227325780135868, 0.3653418587880517, 0.29432172222184627], [0.1901488595075385, 0.39714933820279374, 0.22674959374951154, 0.18595220854015618], [0.2258677925709173, 0.2322995861313436, 0.29704491539749067, 0.24478770590024806], [0.27423804634430976, 0.38009091976582793, 0.18466006857206912, 0.16101096531779308], [0.2799081859142726, 0.29735988302462746, 0.23057408984168126, 0.192157841219419], [0.17349799476989178, 0.4153978961620575, 0.22320609936643263, 0.187898009701618], [0.2879696585439649, 0.3005673436614274, 0.2199189657033636, 0.19154403209124415], [0.31046254054352485, 0.3326486058510668, 0.19110710807495823, 0.16578174553045], [0.2799821824260537, 0.30234194946520326, 0.23112465533663132, 0.18655121277211154], [0.32119753644193383, 0.2629942132201057, 0.23417163883667777, 0.18163661150128302], [0.3150304346908393, 0.333647994961668, 0.19110570533397456, 0.16021586501351748], [0.2038652341182655, 0.32606114609528253, 0.2566311039762862, 0.21344251581016563], [0.19215324330932837, 0.4199877147943076, 0.21351290364296033, 0.1743461382534039], [0.27260704739965946, 0.29005227095867814, 0.23934754136452036, 0.1979931402771418], [0.3560069976547542, 0.371910882206452, 0.14840906065992582, 0.12367305947886802], [0.26763264456607855, 0.2789879833923845, 0.2455578105041407, 0.20782156153739612], [0.28191405293953903, 0.2989759594188107, 0.22486248285363658, 0.19424750478801367], [0.23763442459141493, 0.25309153017816166, 0.27823864911525775, 0.23103539611516502], [0.2665709156224798, 0.2783503988681016, 0.24665416158291711, 0.20842452392650224], [0.3179047469948631, 0.33184685700782846, 0.19071543479923278, 0.15953296119807536], [0.35065231630556914, 0.3657450075843803, 0.15303040818340408, 0.13057226792664653], [0.33752067140470016, 0.3619408052764774, 0.16423223791860372, 0.1363062854002182], [0.24392752150987046, 0.27037086956739115, 0.2652414319471782, 0.22046017697556022], [0.2897938483971106, 0.14576723314289644, 0.31005596036076805, 0.254382958099225], [0.27724475072557975, 0.30182907893605404, 0.22879784785442053, 0.1921283224839459], [0.251749566645297, 0.2709242008115991, 0.26417870846791475, 0.2131475240751888], [0.3075997927526051, 0.3241446151518338, 0.20183466715731907, 0.1664209249382425], [0.2075821742445326, 0.22100067274248036, 0.3074145395247381, 0.2640026134882485], [0.2594969267878335, 0.27816314701778, 0.24867694636820076, 0.21366297982618596], [0.27893139690086427, 0.30004777955053685, 0.22347794077201497, 0.19754288277658358], [0.1826997456746002, 0.4525522735711005, 0.20018949041756381, 0.1645584903367353], [0.24188764763261422, 0.27844925915515406, 0.2533123432441548, 0.2263507499680764], [0.24558495053668794, 0.2613167154819089, 0.27286980766016017, 0.22022852632124312], [0.462871129354694, 0.14796410659156742, 0.2115086256144795, 0.1776561384392596], [0.3172216820430623, 0.2601284585193453, 0.22904723157552206, 0.1936026278620703], [0.21953246568267287, 0.23945731522838903, 0.29869436451257714, 0.24231585457636065], [0.2275405664771259, 0.23962899740615773, 0.2938782842471868, 0.2389521518695302], [0.18882679171397404, 0.19952953354250358, 0.3260849166130632, 0.28555875813045895], [0.21973636986145156, 0.23389167735724864, 0.2922373360569129, 0.2541346167243864], [0.10448671652459643, 0.5715817442681326, 0.17750703657979267, 0.1464245026274773], [0.3536242656629345, 0.22299853622675564, 0.231258613785967, 0.19211858432434295], [0.3129539998973358, 0.3263128452813665, 0.18696041698256505, 0.17377273783873318], [0.2510402539074588, 0.2604822480795071, 0.2644518201678526, 0.22402567784518113], [0.2242135522693037, 0.24135997271795212, 0.286317854788741, 0.24810862022400323], [0.20170622635475843, 0.4021078110460384, 0.21016685206997635, 0.1860191105292269], [0.2681478105560695, 0.2832587369948255, 0.24657094897097362, 0.20202250347813142], [0.3056814308920066, 0.31825593213282105, 0.2066855054658395, 0.1693771315093332], [0.20697027614316788, 0.25335296693949927, 0.29008092185541573, 0.249595835061917], [0.2746911638382376, 0.26517944015243256, 0.24970072664948542, 0.21042866935984458], [0.16372322418418903, 0.5613916581520805, 0.14818593263337923, 0.12669918503035119], [0.24274064378931234, 0.26138416024444816, 0.26865443982286047, 0.2272207561433797], [0.18504579278681557, 0.47684817272696006, 0.1818346076725655, 0.1562714268136591], [0.25956770802324636, 0.2719937095388675, 0.25860460112366845, 0.20983398131421738], [0.2672409748886333, 0.2831082867396458, 0.248590589856537, 0.20106014851518333], [0.25725187436696806, 0.2732272074296894, 0.2528564307055127, 0.21666448749783007], [0.23617372057351252, 0.2445245748116261, 0.28215801314907807, 0.23714369146578368], [0.30321624139849035, 0.3193009473544486, 0.20389967716117957, 0.1735831340858816], [0.29209476042456095, 0.34555973554878044, 0.19271307181165898, 0.16963243221500007], [0.2336397918137396, 0.25064325885217464, 0.2839130008054774, 0.23180394852860864], [0.31105240852980925, 0.32791058868679746, 0.1965980310718438, 0.16443897171154873], [0.26211753302968843, 0.32265034386306374, 0.22561953229077233, 0.18961259081647533], [0.34205971098144955, 0.3585473018119346, 0.15590295304980253, 0.14349003415681308], [0.2802214892619093, 0.23042267098034697, 0.2714640794161834, 0.21789176034156088], [0.22036802433803898, 0.23720099360212354, 0.3123331487444375, 0.23009783331539954], [0.27963910497149647, 0.28747025034007617, 0.23249271152484077, 0.20039793316358595], [0.3022640707838512, 0.31126842842742564, 0.20851284514372434, 0.1779546556449995], [0.21630770084047918, 0.22186727750679983, 0.31026737579772795, 0.25155764585499246], [0.22276764199102664, 0.246007415124418, 0.2927943569012126, 0.2384305859833426], [0.211209590262586, 0.21685946895971947, 0.3099116414826659, 0.2620192992950284], [0.22631994101669684, 0.2331728189698917, 0.2902030294026326, 0.2503042106107787], [0.17585027537525794, 0.40849528119766915, 0.22661838743832957, 0.18903605598874323], [0.17096417903530525, 0.3882220152266178, 0.23296954257888994, 0.20784426315918694], [0.2955939939955846, 0.3106210056690329, 0.20976349247544795, 0.18402150785993443], [0.22493282290057004, 0.2320713125250067, 0.28963611425742986, 0.25335975031699304], [0.24418506698885448, 0.3255978232968921, 0.23760021336468173, 0.19261689634957124], [0.3362440942157176, 0.23176193281152152, 0.2379074127271739, 0.1940865602455865], [0.17763814140724501, 0.23892123678554525, 0.3129804372545653, 0.2704601845526442], [0.3023749360088837, 0.32178338569594284, 0.20580033323499042, 0.17004134506018306], [0.3668180559325619, 0.37556938026042697, 0.13864995036572395, 0.1189626134412879], [0.23283805847875624, 0.23635343906360018, 0.2928257689216165, 0.23798273353602684], [0.37249254941774607, 0.3893538565728361, 0.1316792666670219, 0.10647432734239555], [0.2538313622462405, 0.2712345106245882, 0.262718911108588, 0.212215216020583], [0.23187779407860704, 0.24456949204346604, 0.2884119126487794, 0.23514080122914705], [0.22001318925764182, 0.23850442445146425, 0.3010720818617697, 0.24041030442912445], [0.28721184186324455, 0.30538604444857764, 0.2184717764490678, 0.18893033723910943], [0.23514752095025174, 0.2509810770462777, 0.26831453065161587, 0.2455568713518539], [0.27650039420820477, 0.2919566178479636, 0.23610918195490396, 0.195433805988928], [0.29031252562518317, 0.3063472918492696, 0.22077962374737006, 0.1825605587781768], [0.21464299345871085, 0.21571638989959813, 0.30897578340751947, 0.2606648332341716], [0.32661275819294766, 0.34859973450565673, 0.17101839214064213, 0.15376911516075295], [0.2481823798533769, 0.26813816075282937, 0.2607972378126674, 0.22288222158112653], [0.3045423369373038, 0.3259399638339157, 0.20332886177608708, 0.16618883745269367], [0.18974031656182228, 0.30375729126515066, 0.2685103848235683, 0.23799200734945886], [0.18583675202596261, 0.2055176068619831, 0.33052586437663384, 0.27811977673542054], [0.21504849272693952, 0.33494612524710204, 0.24134964205190604, 0.20865573997405232], [0.3286958067684126, 0.21141289305052455, 0.24748846063984298, 0.21240283954121994], [0.21159973801647522, 0.421282350844893, 0.19903534453256105, 0.16808256660607054], [0.2630003949679893, 0.2741242964237782, 0.249117388833928, 0.21375791977430392], [0.43014674046913776, 0.19642908144368773, 0.19967545223990005, 0.17374872584727433], [0.40365030831399606, 0.2941492574970634, 0.16478314265523297, 0.13741729153370852], [0.2972393626068613, 0.3225342936706979, 0.20574323129860997, 0.17448311242383144], [0.19288301392846044, 0.2069544134645735, 0.32768798954325246, 0.27247458306371325], [0.3264536059937065, 0.34667278615966646, 0.17551713139216474, 0.15135647645446187], [0.284827184076593, 0.297183663123022, 0.22533022765784955, 0.19265892514253513], [0.24762290441769425, 0.27015463938000434, 0.2638508622064129, 0.21837159399588865], [0.23904689726867298, 0.24802781495461332, 0.2776289758041224, 0.23529631197259102], [0.2773541158373463, 0.2838741806854776, 0.238529222945145, 0.2002424805320309], [0.24663199276032227, 0.26041656821136333, 0.2649519935581933, 0.22799944547012094], [0.27746410746422895, 0.2939464773487229, 0.22540614764448275, 0.20318326754256566], [0.2830106316716769, 0.293966923220294, 0.23206298764503222, 0.19095945746299714], [0.2469015444042713, 0.263639917240375, 0.2677300898770173, 0.22172844847833656], [0.2638561933490497, 0.2739876859808767, 0.2438958174165434, 0.21826030325353027], [0.36151818340417596, 0.3743204922512517, 0.14351349203741207, 0.12064783230716038], [0.26481335567856373, 0.27995354019540747, 0.2404973736997435, 0.2147357304262855], [0.2483962830833335, 0.26756340896590713, 0.2666394548084009, 0.2174008531423577], [0.2255690730545616, 0.4392668357512198, 0.18184319044726263, 0.15332090074695534], [0.22619714619196632, 0.28529534452204797, 0.26427344336688663, 0.22423406591910006], [0.3437958898943981, 0.36182160975846583, 0.16421398423474073, 0.13016851611239572], [0.23626053480105627, 0.24771785187583156, 0.2762859449206893, 0.23973566840242275], [0.32278426807503424, 0.3379423188216834, 0.18453438237684525, 0.15473903072643674], [0.29989825149176436, 0.3124082412718742, 0.2084953533795935, 0.17919815385676907], [0.13792514966243732, 0.3316233630630312, 0.2976993656019145, 0.23275212167261652], [0.31152932680178946, 0.3254117272952471, 0.19733873540838526, 0.16572021049457744], [0.29174468140690607, 0.3058936389800185, 0.22017117957192028, 0.18219050004115425], [0.28892888161845975, 0.3050646551993827, 0.21683929531527651, 0.18916716786688068], [0.23521853980918703, 0.24563283121524596, 0.2850097828356443, 0.23413884613992283], [0.27361997426814627, 0.2840372746961712, 0.23843152102704032, 0.20391123000864222], [0.26531978200620704, 0.24288099633909985, 0.27126432059974187, 0.22053490105495105], [0.2573658863535372, 0.2725638782335765, 0.24980498653371114, 0.22026524887917484], [0.3034673838017089, 0.3206959414158151, 0.1987427807004004, 0.17709389408207515], [0.27969736776301396, 0.29821525226320805, 0.2289982262059733, 0.19308915376780458], [0.30199843291110484, 0.3157071504180272, 0.20336768065891658, 0.17892673601195083], [0.20136524509241804, 0.18096508024180924, 0.33111982592409106, 0.286549848741682], [0.21572384112329612, 0.22400240202775187, 0.2999826353210903, 0.26029112152786144], [0.31457754585710374, 0.335385919080733, 0.18262645984680156, 0.1674100752153615], [0.3265053234845595, 0.2973041535328689, 0.20753579592573357, 0.16865472705683834], [0.26377953784610403, 0.2872039337872801, 0.25014300439458337, 0.19887352397203187], [0.26001505293436733, 0.20363388746833475, 0.2924880431066016, 0.24386301649069642], [0.2706207252657917, 0.28158066316246066, 0.2415182507245686, 0.20628036084717866], [0.28284524648436593, 0.29607693303285926, 0.2261377026783533, 0.1949401178044215], [0.2684150250559218, 0.2804352665924246, 0.23994664838453889, 0.21120305996711433], [0.31029917371810756, 0.32220414180447854, 0.20153908808179982, 0.1659575963956149], [0.34321552099688696, 0.3614916704443439, 0.1609721560090089, 0.13432065254975986], [0.19184497490890778, 0.2837367899195421, 0.28771379125706936, 0.23670444391448023], [0.3088713425955324, 0.3262866926200854, 0.1945758142800395, 0.17026615050434232], [0.34433812120590224, 0.25222582055742054, 0.2235878587485138, 0.17984819948816383], [0.15712849349433383, 0.23023898221912056, 0.32266479286710864, 0.2899677314194371], [0.35409797623104977, 0.16139825010293685, 0.2661291445565073, 0.21837462910950614], [0.3145716347734649, 0.34014398341444824, 0.19064594757386166, 0.15463843423822465], [0.33852506372315655, 0.35956663381751, 0.16782493532340145, 0.13408336713593225], [0.33980590271396155, 0.361872214076306, 0.16077468486128996, 0.13754719834844328], [0.2937151079530347, 0.3119644949941025, 0.21254596592183417, 0.18177443113102904], [0.3299537890145415, 0.3321234189114819, 0.18160470071890716, 0.15631809135506974], [0.2860950592634031, 0.33995397880086914, 0.20673715352880076, 0.16721380840692676], [0.37403642783887625, 0.38886805589509227, 0.1306598011108687, 0.10643571515516356], [0.38148140782116685, 0.2399274139468817, 0.2031890173538284, 0.17540216087812266], [0.30693264764184575, 0.2500810074929321, 0.24140914668782895, 0.20157719817739309], [0.3540962943979842, 0.24568315823677492, 0.21639717173839496, 0.1838233756268469], [0.2663610866336383, 0.2956974880883246, 0.2346430483443967, 0.20329837693364045], [0.2336291039394601, 0.25119405382903987, 0.2749007371941342, 0.24027610503736554], [0.23062705930410077, 0.1985194761081186, 0.31267726401072465, 0.2581762005770555], [0.3153412222659631, 0.11839695232465451, 0.3062184770271018, 0.260043348382281], [0.18585752941346273, 0.19158317461071053, 0.32836039181317894, 0.29419890416264743], [0.22613745864995458, 0.2471793825196557, 0.29016013039799576, 0.23652302843239448], [0.29515198194684567, 0.2672799034789246, 0.23720638632305785, 0.20036172825117196], [0.3246910530840202, 0.3496197092866366, 0.1806490830668584, 0.14504015456248492], [0.27462484545099686, 0.22665738330640908, 0.2672873362809323, 0.23143043496166146], [0.45517512375700125, 0.1927623963660112, 0.1921538056376891, 0.15990867423929764], [0.4000016105246843, 0.2068737246912747, 0.20854316521096752, 0.18458149957307343], [0.2926911277855502, 0.25751381122179623, 0.24208289159012503, 0.20771216940252887], [0.2529246346900778, 0.27364831137253764, 0.24931674182306895, 0.22411031211431517], [0.31700773792212816, 0.33461372193213984, 0.18170432749364004, 0.1666742126520923], [0.34211884211854404, 0.3680194415987145, 0.15953848386317793, 0.1303232324195641], [0.21392891922550927, 0.24089167839461956, 0.2996865893265242, 0.2454928130533459], [0.2746104164067341, 0.2867992688288644, 0.2378983759298454, 0.2006919388345561], [0.3316436388398818, 0.3506962415395032, 0.16994979277063493, 0.14771032684998017], [0.20724553072100307, 0.21698056186936196, 0.29949664502915924, 0.2762772623804756], [0.211989235595868, 0.22924484105167264, 0.3085507005377928, 0.250215222814666], [0.28943405902461317, 0.30725792814111874, 0.21777842448505666, 0.1855295883492122], [0.2562949536124683, 0.27896556533335415, 0.2494308777179593, 0.21530860333621887], [0.2777552689011016, 0.29101541683884086, 0.23218848626527955, 0.199040827994778], [0.2775506109664228, 0.3350835728155808, 0.2089390375310683, 0.17842677868692833], [0.24248854882221424, 0.26072891491088823, 0.266440161441761, 0.23034237482513567], [0.26116695142128366, 0.2753287647225543, 0.24597751546482188, 0.2175267683913396], [0.246022293592226, 0.2616465363902438, 0.2647281751809181, 0.22760299483661148], [0.18453570306170614, 0.3591907199466431, 0.24554743262156445, 0.21072614437008588], [0.4068077381662603, 0.17175092058125946, 0.22691739730127075, 0.1945239439512089], [0.296530341250706, 0.3059794567293141, 0.21778349634867009, 0.1797067056713094], [0.2708687685987792, 0.2822661184195588, 0.2423675205045913, 0.2044975924770705], [0.16124531311696227, 0.16787348884166442, 0.3676778655390044, 0.3032033325023678], [0.18609191808111664, 0.20603255775763094, 0.32633519100871666, 0.28154033315253557], [0.36240496980956194, 0.37886220287726907, 0.14630097862739716, 0.1124318486857717], [0.23774560639610506, 0.2459104402105012, 0.2780466200648869, 0.23829733332850703], [0.340839612501718, 0.34835238900559273, 0.16930910261048493, 0.14149889588220427], [0.2886224404845672, 0.16870515412316595, 0.2930823016135567, 0.24959010377871038], [0.2698936758555813, 0.27808586207751984, 0.24454023252792867, 0.20748022953897], [0.29023906675758404, 0.3039297790665653, 0.22178333241076711, 0.1840478217650843], [0.2865122849685623, 0.303544257342691, 0.2198332834314995, 0.19011017425724658], [0.2861780374286595, 0.3257254744894847, 0.21418719138570283, 0.17390929669615296], [0.23735343190155272, 0.3585618396276623, 0.22041285059828164, 0.18367187787250375], [0.28489298285956305, 0.22430692777491837, 0.2660943152504142, 0.22470577411510467], [0.3225567392844273, 0.3427393239830734, 0.18405764446545517, 0.1506462922670441], [0.23622990671976615, 0.24101212781820183, 0.28528084090036376, 0.23747712456166795], [0.4536182128409626, 0.12464263868075258, 0.22338490843956918, 0.19835424003871552], [0.2089459552612656, 0.22758503955887402, 0.30693248116557004, 0.2565365240142905], [0.2932081891129413, 0.3033243410622473, 0.21583292864208303, 0.18763454118272785], [0.2334014466575869, 0.18090058490648314, 0.315142492691832, 0.27055547574409833], [0.3141472302896999, 0.2878131432866301, 0.21720780300045092, 0.18083182342321893], [0.22986675208166116, 0.24539943935162123, 0.28803131898730416, 0.23670248957941312], [0.3268903696899313, 0.3449643459284144, 0.17369736118278065, 0.15444792319887365], [0.4005701414755488, 0.2349413261016225, 0.19873894655888044, 0.16574958586394817], [0.3638687470597729, 0.30197005669939336, 0.18210770973238338, 0.15205348650845013], [0.37144038954014535, 0.25433966985482626, 0.2027764939697287, 0.1714434466352996], [0.2841134636124984, 0.3001478416328412, 0.2252927190905032, 0.1904459756641569], [0.3298504479133107, 0.3541950837820643, 0.17555797310030943, 0.140396495204316], [0.27301603970549293, 0.2959285665542964, 0.22595068418254807, 0.20510470955766177], [0.31950264047140625, 0.3363201904712585, 0.19066842966214997, 0.1535087393951846], [0.2906731156160989, 0.3098527046251399, 0.21764858157643388, 0.18182559818232685], [0.2761776529613968, 0.3017183838818034, 0.24763498152929075, 0.17446898162750965], [0.22945313398326259, 0.32250828938349213, 0.2395810369608884, 0.20845753967235747], [0.30998434598054553, 0.32885804634687404, 0.19769406874731518, 0.1634635389252647], [0.3836232655843268, 0.25444572109038005, 0.1969399080910733, 0.1649911052342202], [0.18645701307847282, 0.20244681954325114, 0.3323864467176948, 0.27870972066058103], [0.2791758436668019, 0.2937652498331562, 0.23009230533050712, 0.19696660116953527], [0.32317188549095854, 0.3427928054843899, 0.18031372192851894, 0.15372158709613273], [0.29440507553290196, 0.3334019618668897, 0.2016814193827922, 0.1705115432174158], [0.2727936141579644, 0.2867982613733929, 0.23882525545270744, 0.2015828690159353], [0.21895525056697449, 0.2369467234176992, 0.2972741225690877, 0.24682390344623908], [0.2418588211716775, 0.40781551641668295, 0.18941445450984046, 0.16091120790179947], [0.2616495097161828, 0.276809865939732, 0.2521510492775437, 0.20938957506654135], [0.2660787677272888, 0.3562732995419571, 0.20803982595649284, 0.1696081067742621], [0.2789102199635764, 0.29065719947582475, 0.2297862986673756, 0.20064628189322348], [0.30228457753438714, 0.21611661879602073, 0.2653242421470481, 0.21627456152254343], [0.2766011345825429, 0.31349250130127987, 0.22282426255552343, 0.18708210156065366], [0.23365347369488934, 0.45932580407843965, 0.16607347468211758, 0.14094724754455387], [0.25083388074348706, 0.25695188223393073, 0.26959757180820565, 0.2226166652143762], [0.24163835208379567, 0.2546897655107042, 0.27020713841252725, 0.23346474399297215], [0.2851668012700393, 0.3000100821618707, 0.22303234006633668, 0.19179077650175397], [0.3525723943672646, 0.21928790850844695, 0.23683448039524335, 0.19130521672904502], [0.29139592100441314, 0.3168608935312781, 0.21444360819002556, 0.17729957727428333], [0.20662601948533296, 0.2138011694811976, 0.3141504646821808, 0.2654223463512889], [0.3982119035571357, 0.15143685728683406, 0.24930830150780686, 0.20104293764822345], [0.32987640442011573, 0.1262949055378075, 0.30003800212442167, 0.2437906879176551], [0.22570800789184786, 0.24525621005480905, 0.2905546282797463, 0.23848115377359697], [0.2545149296309359, 0.26841167482792994, 0.2611620195977994, 0.21591137594333573], [0.17687367265011347, 0.19468790033471828, 0.34103455957263473, 0.2874038674425331], [0.27530051144102186, 0.34196004540342095, 0.20692138585373132, 0.17581805730182562]]}, "supervised_prediction": {"G": [[0.15585773877428638, 0.3194776405275526, 0.2962076880253104, 0.22845693267285078], [0.2074526599338657, 0.22579614543301943, 0.28618535148977375, 0.28056584314334115], [0.24977320378644327, 0.3224128339603241, 0.21950892687628148, 0.20830503537695036], [0.3666651130261223, 0.2338902859349981, 0.2260526541177647, 0.1733919469211149], [0.25851298986712, 0.3052425056610343, 0.25078322048600704, 0.18546128398583886], [0.2775753096045406, 0.35132460588951303, 0.20332660532127056, 0.167773479184676], [0.16899706342188872, 0.17643463769022807, 0.3682787859049298, 0.2862895129829529], [0.34395156854456216, 0.3949599059633841, 0.1399660345951731, 0.12112249089688057], [0.25254670795390943, 0.272995176363493, 0.2682770151241622, 0.2061811005584351], [0.1723316223666045, 0.30962816012548344, 0.2868750170451694, 0.23116520046274214], [0.343631636207681, 0.3432756620926644, 0.1661626131594127, 0.1469300885402424], [0.2576787309440526, 0.2708028408149318, 0.261854101360524, 0.2096643268804913], [0.26255895898982534, 0.25432661543068596, 0.2594913253370988, 0.22362310024238935], [0.3061338088280297, 0.3356673373247804, 0.18993437002978647, 0.16826448381740394], [0.2572288966494343, 0.27434390011466553, 0.2879953378037915, 0.18043186543210876], [0.38641874724213027, 0.30560754840877724, 0.1619191549613882, 0.14605454938770468], [0.166808086734833, 0.18949887087273334, 0.40082033895202435, 0.2428727034404089], [0.2653977842222224, 0.29496215054173514, 0.239751773255222, 0.1998882919808198], [0.2723485307904818, 0.28879780309998726, 0.22540340432443914, 0.2134502617850922], [0.21424909717585366, 0.2216309087613579, 0.31441719328483253, 0.24970280077795615], [0.35583912009737684, 0.2681692711895662, 0.20219680913072233, 0.1737947995823345], [0.13123356540143546, 0.1945305197282376, 0.35807401316436893, 0.3161619017059572], [0.2964649522923232, 0.3264417986022925, 0.19957061463218756, 0.17752263447319722], [0.2657063279464525, 0.3322776917174318, 0.22920494594065854, 0.17281103439545692], [0.27353695094561625, 0.3040094794666757, 0.2324814129175705, 0.18997215667013778], [0.24463223428579595, 0.27547067441447576, 0.27064633055014203, 0.20925076074958573], [0.25984251918148565, 0.2831404141187303, 0.2404322725725566, 0.21658479412722748], [0.33651452346699795, 0.3582675241212576, 0.16506327909923202, 0.14015467331251227], [0.18232500307081728, 0.211492598844004, 0.3569631509247825, 0.24921924716039637], [0.2400394937196316, 0.3421958250305791, 0.23577146253736508, 0.18199321871242438], [0.16647642846527588, 0.2071914955423367, 0.3987251842531532, 0.22760689173923396], [0.28097992683424766, 0.2997524264291532, 0.23133382072204414, 0.18793382601455483], [0.3089217741835378, 0.28723935541430856, 0.2262635648949874, 0.17757530550716552], [0.27355190523031064, 0.25063894084338323, 0.266105932585387, 0.20970322134092018], [0.20199875899449415, 0.27197303175785553, 0.28308041365453696, 0.24294779559311336], [0.26215668852931884, 0.26292842312324627, 0.2660843085982159, 0.20883057974921848], [0.2654678209096183, 0.3156959370419095, 0.21807869565542823, 0.20075754639304413], [0.31419346442801316, 0.2808359210605864, 0.21699625641885242, 0.18797435809254825], [0.13963231071966545, 0.41514948274319835, 0.2586535355745184, 0.18656467096261756], [0.34665347280730086, 0.2722299157374572, 0.20965712194155203, 0.17145948951369], [0.2864387436594507, 0.29889944080599523, 0.22838525114059868, 0.18627656439395524], [0.19209376439029496, 0.2736676461378116, 0.2993148153477391, 0.23492377412415477], [0.26436443807874666, 0.271110153333953, 0.23886265085072983, 0.22566275773656957], [0.3061965507753102, 0.30755505218040347, 0.21778503290268764, 0.16846336414159874], [0.3462868328167678, 0.4020812761123787, 0.1307957132758586, 0.12083617779499457], [0.2589860707892363, 0.23945867112262711, 0.2841090263926434, 0.2174462316954935], [0.24338054096046863, 0.2566097997884313, 0.25988982959489654, 0.24011982965620343], [0.40377194840627967, 0.1461576974551263, 0.24025097979485363, 0.20981937434374062], [0.16296593346719251, 0.2024909017766726, 0.38034067321158843, 0.2542024915445468], [0.2413691859987099, 0.27764120018931226, 0.2749298411902441, 0.2060597726217334], [0.2513696327698041, 0.27992483784763467, 0.2535414363218568, 0.21516409306070416], [0.2783495324063872, 0.30845633148418383, 0.2389285443038651, 0.1742655918055635], [0.1912692688346304, 0.36359042242288736, 0.24923806634209755, 0.1959022424003851], [0.33989926201556314, 0.31140967798234753, 0.1801700387074212, 0.1685210212946683], [0.15874644358149947, 0.40567523695064095, 0.23318148999507948, 0.20239682947278023], [0.18030052056198428, 0.32058638747394386, 0.3023809622286486, 0.19673212973542403], [0.2961414823916765, 0.2977647671831558, 0.23099328295824845, 0.17510046746691948], [0.23114219787717932, 0.24179361542729877, 0.30444140642117684, 0.2226227802743448], [0.2407158783011974, 0.25373447961101486, 0.2653881194392767, 0.2401615226485103], [0.16841034487989162, 0.4636467742665466, 0.21544209505345888, 0.15250078580010354], [0.18058050618256194, 0.19035852609413456, 0.3721151256900189, 0.2569458420332846], [0.256590940844963, 0.23501713503905292, 0.29544807760414477, 0.2129438465118398], [0.2850104460178945, 0.3177833763783628, 0.2262440844948658, 0.1709620931088777], [0.2724724872967874, 0.2889155460719435, 0.23845822606067663, 0.20015374057059332], [0.18867080777475348, 0.3524914869933767, 0.2906098208590642, 0.1682278843728054], [0.27750500484566265, 0.25984783057952177, 0.26867698788093775, 0.1939701766938778], [0.24427811549197487, 0.21711364918105894, 0.28375427206773374, 0.2548539632592324], [0.2737642101598631, 0.2575855620051526, 0.24131790735488753, 0.22733232048009644], [0.2720034488163951, 0.27135955840133624, 0.24885059452658467, 0.20778639825568443], [0.29579165352619124, 0.29651487083009676, 0.22653407541963477, 0.18115940022407773], [0.27370139663578263, 0.30664722466474614, 0.23845810161210867, 0.18119327708736244], [0.461226658429626, 0.2134145778036257, 0.17507541827187462, 0.1502833454948747], [0.27938288141862555, 0.30206921457874236, 0.22251743763978163, 0.19603046636285054], [0.17804468633585255, 0.29964538092375465, 0.2740425647743373, 0.24826736796605584], [0.27320403093071394, 0.33870139250712444, 0.21777904752915786, 0.1703155290330042], [0.2634587872967718, 0.4225482609518086, 0.17159675305749456, 0.14239619869392495], [0.3150461368009127, 0.17855243145876254, 0.26927158025617126, 0.23712985148415414], [0.2574585229964028, 0.291593014157541, 0.2570870875047381, 0.19386137534131823], [0.3302991439428611, 0.32466186743355163, 0.19517843841928412, 0.14986055020430308], [0.23824795107858687, 0.2707251948285522, 0.2577826789552421, 0.2332441751376195], [0.344693544314541, 0.32094167704999893, 0.18260830675400894, 0.15175647188145058], [0.39042818946940655, 0.3071088314356971, 0.1645042731788975, 0.13795870591599926], [0.2386964425044158, 0.3430256515204148, 0.23539627994543802, 0.18288162602973204], [0.2561735734199057, 0.27385174202591617, 0.2622088442581403, 0.20776584029603754], [0.2503334828617265, 0.2939351741114961, 0.26416652570372784, 0.1915648173230482], [0.24095955787591566, 0.3766755024439123, 0.22397502358927115, 0.15838991609090106], [0.24754053732110978, 0.26041052900508216, 0.27275873998520883, 0.21929019368859856], [0.27924286976736096, 0.4406018993622615, 0.16288287049038772, 0.11727236037999003], [0.28661526200840387, 0.3045440645152709, 0.22631524468505243, 0.18252542879127323], [0.21576484728552306, 0.2513752092692941, 0.29361759994105985, 0.23924234350412324], [0.3653835890194624, 0.1819824667399175, 0.24597549714672554, 0.2066584470938949], [0.28205561532479306, 0.2477294149103043, 0.26617943616699136, 0.20403553359791166], [0.2835676554564006, 0.3182134650971768, 0.2291831921164801, 0.1690356873299427], [0.26319699471129593, 0.2871800797356736, 0.24685406955568406, 0.20276885599734684], [0.2984998913559523, 0.34038658159024604, 0.18940301390450281, 0.17171051314929883], [0.1888829471333745, 0.312729956915984, 0.2679849890074352, 0