{"estimation": {"a": 4.187254936268466, "rho": [0.22025604540020677, 0.18075091906535315, 0.27499458341256866, 0.3239984521218718], "Mu": [[0.06230649388103939, 1.8732348716194847, -2.9252082293899475, 0.8470846774497234, -2.437714851249925, -2.2567108375314846, 2.1136863179352603, 0.35346185972367883, 3.305090038221931, -2.1019802911264276, 0.5953546260317935, -1.7517312828759342, -0.12649519817645927, 2.6079970951048153, 3.075097978495857, 2.778859652777064, -2.2308433040554316, -0.659343299868089, 3.8963594845012484, -3.0444327733491474], [-0.15368577826561866, 1.746761301690786, -2.5062138377186858, 1.5237033051322308, -2.684035263119359, -1.7103243446066392, 2.3110765491864504, 0.5172376258844438, 2.8480459477956366, -1.9820776792177657, 0.2884882633562172, -1.6827760924231538, -0.45088762081489675, 2.4983260597670505, 2.3841341961465896, 2.792708763817725, -1.6523152854833059, -0.8212984729823111, 3.7142554997627393, -3.1381141083710866], [2.764766858037747, 2.681390063058267, 0.7339870166287329, -1.0662947044997295, 0.995683014145406, -1.6208380640771771, -4.927938131658788, -0.004510618195850546, 0.8931330649328505, 0.8001281823271387, 0.5670168054683954, -1.735080394220019, 2.70482417174055, 1.630861681437975, 1.604485641802443, 3.6047720376477423, -1.6757763849175356, -1.3686184004054192, 1.0904899212346473, 2.414216576457857], [2.622069159713668, 2.1790129842732635, 0.6033301248887074, -0.7981228063982486, 1.002259996507068, -1.319681104705168, -4.1587622468544225, -0.1321280885329296, 1.0819667058860316, 0.9913924692970881, 0.75824038773287, -2.008537601984147, 2.414431569996852, 1.9237720234992828, 1.0297087069977162, 1.5643828125472232, -1.7226803280663148, -1.8670677889608829, 0.7978906781016221, 2.007588936888381], [-2.0853870988711196, -0.7706024364327185, 1.074745656167931, -2.543208863979484, 0.6939777324726113, 1.769101538106541, -1.5201224465107435, 1.467400722984702, 4.926631639141067, 2.1988633338044536, 3.5863198228488966, 1.0754424488165804, 1.4851844857075749, -0.8712459244786618, 1.8017591375931712, 0.634943153382595, -2.3203867838680177, 7.005825745741593, -0.09658727108215898, -3.304425547381281], [0.06978524352674888, -0.4779806721700551, 2.281236474941801, -2.8243780325382004, -1.6684956387167347, -3.569685932118287, -1.0760944713317548, 1.5429984599831479, 1.711855223324199, 1.377899497857396, 2.3905306575375684, -0.24029398212026734, 2.0450311104585768, -1.160140041812451, 1.8029487311077417, 1.0998331542034163, -1.4268635933418594, 2.2850319995751245, 1.230441602047167, -0.9712299220198274], [-0.5341323147870859, 1.491700450346348, -0.6266761932881341, -0.2584329023667347, 0.5082951705863316, 2.067685944180764, -1.4887325119045742, -1.9609451989849978, -2.0858075615555953, -2.678364869784764, -4.250935103253826, -1.0710718781987314, 0.9956117189230465, 2.595550493245076, -2.71887121096241, 1.2277397592948824, 2.6416246013570395, -2.436892984772021, -1.8583879030753518, -3.9419468598643483], [-1.7102457776308797, -0.6602752402113778, 0.46464876368757385, 0.22173991640245433, -0.4854031642745798, 1.049841633387513, -1.280019767558039, -0.6844643024720957, -1.7226774387054014, -1.950917639482662, -2.7113605643207714, -2.0555370993095003, 0.5312390488095553, 3.935259235941799, -1.1595788282085022, -0.5354775345928791, 1.8691690244316026, -2.493809942270319, -1.056893786681592, -3.0033001120790774], [-0.6866724915276641, -1.7666149296751257, -1.555623254140541, 1.4415210678913333, 1.2045074861001261, -1.6281324203711567, 1.8190319444149827, 1.7410770954446584, -2.5172503937244883, -2.819432273607492, -1.338522170977014, -4.274664420300199, -1.6280808861858052, -1.2787835289809817, 3.200039117541339, 1.9938930030604682, -0.8576154341092813, -2.5597428540783413, -3.721798152455909, 1.5267226674024974], [-0.30293136718061053, -2.108201358011364, -1.2909263324621618, 1.2581760828082489, 1.133567171825602, 0.15530080375843167, 1.305474534836482, 1.5645716183707614, -2.7308660296439227, -4.100297520822781, -1.5063992747099049, -2.5152888807961595, -1.1325487065496347, -0.7226609809659255, 1.9374265278791662, 1.4864658323862683, -0.3580694431059443, -0.93526170049259, -3.3314068522576665, 0.9638602987784973], [3.2703374807469894, 0.320682321610694, -4.053559180586503, -1.9278516267865062, -2.7579106490880596, -4.370613147720047, -0.952464583364495, -4.49807692350714, -2.038642004603151, -1.1508717703726667, -1.3216132809498278, -1.5666110024905198, 1.3424700671308514, -0.3831690099604381, -0.08161917377615807, 7.167485393732781, -3.442720268994045, -1.8074201674760055, 0.07773650440958203, -5.290406662814668], [2.701506472426128, 0.17937143514249748, -4.839233753830551, -1.5979164118072, -3.2360197694090096, -3.6589599534861046, -1.7630238596521368, -5.512700405679562, -2.39370745053, -0.6572886239034336, -1.4415963866972605, -0.5294961568648154, 1.273997812316255, -0.6523203718752809, -1.3211875214134636, 6.912411026906517, -2.2724066944783723, -1.5847992341395813, -0.38029843041220773, -5.102054610694057], [5.700975438832303, 1.2631496414601966, 1.2118296741174799, -0.1631730531385008, -3.5177973626249104, -1.2998032775783026, 0.7427670556356079, 1.8034438986825694, 0.5494342804685612, -3.3023876821686584, -3.2629249813526657, -0.6231233144362087, 2.933885936132402, -0.5644524685386423, -5.697349185003983, -0.6486045365961511, 1.4132042700836127, -1.0666366788655044, -7.124930693520366, 0.527086951847931], [6.146089568468385, 1.0972234453858172, -0.7859127106950833, 0.11640965769432941, -4.189210706954706, 0.14817653667964653, -0.20839833991715256, 2.291254454545536, 0.8773787493208743, -4.108244025322957, -3.716049430216147, -1.2879761741566014, 1.672045440122471, -1.1832206973390806, -6.545562461825543, 0.6701031663430613, 1.7512104094639425, -0.7573766316786816, -7.6166781141037365, -0.14371761548016032], [0.4856251270589191, 3.45336702679783, 0.1134041102679244, 0.34527469309301184, 1.0160877286805199, -2.348424410236524, 4.847930974869654, 5.130148606005819, -1.6161903603246632, -0.7085323965731211, 1.367333063139366, -0.11556167253598328, 3.2746733960037506, -1.0375584916520029, 0.09966718711009966, 0.9426609978394732, -3.644579071262504, 0.24833421880540532, -0.8679327520711272, 1.9411291172235816], [0.25755753689236277, 3.421138692552491, -0.21348387271814676, 0.34964680267121, 1.2455700164911132, -2.3754944254530947, 5.081950585008092, 5.074678578738954, -1.8110388999568905, -0.6030112390434672, 1.302417408339836, -0.005782670634291684, 3.4175163421449612, -1.7002625041891997, -0.324185828717952, 0.7808115088588621, -3.636512835130201, 0.2692671490735709, -0.7328226657682354, 1.8009786015569127], [2.658540307330671, 3.4319706824653067, -2.137327236348121, 6.793549413588766, -5.696349151565906, -3.167087408704219, 1.73665972326734, 6.243713196624143, 4.822977030121558, -3.5964042394018256, -2.042975290302948, -6.086953232981698, 6.911255331104925, -4.5907607101987695, 0.19488182840235696, 1.678815081705505, -3.51351505819673, 2.4444662083943123, -6.181414518619246, 1.5164955131253652], [-4.090089701207628, -9.089654716308754, 0.38117470200263903, -0.7509912770033533, 4.077763819023057, -2.809459484507622, -0.4517433113970138, -6.707825596210446, 3.4305521125076748, -3.6323974713798117, 0.9000145998451055, -0.1413703372708662, 9.17050529142394, -4.493173692326769, -3.2917553332398253, 1.6593822380926118, -1.3762897739835651, -5.956153786373304, 4.104450395099989, -2.1061561654060412], [0.8698729430251754, -2.4562771102635157, 0.7681509854866803, 1.5622846137984423, 3.4517829615467366, 0.3473177831207622, 0.06930902149762301, -1.0459743850946277, 2.1072722278722393, 1.1072682979528217, -0.7097786557018634, 0.6288031751651779, -1.5813714642007475, -2.4838511483464063, 0.7252756640239327, 0.4933357606340721, 1.9730169038749499, 1.8923539547897932, -0.8223485896916478, -0.6490642581831603], [1.0877042269465873, -2.4441171314536914, 0.8509280437661172, 1.6954462808764663, 3.007601345412252, 0.53479575568231, -0.12082855501188766, -0.9040605623403617, 1.9407095450937883, 1.1044855322582778, -0.7692682078826262, 0.10787162370439667, -1.723006465863131, -2.3318911675948715, 1.0643888407694735, 0.09365411548705853, 1.8238366177181768, 2.19159760133605, -0.9837415925733627, -0.22998299452294074]], "Lambda": [[0.4922726433532088, 0.7791640852306518, 0.6204775248286719, 0.3324969695949602, 0.3187555016603775, 0.5669092979076461, 0.33685093168066416, 0.5799422033776306, 0.4611043202180596, 0.8563589887512889, 0.6586537396536117, 0.8569183391956149, 0.6100253681443243, 0.6870272439735644, 0.21180415558006427, 0.3167949090030955, 0.7187476947216669, 0.3748536831757394, 0.5573167163280864, 0.4550648249601671], [0.4894721696677488, 0.7077548628932572, 0.649412655354332, 0.3713961164174819, 0.35745363785680656, 0.5924801121578083, 0.35186621057828127, 0.5658214904607606, 0.486147894633758, 0.7796760808905975, 0.6442954347742491, 0.8002824411377266, 0.6327293596881851, 0.6424692147855356, 0.2434699779928252, 0.35395707424096023, 0.7767096859822463, 0.4043117773545848, 0.5653619563958544, 0.49874174230636054], [0.37556614542621164, 0.3955962771748888, 0.5071487179656224, 0.7229817036733404, 0.5195772902842779, 0.6210074308253385, 0.3560783940237992, 0.7866579288797383, 0.5569497301546709, 0.7259369853958081, 0.3122188824911415, 0.5141104748621368, 0.6717652006437602, 0.3743463499452501, 0.37174441675196657, 0.6366069973022344, 0.6989919238804306, 0.40436637868436975, 0.5146716555947084, 0.33897465499708546], [0.39110551832569074, 0.40856870038924503, 0.5184855816073539, 0.6919728843793819, 0.5269409367549782, 0.616374609374682, 0.37238686940426163, 0.7312815509277436, 0.5462846342207042, 0.6497541307682353, 0.32826930311820535, 0.49080061318137075, 0.6410014861486326, 0.3973718527037703, 0.40397919159815815, 0.6469106438923299, 0.678096102475389, 0.419878500329116, 0.5268691688694569, 0.37128675706760345], [0.4584633259230659, 0.8362618698559616, 0.5380566764550402, 0.6262528164183058, 0.5138467126753807, 0.445072108772883, 0.9733455127114703, 0.41681378132849584, 0.3283889228061507, 0.7063745664063088, 0.3238277337726599, 0.4160475386894633, 0.5869168282340219, 0.514517383373709, 0.7153500551870386, 0.947670699248385, 0.3336162414041618, 0.2578620247488541, 0.5047105589984938, 0.4658939754598707], [0.517805693628104, 0.7574476624710025, 0.4585976693930632, 0.6386491555382933, 0.5189135200379004, 0.29991384812403166, 0.990541404342452, 0.45888093725351503, 0.36558904907326817, 0.6640467901831076, 0.3864773567150079, 0.4460944197436871, 0.5418527802259944, 0.5062568041129714, 0.6906128023981248, 0.8324621276828905, 0.36664262912357404, 0.38832463718490573, 0.5023112173801464, 0.4024930795047377], [0.5613528421184991, 0.6758724011485121, 0.5298604180804163, 0.9143054711673706, 0.6814022644170332, 0.40275849240000583, 0.6029490468444817, 0.32897851259614397, 0.5283381000408823, 0.4367174903526155, 0.5511312524546437, 0.4951537503565923, 0.5421092397909004, 0.3662767878653646, 0.3141954665992964, 0.4660267318276693, 0.26199857889168304, 0.24255782068281306, 0.802178852695163, 0.5233457308202544], [0.5416404741030485, 0.5863318760425217, 0.5320870112933215, 0.903739221022926, 0.6733290966233691, 0.39231586876830765, 0.5259874329549475, 0.443003692082183, 0.57803260256295, 0.38759644695150836, 0.47903422109276195, 0.41710311795832905, 0.5492769456766838, 0.4156042841670992, 0.3391939193131157, 0.46817040912236374, 0.2797200437291273, 0.30892370957917803, 0.7123310150907947, 0.4889517484091104], [0.4702555381360763, 0.5442620848191645, 0.6833430875078561, 0.6533860050782789, 0.4478745356213499, 0.2947596536555164, 0.590212764988793, 0.5895113246860009, 0.6047518114697773, 0.29960388216614775, 0.37969638292523206, 0.2554538723835814, 0.43923401951148017, 0.5864233768363375, 0.30585269383058883, 0.22603731764743695, 0.47082138079554414, 0.4829725352841409, 0.4357552717700188, 0.32191420085381267], [0.4960527626047321, 0.5339806762846321, 0.6381846676029578, 0.646856659259821, 0.44166249189759693, 0.3646289441752105, 0.5155263326836835, 0.5412292844115302, 0.564327573858733, 0.31636758353064615, 0.37051614045627757, 0.277704276706071, 0.5036192109619898, 0.5846474167868891, 0.35135692338529995, 0.31044749354799345, 0.5050307876317849, 0.5995259215758756, 0.43531407042696685, 0.3363851603841032], [0.470080060402655, 0.4513569863547605, 0.2312653296357914, 0.29608467325256466, 0.27759581282843176, 0.31914602730955405, 0.32334559901102633, 0.2691779992287438, 0.35522072379711545, 0.6840720170818878, 0.6857586921421523, 0.299599461951292, 0.9205962808084835, 0.7895520398878014, 0.45905193475392425, 0.5157471498861899, 0.35127143408912537, 0.6516342350261626, 0.4808878286662632, 0.29049170165450877], [0.528890594950132, 0.4212610857260505, 0.3054337402098807, 0.332263850756958, 0.29591603270668637, 0.37640990648418027, 0.3356530810417344, 0.3371742937290137, 0.37544824146795547, 0.5805457939708206, 0.6037130804961354, 0.3643842824269335, 0.8708895109209033, 0.8047791184680995, 0.42375860612964567, 0.4697728285880063, 0.36749151342187086, 0.6514801884072562, 0.4735875904087739, 0.3000281775995945], [0.3085086643526725, 0.3633471555170204, 0.3597507628035508, 0.663988001932201, 0.5335709798690526, 0.24460668410499714, 0.2573053360369767, 0.38257442335217495, 0.34853949950048896, 0.30921360272324844, 0.3038453841048245, 0.1938247599090284, 0.3834098495584346, 0.4813246958145756, 0.3205106206932002, 0.5112194447096219, 0.31791235664306045, 0.4626856968654165, 0.1729679497241647, 0.8556670553478457], [0.3291573034259827, 0.4597560742340191, 0.34561461774740526, 0.6714573150115192, 0.5338964938801897, 0.2785075427148777, 0.31655225130573855, 0.3895628287051354, 0.3274925062871516, 0.29717604901464545, 0.3764768101257632, 0.24270515787555902, 0.47219231729123784, 0.485942309550228, 0.31995548101605525, 0.48903848045593934, 0.39100610760066384, 0.519794679146364, 0.1679807847230193, 0.7897255442185953], [0.6265319317001568, 0.3059181871083014, 0.2954763346473516, 0.4375641356774115, 0.3340517367386807, 0.4260089258630612, 0.198900814182278, 0.32009264162511714, 0.6015359005724925, 0.4407672468218361, 0.7110442992558366, 0.5690362095850745, 0.4542920985116495, 0.6411157006745067, 0.3196124854221651, 0.36205368820258876, 0.29357122528587953, 0.3199168456993668, 0.543416896327089, 0.4790197193459583], [0.6012816653955932, 0.34422471940557314, 0.3442706211714211, 0.4374056276633316, 0.33583788313774926, 0.4446694980033779, 0.20691114110528155, 0.3640558920396083, 0.6226596435701823, 0.4798609343955043, 0.6962775963967408, 0.5860563748023394, 0.5016871218639462, 0.6493429148077289, 0.32747461157271046, 0.37191506839902794, 0.2896144160116347, 0.34538877424573855, 0.5838552357607483, 0.4787678657700498], [0.2861455614097071, 0.3158831577777791, 0.6642106368732784, 0.33871570692331493, 0.2963261571178633, 0.28368364704041776, 1.283380084218538, 0.6113965166333253, 1.051659080040891, 0.31259156400815796, 0.2528684769320721, 0.2314571292210509, 0.14991016636672283, 0.40925474974040843, 0.5251663297383896, 0.5889330929075697, 0.34125857144371496, 0.6681958866327486, 0.5038983604002697, 0.6439181351916037], [0.306999475614524, 0.2830248382443201, 0.84866808066178, 0.365822908679352, 0.38205855869312455, 0.3776552360355069, 0.9568871015468206, 0.3563458260376345, 0.4666540514057355, 0.1774375280835847, 0.42567011290270784, 0.5904407326508758, 0.21356811135866124, 0.22712923795220055, 0.5531611073666869, 0.84944735418602, 0.2531070275410276, 0.3257223253535994, 0.35117245636724603, 0.5691138655818914], [0.5215523676253497, 0.2304248179699797, 0.26318800158857586, 0.35559416369072555, 0.26811132093156415, 0.2545491441272238, 0.39769928074787436, 0.28652624046762065, 0.3768826652909966, 0.35185303687288244, 0.2805598870471977, 0.38666550480738443, 0.4220708912827529, 0.22047674895069488, 0.38120438845725574, 0.3034757286843412, 0.2515756632608569, 0.2950201536235825, 0.7237706626080156, 0.42004402292783527], [0.49488917442969527, 0.240324598170882, 0.24860633578279598, 0.3202219210194663, 0.2614640826302292, 0.20997161722011573, 0.33889915095214873, 0.261232144735016, 0.3629422426652795, 0.3376532940687293, 0.2875363131976886, 0.2848980950713365, 0.3535686811058515, 0.21174910727007235, 0.34313997961564496, 0.25419391060928503, 0.20571067645129543, 0.27912907888404753, 0.6994520285900228, 0.40411080655726667]], "G": [[0.21265463872558255, 0.2547944379537521, 0.25555468867907344, 0.27699623464159184], [0.2986616769515643, 0.26458744889930286, 0.21010893759478877, 0.22664193655434398], [0.18378779532497802, 0.15531936396552662, 0.30739674892085916, 0.35349609178863556], [0.2596687042897331, 0.22804086216918149, 0.23656648876107594, 0.2757239447800095], [0.09990247953009347, 0.09681093624010557, 0.36889748501197306, 0.4343890992178283], [0.1365686684581236, 0.11357975585337912, 0.3622729631209709, 0.38757861256752707], [0.3491892837909422, 0.15114347725089483, 0.22165945991242142, 0.27800777904574214], [0.2644361502958345, 0.36536370570791243, 0.17703841920396307, 0.19316172479228996], [0.15072553958302337, 0.13115286389309536, 0.32328185741981436, 0.39483973910406595], [0.30595163594960223, 0.23035483713274033, 0.2047413203267274, 0.2589522065909301], [0.06213657906648311, 0.05521931775055811, 0.4165921310819924, 0.46605197210096605], [0.18884083302457771, 0.13635167439075327, 0.31341845241275945, 0.36138904017190954], [0.1722494104429518, 0.1278939343752457, 0.3199392591350418, 0.37991739604676034], [0.3184824904895058, 0.2725494525598439, 0.1939667750699566, 0.21500128188069392], [0.07127996793690419, 0.056256827705341884, 0.39848525904482124, 0.4739779453129343], [0.30891899054668986, 0.25342453844008983, 0.19989896803030854, 0.23775750298291154], [0.23630106121327782, 0.22225441796378925, 0.2494188494757123, 0.2920256713472202], [0.3370762876771068, 0.28505099529691935, 0.17412877506146754, 0.2037439419645062], [0.15936720502707613, 0.1377069777736434, 0.33535038486551705, 0.3675754323337635], [0.26968161149162634, 0.248180846123801, 0.21936579884096374, 0.2627717435436095], [0.3908767878341785, 0.30739109655623587, 0.1393269489235675, 0.1624051666860184], [0.1348780296643655, 0.0915161090512557, 0.3431125847746149, 0.43049327650976366], [0.25275107217702575, 0.16561706155267236, 0.2634593277875854, 0.3181725384827168], [0.28091161514157414, 0.21478242721668886, 0.21981132307079512, 0.28449463457094204], [0.18555471437658994, 0.15082974344582042, 0.2960064785082156, 0.3676090636693741], [0.3026339055905187, 0.23674031594106643, 0.19453535668645514, 0.2660904217819596], [0.07783838435767285, 0.061836237811040355, 0.40395148710065926, 0.4563738907306282], [0.190403755570303, 0.15714551130171564, 0.2966440452219121, 0.3558066879060696], [0.364845961905479, 0.20649193879881056, 0.18405773649680543, 0.24460436279890427], [0.19120448538920842, 0.1536904736298359, 0.30257654088306724, 0.3525285000978881], [0.1270498173768225, 0.10860249875005448, 0.3548124349196591, 0.40953524895346377], [0.10254083820640036, 0.07940473393324865, 0.3729239424217249, 0.44513048543862604], [0.235716725405834, 0.20255025223739914, 0.2581808808409523, 0.30355214151581505], [0.07876670562662845, 0.06810111324004323, 0.3933587888063506, 0.4597733923269779], [0.2368399576445186, 0.2042890839736288, 0.25647189379802043, 0.3023990645838318], [0.09443267182429728, 0.08397297524441047, 0.37353236580562504, 0.44806198712566664], [0.23220205008762487, 0.1854396947192189, 0.2576360642559245, 0.3247221909372314], [0.2859552038658292, 0.15129298426914073, 0.25449773321080216, 0.3082540786542291], [0.43084328988118437, 0.09702130167318546, 0.21574389257275875, 0.25639151587287135], [0.1380049235401131, 0.12477635801826628, 0.349551421509735, 0.3876672969318848], [0.215710260437124, 0.16394145990252926, 0.28784440074096845, 0.33250387891937877], [0.3280227526444249, 0.2804544763306114, 0.18131525644514007, 0.21020751457982348], [0.16509741000699515, 0.096066309186681, 0.34686171861442333, 0.3919745621919005], [0.11268855236348051, 0.09183922832492092, 0.3673218463799422, 0.4281503729316569], [0.2080337537382944, 0.18168040547841216, 0.27340639780109577, 0.3368794429821983], [0.2721333750803623, 0.24349212491239614, 0.22390892409679247, 0.26046557591044867], [0.535436961394001, 0.2708282104055733, 0.08471945071067442, 0.10901537748975146], [0.2670754192865753, 0.19480713177092804, 0.24068471450593987, 0.29743273443655655], [0.24421551177173553, 0.26987069553810195, 0.22520600108277708, 0.26070779160738533], [0.31687625538511055, 0.2965982994369854, 0.16934475124054463, 0.21718069393735986], [0.337737859181641, 0.3393593352626008, 0.15864393173819927, 0.16425887381755938], [0.27026993302610186, 0.2018782026155958, 0.24717164725942123, 0.28068021709888163], [0.4224210636821117, 0.40143590340355745, 0.08117288054524859, 0.09497015236908156], [0.08883840192439098, 0.10764909179475608, 0.3890571404615442, 0.41445536581930864], [0.10940256794345153, 0.10412370373083346, 0.37537190140582066, 0.41110182691989466], [0.11834811376107783, 0.09606196400516838, 0.3502194710360418, 0.4353704511977123], [0.0710028556242017, 0.056082694124553564, 0.39985648863995854, 0.4730579616112857], [0.5024332541775777, 0.11127856630228751, 0.175239518531532, 0.21104866098860306], [0.23473897101054184, 0.220723969127545, 0.2567455422235195, 0.2877915176383936], [0.16162134885196933, 0.13694900481858782, 0.3223524679746599, 0.3790771783547832], [0.2999569242491782, 0.23617846665379152, 0.21640077464761595, 0.24746383444941383], [0.2012024200766319, 0.16272097051535192, 0.29067871288407787, 0.34539789652393865], [0.23928712514917952, 0.202290494590033, 0.26536501936855456, 0.2930573608922324], [0.19336461634546492, 0.2724672795476863, 0.24451884291069767, 0.28964926119615136], [0.3187474306964144, 0.2540641250185992, 0.18926416965795806, 0.23792427462702856], [0.1236671340806243, 0.11854953962143575, 0.33572042828136467, 0.4220628980165756], [0.21783103239031873, 0.16954895049976743, 0.28080366109272564, 0.3318163560171894], [0.1294747970944707, 0.12254015793703824, 0.33938918266882717, 0.40859586229966377], [0.3243380366387384, 0.2907155777300644, 0.176466231073396, 0.20848015455780025], [0.23536332164226104, 0.19629709739593174, 0.26623341208067336, 0.3021061688811334], [0.2172709543202266, 0.19206402912671514, 0.2931268761448484, 0.29753814040821036], [0.08920471505029574, 0.10558109872210697, 0.37271364019350417, 0.4325005460340931], [0.11554620929173806, 0.10162337244029303, 0.36568658843482127, 0.4171438298331475], [0.26750261930640895, 0.22394936751281683, 0.2360128726242859, 0.2725351405564877], [0.2036833732206177, 0.2072548653723601, 0.2594394078802757, 0.3296223535267475], [0.3326034950998057, 0.2925670175476414, 0.16825719092362074, 0.2065722964289324], [0.20484563817981916, 0.2000386564112703, 0.28312670051245015, 0.31198900489645937], [0.08809616075327932, 0.07593184446896481, 0.37780150160520515, 0.4581704931725501], [0.3579664038027021, 0.07244899728219642, 0.2679254100120329, 0.3016591889030682], [0.43754175092362885, 0.32424993804829233, 0.11162121779905085, 0.12658709322902917], [0.08740334420575797, 0.349229388515418, 0.2592823278970084, 0.30408493938181513], [0.26490718806631464, 0.12814133224932378, 0.28735513075573876, 0.3195963489286215], [0.3216774640179681, 0.26059791174023217, 0.19417291206174872, 0.2235517121800504], [0.1870449738440116, 0.13233515629692325, 0.3095101849889156, 0.37110968487015067], [0.30712910575949537, 0.2839241728649741, 0.18335986628774065, 0.22558685508778936], [0.14333382618028814, 0.1364980577453625, 0.3274370169408632, 0.3927310991334862], [0.2612448863489922, 0.22212869525109016, 0.23178097924928948, 0.28484543915062904], [0.28280628010330505, 0.19533700072340313, 0.22799665157987947, 0.29386006759341177], [0.18098113946038355, 0.09654367843431798, 0.3206911685837394, 0.4017840135215592], [0.028789879789952396, 0.36618349883278783, 0.2875435189226168, 0.3174831024546427], [0.12230420739957881, 0.14913193713927198, 0.3407116604081719, 0.3878521950529774], [0.11710124121730302, 0.09962315369877145, 0.36046038493253624, 0.4228152201513885], [0.14952276550650062, 0.13479221306703712, 0.33793986667442366, 0.37774515475203885], [0.1832065482457739, 0.16463339668620777, 0.3014087623735603, 0.3507512926944582], [0.3150604378592105, 0.27271909440325937, 0.189808029998286, 0.22241243773924496], [0.07628946146007907, 0.06166510591219037, 0.40226023819243323, 0.4597851944352969], [0.06634026382036493, 0.050173713770323695, 0.40069271623351593, 0.4827933061757963], [0.23161714606401143, 0.1900198940113124, 0.26078927920515904, 0.3175736807195174], [0.24738960608804417, 0.1957115330307987, 0.24511261563324416, 0.31178624524791354], [0.0729207582460422, 0.10607485940826869, 0.3953995970349893, 0.42560478531070023], [0.2535938788676486, 0.2042890295087029, 0.2522032457652587, 0.28991384585838975], [0.5682490619097881, 0.09962302220992691, 0.1541057976951691, 0.17802211818511554], [0.19952045626849493, 0.16719702918875498, 0.2920131652523728, 0.34126934929037767], [0.08987586575253494, 0.06770048224060865, 0.3808006300705957, 0.4616230219362612], [0.25924777506344027, 0.1970804616126931, 0.2587521916061433, 0.2849195717177243], [0.04455672368606072, 0.03739665035180764, 0.43940334526050334, 0.4786432807016289], [0.10400091850703921, 0.07507005141737055, 0.3646345778450004, 0.4562944522305893], [0.22092010135287976, 0.17831797610191957, 0.2889065433925308, 0.3118553791526684], [0.38815616569575623, 0.12877436670244913, 0.21678790046332316, 0.2662815671384713], [0.08796073549084422, 0.08159488455346066, 0.3869379836478274, 0.4435063963078677], [0.3354316912377949, 0.20168653742140774, 0.2086384392474755, 0.2542433320933224], [0.3964055122755191, 0.32528608593302716, 0.12953874695535558, 0.14876965483609758], [0.12278545064873103, 0.0973897292419318, 0.36522929847621094, 0.4145955216331263], [0.07007879427875927, 0.05878378646751802, 0.40520069124961483, 0.46593672800410896], [0.10179578404948371, 0.0900489814961478, 0.3764318513672204, 0.43172338308714775], [0.14626142938267564, 0.08089798997563963, 0.3574189426067473, 0.4154216380349376], [0.20916724395662503, 0.20735634654216228, 0.26689482844654083, 0.31658158105467216], [0.21219729421372346, 0.1865329262886549, 0.2811798732017747, 0.32008990629584677], [0.20418484591686528, 0.175338278292594, 0.29367138431507067, 0.3268054914754695], [0.3415357925359345, 0.3232999437985675, 0.15789909059432078, 0.17726517307117703], [0.30459941897653303, 0.2700285838897523, 0.19447868597431076, 0.2308933111594045], [0.5240979288029336, 0.0755316783070842, 0.171483939907681, 0.22888645298230081], [0.10785300411154497, 0.0783941565034041, 0.3751100337859112, 0.4386428055991394], [0.23118953847511053, 0.12414923730728669, 0.28513711248022255, 0.35952411173737997], [0.07176694677953159, 0.06225909108675252, 0.42415528204473535, 0.44181868008898123], [0.25636838049471583, 0.23998193623179015, 0.23160989913309152, 0.2720397841404026], [0.26143271485709296, 0.19979077960169433, 0.24117131530323802, 0.29760519023797494], [0.20189730009992835, 0.2030768866034389, 0.2868017411041465, 0.3082240721924857], [0.3225954341886564, 0.2960113482990768, 0.1840653921694324, 0.19732782534283386], [0.25604869657380086, 0.07477317122389315, 0.31886124349054207, 0.3503168887117637], [0.14682895347790176, 0.11848056724129936, 0.3333177368645106, 0.40137274241628795], [0.42418557396149603, 0.3951721569054976, 0.08988617485814422, 0.09075609427486142], [0.24308836612905693, 0.19879653303897007, 0.25858045250776435, 0.2995346483242083], [0.04477200408880591, 0.042362418327059954, 0.4053760986125801, 0.5074894789715544], [0.13342989622034723, 0.11287003925374728, 0.35015257740540334, 0.40354748712050176], [0.25934045306213205, 0.2497651652997382, 0.24090218395903887, 0.2499921976790908], [0.3441343743238764, 0.3097583626719809, 0.16140213766730108, 0.18470512533684189], [0.2132807382374086, 0.17599179079419638, 0.29020158564107845, 0.3205258853273159], [0.38934721500937736, 0.31303970099084166, 0.13234217694360575, 0.16527090705617548], [0.10871360933614786, 0.0780875944307816, 0.3866923742905115, 0.4265064219425593], [0.08241838694372434, 0.07078042051276527, 0.38040537023264115, 0.46639582231086857], [0.12217348765905142, 0.10071841352194374, 0.3549701594571176, 0.42213793936188737], [0.13888240768899968, 0.12854672910377601, 0.3264401740015215, 0.40613068920570305], [0.1942691195368903, 0.26016578937600315, 0.23917850303851276, 0.306386588048594], [0.23347032197119005, 0.22029577133022094, 0.26439441975817146, 0.28183948694041777], [0.21195692398757063, 0.2154408457165379, 0.290420416319435, 0.2821818139764567], [0.2505841923106637, 0.20081558383356068, 0.2510495912764221, 0.29755063257935255], [0.11213473337272005, 0.08934466807065858, 0.37828914676447356, 0.42023145179214766], [0.05799068867555047, 0.03899963410237119, 0.43306402826651946, 0.4699456489555579], [0.2785481052659119, 0.2718358261786101, 0.20743253728895353, 0.24218353126652425], [0.3453553818917589, 0.3217390626319423, 0.1615710159424472, 0.17133453953385103], [0.32174533892677354, 0.2639299364872765, 0.1886382136764911, 0.2256865109094591], [0.10940460935415235, 0.09302367006123122, 0.3717297103401046, 0.42584201024451157], [0.17474632997402023, 0.07997828934297667, 0.33411697452255584, 0.4111584061604471], [0.17048450160619916, 0.13587442590729018, 0.303749712945277, 0.3898913595412336], [0.24650499075993093, 0.18957686485842098, 0.24884478944311475, 0.31507335493853356], [0.33709782337208777, 0.29100622728083636, 0.17421149948058376, 0.19768444986649247], [0.0635402688546081, 0.05259538478999359, 0.41112393378707945, 0.4727404125683191], [0.22340585491926904, 0.18781429767952845, 0.2688588915182476, 0.3199209558829544], [0.2250111553466059, 0.15946260323436715, 0.28538394190658944, 0.3301422995124376], [0.10096310385935466, 0.05518078274308609, 0.3849568567638717, 0.45889925663368814], [0.1806895205867878, 0.1141928951148101, 0.32624426951500296, 0.37887331478339953], [0.32437538941227595, 0.29519761393658067, 0.1758475629247657, 0.20457943372637824], [0.08927359246915086, 0.7508777613636428, 0.07280370147162538, 0.08704494469558088], [0.3866162012633356, 0.3392056521927371, 0.12281453384803298, 0.1513636126958937], [0.11202585991984644, 0.0981138876016568, 0.3706086629324072, 0.4192515895460894], [0.23700945088987335, 0.1991046207990506, 0.26010825179308783, 0.30377767651798865], [0.18379195570351878, 0.15495331387811812, 0.3069000769445163, 0.35435465347384665], [0.21263040366566327, 0.18702429540230864, 0.28077775672152855, 0.3195675442104996], [0.22389838516666735, 0.1915310200734824, 0.2823579759203454, 0.3022126188395047], [0.06236428368179849, 0.08793606807298678, 0.4024076323775527, 0.4472920158676617], [0.40183829417220307, 0.2704173048156507, 0.14430807489087139, 0.18343632612127508], [0.15641652917436472, 0.158012382494124, 0.3086562449291413, 0.37691484340236936], [0.0988082678340212, 0.10396482681650702, 0.3590752491894602, 0.43815165616001195], [0.2384923095354575, 0.11373473472588792, 0.290544209222701, 0.3572287465159533], [0.10534864532523827, 0.04020148365419611, 0.4102761747465213, 0.44417369627404457], [0.18841107177508537, 0.18524840060888315, 0.2831446874836021, 0.3431958401324286], [0.16062285645879576, 0.1610399530552888, 0.3004031660485097, 0.37793402443740565], [0.37557070234447665, 0.3378511097278336, 0.1310090347791172, 0.15556915314857248], [0.2925988591289432, 0.18654558388124648, 0.2299043346163589, 0.29095122237345183], [0.07333897829637408, 0.05760457484214062, 0.4105127965519696, 0.4585436503095167], [0.20764915699306138, 0.18330044076862037, 0.2778682394721981, 0.33118216276612084], [0.1470332808012631, 0.24350095715070122, 0.25896717040562856, 0.3504985916424068], [0.2743844579220786, 0.2057157011262689, 0.23399042712401186, 0.2859094138276414], [0.26619084210368116, 0.24045952308534232, 0.22327272891613573, 0.27007690589484096], [0.6700737669840602, 0.11444677519917341, 0.09468163475013301, 0.12079782306663242], [0.23872130060995556, 0.19515743951326395, 0.2592012191939765, 0.3069200406828046], [0.23515953164485354, 0.2031423231744523, 0.2695540100449554, 0.2921441351357384], [0.1168115799542888, 0.07358119968624584, 0.3501448742741401, 0.4594623460853259], [0.11439732642443293, 0.07138336593555969, 0.35731618408944416, 0.4569031235505631], [0.3029150630219702, 0.23565261226579437, 0.21013312529453324, 0.25129919941770207], [0.32280699138033947, 0.2933759079497219, 0.18894476220168271, 0.19487233846825552], [0.29111249147775525, 0.2621906968994657, 0.2062222706574101, 0.2404745409653681], [0.13539326607441846, 0.12247730956885974, 0.3409624297577196, 0.4011669945990021], [0.28666530242071153, 0.2609585807467219, 0.20732484458532358, 0.24505127224724269], [0.12598209941163604, 0.099790403694341, 0.3570210266305538, 0.41720647026346946], [0.2307745216116603, 0.21108517262678517, 0.25814569457067643, 0.29999461119087883], [0.5370572795288701, 0.24446060357438687, 0.09824467290448685, 0.12023744399225637], [0.5597401919790128, 0.06497170047004212, 0.17037615408002788, 0.20491195347091734], [0.18902495198201685, 0.3262378515827283, 0.219121344230307, 0.2656158522049476], [0.354571474819206, 0.323513297679163, 0.1461606109736687, 0.17575461652796293], [0.27498874297800857, 0.24548062174055477, 0.22387901647219902, 0.25565161880923754], [0.1254348009301011, 0.11714228199846181, 0.3536823794630024, 0.4037405376084343], [0.14913593892977844, 0.15346974552522194, 0.33005631490789283, 0.3673380006371068], [0.12896043624544698, 0.10620199059741911, 0.3553977342335529, 0.40943983892358043], [0.12809494647236921, 0.12377011072430355, 0.34481626457130227, 0.40331867823202505], [0.23913020080516123, 0.12686874094732628, 0.27726946909069333, 0.3567315891568188], [0.147651583233104, 0.13865718061485482, 0.33810000615427194, 0.37559122999776995], [0.2683232578576812, 0.22425861402072006, 0.22575006616952223, 0.28166806195207605], [0.1558841567849195, 0.1174367374641618, 0.3180179327325254, 0.40866117301839316], [0.2688526588312601, 0.2252426705397384, 0.2335766985515971, 0.27232797207740456], [0.32912687038244637, 0.28253704551097764, 0.1786643979587276, 0.20967168614784834], [0.32986660537642004, 0.2589180659577253, 0.18711594490979228, 0.22409938375606214], [0.154829953452744, 0.08752162596808365, 0.359722371069183, 0.3979260495099895], [0.187698154560821, 0.19346104371150524, 0.27765460732989616, 0.3411861943977775], [0.18542839341481832, 0.15070618088503224, 0.30014775158446433, 0.3637176741156855], [0.2017067265561221, 0.16624754819907703, 0.2889104864142197, 0.3431352388305812], [0.3544229344133584, 0.31301280997599845, 0.15270267119222572, 0.17986158441841676], [0.2909716326727851, 0.19731944947038732, 0.22632990463931998, 0.2853790132175068], [0.20490699966596945, 0.17976411748121557, 0.28360058593935744, 0.33172829691345723], [0.050800100079964404, 0.10176224698236368, 0.3854395565787806, 0.4619980963588907], [0.12452339574459223, 0.11027006025344077, 0.36031985728834265, 0.4048866867136242], [0.20576324679290695, 0.2109903182314899, 0.2749533295314819, 0.308293105444122], [0.25184599714430644, 0.2690378837674974, 0.20979855919405996, 0.26931755989413647], [0.130263110605207, 0.120998338982923, 0.3408267394285318, 0.4079118109833383], [0.41751642743049144, 0.11581251882043332, 0.21523002682504605, 0.25144102692402925], [0.07563643666095464, 0.06822675174030787, 0.39942183037655343, 0.4567149812221848], [0.1886851599151393, 0.13108318401563973, 0.2907124018782721, 0.38951925419094835], [0.1822303088163229, 0.1654042735597318, 0.3058670755065712, 0.3464983421173739], [0.3220505118665189, 0.30211883741325, 0.17679675305958628, 0.19903389766064458], [0.4021842438471726, 0.32177057286062016, 0.12432702838813359, 0.15171815490407428], [0.15863279312885753, 0.15245261497358362, 0.31820086173413425, 0.37071373016342485], [0.04053263022841614, 0.07224291480699326, 0.42202873831746257, 0.4651957166471283], [0.15725762679614846, 0.10659458497857688, 0.3381996499656392, 0.3979481382596356], [0.2438964436228689, 0.2410668446790032, 0.23881840155513276, 0.27621831014299525], [0.2562168875518662, 0.21081932504449763, 0.22454667507159368, 0.30841711233204233], [0.24614952941506338, 0.19715961774581328, 0.25398497695812383, 0.3027058758810005], [0.08958596256880356, 0.12896088351711033, 0.3796394153111968, 0.40181373860288955], [0.3747492516624209, 0.2727019436704228, 0.1626138075802216, 0.18993499708693531], [0.12974364264982463, 0.12477236835249757, 0.35507122881137465, 0.3904127601863028], [0.27188783580496273, 0.22037506213486618, 0.2374921684664676, 0.27024493359370355], [0.24356558220439004, 0.2149955315699316, 0.24141621959732137, 0.30002266662835764], [0.3594272034996167, 0.3229244553670962, 0.14387780062718036, 0.17377054050610655], [0.3092785052608575, 0.06717617300920012, 0.2998961772971084, 0.32364914443283344], [0.1319248339140142, 0.10609924810328998, 0.35192187588571405, 0.4100540420969814], [0.2792697417618371, 0.25344415359395606, 0.2158638399747459, 0.25142226466946066], [0.13255600569993345, 0.10662909638230722, 0.34674279712897876, 0.41407210078878126], [0.22715866329471354, 0.20789718082990902, 0.27227239026690797, 0.29267176560846947], [0.08156143311113748, 0.07471651746595065, 0.3794208809123877, 0.464301168510524], [0.09166970694407854, 0.06783758102311604, 0.38324963417859553, 0.45724307785420876], [0.1543576556463853, 0.11142376400156209, 0.35105433000356984, 0.3831642503484827], [0.3759724210066466, 0.35772197842003495, 0.12716841892860203, 0.13913718164471683], [0.15742897146321005, 0.12214030124287222, 0.32533983894432006, 0.39509088834959816], [0.1701898675552342, 0.14113046743907473, 0.3335364359192623, 0.3551432290864283], [0.049440044038518254, 0.09991547922583457, 0.3919141129001828, 0.45873036383546395], [0.3482975818778834, 0.2888373602516023, 0.1635291728958373, 0.19933588497467758], [0.1809880344033447, 0.18099775584194844, 0.2995417027751448, 0.338472506979562], [0.15996889587975227, 0.20358546082952786, 0.28696173762756993, 0.3494839056631492], [0.08049153362928725, 0.08484086608336024, 0.39520314739366846, 0.43946445289368385], [0.08562887797811931, 0.07164890170816841, 0.397614572084986, 0.4451076482287258], [0.10056103852739093, 0.07837817441053505, 0.3710215837400406, 0.45003920332203307], [0.3506596795767868, 0.24006992963935544, 0.17969667310810886, 0.2295737176757485], [0.2738900607880107, 0.23431987945898972, 0.22827231206703347, 0.2635177476859675], [0.15516143301035112, 0.13287231793564871, 0.33766371690458963, 0.37430253214941017], [0.19479774277322792, 0.1016474642081405, 0.3165404950796996, 0.38701429793893155], [0.36164784123147303, 0.31415200266873855, 0.15100913380520004, 0.17319102229458824], [0.09580508722640337, 0.07588353770802461, 0.3716834836037505, 0.4566278914618213], [0.36304157368812584, 0.29523312779672023, 0.148586219434778, 0.1931390790803751], [0.1925581149850654, 0.10237477713802431, 0.31885172351753005, 0.38621538435937885], [0.15492842383475244, 0.13077305455909147, 0.3256330698203158, 0.38866545178584055], [0.3888553234166576, 0.34733797023903107, 0.12484885662091631, 0.13895784972339498], [0.22076278561618604, 0.20521829082406529, 0.27040329461201174, 0.30361562894773725], [0.3710949343058519, 0.3172200160190788, 0.13803803611350263, 0.1736470135615665], [0.2715698286535735, 0.20240840125991608, 0.22452375746211503, 0.3014980126243958], [0.41888829671463146, 0.31264392771539157, 0.11489222790067255, 0.1535755476693053], [0.12240612406850183, 0.10338805179784592, 0.36005457289459747, 0.41415125123905466], [0.10873710423753122, 0.06309760396469813, 0.3898096870942277, 0.43835560470354223], [0.3710716823112186, 0.3710373619461198, 0.11658016293945855, 0.14131079280320263], [0.283649083779221, 0.2522618306241392, 0.21461836817670302, 0.24947071741993773], [0.054610469462275206, 0.10248558047015321, 0.3680430440971615, 0.47