{"estimation": {"a": 3.9971797080215086, "rho": [0.1848632194319448, 0.18946856149241875, 0.3153731322306809, 0.3102950868449553], "Mu": [[5.450562681305477, -0.12075864121168596, -1.7272536709568018, -5.583472780426195, 1.8545124622624758, 0.18330993714694355, -1.7243958209831554, 2.8797332666389392, -2.474265090470597, 0.8548339483817471, 0.2636378039650192, 4.641040027796752, 0.4170704985430597, -5.097838664302285, 1.759542028231167, -0.26570422996584914, -0.6159865186472501, 3.45360285003551, -4.126113008171969, -0.8405497683670453, 2.3640312353306716, -1.1595759207036267, -2.114310329214456, -8.483365276461578, -1.2056255141910224, 1.795118501946381, -5.013311982342062, 0.9606695449362288, -7.038778345742634, -6.907491514253068, 6.295668736681889, -5.777796193106918, -3.351079977238559, -1.7447494556125298, 2.8393308128308257, 3.034919502124093, 3.8010764916937125, 3.747897004225034, -7.031432691902095, -4.740412877533567, -3.1435729475060015, 0.5293736045813662, 3.8263787327073704, 0.4691375966765205, -2.64242162878673, -0.299984497594747, 1.1138919742773148, 2.7552547434756645, -2.5709111955098365, -3.013107248318612], [5.306896251013793, 0.028791036394680145, -1.8481712104416967, -5.772214482588247, 1.5961771033066368, 0.24470413339350822, -1.5603985650963188, 2.8837529360316254, -2.5462168129192198, 0.85714891022548, 0.31185905612089415, 4.476992387820244, 0.4519201683866287, -4.736255185418094, 1.7752389932428967, -0.2562060934212487, -0.6192568767965186, 3.720713564411953, -3.9656342141009486, -0.7318425986299619, 2.7120918903972284, -1.1872612861730425, -2.076740425603513, -8.534679897494897, -1.2566291183400775, 1.8255315551664324, -5.098205295804501, 0.8619823746797602, -6.8793210904258, -7.041283746220225, 6.580286947632969, -6.533042998245433, -3.444257535357778, -1.732278778282229, 2.659098045183527, 2.927460087927662, 3.821183662793555, 3.7910572068222512, -7.555162316270771, -4.600329118473477, -3.1703333122344586, 0.5738664219621137, 3.7740662171083206, 0.07331952242703947, -2.6241610319990167, -0.5146015722713873, 1.0987793356224447, 2.7176642263412583, -2.509698775669196, -2.976477472185316], [2.7166293105558665, -2.6836003452053574, -0.16424772599868612, 1.0858719640174572, -3.2969179938228725, 7.258116809950321, 1.1916095655943004, 1.964464218069116, 0.527434624326432, 3.0864971142288233, 0.1330694271895747, -0.18830434541586488, -1.0936406386364004, 3.626432168136724, 2.5580118589447944, 5.465061650293319, 6.951731045577441, 1.1509940848111104, 0.7595073681708956, -0.8085494289753006, 1.4301519577608406, -1.1548700801647258, -1.091642567597724, -1.1012163589558213, -1.286116479052364, 1.2723853079721898, 0.3154348363237934, -0.5437351091205451, -3.5416898963880263, 2.4631268354389197, 0.5052014569637816, 0.3676080555577086, 1.3627058307443196, 0.2782627401874991, 0.5492435770900994, 1.8515083127685312, 0.9191226412130955, -2.098487705791495, -3.8354498376883113, 0.9510471542324356, 2.4788629036636878, -4.05489316691198, 1.0641794372018964, 2.2086277913517534, 3.924748682833994, -2.8815095044559107, -1.1182033735240542, 2.6890400645900177, -1.6251937919857304, -1.029419645388857], [2.5617651713714764, -2.9316218357531, -0.16678991306999807, 1.0858654753125352, -3.1489681668738587, 7.180434007750551, 1.2196844768302644, 1.794693293744329, 0.43146059515971086, 3.224654507798574, 0.23291240211524453, -0.024191889007243554, -1.2412603291600823, 3.7716348141633422, 2.4566158739400867, 5.593332222918062, 6.842259033852419, 1.114470678781306, 0.8192958900503587, -0.7804020983873515, 1.47878904229567, -0.7583975510281843, -1.205522749569734, -1.1653891577342503, -1.3312911137635715, 1.2596409038740206, 0.2695164196990916, -0.7544215256268266, -4.377384191956533, 2.414878454389499, 0.5699032543800714, 0.41733698409791015, 1.1879910014708481, 0.003818923043873902, 0.5171712347212555, 2.008317680230909, 1.1815644955241622, -2.1668219718942208, -3.7980051778998067, 1.0173126447694474, 2.4379356592690673, -3.930076395909048, 0.9720226463169577, 1.9530229155427725, 3.837728208262259, -2.857503953479843, -0.9619519862895156, 2.5968669268964177, -1.5547265464507805, -0.8793915457027424], [0.7514648856579493, 0.7469878707046644, 0.7863338699719697, 0.8982480089445336, -0.5252868302847288, 4.202240693191439, -1.453157531148635, 3.0297921694036773, -0.0570220092106187, -2.6823685630115706, -0.4461747428091022, 1.3868725088366125, 1.50499948242863, -0.551236052073324, 2.959975404970299, -1.3280148885532248, -0.6289778949181821, 1.9128237044509775, -2.9619754033950514, 2.654848929212685, 5.141112775922929, -4.672537530496808, 0.9309566551955096, 0.9703535532459148, 1.0037834529638063, 1.9637750131507266, -1.4752784290423284, 5.169653141005956, 1.5868582227988282, 0.32300573854064557, 1.3540087241732934, 1.1057024982700043, -0.6837431771229749, -0.011043944215979007, 1.5058961132923934, -0.478830062816246, 1.314223285267822, -2.903195069145316, 0.16597834996519478, 1.0995615547151039, 0.8286604024923884, 0.27829239012342594, -1.2202586557720287, 1.3847934063247647, -4.5676565865275585, -1.5556944031623265, -2.718680388171908, 1.5961869868588305, -0.45356689810579637, -2.6658383480723913], [0.8034618386249651, 0.7262541203066716, 0.8191991676615555, 0.770194686205301, -0.5460178072397064, 4.003412341067418, -1.2763011671605513, 3.3454395323546473, -0.08994651323109872, -2.942561930945886, -0.4108968234769555, 1.4295941458476962, 1.4574026380910454, -0.5884727703668944, 2.8912348789047937, -1.225424264434684, -0.6771250263333909, 1.894668563381478, -2.9928661122996627, 2.7184460768894114, 5.122635848874428, -4.617437196345883, 0.9086095875545611, 1.211961277614749, 1.0021863529366914, 2.356225855827908, -1.413715129448246, 4.924485940640594, 1.5621802312300674, 0.27492090641271244, 1.3685834223886262, 1.1178211972522774, -0.8113637884207923, 0.052355429446940306, 1.5930737884672, -0.3492814559207625, 1.4810220959457554, -2.967997235711629, 0.24537857955859657, 1.0605098169275589, 0.8121208499427214, 0.5954623318730912, -1.1656486751212813, 1.445023299199723, -4.26005055521323, -1.5036969924031032, -2.4834489937482744, 1.5886961852553974, -0.4132379715640253, -2.4352078350004014], [0.18744279958002721, -0.7483553349651192, -0.5623164465276456, 2.786641810173649, -0.3934376754234406, -1.164662760000677, -2.7647432764191433, -3.860986410406432, -0.5629325543326171, 3.3069952467215837, 1.3740335909854118, -0.13923606158755694, -0.8420799769227013, 0.5364461152331823, 2.980429587319693, 2.1344460193022003, -1.8299604252229236, -0.9173583450089482, -0.7078094653753378, -0.7546358539071466, 0.9025492127202321, 0.25787310447987, 0.8685137107243963, -1.3280964898379741, 2.137361325898825, 2.864831973106214, 1.4128118857186676, -1.276712304194847, -2.5379473780843944, -0.5343991672418839, 0.6236990605764637, -2.266524216262715, -2.224779275443617, 0.12266316641835466, -1.5458479121737327, -1.7766665952825054, 3.0365539947177775, 2.3420516801508855, -0.30477960352394945, -4.444659978392714, -2.591120704611633, -1.0742064197983752, 2.0040210454624785, -2.6032351390933846, 2.007245751582905, 0.33718015109193106, -0.46974377051177024, -0.8632315954946621, 2.18025880149769, 1.0369442943896707], [0.20443910669361365, -0.7491138364330597, -0.5451979255997847, 2.746467405669343, -0.30376811745445065, -1.144661379125868, -2.8214876001548133, -3.875612054673287, -0.6553966215506987, 3.2168813349717142, 1.5299562461947724, -0.1604942781229088, -1.5076253272290592, 0.5207551060062179, 2.9877245271984627, 2.109153176022822, -1.8056867596818855, -0.9170398674504253, -0.6902753570135057, -0.783661909099533, 1.019393244573866, 0.13229921006297674, 0.8432266789516097, -1.3698640329776206, 1.9411927809331604, 2.902238436268483, 1.3650928822544148, -1.3061693852780147, -2.5294733703715795, -0.588088083549622, 0.8610346680858674, -2.3138473177651924, -2.2093286479868888, 0.15471480413031308, -1.6299831605358788, -1.7803297206326765, 3.6490392185545124, 2.2168350188878305, -0.2967382718504069, -4.468832767814505, -2.5329305425113096, -1.080882408758693, 1.974562599677262, -2.7871750576193284, 1.982109800731849, 0.6262560448093972, -0.49829633134665824, -0.7897753194961835, 2.218757226234712, 1.008303103973985]], "Lambda": [[0.2850255924458657, 0.5896365951816944, 0.43776303700265506, 0.31791858226701186, 0.2710223221795253, 0.24417848693151886, 0.6145147610096732, 0.9867207667206416, 0.3507531151733631, 0.6384482886074307, 0.30016596534233536, 0.25136157359857336, 0.38733781044870225, 0.20765423653666396, 0.5991023700859482, 0.6031792941188674, 0.9977201996847442, 0.2287988996476583, 0.20671123391413487, 0.4064829158412034, 0.27241943617764036, 0.5737251176522633, 0.424032054998587, 0.4073305462556802, 0.6643511013271951, 0.37293851540357503, 0.3719050952194175, 0.2562416520943549, 0.4126547177495007, 0.35172782970833255, 0.17280235794760096, 0.11748699145471121, 0.3798099539663376, 0.45341363359382536, 0.37912946066810094, 0.28342977417239507, 0.2704600465885628, 0.2497185559740745, 0.1768365867461424, 0.4662898192439288, 0.5090655178094257, 0.8847272129103642, 0.5041103071381619, 0.45170340939992376, 0.6439156819408223, 0.35671212249039436, 0.44206495497491194, 0.9357062889073441, 0.6026215405812589, 0.20676914200105495], [0.27496503294614916, 0.5782627340369487, 0.4328783045946093, 0.31755161942483057, 0.26954172736857546, 0.23775203487647484, 0.6064802662881862, 0.9943317015803339, 0.3361534602883371, 0.65119708876879, 0.29674122670216174, 0.25296801811918906, 0.383332387665144, 0.2024050085786108, 0.588101401613072, 0.5888538827847712, 0.9699456917839637, 0.21960281006191779, 0.21519538342561764, 0.4015981588628377, 0.262061392152546, 0.5567217856572874, 0.4343821868389122, 0.3946569468828265, 0.6693369817481692, 0.3824403235981754, 0.3675551658564637, 0.24810692180675567, 0.4029459756016567, 0.3572938771928319, 0.17150417927338685, 0.10790964240327404, 0.3741093844012943, 0.4594178406157145, 0.38606990384065465, 0.2888317575813485, 0.26687595936908215, 0.23959081325053294, 0.17293472643623814, 0.46572960725199414, 0.4990428329896501, 0.879968367918659, 0.5081711417259672, 0.44813140710177235, 0.6622960441826087, 0.3641539397146106, 0.4232776498325324, 0.9523058306896398, 0.6170997893269065, 0.200643517315171], [0.4935798734673762, 0.39013695453147756, 0.5268597671339093, 0.37736797734807265, 0.5773950076544501, 0.12452824821932047, 0.7071353581081091, 0.7087511304170975, 0.5368626296810641, 0.19497448836355985, 0.7128694237210899, 0.3693314678928321, 0.8878135555822638, 0.4525187669840407, 0.7058229247110389, 0.48781729217244196, 0.7320798212211466, 0.5192275840360351, 0.4848178785420424, 0.3177377387907275, 0.6004048305719278, 0.3348013786178129, 0.5194782027012006, 0.41111640247339704, 0.39546140684533965, 0.5696671362408118, 0.6154157520283721, 0.5317293554800592, 0.23773659323388416, 0.6955403018527512, 0.6082433574655075, 0.5240610905119326, 0.500090069432199, 0.41608519410179096, 0.7045245061362501, 0.3413068905771782, 0.451922540776347, 0.28085247882414044, 0.3009080917425423, 0.3370000192352914, 0.41688793319082695, 0.2484576437696094, 0.38091468402392936, 0.8648671238024909, 0.2875863068416793, 0.5261725589449397, 0.802437276321087, 0.5787614975949288, 0.4955399433483377, 0.6727161692575673], [0.5038252182662252, 0.3834321022612428, 0.5207113386339998, 0.3706051444560852, 0.5595420045358588, 0.1246098240276525, 0.7124060606495879, 0.7264177398962472, 0.5364244924766352, 0.19278745806978773, 0.7415873903686016, 0.3845204350391467, 0.8474970079372168, 0.4454734372978057, 0.7244987838145829, 0.4539548983585154, 0.7284221208058587, 0.5328333189702948, 0.4847871034506155, 0.3212802161707296, 0.5972727922661359, 0.334676801566539, 0.5378453390947835, 0.40060864699008797, 0.39472221700850235, 0.5518986712447421, 0.6052110599772188, 0.5301557062753395, 0.24345239335671204, 0.6977805622381003, 0.6197673542104799, 0.5498902195049279, 0.5196273377441252, 0.40956967592679655, 0.6867704207037737, 0.3289976553172597, 0.43401106497939007, 0.26965342027167394, 0.2922396208961227, 0.325322722251414, 0.4197293529740789, 0.24554723652268376, 0.366619639308706, 0.8501476011433593, 0.29322701905126747, 0.5404246561172488, 0.813498189772629, 0.5814118041474212, 0.49643805958311393, 0.700038205750812], [0.5974396907473299, 0.719639625362439, 0.46064691661083845, 0.7435323326576744, 1.0474824531686941, 0.3400393205259527, 0.4524272843369656, 0.5313428362429934, 0.20750044559306474, 0.412988982209557, 0.6966956724495496, 0.638536622241643, 1.0394949711427794, 0.7869448003172567, 0.6935829099373902, 0.7118278957398643, 0.5111904390630946, 0.6735169119011609, 0.5873841740742529, 0.6472070167643224, 0.4025815751353159, 0.4096142428494875, 0.5927728528870057, 0.21109611502407832, 0.8671867070561322, 0.48346652534647544, 0.7483528577327402, 0.175726032917961, 0.47055462193702846, 1.209747203451904, 0.6757611170571984, 0.465519906570341, 0.5556578193610332, 0.42326298315100663, 0.45205736359777365, 0.4150350826290666, 0.3049692518951026, 0.46276581304457, 0.5465063330757619, 0.4858663371757466, 0.7278687139332747, 0.46581467914345076, 0.32318398415919547, 0.5821390477917794, 0.20859201999421323, 0.9634072797313409, 0.3496341166967249, 0.4323896163486475, 0.28384911843161204, 0.4841524206323784], [0.5840858429799729, 0.7351785035313841, 0.47478401298289463, 0.7446633349264771, 1.046214852623511, 0.32617343918335756, 0.45746001568414413, 0.5298687893775825, 0.20759652666287176, 0.4229767919203963, 0.6771793160942627, 0.63947893183763, 1.0141439977872158, 0.7957034451081697, 0.6536044122173483, 0.7494099089912132, 0.5040615291721897, 0.6669272686412787, 0.5739970293862444, 0.6469409127640398, 0.4027913331097392, 0.4220304467034904, 0.5812374387039934, 0.2075422960343186, 0.8821689391592008, 0.46285645071406606, 0.7448549281321045, 0.1771962921764407, 0.462586502632702, 1.217934102157991, 0.6632658773428823, 0.4493170061185621, 0.5474640093804215, 0.4246846192228608, 0.43750394819155664, 0.41008642162972614, 0.29654385699829766, 0.4478211609815182, 0.5542374660547523, 0.48214241710281663, 0.7474839763469239, 0.4561027505980231, 0.3276185958491707, 0.5570126841493199, 0.20854077509856517, 0.9673464644656581, 0.3495345849255734, 0.4203147808706212, 0.28105036461102145, 0.5029321608306891], [0.1841061818833726, 0.4973079408250963, 0.5581085680927734, 0.2493104166122149, 0.30828553349567445, 0.19709358793221374, 0.4588156545764087, 0.41266904349383504, 0.27231287595464126, 0.3260221357103368, 0.08299405611385836, 0.5193875096268434, 0.43976747105691577, 0.6472106952071294, 0.32482421532355454, 0.4554216830787149, 0.28268634705803247, 0.5323713072693906, 0.2468550200556634, 0.31759370624282723, 0.3442349581912368, 0.3879416680350499, 0.426062301041531, 0.4014947025142835, 0.30551715442008753, 0.2561480969959205, 0.2198185505572601, 0.16089392650365916, 0.3834292694999565, 0.2690376137067855, 0.2613692701590027, 0.34598062605124674, 0.2888417626574913, 0.1630167330124662, 0.24806589530514983, 0.6088916948248148, 0.13662582720229355, 0.4091437645475553, 0.3032813548586643, 0.4977785564356974, 0.3323297461778817, 0.6129179930869308, 0.2233000602467491, 0.11728613136996183, 0.20505287474638967, 0.5073276189551473, 0.7301767009322527, 0.4287068463612903, 0.24729378108832367, 0.43067001328944815], [0.18672555151143963, 0.4992799979919851, 0.5640385583489258, 0.24954056664071989, 0.3090128064107125, 0.202753989178979, 0.4560546233664375, 0.4168357005862664, 0.2801259029346835, 0.33488079230388756, 0.08681186755013587, 0.5206624299184862, 0.431046925778312, 0.6595372133289196, 0.32956474197845165, 0.45468990832769196, 0.29435405886832533, 0.5374863220112772, 0.25427777975185833, 0.32501102338330323, 0.3444082769793181, 0.39319512730973727, 0.4282286326494536, 0.39798562750764604, 0.3027242559326507, 0.25576661691759583, 0.22527913115596174, 0.16325031051107938, 0.3829805128016866, 0.2638812029599667, 0.2610418695950162, 0.3444966758769696, 0.2964750938253636, 0.1656559417861125, 0.24983635961048473, 0.6151158412657498, 0.13657404760446198, 0.4164324215234921, 0.3044447963547745, 0.5080317930338468, 0.3471690103871521, 0.6115142897217056, 0.2306400780127484, 0.11529548422814043, 0.20970070859235365, 0.4998957242571903, 0.7334947654754318, 0.4436683573244212, 0.2498904718953873, 0.4269565718121529]], "G": [[0.10986537889547875, 0.11133751324905408, 0.39153221646976355, 0.3872648913857045], [0.16359511423924328, 0.17188001054170804, 0.3335624508070223, 0.330962424412026], [0.2765908783546089, 0.2835534312298497, 0.22140451508075773, 0.2184511753347845], [0.07510075327753295, 0.08294953056646147, 0.42525382971078823, 0.41669588644521804], [0.11861596226210304, 0.11765347702130632, 0.38567775193998627, 0.3780528087766036], [0.3798911568996814, 0.3858337377651695, 0.1181621930463231, 0.11611291228882605], [0.06318745867156235, 0.06112413925357562, 0.4385437681358591, 0.43714463393900266], [0.24360667652521256, 0.24487134755308682, 0.2578234511177293, 0.2536985248039712], [0.08965210787423715, 0.09111363893348025, 0.4146890192370497, 0.40454523395523323], [0.2684435135161659, 0.27050279305970765, 0.2321914499978459, 0.22886224342628084], [0.2346416804954082, 0.2358619491366237, 0.26398764231602134, 0.26550872805194686], [0.27133694596015046, 0.2843019758257537, 0.22557246275551857, 0.21878861545857753], [0.08573632798946383, 0.0847273511717216, 0.41979002967566303, 0.40974629116315164], [0.04952251779294169, 0.05112585043359247, 0.45515122391077784, 0.44420040786268816], [0.0847906377262599, 0.08317703197698846, 0.4174812335936543, 0.4145510967030981], [0.21808815939990087, 0.2229403061010953, 0.28198827501187573, 0.2769832594871276], [0.44510902880902403, 0.4479992297106455, 0.05442882724239983, 0.052462914237931195], [0.27856557807734156, 0.2896326519070499, 0.22092923285717053, 0.21087253715843804], [0.02521835099301882, 0.0250306419992912, 0.4789122439741654, 0.4708387630335251], [0.06070619961951871, 0.06094509088612927, 0.4412232922447773, 0.4371254172495745], [0.2804488531522892, 0.27878124531222337, 0.22720367138654868, 0.21356623014893897], [0.21504671572121564, 0.2228298133974426, 0.28325617222766364, 0.27886729865367904], [0.15329959139404062, 0.15289306944114162, 0.3481018579047672, 0.34570548126005035], [0.232343612213656, 0.23942966966828488, 0.26872282804539155, 0.2595038900726676], [0.1650075601730581, 0.1720253156678589, 0.3335198476824379, 0.32944727647664546], [0.14973970485890523, 0.1530153866343608, 0.3482391897159022, 0.34900571879083236], [0.24331656363921803, 0.2533708639541939, 0.25469027438156144, 0.2486222980250269], [0.07460527304096962, 0.07688778902487453, 0.42460016345118995, 0.4239067744829664], [0.08718392027723751, 0.09301406707289586, 0.41362504321781884, 0.4061769694320484], [0.38403516516783176, 0.3934653391227716, 0.11245884768264293, 0.11004064802675323], [0.2656690570374829, 0.2693741682713857, 0.23532301584212373, 0.2296337588490081], [0.19983434708818562, 0.20754701045792798, 0.3007991295998731, 0.2918195128540137], [0.08480621387327446, 0.08878876156300254, 0.4200473188139226, 0.4063577057498007], [0.041897115204493886, 0.0452581409499657, 0.4602322923070074, 0.45261245153853313], [0.030373830405327887, 0.030990066143762703, 0.47159745000486053, 0.4670386534460486], [0.0332202150109766, 0.035731208293220365, 0.4688681474117171, 0.4621804292840862], [0.22069553642181974, 0.2254170512110454, 0.27898804335146193, 0.27489936901567286], [0.13618910436624365, 0.14033365944029608, 0.3611372557768121, 0.3623399804166485], [0.35412869746801984, 0.3597675405507306, 0.1430128086357266, 0.14309095334552308], [0.08902320572110972, 0.09419915452065539, 0.4079904360341622, 0.40878720372407257], [0.1186515108933314, 0.12151656755149179, 0.383443892187958, 0.3763880293672185], [0.05672983512199389, 0.05998755949540433, 0.4453993451383905, 0.4378832602442108], [0.06593789650257642, 0.06537611437577304, 0.4352675227733953, 0.4334184663482544], [0.09372815222625894, 0.09743297759773417, 0.40416083684021076, 0.404678033335797], [0.31453364995062566, 0.3180995295647444, 0.19007621338074068, 0.17729060710388928], [0.17486143274298374, 0.17948752155804132, 0.32744738069116325, 0.31820366500781194], [0.17398529974957289, 0.17221561364980317, 0.3326482783861793, 0.3211508082144442], [0.12086459199648167, 0.12351800872818486, 0.37896536141685433, 0.3766520378584797], [0.2179095901429598, 0.2205663824409247, 0.28228274100611217, 0.2792412864100039], [0.38821982526196974, 0.3898715095275167, 0.11391563082191494, 0.1079930343885985], [0.3928178568277037, 0.39939620871411713, 0.10632235880045766, 0.10146357565772146], [0.23736648759882412, 0.23507403169646823, 0.26579320030831627, 0.26176628039639194], [0.15573822030550014, 0.15290638495932302, 0.3488485448781404, 0.342506849857036], [0.08481749001711139, 0.0839631526869106, 0.42001969393613076, 0.4111996633598481], [0.21999570744179647, 0.22485537752077625, 0.27956349026419136, 0.2755854247732364], [0.29655359894749816, 0.30176570160342037, 0.20078769833376836, 0.20089300111531178], [0.026339576010386254, 0.027823821161457152, 0.47668268422926313, 0.46915391859889355], [0.20281914778904922, 0.2036898252906162, 0.2991749516021269, 0.2943160753182078], [0.09567593879322642, 0.09741469041229345, 0.41040885931666643, 0.3965005114778134], [0.04584589502099289, 0.04385782823460853, 0.45815664251496396, 0.4521396342294342], [0.16740439890698178, 0.1709333194361629, 0.3295763459515799, 0.3320859357052754], [0.2051894651404549, 0.20508541216889747, 0.2954876517031876, 0.29423747098745917], [0.15320741752128653, 0.15895619077516687, 0.3444614470873998, 0.34337494461614804], [0.15934377994791005, 0.1597483634610562, 0.3425794237417582, 0.33832843284927566], [0.20244056574027877, 0.19956335751140347, 0.3017724828152131, 0.2962235939331048], [0.23372971293300376, 0.24532624522694568, 0.2683115327940045, 0.25263250904604667], [0.16327035447128546, 0.15305782879032695, 0.34604423440611104, 0.3376275823322774], [0.19240384858580992, 0.19526474683639097, 0.3079517992290703, 0.30437960534872904], [0.17357389635644208, 0.17254202932502555, 0.3310259470497971, 0.322858127268735], [0.28188153429826085, 0.2858500096311033, 0.2187355130816969, 0.21353294298893882], [0.14472387894336392, 0.15379818721800048, 0.35410557686847, 0.3473723569701658], [0.19290453830355614, 0.19627650044239575, 0.30505796423831905, 0.3057609970157291], [0.17649143545266402, 0.1784696025663888, 0.32590484842351203, 0.3191341135574353], [0.047824715539744045, 0.04829048809155919, 0.4526635723412663, 0.4512212240274291], [0.3199271451185561, 0.32374876566136074, 0.1808329141168193, 0.17549117510326429], [0.15408175490019368, 0.16385553649797333, 0.3441385733627486, 0.33792413523908343], [0.24180081299108497, 0.24505230381487136, 0.2591167107984646, 0.2540301723955798], [0.30019336779719613, 0.299118703117483, 0.203701492908136, 0.19698643617718442], [0.19941906816728577, 0.20139533216725794, 0.298352255764978, 0.3008333439004779], [0.13976895474183323, 0.13880780217822053, 0.3633015468710733, 0.35812169620887324], [0.368489506671396, 0.36763199212195746, 0.13257677101479642, 0.1313017301918499], [0.07914440727203453, 0.08363144630826405, 0.42082405062418665, 0.4164000957955147], [0.16523078311315814, 0.17046414214920466, 0.3334115352682293, 0.3308935394694076], [0.1806914280766621, 0.18076674476072502, 0.3221953243588388, 0.3163465028037739], [0.022158333224747594, 0.024152181242223784, 0.4827080843486479, 0.4709814011843806], [0.24243173088101033, 0.24661720486976668, 0.2574210798422047, 0.25352998440701807], [0.31220992932857144, 0.31661842087679637, 0.18591990196337713, 0.18525174783125636], [0.05105772927082759, 0.04901533060607399, 0.450939964899899, 0.44898697522319925], [0.11315518876739997, 0.11187008563296784, 0.38896195072648204, 0.3860127748731502], [0.11783855812459998, 0.12489915040045756, 0.38168536393288083, 0.37557692754206123], [0.14629617046837196, 0.1484408831153228, 0.35403676658181615, 0.35122617983448906], [0.17649789930432427, 0.18206928117679425, 0.32261177232372557, 0.3188210471951554], [0.37198119727101164, 0.3753869207294411, 0.127197620525257, 0.12543426147429068], [0.04657816179972902, 0.04876685638717235, 0.45744018985329926, 0.4472147919597989], [0.3255643996527805, 0.33105917181010813, 0.17177398524579257, 0.17160244329131927], [0.2713990864036387, 0.2769413757642775, 0.2323017249482163, 0.21935781288386724], [0.25081501675618767, 0.25466072219960884, 0.24808050935522832, 0.24644375168897426], [0.3296405747908348, 0.3270262705875243, 0.17720329464603507, 0.16612985997560656], [0.23705408314638926, 0.24368203541948455, 0.26294350972952046, 0.25632037170460503], [0.1863449719422556, 0.188523883543343, 0.31394883256796724, 0.3111823119464343], [0.12265487319659721, 0.12774104049102783, 0.37773097785676507, 0.3718731084556105], [0.13438450099252366, 0.13844360003848646, 0.363505401307123, 0.3636664976618668], [0.2581877169777429, 0.2703238628212814, 0.23867409536954964, 0.23281432483142603], [0.1265158163089549, 0.1295750694197171, 0.37507099519950005, 0.36883811907182845], [0.18829409347723522, 0.19702441035400395, 0.3074739426284864, 0.30720755354027424], [0.1941432618958972, 0.1979080300703004, 0.30664049001360794, 0.3013082180201942], [0.3129241076710569, 0.3207109746449908, 0.1818482666154396, 0.18451665106851192], [0.14659708205203204, 0.15131403953890804, 0.35148371270435985, 0.35060516570469974], [0.09368086759399039, 0.09784296796828058, 0.4072443511744615, 0.40123181326326696], [0.1082149432670748, 0.11096438250658512, 0.3922742167014111, 0.3885464575249292], [0.11673566703259661, 0.1149703490632482, 0.3827276868952795, 0.385566297008876], [0.36482139764902377, 0.3704786760756209, 0.13390658734994215, 0.13079333892541348], [0.13334493829820418, 0.1375634778441996, 0.3696270100249576, 0.3594645738326394], [0.03325834360268613, 0.03321953168994784, 0.47154553227473445, 0.46197659243263123], [0.4212586607090088, 0.4248045788676693, 0.0782624455405869, 0.07567431488273664], [0.12240114952438934, 0.121791487760302, 0.3796003856200968, 0.37620697709521256], [0.11123497881435852, 0.11889525173659633, 0.3866558274664806, 0.383213941982565], [0.08715840376553302, 0.0851083495393342, 0.42307585962275424, 0.4046573870723778], [0.22268710966894567, 0.2244720036394174, 0.27595664362706995, 0.2768842430645671], [0.20557708935375169, 0.21581211509694956, 0.29437918646004807, 0.284231609089251], [0.3261868554990731, 0.33422858775459463, 0.17142498961373526, 0.16815956713259697], [0.22710332674292646, 0.23294787450608553, 0.27420541571233076, 0.26574338303865713], [0.2191096577904374, 0.22283474235420583, 0.2821155582467903, 0.2759400416085661], [0.06953445815506276, 0.07216889352811298, 0.43354145320802523, 0.42475519510879894], [0.07232328139443157, 0.07728700001335026, 0.42521535204856065, 0.42517436654365764], [0.05565861754806738, 0.05695617200684178, 0.4447867435752334, 0.442598466869857], [0.2293554139218606, 0.23970966558145654, 0.26967454145549924, 0.2612603790411841], [0.11292546173302445, 0.11676011545942008, 0.38723598198963527, 0.3830784408179197], [0.04440755381901744, 0.045095131019922165, 0.4553860923934165, 0.45511122276764365], [0.21951408786070095, 0.2232213453824887, 0.28404340148820645, 0.2732211652686044], [0.07808582903902737, 0.08027996260587152, 0.4180405532205427, 0.4235936551345584], [0.13064989629849103, 0.13272907873507667, 0.36716970544081234, 0.3694513195256196], [0.05059476813065469, 0.052639596692044904, 0.45048726572258024, 0.44627836945472], [0.11462584215676266, 0.11226933244141425, 0.3894582169930506, 0.3836466084087721], [0.3522113864729498, 0.3502104420642267, 0.15064148831655616, 0.14693668314626807], [0.13906118851765026, 0.14531741857105124, 0.36025144104617185, 0.3553699518651269], [0.2570156656201499, 0.2591568513411319, 0.24022219011266485, 0.243605292926053], [0.1587731872237152, 0.1552925150558676, 0.3458513844060382, 0.3400829133143785], [0.0752814748176268, 0.07844035962815436, 0.42491922361226664, 0.4213589419419515], [0.3326393718175814, 0.3461106258850084, 0.16656983350919063, 0.15468016878821952], [0.36825849789746223, 0.37076028316104426, 0.1321656212396891, 0.12881559770180417], [0.10465171427495908, 0.10485695480517533, 0.39571982887294327, 0.3947715020469231], [0.3034755712157092, 0.3142850148843004, 0.19567072068556773, 0.18656869321442238], [0.08542253867695317, 0.09159903939808164, 0.4164704066562793, 0.4065080152686862], [0.37778580049140753, 0.3915468147064378, 0.11995663245470228, 0.11071075234745206], [0.1936596269206977, 0.1981057179478543, 0.30771838161599224, 0.3005162735154564], [0.1704951284842765, 0.168605819234908, 0.33152464425657374, 0.3293744080242413], [0.15250187586473002, 0.16418477800955394, 0.3457450398944656, 0.33756830623125], [0.035636413619500075, 0.034970936292427354, 0.46763201798922893, 0.4617606320988443], [0.14817571874419497, 0.15004749460476272, 0.35630395030882517, 0.34547283634221737], [0.26258490497506487, 0.26984002611443875, 0.237254555212982, 0.2303205136975139], [0.09289861610748242, 0.0909054131458796, 0.40948250504808426, 0.40671346569855327], [0.27174949473751453, 0.26950802645660055, 0.2288398154381706, 0.2299026633677132], [0.25893974750707527, 0.26670758737818984, 0.24199385467920942, 0.23235881043552584], [0.07975621469261131, 0.08117829637247582, 0.4246009478690832, 0.41446454106582936], [0.3699772054622994, 0.37196498101227327, 0.13040838590864806, 0.12764942761677975], [0.1561902334197152, 0.16321128946185598, 0.3430481027851016, 0.3375503743333263], [0.36640528829330166, 0.371948585030274, 0.13322026102358067, 0.12842586565284356], [0.1506436735290808, 0.1502896058445933, 0.34890749124020715, 0.35015922938612], [0.10999546255649341, 0.11934327371163928, 0.3915950657377047, 0.37906619799416236], [0.10095323906435232, 0.10170003193328125, 0.3977596749977952, 0.3995870540045711], [0.25268426349705864, 0.25408329704136834, 0.250275287342935, 0.24295715211863814], [0.08074278426067624, 0.08359057233118392, 0.41960014037054255, 0.4160665030375972], [0.3987609252340105, 0.4009509694540172, 0.10256679386071527, 0.0977213114512576], [0.11870627789481601, 0.11898006851376829, 0.38652937769069035, 0.37578427590072516], [0.24228766032461507, 0.24246325424770612, 0.25857470741200894, 0.2566743780156696], [0.18722453831871466, 0.1902328234299921, 0.3109104795252195, 0.311632158726074], [0.29671225593523315, 0.2987416573779481, 0.20294692301416487, 0.20159916367265396], [0.04216939648290246, 0.0438333930396172, 0.46396289410339675, 0.4500343163740844], [0.419289072408316, 0.4243427729573431, 0.07905131485106995, 0.07731683978327164], [0.21689985347065285, 0.21840348532217402, 0.28768658836860816, 0.2770100728385651], [0.2224251796808862, 0.23014608592769759, 0.27505442577118566, 0.27237430862023093], [0.11953233221949681, 0.1254772686485056, 0.37984199953434145, 0.37514839959765645], [0.16803064850556448, 0.17141421640555313, 0.32944312378965135, 0.33111201129923046], [0.10542206124767484, 0.1085837589220538, 0.394622668212488, 0.39137151161778333], [0.09625944475367787, 0.09170863289538621, 0.4094475485236593, 0.40258437382727713], [0.18645263899827533, 0.19373553696623558, 0.3132361672385309, 0.30657565679695825], [0.317315064429361, 0.3215148188602219, 0.18056396586315032, 0.18060615084726728], [0.1309107199043495, 0.13650168162970994, 0.3693099731288114, 0.3632776253371296], [0.08763455095206955, 0.08824755201816913, 0.41302242791802085, 0.4110954691117396], [0.19305494968213133, 0.19516059966412228, 0.3091300311865, 0.3026544194672459], [0.2909724403088442, 0.2954485890300829, 0.21057734457079297, 0.2030016260902791], [0.34527989215165666, 0.3543021578184186, 0.1525461036917362, 0.1478718463381886], [0.40013194193715573, 0.41049663537257897, 0.0966129283062111, 0.09275849438405404], [0.10180580254086148, 0.10398145850325338, 0.39861668161740554, 0.39559605733848], [0.14954964206015117, 0.1544733632370058, 0.3492625610720139, 0.3467144336308296], [0.20539627905485405, 0.2073996331975526, 0.30195015514913665, 0.285253932598457], [0.27818949356126865, 0.2862525941103987, 0.21874391005960753, 0.21681400226872474], [0.29891518329155786, 0.3000387394800801, 0.20346930707447208, 0.1975767701538901], [0.30610181776183715, 0.31436787961736534, 0.19338465507296457, 0.18614564754783325], [0.39519822502938884, 0.40509423370899145, 0.10073189071665256, 0.09897565054496653], [0.08527307427946522, 0.09048687160506357, 0.41355834354118076, 0.4106817105742901], [0.4299087036187191, 0.4266858347216341, 0.07468380021082238, 0.06872166144882386], [0.37076875411454496, 0.3707321810333886, 0.13029674810451003, 0.12820231674755633], [0.08657246315243282, 0.08617141872200909, 0.41793444839414967, 0.40932166973140865], [0.25702569545812515, 0.26628532824689927, 0.24219392988581645, 0.23449504640915875], [0.09304304845814206, 0.09863112776546891, 0.4055769092963786, 0.4027489144800104], [0.1410198312498831, 0.14145003889114013, 0.3637286485495304, 0.35380148130944633], [0.049995017575667475, 0.04933463680283999, 0.4557984430300428, 0.44487190259144954], [0.0913476351471312, 0.0941612362203893, 0.410761723105505, 0.4037294055269749], [0.27999879764743146, 0.282842556071493, 0.22077178635521993, 0.2163868599258549], [0.23076474414693288, 0.23613077615173328, 0.2702414684332965, 0.26286301126803746], [0.12218345863237122, 0.13200696424024494, 0.3738875753956595, 0.37192200173172485], [0.21537878112031042, 0.22085281106296947, 0.28241534411276403, 0.28135306370395613], [0.18467874676598794, 0.18455443684643139, 0.31712313785809687, 0.3136436785294842], [0.07576424006264125, 0.07715968283460661, 0.42314519667498796, 0.42393088042776383], [0.13172448208230228, 0.13653471875530093, 0.36863796993694753, 0.3631028292254487], [0.17834303806813176, 0.18311014623651925, 0.32354280089551196, 0.31500401479983653], [0.14585160658694574, 0.14920997935258198, 0.35573374090118554, 0.3492046731592869], [0.3045406471728869, 0.31063489687468426, 0.19360383494923444, 0.19122062100319434], [0.06098937137193037, 0.06109076104689275, 0.4447861741619634, 0.43313369341921293], [0.06039357797816995, 0.060901290924357775, 0.44325947566799134, 0.4354456554294806], [0.29963470272319126, 0.3056440818168458, 0.20084931158213704, 0.19387190387782574], [0.34528778801671256, 0.35175248001946746, 0.15282561073712367, 0.15013412122669703], [0.4012868708521229, 0.40549445093963987, 0.09599464167674335, 0.09722403653149368], [0.23723844414669232, 0.24563228906369827, 0.2612388815855856, 0.2558903852040238], [0.09012088708638208, 0.1006110005531938, 0.40870396590743757, 0.40056414645298694], [0.2027028687050267, 0.2018742578087638, 0.30081978844998364, 0.2946030850362256], [0.32218212934113755, 0.3267871753146148, 0.17994870579510672, 0.17108198954914144], [0.1087644082140796, 0.10996418216423737, 0.39059473787211246, 0.39067667174957116], [0.2524628358576676, 0.25954166909031284, 0.24548652885106842, 0.24250896620095097], [0.12422157488511866, 0.12464869105730368, 0.3792837640357686, 0.3718459700218086], [0.1897566933857188, 0.19272336540489698, 0.3138786306802285, 0.30364131052915594], [0.0658476449591918, 0.06695181650647414, 0.4364720411074415, 0.430728497426892], [0.29586705027132176, 0.3041601963114093, 0.19937588488847277, 0.2005968685287966], [0.06557701774923402, 0.06411568540466558, 0.43625683039249913, 0.43405046645360146], [0.15265618840675055, 0.14866890924396609, 0.3495731841051714, 0.34910171824411196], [0.14989822745421358, 0.15277170381633443, 0.3521645455396559, 0.3451655231897959], [0.11536309828865599, 0.11721021298130148, 0.3840528331811918, 0.3833738555488509], [0.3379786485735356, 0.3388496324004761, 0.1657466697146145, 0.15742504931137377], [0.09379475092898422, 0.10236472390147107, 0.407967931812961, 0.3958725933565846], [0.26029844606739283, 0.26779894690621914, 0.2369136358459927, 0.23498897118039558], [0.338848488685245, 0.34208150749510513, 0.16184718640256887, 0.15722281741708152], [0.11657729937512497, 0.12022060687575871, 0.38528527172166743, 0.37791682202744886], [0.28603939059750083, 0.2937716684627114, 0.21775588570746304, 0.20243305523232505], [0.3886568673783701, 0.4044512690734943, 0.10604127178594192, 0.1008505917621938], [0.24326293704461796, 0.24306920653991376, 0.2577055599744309, 0.2559622964410378], [0.2081219591027145, 0.21355601175397224, 0.29082178883667126, 0.28750024030664223], [0.2206835631804524, 0.21890607446145513, 0.28311677168609883, 0.2772935906719932], [0.1524314764276377, 0.15551007999034722, 0.3473217386202744, 0.34473670496174025], [0.39167667173405485, 0.39585050356824636, 0.10673208951503282, 0.10574073518266612], [0.028879065010472757, 0.029846765723751993, 0.47383023689244524, 0.4674439323733307], [0.40469075757032413, 0.4113462785151294, 0.09381987687452548, 0.09014308704002125], [0.23018493420660133, 0.23608654087425998, 0.26886108283320015, 0.2648674420859379], [0.2878996433519842, 0.292572246193477, 0.21386014128083783, 0.20566796917370064], [0.13480640355058907, 0.1417343670947493, 0.3619373685318047, 0.36152186082285603], [0.18188498291001753, 0.19181312763946862, 0.3191011137810585, 0.30720077566945575], [0.0899464525749412, 0.08807790634936433, 0.4115519518150257, 0.4104236892606696], [0.1423177029535719, 0.1456064770654346, 0.35863045311554426, 0.35344536686544964], [0.3321395821566183, 0.3437449043121173, 0.16585023772704188, 0.1582652758042225], [0.24671249854017896, 0.25471953190787344, 0.2494585099070027, 0.24910945964494477], [0.11698340915796834, 0.12152976549517087, 0.3846555499668984, 0.37683127537996247], [0.12991716274036036, 0.1348996557889577, 0.37020861528895854, 0.36497456618172336], [0.042336842223254706, 0.04516086522030724, 0.4643075436405889, 0.4481947489158495], [0.033496198794225954, 0.03280654967366655, 0.46781508602590893, 0.4658821655061994], [0.3811835035978636, 0.3748361341790231, 0.12660767242865792, 0.11737268979445405], [0.2995011354441794, 0.2996029559527826, 0.2005376142566725, 0.20035829434636618], [0.05615231121266334, 0.060955220211413814, 0.44471982095263646, 0.43817264762328606], [0.1350047920010011, 0.13735304652184938, 0.3636962734277299, 0.3639458880494202], [0.08649827004951019, 0.08983243341087445, 0.41885225036643586, 0.40481704617317993], [0.1498119579760478, 0.15322993478217617, 0.35176136717368633, 0.345196740068089], [0.2723102234512867, 0.2713006383194708, 0.23427210546685537, 0.22211703276238717], [0.10368650937792562, 0.10078766969022229, 0.405070254915772, 0.39045556601608006], [0.27620736321044553, 0.2807148289559078, 0.22476118868857936, 0.21831661914506703], [0.07093982835042306, 0.07245314002447162, 0.43246934416609556, 0.4241376874590105], [0.10053334788458797, 0.09999828477757026, 0.4012451337089687, 0.39822323362887285], [0.29912356054350153, 0.3000669745363205, 0.20332827087217709, 0.19748119404800105], [0.031212891346157044, 0.032503387745768206, 0.4689346023389628, 0.4673491185691115], [0.07482418511798415, 0.07429047521698169, 0.42515700859266825, 0.42572833107236624], [0.02106743690246098, 0.020730208573676294, 0.4850877524811831, 0.47311460204268013], [0.345877311772837, 0.34656831129211974, 0.15490474201512736, 0.15264963491991573], [0.21646480022305323, 0.21862158911622934, 0.28357378073304473, 0.28133982992767326], [0.3016057644586955, 0.3069029301122953, 0.2013665403462219, 0.19012476508278756], [0.08556174743160884, 0.08530286227662279, 0.4184318682867577, 0.41070352200501137], [0.1949529938893042, 0.2014860484979374, 0.305087539053291, 0.2984734185594661], [0.21944970588137197, 0.22462757112137163, 0.2785854455662573, 0.27733727743099906], [0.07220712218750404, 0.0735922919320833, 0.42784133813341474, 0.4263592477469984], [0.022270258702755542, 0.021563906637920974, 0.4806055683227116, 0.47556026633661197], [0.1980404997184008, 0.20705978921772608, 0.2990715437313344, 0.2958281673325391], [0.3212484652781809, 0.32428345511275297, 0.17877092741765285, 0.17569715219141527], [0.133237685037