{"estimation": {"a": 15.68919657882973, "rho": [0.2419344499031327, 0.2785292770940356, 0.18827526917925477, 0.2912610038235774], "Mu": [[-2.5439520628686765, -2.2749924475295082, -3.365860335585848, 1.720845167542114, -2.884296039074782, 2.771026826934214, 5.003371957369298, 2.981275290889821, -2.117107242132076, -1.5521913628106367, -3.0262309378314627, -0.0007801922925800113, 1.486301447248819, -0.09268762034392025, 0.8138675767818137, -2.1900329049120613, -1.1687430450004959, -1.7208517719859224, 5.34723652126387, 1.619491323872858, -1.0921442212098225, 1.3419832085167154, 1.2803535957559566, 2.7833877270466383, -1.3686121245975476, 1.851348568352902, 0.2938430832748783, -0.5240757086804404, -0.7048885382115907, -7.359532669289213, 0.25675914826903734, -0.44500888046725995, -2.4384184057303955, -1.7093385071824516, -2.3686321192308912, 0.9957593366702081, 2.3584143329943554, 1.9543529842597283, -0.98526901893233, -4.571345990873474, 0.16024472998331316, -0.0543420990345424, 1.9328538086395732, -4.066247635614309, 0.4971014994088023, 2.379134770874087, -0.0331140498697119, -1.318680007765907, -1.9039259795329153, -0.4443054034174909], [-2.456471254895585, -2.4347833071559237, -3.6132778134917243, 1.0070201226055848, -3.33295231021125, 2.978736907847315, 4.7539736614615995, 2.7829804437308883, -1.3917371726080567, -1.633735039887198, -3.121084593044478, 0.3859817536001064, 1.6307048190680673, -0.18085051643892808, 1.2478350460070342, -2.477751480840159, -1.45786864464982, -1.849307704305424, 6.167601382129751, 1.4715269130702775, -1.289159625844269, 1.0055317399534571, 1.217796163127093, 3.1273441952510024, -1.5107176416835997, 1.6708963331922937, 0.38562569472801556, -0.6157080263353055, -0.9995141068866872, -7.441366635854038, 0.1765487154549369, -0.4442364263247921, -2.8203427633833487, -1.6955491484524847, -2.3067514082960567, 0.5578066593846019, 2.330316107695447, 1.9011435980018352, -0.8777413072146514, -4.978105963289231, 0.20516719662803096, -0.18069467987103585, 1.416908112701316, -4.163665077852599, 0.7104280678585073, 2.2710658632137477, -0.36796206818752275, -1.4804119304307104, -2.223541633653446, -0.6202397005049186], [-3.3657670903496264, -1.1614680109900009, -1.165321434338773, -3.2969615462549964, 3.035695020104319, 0.6283074083551747, -3.8081567033493906, 1.4362428222417363, 2.897500865639473, 1.439212939106436, -2.515608056686831, -0.9208225341298959, 2.111204219741032, 0.3378094208643476, 0.59834402418887, -0.7388068620766753, -3.168972185053375, 1.1772430252706185, -0.9691397139619474, 2.1333842631444377, 0.02404535261387813, -2.86041291648364, -8.549017493572208, 0.15380724360441136, -0.19376439340026838, -2.013289233649736, -0.977599130106557, 0.9362607011050776, 1.6030485345469905, -2.960213234459865, -2.762466532367879, -2.57600674698443, 0.24548769446828236, 1.3017012301517696, -0.009141312187058588, 0.5735009788386246, 0.8904479604330119, 0.39058740432721495, -4.105234762487637, -0.7745021491038088, 0.44538197903963445, -3.5835967321451543, -1.395922568848531, -0.20863100943682525, -1.129767912278553, 0.18136081730005785, 0.25862657322526356, -0.4961761489763045, -1.5916650017374967, -2.347751276640092], [-4.283797421293905, -1.470291340645396, -0.9900927144886857, -3.304835098296619, 2.8595239079890926, 0.8035848299861555, -4.411538389866779, 1.4795196597768854, 2.432806390989352, 1.7841383210912654, -2.3257685458102393, -0.7082262501102369, 1.883208908002592, 0.5091924258338882, 0.6203221289939282, -0.632830145588455, -2.900251640941872, 1.4938593120412889, -1.1254621133971565, 2.0112825122645157, 0.005027525718327586, -2.5494615053649676, -8.808694852058869, 0.16713988203963193, -0.11516768052345192, -2.219257507119368, -1.3999896096333444, 0.8191903358600351, 1.9331844618997152, -2.553652080732949, -2.7984018671730038, -2.540185450048628, 0.33902981005358845, 1.4011005575288968, -0.013488129162147729, 0.49422928524904297, 0.8730482685064003, 0.5824602072795528, -4.3657090951885085, -0.3234243461710123, 0.21223628666340769, -3.397499632497513, -1.5661352850213057, 0.11890533309220741, -1.151156892775816, 0.3207677009636262, 0.3326374521725085, -0.24040260960253246, -1.925570489733054, -2.700125872708081], [2.729738768338421, 0.9041245509994863, -2.791510226992884, 2.737750124277001, 0.3915948200869612, -1.7672238657569377, 2.357967755513914, 4.373538658677728, -2.190174863054759, 2.6075847357668485, -0.03813184304263567, 5.213357942115863, 3.8820496277180645, 0.7430130669437008, -1.519297828893249, 7.639127973517335, -2.0998818072597216, -3.980443143964496, 2.7544536620595146, 1.1334706354960826, 2.6261585665897154, 0.08898028519381536, -1.0441059718345842, -4.142092843071117, 0.17483690638049026, -3.1916671970537815, 1.1172052638797256, -1.298451209061134, 3.030827932368, -2.0469159474635155, 2.616712675956847, 0.6385500622911268, -3.467037744161952, -4.604980623776914, -0.7969492840873607, -1.036251327684286, 3.654084598259905, 1.9183763267311718, 3.692084363215787, -0.8630591494377247, 0.26124972832742527, 5.988874235509167, -0.8839525749242279, 0.05651333001740722, -0.2882567484399221, 4.6815565591424155, -0.3447063797360595, -7.350263208180101, -1.327837317990225, -3.235974996836531], [-4.863120478784067, 5.544292875606499, 6.356381487048426, 1.9903256216450318, -2.390442727565696, 1.1882849776274704, -1.5032417488119594, -1.1065544267324772, -4.347180717444722, -2.8739475487884096, -1.6589080442382338, 2.281044093930597, 2.3152248918520635, 0.1564441480323593, 2.031095755257948, -1.1735855680953367, -0.3085019665681681, -0.15802310408412798, -0.6249292108630691, -8.624708923101803, -4.302846163325785, -0.04324527872076596, -0.6573508654033264, 1.8202816328257443, 1.2893546613420352, -4.3121147435377685, -1.5884373657445754, -1.4937124359443852, 1.1398123053717388, -4.827419989371301, -4.043832279284594, -0.9512064258593654, 6.939834668590871, 0.9524062783835484, 0.7200929677952015, 2.5374124369223914, -0.22274904681204205, 6.1674254398562, 1.3630900409665205, -2.716722360948112, 4.933235654311764, -7.922922067620071, -0.5089465121838983, 3.2758838774956267, -3.8760852143808715, 7.259665816483484, -3.0490937820673585, -0.4705793546298773, 0.5105495609468866, -1.1941123213144524], [0.446712574732923, 3.869396471630736, -3.470242645405904, 0.15587967984996787, 5.086837409440258, -5.10146619691742, 0.624275957639167, -2.5071852523179166, 1.7877116148123342, -2.694022302504031, 3.2075488491189508, -6.6329743407072295, -1.5663809150865688, -1.1591352617300286, -3.775318666718842, 0.3470482311205697, 4.642209359380965, 1.0137506348165943, -6.017976578964988, -1.1565316872371287, -3.8439595246566447, 3.2380407351160803, -3.456955446430526, 3.191044818631015, 1.7173904539597056, -1.0174044825824926, 0.0069624889785534945, -2.6181626795340054, 4.115329394217604, -2.7494978364622753, 8.75153929626131, -2.9397978391177904, 3.2891269568349375, -0.7881541382073926, -0.2775643112622684, 3.0166463449865466, 3.4308774632476826, -3.9265058944851776, -0.8590979004729842, 2.9704788525037005, -7.819213566942579, 3.255544017596546, 8.435033864857756, 0.634923943353705, -0.5142299771831275, -2.3787365339262947, 4.27253321267177, 6.115683273909599, 0.4900498632183251, 4.11987768114715], [4.338827990468648, 0.7259987974144043, 4.913552589595146, -3.472864007497248, 0.9804983835800674, 4.7733315838534365, 4.0816226573126855, -11.131128618712285, 4.925330683313519, -3.3895211823572096, -0.22850580714165802, -1.6810750591132757, -2.5193505142957475, 4.8002001587666125, -0.036631507129965095, 7.409553156572547, 1.3476128669498306, -0.792680628366532, 1.9995905827847824, -4.462880799211928, 7.803475377911026, 2.3917986246140304, 3.188304209986711, -2.88093888029858, -0.6402057358534191, 0.6591842462897411, 3.6213616263360704, 1.886522549003916, -1.4465362012482161, 1.3561490285208755, -0.7166038197456697, -0.9656525430362586, -0.07503521710182144, -0.6918346074412851, -3.211207220106238, 4.556096136553705, 0.5511973935384769, -2.6775734124934885, 2.1476759267696712, -4.567963698667634, -1.1606051448165287, -0.248439981002388, -4.209410983658362, -1.1349119503007854, -2.2652533656929035, -4.268391875982629, -8.586959767217731, 0.1208668140809451, 3.0871775232953107, -0.8595660295239895]], "Lambda": [[0.502088156721782, 0.4395452680958688, 0.33536483860652244, 0.39514498249995883, 0.3492598253600343, 0.3044551411224987, 0.24769759814689898, 0.8606392896168749, 0.5828319809083211, 0.4823593432498373, 0.614341281320247, 0.30432769804379595, 0.5463497314790664, 0.5485828933819482, 0.3457525006419361, 0.5462404633254687, 0.43711375747164827, 0.63095886871106, 0.19605049286176526, 0.3594774656689279, 0.8154478459403167, 0.381596085817344, 0.5477404748049672, 0.4884126355014831, 0.4274306844332314, 0.5625458651897466, 0.4187088017290719, 0.4928354220532351, 0.4464142076132897, 0.22058838565139774, 0.9918730006299779, 0.6638207561079216, 0.3433799689765668, 0.3523089567387482, 0.367468753264755, 0.37955488349560257, 0.299954358788767, 0.8530329053450726, 0.257256746171149, 0.373789042813051, 0.34345697459022995, 0.3522093768662622, 0.20976717829641892, 0.43140637115197783, 0.39958470425202647, 0.21490322453259633, 0.532187537577599, 0.5061360899691527, 0.47075569597064093, 0.49390524200090424], [0.5071349570397281, 0.4261267420961536, 0.32032991665085847, 0.4151716311496448, 0.3515437151287127, 0.29353478949847006, 0.214384257963716, 1.0347206320752906, 0.681976264873407, 0.42411952657221785, 0.6125074501867271, 0.2675477974681624, 0.5398757997816905, 0.5222546771772383, 0.3329456727821928, 0.5505540047381012, 0.4459053017818952, 0.609382015555621, 0.16790424189909647, 0.347466502242996, 0.8739376775676173, 0.3276942357651019, 0.5215676304273498, 0.4521439947481946, 0.38629114166203893, 0.5979153954100637, 0.41968291735031504, 0.5632349001339677, 0.4357313496649787, 0.1898853539352185, 1.0745344170169386, 0.7101054462026758, 0.33338429786603746, 0.31243421386469894, 0.3638388364601275, 0.34478931835566756, 0.26932854199834777, 0.9015743129262934, 0.25341301688312584, 0.3701509915095141, 0.32537532278259074, 0.349798951533737, 0.17177756746587677, 0.4568606878618564, 0.38269360749822223, 0.21379675787142888, 0.49924256435672654, 0.4747608758440614, 0.4562434033876046, 0.466478442110201], [0.3198060290278722, 0.4391790453475434, 0.5059224402838992, 0.36354517670742337, 0.3742163153879944, 0.5014135885238417, 0.30683533800539253, 0.5153827008102376, 0.5827485984095429, 0.6014400543894708, 0.3633071907852833, 0.42638377868251615, 0.3113879908402383, 0.23567438685987657, 0.5061671996681226, 0.4838644255925602, 0.7503847385003792, 0.3708324723462983, 0.774482105743995, 0.7623989498735704, 0.39669876155678757, 0.6850307605536282, 0.14617701487446857, 0.5942885047335997, 0.3503607367487744, 0.4399099898492479, 0.7870189814866233, 0.47034007322103, 0.6501356333699092, 0.38808869407105134, 0.3790228221511208, 0.2807654468781899, 0.611068914717252, 0.8292672644082186, 0.5108868848732964, 0.7313415864730544, 0.41919690359630213, 0.31676928251667863, 0.314429822502734, 0.3082577970831116, 0.6644251447921866, 0.32340186554457395, 0.5379580249402895, 0.3956246554495854, 0.3701433947263581, 0.43832749268984716, 0.299076490124273, 0.6002216673624733, 0.474507654983804, 0.6158649667190436], [0.29902352003426064, 0.44287926501702884, 0.5495365965686525, 0.31251705200608876, 0.3799085523005406, 0.4935765771961249, 0.2835393040963912, 0.4628416103871621, 0.5230770048509283, 0.5977760456685927, 0.3315912365849707, 0.3992364541230722, 0.27900155958537143, 0.21634356139346694, 0.5105456471850182, 0.4374156727155731, 0.8164395448714576, 0.3547884288302739, 0.7766493673657409, 0.7537668169079041, 0.3769632881455982, 0.7361917407069534, 0.13986028967318093, 0.6062425354710252, 0.34404019652930845, 0.4031190263960263, 0.7607931927408799, 0.426127845916249, 0.6402435631643921, 0.35683955138002293, 0.3678884210748079, 0.24412002667021826, 0.6000201817185952, 0.8342460900667301, 0.5025927306172991, 0.7427637328991223, 0.4108408073302804, 0.30406656797869014, 0.2794272853768904, 0.2872139466535541, 0.6638450260895703, 0.28738911751906354, 0.5204594653886003, 0.3744698670474913, 0.35135957345876345, 0.4261315982171269, 0.2871511683161672, 0.64558799116185, 0.4625138031058244, 0.6024173357311475], [0.2887269660693841, 0.6247670592594432, 0.3251281130373406, 0.8242275828244616, 0.3333793537284486, 0.4101965975255595, 0.7438198446059725, 0.27928401589300966, 0.9262894337522172, 0.6731268639889504, 0.3513336398171253, 0.4431595783659488, 0.4282686527438224, 0.2049557149748874, 0.20204530056740386, 0.1391928479682997, 0.5134898086582405, 0.5836353105283321, 0.6044937521270445, 0.1665776717756977, 0.3201874740542339, 0.3671359545214981, 0.8889860204032115, 0.624833182569655, 0.35889082511208414, 0.44377742489394434, 0.5861794577002494, 0.43540308776974046, 0.21309197862915882, 0.43309449080030066, 0.21123126083634758, 0.9089106458006899, 0.469718351176016, 0.2368460072591906, 1.0919443171999943, 0.765923486261218, 0.3194269502228912, 0.1992536152362211, 0.32931938953210094, 0.31470190825106803, 0.507601686430823, 0.5748669609078525, 0.7011748551887433, 0.422985509682138, 0.33022719736519174, 0.40665965319615077, 0.38711577698592153, 0.36917999397951035, 0.6436026261426682, 0.2823485497913929], [0.45329023704729204, 0.38537563511789796, 0.2800395676555667, 0.48921405779611127, 0.4924876399736314, 0.2795099894398794, 0.3957925992887822, 0.1969314066509018, 0.7604424757139351, 0.43505650462970347, 0.3911168521718968, 0.4793981872963701, 0.8670418231311747, 0.4816001955684338, 0.5668706868720786, 0.2709455763182488, 0.7481441759220364, 0.3226196951630535, 0.7799133087729774, 0.24416245430390834, 0.23962707796352944, 0.7063563483352503, 0.7245146722053933, 0.3838792479024011, 0.28850827509769433, 0.3554030026959738, 0.8915981093240855, 0.6171490883571288, 0.35845577972513193, 0.35703082193183683, 0.2858944243438343, 0.7600465577726647, 0.22167438435353587, 0.22227714824437236, 0.4776015946495387, 0.8194757205288562, 0.3719739768446934, 0.4721534059756896, 0.30074072711529376, 0.6454193920692356, 0.7113523084460777, 0.2542791852071713, 0.4150335914663967, 0.5012448090723024, 0.3900249755683189, 0.2400473071071063, 0.29715817339130196, 0.28106539361513033, 0.6920764302305428, 0.3481290634560223], [0.5249336542283275, 0.4019637848007545, 0.5693496265920324, 0.10975209851743747, 0.13521648287828025, 0.4512875388470136, 0.37763442837489974, 0.2286780927907216, 0.2856362851288249, 0.11427503250136556, 0.7411421177313907, 0.2055909479809474, 0.2065835096554733, 0.9855000139082527, 0.48975402191051737, 0.40379818198697365, 0.5126940054905393, 0.763674581059862, 0.25064046924598576, 0.3052565956798411, 0.4965678425472037, 0.5166122015161656, 0.3360865292581603, 0.26758014109191014, 0.5006656688301256, 0.47429076020251876, 0.39961687840781984, 0.28817295800198095, 0.6356154132793741, 0.12122968328308802, 0.30104567282202827, 0.5525040345652776, 0.4872745735421334, 1.026705763945485, 0.1967527997611556, 0.83081271143568, 0.3796851789752372, 0.8766390912589737, 0.3114758332008544, 0.696468057754774, 0.25632787758116, 0.20484327763439364, 0.3333205992510814, 0.16965187253584818, 0.7769333202545564, 0.4244282196439986, 0.5136039211258581, 0.33641198655689747, 0.579698159267297, 0.6420534490860208], [0.20271838465897793, 0.1594714987674489, 0.2748245418289993, 0.15769335121796885, 0.13265943587344642, 0.18760430227461014, 0.3148426765481015, 0.0712783788307936, 0.3752602916914147, 0.386323348361794, 0.5432408155499988, 0.5254904443479456, 0.40974973133669845, 0.3400039182073065, 0.3179691766700254, 0.13386343224563838, 0.3111254790968999, 0.3045610699301343, 0.6690171476582218, 0.206353166017732, 0.34420825460304816, 0.49460960818579525, 0.2128530761836688, 0.3361580989137886, 0.434855703843667, 0.23930379602239277, 0.43339222593334, 0.48051419363315545, 0.5882953948863081, 0.10321918012891171, 0.31442716282896316, 0.20640009732525585, 0.3724554671657112, 0.3133340567655538, 0.394625021421557, 0.23859736350434171, 0.20878149735810905, 0.27503074635055746, 0.11875874957881424, 0.255280196242561, 0.62679459797691, 0.10280991323898056, 0.13867528501163198, 0.3862691886556513, 0.6184466566542908, 0.16932999016824793, 0.17179224825938588, 0.2801228112513373, 0.3152039394678099, 0.5750652815246967]], "G": [[0.2163358155586358, 0.2369084802398658, 0.21413712510703609, 0.33261857909446224], [0.29537622310447303, 0.33797705920953075, 0.10041605806561858, 0.2662306596203772], [0.36552056456998266, 0.1754784365159149, 0.2108932759810481, 0.24810772293305458], [0.26580646852423734, 0.29678794005668074, 0.12268428619806031, 0.3147213052210215], [0.23144360276410192, 0.35001923844989963, 0.1363240039619079, 0.28221315482409076], [0.2710596537729417, 0.3119156319228051, 0.1262985636451674, 0.2907261506590859], [0.21410186449307536, 0.24588966964993283, 0.33367250392091513, 0.20633596193607584], [0.24946012644384422, 0.2941570609461676, 0.17888904380126228, 0.2774937688087252], [0.15819203077996566, 0.18113120081602083, 0.4555130651028451, 0.2051637033011682], [0.2846831959633329, 0.32373496633882853, 0.21147441938071246, 0.18010741831712618], [0.21265043020658939, 0.24849442429074023, 0.28541586895871385, 0.2534392765439567], [0.20409322817557715, 0.22432977851387623, 0.13768529194510107, 0.4338917013654455], [0.18974690637559563, 0.21317362806885481, 0.1671684260963156, 0.42991103945923387], [0.22134478947924763, 0.25456029369777633, 0.12262733714383947, 0.40146757967913627], [0.21171141652640038, 0.262795479174596, 0.15216314904409298, 0.37332995525491053], [0.21546843170369695, 0.24984165431423902, 0.3150366904185077, 0.2196532235635565], [0.21748924779255638, 0.19855248354157468, 0.14544619713486873, 0.43851207153099947], [0.4506453170024006, 0.18075506336177274, 0.18281423292519525, 0.18578538671063105], [0.29945639667864105, 0.34515361154337704, 0.11627488853641935, 0.23911510324156313], [0.2562893451354854, 0.3008224618173849, 0.0998954911016468, 0.3429927019454831], [0.1928462404155037, 0.22455686405369826, 0.1611503978711283, 0.4214464976596691], [0.18932621681838935, 0.4279229655795909, 0.1372062329945394, 0.24554458460748022], [0.17763255063251515, 0.23437964670650444, 0.12809192837292388, 0.459895874288057], [0.20874211461643846, 0.24078306416419668, 0.1498822527828178, 0.40059256843654756], [0.22741035493854636, 0.3165094666715828, 0.11367904003966994, 0.3424011383502012], [0.250001075682834, 0.2925042061449068, 0.19542896389987852, 0.2620657542723805], [0.2828468129417566, 0.3230476507445421, 0.11189187866450795, 0.28221365764919354], [0.20853674042297698, 0.2457576788956098, 0.1875682950287541, 0.35813728565265945], [0.23338117689827645, 0.26911196179315583, 0.18524066560306485, 0.3122661957055023], [0.25880892620963203, 0.289422017309748, 0.1087759185285989, 0.3429931379520215], [0.24120805047779953, 0.27760128879023654, 0.2260136788312854, 0.2551769819006794], [0.3103603411806326, 0.3699551794833838, 0.09834097071061705, 0.22134350862536703], [0.28602111589633866, 0.3266841932966505, 0.22627235775154364, 0.16102233305546645], [0.2538270735363069, 0.2948811021136831, 0.2531434301123019, 0.19814839423770772], [0.35227903421290957, 0.15140794084541428, 0.21880130191586877, 0.27751172302580707], [0.2249603893465763, 0.2574369220445072, 0.19715144585538644, 0.3204512427535296], [0.16989233872350856, 0.3489284293375648, 0.21024368835054902, 0.270935543588377], [0.25344324127377055, 0.301278507718201, 0.14425458295946664, 0.3010236680485618], [0.18737610896923887, 0.21913248502944227, 0.1317034421344993, 0.46178796386681914], [0.16103436635607882, 0.18792345391400106, 0.4277084584007036, 0.22333372132921694], [0.3081884151638253, 0.1357750204816743, 0.2613681740846966, 0.2946683902698047], [0.4736358007477472, 0.10497746979584789, 0.12731915336964228, 0.2940675760867623], [0.2552424551294226, 0.3014259321357049, 0.17280970231408513, 0.2705219104207874], [0.16905766524558136, 0.19323064925547034, 0.3548426445014922, 0.2828690409974556], [0.2967796839956609, 0.21060284332876314, 0.3071872723651556, 0.18543020031042035], [0.15219861197033166, 0.2649285361599394, 0.25235918849801303, 0.33051366337171556], [0.2683807569155573, 0.25210973388325314, 0.21699241712423648, 0.2625170920769527], [0.2802315247760913, 0.32430176523809046, 0.09848473581282073, 0.2969819741729981], [0.20358585371975457, 0.23970025977633058, 0.3486373087433096, 0.20807657776060537], [0.08810996318028105, 0.10175416096601883, 0.4751772207354084, 0.3349586551182925], [0.2161157437209977, 0.24331785608919768, 0.2146785471744288, 0.32588785301537615], [0.23447895256982285, 0.2677979422789256, 0.22983059238336923, 0.2678925127678819], [0.2062518633310285, 0.24422176124660122, 0.2773490685821991, 0.2721773068401712], [0.2095330747214299, 0.23974120538336285, 0.31627238678983566, 0.2344533331053712], [0.1682958438643441, 0.23932298338832297, 0.12167254402451733, 0.4707086287228154], [0.3564255565674354, 0.22393500099753288, 0.20626864906430833, 0.21337079337072265], [0.1990955608504319, 0.23619985702213453, 0.3519927756492936, 0.2127118064781398], [0.24544419809676182, 0.1757331832475082, 0.1753055819789626, 0.4035170366767682], [0.2921746450417296, 0.3331402800597282, 0.20463157037030807, 0.17005350452823442], [0.4045749209423962, 0.27877167463916563, 0.07828472434875358, 0.23836868006968473], [0.09919323443505378, 0.34868397706424525, 0.2950274382064578, 0.2570953502942426], [0.24925231573571052, 0.28623838107218597, 0.1603806751075161, 0.3041286280845867], [0.3222779938036643, 0.36780553510879366, 0.13701806555097676, 0.1728984055365659], [0.2132863699136382, 0.2325703047264161, 0.06378108543160631, 0.49036223992833977], [0.17021697849409226, 0.3242069956178727, 0.19444684804927934, 0.31112917783875593], [0.32075329548163595, 0.31055432526496485, 0.16013396885838457, 0.20855841039501508], [0.24770467825850997, 0.2788165642150263, 0.24644624479271793, 0.22703251273374475], [0.2818450799651778, 0.33294686607868784, 0.16585997234261998, 0.21934808161351455], [0.24583588774807508, 0.2805802632417072, 0.3135410168443801, 0.1600428321658382], [0.17127710754965084, 0.3267478434322021, 0.1959509188455963, 0.3060241301725504], [0.23359471530468262, 0.22485258333900437, 0.18177744088701348, 0.35977526046929914], [0.233919266000522, 0.2724629356563019, 0.1658836521927878, 0.32773414615038887], [0.26449208314377054, 0.2957700396364883, 0.06217167718695227, 0.37756620003278873], [0.27159596038146905, 0.31654956893283936, 0.1199264462854226, 0.29192802440026955], [0.25759520025008964, 0.3010639663426514, 0.11172277819825706, 0.3296180552090018], [0.239881329475642, 0.27306133867287774, 0.095945097085365, 0.39111223476611506], [0.20499082701899318, 0.2346760732538886, 0.06604966635679774, 0.4942834333703208], [0.2049334369037468, 0.22276714079586502, 0.2924208265612169, 0.2798785957391721], [0.27079022506282757, 0.2914014696495723, 0.20176558656169924, 0.2360427187259009], [0.2638640875888145, 0.33132533581797147, 0.17737831621447367, 0.22743226037874012], [0.27801192145906223, 0.31354593653129204, 0.25271477370463313, 0.15572736830501213], [0.34810588644420437, 0.40347997072742303, 0.09949592080518639, 0.1489182220231857], [0.19131161255085397, 0.39010339745599243, 0.1454096079022575, 0.27317538209089537], [0.23703872447147098, 0.27147964791917994, 0.1452588784175612, 0.3462227491917869], [0.17936193133821132, 0.21301201156444763, 0.24076817596236622, 0.36685788113497503], [0.2759539737631521, 0.3103424301893949, 0.1456273014691488, 0.2680762945783045], [0.2442745331752348, 0.2795003910007853, 0.2094419544886626, 0.26678312133531823], [0.18440608733123184, 0.21782469154468623, 0.3326629189259671, 0.2651063021981147], [0.22194017133171867, 0.25888430704424364, 0.1430841170001642, 0.3760914046238728], [0.20757972812978334, 0.2406899061484748, 0.14650557847215748, 0.4052247872495843], [0.2761546972051931, 0.3228231683517803, 0.20068174277497755, 0.20034039166804873], [0.28765958168332206, 0.33787183046736374, 0.1209259856666503, 0.25354260218266317], [0.18271056623883478, 0.3357121512305344, 0.21013015934188523, 0.27144712318874553], [0.22701826083734392, 0.2656553622606411, 0.146066528199401, 0.3612598487026145], [0.26696879168040566, 0.3118968198871744, 0.11436668311827752, 0.306767705314142], [0.16963199181840627, 0.19719278780423818, 0.38177933907227, 0.2513958813050859], [0.3034643964263935, 0.34487165563948863, 0.10618040395447242, 0.24548354397964536], [0.19481671893387234, 0.2247069325407571, 0.2110115784712307, 0.3694647700541402], [0.21968665506447427, 0.2474701527245679, 0.18459992347319443, 0.34824326873776323], [0.27731780470246786, 0.3168554500877338, 0.10974662297743658, 0.2960801222323616], [0.3568119550803339, 0.25765172342826526, 0.17367772596760164, 0.21185859552379888], [0.2136967681814176, 0.24514827256403424, 0.32376899495415506, 0.21738596430039353], [0.22054952855456053, 0.25511328504944253, 0.1600517813020527, 0.3642854050939447], [0.17075945981486637, 0.2881782839904915, 0.22727307387504536, 0.31378918231959685], [0.22947052196038373, 0.44301120745513606, 0.07941335530457518, 0.24810491527990458], [0.31142670554123847, 0.3053731487255568, 0.08906426509718966, 0.2941358806360154], [0.20076800558148694, 0.2889168853874114, 0.10911092855534085, 0.40120418047576156], [0.24746839147384161, 0.28099384657212867, 0.23135377223823472, 0.24018398971579438], [0.19877486512409398, 0.46313237138626645, 0.19405839950406872, 0.14403436398557076], [0.20609871223152307, 0.30301976893754595, 0.16774496589565166, 0.3231365529352794], [0.26996921695208836, 0.292854266319506, 0.09057620762479526, 0.34660030910360995], [0.18593206936301443, 0.21407202358796112, 0.3454853820233186, 0.2545105250257054], [0.16576894595711572, 0.33775273497573755, 0.14368507342487913, 0.3527932456422681], [0.24407579584664127, 0.3495868003529587, 0.12394165779560985, 0.28239574600479006], [0.2315558651718631, 0.26736584534452074, 0.09695719498818516, 0.4041210944954309], [0.34796330334211006, 0.20875980127388066, 0.1541204038906068, 0.28915649149340295], [0.20298531296862454, 0.23778774751865223, 0.12107609145584272, 0.4381508480568808], [0.2750304294505001, 0.31533654793377514, 0.09412750108068191, 0.31550552153504374], [0.2734931274834004, 0.30084303986998173, 0.09552115168477554, 0.33014268096184324], [0.3072763690750286, 0.3388137591050295, 0.12348854658234297, 0.23042132523759887], [0.22830821054271827, 0.2645363931137179, 0.12596945507223314, 0.3811859412713307], [0.16739707348892538, 0.19251826638776753, 0.21702410820793974, 0.4230605519153667], [0.24789489510344317, 0.2820838712146906, 0.33627078510207137, 0.13375044857979454], [0.2381277327757022, 0.26375832145788397, 0.20963142818616864, 0.28848251758024507], [0.15727119184957747, 0.17661676933966172, 0.30628393444904933, 0.35982810436171203], [0.11555446084571541, 0.32463280114705473, 0.13603733556313818, 0.42377540244409134], [0.2849963614848483, 0.31668214206299644, 0.10463778700964829, 0.2936837094425074], [0.2949069483543453, 0.3254760955789616, 0.0821668789548545, 0.29745007711183874], [0.2817239005472521, 0.31391795945432266, 0.1386272867446375, 0.2657308532537879], [0.2546696266932428, 0.2915704991814799, 0.2163544633366504, 0.23740541078862692], [0.1391049481415847, 0.18710104191087903, 0.3246828520802574, 0.34911115786727875], [0.10828382022237593, 0.4097851149180996, 0.20606432083836446, 0.2758667440211599], [0.2744098411445973, 0.30279900771387946, 0.24783923053651521, 0.17495192060500833], [0.20231491725157544, 0.20900545495655126, 0.2765070060723155, 0.31217262171955723], [0.2646831057411759, 0.29751088895459743, 0.15500800626750552, 0.28279799903672076], [0.2479428438973141, 0.2963300962841449, 0.13030249398608407, 0.3254245658324567], [0.2366518247938175, 0.36769413242557164, 0.15684342309303378, 0.23881061968757678], [0.13898138147920136, 0.46520425968655393, 0.16746191273898106, 0.22835244609526356], [0.26301336947490717, 0.29334979329150906, 0.1729383848525436, 0.27069845238104034], [0.19062658933340082, 0.37595174090138833, 0.19187860408763888, 0.24154306567757194], [0.26154132499333493, 0.28664227316415203, 0.15005795283033765, 0.3017584490121752], [0.1643589594714579, 0.17970635123983045, 0.40185601817942773, 0.2540786711092836], [0.2436838435241513, 0.28692625983022857, 0.2294139357462585, 0.23997596089936213], [0.21073553214755833, 0.2151238576777707, 0.32132477898296835, 0.25281583119170253], [0.279825987466602, 0.31626269673842156, 0.11201203530935866, 0.29189928048561786], [0.290947983729455, 0.35269185308970386, 0.14190566569844784, 0.214454497482393], [0.27993670749847394, 0.2999299454384472, 0.14291428522263644, 0.2772190618404427], [0.29768678044010766, 0.34235134789873334, 0.1369618979926595, 0.22299997366849908], [0.26193957460122796, 0.30130557804135544, 0.11905279047075479, 0.31770205688666203], [0.1816972460198433, 0.20034678537119477, 0.3593585559799511, 0.2585974126290109], [0.32332462237071485, 0.38088016312474554, 0.16827371221911516, 0.1275215022854244], [0.30194741601484054, 0.34367092963619233, 0.1745361988622507, 0.17984545548671668], [0.28200888605634034, 0.3156004048790434, 0.1218698148476523, 0.2805208942169647], [0.37101521052620967, 0.22554268322072646, 0.1561038033904161, 0.24733830286264863], [0.2827441472232983, 0.32982371148622813, 0.10895459474523568, 0.27847754654523765], [0.16564868301020302, 0.49801802577789817, 0.1258450195640423, 0.21048827164785675], [0.24613394283607337, 0.28691119144405364, 0.07058079723572591, 0.3963740684841473], [0.2920552456872212, 0.2343308259430383, 0.21388127444425586, 0.25973265392548484], [0.24191819377538779, 0.2899688619999363, 0.06049888333193946, 0.4076140608927362], [0.21547100250532933, 0.2430300936070723, 0.2022448546742843, 0.3392540492133141], [0.24297086871298368, 0.2550646455962772, 0.15988965518072182, 0.3420748305100176], [0.21312636869663093, 0.24206080647620826, 0.3851773830316022, 0.1596354417955586], [0.20981208418018724, 0.24339192584549357, 0.11746058998219616, 0.42933539999212367], [0.34421513898141043, 0.4078021504091653, 0.062153587577423536, 0.18582912303200078], [0.18094675769316207, 0.29076363685727846, 0.19331417353334598, 0.334975431916213], [0.32295510802421845, 0.202605982937073, 0.1917879738377403, 0.28265093520096846], [0.20746457721343828, 0.23332249817830703, 0.17520820127943051, 0.38400472332882507], [0.22183818095093893, 0.23936541556939916, 0.07097043855129245, 0.4678259649283691], [0.29111399522907294, 0.3241869764017283, 0.19412352266879113, 0.19057550570040818], [0.3712219305400853, 0.2366832083456207, 0.14286485052633274, 0.2492300105879612], [0.15318355745321155, 0.23595130827772592, 0.3437683019291374, 0.2670968323399254], [0.23589951759521027, 0.26901609251847813, 0.28491671779963257, 0.2101676720866788], [0.16360117548346714, 0.4254078516325217, 0.14817136796299263, 0.2628196049210184], [0.2005507007092828, 0.22514184480164637, 0.3540211007090618, 0.2202863537800089], [0.33472837222265217, 0.37428346818890146, 0.09086722622730299, 0.20012093336114314], [0.31679368464985136, 0.36168204901866846, 0.13208692286106566, 0.1894373434704148], [0.19462857396139932, 0.2207527247397606, 0.23882687006214234, 0.3457918312366974], [0.2260618240168394, 0.257936325373295, 0.21740807066962917, 0.29859377994023584], [0.17359262943344328, 0.2026561665349773, 0.2756413565532644, 0.34810984747831436], [0.240668487979208, 0.24039840594953674, 0.19515955416074468, 0.3237735519105104], [0.24363329280169566, 0.28045080384779636, 0.1448899798502869, 0.3310259235002214], [0.11540196219655341, 0.12965464108735483, 0.5249944443439042, 0.22994895237218743], [0.19526614833260894, 0.21616061889177735, 0.09385240132953375, 0.49472083144608026], [0.2565112530860861, 0.29865444035911376, 0.11305972520675837, 0.3317745813480416], [0.4270437509976515, 0.2548784115403523, 0.09007087323462275, 0.22800696422737424], [0.2150005671355463, 0.236276376961113, 0.31178439877941805, 0.23693865712392206], [0.2975220400130398, 0.2191933584211536, 0.09409036304107565, 0.38919423852473095], [0.2026796342932227, 0.23802672436321065, 0.30098907366211375, 0.2583045676814535], [0.27631841973870785, 0.3083539384065956, 0.1200224206775043, 0.295305221177192], [0.2252528020289663, 0.2624527753196418, 0.10880564804678404, 0.4034887746046077], [0.2548184424640665, 0.2967287283546601, 0.1531783333934363, 0.2952744957878371], [0.2611873718529132, 0.30682901023247655, 0.18512859144045818, 0.246855026474151], [0.15113506932542098, 0.1679567485410915, 0.3831684700960238, 0.29773971203746324], [0.298051249596684, 0.3420185149615716, 0.24373794874140275, 0.11619228670034228], [0.2485834378924776, 0.28886571684524226, 0.26201545621067374, 0.20053538905160576], [0.12906977517529458, 0.1490936360647966, 0.16578641590309745, 0.556050172856812], [0.23048993392244818, 0.18260482151749463, 0.3031356249245329, 0.28376961963552405], [0.24978921456063452, 0.2839600742410195, 0.10770749741000113, 0.3585432137883452], [0.19442015287372388, 0.22525310691722292, 0.20680894102864444, 0.3735177991804085], [0.2938584697503364, 0.3350472679517435, 0.17989361021227668, 0.19120065208564316], [0.24410517354345623, 0.2884746085061883, 0.18151411155860667, 0.2859061063917485], [0.11194473953850058, 0.37193786969912623, 0.1352646230662808, 0.3808527676960929], [0.3053502061736953, 0.37684468505283336, 0.11084965166355543, 0.20695545710991559], [0.24508436691543986, 0.28115807459680486, 0.2061929740353363, 0.2675645844524193], [0.1908901426011151, 0.2175328621560693, 0.14821105367974174, 0.44336594156307413], [0.2733873016440658, 0.32081766374634635, 0.18027939574545432, 0.22551563886413317], [0.26493460950264647, 0.22460249999856233, 0.19369685475450668, 0.3167660357442843], [0.29952160181786247, 0.34691111769675625, 0.1597137529015478, 0.19385352758383387], [0.1787850429994923, 0.2042989835470905, 0.31169529705395665, 0.30522067639946093], [0.3377734706959573, 0.2943429138374099, 0.08128620428849453, 0.28659741117813853], [0.09764594328407189, 0.3770844307443807, 0.1453540974829018, 0.37991552848864657], [0.18055754444615346, 0.2071241113964499, 0.2991567318136064, 0.3131616123437888], [0.2987417291760574, 0.3422720893223014, 0.1724479318183972, 0.18653824968324353], [0.2133135818267638, 0.24410594119306075, 0.23278930664358405, 0.3097911703365924], [0.27630228457953115, 0.3252597316504411, 0.10839033454339676, 0.2900476492266305], [0.24848899793550713, 0.2164695069977524, 0.2493215414203301, 0.2857199536464103], [0.2733904307473017, 0.30197268937389793, 0.1903383824671528, 0.23429849741164727], [0.2552513722732747, 0.2801880259682974, 0.09675780567833803, 0.3678027960800899], [0.32925331710682554, 0.3705110813918349, 0.1086911469129569, 0.19154445458838334], [0.22797368267372767, 0.2666640064331061, 0.2554510812866001, 0.24991122960656662], [0.3141135668565468, 0.36329941327798404, 0.15460994922187826, 0.16797707064359046], [0.24030616044787523, 0.2728097153139133, 0.24668728162224515, 0.24019684261596602], [0.2843021571756962, 0.3306455992096181, 0.12623820301064398, 0.2588140406040421], [0.29267638491552933, 0.33263642621001155, 0.18084269780364443, 0.1938444910708149], [0.2948795364357511, 0.337212180065051, 0.1472554400080333, 0.2206528434911647], [0.18512328495038827, 0.2145467923758274, 0.334173960334222, 0.2661559623395624], [0.2313943718623462, 0.2670616113947734, 0.16749485841004944, 0.3340491583328316], [0.26026411426495377, 0.3025318100410126, 0.16972118474929748, 0.2674828909447351], [0.2699565281290118, 0.31167824396640803, 0.17972743737896574, 0.23863779052561437], [0.24642503895201562, 0.29079283301388265, 0.20286242073558025, 0.2599197072985212], [0.2714067711677891, 0.30516871615019925, 0.10428192550538891, 0.31914258717662247], [0.14237363923863577, 0.1581757865644564, 0.2290483119427295, 0.4704022622541783], [0.28694142938504763, 0.3333214806865539, 0.16246125286954138, 0.2172758370588566], [0.32168337222566873, 0.26554415628290723, 0.11719833825699219, 0.2955741332344321], [0.259455795755133, 0.3023535999154143, 0.25614361390086676, 0.18204699042858513], [0.23104179708784592, 0.2679291121659744, 0.20519453987207906, 0.29583455087410016], [0.22936744427034517, 0.263930366034182, 0.24424596168683063, 0.2624562280086419], [0.3266829016497125, 0.38386716881945626, 0.06746251160942228, 0.22198741792140889], [0.09169317927989482, 0.13813856266823976, 0.2270224760838481, 0.5431457819680172], [0.2427578555682533, 0.38697211321664393, 0.14165750094146023, 0.22861253027364173], [0.19322892430316135, 0.22525534101713435, 0.15779514911202824, 0.42372058556767483], [0.37619935704387725, 0.29483574888615266, 0.1305503721757863, 0.19841452189418343], [0.24339879697468675, 0.2901405985796562, 0.0653099906141628, 0.4011506138314935], [0.2994201876089663, 0.3502016724168567, 0.09699791518668895, 0.25338022478748784], [0.22888114352794506, 0.26361327299030524, 0.2259339001414706, 0.28157168334027916], [0.24479947742849545, 0.2848145818735734, 0.10862532012397504, 0.3617606205739571], [0.306188905850541, 0.3580658022833373, 0.1112034768085881, 0.22454181505753282], [0.20034001929115755, 0.23435173225755743, 0.102820487136351, 0.46248776131493424], [0.2006014911640762, 0.12574455603174073, 0.2981562043046479, 0.3754977484995349], [0.11384111161051792, 0.28232099033020064, 0.1715137551916546, 0.43232414286762627], [0.2510074362606846, 0.29414025123268195, 0.21588038016332525, 0.23897193234330763], [0.27594992580712907, 0.30378196307871763, 0.10430331309995204, 0.31596479801420224], [0.2950587891494933, 0.3369186208556724, 0.1556609134251473, 0.21236167656968694], [0.19117700722290235, 0.22474421086530502, 0.13597235155434154, 0.4481064303574509], [0.2014522473683193, 0.2302940742273253, 0.24681766767242255, 0.3214360107319327], [0.25033049671300867, 0.278127214576362, 0.27341540130591646, 0.1981268874047131], [0.2604528781685621, 0.30059555762368295, 0.19968741725112352, 0.2392641469566318], [0.16400139478614803, 0.1839785543149936, 0.381321204851668, 0.2706988460471905], [0.28106631784468844, 0.3220723825216935, 0.1957675235056776, 0.2010937761279404], [0.2888076064913459, 0.33088217033900685, 0.16335509234559636, 0.21695513082405024], [0.30810465047994656, 0.3503389344007567, 0.13220631516325412, 0.20935009995604206], [0.23270527046906178, 0.25963287223753345, 0.233575572458335, 0.2740862848350699], [0.2063312034810834, 0.3809158587502043, 0.21733303354865663, 0.1954199042200554], [0.33707474319860536, 0.43721718280503874, 0.05746885343437031, 0.1682392205619856], [0.27397232000955624, 0.31387281134322603, 0.11025566413064271, 0.3018992045165755], [0.27262804432837545, 0.3162444110170586, 0.21253242634470162, 0.19859511830986387], [0.2715412527097587, 0.22448525872891562, 0.13396485901680555, 0.3700086295445202], [0.25666746000873997, 0.291952836896469, 0.2489354301312423, 0.20244427296354864], [0.18822778724479922, 0.482650573349819, 0.15633175607461883, 0.1727898833307637], [0.19111011953696017, 0.22102666973064422, 0.148230630669997, 0.43963258006239847], [0.18338028172102785, 0.2097033684659566, 0.3547360786457289, 0.25218027116728625], [0.21986344679517794, 0.24986105669553063, 0.09300837760941275, 0.4372671188998792], [0.26533441983707196, 0.2997329219904344, 0.16077969370904435, 0.27415296446345006], [0.19471252619448956, 0.3963737973631308, 0.18781659630719857, 0.2210970801351808], [0.16990594611357349, 0.19174029526118763, 0.3384878877912068, 0.29986587083403193], [0.14222833954954875, 0.16092877081711573, 0.4678698382012784, 0.22897305143205718], [0.22308646830808604, 0.252861101870644, 0.18739131183425844, 0.33666111798701226], [0.34896470885836944, 0.17944729855299552, 0.2562176668008428, 0.21537032578779197], [0.3286384383426897, 0.23590898429305174, 0.1387455621770785, 0.29670701518718046], [0.24273912447931367, 0.30231208623572225, 0.1276824349325576, 0.32726635435240664], [0.3013308150636322, 0.2059616782734283, 0.19060541965138814, 0.3