{"estimation": {"a": 18.22187199589109, "rho": [0.18564814708048086, 0.35425436869330357, 0.2620046120337816, 0.19809287219243413], "Mu": [[1.9027988355703769, 3.523190086548798, 0.9875207732355997, 0.0006898539661818863, 1.1234788404003984, -3.329646703199056, -1.4129978843780955, -0.8408983615875153, -1.9098793564225702, -0.7102192243991442, -1.3538913578550944, 4.401958504662911, -0.30475860232288304, 1.836076480493285, -1.0370235673620785, 1.3163563251818615, -0.2904695766990042, -2.0549798931108496, -0.3103881414072138, 0.6930169749239166], [2.8089367252188846, 4.976129776555892, 1.3476680987048075, -1.345844301463882, 2.081321857684606, -5.788470628625325, -2.7456120328877582, -2.8965423011152307, -2.5105215592021324, -1.6460749834168835, -2.5518299137634344, 6.184002525945034, -0.8799166697997093, 3.569017628520847, -1.6278171489193507, 2.969877283874946, 1.7909618218146357, -4.064240681512334, 0.26671220794447026, 1.4694406708057914], [2.718304658222313, -0.9720009736241082, -0.690801411908707, -1.8228318017733178, -0.2806310860615594, -0.15523938918643243, 0.32358908202739833, -3.8856294885752427, -0.3718653706251191, -0.001469680829056975, -0.14095610863786526, -0.333467012084129, -1.1105233763027726, -3.070458560532077, -0.734946517141493, -1.812541603718286, 2.4681391924262717, -2.146549483347564, 1.316649399527664, -0.05576754542171157], [4.277155925111768, -1.167116160955285, -1.1132581808307642, -2.1069721818005265, -0.8031674356078153, 0.7113956432016525, 1.6983880858914346, -6.405772651989627, -0.7383508409714017, -0.6189711932737271, -1.133115060618541, -0.34150364246917264, -2.4018042653621903, -6.646779730597756, -0.9558826170390121, -3.1396968684395214, 3.639478347696144, -3.9499556306440216, 2.9687178383060395, 0.12222930050261303], [0.30921510635129806, -0.849446687137682, -1.305065256085333, -0.027188953681937342, -1.876509481612357, -0.2600917257548584, 2.7341842293409955, 1.481977225302215, -2.1025156126500364, 3.4000120448304934, 1.1999920739778536, 0.8910760442589499, -0.8147906762197445, -2.4657615653565133, -3.3656821480073034, 1.3777774981330315, -2.3358615099158255, -0.20728942894625974, -0.7617210935028585, -0.37154613519410834], [0.23390623413166653, -2.7891371797642703, -2.1058239236667533, 0.48095367015572776, -1.9575603222675437, -0.6582051397635801, 5.597121497302002, 2.078043784742337, -2.3898504277206216, 4.466288278747295, -0.7980455319750993, 1.7622047008877924, -1.775283718982772, -4.499985906810939, -5.615901850198027, 2.4460786873186535, -3.032770261770218, -0.0949047020396355, -2.011277921319975, -0.5606264477394559], [-3.22795480135465, -0.5902611240572789, 2.9560305840476233, -0.8828307489857672, -0.631173537943296, -0.7693838483467441, -2.3662701617905526, -0.6120921909832447, -2.608612795103016, 0.3700021597446923, -0.3930278109888751, 0.11876403760192801, -0.5229461323269908, -2.9343112280832666, 0.9704238576400334, 0.4097545430713658, 1.1018103595298077, 0.7916359539350996, -0.682148706932361, -0.04122216502493493], [-6.0293056309024795, -1.1900304566057762, 5.136818794270085, 0.24181239513565536, 2.1490680293908913, 2.0816393676581573, -3.2522347012806048, -1.4443512988236111, -0.031552331735203845, 0.8737847908144912, 0.1509472989135428, -1.6268830924305484, -1.9914752328786591, -2.9611404691067866, 2.2245075687889857, 2.2141096273124186, 0.5478123719861168, 2.539515916490805, -0.9251488228110807, 2.422474944769406], [0.509975467771522, -4.126249967658872, -2.2694822526538436, 1.0607941853793463, 0.9809204726344108, 1.7646244020292823, 0.024835505950305058, 1.4879614314578702, 0.9319543541115445, 0.5876790229046445, 1.2100871776628244, -1.1917331394213304, -1.8288029048709, -0.21370903583948223, 1.9588489824563429, 2.833221252659397, 2.2556860162292076, 0.5468733763859406, -2.209100103615245, -0.3357016750395363], [1.1518197775484655, -6.661563967653408, -4.331214329776605, 1.6684519403601656, 3.1771841832247314, 2.781101162249891, 0.3187600835775105, 2.7202750733240664, 0.9066692538768067, -0.03773727965257581, 2.780145416750201, -0.38597567301660113, -3.621024420818694, -1.9951202286652334, 3.7780149046839813, 4.135334754520869, 4.896399619863109, 1.9209026647768646, -4.118041260861718, -1.1421376448314586], [-0.0695852246812432, -0.5277389259617639, -3.3081869235547914, 3.3001657918576877, -1.2171402007118497, 3.247692333477241, 0.042493087028550286, 0.5089817832284133, 0.3978237459065205, 3.057954849293251, -0.2854597825351164, -0.4565015011315215, -0.5519907284075692, 0.8207006131375063, 1.3942649389240787, -0.5860540586800305, -1.8905653623238192, 0.866834405041005, 2.439964237660794, 0.6715607296923317], [2.489940887958978, -4.18423245866104, -4.373276702017342, 10.177513293162923, -0.9646228387602023, 2.3604508255266436, 0.5417733848075756, 5.379918387761118, 1.1356702907196043, 6.4362895134321105, -8.950056168992369, 0.6707614453971736, 3.3517888414298502, 2.213755314039815, 0.9124405950585968, -3.442637424864188, -4.724287965740809, 1.1079130743027485, 5.886319117797107, 0.6209101335397237], [-0.6818327596017126, -0.3545190748754438, -3.289855777650585, 0.9008515955109232, 2.565980986641281, 3.0009395599664814, -2.6520201448198653, 0.38509773771069866, 0.6590712281217712, -0.8980787850718865, -1.658139303225247, 0.07308587495690601, 0.7382514007192431, 0.8079330213115977, -2.5982784973304693, -3.402101551356113, 1.3686467976159529, -0.6568931450507228, 3.4240613358099603, 0.800986919041764], [0.13006084665001125, 0.5402803548440389, -3.0659754876817105, 3.1198427759344254, -2.944302192918794, 3.3723704190017565, -2.8303377783607644, -2.835293523631529, -1.93733423824869, -3.990946678949123, 0.637537660056086, -5.239195798223527, -6.374565966328902, 5.212334400804191, -3.7572035144287192, -1.974354016292482, -3.298834749009885, -5.502832686570856, 0.7847420998438588, -11.17832657165639], [-0.8387452005169463, 0.19816714649306486, -0.3170823870649997, -1.5897308591120458, -1.9192919044758348, -0.847775842432016, 1.1782510105526764, 2.5431366664208284, 2.266681849310598, 0.1842475650969423, 0.3547392217969109, 1.7924407591330447, -0.9891941825763509, 0.5465098238013728, 3.576721754548793, 0.5178295040176888, -0.13825438679994048, 4.098970378516386, -1.602546646625378, 2.342009727921801], [-1.8727128062417164, 0.37791911264386363, -0.5203049193420296, -1.2581061827580236, -3.0616658451877226, -1.7812601290936299, 1.5067428875309228, 3.31109689956467, 4.398286592090226, 0.9492651053141717, 0.2347412346165919, 3.909046562555587, -0.8482349085214732, 1.4583640354639513, 4.163045229814556, 0.5548625898538709, 0.3875096611665477, 7.535090585374969, -2.275257434108714, 3.256901509491952], [1.4704815883635665, 0.6984268892741969, 0.15991173191645652, -4.339182041546157, -0.9338511171714061, 0.38761269262900544, 1.3311763962807772, -3.5327495827044455, 1.6032713868779132, 1.6133544760763414, 1.3100679235628188, -0.9027004237832201, 2.096451545034067, 0.39351445426613374, -2.4511910975270825, -0.6675995308711205, 1.4893493857218665, 1.8310906228191497, 0.5135510006339664, 1.9037862083413037], [3.6796850885876595, 2.211270863988439, 0.7574764075344733, -8.235954666143238, -1.814241784581779, 1.7792944852438333, 2.0169756824904352, -7.251368974209464, 3.533414823632303, 2.2563171357363645, 1.6516616792600967, -0.9755691388540513, 4.335137780839951, 0.4580131268824217, -3.114104690951026, -0.541968184957024, 2.30494695273598, 4.932589526795602, 1.0603886178678577, 3.8126024283834132], [1.0025994156947697, -6.895315509603093, 0.7553341702013214, 5.5548202850063255, -3.3168543628936784, -2.6594100877509, 2.893155170726079, 0.32455003354354695, 1.160790857409684, -1.218065588366403, -3.3772042844444203, -2.4962662830474933, -1.9749801834254408, 2.159143028816248, -6.476712309771348, 2.823103987180331, -0.38943596025689525, 2.627158384868999, 1.93932441161218, 0.7595397234128133], [-1.6623320889156377, 6.657771797476971, -0.21664325517635447, -1.778999634837326, -0.3214093133578296, 1.7317784139397092, -4.675441576359436, 0.08326978406474574, -0.999290416189257, 2.7047900870916135, 3.762752019319543, -3.7400788976032673, 0.8090955469192448, 2.030550522859555, 4.47232020489342, -0.4954391260800903, -4.9875069671336965, -2.6736486749812225, -1.971222434468907, -2.5252063781382055]], "Lambda": [[0.5555376986888507, 0.538977270044754, 0.4469149666687361, 0.5922656936339877, 0.5110479036043913, 0.4699995639333974, 0.39519893291005115, 0.4715313049721318, 0.624304384123252, 0.7027792135044458, 0.6214217054875789, 0.4185745718786509, 0.5740260204597445, 0.37862847142641143, 0.578968171200144, 0.434992691034646, 0.36578233708455876, 0.48861345945137036, 0.5871549801026378, 0.5338736280459373], [0.5422892515791788, 0.6869807283248384, 0.34354473683542713, 0.6384739871337867, 0.43536547895014144, 0.5155212093669361, 0.2992245476381827, 0.4194479321176026, 0.7467910762173238, 0.8931563348536129, 0.7500195795126615, 0.4074483086859942, 0.6613957189277442, 0.28924369549918233, 0.5844158444444781, 0.42925017225204437, 0.2526053994618416, 0.44390724997605857, 0.6123332756456521, 0.4433994194375222], [0.2942421866849826, 0.5324082616268558, 0.48162830698504966, 0.7308600940532712, 0.6402438332078827, 0.5705364853181585, 0.4031482351502904, 0.33297752381401013, 0.515933527749994, 0.4718992257997499, 0.5534095078594429, 0.6202898755878099, 0.6609575551101063, 0.394730414515376, 0.4935243066350202, 0.45062448101150643, 0.47389523800535727, 0.535199891381329, 0.4470832240851542, 0.656752181813195], [0.18134661935448765, 0.490279724573149, 0.407747368259786, 1.1656518047839164, 0.921701076744286, 0.6606321894867899, 0.2628546901012399, 0.26570208364071113, 0.4565671983350964, 0.40997626501218093, 0.6116251020476441, 0.7098697382164503, 0.7503132749917653, 0.2931048542347734, 0.38724139541248853, 0.3521197020868663, 0.4085629882748999, 0.46427127148315844, 0.38833493588618173, 0.7198273758120803], [0.5791825671525475, 0.4219985276866175, 0.6028461586853767, 0.5840701467824108, 0.4328351242151941, 0.4999629521638482, 0.30503227504058156, 0.6545793962875459, 0.4223439235086329, 0.3720009800122986, 0.48345642424582125, 0.6647750666023315, 0.5487493113318581, 0.47635824764720963, 0.4672219711055897, 0.5395707576324109, 0.6303079555042541, 0.5864396021534511, 0.7371415327865172, 0.6068082867813753], [0.700785787730972, 0.35870772166469383, 0.5738216574130744, 0.5862383698849211, 0.35200194863256973, 0.5084574222813857, 0.21280663616348125, 0.8340432772819175, 0.30150429975713705, 0.26777235168147256, 0.3733073998199898, 0.8161525919312244, 0.6083756132342621, 0.581244308593181, 0.5125738441169936, 0.578640246178803, 0.802916341125695, 0.6337489585021365, 1.140599754171407, 0.8071281158812849], [0.4382017608255568, 0.5428933463652144, 0.4497887052229252, 0.6664417272171769, 0.4312926078547993, 0.48956762716894187, 0.44487859900848126, 0.3874759604547682, 0.3764137963815145, 0.5388787027737894, 0.61976579439118, 0.5647726511647382, 0.36228484351705526, 0.5080745966847315, 0.3475483515552351, 0.5920197270673664, 0.5668572274798315, 0.614072174688698, 0.5373214600721397, 0.4442665969363774], [0.44718438381138315, 0.4727094814289876, 0.4032704037563457, 0.5641790386321485, 0.5243100851284944, 0.4502102292963452, 0.34548897882610674, 0.3044954490280845, 0.22907692380355887, 0.5825094305987534, 0.6264325464671481, 0.4059942178276433, 0.2365312157085237, 0.6108904429808678, 0.2617740600599136, 0.5441350857642672, 0.47165539970940473, 0.7503462611913522, 0.5540196549286235, 0.4126787538870568], [0.540170813354286, 0.38295981451786393, 0.4536780165281163, 0.7095672791272999, 0.5791012435729074, 0.5171636588591098, 0.5228351123300227, 0.6035514582351613, 0.7602723505846293, 0.49634204356981304, 0.5285979710631269, 0.3677422778375221, 0.5117087412036506, 0.4610334042067265, 0.5352570234677105, 0.40013249542544865, 0.36187959118942303, 0.5949933650185597, 0.5289221715567338, 0.5356861349465595], [0.4327292893207912, 0.4425679923888778, 0.37588919673373294, 0.7975269204468823, 0.5454823588981104, 0.5492562904179804, 0.43455194195555474, 0.6736036183845975, 0.9534025559246844, 0.45992450284432473, 0.44107687507106663, 0.20122776444449522, 0.5044998133440531, 0.4233512805003732, 0.690096494399085, 0.35978996359865884, 0.3118077209081026, 0.5571730468556269, 0.6262445588163534, 0.653418778765064], [0.4829833262268481, 0.5290726673991355, 0.48297269376588964, 0.2685808240836509, 0.472717109829414, 0.3599875181197053, 0.723405822440107, 0.40703103011364955, 0.5538940316437866, 0.3632430685902166, 0.19277623869642876, 0.30954208289682583, 0.3084793934714052, 0.3523860676811417, 0.7464927692721003, 0.36273377968346965, 0.4832769926997538, 0.5224249091646761, 0.36185347483447367, 0.8028094018559376], [0.39977617389172776, 0.377532003456447, 0.48033678249015227, 0.22068533256379302, 0.3518462145016519, 0.30427620982379006, 1.1479682635710238, 0.34872866597355767, 0.7001836012382149, 0.3714114911173299, 0.10353950567415289, 0.2493035531861708, 0.2589329947141434, 0.30271503157745694, 0.7298402695047002, 0.3006475691713092, 0.5390432258230878, 0.5054534041238665, 0.3088264914450701, 1.3398349805705372], [0.834254189656906, 0.2337578851895136, 0.4332628834026674, 0.6331459540742296, 0.7196389986756193, 0.5118156926876641, 0.453355258378702, 0.5824221969241176, 0.49685189100160126, 0.5382166824082308, 0.42646475274705875, 0.3819058819510744, 0.5090802421231387, 0.6818501342056091, 0.3980397277169012, 0.40942577089626975, 0.6313570172046129, 0.4771335519341529, 0.5077951060913632, 0.31027688681303156], [1.0142250993188455, 0.12897780835307646, 0.45151378246679946, 0.7846179842678321, 0.4091386365375157, 0.37401029024541255, 0.4036461831972087, 0.9022121278130305, 0.4560453791356854, 0.49135231390801265, 0.35196416300602734, 0.2689138633539083, 0.31639424229256613, 0.707221868622323, 0.30293996150723734, 0.19435225365604603, 0.458943924204691, 0.4133875764514201, 0.40193173087211526, 0.1695408590063941], [0.46794669864508986, 0.44398683821820933, 0.5855065988400047, 0.24348494466605503, 0.4319135499120491, 0.642652238670024, 0.5425933549488272, 0.43771657218316556, 0.43234707111664167, 0.4777224957322181, 0.6749349304847382, 0.2618149021438553, 0.3453054739509799, 0.3099219760728726, 0.37124867103606346, 0.6261434011415864, 0.403884253028854, 0.443999505738274, 0.3637961684107289, 0.40378322869783206], [0.40895817591050554, 0.33952100784953015, 0.6201551454761548, 0.14520405825186627, 0.3392077349360413, 0.6639045365660536, 0.5025627058597696, 0.37283358441140485, 0.4180429137476771, 0.3981554508654144, 0.7348848099834854, 0.1586623140699938, 0.22989570743028398, 0.1827767599939305, 0.2748606353543557, 0.8413382435220096, 0.33454780606328105, 0.4986560306686237, 0.2738645926479628, 0.3357405541058029], [0.36257179720526944, 0.4659682164621594, 0.505925726065438, 0.23150028208329015, 0.36919634107775967, 0.48947087806925454, 0.565472451721963, 0.2724459721959615, 0.47906921855715034, 0.6034307168222277, 0.5704805017664842, 0.40479118624208943, 0.4658239421295691, 0.35238879090314973, 0.5700146743483099, 0.5973564599443215, 0.6140904589192896, 0.3703393926906749, 0.5635831141071017, 0.40798955146446836], [0.25165634873465154, 0.3874891101851013, 0.5120860289218147, 0.1649973309053692, 0.29174199796631245, 0.41353303947178993, 0.6575386217724299, 0.17793527261188616, 0.4181602547423667, 0.6017815322707609, 0.598752654283158, 0.3467688115840234, 0.5058827029829635, 0.25679301994817755, 0.5950900107560612, 0.6808442081145847, 0.710534596815486, 0.28911509208761693, 0.5542322671502741, 0.3633628709412618], [0.46198922536783826, 0.25737859794170814, 0.8189594711902033, 0.10092493887109923, 0.6200353461300453, 0.4739385020810797, 0.5527396648879539, 0.1410466620260952, 0.669972076592597, 0.5881380279377102, 0.2779945007300373, 0.24971668572054076, 0.21139633146484138, 0.22071980784794917, 0.4369474711164557, 0.2971541545512124, 0.5987828188529276, 0.6180952598757938, 0.5703462484977334, 0.17257224877343597], [0.17931060923959788, 0.38771798946602576, 0.2916855317662503, 0.1417505961518754, 0.3030791151135671, 1.0349615887957604, 0.4700562746940264, 0.2948553869073648, 0.5041668777255437, 0.3110213718329321, 0.8627504697457251, 0.24204151401807444, 0.3173273746671409, 0.40462194031782106, 0.3147911392594391, 0.3397162569095729, 0.340558342300859, 0.97986355464118, 1.199322405468629, 0.4331780593998517]], "G": [[0.20527651499436286, 0.42054569486780724, 0.20062876236875327, 0.17354902776907621], [0.17984822208687853, 0.32610598262174784, 0.26184102487520494, 0.23220477041616894], [0.1946925613739525, 0.4042161074134217, 0.2935856068718126, 0.10750572434081299], [0.17768378051928535, 0.3344168411756618, 0.25077675333001953, 0.2371226249750331], [0.17832484829125458, 0.36437844807907466, 0.30657320001072025, 0.15072350361894996], [0.20849785965988707, 0.3957113268301465, 0.24365789966935492, 0.15213291384061178], [0.18917240103818045, 0.3854996572625215, 0.24017221935305746, 0.1851557223462397], [0.17222386814581575, 0.482751023538408, 0.25816146028543074, 0.08686364803034576], [0.1854046143979257, 0.2574935885959049, 0.37138269906940663, 0.18571909793676264], [0.15345975468853185, 0.27574803745097304, 0.1939739194659296, 0.3768182883945657], [0.20370414626882366, 0.4068630153452959, 0.22289507773478592, 0.16653776065109455], [0.1941152391680792, 0.38321415579147405, 0.2442574842396684, 0.17841312080077862], [0.21180637025721644, 0.397480036276568, 0.241122649701423, 0.14959094376479196], [0.2069709413814281, 0.47697900921856956, 0.14180869472806498, 0.1742413546719377], [0.12205528683145934, 0.20608434684706275, 0.25106610352840414, 0.4207942627930735], [0.19635781304922922, 0.45373800120344254, 0.19457096102531937, 0.15533322472200808], [0.20103716251536763, 0.4073443199390536, 0.2033034395345315, 0.18831507801104685], [0.20178791818627334, 0.31638221462633304, 0.23271186659927814, 0.24911800058811578], [0.18174565021661881, 0.27956785591078187, 0.34737184091417156, 0.1913146529584277], [0.1555476141131538, 0.32036958596319987, 0.3371016849964599, 0.18698111492718586], [0.21937083945884567, 0.47753376599294184, 0.17897043541212646, 0.12412495913608589], [0.14772255723916825, 0.49917465360911334, 0.2013538578154742, 0.15174893133624473], [0.16319847514030494, 0.39527118125930955, 0.2768783822193638, 0.1646519613810213], [0.20957208327053603, 0.4341570672069152, 0.2163911799360879, 0.13987966958646098], [0.1806768090121092, 0.33256195776341396, 0.28552861436811644, 0.20123261885636143], [0.1662320974386001, 0.2815535843209361, 0.30452631310609407, 0.24768800513436973], [0.2081815616785287, 0.3317970397101718, 0.26568741281943925, 0.19433398579186015], [0.1699779182727258, 0.2963799700417761, 0.2569004315439843, 0.27674168014151423], [0.1958296863760549, 0.4215985419801694, 0.21984650883921195, 0.16272526280456379], [0.20661082642065534, 0.2945779725250039, 0.22045567280696146, 0.2783555282473793], [0.20792805436058653, 0.38188323875825964, 0.1603090153423526, 0.24987969153880144], [0.13359483679141174, 0.3935434112634138, 0.20216625797480567, 0.2706954939703683], [0.18108181861659334, 0.3177857645955044, 0.27232474502156095, 0.2288076717663412], [0.17799143716794588, 0.3896871638415132, 0.23671295358974742, 0.19560844540079406], [0.21866169200195237, 0.3243850572981127, 0.13198565146345057, 0.32496759923648366], [0.20273856068947654, 0.4399161700088974, 0.1664107318821163, 0.1909345374195102], [0.21666420104084438, 0.39626427168442463, 0.20929744880635381, 0.1777740784683772], [0.18740408391691016, 0.40141155986503313, 0.2986149978757261, 0.11256935834233031], [0.17716534303089712, 0.3681411471090633, 0.2319700137776695, 0.2227234960823705], [0.1753759513652891, 0.4069381782093791, 0.2536020235512705, 0.16408384687406122], [0.1362828717453028, 0.2711525810312678, 0.4053323107252478, 0.1872322364981825], [0.2266954500866149, 0.40937878856551324, 0.1573276734534713, 0.2065980878944005], [0.23300239365273465, 0.3915744795193455, 0.1715910800507182, 0.20383204677720163], [0.17101015636308173, 0.2855097198709606, 0.3623526619557425, 0.18112746181021497], [0.1835718239884335, 0.39143151581824565, 0.24151857328716367, 0.18347808690615772], [0.178104060059809, 0.26949836707630587, 0.23431050644469942, 0.31808706641918544], [0.18553135945366142, 0.3417748936967662, 0.3018745446243751, 0.17081920222519836], [0.1745321087405805, 0.30776705636893825, 0.19698786115217531, 0.32071297373830665], [0.17739019264615108, 0.3280390561447783, 0.2606305154617818, 0.23394023574728878], [0.1916316862696139, 0.27038568084463216, 0.16074478843633927, 0.37723784444941527], [0.16643223833020304, 0.29597928802091367, 0.34884062544129346, 0.1887478482075905], [0.17984443460908728, 0.33271868385949216, 0.30447464685386977, 0.18296223467755018], [0.19481867434208144, 0.353152254273916, 0.21940014921585618, 0.2326289221681468], [0.22147499885276545, 0.45403968863147254, 0.1678086379542751, 0.15667667456148748], [0.13954277131662624, 0.23536889357610163, 0.36994873941849865, 0.25513959568877287], [0.18501313602959465, 0.34557011911166846, 0.2779403828671269, 0.19147636199160997], [0.19747049720954707, 0.4122553240347534, 0.17475818457131997, 0.21551599418437917], [0.1813320995310604, 0.37907802852934164, 0.26628395057639576, 0.17330592136320247], [0.1995072576475152, 0.36788846319042795, 0.245592288714368, 0.18701199044768926], [0.2057209868061283, 0.39739843554720816, 0.20346821308099666, 0.19341236456566646], [0.19118352153125096, 0.42054958068381865, 0.16724531048163396, 0.2210215873032969], [0.20498004163654526, 0.40757193017430443, 0.22513445092772216, 0.1623135772614282], [0.197879415520854, 0.33449492442811046, 0.2440330275253884, 0.22359263252564762], [0.16846388998532374, 0.3497359276980026, 0.3545578233705352, 0.12724235894613772], [0.15255197982003627, 0.2664973891054104, 0.37533202330719784, 0.2056186077673556], [0.2278784286930388, 0.452174059186602, 0.22003454832438868, 0.09991296379597056], [0.17597024564989847, 0.3608868286686649, 0.20827676482952784, 0.25486616085190866], [0.2150740136232384, 0.3505829088238491, 0.2984359761097987, 0.13590710144311371], [0.21013323984392587, 0.4055270764646254, 0.24437717743803256, 0.13996250625341575], [0.18795885164828177, 0.330217880575693, 0.2719853802049099, 0.2098378875711153], [0.1475374667648605, 0.3843865834059268, 0.19037061882070952, 0.27770533100850286], [0.21992209458938827, 0.3663846504429158, 0.21436271853351443, 0.199330536434181], [0.2023901616897341, 0.3770229691882108, 0.25445026225781153, 0.16613660686424378], [0.20275401127001128, 0.3864019486314491, 0.25073467108474323, 0.16010936901379597], [0.21046096793776253, 0.5150309913175116, 0.1672645657282116, 0.10724347501651442], [0.18895806593892975, 0.3407066109541759, 0.34160955994476255, 0.12872576316213136], [0.16643996878160705, 0.2813791783551781, 0.34981146623019593, 0.20236938663301818], [0.20079364531979874, 0.3964557230210135, 0.24325944254308612, 0.15949118911610158], [0.159816572170001, 0.24375559858225943, 0.3407589934760743, 0.25566883577166527], [0.18086746887309646, 0.3981030540902735, 0.3032049657872474, 0.1178245112493822], [0.17395650590937048, 0.37131827296814246, 0.2633632086118074, 0.19136201251067947], [0.19612064142045266, 0.3742701439457514, 0.28328889372639043, 0.1463203209074062], [0.1873289327205007, 0.27508910832063405, 0.34152293826189484, 0.1960590206969705], [0.2030650921326975, 0.3841131204383537, 0.27404344752205617, 0.13877833990689242], [0.18137350489086887, 0.317173110346049, 0.20585422087164898, 0.2955991638914333], [0.1944076298070329, 0.35274328640563307, 0.17375333909441043, 0.27909574469292325], [0.18691242731462254, 0.39519536030832064, 0.20170474807372296, 0.2161874643033339], [0.1989882094774124, 0.3839347273459499, 0.20700260809947957, 0.2100744550771587], [0.09467647728926801, 0.42764727898082966, 0.35538124251606956, 0.1222950012138335], [0.18253336573210052, 0.34823336095778706, 0.30594389134788175, 0.1632893819622306], [0.19580224911157254, 0.36863433464828527, 0.24154871536791106, 0.19401470087223172], [0.2070980868246204, 0.4374880747296871, 0.2573806577201693, 0.09803318072552225], [0.16007903907764406, 0.27546924857409166, 0.3058551853251072, 0.25859652702315744], [0.18894999297702617, 0.39959064210713846, 0.2268164473550498, 0.18464291756078563], [0.1918076487475334, 0.2631907813663611, 0.3100061063486001, 0.23499546353750542], [0.1895797101593667, 0.3778906327912259, 0.17715863662215015, 0.25537102042725696], [0.16475610667435564, 0.3022768432974481, 0.3238858531455644, 0.20908119688263221], [0.202224274255703, 0.42874531606165245, 0.18646486820969832, 0.18256554147294668], [0.1731812671174724, 0.28654901686553713, 0.18312611553808722, 0.35714360047890226], [0.1489151057444038, 0.3012317329952596, 0.44468540979495313, 0.1051677514653831], [0.16948952414809307, 0.2736822926002157, 0.17044048904846987, 0.3863876942032212], [0.18193025881180017, 0.35275114372225874, 0.2849678518426793, 0.18035074562326206], [0.14763383734770627, 0.33630950368705664, 0.2836870625278751, 0.23236959643736177], [0.2168567735653043, 0.4564246747568462, 0.1933326872530078, 0.1333858644248411], [0.18040833332867312, 0.3473330110852584, 0.30745943520654684, 0.16479922037952197], [0.18790447548637706, 0.38900532146784517, 0.21155700781767336, 0.2115331952281033], [0.2518963243089381, 0.3127588487694412, 0.333261575813837, 0.10208325110778423], [0.1759988126448124, 0.2429298604078211, 0.3565553281283831, 0.22451599881898354], [0.20215719761678, 0.3669001002705951, 0.2295345647200762, 0.20140813739254879], [0.1813458605281763, 0.36425461500346673, 0.29542233571101406, 0.15897718875734254], [0.19818124354425343, 0.41621326688895627, 0.20123900476146603, 0.18436648480532483], [0.1655509622723272, 0.29496970714081866, 0.38141889868424567, 0.15806043190260913], [0.15403951695260465, 0.2906808646494897, 0.3497498783305362, 0.20552974006736935], [0.1878651821058812, 0.38791992925974245, 0.313624320881686, 0.11059056775269029], [0.16225417621904284, 0.2527203077353086, 0.21881665538972442, 0.36620886065592456], [0.2303972006439089, 0.4187100840277214, 0.1631491412130466, 0.1877435741153232], [0.16703693510738205, 0.3514282359801639, 0.2528318515607167, 0.22870297735173642], [0.16306621074718358, 0.3130971102210188, 0.3481466795719522, 0.17568999945984606], [0.17782193625431397, 0.32442837940913116, 0.27182581048880694, 0.22592387384774806], [0.19947907381703303, 0.2767701599070203, 0.1578218565618771, 0.36592890971406977], [0.16719632883863514, 0.29584714443449023, 0.30796292783325735, 0.22899359889361676], [0.20169646439836894, 0.3979868506024406, 0.22927622885126486, 0.17104045614792635], [0.16292860100403592, 0.27786795909255635, 0.2392462600204697, 0.3199571798829378], [0.1255268172638179, 0.37772098255573494, 0.3808195426439642, 0.11593265753648212], [0.15449277416168877, 0.21387961773935485, 0.40915767116482527, 0.22246993693413009], [0.200162703468101, 0.39557240588915527, 0.17085363193783276, 0.23341125870491147], [0.23736652672828187, 0.3149459654348874, 0.2953909999386571, 0.15229650789817384], [0.18505282660369943, 0.36838525824064194, 0.2793948911426198, 0.16716702401303968], [0.14606498215936636, 0.3576156753251491, 0.3420884827856172, 0.154230859729868], [0.1883657262601707, 0.37689200657611294, 0.3434030184253465, 0.09133924873837006], [0.10264642522602939, 0.4815044629906913, 0.22621993098404905, 0.18962918079923055], [0.17463832183863484, 0.3155206860050777, 0.34451965350473757, 0.16532133865154947], [0.20822369569330026, 0.3358859724327559, 0.27324899224690513, 0.182641339627039], [0.17776801454675165, 0.3596623967593061, 0.17529056444709082, 0.2872790242468517], [0.20025092468672095, 0.4088731551676734, 0.2064680034316567, 0.1844079167139486], [0.1651750059085203, 0.27277424418366436, 0.37425352871025275, 0.1877972211975624], [0.1476428156575763, 0.28837903085887623, 0.37065066532255225, 0.19332748816099518], [0.1897489961964044, 0.41035102091205666, 0.2873142287170949, 0.11258575417444479], [0.17199799143327033, 0.3657100428893694, 0.35530438918062157, 0.1069875764967386], [0.19961434172732895, 0.35288577866572757, 0.3103378898429315, 0.1371619897640124], [0.17790734725569687, 0.36888208326089433, 0.33403984934780556, 0.11917072013560367], [0.21736413438986646, 0.3281607275067753, 0.34389661449103115, 0.11057852361232746], [0.19080437306688652, 0.3932762875119308, 0.22562179072140912, 0.19029754869977267], [0.22443796879793, 0.42167229773031145, 0.21124820025450677, 0.1426415332172518], [0.15196057189425322, 0.28555508555337933, 0.32132565977595595, 0.2411586827764111], [0.16058234458165466, 0.3557367962699147, 0.28126546095996846, 0.2024153981884631], [0.15167933693369082, 0.2837696799667045, 0.23911563186994778, 0.3254353512296566], [0.19407681681675104, 0.39817616663547756, 0.2705817173288281, 0.1371652992189448], [0.1828653172340286, 0.38590200763623916, 0.2198034378626365, 0.21142923726709548], [0.17828561948150368, 0.30966185682950087, 0.3474668339006899, 0.16458568978830576], [0.17627195829717138, 0.309067171341151, 0.28203732734231235, 0.23262354301936558], [0.18870761606705785, 0.37106490822821836, 0.17024398244510444, 0.26998349325961896], [0.17742603566639878, 0.32256041754771886, 0.20527454563369715, 0.29473900115218554], [0.17716657436410257, 0.36766557707081615, 0.15863323142874183, 0.2965346171363399], [0.16701352426266206, 0.33061343761769596, 0.3612952921046515, 0.14107774601499024], [0.17164171982867985, 0.39552877470812076, 0.1806809835633561, 0.2521485218998435], [0.16740812459064114, 0.275249058668258, 0.31966778890356545, 0.23767502783753527], [0.22224041526240929, 0.30081610849067714, 0.26230287869590035, 0.21464059755101267], [0.2108746626119816, 0.40381247263026754, 0.23175377817695203, 0.15355908658079864], [0.19054390467573928, 0.36573482733606566, 0.2698035994426961, 0.17391766854549898], [0.17690525053685405, 0.3149731890464617, 0.35427262626335954, 0.15384893415332518], [0.18041260792571412, 0.34231694247531674, 0.31785138619500897, 0.15941906340395967], [0.20334162988394242, 0.40487760131709954, 0.23888739115402452, 0.1528933776449339], [0.2176623058544714, 0.4205674018944264, 0.24498215371308701, 0.11678813853801527], [0.1941202798456822, 0.3234045232561292, 0.3417852731957383, 0.14068992370245018], [0.20275939666806883, 0.38329523215552364, 0.20990043453269042, 0.2040449366437172], [0.20465459588293625, 0.4602563336346905, 0.22765176866647532, 0.10743730181589835], [0.11729794990436299, 0.4603800000821696, 0.17631623888535944, 0.24600581112810782], [0.20955396345235439, 0.4058467703715668, 0.27449212564042585, 0.11010714053565308], [0.1871489745996402, 0.28379577347995716, 0.3235200533307568, 0.20553519858964597], [0.1943100127376002, 0.3921163524352667, 0.29190563107758727, 0.12166800374954595], [0.25179791998330087, 0.3106573816976425, 0.22480480429674807, 0.2127398940223089], [0.1784907048940505, 0.35124988976508914, 0.19854509690039726, 0.2717143084404633], [0.16025634857512483, 0.2866981644031014, 0.1865205793463259, 0.3665249076754477], [0.19410850051253764, 0.46281955327001034, 0.1978641069239945, 0.14520783929345743], [0.20689576345660923, 0.3558840175606005, 0.21447480382092005, 0.2227454151618708], [0.1661821514799841, 0.42850203803967274, 0.27537654515269844, 0.12993926532764571], [0.21934009076145264, 0.35240940067379295, 0.2797964566109054, 0.1484540519538487], [0.18474873084087, 0.33636474889440954, 0.2834244599853202, 0.1954620602793999], [0.16539821681114333, 0.3463448565908519, 0.2414359325035301, 0.2468209940944754], [0.19734265980626572, 0.4361859517022583, 0.2380631349043265, 0.12840825358714902], [0.1713702168010131, 0.3184694229529168, 0.25704529339196314, 0.2531150668541067], [0.1962550169719236, 0.32669968848489755, 0.24716576969228132, 0.22987952485089735], [0.17151929371184363, 0.41982533494959196, 0.2681182225015974, 0.1405371488369667], [0.13219098396628726, 0.2343928628847541, 0.4936543455082871, 0.13976180764067103], [0.19067733202494197, 0.3699813535905106, 0.22948875008077796, 0.20985256430376847], [0.1327330911757281, 0.21511168797108673, 0.2882796195784304, 0.3638756012747546], [0.2180718338808304, 0.4731874446383758, 0.14192516628788754, 0.1668155551929059], [0.17905369053619377, 0.44502357231775913, 0.1634268361111938, 0.21249590103485264], [0.22151622680165495, 0.40963293630013925, 0.20259415228014507, 0.1662566846180607], [0.16001516869993185, 0.25246597827828654, 0.1996669073791861, 0.3878519456425957], [0.20458279989893674, 0.337092527836789, 0.19380714945309443, 0.2645175228111801], [0.16475108534373042, 0.3079476555183726, 0.28663595955409443, 0.24066529958380273], [0.18441061016180899, 0.33959736150863973, 0.2699157746145053, 0.2060762537150458], [0.22790541504914485, 0.42184659038651795, 0.1934998352619115, 0.15674815930242542], [0.18820588441165345, 0.3348186065226707, 0.23058246837062876, 0.2463930406950483], [0.1988245837058454, 0.38551830306243, 0.20901116798858427, 0.20664594524314087], [0.19036743623827476, 0.3476508891896163, 0.21959607841015366, 0.24238559616195485], [0.16930388743652805, 0.31599082759329317, 0.31814474773663565, 0.19656053723354375], [0.19732568371681325, 0.31743846651399504, 0.22695885421365378, 0.25827699555553835], [0.20105022473523654, 0.36662995741785065, 0.2941410089248173, 0.13817880892209433], [0.11488968560317704, 0.3949482899771501, 0.16327816599036124, 0.32688385842931184], [0.1882889357409876, 0.36610369668331194, 0.21538607508179994, 0.23022129249390033], [0.150435251829584, 0.27762882574308184, 0.31608180457084784, 0.255854117856486], [0.20066295368948023, 0.32197061938305077, 0.2649939543102161, 0.212372472617252], [0.16710345376865754, 0.30351160281693645, 0.26667348792360535, 0.2627114554908012], [0.19945504838239608, 0.3775284922214134, 0.272871357945057, 0.1501451014511341], [0.19005902920892367, 0.3617593150249181, 0.18013202409468207, 0.2680496316714756], [0.17867267397236858, 0.36042217105847446, 0.31507319946943463, 0.14583195549972275], [0.17613487242904774, 0.363971701976698, 0.20993696824060956, 0.24995645735364433], [0.15675313470527097, 0.25134220570897037, 0.3387535769862948, 0.25315108259946334], [0.19725334477228637, 0.42307971978061026, 0.24469013181512428, 0.13497680363197948], [0.24020923417426301, 0.3390376974420456, 0.24885668528166033, 0.17189638310203129], [0.283371317362844, 0.3130688589918956, 0.20553411187722503, 0.19802571176803557], [0.19577809390093542, 0.3853556737656968, 0.2351027552353569, 0.18376347709801144], [0.187993978110957, 0.39752179694728995, 0.21065395524947625, 0.20383026969227608], [0.1978083151003659, 0.3818960003812823, 0.24194983165954312, 0.17834585285880863], [0.20860913238950202, 0.4441791960046195, 0.1853364600011725, 0.1618752116047068], [0.15915221477540584, 0.29245754496100224, 0.39324923209193763, 0.1551410081716548], [0.18090368777782637, 0.27069112282390306, 0.3234654647674819, 0.22493972463078812], [0.16629040636404652, 0.2890852142463765, 0.2978154703232564, 0.24680890906632102], [0.15449223298162668, 0.2739382059825451, 0.31695891372545476, 0.25461064731037386], [0.1077906958768246, 0.2732951053778255, 0.45903897093963575, 0.15987522780571436], [0.20751200941338144, 0.32384783195159883, 0.2639287329435259, 0.2047114256914947], [0.2262021885927989, 0.4036415035002795, 0.26913427022891934, 0.10102203767800219], [0.18992980246494826, 0.34881099121710196, 0.16036936644036523, 0.30088983987758466], [0.18127450867089212, 0.3522939993417697, 0.2980283267779075, 0.1684031652094307], [0.18764963590026412, 0.33666212555406544, 0.28275735430451093, 0.19293088424115945], [0.18992249320197285, 0.3895781901942022, 0.2991077655016217, 0.12139155110220287], [0.15526626449668823, 0.2577675830180393, 0.25667600759303394, 0.3302901448922383], [0.17430406362200188, 0.32278794951737116, 0.37147180096406784, 0.1314361858965606], [0.2233976687496698, 0.48926991604217274, 0.1810036900792141, 0.10632872512894286], [0.19697452286490869, 0.27637508099458624, 0.2020393296565895, 0.3246110664839151], [0.1807908225982842, 0.3430149886900599, 0.34642938825090225, 0.12976480046075353], [0.3031808765467531, 0.2783674706699546, 0.26396837274344576, 0.15448328003984654], [0.17524086481392756, 0.42281194728134935, 0.29376938411751874, 0.10817780378720421], [0.16950030252957016, 0.30774804051246296, 0.2820450577625961, 0.24070659919537069], [0.177007429177673, 0.3388054469162394, 0.3051419370773705, 0.17904518682871695], [0.15620940816058476, 0.30404343935703343, 0.31077509384292895, 0.2289720586394527], [0.1559386157481444, 0.24220627831770608, 0.31453291443368536, 0.28732219150046473], [0.1620026639196175, 0.3594173057840617, 0.1705882893331568, 0.3079917409631638], [0.17713762328365174, 0.2709690261604806, 0.25556106729255, 0.2963322832633172], [0.1984887904516478, 0.41624797835429916, 0.20925790333419425, 0.17600532785985884], [0.1821906317676155, 0.3228050088650297, 0.2935311315503969, 0.20147322781695773], [0.17891029360038893, 0.2933049429213168, 0.3047531208921111, 0.22303164258618363], [0.1698775574612683, 0.29559524588058367, 0.25857660868367066, 0.27595058797447763], [0.1476321238983813, 0.24076423365336103, 0.4479765875171151, 0.1636270549311425], [0.20112163178399542, 0.39298759489445206, 0.2285093928414603, 0.1773813804800923], [0.16006183238372956, 0.37221254951042476, 0.26794338275341667, 0.19978223535242956], [0.19125438158111308, 0.3761654477608364, 0.25176504311291614, 0.1808151275451344], [0.19387927095250537, 0.37536674745963494, 0.21500286205206826, 0.21575111953579199], [0.1815637976844768, 0.35036540117305137, 0.2770073665087134, 0.19106343463375924], [0.16043359343382643, 0.3636414032009819, 0.28088911029984637, 0.19503589306534563], [0.23990270483019102, 0.32091537845031365, 0.2589089194831709, 0.18027299723632484], [0.16905879374472974, 0.3092036570971417, 0.337732597798502, 0.1840049513596268], [0.21716386930676054, 0.4009958108961957, 0.2513343267885768, 0.1305059930084669], [0.17626618105309746, 0.2949135519731578, 0.31047197389059983, 0.21834829308314505], [0.1683280709596964, 0.30388741333677755, 0.2700542284440335, 0.2577302872594927], [0.17660979989466197, 0.3780469580180316, 0.35483376660185684, 0.09050947548544959], [0.17650623204298652, 0.3354824542025484, 0.2125725639361631, 0.2754387498183022], [0.20406876293001286, 0.4337894916287396, 0.19626911962241145, 0.16587262581883525], [0.1829288648305477, 0.3573999210502873, 0.28746152595190416, 0.1722096881672608], [0.22007508353729785, 0.4735215371314932, 0.14474259135663364, 0.16166078797457523], [0.20879304781052374, 0.42977029160094826, 0.2568643683697088, 0.10457229221881803], [0.21191122430114825, 0.4415887504779888, 0.1950285003334956, 0.15147152488736826], [0.18401377271280045, 0.37236972477662117, 0.1937701862258146, 0.2498463162847633], [0.1577941800622945, 0.27625503573476534, 0.1263078476382071, 0.43964293656473247], [0.18424537574735375, 0.3912239457936226, 0.24163279851287717, 0.1828978799461466], [0.2104608444727314, 0.3433306778728775, 0.15465787082525856, 0.2915506068291325], [0.1711859132098223, 0.4215809145821396, 0.2967967092460186, 0.11043646296201912], [0.1816322548628445, 0.3864108487463484, 0.3343224153407193, 0.0976344810500884], [0.18797359042702252, 0.34944835975169336, 0.33749329914000686, 0.12508475068127758], [0.17836445852256463, 0.3744785010757272, 0.32456566607598275, 0.12259137432572524], [0.16088498523927014, 0.44504212216405253, 0.33276154546280273, 0.06131134713387377], [0.21021031637842233, 0.4724983020229764, 0.20015156882955953, 0.11713981276904176], [0.20001694862171512, 0.4055215127145354, 0.28580163115787244, 0.10865990750587727], [0.15442773846200175, 0.23295588421972097, 0.3621448900196406, 0.25047148729863666], [0.18766639207263397, 0.3696945704985961, 0.2967912789747481, 0.14584775845402112], [0.19222869199965223, 0.3827505364052638, 0.23127090970066042, 0.19374986189442325], [0.19021745945610577, 0.3689641172779237, 0.17662579609847193, 0.26419262716749825