{"estimation": {"a": 4.9505446600724445, "rho": [0.09362259913837295, 0.0771677103266224, 0.564413155362749, 0.26479653517225554], "Mu": [[1.4321245800201583, -2.761153400480399, 2.903410195150166, -1.6454530719369644, -1.0640293779539, -1.2597536818634845, -1.6923759188765248, 0.7045388932263348, -2.802804958188597, 1.2019758783554582, -1.5393348901040913, 0.31793723772243737, -0.9639175120553544, -0.3131872882574396, -0.8045360053253586, 1.4518356618930988, -0.10405912087596125, -1.099297244228362, 0.9878749628607194, -1.058172529184866], [1.725450991740557, -2.1352533933446294, 3.2751164089914453, -0.5495584322150412, -0.4203820744080527, -1.571574448327399, -1.3488791623895549, 0.9298703790407793, -1.7083105183737497, 1.3196351583389232, -2.1030895032194565, -0.19918628111181594, -1.0908949139211377, -0.5593822957308489, -1.0834708943698061, 1.3245410517156315, -0.4624687727413823, -1.0196685877703817, 0.3727590566957271, -0.3768380637329812], [0.07459738638208512, 3.346662616110011, -3.1027837293779186, -1.6865395612804945, -1.1309832028763442, 6.919857272763732, -3.9042955515732167, 1.9090227533189983, 0.4267396242923386, 0.8471276896836992, 7.684316418919548, 3.66990642873386, -4.381567864150269, -0.5363181203363594, 0.09156840749132016, 2.9802432668550263, -7.643538540726258, -2.665756586745988, -0.9466038941289889, -0.8772745803055176], [-1.030460699280735, -3.174860578190252, 4.992508633145146, 3.350691770250737, 4.485206152823317, -1.6570870686892418, 2.010427958812615, -0.04155153638430317, -2.347395753404195, 2.9717361186849223, -4.993993192923522, -2.420016996231876, 1.1505736698979738, -2.878784581760588, -1.7341929743192037, 0.23447002563874164, -2.0873771656827635, 3.135208356321264, -5.67139452841395, 1.3928262013353956], [-0.6015182139566415, -0.3237408130648914, -0.7187355969121967, -0.5037503917862682, -4.999538787674691, 2.2991479088692244, -3.114335762394952, 1.3204933440760132, 1.1694130201515216, 5.29830874886647, -3.270357566930706, -1.5684203026184205, 1.696438619638458, -3.2977670575532696, 5.255083124087733, 0.6013533687753698, -1.3809298566775792, -7.9967998784656285, 1.3108377928912331, 0.450386163700106], [6.673597171665393, 1.2678992741834558, 2.2066271584029242, -0.9863882606133162, 5.0673178139759765, -0.5657380145471997, 2.840615880283636, 0.15363824621569572, 1.7901177753324389, -1.8118792782349034, -1.102710208758436, -0.2680685128260284, 1.0281697869426816, 0.15040224955234985, 4.02861091295904, -2.3677883270638986, 0.7503205849472441, 5.130070376274709, -0.4019093586818837, 2.6476653710298814], [2.509413589092486, -0.7948328624481522, -1.957963343548443, -1.9383355568713334, -0.36532967195652977, -0.45629801131470055, -1.5973689652762468, -3.735763440256922, -1.5019541181838745, 3.290466897929226, -2.008818385766922, 0.9447911090582822, -0.863634623773138, -0.7644418108880473, 8.705519706006339, -1.0756462973625656, 3.8230818946682965, -3.1747759941876983, -2.211243885304572, 0.4663530967912495], [2.3845598118351323, -0.6366845515858766, -1.9785832812327888, -1.9124168172652032, -0.7226440946052893, 0.11710991142988907, -1.1858428070986844, -2.41862252338431, -1.413249383811932, 3.0031188829507274, -2.0391669970921322, 1.123219846915718, -0.9551298238079252, -0.5884893105458003, 7.893281117999573, -1.5830868727098721, 3.8141749487046686, -3.134305071663809, -1.7740180610586516, 0.8575228110537663], [-0.01975564374212997, -1.4454126939699532, 0.19146409746114848, 0.512340306168819, 3.1885653794210134, -1.1555139842292683, 0.35063403119411163, 0.04819557622785071, -2.023086926864936, 3.081284740756233, -0.1851743209694627, -1.1832353076766084, -1.596604929097949, -1.8619779905934462, -0.05455671563927308, -3.8767752695867124, 1.570881210677039, 0.07007043158443067, -1.2363040318818095, -1.6392067683817344], [0.45605521967739115, -1.534224581875062, -1.0169956346206863, 0.9367548763759838, 2.1856342280694574, -0.4768170674736677, 0.25447128033313354, 1.1178584871206223, -1.7190148819844662, 1.9470935043799438, -0.4869831949308812, -0.942940321879742, -2.0567068610698147, -1.1736927403842987, 0.2054980236157378, -3.1503647564157196, 0.46004912366291545, 0.4579924054069329, -1.756680287716959, -0.5837747104089759], [-0.5155604890764693, -1.3896985633635912, 2.0941606618921687, -0.31916385252341556, -1.5780659828882824, 0.3870723941382944, 2.217994941769264, 2.1797240099316673, -2.1637782705189665, 2.8690974564101155, 2.2375509596163106, -0.7426884659200605, -1.4856946941789242, -2.818217985901729, 3.55675314068853, 1.865891902252885, 0.39745537559599203, -1.9807271725982425, -1.7263131223593557, 2.6061484089667757], [-0.7772611097362458, -1.2557261620726037, 1.9755838029392285, -0.019741310070812396, -1.7010597067579325, 0.3853441134228343, 1.9777174909657063, 2.0548092332560257, -2.0836700216142034, 2.695309935751012, 2.1064236442341016, -0.7257844240360943, -1.8940306629963932, -2.857447703969684, 3.6170101802052796, 1.8739700608089083, 0.2828220133731312, -1.789552059241414, -1.587726789140827, 2.6463191087064772], [-0.7235278521533434, -1.5330719287943986, 0.467078261225786, -2.3112890565927176, 0.4634669006469261, 1.6607975088742097, 3.110308779501641, -0.23005064634228475, 1.6860720790442338, 4.648854320377502, 0.9985999594528934, 0.8306503299750186, -0.13435182109485316, -0.8647444201056576, 3.3423173240178743, -3.5923276739541024, 0.5262830224333416, -0.8412059173286901, -4.346073692048649, -0.7845394036807875], [-2.2115776461445393, -1.9789548420427272, -4.426940761435496, 0.4602623257954693, 2.1206412375660606, -3.0966718816879633, -0.908608554629531, 1.3112070996997278, 0.6890032314435316, -9.226016506853382, 0.46306889917226357, 0.6810773261154648, 1.610294686714785, -1.4707188467673815, -1.414340762634473, -2.3228354039151915, 2.671552998530962, 3.5234097031008713, 0.6434101055334845, -12.078249955797581]], "Lambda": [[0.48569815647918924, 0.33519777803242545, 0.5348570277497411, 0.3503910478644501, 0.5310714415707827, 0.5636499619777946, 0.5960502278202253, 0.5140370096450523, 0.4798364143622562, 0.2783380147841381, 0.4657871708470401, 0.4934519003724753, 0.431863560264988, 0.4933135277852316, 0.5214352393495008, 0.5361573651825126, 0.5957000222963715, 0.6287126335250794, 0.6026477157534884, 0.3454576909284488], [0.49503007722921893, 0.38060354609031855, 0.5586035009507999, 0.3713900560879554, 0.4834073050310881, 0.5857478813459874, 0.5969270595514967, 0.4816743627174608, 0.4611537000559646, 0.3074432998851177, 0.48148260401527593, 0.49544461251272287, 0.4817028112999378, 0.4808637660938473, 0.5330483107828601, 0.5443784001566857, 0.5988796777654933, 0.5834758794969781, 0.5759734584932936, 0.35838965090463437], [0.418772741574918, 0.47527152117648475, 0.5302180385292906, 0.6253867895447052, 0.5999823363879705, 0.3112286581664907, 0.8019746823511976, 0.464362931675341, 0.45260003852596825, 0.6023258889992362, 0.22993858792339378, 0.363741329361909, 0.4218423512786281, 0.4265106188721597, 0.5498980546584152, 0.4476376218289996, 0.3413372076519131, 0.6782058280715016, 0.4507351131797264, 0.38738056928759423], [0.4765840390787415, 0.35257527163000024, 0.47165308741985257, 0.7305221218460656, 0.500909451842529, 0.42010338428455307, 0.4584883824452992, 0.506620080089651, 0.42399923891968994, 0.6484787540458371, 0.5990393334616764, 1.0493673164563344, 0.4495788609915436, 0.4537327568275241, 0.3912800837052309, 0.8070132168143306, 0.6829173311468018, 0.5835090649430197, 0.3330068612355574, 0.28008982782708325], [0.5002841696889692, 0.4452965844644112, 0.3153658334737334, 0.5748473327874326, 0.3906730704709096, 0.37014553398762884, 0.5225323410599089, 0.7928980075616151, 0.4657073951828976, 0.4338928088141889, 0.4127754544575258, 1.1517197962735428, 0.7268845944432971, 0.34641833367605823, 0.4777631197989299, 0.8809160657064736, 0.8020294241177427, 0.28987007092095396, 0.47911626271526464, 0.1304479400347743], [0.547991784855373, 0.43817692174095485, 0.5623935068874308, 0.5677794538411851, 0.37266524845642124, 0.4497206997029782, 0.43127085556474376, 0.5776526805795372, 0.4038555178162163, 0.5664532097600742, 0.5685771080802237, 0.5119649691113849, 0.4855096660584499, 0.5865963169836726, 0.33115820593088374, 0.43350315761729397, 0.4726527156078384, 0.49841101762952944, 0.7276922821131199, 0.4716164489346719], [0.49345144758108456, 0.6689046830186923, 0.6375879350136906, 0.5978596424376768, 0.32977644363396474, 0.4765186718263739, 0.552703276706521, 0.20516365162297295, 0.575204537222692, 0.5864993755172524, 0.7391549627856777, 0.8051145744382385, 0.7870900304243561, 0.5391099130507784, 0.29891125994991313, 0.605428718690375, 0.4973308410789792, 0.5337021933329302, 0.1724264048689326, 0.461389524865488], [0.5022893900199656, 0.6760441934731136, 0.6284757165793653, 0.6005343492078256, 0.35646501556021576, 0.4822292729431189, 0.5322346762197321, 0.2336091933292085, 0.5869136295293561, 0.5699375904383932, 0.7124943471177185, 0.789756794699224, 0.7348017901809402, 0.5178124368133051, 0.31617572520361775, 0.5522570940108008, 0.48596369457739425, 0.5511728037343636, 0.2000469448918806, 0.4813626610380963], [0.5523431176078322, 0.41325411518162847, 0.42156717391620985, 0.4755077737009868, 0.4342022591846565, 0.599699589281967, 0.49268563011790784, 0.5650606781746276, 0.47901423812304644, 0.3917323135575694, 0.41908787410568304, 0.4386874727878326, 0.530956702583043, 0.5199282794353159, 0.6009466751642126, 0.2693431682623389, 0.49086895054488877, 0.4941915659462404, 0.7478537559863254, 0.4092149410127957], [0.5569769031060988, 0.42020809287505095, 0.4328337503874257, 0.4532476027654144, 0.41516686371890626, 0.5955461555129711, 0.5176479003422297, 0.5760047947196899, 0.4896099937431804, 0.46171261446511797, 0.4172767183935003, 0.47932917872658143, 0.5517720886961113, 0.5140283823239478, 0.5598269386869466, 0.3048894933295743, 0.516331927815812, 0.49057664110928106, 0.6633627644452033, 0.4576934319169196], [0.5292884822385199, 0.4732110357179418, 0.5975202064461468, 0.38625496386334435, 0.29398493010289906, 0.7174436570707761, 0.3693177277567052, 0.6812893412033076, 0.4748635025429932, 0.41579205062856495, 0.5501326992036258, 0.8373341811709214, 0.26285554320434795, 0.25983657881288375, 0.5523234855158657, 0.8440426552648518, 0.7701345656023867, 0.5173677809731488, 0.4407009786444286, 0.5728153231538358], [0.5163091602824754, 0.4895949930004114, 0.622548828851737, 0.43986456209065566, 0.313970800697586, 0.6664706668292809, 0.36774236602480326, 0.6747806436114369, 0.4973989816168213, 0.4129894299988221, 0.6123603594776071, 0.8039850904128936, 0.28556634475155596, 0.2752712217438746, 0.5346928540326883, 0.8329846027543585, 0.7036440695303999, 0.570224374181649, 0.46637348418296937, 0.5778305881813558], [0.5911313220875068, 0.20591700907629654, 0.4597943812570632, 0.5174697718951611, 0.2960740815842655, 0.7328992078180399, 0.4454582422273813, 0.1803385559542455, 0.3979486387045521, 0.21038493786547238, 0.10617948153882507, 0.1222642795810013, 0.22025745450035913, 0.386566183043495, 0.33041609839701563, 0.24505421781836637, 0.30226731467359885, 0.25213871650858405, 0.19238367891069302, 0.25357780670905067], [0.4112658971125337, 0.3978763009013998, 0.4165134722044198, 0.3459393681139764, 0.304404421185485, 0.4861266038257745, 0.6738667071382944, 0.8874029366818508, 0.4787199433391259, 0.1212501846340476, 1.1053189822820841, 0.30378960741389266, 0.8545692178989873, 0.29071370369076666, 0.6867091931172857, 0.2733352008326867, 0.37892031592698233, 0.39450736076899945, 0.4511479226703971, 0.14192194970675537]], "G": [[0.09309668044393217, 0.03770941423288392, 0.5938559319693367, 0.2753379733538479], [0.039109423602680674, 0.033570833190366446, 0.4890317837565518, 0.43828795945040055], [0.3536272876946493, 0.28900710087881976, 0.3196224659807901, 0.03774314544574089], [0.032485495751394845, 0.028415131531725958, 0.8314933761059783, 0.10760599661090035], [0.13563115116193364, 0.11466131377436421, 0.339589839187179, 0.410117695876523], [0.15072546134105308, 0.019780749369225678, 0.7515144030625863, 0.07797938622713442], [0.030793962850560522, 0.04973885864738613, 0.3880867765797527, 0.5313804019223013], [0.176782656639096, 0.16872209385723222, 0.46185695116638664, 0.19263829833728544], [0.10065421782701298, 0.07120539530009452, 0.4412144282787944, 0.38692595859409873], [0.11433159593564328, 0.09676489690419722, 0.34972243799042907, 0.4391810691697313], [0.4766533641973978, 0.056923192593704694, 0.33465225103724144, 0.13177119217165675], [0.03287983493246015, 0.21090877169136724, 0.5732988361047412, 0.18291255727143169], [0.23961823820487996, 0.014456394103069032, 0.36686871746430094, 0.3790566502277493], [0.024568065270946713, 0.24764495592036892, 0.54517917878776, 0.18260780002092405], [0.07314616106936239, 0.022538495544350983, 0.6482766539132522, 0.25603868947303554], [0.13334376002470388, 0.07054152288932493, 0.6842085413567817, 0.1119061757291892], [0.07985825976426571, 0.07686415953626025, 0.4860404634172445, 0.3572371172822294], [0.06367252294683225, 0.058058016712226324, 0.7162253761870375, 0.16204408415390376], [0.05425906276993327, 0.02336154035607304, 0.7551979121902328, 0.16718148468376245], [0.08776338190543612, 0.0600995570594014, 0.7053603161239623, 0.14677674491120024], [0.016908903640731946, 0.015088211618276644, 0.8679614962427092, 0.1000413884982832], [0.03957370677881122, 0.034882472455861804, 0.6577798685306736, 0.2677639522346529], [0.05628751455141528, 0.041457408966109964, 0.684590335268831, 0.21766474121364413], [0.05237151204348364, 0.03864655220720056, 0.4907212829772087, 0.4182606527721069], [0.06051376526153124, 0.06238161003218251, 0.46093456860135285, 0.416170056104933], [0.08714190830321555, 0.025036303654241625, 0.45946080026103947, 0.4283609877815037], [0.47046400998946747, 0.06981755467643294, 0.3500856773293808, 0.10963275800471928], [0.09054481012505582, 0.11574844508549628, 0.7313050582689882, 0.062401686520460894], [0.1740346700024028, 0.14456569771338995, 0.3808229780653169, 0.3005766542188905], [0.15493424755546514, 0.1350758876072187, 0.49110857773970534, 0.2188812870976111], [0.04395891174119597, 0.036101355023987806, 0.7294877624154612, 0.19045197081935364], [0.05063556646415342, 0.043184022459705595, 0.7769643791158146, 0.12921603196032613], [0.07569036111788557, 0.059945083932302926, 0.49565162732003626, 0.3687129276297758], [0.10730199413170587, 0.08927417241094339, 0.4591971404643183, 0.34422669299303205], [0.05292321681762957, 0.04444738409877102, 0.6858927348329512, 0.21673666425064908], [0.05593525957239029, 0.04206304157916408, 0.6120543745085293, 0.28994732433991605], [0.032017650842639016, 0.027617632169571478, 0.7045581753807482, 0.2358065416070412], [0.15767005182695248, 0.022410920111615933, 0.43392047024801855, 0.38599855781341347], [0.05284540369852093, 0.07476693070630824, 0.5574030479685598, 0.31498461762661223], [0.0383386267348314, 0.06209397627433816, 0.6532734392157169, 0.24629395777511334], [0.13438768203872037, 0.15003908979748812, 0.32419011539186593, 0.3913831127719258], [0.17413215046062458, 0.22886799701006003, 0.49361627970278066, 0.10338357282653449], [0.06701764670785886, 0.05338729097069048, 0.6745943416512747, 0.20500072067017558], [0.19933469989550148, 0.18999524121083688, 0.5463590394817874, 0.06431101941187427], [0.057797422833817114, 0.04131761191136979, 0.8062014082704083, 0.0946835569844044], [0.04664737743446534, 0.0390055434625318, 0.7528843879565288, 0.16146269114647313], [0.0609122974775078, 0.0560994595774441, 0.5766280080781448, 0.30636023486690306], [0.0489553512746489, 0.032501744162576, 0.6148766136495641, 0.30366629091321107], [0.03223381136585044, 0.030515043758772488, 0.18865070962197006, 0.7486004352534066], [0.0722731281296519, 0.06087843154034958, 0.46050283486469384, 0.4063456054653049], [0.43500342864105834, 0.02250586420098859, 0.43019251041548073, 0.11229819674247198], [0.028487008364990386, 0.034496871074573755, 0.7056871872062179, 0.23132893335421775], [0.0596833466378789, 0.026413379467582106, 0.6876906377138859, 0.22621263618065385], [0.0756822352948266, 0.058243157886865404, 0.5010276528463186, 0.36504695397198905], [0.03880360380623115, 0.0320134059420372, 0.5477845830379142, 0.38139840721381846], [0.10436799851131313, 0.09288818601930747, 0.6359781099678072, 0.16676570550157221], [0.03519954266440611, 0.025386115346002904, 0.7212503659434636, 0.21816397604612595], [0.08930932755644842, 0.07042048578983347, 0.6958198270256764, 0.1444503596280426], [0.13129144469558557, 0.10968847536206348, 0.3479024205724998, 0.41111765936985156], [0.05354631513858686, 0.04889832937039157, 0.28731617240868484, 0.6102391830823367], [0.07705109525333045, 0.06124902194865654, 0.6467481897944318, 0.2149516930035818], [0.08566877512820463, 0.08427894335614834, 0.6295468431498701, 0.20050543836577606], [0.07846242150487844, 0.37553777052718673, 0.39107663734421594, 0.15492317062371935], [0.16039503487930964, 0.11625919997288452, 0.39262934985629133, 0.330716415291513], [0.05369553317590973, 0.03940234073936981, 0.49258882621763067, 0.41431329986708937], [0.03267100075521732, 0.02948098420323848, 0.479703671168043, 0.4581443438735021], [0.06611103901059916, 0.05152946336177116, 0.7973649864509729, 0.08499451117665648], [0.03115871571127093, 0.27943963771596825, 0.6121771589942185, 0.07722448757854337], [0.3024919759557849, 0.05769958434876329, 0.3807367707524881, 0.2590716689429632], [0.09649857101085689, 0.10048307808249322, 0.3691273959184171, 0.43389095498823294], [0.07653521792851359, 0.06968674694534704, 0.37311644033162294, 0.4806615947945163], [0.04442171604092911, 0.03700661685660394, 0.5212567450194183, 0.3973149220830484], [0.07324624329472598, 0.0500413445621204, 0.682307209681492, 0.19440520246166068], [0.15320704128240525, 0.1631026920347428, 0.5962207706032081, 0.08746949607964392], [0.06278425748781373, 0.05387084135468778, 0.32190786896745593, 0.5614370321900428], [0.04172583062067042, 0.031890103270253045, 0.43545956053031093, 0.49092450557876516], [0.022309793343181585, 0.026366440074307763, 0.8491509081735598, 0.10217285840895121], [0.055998241021486546, 0.043669930749475845, 0.7007811074770413, 0.1995507207519963], [0.044030276309170925, 0.03805213987032393, 0.7262195609017318, 0.191698022918774], [0.05336934647257004, 0.10399946664367327, 0.6787748850337761, 0.1638563018499811], [0.016762516344674454, 0.01495956656190106, 0.8133959410473979, 0.15488197604602688], [0.025322835793709822, 0.05147994688666556, 0.2817021888300546, 0.6414950284895694], [0.03972412752643411, 0.13302213002531754, 0.6797145147266546, 0.14753922772159306], [0.04745054916641476, 0.044611751956677305, 0.6822356651032321, 0.2257020337736755], [0.046335061787751555, 0.00799451047634527, 0.6288897601225013, 0.3167806676134027], [0.20608917644059715, 0.04100064352098775, 0.48767722459525664, 0.2652329554431593], [0.08339169639479116, 0.06240060237861475, 0.6782317583036249, 0.1759759429229696], [0.07235089269914549, 0.060966508322814146, 0.33681038037794714, 0.5298722186000931], [0.05727481382307918, 0.04436837733346562, 0.6562412730862363, 0.24211553575721761], [0.02280673427152684, 0.024185134035092575, 0.16337849976607902, 0.7896296319273011], [0.05554880713118582, 0.04556494235065146, 0.32390864347883414, 0.5749776070393288], [0.02183406670421048, 0.020347774531363556, 0.8853664558946717, 0.07245170286975458], [0.0912535919502515, 0.045159492189105394, 0.7409602201468407, 0.12262669571380248], [0.0772312774696064, 0.07456695242718267, 0.5472732792236404, 0.30092849087956997], [0.073015236263455, 0.0363740486846147, 0.6901171072472633, 0.2004936078046672], [0.06758915944189912, 0.06250384761234874, 0.8003116486688074, 0.06959534427694491], [0.02714368427638027, 0.0699940044238834, 0.3810525262605614, 0.5218097850391749], [0.13917932265058527, 0.12849498673452867, 0.6093950497535713, 0.12293064086131544], [0.02850229827648364, 0.03165717411874882, 0.7134417698023227, 0.22639875780244442], [0.06276059018659348, 0.07475927842649062, 0.3891839654924154, 0.47329616589449996], [0.25181938339212606, 0.23278651075667942, 0.45820410228380004, 0.05719000356739463], [0.16284469581936234, 0.012379765502207856, 0.3222590387108691, 0.5025164999675596], [0.05100104503116055, 0.05067202062807205, 0.7544653444895181, 0.1438615898512502], [0.037832286493372634, 0.03365158323208119, 0.8334917078685792, 0.09502442240596724], [0.1447560251197, 0.015233625668039888, 0.3740090569951919, 0.4660012922170676], [0.10603839329609677, 0.2096556379164687, 0.4194806119017024, 0.2648253568857317], [0.1049755427051475, 0.07541425426566103, 0.7224101860630269, 0.09720001696616457], [0.1068810528731319, 0.09168367545803596, 0.4774223692542094, 0.32401290241462305], [0.025604798419503628, 0.06228737088829539, 0.5244536486175287, 0.38765418207467034], [0.03880043145171266, 0.035458928583231124, 0.7631552977181423, 0.16258534224691407], [0.032659901655987485, 0.024224371401161994, 0.2911011190472793, 0.6520146078955706], [0.044582283491867235, 0.06693513187341772, 0.7771166211224116, 0.11136596351230442], [0.057786480725112756, 0.04383291325723508, 0.4011221987925428, 0.4972584072251092], [0.06359102884365835, 0.06186309111790433, 0.6877936962621153, 0.18675218377632166], [0.06818377009790914, 0.047091479196029615, 0.5771621685440004, 0.30756258216206056], [0.041236475395036706, 0.07619582072615257, 0.5679062295522211, 0.3146614743265891], [0.03779561672124338, 0.03156705589982813, 0.4018163789323201, 0.528820948446609], [0.033199250953985626, 0.024474453823533093, 0.5580712400713734, 0.3842550551511079], [0.22568899678368382, 0.2256282748905814, 0.4083349960997083, 0.14034773222602662], [0.05102886516314538, 0.04158344800626876, 0.8114354477006227, 0.0959522391299617], [0.09639554870086071, 0.06283937297635009, 0.5908970453231922, 0.2498680329995974], [0.055219340139666666, 0.04372311112061075, 0.5850909834001616, 0.31596656533956125], [0.10366761613798833, 0.09004431325581704, 0.5522653739141735, 0.25402269669202077], [0.1177640341332097, 0.0077437916909955, 0.5320787536676634, 0.34241342050813167], [0.03590340138185778, 0.029669792587012345, 0.7499770966652076, 0.18444970936592184], [0.14618352582693192, 0.11198024147221274, 0.32200928702911724, 0.41982694567173845], [0.14994707686175715, 0.0993956738308367, 0.6708343567014463, 0.07982289260596029], [0.04492421313747246, 0.029652986861657363, 0.6743307761607458, 0.25109202384012325], [0.04825819181063507, 0.03945225647332598, 0.7421697966577014, 0.17011975505833785], [0.13600140621838247, 0.016766353190034146, 0.6082775585609316, 0.23895468203065107], [0.03726342475019848, 0.030885577383816164, 0.6933380419030775, 0.2385129559629068], [0.2249885313897738, 0.22394472545446897, 0.4575042480008009, 0.09356249515495611], [0.16728711325806556, 0.13912628046105086, 0.6402843615394538, 0.053302244741429965], [0.0315649004894654, 0.029409050867726313, 0.7898720481536265, 0.1491540004891816], [0.0787858797679252, 0.05963190370466994, 0.7326131831383617, 0.12896903338904378], [0.10023777549690939, 0.069877104827688, 0.6042785038030876, 0.22560661587231504], [0.07212879039055979, 0.058547784520535294, 0.7731979136400745, 0.09612551144883097], [0.015305399229563834, 0.01694129421998038, 0.23678916285960974, 0.7309641436908471], [0.08512900567431503, 0.09337102750675884, 0.6882266301530382, 0.13327333666588756], [0.12426201436809525, 0.08982177330403548, 0.526401153370536, 0.25951505895733357], [0.031028510394509184, 0.028386009111423954, 0.6287580113502068, 0.31182746914386084], [0.07147809824156674, 0.04585864470452629, 0.3816532423325959, 0.5010100147213115], [0.11435848234922365, 0.09914269823462682, 0.4939349976601586, 0.2925638217559912], [0.06213512661583407, 0.04772837946969562, 0.7209039127781387, 0.1692325811363326], [0.10027862726471624, 0.08049168514878108, 0.3600357478248769, 0.45919393976162526], [0.04491440934986448, 0.04406850730026305, 0.4987179384689885, 0.4122991448808842], [0.08396979900139381, 0.028428749967319436, 0.3397439007805973, 0.5478575502506896], [0.21514337176517642, 0.1500318403762185, 0.24956115345370702, 0.38526363440489825], [0.03165785014890614, 0.025808189067766853, 0.5868290164485441, 0.35570494433478306], [0.05611071233710566, 0.053656612122447316, 0.736001133046344, 0.15423154249410234], [0.07499866110724908, 0.06779691531163509, 0.3109935974404409, 0.5462108261406742], [0.04236123819799568, 0.01360317184165464, 0.4952657365994946, 0.4487698533608553], [0.07001776886394387, 0.07812423092229866, 0.589031093101454, 0.26282690711230333], [0.03100498370546371, 0.024971634456161206, 0.5774506506315523, 0.3665727312068234], [0.06685091817356577, 0.061865756216735145, 0.6820857426206619, 0.18919758298903694], [0.05506135481019729, 0.041008642449232684, 0.7183771508710843, 0.18555285186948553], [0.24316820003737802, 0.020962512114773985, 0.646580473153966, 0.0892888146938831], [0.08122000995298514, 0.06267750941567526, 0.39865660062435493, 0.45744588000698444], [0.06408565698508219, 0.07009673369915273, 0.7643901615267453, 0.10142744778901892], [0.07888228195377583, 0.06039494761045319, 0.4140156334455368, 0.4467071369902347], [0.02481159045837846, 0.30185367497256393, 0.4547046273731888, 0.2186301071958683], [0.09636642928890421, 0.07998932229107607, 0.693330905503648, 0.1303133429163704], [0.10883520499137075, 0.10072033017389039, 0.3499400489409858, 0.4405044158937529], [0.23936722994778, 0.022803068585602444, 0.6421672483658651, 0.09566245310075193], [0.03695118269070387, 0.02664923148678548, 0.419059266876703, 0.5173403189458083], [0.07781926669810918, 0.12225921232328542, 0.6101949947244126, 0.18972652625419198], [0.07309359016916206, 0.05045668919779973, 0.40963160675965027, 0.46681811387338856], [0.060063415484294294, 0.044183267306976, 0.741278681939406, 0.15447463526932442], [0.05495339535661734, 0.05463839027080327, 0.6550941886995613, 0.2353140256730181], [0.06729636626603216, 0.04957851686714209, 0.40107845106020645, 0.48204666580662037], [0.12733561728076778, 0.11714727533010302, 0.6635433317507085, 0.09197377563842092], [0.18643004926225384, 0.1300062913855305, 0.41357031351227924, 0.2699933458399365], [0.0654547128617514, 0.06479295961021811, 0.6055938457977141, 0.26415848173031575], [0.09788092404679613, 0.06670972692159455, 0.6826167799418068, 0.15279256908980196], [0.08822789834332148, 0.06906685513913485, 0.4612899943312639, 0.3814152521862797], [0.07013046857207583, 0.06738506775277801, 0.6029724429188639, 0.2595120207562823], [0.051247682855949175, 0.047459108988488145, 0.44974373446905075, 0.4515494736865108], [0.13434804981921086, 0.11402156974921569, 0.6016177874587607, 0.1500125929728133], [0.107300395137473, 0.1889157680858139, 0.34162426466129475, 0.362159572115419], [0.03271923779888987, 0.02479726749335012, 0.6849634779765189, 0.2575200167312405], [0.06297187756060015, 0.04124477902582052, 0.557873661130051, 0.33790968228352775], [0.11086840424433689, 0.08741082420729927, 0.37932868691801647, 0.4223920846303481], [0.04442474858900803, 0.03259200996815455, 0.83177403545327, 0.0912092059895678], [0.11163516265814263, 0.07780316117076912, 0.6073085685459637, 0.20325310762512433], [0.18185337499820348, 0.1780309855813586, 0.46881088174302893, 0.1713047576774085], [0.16181465642702036, 0.12960396794149806, 0.596270768671761, 0.11231060695972148], [0.03402400659164142, 0.040310518306717516, 0.6070603177541698, 0.31860515734747136], [0.061621551274278756, 0.05508838112150903, 0.772476744645366, 0.11081332295884568], [0.27426628545343074, 0.2598117640305859, 0.2340942591460658, 0.23182769136991746], [0.15419265995029152, 0.10716317104555774, 0.6916406794766705, 0.04700348952748006], [0.08124115831974278, 0.07265556840129124, 0.6830375367653572, 0.1630657365136103], [0.086062466476352, 0.07290203064075394, 0.7843826689137509, 0.0566528339691428], [0.10873777364424217, 0.016315002852047393, 0.553939437167535, 0.3210077863361759], [0.08470264888341102, 0.03780777235148959, 0.4655988231861168, 0.4118907555789814], [0.28255087240411775, 0.2775374228229303, 0.31780166887217465, 0.12211003590077761], [0.24825220798742667, 0.2352301017248407, 0.4116860941007158, 0.10483159618701647], [0.17145055676954093, 0.11921049120030439, 0.5918706532189689, 0.11746829881118653], [0.08537585278146766, 0.06413959748581145, 0.7394890167865716, 0.11099553294614826], [0.03980295015445981, 0.027460680032435736, 0.8419112981996939, 0.09082507161341065], [0.056259246587697515, 0.04623836641122132, 0.4928615011042613, 0.40464088589682], [0.07642790395951986, 0.0855708070364788, 0.6847784153152545, 0.15322287368874735], [0.04087729262875759, 0.031421216645306366, 0.5368283965091128, 0.3908730942168222], [0.03914518353649653, 0.032280973648569834, 0.8594112208994726, 0.06916262191546121], [0.08359504214182874, 0.08190387025206494, 0.7401981645871206, 0.09430292301898588], [0.10405643684513856, 0.08265830210355345, 0.28318314662367977, 0.5301021144276282], [0.07173770438867584, 0.0821718490785074, 0.3730952746791073, 0.4729951718537093], [0.07873662938643143, 0.02308617976877222, 0.7952107700770018, 0.10296642076779496], [0.17190079730112978, 0.13618661629410014, 0.4064253703178889, 0.28548721608688105], [0.04744648147206139, 0.034438535345709294, 0.721807822482104, 0.1963071607001243], [0.2115674267690578, 0.18366848490062523, 0.44168867858204114, 0.16307540974827553], [0.13036038810795542, 0.09649794846237401, 0.6665075157118222, 0.10663414771784738], [0.10799573394753528, 0.09029536438901736, 0.574357713951124, 0.2273511877123231], [0.028300112722168876, 0.023646254103407333, 0.3029084350163114, 0.6451451981581123], [0.0877609595050759, 0.08186196964799448, 0.6729649122572341, 0.15741215858969526], [0.09479734212208273, 0.07107649542419048, 0.4555983911370557, 0.378527771316671], [0.14100919979406754, 0.10235563602332633, 0.46949248526527, 0.28714267891733725], [0.056398202898094066, 0.04789714074632065, 0.6101989075588938, 0.2855057487966926], [0.08154520991181875, 0.08053064730535914, 0.6529893865837637, 0.18493475619905766], [0.11359875857504612, 0.22697549967965225, 0.5273229174954217, 0.13210282424988], [0.03711491517006719, 0.03159958509951965, 0.611639446615534, 0.3196460531148788], [0.10793138718829293, 0.10852734836347165, 0.7078956920030689, 0.0756455724451662], [0.08903081380622958, 0.07188091771560778, 0.6238743737276113, 0.21521389475055092], [0.10236372219210006, 0.08389837618344821, 0.6991317516375591, 0.1146061499868922], [0.05177741229981827, 0.058112023795138586, 0.7569828039154005, 0.13312775998964366], [0.04652512708919069, 0.04104104254326302, 0.7057307311975932, 0.2067030991699525], [0.06772582402006823, 0.06390521618186956, 0.6370760607676467, 0.23129289903041536], [0.08594820307790113, 0.07691864607061476, 0.48679675960924373, 0.3503363912422407], [0.09643797018778226, 0.06345193210288665, 0.46728365133598754, 0.37282644637334283], [0.18649080575378835, 0.1368834561846237, 0.5638354097227887, 0.11279032833879986], [0.03923613243843219, 0.03186087358503175, 0.25229348225205017, 0.6766095117244861], [0.030183316314567814, 0.02529888445526539, 0.8501067068757243, 0.09441109235444363], [0.16983452222722983, 0.13462125068239766, 0.5941227722603195, 0.10142145483005348], [0.11079989826430901, 0.08775468861076313, 0.4856172726834816, 0.3158281404414464], [0.1150915694500399, 0.09497895932673937, 0.649709494218379, 0.14021997700484218], [0.08447152905436252, 0.08011129749865022, 0.517952873655759, 0.31746429979122764], [0.01585298896157942, 0.09269836722476413, 0.6714880383893153, 0.2199606054243411], [0.13464792765052788, 0.02984922446600993, 0.6581157882686608, 0.177387059614801], [0.12380109328589038, 0.09269540853359994, 0.5059355162583249, 0.2775679819221847], [0.09215079598842309, 0.08721105434799534, 0.6294513632719829, 0.1911867863915996], [0.010205149511661692, 0.020453346851868785, 0.7811228136406837, 0.18821868999578645], [0.07521742078441583, 0.08385493150551648, 0.329829413039658, 0.5110982346704097], [0.06224871333570708, 0.049253025826992175, 0.6213512003289121, 0.26714706050838993], [0.028374101645162488, 0.022572650818507605, 0.5982311304063473, 0.35082211712998285], [0.050021832840687425, 0.04100357408513055, 0.6341821637381428, 0.27479242933603976], [0.04098585273681546, 0.011402010889565772, 0.7520788157866017, 0.195533320587017], [0.03219105593667549, 0.08742384065383475, 0.5593590507016376, 0.3210260527078521], [0.08063009823061677, 0.06161143341692576, 0.4198697939720546, 0.43788867438040313], [0.06824250474402778, 0.055935757896302916, 0.7728237602045984, 0.1029979771550721], [0.19734037243852492, 0.1803391365357969, 0.5757380491836736, 0.04658244184200432], [0.11273718051094503, 0.09061057978232154, 0.6282464914684226, 0.16840574823831114], [0.03037708109988825, 0.03334481834179231, 0.7491083972337705, 0.187169703324549], [0.08430204333923327, 0.082429607970323, 0.6169771140307223, 0.21629123465972183], [0.3740721435050114, 0.01666542710186183, 0.5521692506882911, 0.057093178704835934], [0.049270092992651816, 0.04293972037984712, 0.5963066400914409, 0.3114835465360603], [0.05489731765467675, 0.07934565907995489, 0.7273388367910048, 0.13841818647436302], [0.018130559092697403, 0.038312846567445664, 0.7530428488230446, 0.19051374551681183], [0.032056885775556175, 0.10070544474016059, 0.29571896725620667, 0.5715187022280757], [0.10850663871534177, 0.0987485387850722, 0.5977589827413269, 0.19498583975825978], [0.03191600365860435, 0.3356561475579994, 0.49256188344323576, 0.13986596534016052], [0.0771590667735567, 0.06859679068342332, 0.7777092564240409, 0.0765348861189787], [0.04005972497128003, 0.03127957470738898, 0.24694871574737856, 0.6817119845739533], [0.049037022305680154, 0.035636378053910005, 0.4338106390788127, 0.48151596056159646], [0.028343592173318496, 0.28039919682447634, 0.4470552561914332, 0.2442019548107721], [0.46689947919972047, 0.023680609580363356, 0.3993604876776601, 0.11005942354225651], [0.051114881967058226, 0.07082812896289868, 0.3802676245838585, 0.4977893644861843], [0.026335660924922087, 0.07083999936064725, 0.2601831922332799, 0.6426411474811501], [0.014011613421978434, 0.02514415202514576, 0.6134071795210783, 0.3474370550317976], [0.032864505194775746, 0.41506346566153646, 0.4227640941609826, 0.12930793498270518], [0.1621630129150195, 0.15663221703610875, 0.5318652285485196, 0.14933954150035225], [0.08764092620248667, 0.08137412301649809, 0.6353130746924097, 0.19567187608860562], [0.11369005260908242, 0.03682482070267012, 0.7831345720582985, 0.0663505546299476], [0.12086869907415615, 0.14348456763535222, 0.6619521322769916, 0.0736946010135001], [0.06433166429216047, 0.03376675513061772, 0.30589330987733376, 0.5960082706998875], [0.08691907529538456, 0.06308515367986517, 0.45011548921407885, 0.3998802818106715], [0.14025961344884852, 0.10526910540488098, 0.38594210612134183, 0.36852917502492866], [0.30818419494295374, 0.2887031868327831, 0.33904893325219093, 0.06406368497207296], [0.07496425914830823, 0.021225873369993906, 0.8460648353337601, 0.05774503214793713], [0.11224759044217987, 0.0917880487675937, 0.6658637765594745, 0.13010058423075158], [0.054968116933083136, 0.04554696918343116, 0.4137384808010977, 0.4857464330823882], [0.22892478107987588, 0.21545133488158558, 0.43903037989436583, 0.11659350414417252], [0.0801873627392356, 0.06948936104397185, 0.6350396197014662, 0.21528365651532638], [0.13866931614197425, 0.12190095082940648, 0.6062222270847067, 0.13320750594391223], [0.0393685873292907, 0.036629647487398005, 0.6477564935372799, 0.27624527164603124], [0.1134686747003405, 0.14298271462384274, 0.49754100485640923, 0.24600760581940764], [0.03994077584798201, 0.02658459213900964, 0.42232340009636066, 0.5111512319166477], [0.09222672036317198, 0.0761911614341146, 0.531762475630231, 0.29981964257248234], [0.10647897282504687, 0.0802417511989546, 0.5807543321429679, 0.23252494383303046], [0.1971316247974566, 0.017613545685184657, 0.40412467698723115, 0.3811301525301282], [0.09941177342803799, 0.11002895802152168, 0.4441073332879723, 0.3464519352624675], [0.20907673515844835, 0.06313800540748478, 0.650513095624317, 0.07727216380975027], [0.07711334336954508, 0.07650904914468931, 0.6480088814573555, 0.1983687260284099], [0.06425506060950646, 0.051661765888550204, 0.27760544010729343, 0.6064777333946496], [0.08712380333981759, 0.06843357324245367, 0.6176858426341252, 0.2267567807836032], [0.11179263194954277, 0.10907191802172182, 0.5336927543346301, 0.2454426956941045], [0.013029678617108693, 0.35025567960479864, 0.48284017741896856, 0.15387446435912486], [0.08389176702216641, 0.06375845933735123, 0.5591396513634952, 0.2932101222769871], [0.17044876890074925, 0.03315447274334477, 0.7195073428537136, 0.0768894155021928], [0.23836746857903326, 0.0754852118496613, 0.5002912434324791, 0.18585607613882738], [0.04506577174115932, 0.044319548699356864, 0.6938439718504695, 0.2167707077090135], [0.170683487966178, 0.14351524100315355, 0.4834961911338957, 0.20230507989677257]]}, "supervised_prediction": {"G": [[0.04470593377340267, 0.027235926732441768, 0.5005952434356007, 0.4274628960585555], [0.14841762861221663, 0.047912262296811635, 0.43953338164036326, 0.36413672745060893], [0.0558571137816203, 0.08966791176989813, 0.7309515350181923, 0.12352343943028911], [0.032990214239242525, 0.03953297421116549, 0.8882651130183448, 0.039211698531248104], [0.058218269223847874, 0.035698706262949194, 0.42454049207872313, 0.48154253243447975], [0.07010369466648991, 0.0726287562344888, 0.3743718403083183, 0.48289570879070337], [0.06051502338724501, 0.059611065409832194, 0.7066874017595761, 0.17318650944334585], [0.0692835963319246, 0.03218723954040197, 0.8376781510422493, 0.060851013085423636], [0.15625049173123873, 0.045169958852522715, 0.6703955406464421, 0.1281840087697951], [0.17997745518530212, 0.02199897274900584, 0.5939627043661126, 0.20406086769957907], [0.02372825482209899, 0.01764828066752933, 0.8612452838131343, 0.09737818069723743], [0.06947484852102412, 0.04794032672535631, 0.6979463888703417, 0.184638435883278], [0.05587718305810896, 0.052801943825751936, 0.703960120473462, 0.18736075264267796], [0.0916688872075929, 0.08146011265662521, 0.7150675486601961, 0.1118034514755853], [0.32780918748441823, 0.022251504965097122, 0.24543738350624594, 0.404501924044238], [0.046743666957765585, 0.023840770881039985, 0.8604560474141448, 0.06895951474704888], [0.07479879027203618, 0.047767604873547496, 0.6684478771395079, 0.20898572771490892], [0.01581185904432219, 0.0187675138235078, 0.4779945871703474, 0.48742603996182265], [0.2254631678444005, 0.16975895711065883, 0.5060078720373998, 0.09877000300754119], [0.1833984540348419, 0.1097807513434321, 0.4237315774605256, 0.2830892171612005], [0.04411795910921008, 0.03481060165108883, 0.7601733656175058, 0.16089807362219355], [0.07707068694787071, 0.0940797403277003, 0.723673361929425, 0.1051762107950032], [0.15873074054610886, 0.06024371832247694, 0.5265348220110914, 0.2544907191203217], [0.07246974757752228, 0.0453946762723465, 0.785520965449148, 0.09661461070098322], [0.08754332293319791, 0.064537745323877, 0.5016434877134497, 0.3462754440294739], [0.08881523888418218, 0.05887257866801577, 0.6340492714866591, 0.21826291096114167], [0.0700336630685333, 0.05132810417623317, 0.8067704078335012, 0.07186782492173231], [0.07899627364498475, 0.03720441031642437, 0.7296446780196945, 0.15415463801889753], [0.0872513535921306, 0.07765459645356251, 0.7067139254864117, 0.12838012446789493], [0.02562908364696828, 0.03513771783492128, 0.3600983880585564, 0.5791348104595536], [0.21429571248349655, 0.108345299746158, 0.5966304820094472, 0.08072850576089806], [0.09835148366312589, 0.10955196714916318, 0.4467944963162887, 0.34530205287142224], [0.04614577175745356, 0.036896888215460416, 0.8328535096515521, 0.08410383037553464], [0.26778434161992976, 0.1775204277126811, 0.477617939505159, 0.07707729116223017], [0.16646353329287206, 0.1354373132266709, 0.6029819264865829, 0.09511722699387433], [0.026886967208732026, 0.027356058