{"estimation": {"a": 0.87728931682901, "rho": [0.1713694432244888, 0.16588171819838304, 0.19011098859259745, 0.4726378499845306], "Mu": [[-6.682261533426668, 2.0479229119581266, 1.100922633231895, 6.085214597795107, -2.5125695643619985, 2.1311175499642743, -0.6869878032822174, -1.2946487980543275, -2.534113032047227, 0.09076463176541377, 2.522234162921087, -0.3969732001164455, -3.6565893003672643, 1.6839555633404082, 4.611990851256722, -2.0965523253863236, -4.125476435317193, 2.103872357979857, 0.21653705025837866, 3.284521839089212, 0.608971348115399, 1.863271061872002, -3.4883998731387464, 2.963213177577814, 1.9422183024321777, -3.7654210359877003, -1.385195988682724, 5.118700676445784, 0.8904418718822066, -0.19436473286478936, 7.907709589552539, 3.4862865234056537, 2.39301143152403, 6.888370558042979, -1.389027029117159, -0.1436517256617824, 0.005836163313539547, -2.462542540023527, 0.3241998174845249, 6.273216840177638, 1.422396540043446, -2.8175262628895696, 7.796290671970225, -0.18944102035762778, 0.8462244491023148, 0.38054123164774506, 0.7001280769796874, -2.325454031322239, -1.12652931055255, 0.04414738423798519], [-5.093692516634999, 1.3722005435222546, 4.540999286245611, 1.158393665443036, 1.6463753212093954, -3.1017382701158227, -0.12846339548535102, -1.3633649017361664, -0.44829129818324515, -1.873091735566611, 2.0346666204952024, -2.761907545214291, 1.9690175973646293, 9.68045762204697, 1.179342132223644, -0.0662809818439135, -2.3019715660981395, -5.285638685538563, -1.9878637959624692, -4.787444369988777, 2.1770827418589644, -0.7662657542496245, 3.525880367597692, 1.6666166791927537, 1.074641416164054, -2.6929934511859845, 3.0728968768373224, 2.3082134878699807, 2.079089254114232, -0.9346282537007674, -4.517978141487442, 1.034117175204343, 1.5852990108061933, -1.177203920713181, -0.3627543961760587, -0.572965224321467, -4.25282746605361, -3.0909231988849193, 1.4070978559519458, -4.078046709237659, 1.2666066711904678, 4.1910124003422355, -2.1820312154208974, -5.941364779672716, 1.0687258687978782, 2.459092403181322, 1.0249014592160532, -1.4126961146866632, -3.3352862155324425, 1.375880107464091], [3.0494638174820206, -4.996379166922166, -0.01282680183855005, 3.062976201232905, -1.9530170439117847, 2.7481564430981242, 0.35050242655439257, 2.3154553333192864, -1.2250512633152937, -1.3849769674769092, -0.3252435042910572, -0.5817141958670126, -1.7253201309494122, 4.328292111508995, 4.9954250280757275, -1.4726484617101028, 4.368906603428498, 2.077038730438755, -0.5826925925175328, -0.4098572234083735, -4.165692997879205, 0.7453503103484381, -0.1494298726536934, -0.04255600089627573, 2.107376283358252, -2.014887235853851, 2.491733529469348, -5.091799581327773, 1.5742255648661, 3.9024730574057185, -4.340887552727707, 0.9682908622079699, 4.97042944155363, -1.3284110265184341, -2.001998364396323, -3.5780330001785394, -0.35417245240138456, 6.689458508361143, 3.0540196306557976, -7.746787325252928, -2.1116977504412744, 1.4480695577321994, 2.7058425256900462, 0.31821512635974275, -1.7574291669708004, 0.9348899899059282, -2.1906584843488695, -0.23059633162575857, -1.4538546319935717, -0.07786938741838756], [3.037526457429678, -4.981237604032143, 0.0348372702632654, 3.0841552870460913, -1.9372013173296212, 2.7472513227586237, 0.2826767412310245, 2.3189101321922942, -1.1790727707003896, -1.493087598779177, -0.3711824749743644, -0.6261166587749372, -1.8876756777025223, 4.344262223132813, 4.992451988426497, -1.329047531199651, 4.4166547409317145, 2.074714750621064, -0.5830174906812753, -0.4499550689493492, -4.030850710049666, 0.8119497096449806, -0.2738485172282336, -0.0020678382597969264, 1.996917014995844, -2.0197207390105443, 2.500405621786115, -4.987739796488406, 1.603065362541197, 3.900291521343557, -4.264061861186829, 0.9952196437014794, 5.056991929329479, -1.2398473670867571, -1.9937151169895388, -3.5953205135781556, -0.30152888656963434, 6.841319885315183, 3.1569108093160017, -7.881233017383597, -2.0837715990079797, 1.4100372145954025, 2.737403502196938, 0.3454916147934573, -1.720240596599858, 0.8937109007821792, -2.1510706540049607, -0.28491410690766783, -1.4057605224122016, -0.09315318833152217], [12.468006045121559, -3.250167294517648, -3.189272564876776, -3.902217096681991, -5.869452431986596, 2.8741648800190265, -1.7746019630328216, -5.381385055371421, -0.2943850424351719, -3.430443288451524, -1.3483086104407163, -1.5558231943999208, 0.2013018741015256, 0.0765654136984218, -3.3656527056099312, -3.943381249273375, -1.856509478741189, -1.1514490648706508, 6.2418685562852785, 4.617221315366336, 1.6603158058328933, -4.5440706014023515, -5.299066204020409, -0.7907568761105497, -4.693641978153956, -0.7024864661943077, 1.079316354445312, 5.526384289280602, -2.3959246963549696, -5.102331235993132, 2.496576600166115, 2.1622443388192103, -0.3137311782702745, -2.9549126589937353, 2.375744364253818, 0.13686343253772953, -0.799959476462239, -0.2665608900835963, -4.111443687972647, 2.4700900424541383, 6.896035215645615, -5.094141987624708, 1.3178478343903233, 3.198682725404098, 2.049693947411955, -4.404028219778004, -0.9055966081223946, -4.485351770264568, -1.9647523380203433, 1.1425854036170626], [0.023464560146972232, -1.9252511250022761, -7.55701298114422, 0.07633062542737024, 1.959485908500126, 4.695147202026022, -3.5488393084014045, -3.3314032136596197, 3.793903132430585, 5.16337016636823, 2.1701033710144837, 0.3945772265665572, -0.005618820673834098, -3.150378586468361, -2.81926949201001, -6.484925657137857, 2.6923687506911116, 7.952104826497472, 2.265596467208528, 8.118326112641244, -2.8516836325103867, 8.00677499077289, 6.172763490175756, 2.060063965706773, 5.690197780464527, 3.4950015843119764, 1.8267510838444663, 4.163077910511815, -16.947246608787204, 1.5592358138688798, -2.887199373666498, -0.7739487997810726, 0.0332545769663707, 3.8937680475991416, -3.4654862874542482, 3.628161106906983, -3.568882321141627, 0.9846732098203633, -0.009960418061504115, -0.6265376522576108, -5.25978942391069, 1.520152169240576, -2.9908226668533393, 1.280385530005002, -2.6904863823243867, 4.627582919663508, -0.16279994477435672, 1.7020264763105684, 3.633334154131029, 6.965514071720205], [-0.9151399092373507, 7.338934327990349, 3.6455422920902762, 1.9570993350439005, -2.997278794557035, 3.1684903452832835, -3.190135984577121, -1.540487398726255, -2.6454349911560437, 1.1974213326029783, -1.9755966696728704, -1.8408538986678842, -3.2137952618594454, 0.7446554060554299, 1.2628325838164134, 10.622287176586656, 2.235883588082674, -2.9714702998269753, 0.6309452337029188, 2.438672287678923, -0.8617277396617041, -1.445549778572488, 2.098732720045123, 0.6652060463530638, -0.7418624496441757, 1.315317912212488, -0.48501516081992313, -6.401621136607137, -0.5118283571382864, 2.7628490095450475, -0.21880516897107236, -2.013594852054904, 0.0009202262342619549, -2.8554019060243307, -2.7297893317902626, -1.0060218270741128, -1.0160210123612, -3.2184527912758987, 0.9536261511102139, -2.105641402862724, -0.48606025701043876, 0.9100553487956246, -0.8896393393208163, 1.7877129866820773, -1.5264815974891106, 0.8797237381454959, 1.1835989369019781, 2.5928356670957213, 5.70793482858098, 7.272403710429481], [-0.9411868980429562, 7.598327405412378, 3.695532170263576, 1.671818821829911, -3.020207014612746, 3.112784890789219, -3.154555385350429, -1.6131592246458606, -2.6576608817245058, 1.209526734174336, -2.0561885948488805, -1.589518885391079, -3.2640160350850422, 0.7640309629312773, 1.2158038940943414, 10.779588454731327, 2.19115166843119, -3.03892623020823, 0.6686613196904422, 2.4772248646263217, -0.9001799936120702, -1.5438518526384364, 2.1046701959760856, 0.5325807716965585, -0.7524424444896564, 1.3951256312580198, -0.4968639793076555, -6.502299526593922, -0.5416702219444747, 2.782924654711213, -0.20768008137448066, -2.1368134590962735, -0.031572838128286575, -2.836241639952643, -2.7055183082779983, -1.005596143868553, -1.1027147786003313, -3.1722435637052895, 0.9163479689271521, -2.0558400703730992, -0.5072601671427512, 1.0005240999210008, -0.8906548410078655, 1.7666249258716955, -1.5085022207205432, 0.8585811617183189, 1.2065786830154137, 2.584301278360216, 5.690499795053532, 7.251935336599683], [3.3027768111280764, 0.6432354424234757, 0.9264961192209414, 1.899221644843468, -2.4375461254187285, -3.502789576880118, 4.366961129976332, 0.840919792127202, 1.5562017704531521, -3.3721501218903644, -0.08489964906013989, -1.445344544441903, 0.0038546003501450294, 0.051004794154214196, 0.4688312402040316, 0.237044010736074, -6.261301913591734, 8.086031692344552, 2.3626931040641272, -1.084093651185447, -5.4164392991450745, 2.2717623988280167, -1.8330001253588437, 1.832842845882014, -1.3438660830437232, 1.3416945077746674, -0.09802519259556366, 4.467530344613913, 15.507092102069645, -2.29854464851033, -1.3146349731417468, -2.6261220079297924, -4.068681439283601, 3.7278553808458676, 2.518373938401021, 0.2256765789893738, 3.6238702552523967, -0.3522397528365462, -2.2108933601977427, 5.028122541624952, -1.078898063470319, 1.5861999581617086, -1.2077750716501177, -0.1305705307691063, -4.998007301434549, 0.7885753651059619, -2.335187914145137, -1.6186242089488672, -2.4227924263392993, -1.126741812120892], [2.545006109626539, -0.15916695075042087, 0.4260026851741177, 2.292030580545833, -3.321835965973252, -3.7883957406519504, 5.501152002172286, -0.3382511653204536, 0.26639159757423514, -0.2648284579203238, -2.738941061612906, -2.4905447519166413, -0.4645665901703308, 3.5255137469996902, -1.7444079689652208, 15.157455246115314, -6.446384615965405, 9.905256788750256, 2.5636574423894833, 0.3698275385530565, -2.3040538245346878, -1.4778942827850092, 2.5109278914160313, -2.446813183426488, 0.8711237271493625, 3.6743991108329657, 0.05147026900090858, 0.9037538552794235, 11.957733843285233, -2.088882402497154, 2.1901593616165225, -3.3309356372358367, 0.6178911319400462, -1.0349472281006948, 3.583319409385294, 0.9147296689305426, 1.9258413938923369, -0.40099816894690665, -4.738442533508199, 0.1806479988376599, 0.6654343064379817, -1.7407687018894364, -0.9170783032943495, -1.6312572030469363, -3.1462302146519567, 0.2261591759382668, -0.3265060099586381, 0.0546969031562417, -2.472121488921933, 0.6544978266774866], [-2.7598398802960835, 1.168557874069095, -2.4052926595636204, -3.303179904022632, -2.141635666560863, -1.0368545487196459, -1.2465107352764127, 2.7488242762182145, 3.286642727028408, -3.5545494367381547, 0.26288761631657315, 1.1835177279731703, -3.926966365734996, -2.0976583454798035, 6.74389227616548, -0.6799159040765826, 0.12449083863438591, 0.9062988743302328, -5.0224884609011475, 0.507386470722729, -2.4820133751201245, -8.185844479022883, 3.393654359273124, 3.140182838221727, 3.6783754709388794, -3.1154789876587703, -4.108465244233235, 2.5551465035752337, -0.5357201411293787, -0.8464745662075893, -1.399446479438559, 0.7328534989706729, -1.347913500634979, 1.8509512773116663, -1.1144232617040637, 2.8883861774756756, 0.9639516207286298, 1.6534428331336695, 7.327484759411656, 2.5266480777506928, -5.018227935639641, -0.811618277900528, -0.3509137263016078, 3.5223086455518247, -0.05540479178429502, -6.6303600754524785, 0.6760600139766231, 0.8654624799561987, 1.327048691339582, -0.39320926432698683], [-2.7425983076918503, 1.414099519050183, -2.4147949902065164, -3.28086307279974, -2.1775197132383837, -1.0203159948235039, -1.2100280566799606, 2.7396365701509837, 3.382390757123873, -3.4985917649624705, 0.3952245574382196, 1.2075467127118085, -3.909402332139733, -2.0984337785753606, 7.003284797249681, -0.581865905428722, 0.12161710659821938, 0.8508949933678555, -4.96308531057442, 0.537529180004251, -2.548344149036745, -8.198690085254716, 3.4274982305685056, 3.1113564458514724, 3.624850126879484, -3.1217947708821447, -4.080826991378902, 2.5307613119934467, -0.47513878202272103, -0.8382915954556467, -1.518945849650193, 0.6681819414067498, -1.388554192734464, 1.879558261160567, -1.1144186311793591, 2.9665536391394456, 0.975804756268073, 1.6827501963552527, 7.6036992446032645, 2.504092696918708, -4.971954807298445, -0.770635511728341, -0.3686197820200834, 3.5811827874725193, -0.020275584260559577, -6.579562832472632, 0.6764300824713745, 0.8938071481383831, 1.248523594991819, -0.3808219548120799], [3.94277502068984, 4.517524520269723, 1.0381573396180097, -0.27436934904910104, -0.08542240807990456, 1.852799688929304, -2.5068984195285733, -6.181020867851497, 1.162003015373823, -2.475342935824121, 6.180339982002475, -1.3114409559415003, 2.0818894005656987, -3.2573781241983695, 2.6501307906774376, 0.2722428145127849, 5.728455869916165, 0.08083616259853776, 3.885076884830054, 4.818832248154482, 1.2887764839539373, -54.59213756730429, 17.268438188267712, 2.090659244430541, 1.7461446080572194, -1.2053538199284755, 0.645212297519217, 4.04107321866684, 10.045339619727478, 1.5871181723656993, 8.046779106519502, 3.244522220583789, 2.133770832296585, -2.57016047172792, -1.0330198812427802, 0.043777787666722724, 4.922114412243083, 10.511877384391314, 5.172248913414374, 4.48441595428027, 2.664041550965729, -1.5834699092687328, 1.0585278452598226, -2.4530292374822213, 2.289007275905892, 4.169114210114452, -0.9769460066854979, -0.6803188661896585, -6.316214903345606, 3.990556919089635], [0.6235818034273164, 0.19467632984229233, -0.8274674046165291, 1.3918876061572707, -1.1890691031843583, -1.3623623513007612, 0.16070593026785665, -0.42116649318803345, 0.2608734383500212, -0.7046183083254279, 0.6393073267112398, 0.13663772196923085, -0.5688939914434665, 0.11709794510134944, -1.9218345490709625, 0.6912051848262398, -0.7835604304124469, 0.09554721633834999, -1.7966363448278349, -1.2316231589491282, -0.5053088917058695, -0.5044790371460308, 0.6043470121896023, 0.7550872707287266, 0.10412628551756815, -0.15760374806617275, 2.1485402769635917, 0.3393030123408617, -1.4725925262778043, 3.0308947857518147, -0.744948512077801, 0.5106362080227964, -0.008530634383682664, -0.14301895612190954, 0.2852171571959, 0.7335175879633258, -0.8847870813996667, -0.8067383492819095, -1.0955631337583738, -0.847695354237591, 1.223130451951145, -0.9593544457109318, 0.9589962337868656, 0.9275507220325147, 1.0116307212441709, 0.0675698928464135, -0.619544730005296, 0.7529087631623752, -0.48469306256428496, 0.604999649758619]], "Lambda": [[0.1684818262573612, 0.8418992269027883, 0.6715128243585862, 0.3754350534987666, 0.1032937319649682, 0.6808109610404682, 0.6193273811358868, 0.2051430121120291, 0.25188225957804655, 0.5953656467729349, 0.20543191691869117, 1.2666382020198248, 0.07146204480136815, 0.6065299926868154, 0.3642618258902179, 0.5648029234630824, 0.11102341572564037, 0.49904660558445985, 0.33164551170378875, 0.25502991763806077, 0.26746934168618236, 0.5008628290633769, 0.6175103443652744, 0.5100183468319056, 0.07955397796645376, 0.3197844224764277, 0.2377656139216601, 0.14874104638358968, 0.5696625563398167, 1.1756711733228382, 0.28053928120829946, 0.7211134575238235, 0.4284811963855163, 0.2650922581480896, 0.44290490405447913, 0.39539392978482224, 0.27436465514982605, 0.2235750765894575, 1.0213150140840441, 0.18212414294638574, 0.6940431179581216, 0.56047185701647, 0.22271737836229513, 0.6855816612978353, 0.8579014821565383, 0.4525807120318667, 0.9059909297216886, 1.0274174026379448, 0.40477406589585574, 0.4010631060149666], [0.6959512715254011, 0.4704115833541763, 0.1994893938800972, 0.683630452400135, 0.158385834274153, 0.9531937100309741, 1.294781134623181, 0.9220629126037703, 0.7855760912653044, 0.11925062597183214, 0.354131753941726, 0.8174758485872906, 0.5562442781802573, 0.16289359158475625, 0.3730830820374047, 0.6775061452999549, 0.22840182354819397, 0.5913215350963258, 0.4806802684097312, 0.20951701301878614, 0.3012689944804254, 0.3456188360012156, 0.5644297695649162, 0.47955890322427874, 0.30400209624254626, 0.8895120720439987, 0.7990710772403897, 0.14073948927875116, 0.5642773319523491, 1.461319196805628, 0.30550789706151443, 1.1321923998393841, 0.12978025529473083, 0.46778027744957773, 0.40247673063650763, 0.5744916384993116, 0.35090183512212586, 0.6242497154953414, 0.36912789612264524, 0.5807542311406759, 0.6194242857047857, 0.6216503445851366, 0.739393350746465, 0.27085008971707897, 0.3137471864972492, 0.2058074453179842, 0.5403305707235309, 0.5740040560411902, 0.44876584125369684, 0.9208177480151041], [0.6888120014469967, 0.21388444595707792, 0.6733699110704745, 0.48713593446905273, 0.7468413434920086, 0.28931049611130866, 0.737566883961751, 0.7313875326051119, 0.42076389433097966, 0.5939793263776509, 0.7024778708041807, 1.0279016935974563, 0.26515936344157315, 0.31711080863165414, 0.2756031431425841, 0.780181195368463, 0.396079006348739, 0.9331366284096776, 0.9224447674870994, 0.33470573860025027, 0.39822345656048463, 0.7326564064402783, 0.22798163957930342, 0.3392419820211782, 0.3563792833650507, 0.817419901330649, 0.6983444074042833, 0.22212573030643096, 0.9454628810445032, 0.8120008858466164, 0.721407463488937, 0.6951385837358505, 0.27998910311181746, 0.8556526472892877, 0.4269079790643428, 0.7078519423222313, 0.6399380162222673, 0.16331582621006882, 0.32277701315032026, 0.5109401234184257, 0.339848170837908, 0.751907305263059, 0.3296652000344071, 0.5166951812255074, 0.8325516709901186, 0.19660741913134824, 0.49639110474739373, 0.4029272453259365, 0.5385607151713189, 0.5582349907732584], [0.6829981999259142, 0.21158612114915118, 0.6683737281281751, 0.4622419111865806, 0.7619964375486031, 0.2993249983703315, 0.7285572098866886, 0.7461057794158376, 0.4186440428479106, 0.5747291767240541, 0.7013962590337399, 0.9944885582569245, 0.2685904428929182, 0.3244085198431669, 0.26429821330263215, 0.7905591978656641, 0.38617060803817804, 0.9497763024753695, 0.9200843575902743, 0.33574855764886585, 0.3991430425748575, 0.7341192049977913, 0.2317262022158137, 0.34165460381363094, 0.35625660603718606, 0.793548390230965, 0.7104906280067161, 0.21366987451730954, 0.9543902162345704, 0.8245053103281355, 0.7611999115149816, 0.6701551729475695, 0.28587699131121813, 0.8270539230936566, 0.4343959322911511, 0.7061523573781064, 0.6584221049160979, 0.16639407330342362, 0.3355116205114584, 0.5511263780244169, 0.3367298392772668, 0.7339389456363928, 0.3212588962759848, 0.4953723551130878, 0.81233735358491, 0.20076151507893275, 0.5085554940102499, 0.40260484535637836, 0.5389841802875204, 0.5724204112676399], [0.07006134001353673, 0.25369900085360436, 0.5727395531921282, 0.45577240066529484, 0.311876584078174, 0.569209513301832, 0.30884210433580295, 0.14129212896886487, 1.1617909487919749, 0.38873398023032724, 0.8980743342609554, 0.4268252253408624, 1.5697774512037832, 0.42566025668529883, 0.7521154521968069, 0.39165640826335, 0.41340590302146835, 0.5895397397539425, 0.27617023939215873, 0.35624005682436644, 0.4661451468636763, 0.35795550719873864, 0.3388573856020333, 0.6502687280508868, 0.3229419975636917, 0.7605279387820684, 0.5138730909716659, 0.3415276013337322, 0.7629313350531756, 0.3931802654928456, 0.21456522410513676, 0.3081372277867302, 0.5704220632260288, 1.0867084134231002, 0.29634457687601834, 0.7037436007054256, 0.2906193006113948, 0.7590289231883485, 0.7126026289329163, 0.4576850341964664, 0.10600252014001531, 0.1619656615602435, 0.8835713214652288, 0.4451084391828501, 0.9831371055720607, 0.30938250356516755, 0.715727466260666, 1.3135812985488848, 0.0947676954094203, 0.43686218149762623], [0.6037046350549606, 0.8640105306133989, 0.23547267929347154, 0.810402687528908, 0.7423792826461446, 0.2385280874588684, 0.40685015012345743, 0.6740109781921123, 0.6013009629561971, 0.5279657516980395, 0.5397616590593809, 0.5914386342776351, 0.6791677085208832, 0.39156549389940015, 0.19347370493028418, 0.22212511559167708, 0.9109725260911558, 0.4122549746914205, 0.1627782741677493, 0.08701906152759817, 0.28005917149359505, 0.2189926042588402, 0.7747963415082644, 0.6664064444723954, 0.37275277114729666, 0.4540313180273565, 0.7274800650770276, 0.30378834787655434, 0.07114090502039955, 0.3880907446477799, 0.3120554313194367, 1.3090468711905756, 0.6254462390046271, 0.48449121027194164, 0.2777692686041107, 0.1479524786949462, 0.6899227342424868, 0.04975470837767357, 0.3437720673118734, 0.574988521179305, 0.36781242404871767, 0.5597673543890644, 0.39595761920713524, 0.6846667759177993, 0.3010282584097156, 0.8104218503080629, 0.5481259761806873, 0.4767386762746216, 0.856573074314098, 0.3859588496044703], [0.4011410705788389, 0.37420691802592615, 0.7921653369258376, 0.1967761427469613, 0.5775334589007513, 0.36906957442012195, 0.5475453694024891, 0.2975971833458614, 0.36907656001366784, 0.4189127794748569, 0.4761753045504769, 0.49691947906988587, 0.45289250808954246, 0.734859156511928, 0.43034771705234415, 0.10566198973732478, 0.5747966319919475, 0.3304162322813793, 0.3068711350094293, 0.4793146798151306, 0.418054999393731, 0.2750159146476452, 0.5486991078669203, 0.3476071687293113, 0.5498809195157041, 0.5461998865376836, 1.210709626035501, 0.3748017680094924, 0.5704545899610638, 0.558394505161555, 0.5531841093844787, 0.3998539087504106, 0.398919371438761, 0.30716981595925164, 0.5256051912448905, 0.5097119090204607, 0.32464214328811053, 0.556889998190583, 0.5384277605413478, 0.644362194133451, 0.5991098059085934, 0.6600709918522504, 0.5030205780173169, 0.3141743490823944, 0.4003945896679255, 0.3669418348538884, 0.7177074848729872, 0.6289086984275818, 0.23785367658587164, 0.3457785683021444], [0.3978931858445788, 0.36608789315240126, 0.7676125013583756, 0.19014329910832703, 0.5698592962705248, 0.36969481145040195, 0.5459859374536553, 0.30214875078412273, 0.39788200187621103, 0.4079639457864663, 0.4895267742792831, 0.4877795734614487, 0.46522797528479815, 0.751392032819666, 0.4153181769008937, 0.11302693280799202, 0.5696973991633931, 0.3468071632353238, 0.30598124509768865, 0.4685483106740105, 0.40786860406523384, 0.2722861074929054, 0.5383606808831191, 0.35818047704292366, 0.5839637596931432, 0.5354099371281115, 1.17176896161981, 0.3825576317277283, 0.5835385253317712, 0.565708197828293, 0.5488193611899785, 0.4003350151910533, 0.4123472595282604, 0.30365333181545534, 0.5387877116042081, 0.4925484300411531, 0.33531331153260835, 0.5724168169653601, 0.5481875648945903, 0.6349080446129746, 0.5908275182412975, 0.6859804534233164, 0.5219700929836856, 0.31212456135815564, 0.4021212060217931, 0.3695843703696425, 0.7608223880708495, 0.6381942400325096, 0.24728400713498055, 0.36042425032695424], [0.6988335342951566, 0.5484598646708585, 0.5567998480830487, 0.8399747098986292, 0.5377006871204045, 0.4926329526360146, 0.2312666662900853, 0.6656389425186364, 0.8042138440432371, 0.30812774921828573, 0.3410760011235832, 0.6052254145619107, 0.4523567522370852, 0.7583605409882956, 0.6406904668209289, 0.9993763001083764, 0.3491863924753172, 0.5149145379175468, 0.38725304571332925, 0.4013158422135067, 0.2742584894340798, 0.40787715253806517, 0.3995153308635336, 0.28533757303500334, 0.3800978627870041, 0.4625337132502623, 0.6944094570106073, 0.36503155151117034, 0.17877074721481512, 0.7114316901034533, 0.2850382191315171, 0.18302459096967327, 0.42628938073868683, 0.6390747237903236, 0.39420821026274105, 0.484319835091489, 0.3929034162865157, 1.1540598421640982, 0.9099226797277091, 0.3522684687860065, 0.2304846798008712, 0.42247928745053076, 0.31853766716270626, 0.40505501243633807, 0.4272638173408787, 0.4151315554174816, 0.39922827070726064, 0.5363705304714943, 0.6212522554516878, 0.9857263593215323], [0.6064086352798652, 0.2358916730662654, 0.4222309934678684, 0.5291243069715246, 0.2953187745511126, 0.21603511793466865, 0.35562192837729445, 0.79179461699416, 0.5214053646614297, 0.5362433089305416, 0.29486811743744, 0.8283175848407768, 0.5374675146419501, 0.7696378059799541, 0.7214344216330612, 0.6375608733291479, 0.1550128196061032, 0.32771353403735154, 0.4140242114268724, 0.7027272532964971, 0.4562435316444433, 0.30886405637599074, 0.25911827590172326, 0.3328367799365657, 0.24130815548167878, 0.4126591420962559, 0.5149793626116731, 0.5923945424381756, 0.4285252289686601, 0.7394245281326594, 0.33329080438953207, 0.285393901808544, 0.7934453081339071, 0.4106355261381937, 0.7173104278068012, 0.6601133331594219, 0.38753448735616436, 0.8251405869095241, 0.4243223460316353, 0.514340583085465, 0.3107816713980244, 0.3943484546158178, 0.4794242754456272, 0.5399597859388939, 0.46977171992239275, 0.4118076308665891, 0.49815915897415436, 0.4996455801938695, 0.3302089105232182, 0.7967571249776777], [0.4732401606607789, 0.15116603400976544, 0.3167778498831966, 0.5327130886818645, 0.5383189555695049, 0.5342010521560767, 0.7049807272056967, 0.3185314666568776, 0.3970684244466489, 0.21121937586175377, 0.17485431040764637, 0.4127716544193585, 0.6300063393976305, 0.6740836295763729, 0.29597048889625227, 0.3176714015619482, 0.2698996294343984, 0.5263983750002471, 0.5004211426196638, 0.7051616503474842, 0.532249860501756, 0.14214408081677993, 0.9869095326230111, 0.6570318577360278, 0.18905158300492228, 0.6459379392393678, 0.33563175197695094, 0.7985116169113641, 0.7729692455243028, 0.7362062093584207, 0.4511959422214735, 0.4238492765167916, 0.4788226137498181, 0.5338145846762156, 0.7804848003463821, 0.23204714791993522, 0.4140889596537794, 0.6478919266243596, 0.18350641013269364, 0.5664673129078421, 0.11374457793875023, 0.7755273364205839, 0.4033178446287031, 0.456646361726661, 0.533554625475966, 0.3163493546910437, 0.9913698378961499, 0.8896627777437269, 0.5138800868075635, 0.2323266161531273], [0.4612162800677243, 0.14625671178686833, 0.3087896656677203, 0.5536785874771764, 0.5361200873878672, 0.543132965940815, 0.7275742503908526, 0.32714710974526967, 0.389526709130917, 0.21552531348422785, 0.16804612567712246, 0.4206828860281612, 0.6208448451239914, 0.6805787935221128, 0.2897870149810144, 0.3819288449555884, 0.26884774694485913, 0.5265493530020168, 0.49888230161053526, 0.7031850739405973, 0.5249971181819365, 0.13491500263153425, 1.0356946558515745, 0.6713089948037633, 0.18578388033091664, 0.6497717882876114, 0.3443693993777047, 0.7892462889223067, 0.7848501305407429, 0.730413758440855, 0.4474355971294486, 0.41963288338360166, 0.5062296031509159, 0.5309445968706593, 0.7952833961957818, 0.23311409759837104, 0.4081399206573381, 0.636336937307507, 0.19359594052503937, 0.5595721174659246, 0.10217848102513996, 0.814455473388232, 0.40418002605683534, 0.4590845765428968, 0.5243022524146768, 0.3186086776160261, 0.9952560020936199, 0.8763328353699401, 0.5195492099615472, 0.23920663260060243], [0.4107980433620515, 0.21588025576082515, 0.3831933596403285, 0.30457664686083, 0.37798085693135014, 0.3526341462781975, 0.4615438525886472, 0.12304059436452743, 0.4293140713305475, 0.6566748131759372, 0.2842774498614673, 0.2593357760224692, 0.5257282619393631, 0.2641876260316814, 1.2864512998489928, 0.23723136325547334, 0.16320030851526868, 0.36474589347999153, 0.32706975726835125, 0.6271749662141036, 0.6758560562499798, 0.01254658019453787, 0.10808097179392269, 0.22814277487697845, 0.6880184570326635, 1.21709168800263, 0.35570422926784817, 0.05043173103748764, 0.22091657527132108, 0.2872987663798124, 0.24944016734486862, 0.3347717149103166, 0.5730183001583824, 0.9002623347649561, 0.3836878054368901, 0.8130807842273933, 0.4885119457272878, 0.06637720055389763, 0.5324392280112111, 0.602004986998525, 0.30720614503375704, 1.2433317486093076, 0.1616097960825886, 0.6250723700915858, 0.6032244974286599, 0.35146502532784074, 0.7190335665107499, 0.37847418092568275, 0.20214235405278444, 0.16955426136690302], [0.11956034178598635, 0.09777985306666157, 0.05642767497490172, 0.05245877401306349, 0.09268474002383416, 0.062015921383792666, 0.06508838288765394, 0.10325998733760942, 0.04212235518381706, 0.10335157678773747, 0.040571944608001925, 0.07829887319257256, 0.06911183884265147, 0.05128131857460073, 0.035889575193379396, 0.053514077257693325, 0.07655771392730579, 0.19346531127131866, 0.061215778322708796, 0.07740350582881912, 0.12147124946770471, 0.07668178287316903, 0.06920307536018006, 0.06207586226651968, 0.10762716466668189, 0.08222768874687789, 0.07344735130363998, 0.07804625860656317, 0.05281496979628996, 0.029274704924958588, 0.06761645388708723, 0.04025741736625667, 0.05152313182158302, 0.07105250765307043, 0.08185048128901395, 0.08345137709159386, 0.05682539578584077, 0.058936294924033086, 0.10552042892148872, 0.06790100072475733, 0.07349592508323376, 0.06684677900501113, 0.05932002362898236, 0.058677344928952595, 0.073273081116647, 0.0706946331927974, 0.06897229333344018, 0.04669650446131689, 0.10833069388186908, 0.060128353535463294]], "G": [[0.03981708542282175, 0.041476985438901645, 0.1900598826665619, 0.7286460464717152], [0.45932272990422957, 0.455856883055614, 0.0043662429661042905, 0.08045414407405266], [0.007796098294459186, 0.9189146782492758, 0.007874630449972244, 0.06541459300629361], [0.9107863755402231, 0.0009390397700015122, 0.003944644569425283, 0.08432994012035003], [0.30606651307153016, 0.315031382041898, 0.04485092767161301, 0.33405117721495886], [0.0014745135494984485, 0.4734554159346553, 0.005661761048539224, 0.5194083094673073], [0.05534581509313521, 0.054326650565199426, 0.06903406352542348, 0.8212934708162425], [0.0364133784747872, 0.6656079629855933, 0.011016457252801355, 0.2869622012868177], [0.22707801927988658, 0.3239747453345542, 0.007363629028370766, 0.44158360635718835], [0.020722220259783344, 0.023784000715096922, 0.004827649801115369, 0.950666129224003], [0.09700407292294441, 0.02754458849422491, 0.012522881790063785, 0.8629284567927679], [0.046559896986511494, 0.04918430837082308, 0.046836154162870396, 0.8574196404797947], [0.4143732580091272, 0.4258153448568017, 0.009604608760037417, 0.150206788374034], [0.2615944562565649, 0.23596940992449839, 0.049775006960858376, 0.45266112685807836], [0.009451529287149736, 0.00833874724282395, 0.003729690394603894, 0.9784800330754224], [0.2543116614711901, 0.2504099515328919, 0.4287149148165888, 0.06656347217933004], [0.43271804341621695, 0.4307260417507889, 0.05029063510705675, 0.08626527972593771], [0.0039844499934662825, 0.0046899760935535184, 0.004359966758666475, 0.9869656071543137], [0.2176602254487333, 0.2126799880087355, 0.08387998261809201, 0.48577980392443887], [0.4027911560558772, 0.3966976039810156, 0.007373810195794007, 0.19313742976731332], [0.00971066649132343, 0.8163389112176909, 0.021035775061149134, 0.15291464722983603], [0.3672812848418211, 0.36443558719381797, 0.08938143044694692, 0.1789016975174148], [0.0009192965873448573, 0.0006904878267999717, 0.0020032170477714954, 0.9963869985380837], [0.03485285998495903, 0.031823907692511776, 0.03135470491193835, 0.9019685274105901], [0.0035259771686906504, 0.0027299949938283472, 0.012668061004249422, 0.9810759668332306], [0.023102253276285057, 0.031861187509870034, 0.008417952108386379, 0.9366186071054583], [0.0033378552534340106, 0.002994193700579808, 0.0035200640747081622, 0.9901478869712785], [0.19724914395900084, 0.19750065376133094, 0.007779041417161233, 0.5974711608625068], [0.1687025707665509, 0.1691611016517728, 0.0983829965681212, 0.5637533310135547], [0.39668973179866973, 0.13754987969027996, 0.012113631044667807, 0.45364675746638305], [0.36801823350209323, 0.00937319728513793, 0.006170029614868439, 0.6164385395979001], [0.009908923882974504, 0.010107450499324811, 0.9038060710638922, 0.07617755455380815], [0.019795023027011582, 0.015128992485387625, 0.011543154521698528, 0.9535328299659015], [0.08635222260904485, 0.00999118361186861, 0.8054406300679879, 0.09821596371109856], [0.458153656919404, 0.4671992755397476, 0.0044729381754451845, 0.07017412936540338], [0.013588219019852566, 0.007382517970306219, 0.02171943194163153, 0.9573098310682094], [0.6582410705770102, 0.24166355944590576, 0.005936797900219054, 0.09415857207686594], [0.16001861235125778, 0.17433327192791911, 0.09521682086109383, 0.5704312948597279], [0.3635141316829486, 0.3598004758030975, 0.1745226609116693, 0.10216273160228424], [0.41836088440042873, 0.42708521060303756, 0.013542075555181377, 0.14101182944135285], [0.06565568010018999, 0.05776563887130468, 0.14307557951764924, 0.7335031015108563], [0.4750373154385992, 0.47651017250820954, 0.004052455361249075, 0.044400056691943], [0.001433223274358359, 0.0013840312849538975, 0.0009353540629109087, 0.9962473913777775], [0.4549566530808193, 0.45320982940410837, 0.0036487613554384325, 0.08818475615963364], [0.08160356334586956, 0.138303640329355, 0.017090083440040635, 0.7630027128847353], [0.03522246283870652, 0.11238730227427053, 0.508765576412201, 0.3436246584748218], [0.37317695465412853, 0.38056611315386274, 0.009101411077782558, 0.23715552111422675], [0.02658815209773397, 0.015102057289420965, 0.38969439536752015, 0.5686153952453245], [0.004125755608898697, 0.4374464585436659, 0.01564484017415785, 0.5427829456732771], [0.23373984322387292, 0.633860613136527, 0.019144386780287924, 0.11325515685931194], [0.09977306403085898, 0.10058800245980938, 0.027297559899892198, 0.772341373609438], [0.4282210374254863, 0.42232244264732716, 0.04331011122121709, 0.10614640870596949], [0.4170644012480173, 0.4199256360240066, 0.015272840216839768, 0.14773712251113635], [0.28064998994372736, 0.29321385546515244, 0.306497476823732, 0.11963867776738875], [0.06875285459776836, 0.0720858944158214, 0.5935268454356815, 0.2656344055507289], [0.0012237407217684842, 0.0015064485883144114, 0.9722159639314075, 0.025053846758509198], [0.3880278237756451, 0.3848046684069627, 0.171263355400293, 0.05590415241709877], [0.10362873464896923, 0.09574686710572236, 0.4001803968912978, 0.40044400135401026], [0.009021921130813883, 0.009803554819875944, 0.005403151657040004, 0.9757713723922702], [0.03386172998428961, 0.10650359226262596, 0.019539816322485436, 0.8400948614306004], [0.0008461967895601927, 0.0015793072439928377, 0.982876259932953, 0.014698236033493173], [0.4415756880253, 0.4397755883259127, 0.04147963469424759, 0.07716908895454053], [0.005839128089872455, 0.007408933473833679, 0.026957483454550873, 0.9597944549817435], [0.002079275965653732, 0.006557536306129663, 0.008299592970535733, 0.9830635947576803], [0.30566729165212203, 0.3049769257251576, 0.3477155971804311, 0.04164018544228923], [0.05117639837758752, 0.0507367253419663, 0.16926716949446874, 0.7288197067859777], [0.20026334407021726, 0.007499111135564407, 0.02175000119417715, 0.7704875436000417], [0.11397023125972808, 0.042564691513389985, 0.008385139011117836, 0.8350799382157634], [0.0023816102798170486, 0.0022241019269495376, 0.0028958041098077767, 0.9924984836834256], [0.476784392007174, 0.46553245255180237, 0.0026719048770340896, 0.055011250563989825], [0.11464938639733441, 0.11988610982296571, 0.44760423505412905, 0.3178602687255706], [0.17162918583782702, 0.5718023073196888, 0.014096050675194706, 0.24247245616729007], [0.4261890744890527, 0.009522807808769193, 0.005019208230274672, 0.5592689094719033], [0.039525700517776555, 0.040306897039518404, 0.013141504339324216, 0.9070258981033807], [0.3737454588804101, 0.07269647188732804, 0.018162466959026007, 0.5353956022732352], [0.08741875457483832, 0.0845362838414576, 0.08850182864794749, 0.7395431329357561], [0.08961799014030908, 0.08608442124761995, 0.0019569582119264685, 0.8223406304001447], [0.0031760827909924657, 0.0027665411191892587, 0.9494944830192026, 0.044562893070615256], [0.1865575227252137, 0.05306983959585545, 0.015184178025044735, 0.7451884596538855], [0.003983994808493773, 0.014190733572079957, 0.001792165064031181, 0.9800331065553944], [0.01620923481454285, 0.0014361572614991756, 0.0043835310033622675, 0.9779710769205957], [0.038017907270966524, 0.036704195942104736, 0.10993584195904912, 0.8153420548278789], [0.005797724974529137, 0.005509790855835584, 0.004485890888384375, 0.9842065932812506], [0.0019270006925413401, 0.0031609044705005044, 0.9659013822215755, 0.02901071261538368], [0.0024344407765313283, 0.9183981003277892, 0.009066672852538342, 0.07010078604314099], [0.037016100413758, 0.028098123182151002, 0.03509018135738073, 0.8997955950467091], [0.0035155221555711754, 0.007914494979986192, 0.7680855524954274, 0.22048443036901477], [0.859930546458475, 0.04128305717065455, 0.01722845727141708, 0.08155793909945225], [0.011015978809106552, 0.011793745053247432, 0.05431815473588852, 0.9228721214017571], [0.04656280098397429, 0.046999800347430475, 0.7856206115234092, 0.12081678714518583], [0.4838239699326115, 0.48477587403148026, 0.0014011658953737012, 0.02999899014053432], [0.02031782805554786, 0.01613211485995396, 0.021467835197229248, 0.9420822218872691], [0.0026663555344624518, 0.016362278721208417, 0.07315022088499441, 0.9078211448593331], [0.06002513337612632, 0.7935219060168782, 0.04580235475966466, 0.10065060584733009], [0.022995771344014336, 0.01891360280424846, 0.008196724832699068, 0.9498939010190377], [0.03843823926443525, 0.3486844035049011, 0.0640105818648531, 0.54886677536581], [0.49951196425904254, 0.09408616570081854, 0.007880108596880436, 0.39852176144325885], [0.0211707013007687, 0.025187819689118658, 0.015000073357998673, 0.9386414056521126], [0.3605265561560817, 0.3665134293143234, 0.029295465662991137, 0.24366454886660402], [0.599057324305271, 0.011060249790374458, 0.012756699118778346, 0.37712572678557527], [0.03230785693565425, 0.03296068030982174, 0.027312202325481358, 0.9074192604290413], [0.20212856924086464, 0.20567697853448572, 0.02798740847723006, 0.5642070437474198], [0.22983224726150261, 0.04919172997257873, 0.47461243551717036, 0.24636358724874782], [0.003994860322116033, 0.7773597622726941, 0.14572143138034685, 0.07292394602484266], [0.004124677955923065, 0.003766044955878825, 0.15242437614672713, 0.8396849009414713], [0.0034326474813913014, 0.40231426358994643, 0.07526918756190956, 0.5189839013667529], [0.10427793398890464, 0.1304505984781336, 0.001956163151080298, 0.7633153043818819], [0.13436046559078677, 0.010835429092508392, 0.05340866102330179, 0.8013954442934031], [0.46861353242926185, 0.4701832757973045, 0.010541302484762748, 0.05066188928867048], [0.002769571588967998, 0.0025281472290109895, 0.9563724337334504, 0.03832984744857113], [0.3326229603810505, 0.055241776899221454, 0.3598844718221588, 0.2522507908975692], [0.31138222696246187, 0.003466532337413326, 0.17559382354152597, 0.509557417158598], [0.6577787625984199, 0.009888697346583836, 0.007269868331945178, 0.3250626717230521], [0.0015517620673439092, 0.02182079363145038, 0.0065221949841190495, 0.970105249317086], [0.09645252684968551, 0.09465670677536554, 0.3184271723179011, 0.4904635940570478], [0.3883797590502055, 0.00805619163194389, 0.006864266470705529, 0.5966997828471445], [0.01639118743816474, 0.01600505509335235, 0.101689347289543, 0.8659144101789404], [0.1644635126412969, 0.11742329769662345, 0.01835364935073933, 0.6997595403113398], [0.02195314677049736, 0.01813209749061144, 0.0041898910618143135, 0.9557248646770782], [0.08876676492935794, 0.16418542988610318, 0.025879235990938766, 0.7211685691935993], [0.10145741098989361, 0.1112909932445295, 0.002580190745267927, 0.7846714050203085], [0.03587403226772836, 0.032522043181783956, 0.19458257489063088, 0.7370213496598568], [0.008096225022692178, 0.03072838102180999, 0.48712302572744365, 0.4740523682280539], [0.018394003749688893, 0.10866548423148029, 0.018937541409707964, 0.8540029706091231], [0.13777962186368087, 0.14284311365997984, 0.014217558938160397, 0.7051597055381789], [0.4553481416906073, 0.4552483514095887, 0.00929509440839722, 0.08010841249140718], [0.39960589349630443, 0.3935784984739375, 0.07590999616384159, 0.13090561186591682], [0.023188086242921745, 0.016459048967459665, 0.012829786459195809, 0.9475230783304224], [0.4610591691290149, 0.4617077843263563, 0.002903210127691073, 0.07432983641693738], [0.3475769413639251, 0.35579929695286333, 0.0038920899087421653, 0.29273167177446957], [0.0032708239583007577, 0.0032546415625627116, 0.0009653149001090658, 0.9925092195790272], [0.07489128275980961, 0.08218028569081187, 0.002915879227379355, 0.8400125523219997], [0.026914626118959308, 0.02426381473586123, 0.12908612274134, 0.8197354364038397], [0.4082973074563917, 0.41435311