{"estimation": {"a": 5.306134384047953, "rho": [0.08348893332565398, 0.08659494340292245, 0.08362433904801102, 0.07655870468044942, 0.06681022017732353, 0.05919490528401032, 0.05265275223470608, 0.05318543053143919, 0.09083209558453251, 0.08476305415270284, 0.06626294410560597, 0.06421072931421425, 0.059117397629802115, 0.0727035505286261], "Mu": [[2.159470789661193, 1.5556205384775834, -3.213260936682583, -3.617339708384319, 0.9883716889054586, -0.7868540048789123, -2.7977427607117686, -2.404754088615096, -0.9725214786894995, -0.5469715364332423, -5.727071382132571, 1.701456678481034, 1.3802057021570986, 2.170798599893463, -1.1700504552831945, -5.174034438518683, -4.550599497040047, 4.5976277895640125, 1.6971998114984614, 0.11834738653035666], [0.574839164021206, 0.26034780918445644, -0.027733317469470813, 1.05804591327683, 1.2777860312394151, -7.148226119816247, 7.72356926814606, -3.687165595875568, -1.53234416072677, -1.7815505595145238, 2.4486537604253735, 0.11734115283620329, -10.582205175208577, -4.467546462700584, 3.121420642066274, -1.490860087536345, 1.3314815847617127, -5.375142731060183, 0.12666462825690794, -0.6402339615862189], [-1.7523893710260485, -0.117221480190753, 3.2052410176056583, -0.3862647568348108, 0.13592013813191234, 1.9424062709714185, 5.2811295711743975, 1.6160372738945716, -0.15087677911741015, -0.2531177893945229, 0.311629445316374, -1.0969457448375681, -0.7192470209848785, -1.5529900239390155, 0.9279912228127957, -3.756314268221531, -1.4984429437594993, -3.379491971713071, 3.976957511762731, 6.58034724416259], [-2.0097745775520313, 0.06398635618422804, 3.176598390197586, -0.4196394238970526, 0.22140066337415465, 2.427982874670646, 5.130655910617095, 1.6555308456645306, -0.1220070897244335, -1.0382606811954087, 0.18387184096441192, -1.197640282041143, -0.8124185190434734, -1.6219134838917213, 1.2436369100593807, -4.337038536109354, -1.506515781649085, -3.2124580707754653, 4.51203609536953, 7.064381970936254], [2.279755207978854, 2.229592707205924, -3.2568564662433537, -4.1688571230979, 0.9928824276588277, -0.8271436754372052, -2.7212533423173864, -2.501720674358586, -0.997978226360977, 0.2500023478254146, -5.918335991319529, 1.3959342305101095, 1.3038866440728805, 1.7476658803564344, -1.2062485861518182, -5.029595334988741, -4.431893826604723, 4.78401771362046, 1.296323598420177, -0.27302293863310545], [-1.1045883856392447, 0.016077285491841023, -2.4734107837983914, 1.6728609641534173, 0.882606130349169, -1.3874174461868007, 3.460940919978639, -1.2424579693247642, 3.1996692082519598, 2.8912916696912605, -1.6384692391838407, -0.15866504338198287, 1.9034474223051412, 2.593993672772138, -2.212586755405163, 0.41961600734135096, -1.8373539478115872, 0.6075327161376742, -1.8844449162595025, 0.9748456354810097], [1.4265195142626614, -0.5513257077898748, -1.8789626773916352, -2.6445885250200956, -0.003092497448364024, 0.5683550320600885, 2.640718989976501, -1.1701978881440418, 0.010040466767556743, -0.07650752015870806, 2.234882108208568, 0.502512308509011, -0.6257113606658522, 1.9889597681103972, 0.6391915276555878, 1.8563642275839962, 0.36319564886592154, 0.6404677059134884, -0.5146970436115145, 1.4554969684220591], [-1.900163852019088, 0.9319733343755912, -1.3877383646073798, 0.16439367221251747, -1.5154889317725608, -1.2317028861095667, -0.6878583389769874, 2.5567028268106373, -0.6310692545089666, 1.2450966331454691, -3.707923327866324, -4.139485715172326, 1.8963119713361496, 1.4963028507996075, -3.6088186265942563, 1.5971212207157, 1.4901349442316338, -1.033948044420323, -0.6447036749015018, -2.6263706683902965], [1.0966673817707693, -1.1641090320893326, -3.7983216655683414, -0.42408732112639425, 4.7621887315471145, -1.7750000384097322, 4.881622729517262, -1.9788253458827252, -0.6596682567986114, 0.030079558735905076, 0.7573088063197265, 1.883305755731101, -0.305288552848385, 0.11446139963983104, -1.431903329788441, 0.8334746127375137, -0.3544791363777014, 1.0805509209832813, -0.10933673807229885, 0.317775213228955], [1.0234698943225773, -2.4954777912939767, -1.1493617265753966, -0.2339377774171754, 4.673064326992056, 0.5632108570593959, 1.009638196297907, -4.550337552565649, 1.2766069259325485, -1.3476243688406238, 1.4502842480533236, 2.6247973694791575, -2.0834558682650295, -0.05420584548181149, -1.215964447112302, 0.199632290552554, 0.1777699916120042, 3.196613394321328, 0.04408374348269072, 1.0279459764060017], [-1.6394902426333626, -0.7474518355161377, 2.2959226758487974, -1.730877291800485, -2.674643059557948, -1.1323651466435458, -1.039205052606277, -3.3879387056420636, 3.693892628194498, 0.6659280731299118, -1.361583010502918, -0.39337010029933883, 1.4750894007042277, 2.2471405042582755, -1.1558523379273127, 0.3181965024356423, 3.063572423214645, 0.2747625386937144, -1.122772847306816, 1.2905023285551418], [-1.2631032720401814, -1.839431504377413, -1.7923976330110485, 2.5242548374897766, 2.7768426149523417, -0.6244011615121136, -0.34809594828821944, -2.084631074931998, 2.7347320786726708, 2.2963879893968073, -0.9417439764710507, 0.6949431345095174, -0.30507831081542414, 3.6983135789408754, -2.7437204999603013, 0.2343605337795743, -2.1006494615684783, 1.6161627567006958, -1.3305854857344621, 0.45516999497369254], [-2.248496894608272, -0.5391360608481637, -0.47845097906572714, 0.506917655872535, -1.811068943323259, -0.6143538066495664, -2.8735779298860935, 0.2500807428647729, 0.5522790804651507, 1.3477757972455375, -2.311083913032592, -1.5098843047733512, 1.9868522993199944, 2.8394725069605347, -2.2429018392653766, -0.10331026701709857, 1.0406582195337668, -0.6675480520852897, -0.6302993087649778, -1.8884684771822642], [-0.4817256927257224, -2.3268856471610015, -0.2684095666605638, -0.003208775538044037, 0.496708060305465, -0.6820848645416665, -0.5846154769748343, -2.4401067660654587, 1.8050528529063585, -0.1280578857724846, 0.11068787997376678, 1.7778175516776016, -0.3815103075916566, 3.639527480906104, 0.10975517311616867, -0.7765777744449051, -1.2658708566340087, 1.1989305742673442, -0.35482214907674736, 1.402468581998727]], "Lambda": [[0.5472358312629675, 0.4614790497524478, 0.48934154393309715, 0.5202931287143163, 0.3850148652219284, 0.3971938715181327, 0.5194024331759148, 0.4009244390953464, 0.2636260858848582, 0.3925761873089048, 0.33111874997798685, 0.400936737916501, 0.6889558608654144, 0.3166257585308001, 0.5905991891874025, 0.29331222246526834, 0.39900660002718563, 0.389674763726581, 0.55892995110089, 0.43431127904374384], [0.4151849751529234, 0.1815829218256273, 0.26023727862107265, 0.4518992983062667, 0.3597880558625428, 0.33782186787703855, 0.22244873300803888, 0.22752820868123314, 0.2770256298015962, 0.3268292412744685, 0.737889431303942, 0.256031864124262, 0.2893377347117421, 0.3608359600168777, 0.5894702515911621, 0.4472557360670871, 0.2841581308481211, 0.7634424274347568, 0.36509096859763096, 0.3727764451438582], [0.3043744376293584, 0.6034685705433281, 0.5028523004870504, 0.47982477206916974, 0.7803135677513178, 0.6048560401577914, 0.41993180871752345, 0.6924332208870463, 0.4273341337426579, 0.25221619599562933, 0.49172607627204235, 0.45864793860081327, 0.4319692771714217, 0.7074954242868252, 0.32854906824853547, 0.40387336742489993, 0.3023094633939085, 0.37396246175334663, 0.3714747697038712, 0.24552653930343685], [0.31504338639396295, 0.6097990753808296, 0.536327532150356, 0.5194511564089396, 0.788076032986874, 0.627386518366971, 0.4562489387396147, 0.7471963224866086, 0.46125071279989216, 0.2483688984195782, 0.5221056491351613, 0.4733116781761323, 0.40823831693578844, 0.6736964481872577, 0.34667983249349604, 0.4496751972353654, 0.3107145993732363, 0.3666092228477312, 0.3545262348482552, 0.25054810197381194], [0.5721059203159848, 0.4394237324069017, 0.490529544308463, 0.48152616956596045, 0.4341373043234403, 0.4049789550397609, 0.5245302054796157, 0.4386638385574981, 0.29971009650984193, 0.36627752307912104, 0.367177654064477, 0.3963651260230386, 0.6694735793529027, 0.36882893072483075, 0.6111583934257341, 0.34555225776827675, 0.4098819455841783, 0.3924502640965974, 0.5518034337078636, 0.40050821010014953], [0.45958693659992056, 0.5765118479226153, 0.3251302520224772, 0.41203383309852704, 0.5312173246945013, 0.42360246495896275, 0.29525757754891563, 0.5179370873970577, 0.3032730254532574, 0.34381237675399773, 0.37857997126819926, 0.45326559385715315, 0.43925841967284435, 0.460019730428709, 0.38822321767698614, 0.40775996763840194, 0.3989004541716337, 0.3676184488407892, 0.5233251726040592, 0.4301348018595603], [0.4306844947758141, 0.5108742424561962, 0.4931231748834469, 0.56246484502456, 0.49164449469843224, 0.5287561636640375, 0.48151514607197654, 0.30225706050945184, 0.3527249006395387, 0.4987006260043562, 0.47329212442298924, 0.5548971839006421, 0.33997266466900616, 0.4703317594488699, 0.4614962669467066, 0.3800852560748625, 0.44617573392082865, 0.37576265323846003, 0.6114431191123376, 0.3860680849788514], [0.5498009121696209, 0.31985291232710167, 0.3634248207798115, 0.39220090320689016, 0.45728047313907955, 0.379614476259719, 0.4068402189737651, 0.5817243658320721, 0.2877246083509877, 0.3893808928397337, 0.38941391325993086, 0.4609210285896972, 0.35720917664849183, 0.41537765609381505, 0.3420537533983214, 0.4773113953769139, 0.5895931416053628, 0.40723488865092883, 0.6066876969127806, 0.36618740782078846], [0.3676955972312514, 0.6078192436875645, 0.36774125348437625, 0.5056586011989281, 0.33126684712949056, 0.6004605651217331, 0.26317997598874504, 0.44417933351421285, 0.3391807320800243, 0.3812572323200593, 0.35363172801645004, 0.4426920890673358, 0.2991539592039, 0.4220862235376751, 0.47722043657693264, 0.33359016789361967, 0.3607701429234313, 0.2593586722979546, 0.6828851396560606, 0.3700400488739634], [0.35970426273442874, 0.674513151396797, 0.4156420167015106, 0.6290372492868145, 0.41286376232992417, 0.6327104242923565, 0.42256757314916865, 0.4363587839246247, 0.4360887112464668, 0.44897145629084745, 0.415904370157284, 0.5066290067088814, 0.2481116429319691, 0.35911500729863977, 0.48918776565838845, 0.3661737899316501, 0.28085442061321314, 0.40695882704130715, 0.739583424207321, 0.2931557342626004], [0.4874845890005452, 0.6319234311677209, 0.38269029601626103, 0.30007619484187376, 0.4471877939198804, 0.38312588953221866, 0.4359557423304649, 0.3382615597238207, 0.31798218226741404, 0.47257251376470394, 0.34500891832959674, 0.5357015747145817, 0.4109499432344856, 0.39755514642861034, 0.3763549258458014, 0.3920076238625974, 0.40759424211470574, 0.6017942783434026, 0.6537587258554483, 0.22785833416361048], [0.39234447989532684, 0.6059771903576856, 0.35584476543273985, 0.5126345310244241, 0.42993549571967216, 0.483675270026735, 0.32710114423625564, 0.46083973292261987, 0.3997593917643582, 0.3630017785135067, 0.3915454516121263, 0.43689908503008434, 0.34301921147592546, 0.3885717048727126, 0.39250189014540415, 0.47353924853211043, 0.2945083408897425, 0.38080918349187615, 0.6288622792527694, 0.5312068190195814], [0.5314782395778463, 0.43045338607943673, 0.35494499852609834, 0.35131095518064587, 0.4197659108256219, 0.4199098632356593, 0.4686805306996105, 0.4643270162480992, 0.2923409115710702, 0.43410852333762423, 0.36447290816148614, 0.5006493865426889, 0.38204561009491034, 0.41283011064306263, 0.3654910265507881, 0.4736072369116131, 0.5486293733258107, 0.49311371987444147, 0.6865039444680534, 0.34947881728133695], [0.4702680868277589, 0.5652944780398557, 0.3591552542750712, 0.482477485494499, 0.39078955189325026, 0.44857165251991926, 0.42967048898981575, 0.32388548295014613, 0.29524323067899066, 0.4607819765158341, 0.4126454031709006, 0.6175663270280055, 0.36851056015535094, 0.3902148129852783, 0.38908569318283215, 0.29163725781925726, 0.34977893306905217, 0.4403216526988111, 0.7319372099837337, 0.4216654001953135]], "U": [[0.0711555710174022, 0.09908503246171597, 0.054707320400635015, 0.0483608968614111, 0.04751048845802461, 0.06568450429324937, 0.07970636926486455, 0.10935404454999291, 0.09633799155970797, 0.062113033216710675, 0.07370601514722307, 0.03936461464521637, 0.0917623221935451, 0.061151795930300505], [0.13712933830134377, 0.0681775054470354, 0.07297548752415384, 0.056007178621844726, 0.10557963962923878, 0.05162173760569995, 0.050643549579249346, 0.030974150781389074, 0.10936539358939465, 0.09388588851817772, 0.053758581476694635, 0.047011207120433135, 0.04412530924337151, 0.07874503256197328], [0.05567374448369468, 0.18475792972366045, 0.02356355359534554, 0.017634602682911116, 0.04903282151338249, 0.08407945976011222, 0.04529545201984298, 0.08873444939523632, 0.11283963082352233, 0.06721405628489484, 0.06236495948271496, 0.07289057384697892, 0.07917155091208791, 0.05674721547561571], [0.03573972645194232, 0.08804107003616464, 0.04467341959892471, 0.03841722972113271, 0.02740724955024453, 0.028434634243776544, 0.16628020747415662, 0.033415740205540716, 0.06141254753079029, 0.1673889969973426, 0.06248354690140349, 0.07393914466453341, 0.04421784224019137, 0.1281486443838565], [0.08711397625713524, 0.032489739302609254, 0.07167168543392137, 0.05983047799193778, 0.06276593767862748, 0.11378856695389615, 0.11061448311276799, 0.06591086747609981, 0.0881211349468219, 0.04847501113325079, 0.0907639258000147, 0.03810263085438163, 0.061085766193430084, 0.06926579686510582], [0.035317627874821275, 0.11663085329953647, 0.09493354218771528, 0.08527538316427136, 0.022329595717029752, 0.04754934359108253, 0.045583467720095014, 0.030733099106627096, 0.1340399554645138, 0.1301570394708961, 0.05404273122604467, 0.09137384670279594, 0.04218832118538314, 0.06984519328918751], [0.11392742198495615, 0.03254588705260898, 0.09482259030028253, 0.07878780398567893, 0.09736185136596662, 0.058258510702089414, 0.04217354869781613, 0.06272773068179696, 0.07202715384893398, 0.05310486646537356, 0.09246216245065618, 0.055991551972191016, 0.08306883821252926, 0.06274008227911997], [0.021413201154466155, 0.19148245126241506, 0.17775812854408748, 0.1547227014057099, 0.020365438598267133, 0.032421578206589405, 0.021800652289870076, 0.03628699011688216, 0.08082390015641096, 0.08499433469097716, 0.046478653676665864, 0.052807931249512996, 0.03936709372720094, 0.039276944920944745], [0.06743475269053695, 0.07826293743255539, 0.05611621516606256, 0.0505930547106563, 0.05284568182800886, 0.04762751061952728, 0.04640819080573907, 0.03674885126322199, 0.17264223838273812, 0.1780641633999959, 0.041029924411578385, 0.07007346115619968, 0.034069031071713454, 0.06808398706146632], [0.09504048539925108, 0.12556696676607784, 0.08647331530287486, 0.0710760250608381, 0.08574600861706946, 0.05998712911567705, 0.056771825616962854, 0.04545014198587657, 0.09043531079643206, 0.06974409684968896, 0.04296428161825829, 0.05358199329652552, 0.04366622455004396, 0.07349619502442349], [0.08921616575798959, 0.04054134626207784, 0.024350658551492547, 0.020304687476588524, 0.05596902359998969, 0.06105547764881945, 0.047259625960282194, 0.033211583177085495, 0.07543028423944015, 0.10454808991676978, 0.1601069656352326, 0.08248031410524709, 0.07205319988888868, 0.13347257778009694], [0.26863309693384174, 0.04264276876025183, 0.035364844363251, 0.031126858608579173, 0.24500246895157055, 0.034394491776656926, 0.029456818784206605, 0.022677743267404512, 0.05050789600302057, 0.05040404344534299, 0.044182277653093044, 0.04866856105135718, 0.03720368189174194, 0.05973444850968246], [0.06852832322431618, 0.05292409784742231, 0.05564291542906, 0.056097160421219816, 0.048432366473236746, 0.041114968697377165, 0.09986841593334762, 0.03160263626340483, 0.07618865082852559, 0.1306425640636729, 0.05145981183549917, 0.0912961198724063, 0.054973707457904454, 0.14122826165260657], [0.07971903497547231, 0.04688415922726385, 0.07305770699199732, 0.06402876525013837, 0.05833360596883775, 0.04042738818724014, 0.04236050899868969, 0.03397768700901761, 0.09087027720594666, 0.10993044674395226, 0.12323476071208356, 0.050421679489814304, 0.07178774741102009, 0.11496623182852622], [0.05703961303134007, 0.07541333286677702, 0.09246981655303003, 0.08962532327444549, 0.04536281931640168, 0.041678024954614645, 0.035190082425525786, 0.0720442416040092, 0.06760127314679241, 0.08122337831739991, 0.11310791748347697, 0.06374706179129645, 0.0975484140415626, 0.06794870119332734], [0.10027875345506675, 0.10475445366648345, 0.030192400893132083, 0.02652319714097112, 0.06826733723636627, 0.03891389791968955, 0.0901674823192529, 0.029441670363046644, 0.11095869458087111, 0.1449166866753789, 0.0335689558028295, 0.09038180219282871, 0.026404698703098497, 0.10522996905098432], [0.031152800899536915, 0.2088768463615508, 0.07868684485217416, 0.057671948067343985, 0.023042966952978413, 0.05709747765228393, 0.04006586753975228, 0.04996791309794636, 0.15986970525879426, 0.11625808591341466, 0.02685936502959001, 0.08228268687276014, 0.027169139958234414, 0.04099835154363967], [0.03896035930814903, 0.03615284947847471, 0.04481828446063083, 0.03041074751565546, 0.027183239403175838, 0.07341232546582144, 0.060127877490279806, 0.14110378642875912, 0.08353347952529443, 0.0840248464978552, 0.07955489369222234, 0.09483594784794142, 0.13255892480076212, 0.07332243808497857], [0.033101636098147716, 0.06236712828103258, 0.07261893633596818, 0.07526841491376861, 0.026406080686999855, 0.0743911664727576, 0.0703253823966428, 0.048268495875500333, 0.16111577832954288, 0.14047850022114697, 0.08464516235555945, 0.03607862514267021, 0.04770668205158194, 0.06722801083868135], [0.06326095384526176, 0.029462029308943663, 0.04199394621846705, 0.03192720585316855, 0.04706136004979416, 0.03437626018586907, 0.029728423929844427, 0.1760832485824004, 0.09405544307597294, 0.10475891718669926, 0.08980727654193481, 0.05482205983049851, 0.15838408982276542, 0.044278785568380136], [0.0638855258401209, 0.19658761175684397, 0.06749886814594719, 0.05226680409171694, 0.051387829608459404, 0.10093300553200234, 0.1267512506244572, 0.021715296827383254, 0.10576083003692738, 0.05362949749955766, 0.04454028202360137, 0.04024558653365096, 0.023181382562278065, 0.05161622891705329], [0.03670474262905302, 0.049002376290625524, 0.044590550595640537, 0.03887845617379496, 0.028895554898943417, 0.09822768400287998, 0.03746944872285976, 0.058346576697966994, 0.1349118707735345, 0.12686515307419277, 0.07234514072022437, 0.15328908781040035, 0.04829786099380154, 0.07217549661608248], [0.22296939363195664, 0.030171029236954958, 0.04663835919557409, 0.052396243710995265, 0.16741246174334318, 0.04581694568121452, 0.028360258003624825, 0.024153024828519363, 0.0540577594188423, 0.05872413315631561, 0.05960435228166996, 0.057199389299564266, 0.06275782134930902, 0.08973882846211646], [0.08184152662681143, 0.056540298812346526, 0.031197255166119892, 0.029595827247709698, 0.05012332489387978, 0.07675206972979787, 0.04565190259086724, 0.0346170760425132, 0.1030859412311949, 0.10464976761720689, 0.10462001149860475, 0.1088923226193868, 0.05868030417496161, 0.11375237174859948], [0.15498455704075123, 0.05164574370701883, 0.06883322458517088, 0.06795300704635855, 0.1154429589472269, 0.04393451504102962, 0.052433348131215564, 0.031143203104132842, 0.06038261829927911, 0.0934817283922889, 0.061017171942685876, 0.0549441188056706, 0.0457074982819849, 0.09809630667518587], [0.07455207313196732, 0.02932701071030204, 0.05202192081744936, 0.04949118049009259, 0.05678371648346639, 0.08181010286878372, 0.10156311852020199, 0.07913818209104986, 0.09145530603718134, 0.06931343659645975, 0.08413318752611505, 0.05302175198129961, 0.06772781625603343, 0.10966119648959775], [0.07768261202974187, 0.08766346145189141, 0.09621524056730345, 0.08224472347069739, 0.059411186494452255, 0.04291925608969048, 0.03624468538664443, 0.06955963597043492, 0.08747068942816479, 0.08083292513234484, 0.07448599359813678, 0.05375810034909463, 0.08638097403608778, 0.065130515995315], [0.1935778661175707, 0.06135734342989904, 0.08552994395247404, 0.07052902339979843, 0.1783888147447119, 0.03602297689315542, 0.031025737486824218, 0.03216147892320447, 0.05245925172029228, 0.062082679964816694, 0.05021334903287074, 0.04163802805815968, 0.03097557648759515, 0.0740379297886272], [0.04807057025172729, 0.14883984078840687, 0.08955608201167835, 0.0799608061897555, 0.03856096098132104, 0.0872816589281325, 0.06481552682471417, 0.05523361481253918, 0.10451490574760684, 0.05260941539177727, 0.038832657641630644, 0.07764956993236477, 0.04152465886821083, 0.07254973163013517], [0.025124486340904653, 0.05495206446277017, 0.23751644435618807, 0.22238540651687572, 0.024894591827799382, 0.04576858936102226, 0.028551579927342488, 0.02420707370306613, 0.06425641081587091, 0.05465934837012881, 0.07360517384885544, 0.040690210893851254, 0.037333855027914656, 0.06605476454740992], [0.04295144016485549, 0.05910999660131319, 0.07573808457819206, 0.07002416818789989, 0.03371746371007166, 0.038167739983342996, 0.030308370128238945, 0.17134800711853682, 0.04364145062864207, 0.052392254099926545, 0.12301803588772348, 0.039591434015184335, 0.1713833040730738, 0.04860825082299878], [0.04477440859023757, 0.1962441903094725, 0.10188544416917661, 0.09020627812214242, 0.039903471197998766, 0.053726146928358656, 0.04298958874610508, 0.027511052071354375, 0.08661942266585188, 0.07730858262742367, 0.07988152501008583, 0.03921685524399929, 0.05260221798242419, 0.06713081633536953], [0.15153727606737274, 0.029916620151203773, 0.030393759399970268, 0.022795004615377805, 0.12802971102311164, 0.05154939189814922, 0.058676928253027665, 0.02367836124556687, 0.16986039401037104, 0.15948741477627787, 0.04172194641601752, 0.048864887706597505, 0.028485317977434494, 0.055002986459521244], [0.149222800290799, 0.03753588603374959, 0.06367538488362344, 0.05018633260325761, 0.11600662231976139, 0.05600585292240939, 0.043365369704491175, 0.038033660877396534, 0.08929109580709207, 0.08144900265823514, 0.08855582710027284, 0.0499939979290322, 0.0619197606655007, 0.07475840620437887], [0.06423497418315784, 0.0748712091757343, 0.05878455462433862, 0.04857519674859256, 0.05089921695391561, 0.062820445344417, 0.07919573186677979, 0.04138687753952657, 0.18489202367075702, 0.14795658534821124, 0.03654816838564725, 0.061462413632651966, 0.0282230684799217, 0.060149534046348305], [0.09836199636402153, 0.022795947906837172, 0.051499248466642535, 0.04976064254399868, 0.09109138134040036, 0.048447332742518445, 0.07747783313109079, 0.09046714293695067, 0.10630519603138264, 0.11963515479467629, 0.06176045788515023, 0.0500684494764259, 0.07159432236917418, 0.06073489401073], [0.04523256176697012, 0.07732305791871036, 0.18986203561657677, 0.19082959620176676, 0.039882288308955155, 0.05507005924466769, 0.032029981221666774, 0.025123823657976375, 0.08029859455839809, 0.07555435058766566, 0.03922283958151272, 0.06499300347299942, 0.02485598030202921, 0.05972182756010514], [0.044574327663220094, 0.034893883415174604, 0.03241275525840162, 0.023497987821160086, 0.03132180081511302, 0.06447286337586915, 0.1287750948482764, 0.05946027137458215, 0.08966796725883866, 0.12157749341582723, 0.0981044680176095, 0.077256487122643, 0.07920625219870958, 0.11477834741457467], [0.09220558845814375, 0.07309538232662736, 0.027025302436869673, 0.0231473923114884, 0.07319532865655369, 0.05887218266094617, 0.03945002288857048, 0.02916108583194791, 0.12881243168019146, 0.13311401858969305, 0.08537295096532543, 0.10365246999200989, 0.04354883082805201, 0.08934701237358067], [0.04517292018077225, 0.05574081616517783, 0.06657041169148774, 0.057829577310843185, 0.028638445325988075, 0.0890306382536267, 0.10307903406759857, 0.06845557608973932, 0.07168160831136637, 0.03846691996338098, 0.12145520498837177, 0.05386343038912739, 0.09875684813771937, 0.10125856912480073], [0.05280369114225613, 0.08257001842090776, 0.03651772374612801, 0.023856285262531345, 0.03741345099015548, 0.06385467211947389, 0.039601239230635535, 0.049035399692913574, 0.11763157162404798, 0.08921273295708648, 0.06462304484550435, 0.14169142094231962, 0.09389801355052349, 0.10729073547551604], [0.16810526761387862, 0.024761319771843912, 0.06652258497537558, 0.06273994355745847, 0.15232078288582102, 0.04896051759524544, 0.059255496146241364, 0.029835186068314732, 0.0730170967937335, 0.09284421732860211, 0.060130866125700365, 0.05279998890464878, 0.03722755797262102, 0.07147917426051552], [0.04471211283446085, 0.06738780720187018, 0.18170340129719548, 0.1782516611884936, 0.03572812038518761, 0.044218271505506376, 0.03892799761011883, 0.04591610129581811, 0.0586689363489982, 0.06754749708715015, 0.06584887080530791, 0.03868412696049704, 0.06990480853590739, 0.06250028694348898], [0.050225643486126625, 0.03417968012514789, 0.03204195194289889, 0.026184320932645208, 0.03890226547589206, 0.06647365289379253, 0.04071809989205179, 0.20597117333891224, 0.0397672231289275, 0.03419377631158883, 0.1349645416270415, 0.054987041846430613, 0.1959741791694835, 0.04541644982906055], [0.0854240748035762, 0.1299022983019547, 0.14726802605671604, 0.1380057184816783, 0.061036779481675886, 0.04914910600391874, 0.04371740987336319, 0.03216040051314296, 0.08642953453162464, 0.06355240528408213, 0.029662998319615465, 0.05315058581346923, 0.03389099439871218, 0.046649668136469986], [0.040786404736341035, 0.24789990051271826, 0.09752142922046995, 0.08655253004709842, 0.034844320930823194, 0.04881321741256866, 0.05108074921346904, 0.07587770556210395, 0.05991024896994291, 0.04329679342571881, 0.05990829299646426, 0.03401123229241559, 0.07799896066469818, 0.04149821401516757], [0.15536062915464224, 0.024697276113555773, 0.02715436254003201, 0.0218266832383949, 0.10033586302223237, 0.029559613031602337, 0.03594321067578433, 0.017243375410675145, 0.1921911622058174, 0.20250193480002948, 0.026850000586148674, 0.08167522241877055, 0.03063853362316104, 0.05402213317915441], [0.03934551179719375, 0.16324243276984446, 0.06580478129742019, 0.054929382654615895, 0.03767065331068985, 0.03404196000624054, 0.03528065824056481, 0.19625192995648152, 0.05838923194654543, 0.03181378710350952, 0.07224346651032784, 0.020825994380652278, 0.1612333047857518, 0.028926905240162292], [0.1917542855287899, 0.020109003556114766, 0.05769961432667733, 0.056953754848905525, 0.17293413915689307, 0.05540732805499057, 0.030551722629012304, 0.04065061652644353, 0.07297072413435927, 0.06934779063262954, 0.06847125548673291, 0.0513799282943084, 0.0415316047579298, 0.07023823206621325], [0.06627808662565184, 0.17743402209612924, 0.12558323990297285, 0.12182064255572486, 0.049102609627832486, 0.03476069106586004, 0.028453220759493175, 0.03314330877608945, 0.062285803037736995, 0.05277399808734592, 0.044788742370063035, 0.06395074540227946, 0.05413013774317013, 0.08549475194965016], [0.0698901844174811, 0.2135415788974609, 0.0864751834043658, 0.07194685858545267, 0.058749264970233195, 0.05965822966578903, 0.03613715228116284, 0.04121291942288093, 0.1107674123657479, 0.08093158275200717, 0.03136775891026046, 0.059870208905817776, 0.028863057488184303, 0.050588607933156005], [0.11249793106030549, 0.02647952388257893, 0.05081265252296574, 0.04474822624213612, 0.09057611134657664, 0.053321233456893026, 0.03734385596905695, 0.02589206467233265, 0.1682605456639472, 0.18899894834821665, 0.033008157633801126, 0.0994507092110758, 0.020580240563543396, 0.04802979942657047], [0.09111496718833254, 0.10171325795032389, 0.05760038475647584, 0.047762092361838725, 0.08574078154361078, 0.05579719981024754, 0.03617547816995517, 0.040375295140719594, 0.1016776125909162, 0.09890720973650309, 0.0805757683605163, 0.0747750139732792, 0.054189259857792604, 0.07359567855948791], [0.13562950500385876, 0.024162378396374452, 0.03513957540078914, 0.028809985726229052, 0.09773463210833767, 0.05831047063494934, 0.04867756797786579, 0.02763383018971118, 0.16926542807614745, 0.17219874576658661, 0.032060300550834496, 0.08586221880242537, 0.03347072426333766, 0.05104463710255368], [0.06905118642833781, 0.030513398241744105, 0.13889870756571956, 0.1265947185910728, 0.0520032280610178, 0.0694273426068497, 0.05275570146490833, 0.05581369442993513, 0.10255110917452534, 0.08550930926107388, 0.05401835271142018, 0.06388951958772364, 0.047073191997320636, 0.05190053987835131], [0.08306512227813444, 0.0927643519027995, 0.08897831927078903, 0.07740856456150282, 0.05952668040990348, 0.037370551456886864, 0.08862450995590737, 0.025302032984505226, 0.07688791074966386, 0.10953312169627323, 0.05390601208230418, 0.05860277920260255, 0.03848038655554803, 0.10954965689317904], [0.1022846881286217, 0.10171218745833326, 0.08511100929101352, 0.07775437250061493, 0.08858811993472901, 0.05446437384515132, 0.05426478957867687, 0.07581062471425945, 0.062290442566053074, 0.053746192785906685, 0.07631097981524418, 0.037212868291748344, 0.07354840464814981, 0.056900946441498054], [0.18539428071169003, 0.06545669655385367, 0.08424896969400224, 0.06639688167719143, 0.14830777108555082, 0.052460305804823644, 0.04705140355031983, 0.028428173644299167, 0.058266968627372996, 0.04543319039382175, 0.06072186683965094, 0.03618962292970786, 0.0441833243420739, 0.07746054414564128], [0.16815191924674106, 0.023735734366871233, 0.07181591836880981, 0.05797361113210669, 0.1274230954631615, 0.036695260062856776, 0.04113844527040539, 0.034653900708418235, 0.12349904708529742, 0.11300144655888825, 0.04622109717595602, 0.05050981104330469, 0.037370960058441254, 0.06780975345874161], [0.06584319828002977, 0.14606255525439285, 0.07170295031020073, 0.05969258223877044, 0.057975694341870984, 0.07106591048501984, 0.04531363046917892, 0.046513106291225785, 0.1135917642947558, 0.1035924673267712, 0.039634279362058294, 0.07864728341479854, 0.035890797879590625, 0.06447378005133643], [0.12503990810399745, 0.03611371317417098, 0.08072221778528879, 0.08845204972725561, 0.08907774977238941, 0.058997385093970435, 0.04935371452068057, 0.042756214959360404, 0.06454762767896675, 0.049809714157472505, 0.03430047082070971, 0.0787610835779984, 0.07514886716138004, 0.12691928346635895], [0.08921882831093703, 0.23080295126157543, 0.0455315480567681, 0.03593334392659528, 0.0710405010209689, 0.05001483017724014, 0.04261250377727462, 0.05902372813271591, 0.06442077703500504, 0.06026939788388559, 0.05633498326686139, 0.0494605776917231, 0.0732561980154292, 0.07207983144302063], [0.12529479158422935, 0.14580864879099034, 0.0459152729848999, 0.03399346186236965, 0.10003099488761927, 0.05738028366131398, 0.05350161940014203, 0.02310169708055988, 0.10253031519771519, 0.08583204878600834, 0.040987532837080794, 0.07963764477168536, 0.03537829038785802, 0.07060739776752789], [0.0602774640353344, 0.17661724124326225, 0.0663907099757871, 0.056963672786577324, 0.04659022660327507, 0.026883009587794913, 0.035184332352670857, 0.022493285167370144, 0.1703214322187599, 0.17852553700123333, 0.025938883619332203, 0.06903788594729393, 0.02716938493628881, 0.037606934525020286], [0.09052168069618749, 0.02632644934487485, 0.031704519587901304, 0.02477893115700592, 0.05612275515702476, 0.07485208661021794, 0.09688404827741866, 0.04323343276542012, 0.06487613642258669, 0.09229288252028611, 0.09571702201729147, 0.08587431502125548, 0.07808449116746156, 0.13873124925506758], [0.1136462798559279, 0.028773752820566722, 0.044073117303689624, 0.03776017211934837, 0.0921488885927249, 0.05116809371304739, 0.03952025088475582, 0.03243130141343266, 0.15254949240568147, 0.184244256531367, 0.038218926242961214, 0.09439226421281273, 0.032959277175715763, 0.05811392672796887], [0.08325031699707636, 0.3055558510264614, 0.051672702431573576, 0.055425070483918766, 0.06777291582715647, 0.035790266567693074, 0.035875360979237006, 0.03502747474875013, 0.07214640088596336, 0.07271575971033215, 0.05335032634086874, 0.044877702841482764, 0.030441069216252798, 0.05609878194323291], [0.06850566402343822, 0.028758215628466095, 0.026361068439024898, 0.023067870038163005, 0.051658350728919875, 0.03976503219319781, 0.045933982995556975, 0.15266655532137016, 0.08734207288771688, 0.10215581629285828, 0.09796343474833206, 0.06295427968682188, 0.15971940464236647, 0.0531482523737679], [0.06625312027238686, 0.042557100281233724, 0.2491751045291167, 0.2594609652110275, 0.05013916653391545, 0.029359723234107696, 0.033312599621424355, 0.028783728161666782, 0.04399565256177154, 0.05215984648552989, 0.030379111767759075, 0.03325371918474836, 0.03063498869665619, 0.05053517345865567], [0.1924537719378873, 0.020888396808314356, 0.05983793288470037, 0.05597779803782768, 0.14689933452758594, 0.05110692813328996, 0.052314341426869644, 0.026294496099819983, 0.09209934312920161, 0.0814417640405566, 0.0408191257969816, 0.05493657920450154, 0.044988200444206705, 0.0799419875282566], [0.02756651257881362, 0.07619177357527977, 0.09462398127702917, 0.08029612379555841, 0.02758684174901182, 0.03645366718597237, 0.02745866806164362, 0.029674290601257123, 0.061193507814456316, 0.1093081469611647, 0.19726348082247844, 0.03446282461404678, 0.0987042072421596, 0.09921597372112842], [0.12523276912522577, 0.15887177105152564, 0.048881071570925645, 0.04531700083868551, 0.07112005026853156, 0.04609136442732621, 0.030732854719794728, 0.037733483626325934, 0.10405827013689949, 0.07631990193129476, 0.02926814643485725, 0.07895018551014613, 0.04950265288778976, 0.09792047747067173], [0.03465165005682135, 0.08586280375486396, 0.19597043546361542, 0.19528467494185672, 0.027850947963081425, 0.03574310033923028, 0.025196968682474723, 0.06743767697736193, 0.03786945057390929, 0.03973684059538646, 0.06158819852068356, 0.04056019187535083, 0.09645001916670602, 0.05579704108865783], [0.10695003903952369, 0.02818197961868335, 0.023815809666432056, 0.019751247748371042, 0.07402225159490092, 0.056941835574730815, 0.03180033923604563, 0.153755695326753, 0.043848743820878916, 0.021626091406836422, 0.14929296373217785, 0.04136712919449896, 0.19545819660794406, 0.053187677432223066], [0.029755828830081273, 0.33941736003175943, 0.03188975101692473, 0.027713132685004162, 0.028453118615016555, 0.058362584895559094, 0.031432876357329075, 0.10258296127683811, 0.04529511509031944, 0.03371368758540811, 0.07911399643914142, 0.03614844392997096, 0.12063979157729382, 0.03548135166935447], [0.15344930510036045, 0.03884263750788534, 0.04511936100393129, 0.041177046577420856, 0.10834635695091002, 0.06368832673152686, 0.029008660403559906, 0.046237502692781526, 0.061541841124007395, 0.04981667778069389, 0.1270760840804778, 0.04513932010383917, 0.07628592812871329, 0.11427095181389227], [0.027940071863331254, 0.2936354265640452, 0.04255660855804469, 0.0428768361150265, 0.022891915821552897, 0.07492971857422548, 0.07147306584474808, 0.07054128361614478, 0.1524075416902364, 0.04664495385404894, 0.03563207782978712, 0.03826351993074159, 0.029423931076769373, 0.050783048661297674], [0.09316086172602421, 0.07698590589451121, 0.031736502957066925, 0.02392478147148769, 0.05993276428128266, 0.05240436831282073, 0.04481084778046208, 0.03199042083353214, 0.17501827801795136, 0.17948412744212702, 0.05014355592957047, 0.08329529047150629, 0.033919398349798624, 0.06319289653185807], [0.14938491441850815, 0.03038043051769228, 0.06812183610389724, 0.06416825327474368, 0.13158222516467158, 0.05633461372707734, 0.04295745525311105, 0.0351399233311231, 0.09134893771618685, 0.1067864590106102, 0.037447971692747245, 0.0804657416897302, 0.03260218254618223, 0.07327905555371926], [0.04961313545684081, 0.03262971783226998, 0.14903679920471544, 0.1532805823241285, 0.03746500050545003, 0.05456650919394713, 0.07326836255033564, 0.09302690704890847, 0.05873469818335936, 0.06268488885219438, 0.06544333006627877, 0.032692698679193444, 0.08317285442293662, 0.054384515679441116], [0.06163854800239114, 0.07181235591162095, 0.18833444987983478, 0.18283401846909228, 0.055165385687096766, 0.05139225362232147, 0.04906636184630173, 0.05208586035304348, 0.06018695317270406, 0.054610785964026284, 0.04498387414602731, 0.029401771641059848, 0.047251495412893904, 0.0512358858915858], [0.13917322615064764, 0.08115192865143964, 0.08391766560565554, 0.06396487140017801, 0.1153261857681301, 0.05369813269589708, 0.0486448193851446, 0.03640125529995759, 0.10696320913184375, 0.09460573495667611, 0.03937695717140058, 0.05701732371040029, 0.024177909659857708, 0.0555807804127715], [0.043142554499093835, 0.033048490681170155, 0.19856463326967191, 0.18781293821132564, 0.03488359323402513, 0.04464383183860909, 0.024829798030157193, 0.0926928733151352, 0.05062541069012565, 0.04582542006898348, 0.07717822926583161, 0.045907348721871695, 0.08295475886142366, 0.03789011931257568], [0.04070061978769476, 0.13465621100559627, 0.027490091740388467, 0.02023027354206978, 0.03051270525349811, 0.04305225559315648, 0.03301760440435536, 0.02058394256649903, 0.25185591383977046, 0.23967068485810733, 0.021334321886421585, 0.08573563338175308, 0.01794807969351885, 0.03321166244716979], [0.042966176122519545, 0.13342473954091347, 0.08463224393537806, 0.08336679625903803, 0.04491850640058665, 0.024782964144328165, 0.026900234417972138, 0.031146495942150063, 0.19663727778127704, 0.18638492999711873, 0.02533411444323516, 0.06047419654609384, 0.02233890969492723, 0.036692414774461696], [0.02101867814751843, 0.15014219774919493, 0.06831121254249457, 0.0551605208935588, 0.021891437487249615, 0.03618994349534074, 0.029556986142552664, 0.030884343992392007, 0.05207399893574958, 0.08731966409406096, 0.21215712526480757, 0.029084265434589526, 0.09865627948828663, 0.10755334633220391], [0.04328429787452898, 0.1459629645019545, 0.05177726590540536, 0.04007191320341856, 0.030860032430627012, 0.05759630290348713, 0.03817358316517167, 0.03442435279958555, 0.17634604111481986, 0.15988012113636335, 0.04674393346266845, 0.08552755412396329, 0.030760550665567883, 0.058591086712437776], [0.057548910843950106, 0.02703979434343344, 0.041254671916061615, 0.03225472812781911, 0.038917499238258026, 0.04839093918695413, 0.048774457583066075, 0.0381064402899368, 0.16040472532589864, 0.19020928091334696, 0.051696295891909376, 0.13508631208473246, 0.05207720375277708, 0.07823874050185582], [0.0598848261375553, 0.07897829967480983, 0.05554016742840637, 0.04808153558138474, 0.04180701985831818, 0.11038943859707366, 0.10694705913982304, 0.05901811115910114, 0.07743081381798625, 0.05374741067299287, 0.11461102497461738, 0.039659813869488206, 0.07059390086385114, 0.08331057822459209], [0.04348116692672345, 0.05334275078085302, 0.044719749846739223, 0.04350398203817126, 0.03692830324410153, 0.09903420750744575, 0.041285303675219404, 0.07048972145514136, 0.09813844379435535, 0.08444835155700564, 0.11048242813927736, 0.10864188253692508, 0.08252779290519494, 0.08297591559284662], [0.07678644414283002, 0.026424687101527553, 0.04684294056547127, 0.03571341443458495, 0.05987649494677226, 0.05311246764850552, 0.03700362837043753, 0.06273521957116575, 0.13809885668412447, 0.1584431965681192, 0.060024904926267955, 0.11129906944207217, 0.07123979789206678, 0.06239887770605456], [0.04603383230289045, 0.2604067428204642, 0.0878781635597625, 0.06718246942546839, 0.045439111477158595, 0.0463443865615433, 0.05464202293536238, 0.05127537283356262, 0.10210862637224766, 0.07419585937098125, 0.02815496374229611, 0.05216421593409792, 0.03298246195647411, 0.051191770707690994], [0.15237448394280723, 0.03637851496818941, 0.089296466258081, 0.07316372788970198, 0.12020883443973009, 0.04849984046476346, 0.039523711863470125, 0.06850342689258189, 0.08385693877415093, 0.07524496531799339, 0.05216125302775433, 0.0499378762064233, 0.05349396546743494, 0.05735599448691798], [0.03425898168377815, 0.2585998055751288, 0.10539054309714514, 0.10101024609749898, 0.029814658922499373, 0.03599954261011015, 0.041769450650454516, 0.022462941195154518, 0.1274980559073702, 0.11030253933475229, 0.030125070173966317, 0.0409169366045098, 0.021277115956458037, 0.04057411219117359], [0.12402997582647018, 0.0416364584442234, 0.03703531809082418, 0.029857750429444982, 0.12073874163126419, 0.0731704474964002, 0.05991923426715724, 0.14279622177465526, 0.1059954416208908, 0.04729194605020196, 0.05526708040290574, 0.02580132