{"estimation": {"a": 13.936730555871538, "rho": [0.10935582907391996, 0.12322257182251135, 0.13549930092682314, 0.11297656851619008, 0.14442924525691145, 0.1466538641522422, 0.13314843577240187, 0.09471418447900061], "Mu": [[-1.573829079218035, 0.09576598221867745, 0.1777610865190849, 0.37418784669835964, -1.04746901571556, 0.09408548408364421, -1.619490044366856, -1.3347348893934037, -1.825030695274739, 3.5296374024542487, 0.6681947453045577, 1.0629509705151614, -0.4124155000173787, -1.2455857527797844, 0.3708263155482781, 3.4330524324244687, 3.001996922437542, 3.330828163138637, 0.2169281903632284, 1.918656397287246, 2.8325503488430055, -0.139521857035742, -2.3036713352557974, 0.25033560677958433, 0.31546797476079286, -2.480424803990079, -2.5749689281078147, 2.211170492011855, -1.0073097391574786, 2.8123907354444806, -0.8962139634973141, -0.9212783873032545, 0.40331842287933867, 4.4696276193164595, 0.4380452086358201, 0.14065937430369083, 1.3313407065807816, -2.6886861087778717, -0.02809532760580856, -5.068820382134867, 2.0797238856472267, 1.227225651772284, 0.2771749848779308, 1.034936465148024, 0.7242712757972246, 0.8592225037055823, 1.2702840023675528, -1.268846047970144, -1.2872699257804634, -1.4747572928520283], [0.9977412119640994, -0.8744683405910415, 0.2921121732863233, -2.9900304776400595, 0.0899447268795134, -3.8089102162838078, 0.9762435982295092, -0.23155417198668163, 1.0950359089929476, 1.5140231114360634, 1.1313196265052827, 0.14720102797811993, -0.06815614328437766, 2.7849175847231242, 1.9492173811069524, -0.7629249543155279, -0.1094290650448703, -0.3997447395155315, 0.7769286838241776, 0.24900431651288726, 3.6665819881179584, -0.08045522404286796, 0.5802239664195175, -0.6877091758461853, -0.24559127643685738, -0.3624150375252815, 0.5726671138918799, 0.21797420852500143, -2.3494717626490966, 1.5779848534045773, 1.56351220892403, 0.12232999490080526, 3.3827066067717735, 0.03135274111608864, -0.4958767017260052, -1.5018905464669394, -1.800074260273863, 1.0714277347876955, -0.24275336877447776, 0.5065646515407831, -3.303328005446059, 1.3890117859183186, 2.4950307389698994, 0.3919179362077936, 3.315751221381402, -2.325328699056156, -2.3494516811864825, -2.0667875919733714, 2.3385503482918333, -0.3630964805964567], [0.6622412937315777, 1.2441738338162562, -0.011642587823758772, -8.246264182546046, -2.893086955920577, 1.091138824633656, -2.371989758768727, 0.27842055556613554, -4.842495345362047, 3.624857643612756, 1.3669117633357177, 0.6663878875721404, -0.6633363951903324, -1.6082259503549945, 0.81663145775908, 2.6487858571592215, 1.6565558607915687, 2.200153472356233, -1.022380813030959, -1.3478785217643725, 4.917751267200531, -2.278440621181168, -2.649664942956951, 2.3046067466245974, 0.7453627786212154, -4.49330067122762, 4.300399071093467, 0.7482085378771329, -2.3307029895470284, 1.4867024811761222, 1.404947121443548, -3.5782736620616316, -1.8440462222600482, -0.6348371061663107, 2.291893396815549, 1.0041403850690982, -1.1956626563330286, 2.9382719776919433, -0.4149638344038688, 1.8266215868237212, -3.538514859966961, 2.3108106258982204, 0.25852260214226497, 0.42142728894847326, 0.5048650753722744, 0.5324529565967143, -1.7777836785381327, -2.586161213190443, -0.049586102658689304, 0.800986480378594], [1.5541734870168864, 1.9525979581419228, -0.1998351900354179, -7.183108347442479, 1.7423166337975722, -2.15668692584254, 3.095127615808834, -3.0643201996005613, 5.570518047908315, 0.360512145024124, -0.4208876512287603, -0.4736359921795486, 4.098059825332679, 2.1706592749023477, -0.9516886389074324, -3.021741502895733, -0.9707608927289192, -0.11227086321533064, -0.8148533313818225, 3.0184471522782195, 0.6659841571058774, 0.13798554881523734, 2.3442663635586207, -0.398600990281121, -1.511257548963384, 3.5189022160044487, -1.7221691420099, -1.4681532084490199, -0.53600511197585, -1.6086759839250715, -0.9239376284499787, -0.3768376374727127, 0.12978220974624238, -1.6245190651009023, -0.41943279988969484, 0.6639971110798525, -2.7996600851796725, -2.0019250352121025, 1.9082721153910065, 0.8884801534391252, -2.645595389280461, -1.6065912692453996, -0.41815994385106625, -1.7984983314003802, 5.4433489535924995, -1.9723970869735763, 1.5673960573955499, 0.8313576097961913, 1.0441166489338005, 1.6302868428157842], [0.14271942128681084, -0.5248051497991594, -1.6432984414470768, 1.1762603293924467, -2.3548258926774914, -0.7163383465967934, -1.6390374688629712, -1.413305889782741, -1.905040772147229, 4.91703429306902, 3.046921675832912, -4.93475164320467, 1.1757008897392436, 2.3026944898823887, -1.1342878162042276, -0.07373908878772406, 1.174066035339083, -0.13820158921390888, 2.456846054110487, 3.240297173257104, -2.852022386155966, -0.8394480689248954, -0.19621395284617935, -2.141447027717661, 1.109339233597946, -2.9684076803047366, -1.287244564396535, 0.38824121792080535, 0.1909781621361235, 4.3383210757807475, 2.315704634387456, 0.7463280980324011, 0.13041688971718118, 2.8706499158950716, 2.0893880671924414, 2.959571362295912, 0.02661160797762396, 0.3055129594261554, -3.60621405063577, -5.4725104494875225, 4.256141977721719, -0.6187350942813115, -0.8243951648503953, 4.46375730126534, 1.5341069884524212, 1.475971809162457, -4.288507509336887, -1.928658273354317, 3.471943157196299, -0.39134131939221295], [-0.04108425015576527, -1.2137269537538653, 0.05520918117129965, -7.438142300771718, -1.5644052548816474, -2.245224682445469, -1.8560076057036974, 0.557703582269141, -4.14882032290819, 0.826451710392923, 2.367157644043841, 0.7641008195502405, -0.21333085420206999, 0.32864714777268716, 1.952211432863184, 0.7448688745979473, -1.5219092523033015, 0.6013664836451783, 0.7821940953128976, -1.0598075874881594, 4.863073365487486, -1.1727179338872387, -0.7942092403302144, 2.229845393879872, 1.343406122811149, -4.975658922533646, 1.825189233911709, 0.005790316227541298, -0.5048652339591597, 2.189601578888427, 1.7991047116500727, -2.1216688587174617, -0.2217243867934865, -1.8057614777051598, 0.7428667498456759, -2.4434704648078673, -0.17309350678424432, 3.2128378639632764, -0.47077910342820833, 0.7903950978447788, -5.297274788949532, 1.6675539302793811, 0.9050523398217651, 0.06708399586768815, 3.4899940565018897, -0.4665165622853106, -3.995185169979283, -2.6139672645668703, 1.6458839759705326, 0.5818863648906439], [2.5874290899829617, -0.8472504685488123, -0.16001337699505824, 0.9833426528046963, -4.953429066525164, 0.7130483390690596, -3.6672769698679564, 0.26620985014959075, -3.439371902156547, 5.867470064741527, 2.3722683708181926, -1.3142126220138923, -0.9641385214910235, 2.455289262429679, -1.9651388583766942, 0.40593129907312964, 1.5665005645801873, -0.7203622464684951, 3.12763740476084, 0.7048337665321641, 0.3318855261440489, -0.3491472518105233, 0.0028223595668293716, -0.49854893332361805, -3.0643947220899057, -2.848602624368019, 2.105330043792405, 4.676699796464781, -1.4033090183133283, 3.8201041249618686, -0.25440696405773516, -2.245646248277986, 1.4120993837396716, 1.4507191187236723, 1.2852225854024593, 3.1898192149755364, 2.5940323457362418, 0.28093513229870365, -2.314032050200165, 0.8023660578076638, -0.24283545402898332, 1.2489954038607114, 2.484440715428681, 3.1231006853332475, -4.638074270147373, 3.42326176483151, -1.6653500628754965, -1.0364342971487412, 3.863438747215005, -0.1458854897369338], [-0.19586402539466966, 0.8701155086581707, -0.6445112170359161, -7.078300688508717, 0.5737146075602193, -0.7222856506153578, 1.5413422985936571, -2.739786036919995, 2.2834139035061107, -0.5706202212326484, 0.3204207538763542, 0.8822114581344079, 3.668796338627811, -0.2974230671345971, -1.205222603447742, -1.2833493836908734, -2.4303471338966602, 0.6047614642624732, 0.16455260905615327, 1.1473426382013228, 0.813169484638084, -0.5638433502685692, 1.7965725585160393, 1.737708496798916, -0.9858205888054249, 0.6506832199865583, -1.5801567369388434, -0.6742846162732482, 1.4851781905029753, -1.3316448937060719, -1.6667291023149913, -1.7919664849503416, -2.0167783931395338, -2.1101309196018314, 0.25694216058624875, -1.2379842114798472, -1.006722672155696, -0.8571801039921731, 1.7708685729795346, -0.49250434938442383, -2.0896473608665116, -2.4012572795406233, -1.725236140239025, -1.510144287316128, 3.2289167890946677, -0.7832663748970471, 0.9043622881607694, 0.9947343287398615, -0.056673162497638915, 2.4819122307511137]], "Lambda": [[0.6710317784238518, 0.2496883391070959, 0.44452291307137154, 0.42380764063318854, 0.6691546370838448, 0.5651797491377013, 0.5429441625634894, 0.5700316266848361, 0.37777418643035776, 0.42119576634118, 0.3189171515975486, 0.41098449305960616, 0.45071778918866295, 0.4445085223559779, 0.5445547031185197, 0.5099032490654277, 0.41247222470126194, 0.4810090035372944, 0.3722635088360179, 0.3473977298331961, 0.33510205197987414, 0.5226639494351116, 0.4401762343226412, 0.5038282004718014, 0.3526017741799038, 0.41746004468115366, 0.36012751031826745, 0.3575117581360513, 0.660920308859108, 0.40671272369729444, 0.5042228070819058, 0.721486357277046, 0.40943426030332325, 0.5768823262608609, 0.6002493098207891, 0.3835840922936702, 0.40363658176035544, 0.5682021443482411, 0.6131795848137763, 0.4540851890731206, 0.4150584327242285, 0.6201963289761685, 0.5511406543098168, 0.3910036346959902, 0.3838549646941734, 0.4382196457282823, 0.421902666861321, 0.6480668118285573, 0.39366864224926806, 0.36310207281949347], [0.5035438695450739, 0.398648257633586, 0.3774530864525261, 0.26111450548888376, 0.4742989891374795, 0.4961054830292877, 0.9901038045889978, 0.41526007271587656, 0.40150926717988134, 0.5100547994570946, 0.5803863128112146, 0.3532450888945208, 0.39019911319595907, 0.5606976368973624, 0.5423609698762271, 0.4366124499065165, 0.45942264389695747, 0.7792320029463444, 0.4106136248473814, 0.9223081659810703, 0.34739625731761165, 0.49768987267326137, 0.46807211240787805, 0.46737875247547733, 0.4398835963009869, 0.3776110727277463, 0.32665946135768625, 0.2979512483297356, 0.4591906826919923, 0.5326255237693823, 0.5413055120988344, 0.508123667246233, 0.49378243531061383, 0.27327595424782514, 0.5801607303283066, 0.5944035501430347, 0.533968783666869, 0.2836514567718434, 0.5646970616297287, 0.47780620094655696, 0.23414076179935878, 0.5359414622442967, 0.44606242282335834, 0.41637127423977044, 0.37815895915312636, 0.7264317142453417, 0.427868199888818, 0.3315613541202583, 0.3719456190258255, 0.34013100390983136], [0.43816078384483725, 0.33780145563028285, 0.35402468314060276, 0.23574087123226722, 0.43946801275090136, 0.634149996471303, 0.572050192780357, 0.34910530030977655, 0.36683924327243966, 0.2909793865951742, 0.25839821669812285, 0.2933444249949281, 0.49478459710379885, 0.49392118273046565, 0.39973131418924107, 0.32684193975934345, 0.5421695466665128, 0.5151411069285188, 0.3522686725562883, 0.3928786582154258, 0.4131598445258551, 0.6114665364326889, 0.4615938828243168, 0.6256918295804355, 0.39019755573076187, 0.3632336345692654, 0.4928922541309198, 0.33343287697872104, 0.7358889621580651, 0.6541557735209161, 0.42424464131892026, 0.5632348852218451, 0.5231912883482627, 0.3792222645352475, 0.6617124781025937, 0.4686807759444414, 0.43846837190571364, 0.398381207975331, 0.3547101773078678, 0.3894803212184239, 0.30851091025188065, 0.5503824731277629, 0.3405398413349533, 0.33828133943254435, 0.41457687436370444, 0.6312335146610858, 0.4379652185985826, 0.35733655213308474, 0.3412394937167611, 0.360141599651754], [0.5736989358880102, 0.5771366196512412, 0.3784654392952906, 0.20347628861613395, 0.4239583228258238, 0.4780398543769803, 0.5839868367223227, 0.469379201058453, 0.42693367574127294, 0.7095923451317505, 0.36655339649178525, 0.40174689238980504, 0.3781192077793211, 0.5543299335668607, 0.4893530063865804, 0.43250642363733677, 0.6411873357034684, 0.5684893726837559, 0.37948953678328556, 0.5579830472669647, 0.44347096471615, 0.6442176248021861, 0.3769878583368018, 0.556676413706109, 0.5046670720458889, 0.5290904543446517, 0.438754150585998, 0.32851070816618144, 0.6740898200638028, 0.47395742568574795, 0.4723345052851328, 0.594025293913134, 0.5878583453822331, 0.486093817581708, 0.8565793807725716, 0.7410924930186352, 0.4697525593303802, 0.5212416336961138, 0.6835929543420403, 0.3735452232419863, 0.2202173236170417, 0.5540187332780668, 0.4077741572448494, 0.4094560205613582, 0.41021103925983654, 0.8723790561240043, 0.5825271462774793, 0.3079414226953591, 0.5959928786472781, 0.47598703740511716], [0.5428985472534714, 0.5136634456959851, 0.406305462552801, 0.25182742662664176, 0.7831713405678113, 0.5783293088777893, 0.6668072567507404, 0.3711515101113541, 0.4128525747318293, 0.25368219756899196, 0.24460974506368374, 0.4124108515857447, 0.4845288421466834, 0.3627466533276979, 0.4959093548851812, 0.34056589685910926, 0.2969846150929032, 0.5389536199017859, 0.2569007110598161, 0.4295586042590378, 0.37262542191249415, 0.43370486086539306, 0.42254533764400104, 0.41725700408367, 0.3933514527606229, 0.48588976904582976, 0.28021246149306933, 0.3954532054910078, 0.6323298731795601, 0.3280776277645842, 0.4351150123606333, 0.5812690762701281, 0.3781139629099942, 0.6354632203379215, 0.4688043821422172, 0.33950229617162336, 0.5242274860967765, 0.7352208320925461, 0.5405453237746498, 0.41678241000926675, 0.40068100922591093, 0.6434641089215146, 0.4461279660810712, 0.31571080027837234, 0.5334389209605633, 0.3936963641733593, 0.42913839141353477, 0.5516406970996751, 0.2879861168295891, 0.5285946804090167], [0.4872957366365538, 0.40191582744419024, 0.3310045672672181, 0.182876197710834, 0.43864576915239617, 0.5597039495839652, 0.8145570498246738, 0.30841867448279775, 0.34894796904500813, 0.4024307207337989, 0.6002786105844462, 0.36440585491004013, 0.5050261159153929, 0.48744132204522445, 0.46921275618240343, 0.3746582128563184, 0.35959282289359396, 0.5994309075894629, 0.31821357968904884, 0.8814014704310851, 0.3356417809428833, 0.564694916981862, 0.4428768156523059, 0.44996197483587624, 0.4417104930009992, 0.32608117574321627, 0.3261404638907727, 0.2566412488839731, 0.5884667692685623, 0.6264404561694855, 0.4944710840408286, 0.5997954380040275, 0.6038741534951004, 0.4253103437304735, 0.7038539486207288, 0.5766342832348053, 0.4151490191485065, 0.35775742576414343, 0.42032894170248153, 0.5022443676554579, 0.2232751074106101, 0.4331307034860561, 0.44389512199187264, 0.39356238210664485, 0.27660748470137003, 0.499003624580535, 0.42292507856781075, 0.3358885870665899, 0.3580483815152613, 0.3624154343738597], [0.4478181218026391, 0.5904149800952334, 0.49043826646122435, 0.49084647221685035, 0.5184959195997092, 0.5987221647305762, 0.8168423005882797, 0.6131969087643049, 0.49018936809416014, 0.30200204548180565, 0.3007832956845451, 0.4084764800350413, 0.531082942571779, 0.33191129836374905, 0.6236514809455106, 0.38636511524103023, 0.4475912767829729, 0.573845555117707, 0.34444972660246675, 0.43288885481668027, 0.4906883957570004, 0.38989541469964584, 0.412239319755949, 0.6279407744706516, 0.31127638053689266, 0.42801023465487664, 0.38567708584354077, 0.40920648778993357, 0.5942238621619896, 0.36081250134775056, 0.5428162267329487, 0.316117891593778, 0.5148034501772706, 0.42290959720883275, 0.3694664835660766, 0.30340302830761545, 0.5219993877153883, 0.44698114263430727, 0.6087611046552874, 0.3370739973535109, 0.5856121922521834, 0.923227099964724, 0.5797237885598735, 0.32282130180732016, 0.6418868829595534, 0.48540559617892176, 0.41845384824551435, 0.4208139377076093, 0.31905547130618506, 0.4399955938311494], [0.5971099611430338, 0.5564639680312113, 0.44319963826614095, 0.2794363032592908, 0.4209408017569129, 0.5197936561020783, 0.44156254600904765, 0.43864169005034137, 0.4192333913333987, 0.6441695113261237, 0.4132040658122189, 0.46578945973333535, 0.4737949465053485, 0.4910676451940009, 0.4768549824900556, 0.4938835023486274, 0.5432081126349146, 0.44742825724846563, 0.3313023556676282, 0.5466571085835105, 0.44219855376239414, 0.5407552554862556, 0.39077408825681903, 0.5158777521590652, 0.5464787042449272, 0.563278712528272, 0.4321962449214094, 0.3741040108296229, 0.7273547157121376, 0.4571568211401693, 0.47283697406538827, 0.6025541074610583, 0.6066255564462677, 0.6437100798271311, 0.9423457962760816, 0.6990522621681112, 0.4237621700942245, 0.6082619678301056, 0.5599407118356705, 0.39147605945224856, 0.31776728984099006, 0.5235956367465378, 0.49822895275579615, 0.44757361983855604, 0.3411820672516758, 0.6309170048657434, 0.5317735880524048, 0.3865507258707895, 0.603354181957005, 0.5271655953209302]], "U": [[0.1094034624967489, 0.08477685453427064, 0.1551123114541238, 0.0919454617165065, 0.20482846540966823, 0.10661179399435475, 0.17289700722618964, 0.07442464316813745], [0.10754989627407076, 0.11213370863646485, 0.07112772257520578, 0.18903824261947896, 0.1568321618070883, 0.1099926681148503, 0.09201260111428196, 0.16131299885855893], [0.1329276631383324, 0.10058212195774986, 0.1915363368356314, 0.08536706433311923, 0.0853114203649578, 0.13266927701067127, 0.20468837304334078, 0.06691774331619733], [0.07897970386396211, 0.10285634928472746, 0.14130666419424068, 0.13906450661341233, 0.12842001349068635, 0.15860479671890507, 0.10895189351552505, 0.14181607231854093], [0.11217398000672461, 0.09048529998229779, 0.18302643308848315, 0.10218536580527049, 0.11469658168053234, 0.1665461004544389, 0.11780783030876438, 0.11307840867348848], [0.08368250442879656, 0.19445009707369323, 0.06543479505762669, 0.14879922755911668, 0.1165827856298125, 0.18973608502285239, 0.06986303989222406, 0.13145146533587845], [0.16228641380274847, 0.09537927158962191, 0.08157873711468035, 0.09699784278188568, 0.22449957242175983, 0.11013941843632905, 0.13015986568685367, 0.09895887816612095], [0.13528082592805793, 0.1199356100813721, 0.19525374245297691, 0.09637328777219406, 0.08765767533628016, 0.13694028044890297, 0.17026620380285412, 0.05829237417736145], [0.1440642084617463, 0.10104361947376678, 0.11753417335180932, 0.04996120930584839, 0.24439106597742197, 0.11552367618965265, 0.17882780236098902, 0.048654244878766066], [0.09139704541606174, 0.16763886160147837, 0.1469012944764731, 0.13150074761617364, 0.10468784199227082, 0.14927583577873174, 0.14200992636620088, 0.0665884467526094], [0.0875274659534761, 0.13701044751125666, 0.1219105947557383, 0.17561990287823837, 0.08152542108295419, 0.16842748956457126, 0.0795309565860061, 0.14844772166775907], [0.10644663917316963, 0.10711912438939646, 0.16243263495832033, 0.0813231535541288, 0.11965311525471255, 0.14198813947167035, 0.20029690107263604, 0.08074029212596613], [0.06354401291695358, 0.08730647128777745, 0.15430248111569697, 0.1754579777759402, 0.10022553502232229, 0.14962043013439097, 0.10695214814882036, 0.16259094359809917], [0.1563107537929822, 0.13158960150954996, 0.09647241999255818, 0.09570033238794066, 0.15604076052379842, 0.12387398453782196, 0.16417554090748093, 0.07583660634786833], [0.14239210698414245, 0.1362459656766571, 0.14138461948672534, 0.0984190846568542, 0.09350713713075144, 0.135923009284152, 0.17072560989444402, 0.08140246688627349], [0.07090376339388521, 0.0902161380721526, 0.13569375639364317, 0.2038268550983816, 0.1027666394576001, 0.1301916932085631, 0.0833162462851955, 0.1830849080905787], [0.11491469641474038, 0.11237691577512784, 0.21963231569994576, 0.07403117436218833, 0.09463882631198915, 0.1868201432757014, 0.12854398649148424, 0.06904194166882271], [0.08606774920779009, 0.11148506848702035, 0.1451481664046227, 0.17222261843257267, 0.09038522008589983, 0.1627029035853534, 0.07393498839062437, 0.15805328540611685], [0.09085161887537706, 0.16330371626003617, 0.08069840121782494, 0.10723499383111622, 0.16255294696115527, 0.15753845696628893, 0.14685323465754296, 0.09096663123065879], [0.08854480164406844, 0.22816649797617788, 0.16611280025340666, 0.04599760367621282, 0.09174148691518726, 0.26393583730247044, 0.07761042433867199, 0.03789054789380493], [0.11318845179687902, 0.123622007150511, 0.15707097049223823, 0.09876535809736085, 0.15972180764594718, 0.14635293938186852, 0.11426532424364916, 0.08701314119154617], [0.1149107539651032, 0.12216089165741835, 0.12734880899975876, 0.10435907785002145, 0.1951836456232037, 0.1139395095979971, 0.159522285816795, 0.06257502648970216], [0.07733365593213158, 0.11583185223075605, 0.11572844284324393, 0.09186439337754579, 0.19668926476337334, 0.1197765696714272, 0.21213455978878198, 0.0706412613927401], [0.12315056508767946, 0.11257624060327293, 0.0870498058092151, 0.08117660452671235, 0.22239305595800563, 0.11402216439206601, 0.1848087877490158, 0.07482277587403255], [0.10091318486124201, 0.125192672204107, 0.11801722999630397, 0.1320565347851434, 0.1289874380767159, 0.16648547092462768, 0.08900842420362437, 0.13933904494823587], [0.19742539109854038, 0.10908491510372088, 0.11555910666839266, 0.07401253467408853, 0.1589778224877177, 0.13426336213404305, 0.13492700782693332, 0.07574986000656374], [0.08021227166996882, 0.18964241519493083, 0.13340204521283686, 0.06790669428045776, 0.12101263959299531, 0.21134558350029947, 0.13536287147682818, 0.06111547907168243], [0.13937066464640158, 0.093065956001834, 0.09974557487775103, 0.10011629400550842, 0.23006916118891693, 0.1012875369391169, 0.1628901509738562, 0.0734546613666151], [0.06639076494258193, 0.19370057070913507, 0.20240838933400773, 0.10915820385394165, 0.07440970419555096, 0.22993816301967854, 0.05828450892032066, 0.06570969502478365], [0.11297703103178648, 0.12644624468063267, 0.1491265981803051, 0.0706890310556644, 0.14864555335147164, 0.1709285821108214, 0.1451183754293859, 0.07606858415993288], [0.14244673262370747, 0.12095656613690808, 0.10494273123846343, 0.11149118597435481, 0.19992166115175208, 0.12190895504825512, 0.11730026993423766, 0.08103189789232121], [0.07509776608516251, 0.12955581458904172, 0.08197602826553756, 0.20257610730418682, 0.1291380353233261, 0.11605061660678906, 0.10072414400686241, 0.16488148781909348], [0.08986265954517297, 0.1802974991535951, 0.11062887840408478, 0.18538960664953288, 0.08964189758175631, 0.15915408231947772, 0.05334061997008744, 0.13168475637629315], [0.18207896344698146, 0.09725050941597205, 0.10660051105385862, 0.11578187943792283, 0.18838235544336612, 0.11095181678747476, 0.10747491145453598, 0.09147905295988766], [0.15765297203766493, 0.09655183452751134, 0.114786117468983, 0.09621689230293173, 0.19578516413941155, 0.11623540398391552, 0.12881895291323847, 0.09395266262634433], [0.12459765882209616, 0.0756778554932887, 0.15991212345723482, 0.08011400777470357, 0.19114039652741327, 0.1340487811390837, 0.1641478411842738, 0.07036133560190637], [0.0843350000988618, 0.1546397879370711, 0.08072743235905336, 0.04485251764102306, 0.24146927981546162, 0.16084580319445438, 0.18829874182329917, 0.044831437130775156], [0.08534873335739375, 0.20154955170443753, 0.13223993490370262, 0.10489545184992893, 0.08605054395015153, 0.21291794440214834, 0.09181046061906316, 0.0851873792131742], [0.11405014546042062, 0.1336483867389082, 0.09338081834262721, 0.055632409754836215, 0.2215806942838143, 0.14073382967150355, 0.18978479938121187, 0.051188916366678064], [0.09737204652539005, 0.1521962571680515, 0.13649465372182992, 0.15802920484987454, 0.10238217961348994, 0.13260388438281975, 0.10674523695181605, 0.11417653678672807], [0.08270065908357131, 0.20564766077273647, 0.08441851087100798, 0.20170094292011334, 0.1368771668223262, 0.09690073080447278, 0.12714602422348248, 0.06460830450228915], [0.05671532559540244, 0.1567961777357696, 0.1335054133894677, 0.11601708154783656, 0.09912727344722268, 0.21628243904102012, 0.10221398225839237, 0.11934230698488814], [0.10312445449976844, 0.11396917642407535, 0.1460053406165976, 0.15219132844074093, 0.11608730441915774, 0.12779886340202318, 0.1315195661521666, 0.10930396604547041], [0.10540379887876881, 0.11816213430544237, 0.17020413274301996, 0.0792534395516847, 0.17146764359944888, 0.135317219615983, 0.17120487801069204, 0.048986753294960585], [0.05938812421233469, 0.1409363473112257, 0.22416326317481225, 0.10038384133490896, 0.09143714957811905, 0.2153252011258796, 0.09193918879156761, 0.07642688447115167], [0.08740027336739886, 0.11629144025563153, 0.12128325151429585, 0.09288943326545235, 0.2298935580160459, 0.11891630621651955, 0.18429862314140688, 0.04902711422324888], [0.11338887836154085, 0.1335987248373969, 0.2060497479747432, 0.08365139124029038, 0.11703259907462059, 0.17465309221855566, 0.10587209629707107, 0.06575346999578133], [0.09570146303309456, 0.0781897092850057, 0.11791982255570188, 0.19783568293691278, 0.11921675707613699, 0.10290078026142103, 0.11531276014064361, 0.1729230247110837], [0.05136664939869709, 0.08309677935621068, 0.19260022802887528, 0.19622965482735946, 0.06914431281676044, 0.18428293890803613, 0.05587635038388462, 0.16740308628017686], [0.09824870274237951, 0.09505306428402409, 0.14802770995802902, 0.14498005566825736, 0.0981346787981308, 0.16704144899546203, 0.0900805330618371, 0.15843380649187977], [0.17568668352866892, 0.07014928742723273, 0.14182981695157573, 0.06458684793500002, 0.14201413451540681, 0.11395391103948523, 0.21913807223320458, 0.07264124636942547], [0.1336513135572281, 0.11089745681387592, 0.18698473213891642, 0.10105345553579823, 0.1365031466713732, 0.1553900853784612, 0.08700289991805796, 0.08851690998628878], [0.08467359990171722, 0.16406153984981037, 0.09246535040936643, 0.10886369772161662, 0.13679304916084725, 0.1786201530980937, 0.1347444534687716, 0.09977815638977645], [0.1693938751113116, 0.1236082637806084, 0.11057051907580022, 0.08465964248413888, 0.0967143190107429, 0.14276929022208198, 0.18631401252421148, 0.08597007779110491], [0.11977237389244226, 0.07782678912792351, 0.19782242581693618, 0.053364007884517235, 0.18463079418831796, 0.14616319561993035, 0.15807871844955504, 0.06234169502037756], [0.04521100275035488, 0.10400424818309008, 0.09074040772516175, 0.08991474841858227, 0.23696676188698704, 0.12281357314660786, 0.224949715620216, 0.08539954226899983], [0.09828939152325994, 0.16491581029829064, 0.14405265496922773, 0.0689064653780943, 0.13272617654341937, 0.19969441029851448, 0.12758889286674088, 0.06382619812245227], [0.12027980743757265, 0.14319727454797893, 0.17057635820668576, 0.12022612912205859, 0.10358207860593155, 0.18390563669048485, 0.05951275681582201, 0.0987199585734659], [0.18539412583545195, 0.12596889640598527, 0.11350517579504528, 0.07492714566893631, 0.11309530324480277, 0.14862745104743266, 0.15103215874328654, 0.08744974325905958], [0.12264599113893081, 0.13685276055713672, 0.16060683330427594, 0.07667780745053532, 0.11972185031953064, 0.15872051557436695, 0.15079089790431882, 0.07398334375090493], [0.06804779847316988, 0.1580337173578121, 0.09976612165002585, 0.09234280465236795, 0.18694821501028008, 0.16134426541072425, 0.1652190155726787, 0.06829806187294113], [0.11815267440030197, 0.10337974849483275, 0.15077322203847923, 0.10899774873555382, 0.10320554444196778, 0.13643892605159547, 0.16845113927735134, 0.11060099655991763], [0.062271206790286984, 0.08926283521781897, 0.09874257191252246, 0.23772503196503345, 0.08954179208176517, 0.10714664523047904, 0.08455306617892328, 0.2307568506231704], [0.1869862631060683, 0.048909141619223634, 0.1775118330751553, 0.09458026476101951, 0.1919525707850397, 0.1091020180656988, 0.08658631454836077, 0.10437159403943426], [0.06843839674767288, 0.15179331423084308, 0.1534766689045305, 0.14717254239645294, 0.0754505612180675, 0.19779438715439224, 0.06380995758798128, 0.14206417176005973], [0.10635768889797244, 0.17186207733913908, 0.1356708857405921, 0.19576157249419882, 0.09710459836075437, 0.14318082258866077, 0.06199702754375054, 0.08806532703493178], [0.07698046528333365, 0.10681906535031456, 0.12283473260862517, 0.08880725899230438, 0.20303275182465647, 0.11156682789606714, 0.22775916436081198, 0.062199733683887065], [0.10080119601800591, 0.08977241297623802, 0.182110083822233, 0.10072365256051007, 0.150108648068196, 0.13367702284885383, 0.16897885114120756, 0.07382813256475572], [0.12500385662404542, 0.17636842680427006, 0.09558464589887242, 0.11599689367646351, 0.13581243695800568, 0.1519615328936633, 0.13020014634899252, 0.0690720607956868], [0.05179263235760331, 0.11696593831397765, 0.18948077200043476, 0.16154804356725563, 0.08863428676293858, 0.18847024681661564, 0.07180354517054448, 0.1313045350106301], [0.13420486561578726, 0.0936637997254688, 0.11807273510049641, 0.11278532256548467, 0.1811534683048457, 0.11760078780229312, 0.1365879338159582, 0.10593108706966571], [0.07585878605134229, 0.119970938726488, 0.11483059492603384, 0.2011970828348903, 0.07749596700726322, 0.14570536339177362, 0.06973919248356739, 0.1952020745786407], [0.09745618488100877, 0.18893093779356737, 0.11098933782763198, 0.11768925174095585, 0.08282075502202364, 0.22482348383549072, 0.055642435626353244, 0.12164761327296904], [0.11199266370113216, 0.13649882200878904, 0.13784596454452736, 0.0989521948477337, 0.11117717565221436, 0.16342161570864805, 0.13360058302419114, 0.10651098051276411], [0.17307605922757047, 0.11226677153305385, 0.14584322900726218, 0.1226151292046228, 0.13126132395777806, 0.1249838145052888, 0.08702526212391037, 0.10292841044051344], [0.17412964966492023, 0.10813339939700262, 0.17883204977279168, 0.05356655816020116, 0.11434143011367959, 0.15428100834858988, 0.1417275274034845, 0.07498837713933083], [0.11586249476497344, 0.06333488102753844, 0.14127484989851138, 0.0658083145290148, 0.17446194759438305, 0.12271536209382368, 0.2414189770582109, 0.07512317303354411], [0.1420304167443573, 0.11927275914892904, 0.1114987083452619, 0.13062235687178675, 0.14199788256169316, 0.09906183595506539, 0.16858955125721461, 0.0869264891156925], [0.08998361705310398, 0.09409728591890287, 0.057788045761343575, 0.2292609318705889, 0.1207596662301523, 0.08820069001661232, 0.09973244749106587, 0.22017731565823004], [0.14837935423457327, 0.08123044056055535, 0.2085442559725468, 0.05625109065046334, 0.1117319275711909, 0.1188261712679207, 0.2185592310039901, 0.056477528738759566], [0.10524155167229468, 0.16693459086703608, 0.10744339484520164, 0.1579698380937097, 0.14089697242578342, 0.13852954546795246, 0.09520403151225378, 0.08778007511576875], [0.14244328082630436, 0.07802831105189342, 0.0958321636568939, 0.07114136009822111, 0.24226278817323993, 0.09800796424971202, 0.20809044010175187, 0.06419369184198344], [0.11952015198516516, 0.08721369031256511, 0.09912680556293926, 0.1814577631388707, 0.13660282705182553, 0.11983138304943104, 0.0836325852829376, 0.17261479361626547], [0.16628233017775562, 0.16033936957715822, 0.15193718955746635, 0.062431893020721024, 0.15227854478405417, 0.18241381489602781, 0.07636035371416984, 0.04795650427264701], [0.10701305179407238, 0.11604550983115414, 0.15778352907117366, 0.11866116901912502, 0.14647978571827724, 0.1658149101279526, 0.08888029321254044, 0.09932175122570465], [0.0819158651697969, 0.10773821237993449, 0.22196874148631054, 0.06601088000603826, 0.15378682667456056, 0.1752044814643449, 0.12955725429465742, 0.06381773852435614], [0.1472406536226705, 0.0715961721392378, 0.10230679774542159, 0.16121693360353176, 0.17848960604892775, 0.08685502422003354, 0.1012195236656423, 0.1510752889545345], [0.0997390287660866, 0.11894671273946776, 0.16985550732912513, 0.11031650664257481, 0.11527002073824422, 0.1468562899002876, 0.15936316994269054, 0.07965276394152304], [0.055731395459974076, 0.08075789236316715, 0.12431936554101793, 0.07776361940190711, 0.21615167933307664, 0.1309361076213925, 0.2351913107039188, 0.07914862957554594], [0.11266051325977122, 0.07558690303880809, 0.17081243218720485, 0.09725866294478923, 0.12520560434536554, 0.13886716281686823, 0.17850051549965304, 0.10110820590753973], [0.09016875279894644, 0.1150204913052465, 0.13414351524973545, 0.07383068368415642, 0.20476906250235022, 0.12965602425880582, 0.2020751828629737, 0.050336287337785286], [0.04672600907940894, 0.14451908224613982, 0.10698866529356311, 0.0574448967097649, 0.2153842524492192, 0.1714687317532663, 0.20611397032021625, 0.051354392148421434], [0.11270727053442284, 0.12334908288221016, 0.10943746663161841, 0.145402164342321, 0.10764737173936004, 0.14277782327700647, 0.12547590933174724, 0.13320291126131412], [0.08779620717657355, 0.13215506070756525, 0.23629736855987657, 0.08011587891502416, 0.13400082112924655, 0.18524471881770674, 0.0992070301252455, 0.045182914568761806], [0.10360635428158352, 0.10762029579927129, 0.21158161601384778, 0.077039613770382, 0.12524012783121022, 0.16777490688113236, 0.13754542726242336, 0.06959165816014988], [0.07537905623858307, 0.17240259855303994, 0.10576321663778956, 0.09974603718073768, 0.1791792807615769, 0.14987807726356187, 0.16647759224949746, 0.051174141115214025], [0.20325472522946117, 0.1261410319643209, 0.1293771734249523, 0.07454249909514361, 0.17901531209853333, 0.16086650471707864, 0.05946965683983542, 0.06733309663067438], [0.0805066241871735, 0.19163881623917775, 0.10338143206772966, 0.11883156602914142, 0.10192010678792571, 0.21402917000318272, 0.07657978288680496, 0.11311250179886412], [0.07009915938703945, 0.1197041445190797, 0.1620930445902694, 0.11653575980727925, 0.16631070290731512, 0.1317411937978146, 0.16311900711723268, 0.07039698787397], [0.08554017915222907, 0.10328671742445047, 0.11902302911419647, 0.12207846602698673, 0.15658781721131526, 0.13138479263117084, 0.17189139372043985, 0.1102076047192112], [0.1340560495209685, 0.1816889286819014, 0.14085969785231783, 0.05170356384402417, 0.09150533361628051, 0.21405813918573083, 0.14113630405584415, 0.04499198324293285], [0.05591068116041654, 0.13672145054486876, 0.08677129422540614, 0.08064449690249094, 0.20633850752573074, 0.13942931877256562, 0.21956276577706935, 0.07462148509145211], [0.06275754061964155, 0.10802560567912842, 0.16619359608890877, 0.09397249690138144, 0.17813763800065693, 0.146948632687787, 0.1787561640666461, 0.06520832595584956], [0.07693137913136426, 0.11022728053888589, 0.16024591810420974, 0.1105361186458216, 0.12839343762375374, 0.16220305431959664, 0.15382651914018003, 0.09763629249618858], [0.13293085650705824, 0.12259323145203219, 0.12081729518928803, 0.07485837455663498, 0.18678902711920828, 0.15884611127801293, 0.12510390038998948, 0.07806120350777562], [0.1082756066866512, 0.11104197436542053, 0.09240299660933615, 0.17144271489233195, 0.14873424689668885, 0.09530769071334799, 0.1325341247899595, 0.1402606450462644], [0.09939585463949675, 0.08988846547767146, 0.22719231083933836, 0.08799927604231315, 0.10203070479452318, 0.1684111664910707, 0.15287177019238835, 0.07221045152319792], [0.13771739990218038, 0.12908234216886127, 0.10701951803864163, 0.08486525849235482, 0.195077132586325, 0.14770202463593152, 0.1317885789383289, 0.06674774523737644], [0.09402166085329164, 0.12273517928555285, 0.12394659632134275, 0.18929756543889373, 0.10144168964744321, 0.12956472075451766, 0.08068707946858988, 0.15830550823036804], [0.14129694087733063, 0.06301558676125822, 0.1535541962141341, 0.12180530705936488, 0.12461964238083409, 0.14761880080396034, 0.10699414934288974, 0.14109537656022825], [0.1172118398675418, 0.20060698259906376, 0.098848549801638, 0.1604754775632119, 0.08913086298010993, 0.13659170694656442, 0.12426427674398503, 0.07287030349788523], [0.14195819651655098, 0.11750103790606162, 0.15839104477316307, 0.10730552516257946, 0.12693182903332662, 0.16791140106485974, 0.08030084046434793, 0.09970012507910987], [0.10257475186188185, 0.10528491785429867, 0.07989109878469942, 0.18043388351081685, 0.14568165704094369, 0.12062457143801711, 0.09275504149009138, 0.17275407801925075], [0.08583223649941635, 0.07939693944121273, 0.19607567352213232, 0.15694827580584805, 0.08671992713142102, 0.17765787703188773, 0.06879882381461562, 0.14857024675346645], [0.08316730850747045, 0.07869100834889145, 0.10675570033903233, 0.205851539734554, 0.11223221338622989, 0.11703461965168645, 0.08783386642890748, 0.20843374360322772], [0.05912078726961442, 0.12770678202556854, 0.1411375575992954, 0.10128190695500473, 0.15250144202999819, 0.17742738160329904, 0.14504795055210964, 0.09577619196511002], [0.08416847977556192, 0.10276355777292547, 0.11903934587341586, 0.18124218398142888, 0.11021162988155662, 0.13917174152825681, 0.10148919365268205, 0.16191386753417278], [0.09097408119467675, 0.1416718963695504, 0.14926238927836893, 0.08381405123268401, 0.12149292152246796, 0.17564721475290918, 0.16739293460882473, 0.06974451104051786], [0.15099862565644628, 0.0895058370114204, 0.06410110833114763, 0.14508725142057524, 0.20608110254014594, 0.09449073469544969, 0.10905626975511366, 0.14067907058970158], [0.058800374737193274, 0.18080274986120035, 0.12327780657431267, 0.19299774942670261, 0.11075149475481637, 0.11884084658542104, 0.13004363736317323, 0.08448534069718032], [0.10094555433377972, 0.1209018275070198, 0.08998161939713979, 0.11595556520312028, 0.24321938383073746, 0.07310118618856241, 0.1980469007056974, 0.05784796283394332], [0.13179362575723086, 0.06877342311504878, 0.07380334134049489, 0.045909793698732174, 0.3056164189421, 0.07014245661662212, 0.2608916085202804, 0.043069332009490355], [0.07914463726750623, 0.14920151681153426, 0.1622157810485506, 0.06758547066534311, 0.12810940726378375, 0.19302977720934417, 0.15057088345705757, 0.07014252627688049], [0.15432557443693698, 0.06370270753725897, 0.07082409811653044, 0.11632802377575303, 0.2667906461023949, 0.07009841009908462, 0.16148043993159114, 0.09645010000044979], [0.1504545796822196, 0.12240985275977978, 0.14667062898638153, 0.111452918971165, 0.09763638782206661, 0.1118625094469549, 0.18620680281204452, 0.07330631951938803], [0.06019438862618288, 0.1178368879479343, 0.11247056176943389, 0.11544649529117189, 0.16879263380043824, 0.15895519587545165, 0.15333426644414022, 0.11296957024524665], [0.14103221930124557, 0.13458800352303377, 0.16964472619731794, 0.10722589731155045, 0.1445638183619065, 0.1525987269715839, 0.07751199949599001, 0.07283460883737233], [0.12025610441647352, 0.10070810504598757, 0.126134961496155, 0.1494168804519104, 0.1455479312298091, 0.13398879787067863, 0.08047730024337973, 0.14346991924560645], [0.09904146938778498, 0.11364401678260584, 0.153430948421131, 0.06714765916605442, 0.13829705879767162, 0.1430448635349708, 0.22493455808435117, 0.06045942582542994], [0.08949936860693398, 0.1871891254669833, 0.13813659926029692, 0.13799471192015264, 0.0731578685337817, 0.1791057528844795, 0.10290894332596037, 0.09200763000141127], [0.10034013252729321, 0.12282003786846801, 0.11876738981368516, 0.08229138471862633, 0.18456043313912787, 0.13029079065572682, 0.18937454885872518, 0.07155528241834783], [0.06336448559197923, 0.10890159412819818, 0.19796577429597517, 0.1548140502894744, 0.0892098227274522, 0.18206885608436163, 0.09713188000054816, 0.10654353688201094], [0.10776306787348483, 0.1420998564421297, 0.09538951960158662, 0.09696478393729603, 0.20269031869688706, 0.12592295845057494, 0.1666527688112905, 0.06251672618675026], [0.10156528338993513, 0.1032822237710759, 0.15060387138933706, 0.10488946772600549, 0.13318773673668843, 0.17198006607353045, 0.12477025795004325, 0.10972109296338382], [0.13242257503337376, 0.1254979306563077, 0.09363263277395491, 0.19532744368292385, 0.1427460979934802, 0.09401966197900001, 0.07410511144661619, 0.14224854643434334], [0.06744753575656864, 0.1297660951833158, 0.19932379155288982, 0.0802658187671628, 0.1288206316255187, 0.20313291456945565, 0.12806655965569202, 0.06317665288939667], [0.09873835912885007, 0.1902859797683187, 0.08331617187783581, 0.13277082030191842, 0.11027487937687462, 0.1507751537099185, 0.13097666777507821, 0.1028619680612059], [0.05060321310340597, 0.07473509526301453, 0.17332473676418625, 0.11692092869186856, 0.1691931978966251, 0.13478084502104284, 0.18236448378378833, 0.09807749947606839], [0.13219243123005334, 0.15757217864822476, 0.11368234602554768, 0.16326764850181952, 0.16822385691166858, 0.09694406251661034, 0.09792719375683863, 0.07019028240923753], [0.07434937940449858, 0.12670144773125738, 0.1875715712853414, 0.11879852569917547, 0.082