{"estimation": {"a": 5.543452782165479, "rho": [0.17804175062024247, 0.10499399912712636, 0.056835965010035426, 0.05842840531226084, 0.190910118662976, 0.06646373502864313, 0.18578558545748894, 0.15854044078122687], "Mu": [[-1.3057089576142202, 3.8934666824052964, 2.5848553423286527, -1.1975059939744495, -1.285410302034459, -1.967599305463426, -0.19176601781886907, 1.211425946245178, 1.0032120724798481, 2.5556090524512576, 2.8134419245592173, 1.1339965704231663, 0.937264631496952, 0.7134998688757106, -1.6447108812949827, 2.100930407182538, 0.8647000624950636, 0.014665909337772407, 0.6274006493775642, -3.194751494211128], [-1.0427257738494953, 0.5374855775889187, 1.935413401231499, -0.8761130325407838, -0.2871623616310251, -2.0506466720040275, 2.0442862842495044, -1.0935406012798157, -0.4098766292955967, 1.0803259085914092, 4.7184478964441, -0.8546660551699988, 0.10289728975042425, -0.47521359064421126, 0.10104881781680865, -0.4945851285296352, -1.1411137034347691, 2.905748867473415, -0.9182879978918923, -1.4792668179013688], [-0.5545023705684836, 0.8603466779681017, 0.6118387470762204, 1.0139368786161105, 1.6749692669734602, -1.3962200305835313, -0.6278044845564863, 0.30543694655309855, -0.6837725582644237, -0.13454421615145498, -0.059389606933271666, 0.17115768929444886, -0.480683055208478, -0.38119508788000706, -0.3806362722755225, -0.610735524744587, 0.07200349683634459, 1.4645634270517311, 0.8130685824737421, -1.8913013625123538], [-0.7833499945269653, 0.6254258130569577, -0.04790110214404154, 0.053472571209541804, 2.4928983029453815, -1.4612131978286262, -1.3828510366834044, 0.27234808261801036, -2.4288602813274576, 0.7951597099318518, -0.2896504866964518, -0.5112980941666727, -0.7461149260082117, -0.028740610105507988, -0.4119647322278601, -0.9220808861404536, -0.25475146738606075, 0.7976272096999885, 1.3152053085050734, -1.4314467205578703], [0.5398003528099455, 3.5585299474272256, 2.7258245504749232, -0.5608332358122847, -1.7086578213010235, -0.9364796191589126, 0.3092479578697827, -0.3244002098893799, -0.16642559878597812, 2.426526036125521, 4.617974294021224, 1.2557933099542988, 0.948054100831577, -0.8637813695626277, -1.0626461754283691, 1.8511652317715979, 1.314915621545554, 0.22130091560634635, 0.338682488094172, -4.159201649932139], [-2.5260888689708536, 1.2902815999239, 0.4711438320833013, -0.6049402407043675, 2.2747546695912364, -2.2974701543261595, -0.836205150485653, 1.1788912628345822, 0.6896359273009995, 0.9700712229555837, -0.27439165650467207, -0.5723277156673734, 0.1684969088407956, 0.7343411080032635, -0.6903900709200577, -0.22513166183562888, -1.4463983407821885, 2.039843529715577, -0.13555508605993216, -0.09621495593793146], [-2.1915103162412204, -7.673368094549748, -4.1414660661916525, 6.672772282947187, 1.3341431993222796, 2.8747554221158884, -1.53457984289735, 7.599732015283625, -1.4934127711625573, -5.054032311689165, -6.033547863103958, -2.6772109819645262, 3.0580321065617637, -3.319476259899881, 0.5970380046485253, 0.09143116923129659, 1.5501037973943919, -0.4834856126235612, 8.015178150264571, -1.9784206106122106], [0.3877183129421771, 1.0605262287016193, 0.6409014773197214, 0.06443368562203224, 0.2766223579368101, -0.9845723330384388, 0.9773273217972617, -1.8534118223737663, -1.1689018496017105, 1.7906509775473303, 6.539405857714295, -0.5636803356374818, -0.7371332880948811, -1.1117036067078885, 0.02872263348622487, -1.0747140144742944, -2.261278423420738, 2.851693478306285, -1.2897194000713161, -1.324551941709033]], "Lambda": [[0.568697064241572, 0.341105454622466, 0.3495892118966581, 0.43397678956377217, 0.5415109087323421, 0.5106685786070602, 0.5199180381752879, 0.8497586125391146, 0.5209562930558952, 0.4294393723723232, 0.4642450384895938, 0.5707293623556768, 0.42542649371028723, 0.29116342810784956, 0.29102817218577043, 0.44656524103522055, 0.3609979218862488, 0.5377807443985699, 0.7681930034920096, 0.379499624978252], [0.688776805857649, 0.5820377091663061, 0.41774101328827945, 0.4199562400557651, 0.6787487571489899, 0.45653810086361923, 0.491612721452937, 0.5396847602900322, 0.4107884633918342, 0.39508075844255486, 0.3281914439419026, 0.5297561321416095, 0.358377126565237, 0.3675128860120443, 0.4991280135711937, 0.37613904805525666, 0.3723186541274102, 0.4555253917986623, 0.5625951620236612, 0.4698593593519041], [0.5501714150854016, 0.5471293428414649, 0.5202608291209647, 0.45672500678339917, 0.5137966143507916, 0.5216175666627416, 0.45681858436923767, 0.5222240273989032, 0.4579194670962609, 0.3989585482000237, 0.3569295736633871, 0.5671699722938961, 0.4884164504428644, 0.44429358395109547, 0.5052782682785105, 0.47342030699492715, 0.4638866974425215, 0.45317148897845494, 0.46814309158473644, 0.5412448551223132], [0.5719710730961557, 0.5179260973485064, 0.540941717881332, 0.4632531003629173, 0.5032931375579098, 0.50837786589564, 0.4664609738424439, 0.47472311755227337, 0.419178424450231, 0.3876719050194427, 0.311667155629538, 0.5215410970385217, 0.4710447732350085, 0.4378302616523465, 0.48628743277232717, 0.5007248545876785, 0.44846128513893363, 0.4350326503784444, 0.4731152588855979, 0.5955796567100351], [0.5884912322764202, 0.4500969248810071, 0.31111669300367684, 0.36496332420472016, 0.5245810958326217, 0.5478162167537725, 0.5056718513958531, 0.9160247402311154, 0.5188768341337356, 0.4765789528737771, 0.3393119893567823, 0.6433093708489099, 0.45058485606347953, 0.31177781727480164, 0.34717859972870646, 0.3951155201410641, 0.32529785427410257, 0.506335025950944, 0.792309420477849, 0.34729178946290734], [0.5959450915908968, 0.4675041778531385, 0.527789869099174, 0.42936735514011787, 0.4840812025999606, 0.47849815870785006, 0.48270163212442174, 0.4200639464729641, 0.42431434229945686, 0.32169211778154705, 0.4597652455466465, 0.48636422786539835, 0.43502081408837207, 0.3780097833969826, 0.46978770383934215, 0.5050481591097601, 0.4230349978689101, 0.5374820685227936, 0.4959547290702799, 0.5978535426826622], [0.35063285645861697, 0.1993155055504379, 0.46583036325857213, 0.4085968177055809, 0.2539730087100035, 0.48236087916254256, 0.5404958921222379, 0.2999774914055238, 0.2727422149138135, 0.6992363192780102, 0.3650113094990983, 0.432305339371505, 0.5344464099518154, 0.6108913444467172, 0.7012628872094072, 0.7442378757917885, 1.4942718694435024, 0.8436128715843758, 0.23021687937283686, 0.3055602207083809], [0.7486788610659038, 0.5391141963426462, 0.47970756126685565, 0.33399599566538485, 0.6498121692956468, 0.5359563277751189, 0.38738848841779716, 0.47800480335539797, 0.4584774587669203, 0.39049603207493855, 0.1885838139312916, 0.5961631425417498, 0.2952237547342132, 0.34866028258620124, 0.5561165639925894, 0.37713693983434077, 0.28684148549774924, 0.4390580725819344, 0.5235675093963512, 0.507364291790854]], "U": [[0.23266059168952904, 0.062023312838935765, 0.0786681266751086, 0.1070594978291732, 0.20645447705219291, 0.12260441515855974, 0.05686025882327576, 0.1336693199332247], [0.29607082638219095, 0.0655861586963432, 0.042976409097061664, 0.051550482044900744, 0.3005368826125628, 0.06161257500665405, 0.05155119476424183, 0.13011547139604454], [0.2563130764945068, 0.06977895064299328, 0.045171735614803185, 0.03154929682079614, 0.2777675850829563, 0.019932356553348723, 0.21001671184944481, 0.08947028694115056], [0.3142134487662085, 0.05802792387370881, 0.04531021282295972, 0.058761823857832886, 0.3111309653055702, 0.05711007282160659, 0.06405095833483126, 0.09139459421728198], [0.29403671588425984, 0.0888786787893052, 0.04215929852456559, 0.03115107233959295, 0.2557583290769842, 0.08272633573456883, 0.11211436337067847, 0.09317520628004497], [0.22781035619602974, 0.1091689493964328, 0.04417283772610536, 0.044438369573905484, 0.25493298192160574, 0.043094032714118886, 0.09695213025748815, 0.1794303422143141], [0.16450202845298728, 0.13010305588851342, 0.05768757839780162, 0.05175654401434431, 0.19833225831108497, 0.057290618302300415, 0.12793310654300594, 0.2123948100899628], [0.13444686450953638, 0.10644600128707117, 0.09431886342285563, 0.1358770670185026, 0.14100385880191138, 0.07905881168602828, 0.18840781701152198, 0.12044071626257177], [0.11928393831732544, 0.15110230037603717, 0.1049482855783383, 0.09958152975085201, 0.15835933540287464, 0.08009198056745168, 0.1031798323181864, 0.18345279768893427], [0.17057932907911122, 0.11439274267763125, 0.05589521988849516, 0.0653374371541833, 0.182566280230695, 0.06596378445384032, 0.1423654634379684, 0.20289974307807496], [0.15006996276608214, 0.05638604037009245, 0.05482508631992368, 0.060712242634559994, 0.14092369107898356, 0.06819303342412066, 0.3708685908694992, 0.09802135253673819], [0.1168140230752003, 0.10943009810103888, 0.04900063110881293, 0.043053380308358084, 0.14453188653544893, 0.044018445389274886, 0.3337616570756888, 0.15938987840617788], [0.14122677288666366, 0.14869565881667457, 0.08437862308987155, 0.10581343550184417, 0.10633457377304079, 0.13339241523416512, 0.0892328441809014, 0.19092567651683873], [0.10801730816911002, 0.11657231718486157, 0.06888256291546574, 0.07995735662040043, 0.13953888993877453, 0.09274498677726051, 0.19019967735907997, 0.20408690103504684], [0.09045804204143483, 0.17913306336488494, 0.04281380937859453, 0.04143550847524327, 0.16815133732854828, 0.040824463620049156, 0.1203239707968361, 0.3168598049944091], [0.225055281615461, 0.10723468617525324, 0.06267890473726472, 0.061562870580768904, 0.1885691832377132, 0.11229406849067103, 0.11178260005928665, 0.13082240510358098], [0.18236259120440618, 0.15808827571012285, 0.06822270169764337, 0.048847331068764405, 0.1750313691612849, 0.09663992961506337, 0.08133791058895097, 0.18946989095376382], [0.0995907581811719, 0.1641574320274771, 0.066131392782658, 0.06424146226064668, 0.16043415337213449, 0.060001999979293154, 0.13243525256732103, 0.25300754882929793], [0.09981219624306685, 0.05722773720685609, 0.035296462619579166, 0.030543393378595556, 0.09956544402914722, 0.0419705956006634, 0.5508189593887051, 0.08476521153338662], [0.19188669001406938, 0.13200725047697232, 0.05819752611227815, 0.0617938101351607, 0.19551653247164466, 0.08664962700168656, 0.05677949639249814, 0.21716906739568964], [0.13379381400799015, 0.15848856318698515, 0.05356575217466216, 0.06493512944838882, 0.1777656330961558, 0.06679969167750759, 0.0618028806237518, 0.28284853578455865], [0.21666378667952524, 0.09399920736182812, 0.05390933485928008, 0.04500414002409601, 0.23690445083592038, 0.04248569018886701, 0.1859483793501094, 0.1250850107003741], [0.3518857051960348, 0.05050031595179501, 0.029820761345162858, 0.030878729151231247, 0.358124241168614, 0.04037721019533842, 0.06765246680634202, 0.07076057018548217], [0.09604306690078945, 0.07308979547195847, 0.07122300942029408, 0.09443477906442081, 0.09530733151874733, 0.10635553388021012, 0.32002608168591606, 0.14352040205766384], [0.09097872429388523, 0.07445237185162218, 0.05304204488908624, 0.07440662264564753, 0.08909784428340962, 0.07335947952291434, 0.4313840296412929, 0.1132788828721422], [0.1340617279558939, 0.07048390503268953, 0.04860189628736718, 0.03978687030884974, 0.12471227995554755, 0.04976764724417654, 0.4297986218497704, 0.10278705136570504], [0.1668818793968347, 0.12266439271104823, 0.0509144409603067, 0.03557422314172171, 0.127457841983316, 0.10223127967766736, 0.26685875311656654, 0.12741718901253976], [0.27293566052542356, 0.0911908344142967, 0.04710459231411056, 0.04943232629919806, 0.2870302813390878, 0.047277612271653766, 0.09192568576274467, 0.11310300707348508], [0.16508383404975818, 0.06202120305307188, 0.037723292193760825, 0.04109011845833099, 0.17658454945361787, 0.03752968793221957, 0.3887963113828265, 0.09117100347641408], [0.23044783162736082, 0.09555434351458164, 0.0496133887821199, 0.053877578185821916, 0.24443387684367485, 0.04696425346350437, 0.1188090229640785, 0.16029970461885787], [0.16061796696262928, 0.0797853018562962, 0.09141190788020616, 0.12224388220977994, 0.1513612749682701, 0.13279697999352605, 0.09538884016018609, 0.16639384596910586], [0.10046951479084285, 0.07688542730637246, 0.065521481047648, 0.0745691981164223, 0.11136829228692566, 0.062361438099391334, 0.4171306360871085, 0.09169401226528905], [0.16943580639534747, 0.156525408983981, 0.039691499719983425, 0.03942705777909107, 0.22195823413337545, 0.04448926239980241, 0.047616232568168486, 0.2808564980202505], [0.18768083811288225, 0.15092453880792944, 0.06831774819763639, 0.04886376513295783, 0.14890417905059503, 0.10849700439393554, 0.1254562701469247, 0.1613556561571396], [0.30958020955445315, 0.063984312519273, 0.03815112437809542, 0.035973456757126765, 0.31367636363777107, 0.04620079315330847, 0.09897130257063726, 0.09346243742933419], [0.13761820717160309, 0.12646459797883128, 0.03861072028890437, 0.02716801572886523, 0.16448985403117317, 0.05779678216158562, 0.2600746961759168, 0.18777712646312053], [0.1327197688932585, 0.190048564623618, 0.06511273649445982, 0.04688086986719977, 0.16594203940680305, 0.07788681752654515, 0.052731817874995056, 0.26867738531312146], [0.0946717580902638, 0.15112751455415108, 0.09680475893799578, 0.10437222004852968, 0.13972168563414164, 0.08447748231825289, 0.12139358117208457, 0.20743099924458075], [0.2112633371492727, 0.17009436030053343, 0.06102059287973178, 0.0353644492688321, 0.15112564873212125, 0.15422627164309072, 0.06200514797845152, 0.15490019204796707], [0.27046215287172076, 0.08836862213214673, 0.0448601936422887, 0.04133679283759403, 0.29414199772998006, 0.033734165785178384, 0.10710993870677758, 0.11998613629431394], [0.22413883911090202, 0.0744417436246411, 0.04278153759350741, 0.03978877208504162, 0.2353142967913166, 0.045231936376156065, 0.22216899249029612, 0.11613388192813892], [0.14370927807080006, 0.05082540265392752, 0.06156898709455533, 0.05442432474163168, 0.14707271261664992, 0.057100200924344736, 0.4098489515888354, 0.07545014230925465], [0.1793903426969496, 0.08317349198992263, 0.0558036495264438, 0.05857272633031378, 0.17468387749618444, 0.07906944450242313, 0.2143749083119588, 0.15493155914580356], [0.13544161612159245, 0.05048998612786916, 0.04421794463168893, 0.04194267121080015, 0.12806493784894776, 0.054066862281444826, 0.45697110969229837, 0.08880487208535791], [0.15940237160202275, 0.12243924876444931, 0.0871639473762291, 0.08759238974667816, 0.16656603644055587, 0.0885632899041313, 0.09308448573898093, 0.19518823042695255], [0.16551784578282158, 0.07093890132030374, 0.055608341322740854, 0.05153035112909549, 0.17285129564030896, 0.0525145252594014, 0.3375835818346039, 0.09345515771072423], [0.2853849155782319, 0.1075957221129141, 0.049960854545518484, 0.03592936639389547, 0.2598188168071979, 0.0876631986278982, 0.07824609958470687, 0.09540102634963706], [0.12260319736240284, 0.1500493235469455, 0.04667065962632118, 0.055456796455516724, 0.1707456081051298, 0.056315217875561166, 0.15885812005889838, 0.2393010769692244], [0.06662546935021875, 0.18439439211933684, 0.0789389137954041, 0.07362970011811489, 0.13863475783408666, 0.06075346793268782, 0.12693628401968327, 0.27008701483046815], [0.1576362678840065, 0.1278151323952629, 0.08865611975342869, 0.07266234070388965, 0.17270802972214808, 0.07819802220590398, 0.15184532809792164, 0.15047875923743817], [0.20607977526516943, 0.09659947325024015, 0.0661611749171084, 0.07192352228395733, 0.21885391346242847, 0.07779931850670678, 0.09491181315209402, 0.1676710091622958], [0.3024374597397557, 0.07659473675200575, 0.042614573533685154, 0.0495091443443068, 0.2871826331980159, 0.06524492644498839, 0.05905606128687079, 0.11736046470037102], [0.09565572799000324, 0.07458248878802136, 0.05416336369236516, 0.061333287312820686, 0.11451180032167757, 0.060980972018583185, 0.42270125904439304, 0.11607110083213618], [0.15045952020573253, 0.1608344762782936, 0.0713767184275241, 0.05264253941622663, 0.19120799410703024, 0.060155145111704174, 0.07761905348005772, 0.2357045529734302], [0.2131457564593127, 0.10823086060058457, 0.060433826925998156, 0.04883322183475829, 0.22129216487952158, 0.05170646574427991, 0.13799376191519894, 0.15836394164034606], [0.1165021201020894, 0.04128002245472433, 0.06325593795683003, 0.03961922936208938, 0.11739590826086586, 0.05523202052396516, 0.5058370087981425, 0.06087775254129382], [0.12158489545551086, 0.06507121932436198, 0.04543450976863105, 0.05062332400408179, 0.12732916039862036, 0.05678734987464742, 0.4227724191566922, 0.1103971220174546], [0.1402224586508411, 0.17607532416164395, 0.05762211832018942, 0.057110109297189876, 0.15079886384345664, 0.10017478336146773, 0.05646250505098001, 0.2615338373142309], [0.09215216161438276, 0.06513500749849857, 0.07715947546525352, 0.134202003769629, 0.08606061641845272, 0.09062167243039211, 0.36054555434295954, 0.09412350846043219], [0.19604234971904733, 0.0633719407949082, 0.036274232174788305, 0.037527368747983805, 0.19688855539464598, 0.042802046856364254, 0.33530149267482173, 0.09179201363744054], [0.22539617968927544, 0.10040326417810859, 0.057051846736335565, 0.06659758907540353, 0.24813510080262763, 0.056522751910068336, 0.09029734925789894, 0.155595918350282], [0.10413062475321118, 0.1716161643559275, 0.06421434499495896, 0.08175895406524687, 0.14299864913348825, 0.09514180273848387, 0.03642835639179714, 0.3037111035668871], [0.11977253581333444, 0.08690092908569896, 0.052375877458311425, 0.057285349386066366, 0.126770172788304, 0.046931848059124245, 0.3882536265040086, 0.12170966090515131], [0.11195876320649456, 0.06948155139819855, 0.066353111506499, 0.060412628561602184, 0.11469987994942425, 0.08230151446756209, 0.37510208214488794, 0.11969046876533171], [0.08933506568818271, 0.09197119438071406, 0.050263654178241676, 0.04899941111381884, 0.11387843285710937, 0.036844614102280474, 0.4330908587666703, 0.13561676891298272], [0.10523799754066503, 0.07387622632770041, 0.032766127046336795, 0.029757118338167823, 0.12109375169220586, 0.02862706280416719, 0.5147631949003686, 0.09387852135038832], [0.09656061563955982, 0.1781780068139657, 0.04996612314848297, 0.054135621414029104, 0.17235352692766012, 0.052817679349246076, 0.05667231054825328, 0.33931611615880247], [0.3051577764607491, 0.08636017011412611, 0.03968405130896247, 0.042544243059284476, 0.33325833031304436, 0.02730591763689729, 0.034614049481007936, 0.1310754616259285], [0.13541642990941852, 0.10526480692133224, 0.05856104440530385, 0.0635011503352214, 0.16538888685254677, 0.061271896189319885, 0.21996744451244088, 0.19062834087441655], [0.24333543750074502, 0.11284740433829302, 0.04867545547136596, 0.03651589783343329, 0.2696986810223083, 0.039297692723129767, 0.09183714277747965, 0.15779228833324538], [0.1331207803495665, 0.05778952982045487, 0.08908500124035998, 0.09062023661402469, 0.1280374139351571, 0.11725540036702209, 0.28880937835120135, 0.09528225932221371], [0.174262587885364, 0.08984960275111895, 0.06567629592289194, 0.07195835566407777, 0.20159777423929068, 0.05691576223261773, 0.2113114007260899, 0.1284282205785496], [0.14485279242059249, 0.1264392662574168, 0.06607642459547304, 0.038932969908498774, 0.19314652492775844, 0.03186779751178052, 0.2261196411038199, 0.1725645832746591], [0.18243668024857762, 0.10544269164802407, 0.04053951171751389, 0.03643852775716203, 0.22704625494912542, 0.029316635949816875, 0.19719109530133613, 0.18158860242844332], [0.17636037124464687, 0.12293058442084741, 0.07830070574172816, 0.10787522120337299, 0.16495849200980478, 0.10736862852105349, 0.08255005830703258, 0.15965593855151305], [0.16698692123517284, 0.05694901622058372, 0.03817401903847316, 0.034882149530720205, 0.17930454287912118, 0.03520247934458694, 0.4035189346863784, 0.08498193706496325], [0.11254068255005681, 0.12388949376483316, 0.08161767297398455, 0.1312851002240812, 0.1488687095482237, 0.09010293079778935, 0.09910812397162048, 0.21258728616941044], [0.11663047121941582, 0.08841992160959339, 0.060224140835421436, 0.057151479237199626, 0.14218400261125838, 0.053167716932764855, 0.3305694535259311, 0.15165281402841527], [0.11554218515708604, 0.07681743567100303, 0.05132240887558359, 0.0681443427832992, 0.09416280709187662, 0.08182090327792681, 0.41527377636222895, 0.09691614078099632], [0.13029754248389933, 0.16967052252220094, 0.0434674687784272, 0.038892192296058954, 0.18956839503821754, 0.060218009862367826, 0.07038781053271231, 0.2974980584861158], [0.12066768627002586, 0.07611899746236725, 0.04466025612675395, 0.040132153539364994, 0.12481046334453384, 0.0554978826208094, 0.4345917735520407, 0.10352078708410367], [0.09959012854237262, 0.15638980596521246, 0.05994421932438626, 0.05439902746977985, 0.14214756611653256, 0.060308131443992226, 0.1766641227613023, 0.25055699837642187], [0.34773782566952727, 0.06618648448821475, 0.02990002389624612, 0.02197648085730707, 0.3512309800572496, 0.03658939830390974, 0.03928673773910739, 0.10709206898843789], [0.3013381791058736, 0.0658978124887144, 0.04113290611635565, 0.037339651046203584, 0.3088943832111426, 0.043547228028936465, 0.11567158531964232, 0.08617825468313049], [0.15435905611334147, 0.16023610199532232, 0.04600864506289299, 0.03969040763941027, 0.2135320673980902, 0.043941112981441224, 0.059707495555749675, 0.2825251132537524], [0.12984692583412005, 0.07454235487835568, 0.042023512728032245, 0.04683903644693728, 0.12997250305256008, 0.05423623371165023, 0.4141095152348144, 0.10842991811352985], [0.3362737176671953, 0.06807315388511985, 0.04569956075956398, 0.04938903740690473, 0.28850752451472095, 0.06442188280700425, 0.06646505432125459, 0.0811700686382366], [0.29341045375558994, 0.06171086089639717, 0.05245938677480586, 0.05588619339008348, 0.3078908658901691, 0.05254798693778631, 0.058274760138910545, 0.11781949221625777], [0.13887628494926157, 0.08628950367911759, 0.053013940519034575, 0.05301788745014612, 0.13750119962267413, 0.06755355700753206, 0.3235241350262203, 0.14022349174601395], [0.15070792817704304, 0.1312774768612466, 0.07668602276131638, 0.10719198110157994, 0.1568658796096033, 0.12289198882065622, 0.07870359570918573, 0.17567512695936907], [0.18021278508586616, 0.12081797298906839, 0.060757416217992695, 0.06138079031687049, 0.199936658808507, 0.07182272521237458, 0.11282126666194618, 0.19225038470737432], [0.10465763900202671, 0.15509254584066132, 0.05911202127950583, 0.08024848252469362, 0.15670644605359585, 0.07566314244198158, 0.06522969949595646, 0.3032900233615782], [0.24131521892169985, 0.07178575251964575, 0.06153327034183284, 0.06589453798194056, 0.23544375437400963, 0.07816247890600475, 0.11090494300936818, 0.13496004394549863], [0.1759624843001724, 0.14013278951718536, 0.03868096951098908, 0.04066015410403787, 0.2296803953275912, 0.042818769848964836, 0.08619616204728851, 0.2458682753437708], [0.25975595093741943, 0.08278983982919497, 0.04132577434503507, 0.03281118967187233, 0.27703574605444764, 0.0356392155773399, 0.1412752834307592, 0.12936700015393202], [0.17300081875072906, 0.06626124203435542, 0.05674471305523841, 0.05572201181372716, 0.17936775152561396, 0.06614097064562198, 0.2935068246319963, 0.10925566754271701], [0.1120067129603152, 0.1537410126136329, 0.07059404379142109, 0.07921191843488566, 0.16215022659795025, 0.1002981731290765, 0.0605624645345859, 0.26143544793813256], [0.2619947335601997, 0.09860131779252963, 0.0654487533291379, 0.0471986042931489, 0.27663027951379165, 0.03078102242505322, 0.09794596163751518, 0.12139932744862407], [0.26627467629628054, 0.08092678627818262, 0.05923893546647428, 0.05863372028622433, 0.2544347388753233, 0.07608925377461397, 0.06773790418709254, 0.13666398483580822], [0.17752881267576825, 0.11793855698962688, 0.05391151516868908, 0.040939338543397895, 0.10178670371152822, 0.14891003608822717, 0.28176826883777156, 0.07721676798499102], [0.14032932107301185, 0.1791377800060412, 0.0564695278161809, 0.04320026451165003, 0.21551033581839885, 0.03159316652912752, 0.06243422100362674, 0.27132538324196265], [0.11192489739522199, 0.1721976209113048, 0.08853689208694365, 0.07265299606086144, 0.15999423249158984, 0.07062011791936729, 0.08519132692921512, 0.2388819162054956], [0.23497912788383113, 0.07951737561870122, 0.03924282219778451, 0.03177197280124842, 0.2498979754989738, 0.03861130995781711, 0.20869701472465096, 0.11728240131699315], [0.11322975822000496, 0.1659789031247881, 0.05966518804531399, 0.052184237232885754, 0.1588737494762888, 0.06786272068098441, 0.1125742360298224, 0.2696312071899117], [0.17190467442136034, 0.133407872647385, 0.06479666933917307, 0.0845985536990011, 0.17481705382280519, 0.10150863290712749, 0.0484393116226575, 0.22052723154049025], [0.26852116206575943, 0.059244533345646146, 0.04913499417319173, 0.062344530491696415, 0.26594974214150785, 0.0620423166519229, 0.12685107635307433, 0.10591164477720144], [0.13240850998397358, 0.06520640142902155, 0.034870201179152814, 0.031052335758176428, 0.13452877408712097, 0.03563544350693954, 0.4686008975286869, 0.09769743652692771], [0.10034029354352274, 0.09226538341306911, 0.0382268909907773, 0.0330613060287045, 0.11850529552313926, 0.041486780725204384, 0.4264874910653421, 0.14962655871024066], [0.24022551592264765, 0.0853383378975445, 0.04104617363053162, 0.0407475757193524, 0.24720973182766737, 0.05046458112253945, 0.18994191002741842, 0.10502617385229839], [0.10435096543506822, 0.06029807918470809, 0.06054159963573737, 0.062423153938840174, 0.10032433261742411, 0.07029481335659873, 0.4370841695942592, 0.10468288623736419], [0.2344260716658775, 0.07097426526752215, 0.052398535797257416, 0.06280407304387109, 0.2365355191076562, 0.07964434002263339, 0.1346453201153238, 0.12857187497985867], [0.19480474305858186, 0.10923072784068609, 0.04866540631681323, 0.0472270770816979, 0.2197379812937441, 0.048175049836405144, 0.14899186507692075, 0.18316714949515156], [0.22431113704054648, 0.0933597461452448, 0.0490571375250197, 0.04612430237683157, 0.23810382534238195, 0.04122896251614806, 0.17227923857887814, 0.13553565047494878], [0.2581816367886052, 0.06411037691956228, 0.05099905324568805, 0.048436972991815805, 0.27465650659885715, 0.05235559581885458, 0.14649936321789, 0.10476049441872735], [0.3312716500770957, 0.05062423186926966, 0.030284778863727768, 0.02997605206627218, 0.3443167078938639, 0.03442123840048991, 0.09934861848779669, 0.0797567223414845], [0.2919733725399971, 0.06601121908679386, 0.04279051021612718, 0.034913934083844744, 0.3037215849437143, 0.03946041385418038, 0.12055917282306622, 0.10056979245227632], [0.15597528449434758, 0.10412701448325436, 0.05262701383037874, 0.04669575869256746, 0.1704351058642026, 0.04971280999435162, 0.2576632561925411, 0.16276375644835647], [0.12153992512156636, 0.07434767176265697, 0.04854887198830939, 0.041215039070388614, 0.12503287711899047, 0.048761732463369276, 0.42983953167747735, 0.11071435079724176], [0.16498534405607718, 0.1418420111774939, 0.08294008572159474, 0.08915967513000196, 0.13609526695910362, 0.13344646643069766, 0.08363729719251942, 0.1678938533325111], [0.3152660262438342, 0.07503007036900412, 0.04789385657450224, 0.04175879788288423, 0.31369925111291014, 0.04980066127760294, 0.058109139143774184, 0.09844219739548833], [0.11637706200635634, 0.10102787477508654, 0.08028546751269426, 0.090009562101215, 0.1242867836541236, 0.1051696812711299, 0.20027686283215365, 0.18256670584724077], [0.09154879457030404, 0.04735489504620385, 0.12408779211382143, 0.13711725816240522, 0.06472534576577993, 0.18029983433960736, 0.273108715664584, 0.08175736433729436], [0.11895030391348785, 0.1289228451355302, 0.060337944142339686, 0.08154557321651561, 0.14327505099487098, 0.07206479043676166, 0.19509797427192266, 0.19980551788857095], [0.18053259982664088, 0.11265409737287543, 0.05531294168154123, 0.04474479183039169, 0.20168924385948778, 0.04237485090802035, 0.20039219284417578, 0.16229928167686702], [0.11193713234898889, 0.1613589316612157, 0.0974651771570263, 0.062331721941802296, 0.17360852632471824, 0.051644448802425226, 0.13233983535961022, 0.2093142264042132], [0.18114248936726002, 0.11650427462733001, 0.07462136508332269, 0.0837781772778138, 0.18166204110792575, 0.08891886852364438, 0.08547075624226588, 0.18790202777043738], [0.3021527221713692, 0.06224553223368196, 0.0335107918632561, 0.031720461894909596, 0.30616187615625673, 0.04014930098764611, 0.12869359804618669, 0.09536571664669405], [0.11499438063996835, 0.06436664006378623, 0.05959985165519643, 0.06165948667077609, 0.09304116244929214, 0.09810346599850281, 0.4177591911115893, 0.09047582141088752], [0.14648903920942627, 0.05056118173660144, 0.038934791268909544, 0.03241844164684601, 0.14790884426919373, 0.044278854105409236, 0.4691846425401737, 0.07022420522344001], [0.3017415969099817, 0.08114162544318558, 0.04546206170360472, 0.03727140647227957, 0.28795526409795014, 0.06664110632880443, 0.0732802688366454, 0.10650667020754875], [0.18259932143848323, 0.09678787326188987, 0.0658148595666557, 0.05967226952194151, 0.19891410948696212, 0.058010400005932175, 0.19908940860022928, 0.13911175811790602], [0.21536650400136803, 0.12191900170762873, 0.07019674290798575, 0.05339698154514589, 0.2414328279972569, 0.039590701485221085, 0.10502877658317333, 0.1530684637722198], [0.28276198679743225, 0.056167474044388176, 0.04763687161701031, 0.056230575093758055, 0.28458807268295205, 0.062291049465993835, 0.11488782302750201, 0.09543614727096274], [0.16592993842695594, 0.09085351197270802, 0.07508968549760164, 0.07941516671091785, 0.17450652225162513, 0.08463354842209744, 0.18029850804621259, 0.14927311867188156], [0.2802536998177319, 0.08906951538557592, 0.04416211654799734, 0.054638515229467256, 0.2906270097113675, 0.052309959468568916, 0.05870894712864652, 0.1302302367106441], [0.18027241859193624, 0.08198988647523568, 0.05969642269673008, 0.07284171420092847, 0.18578986328140448, 0.07171605303961369, 0.19639164595334355, 0.15130199576080722], [0.12198842993579517, 0.1773126559353267, 0.028194994900611003, 0.030937820925314545, 0.20418220016679056, 0.038401794511614074, 0.07962622683136622, 0.3193558767931819], [0.3211888700940121, 0.0984258810867798, 0.053849361734201615, 0.03973588815787722, 0.25451175671701126, 0.10193356581250022, 0.06583339955843281, 0.06452127683918525], [0.09855676947497982, 0.1553488090427441, 0.05827135740122781, 0.06446076906661101, 0.16233528569143305, 0.058285326444031386, 0.12950413223435714, 0.2732375506446162], [0.13229567503960046, 0.056466313654864715, 0.05215702251113646, 0.06946774838676754, 0.13896394309566212, 0.07030591881714582, 0.38010145038284515, 0.1002419281119784], [0.1452225169195141, 0.08527146359874273, 0.051626117746757245, 0.04818382593981447, 0.1540546481391483, 0.05823157932635805, 0.3391844239040268, 0.11822542442563812], [0.25248410080199996, 0.06679926737092917, 0.06600433005948327, 0.07195561319783722, 0.2488213786354239, 0.07586110969316207, 0.08934564396018528, 0.12872855628097893], [0.14515433568543845, 0.12474481756265896, 0.06287182517347285, 0.0724499058927776, 0.1771166863147354, 0.0616566617272771, 0.14836782394274053, 0.20763794370089897], [0.12306657287452445, 0.12329996992998472, 0.061334465312336044, 0.059945516083850396, 0.1489636165247156, 0.06880554746309527, 0.20799086142350787, 0.206593450387986], [0.14329507166865696, 0.1568499358298034, 0.07459550724387932, 0.07903590870961874, 0.164218370792879, 0.07967051375887582, 0.051863880860386354, 0.2504708111359001], [0.09898127868455579, 0.15665701112266672, 0.06670932920133515, 0.08475692908481314, 0.15335476576249438, 0.09357403636270438, 0.04546041397187394, 0.30050623580955677], [0.2852220335409073, 0.0705123415862564, 0.0386485757007019, 0.03993107230809566, 0.29645424805077897, 0.05323126412900993, 0.08197304957711207, 0.1340274151071375], [0.18899821715838233, 0.1231228838347605, 0.06102457083805382, 0.06921837808323868, 0.18045510883236193, 0.08520884380269095, 0.1127423387157755, 0.17922965873473662], [0.09778528123344996, 0.07366633963147656, 0.055132649679986906, 0.08455724003774141, 0.0945218294422288, 0.07341897882997714, 0.4137329463869368, 0.10718473475820273], [0.27575113437610616, 0.07301880395239865, 0.04440458083921411, 0.05437282925352314, 0.28580373683548954, 0.06323208175308849, 0.07628584514477375, 0.1271309878454061], [0.13071682066681795, 0.10665919831268582, 0.0622949886728897, 0.07837101452226512, 0.1486195697261088, 0.06909382759442802, 0.2391685880144595, 0.16507599249034446], [0.11580285505993212, 0.10557616237682252, 0.05082519652398321, 0.04761179344388724, 0.14655610341083686, 0.049395406559006746, 0.3078547129380989, 0.17637776968743316], [0.14301659312516735, 0.07758981944501926, 0.0356527280424193, 0.03884690891542957, 0.14892753462130937, 0.04524871125555291, 0.3869813220824268, 0.12373638251267614], [0.2520541819391163, 0.07689777559969956, 0.054561599777027764, 0.05548968587718558, 0.24309788216886688, 0.06652551891266086, 0.14206821884310275, 0.10930513688234055], [0.08611382846574114, 0.0927703591928975, 0.049435299392428425, 0.03227993547068764, 0.12099201771397064, 0.03940518661696223, 0.43323482631821353, 0.1457685468290992], [0.19433557289140133, 0.10872277695505356, 0.06020401844408983, 0.05203203100618915, 0.2018270802409088, 0.06428711551996384, 0.16459138593257575, 0.15400001900981808], [0.08477980750392433, 0.09735513097738738, 0.03498682477872523, 0.029922766141784147, 0.1108563863571426, 0.031137429518370573, 0.4584013271066975, 0.15256032761596797], [0.1328796584928628, 0.06465400430504015, 0.04132380120510198, 0.04944811280151139, 0.1295419470176299, 0.04781952063599193, 0.44365591888471356, 0.09067703665714837], [0.15610039329514597, 0.15188008147017742, 0.05320059762428782, 0.05083692160531217, 0.2047471611762441, 0.06874361674164697, 0.05999085288414098, 0.2545003752030446], [0.08135060774278624, 0.16213023038601576, 0.051056694505384574, 0.05544238525833444, 0.15526848851519434, 0.06515923938897711, 0.1278272154823023, 0.30176513872100486], [0.09790810643007103, 0.05695222883476196, 0.0527708183198421, 0.06972254250521195, 0.09703828928800243, 0.08348140959737568, 0.4465307999687905, 0.09559580505594466], [0.24753712556864874, 0.08431685544238847, 0.05014989695966124, 0.049973745839681366, 0.2410279374174126, 0.06291199820835586, 0.1320143618327962, 0.13206807873105483], [0.24906990635776083, 0.08656231854370353, 0.04559481556202475, 0.03711091212409735, 0.24969274191615026, 0.04981963123325672, 0.16182140390014244, 0.12032827036286405], [0.06923238089777424, 0.08107600377877502, 0.03137102233563563, 0.028943608543169217, 0.08769959045059048, 0.03740435994403016, 0.5533282871860048, 0.11094474686402016], [0.2574510756131395, 0.10838953944454775, 0.05701637363493795, 0.034060240442613854, 0.2874361191626363, 0.024785740454355037, 0.09803545144612061, 0.13282545980164903], [0.20268737209447335, 0.1806154372521369, 0.05560782536115611, 0.038048197206663005, 0.17710459464035871, 0.09569385628973644, 0.030562456242163326, 0.21968026091331264], [0.22200132130331862, 0.13297432172158674, 0.05187687535538211, 0.04683805616711467, 0.21759824514174167, 0.07557077419959635, 0.06712362836342041, 0.1860167777478393], [0.12935911441687548, 0.1539251943032532, 0.05028364396749091, 0.04560450965106055, 0.19413301698185462, 0.05252620293836448, 0.08879935472934675, 0.28536896301175485], [0.08878747141176409, 0.05577012869939148, 0.03769600759899822, 0.03746124423220728, 0.09261124916153557, 0.04403643072581869, 0.5564040445313874, 0.08723342363889663], [0.22335202819423908, 0.11972250891488749, 0.07153931479506746, 0.07124243818061671, 0.22503511669767207, 0.06352996734347602, 0.0890696562654139, 0.13650896960862793], [0.11853900286763994, 0.15059339549438733, 0.07462951027193333, 0.07457235855736306, 0.14877849161592857, 0.08260006035245106, 0.09713476669637257, 0.2531524141439242], [0.11575711637869941, 0.172865464113134, 0.048442882522766025, 0.04239329699125397, 0.19178226643662663, 0.04008175196183382, 0.08254542643598649, 0.3061317951596997], [0.07978901441816061, 0.08542237201382472, 0.03690680991973928, 0.03814438830166109, 0.10593327540593227, 0.03353687320443683, 0.4982490438697815, 0.1220182228664644], [0.14218277033502622, 0.1103409944966353, 0.052222036972643965, 0.04572037755809363, 0.17928139391347084, 0.04227416275699966, 0.26266180677577494, 0.165316457191355], [0.3014075485937161, 0.09287265081082229, 0.046598360329270394, 0.03219335271022207, 0.3132943652574224, 0.04490695873622659, 0.06809166757406505, 0.10063509598825487], [0.2516879825952019, 0.09127428172300092, 0.04624837191692733, 0.045015100441333125, 0.25604333417696806, 0.054166544601719824, 0.12376842436180756, 0.13179596018304157], [0.27700314243100294, 0.07596279056936625, 0.04212057112112828, 0.028600379935363397, 0.2878576404796942, 0.03871191930945884, 0.13793964855148771, 0.11180390760249828], [0.1053205109975519, 0.08403807100173716, 0.046242670676664266, 0.034411814454156274, 0.09883046809864965, 0.06547900449813893, 0.46646069669874707, 0.09921676357435452], [0.2996914001470274, 0.07053888209005084, 0.03163975617199064, 0.033887203808119326, 0.32589972327256134, 0.03417931573740906, 0.09145823042171523, 0.11270548835112576], [0.11582947515764265, 0.07990471448792492, 0.056550571392683886, 0.05132072416219212, 0.1242600372272749, 0.046840871814200345, 0.4151043885875304, 0.11018921717055113], [0.1856362451883147, 0.1190533860551636, 0.061379082644910515, 0.07656571162885077, 0.21523538080525312, 0.07507581439110962, 0.07684962983093335, 0.19020474945546434], [0.11254051042954664, 0.17062714597452697, 0.08093843539176919, 0.06111134628101709, 0.17129035077223123, 0.057874180318823604, 0.0858702720874477, 0.25974775874463746], [0.08951168417591446, 0.08501408715917022, 0.058665450307891914, 0.06580144303568175, 0.10137253991213192, 0.06243559460701154, 0.43229681520888696, 0.10490238559331072], [0.17019049435466885, 0.138881241735335, 0.06731937612438725, 0.05986092105928653, 0.15515471311760315, 0.12012858211188283, 0.11261805108426072, 0.1758466204125759], [0.12935741860271946, 0.06401234322413984, 0.07681049581483257, 0.09410132270958627, 0.11874964531005482, 0.10835992425649532, 0.28202373459145985, 0.12658511549071258], [0.27995231119231084, 0.07349563183782211, 0.0547805685923624, 0.04988542141396581, 0.28905653824940114, 0.04972998020969143, 0.07697693396096553, 0.12612261454348003], [0.16663461221319723, 0.11653606256227218, 0.06245565001007457, 0.05990742628725891, 0.179847596635664, 0.0841563620844062, 0.13012992532678772, 0.200332364880339], [0.30019082006756087, 0.07195770112275797, 0.03934254405536025, 0.03637176511920833, 0.30797514617790384, 0.05292519348436218, 0.06729207914852374, 0.12394475082432259], [0.11037708778699773, 0.10507801542777175, 0.048289872914213945, 0.04340815175436042, 0.141076900646955, 0.049672850838263734, 0.3243594383461906, 0.17773768228524667], [0.16282496034239216, 0.083445624665223, 0.0394334902036242, 0.035853486378330156, 0.18595991453510452, 0.036966752520412045, 0.3206753617611864, 0.13484040959372748], [0.09813963950287931, 0.05798363322139463, 0.03848087700273442, 0.03894126310110903, 0.08686581771947385, 0.04898428406584444, 0.5501704512437869, 0.08043403414277722], [0.2522804783927234, 0.08326053543030755, 0.05092278532743523, 0.06441798511293204, 0.2242518996184589, 0.09224560348209983, 0.11247671590407339, 0.12014399673196959], [0.1161924570324935, 0.1114392600580669, 0.07483065251414166, 0.04498415238347466, 0.14532529415981252, 0.051718648382939825, 0.305542128977005, 0.14996740649206583], [0.10531337332167286, 0.09077033956045653, 0.059990308681102715, 0.04971439016297992, 0.11859659315482471, 0.039130197258139994, 0.40392324407465935, 0.1325615537861644], [0.1381432967452461, 0.15822266435100701, 0.0811313798779539, 0.07836841821865097, 0.15669447256313007, 0.09310125996152566, 0.08199252603258815, 0.21234598224989823], [0.23181847415341922, 0.08134606388829556, 0.03855649441789189, 0.04314867537881731, 0.25200939337096145, 0.04354743567274842, 0.17364307775916266, 0.13593038535870383], [0.10965086492165094, 0.05083416897681677, 0.05062093822417959, 0.04378524259342664, 0.09786546733248