{"estimation": {"a": 5.03313030926983, "rho": [0.07182921900626542, 0.07628193224999036, 0.08602684575063738, 0.06865137089392959, 0.06137177183781021, 0.06587676219180548, 0.07835561166781704, 0.05779172865868081, 0.06752090764988125, 0.06649210471567302, 0.05167580039596947, 0.05428473387080363, 0.04384051542269422, 0.05411294821430413, 0.033668722002231845, 0.02612741870759624, 0.03609160676391017], "Mu": [[0.15685494288637272, -0.296597547074043, 0.09049574037943535, -12.533117266514513, -2.422884065873906, 3.9155435556855824, -8.9843984839365, 6.8700305841446125, 0.3867382726726906, 6.493978900385325, 0.9211018486847298, -2.519172072768727, -0.4866108172694044, 4.388241773926855, 1.200699496381985, -2.622473384027413, -2.141140597719839, -0.6584965530615785, -5.344180660364246, 17.29113007959563], [-5.276473190670762, 1.4086051986795463, -2.432482457562722, -3.3597910825027277, -0.6307622513329325, 2.737238000519245, -4.697459187876812, -0.09254998604303555, 0.7039140193588352, 5.300409082345951, 3.3817245730429835, 4.715533941061283, 7.8945379852734465, -8.061197829246826, 3.3147000042796084, -16.343132194058956, 0.32623400881212844, -0.7966673255228934, 13.949170510330264, 3.426229536331945], [-6.5172540269121315, 1.6578353255404477, 0.8233861344973413, -5.028530311559757, -13.472525862798866, 2.0797830183432766, -2.6583874766897027, 8.631645316082468, -1.604530284046857, 11.760023707618158, -6.784597998919551, -6.43314547800839, -1.3798177112307835, 4.501697841751368, 8.836878322130358, -13.979541405834752, -0.3166283388745853, -1.2989060092015743, 5.787835575111142, -2.4898084644981013], [2.691572390054377, -0.25632767053140654, 2.6681854235635156, -2.285929888152373, -1.4494027882754181, 12.083697036926978, 0.7599200008265165, -3.7973892222761125, -5.395585119230353, 3.4841931918129143, -0.32139538994326483, 1.1786388934987173, 3.507559684787239, -7.254191563241841, -4.000457851950873, -2.877016790452562, -1.631909253983141, -0.6930671245263593, 4.813460961876155, 2.872289803030312], [4.265218099144129, -0.7899165476298179, -5.418427911855373, -8.296807391110516, -1.1277346859926387, 6.028699688884913, -7.610543445007723, -0.7963807202626819, 3.939051348960244, -1.8683892084358158, -1.8592537948753285, 0.36461082485089985, 0.06040134505911791, 2.791440062801853, -9.363848310175667, 1.8244711442339996, -3.557065742108655, -0.17098522600446947, 2.307283043395219, 1.0900927196791639], [-4.6964701689061865, -5.523414147641212, -0.33964953284918514, 2.7154953311280856, 5.0083772161304, 4.8885856290562115, 3.0172449281934783, 6.073674161595597, 3.3831625427457057, -3.4053791184066666, 6.175111403826317, 7.693624056713745, -2.019030065741106, -4.743304210598233, -9.00822750634825, -6.3927687426534945, 0.9157988644959553, 7.697238595957646, 2.3519776379989783, -6.538481044303596], [-4.436789610912541, -1.2443095689609671, -8.650926340520051, -3.3708667221981266, 0.1675512880619571, -2.946772364165989, 0.5698644252718992, 0.7490244460690136, 5.433792844443486, 4.309543472878346, 0.31887133898460446, 18.07483952896759, 5.36492512689994, -1.8224970353348706, -2.8847340047638133, -6.500624889838688, 8.366150474094011, 3.638632619071882, 13.552090685956022, -0.6269219811800664], [-4.783960879583066, -3.966983732196099, -2.009918170111491, -0.10643410212709692, 7.278216262609665, -1.399377381689002, 5.808609749241717, 3.6742304383456355, 2.140348316175502, -1.859725332014242, 6.27366898640705, -5.098844272756931, -0.5664131869962891, -4.231308955646205, -4.837062689552184, 4.303446435437455, -2.511604242562769, 3.132546343014056, 2.326855876449736, -2.3839536751503774], [0.2887907591379337, -2.4515627800550677, -5.9222889767273745, -0.5513955599985884, 4.046087619833534, 3.1136196277286703, 3.2320303436768807, -0.9187383623485986, 5.362907267852224, 0.5933019807839426, -3.321931986968858, 27.118529833888534, 2.4102060217959083, -1.023018822081147, -11.899593894343761, -2.6500160409878433, 5.367696894689916, 11.918370953971902, -0.6520856789838444, -2.3549795093236874], [-10.68043983680398, 0.9217915134063428, -12.034155039984473, -2.0879069972422086, 0.15220258072123208, 6.747683406418769, -6.417621323736212, -0.7925642842493762, -3.063287573940519, -2.71697562330216, -6.74838289436857, -6.33518253011115, 1.6280351001774074, 2.124443995971548, -1.5563776010437584, 6.210688692836178, 0.7947844161140931, 1.8657990374551654, 10.365368728475842, -1.383744773624944], [1.0148947121663972, 19.933703268959214, 5.603016235673106, -0.7013105619834783, 1.1074285453909347, -1.1389236443033497, 8.232985010741048, 1.5944774229954188, -0.40477036131827554, -4.669123334055902, 2.515989020414498, 0.06528807946950653, 1.9727462720145374, -4.15119905535699, 3.201130346550269, -16.115481737280323, -4.184539789454243, -11.33216418087807, -1.933447181519757, 5.2890457335282655], [0.4796884534793917, 17.418521839177984, 2.1739456580707275, -3.083665783742255, -1.4144761352477562, -1.24674020338393, 5.893459241473933, -5.835238442087179, -1.029253698249687, 1.134184151711445, 2.9507014995879763, -0.6277091179039593, -7.279766640858433, -0.11786815433775151, -1.4063428440349244, -14.012814781215987, -4.772803343030387, -6.337419559739563, -2.1450093988376095, 0.3791601904478968], [2.3511668562226764, -7.848197669708253, -0.8522861653791028, -2.371659917168354, -1.8716375633174334, 0.5964051212188433, 2.661109431651756, -5.583532962262643, -8.971584337124275, 3.810842874177939, 0.2638969194597033, -9.722079350914397, 1.631651983535526, 1.6494691613209145, -6.028795909810593, 3.823436105783437, -5.039811310884408, 1.3950964847332183, 1.810085006142306, -2.393194795580361], [1.1255980696062542, 0.0081034472692883, 2.8554421838412782, -4.331851874199429, -13.648929989553384, 0.9055338417557287, 1.6098620387935114, -3.657963438294978, 6.17393699225657, 7.2593436873350425, -5.823514614888946, -4.879463784664391, -2.593734252509727, 6.197614109802793, 3.8840705798878505, -14.96707169190743, 1.8393659018387276, 0.07742758490307675, 3.492488882675064, -5.2502362890352545], [-6.25153768869231, -1.0234707069522984, -3.913776284091794, 5.081082380713521, -2.4792311819478012, -0.6336630931708379, -3.7198810016370065, -6.37205016258371, -1.3056218031843225, 7.3377175647872885, -2.178633817156728, 0.5675739138075738, -1.3728381925675803, -1.1708101523712124, -1.7240724414436601, 2.6576793113835793, 1.4107503899830405, -3.279924950206582, 1.7917828858798854, 0.6515627761836601], [-4.948085345768091, 1.8504756333602703, -0.6915737601583584, -0.25382422526227844, 0.5980046990782801, 1.58392487857164, 2.00938649030817, 2.184960543550102, -4.292143016273817, -5.365754938352649, -4.38312843580651, 0.6489429389813801, 4.294437525787038, -0.24339595886083237, 5.272193170175377, -2.377541463924427, 2.6240969540869394, 0.667267686749449, 1.786906436860554, 3.2325987190796686], [-3.7494734056334202, -0.7429517894796609, -2.129458323965882, 4.299631561249989, -1.6555710411299054, 1.2740398038984517, -8.051581557562171, -6.04769525488668, -0.2097024541358245, 8.63665335379057, -0.650998065704098, 1.3199449176634988, -0.5175678168630863, 0.7602633244948477, -3.873922006951216, 1.051000125550337, 2.4784427027679086, -4.049033817530466, 0.8027153675688361, 0.7973610903291822]], "Lambda": [[0.16861635955198181, 0.6133784711571789, 0.14898574765500397, 0.2736794714322181, 0.4711567854234571, 0.39411586396142284, 0.16157325161797464, 0.3302435477799929, 0.31762307899317166, 0.15249030323871893, 0.43828603794726617, 0.17531434857935255, 0.4883020981339431, 0.19546477919188382, 0.2935277371105016, 0.09041161780671235, 0.10508414240516299, 0.24576268425087539, 0.13724867386523867, 0.3286341027525505], [0.25714571591715135, 0.502687952154702, 0.4587457181277134, 0.7018804522312281, 0.437204486512229, 0.19220091350184138, 0.3114724392914941, 0.5099162086228746, 0.8297101293817326, 0.25483956984244266, 0.3520089219683322, 0.25917728155256065, 0.22817938653694364, 0.8534748739305102, 0.29319227099367845, 0.1380416322457754, 1.0154163216757215, 0.9162382980911106, 0.371684622801635, 0.5232813623822208], [0.19704910915412957, 0.5204937652162414, 0.7099053340351816, 0.17756792644647204, 0.2177269689058518, 0.5142824280084848, 0.7085723671380704, 0.19542956303201137, 0.9567827940979831, 0.29934364875700803, 0.4444584663523046, 0.23856349413430752, 1.0408441859262034, 0.23166721526839518, 0.34920345695240773, 0.10993346761382225, 0.5963793393652024, 0.31755448109770995, 0.2018306496773072, 0.41655703960006896], [0.2757463813065509, 0.5117711347406646, 0.49521789274398154, 0.4582446975543761, 0.22457819147257627, 0.1585859230154869, 0.2537986491002291, 0.343316411118931, 0.4371670921343964, 0.33841302030599957, 0.5619663084326127, 0.26785990645488866, 0.34449122415725286, 0.16242346371434807, 0.24392592918779843, 0.24949206240246036, 0.28978760924344604, 0.37984137867029205, 0.4156826154142103, 0.18089679356218327], [0.1836162259093151, 0.8000539496529036, 0.1895309575023746, 0.2511734292508733, 0.7705623810046585, 0.4606904074596354, 0.3170374689479034, 0.3737946965940917, 0.2519432380736596, 0.48327181193303786, 0.30062134184317896, 0.9809452195936769, 0.778474654707583, 0.63075665811586, 0.1429646490428838, 0.6264456952823938, 0.3423578821271658, 0.67198507870756, 0.08147281262800338, 0.2250313135575937], [0.30743291038629, 0.295453258679843, 0.13445111843407337, 0.8397526485383175, 0.5633935653329784, 0.29592611790879925, 0.6301759592472906, 0.46917751312864797, 0.591914882600285, 0.9496058102341186, 0.5519953213588356, 0.30324448601453097, 0.798980071496838, 0.37069994903725006, 0.2957449111508879, 0.2712631129294892, 0.34031654385712473, 0.38598438517776124, 0.47151489789448225, 0.5464295297650905], [0.6253475909387584, 0.7990431004208035, 0.19840991521051016, 0.540603985729025, 0.2945109465638607, 0.5396141874594589, 0.3151547551282548, 0.6131844227699108, 0.6192642094403576, 0.3149356772294472, 0.48753875740912417, 0.1470203407232882, 0.46051305431053274, 1.209475694880383, 0.38570290315579914, 0.13023014441842393, 0.877944160189035, 0.8286931922321937, 0.48358943932238113, 0.9477287015471071], [0.37792389313388075, 0.45743073680486923, 0.20391036948784746, 0.45386120414092257, 0.6867540999100574, 0.2958766338665546, 0.19274795162516584, 0.33248332044383905, 0.3214581130657256, 0.432499740859696, 0.17344246242249764, 0.1520157912764341, 0.605408948746983, 0.20561787590996045, 0.2832263541927091, 0.42692856488653713, 0.23040146239484977, 0.41051704800194494, 0.44414997449130234, 0.25085399787635915], [0.6906906976332451, 0.7484174056953162, 0.11890933661358342, 0.8164729001243611, 0.3898339973423465, 0.6655712902878893, 0.6568876656442746, 0.8689008374906512, 0.614611779357572, 0.7497074898326602, 0.8548222719898922, 0.16558508858131732, 0.61510861132671, 0.6355915866193004, 0.5328199626725973, 0.10782917726830542, 0.3389420264247227, 0.24729892504398804, 0.5599769031862685, 0.9400483764040558], [0.18557541494099059, 0.6670070207958249, 0.1217442436512265, 0.328968532727486, 0.8605037020800329, 0.4331326533833476, 0.4112549641183535, 0.5343407474411401, 0.25450195852394575, 0.43456146485076946, 0.26316195075744003, 0.8315162587485798, 1.0857490237911676, 0.5514535673438045, 0.1529128297334629, 0.6601998243538875, 0.3138112153753027, 0.6994669807854494, 0.11335454625310289, 0.16107614529199438], [0.38771775103401557, 0.20569279618861303, 0.36651793980809383, 0.28602957501650034, 0.248749529328909, 1.0086652473965851, 0.2652452782233071, 0.5758527108858746, 0.3912330667139118, 0.2593833659856224, 0.5101239670955122, 0.40557172860513246, 0.33096992157852767, 0.552450032533673, 0.21083061505684, 0.1617928732195078, 0.27211817541727346, 0.10474196081638754, 0.4536265061290435, 0.26666346390336043], [0.4972059156950844, 0.2808462763755491, 0.3697219946035482, 0.22950086640802406, 0.3181543125933752, 0.647597539727159, 0.15815622397158424, 0.6120454452573338, 0.3696585275990493, 0.4661659675496768, 0.3994414433976071, 0.4190560682194814, 0.4248982765782877, 0.4336456322402743, 0.2848988859423743, 0.21172749298757748, 0.36041005069285303, 0.539233412785323, 0.5038678920031195, 0.2389320873045539], [0.40199123920923047, 0.3814986226079441, 0.33791425040201867, 0.3818013344476189, 0.6138094122689276, 0.22180214299819684, 0.3373074763210242, 0.4691807076249016, 0.19498678614091042, 0.33285992510881685, 0.5564023367741332, 0.21282562891697174, 0.45486407022308195, 0.29241051503446097, 0.2117043597120634, 0.3107858924406722, 0.18472052513167014, 0.4858260558392806, 0.31676297998458786, 0.29496893761441817], [0.5830364912809751, 0.5614971090094911, 0.888725938986315, 0.10860967583856099, 0.28462526353269657, 0.5000228812461477, 0.8087989187424107, 0.35708060917447787, 1.131559979253856, 0.5783952690149392, 0.4502258728910846, 0.5139784470764852, 1.304307297152608, 0.23043690624874916, 0.2924723702055491, 0.31201602241814075, 0.8599425600980072, 0.6420410777082008, 0.4401715894166973, 0.3284239254963594], [0.5465127780334861, 0.4245260699331277, 0.42430004618795414, 0.5004796631733539, 0.4093967440539877, 0.3932806148534239, 0.29422634726184954, 0.5912434719402435, 0.4978640911821481, 0.28081116148710455, 0.23688673183615733, 0.5893860905440205, 0.5434885649045531, 0.39900089951440265, 0.566430549699579, 0.29356379503412433, 0.5583193545459859, 0.43740171950220563, 0.2814624966669947, 0.4488965649136489], [0.47437261066138486, 0.47201290345552127, 0.23755957832906444, 0.32595534158017136, 0.6302484948864422, 0.5170346878286014, 0.48415060142453975, 0.49504482743950207, 0.2833996590280058, 0.4994715068309761, 0.4809271167599678, 0.2808823535910665, 0.45922156595061503, 0.4531614380269535, 0.27889937952973554, 0.44294945815440934, 0.40797329120571346, 0.29948145098117546, 0.5644444248137938, 0.31178697887631507], [0.6020427298874665, 0.5661734576106536, 0.39816991070712665, 0.48470087601989853, 0.49935147976153504, 0.2806455982060083, 0.18550858977537968, 0.4873786465050869, 0.467060244475771, 0.3262766617917624, 0.29855752905335425, 0.7251289039764448, 0.41831619880988186, 0.423080550463097, 0.4436399777337109, 0.36180446272601097, 0.4630206728274977, 0.41507005307842426, 0.3518448866441152, 0.362546167099103]], "U": [[0.02467515764962398, 0.06442623609109875, 0.031014849360355645, 0.009194247656146019, 0.2891823170745254, 0.05048477654858758, 0.031947737656317574, 0.02037410138150288, 0.026497074168509865, 0.3263175476627609, 0.01143161680428488, 0.010265203725941224, 0.007873597692182896, 0.01055414405488543, 0.037799101748722926, 0.020774673076997586, 0.027187617647556183], [0.06151147203301286, 0.02417657529679863, 0.12176034124410327, 0.03529250843026355, 0.16766658651623934, 0.060255219934304466, 0.02817843492829255, 0.05096544100741978, 0.04687601187132034, 0.19291349622248993, 0.02723020598587803, 0.014783819402655553, 0.017441319178972438, 0.07412706125532684, 0.014876067923721223, 0.025538806935633717, 0.03640663183356737], [0.0387153053566521, 0.012882212332061448, 0.0966171919332339, 0.02548834794619198, 0.09409874127985547, 0.02057888595645836, 0.017846255664015646, 0.1646333604105432, 0.018949836224523856, 0.036975918847569206, 0.0913755293859254, 0.09158652858278461, 0.17988835941827816, 0.05456532895699447, 0.021108146417836707, 0.0061467873105493535, 0.028543263976526467], [0.09940777457125984, 0.020644520312727614, 0.2911330428271714, 0.021886841566129238, 0.026527676255400496, 0.019329493059869876, 0.03469074184776838, 0.024251919044010417, 0.02426885944618216, 0.05681071866378667, 0.06584974511784485, 0.043428566138509754, 0.027620329195259113, 0.2176396829204718, 0.00826999505313531, 0.010039105058717064, 0.008200988921755614], [0.024373934972278116, 0.2635076485316616, 0.1289513324808442, 0.20137613642491706, 0.019048895392232784, 0.012304261336250708, 0.08855167195098677, 0.013908637798220954, 0.02059152563574684, 0.03600539585387859, 0.008711627146138127, 0.018266408329456963, 0.012107169366903228, 0.09362651037730682, 0.02979291219618395, 0.009145671411597877, 0.01973026079539538], [0.04432782823132298, 0.035987545300785066, 0.0328078878905538, 0.031043979186779824, 0.060933896678031896, 0.20459084887429513, 0.03639775398382059, 0.24884494650431632, 0.033294234566596755, 0.022334182725073676, 0.03542497875214653, 0.027906951428241435, 0.048787369251, 0.031670369527969665, 0.05805983754657992, 0.011806291133236944, 0.03578109841924991], [0.11412939711190395, 0.046137619454873706, 0.22963727918167914, 0.09025272849027391, 0.04346445794054545, 0.019457365682946, 0.019967458173899305, 0.042812361995583546, 0.014749257769707695, 0.04333828276275379, 0.013947726969870039, 0.024180752424258052, 0.10606918377868108, 0.13168970901286214, 0.010129198274725104, 0.026632334160160386, 0.023404886815276943], [0.06283701076163635, 0.023942212552231487, 0.020976363579031626, 0.022955460039847518, 0.038780163439187706, 0.03357314187883225, 0.2320897819567354, 0.03832768728339405, 0.2161891840227657, 0.04103546930693897, 0.0671857801357126, 0.08406814929890176, 0.0324396168307937, 0.024212701585311934, 0.012963770320595421, 0.04148879736579639, 0.006934709642286872], [0.1072607536800442, 0.14237070716492203, 0.19422777589192222, 0.04219223479226239, 0.04388692129036606, 0.05737839482007056, 0.07532013595694076, 0.019401839767707263, 0.035216898693978566, 0.030648319712797783, 0.08277874303846684, 0.029218730454529624, 0.019651777830022286, 0.03228060093440079, 0.01676785421348513, 0.04652806613346431, 0.024870245624619394], [0.0397973139339854, 0.07684972963746656, 0.10756943078839509, 0.05884412427717966, 0.021172226862120176, 0.016336850570849475, 0.03492013902209586, 0.018412685657217116, 0.01989788901277811, 0.02538610144571687, 0.21442392033913804, 0.23188951942380295, 0.010284112068683956, 0.07758880243696785, 0.02084633805246289, 0.0066078063941561, 0.019173010076983684], [0.04386319282415285, 0.06264586536432101, 0.07053141162132545, 0.04205409727940835, 0.024877688612130584, 0.2854023471060139, 0.031566290845906626, 0.2639794254024141, 0.008594585533878533, 0.02637338015945492, 0.04823182369443684, 0.02350226062842864, 0.015219547696077808, 0.02520196269085649, 0.005219800996031402, 0.01316420141388185, 0.009572118131280201], [0.03110281828591983, 0.3274994840216056, 0.0216239666631916, 0.05250723037090116, 0.04582109465552235, 0.023929932251297022, 0.2555464485340244, 0.05013124054538424, 0.01990802354414561, 0.03746088088745658, 0.01813697956609748, 0.0036704226888197634, 0.016273576381026587, 0.004360698077591186, 0.04277802512529698, 0.00754618331670286, 0.0417029950850168], [0.01958767755084312, 0.028615451725949415, 0.07689205889295557, 0.2743190645371665, 0.025812282982310385, 0.021209554922226453, 0.02064172211555018, 0.012429031934284516, 0.026206244306416184, 0.025389749890105503, 0.050122002688756495, 0.0626654466669272, 0.23752911960720197, 0.06860126198431613, 0.020881820707204905, 0.007786088697733283, 0.02131142079005223], [0.07589978974905152, 0.048894000738627194, 0.07527899674619544, 0.03842991952238004, 0.032960633620419434, 0.016633870448021514, 0.05238945415043935, 0.013762334724986737, 0.03476012956462867, 0.032166571448563094, 0.2643021298268532, 0.03852148251534652, 0.0069687327552994645, 0.023444340484713156, 0.011752250634246173, 0.22427504537051893, 0.009560317699709466], [0.03480447477464401, 0.08394517350440266, 0.03461509777064655, 0.06285291188911922, 0.027073883239115533, 0.026432282677035443, 0.03320312012991418, 0.015533092432548216, 0.03980800874642199, 0.031445730155834045, 0.28628036568123466, 0.020586457300789292, 0.009514338690362641, 0.014447505494706647, 0.011420120526824113, 0.253561066055088, 0.014476370931313208], [0.02147250792134659, 0.10595321788182055, 0.016318937928932704, 0.1288367042509942, 0.04025091563705369, 0.2045580508532839, 0.06169106131027363, 0.03439897997319047, 0.2356118478966706, 0.022453867911274968, 0.018594331932780515, 0.017054329897117, 0.03289242299939191, 0.010034805214557803, 0.015564277840598677, 0.013407252176410178, 0.020906488374302656], [0.05981090806169956, 0.1684885596937078, 0.03570000875857832, 0.0205324421621938, 0.022657411080362927, 0.1510219600955857, 0.1613321207549385, 0.13154595294473637, 0.049208024475120314, 0.0599742290671388, 0.028923204984119693, 0.027101191562453934, 0.020457481455952466, 0.007827914732615538, 0.027538856352390725, 0.018369337887795614, 0.009510395930609873], [0.0358406859120758, 0.05753348718868548, 0.028796761283767743, 0.008655823129972203, 0.3361787590685876, 0.03735883970909831, 0.025366136597218147, 0.043330148668458884, 0.013993392085870977, 0.3316923134117446, 0.010151787149731799, 0.013484746463556074, 0.014304569462121997, 0.0173153561834301, 0.00801337059759537, 0.006522704320748717, 0.011461118767335892], [0.06396459174524849, 0.08537168430011302, 0.09108866791788899, 0.06501319331496949, 0.03342737559552274, 0.18366351844489975, 0.020057582636871633, 0.060379130355042096, 0.18577877540694726, 0.030265185733769153, 0.03869104763458461, 0.03953010312236537, 0.026159323252937263, 0.025392592618223842, 0.015153193567404582, 0.01776603498796324, 0.018297999365247748], [0.03645556351627022, 0.16794176781350567, 0.04234961506773923, 0.07423306255222906, 0.07347190241350039, 0.053009499596487195, 0.1421355270643574, 0.05536167397704767, 0.018381746926108604, 0.05359342447271996, 0.018243450910714495, 0.0796603100280427, 0.04954745078058662, 0.08790030945710027, 0.012337245617851128, 0.009966089664094478, 0.02541136014164482], [0.027945665333547306, 0.029717468564251597, 0.00737009213312446, 0.019539542425138362, 0.01496154284146575, 0.06450430869856978, 0.35294834194707275, 0.047037568942142234, 0.3125160031426999, 0.03146430134592322, 0.009681287342021243, 0.026475489571368856, 0.010131347333329807, 0.004931038843072261, 0.020879014615854643, 0.009083180889129825, 0.010813806031288151], [0.022319237869988948, 0.029048398397204037, 0.02697877734764315, 0.03463688955983836, 0.04307937188654576, 0.017519360324313723, 0.29446878272356103, 0.04045223864582453, 0.2551019526064686, 0.03659904454774166, 0.014228727942467977, 0.0072039427646342896, 0.025682093463524545, 0.020110722393871967, 0.06430985979311427, 0.011816769331260581, 0.05644383040199756], [0.37175689808908935, 0.025664708039187738, 0.33179908908079975, 0.027807913470161746, 0.019729592024005985, 0.013621999331190491, 0.05099266854767553, 0.007626586485962186, 0.015693568404018622, 0.03760564714717436, 0.025831751761792206, 0.011116504772933819, 0.014511226439399273, 0.027156793773696203, 0.005778670633850742, 0.008687350314544028, 0.004619031684518145], [0.05071949022026998, 0.05676977663379202, 0.03524170865438492, 0.07461562800351496, 0.05535129154950778, 0.16165672599199166, 0.06569269021547784, 0.05351784641386104, 0.17876009555790956, 0.03581815296902984, 0.02467845161536976, 0.038337557126391836, 0.061859019842457064, 0.03521878075748258, 0.019633362192469663, 0.009228646543680115, 0.042900775712409724], [0.013961831800735363, 0.01186813525859922, 0.04663082516471224, 0.023103085808196096, 0.012008581876146715, 0.4078622703936321, 0.024133160340747712, 0.3846900017220607, 0.016708123106600335, 0.015766261740544282, 0.010492336469163284, 0.011517756442323406, 0.003048132726517822, 0.0058178546726104525, 0.0034279454428232177, 0.0029588649969648872, 0.006004832037621411], [0.028483406218023415, 0.05064325718537957, 0.013767737095697808, 0.06526105598661815, 0.28242056570163176, 0.033085933826203194, 0.052818638082694325, 0.02823038698530981, 0.07786204563637371, 0.2969192288566545, 0.017078680036245283, 0.011174407881799358, 0.011856684300306128, 0.008026341709169252, 0.0040230558845716705, 0.011262473196948843, 0.007086101416373526], [0.10058863246965327, 0.04759800490361692, 0.2678996640015556, 0.024687308244386388, 0.04447094922281935, 0.012045368629630902, 0.026834352815808368, 0.01902032467468873, 0.02183330264740896, 0.021056121911984423, 0.09514617942184724, 0.05065980497273217, 0.02816888842352791, 0.22175377764528595, 0.003912011601235329, 0.011827991637123501, 0.0024973167766951677], [0.05398818055357904, 0.06820959879181902, 0.020389003002812496, 0.09001877703443245, 0.12409860389840428, 0.02073574234243366, 0.033984759312202566, 0.05440832421982306, 0.019716921142750837, 0.12145538521803795, 0.022944701854010353, 0.011866356159233857, 0.02389231750613641, 0.011759117409724797, 0.1625002801160254, 0.015295417923117016, 0.14473651351545624], [0.06013182892013822, 0.07935662639752958, 0.09700980628921026, 0.04179312233061872, 0.0374696372816599, 0.14802892301449144, 0.05712321834095326, 0.02189660393792133, 0.13060733338855762, 0.04522347843373863, 0.0692591774944102, 0.07350028672849776, 0.025663488028052916, 0.05900506006541129, 0.022488378339571943, 0.01982116501001211, 0.011621865999224983], [0.44039568663667145, 0.01627160233648406, 0.008813649264977758, 0.021029759485460767, 0.43378179686783636, 0.009348483738195707, 0.0033095767659996555, 0.004823028608734752, 0.004239946054156665, 0.025286963023949918, 0.007039017926448979, 0.005041158841147486, 0.0053473193996976575, 0.005085175992683694, 0.003396823561724781, 0.0053094176455770236, 0.0014805938502532128], [0.13561901300906884, 0.05598911016051288, 0.03874055765196929, 0.035598170039513814, 0.03763796075158795, 0.016342261686943086, 0.20098074767524546, 0.03146396989485817, 0.137493650020124, 0.02061117486422822, 0.06019249378067197, 0.04860582599868013, 0.044264052799706875, 0.09065918968574702, 0.014142354367618418, 0.024712296700221206, 0.0069471709133025585], [0.041927176231066315, 0.3311879657941153, 0.03600765729695038, 0.04372750796409586, 0.02673792068964089, 0.02938713104530813, 0.29344928611868487, 0.010361533334693132, 0.02847787747861215, 0.0578667297163948, 0.017676823430339352, 0.013252125184334858, 0.010567778030551981, 0.014511417907197706, 0.02165109595866546, 0.005492255380669168, 0.01771771843868013], [0.0660649975717138, 0.0232828411146947, 0.039829261000461566, 0.05307995821702071, 0.021566809390332686, 0.031093725991194438, 0.08931543764812956, 0.03057350743533237, 0.06667645256832447, 0.019540812237324474, 0.21948896844031046, 0.24328393283749983, 0.02073651795440419, 0.041374256076632365, 0.007140232909668034, 0.0066879037314466535, 0.020264384875509252], [0.021640339026279338, 0.08779979398649301, 0.021860750876901223, 0.028734316158491067, 0.021931491231333932, 0.23252510182998906, 0.12351055222789277, 0.02657251114903381, 0.25311991219104824, 0.014609609592033375, 0.043611415328477794, 0.04764798171847955, 0.014728691902052447, 0.01738333228820818, 0.012858394761992653, 0.010984118165610263, 0.02048168756568313], [0.15870364308016838, 0.0132404842198617, 0.28821329660274403, 0.07144437528970209, 0.09740716140395377, 0.006950862587519831, 0.017195405451175014, 0.024067570208989923, 0.017867659546086594, 0.020560038344553746, 0.015863024601660006, 0.016194880489276732, 0.044077222614700026, 0.1855239948244469, 0.004242149042052064, 0.013643296288663034, 0.004804935404446461], [0.033523905439234815, 0.01819578716972645, 0.05942302876262402, 0.017971218757468634, 0.040204386459763215, 0.018357505081163735, 0.017008568997416283, 0.0159842112367575, 0.00961048032580212, 0.32768257190293765, 0.005536670684090903, 0.018505739340231843, 0.03912479557241046, 0.012566678830179373, 0.012721425691586285, 0.33534569986255147, 0.01823732588605509], [0.05754340911486129, 0.03865475843318568, 0.060946070803394765, 0.05210791282300058, 0.03755709202344107, 0.1542343838434634, 0.04090979640241097, 0.07454762899369038, 0.14692394814636864, 0.054906232398860694, 0.07682257255819282, 0.03977709583800875, 0.026513085471386217, 0.04315734140229921, 0.01705081938907588, 0.06975266405749563, 0.008595188300864517], [0.02448808096344592, 0.02206592157159932, 0.03847385011707697, 0.05066916528386783, 0.03257393583417031, 0.23244621770579152, 0.021599114393171095, 0.05280023730145253, 0.24194611549787, 0.02186245508626231, 0.04913208985569318, 0.09510519650149098, 0.05653094010615587, 0.019677872408226, 0.012387516409894134, 0.009980548502028683, 0.01826074246180286], [0.0930132609344553, 0.32159979047804554, 0.050254912576428466, 0.01748994675364727, 0.03600271990133501, 0.03483068926181991, 0.29229249549266745, 0.026660695222806972, 0.03632854613418361, 0.023483611227477882, 0.005661366877119965, 0.01812254577987246, 0.008331933891095943, 0.008347519900181339, 0.011986479897531854, 0.004318859559504693, 0.011274626111825824], [0.0490935282460913, 0.02524289236361604, 0.017089686411736922, 0.143074110962736, 0.02638063248349071, 0.1840291567024105, 0.024511292184976215, 0.0534452417680617, 0.1594089800933753, 0.03970998572218738, 0.02576140378750952, 0.02087298922913596, 0.13705046879090055, 0.012791684492583263, 0.02643954024426148, 0.010213929110606474, 0.04488447740632018], [0.10788703925958405, 0.153142006395441, 0.0311183586093402, 0.18356439000404262, 0.06881699541206954, 0.014175288882403984, 0.011687064376802822, 0.014125325849150576, 0.008526472477944576, 0.028647981942035987, 0.17265428483246845, 0.1613720013772538, 0.006183843475385728, 0.007864354379330859, 0.017273428408583397, 0.003745092152031933, 0.009216072166129978], [0.042284501752620836, 0.18016996969672833, 0.026907248209430225, 0.029763259200228293, 0.03817000808977183, 0.018273455515261588, 0.2830824014825757, 0.04523881215313998, 0.11359294817731865, 0.06621390189288451, 0.014511255068694906, 0.026591425059096806, 0.019183962387084665, 0.019988481681477956, 0.03489103021266839, 0.006186925826100895, 0.03495041359491716], [0.04829972115399568, 0.003496680777467667, 0.30792029462989406, 0.03698116868011646, 0.05286069659871221, 0.02403743978711522, 0.03906340037786387, 0.01811923211579939, 0.043804406784255144, 0.03346365397317944, 0.03120776526404087, 0.014652379750051577, 0.026941809220379774, 0.24975571525174015, 0.010113386546519913, 0.014194104550294327, 0.04508814453857414], [0.04466722407586943, 0.03265126911750243, 0.23152310587782124, 0.09663042182259712, 0.01909144125950833, 0.0338267562566738, 0.03518614919247867, 0.023804646684223784, 0.025149577555296284, 0.12109496065125723, 0.02583320508978669, 0.015733731736337752, 0.07780505591737276, 0.13742564806346752, 0.013930503344658727, 0.04392715568120373, 0.02171914767394456], [0.04919174636055994, 0.04874928188483307, 0.04762321999903847, 0.01734044867889795, 0.04289866470507872, 0.01947976380053305, 0.22961051901432858, 0.06900393814450659, 0.18023091279569198, 0.04228639800455103, 0.02424518138673294, 0.022161076974660302, 0.03667870161584988, 0.04745712058126289, 0.06277332104181652, 0.021815696472482875, 0.038454008539175126], [0.056897407371121346, 0.14991480927061082, 0.21034581306859848, 0.03994627512374334, 0.06139226005466379, 0.020704141387184915, 0.11089334477195527, 0.023536496851190372, 0.007540889868999443, 0.07011690582677836, 0.05017546420244491, 0.017526912477286296, 0.03579914410361211, 0.12176590164492342, 0.007706810256874273, 0.006828128277187061, 0.008909295442825612], [0.043299655727761344, 0.11858479444495817, 0.032675664644014266, 0.08712581749493901, 0.0357804441241859, 0.16004715365622219, 0.10304149626043911, 0.04811534931735113, 0.15341174288412537, 0.05926462539795076, 0.010752773525421866, 0.02998952324579028, 0.04554547294085562, 0.011406353348642467, 0.029483670535444192, 0.009206555761330493, 0.02226890669056823], [0.05152564926244203, 0.11709253218637602, 0.05645129358871631, 0.08219360421312413, 0.05033504817746321, 0.010969647135574462, 0.24526226158511188, 0.017574044972412342, 0.15234696994528407, 0.024821503471831846, 0.05365279354210207, 0.017041090233680743, 0.036518439660667444, 0.01645454952069544, 0.01834440807153812, 0.0072205936783085725, 0.04219557075467066], [0.0361985763030849, 0.03960367091867724, 0.050331929054513364, 0.015456448035517477, 0.029448619477688117, 0.02377892595689011, 0.028966081139739534, 0.03175412823817461, 0.021730356384418704, 0.2867271169719103, 0.012848931771136309, 0.02850237419687973, 0.029432122547075616, 0.006434507712713782, 0.042627223993024606, 0.2703878719470733, 0.04577111535148257], [0.0383130756590737, 0.29988566492672913, 0.04142314006655763, 0.027087576799655705, 0.03444268685366682, 0.03949801205041379, 0.2659468381007968, 0.03656069613972357, 0.013154964845494985, 0.07846033281132639, 0.01492611476039746, 0.010783076154660298, 0.014676989995478354, 0.00920432557916903, 0.03045065811227388, 0.008546890869129728, 0.036638956275452654], [0.056276058076825786, 0.033204188173423445, 0.23107719457322262, 0.06642690862331282, 0.02688234918091057, 0.019889787904773016, 0.02586362987146341, 0.07967572081611819, 0.016503324256449146, 0.04068180691235058, 0.056613657637989895, 0.06411690695445726, 0.05366044666200236, 0.17486100496058285, 0.01817492392978534, 0.010076487524141767, 0.026015603942190945], [0.0388054490345471, 0.06861570907958799, 0.08790685209141513, 0.03136548697894729, 0.03897077744769735, 0.03619015468047906, 0.04544475316237652, 0.005148545882476993, 0.027515108547899656, 0.011754077869406637, 0.16192491613584703, 0.23948014762484626, 0.02845512537598903, 0.10200561246952294, 0.005250858771513684, 0.05799110159188635, 0.013175323255560948], [0.05935013518231866, 0.2917527959702274, 0.032196770387247484, 0.027457162236195383, 0.02366735402891711, 0.07300927541153895, 0.2669176098510769, 0.0066529474555068295, 0.08754779933958702, 0.026818690190228867, 0.03336387812066272, 0.015197955420219128, 0.01201938639815475, 0.030455361795898354, 0.0045971406235200876, 0.0038325479533053357, 0.005163189635395048], [0.04520146348108285, 0.2880472342328994, 0.018634939917362, 0.09026663508397897, 0.030510912231984974, 0.011166812487363056, 0.272705054315406, 0.020335439739364226, 0.010656253613781887, 0.02632433509174155, 0.03140151955585598, 0.030311726866840423, 0.058234548609025494, 0.014236082009242583, 0.010503546299963905, 0.00923635035842158, 0.032227146105685174], [0.0351958924984386, 0.05921164166609577, 0.3355170814003287, 0.04242309267230968, 0.023542557820558443, 0.01198690562568254, 0.02687187839920131, 0.01118184774931406, 0.009449248587860271, 0.009993907103041084, 0.059052409503062835, 0.03930318361609101, 0.00988512892823359, 0.2753685862989715, 0.015768671981043415, 0.01842611676880588, 0.01682184938096142], [0.37816767772037263, 0.009456685107326168, 0.3678308697038395, 0.03262378707911383, 0.02361991247530889, 0.013037996609503893, 0.01003274263842447, 0.016229219948257986, 0.010378551600412374, 0.03411060151141963, 0.023176686762626086, 0.024859135345920783, 0.014024536754419756, 0.011741559426442694, 0.017954536907831307, 0.004024987092835933, 0.00873051331594428], [0.040559980594616955, 0.023242379913771836, 0.0957697961497832, 0.02159672635918547, 0.04924996460172007, 0.01716006661530469, 0.03350939021938072, 0.0292868219595154, 0.015044838661675577, 0.034700249372235724, 0.23536460668565495, 0.25722966110937384, 0.04319629126742216, 0.04676550779972871, 0.011326786734513738, 0.007676583411967029, 0.03832034854415025], [0.01880405144449792, 0.21913374419230722, 0.02501929438073734, 0.0599541218883678, 0.043171412329190924, 0.04702630569164837, 0.1920976627564428, 0.07649411890293475, 0.005316710316656374, 0.026391813365145372, 0.041169715407303, 0.038139297997702715, 0.1122044439058615, 0.031834185814185144, 0.010673222032266963, 0.02573894218317767, 0.026830957391573807], [0.14660647917489292, 0.19853671096827086, 0.11235341800295845, 0.04705449970870212, 0.04416081229216239, 0.03454251845576064, 0.16980059809604053, 0.024657356493047664, 0.02935653394175176, 0.018501436507748225, 0.0781875800622534, 0.03636642253641721, 0.016179020515893438, 0.01119566624218611, 0.014284516521614507, 0.00944166261174203, 0.008774767868557706], [0.025367347832420225, 0.024434438604243016, 0.05851905298154295, 0.038686988356826504, 0.03700545532216606, 0.021923409313629273, 0.0586528597855175, 0.07240260202805007, 0.04824183247118861, 0.017631066247328037, 0.022623151241115535, 0.2244410216325764, 0.0676231551134981, 0.19994013724891727, 0.023793217929698435, 0.008334773144670777, 0.05037949074661134], [0.025318249157099532, 0.29883429307170384, 0.023112198410166495, 0.04756779321694165, 0.015177148254746113, 0.026158433897898917, 0.27797063490545876, 0.024190844217082452, 0.02303943166995661, 0.0361212421626705, 0.01017235758357813, 0.010131684766679836, 0.010900133598183615, 0.008115190555414169, 0.08151128655134811, 0.005287444763914937, 0.0763916332171569], [0.014259010669601077, 0.02438086705830203, 0.018627088932792236, 0.01221112619925378, 0.00676695608124371, 0.02060870715395291, 0.029426223887774234, 0.01497761526899196, 0.01515925746770639, 0.010541358109287753, 0.3890117612662583, 0.39255350231582675, 0.006511587330130962, 0.01277889138507028, 0.015215950174035597, 0.005985618378017536, 0.010984478321753564], [0.053616535396838576, 0.016996636049317667, 0.07376689150733619, 0.23090560108679614, 0.03802783546272075, 0.09167329077753342, 0.02600753302967881, 0.047063224927512234, 0.03508984473999532, 0.11628137133236569, 0.007925673536549995, 0.008249435366554644, 0.18385952035400466, 0.04151012314875161, 0.016296451859595044, 0.0040242175359949195, 0.008705813888454011], [0.08247057041317869, 0.02710437960667688, 0.2139229394202196, 0.033183742541165274, 0.06419556975591331, 0.04391958990405162, 0.016037541703924983, 0.053376046371730046, 0.011863387605030438, 0.2037506905224361, 0.008790988116346796, 0.012839529743638611, 0.015155444332060446, 0.12701165159446678, 0.019980402307796023, 0.05826151277799681, 0.008136013283367638], [0.04645620774962514, 0.012976804947134773, 0.06243487687724972, 0.22343689536521671, 0.032739155451575595, 0.12165176387324336, 0.0173942391399053, 0.027416582194453348, 0.16925317213863908, 0.026593522241992074, 0.012994241285002915, 0.017559412665364857, 0.152973149375824, 0.04213866292753148, 0.010592368096183412, 0.0037602190663484775, 0.01962872660470933], [0.06171908935373505, 0.3117444354420576, 0.025505070112835728, 0.31184975098682627, 0.019670550247123338, 0.018126274736674625, 0.07140919242835958, 0.015681722160138637, 0.016722523621864174, 0.01878617835494936, 0.040720825982170444, 0.02139132316526368, 0.02059018948840639, 0.0060062227317759466, 0.009050914135425976, 0.02145635563379065, 0.009569381418602411], [0.03846907070355887, 0.023935966043706187, 0.19167515539501673, 0.061482161048130854, 0.027778991068221136, 0.1526466809797505, 0.023636290072778277, 0.024594470073858163, 0.1368824021578427, 0.044042157809932904, 0.02346012453959081, 0.04325414790854638, 0.009089508112964552, 0.15119898082023397, 0.024601037148878367, 0.007018478353287619, 0.016234377763701933], [0.024137371020600786, 0.023020518841976364, 0.04118507723584423, 0.023078341591710707, 0.22600063351641875, 0.019496581198501867, 0.022228654546938693, 0.08963830027610478, 0.017385124363381122, 0.23737584319416136, 0.03692914803079661, 0.11086769834444798, 0.03572900924589467, 0.06648351430022809, 0.011663002436593274, 0.0058723209953901135, 0.00890886086101015], [0.03509589979343973, 0.17850507070304325, 0.0322577588511577, 0.168046329907968, 0.017505690071707415, 0.019260048632021576, 0.008148557525330813, 0.03687019875511995, 0.02240296999957148, 0.0192264139556808, 0.19675983485277043, 0.1740700787428418, 0.014092987337868942, 0.029723072811590236, 0.018435310538032334, 0.017543883143770526, 0.0120558943780846], [0.030735770795147457, 0.06774393077068962, 0.02854573286679149, 0.017592544053896104, 0.04023925272309513, 0.014893736601201421, 0.2795161048446907, 0.017950101952657605, 0.1896959380830124, 0.07034127292122667, 0.016810681868669335, 0.017686067777300148, 0.011587674080674926, 0.004858308345001498, 0.06339930833229114, 0.00737337401965813, 0.12103019996399576], [0.02687121968630828, 0.033257985276292985, 0.01597871391329688, 0.0453970869778887, 0.013992764777453561, 0.0369875971996377, 0.3631970529150699, 0.0242308434428592, 0.3435815983259108, 0.033146856168727326, 0.00855832086927149, 0.01083860625