{"estimation": {"a": 4.320074267775922, "rho": [0.11196057838387946, 0.15318777104580789, 0.132971732893738, 0.1277304448899167, 0.20494961744698398, 0.08965976345156094, 0.09842530609674321, 0.08111478579136985], "Mu": [[-2.186775831469974, 0.8132159846908358, -2.3255902847253576, -2.3275216664787792, -0.03265967399482143, 1.2457912860848925, -0.8120371198513195, -1.4799302819782574, 3.2495821926624915, 3.617273263291699, 0.15901891381478525, 5.324097998410994, 4.045345649474591, 1.117427340418658, -0.056311098859827276, -0.043411548456382267, 2.4405125369490355, -0.5499645669422455, 0.24388138897457265, -0.5968594662009101], [0.014080705549593482, 2.3711302803456267, -0.7439065010932955, -0.8905876982477214, -1.6442708243446436, -1.540517801013396, -1.1153272955997324, -0.8020599080647945, 2.100794936744229, 3.4741393000712013, 0.9441589658797671, -6.416136868538322, 0.4776974646062019, 2.513438784378646, 3.6277369146900282, -3.4045608640689204, -0.5940516332586341, -0.48533005045495253, -0.5793839508739681, -3.565124987416224], [-0.8290498842018399, 6.288866706561569, 2.664482678922178, 0.6308538004006703, 0.2835952957852886, 0.6614771697307491, 3.062122214728063, 2.605392735161905, -0.5107428744533266, 1.2841191229841835, 3.914060381008126, 3.855861754239595, -1.3055226075197746, -1.9922425696028074, -1.805538481238309, 2.046332831646632, 4.720878338590972, 1.4256725200439406, -2.044592910784618, -5.308914323443892], [-5.86624765973119, 4.674405908514492, -0.18329990641461913, 0.3551770126204889, -6.365064983071673, 1.9834608852290083, -1.3746839278739602, 2.2367437546049596, -4.773899947438208, 0.9990245044578773, 2.082462519211895, 2.6915572807561876, 2.7506712920890393, -1.7007303808570335, -4.0034228333866615, -2.5618885394309765, 4.260320918267805, 3.189827544811139, 0.7117397410748867, -1.3783143258865878], [-2.1055058131118507, -0.926325268757441, -3.013812563793696, -1.190991621747935, -1.4219529688927681, -0.993549377960678, -1.719208800524926, 0.1877077581188343, -1.528496840162409, -0.33850655776575234, 1.6447092603925706, -0.1629766697884341, 2.619982187813651, -1.0535169990640654, 0.19480841054339665, -1.142899466968135, 2.178140046462698, -0.06922807690023829, -0.6992220550138878, 3.2368724083211418], [-4.227392971068694, 1.086075797856858, -0.1539835075955163, 2.2495418571532717, 7.143775346317006, 0.8072417674855673, -0.5646559560660983, -2.719828574299268, -2.375048710875799, 6.570089652037079, -0.22489901449371186, 0.6674509472154395, -4.3667493553525665, -4.294055333743613, -1.179965879160639, 0.7901551074653503, -0.014895735594302377, 7.746716676608854, 7.517713129832356, 4.12644760661629], [3.2371462273238185, 2.2071459159870233, 1.2491667047011732, -2.120491485694176, 3.3030405737152124, 2.105476717465629, 0.023825290926799254, 0.5869795772509444, 3.43681542190826, 1.917957246471156, 0.7351145560272723, 1.1615371619712853, -3.6149207864058566, 0.33314220283740603, 3.4222203296782245, -1.7609508151966038, 1.7896853422479075, 0.3014192982376116, -3.224752027718905, -6.485830327855452], [2.9744300242872135, -2.2611599763654175, 0.644657066683244, -2.5646491828022837, 0.988422871067225, -0.4394305660270957, -2.017003714991563, -1.7526188683365642, 0.7333836657472169, -0.19245551464865596, -2.004533881031194, 0.5549455215807587, 3.9784518101486563, -3.985484900166658, 1.3265222492095117, 3.1541873276216075, 1.0551431264189741, -0.3197830940474252, -0.10428051433220902, 7.190850211552199]], "Lambda": [[0.397436650809384, 0.5719928974336681, 0.22640359917150504, 0.40260866612746427, 0.36063752890213885, 0.17584537681088747, 0.43083255289164146, 0.6824334014942585, 0.4341382061361112, 0.5802376255948907, 0.20309838392754045, 0.17526340122035877, 0.4617582440377644, 0.6082426020918762, 0.42823254633904007, 0.5851881296334498, 0.18652573448761028, 0.5435779467597452, 0.3557333885336799, 0.24913305289449272], [0.3689137393566593, 0.38213054856803974, 0.3640637978252434, 0.38195157810443553, 0.2811410354134029, 0.20152571241837217, 0.2903865924697498, 0.337894915504024, 0.33943135566207466, 0.36985089360372564, 0.2528528294130568, 0.28583669515853544, 0.377745091774432, 0.5496671989145464, 0.35100841427294377, 0.3707716246403962, 0.24973562658577989, 0.3487383408940988, 0.6047034599643377, 0.27975075403959343], [0.5465998218469659, 0.43896378073595166, 0.4305206001150451, 0.7841212176710071, 0.30948251668757165, 0.6005929548834762, 0.4743343492433072, 0.3932722473135949, 1.0886103444764217, 0.318837086579135, 0.40367577372280794, 0.15614088653112612, 0.27037301437333827, 0.5325523441755119, 0.5370690859469964, 0.6504049016088577, 0.35500782570076406, 0.5801719331988682, 0.549586512044903, 0.3057032642636093], [0.21693174595158615, 0.33039537743929476, 0.2348662109183688, 0.6647111817196485, 0.22526214639778833, 0.34398085669604733, 0.45127689532210596, 0.3219098991811359, 0.47032607392889775, 0.6219242271701786, 0.1826867707121101, 0.340480879679396, 0.1809883473454878, 0.5815687293482785, 0.3704056222104901, 0.46418288823291587, 0.4338133396390152, 0.6277313992187257, 0.8145637195173556, 0.7659611488419515], [0.1133197609972635, 0.42534621396771694, 0.25524688816070595, 0.21545212077939388, 0.2837860878938167, 0.31464681059916966, 0.23726505865938574, 0.25406737432305276, 0.3031859229775159, 0.4525139976602016, 0.18191829199077705, 0.29114995658895804, 0.25810510518921276, 0.2189582584289039, 0.33445756876972726, 0.38037052760706735, 0.3276691053066303, 0.46803812176593773, 0.5918184286040208, 0.4642390152203702], [0.4836357471916513, 0.4922678855289623, 0.36584720091750095, 0.5347151833091537, 0.10245858961715915, 0.5400553867663851, 0.39158594218871384, 0.2703178723727746, 0.6530377457231649, 0.5840317719428912, 1.353479477616026, 0.4645490750922263, 1.0298613113041613, 0.4152310545460867, 0.3916894028452639, 0.3215649232556255, 0.5185593095161778, 0.21954258725748113, 0.19993551433847362, 0.8154362173124358], [0.5822421709310507, 0.4624034275114645, 0.536102537930272, 0.38380758267424236, 0.4721250441984495, 0.6246131116862107, 0.2964814974222483, 0.3294184282218971, 0.8446364957044145, 0.17560417788067023, 0.41426425310097903, 0.3687708156831031, 0.4056489834945708, 0.5313283658511153, 0.31157445296794267, 0.497077589145529, 0.3593914901934996, 0.4706937134003859, 0.7588259216067423, 0.21908789331228243], [0.42008754384193825, 0.4646079941842779, 0.40598272878806924, 0.2563216092176106, 0.5221462234900859, 0.4268972784618797, 0.3301378620007923, 0.4481231240580732, 0.46254927332115864, 0.2908811769826319, 0.2848620478640321, 0.40507516480222755, 0.26652067255560624, 0.2739124649610241, 0.6256709693499249, 0.4414100612244301, 0.30007010089574526, 0.3395507514032355, 0.4875549253922919, 0.17860856301053746]], "U": [[0.14481819585637512, 0.21066732076055894, 0.11430616377559874, 0.10392574083389595, 0.22280567843375262, 0.05631606004533538, 0.05942085963036386, 0.0877399806641193], [0.10434615599008328, 0.09875502942931857, 0.15092101097315272, 0.08623281431051694, 0.17072175998062922, 0.20240084820051843, 0.11036994534607124, 0.07625243576971007], [0.06390088926593238, 0.08906671187796864, 0.14036903491590552, 0.05247635175068642, 0.13630993268323385, 0.3290958794659033, 0.12151277209629115, 0.06726842794407875], [0.08981993831041682, 0.09979760121798678, 0.06563416637566315, 0.10805945311883361, 0.1659391349369811, 0.3719198857134292, 0.036114029282013134, 0.06271579104467608], [0.046054255693467896, 0.051641398135331605, 0.27602812951776784, 0.2433344265543685, 0.1529846371025209, 0.03590246973696556, 0.1538030596034977, 0.04025162365607981], [0.07610889870933361, 0.1952492990816762, 0.17343734777390835, 0.21451660659741167, 0.15688661887426927, 0.056635359572033264, 0.09150094196253862, 0.03566492742882906], [0.07921133094215886, 0.1218165517636385, 0.18439257756940328, 0.07501231083542013, 0.17301644203379027, 0.15623418261901384, 0.15369670880507502, 0.056619895431500485], [0.09127390577613209, 0.1404804930688099, 0.20642658682132484, 0.10278773455007713, 0.13925768107431966, 0.01340611791085208, 0.2213008820184894, 0.08506659877999477], [0.12979575628543802, 0.19441597017508774, 0.15885241685941778, 0.15888797682488479, 0.1919513435719441, 0.02913363211621083, 0.07193006991814721, 0.06503283424886971], [0.11667514417859608, 0.1774366473332554, 0.12640466533894637, 0.07684264414335805, 0.24125401792475556, 0.044199797643319536, 0.12667695933174108, 0.0905101241060282], [0.0958977389629572, 0.1973285726663176, 0.1137129057917447, 0.03866917666197403, 0.2694640466757799, 0.04874889669041472, 0.1396227393598735, 0.0965559231909388], [0.09379205084401243, 0.23799466942991404, 0.12429921038282236, 0.09858577032078268, 0.27664127362120633, 0.06003077875842271, 0.04423486804719932, 0.06442137859563973], [0.055399467864304094, 0.23353978511851853, 0.06627251132280007, 0.06624152388009044, 0.2230963434363214, 0.03399044734926645, 0.23923736357392564, 0.0822225574547732], [0.07731542425402484, 0.10356011508289097, 0.18572123039987173, 0.027776918412726653, 0.2472995142071822, 0.05104237957610404, 0.18335174087203718, 0.12393267719516182], [0.10873921166183116, 0.32925822335013, 0.06088900274344053, 0.07891711033834597, 0.07042606845158446, 0.025020107164926596, 0.25812802514578176, 0.06862225114395906], [0.11103810794737284, 0.20700145983644747, 0.07329365331877338, 0.12116504423086955, 0.28059725896315235, 0.05223675153679012, 0.0892758975710242, 0.06539182659557069], [0.03645685280160504, 0.09142245989420657, 0.060913300592379295, 0.182037793928991, 0.3466129201218482, 0.02245756953092301, 0.061354924144766586, 0.19874417898528066], [0.11892282969887605, 0.2165301136929521, 0.1602871498116351, 0.14670996329697625, 0.23007176951707237, 0.03505697762155029, 0.05491782237020868, 0.037503373990728624], [0.17745446209467325, 0.17393927541351803, 0.034545741633172714, 0.03182848157286677, 0.30738068658940854, 0.008891198379758424, 0.1855998129152436, 0.08036034140135875], [0.06361502535610437, 0.18192877045915448, 0.08852393151322314, 0.02079295170195422, 0.3638697240552202, 0.013057502754987281, 0.08000906863965276, 0.18820302551970433], [0.03914976380309962, 0.06577564690990237, 0.157040597984438, 0.14867401407125896, 0.1996922370118679, 0.19775822908633317, 0.1473610936839362, 0.04454841744916356], [0.1041087241928608, 0.14806522850857756, 0.23577054513805298, 0.06603964104025636, 0.15170401887932186, 0.02202222878264299, 0.22763131353968816, 0.04465829991859947], [0.04798395097025494, 0.07772843929817275, 0.2691398735092581, 0.1518171746446841, 0.1753889681879906, 0.01085939749102477, 0.21661528321034865, 0.0504669126882663], [0.08633932658963829, 0.12224734223075186, 0.15540472445790818, 0.1563510078782958, 0.192710149571936, 0.1947569380256183, 0.04123192984342986, 0.050958581402421016], [0.10359801451368741, 0.16477617314691334, 0.12780628388371476, 0.14866089311002315, 0.27644266721526595, 0.014183436087042353, 0.07439499170868298, 0.09013754033466988], [0.1218467224625139, 0.13398700057998175, 0.12496713882153777, 0.27792728115778925, 0.24490784868502433, 0.03123931126157808, 0.016992356888286146, 0.04813234014328783], [0.06896284308041653, 0.09556628604509496, 0.14949177106933567, 0.3340061916130822, 0.2180775889076061, 0.08116055094839307, 0.02567577907744938, 0.027058989258621838], [0.1133369439072628, 0.2227839453115731, 0.08857229157670593, 0.07529499758294812, 0.30164481086900685, 0.027977092882861654, 0.07034183071622939, 0.10004808715341143], [0.0890105853739558, 0.13279027118123793, 0.17110717787749558, 0.04671001761668476, 0.1889081180405955, 0.11904903635902135, 0.19328740908227107, 0.05913738446873793], [0.12490905993598816, 0.08296673816232418, 0.2591191028471054, 0.08685360995619962, 0.12688643358316262, 0.037514747005697686, 0.2154571327333045, 0.06629317577621778], [0.05241479313775861, 0.21911831864603384, 0.1169843561872371, 0.08098667348237798, 0.08656770981682453, 0.1489235210137935, 0.24762846050764997, 0.04737616720832431], [0.17377334052859658, 0.30512389558232816, 0.1083972338257961, 0.1054288065713258, 0.10382516004224805, 0.05107701139443998, 0.1263669072458835, 0.026007644809381884], [0.03377070951090062, 0.07352350038522673, 0.13873369581541722, 0.1722275320455511, 0.24863781977864638, 0.0830227235988419, 0.12791240610193724, 0.12217161276347856], [0.1360174889381199, 0.2156657171667191, 0.051032559937272376, 0.0996164804294988, 0.21615180007596183, 0.027831957070312868, 0.15172248578794673, 0.10196151059416873], [0.07196311066799288, 0.10154372626634642, 0.27988489674565425, 0.1271691648766452, 0.11704839919537482, 0.021050727360614176, 0.2511238187608116, 0.030216156126560503], [0.22485808361798817, 0.18340540162391367, 0.21177972949794246, 0.0793632854444048, 0.09828813936340154, 0.017224110623663146, 0.14875062081219556, 0.036330629016490285], [0.13505596354049615, 0.18080328712736005, 0.08488477873194775, 0.0558129377793503, 0.3359551335887701, 0.030005874320406817, 0.08344193595201127, 0.09404008895965724], [0.07936292718900662, 0.09998622027280273, 0.07283640461581406, 0.24659481922394172, 0.25596518760946757, 0.07035482136846918, 0.08931750597138712, 0.08558211374911041], [0.1499853236034458, 0.2011945410930461, 0.08933453103059161, 0.07871687931713521, 0.24224165971579117, 0.06928336432769161, 0.0845582178980665, 0.08468548301423166], [0.06502794369681059, 0.0955220351434571, 0.18002661796404465, 0.21913762029534345, 0.19573770783985184, 0.03561552878353108, 0.13298212778484664, 0.07595041849211491], [0.04040021967145321, 0.06464853865390809, 0.12859501965241207, 0.1272822415876201, 0.08710108653219938, 0.46956709987911327, 0.052430075241030355, 0.029975718782263745], [0.22260022301109558, 0.3357026017531199, 0.04190022470216524, 0.03936953295768062, 0.13348766539205315, 0.021670223756874846, 0.16252970970628822, 0.04273981872072283], [0.1605096284086181, 0.19708848443932905, 0.061937144651603895, 0.06469587077179483, 0.19059237377346142, 0.2376784699262957, 0.03580597922731036, 0.0516920488015866], [0.06115735599237282, 0.08730929705748905, 0.24530860111890504, 0.04405191176785526, 0.2125819787564368, 0.026133937804016842, 0.2211912630173524, 0.10226565448557161], [0.03293481325737583, 0.06269175707032869, 0.37377039564173686, 0.0426785137050885, 0.07628467287958153, 0.02062306623890992, 0.36818559984855387, 0.022831181358425122], [0.2737083342154238, 0.25268557819229226, 0.17565453676093457, 0.03369843861648435, 0.08938829280753441, 0.01093249314864132, 0.14497382850390117, 0.01895849775478827], [0.06632596846460372, 0.1447051888279657, 0.19424267533963607, 0.12747479812400225, 0.24937715559161505, 0.01855506565809128, 0.10349395007132811, 0.09582519792275827], [0.0722794156992658, 0.17622739105269805, 0.10849935086227822, 0.1418184408862963, 0.18158512171318122, 0.09220077991747513, 0.14122015416394745, 0.08616934570485851], [0.1578757471059789, 0.16377484803272277, 0.11166052764023932, 0.14351268153565402, 0.25591573247825355, 0.021456979884995776, 0.05927026345686916, 0.08653321986528671], [0.07445751624163799, 0.23851526754544572, 0.06589164208333477, 0.08186509185808016, 0.2683630283265062, 0.07766173430736778, 0.1594617977232467, 0.03378392191438124], [0.11264852222836289, 0.1580160587398595, 0.04596581286717652, 0.18247981555867962, 0.33099549194327704, 0.02450601757520681, 0.07738218446078649, 0.0680060966266507], [0.0943416516083939, 0.11659423519056611, 0.08942439127485707, 0.26469231359931034, 0.2961304979970762, 0.037944447729407804, 0.05823794131921418, 0.042634521281173794], [0.03429688804978981, 0.04933344351896253, 0.2548851216212644, 0.16448192411458148, 0.14201982452568898, 0.11168499297352624, 0.21439286914273617, 0.028904936053450698], [0.10544232642700539, 0.16669437403825674, 0.15827959027558255, 0.09297008947195255, 0.22896360255877957, 0.06826114136574819, 0.12981698535251263, 0.04957189051016238], [0.07133870496691949, 0.13692542623719628, 0.06866899345815133, 0.08291702701520644, 0.3313622256562075, 0.09016280757532426, 0.07432082455763944, 0.14430399053335594], [0.09189759772898116, 0.0926555946525493, 0.24435340601710567, 0.1520634577207214, 0.10010441171777551, 0.12035397840335432, 0.13283018122669835, 0.06574137253281402], [0.09120670261891042, 0.1406996283317136, 0.20209120156188712, 0.06958133313034197, 0.19463088610572588, 0.034745438807710645, 0.21114503308263172, 0.055899776361078485], [0.1789306558761972, 0.12025800707901235, 0.07410647380693898, 0.16356172698224822, 0.3137371021751779, 0.009384539748368507, 0.05617205326400003, 0.08384944106805621], [0.07432897409999152, 0.10013826624785503, 0.08989187506373933, 0.046811527632035464, 0.2487978945505597, 0.18808531951310564, 0.11050202622936599, 0.14144411666334694], [0.14697477790800514, 0.08550096826541467, 0.2105412298449682, 0.20871675973656711, 0.08666562012964332, 0.02514171667081354, 0.05093944914837061, 0.1855194782962174], [0.26875170912250623, 0.19752920478939853, 0.20227436091940634, 0.18640696969250306, 0.07585920953376726, 0.012388249007649463, 0.04392957039050179, 0.012860726544267651], [0.07593251418074891, 0.06850976773827816, 0.11828043604296835, 0.16807200050602697, 0.12458096095958328, 0.3674542503438455, 0.027524287400427668, 0.04964578282812117], [0.055569760289294244, 0.09028639289965425, 0.08973170463385517, 0.08267638914377531, 0.3670706642220894, 0.01609017844805807, 0.06476907767330903, 0.23380583268996363], [0.09262860058871791, 0.11035653160932889, 0.2554638658008036, 0.10844742289209762, 0.14517663180606707, 0.06074101038144228, 0.17240104653139035, 0.054784890390152545], [0.04237802247278637, 0.054980856373480026, 0.13111799698039822, 0.15253381134382038, 0.12265127961611957, 0.4359255061371469, 0.021329769282339938, 0.039082757793909115], [0.06905615059882547, 0.07143914499213067, 0.13868375603661684, 0.05175062658647438, 0.2625800540679533, 0.12045200438320658, 0.1286356124101496, 0.15740265092464292], [0.031794552117112254, 0.08626587696812962, 0.3175055160788064, 0.3243407656018998, 0.10852890966165785, 0.014659680043699667, 0.08988532747550013, 0.02701937205319543], [0.062223228263219264, 0.12006470249086851, 0.08943587826481385, 0.1373765567061542, 0.30381691320639115, 0.11336442475825172, 0.056729789148501394, 0.1169885071618003], [0.12781591810664383, 0.1622214098841915, 0.06977330713044502, 0.12309273273751985, 0.228613073140468, 0.12015382736048356, 0.08963455824761658, 0.0786951733926315], [0.09711403577146929, 0.1870031568786125, 0.16282048249644243, 0.05406155214496694, 0.20115894961318134, 0.01844045615620673, 0.20523814890441083, 0.07416321803471031], [0.16079480172541286, 0.16972940283743662, 0.1972825291429588, 0.11075094780210429, 0.14630228683433924, 0.041174900037643944, 0.12162891214831219, 0.05233621947179171], [0.09870160237422836, 0.09464950552775252, 0.10724958996858194, 0.13792216082359335, 0.11704613737924906, 0.30136927323383156, 0.050732370171373636, 0.09232936052138914], [0.05554499778623071, 0.1890016624405795, 0.20184285800666743, 0.2631392836109466, 0.1420968779297118, 0.015424660509848157, 0.09922908176216626, 0.03372057795385012], [0.06732925286579322, 0.12369182213274806, 0.0241474365519971, 0.2937558338810109, 0.3447385448460607, 0.06481675147170922, 0.05066747181662013, 0.03085288643406103], [0.14048414845543147, 0.22439845891824434, 0.07092665597948081, 0.07544706080660274, 0.2909364754607955, 0.06489225430767853, 0.04224662220838055, 0.09066832386338602], [0.09267562390709824, 0.06787676278054482, 0.145999390205162, 0.10829911513628449, 0.1494706367426045, 0.2685973949082272, 0.09448758784047512, 0.07259348847960398], [0.17418030974643897, 0.21484624345675107, 0.09040179202793931, 0.116417690986719, 0.24100687521628758, 0.0349934744379536, 0.05811285377332399, 0.0700407603545865], [0.102328393117307, 0.16684244178323115, 0.11456986447151364, 0.15877864535293434, 0.2741481122046455, 0.030668165905523775, 0.04880512786216075, 0.10385924930268427], [0.05989605661147789, 0.07926454197563969, 0.17372113229348893, 0.14987921098735765, 0.08532219340221431, 0.34722552092111236, 0.06470434103027442, 0.03998700277843474], [0.05223228129945459, 0.06882256018176079, 0.3280243536167023, 0.06182312811674326, 0.09331870758384463, 0.045395396841035274, 0.3139293526771203, 0.03645421968333863], [0.18254951181423637, 0.19177244721125994, 0.06978570303980926, 0.055109964606150585, 0.19460894452929073, 0.05342395697469492, 0.09277427823717357, 0.15997519358738402], [0.059260948909238956, 0.10469599475511375, 0.22465610087275245, 0.14937273604671458, 0.17953836314948818, 0.05552755521696373, 0.18525236956401778, 0.041695931485710325], [0.15662713098497397, 0.1962793937075642, 0.0731754235605472, 0.08927736305971334, 0.18202323609134033, 0.2085418208033307, 0.043705350114534386, 0.050370281677995656], [0.09460512767548797, 0.1160753791811438, 0.13448081417980226, 0.194813459645149, 0.21012061597574647, 0.16089210446817745, 0.026308126191010563, 0.06270437268348189], [0.06106266542881564, 0.05958983546359179, 0.15387252696779458, 0.1475617551057134, 0.0757003761558641, 0.41546652355499913, 0.04848921242532643, 0.038257104897895446], [0.09999029226694486, 0.20632719023905866, 0.07515429128936955, 0.13435635203795893, 0.22393305643310346, 0.055686356533129144, 0.13203701206239693, 0.07251544913803848], [0.08778735581911985, 0.07572169836291912, 0.25914800961394874, 0.07900607944277785, 0.09148836439736939, 0.06393487580872634, 0.25894267096484164, 0.083970945590297], [0.09138318993595872, 0.11502115700106794, 0.15520603675696845, 0.09187835872432716, 0.16173695673756425, 0.1483929450974031, 0.15367104835368883, 0.08271030739302163], [0.075595642708179, 0.11968386746310294, 0.27413848875980645, 0.05027992206653192, 0.11536703662554013, 0.05417059432005386, 0.26726789566558523, 0.04349655239120053], [0.030643920696227227, 0.38240515559404853, 0.04508810455226518, 0.025810355588382145, 0.09349234352641676, 0.01787948931412181, 0.37920725607431416, 0.02547337465422439], [0.19669943957056252, 0.18599037164826113, 0.0643434382104937, 0.0978593513788721, 0.2245219566269294, 0.026848070677235356, 0.03740851694407578, 0.1663288549435701], [0.08878034374537191, 0.14605785873843877, 0.11076277321752753, 0.3086136881768792, 0.24419510384022775, 0.028797149116800577, 0.03985143022899091, 0.03294165293576335], [0.23923967815381747, 0.10094683955103884, 0.05962957518378397, 0.039179254718783516, 0.2279983796946286, 0.06084928642580351, 0.07554626526247496, 0.19661072100966867], [0.15056852204697474, 0.186906849220978, 0.1070519721900458, 0.1684252684119669, 0.16989260335709713, 0.04840882629205346, 0.06715112331777409, 0.10159483516310953], [0.14271376525353127, 0.1628629755256239, 0.20835873101846308, 0.18305039078451987, 0.13892163328750587, 0.05048494169448094, 0.05588085926936104, 0.05772670316651408], [0.14620336407791698, 0.20575025857778637, 0.05790954107289272, 0.043252094419131, 0.29932829945955575, 0.08335389499617281, 0.039645029747769636, 0.12455751764877443], [0.05339992644139426, 0.08481358254206046, 0.22110925247063037, 0.37663453978074035, 0.21270998954139372, 0.013072948767992091, 0.017389540696583463, 0.02087021975920476], [0.047604390817980104, 0.09430743696164712, 0.07762642063950989, 0.2859904594540149, 0.25439503569858873, 0.11230339084355458, 0.0838902793244984, 0.0438825862602066], [0.10822046366807078, 0.1388468827128788, 0.20034437267005598, 0.2046838494013393, 0.13177422765986035, 0.15357642432110083, 0.02784107656103442, 0.034712703005659734], [0.11172511094660577, 0.19633309161137333, 0.08704909374827001, 0.22850643114149174, 0.21034545161786142, 0.025095189939341903, 0.1181601859987008, 0.02278544499635526], [0.0640251188232757, 0.09933014581164919, 0.06801901132095348, 0.09702360337801808, 0.3529833612448697, 0.021752620858778826, 0.08504358201001985, 0.21182255655243604], [0.2504365288709654, 0.2600444594723865, 0.10593877062252408, 0.04849455298568521, 0.17607554500985076, 0.055295671759443006, 0.07334372287100809, 0.030370748408137034], [0.16754606964550886, 0.11846198992737307, 0.07456598154503795, 0.04856585763826713, 0.2001900097615678, 0.22265629393668518, 0.06338344714403778, 0.10463035040152222], [0.16574324392447823, 0.20457122255328508, 0.2371601042824232, 0.12225409853029612, 0.07296869720530946, 0.014999823073235188, 0.1651490936873361, 0.017153716743636062], [0.05572411199310646, 0.09090013480587718, 0.3106245074831054, 0.34069301346893294, 0.14761838432617438, 0.014260125242399748, 0.01584212782341385, 0.024337594856989785], [0.07484951475348385, 0.09684143453592525, 0.26531015424023385, 0.25643956963906395, 0.08439434515520867, 0.09658812559589755, 0.05376181150090811, 0.07181504457927872], [0.03847600137938553, 0.04317779861093486, 0.039203280843965, 0.035475563141683646, 0.07713454304922393, 0.7290672125714596, 0.01503544785209024, 0.02243015255125753], [0.08222687633797268, 0.17064021080062675, 0.177846521666135, 0.23070612323417142, 0.12719846352184194, 0.05273847470492059, 0.11169107217557007, 0.04695225755876175], [0.100348781422874, 0.1285819360161089, 0.11597267555299585, 0.23378535017771002, 0.22795759778407104, 0.029002286490638234, 0.11246189264331266, 0.051889479912289455], [0.23850830794661057, 0.1987253110985798, 0.13877854395885408, 0.05525915620926439, 0.1925347951167769, 0.022713258868588576, 0.10317056941195274, 0.05031005738937302], [0.2862884362599982, 0.3096041828806398, 0.07704669402721057, 0.06239417891391523, 0.1675344896034419, 0.024157374699216323, 0.03975905643028153, 0.03321558718529713], [0.0989945296772001, 0.10698420010628032, 0.04390881781865374, 0.03505734002238805, 0.18542122673338554, 0.4239676801173907, 0.038954370735059585, 0.0667118347896424], [0.10241052564738434, 0.13071591928191467, 0.09570733545720762, 0.0968063564058788, 0.1819203770644889, 0.2970596062748911, 0.036822405575680325, 0.0585574742925546], [0.06102990559451665, 0.07233793347417863, 0.05496569768571639, 0.20861939814936703, 0.3461734326908193, 0.019766787824271964, 0.04962422688718, 0.18748261769395017], [0.27161825365463615, 0.18544718068427218, 0.022694607186462885, 0.02017874651753877, 0.43517445995375204, 0.015896240990863005, 0.01808924095564394, 0.030901270056830805], [0.14392428261017423, 0.17131577969889578, 0.08527890319097119, 0.18342581847441192, 0.2284662357547161, 0.11426648259609931, 0.04175543092227764, 0.03156706675245318], [0.19008787135628263, 0.2232146561578095, 0.034950389017692325, 0.027518188720506397, 0.10189908697811967, 0.011650485298949437, 0.16329009520295856, 0.2473892272676821], [0.11574562630226883, 0.11446297787913905, 0.1759454748799244, 0.236925568554998, 0.20417190263967305, 0.014665100670511045, 0.03357483728171555, 0.10450851179177041], [0.10553607286615821, 0.26680274199641796, 0.08237712351035005, 0.07259065321030739, 0.10508808803427781, 0.04553851511237036, 0.1919729584156616, 0.13009384685445632], [0.0772826245019333, 0.13489659025968687, 0.06222916644485266, 0.0902719525712811, 0.2141556177069427, 0.34740938179784814, 0.025310724816248357, 0.04844394190120671], [0.1464420607789979, 0.2417102316038704, 0.0471940106501312, 0.03508709107329972, 0.3326021708851361, 0.021811869628598303, 0.04733967593532203, 0.1278128894446441], [0.07980826227644187, 0.18837844429225853, 0.12594968560400036, 0.14458748760689635, 0.2813610293430806, 0.02666923273290171, 0.041239336607768316, 0.1120065215366523], [0.1254893896100824, 0.13764118289687302, 0.04216638715787102, 0.05766820564727928, 0.26070588996146854, 0.16368183469805897, 0.11613186871855767, 0.09651524130980887], [0.04411591760974706, 0.2302777724472207, 0.14680043117647693, 0.08459091740067978, 0.0815889309673551, 0.11286757879649616, 0.2652699842334627, 0.034488467368561586], [0.25158579401612063, 0.10381852817186371, 0.05320837006988211, 0.058438220680801206, 0.1672776012677063, 0.07037397675799931, 0.04491373217803678, 0.2503837768575901], [0.05099657171645269, 0.07392505373517023, 0.0585474307573634, 0.2797467885762001, 0.3660466171913966, 0.11179549683576531, 0.018608163785627317, 0.04033387740202383], [0.12800625589192063, 0.23031260733934603, 0.08269621877065143, 0.08692186318533895, 0.23527571333061414, 0.051584306956832734, 0.09610715703900875, 0.08909587748628711], [0.0696819021226537, 0.13931107222131053, 0.10002265933888642, 0.05856992299923201, 0.18068936536541955, 0.20838425650815642, 0.133595957396311, 0.10974486404803052], [0.06883457009064989, 0.1239183010948675, 0.2542680226486337, 0.2794519766160924, 0.17840562549653236, 0.03639317042835373, 0.017509416638869884, 0.041218916986000415], [0.14387464477953357, 0.26572376844034856, 0.08376648104690583, 0.07304732133024501, 0.24639065204064256, 0.12074535497902081, 0.02438538784454693, 0.04206638953875676], [0.15875170423310164, 0.20791923539492568, 0.12134894958205615, 0.13504348810033956, 0.18824766014860064, 0.11886246356473258, 0.03658881425645649, 0.033237684719787976], [0.12246376416961474, 0.20176568609817747, 0.04811847869592342, 0.05843119579049721, 0.3005776834387769, 0.028252650661684055, 0.14287697847842534, 0.09751356266690103], [0.22914553928525475, 0.2367942878258421, 0.17956179777210313, 0.08225846236607373, 0.09964864167587693, 0.023772680736320745, 0.12281054249462052, 0.026008047843907898], [0.26448249493372783, 0.24939653700595107, 0.08171213614017414, 0.1498202764860047, 0.1931615249934201, 0.021934353526172568, 0.021099164078855797, 0.018393512835694383], [0.3196641162026503, 0.09073743409640068, 0.031497253091145885, 0.02997910223790537, 0.14039087438126163, 0.02343577578639349, 0.03009438053587382, 0.3342010636683686], [0.156882609238047, 0.24512508056530471, 0.11565696387118803, 0.0920576323154116, 0.22243861840096532, 0.07279099511063039, 0.044140983590766784, 0.050907116907686165], [0.15857613143815888, 0.09616060495864129, 0.12396197741228265, 0.1586338257775303, 0.24020150625857203, 0.08227829704106418, 0.047534337394805656, 0.09265331971894508], [0.1114831813912269, 0.11317006647346649, 0.1728121207410636, 0.15838415366826078, 0.10528367594160588, 0.1505017401240755, 0.07283784617898491, 0.11552721548131598], [0.06932824482402904, 0.26395651250231367, 0.06719916347716216, 0.06810570375785731, 0.13876169264039867, 0.09422028093904511, 0.23169171210596942, 0.06673668975322485], [0.22023127333601594, 0.11597889979391096, 0.05747988000213213, 0.07505734103093896, 0.24830768143794318, 0.05152595807570588, 0.06146322251585261, 0.16995574380750048], [0.13512127999935614, 0.14007565993667154, 0.0409847218516714, 0.03622645221261539, 0.26554363053154556, 0.24126312162230004, 0.04688364244672924, 0.09390149139911001], [0.06157023534216805, 0.10763660623217625, 0.20368116840569062, 0.3054999761162004, 0.19222505205007642, 0.038950088005907074, 0.054324422888793106, 0.03611245095898677], [0.09233591444392462, 0.17144079023923978, 0.0962789512129172, 0.10396702926043527, 0.23552055942678202, 0.18902298582504595, 0.040013801747829425, 0.07141996784382608], [0.055435203196982766, 0.06840321920679478, 0.2776471012635239, 0.10262200641863935, 0.133725285205698, 0.06417824836705965, 0.2565481601167101, 0.04144077622459172], [0.1015411217828433, 0.08654304566502807, 0.1860631581623851, 0.24122863428582608, 0.18125278323268906, 0.04291794048521094, 0.03836971223641204, 0.1220836041496058], [0.10282578950084457, 0.2939248320215478, 0.06210208529504023, 0.11653631336531024, 0.1852493387901749, 0.04909989225829382, 0.15061644361579904, 0.03964530515298906], [0.19015813809472495, 0.24268915887257042, 0.058290668293429194, 0.055483709775136, 0.36003298692291946, 0.021048752951217747, 0.023145610119096847, 0.04915097497090524], [0.09597337991638068, 0.12872461647246297, 0.22823505258376797, 0.08986591370601917, 0.15242907593969413, 0.020897380811452846, 0.23966489873942207, 0.04420968183080105], [0.047079723676544026, 0.10166411924827183, 0.10327444265637874, 0.13478383898279409, 0.1928056734525159, 0.3579955852140519, 0.025700834754918956, 0.03669578201452509], [0.11405432609143613, 0.14637873803869472, 0.10296841698444249, 0.12652965211122397, 0.2593627958882693, 0.16696237441392217, 0.026071196744495158, 0.05767249972751596], [0.0856204773708415, 0.1465454642227776, 0.23942925283128041, 0.22041238111238495, 0.13269390627954653, 0.08512952081388173, 0.04817360488632273, 0.04199539248296506], [0.1587390351522305, 0.17269042886094776, 0.0489324589013987, 0.14947653075824185, 0.33818023617279325, 0.020533078260402182, 0.027391452962188423, 0.08405677893179708], [0.13911971740062573, 0.17240871067841093, 0.11327667291872083, 0.06953062182330026, 0.2763866082347511, 0.08398056775683092, 0.07017335104765532, 0.07512375013970524], [0.11926164295581722, 0.13791027034121944, 0.09857078212934647, 0.22176065139077056, 0.26805072914996486, 0.020866270381114008, 0.05411450500785218, 0.07946514864391478], [0.062195642563659455, 0.06657237908889671, 0.08589751444803649, 0.043242800443446805, 0.37348902283778707, 0.025063110185113823, 0.07299691021843552, 0.2705426202146249], [0.06535498888767989, 0.18723477964924695, 0.05940277943467424, 0.05838406088998661, 0.2872168634050994, 0.11251063880094062, 0.09673461565590906, 0.13316127327646338], [0.08161717208506497, 0.22443991918113262, 0.13335681622816067, 0.15658287824943581, 0.12927178478976, 0.08201117410370766, 0.12415342208939939, 0.06856683327333853], [0.10494662684730094, 0.16818211887654072, 0.03764983695053586, 0.0346709709651501, 0.24054861600753727, 0.34726858983955644, 0.017744276817042704, 0.04898896369633637], [0.05718738557229838, 0.12336225438643796, 0.258303657443861, 0.2597159672164815, 0.15907118773996196, 0.08082032861132145, 0.025247349702200102, 0.03629186932743739], [0.07989681788340283, 0.08638324446301522, 0.10621596393497372, 0.058014736631558914, 0.24159796060425254, 0.24983516146677917, 0.07975148708885686, 0.09830462792716047], [0.08020126150786094, 0.09333673374303349, 0.23185607454637838, 0.0802382418124747, 0.18257230150101544, 0.03254526755275063, 0.24345082421681427, 0.05579929511967271], [0.11774204381264645, 0.1688548549235674, 0.17131474046174228, 0.09069578649110455, 0.15325773342796523, 0.09322902784493746, 0.15723395056048076, 0.047671862477555255], [0.2243949324579935, 0.2021287768879655, 0.03171464608509111, 0.036811527266621895, 0.3521949997840887, 0.022882452337105105, 0.03846705650449264, 0.09140560867664141], [0.05747648396942354, 0.053971661966843665, 0.037303137856671616, 0.022528727010497678, 0.43352116159897675, 0.02592777372652644, 0.0319639760007949, 0.3373070778702655], [0.050232380732819014, 0.07721449990267171, 0.36113287156709334, 0.030100117395537866, 0.0748930333484944, 0.014456219044894624, 0.37012430947202984, 0.02184656853645909], [0.06932033267711868, 0.10343083663451895, 0.102970642163801, 0.17738333189197672, 0.21058424755867716, 0.23333625346891793, 0.042625222888147525, 0.06034913271684193], [0.03350694538872806, 0.04699158795195233, 0.2937379262569238, 0.29089097386847285, 0.056516327893645475, 0.20845572712301516, 0.04244109796104376, 0.027459413556218466], [0.10248524515853998, 0.13607844316550655, 0.11891950652799882, 0.15603130293154624, 0.18888333745986113, 0.1511998471781814, 0.0604667943378544, 0.0859355232405118], [0.04695899346388401, 0.13142081799744995, 0.18440005234083773, 0.08708771726855555, 0.1286279314901736, 0.20277949216773777, 0.17371198228839727, 0.04501301298296456], [0.2344323003605585, 0.16327546625698902, 0.03865243041408371, 0.04016033401226105, 0.2871614986725391, 0.020235209765427108, 0.09233018519816757, 0.12375257531997418], [0.04515120675873662, 0.08312216143954461, 0.17730056874221214, 0.11209136465869543, 0.12803897288614355, 0.29001654185005904, 0.11830819516622464, 0.04597098849838427], [0.09737767534222147, 0.15731491492406224, 0.12424690822607945, 0.1915456369910633, 0.20834999718821995, 0.07618277885417918, 0.07938131607211711, 0.0656007724020571], [0.19627001819940543, 0.16358292187437654, 0.1232453275069375, 0.07990758366265796, 0.23703292096545667, 0.026954266991686952, 0.07080869702115417, 0.1021982637783248], [0.13424884828625103, 0.178775574661433, 0.14377215597087478, 0.09082480687504324, 0.18583908054358425, 0.03941541656339601, 0.1332587415854327, 0.09386537551398448], [0.06516497003761254, 0.1123344836105271, 0.24669960014945327, 0.2633755992439185, 0.1772901876522874, 0.04572344673611107, 0.029002365697983874, 0.06040934687210591], [0.0985219534806548, 0.2807051258321998, 0.0425099185367216, 0.04690329700622825, 0.11527388695144175, 0.09480278377661863, 0.23788552432265472, 0.08339751009348079], [0.08285613379793529, 0.19384534758414682, 0.16683497769473218, 0.1741645488040331, 0.1383451931815424, 0.1006344567771483, 0.10319204892146981, 0.04012729323899222], [0.10808846723137974, 0.21056962065828908, 0.04282952732723659, 0.06538974597660317, 0.30995127637575054, 0.06706324312959443, 0.1374755624483245, 0.058632556852821455], [0.06992509068432137, 0.11614343768473633, 0.0514447740068699, 0.16424935700120005, 0.2715820640087056, 0.07268039576358953, 0.10286649721695819, 0.151108383633619], [0.12188575248772104, 0.18275043545661174, 0.09365525585804492, 0.09739858723499757, 0.24458602777303798, 0.038750986233818265, 0.12479618516001724, 0.09617676979575103], [0.06917330503914018, 0.08941645025186813, 0.15764652247068311, 0.2951724875684371, 0.24528917690184449, 0.06905677046468565, 0.0362678608846506, 0.037977426418691215], [0.05577538236328287, 0.12037190714594621, 0.2339123561352662, 0.061713920400761076, 0.13479082578791135, 0.07491627468499232, 0.2644980414900713, 0.05402129199176846], [0.046809652551984625, 0.08346258323079518, 0.09790334776383718, 0.11716354212679282, 0.11555217512163922, 0.4766139397009689, 0.040419872742138416, 0.022074886761844197], [0.15440568204625865, 0.13348317510609403, 0.17190956100722163, 0.12535748309875228, 0.18695558526844627, 0.02659884770856871, 0.11438296972199015, 0.08690669604266864], [0.07145887205959363, 0.12683822431978403, 0.1672244359422893, 0.18814501340909712, 0.16832291654204223, 0.025531145049398466, 0.20333050873001232, 0.049148883947782794], [0.23447711813343794, 0.08685054764903619, 0.08877236482045171, 0.10170946259914138, 0.20874003861896737, 0.019877944108313676, 0.030334361031552414, 0.22923816303909944], [0.06020870760193399, 0.09834797008845715, 0.24548324570521396, 0.06980933394361173, 0.12856159650634585, 0.11186356761948985, 0.23230268603691756, 0.05342289249803004], [0.3007581218264068, 0.3099310736873632, 0.05941076993933917, 0.055695211680792986, 0.18884509610072334, 0.012025415264603302, 0.04052085487787498, 0.032813456622896336], [0.1341571104260358, 0.11012152480761399, 0.05322110186960342, 0.20768404830100948, 0.24146767018147916, 0.049773089987140196, 0.07907420771408696, 0.12450124671303028], [0.06954377510081065, 0.09104173167876616, 0.33497183746348763, 0.19455056624502168, 0.07448303873626072, 0.02315394047005453, 0.1799624647571036, 0.032292645548494876], [0.0837048704450469, 0.177818163960124, 0.150913692433818, 0.15566004205967, 0.24796389200389338, 0.0757115565695657, 0.03880066191337394, 0.06942712061450804], [0.11223755145737763, 0.12829735621065977, 0.09600442013949641, 0.06026852751837871, 0.14054036695254926, 0.29981220527133234, 0.09404795776683507, 0.06879161468337104], [0.07659436167579925, 0.12166157354198602, 0.2674979338664955, 0.10392057942804465, 0.09262017820394414, 0.04531149062773417, 0.2450278210525299, 0.04736606160346601], [0.06114167517781678, 0.15331055258455661, 0.04960998102399044, 0.23062594618101734, 0.3111434138951012, 0.02204914625811305, 0.11500448203204057, 0.05711480284736387], [0.0399089005241696, 0.05973836394011321, 0.08818051252720112, 0.08526640310867259, 0.07665308744825841, 0.5742678031371874, 0.039880609682892455, 0.03610431963150589], [0.13243409872920583, 0.18920249746344073, 0.15529940643796952, 0.14529047934833486, 0.29889215047096235, 0.0077284652374198844, 0.02069576544775808, 0.050457136864908846], [0.12472489144238294, 0.143897966738448, 0.04646554396973863, 0.07553944182020435, 0.2