{"estimation": {"a": 2.002460819797781, "rho": [0.08970749756250349, 0.08823532574306607, 0.12861156041542912, 0.19069489823461136, 0.18549440395991404, 0.11603709773487716, 0.10355203446758313, 0.09766718188201554], "Mu": [[-3.9196052360100175, -1.586709137126528, -3.6646979449037214, -0.03530971999349137, 4.390789105701364, 1.2571752982386615, 6.216690914079481, 4.102504355832315, 7.14869855424452, 1.7034590432495953, 2.4834471230200768, 14.388894161954031, 1.1300755178946762, -5.1059360434164995, -8.29195618097328, 5.55444716198413, 2.222775134332909, 3.7559994685245024, 2.8371394473413045, -0.6386135886966262], [-5.339820403741151, -1.741610655919169, -3.6065270585144695, -1.6757672544608768, 2.027298757473661, 3.9983375883072667, -0.7599450471484657, 3.8942023224047246, 4.082161657244527, -0.8439919898341384, 3.6978460991201856, 2.3517109830634797, -0.2515566871771549, -2.773445055066103, -5.12854883479188, 1.8753126766959765, 0.4155726880774884, -0.8390978250880503, 6.30853754564117, -6.844704169836279], [-0.7036443040511021, 25.75499566376487, 2.892332574374283, 2.093475517932306, 2.4564067563254595, 2.529341687645812, 7.068539955306316, -0.18224657448467035, -2.7438119480731142, -1.1082565543947693, 1.7432833183049627, 2.7116268363856397, -0.07719202147760923, -7.636237813787647, -0.21325907414295053, -17.030034427901672, -10.375753062970578, -4.177315322005716, -1.0911768665164638, 9.893290788270203], [-1.6877645097563672, 0.4374376402632831, 1.4926725604357765, -6.279700902298391, -7.83163414093519, 2.1469475703377343, 0.21005683656736657, -7.076333032849763, -5.298156282475792, 8.720053279661883, -5.71787524181075, -4.119497557733599, -1.0221511094630022, 3.581913851896267, 4.249855407359368, -8.91083904605517, -1.104476653715767, -0.40996641929400357, 3.8397332169446563, 2.2991614438695485], [-4.160142441426972, -0.5217988729180976, -3.7926626620507746, -10.121657279340646, -3.33403128837637, -0.557386209482048, -5.414008436755873, -10.615323057072011, -4.347765084094766, 6.4607350316893895, 1.0588404782910605, -0.5215233151904746, 1.171762346945043, 0.5344575640330942, 4.34030612413592, -6.648994162192319, 1.2052957360654164, -1.048749307557052, 10.92665678396777, 1.8194394063394759], [-0.6998006329584213, -1.1390609682761914, 2.1836903018968763, 2.1529432108516233, -5.816770294859847, 3.445447700605863, 1.7684750653522365, -0.09089458751900474, -0.9765261204380656, 2.104603318076569, -4.343149162169081, 0.02060120663400442, -0.6454625556264064, 2.243549439728339, -1.422219898187304, -12.140720842113847, -0.30773669908299583, 3.5628063890737605, 4.093201277556029, -4.463936122263798], [-2.9630070220292, -2.1335722626841838, -2.590458623192413, -2.479346721354959, -1.7794818920186288, -2.2182816034686, -4.012799601545692, -0.9609115156491185, -1.7033563335697566, -0.45374892374941533, 2.1382913697725234, 3.4550140957670283, 1.5177999793476542, -0.07380540348647349, -1.1217978895821723, -11.727842430890753, 1.9214754758692303, 2.699912914594935, 12.13255044476944, -4.891889930180166], [-1.4811143424662956, -0.45741297486921834, -7.583949997045236, -4.193158803842926, -0.3491065824805408, 3.61886308156735, -1.1542426300525477, -1.014784625289139, 4.549129670906168, 1.758803948521983, -5.014270149424557, 13.650785983884466, 2.6956696274326193, 0.03542330880566016, -9.538455264310164, 1.9663643724600752, 3.1992681848915656, 1.4136951048570414, 3.5665746105089866, -4.11239184445499]], "Lambda": [[0.8250532472318581, 0.7796081497261368, 0.12718915936585856, 0.7065694787214882, 0.33202045195366897, 0.4712202906153553, 0.2759920205344411, 0.2691915502935883, 0.26371819925928247, 0.44320248599976053, 0.38779750777722904, 0.14111872630279285, 0.6673596873259748, 0.38816866942241623, 0.3653825158341937, 0.3749924339226451, 0.31047584512454185, 0.447977581091828, 0.8369416076306692, 0.7514202934139017], [0.36429431713765636, 0.6392328304524404, 0.1283942915859355, 0.5486944670782697, 0.8403838307005419, 0.47617097692663973, 0.31033595362570265, 0.19820917362521864, 0.2760890712292586, 0.7388300342048901, 0.16670667553579724, 0.8422879047007278, 0.7351114806236863, 0.4641119148043399, 0.2843645522839482, 0.8429276470394984, 0.49462763969202617, 0.8212074249236375, 0.4191485787233813, 0.28991129946905875], [0.15403965851106846, 0.031021690331816353, 0.5148983596113083, 0.11694286534934484, 0.2393956731353846, 0.07826815590667403, 0.07838162833053526, 0.6612022461552945, 0.13255885681772683, 0.27153176964515224, 0.3692096543389953, 0.10351335763852447, 0.040320067825046664, 0.21343962892989315, 0.19883531022480783, 0.06962527998587771, 0.08686396793856566, 0.10744969247129822, 0.30660514902289393, 0.1502670432676508], [0.10452029832496543, 0.3606654029084595, 0.521999527746001, 0.13067456614719314, 0.14573421162628986, 0.2801600969069651, 0.5540833128152225, 0.13398171928086147, 0.6235582466128438, 0.19086135481295557, 0.24752423845670218, 0.1818932830218081, 0.7895534732608184, 0.20354319965344284, 0.08963631718010552, 0.12934717350073843, 0.4638825876293743, 0.2620325498060628, 0.13312995811439712, 0.18741301208009054], [0.10851501471027257, 0.3475697734747153, 0.20229515517775085, 0.1344096669339801, 0.33183235598690203, 0.24033479726266999, 0.18780665011524886, 0.20910586431164244, 0.4097218396601761, 0.10608465240220886, 0.2900856999746243, 0.20641142038228802, 0.29563951370398805, 0.8141733070448192, 0.15624899945671553, 0.13978706675954833, 0.6270645870257705, 0.6808957398623853, 0.10452664297036285, 0.4862589235579701], [0.20011107690796104, 0.45794163904384216, 0.5300790780006018, 0.7372156181785401, 0.355441614491134, 0.3622640866613707, 1.0856852813006856, 0.5511864885670607, 0.9690694863904125, 0.471639427531227, 0.5010354705088405, 0.22305727624273286, 0.8828162382393447, 0.4638422210680988, 0.2408631367162864, 0.08390573435263811, 0.6917358101168254, 0.3062578496844189, 0.1213332648340827, 0.6058308137349812], [0.20492753169630792, 0.40431106096222935, 0.24796525072014483, 0.7453074710119545, 0.5526370274276498, 0.23679176991900885, 0.6960634067402508, 0.592708189294706, 0.7757430541402747, 0.4100254762307775, 0.5720838373884369, 0.27001092648971725, 0.4048470225657062, 1.0607249638765244, 0.3038921352253622, 0.08187915639413396, 0.8688680803714918, 0.7716254378201335, 0.09204831350310168, 0.9343574376303982], [0.703869477443299, 0.9948995202566251, 0.11732920562419852, 0.7032249346652741, 0.7611827157205364, 0.5140388935446086, 0.3729291798465271, 0.4300276032118215, 0.3493428531859244, 0.5800871714773749, 0.45019079882171364, 0.8172726369056844, 0.7865069720874359, 0.6179467414933554, 0.28224551811147464, 0.6657586141596745, 0.3929323339484803, 0.7677215152056435, 0.44531408649671383, 0.7008570535756914]], "U": [[0.016109737221720096, 0.3945531700222595, 0.011494320216942898, 0.05108637331326195, 0.0813071207100708, 0.023956402271261855, 0.060997348554177246, 0.3604955276903063], [0.04605150303676064, 0.2765710954038722, 0.043707422067297066, 0.1863107430214202, 0.0765398284910149, 0.1504089289421542, 0.021576541766563838, 0.1988339372709166], [0.03496964720644679, 0.023146458928280062, 0.2419879903615393, 0.3169431545670054, 0.26641537633156004, 0.08553140759833223, 0.018978439824436814, 0.012027525182399652], [0.009989687043171188, 0.009829211653506848, 0.15870583599936192, 0.3724398765663441, 0.05849755361916529, 0.3648965195667947, 0.020853991680124487, 0.004787323871532125], [0.026380777110955534, 0.023663329676875965, 0.2491562008495625, 0.22486092963394563, 0.1713723421720195, 0.16503889914570316, 0.10761859052034274, 0.031908930890595266], [0.2813364324160152, 0.25451840529719477, 0.037237256698859106, 0.10952509794376011, 0.13318344558441939, 0.07051798196306851, 0.09128363295709024, 0.0223977471395928], [0.01650247065849895, 0.016249356714385696, 0.020132725559207247, 0.4581794744716901, 0.26424723622889207, 0.17205743189443118, 0.02703594187112726, 0.02559536260176743], [0.24954160456825716, 0.02437121706657426, 0.06515326955186777, 0.15414019786209357, 0.17719762150232354, 0.01674218238703038, 0.03180125412180362, 0.28105265294004933], [0.012386294434707672, 0.015894299495881926, 0.16800118018300791, 0.17375249917351523, 0.36609462256441916, 0.017126431817529528, 0.21931362042928743, 0.027431051901650714], [0.014208063432543248, 0.004356824690447815, 0.6533965853765219, 0.15520007266639815, 0.053664839218397105, 0.10222616327099308, 0.0057946513049654475, 0.011152800039733181], [0.3288972180529977, 0.3537581228859875, 0.0606360885421837, 0.07645354015431888, 0.06865650695903827, 0.046767677682978695, 0.03873110000834886, 0.02609974571414551], [0.032302000141415835, 0.06986564628143846, 0.03481983954628289, 0.029749935302386576, 0.41380703533056373, 0.016399293653755954, 0.3508274580502892, 0.052228791693867516], [0.007868930092439703, 0.012708741452291956, 0.023348635310109122, 0.38942769104604996, 0.2829355832682336, 0.17719224668080674, 0.0962220324455719, 0.010296139704496497], [0.038455260103170366, 0.02915559122234346, 0.44488455280598366, 0.12172817188557351, 0.19178017914599083, 0.031184981473484193, 0.08611117817520379, 0.056700085188250475], [0.028680910295255522, 0.023296922766017962, 0.5769379024575185, 0.06574082601362524, 0.17034580126274337, 0.022841467792682812, 0.08598051617739563, 0.026175653234760874], [0.04329016735065425, 0.021997470035031275, 0.0902339752916016, 0.04513841015353047, 0.06178089739534148, 0.3221349282290681, 0.3706137865450004, 0.04481036499977217], [0.16745552352540546, 0.17933691091694037, 0.04274824169302624, 0.02350536616388179, 0.30372051736969163, 0.02333157982315206, 0.24988036969970964, 0.01002149080819325], [0.01832959783863281, 0.4439407351317494, 0.012332606003809938, 0.03295303164680936, 0.03354934841440312, 0.015932765679890253, 0.01888843778502387, 0.4240734774996816], [0.02164761602837801, 0.022320506547776994, 0.1693529006798582, 0.09560740833785793, 0.09667048424974253, 0.2729308317198412, 0.30206005281406134, 0.019410199622484307], [0.02451540373956477, 0.09909977794250512, 0.05387072945220607, 0.1569247301494282, 0.31191849134077376, 0.01942794688147897, 0.23507478572140372, 0.09916813477263949], [0.41893022151804077, 0.04118049207442594, 0.013176997187222626, 0.039358118816209056, 0.06204341754904667, 0.006503460209775113, 0.01351866852710424, 0.40528862411817573], [0.3690861325904365, 0.04446384967834531, 0.018736917357266035, 0.0830380692741874, 0.06316202609675817, 0.013194166043199305, 0.025543143103967495, 0.3827756958558405], [0.002864209730985119, 0.003574135974050906, 0.05390037150426872, 0.37808846696780624, 0.45380837110121225, 0.013790602389812206, 0.08819125502650425, 0.005782587305360376], [0.049849655822316985, 0.0728326306950381, 0.08165035083287793, 0.10470995608158501, 0.08817810759714147, 0.2662832328979195, 0.2734652641406214, 0.06303080193249928], [0.4342578149372348, 0.4430906609597093, 0.008353860653950447, 0.0609488019632535, 0.03689464351064125, 0.005509090410999372, 0.004788041064821437, 0.006157086499388748], [0.01337262410166075, 0.4065234953180663, 0.04197279826734867, 0.04714345657518264, 0.051386851026708466, 0.03580219219110446, 0.039460815037499763, 0.3643377674824288], [0.019108881769511, 0.005968668348690324, 0.18457721415666245, 0.38659753621822707, 0.061218335109575514, 0.3123420307556628, 0.019262388842913664, 0.010924944798757701], [0.04407817184752754, 0.16374679965559372, 0.03561057592462537, 0.2889775013829222, 0.3121197340552204, 0.013763631299742578, 0.01800688322920054, 0.12369670260516769], [0.013176521671254167, 0.012140562370382572, 0.18041301869070334, 0.13675086135603404, 0.15582267173437703, 0.23980009710774858, 0.24293273897428974, 0.018963528095210982], [0.0018471333462264216, 0.007671270398743439, 0.18677727675173836, 0.4013270034060948, 0.39049680485949917, 0.004192185315338277, 0.0015598756136165014, 0.006128450308742123], [0.16148687651469582, 0.030876145027918658, 0.18368889095055646, 0.10023879671722491, 0.2314015751332458, 0.01854364525574725, 0.043524235103392796, 0.2302398352972181], [0.006117415181601245, 0.023521782614015822, 0.017281568020958107, 0.045267467754671394, 0.44273212181530774, 0.05454874392800765, 0.3832094486673496, 0.02732145201808902], [0.03205883237474344, 0.028352952807887966, 0.5218202154197275, 0.1755007040740686, 0.10602034286068138, 0.0874171016455957, 0.015397998257312378, 0.03343185255998277], [0.011586807939606815, 0.011492191169784486, 0.048332542731249255, 0.04037309718937952, 0.12856741013158962, 0.3420234873912413, 0.4016308645184747, 0.015993598928674004], [0.01652693040737444, 0.0054000507517112184, 0.022034156069458476, 0.45582786014773163, 0.23351842857075525, 0.2509526158368564, 0.00514718624585096, 0.010592771970261514], [0.026080241665177882, 0.021676222282131858, 0.02573060694797428, 0.4441177010360019, 0.44546086448937294, 0.017419416963332723, 0.010112033641309463, 0.00940291297469907], [0.050287348664450206, 0.059426657103497905, 0.055944635062222386, 0.15057525526148993, 0.17188643455085015, 0.23142047026702697, 0.24006634246673342, 0.04039285662372874], [0.03199709623792379, 0.007900045918003917, 0.08637794571122945, 0.09297438562633946, 0.10066749627543829, 0.30116576210521795, 0.3508930706680665, 0.02802419745778163], [0.00837987409632618, 0.015480037240952968, 0.015344492903444308, 0.041167952728454076, 0.4719121108016398, 0.026943243510214196, 0.40609942025405066, 0.014672868464918045], [0.07870312348880895, 0.10727891930842859, 0.08281710808424501, 0.06994519233591878, 0.09368401171504262, 0.24774227648688815, 0.28982920227319153, 0.030000166307476664], [0.0053756592742027764, 0.019010721596036978, 0.7690896874456467, 0.09098584170424062, 0.06873066376931175, 0.01765535282973964, 0.011968769299291377, 0.017183304081530158], [0.18419211884449874, 0.01559723794771746, 0.014623366328932292, 0.089622751701672, 0.2739214244335282, 0.030148018088347477, 0.20741367880285072, 0.1844814038524528], [0.02519417074424031, 0.018453706611215395, 0.02845448664201262, 0.39968751510225603, 0.15074446495435878, 0.33869513350802954, 0.01477126839352745, 0.02399925404435931], [0.06772532576853915, 0.07173039404351357, 0.02629395284540334, 0.36452122983609037, 0.07287502566627342, 0.3289633032054745, 0.05903949430352657, 0.00885127433117853], [0.2623252041357045, 0.062442630700847296, 0.027750780463663145, 0.10580189273182092, 0.17403383901374586, 0.01624731155087831, 0.0916211233715553, 0.2597772180317853], [0.010835781698409411, 0.05306923122305036, 0.03506681289201381, 0.31310317921793596, 0.17430213887580434, 0.2090777261278139, 0.13119765944296363, 0.07334747052200832], [0.0300493857805718, 0.03875846348596994, 0.0342818405799142, 0.07182010984429828, 0.1937860970825265, 0.2214125423378559, 0.39609353092829186, 0.013798029960571551], [0.20428512465906926, 0.019044772596840644, 0.05084333989004152, 0.07680944049495297, 0.24677936520761656, 0.025894799303679005, 0.13699023729428816, 0.23935292055351104], [0.06606384301290781, 0.07024240154580547, 0.013161709187299944, 0.3862178237846229, 0.41233794684491704, 0.012755871202990151, 0.023498453149330207, 0.015721951272126986], [0.0438534336123585, 0.05994813162686713, 0.01269719029902354, 0.05100524586196989, 0.4115524447964319, 0.021516760137992474, 0.3765988620033435, 0.022827931662013034], [0.053583085540903214, 0.01839947446659669, 0.09788457609743864, 0.41248447029154683, 0.0862247759940972, 0.27418905936087373, 0.016799540682322884, 0.04043501756621987], [0.011370950958224251, 0.007071156350904549, 0.5208823375544502, 0.15305394261774335, 0.09395508964987002, 0.1261673185607167, 0.06740739054125575, 0.020091813766834745], [0.003744573020975845, 0.0043349277043037175, 0.01410848317362674, 0.042616024499462724, 0.3682331297677964, 0.13177231114890678, 0.429860467997116, 0.005330082687812064], [0.013150075269934457, 0.019199862635424562, 0.026142163912462584, 0.10255755504429767, 0.4501351204952093, 0.025030283109552104, 0.343725470539354, 0.020059468993766254], [0.012341868629048465, 0.004446798515426693, 0.09917712066531222, 0.3957659430669974, 0.05716517057752527, 0.4014374031880162, 0.01906313420634168, 0.010602561151331891], [0.0029623849201098097, 0.00962049128405853, 0.032915182393004616, 0.45369089165333665, 0.46843702069525406, 0.005494347285374494, 0.02331873212687265, 0.003560949641989305], [0.009943030251369028, 0.004940931901709062, 0.6433609402746703, 0.147658929143224, 0.09054418632820717, 0.08023508646830205, 0.01036219534152767, 0.012954700290989035], [0.04041005175428653, 0.020712708538959124, 0.031548461187903235, 0.08658452528970086, 0.4472520016405708, 0.0747865438272021, 0.270722615450736, 0.027983092310640948], [0.02305381201873945, 0.02401768697562771, 0.2672032838435578, 0.03955018011657101, 0.35643204808113343, 0.024293995666181553, 0.23898573314649596, 0.02646326015169272], [0.06354194988623524, 0.03366567143735877, 0.06669644190790482, 0.32934001889802894, 0.2606524089000305, 0.09308002988476945, 0.08723686675024023, 0.06578661233543202], [0.005468826228423045, 0.020592338577902356, 0.019152081447155446, 0.11403952769576813, 0.45254171704451296, 0.043672580838168745, 0.32681372796836977, 0.017719200199699036], [0.0059356779906811485, 0.006113146965274865, 0.8586078249576261, 0.05631206158037037, 0.04726532893010202, 0.009104344731007267, 0.012382978660629025, 0.004278636184308471], [0.005693353395335717, 0.07658904739040838, 0.0114276193209222, 0.29421324061460863, 0.22803053893991804, 0.20753617686096976, 0.13380550528896823, 0.04270451818886813], [0.04294476164667434, 0.07875335762664896, 0.02186043506412217, 0.3566058875906477, 0.19645937254951845, 0.2257686078713231, 0.030767998250816917, 0.046839579400248715], [0.012654363797672137, 0.04951383249549205, 0.06461178753372988, 0.24558701882482697, 0.09319939169128791, 0.2882788470702428, 0.22090968425739685, 0.025245074329352], [0.06532312192915724, 0.017299730680740217, 0.6665317142697756, 0.025071811804700646, 0.11013661167272529, 0.010424728182383092, 0.07118014927205582, 0.03403213218846227], [0.008556242547693637, 0.014265801071464112, 0.1338328588511955, 0.23391239616347181, 0.030216015415718122, 0.3768694622758392, 0.1921826279482278, 0.01016459572639047], [0.011832518493822563, 0.2794783240113607, 0.02494635134188281, 0.18435431963626106, 0.14947657173435064, 0.05686120136770193, 0.02667790193590521, 0.26637281147871483], [0.027139091439142296, 0.015207800070196533, 0.6930258892440999, 0.09322671281997941, 0.09535176782108626, 0.04170960701539653, 0.014689364859232532, 0.019649766730866505], [0.274395122011291, 0.013515615785602965, 0.014035641501552499, 0.0674149892943367, 0.20773907976624434, 0.009219041709027107, 0.09587687787981153, 0.31780363205213397], [0.42351201809074474, 0.006526564151460187, 0.017091754363582908, 0.042276426318440814, 0.030010319115265742, 0.04094888080093071, 0.02989027678159262, 0.4097437603779825], [0.31685679249551435, 0.026751680561140613, 0.06889390683270666, 0.09502592853099492, 0.1313788335004588, 0.007352206378713546, 0.008977154985055868, 0.3447634967154156], [0.2307657335289507, 0.2063401099112371, 0.03968393957109767, 0.11803507800410779, 0.13980853934655812, 0.13862807505221617, 0.11776437376143237, 0.008974150824400237], [0.0053636332073837435, 0.007803162762155997, 0.07097057725532022, 0.3971711653050588, 0.09128732459608317, 0.38646490842556386, 0.03711906196229221, 0.003820166486142128], [0.005380651073530347, 0.045551105025021556, 0.07469699438076763, 0.3535244071997569, 0.40401400534360415, 0.004536500600340099, 0.07000705395689633, 0.042289282420082626], [0.15569376328699072, 0.0281695494277214, 0.17286262527598953, 0.20962124074924451, 0.14358344615172475, 0.11182017138519673, 0.021171525265752743, 0.15707767845737985], [0.0059042011304886, 0.13015214335359587, 0.03424958118659521, 0.3280210755590418, 0.3284256312482329, 0.014890796613395369, 0.02998441428158938, 0.12837215662706175], [0.052387437039386496, 0.08250710635810232, 0.04669696496124212, 0.2311363834452103, 0.3579070036300656, 0.051098903591917, 0.1612181978124336, 0.017048003161642445], [0.0020161813445674763, 0.004874634332747783, 0.02366532496324514, 0.03736053271328028, 0.48843164673893236, 0.017787033946620498, 0.42036722724626535, 0.005497418714340936], [0.013801506335790538, 0.030694932228687726, 0.03653971262917308, 0.08492471690510756, 0.41397832342583335, 0.05649417197719171, 0.34490344926528554, 0.01866318723293115], [0.010208631126799476, 0.007008392465091699, 0.19898720195593597, 0.15486765610028613, 0.055091209270018225, 0.3324154793461616, 0.2339180713510294, 0.0075033583846772865], [0.016343146696128713, 0.014421487440743066, 0.0929109202019964, 0.09049430675193355, 0.08953686593757566, 0.3299993098515867, 0.3588168493456781, 0.007477113774357571], [0.03246471571428521, 0.0935564430671358, 0.033274518939301674, 0.3689808755904914, 0.05237549013371094, 0.3409361046915415, 0.02114251377278261, 0.05726933809075054], [0.005256405837419229, 0.40995813833260514, 0.05142377296321648, 0.06443396644526879, 0.0631610305786341, 0.016443764962602622, 0.009192320656665923, 0.380130600223588], [0.005199240091847438, 0.001683619995209466, 0.014288980850336702, 0.4741814782701489, 0.06549043284449603, 0.41097038068146485, 0.01885771709096583, 0.00932815017553114], [0.2207615494961084, 0.02207742165529358, 0.1949631595486172, 0.14171682722857695, 0.13979276928902887, 0.03229317820772095, 0.02426076002471864, 0.2241343345499357], [0.011306995137169387, 0.341112169853729, 0.2020530017710772, 0.04287430840172052, 0.05157892539969734, 0.019924717563408825, 0.013648480696484623, 0.31750140117671327], [0.03904383852164461, 0.02113861888426687, 0.030684036486337378, 0.12066621035567902, 0.1089975106526747, 0.3191572154525718, 0.33488453352970077, 0.025428036117124162], [0.032305447713722325, 0.0506161213170554, 0.03724877346806013, 0.11851453517203386, 0.13922398856434504, 0.29885398741410074, 0.29146709784804714, 0.03177004850263539], [0.004969092092867171, 0.008969345457097582, 0.027850828911267913, 0.14777569913506097, 0.3826016183423231, 0.11610841612052533, 0.30623147189723454, 0.005493528043623128], [0.011957447961348814, 0.1327868990091342, 0.028693465058835303, 0.320989821175674, 0.06064331646141859, 0.29220764257857146, 0.03867472489046356, 0.11404668286455369], [0.3054960554885259, 0.32224230470921444, 0.036758890155894085, 0.1394422766219619, 0.11034820981043414, 0.02991890521276614, 0.038334294862128915, 0.017459063139074766], [0.011254030821610084, 0.013324293680725031, 0.021705371094055164, 0.38104918587520864, 0.3588248048243539, 0.1008059772679244, 0.10237561028266873, 0.010660726153452363], [0.001826329557926427, 0.0018770634950679421, 0.586595374121998, 0.06180730504603832, 0.1574875156618522, 0.04359970860961964, 0.14529754080893773, 0.0015091626985599055], [0.03152431492002097, 0.057479224259134286, 0.023814834663482356, 0.2945980913755031, 0.11512587790144849, 0.32243973106869145, 0.12118201693239361, 0.0338359088793257], [0.029673641776887635, 0.017362841447360815, 0.6642914050047087, 0.13521614580937025, 0.09362667491118813, 0.03899353739368276, 0.0126267916738559, 0.00820896198294492], [0.02247046279191965, 0.010645553395294327, 0.054272545135536754, 0.408207196339055, 0.4017261201647393, 0.046117350236975205, 0.036497725344891534, 0.02006304659158808], [0.009815105600341866, 0.42948863152434064, 0.06038478395396314, 0.032328586766751245, 0.060003207863363814, 0.007659134992418619, 0.018427495665980804, 0.38189305363283943], [0.04308634414632606, 0.05501140168764084, 0.009006365906348325, 0.4183219197907798, 0.4082154058546014, 0.012765637865948023, 0.018602288217826227, 0.034990636530528946], [0.3155157141877196, 0.005363465775827216, 0.02913112812284826, 0.06091649314481924, 0.14719587423987324, 0.029731767211844215, 0.08486387319158975, 0.3272816841254779], [0.29962637042288764, 0.26740185989008813, 0.019449060183672796, 0.07151212837264198, 0.17343515670480142, 0.031985013397949145, 0.1015723775498686, 0.03501803347809016], [0.06782127396591053, 0.03410452300885102, 0.04110047038273913, 0.11183347151938121, 0.1644267140143397, 0.2612232730829062, 0.29511199516620945, 0.024378278859662483], [0.0022313282867834623, 0.004598770166369051, 0.008685525593966507, 0.39289108162792497, 0.483071629655945, 0.0034163575628274943, 0.10050799559767734, 0.004597311508505481], [0.026562397475647523, 0.020247340065784613, 0.0169597267571854, 0.44413381130048024, 0.43760808734321116, 0.018643937731397494, 0.01857038667375715, 0.01727431265253692], [0.33930035092654504, 0.013326098152600779, 0.042133628845624035, 0.09230822942694725, 0.10616985410303688, 0.016486077066571295, 0.014303550810749598, 0.37597221066792474], [0.010674823869168447, 0.01130476100246497, 0.17756722837567546, 0.0578626174408062, 0.3883093672626599, 0.03404042861960459, 0.3048645579648597, 0.015376215464760968], [0.048547255516065035, 0.028582368730625123, 0.007804010209699727, 0.42640176919775097, 0.0652418819752179, 0.3871088742625614, 0.016875923715121637, 0.019437916392958023], [0.005398086383943981, 0.006804490987980632, 0.010298834781360096, 0.4107049170455994, 0.4873776088402698, 0.002569219869309394, 0.07294575664577055, 0.003901085445766087], [0.06460711229778629, 0.06336913588968003, 0.025588318582911166, 0.3969919967638713, 0.41054758442947725, 0.010707363105823247, 0.010771611539436095, 0.0174168773910147], [0.044888100970764025, 0.022085063104248417, 0.028846396816899156, 0.3415716675000528, 0.4464308445019369, 0.02578074408482524, 0.0507186777809015, 0.03967850524037115], [0.026941293180329447, 0.0536591645450948, 0.02483231894322141, 0.25380317962791643, 0.19346446624255811, 0.21638411827195655, 0.2080568433824857, 0.022858615806437242], [0.01563182923522365, 0.3744284677498511, 0.06436410132265005, 0.0767909608785608, 0.07161451770171452, 0.03613424030950618, 0.02773377269666332, 0.33330211010583016], [0.011688793945591249, 0.009389318502154605, 0.0836466536875148, 0.11051781491163722, 0.43571130758672144, 0.026357404353394575, 0.31190163250936687, 0.01078707450361857], [0.0037996276094180723, 0.007768933381589715, 0.5120996496035012, 0.029309716277937724, 0.24367924766846447, 0.011557671497545163, 0.1786947510241861, 0.013090402937357823], [0.03982276067547042, 0.027975565438297795, 0.12697036642171203, 0.3602970065081558, 0.28116404118318444, 0.12374744905861283, 0.023148217898774595, 0.01687459281579281], [0.01102636239906469, 0.03394249892939561, 0.02816045806433525, 0.44966942167341106, 0.19604115025775148, 0.2400123978244923, 0.0062760407040899436, 0.0348716701474598], [0.26222386727210834, 0.017279355792266318, 0.1128531599610139, 0.15618741652168158, 0.1403023228659433, 0.024416383368507592, 0.03359059411147556, 0.2531469001070038], [0.2645140646107723, 0.050223265294356, 0.13501267548141385, 0.1009870261352724, 0.05393285536866613, 0.07790855278356523, 0.029869748385133506, 0.28755181194082047], [0.00785361578065014, 0.03444464283637407, 0.00978423973224481, 0.4341026341360546, 0.442536995545008, 0.011673002509490039, 0.021908914267896974, 0.0376959551922815], [0.004985008078573896, 0.05575277260457434, 0.14551961292631904, 0.26149954090588134, 0.3565231984824892, 0.007481479837289612, 0.11115295083951908, 0.057085436325353525], [0.15237114157510626, 0.007491194335997556, 0.01701437561361871, 0.33055683985506057, 0.01774177736333007, 0.3000165116128874, 0.0061450020288767015, 0.1686631576151231], [0.00822834272454383, 0.30124472373087047, 0.07787517082578804, 0.12603839872026032, 0.1674726667586232, 0.007174630334568535, 0.043862500894680925, 0.26810356601066465], [0.16095303294845204, 0.04317023394195862, 0.010795251796177404, 0.07102928707755109, 0.30550310189916746, 0.024304477580729324, 0.1828840291916508, 0.20136058556431333], [0.4139876400242581, 0.4214738334040687, 0.021039732337116812, 0.06479379509099281, 0.04720108857229426, 0.013562330565216042, 0.00971301352649588, 0.008228566479558039], [0.059144894055503563, 0.0844599156733103, 0.02517507205924828, 0.044470714903710525, 0.2949859925746426, 0.11227112992666274, 0.35613144023107784, 0.02336084057584523], [0.031682032610840044, 0.008230463710132566, 0.10321377344379627, 0.4255605641540151, 0.06891434258718034, 0.3288689594612925, 0.015135477976039619, 0.018394386056703606], [0.03353730708462221, 0.01751628411990118, 0.02470701089289586, 0.403733034903007, 0.3925144149169067, 0.04123674620854638, 0.05471747127062902, 0.032037730603492576], [0.008146402946016667, 0.011528004017273427, 0.013252733655787661, 0.4538891023458611, 0.34817159908728207, 0.11561824844789531, 0.03733143535341268, 0.012062474146470926], [0.02029385438898143, 0.41280409088557396, 0.017779436619901442, 0.05628395290164167, 0.058905264263938266, 0.0331122293090832, 0.023908859952053507, 0.37691231167882766], [0.01311606102251691, 0.09235455213629301, 0.026054257021546463, 0.19249865976909283, 0.24406915361244128, 0.14751344689834048, 0.21733772326861153, 0.06705614627115807], [0.05420362007378998, 0.0702993571087152, 0.08209090584769145, 0.15559524540588848, 0.09435381219039354, 0.25860898063467164, 0.2668353031270541, 0.018012775611795918], [0.09484807703099968, 0.02010549777562844, 0.04073842038733824, 0.3540809954505193, 0.18022684988815466, 0.19433561259637172, 0.029765033228554123, 0.08589951364243353], [0.018032676022101728, 0.3217751690165146, 0.04816152265978277, 0.1285768709478097, 0.11623955041608985, 0.03308377212254495, 0.05048827182768967, 0.2836421669874663], [0.0069522580187610485, 0.005599037171397284, 0.015359978771091333, 0.2608346034753963, 0.2626662739592793, 0.22300110879422935, 0.2105960339409946, 0.01499070586885066], [0.007584756957786329, 0.0030428319699021757, 0.04355693171766469, 0.029087360711434553, 0.02720851621427041, 0.4397185319953862, 0.44406005231632273, 0.005741018117233838], [0.3441178154514332, 0.0046105524201294976, 0.1326621907750284, 0.03161542289506241, 0.05402002808684738, 0.031228766464997438, 0.017702021387273968, 0.3840432025192279], [0.00939986605626541, 0.021806261516053423, 0.031059129476292805, 0.3851867522452623, 0.3993011370502168, 0.06875830882813204, 0.0593077590703998, 0.02518078575737797], [0.028549826618463295, 0.007477416453506988, 0.13475097463225894, 0.3359835374778188, 0.13228070831622096, 0.2762757948991493, 0.061296691874428814, 0.023385049728152554], [0.026076460874878537, 0.014590705546814665, 0.03098035305635675, 0.45978093236286094, 0.4086875146996301, 0.03174269241133292, 0.012746889224988884, 0.01539445182313735], [0.007308814095961465, 0.042980426829467025, 0.09509745996847349, 0.2245626787970236, 0.4408568477436749, 0.009060614122028094, 0.15268844418321545, 0.02744471426015441], [0.011950017784659398, 0.02083505637658394, 0.14311434517338292, 0.02935835501941023, 0.4087585293080488, 0.026464842296614242, 0.33925353611653897, 0.0202653179247612], [0.01648947752565454, 0.038427080904196616, 0.018917952155747774, 0.3400270588594826, 0.310200326770354, 0.13130374561194666, 0.12138946826441731, 0.023244889908200412], [0.01736301227325337, 0.06180623745910746, 0.7717544675175727, 0.025191230865668497, 0.06485695447621928, 0.005765513019490356, 0.010214682391712592, 0.043047901996974954], [0.015566245281436835, 0.22948058281946657, 0.032699603326946, 0.20459110315519105, 0.11108556299899387, 0.1728283099669696, 0.030849461481668984, 0.20289913096932713], [0.049747497460802224, 0.10771313180801691, 0.20302427407919754, 0.19645924125868505, 0.29488491046877235, 0.012247204731380723, 0.054790970579285704, 0.08113276961385955], [0.027072367395425904, 0.008935887093843358, 0.08717239339483748, 0.15609758357151363, 0.20078501624205447, 0.2048140455468595, 0.25574523819851325, 0.05937746855695214], [0.05107123403860162, 0.007271473166210175, 0.02657077040497551, 0.0808695580760332, 0.04431335533726384, 0.35818625235593604, 0.3603544414797001, 0.07136291514127928], [0.40363504314980064, 0.025932328899632408, 0.02766250856427102, 0.11223175254493434, 0.05727903520603391, 0.010255353512934742, 0.008925422819951396, 0.3540785553024409], [0.07859692726336678, 0.10655726004377333, 0.029572578805560273, 0.25887457301010397, 0.2878253313659363, 0.08042843272443724, 0.13606847236793648, 0.022076424418885184], [0.3634899826240797, 0.013731431363871336, 0.014638181696195416, 0.10606762062610318, 0.07309850040087437, 0.04204150525476342, 0.01463651838638533, 0.37229625964772667], [0.027870766808412894, 0.02545336171523581, 0.023047639272419807, 0.4399181712262595, 0.1307063331704303, 0.25867902132460746, 0.03947341294799223, 0.05485129353464175], [0.007546500344478884, 0.016794562208476485, 0.019989396069606476, 0.1319575617035589, 0.11748242667248539, 0.335802622876256, 0.34542623663017424, 0.02500069349496372], [0.028955258813208082, 0.36824696000934026, 0.016588340042612858, 0.09984024722810607, 0.13140805005979078, 0.027574814997818088, 0.02865159638823553, 0.29873473246088833], [0.4165165505157653, 0.016281916647507635, 0.015285876288195227, 0.053924050621395186, 0.036959969390180036, 0.028908327744318847, 0.014846961949203298, 0.41727634684343384], [0.25099486480056793, 0.24011410725540042, 0.07705924790756288, 0.10955948643811594, 0.037845598277889574, 0.1440317892220267, 0.1140401136167282, 0.026354792481707905], [0.36534098864874953, 0.36156477668409326, 0.07243385114644348, 0.09043603291214569, 0.05625625327367456, 0.03495460343856863, 0.010190531478952039, 0.008822962417373476], [0.061137682983042785, 0.0874915562789774, 0.08927922866152106, 0.36426397762131796, 0.046299325669228925, 0.19729378146512044, 0.041408947147032374, 0.11282550017375972], [0.39018022304763866, 0.3659208147806497, 0.05892698433888705, 0.07183028637908719, 0.03354122142086133, 0.053228124953574735, 0.01736551678410291, 0.009006828295198294], [0.009801429499334635, 0.004806112941114792, 0.0680878993192814, 0.09723251156628347, 0.11457315301339999, 0.351704879218929, 0.3467663715079394, 0.0070276429337169585], [0.3054538743519301, 0.032690807833065515, 0.2383198362692449, 0.03594283892888337, 0.03663324370588134, 0.014245661835221284, 0.014079555825174492, 0.32263418125059884], [0.017265999066437655, 0.3859940338471251, 0.03517653107883687, 0.07671441849610174, 0.12263958715946731, 0.014456689181267364, 0.01642274047032277, 0.3313300007004422], [0.007591735249280561, 0.011119227693470304, 0.27538560284362673, 0.031138325120207856, 0.04893009750896194, 0.2929667647345196, 0.3236088776642587, 0.009259369185675066], [0.006821952069200352, 0.005863680156159838, 0.05550630960365092, 0.23407053768622899, 0.2572436438190429, 0.20888853561656984, 0.22294473719467534, 0.008660603854471626], [0.09368413043072821, 0.10082674917688818, 0.07175739427657636, 0.3280975283836983, 0.30026765050298054, 0.025863562691068955, 0.012795350335956713, 0.06670763420210224], [0.11776941761172395, 0.03937037552963348, 0.6035597750897567, 0.05445656906256802, 0.06254768324673679, 0.01644262639595087, 0.010360707853732661, 0.09549284520989708], [0.4588084848899628, 0.00688698590172639, 0.022272601105141395, 0.01933176997530139, 0.019873547358185462, 0.014216098364923753, 0.017999711471326764, 0.440610800933433], [0.008044877424825432, 0.11026482443875575, 0.21368117587321167, 0.2527068094949636, 0.23799516463660758, 0.027878205754905707, 0.042024127669717484, 0.10740481470701187], [0.012407740874055781, 0.007179184963022348, 0.10287911454123312, 0.1951925573411581, 0.1275795312759954, 0.30977636788133983, 0.22974505049519575, 0.015240452628000226], [0.2162866739366856, 0.046313637560376375, 0.2744528793519913, 0.09350145307026013, 0.10360046665962062, 0.02209850238390171, 0.018335353846950484, 0.22541103319021352], [0.027864501580190833, 0.08334453185089098, 0.029440157583063467, 0.24867508211698483, 0.3056941711908655, 0.09591564818650229, 0.14595846494783182, 0.06310744254367], [0.4417228054409279, 0.011588990835297366, 0.02962391282780609, 0.02755251584085588, 0.02942975962800242, 0.009518094637845042, 0.01150335854325228, 0.4390605622460125], [0.1999054675378946, 0.015330857789655167, 0.18261294767409883, 0.1876772069745637, 0.1778365010585148, 0.02990000860322032, 0.01826839139038813, 0.18846861897166492], [0.010816096385481323, 0.005662481224627796, 0.5119540172616651, 0.2308448538128707, 0.07070638659147126, 0.14533621748751946, 0.016221300099367307, 0.008458647136996358], [0.02417288572230903, 0.4055042460195852, 0.02546530643971838, 0.058472774888813674, 0.0467252480385597, 0.018965264356259923, 0.02116272326934063, 0.39953155126541395], [0.01032209671965008, 0.0058689502092440235, 0.017752450960192522, 0.447010029883321, 0.05882428906103755, 0.4282676047730233, 0.020307143910276403, 0.011647434483254301], [0.015621561905061409, 0.009260906813805817, 0.027027555862913562, 0.1449721288677468, 0.16591566094104515, 0.2918630220567919, 0.33005612098039, 0.015283042572245375], [0.020829292925159826, 0.019928289988416645, 0.11038225660405838, 0.11235760265889916, 0.36334932642308665, 0.057118411441690456, 0.2992596017796962, 0.01677521817899205], [0.08242648916469869, 0.07376895492710502, 0.0885323176994843, 0.30853801848488, 0.1122758438472475, 0.2904679702062282, 0.02925815267117131, 0.014732252999186169], [0.015882073418865324, 0.009106434060083336, 0.07903942254067078, 0.08833490382480128, 0.4307712431380165, 0.01734505698205069, 0.3504440393595722, 0.009076826675940645], [0.11322182274178813, 0.008114584737330685, 0.6201803298187237, 0.03245266676010696, 0.05550048950905331, 0.025165666610103575, 0.022717468088315023, 0.12264697173457767], [0.049499488449041604, 0.005958925252387648, 0.09587158774853144, 0.1759474385331055, 0.03779697514278704, 0.3564359358276165, 0.2256830229661859, 0.05280662608034475], [0.021268414367274804, 0.2612192661867983, 0.09107659673372487, 0.04890754024406573, 0.13207362455691124, 0.07049482717588694, 0.14440468160401546, 0.23055504913132208], [0.007745110528895769, 0.011587093273867139, 0.02154309468495604, 0.34261569866628017, 0.26304907235787256, 0.19927245003694266, 0.1352784190998562, 0.018909061351329134], [0.006615629608952794, 0.18883633623226476, 0.07559871572830197, 0.21663847164993555, 0.2807466259215748, 0.004360526854438638, 0.0593898499456278, 0.16781384405890373], [0.0822796232730055, 0.0021622300034343967, 0.027366589734052982, 0.03686800538886337, 0.4085541686056114, 0.012198206713413363, 0.35203992675665663, 0.07853124952496211], [0.01069636562788433, 0.3357457283083854, 0.028358635747037036, 0.12359887430160227, 0.09580921182087783, 0.06373986785926249, 0.04574052294936632, 0.2963107933855842], [0.22520872802842326, 0.2016167232675333, 0.1857377455016863, 0.15764359930784055, 0.10836351126371092, 0.09322614277242823, 0.017902984039590127, 0.010300565818788684], [0.07814368741887757, 0.08849251128219382, 0.09723191803741493, 0.3528738859934994, 0.3460414405233368, 0.011192673987628965, 0.016318541945960885, 0.00970534081108791], [0.05302597730606711, 0.0211125719488275, 0.3449275463363114, 0.27867520472472784, 0.072110952198266, 0.18792810605741447, 0.014017033299189123, 0.028202608129195873], [0.031105766175739232, 0.011867007554902628, 0.6774598758499524, 0.08662750399220079, 0.1442684385649034, 0.008183103084351646, 0.005455400758874973, 0.035032904019074544], [0.15296809134056275, 0.019783224541232627, 0.027490326085134915, 0.2923612311847554, 0.09702462185817227, 0.23905885616209027, 0.008353998026484033, 0.16295965080156716], [0.13212715164633548, 0.10850999934703422, 0.039575701746148134, 0.06590088957357729, 0.09361427768649097, 0.2027694702146764, 0.24535845261663072, 0.11214405716910647], [0.00669759024045307, 0.00797163856129292, 0.04283417887059652, 0.45728522871496197, 0.45502021103236334, 0.011195361230865206, 0.010562150804450878, 0.008433640545016191], [0.016168172859778396, 0.03875372653272597, 0.043756113755216396, 0.4344275237155461, 0.37381668655462746, 0.06230269273772167, 0.006307579101049971, 0.02446750474333354], [0.33386355159291226, 0.02546891683080717, 0.01598789133088318, 0.07851659769200309, 0.127