{"estimation": {"a": 6.8036334143048185, "rho": [0.12596691165885, 0.08173826934724363, 0.10313637474432531, 0.08566462646775648, 0.0879602984669489, 0.06212879320921611, 0.05643552004988716, 0.052025459134561955, 0.07396787061194028, 0.04710756750389609, 0.05404037670355492, 0.054442493874752494, 0.05124800067079031, 0.06413743755627634], "Mu": [[-0.577027374262695, -2.5503323613113915, -3.2629618595523753, 2.7196333409939477, 0.6384894298095546, -1.7273184975798161, -0.8587933237551915, -3.604694356410116, -0.8957586897338908, -4.412150747418711, -0.6847794911588438, -1.1736235785593039, 4.474630063352023, -2.4552589658243464, 0.48751851505271043, -3.0838360800984876, 3.642980588049754, 4.69421559503915, 0.45699450906780287, 1.2116722053896423], [0.9749005673608946, 2.8412373342225052, -3.2676628635815193, -0.05379193464304101, -0.4182536400342139, -2.2743511895471737, -2.959286211643566, -4.280140068122717, 0.3196178672085401, 2.9316606202063045, -4.166332060060869, -0.20622391276838029, 2.1358997941375213, 4.923759277415774, 1.9159188865113854, -2.9730269690559026, 1.3912112496008542, 4.196805825484929, 0.7067951648358961, -0.9038265100715297], [0.04693025692097126, 0.0005454413415424051, -1.210258907163676, 1.7055103688430935, 0.04967469950594643, -1.3487315816555001, 0.6885159967992083, -2.2350176874020447, 1.4381968228049906, -5.530028573944286, 0.2047621713271485, -1.1453163002285958, 4.607774995639538, -3.7582716437180816, 0.4408041546973259, -3.9530816370849675, -0.05352548906024045, 3.8066937854167877, 0.6885077715370713, -0.7014146304395801], [-1.3016491111570505, -2.864833684700085, -1.9805450775128883, -3.003655134960121, 0.4784321035407225, 0.43222719752133487, 0.2057636267605651, 0.25657674559145593, 1.5027468042472054, -1.1768178632980995, 5.6015340533369775, -0.5747490089471634, -1.8033863076155845, 2.5713652750155007, -1.3050553255147865, -2.1702381709580196, -0.6203346782704071, -1.1093344608886282, -0.618955653501198, 2.78146362101651], [-1.4892952182894492, -0.6510363038964594, -4.746066362577168, 0.22883097767915347, 0.8565927709278665, -0.9368203368908816, 1.991280561020032, -0.43488880403861885, -1.3916659238535554, 0.09265385973237625, 1.2989780433322646, 1.6727253724473485, -2.7469388100756493, 5.167458752156526, -3.056683337008937, -5.269128053942094, -3.3880303784923433, 4.852941000779756, 0.3813511231314416, -2.3415861173547245], [0.6451824832762661, -2.8250563952064187, -0.8004829040668815, 1.5180005859736219, 2.3366444914786926, 0.84728541884338, -2.159635642404069, -1.5998445899799252, -1.5788098843394172, 0.02008991084119508, -0.2934440127874455, -1.1461364844640451, 0.9631701170252281, 1.9046922314083983, -0.840771050348195, -1.0162288157309296, 2.916227086851759, 1.676203349090507, 1.1991007037541563, 1.306195369973361], [0.34707607360680826, -1.3749750152739078, 1.8820630032996803, -0.31263405122901844, 2.27151561414061, 0.33880817618929904, -0.42665551042185784, -0.650701414960963, 1.0521033261505446, -1.3104822202787219, -2.042905891912262, -1.3488453903455628, 1.046799871030201, -1.1480889173910762, 1.2154313781389674, -0.4810877472100828, -1.3746795828379006, 0.9326649048370725, 0.5638077539218067, -0.0548512719430862], [-0.7385649801237022, -1.3872779877649415, -1.4539059535598309, -0.1480042208902861, 1.7355705930176835, -0.4825345197896547, -0.2157548665734516, -0.898020787011297, 0.8871861934831435, 0.5218859323792495, 2.275036899089439, -0.3400383669692893, -0.7807453511795602, 1.4702470182127545, -1.0662418983053874, -1.5079056491000329, -0.09406896098782751, 1.2804193331739537, 0.06403976002276232, 1.4145237776722235], [-0.770281038781658, -0.7886183994850691, 0.3664899131777108, -1.8743307611596325, 1.1806270184197785, 0.6269767125290817, 1.1919563416043546, 0.4747210627478853, 1.887246778069036, -1.0117670850346157, 1.3397360802963534, -0.5322934415556023, -0.45203815519271007, -0.011824233634650117, 0.167912462576712, -1.8078470451430118, -2.945137212575118, 0.825425436123921, 0.0001834535992858637, -0.965415815276419], [0.7597587292765164, -0.4437248966365698, 0.21296018493486718, 0.7513278708617401, 1.7390077941682491, 0.04565444584490762, -0.1674610787196481, -1.0242347848265902, 0.8626224336468686, -0.029957154042949217, -0.5867839492333602, -1.1422745923977418, 0.9068129577269949, 0.46519726788229754, -0.3789739412890749, -2.0826299604915612, -0.5710087402118046, 0.9202601907729501, 1.4044638585045501, 0.0013120378075299449], [0.5815221569332489, -1.124861336462039, 0.1293602732901781, 1.3758673368927337, 1.7353443779614401, 0.3840631532579701, -1.4521071885785126, -0.8712238019247299, -0.0031539387310106637, -0.38661456078464174, 1.5129654012283271, -0.4166274032935745, 1.1145252964494539, 1.3650447528790195, -0.641615640137825, -1.810509175058842, 0.005133191686102846, 1.254399036457982, 1.030954430983863, 0.2200416563856579], [1.2576567812576263, 2.4844681840325573, -3.139249641004555, -0.8877935386065152, 1.2690420513153537, -1.2000448730826716, -3.6512078045222482, -3.622386367674821, 0.9246632222200352, 2.085897385746775, -4.272856874694998, -0.32345819747895993, 1.9483764056410473, 4.658709525619697, 1.9630839117760668, -3.1466178822196214, -0.12069237320312992, 3.168929955086212, 0.4024113068798245, -1.1463464909039307], [-0.8506543135091551, -0.3530059039520236, -1.8765162823906258, -0.39657029499531465, 1.0287473154324558, 0.04591921801685542, 0.4366470725520168, -0.405920355149894, 0.6451741698718988, -0.6616554014271117, 1.8198197401180107, 0.4536010874728444, -1.657574986360837, 3.1987871900439417, -1.239485488004088, -3.558355404922409, -2.0341786268174227, 1.8866229943570039, 0.45141134433925834, -0.03973934496373848], [0.8070392005736537, -3.1793989885166076, 1.9151004721654128, 0.02555130913640086, 2.066434444998312, -0.1184230288786809, -0.12955266190794668, -1.0714291391781205, -1.136124207961539, -2.7246666485957616, -3.228440366622589, -0.423119410460431, 0.8635720461094876, 1.0150508506198013, -0.03455575608209818, 0.01490941181054254, 1.5507670522779438, 0.11010878419139102, 1.1032828877958878, 1.8409028160533176]], "Lambda": [[0.4514402970773189, 0.5231418551102229, 0.3926711059380236, 0.5101613998130572, 0.7328336204509399, 0.5826317146374428, 0.5036235101475268, 0.6894396819508093, 0.693032414576158, 0.34414040934401824, 0.2215796032920135, 0.7510835108563709, 0.29292455063833117, 0.5132491242550655, 0.46974165873637996, 0.3975217954058855, 0.21454119855508633, 0.549613935481297, 0.615998330458611, 0.24042293912281795], [0.619069300092444, 0.5305120382182849, 0.3400620998665454, 0.3912347982946286, 0.5402472418914346, 0.5216449287360541, 0.3970106673058038, 0.691026561037811, 0.4375560862649763, 0.48495217047824696, 0.37589613242646, 0.5707254752247231, 0.3966034893163663, 0.48247414876587397, 0.3210594825985347, 0.34918099869462665, 0.4981832005660535, 0.3998924781399514, 0.6361594176157286, 0.5802914399657073], [0.5084927077360323, 0.6153696807202119, 0.38104354108155053, 0.4237959839415356, 0.4987710964637494, 0.5879383313341626, 0.6104758811684041, 0.6516935595244578, 0.706168294008368, 0.4116038905038707, 0.3117546970053064, 0.6265974650465532, 0.3754137499757001, 0.4975364162660582, 0.4775157383094962, 0.4264297785438139, 0.310013181566053, 0.47634262624711543, 0.722853851687607, 0.29755988447349324], [0.4120292704282643, 0.5765960621287978, 0.4499615192379575, 0.343489689938768, 0.7275960826596657, 0.5968852271027858, 0.4680421637212058, 0.6517711370777246, 0.5840716115330611, 0.4754900537841158, 0.4901050815743627, 0.5646694424642195, 0.31129535848183676, 0.5205608805773005, 0.4950815485560284, 0.40138115522060414, 0.40108901738357716, 0.4763626050689052, 0.791514388873396, 0.6115301054923066], [0.6622962892266983, 0.28214226409795906, 0.4332872630272789, 0.34439489529780015, 0.6233816823143886, 0.35646293231022314, 0.4011818586578513, 0.5806831491906648, 0.5983080287318396, 0.2500026185967778, 0.19989282546148074, 0.6250509313744153, 0.3881754511670207, 0.2722312786670959, 0.3366689355285262, 0.29946279564785244, 0.3370021981168199, 0.6317329619360631, 0.574918877317094, 0.4371480915223469], [0.5121661424234938, 0.4630278522812936, 0.4704852719044224, 0.4971248208415587, 0.6258235807061245, 0.6566312157076621, 0.45794103579738815, 0.5726961346499502, 0.4618023243689227, 0.4614888789807755, 0.3092451113054556, 0.6165665644248008, 0.41712191123906195, 0.5027131370465592, 0.44856733830646334, 0.41666939345255205, 0.36958066193157346, 0.5276493776336024, 0.633022970880297, 0.4932090566590944], [0.5985643916938937, 0.6070124181234507, 0.3799367627142902, 0.43974060573638935, 0.5867784073222683, 0.571050924421511, 0.511898635512469, 0.6682042179827582, 0.5049854433180435, 0.5116215130447502, 0.3555091443208956, 0.5349421374110936, 0.4400413589317059, 0.48059632001800345, 0.47056425488678166, 0.5031804843203852, 0.5075651052461856, 0.5278748905798896, 0.7371943013386998, 0.4252879981785785], [0.4984635205219296, 0.46475201368664365, 0.4459718317065245, 0.4236860062696582, 0.6532680229205594, 0.5156687101408088, 0.4431764615361497, 0.6071366094790249, 0.5780707968021586, 0.3822742775993745, 0.3293922350969121, 0.5677263766651843, 0.42504981352420707, 0.4865955258240617, 0.5019962959715436, 0.4452424773218963, 0.37613289539207156, 0.5543680569792431, 0.599102193993235, 0.5352156660938299], [0.6088982047934132, 0.5960711796399145, 0.41771344249505177, 0.3572529454452047, 0.7204375763539191, 0.5627341192507211, 0.4988497274183515, 0.6353572215809127, 0.5154299273837789, 0.5512558805978878, 0.3746425011994864, 0.5219352824282258, 0.43475424706058885, 0.45585570537843606, 0.3830470902514539, 0.46780485874953615, 0.4971350292311012, 0.5204766165525639, 0.7664952346279316, 0.42011666692079724], [0.5739791061860117, 0.5160291227267476, 0.40243162485217365, 0.4348571202038709, 0.5154936409729911, 0.5644191914962411, 0.5258496877330278, 0.6248422464744151, 0.4713678907110224, 0.4816515551431434, 0.3572108069622238, 0.5482974924913483, 0.44247514852503855, 0.4299832953863399, 0.46491550056377196, 0.45147968704433605, 0.42838226820698583, 0.5190707826130629, 0.7101971607799858, 0.5022029079118524], [0.510409257343351, 0.4104233940094976, 0.4312009432881749, 0.45342564316268724, 0.5735220756734413, 0.563070057645689, 0.5364242124706162, 0.5702110392130303, 0.48126981434961014, 0.4533480590596193, 0.296974773388419, 0.5788487949223555, 0.4244778013112689, 0.46563982492223754, 0.4265637836715604, 0.42264926097569194, 0.3898233278752975, 0.5302088573862096, 0.65182308299493, 0.5075899744642354], [0.5284426452720232, 0.5662399926872839, 0.34510782705344195, 0.42740880339042453, 0.4838215061837359, 0.5537444931487636, 0.41768206385053797, 0.6095939540961081, 0.4687667170055181, 0.5097764703868422, 0.40885642589770504, 0.5437207832803774, 0.4254769015113883, 0.5301775475905128, 0.3581456912634705, 0.3615230792519177, 0.5278849155642604, 0.3345811946172175, 0.5449833674233091, 0.5966124270429105], [0.5326910819964452, 0.41112517595265247, 0.45489764894634765, 0.39829415292716247, 0.6168796249738993, 0.45641771534648196, 0.47148962276984385, 0.5617525575011546, 0.5490945832156479, 0.3638363737684141, 0.3231745069000002, 0.5513199642219283, 0.42651946735655555, 0.3812770501693712, 0.4671989808777292, 0.38896198792289904, 0.3847500870152479, 0.5069467521529074, 0.5838550550412556, 0.5260406250372165], [0.5693825357513906, 0.5427463132511917, 0.45911573378748904, 0.4461111435887486, 0.5050512249317918, 0.61739040405959, 0.38611406844947954, 0.6111426142604073, 0.5476102026446855, 0.43931462079663774, 0.37181231335940934, 0.5933280802582102, 0.4162590980008483, 0.49783046670495257, 0.5530712740248658, 0.4753446658882752, 0.350010914579379, 0.5749191228434576, 0.5537116830887964, 0.46451591149200944]], "U": [[0.14259930730361475, 0.06963289150310564, 0.09433773494887876, 0.09750023126024193, 0.06851965614737883, 0.08062226453722807, 0.05739519206130918, 0.061697729151126084, 0.05901528245070047, 0.051227502243158085, 0.06046657719188505, 0.03924975654562893, 0.05187217529706369, 0.06586369935868061], [0.12183809276692377, 0.10233680799699235, 0.06113185907092987, 0.06450407290275029, 0.09710054286982078, 0.07024417926777757, 0.057799986914679365, 0.06196900835053562, 0.06827134655403859, 0.05365691582794235, 0.07105032478826745, 0.04629652362430411, 0.061015896813729695, 0.0627844422513082], [0.06516692724790392, 0.23218460678299324, 0.04198745630621071, 0.059424991627465874, 0.07901341007591679, 0.06580951768110985, 0.029920582320946194, 0.03622585333121807, 0.024185524216283127, 0.052205473206458027, 0.05105302653093392, 0.1771602067211655, 0.038943770372666955, 0.04671865357872833], [0.1324563697438023, 0.08154678298223947, 0.0611772599228355, 0.09152933932036679, 0.0981773204865938, 0.08671315879246151, 0.05158663221242636, 0.04443172415916013, 0.05239701846727641, 0.042563733672479453, 0.06737471065153498, 0.03981460007946983, 0.04842323399899676, 0.10180811551035689], [0.2808666696727047, 0.04105427373930481, 0.27851392193965113, 0.04165926498089032, 0.07166393250995123, 0.034260355186823716, 0.02989763150735841, 0.02906442324453578, 0.04313474696296698, 0.028232068987299727, 0.03143818570106581, 0.022626004457159503, 0.031654521673603775, 0.03593399943668413], [0.090707300079337, 0.05766069919650133, 0.08816657571436354, 0.14434018334885473, 0.04885091628645476, 0.06470502292294225, 0.082244696095406, 0.05863494712485283, 0.10753838589058425, 0.06704654777551945, 0.06048538333545778, 0.027935201036960823, 0.049138894703913916, 0.05254524648885154], [0.11342668735335772, 0.1771992234429491, 0.0921717659713657, 0.04226462984381915, 0.09830239287562553, 0.03850935779739401, 0.03713171770702987, 0.035673587869189734, 0.05963613018851287, 0.028160035236141103, 0.033912304466171155, 0.1668157122460498, 0.03812233798704525, 0.03867411701534872], [0.1426840033556339, 0.08053149770436346, 0.08076579002853207, 0.08517575330903034, 0.08436127736337828, 0.08901451016116105, 0.05039006937674529, 0.048738022505748865, 0.0460515393211798, 0.043264644892535516, 0.07394556480211725, 0.04998891592253595, 0.042430488402472315, 0.0826579228545656], [0.13297399222776, 0.09067240902980243, 0.049457106848561354, 0.04112282711750734, 0.14786587026083042, 0.07156972880106406, 0.06286337210226776, 0.04713875403046457, 0.0862290786880875, 0.03153851870224858, 0.04725300481854281, 0.05949676836733015, 0.057496889011292455, 0.07432167999424062], [0.06459816965756823, 0.05052893229776293, 0.07656374157164007, 0.07725977803617291, 0.22951901958870768, 0.04008463977639592, 0.05012487500093179, 0.04696050860425513, 0.12193145210500306, 0.03648021618715759, 0.04029134818090974, 0.041958738497489746, 0.08455314797066472, 0.039145432525340175], [0.20726661165843233, 0.07820222272903503, 0.18539089105898826, 0.055817903704162015, 0.05389985019212401, 0.066225556167139, 0.04446506005152811, 0.05772088264529558, 0.04190630926434805, 0.046032893064461095, 0.05297043276739093, 0.029102958810230416, 0.03715544424233051, 0.04384298364453457], [0.12318092704215984, 0.046476677109742195, 0.12724426401689537, 0.06889496080044283, 0.23090560622327364, 0.03209665803255925, 0.02510730146529816, 0.03984425228202192, 0.10456777686844405, 0.024552272768725864, 0.03400747992376599, 0.02929631837448482, 0.07811387667476483, 0.035711628417420996], [0.15639534988054188, 0.08152438486978736, 0.08249251220747368, 0.11259147507175439, 0.05190675732722782, 0.0872665859529584, 0.056374276700359535, 0.07065684082554716, 0.05755248972120119, 0.03894840538419586, 0.05567324587497256, 0.0321271980542535, 0.04821134225159571, 0.06827913587813095], [0.1288181526817655, 0.06751392670456506, 0.05638735819513525, 0.09568845418734542, 0.08281972514258859, 0.08688277872746522, 0.06094107727183624, 0.04470978875675195, 0.06556013854628204, 0.042549463667859305, 0.058367718715513765, 0.04020885251087868, 0.048863026110198396, 0.12068953878181464], [0.18291024855266272, 0.08921814946818186, 0.1794916408308991, 0.03812158590966391, 0.1183031761010675, 0.03542299403206849, 0.035261269958965544, 0.03940565652178171, 0.06366063475414932, 0.032925221607815816, 0.03968250416179482, 0.06352730240873111, 0.043976447769334084, 0.038093167922883926], [0.07253927083767606, 0.2435669741446886, 0.06911645675765722, 0.057201542085768595, 0.05840259535565112, 0.04214285926144319, 0.033288650677923554, 0.036706244069645254, 0.031381963982878215, 0.04068851356541591, 0.04141070106120067, 0.20626089411866627, 0.03496661057485034, 0.03232672350653447], [0.23836682292152087, 0.07168303518592424, 0.19253761653179294, 0.058235437414336566, 0.07271830301083683, 0.058691546905991675, 0.03646101553921706, 0.0479696401224217, 0.044714949137174186, 0.03004760604437672, 0.04490424129707582, 0.025949348916686377, 0.03701241340250525, 0.04070802357013936], [0.18884900531450946, 0.1018699527459037, 0.064580184515395, 0.06024761032526784, 0.0808809642499773, 0.09709995112541293, 0.0505631419743203, 0.04399167826583859, 0.050228862870693884, 0.033265401284467075, 0.063106532922684, 0.05291077523611289, 0.03744877013276553, 0.07495716903665152], [0.09407448805409539, 0.2796634865795713, 0.06284597178606666, 0.029314401555707748, 0.05076464615575769, 0.03618119509022223, 0.028528914966123167, 0.02994022578733084, 0.03762662959284063, 0.019971291850871434, 0.03039089636467791, 0.2480360160794226, 0.02517890797602739, 0.02748292816128553], [0.13279712451478803, 0.03745575696249571, 0.08022212982540161, 0.11238331514112233, 0.0953506137311989, 0.10322231860566611, 0.05072471781705783, 0.043053298041726556, 0.06703357029366531, 0.02610518490918792, 0.056960069670643626, 0.02532240556059688, 0.0565254114940257, 0.11284408343242391], [0.17772131070336458, 0.1009489201811032, 0.16862308163989514, 0.05353688024776709, 0.0662446340952034, 0.05609752778487865, 0.03694602553961741, 0.04549019769031058, 0.035288737014548745, 0.05400834008033824, 0.05140895161394032, 0.061376945785114226, 0.03325138338468257, 0.05905706423923608], [0.14504012861329066, 0.040709869330822074, 0.17588804673814987, 0.03937160074773466, 0.06768263754216114, 0.03230423038002812, 0.11883204240196954, 0.025688546893420677, 0.10811359652521979, 0.040164251239370716, 0.03210831060384623, 0.026912133184275926, 0.0355515775322847, 0.11163302826742574], [0.11085155207376494, 0.0511047729317287, 0.08067547797526564, 0.10685338039678474, 0.11544113756254856, 0.059820312189615615, 0.05330252258577387, 0.07115889071391746, 0.09380251907841232, 0.04989971964147589, 0.051649602949186864, 0.027130385344796917, 0.06888029833644907, 0.05942942822027923], [0.08855633374874756, 0.0797890955881523, 0.06446206806655617, 0.12739631955642466, 0.08035962408009859, 0.061028938204038485, 0.05638656584519252, 0.07136051894906613, 0.08822267004234513, 0.03774083066313045, 0.04639901846052532, 0.06366075830885104, 0.0689809619115921, 0.06565629657527951], [0.06950982613766848, 0.04110918147406781, 0.06896336438919981, 0.11098597295646276, 0.11014948919747254, 0.06213469363252753, 0.06733798523222113, 0.05109740139630307, 0.12182074687885083, 0.058545644841486374, 0.05621283276120074, 0.028642882031520874, 0.0679847470572025, 0.08550523201381571], [0.23963967417781726, 0.07393481812299244, 0.24308089491205295, 0.03930274894769466, 0.07530515949866569, 0.03317533313178551, 0.030161316561007023, 0.0279822224658614, 0.04411308934737641, 0.03253640165847796, 0.03838897673130464, 0.05131988335425246, 0.03865257272684109, 0.03240690836387036], [0.17725164454250616, 0.0880574925958109, 0.06757612588083166, 0.09110840363249474, 0.0879709668929136, 0.08194064049658716, 0.04351799412051765, 0.07952197618340441, 0.05859211741675286, 0.03514404737178928, 0.05075766634026258, 0.030978068420808875, 0.057191096652447426, 0.05039175945287271], [0.14746914421327018, 0.05492783894048763, 0.10808352843478523, 0.1329281762715416, 0.07143246481692105, 0.06381141925955924, 0.039478975845343434, 0.08315503503306132, 0.08239188134003309, 0.03224887095671743, 0.04605935770425694, 0.028590328362673563, 0.06393324517700465, 0.0454897336443447], [0.14416058701397577, 0.05993784465100708, 0.1167067020479546, 0.08209869435129823, 0.0641965719722319, 0.06339074321787332, 0.07319219537883882, 0.059524720986844616, 0.07669616998756833, 0.06441790342848638, 0.0588084949326681, 0.03157745729027251, 0.04479658894688304, 0.0604953257940977], [0.15670566028074304, 0.08515671913199335, 0.13260386910744584, 0.07486567500911274, 0.06229259542609859, 0.06762972715899566, 0.05586096057179431, 0.0663653634485868, 0.0579689330308939, 0.045297656345820884, 0.06071248583575582, 0.04171981462355282, 0.04529269653040179, 0.04752784349880457], [0.1449172059803683, 0.10947841733829441, 0.05441917427201411, 0.07345105316657777, 0.06758488442521186, 0.09589892231973675, 0.05848499446442433, 0.08178976490490161, 0.0575460264378904, 0.046098344645684984, 0.061369290647468225, 0.05472607083655921, 0.04399064494013994, 0.05024520562072852], [0.14484424518837583, 0.05739196933157105, 0.06460601425457352, 0.10506641735039363, 0.07924001259828416, 0.09251623612651133, 0.06553976028315461, 0.06370891377898398, 0.059535441049034514, 0.04031095272628588, 0.06194616955428667, 0.03781587265895077, 0.04963086215389937, 0.07784713294569442], [0.051803685839362734, 0.03619330906547651, 0.08183101688028695, 0.08856748257174402, 0.1710778612892381, 0.04630540954851138, 0.06471445332077415, 0.03902804902551738, 0.1448033774596469, 0.06602730554846997, 0.06437955165343466, 0.02590709212194989, 0.08203444928327715, 0.03732695639231006], [0.09129946206513301, 0.07411109637441399, 0.07701885018958193, 0.12318146503671833, 0.06475304741194898, 0.07078079734242876, 0.053995151539628125, 0.07413250528026644, 0.07062553225470129, 0.05471102932420126, 0.06042016768573344, 0.06108257118419811, 0.05552566496860071, 0.06836265934244576], [0.0690659180126774, 0.08911399806808315, 0.07890390834541636, 0.04869423783086197, 0.10048066067499774, 0.037965937545574514, 0.10265129071323259, 0.04065118685530768, 0.11340187011945041, 0.04329620301529162, 0.045182633036261965, 0.07016739334333373, 0.04447953024675666, 0.11594523219275402], [0.07550740817478735, 0.03940882363755156, 0.11901749873038071, 0.16144024646316726, 0.03753280546190612, 0.037977142081546816, 0.09309133912627704, 0.05223547673817369, 0.1295552229952015, 0.07474590161593594, 0.061039190596966456, 0.025903047608087395, 0.04667853259365389, 0.04586736417636437], [0.20313662675134522, 0.05264342016868494, 0.2055380958955959, 0.06552495003637378, 0.06908768465645243, 0.046743340925120475, 0.03897067386592751, 0.031207626679098273, 0.05873307033759916, 0.058053149174547805, 0.04864318859521462, 0.04384024347100031, 0.04360097918065243, 0.03427695026238726], [0.06890828108251466, 0.04879992637283358, 0.11947480013995142, 0.120939340476057, 0.043091600729787405, 0.04456701307288796, 0.1138298447400537, 0.04202690643598416, 0.14286789753612042, 0.08657064671538182, 0.058931812941754314, 0.03396341203632403, 0.03153447548903292, 0.04449404223131646], [0.11498179835306255, 0.05583710676329118, 0.11010830823276543, 0.05923468167352724, 0.04736322129809847, 0.04926683290739258, 0.12273977754328591, 0.04557568409896751, 0.1071226494184602, 0.04553220119360706, 0.04421406255072173, 0.03659948834806113, 0.03502625267181668, 0.1263979349469422], [0.1664079947556419, 0.07924050220740332, 0.15475571717090528, 0.05979412288334189, 0.0479398909424783, 0.04473808480293649, 0.07403677021678667, 0.04708638704152976, 0.07572916012453695, 0.05775032390216937, 0.05655372244495406, 0.04241716399981505, 0.03567653497246393, 0.0578736245350371], [0.14946890882558278, 0.22961538663653736, 0.08590584428478312, 0.027530886092905552, 0.03588302960720239, 0.056711586320006675, 0.03756631606756976, 0.0359422343256426, 0.029562988483974397, 0.029061544330775405, 0.03631109233908511, 0.18604671991925623, 0.019835580665142453, 0.040557882101536186], [0.0703453302307793, 0.16660236503332712, 0.051863240921068435, 0.07177897822107485, 0.13475603474546952, 0.04876642464734737, 0.03583331205851641, 0.046709524888446194, 0.06184508184186369, 0.04502655443489187, 0.038499932092109675, 0.12392788651262103, 0.0559986185692185, 0.04804671580326612], [0.09844204442820248, 0.05618774427727999, 0.10473615082272138, 0.05843460071827948, 0.0720043244505942, 0.0745796256505135, 0.08370550742627163, 0.05083912219190032, 0.07608190268143443, 0.07479536100812184, 0.06662292321390467, 0.04095237485424294, 0.05404182022000607, 0.08857649805652677], [0.16091908841074085, 0.06628562903549867, 0.07811993780845618, 0.1082693530208819, 0.05151366838459322, 0.1142043287184984, 0.05066311641430569, 0.05765842169929383, 0.04696461603926107, 0.035138728436349985, 0.06099668001584603, 0.03196330201117829, 0.032023824367115754, 0.10527930563798032], [0.1074016687381209, 0.06346621046288371, 0.052425901637543244, 0.09459687335887837, 0.12093270782686645, 0.07511195696811662, 0.0570248988356017, 0.08622482896849963, 0.0835370922390487, 0.05031838926026336, 0.0573635916721274, 0.0357012386522425, 0.06289455506679004, 0.05300008631301686], [0.12212790946328889, 0.20209771971654694, 0.12314429458571148, 0.030380533931213823, 0.06044227457253262, 0.036150990192880414, 0.02691119543170015, 0.031015998097593228, 0.03437717445929558, 0.032935203530724606, 0.04673486576298685, 0.18233358471392042, 0.03595359837899798, 0.03539465716260672], [0.12016562130259319, 0.07867701463894156, 0.044531244033472736, 0.07890268395511128, 0.11164525046110155, 0.09657296631765319, 0.06121627846133331, 0.048489709102574635, 0.078015691948688, 0.033838727355794754, 0.06037331102419737, 0.05291041231789205, 0.05400955537319482, 0.08065153370745078], [0.04979276741692595, 0.030956816259095226, 0.052747861676860575, 0.2653378655652155, 0.05173015662850926, 0.03503774997053241, 0.049519348266717306, 0.10449831602858582, 0.11905766195850902, 0.032567693791015116, 0.042291758027204626, 0.022048023918551592, 0.10294140308428534, 0.04147257740799211], [0.10469260983465632, 0.09368647443589573, 0.09607014048798096, 0.07946000020668581, 0.08122424566503894, 0.07247097908164354, 0.04863763218070554, 0.07131879309150198, 0.05261249008667722, 0.057050814721608376, 0.07504081452507959, 0.05266387623911946, 0.06355491365589187, 0.05151621578751471], [0.13583002142328543, 0.07923723222673056, 0.06679712993063906, 0.11258329291270242, 0.045686725948992285, 0.11497328476619094, 0.05614467311369109, 0.047429902928493355, 0.053122461174433526, 0.04434470982712042, 0.061790669741945276, 0.03664865052506229, 0.03791699309804065, 0.1074942523826727], [0.0888887823653609, 0.08778748894365425, 0.08421660056765928, 0.08410529199286366, 0.08625725666619846, 0.049772503867604775, 0.07948908491706147, 0.059602618826297325, 0.06902140765438221, 0.05855625436002562, 0.05228203360343276, 0.055616954768968205, 0.0521474484686412, 0.09225627299784991], [0.1155921920603649, 0.046112288047864894, 0.047854722384255796, 0.12339359992318527, 0.06682321911781965, 0.12171089721488215, 0.06279622495181245, 0.04169959126890397, 0.05986390753936895, 0.03707585509517661, 0.0610883798532852, 0.03841039133844409, 0.0482965415684386, 0.1292821896361979], [0.1403261478366415, 0.04940970830366474, 0.08957041089238278, 0.12019250176376044, 0.044980386511582884, 0.09865013271670721, 0.06317711707160892, 0.044645169490881605, 0.06376099108748828, 0.048977828878169205, 0.057620961021964005, 0.036603839678844646, 0.04196121691841144, 0.10012358782789209], [0.11799932790917132, 0.07952059452677387, 0.09587246009672805, 0.06568201193533367, 0.07949987708048396, 0.07889482615839588, 0.06148660186283147, 0.061598178135839836, 0.04495946615309841, 0.06308704610655078, 0.06901006826190048, 0.03491508587092917, 0.04886064021338796, 0.0986138156885748], [0.10979860353114572, 0.04906730347577754, 0.05429115078360486, 0.13317594647058487, 0.14375777063748824, 0.07098766406120463, 0.037077290000751974, 0.06923613762606834, 0.09091794441245918, 0.030758503625113107, 0.055256539808614634, 0.025590909088000213, 0.07094002580299925, 0.05914421067618795], [0.06600889276870579, 0.0792030777608192, 0.1113408990934635, 0.09342835091575319, 0.10309271103734415, 0.030406273845752448, 0.08484769548985759, 0.031191545505332412, 0.12855098050725544, 0.06766222614710296, 0.05729831091478275, 0.06470474094183094, 0.05222155994988923, 0.03004273512211091], [0.06099052653100824, 0.2241045251597647, 0.057094756610235976, 0.05399440258720324, 0.060820060009644426, 0.04394419063949629, 0.033431310626818866, 0.040506222407916036, 0.04369303784239115, 0.04506757908826896, 0.0578744438567631, 0.203086818405413, 0.04775388062646707, 0.02763824560860901], [0.059335250598940494, 0.11109137535727337, 0.07262461432929293, 0.09564071266583275, 0.09043407956474143, 0.049773144283877406, 0.05517006834964702, 0.053872166880448207, 0.08096416151418526, 0.06220878701205815, 0.06491350519987509, 0.0849811631388677, 0.06997076494413446, 0.04902020616082604], [0.10910726080754737, 0.0602444087637753, 0.050603312130018396, 0.11463311129365772, 0.10953671840982868, 0.10671990764805152, 0.041227139298877995, 0.0494289081650956, 0.06266167794167, 0.03965202166384336, 0.07107001684741489, 0.03038282292405425, 0.06094568578637641, 0.0937870083197884], [0.13452800682697597, 0.07101027025439785, 0.10731766357643734, 0.09137101665832821, 0.11192889108957643, 0.06244562177586071, 0.045927680805261856, 0.057033443581813316, 0.07105961849065387, 0.04437961223514865, 0.062014934166646614, 0.032830065940317586, 0.060265796550827117, 0.04788737804775424], [0.10077462236824579, 0.09810981802033397, 0.0829023389646708, 0.13242792147884402, 0.06925064475675907, 0.055593356860093, 0.04563690668611218, 0.08185777553431887, 0.05217029154446881, 0.04350672529861147, 0.050720061035634374, 0.06116214281977386, 0.06631232468915377, 0.05957506994298021], [0.09912044171479754, 0.03654040083302307, 0.04996913206522163, 0.10378807357298701, 0.17064967750089977, 0.09448212547476825, 0.04599554146853639, 0.03366332726670784, 0.08341866927869997, 0.037225725394874405, 0.05695612109170698, 0.024441123652568, 0.06380069295632743, 0.09994894772888167], [0.11505124486552994, 0.07292229880945808, 0.1220762858662489, 0.06708179205609857, 0.06725258819583983, 0.05836611646371919, 0.07562115333172308, 0.050006748311273774, 0.08376955755415513, 0.080088627591617, 0.055159929314368424, 0.03632356802701834, 0.04168602201165135, 0.07459406760129837], [0.2150121738174513, 0.0658935141312135, 0.20485046994478295, 0.04474825429705584, 0.08054113814879096, 0.05185857738043472, 0.043766432247748926, 0.03508136992141305, 0.059402615988486125, 0.03915811062453813, 0.04659381676845621, 0.030984556385345974, 0.04000463547397841, 0.042104334870303885], [0.1458442231952772, 0.07529629826532075, 0.1394500788933278, 0.08733872630178752, 0.09173802619416102, 0.0497349687261819, 0.045244082847728746, 0.04375052593895627, 0.06941680400366536, 0.041527341713404886, 0.04958547962481069, 0.05475123432759376, 0.04723939603885626, 0.05908281392892749], [0.08181947569001556, 0.05047669128111694, 0.0990421606925415, 0.13733407679899026, 0.08207751797321061, 0.054192761957136834, 0.07951403066585609, 0.05611737590448687, 0.1172557300336901, 0.06369106455759291, 0.05684715009212146, 0.025208617439311666, 0.0529278012387517, 0.04349554567517748], [0.09257612880794003, 0.031239555414173857, 0.08286265953224323, 0.1379917411656314, 0.20689904550513458, 0.03077975527525662, 0.021211731800873875, 0.0774196164994564, 0.13230936988202013, 0.01871440620847336, 0.032499553415067654, 0.013279498152238113, 0.0929669511608791, 0.029249987180611777], [0.25126528369657, 0.07658733421265526, 0.20193671845574435, 0.05560546985683338, 0.04523552571158487, 0.05849940598293545, 0.04048010646714684, 0.051942092217637355, 0.03808175144637597, 0.03682072454624242, 0.04786989084652468, 0.02521764664142627, 0.034130200001189326, 0.036327849917134294], [0.12302089837740002, 0.07772528788908083, 0.10095442343135488, 0.13964129587768678, 0.054163317749233116, 0.055267349538910215, 0.04164401841681627, 0.08680986201439807, 0.06610453580812212, 0.05027917661087925, 0.04775525918411238, 0.04457910032445014, 0.06456939251178631, 0.047486082265769496], [0.19467219152590817, 0.05185859164435723, 0.17006313744826645, 0.07800941854156432, 0.08244376364629287, 0.05388385971966229, 0.04395317005966736, 0.052133346378575134, 0.06390040391325603, 0.03408402488518294, 0.050073168785931564, 0.02635407886250272, 0.04960348863716809, 0.04896735595166437], [0.12768114968106573, 0.08892427503062063, 0.07094798959381093, 0.08849357994588634, 0.08310387396466296, 0.09022487416631725, 0.050419308594676956, 0.06662173798767741, 0.04577346601910261, 0.06774833607238068, 0.061708111590748835, 0.044451167545347184, 0.050054591860232256, 0.06384753794746989], [0.2516446610934126, 0.06728902726379457, 0.2140599463181475, 0.053975661116229694, 0.06486389070209572, 0.06347817011964883, 0.03465852957666391, 0.049739686316675295, 0.03362327999706835, 0.03474211073473523, 0.04374459304687992, 0.02103545935648059, 0.03228501987227353, 0.03485996448589406], [0.06803213200853367, 0.04462747229997036, 0.07738255887264757, 0.20940239598481503, 0.0626988995453603, 0.04256674087631834, 0.04175566352647365, 0.10889797592246885, 0.09965617171397358, 0.039382547136269534, 0.03666185311391703, 0.022983244588066075, 0.09199030499942557, 0.05396203941176039], [0.11535241534591698, 0.054518879807362426, 0.13076642235883706, 0.12981534059691732, 0.0551535180527828, 0.053843578336338585, 0.07499877058416818, 0.05365563985760657, 0.10618693941721365, 0.06016202948473285, 0.05990659220051297, 0.027518685714737513, 0.04552203361186551, 0.03259915463100787], [0.07076837718011027, 0.04274832886944998, 0.11382260837430574, 0.1023677734564464, 0.05666127887329577, 0.04999721792235168, 0.10658178097669237, 0.048189679926174456, 0.12757880159300453, 0.09407033750530962, 0.062133767530574036, 0.026160020673538977, 0.046926637457545856, 0.05199338966120014], [0.14185367057581547, 0.07072413370537545, 0.04555201625196133, 0.10700165702514976, 0.11042272652260464, 0.10118338027244107, 0.04687441062534257, 0.04540437212799533, 0.060398150027935346, 0.03880345185357329, 0.06267449302117543, 0.03775811260788298, 0.04339639279704601, 0.08795303258570113], [0.1272070556851673, 0.06225851150967801, 0.06643324672600738, 0.10911597320017512, 0.07929416329644011, 0.10227114841074716, 0.05561280893070852, 0.0462747399441153, 0.06803562216619205, 0.036632942291887315, 0.05963822032479471, 0.042090475994770615, 0.04607475762835992, 0.0990603338909568], [0.06254333535191456, 0.04526066009254518, 0.04062631284557981, 0.07024939786270742, 0.2623603327502773, 0.051062133143788685, 0.03726961566086012, 0.034079113680025176, 0.13075377572254765, 0.03116774422538513, 0.04606310270227266, 0.036530753623478414, 0.09380693522224284, 0.058226787116374794], [0.14079235637490878, 0.06793043104294355, 0.11723609904237345, 0.09649343992640189, 0.05412685305654669, 0.0737140183442429, 0.06901282809582478, 0.05584242596150731, 0.07785889017627798, 0.05459832915654044, 0.05793596262843276, 0.03301205977185161, 0.040778302282509574, 0.060668004139637924], [0.11282795071528662, 0.04683834299203879, 0.06665885402090355, 0.1527790537779474, 0.0960149499090735, 0.07751735268728446, 0.04514201854530536, 0.06918728233059243, 0.07446405209408687, 0.034440049878930686, 0.054436297191551984, 0.03259632484045406, 0.06631286215179037, 0.07078460886475389], [0.16565886596959228, 0.16823354932850754, 0.12801144729688388, 0.050347816887243546, 0.057425287514419665, 0.047849352290781, 0.03399923929516352, 0.046555974921518126, 0.04166218046404179, 0.028181079548559022, 0.039023152089921805, 0.12263015318773884, 0.03390630382502702, 0.03651559738060191], [0.08751980411523924, 0.06132658931689851, 0.11519948532359608, 0.10455713800356055, 0.09774647018503606, 0.04699009848232723, 0.07427339598325673, 0.05139120730615308, 0.10542368331252622, 0.06129851547131149, 0.0572470554606318, 0.04367860380179962, 0.044386298518449656, 0.04896165471921395], [0.2233930504322706, 0.04267808481107647, 0.2191012066196151, 0.03521681992128284, 0.1333216947107496, 0.029775438912415235, 0.041212798968143644, 0.02504100866940814, 0.061206690044220476, 0.02348482745252267, 0.03718466761065851, 0.03251379335808259, 0.04870598468125546, 0.047163933808298523], [0.09792336900903531, 0.09143263916987782, 0.09434117342638716, 0.10054806879917574, 0.06609281388977101, 0.05620377935888473, 0.07115778476087851, 0.055860054567234176, 0.08205637976358948, 0.0639903527812401, 0.05949288434376703, 0.06403777442562882, 0.04377980245726388, 0.053083123247266106], [0.10343647367930967, 0.09073097395747533, 0.06857297011216162, 0.0546495430115219, 0.07170635846362372, 0.07227715371877026, 0.0826270913920639, 0.05727011775630495, 0.06976935167297041, 0.07887753769829448, 0.06811992775994367, 0.04591364571850636, 0.04968402305164896, 0.0863648320074048], [0.10719690369714818, 0.047665558291288504, 0.0591526529570628, 0.10568933288034703, 0.18317757838822543, 0.07202263435803513, 0.037777991286774455, 0.0440209930592516, 0.09292294214848189, 0.027849508948871053, 0.044247571087054974, 0.02403046478076839, 0.07377392457189438, 0.08047194354479618], [0.07635297316361733, 0.043222156731668605, 0.07318353338272758, 0.12828644565923766, 0.12322754236092263, 0.05431794018741703, 0.047885759047777185, 0.07110445316125709, 0.10664039714281869, 0.05645272629506701, 0.06255196235413797, 0.03251201023444645, 0.07255634902974503, 0.05170575124915941], [0.12887128164350678, 0.08094301309496296, 0.11772282202427456, 0.039613145927337355, 0.12569007594821488, 0.04066728551008831, 0.07338715348593278, 0.0324530397597536, 0.09971015899702304, 0.04509028999398895, 0.03737906879920259, 0.047407111270063806, 0.054676601805812984, 0.07638895173983712], [0.1263994177558385, 0.049088431149161414, 0.13385347607469916, 0.05956066676772989, 0.061172454055683514, 0.05911994946047832, 0.08635342163604694, 0.04903525738781785, 0.08191287718287393, 0.04747620958026063, 0.05316887558770258, 0.03720253063483414, 0.04124540224821636, 0.1144110304786569], [0.16272130743850816, 0.06784303108911503, 0.15522353707781353, 0.08707124268238951, 0.06446274361364622, 0.07122661170864136, 0.043324403810132674, 0.04047209681305846, 0.048651757257463964, 0.042803427859611894, 0.057116614897619496, 0.045977309510484524, 0.03604690556610977, 0.07705901067540515], [0.07451604570402529, 0.22527654151457618, 0.06481505068176861, 0.052938757010228765, 0.06338048264886356, 0.03872940122789614, 0.03574823624492743, 0.036473246292920994, 0.04637861409159524, 0.03435575084426984, 0.03832345659290917, 0.2070526536919491, 0.03905665237554909, 0.04295511107852128], [0.0857819533604498, 0.08554293223504424, 0.07646920881882915, 0.10735580619143817, 0.10704029979315438, 0.06608381873944104, 0.045230921049150774, 0.06490800301172925, 0.0566612719929943, 0.07430519417098844, 0.06844489586357681, 0.045593385814372764, 0.06255645612418881, 0.05402585283464163], [0.07935937984416393, 0.1503031665870059, 0.0657336431573667, 0.06542067086935324, 0.08976618254119227, 0.07566019689280266, 0.04945557051720748, 0.052880504757790533, 0.040370844080807024, 0.06425609055039137, 0.06272693259386936, 0.0941596042774571, 0.046056123581996455, 0.06385108974859623], [0.08053467711015318, 0.08947612503065525, 0.07735406576205138, 0.06448794605069663, 0.10127309588291283, 0.07384050131316088, 0.05717988286735814, 0.06695442511373935, 0.05611945897029367, 0.08662738243848295, 0.07980167155820521, 0.036779858356183415, 0.07282319595946873, 0.05674771358663845], [0.11566950051893925, 0.15456252374962595, 0.11567998952829926, 0.06496478039238934, 0.06600945488774843, 0.05270174881755215, 0.04009889062617087, 0.04504603984367203, 0.04034493605264256, 0.059012327222187376, 0.05262879572952538, 0.11114949696831408, 0.04572532273968405, 0.03640619292324945], [0.1049951180794