{"estimation": {"a": 5.605348574674301, "rho": [0.11929051973940721, 0.08902051005546191, 0.07192698749135037, 0.09021248498952796, 0.09110297704450063, 0.0930262201673822, 0.053057359664346174, 0.07390726231002308, 0.04987203844923366, 0.0477052980688749, 0.05714336458677625, 0.04611162437966888, 0.048486801291285145, 0.06913655176216134], "Mu": [[0.46346148405795634, 1.0777934849029414, 4.923063545736653, 1.0576979222247789, 0.4296765514808949, 3.7744056469194, 2.84082171062607, 4.071990879392226, -1.805156870298628, -1.3408599422481207, 0.9331259485442036, 2.2346620861986115, -3.67113753270201, 3.484881880530303, 3.1559614685462423, -4.7551959021376975, 2.5315465538202373, 8.773739547999105, 0.253225643221456, 0.3020191787088546], [1.0755965101936045, 1.216781592903753, 3.873626850705547, 1.1693635633129538, 0.25455185702558514, 4.318098713355231, 2.5960167904940343, 4.306869838242792, -1.1361488577344645, -0.3764867035778203, 0.9757675150333576, 1.5662840755732823, -2.9232285965702816, 2.829401366565482, 3.1912017324729187, -3.3926135047613557, 1.592084472807418, 7.244835933775393, 0.09156537095351241, -0.5497503369076303], [1.198858987150974, -1.9452073363269506, -4.556689795505208, 0.14036166652462545, 0.7487881823254569, -2.3276884074612294, 5.447458963094756, 3.7795807562316703, 4.523073772360237, 8.145594599994809, -1.980561036540903, -4.210945045512029, -0.5819543707977722, 3.270278133715677, -1.980148502284973, 1.9555097936961, -0.5251319739819614, -0.011743865137148094, 1.3262266602453734, -4.609969558068772], [2.3599451730605585, -1.606999794028642, 2.6358821239253696, 0.1328485013646701, 0.1335533835821005, 3.967543341054856, 2.3229455088524507, 0.41519058935053044, -0.17426431833233882, -4.788511184225834, -0.03023687932367634, 0.1382250898403335, -1.328596384461384, 1.4244489280888064, -1.148551903452004, 3.533811927143348, -0.1156402334309059, -1.4261513124456706, -1.8114799779531003, -1.6924438982233854], [-2.5914556655712766, 0.05782227618223521, 1.0085426407665692, 1.9599293792973442, 1.418593227982972, 1.3501333941841764, 4.006772718424534, 3.1291401399783174, -2.7355087792394315, -0.2944142281310306, 3.7964490704252967, -0.6281411319959043, -2.1907493703883842, -0.7849154571724771, -1.9345389636050767, -2.098139068460759, -1.6815315344333528, 1.3512722932815275, -0.5744817234104047, -1.9872861021379213], [-1.2168726686189206, -0.3067000958330838, 0.7742750919166261, 4.26101650547284, 1.258587085872634, 0.19855855484495263, 3.8485760677283376, 2.7453752602677244, -2.6368211158094437, -0.2177525150364297, 4.075605360436632, -0.4966558311196281, -3.0901873019567265, 0.5879664623776517, -1.1871088078473917, 0.1454412401182367, -1.6963585695420693, 1.7419845765860045, -1.5119580202734224, -0.8142726009802433], [-1.6929400359533429, -0.8285196517420933, 0.5841900888958653, 1.4181603592740946, 1.0430515389938073, 1.3645720068706826, 1.5520280195523044, 0.5707450039662224, -0.7745394025622867, 1.3835306318960467, 1.650107857419037, -2.383455603239438, -0.26409158534463023, -0.3530458212531252, -0.3916418643297429, -0.4776549561394509, 0.02003519347852374, 1.2994328935589579, -2.5883325421442755, -1.9939575328931656], [2.5195677805716956, 0.7882621116148276, 1.753783444153211, 1.4087672861234266, -1.6548667944869084, 0.9186068006165446, 0.15980752084159902, -2.0090502376777404, 0.1846881621344147, -0.05541361716380077, 0.5320575635408284, 1.4928459171110606, 1.2037972835160418, 0.47659531984444853, -2.4201363560834523, 0.8393581979271738, -0.9909411706801012, -3.116898409133276, -2.806687520748706, 1.6571577532581896], [-1.0170926781666219, -1.304633459488587, -0.4135603331494961, -2.008745733353049, -0.046550891990745594, 0.24028311691787602, 1.165494867831545, -0.9870919324214306, -1.4976941671971602, -1.080350352723451, 1.7322040693898098, -4.1964809038615405, -0.8178311446363493, 1.6882262178014042, 0.72891788938234, -0.7188000017263665, 0.40474874886415185, 2.375488819282597, -0.658273853605686, -1.5217228704562065], [-1.6545631420299785, -0.15003803453057693, -1.264037423438358, 0.13925883938784628, -0.7508004259914773, 2.6512766752532917, 2.182768253510016, 1.5469106026804236, -0.7408879522643413, 0.7338878560867445, 2.7049326448930833, -2.613634439370509, -1.0482643290060982, 0.0251523259254407, 1.670187168064619, 2.2676007912784426, -2.9115915060039526, 0.17047266800943076, -0.4293488233765269, -1.165706353234355], [-1.995721565371555, -0.5114445155613926, 2.490313441829366, 0.34701572971289013, 2.9068271126476306, 0.1844696281609358, 3.7167417075745988, 1.2671368596656778, -3.458659355693221, 0.7889923884777141, 4.777575492210271, -1.6070309734189374, -0.2091484065618493, -0.724694202923126, -2.6965684271727404, -3.1505713017386445, 0.8298690151451292, 2.6336703713397163, 1.0494180719834338, -0.32943663686898705], [-1.333723468377128, -0.7182597608931811, 0.12519737247241036, -0.13637026623488144, 0.26523224773774867, 1.1480810951112568, 1.6710084636867693, 0.6884350479867974, -1.5935915636189566, 1.4203628059572688, 2.5860945116236924, -2.083240244891668, 0.012040973102709214, 0.7156555592197691, 0.024930242751790763, 0.4531544025875031, -0.5751090129096771, 0.5928939124747077, 0.2564550236652541, -1.0862018327576228], [-1.3994992293269854, -0.7224803204256155, -1.5494066269076228, 2.1395058410586416, 0.7816500610988835, 1.8992591146942581, 2.3585838794407774, 2.324549524614506, -1.161930448532326, 0.6284417110392617, 0.9723849732317568, -1.3018667782499715, -1.5046611525062612, 0.6182764503236841, -1.5836374472552222, -0.5054219156400962, -1.182857622942348, 0.6503564600180326, -0.35717559905256757, -2.1055961969809247], [1.9772560520220248, 0.017105738635573367, 1.0018644719146352, -0.32920345136983875, -1.0418208467520873, -2.4107199639426513, 0.11282272182216373, -2.379762254161435, -1.6429286906442828, 2.2305365775974018, 2.6173828036320756, -0.5065148378731664, 1.4765023021884576, -0.42995375580208284, -1.649017367267088, -0.44147577512873, -0.7029088588400345, -0.7264073305451144, -1.4408595121679904, 2.596948729903946]], "Lambda": [[0.4558155146606126, 1.147630810318892, 0.42305245548975656, 0.5599535156176868, 0.6176925759442772, 0.44856157992126944, 0.41852071722852696, 0.42659803224342313, 0.6704933573198427, 0.49115113130293947, 0.5160829886474733, 0.45593903220364607, 0.4453427053167268, 0.6469696770973099, 0.3985389867675158, 0.38563729758398413, 0.5348373440216435, 0.34159016275350756, 0.3107417147976555, 0.721623227798124], [0.49921062627394547, 0.9449002817544524, 0.47480905173140364, 0.5879043120433514, 0.566901267584796, 0.5007204758058649, 0.4668983551855302, 0.49919072078334376, 0.5687499610781446, 0.5589829800454696, 0.592187323102888, 0.5229960793185898, 0.523450841926252, 0.5966866539059659, 0.38972322931476366, 0.49899288913675977, 0.5542362175178037, 0.3754849127994523, 0.3290968469303545, 0.7458420178081568], [0.3296834431373094, 0.5760785459433987, 0.6991054800443917, 0.4536783176076402, 0.23995106231479665, 0.32630440656517024, 0.1788184961922269, 0.41104473603804903, 0.38216189377389764, 0.2786202228779173, 0.5656032454350935, 0.3128282984395129, 0.4929531943581523, 0.3946287619627342, 0.7015881749426177, 0.4408376123729931, 0.5955927138511191, 0.9784931165397979, 0.27775279093265426, 0.38998304812762474], [0.634768775587879, 0.5358806213460102, 0.46754510040818875, 0.6662252426102214, 0.5971615160280301, 0.41162692770445963, 0.3040703499523646, 0.4274616867082409, 0.678094145096179, 0.3812636705149517, 0.5405411305779292, 0.6214768207004977, 0.7490076727195809, 0.5657780696019667, 0.7414136408611077, 0.5154171756691551, 0.35393765168166386, 0.48409423178539823, 0.44272889884711225, 0.43225762371069376], [0.4532412278904607, 0.7345572263505711, 0.49177342534686713, 0.5607894744738793, 0.44651169129049684, 0.5561055306129379, 0.356112070820807, 0.492504610383229, 0.4868879093005322, 0.41730498746973305, 0.4574306857617281, 0.38945152852974796, 0.5625539402026798, 0.5631446642794892, 0.44842188006219114, 0.368428781242233, 0.4904793480611225, 0.3342202476132891, 0.2831691975247835, 0.3881689328975412], [0.4418999932851756, 0.8280221407111529, 0.522351507128679, 0.429474077562933, 0.5035345305458693, 0.5764715335014826, 0.3485706891910175, 0.40819256774380014, 0.5077569960063788, 0.4491885070197953, 0.511597109959877, 0.4286026098849453, 0.5198364894821115, 0.5550291917635952, 0.44909155997006533, 0.36391951903404396, 0.4802820930141151, 0.40125488916397356, 0.29577074376144974, 0.5114893826500564], [0.5070599627463819, 0.5340201884899781, 0.4717815896151121, 0.5028719218046297, 0.47091322487074166, 0.5133398860256332, 0.3483207291606282, 0.48374567677656005, 0.42509088203015793, 0.47502828046894346, 0.5049490911901384, 0.3687641509904811, 0.5159104598867744, 0.551527522941821, 0.562517637339832, 0.4143436410488638, 0.43593896032190277, 0.507355071174589, 0.4073875518355308, 0.3886040824016318], [0.5030165097689543, 0.7491728497784153, 1.1305471801724452, 0.52562703739525, 0.5689430078896498, 0.5268291967471014, 0.7047151210985049, 0.7206483733053306, 0.6052393339444634, 0.6309784778607255, 0.9225562560040385, 0.429785625200683, 0.7107303018080745, 0.6974314239960192, 0.5835899330927403, 0.7290517276470373, 0.6041341343523079, 0.5826511435451323, 0.5082817682312293, 0.3751816429649404], [0.47407842492668795, 0.5807771210224855, 0.5163666207648127, 0.49314646533698014, 0.4263726739378521, 0.6485936610369972, 0.4582789449091765, 0.49591763844784537, 0.4996295418320569, 0.468579301671144, 0.5465264427062341, 0.45678479039917724, 0.46984774555713016, 0.4922301235573234, 0.7168224796210221, 0.48173436281864623, 0.4715776762253249, 0.48929414940559435, 0.4194900071705969, 0.5965641264992567], [0.43138371148352855, 0.5788861265449683, 0.5447350116457434, 0.47474037915049017, 0.504503295117092, 0.5886821021968822, 0.3549891250343354, 0.5684173151594457, 0.5098670633901567, 0.5702255069781198, 0.44375939793979474, 0.39198011170780134, 0.5340247134541538, 0.5392533589669085, 0.5321478844588587, 0.4005488265798962, 0.4506369203661643, 0.4660813013321905, 0.42830755297520823, 0.47393659155538476], [0.5308323562895825, 0.5341514244300757, 0.5035050575507108, 0.5347034238101839, 0.4234347809942609, 0.6135375120609938, 0.355091868029168, 0.43006299052144664, 0.39088439266646746, 0.3621861426466921, 0.5326966176403636, 0.3403563168784349, 0.4798010952289771, 0.6283641410282907, 0.47048274135873447, 0.4322005481073744, 0.4713009233078327, 0.42377158906939777, 0.4059623580050688, 0.5534522662930851], [0.49393548809018095, 0.5470403927597175, 0.5286857579972103, 0.5223656126831405, 0.4611825140566517, 0.5985470025230825, 0.36516884942670563, 0.48368204235707074, 0.5506452231857347, 0.44119282325011827, 0.469715508722249, 0.39831806320009283, 0.5086732616381937, 0.5588179785878996, 0.5544267911395268, 0.5131809542033154, 0.4542735995903525, 0.46207755528967215, 0.49320914182894265, 0.5208460949493326], [0.4602722368006202, 0.5997387866759702, 0.48851768765426257, 0.5647475162031883, 0.4482924194698796, 0.549854645965504, 0.4394768659851593, 0.5646215029106539, 0.4859209387307535, 0.48072401961981, 0.4795319516593195, 0.44528386596466407, 0.5717323634153761, 0.5716259348575458, 0.5720929256228696, 0.39930062798774574, 0.4918347423860885, 0.4381404710835856, 0.3986189939443268, 0.4258019131178989], [0.4283528762609608, 0.7498421236044733, 1.1635706028891215, 0.4031491602593628, 0.48253287612632717, 0.6390529917666788, 0.7434238211092015, 0.7042193265864443, 0.46893228729200687, 0.5741194497262339, 0.9333339701377575, 0.3112383524873674, 0.6032808443338322, 0.7039668553848495, 0.5110733231912706, 0.7479276573741768, 0.674155967951522, 0.5997723076329513, 0.43797783894814496, 0.4221975451471005]], "U": [[0.08698836273621909, 0.06404466438088871, 0.03596066216767985, 0.09292993572373105, 0.14671351057239204, 0.12040244033129875, 0.0518918852062127, 0.051387598256190686, 0.04502135639742143, 0.04688662187802116, 0.07718250399413829, 0.055292692049020625, 0.05521808764119383, 0.07007967866559192], [0.053330182797948766, 0.04304803309585825, 0.03015528680650366, 0.05806678883506879, 0.0828612539235044, 0.07559231512030497, 0.06310966749917842, 0.14607362179034342, 0.05411217740729184, 0.0398505425214324, 0.0834268777686231, 0.054774668517186785, 0.03045504775857339, 0.1851435361581816], [0.07419219455467481, 0.0732431629384386, 0.06756667267360003, 0.1877635650608816, 0.09552001395339031, 0.1066888767052589, 0.05690372726681676, 0.0985447580586298, 0.0264874655155509, 0.06730119356538387, 0.03423472331714616, 0.044858093518716044, 0.046140852663263565, 0.020554700208248535], [0.19333516311209148, 0.1811567597984056, 0.03180251900127833, 0.055441805548661474, 0.09827976911941302, 0.0799688847525596, 0.056596606899706456, 0.0349626434492867, 0.030728940883294614, 0.051717850404842246, 0.06341348047169112, 0.056755298076808396, 0.040116389161135635, 0.025723889320825078], [0.040150297631698736, 0.04791166924163222, 0.062076317814045795, 0.25475713878553646, 0.09691084428620388, 0.07162673864900528, 0.059870699954244044, 0.14531111485162337, 0.02331566745927963, 0.033139554813946266, 0.047158021901957725, 0.03001746307862278, 0.054800882298555925, 0.03295358923364805], [0.21299729221092986, 0.21808165678225166, 0.02112469088133804, 0.05501969928492244, 0.08215370978863387, 0.08814835279537543, 0.04221863010295659, 0.0312549814223503, 0.03972572024953937, 0.05746877504510301, 0.03866430535806593, 0.04820833196879669, 0.03058682378487259, 0.03434703032486388], [0.0821376114944302, 0.07087934677322721, 0.15615095275431115, 0.11774630482870893, 0.062309431427972226, 0.056408069134153915, 0.06225004638836797, 0.0674257613182673, 0.059552672856609125, 0.07558318219972379, 0.03241184537543445, 0.04982997051417716, 0.07257375797087172, 0.03474104696374475], [0.056375467760146805, 0.04236033416623003, 0.13835722242449794, 0.059565797701203974, 0.109237016786905, 0.10104289402240821, 0.06880021866288095, 0.045317464647279954, 0.029971416117398546, 0.0896648605328929, 0.03732499096628372, 0.07423057804392345, 0.10644764694188022, 0.04130409122606804], [0.1438123704406468, 0.09179537587187904, 0.03126388617484105, 0.1887720157476824, 0.06622569878843812, 0.08834444766420234, 0.04108139336623259, 0.10090698294341421, 0.06010182266664473, 0.028481425590822115, 0.05302504891058418, 0.035497971485345614, 0.03278684119030452, 0.03790471915896177], [0.14376318890945902, 0.10899109641482069, 0.07231982605682961, 0.09332673620627085, 0.05837308464639991, 0.05138510987694334, 0.0719088681081633, 0.07036740921055387, 0.08395834063612884, 0.04952584721333618, 0.04523788476668842, 0.04766559059225656, 0.04958133499290314, 0.053595682369246625], [0.08086616380138853, 0.06394839505003695, 0.07979826698656203, 0.0829083107756444, 0.103223955832148, 0.11057786067059654, 0.05847380377079914, 0.04466649580344004, 0.043649868704316204, 0.12537237244904265, 0.040497670836717535, 0.06918784411359497, 0.06009703362550663, 0.036731957580206975], [0.14608519463798275, 0.08652424085116611, 0.03464496258075441, 0.09369845082136324, 0.12839719610691686, 0.14664996889057516, 0.03711316417666202, 0.04515662337714893, 0.044806752824880315, 0.04027845568364915, 0.05861721010693303, 0.04430714824421066, 0.04446327545412389, 0.049257356243633324], [0.0566048565835783, 0.05406175170806072, 0.04217923525300651, 0.2076935003261699, 0.08908656979924197, 0.09224514932249797, 0.06430838374397733, 0.11858688428319322, 0.018917647929846643, 0.07027078943263004, 0.059636486190253975, 0.05590643017401095, 0.044426852391797875, 0.02607546286173426], [0.11807291974207347, 0.08066218165812032, 0.022379102289200113, 0.07308590590739648, 0.06117159835469349, 0.06830791919628361, 0.03241383018763489, 0.19462792253232056, 0.032290724735411586, 0.0224616978847827, 0.04257263075125736, 0.028960399462620166, 0.027599769359707347, 0.1953933979384975], [0.034663602940316486, 0.027336857470631977, 0.07010737265863884, 0.05618144595418309, 0.03298768923795191, 0.034257062959219056, 0.03648238033236076, 0.265271094603806, 0.03661861391545182, 0.033052900000676504, 0.027230468451950863, 0.03451444077684145, 0.029858161327690737, 0.2814379093702801], [0.2335707487176396, 0.1667002977324723, 0.032445717427733285, 0.06216103146529474, 0.09525626386962552, 0.11110005726384144, 0.03964556541712308, 0.04571104388784115, 0.03334610972418935, 0.031313392641151155, 0.04271749782768479, 0.03151977120861049, 0.04486058468588819, 0.02965191813090487], [0.1492388113251121, 0.09001854848497733, 0.05103933301320611, 0.0740839649954734, 0.06875295524181375, 0.07353994127131942, 0.06748321601617858, 0.05534223832464455, 0.08535857985791735, 0.0681551511778786, 0.03975285429112848, 0.05897784206427898, 0.058643769191765754, 0.05961279474430532], [0.06224527496261352, 0.059234373395074084, 0.05301162264815603, 0.03690154982003034, 0.05710752729341346, 0.05973983728558242, 0.035266622034104765, 0.2067508985477673, 0.04406238532960014, 0.027128511980096564, 0.04510996947210534, 0.039732174082450535, 0.030071653737665127, 0.24363759941133992], [0.05164003905184042, 0.08313850755592198, 0.12254068299140812, 0.10004142488977479, 0.12445298501454313, 0.09508733803558796, 0.06311890116590801, 0.06038842234015974, 0.040880428207102484, 0.06900653765129736, 0.05129318666396648, 0.0471576561333667, 0.05235723027638267, 0.03889666002274008], [0.20614649021457715, 0.1671424552469861, 0.10641319040475272, 0.09956499923899181, 0.05923469233514361, 0.05709584265057806, 0.04348704969552494, 0.057189971974154256, 0.03553407063662648, 0.03666250019471225, 0.03410345395058517, 0.027665610150154455, 0.041183889537753315, 0.028575783769459476], [0.20767151496775105, 0.11622962032666713, 0.06770913041148886, 0.05631516702555287, 0.1069597557062182, 0.12331079729039122, 0.04339640201798692, 0.0391788457986716, 0.026640404274520864, 0.025293602913031767, 0.07264105531487108, 0.03201453789513143, 0.04867524859997099, 0.033963917457745914], [0.17063819223517648, 0.09696657670324839, 0.03105312380889997, 0.06261839061322175, 0.07607113896112286, 0.12011532312144307, 0.03980261958769708, 0.08629749935182211, 0.05244604360813039, 0.02890260363859573, 0.06724567111634422, 0.03493125967338222, 0.028922107722207335, 0.10398944985870862], [0.049018675444215995, 0.03936681122746447, 0.06456245947327666, 0.09975953419522322, 0.07338521367934449, 0.07133279304045011, 0.043439523115812, 0.18134523766469524, 0.037103516476215785, 0.03710263371601258, 0.04806387946678114, 0.04833055001916344, 0.03760945656001524, 0.16957971592132973], [0.06378047851933898, 0.07692756377612164, 0.04923369385053077, 0.24867967563489252, 0.08947413979669212, 0.07437691426654723, 0.05813592338439587, 0.14089273280919856, 0.025025915558210484, 0.05032925502980648, 0.02595909233527953, 0.03269795570377881, 0.046001442063878226, 0.018485217271328427], [0.03863692795810974, 0.03488830769744905, 0.05521267847511181, 0.04131311481537034, 0.06747753223766252, 0.05642546495770209, 0.06156831480311109, 0.19114596738560144, 0.0649715944715137, 0.04489667444736369, 0.04926216239546013, 0.04690388014234704, 0.030907304366566805, 0.21639007584663014], [0.16365402701601778, 0.14076389128189132, 0.07789539933703178, 0.06677954992288883, 0.10915918444890699, 0.08030004097584739, 0.05724498786124151, 0.0385788915039973, 0.03472903114031666, 0.04559562139412348, 0.049514854627493825, 0.04934185148964384, 0.05232523961726595, 0.03411742938333322], [0.136227914373795, 0.07293913158550193, 0.09031106824226186, 0.040816606075652136, 0.10087961314353723, 0.08778245735091102, 0.06658247355904989, 0.08713076635114547, 0.03495143705817458, 0.034856759428185995, 0.05404938721122928, 0.03543801914689839, 0.05731712576653918, 0.10071724070711766], [0.13255830044525538, 0.09672985639983381, 0.04777957682805417, 0.1552081131515348, 0.08648654384999843, 0.08642378912395801, 0.05168800076789094, 0.09424184096019787, 0.0301628123368793, 0.05871736614365458, 0.04219175075373042, 0.041428971513891154, 0.03694508331619622, 0.03943799440892533], [0.06362778527133671, 0.06356186181173104, 0.1556324664254446, 0.06515124069117209, 0.0847331713512365, 0.07100355286815488, 0.08990551038540161, 0.03859896475521268, 0.06625588608103974, 0.06188643436068159, 0.053878108516872907, 0.06620263746172078, 0.06227773157861877, 0.057284648441376325], [0.09370954923264016, 0.08086450751553582, 0.059377761789223465, 0.07853164843991466, 0.07238491624556681, 0.09287488450982212, 0.04789239328751509, 0.03131362521984498, 0.11397297131478396, 0.0570395222767371, 0.07738090099210422, 0.0713741053343618, 0.03435214546751925, 0.08893106837443031], [0.07702296111987089, 0.05201507262932678, 0.09523579339553184, 0.15318188834508678, 0.10267180144168306, 0.07860225905021874, 0.056708383237934694, 0.0771281633051393, 0.03632240971602074, 0.05685919171328483, 0.050504841466420425, 0.04644564883925884, 0.06816670077488764, 0.04913488496533558], [0.05720603712995637, 0.04252000379906857, 0.08777579058233399, 0.030600862462017927, 0.10579077726494814, 0.0970199618081801, 0.08800912821566842, 0.026001950633730002, 0.03754266391961693, 0.048967051797665494, 0.1937207625871698, 0.0981821271849364, 0.0573453537762939, 0.02931752883841361], [0.06717799457184218, 0.053404571600301515, 0.34648693908509975, 0.047371470082478585, 0.0875369104889913, 0.09576852379025348, 0.04579226505673166, 0.03513376684973571, 0.029403116406644073, 0.0341252746538189, 0.04114345576509028, 0.029646735395950616, 0.05171208991615753, 0.03529688633690451], [0.08028876375878116, 0.05351787940917153, 0.09661464116505497, 0.038686156011056405, 0.12183617402074623, 0.09185538687870423, 0.09879715235884436, 0.023685889657287514, 0.07937188372645855, 0.08284689976720704, 0.053529359738429975, 0.06040721215146755, 0.08050865303675245, 0.038053948320038215], [0.08431955056876696, 0.06288084225218105, 0.04147160623104411, 0.07335905475748973, 0.18883394414064486, 0.15533990241156465, 0.04324547562193541, 0.04473421206909833, 0.0209632008373137, 0.05328092933530656, 0.06412557905035456, 0.04927674187906867, 0.08685096606687888, 0.03131799477835262], [0.26501793845027816, 0.24741085281298703, 0.015512972421270617, 0.036800943562090245, 0.06411473553677502, 0.06526743414760719, 0.039162869967185085, 0.02802202210313381, 0.02946670453704699, 0.07305390136757549, 0.031775419120058886, 0.0475749336577012, 0.03529007691620176, 0.02152919540008825], [0.08768475611202216, 0.05444948844419381, 0.03361090380574226, 0.18801441763735882, 0.08263416148648636, 0.08403321598562986, 0.054556084113944026, 0.12018690255427902, 0.045800954899070406, 0.040963456757590916, 0.04981585014220706, 0.0433942515240724, 0.04117848840554139, 0.07367706813186171], [0.05691382798865507, 0.05015484479206901, 0.10591908369999353, 0.09313009909718419, 0.11288151618835958, 0.08959035038105304, 0.0834335105023716, 0.047593540795456864, 0.04791322555832212, 0.05132919138342244, 0.08318694189623993, 0.07527266007684028, 0.05214656325661112, 0.05053464438342173], [0.17631067903942732, 0.11266081108152953, 0.03973625946289357, 0.049741437051444945, 0.11621971298787348, 0.11296159604023918, 0.04728656758625881, 0.03871861846003414, 0.042679508568065926, 0.03452495563204938, 0.07956788031690662, 0.046190474252618005, 0.04635793310542758, 0.05704356641523202], [0.12610569381973208, 0.08516352079653657, 0.09504375296655404, 0.150955210884041, 0.048942301775698756, 0.05613668351026431, 0.05261697877446682, 0.09629629303626278, 0.05027087093481586, 0.03992242702189174, 0.048416973216459075, 0.05649250112002569, 0.03278903991957303, 0.060847752223678546], [0.12865502164858544, 0.11191449783324642, 0.12780015207842163, 0.11433054059919738, 0.07253648991474602, 0.0884930056381661, 0.04439014898012745, 0.06507259891815051, 0.03844743285449133, 0.04942422445019334, 0.04010777646510852, 0.04263161214226805, 0.042274273767887977, 0.03392222470940991], [0.13355302102741262, 0.11422611833542534, 0.0631514655077304, 0.0581231170799313, 0.05007714628556985, 0.07903320804627675, 0.0688121434586629, 0.03337075701697449, 0.07718310043296828, 0.055658578246912914, 0.09151729324410046, 0.06624102441733289, 0.0330109725049264, 0.07604205439577533], [0.12929124164284686, 0.08682624088707838, 0.08549263104174146, 0.0792845380385854, 0.11074623074594815, 0.11923459153341416, 0.039901574698310356, 0.050630405262768824, 0.043937774376994004, 0.040275721668113204, 0.06420193478931727, 0.03985824304580065, 0.06418721389807014, 0.046131658371010915], [0.06435333061489003, 0.06623873765635256, 0.02401556820063287, 0.11451763272906945, 0.10902892541220835, 0.12329272183589804, 0.057331323587009826, 0.069754266478193, 0.039211658699241765, 0.13740167729788272, 0.0354509068723105, 0.07039619661752465, 0.035075537406590106, 0.053931516592196097], [0.2034230365785229, 0.1638784594559897, 0.06668096614605148, 0.12051452860545689, 0.060077288129702956, 0.09319539447179144, 0.040760327374259164, 0.06588349713245807, 0.035091795634539395, 0.02458401806967065, 0.03593499161931115, 0.03335752968513349, 0.02881476149984882, 0.027803405597264047], [0.15273840781583992, 0.09945355681552841, 0.023415904804963483, 0.20363931509014316, 0.0655596131656511, 0.07083505555254745, 0.05920661336682843, 0.10412098346649962, 0.049812109557597475, 0.037980679978750556, 0.033541313804286564, 0.03372949870259406, 0.03394109521028953, 0.03202585266848012], [0.05915035014378075, 0.042676298557748085, 0.140481370477259, 0.1458948345490452, 0.08027016792735625, 0.06886113145367088, 0.07202233953416225, 0.08445889680644084, 0.042407936578935136, 0.0756198420543512, 0.029665567229267616, 0.050209974490177695, 0.08352954690483036, 0.024751743292974627], [0.04167353341370185, 0.03559860193606682, 0.04241604454639408, 0.14987604013302017, 0.049751450212699076, 0.09989455876241175, 0.044860867828827554, 0.038518213187265914, 0.17886228145841823, 0.04141703734218942, 0.07155746126744983, 0.08562691990252293, 0.037732770668636034, 0.0822142193403965], [0.15907290098799023, 0.10568659143881033, 0.02511011372528415, 0.055327008159152063, 0.14948444109425957, 0.14182353679022727, 0.043659123930566375, 0.03771182532072102, 0.03422002385820708, 0.04010541488886206, 0.06555658983906543, 0.04173625155348776, 0.05380494207595734, 0.04670123633740883], [0.06950869449746867, 0.05207036961715253, 0.03327071410154867, 0.08319036226224052, 0.07418361032350794, 0.0672741461528316, 0.03496653531269255, 0.20946545435132513, 0.027758408956486787, 0.030728275673456647, 0.039960570662534355, 0.029584598099622935, 0.0304314439491345, 0.2176068160399971], [0.06447363811231298, 0.06193489716908373, 0.11042500229796906, 0.14269617333639795, 0.08814453409781639, 0.07873591972192817, 0.06280282448360434, 0.09928572454207983, 0.038578962729281845, 0.06020353881603452, 0.03303856256555057, 0.04269247222669786, 0.06493046745111335, 0.052057282450129166], [0.17047709320550086, 0.09927265241061341, 0.049646958828717135, 0.13098607210202112, 0.08936488086886589, 0.10489613574475071, 0.04789986903335554, 0.07959689208774051, 0.03257391012965793, 0.029930681474297196, 0.05153698626865585, 0.036415913744838865, 0.03825914626342729, 0.0391428078375582], [0.06630261683926579, 0.04671104608812264, 0.03071021701862163, 0.10101534781493648, 0.05555830245676885, 0.0837863090517526, 0.06897511439503366, 0.07101382139049499, 0.11537428651401879, 0.042658638894919214, 0.09421737331449569, 0.06662674034337004, 0.03882297072661873, 0.11822721515158127], [0.15219214821824087, 0.09897267016083702, 0.0510229649454299, 0.05979905694184288, 0.1454525545058707, 0.11803047410052496, 0.04634916557193688, 0.03177828877595936, 0.045269141841674715, 0.034625047865737106, 0.07269507478608717, 0.03740235519413695, 0.06747299001084696, 0.03893806708087471], [0.06424984239407597, 0.058514735526434485, 0.08788834622373702, 0.11899898454331355, 0.1165229227320495, 0.1056378134725854, 0.05144733461035575, 0.08963086344337623, 0.03736756102796022, 0.047079822892500726, 0.0477390140671471, 0.04448795901642593, 0.05884982382190508, 0.07158497622813306], [0.04787119922353286, 0.0399427258651879, 0.04444352292228276, 0.08043565210056654, 0.05961912575867705, 0.06317983687244845, 0.040133198120760494, 0.23564606933640272, 0.02482105667354681, 0.03175875164678788, 0.03581387389718772, 0.029980240308498725, 0.03221379019430933, 0.2341409570798111], [0.11787480855942248, 0.06986483335003171, 0.10249955746857117, 0.060302382490028734, 0.05717991698473333, 0.09606193008335048, 0.04352354652678626, 0.09874102914105376, 0.06849996277997436, 0.036348491567099836, 0.054303911888426766, 0.043062882785935626, 0.04081895114318321, 0.11091779523140252], [0.11052962841849721, 0.09082295989712706, 0.0421061594500853, 0.1356904800956762, 0.10554910033838172, 0.10161593960031598, 0.04707629501643637, 0.08627600506084136, 0.038544407855649575, 0.05788887691305344, 0.04126597141329968, 0.045808365596022055, 0.04660668845728862, 0.050219121887325455], [0.04318461495474375, 0.03198799925722262, 0.03259938886908499, 0.04626414897685813, 0.04576851584163203, 0.04501168267718812, 0.022284442737047102, 0.30286799255880276, 0.021092212649614653, 0.022492074656255266, 0.02909718276057321, 0.017122492463205376, 0.02278375664548159, 0.31744349495229096], [0.12725557982346467, 0.09649003304488117, 0.03575176379835504, 0.09205395498099413, 0.09734708613902099, 0.07071328479671919, 0.0848370811307533, 0.06263858808610775, 0.07779804525308599, 0.052227937550867354, 0.055126642265879044, 0.03207311197878509, 0.07346123004111418, 0.042225661109971856], [0.08936767568237777, 0.054363118129623224, 0.3073656823746097, 0.042276300824466206, 0.08568404194442829, 0.10229090324867815, 0.03979015980198781, 0.027163752744990947, 0.032223150886642585, 0.03179554299291679, 0.04607465417431368, 0.04178050978362147, 0.06170998252354085, 0.038114524887803154], [0.06942585810664635, 0.052297915405549206, 0.17182156204155638, 0.03923622014814953, 0.09406545998583575, 0.0687266093450329, 0.077813464575999, 0.02786643552443304, 0.13467531918130324, 0.07214961495810766, 0.028177940960689114, 0.05003462989787867, 0.07488180371441834, 0.038827166154401044], [0.12061764750015708, 0.09079850190260093, 0.06091088904468953, 0.09204918469838935, 0.10484778709584171, 0.09313191020139283, 0.05922633920063474, 0.055787131709345066, 0.039185925314119935, 0.05570922344508721, 0.06692740348623709, 0.050109452443430166, 0.06753145727140444, 0.043167146686669676], [0.12525043517125922, 0.08041857981370674, 0.0816488864270204, 0.056454013941776765, 0.1381825911475877, 0.14518874266923193, 0.03793137348657379, 0.04996294439772469, 0.02969056866801313, 0.040067430355846, 0.050893713053615605, 0.03835223077716507, 0.08131339315758976, 0.044645096932888956], [0.05960264344982838, 0.04409006609692864, 0.17187962693669384, 0.03880634204706149, 0.07627909423994683, 0.06701511634937302, 0.0910768496074093, 0.048778170478387846, 0.12597027123891835, 0.06284247280636034, 0.03401173678042268, 0.04606202482964045, 0.06725603398894762, 0.06632955115008127], [0.2024465520544492, 0.1389042517321157, 0.045809390357492145, 0.04258374945986479, 0.08296649082168782, 0.06661100635580819, 0.04967171864716207, 0.05500883409976432, 0.05763747607863614, 0.0544520660536275, 0.05215307857176536, 0.040368501120003744, 0.04550965136848433, 0.06587723327913875], [0.14056315309985254, 0.09283663112825427, 0.03590945899322808, 0.044586237286430436, 0.10077432017230599, 0.104351810719135, 0.07019223215587973, 0.026269417014254587, 0.03154982423198909, 0.037493263873120734, 0.1548892753043627, 0.07882628237330624, 0.03511589646626098, 0.04664219718161954], [0.2730510752091931, 0.2712241076859817, 0.044491347161817234, 0.045116664198285646, 0.05044024957666176, 0.057907127810327017, 0.030217855130342745, 0.031174860268957723, 0.027931113910982516, 0.03644595099928835, 0.034476965659564617, 0.033769704346550314, 0.02501632440636233, 0.03873665363568429], [0.2726793601179964, 0.24108617442477245, 0.02777404104085953, 0.06925019814751182, 0.05594312565250031, 0.06678743475349581, 0.03750682647388431, 0.04296970705048834, 0.02810827355605725, 0.040844735940375326, 0.03076299684008859, 0.029057074901553667, 0.026882791466778893, 0.030347259633637443], [0.09580467179770238, 0.06819024962994079, 0.21015708707707317, 0.047526676119542005, 0.11239547176569378, 0.12431575391507736, 0.036611264516410696, 0.022993930820644617, 0.041095020482387674, 0.036725669753999775, 0.07064507868524127, 0.03933391002109284, 0.05455039554939442, 0.039654819865799336], [0.0672037926515871, 0.04780629278383499, 0.035661034045693464, 0.14130733456914263, 0.08859781546996558, 0.09801709254983242, 0.03965260774208856, 0.10038642850796599, 0.08405282924754366, 0.0340392203551201, 0.053327066780085315, 0.04566844369909215, 0.05367325862221337, 0.1106067829758349], [0.16669645762524296, 0.088519663594182, 0.057943048882180895, 0.09972660419166439, 0.0900199092779135, 0.12623015763590073, 0.03622351288339054, 0.037909194599864554, 0.07551183143144995, 0.025759824517418685, 0.06081784296549155, 0.04327491363741438, 0.03603471495671449, 0.055332323801171035], [0.15778346667658258, 0.09946278980159567, 0.04814416093550742, 0.09886235542355573, 0.11232125061106493, 0.10981224732883565, 0.04364398621367354, 0.06749164481826879, 0.030668237601123183, 0.0476793386483311, 0.04227077630872321, 0.036097463014568315, 0.06451267612786672, 0.04124960649030319], [0.07684915085123144, 0.06065665766018558, 0.09146064839674518, 0.048513700313575034, 0.09765306202983738, 0.0754810672507205, 0.05182748996399109, 0.12250581344598711, 0.059320374100321066, 0.04330743460244456, 0.05674442327625651, 0.03562142106645899, 0.05652838660625788, 0.12353037043598769], [0.13905974859865058, 0.0984262335627061, 0.030121873252467374, 0.048476903192792915, 0.05228170640460944, 0.04936267243729208, 0.04724489815464794, 0.16913857304232213, 0.05666447508906559, 0.03432702776300999, 0.03798148675184115, 0.03065641447552338, 0.023029053788210786, 0.1832289334868603], [0.09725214845968957, 0.06188713226790376, 0.07216212920914176, 0.06566923234194902, 0.08232968362084744, 0.07324190646466743, 0.04603994136679057, 0.15777031827138532, 0.02616949564498661, 0.03199633526705051, 0.04393034876751105, 0.042662618220756045, 0.0355066826354376, 0.16338202746188285], [0.08977353385624696, 0.0574395205651258, 0.07829808795199233, 0.07294667042812288, 0.07133393221228483, 0.09846063579029019, 0.05329067553449889, 0.07279181249426878, 0.08982170097874428, 0.03901086972124559, 0.06473539280172437, 0.05938098853729564, 0.041560427588441994, 0.11115575153971746], [0.07055920903411932, 0.03663056981125703, 0.06446373383061206, 0.11932531826288816, 0.04484512236809304, 0.10244913032419482, 0.037622683435533134, 0.06482334895395848, 0.1450094072512772, 0.030223438239717685, 0.07168343452130403, 0.07250078465280493, 0.02554454469409563, 0.11431927462014466], [0.05119700020932635, 0.03609359700067671, 0.04657572182088329, 0.15508825996841202, 0.10749610161344667, 0.10009487709333323, 0.05167173113558134, 0.07360945784718281, 0.07709267529694022, 0.04437271393548553, 0.06256914560090235, 0.05736961660956377, 0.064532066504319, 0.072237035363947], [0.21697857991676647, 0.11558433534916408, 0.031624851629184145, 0.0881778362215486, 0.09110992835873287, 0.10418882959380646, 0.05015805352924466, 0.06413574832517688, 0.03591486445146263, 0.031063768290313803, 0.050619367182328415, 0.033167623453949274, 0.03445597456193874, 0.05282023913638302], [0.07150040949493515, 0.05952480976448583, 0.03113704502797682, 0.06805908272528229, 0.08141158777223721, 0.0781852690317698, 0.07221905542178944, 0.10904253315035949, 0.08171780710376786, 0.06088791990616192, 0.06101402123293542, 0.052189471816158586, 0.04093878478314262, 0.13217220276899772], [0.2144159050648256, 0.12679571207312224, 0.03666524442524259, 0.12922948637703982, 0.06399031388021033, 0.09305058287348446, 0.04174122972625591, 0.08224169320702392, 0.03839779303010677, 0.03506993936859422, 0.027734470636262977, 0.0344522056045753, 0.03375894747892196, 0.04245647625433398], [0.08173164838185402, 0.06836071801240491, 0.0289159922136306, 0.05701252645207951, 0.20406902009706915, 0.1566100255481717, 0.04045698725378365, 0.03374851975794443, 0.03149304878171436, 0.040090567097232736, 0.07722680977838106, 0.04647681349138853, 0.08117413749116634, 0.05263318564317907], [0.06819011329032476, 0.0501003001139822, 0.2097861897029961, 0.053093116779548054, 0.08032727298012728, 0.08190876028182403, 0.06683881652348579, 0.03370952418730131, 0.09507223332701747, 0.05710251687019869, 0.04597432807430948, 0.04626605796068792, 0.059715549359612444, 0.05191522054858433], [0.2441905371868945, 0.2069157378251454, 0.0299384978682146, 0.09669257001625403, 0.05467685194229492, 0.06072678532657786, 0.037215091184037985, 0.06253598159798743, 0.04176926460282233, 0.03154879911615161, 0.030813812943523627, 0.033920441254355505, 0.03323543437665749, 0.03582019475908282], [0.24702539902502862, 0.18977687831602738, 0.0500396117033573, 0.054116821432256844, 0.07671466200885474, 0.0811748480284104, 0.040321097205792404, 0.03649298403058822, 0.033520695576766874, 0.03584954602935141, 0.039804082445994475, 0.03153824126952032, 0.045223734965950196, 0.03840139796210105], [0.05262338514244504, 0.04236321708604387, 0.20485818367030012, 0.0436267141215515, 0.08301363059179882, 0.08267904063606354, 0.07756412846934707, 0.028383506300469413, 0.03254073744459228, 0.08472800644623248, 0.027622342947408916, 0.08171188065047875, 0.1283385599641511, 0.029946666529116803], [0.21280812694663012, 0.20109014206802764, 0.04830279259287293, 0.0521693677291174, 0.053901725593244444, 0.06871697998891171, 0.03665950232999728, 0.043588846585644776, 0.05387938269112821, 0.059262930267928726, 0.03991558370946964, 0.04850777727923345, 0.03276861100937574, 0.04842823120841828], [0.09402276442268044, 0.07568573533941111, 0.03773347902694027, 0.07775464340256445, 0.11218167165903341, 0.15230368460982724, 0.03198239064940679, 0.03446656344745799, 0.07812901323881648, 0.042054780717845484, 0.07954936753676702, 0.06471848255927372, 0.043659725224260475, 0.07575769816571552], [0.08111963612271798, 0.061352416071677816, 0.040172874525457584, 0.14374961156600138, 0.10857042788308112, 0.0631997941692325, 0.05354343355356379, 0.15154070692854335, 0.024680851262479046, 0.027384319918646583, 0.06288605262800458, 0.02546723042445943, 0.05710068826551881, 0.09923195668061585], [0.09255153913876607, 0.05824832341205225, 0.04177112644058014, 0.1042690179875399, 0.04752799375443174, 0.05436771585547071, 0.03878513567491046, 0.22597927960006906, 0.026642172042347843, 0.025923886966285056, 0.03061455866738645, 0.03230280443657328, 0.02559699710298352, 0.19541944892060348], [0.05885340338431138, 0.05602740225722231, 0.0718045490146475, 0.09141143398189415, 0.06219035352170525, 0.05743747439305272, 0.04334983266555727, 0.1802714577529162, 0.042311265746280746, 0.05299259743904467, 0.03203549862084915, 0.03570243522109531, 0.03766401092979839, 0.1779482850716252], [0.29870906208568715, 0.1841891958898914, 0.021796607976152148, 0.04128520101004986, 0.10507341706102084, 0.13600391401135464, 0.024323928988751922, 0.02680165847186446, 0.018355110251872888, 0.01937215743236188, 0.05670453508269909, 0.016546278243791835, 0.034638518589476176, 0.016200414905026248], [0.2912026278229866, 0.1718942237078082, 0.027479818674332603, 0.0495282442438933, 0.07951801598804066, 0.14034691003785302, 0.024585844678567035, 0.02004882012473166, 0.05066292690328272, 0.02932792503819182, 0.03892405208673853, 0.029142575405484344, 0.024051954354861883, 0.023286060933228315], [0.051266828956369304, 0.03264352103177015, 0.2295429280458636, 0.0609526134025926, 0.09151394221150251, 0.11373920465191782, 0.050065783919380866, 0.035975499152655854, 0.05191882981587456, 0.06068106341289454, 0.06833431383818739, 0.055332577540449616, 0.054407563000602115, 0.04362533101993861], [0.1129501506155