{"estimation": {"a": 4.509370714374519, "rho": [0.1090827434580271, 0.07665033209855314, 0.06097068105190919, 0.09155966864666099, 0.12132370988495964, 0.058672830284038975, 0.060769027325277156, 0.056578648724117976, 0.08678781068478579, 0.07075281213099019, 0.054563563825848795, 0.055775846191529206, 0.03774638023060128, 0.058765945462700156], "Mu": [[3.081668776840849, 0.1823717969535331, -5.095754606678173, -0.014211176452367677, 1.2564205977921907, 0.40034574830730274, 8.204771175733327, 1.039511218619526, 1.375381121398864, -2.6054866510739734, 0.5948725088020951, 0.3860147680245167, -1.4952156926224582, 4.731862758365163, -4.410978187892039, 0.1815461568432753, 4.8713704052179745, -2.500233291742009, -2.980584274884792, -0.4549519931783513], [-0.357378789041651, 0.05547102178469505, 1.3201711574219297, -3.1997622495559215, -1.6623779032578228, 2.111750865122057, -2.308366549914413, -0.6563580724775909, -0.3399958028743522, -3.282588006671843, -0.7940996726298648, 0.39474214890469767, 5.867832959510985, -1.030519119734088, -1.1151919564634514, -0.4008097325610416, -7.312766698576844, 0.6015747141357763, -7.988058621998125, -1.7112900895552394], [1.076675959138906, -3.92363428111623, -3.298990028811478, -1.661491823591911, 3.0176686849379677, 2.1411734687026778, 2.4163840030539148, 1.4390377774846115, -0.25507168170526734, -0.33206312347103634, -1.1700609742246244, -0.7796211244341286, -2.476926288800583, 4.68720854106745, 2.446250690762742, 2.124147037463558, 2.1804695357589807, -2.884199108163121, -2.7867073050198305, 2.327928553149345], [-0.3197982139515161, 2.865688353858607, 5.405378381159183, 1.9567691711678294, -1.1218235230623945, -7.126180814698276, -2.3593858252646394, 1.2224865081407386, 1.873836188680963, -5.35164954652247, 7.7470408479501325, 3.4135517589312157, -1.6234002759562265, 1.6542253662735404, 3.8499425766180826, 0.06247598260659108, -1.4963499095699615, 2.865103112044274, 1.148637984196595, 0.9648338263060557], [3.8788214138200803, 2.910999484207068, -0.17758762204062103, 1.318568937328791, -3.6690477359570317, 2.337586514104143, 8.816137016841488, 0.6803187851090197, -2.2319131713270193, -1.861741845297827, -0.5871345324456801, 0.7017753901648434, -2.6624937530897683, -0.7317036277875244, 0.5242605898638176, 2.5762844798840554, 2.847619102449877, 1.0010361863775556, 0.7378387492915804, -1.1636150887170322], [-4.848522742113154, 0.5500155310375585, 1.4737033400210942, -4.090662716233014, 1.8546624743432083, 1.6105882489745582, -5.710079254615898, -4.044122078067347, -0.46682222321972355, -3.8432161819599244, -0.9871995036112736, -1.3758315870424893, 1.773085056675438, -1.1903236701377657, 3.6481694457453036, 2.007011936416267, -1.632585351184407, 3.5426540055102373, 0.8526331345720243, 2.2868676127297634], [-0.5934855213163936, -0.031726899892411044, 1.2407876249046774, -3.022961852596943, -1.5727733995402025, 2.8690642181745476, -1.822216561147111, -0.13966156969682544, 0.28743123178587954, -3.0784090205094046, -1.1557099014071335, 0.364098002903805, 5.860649696942857, -1.432382820991716, -0.9376655668244347, -0.26154985996758745, -7.3043833650969034, 0.7985245778605112, -6.124129225334197, -1.5794721470375075], [-0.5600504339127877, -4.794517236225607, -2.7961582537407796, -0.383400486956655, 1.1732548174472834, 0.24340783246940226, 5.8523727008543185, 2.4346387865284553, -1.3345108627952087, 3.630380750684385, -2.519742525768471, 1.5538349806669365, -1.785968759918294, -1.1168527762177283, 3.9864723849655674, 5.139351487032261, 1.564123358967323, -2.9584836242454466, 3.864769814314582, -0.014124759307584576], [-2.1171480216687426, -2.8028430823379606, 2.17243098106329, 0.23475194660026588, 2.9637549537110526, -6.129926950770529, 3.7973955842581013, 5.39972871939857, 0.8851518178008752, -9.67848472851698, 2.9594266537710663, 2.6481254866799144, -1.4752035568142283, 1.7766967427893328, 2.74667684895307, -1.6604065603845337, -2.5998911822734834, -1.2755901687167253, -2.42854102500841, 2.1354495778368694], [-1.7916228862860704, -2.388336403346003, -2.3138993922395925, 2.736143092945746, -2.843790241025751, -0.8177661224696697, 5.328894264347927, -0.12762503641442424, -3.180523247136433, -2.3666848117968686, -0.9066706259773905, -0.05764867357067026, -0.6319170513125205, -2.7794946915627525, 6.153482595760815, 2.4814715264968554, 1.7779496023012407, -0.5252554794014836, 3.8231259546305147, -1.6750916490625654], [-2.13575374974456, 1.718800049625309, -1.944685855642928, 0.02505800830423956, 1.9770724326594333, -7.775440677041798, 2.0164003475338697, 2.0017441390317074, 1.9013056668704662, -4.919036389818424, 3.823974622479091, -0.22341093186377206, -1.1575928993976072, 2.2387437864558075, 0.34835377059126243, 0.06707709304041773, 0.5515548114921309, 4.17029253936904, -1.819888724002168, 3.6101430296809816], [-5.788283627232893, 1.1613272700148458, 2.1494780480198674, -5.494650237866585, 1.3946454153425087, 1.9356124574961868, -5.910543286682462, -3.4008219309710896, -0.7334425047056423, 1.3608097054929351, -0.8455774997423977, -1.1727982247619488, 2.0542551326698066, -0.8492395454881158, 3.736583631845391, 2.1889792784831976, -1.4370788465884237, 2.6157457567423803, 0.7743798722723577, 2.4281564059063543], [-1.9460524673922126, 2.2487120439590527, -2.3039105760121754, -0.18409669818644367, -2.0447698169704007, -1.6772169575667555, -1.2852544029023925, 0.5866950908620265, -1.7902353974402287, 2.0378195517134188, -0.7391916013248245, -2.5422950386644487, 3.382809637581454, -0.6273138159390909, -3.5346423087928045, 0.05920963288206351, -5.85874668797878, 1.1538144915387092, 0.3988570489290853, 1.4391747290464576], [4.155698510092869, -1.7247709260165036, 3.374155004595273, 1.1166032147888136, -2.857109943127225, 1.059137852066727, 6.432406204573, -2.6331044286890823, 0.1886206595820119, 0.8419668489278, 2.749105865275779, -2.3994855750948347, -6.163652149627336, -0.8328072048237367, -1.6337559945710316, -0.12143414440675025, 0.4235305272179904, -0.9173779537184902, 2.1475769793991977, 0.383841069459156]], "Lambda": [[0.3026400647678355, 0.9486089866121613, 0.1431907750666705, 0.5060163950270418, 0.8664300186536941, 0.8631743153592251, 0.2964281888732941, 0.8821130687804841, 1.0890670686342987, 0.5785560310344822, 0.5312004646451534, 0.4285507837519616, 0.36652382457787885, 0.8149815681127174, 0.20974656327437935, 0.8930774666486457, 0.39252200750928146, 0.30435497873031186, 0.18162563968420944, 0.8524512863939344], [0.31917710540381755, 0.5094139740292462, 0.35438995251542105, 0.6112967028667601, 0.3898592278418525, 0.44902820819233014, 0.3370612365396048, 0.3285761403702552, 0.41040622616547173, 0.5959764662536982, 0.5361612580902686, 0.7714841824055408, 0.29050673473261085, 0.40472491737735894, 0.34193613484983326, 0.3380653570886983, 0.23894134029312042, 0.580780010591357, 0.2135806289814669, 0.5760356955187175], [0.3010089666992033, 0.5772740086276692, 0.1802300680913484, 0.5924090525767741, 0.43461310463208364, 0.23569382622535778, 0.45047590918003, 0.7169815212565315, 0.3433320137071906, 0.22873903829999295, 0.3563625588601208, 0.3613766709642247, 0.4116180376957721, 0.5030707394794937, 0.2588385913897371, 0.49952616695844315, 0.5507092524698757, 0.35377664038284923, 0.28702966650322836, 0.47082381984440475], [0.2893114766596572, 0.2760269089510039, 0.2808875863898988, 0.16860318208048614, 0.2614724675274777, 0.18611608363685925, 0.17656990129703873, 0.43908768283301464, 0.4364429511141005, 0.43767601638638004, 0.47103590996193384, 0.28856819759058616, 0.5192723332723254, 0.35694835962461907, 0.4103338461552971, 0.7401786433013795, 0.4933072498613738, 0.3410588278608191, 0.6755971594605408, 0.500915189600183], [0.20036027186885405, 0.7430857802326299, 0.34393687902022796, 0.28685374059878094, 0.7706848088365772, 0.9509581094423721, 0.19114494123249312, 0.4651299930607745, 1.1173932145306484, 0.5279109008560121, 0.596362788333374, 0.36609468653290606, 0.3079392249445451, 0.6335663311117665, 0.1862574799182955, 0.7252080844284657, 0.2540681731528035, 0.28759355837644646, 0.36608142490635154, 0.6640040036832964], [0.3165519422867219, 0.26128278523935855, 0.6849058116364967, 0.18823969430749596, 0.3945479058935475, 0.4382271257740874, 0.3121085165190818, 0.4856043050318134, 0.5526919143284778, 0.35256860954794966, 0.3851235776427315, 0.35137235725931676, 0.5238448407855854, 0.5431679882282532, 0.7290385456444672, 0.5881597959976997, 0.37898969851124475, 0.2972022845210484, 0.639944280675156, 0.47025868331936715], [0.4544932050243598, 0.5441794693101809, 0.4003957484405149, 0.5767827387467964, 0.4745920426726929, 0.40922981655218404, 0.42209514628758926, 0.3694334393332093, 0.4402813208306945, 0.6246231072359577, 0.525106508671061, 0.8538425389760754, 0.2808396031446313, 0.45893215679062654, 0.3591682337862672, 0.3905710903547738, 0.3170938366463551, 0.5627358651150839, 0.2426871327861289, 0.5467635404914812], [0.25209492590291704, 0.2878762082760843, 0.3231144472290288, 0.47354605421662815, 0.3127598655688337, 0.3376678025454658, 0.3468176295687268, 0.23346467766277842, 0.3913949144390369, 0.15825640897393198, 0.4619686435340455, 0.4572627727857935, 0.446276789672421, 0.5227817955860106, 0.2919940308531068, 0.3293392579640621, 0.42203741274877554, 0.4298896363602149, 0.4628376435962265, 0.3287816124737175], [0.23355318223264188, 0.35966139880591713, 0.21107589755815448, 0.35406439234958503, 0.3639099121533013, 0.4126267463227372, 0.19598021326256282, 0.4409132518818025, 0.511267934604877, 0.35953701314047687, 0.5631834627654111, 0.3055808314670189, 0.889284932718301, 0.34769686140192674, 0.34993699858893323, 0.9111834588204764, 0.2435786438450116, 0.46753807778752937, 0.5789728561743799, 0.5099196772370977], [0.19624269143325027, 0.2581460100730028, 0.38055186559475634, 0.3827534756022764, 0.33792021802965455, 0.3101026075808472, 0.25380549109220096, 0.3134396468669444, 0.5831325043087318, 0.24166164731377895, 0.4536567431239719, 0.4765331524491654, 0.4243137578114625, 0.6227940646926187, 0.2731909986374932, 0.34621552393144917, 0.3070227228957253, 0.23744453363505946, 0.5303852387660198, 0.4012444159440177], [0.3055199685313093, 0.4342616791000276, 0.2209551220998335, 0.32206650968701495, 0.3708188384960028, 0.5403022033263714, 0.2214243823092463, 0.6061445949968003, 0.47095090213036234, 0.5791903507712401, 0.4682087813082566, 0.31077748465057026, 0.6701752850620976, 0.262632049538654, 0.3748022536508429, 0.44231168691499545, 0.37931440281052164, 0.44649217982557743, 0.2794313019726129, 0.3785840076600913], [0.3301749919024748, 0.28497515870027657, 0.7615807980762961, 0.21591486495294146, 0.36585712793432024, 0.423496735468087, 0.3005060218646, 0.5854312953876358, 0.5009332596841227, 0.42614266486136626, 0.4383964574120133, 0.2991761469943987, 0.5421243362629551, 0.5929330155493313, 0.7172176156149651, 0.5445190746386054, 0.3792443086517482, 0.31591101320812554, 0.6478813460339972, 0.49159735518366326], [0.30980671035048213, 0.4256734529280397, 0.491688002126272, 0.3942055347340021, 0.22434753631251939, 0.4544028183642057, 0.3273140687218126, 0.4047573104625494, 0.34797216649093465, 0.4601804769455022, 0.3997742743547584, 0.6498407992506511, 0.29176852272317466, 0.5910518989001061, 0.36577105784163627, 0.33445788768208135, 0.2696381194214067, 0.3124220287357395, 0.2513974230328612, 0.42736426775618275], [0.2386735844840091, 0.2674706443075417, 0.6494354276392169, 0.36850243885212436, 0.5842434609689777, 0.427602464968397, 0.35399699599753426, 0.36114503493980404, 0.4293731340555922, 0.5877225550399399, 0.5952571646955872, 0.4050367378935745, 0.2956996380322996, 0.29684762718940905, 0.5938695380287434, 0.5023469175342524, 0.4498323515902509, 0.36009368868116315, 0.7029376855260778, 0.5445195125118942]], "U": [[0.09447746234639035, 0.027782680170484384, 0.0248071444530741, 0.1380221865714388, 0.1175852235436176, 0.017274916589831865, 0.013781380990873986, 0.14894090711705904, 0.12584930022971946, 0.1718611261847678, 0.026360407501783704, 0.015562969978219186, 0.03147064437520761, 0.046223649947532135], [0.14641996279791628, 0.04254601901460457, 0.03581013353349806, 0.06135809417039944, 0.19089832930740733, 0.02085205444541839, 0.03559913740589568, 0.06315466275112055, 0.08568535422067816, 0.07856510883704133, 0.05227443638673858, 0.021706858131155388, 0.01777523862009704, 0.1473546103780289], [0.03398016184195208, 0.033779049659189056, 0.03535703712556675, 0.2786175097898373, 0.03657731267171562, 0.01694536184893772, 0.018245326889589967, 0.03328966782475312, 0.3763977498313915, 0.02129860842037912, 0.0659588180994421, 0.018751106582422936, 0.01227650565466125, 0.018525783760161257], [0.13848017332711923, 0.1004086837427536, 0.02947559231741386, 0.08128602828124276, 0.1575787736345692, 0.039441227977640304, 0.08315407310950362, 0.028897455696953952, 0.07104362522575541, 0.05076980376356046, 0.04040672705951996, 0.033140983722346716, 0.04312269409901876, 0.10279415804260227], [0.03723441388318291, 0.028972162328753923, 0.0672050025951305, 0.026040202728510965, 0.08531128505160324, 0.23265353180881285, 0.017543338344599056, 0.10651392395796744, 0.022287742305524105, 0.07619055131006586, 0.012139120512734133, 0.23258357660792336, 0.010393119582280001, 0.04493202898291224], [0.14205105245780414, 0.027920944253129843, 0.02386247818949443, 0.19685997623781734, 0.16117316240813057, 0.031217811991431123, 0.018143617844867323, 0.03134271107978391, 0.17050484191608795, 0.03785925945829162, 0.04032877954271452, 0.02312148546584911, 0.016813013572539455, 0.07880086558205854], [0.0743375951646178, 0.08038440526334865, 0.03346884620258623, 0.09120362459042745, 0.11307744561286903, 0.07947911327928207, 0.06933141608858463, 0.03522917578338529, 0.039954284719302104, 0.08826824139398504, 0.047178181882865156, 0.0888235171335697, 0.037287552532127365, 0.1219766003530496], [0.09190090633950533, 0.03967657113835915, 0.12116644470316512, 0.03192940756539318, 0.20259405859431406, 0.04119233752398989, 0.024904766493923553, 0.08532402624044504, 0.04240720398249401, 0.2173138216735355, 0.027554574587264773, 0.040194294343118275, 0.012082254462483717, 0.02175933235200871], [0.05006314989952229, 0.05597102479629041, 0.04819372844738054, 0.2776330152667028, 0.05140728016408616, 0.027203595630036312, 0.0213314465261054, 0.02549741529889985, 0.3115340817353623, 0.043903969102589216, 0.02842091681670455, 0.028899625881682305, 0.013079473273941551, 0.01686127716069663], [0.1024800078023548, 0.021533373683731507, 0.04744623041254157, 0.24221882928469202, 0.1255325631767618, 0.02926473401143133, 0.01184338457540684, 0.03887952570703018, 0.23120486054140008, 0.03842000158765116, 0.02031376408863, 0.024256440127872442, 0.01603606251706443, 0.05057022248343176], [0.06041916303090095, 0.06178189114240429, 0.033428762215790504, 0.09381412846216514, 0.07267600501227671, 0.02619449995234218, 0.042286429426298955, 0.03255120050329036, 0.08112404095222325, 0.045388077869738204, 0.08313856411427753, 0.024979939614144495, 0.11204147889149885, 0.2301758188126489], [0.18685896171352642, 0.057388588638706384, 0.11536642025051701, 0.04737339437894229, 0.1354685810133316, 0.04443473868133776, 0.028228703868260308, 0.09334098873222521, 0.05549438511655496, 0.11502671891968244, 0.038510905825362936, 0.03370302283251214, 0.025092652763952193, 0.023711937265088533], [0.09910305199554985, 0.09977078940768896, 0.060962235773213885, 0.15168600068618407, 0.09882226511285606, 0.05517333253192213, 0.08854060102722718, 0.04276409958936719, 0.13903104952736853, 0.03008127580437914, 0.037654276464450166, 0.048985435862376865, 0.012816895758097632, 0.03460869045931841], [0.13234548562959908, 0.06181224006219901, 0.07676183977296476, 0.19064487241021033, 0.10066567174517567, 0.048977492413369475, 0.04665892059059005, 0.01698599118143698, 0.16529201417659836, 0.027627452757639562, 0.021966121151946724, 0.041681133776017947, 0.015593536121191943, 0.05298722821106051], [0.04347021472218044, 0.06168560759753541, 0.045040637837263454, 0.0595374139502249, 0.07720167636412831, 0.029942143425796496, 0.038867647041638385, 0.07326102203336059, 0.1921943440044093, 0.09736862439138266, 0.14537350104309335, 0.023639964298731577, 0.03323365832751465, 0.07918354496274006], [0.1176012872530347, 0.06178089910840784, 0.04287513135559328, 0.048849255752107315, 0.20337545351860195, 0.0932306865335025, 0.05284537634608902, 0.022324744917027545, 0.023212415176908245, 0.1523389730084508, 0.034480838165916516, 0.08813522250970404, 0.020314536790382046, 0.038635179564274494], [0.04034052919443214, 0.039023176686506164, 0.01716715044333428, 0.20355599044831726, 0.16255823490306093, 0.023693741208907042, 0.026124340891937346, 0.04785613515530968, 0.2077546643126613, 0.14957299285919506, 0.022430773543596544, 0.023105174027360478, 0.016017417244293505, 0.020799679081088495], [0.06288862621378108, 0.07039748701330477, 0.026702797205605092, 0.053551980934174695, 0.23850832094760943, 0.026128473313361794, 0.06103231639995552, 0.05096442517064401, 0.035175444619595646, 0.1861755186394331, 0.017644181152674087, 0.02151756060221614, 0.023103933605080777, 0.12620893418256365], [0.17058966374764636, 0.12478131896353332, 0.08623167431248717, 0.02090253769870357, 0.17518278631890827, 0.03797771578170203, 0.11653429325702026, 0.06593357676921861, 0.018993452623018776, 0.02999179363589399, 0.012758073336750731, 0.03842465329594156, 0.034286840152091554, 0.06741162010708407], [0.06584282163236946, 0.05823428076376161, 0.06466024464739899, 0.10926939348818346, 0.048327424302262605, 0.020229674294275697, 0.06091878654164449, 0.05166195429429018, 0.05532131154747516, 0.03362666536014564, 0.018972595080501448, 0.017750407086432045, 0.0231696767978385, 0.37201476416342033], [0.11891973158000524, 0.02358715427455629, 0.019376073611709954, 0.2654439460732498, 0.1552550098503557, 0.016171630145738823, 0.014719191017181209, 0.02076063890204423, 0.2523498944349452, 0.04809758610098135, 0.02187977499594986, 0.012093360901259976, 0.009150350706179654, 0.02219565740584256], [0.15892358595681502, 0.052355680117498575, 0.03695935039347874, 0.026547759467172496, 0.2818657413394256, 0.08028608378064296, 0.03898707741498011, 0.04041656968751283, 0.01984497874352326, 0.11275910238104687, 0.024607463174920834, 0.08759399825243702, 0.019997056308665235, 0.018855552981880862], [0.17565008306673166, 0.20727384804865684, 0.0998793734114417, 0.03269171999699796, 0.11231032954957493, 0.02358142303624122, 0.14693096817719242, 0.015616233172988488, 0.027088509354548027, 0.016318099675562674, 0.023502367700341507, 0.02542417143678295, 0.06456686544170491, 0.029166007931234895], [0.03141879619126952, 0.02483241183614888, 0.011007927286401759, 0.07359261722280576, 0.16639761985481827, 0.02008941783508389, 0.01934572547409215, 0.03238397781766744, 0.04798323400962119, 0.1305884103763045, 0.028503152062413727, 0.025241691043948425, 0.03829191581000047, 0.3503231031794235], [0.10565584394489867, 0.06791433682413965, 0.07433312136169698, 0.05657637304473117, 0.1319614693383965, 0.03494844216778279, 0.04726118777546261, 0.06701526936894865, 0.14705821360688986, 0.0447566099351638, 0.1164330299315887, 0.03213090293949684, 0.03494941075028927, 0.03900578901051454], [0.021329548338362113, 0.02438654267113906, 0.022189685394341654, 0.09683743131889753, 0.03120605296118532, 0.02574505226634651, 0.015603568631736023, 0.02868043842239319, 0.3397801906947598, 0.0337065435952499, 0.2787277103331888, 0.02374200985609743, 0.029521092914770706, 0.028544132601531894], [0.04073787384427968, 0.031148768614885386, 0.03933619735590009, 0.1850283606627819, 0.0372470522947068, 0.021964332012438394, 0.023207717081982385, 0.05571796042317048, 0.237415545309851, 0.0709734445578086, 0.1731466309175145, 0.013576774001968175, 0.030733171813561267, 0.039766171109151656], [0.11775244939338643, 0.038481125364969684, 0.04442826589826042, 0.08403732697928047, 0.15726076262218988, 0.09426088605547839, 0.0245753752666042, 0.051695908743284426, 0.046952143746937805, 0.09880350622126452, 0.04932175224914566, 0.09454563070693682, 0.02910241161323074, 0.06878245513903081], [0.036136544488551706, 0.024098547215429415, 0.0316611838546176, 0.09510863530518165, 0.029166371823894824, 0.29398220731243707, 0.025702750923581284, 0.028182644793334693, 0.08256563574913318, 0.024254419538176596, 0.020426442151197998, 0.2706625685699459, 0.0192737701417789, 0.018778278132739207], [0.04823490880772733, 0.030432069687028503, 0.035328187759481926, 0.2956088269343558, 0.0220690054047755, 0.034837861512687834, 0.02625135374491293, 0.020820968393782873, 0.26739599204725956, 0.02236998650031283, 0.09874480323234587, 0.033437347225010246, 0.019715122486567736, 0.04475356626375099], [0.049178971383621026, 0.04277955332371982, 0.04278408004347886, 0.1693481453802961, 0.0503200472579211, 0.09702540945900956, 0.030846712284876, 0.030085343538475365, 0.0786809835105971, 0.0720805675687166, 0.155634536099978, 0.10941331393975548, 0.01941264174791327, 0.052409694461641905], [0.18719772151573327, 0.08291714187287617, 0.027983313951644117, 0.09931676012412755, 0.2139416729423387, 0.03402887698595849, 0.07761309064079183, 0.031214999329485443, 0.0761156644790136, 0.05507512390315283, 0.021287949917802276, 0.037164513433370495, 0.012652385351101353, 0.043490785552603356], [0.07657798960920822, 0.05655201208489665, 0.1824776389795751, 0.05488263672991975, 0.07714224666640802, 0.027549325696971758, 0.04107388695193657, 0.1992692610464493, 0.0649506358911661, 0.10045315685990254, 0.03197734703770198, 0.031713500574834276, 0.024327082966003718, 0.03105327890502631], [0.0561191449064798, 0.2379715334533661, 0.031083061622319132, 0.04167904087951214, 0.11572228853805389, 0.01768047035841204, 0.23325435207048686, 0.05325389981309632, 0.03080029961281499, 0.05929423552399068, 0.013198392698933753, 0.01849120714454348, 0.029022170352583233, 0.06242990302540776], [0.05183906084577142, 0.03417024370215542, 0.05780857010216832, 0.049398622371183004, 0.23078855275050528, 0.051070876125738754, 0.021655204451197806, 0.037269298689677835, 0.076742104505057, 0.2359766457820053, 0.06502954557584945, 0.05346757576850287, 0.011921759189571857, 0.022861940140616478], [0.08525066187531895, 0.034689591956443035, 0.028377816052029107, 0.16830618232566946, 0.08929092976459194, 0.15945358212653654, 0.024415993366464748, 0.021157625966088407, 0.15746509404559275, 0.024110830946967702, 0.012739048674535333, 0.14952610164805674, 0.016957301285019977, 0.02825923996668541], [0.18652539650033947, 0.038313413032193544, 0.015293152630341426, 0.13905908668962116, 0.228151659273554, 0.03344845820058321, 0.02876388880322084, 0.030054016181342416, 0.10513867893887881, 0.03569895853101631, 0.0284545928371404, 0.037487297974125276, 0.03563299759545878, 0.05797840281218464], [0.06284450630460842, 0.17940673561029416, 0.07006951454782678, 0.10878223506810925, 0.023899271596785836, 0.07475021787226449, 0.17977983912498616, 0.03644922520595964, 0.10587540575228419, 0.028364104472237837, 0.036804167826068004, 0.04748781461542467, 0.017762778033399523, 0.0277241839697512], [0.2131596435512022, 0.11910750289057503, 0.043606263123151114, 0.05400603461284799, 0.20842792924450995, 0.034336911935786356, 0.0894648729149169, 0.02765801302130044, 0.03342576448358032, 0.03250624133988121, 0.04038378408856028, 0.030272288628587357, 0.03642591170318005, 0.037218838461920964], [0.2767255882761159, 0.02761691225230606, 0.03632313012521782, 0.05242176582419805, 0.2958962763328445, 0.022674312137718033, 0.015403143270956281, 0.04360911533964556, 0.032192121391151365, 0.06308215823499924, 0.03054445613275355, 0.023773159219195195, 0.02048483430404635, 0.059253027158852084], [0.137436226943602, 0.07745634795858658, 0.06692841744722565, 0.07639438859061365, 0.12175238202410218, 0.04603802419506166, 0.05942268085220765, 0.09891689751031213, 0.05698974956229831, 0.07528544531922908, 0.05677435796301617, 0.043409761674755444, 0.02810175606690815, 0.05509356389208146], [0.09856000124716739, 0.030609303457066896, 0.019849107766142276, 0.0566777164864726, 0.13548926080541854, 0.023985549403208573, 0.015948394560562455, 0.18250505271121045, 0.0381847656370492, 0.19474263507639514, 0.03566500433285294, 0.03130939295846274, 0.034813631122656785, 0.10166018443533424], [0.08556404035773281, 0.04158160982417336, 0.05241053103627364, 0.04733526919504283, 0.08366172980562413, 0.2090221571926016, 0.044533637169994304, 0.035102271937821325, 0.03089371389591352, 0.053237138250420556, 0.023896126468686014, 0.2030553678289613, 0.0409291514017361, 0.04877725563501825], [0.09427069101115354, 0.032387830034671446, 0.030814379489673277, 0.1466584399171416, 0.13010233564629947, 0.03968379583803424, 0.018502459551205375, 0.11201155024504036, 0.14870607803970246, 0.10930567920699627, 0.01657455114290665, 0.056566804842050296, 0.01859029682242118, 0.045825108212704406], [0.07413120148854345, 0.08434379431724406, 0.02572586579286021, 0.05241194655338712, 0.0903654385879327, 0.049216636178451144, 0.050227110636029755, 0.17847055081503438, 0.013066838165807294, 0.20906063561262664, 0.04007495206176377, 0.05534933327971053, 0.06413775849701002, 0.01341793801359894], [0.0250896430430673, 0.0859487252816261, 0.031308636314843076, 0.05354251854964463, 0.0278853384101986, 0.18174030127733543, 0.07692018752979495, 0.031507870520300386, 0.12035130533446604, 0.029916401152193458, 0.08134193581625175, 0.1924838526915105, 0.04296563868035208, 0.0189976453984157], [0.31964926322156123, 0.046592016324639655, 0.027849896121851382, 0.0209203424387138, 0.35103419194270624, 0.012713250010893358, 0.034279793114409415, 0.03169426479152174, 0.03610219546572373, 0.04379801573669, 0.02601015083112132, 0.012412946913102841, 0.014474891378925228, 0.022468781708139936], [0.1618793531977448, 0.06850233509075657, 0.03953734774597952, 0.0479853527228659, 0.19678803986662652, 0.05100182517661183, 0.04432932447043317, 0.07876780625575651, 0.03852610131107037, 0.08566718172853767, 0.028157940319029087, 0.04094225620829393, 0.039138413598272956, 0.07877672230802148], [0.11808592313265223, 0.09443460716537558, 0.14160680068186612, 0.055832598516854064, 0.061058219975560976, 0.10636901108713, 0.06672338400307985, 0.04538169815324275, 0.07381356361234917, 0.05896446798668123, 0.04449225003794772, 0.09414387004586722, 0.015135169216620597, 0.02395843638477262], [0.21412978473552488, 0.16885797148560566, 0.038751956577092656, 0.02978221907610824, 0.20661626893223226, 0.031062531407823495, 0.1556067324434294, 0.013797846865972132, 0.03201744311183774, 0.012210104111598345, 0.024633843511306028, 0.04036892196698468, 0.01565078973163637, 0.01651358604284834], [0.15752938354735513, 0.05723184719298119, 0.03206420874879137, 0.030911907750531254, 0.28950504210973765, 0.02858855905090606, 0.03271447066308425, 0.05789011157595614, 0.017273008068737022, 0.17939515479035806, 0.01853430411207909, 0.028289984012203454, 0.0275641017387158, 0.04250791663856324], [0.07551591008298353, 0.12537654306022028, 0.030395025713036015, 0.09984912403117574, 0.09428810071123363, 0.07686664400886599, 0.09601861858286612, 0.03964103958227539, 0.0729993704127086, 0.04612536309515586, 0.023891479587878288, 0.07805864666932802, 0.0318937105831137, 0.10908042387915959], [0.1903457048111456, 0.057372949458901715, 0.03995382970514348, 0.04751719047822233, 0.22516842335752194, 0.057345971170543346, 0.033563260359927446, 0.05769916033701152, 0.037911173240031765, 0.0759770321513099, 0.02581262044442339, 0.05634202135485818, 0.02529974939295721, 0.06969091373800272], [0.2039274899910743, 0.05239491799155893, 0.03648978873139154, 0.046354927751298514, 0.24081663157802335, 0.0470463236251182, 0.03416135144316672, 0.055090766618512414, 0.03906053359935986, 0.04930787049935242, 0.03856812094919549, 0.051297541011795324, 0.01566045178522675, 0.08982328442492622], [0.05592148959245533, 0.233378884902228, 0.08423705984939091, 0.03452930144222458, 0.04234888608308228, 0.05067882418374274, 0.2062212645098831, 0.04266565482272839, 0.05035241381094704, 0.02510134091797074, 0.030702374888537786, 0.06392068559852389, 0.030040372386343925, 0.04990144701194115], [0.1781804094555025, 0.043917442793936785, 0.05792909792451558, 0.07279341621068162, 0.19901724122458983, 0.03906719078939059, 0.026834218841597552, 0.05021598969439873, 0.0885426573949917, 0.08227413037100186, 0.06933016233884834, 0.023140259143536315, 0.01532191025667685, 0.05343587356033188], [0.0757648790779927, 0.050219017813607436, 0.022080474751730167, 0.08660739735269155, 0.09343066947466454, 0.02738393195878613, 0.03469646271547221, 0.020430782678344223, 0.2344425297432057, 0.03737027395147644, 0.23267726066755445, 0.02823375284338168, 0.02269968459829337, 0.03396288237279907], [0.045551499899935365, 0.2277830383615163, 0.030134378047096864, 0.09838358171334172, 0.05833689452338961, 0.0318324944699796, 0.2153389409407904, 0.049861908681256166, 0.09363471302107226, 0.04678006913822568, 0.025310860071175494, 0.028356144363593537, 0.026457649915550642, 0.02223782685307705], [0.03819884348311675, 0.05149748601113587, 0.04887423609021077, 0.0547464344093429, 0.03206277200433047, 0.23360748332149972, 0.03220904312064702, 0.059214297376337155, 0.06868907669563584, 0.058425240309741784, 0.02374403990158975, 0.25291589259266956, 0.020751623589018265, 0.025063531094724426], [0.03960035955356944, 0.13227223282114792, 0.04059868929996442, 0.1920242021136846, 0.03570342853294977, 0.07180438062096353, 0.10641164039072304, 0.016442029338271696, 0.16930528117783572, 0.02312550175320154, 0.046933150736781254, 0.08364695755670418, 0.016744894270657805, 0.025387251833545676], [0.16805811322510789, 0.10374459715221673, 0.03985161379142378, 0.04041591103715735, 0.19404245672867806, 0.10267583040729958, 0.06642849233714136, 0.026570431281779265, 0.02238717379575076, 0.04895797634559456, 0.025968989547594575, 0.08582731921252452, 0.035026333308468376, 0.04004476182926334], [0.0885159147035833, 0.06955864244168439, 0.05695524075514346, 0.1644749509778121, 0.061340506891997236, 0.07669361345426408, 0.060354574768430806, 0.03573075788489095, 0.10505169797372443, 0.052996049038546406, 0.031075227888374825, 0.0760380791250029, 0.0484371989964206, 0.07277754510012452], [0.2693656413985044, 0.06848857797166215, 0.05480033859751733, 0.04245754794077702, 0.25208756887008094, 0.027371778338179567, 0.0568843869619358, 0.02740968141962852, 0.04675793741563764, 0.0381840472113775, 0.026506952030037223, 0.023113957324746047, 0.029139570057597194, 0.03743201446231807], [0.14254204599442016, 0.017470883859101703, 0.13391618144719036, 0.08599073040674592, 0.10293488443908524, 0.018567031183169668, 0.017370994129078814, 0.040485995438965285, 0.07818580001190431, 0.04681594458867397, 0.016101157158554737, 0.02094786181393537, 0.04494426830081015, 0.23372622122836462], [0.11969490943816645, 0.06358498898183336, 0.01489337286780484, 0.15280704977385853, 0.17281943861855598, 0.03742786519321552, 0.03933264676360416, 0.033561143137915736, 0.1361584362939224, 0.08901917294471912, 0.032837605194580274, 0.03580131359182091, 0.01804008395825985, 0.05402197324174266], [0.05349496950933586, 0.03387276928371924, 0.05170113610876818, 0.16747188059389892, 0.05331924037850458, 0.02734836756465027, 0.03387370821989676, 0.05990558155148493, 0.25721629838194476, 0.05269175850389649, 0.13010397629589524, 0.02357735692481338, 0.02599084569776456, 0.029432110985426748], [0.09719929288400522, 0.09700500135779014, 0.03165938044930339, 0.13208398042176484, 0.0919677571722949, 0.09028625690961757, 0.10270577468243, 0.02805793439548233, 0.08252108569765833, 0.024280881939783405, 0.05598885115917031, 0.08756403396587749, 0.041241356358828356, 0.03743841260599402], [0.13495862602412378, 0.0929655248456178, 0.09372224895276039, 0.027342610274127575, 0.12490783250830607, 0.07145300734044786, 0.08008255155498857, 0.07132805317867565, 0.03976591763698168, 0.06800206332460716, 0.02578328864664347, 0.07320251083096584, 0.023188766727873233, 0.07329699815388098], [0.042221008023324916, 0.06547023705902298, 0.10913152534282329, 0.039008987071916634, 0.05652524769586104, 0.1549120834058797, 0.04200975948293605, 0.13983412783303023, 0.046192103388340525, 0.0570550021096459, 0.04200581619501076, 0.13781277413107318, 0.029624554055674816, 0.03819677420546023], [0.10169389024477485, 0.07994543841230789, 0.01995031114531215, 0.1545144999500721, 0.14212894059225506, 0.029389970557745275, 0.026952421094595447, 0.022615699736948224, 0.020748563086439627, 0.043681068212023846, 0.040788681864074555, 0.05776929569433839, 0.18199242478105934, 0.07782879462805313], [0.04421590780888672, 0.057192571182425975, 0.03671278356119672, 0.15158466780790716, 0.07507523853872747, 0.06129489380652737, 0.028985864062113134, 0.05268068733641001, 0.048818271467018184, 0.07551422184174486, 0.07986821439811831, 0.08231675008231304, 0.12776741571133943, 0.07797251239527193], [0.10715212825628108, 0.1687254876726737, 0.049319937936357104, 0.037366363519262244, 0.13727211769908138, 0.04653165518385523, 0.12780374733396163, 0.04457179918958706, 0.030142375138172316, 0.07398268042400122, 0.029766386379484106, 0.05146026864249047, 0.06490002760947414, 0.031005025015318575], [0.15248836488223708, 0.11869599446355912, 0.035155349474399335, 0.055825437900616115, 0.20042027355855072, 0.02973692088088994, 0.09228184545189132, 0.035392413267989864, 0.047678287005767914, 0.045387736384295045, 0.02518538656846807, 0.03280660904548818, 0.036797599724604925, 0.09214778139124252], [0.18568585964401918, 0.0411208447252526, 0.15180238370871943, 0.03678826384420214, 0.0565520521900252, 0.017407930221296233, 0.04071459413278417, 0.019332830171685148, 0.1883720251639024, 0.038970220578140057, 0.1810960159283138, 0.009821202354586162, 0.011837392429524854, 0.020498384907548624], [0.12253224161106231, 0.028633382364192515, 0.020428207639411937, 0.16278039105217734, 0.16640026537567054, 0.022007247765845762, 0.014065992040995321, 0.03572146261465533, 0.05521484693410134, 0.062006721410959115, 0.0486293179001389, 0.01741612522043103, 0.054171405387387475, 0.18999239268297116], [0.13662768611122433, 0.04897022078984163, 0.07085887562688059, 0.04066522995580511, 0.20206857798040606, 0.03269557950785728, 0.030941716658939127, 0.08663591566221557, 0.093632013440516, 0.09841161978157156, 0.061595482203492126, 0.042842418438747594, 0.01926892420411395, 0.03478573963838954], [0.09274132114056972, 0.09664952140314226, 0.07553939860364144, 0.060690602398431576, 0.08667452066364811, 0.03157800656677612, 0.08126405953044158, 0.040210545460900575, 0.05988722890391284, 0.03776116377720815, 0.040140151107327604, 0.035213599007383196, 0.027389322112490157, 0.2342605593241263], [0.25134560922218874, 0.023625287644416595, 0.042517634771078915, 0.0762818636851507, 0.2893506024040035, 0.02143514791274659, 0.016459220527860623, 0.037892564637873785, 0.06499031938994819, 0.058614634451338896, 0.025868759679049547, 0.026475610078779653, 0.009011622829391473, 0.056131122766172915], [0.12648550506916637, 0.17413236561957043, 0.1220269209022688, 0.014344521695845712, 0.030221642523442192, 0.009750670296398816, 0.14674849150914746, 0.01131147808291295, 0.049486741748440054, 0.012442626464267434, 0.049214369398016676, 0.007849859283144299, 0.23724251099183138, 0.008742296415547387], [0.06028940800676272, 0.16898261041701393, 0.05185886573559456, 0.08922539853986128, 0.06579013165104648, 0.10229916155126878, 0.16547860363160913, 0.032394847394531086, 0.057561725644215675, 0.041334619224619375, 0.02891133535493569, 0.10073916118511306, 0.014252810615478794, 0.020881321047949264], [0.1364388621272215, 0.04403269579385158, 0.10894863495043931, 0.20782836737169208, 0.023500342256980007, 0.027380099452526906, 0.04005432711374948, 0.010711486400796772, 0.10806212530234828, 0.01421780580982832, 0.2072501550984052, 0.0402481266642544, 0.01585035983526512, 0.015476611822640877], [0.0366416866066086, 0.025984717626118103, 0.0836695291102029, 0.10169735127139821, 0.0666890917448215, 0.015558858299414521, 0.019162764569938713, 0.11245610604286753, 0.050332463742972795, 0.05998213715541825, 0.013854975128330196, 0.01308813701314521, 0.010039605266181273, 0.39084257642258186], [0.10449502342577147, 0.10517995241115775, 0.04669779740257787, 0.07995946355485459, 0.10395911009650806, 0.03045125011222742, 0.08610668633194804, 0.038007868219723705, 0.11992017599230488, 0.041858091080152766, 0.06234215887178131, 0.031538171611975016, 0.059919401528433294, 0.0895648493605839], [0.0658285794048436, 0.05847105451786279, 0.05947523198081216, 0.04844015976807717, 0.05241116324117633, 0.02209913903062304, 0.03218678600658857, 0.02455319768237929, 0.2379641978512046, 0.04795414491990031, 0.23218775208458628, 0.022247898277905437, 0.06937937696590825, 0.026801318268132444], [0.1616259276773045, 0.050578014582160186, 0.06389481891923281, 0.0672970733935645, 0.17030843471837565, 0.021226824639099088, 0.0323666493386771, 0.09318876860227503, 0.07157649452874419, 0.11285032514047874, 0.02448985176324633, 0.028730708804154206, 0.02877542228472283, 0.07309068560796458], [0.1663477952737017, 0.14028820592934163, 0.10955871851414717, 0.035690441466040564, 0.0739962907170164, 0.07810619888739409, 0.12122937005131781, 0.038101867413929506, 0.04487382976557484, 0.0330076863860049, 0.030472315491945373, 0.08866708201124787, 0.019226792018038247, 0.02043340607429965], [0.06457097508430774, 0.28340903246099347, 0.012593664201830689, 0.05604763371141725, 0.07261676758599882, 0.023570086324165428, 0.27260045024444596, 0.020021445571241313, 0.028130275163148925, 0.0339724387084895, 0.029043073799135847, 0.022145936355090445, 0.04444204115676355, 0.03683617963297132], [0.13169727506270365, 0.09158553852649737, 0.014807400488960076, 0.09460967031146611, 0.158927180241942, 0.013666811217707919, 0.07614365716430582, 0.04165006997340437, 0.05184217467216207, 0.07147635938240716, 0.025653940590226427, 0.012984818704688358, 0.047063693326894404, 0.16789141033663418], [0.07454866079647061, 0.062398634001121916, 0.028313007701579854, 0.10470045654630519, 0.07949734519679989, 0.05821133037876356, 0.050333462903626607, 0.13074440348117466, 0.03816560360616652, 0.12848473500914234, 0.035313829976070035, 0.06675606443169294, 0.06085445955706818, 0.08167800641401755], [0.3205362097558521, 0.03658464697083504, 0.03618210076881339, 0.020211270963859714, 0.35100559773471457, 0.014033928251318295, 0.0234950018521287, 0.03960338382847848, 0.017574348577563133, 0.041127298874013306, 0.015169081737335702, 0.02137104206719531, 0.020912720220367095, 0.04219336839752446], [0.1586199174846092, 0.10802421850319652, 0.1239897979869627, 0.0519315538760963, 0.13730170241666115, 0.0496330507554228, 0.06720895382380543, 0.05645943978929451, 0.060442001282202416, 0.0374101787721219, 0.049350235649950634, 0.05242937220711237, 0.019696221550788227, 0.027503355901776], [0.038604084393300556, 0.08460744638261639, 0.02546865895857415, 0.10593113146567577, 0.13328348776699775, 0.031225732339440277, 0.06001346092659061, 0.051807672962970314, 0.14723337022511823, 0.1360169380701461, 0.07263334942163037, 0.01877747389435474, 0.07530157128268557, 0.01909562190989953], [0.16651814367841805, 0.01690518717323332, 0.025612041909133836, 0.04448143107697032, 0.23649391294402367, 0.025099597077923284, 0.013728971946254344, 0.0825486477951255, 0.06121421726521343, 0.15743836275631348, 0.076763969131658, 0.04126821726852318, 0.02431294404280658, 0.027614355934402816], [0.27630357549854423, 0.0370934990367069, 0.04148479603184167, 0.02165292736173868, 0.2887217149180686, 0.07037355758921227, 0.024109986696737844, 0.035304402224828765, 0.02938360672442388, 0.059131151023791156, 0.020927756986711725, 0.05336772713381815, 0.019525630580875697, 0.022619668192700945], [0.125451583758516, 0.0405969709554197, 0.12529050969403616, 0.0341944886746263, 0.06294240721498076, 0.12466890649802415, 0.03358375792651837, 0.10719684138155476, 0.028636540465750492, 0.09483195225013674, 