0.02921,0.07597,0.09132,0.05852,0.03787,0.02284,0.05576,0.09729,0.05800,0.08682,0.01986,0.04676,0.06711,0.03024,0.05156,0.02280,0.02008,0.02417,0.04024,0.06357
0.03479,0.02005,0.04720,0.05053,0.02938,0.04005,0.06202,0.23171,0.03786,0.02779,0.02694,0.07276,0.03496,0.03125,0.02904,0.06328,0.02199,0.03337,0.07247,0.03255
0.07836,0.01255,0.01938,0.02419,0.04462,0.06447,0.02969,0.08599,0.02816,0.02336,0.02124,0.29109,0.01746,0.08045,0.03391,0.02932,0.02723,0.04609,0.01890,0.02354
0.15357,0.03654,0.03906,0.03128,0.04831,0.03098,0.03549,0.02169,0.05411,0.08259,0.02328,0.02827,0.01796,0.13524,0.07332,0.03999,0.03423,0.03042,0.03111,0.05256
0.28501,0.03341,0.02697,0.02336,0.03671,0.06254,0.03009,0.03431,0.02096,0.02897,0.08978,0.08567,0.02476,0.05134,0.02766,0.03736,0.01956,0.02636,0.02089,0.03428
0.03432,0.06736,0.03272,0.02889,0.03692,0.10357,0.04573,0.03154,0.02046,0.03705,0.03563,0.31270,0.02347,0.05122,0.02097,0.03099,0.01608,0.01867,0.01995,0.03177
0.07225,0.01558,0.26379,0.11435,0.12731,0.03600,0.07546,0.04335,0.02170,0.02655,0.02005,0.01375,0.02081,0.04540,0.01975,0.02059,0.01390,0.01574,0.01555,0.01812
0.07804,0.04445,0.05048,0.03024,0.03769,0.05305,0.03733,0.03378,0.02694,0.03228,0.05205,0.23395,0.02543,0.07732,0.02490,0.04424,0.01801,0.03316,0.03496,0.03169
0.38383,0.02939,0.03733,0.01937,0.05221,0.03181,0.01931,0.01965,0.02489,0.03741,0.10757,0.02324,0.02347,0.02101,0.03113,0.04461,0.02015,0.02276,0.01704,0.03384
0.25949,0.01621,0.03593,0.02050,0.05271,0.07503,0.02522,0.07454,0.02102,0.02455,0.04535,0.08293,0.03204,0.05705,0.01936,0.04274,0.01859,0.03759,0.02041,0.03873
0.04194,0.01291,0.02261,0.44384,0.04346,0.03149,0.10189,0.02193,0.02000,0.01928,0.02626,0.01459,0.01693,0.08155,0.01227,0.01598,0.01850,0.01662,0.01415,0.02381
0.02264,0.18059,0.09824,0.09958,0.03871,0.03559,0.05220,0.02112,0.05698,0.03817,0.07282,0.01711,0.04446,0.02595,0.03324,0.02680,0.03295,0.01980,0.04090,0.04213
0.04412,0.13830,0.13171,0.02705,0.03438,0.02137,0.02395,0.04638,0.02392,0.02435,0.03056,0.28894,0.02445,0.03419,0.02100,0.01642,0.01679,0.01641,0.01682,0.01888
0.01487,0.21634,0.02336,0.10639,0.03307,0.04009,0.09228,0.03270,0.08566,0.03723,0.02333,0.03997,0.03321,0.02327,0.05071,0.02377,0.02598,0.02653,0.04069,0.03053
0.04649,0.02938,0.16499,0.02263,0.04508,0.02528,0.02510,0.29471,0.02449,0.04276,0.02604,0.05925,0.03118,0.02775,0.02869,0.01770,0.01740,0.01747,0.02334,0.03026
0.06994,0.01348,0.05304,0.05687,0.04455,0.07586,0.07840,0.17954,0.02794,0.03350,0.04485,0.03794,0.02766,0.04707,0.03029,0.02638,0.02064,0.04082,0.04001,0.05121
0.19949,0.04315,0.05633,0.01737,0.04922,0.03619,0.02150,0.03551,0.03143,0.08812,0.07497,0.02968,0.02843,0.02042,0.09956,0.04820,0.02107,0.02860,0.02409,0.04666
0.31221,0.01650,0.10114,0.02686,0.04135,0.06753,0.03316,0.08090,0.01412,0.02767,0.02403,0.04946,0.01563,0.07838,0.02536,0.01689,0.01033,0.01433,0.01892,0.02524
0.12712,0.21615,0.01452,0.00845,0.02108,0.02075,0.01163,0.01234,0.01197,0.01912,0.04514,0.33870,0.01917,0.04952,0.01276,0.01792,0.01261,0.01536,0.00614,0.01953
0.06042,0.06141,0.02359,0.03628,0.06006,0.03744,0.04879,0.06116,0.06998,0.08741,0.02672,0.08773,0.03498,0.04173,0.05018,0.05009,0.03802,0.04123,0.02743,0.05535
0.10037,0.01407,0.11455,0.01861,0.05504,0.14625,0.02172,0.04018,0.02348,0.03456,0.02347,0.01609,0.01766,0.19833,0.06410,0.01818,0.01710,0.02469,0.02288,0.02868
0.05327,0.01302,0.20170,0.01654,0.06328,0.11276,0.02145,0.08007,0.01494,0.02081,0.02280,0.02811,0.02390,0.19881,0.01944,0.01237,0.02146,0.03459,0.01336,0.02734
0.09091,0.16862,0.02044,0.00970,0.02538,0.03743,0.01358,0.01635,0.01419,0.02063,0.05977,0.33157,0.02519,0.05202,0.02143,0.02651,0.01694,0.02139,0.00820,0.01975
0.08763,0.02143,0.19142,0.02088,0.04396,0.07255,0.02084,0.03456,0.03332,0.04641,0.05126,0.02750,0.02114,0.05867,0.11729,0.03055,0.01648,0.03194,0.03097,0.04121
0.01902,0.02212,0.01914,0.04746,0.05538,0.38759,0.06185,0.02339,0.03711,0.02404,0.02387,0.02865,0.01693,0.06217,0.03123,0.02844,0.02951,0.02807,0.02024,0.03376
0.03394,0.03114,0.05001,0.05872,0.02725,0.03159,0.07512,0.12276,0.03456,0.04079,0.09195,0.11492,0.04296,0.01922,0.02211,0.03217,0.03115,0.02798,0.05369,0.05797
0.03865,0.02706,0.35880,0.04126,0.04396,0.04451,0.03101,0.03749,0.02443,0.02567,0.04022,0.02716,0.04866,0.06530,0.02188,0.02097,0.02454,0.02390,0.01916,0.03537
0.03134,0.01798,0.03787,0.08323,0.05738,0.05115,0.35096,0.06221,0.02435,0.02885,0.02078,0.02705,0.02348,0.04244,0.01520,0.02593,0.02368,0.02721,0.02259,0.02630
0.24107,0.01623,0.12956,0.02145,0.04468,0.04136,0.01837,0.01684,0.01668,0.02989,0.02625,0.00968,0.02095,0.25224,0.02263,0.02128,0.01216,0.01869,0.01568,0.02431
0.03481,0.02213,0.08332,0.02389,0.04885,0.05754,0.03154,0.03759,0.02880,0.06204,0.01609,0.01973,0.01688,0.34897,0.04226,0.01701,0.01535,0.02496,0.03344,0.03479
0.23937,0.05896,0.01591,0.02913,0.04304,0.02419,0.04645,0.05673,0.03160,0.02354,0.04181,0.11946,0.04894,0.03864,0.01819,0.04075,0.02398,0.05437,0.01873,0.02622
0.04202,0.02167,0.01451,0.01902,0.08442,0.23138,0.02706,0.03791,0.02194,0.03428,0.01469,0.02710,0.02036,0.26993,0.02505,0.01512,0.02083,0.02627,0.01612,0.03032
0.23127,0.01540,0.05110,0.01853,0.05014,0.16355,0.02171,0.04021,0.02084,0.03104,0.02994,0.02942,0.01397,0.07979,0.07117,0.02161,0.01905,0.03602,0.01590,0.03936
0.03369,0.04296,0.20618,0.11663,0.04508,0.03197,0.08694,0.01707,0.02624,0.05641,0.12456,0.01231,0.02810,0.03212,0.01984,0.02000,0.02151,0.01447,0.02124,0.04268
0.04019,0.03892,0.35800,0.02837,0.04596,0.05198,0.03250,0.03493,0.02213,0.03174,0.05951,0.02877,0.03941,0.05003,0.02120,0.02482,0.02094,0.02065,0.01907,0.03086
0.02757,0.06649,0.02147,0.02394,0.06971,0.23482,0.05225,0.05609,0.02397,0.03585,0.01870,0.07544,0.02721,0.11187,0.01964,0.01909,0.02733,0.03229,0.02131,0.03496
0.03875,0.01298,0.02110,0.02124,0.03854,0.08278,0.02734,0.37674,0.02541,0.02345,0.02036,0.07523,0.02046,0.05765,0.03686,0.02777,0.01989,0.03297,0.01863,0.02187
0.01698,0.12467,0.15283,0.04137,0.02393,0.02070,0.03315,0.01796,0.03709,0.03942,0.23910,0.02469,0.02880,0.02841,0.01544,0.02606,0.02174,0.02128,0.04084,0.04552
0.05957,0.01268,0.01886,0.02859,0.07184,0.04693,0.06596,0.39173,0.01982,0.03593,0.01255,0.01910,0.02029,0.07502,0.01767,0.01516,0.01488,0.02346,0.01862,0.03134
0.06621,0.02350,0.02555,0.01813,0.10208,0.08996,0.02661,0.07562,0.03614,0.05040,0.01804,0.03306,0.01986,0.21799,0.04018,0.01829,0.02985,0.04305,0.01919,0.04630
0.03528,0.01373,0.02442,0.06128,0.03379,0.02327,0.07197,0.39467,0.03087,0.02865,0.01845,0.05247,0.01938,0.03332,0.02832,0.01672,0.02695,0.03280,0.01899,0.03467
0.06662,0.05661,0.04750,0.02930,0.07319,0.08960,0.02955,0.02939,0.03213,0.02896,0.14848,0.04924,0.04438,0.04824,0.03111,0.05940,0.03686,0.04107,0.01674,0.04162
0.03118,0.02025,0.01095,0.04387,0.04279,0.02806,0.08326,0.31372,0.03461,0.03325,0.01088,0.16659,0.01779,0.03429,0.02862,0.02058,0.01577,0.02455,0.01732,0.02166
0.15330,0.04860,0.02035,0.03000,0.04120,0.02402,0.02826,0.03971,0.04140,0.05506,0.07224,0.04700,0.03710,0.01842,0.11846,0.05019,0.03694,0.06065,0.01772,0.05939
0.14381,0.04317,0.03426,0.02112,0.04542,0.03402,0.01971,0.02319,0.03915,0.09559,0.10107,0.02722,0.04841,0.02842,0.03292,0.12785,0.02543,0.02434,0.02706,0.05783
0.02602,0.05714,0.01275,0.01607,0.07254,0.28364,0.03302,0.02726,0.02554,0.02590,0.01799,0.10250,0.02019,0.12687,0.01639,0.02985,0.02623,0.03708,0.01899,0.02403
0.02021,0.02016,0.23531,0.12761,0.03821,0.05187,0.12154,0.02451,0.03100,0.04848,0.03987,0.01077,0.02710,0.02614,0.02770,0.02149,0.02210,0.02055,0.02897,0.05641
0.04482,0.01112,0.01435,0.01759,0.04913,0.07588,0.02922,0.13410,0.02950,0.02934,0.01511,0.20881,0.01429,0.13506,0.02057,0.03202,0.03524,0.05225,0.01672,0.03489
0.02363,0.01644,0.05135,0.03109,0.11285,0.22859,0.04671,0.05241,0.03987,0.09563,0.01968,0.01481,0.02624,0.07754,0.02256,0.02333,0.01926,0.02668,0.02879,0.04253
0.05537,0.02340,0.04433,0.15753,0.05386,0.06147,0.18927,0.03663,0.02302,0.03226,0.03721,0.02290,0.02972,0.06317,0.02618,0.02506,0.02532,0.02800,0.02376,0.04155
0.02681,0.08913,0.19889,0.08548,0.05439,0.04062,0.08342,0.05280,0.03529,0.02825,0.03133,0.04307,0.04351,0.03472,0.01674,0.03460,0.02178,0.01830,0.03970,0.02118
0.05814,0.03570,0.06974,0.02421,0.05505,0.13129,0.02092,0.04940,0.02944,0.02580,0.02372,0.04137,0.01874,0.18288,0.11118,0.02430,0.01802,0.03126,0.02108,0.02776
0.02049,0.03840,0.10800,0.14530,0.09231,0.05376,0.09579,0.04252,0.04321,0.03104,0.02388,0.02795,0.05025,0.05876,0.02314,0.02707,0.03559,0.02787,0.02078,0.03389
0.05634,0.08987,0.03260,0.02021,0.02667,0.02424,0.01885,0.03800,0.02239,0.02931,0.04957,0.38944,0.04020,0.03418,0.02931,0.01929,0.01501,0.01929,0.01515,0.03009
0.31401,0.03787,0.01500,0.02633,0.06141,0.03233,0.04676,0.02889,0.03146,0.09554,0.03537,0.02584,0.02976,0.03447,0.01789,0.03049,0.02375,0.02791,0.02434,0.06059
0.02203,0.02552,0.04174,0.03499,0.05850,0.34812,0.02664,0.01990,0.02437,0.01986,0.03334,0.02841,0.01857,0.14676,0.02040,0.03089,0.03038,0.02906,0.01648,0.02402
0.03480,0.04020,0.01946,0.02391,0.11067,0.07163,0.03538,0.06220,0.05930,0.04921,0.02229,0.06972,0.03671,0.16098,0.02563,0.03238,0.03944,0.04733,0.01844,0.04032
0.03259,0.16874,0.06981,0.01805,0.03164,0.14292,0.01997,0.03497,0.02155,0.02602,0.05516,0.15292,0.02330,0.05134,0.03101,0.03090,0.01746,0.02996,0.01966,0.02203
0.23705,0.01709,0.12525,0.02286,0.04800,0.10225,0.01863,0.01737,0.01782,0.02489,0.06362,0.01102,0.01539,0.04858,0.13774,0.02008,0.01268,0.02370,0.01531,0.02066
0.07200,0.01235,0.11442,0.01831,0.07375,0.20895,0.02094,0.03718,0.01700,0.03069,0.03391,0.01418,0.02036,0.19161,0.01862,0.01341,0.02142,0.02991,0.01496,0.03604
0.02405,0.03063,0.34104,0.02115,0.03321,0.06771,0.02169,0.02171,0.02236,0.03821,0.03583,0.04210,0.02315,0.14561,0.01886,0.01942,0.02019,0.01972,0.01987,0.03351
0.05490,0.02791,0.09827,0.02437,0.10913,0.11138,0.02855,0.04081,0.03664,0.08403,0.03672,0.02543,0.04924,0.06145,0.03612,0.03511,0.03091,0.03138,0.02822,0.04942
0.27034,0.03011,0.10958,0.01233,0.04341,0.06373,0.01468,0.04513,0.02347,0.04133,0.03557,0.02169,0.01943,0.05713,0.09527,0.01621,0.01809,0.02674,0.01782,0.03793
0.23116,0.04549,0.02608,0.02461,0.08063,0.04244,0.03045,0.05083,0.04077,0.04452,0.04445,0.03650,0.04833,0.03873,0.03421,0.04328,0.03484,0.04410,0.02718,0.03142
0.13998,0.08702,0.18023,0.02839,0.03613,0.02392,0.02354,0.01503,0.03075,0.05210,0.12780,0.01631,0.02427,0.04156,0.03540,0.04152,0.02271,0.02096,0.02551,0.02685
0.02041,0.03948,0.01429,0.01607,0.09338,0.25591,0.01868,0.03876,0.04186,0.02984,0.02009,0.04965,0.04378,0.11782,0.02565,0.03520,0.04734,0.04219,0.01557,0.03405
0.13737,0.01017,0.14422,0.01211,0.05818,0.08385,0.01471,0.02116,0.01860,0.03569,0.02278,0.01005,0.01596,0.29288,0.02224,0.01462,0.01450,0.01799,0.01648,0.03643
0.03378,0.03341,0.02166,0.14249,0.07208,0.02806,0.22892,0.07132,0.03476,0.03177,0.01592,0.03201,0.05730,0.05056,0.01480,0.01931,0.03123,0.02358,0.02662,0.03041
0.06392,0.05895,0.31611,0.02552,0.03332,0.02947,0.01841,0.01864,0.02471,0.03333,0.11008,0.02267,0.03444,0.03723,0.03833,0.03290,0.01846,0.02466,0.01875,0.04011
0.02359,0.09389,0.03724,0.01753,0.04384,0.04954,0.02162,0.07038,0.04017,0.05004,0.02183,0.23404,0.04392,0.05631,0.03264,0.02351,0.03393,0.03194,0.02282,0.05120
0.03288,0.01909,0.02499,0.03642,0.03333,0.02354,0.03296,0.09535,0.06753,0.03595,0.02425,0.31143,0.02722,0.03346,0.03560,0.02463,0.03519,0.04356,0.02301,0.03960
0.01856,0.16509,0.02894,0.05423,0.03790,0.03178,0.07638,0.02330,0.06938,0.06495,0.04906,0.02208,0.05728,0.01804,0.02377,0.03763,0.03314,0.03369,0.07996,0.07484
0.21831,0.01891,0.10354,0.02059,0.07119,0.06717,0.02210,0.03562,0.02313,0.03193,0.02259,0.01716,0.01790,0.13603,0.08797,0.01329,0.01950,0.02685,0.01917,0.02702
0.04234,0.02844,0.02263,0.01301,0.04324,0.38483,0.02156,0.03563,0.01887,0.02508,0.02241,0.10128,0.01835,0.08459,0.01803,0.03128,0.01963,0.02518,0.01648,0.02711
0.04480,0.03209,0.05120,0.01630,0.07076,0.36214,0.02254,0.04559,0.01998,0.03970,0.02975,0.03595,0.02318,0.06968,0.02008,0.02661,0.01548,0.02986,0.01459,0.02971
0.33480,0.11647,0.02219,0.01602,0.03788,0.02547,0.01796,0.04271,0.02211,0.03017,0.04433,0.06840,0.04169,0.02348,0.03091,0.02754,0.02395,0.02784,0.01512,0.03095
0.01783,0.01266,0.08652,0.28408,0.05103,0.07800,0.18993,0.02963,0.02505,0.02472,0.01385,0.01466,0.01476,0.05201,0.02180,0.01395,0.01494,0.01487,0.01943,0.02027
0.06334,0.02242,0.03546,0.11206,0.13192,0.06435,0.09831,0.04246,0.04393,0.04537,0.03491,0.01597,0.04895,0.03999,0.03996,0.03275,0.02866,0.02919,0.03591,0.03410
0.16356,0.01759,0.07193,0.02245,0.05249,0.06011,0.02448,0.01660,0.01713,0.02958,0.03969,0.01130,0.02001,0.33050,0.02029,0.01742,0.01775,0.02431,0.01820,0.02462
0.02618,0.05933,0.02076,0.02496,0.03848,0.02590,0.03637,0.10273,0.07186,0.03387,0.02388,0.25363,0.04061,0.03917,0.03106,0.02580,0.03435,0.03974,0.03120,0.04010
0.06163,0.01187,0.02105,0.05094,0.04348,0.03246,0.06827,0.32091,0.02960,0.03617,0.01997,0.04741,0.02315,0.04344,0.02297,0.02700,0.02674,0.03290,0.02729,0.05276
0.05763,0.01953,0.03019,0.01685,0.03761,0.09251,0.02039,0.03095,0.01746,0.02416,0.01848,0.02964,0.01524,0.47774,0.01876,0.01607,0.01828,0.01942,0.01852,0.02058
0.20825,0.03923,0.04149,0.01807,0.05438,0.05852,0.02673,0.02503,0.02646,0.06228,0.15079,0.02297,0.02734,0.04399,0.02608,0.04194,0.01939,0.03190,0.02092,0.05424
0.03753,0.03663,0.02061,0.02570,0.09104,0.24238,0.03117,0.02730,0.04552,0.06118,0.02586,0.02394,0.02572,0.06618,0.05123,0.03270,0.03132,0.04450,0.02169,0.05782
0.03081,0.01409,0.02788,0.07203,0.02997,0.03210,0.09768,0.37078,0.02431,0.02389,0.01871,0.06507,0.01698,0.05595,0.02505,0.01319,0.01383,0.02291,0.01706,0.02770
0.09803,0.03908,0.12788,0.02975,0.04535,0.03179,0.03014,0.01967,0.02880,0.09715,0.07229,0.01511,0.02488,0.12963,0.03419,0.03187,0.02357,0.02996,0.02740,0.06347
0.08874,0.01241,0.11793,0.05225,0.08254,0.07913,0.07187,0.02546,0.01823,0.03755,0.03064,0.01185,0.02151,0.22952,0.01568,0.01680,0.01512,0.02353,0.02089,0.02834
0.02442,0.06465,0.06583,0.03615,0.04269,0.06579,0.03596,0.13125,0.03422,0.02561,0.03311,0.16041,0.04812,0.04987,0.03043,0.02779,0.02928,0.03731,0.02390,0.03320
0.02866,0.06764,0.11300,0.02836,0.08822,0.07511,0.02716,0.04569,0.07503,0.07011,0.03285,0.01940,0.06373,0.03511,0.06621,0.03601,0.02727,0.02448,0.03305,0.04291
0.06740,0.01467,0.07821,0.01916,0.11903,0.07734,0.02124,0.02008,0.02496,0.05432,0.01878,0.01065,0.02071,0.33853,0.01985,0.01720,0.01289,0.02048,0.01677,0.02771
0.02561,0.03566,0.01294,0.01471,0.06309,0.16173,0.01674,0.02418,0.03690,0.02256,0.01772,0.10926,0.02254,0.24453,0.02462,0.06476,0.03578,0.03318,0.01271,0.02076
0.11573,0.01507,0.05008,0.01938,0.05099,0.08068,0.02097,0.02073,0.02904,0.04379,0.02275,0.01579,0.01338,0.21195,0.17240,0.02340,0.01211,0.02939,0.02177,0.03061
0.06138,0.04073,0.04028,0.02227,0.06740,0.06225,0.02564,0.06608,0.03211,0.03154,0.04297,0.15439,0.07556,0.05877,0.02234,0.04509,0.05751,0.03693,0.01697,0.03979
0.06503,0.20650,0.03306,0.03763,0.03173,0.01681,0.02046,0.02364,0.05861,0.03571,0.13210,0.02412,0.03528,0.03149,0.09302,0.02997,0.02960,0.03986,0.01841,0.03697
0.05279,0.04967,0.08846,0.05085,0.05119,0.03777,0.03635,0.02644,0.06156,0.05971,0.10040,0.02126,0.06018,0.03974,0.07054,0.03560,0.02946,0.02873,0.03757,0.06172
0.03502,0.02439,0.37020,0.07067,0.06319,0.04940,0.03144,0.01628,0.03127,0.02294,0.05013,0.01155,0.02669,0.05345,0.03297,0.02095,0.02682,0.02234,0.01620,0.02408
0.11384,0.35371,0.03704,0.02160,0.02720,0.01751,0.02315,0.01983,0.01682,0.02240,0.07851,0.10692,0.01728,0.03258,0.01617,0.02236,0.01944,0.02023,0.01182,0.02160
0.20181,0.01397,0.08778,0.00852,0.03484,0.14034,0.00876,0.02234,0.01360,0.02201,0.02079,0.02284,0.01080,0.26307,0.05556,0.01416,0.01042,0.02014,0.01019,0.01805
0.08223,0.01739,0.01625,0.02404,0.05069,0.04194,0.04239,0.11012,0.04832,0.04416,0.02269,0.22550,0.01696,0.04505,0.03132,0.03912,0.03607,0.04236,0.02279,0.04059
0.02224,0.01024,0.02963,0.20791,0.04821,0.09405,0.30629,0.01631,0.01601,0.02535,0.01440,0.00989,0.01265,0.09717,0.01612,0.01286,0.01111,0.01107,0.01677,0.02173
