0.16899,0.02442,0.02277,0.04319,0.05222,0.06775,0.05101,0.03469,0.02846,0.04151,0.15323,0.02686,0.04097,0.04175,0.03715,0.02011,0.03856,0.05044,0.02367,0.03223
0.02403,0.04193,0.04473,0.08142,0.05919,0.07840,0.08177,0.03312,0.06252,0.04845,0.02891,0.01689,0.05324,0.05471,0.05866,0.04127,0.04264,0.03694,0.04441,0.06677
0.04044,0.08114,0.04351,0.04746,0.05179,0.03605,0.05240,0.08902,0.03816,0.05352,0.03142,0.10165,0.04585,0.02586,0.05683,0.03072,0.04311,0.03283,0.02609,0.07216
0.03985,0.23458,0.05292,0.02823,0.04570,0.03351,0.04697,0.03165,0.03493,0.02511,0.01698,0.21187,0.03116,0.04254,0.02224,0.01551,0.01859,0.02210,0.01268,0.03285
0.08881,0.02452,0.07709,0.04511,0.05762,0.08260,0.03502,0.02643,0.04215,0.07037,0.06795,0.02794,0.02446,0.08047,0.04444,0.03064,0.03211,0.03177,0.03483,0.07567
0.06749,0.01369,0.02633,0.07857,0.03964,0.03722,0.12113,0.14430,0.02751,0.04152,0.02093,0.10316,0.02725,0.06020,0.03722,0.02169,0.02081,0.02940,0.02737,0.05456
0.11679,0.01743,0.13339,0.02201,0.04796,0.10529,0.02937,0.08329,0.02324,0.02225,0.04303,0.03884,0.02538,0.12932,0.03124,0.01824,0.02300,0.02636,0.02994,0.03363
0.04092,0.01722,0.02096,0.02379,0.06841,0.04998,0.03551,0.16335,0.02850,0.06381,0.02587,0.12028,0.03430,0.03777,0.02303,0.02575,0.07092,0.06778,0.02727,0.05458
0.24932,0.04294,0.02976,0.04455,0.02897,0.03590,0.03930,0.02571,0.02294,0.02526,0.07304,0.04269,0.02416,0.17829,0.02401,0.02030,0.01515,0.02825,0.02390,0.02556
0.05241,0.02913,0.04403,0.04767,0.03134,0.03762,0.03868,0.19876,0.03345,0.03232,0.03692,0.18028,0.03512,0.04564,0.02371,0.02687,0.02362,0.03155,0.02457,0.02632
0.04813,0.03406,0.21949,0.02556,0.04927,0.06309,0.03623,0.04483,0.03076,0.03506,0.16768,0.02925,0.03042,0.04388,0.02552,0.02228,0.01860,0.02110,0.01885,0.03595
0.06116,0.04895,0.04245,0.11571,0.05835,0.07711,0.06808,0.03809,0.03773,0.05290,0.02735,0.02557,0.04125,0.07480,0.05502,0.02700,0.02886,0.03234,0.03348,0.05380
0.02768,0.04146,0.02198,0.15670,0.05051,0.05513,0.15863,0.07824,0.03102,0.03228,0.02190,0.07505,0.03485,0.05130,0.02694,0.01805,0.02710,0.03176,0.02462,0.03482
0.05125,0.06082,0.07817,0.07203,0.05940,0.06197,0.06995,0.04038,0.05317,0.05826,0.05359,0.03609,0.03149,0.06478,0.03548,0.03047,0.03777,0.03046,0.02537,0.04909
0.07505,0.02433,0.19418,0.04141,0.04112,0.19178,0.03520,0.02123,0.02863,0.03085,0.03698,0.02238,0.02217,0.04147,0.05660,0.02545,0.02034,0.02366,0.03125,0.03593
0.01564,0.01550,0.02551,0.04666,0.14341,0.27843,0.04999,0.03100,0.02077,0.02408,0.01594,0.01725,0.02328,0.16748,0.02028,0.00917,0.01825,0.03464,0.01710,0.02561
0.03217,0.04852,0.04602,0.03705,0.09944,0.15333,0.04844,0.06050,0.03641,0.04349,0.02491,0.05532,0.03510,0.09117,0.03805,0.01941,0.03051,0.03396,0.02430,0.04191
0.05628,0.03594,0.05095,0.08065,0.04946,0.04700,0.06997,0.02803,0.04983,0.09084,0.05566,0.01249,0.04492,0.05487,0.03483,0.03498,0.05121,0.04302,0.03567,0.07340
0.02864,0.02995,0.22438,0.08890,0.07973,0.08252,0.11083,0.03933,0.01807,0.02014,0.06510,0.02129,0.01647,0.03380,0.01713,0.01604,0.01489,0.01356,0.03336,0.04585
0.05929,0.03116,0.09069,0.06031,0.05943,0.14545,0.05177,0.02812,0.03541,0.04426,0.04017,0.01862,0.04023,0.09171,0.04641,0.02569,0.02810,0.03267,0.02734,0.04315
0.03632,0.03802,0.02304,0.07653,0.04932,0.08135,0.10882,0.02269,0.04009,0.05863,0.02560,0.03424,0.04286,0.04269,0.06176,0.05011,0.06171,0.02684,0.06132,0.05805
0.02552,0.02309,0.06481,0.05039,0.05769,0.10193,0.04974,0.17046,0.03252,0.03258,0.02250,0.13781,0.02188,0.05741,0.01861,0.02728,0.01658,0.02987,0.02379,0.03554
0.07369,0.02728,0.03354,0.04324,0.09244,0.18333,0.04984,0.02087,0.02287,0.02470,0.05883,0.01797,0.02614,0.16766,0.02048,0.03440,0.02344,0.02666,0.02199,0.03063
0.01955,0.19763,0.02218,0.06099,0.04233,0.02692,0.07268,0.03088,0.03410,0.02802,0.01566,0.19975,0.02415,0.04321,0.01814,0.04379,0.02487,0.02945,0.02536,0.04034
0.03907,0.09135,0.06271,0.08053,0.04644,0.04123,0.03794,0.01233,0.02895,0.04495,0.07635,0.06603,0.06053,0.07824,0.03188,0.06753,0.03439,0.02787,0.02452,0.04717
0.23708,0.01544,0.03117,0.02835,0.03716,0.05450,0.02378,0.02312,0.02487,0.04141,0.23840,0.02494,0.02046,0.02760,0.04768,0.02120,0.01711,0.02579,0.01963,0.04032
0.03983,0.03147,0.05308,0.05149,0.08728,0.15061,0.05159,0.04221,0.04441,0.03651,0.03225,0.03599,0.04355,0.09796,0.03119,0.03759,0.02614,0.03140,0.02876,0.04669
0.03404,0.02444,0.06970,0.04016,0.04698,0.07479,0.03265,0.18091,0.02170,0.03934,0.01660,0.19520,0.02453,0.03651,0.03096,0.02326,0.01858,0.03634,0.01590,0.03740
0.04119,0.02525,0.11710,0.04730,0.04766,0.06691,0.04172,0.04162,0.04113,0.06343,0.11997,0.03991,0.03033,0.04677,0.04064,0.02812,0.02028,0.03037,0.03231,0.07800
0.04132,0.03343,0.04960,0.03507,0.06940,0.11129,0.05475,0.04944,0.05464,0.05136,0.02690,0.06900,0.03342,0.08576,0.02598,0.05379,0.04106,0.03826,0.03122,0.04431
0.14952,0.03385,0.04313,0.05320,0.04578,0.08397,0.05361,0.01928,0.02773,0.04690,0.11980,0.02870,0.02638,0.09018,0.03256,0.03821,0.02099,0.02540,0.02962,0.03119
0.07700,0.03894,0.05066,0.03878,0.09417,0.08285,0.06687,0.09636,0.03044,0.05068,0.04957,0.03286,0.05602,0.05936,0.02714,0.02356,0.02487,0.03197,0.02098,0.04693
0.06860,0.03468,0.05096,0.06513,0.03040,0.05148,0.06606,0.11080,0.03698,0.03442,0.02488,0.10531,0.04379,0.07264,0.03351,0.04196,0.02702,0.03257,0.02724,0.04155
0.03086,0.16330,0.02918,0.11449,0.03927,0.03149,0.09927,0.02988,0.08290,0.03250,0.03228,0.02049,0.08575,0.02885,0.04695,0.02215,0.01875,0.03961,0.02440,0.02762
0.03021,0.06575,0.05674,0.07464,0.07606,0.08312,0.06013,0.03731,0.05005,0.07120,0.04086,0.03614,0.03601,0.07272,0.02785,0.03345,0.03436,0.04455,0.02178,0.04708
0.16367,0.06592,0.05043,0.01293,0.03422,0.07071,0.02615,0.03363,0.03102,0.02696,0.11867,0.07256,0.02688,0.04453,0.07019,0.02894,0.02989,0.03023,0.01680,0.04566
0.01265,0.02894,0.25915,0.03495,0.04270,0.06793,0.04214,0.05270,0.02400,0.02713,0.17098,0.02172,0.02200,0.03589,0.02460,0.02629,0.01799,0.01738,0.03749,0.03337
0.18539,0.03967,0.03813,0.02886,0.05497,0.05376,0.04439,0.05124,0.01872,0.04633,0.02379,0.04751,0.03044,0.15218,0.04282,0.02084,0.02523,0.03813,0.01841,0.03917
0.14612,0.02693,0.09595,0.06148,0.04415,0.08814,0.04969,0.04690,0.02236,0.03324,0.02845,0.04880,0.02016,0.15801,0.02290,0.01975,0.01630,0.01620,0.02231,0.03214
0.03371,0.10609,0.05190,0.09323,0.05680,0.05332,0.06577,0.03425,0.07325,0.05516,0.03077,0.03290,0.06078,0.03848,0.02939,0.03014,0.03535,0.03722,0.03186,0.04962
0.04694,0.07899,0.05735,0.07626,0.06360,0.07794,0.05662,0.02560,0.07055,0.06371,0.03350,0.02177,0.02307,0.09907,0.02463,0.02780,0.03925,0.02724,0.03448,0.05165
0.03480,0.02193,0.16994,0.02021,0.07233,0.17873,0.03871,0.07049,0.03394,0.03185,0.01817,0.06999,0.01715,0.05052,0.04583,0.01986,0.01419,0.02928,0.03325,0.02882
0.04478,0.03275,0.09652,0.03998,0.05048,0.04139,0.05142,0.04494,0.05109,0.07932,0.07650,0.05000,0.02984,0.02905,0.03416,0.04261,0.03840,0.03286,0.03631,0.09759
0.02505,0.09469,0.05194,0.04014,0.05418,0.05050,0.05177,0.06415,0.03470,0.05655,0.03466,0.10900,0.04293,0.02983,0.04168,0.02791,0.05524,0.03459,0.03378,0.06671
0.04553,0.03662,0.04196,0.03848,0.08675,0.09971,0.06990,0.06698,0.05070,0.06808,0.01958,0.04128,0.03271,0.05103,0.04211,0.02904,0.04464,0.03686,0.03799,0.06006
0.06379,0.04511,0.06666,0.04898,0.09021,0.11926,0.05414,0.03258,0.03765,0.03529,0.03936,0.02513,0.03705,0.13993,0.01980,0.02630,0.02225,0.03598,0.02328,0.03723
0.06556,0.20773,0.04345,0.03392,0.02719,0.03038,0.02661,0.01949,0.02053,0.02022,0.06309,0.23119,0.02650,0.05963,0.02199,0.02365,0.01898,0.02005,0.01068,0.02915
0.04655,0.05735,0.08662,0.05909,0.04124,0.06599,0.06436,0.05688,0.04356,0.03916,0.06279,0.05130,0.03414,0.05465,0.04035,0.03727,0.02842,0.03297,0.04765,0.04967
0.05942,0.02062,0.02108,0.02950,0.11787,0.21559,0.02965,0.02570,0.02072,0.04386,0.02857,0.01974,0.02916,0.14615,0.02464,0.03210,0.02748,0.02695,0.02448,0.05672
0.06134,0.22280,0.05445,0.02114,0.03071,0.03594,0.02609,0.01850,0.03021,0.02699,0.06650,0.22352,0.02165,0.04230,0.01731,0.02081,0.02534,0.01492,0.01588,0.02359
0.12556,0.01392,0.05865,0.02436,0.09835,0.10888,0.02448,0.03391,0.02853,0.04805,0.01972,0.02551,0.01378,0.16097,0.07113,0.02433,0.01536,0.03971,0.02935,0.03544
0.20516,0.03739,0.03561,0.03317,0.03385,0.05236,0.04081,0.03298,0.03031,0.03347,0.17789,0.03091,0.05063,0.02552,0.04570,0.02392,0.02421,0.02653,0.02137,0.03821
0.02872,0.03679,0.24958,0.04525,0.02987,0.03462,0.03416,0.02391,0.01833,0.04103,0.22211,0.04005,0.02928,0.03575,0.01904,0.01978,0.01896,0.01747,0.01899,0.03630
0.08971,0.03115,0.13475,0.04351,0.04775,0.05823,0.06336,0.02398,0.02805,0.02999,0.17110,0.03694,0.02708,0.05797,0.02128,0.02310,0.02262,0.03595,0.02518,0.02831
0.02095,0.02850,0.22294,0.08309,0.08029,0.14945,0.06869,0.02510,0.02000,0.02962,0.03036,0.01286,0.02171,0.02095,0.01803,0.02043,0.01843,0.01644,0.06360,0.04856
0.03244,0.02301,0.02246,0.30973,0.03645,0.02534,0.28701,0.01549,0.02054,0.02106,0.03171,0.01867,0.01767,0.03535,0.01730,0.01447,0.01506,0.01755,0.01364,0.02504
0.15428,0.02904,0.07051,0.04392,0.06882,0.07668,0.05230,0.03061,0.03146,0.03535,0.06734,0.02641,0.03052,0.11755,0.02662,0.03253,0.02098,0.02738,0.02264,0.03507
0.17324,0.06803,0.02527,0.03287,0.03272,0.02511,0.03612,0.03929,0.03868,0.03565,0.20598,0.06791,0.02706,0.03379,0.02133,0.02910,0.01516,0.04092,0.02062,0.03116
0.02172,0.04352,0.04788,0.07133,0.02080,0.02569,0.07312,0.12694,0.03693,0.04334,0.04583,0.11830,0.02789,0.02557,0.05136,0.03411,0.02610,0.04501,0.02620,0.08836
0.02570,0.01631,0.02145,0.04513,0.11336,0.18786,0.05062,0.07836,0.03342,0.03612,0.02417,0.05048,0.03248,0.11085,0.02509,0.01992,0.03479,0.03307,0.02091,0.03991
0.03534,0.08415,0.04158,0.16009,0.04367,0.04434,0.15407,0.04806,0.03262,0.03193,0.03367,0.08631,0.02579,0.02968,0.02179,0.02837,0.02056,0.02621,0.02254,0.02923
0.12739,0.04631,0.06183,0.05373,0.05519,0.05490,0.07371,0.05877,0.03108,0.04326,0.03967,0.03252,0.03228,0.10629,0.02551,0.03441,0.02706,0.02650,0.02886,0.04072
0.06193,0.03009,0.02072,0.11622,0.08627,0.06181,0.07542,0.02501,0.06852,0.04489,0.02281,0.02722,0.02837,0.11916,0.02748,0.03691,0.03644,0.04208,0.03211,0.03653
0.06532,0.01578,0.19518,0.02713,0.04731,0.24649,0.02253,0.01047,0.02089,0.03056,0.03163,0.01309,0.01671,0.08892,0.06891,0.01729,0.01414,0.01784,0.01550,0.03431
0.05297,0.04408,0.05525,0.04303,0.10128,0.13640,0.04283,0.04568,0.03343,0.05194,0.03492,0.03505,0.03496,0.10676,0.03700,0.02207,0.02817,0.03392,0.02099,0.03928
0.10776,0.12678,0.03078,0.05589,0.02889,0.02376,0.06270,0.03327,0.06587,0.03686,0.10564,0.06585,0.03939,0.02180,0.04054,0.03473,0.02115,0.04039,0.02106,0.03687
0.08219,0.11947,0.04799,0.02813,0.04078,0.06800,0.02523,0.04739,0.02400,0.03794,0.04589,0.15846,0.02647,0.07575,0.03003,0.02749,0.01638,0.03187,0.01957,0.04698
0.04199,0.02583,0.03544,0.03952,0.04811,0.03505,0.05300,0.20411,0.02915,0.03551,0.02192,0.18456,0.02795,0.04732,0.02574,0.02575,0.02771,0.03678,0.01479,0.03978
0.03162,0.22312,0.03673,0.03022,0.04052,0.05450,0.02709,0.02503,0.02130,0.02912,0.03175,0.24283,0.01858,0.05030,0.01886,0.02031,0.02199,0.02673,0.01825,0.03115
0.03369,0.10125,0.07179,0.06134,0.05281,0.04015,0.05907,0.02878,0.05835,0.04059,0.07049,0.10817,0.02490,0.05179,0.02284,0.05551,0.02938,0.03259,0.02334,0.03316
0.04945,0.09426,0.08178,0.07200,0.06423,0.06593,0.05642,0.03616,0.04431,0.03438,0.03766,0.04063,0.04348,0.06230,0.04676,0.03071,0.03443,0.03097,0.02567,0.04847
0.07258,0.02014,0.06760,0.04339,0.05927,0.07866,0.04008,0.05859,0.03767,0.04841,0.07430,0.03332,0.03649,0.07399,0.05320,0.03552,0.03907,0.03233,0.02545,0.06993
0.13006,0.04216,0.05583,0.05230,0.05810,0.07364,0.04420,0.03447,0.02803,0.03795,0.05231,0.04237,0.04445,0.12367,0.02796,0.04449,0.02231,0.02636,0.02020,0.03914
0.02304,0.17254,0.04057,0.04613,0.03706,0.05778,0.04194,0.03727,0.03061,0.04456,0.03628,0.18469,0.04283,0.04510,0.03503,0.02793,0.01646,0.02901,0.01777,0.03339
0.05796,0.05673,0.06144,0.10691,0.06618,0.04791,0.07246,0.03321,0.05144,0.03153,0.06954,0.02923,0.04250,0.07740,0.03728,0.04069,0.02277,0.03249,0.02536,0.03698
0.07212,0.03067,0.06402,0.04760,0.06439,0.08315,0.05137,0.08191,0.04213,0.04042,0.06317,0.05719,0.03127,0.05584,0.04381,0.03304,0.02933,0.02970,0.02174,0.05714
0.03795,0.03180,0.24885,0.03126,0.04339,0.09047,0.03412,0.02404,0.02401,0.03493,0.15086,0.02513,0.02454,0.04528,0.02401,0.01796,0.02005,0.01682,0.02230,0.05224
0.03002,0.17350,0.02954,0.05127,0.04585,0.06866,0.04305,0.05070,0.03794,0.02967,0.02545,0.18922,0.03082,0.04924,0.03019,0.02361,0.02186,0.02131,0.01608,0.03202
0.17080,0.02660,0.04194,0.02955,0.06189,0.05059,0.03227,0.02733,0.02413,0.08568,0.16383,0.01083,0.02678,0.03902,0.03069,0.05783,0.02328,0.03059,0.02508,0.04129
0.11852,0.05099,0.08060,0.02137,0.05496,0.10189,0.03334,0.04400,0.02767,0.04171,0.02589,0.06750,0.03209,0.12325,0.03872,0.02938,0.01927,0.02320,0.02660,0.03905
0.11056,0.06201,0.04049,0.07187,0.06997,0.03815,0.05899,0.04432,0.05036,0.04512,0.07149,0.01973,0.06867,0.04501,0.03931,0.04529,0.02772,0.02459,0.02248,0.04386
0.04567,0.01691,0.20720,0.03456,0.03432,0.20246,0.03349,0.03499,0.03387,0.03834,0.03058,0.03406,0.02424,0.03699,0.05533,0.02410,0.02139,0.02639,0.02444,0.04066
0.07436,0.18661,0.01441,0.02012,0.03254,0.03182,0.03188,0.06471,0.02452,0.02857,0.02144,0.22571,0.02814,0.04575,0.03163,0.01840,0.02655,0.04045,0.01731,0.03507
0.03408,0.04266,0.08413,0.02865,0.08884,0.11753,0.05125,0.09270,0.04489,0.03921,0.02662,0.04855,0.03636,0.05378,0.04688,0.02441,0.02904,0.02988,0.02964,0.05090
0.06471,0.04428,0.06760,0.04781,0.08989,0.13242,0.04086,0.02668,0.03733,0.03822,0.06322,0.02899,0.02490,0.08799,0.03078,0.03778,0.03179,0.03895,0.02855,0.03726
0.26836,0.02539,0.01999,0.04716,0.04647,0.02569,0.04530,0.01742,0.02189,0.02970,0.23373,0.01573,0.02243,0.05406,0.01899,0.02506,0.01859,0.02055,0.01941,0.02407
0.16432,0.01180,0.10366,0.02502,0.04714,0.09074,0.02267,0.02661,0.02367,0.05068,0.05728,0.01411,0.03302,0.15196,0.02759,0.02566,0.03598,0.03328,0.02207,0.03273
0.12384,0.04405,0.02909,0.05016,0.05653,0.06213,0.05296,0.04023,0.03959,0.05872,0.12986,0.05370,0.02388,0.05718,0.02454,0.03348,0.02532,0.03876,0.02402,0.03198
0.02795,0.01490,0.03326,0.07373,0.05976,0.05106,0.06120,0.10505,0.04226,0.04962,0.03011,0.05653,0.04549,0.03171,0.02565,0.02860,0.10482,0.07066,0.02797,0.05968
0.05619,0.03801,0.02195,0.22923,0.05288,0.03589,0.20259,0.02741,0.04117,0.02915,0.02642,0.02361,0.02508,0.06735,0.02452,0.01544,0.01801,0.02142,0.01597,0.02771
0.02771,0.02750,0.21311,0.02522,0.10352,0.16239,0.04534,0.07294,0.02480,0.03819,0.03245,0.01775,0.03002,0.03578,0.01639,0.02057,0.01423,0.02344,0.02076,0.04789
0.11309,0.02051,0.05347,0.02226,0.11018,0.15633,0.02745,0.01236,0.03324,0.02492,0.03989,0.01661,0.02378,0.18641,0.03114,0.01998,0.02341,0.04374,0.01436,0.02687
0.05116,0.02035,0.05118,0.19998,0.05164,0.05045,0.17722,0.02339,0.03182,0.02374,0.03807,0.02480,0.02186,0.06896,0.02107,0.04920,0.01805,0.01866,0.02405,0.03435
0.09122,0.05788,0.12692,0.06733,0.03687,0.03707,0.05115,0.02749,0.04031,0.03140,0.09172,0.02365,0.02813,0.11105,0.02784,0.02582,0.02030,0.02085,0.05123,0.03179
0.09130,0.02288,0.08827,0.01785,0.08987,0.09911,0.02727,0.05518,0.02622,0.07962,0.03460,0.02029,0.04414,0.10847,0.02494,0.04869,0.01823,0.02462,0.01703,0.06142
0.11782,0.01781,0.18561,0.02276,0.03272,0.21093,0.02169,0.01767,0.01515,0.03187,0.02697,0.02380,0.01731,0.11379,0.04702,0.01867,0.01538,0.01714,0.01938,0.02652
0.05917,0.05009,0.10421,0.04571,0.05106,0.06758,0.05001,0.02588,0.04834,0.02812,0.09642,0.03124,0.04571,0.08123,0.02926,0.04127,0.02850,0.04061,0.03787,0.03769
0.05449,0.01586,0.02173,0.01258,0.15086,0.28613,0.02934,0.02702,0.01187,0.01891,0.01477,0.02057,0.02098,0.20935,0.01125,0.01225,0.01799,0.02839,0.01339,0.02229
0.11411,0.03713,0.05518,0.06068,0.06625,0.05799,0.03659,0.02463,0.03175,0.05574,0.05028,0.02265,0.02702,0.10830,0.05402,0.04228,0.02720,0.03011,0.03333,0.06476
0.07552,0.02921,0.09821,0.03792,0.07182,0.10421,0.03252,0.04906,0.04505,0.04087,0.09918,0.02430,0.03091,0.06684,0.03687,0.03345,0.02673,0.02953,0.02605,0.04175
0.01814,0.13320,0.09222,0.11525,0.02787,0.03275,0.06997,0.01825,0.07573,0.03395,0.06840,0.02025,0.05205,0.03692,0.04603,0.03540,0.02686,0.02978,0.03137,0.03560
0.02944,0.05469,0.05805,0.05778,0.02449,0.03050,0.04730,0.15258,0.03124,0.03207,0.04716,0.17678,0.03142,0.03331,0.02328,0.04515,0.03258,0.03069,0.02503,0.03646
0.06654,0.03989,0.15186,0.05129,0.06293,0.15242,0.04516,0.02389,0.03826,0.02863,0.04383,0.02012,0.02669,0.09734,0.02296,0.02241,0.02443,0.01949,0.02693,0.03492
0.05354,0.03728,0.09752,0.06099,0.04174,0.07897,0.07112,0.05283,0.04899,0.04292,0.06332,0.02759,0.03233,0.04415,0.03410,0.03505,0.02707,0.02994,0.06602,0.05451
0.03861,0.05032,0.12448,0.04745,0.05245,0.04684,0.05207,0.04607,0.03281,0.07485,0.10902,0.03566,0.03188,0.04140,0.02831,0.04310,0.02753,0.02730,0.03780,0.05205
0.14712,0.01908,0.04627,0.03104,0.08898,0.18283,0.03236,0.02515,0.02169,0.02656,0.03477,0.01631,0.01729,0.17906,0.02812,0.01517,0.01359,0.02676,0.02098,0.02688
0.10854,0.04405,0.06233,0.06845,0.05276,0.03643,0.05871,0.03811,0.04073,0.06885,0.03260,0.02898,0.03300,0.09977,0.02374,0.03597,0.03642,0.03055,0.04527,0.05475
0.03922,0.02185,0.02418,0.03687,0.13525,0.23291,0.03874,0.04282,0.02041,0.02133,0.03192,0.01850,0.02679,0.17050,0.02663,0.02014,0.01592,0.03631,0.01527,0.02443
0.03809,0.01911,0.03000,0.03906,0.07150,0.06484,0.07272,0.18191,0.03340,0.05220,0.02082,0.13119,0.02649,0.05258,0.02030,0.02783,0.02761,0.03022,0.02345,0.03670
0.13269,0.03589,0.11774,0.02205,0.04465,0.11148,0.02945,0.04194,0.03046,0.03065,0.11228,0.03443,0.02750,0.03859,0.04977,0.02603,0.03279,0.02341,0.01874,0.03947
0.08336,0.04530,0.02314,0.04739,0.03693,0.03613,0.04976,0.15356,0.04266,0.03814,0.03482,0.13187,0.02946,0.07545,0.02907,0.02304,0.03020,0.03505,0.01800,0.03668
0.08217,0.07713,0.04170,0.09335,0.04047,0.03733,0.11169,0.03687,0.06009,0.04782,0.04627,0.02606,0.05062,0.06624,0.03407,0.02843,0.02346,0.03743,0.02062,0.03819
0.04666,0.05232,0.07079,0.04081,0.07416,0.10280,0.05953,0.03301,0.04292,0.06303,0.04282,0.03535,0.02621,0.07028,0.03915,0.03681,0.04266,0.03841,0.03690,0.04539
0.04948,0.01772,0.06483,0.03050,0.11071,0.14921,0.05035,0.04468,0.03475,0.04185,0.05670,0.02231,0.03377,0.10242,0.03188,0.03155,0.02815,0.03555,0.02159,0.04200
0.07617,0.08554,0.03214,0.04084,0.04480,0.05985,0.04432,0.03628,0.04153,0.06334,0.04667,0.09445,0.03629,0.06273,0.04085,0.03658,0.03948,0.03328,0.02574,0.05913
0.07810,0.03123,0.08552,0.05329,0.05327,0.04572,0.06444,0.04498,0.03653,0.05323,0.10304,0.01932,0.04420,0.03744,0.04044,0.03666,0.04250,0.03131,0.03110,0.06767
0.05173,0.03049,0.23432,0.05287,0.04277,0.03358,0.03551,0.02577,0.01999,0.04173,0.19269,0.01508,0.02514,0.05873,0.02255,0.01609,0.01574,0.02071,0.02751,0.03701
0.07791,0.02153,0.04184,0.03736,0.10177,0.08071,0.04619,0.06006,0.03725,0.06316,0.03152,0.06508,0.02549,0.10429,0.02543,0.02229,0.03363,0.04329,0.02238,0.05882
0.16906,0.05913,0.04438,0.03238,0.03091,0.04566,0.03394,0.03532,0.02805,0.03491,0.17067,0.06198,0.03131,0.03152,0.04465,0.01979,0.02898,0.02989,0.02806,0.03939
0.09141,0.19499,0.05327,0.02055,0.02820,0.04422,0.02398,0.03074,0.01786,0.01997,0.03317,0.21453,0.01420,0.10064,0.02069,0.01643,0.01655,0.02067,0.01492,0.02299
0.21306,0.01956,0.06106,0.01813,0.05079,0.08068,0.03151,0.03260,0.02531,0.03845,0.03923,0.02732,0.02613,0.21193,0.02394,0.01572,0.01452,0.02034,0.01612,0.03360
0.06339,0.18184,0.02767,0.04303,0.03336,0.03464,0.04348,0.04920,0.02763,0.03126,0.04285,0.20776,0.03074,0.02646,0.02878,0.02049,0.01817,0.02753,0.02136,0.04036
0.14752,0.02780,0.07149,0.04527,0.05928,0.06603,0.06232,0.04619,0.02017,0.03942,0.02845,0.06630,0.02248,0.14878,0.03053,0.02364,0.01806,0.02152,0.02058,0.03417
0.02429,0.02868,0.02781,0.02482,0.12781,0.25681,0.01831,0.01830,0.02519,0.02415,0.02966,0.01858,0.02444,0.20621,0.02128,0.03291,0.01638,0.03179,0.01308,0.02953
0.06815,0.05919,0.18086,0.04721,0.03363,0.04226,0.02865,0.03367,0.04120,0.02506,0.14369,0.04278,0.02978,0.08796,0.02608,0.02939,0.01814,0.01553,0.01775,0.02903
0.06062,0.03423,0.03383,0.06237,0.02375,0.02547,0.06535,0.16570,0.02106,0.03364,0.02678,0.15530,0.03018,0.05444,0.01663,0.02898,0.03399,0.04783,0.02601,0.05385
0.05139,0.01941,0.05821,0.01556,0.05432,0.08958,0.02528,0.18134,0.02557,0.03162,0.02972,0.18119,0.02022,0.06109,0.02169,0.02627,0.01498,0.03664,0.02826,0.02768
0.11796,0.01713,0.14770,0.01992,0.03312,0.21140,0.02476,0.02149,0.01663,0.03509,0.05278,0.01925,0.03225,0.06699,0.08008,0.01699,0.01727,0.01459,0.02610,0.02850
0.01983,0.19083,0.09523,0.05115,0.02751,0.04158,0.04010,0.02141,0.02863,0.02595,0.06745,0.17940,0.02455,0.03112,0.02791,0.02633,0.02080,0.02253,0.02391,0.03376
0.03354,0.03650,0.07616,0.04799,0.07027,0.17425,0.03922,0.03213,0.03950,0.03160,0.04471,0.02011,0.02060,0.17824,0.02393,0.02771,0.02549,0.02233,0.02623,0.02949
0.03477,0.13646,0.04161,0.08569,0.04338,0.05787,0.06796,0.03401,0.09443,0.05056,0.01985,0.02654,0.03457,0.04328,0.05594,0.02128,0.02605,0.04118,0.02407,0.06051
0.01604,0.06271,0.03095,0.03985,0.04128,0.04719,0.04806,0.07325,0.05822,0.07590,0.02904,0.08681,0.03881,0.03156,0.05356,0.05004,0.03270,0.05201,0.02389,0.10813
0.05156,0.02303,0.09153,0.03271,0.10333,0.14313,0.02384,0.02872,0.03632,0.06231,0.03148,0.02496,0.01751,0.06287,0.07416,0.02272,0.02985,0.03388,0.03890,0.06719
0.03368,0.11522,0.04235,0.05157,0.06871,0.11409,0.03615,0.03238,0.04497,0.03784,0.02377,0.12504,0.03138,0.06503,0.03330,0.02910,0.02862,0.02725,0.01855,0.04099
0.04996,0.09421,0.05878,0.07237,0.05156,0.06133,0.06740,0.03771,0.03476,0.03157,0.05634,0.08763,0.03175,0.05508,0.03728,0.03709,0.02539,0.03597,0.03446,0.03938
0.04720,0.15968,0.04230,0.05490,0.05134,0.05105,0.05419,0.02697,0.02553,0.04160,0.05252,0.14279,0.02093,0.05391,0.02921,0.03143,0.02766,0.03226,0.02461,0.02991
0.02325,0.03080,0.07563,0.03877,0.03112,0.04983,0.03536,0.19872,0.03823,0.03300,0.03422,0.17809,0.02689,0.03522,0.03046,0.02793,0.02406,0.03085,0.02447,0.03311
0.08679,0.03498,0.07896,0.03913,0.07138,0.07375,0.06622,0.08978,0.02774,0.03943,0.03919,0.04517,0.03584,0.07617,0.02452,0.03848,0.03082,0.03561,0.02329,0.04274
0.21375,0.02389,0.03586,0.03660,0.03491,0.03872,0.03653,0.02245,0.02819,0.03419,0.22677,0.01527,0.02327,0.03848,0.02747,0.02922,0.01892,0.03310,0.03918,0.04323
0.06143,0.06005,0.10691,0.06044,0.06628,0.06553,0.06638,0.05345,0.03908,0.03425,0.08842,0.02696,0.05035,0.03733,0.02751,0.02606,0.02443,0.02433,0.03579,0.04503
0.07969,0.03190,0.25109,0.03309,0.04030,0.09455,0.02811,0.02267,0.02006,0.02249,0.12595,0.02640,0.02215,0.04895,0.03550,0.02368,0.01665,0.01571,0.02808,0.03299
0.06310,0.02917,0.02738,0.03869,0.08855,0.16648,0.04566,0.04232,0.03778,0.03435,0.06405,0.02847,0.02496,0.11941,0.03485,0.02662,0.01896,0.04313,0.01988,0.04620
0.10778,0.04542,0.12040,0.05364,0.05910,0.09360,0.05844,0.02549,0.02345,0.05538,0.04937,0.02043,0.02155,0.09267,0.02974,0.02777,0.01920,0.02336,0.04233,0.03089
0.04673,0.04079,0.16591,0.07616,0.03413,0.03975,0.06705,0.02600,0.02897,0.03459,0.14473,0.02875,0.03132,0.04038,0.03275,0.04340,0.02302,0.01974,0.03628,0.03955
0.01988,0.09138,0.03415,0.02999,0.03180,0.03889,0.04744,0.18547,0.03871,0.03316,0.02104,0.18633,0.03584,0.02525,0.04032,0.01995,0.02873,0.03539,0.02671,0.02957
0.18713,0.04247,0.04589,0.03070,0.02644,0.04606,0.03859,0.01934,0.04421,0.04037,0.18700,0.02392,0.02440,0.05126,0.03810,0.03633,0.02840,0.02442,0.02450,0.04045
0.08607,0.04978,0.16137,0.02798,0.04013,0.05379,0.03297,0.03154,0.02500,0.03905,0.14054,0.04828,0.02148,0.09351,0.02959,0.02208,0.01818,0.02489,0.02244,0.03132
0.02267,0.21372,0.03966,0.06199,0.04826,0.04640,0.04114,0.03816,0.03921,0.03310,0.01992,0.18703,0.02966,0.04054,0.02388,0.02863,0.01593,0.02540,0.01600,0.02870
0.05296,0.03230,0.03398,0.04466,0.03832,0.04672,0.06786,0.20164,0.03292,0.03077,0.02256,0.16887,0.02285,0.04809,0.03322,0.02516,0.01985,0.02403,0.01687,0.03636
0.02009,0.02760,0.05631,0.02840,0.03115,0.03909,0.03206,0.23405,0.02437,0.03115,0.02203,0.23915,0.01454,0.03198,0.01834,0.01726,0.02380,0.04247,0.01572,0.05044
0.02554,0.03220,0.05886,0.06671,0.12377,0.16304,0.06618,0.05206,0.02447,0.03484,0.02657,0.03962,0.02449,0.10526,0.02000,0.02421,0.02405,0.02709,0.02221,0.03884
0.24368,0.03303,0.05457,0.02036,0.03336,0.05180,0.02490,0.02033,0.02380,0.03343,0.04411,0.03249,0.01778,0.24565,0.02174,0.01501,0.01923,0.02002,0.01520,0.02949
0.05213,0.02023,0.28769,0.02321,0.03861,0.04164,0.03675,0.02187,0.01681,0.03154,0.23088,0.01875,0.01473,0.04541,0.02058,0.01507,0.01348,0.02051,0.01629,0.03384
0.02770,0.08771,0.10188,0.08659,0.03430,0.03152,0.09900,0.06909,0.05804,0.02340,0.08368,0.02722,0.06307,0.03847,0.02946,0.02427,0.02498,0.02446,0.03200,0.03317
0.02356,0.07062,0.04468,0.05450,0.02432,0.04002,0.07773,0.04682,0.06974,0.08528,0.04632,0.06358,0.05461,0.02668,0.05046,0.02581,0.03057,0.03166,0.04125,0.09178
0.18526,0.01779,0.08025,0.02749,0.03476,0.11425,0.02755,0.03293,0.02035,0.02371,0.02928,0.02710,0.01764,0.20220,0.03033,0.02137,0.01617,0.02073,0.04025,0.03059
0.06960,0.06525,0.02096,0.06437,0.02922,0.06609,0.06952,0.06304,0.06990,0.05096,0.05583,0.04415,0.04163,0.04575,0.04648,0.02612,0.04160,0.04101,0.02732,0.06119
0.03249,0.04603,0.03162,0.03379,0.03404,0.03048,0.06353,0.25519,0.02505,0.02686,0.02042,0.22651,0.02304,0.02864,0.01845,0.01661,0.02623,0.01846,0.01505,0.02751
0.02764,0.04613,0.09802,0.05279,0.05108,0.09279,0.07047,0.03655,0.05623,0.05387,0.02981,0.01790,0.02606,0.06086,0.06125,0.03691,0.05073,0.02907,0.03888,0.06294
0.16966,0.03023,0.03936,0.05007,0.04915,0.05776,0.03663,0.02382,0.02711,0.05318,0.18552,0.01642,0.03075,0.05862,0.02776,0.02182,0.03039,0.02685,0.02508,0.03981
0.06122,0.18134,0.04259,0.04953,0.02739,0.03603,0.04204,0.03393,0.02927,0.03163,0.05878,0.18955,0.03713,0.02612,0.03621,0.02941,0.02133,0.02119,0.01606,0.02926
0.04267,0.04869,0.05402,0.04705,0.03080,0.03923,0.04560,0.07576,0.05389,0.05760,0.06219,0.08779,0.06081,0.01932,0.04351,0.02693,0.03996,0.05237,0.06195,0.04986
0.03876,0.08403,0.04444,0.13057,0.05782,0.04881,0.10730,0.03733,0.06171,0.04331,0.02593,0.03168,0.03437,0.06069,0.03118,0.02775,0.03052,0.04361,0.02608,0.03411
0.09014,0.05988,0.03869,0.02990,0.06547,0.07037,0.04200,0.03910,0.03828,0.05083,0.08189,0.07015,0.04571,0.05933,0.03607,0.04418,0.02808,0.03862,0.02670,0.04461
0.02594,0.02419,0.06322,0.16523,0.04974,0.05845,0.16981,0.06364,0.02676,0.04504,0.04220,0.03584,0.03211,0.03164,0.02865,0.02169,0.02364,0.02646,0.02365,0.04209
0.03689,0.02154,0.21988,0.05352,0.06319,0.08893,0.04939,0.04443,0.02774,0.02878,0.12481,0.02540,0.02606,0.04008,0.02386,0.02401,0.02036,0.01858,0.02007,0.04247
0.09884,0.09098,0.02629,0.03073,0.05361,0.05764,0.04604,0.04632,0.02779,0.04678,0.07704,0.10131,0.03488,0.06049,0.03089,0.02719,0.02448,0.05075,0.02276,0.04517
0.03271,0.03768,0.03955,0.03159,0.11538,0.19156,0.03538,0.03534,0.02502,0.02444,0.04696,0.04598,0.02030,0.15010,0.02085,0.02897,0.02015,0.03789,0.01850,0.04163
0.07735,0.20825,0.03888,0.04609,0.03236,0.03596,0.03024,0.02272,0.03261,0.03138,0.06941,0.16161,0.03870,0.02452,0.03124,0.02404,0.02002,0.03009,0.01666,0.02788
0.02611,0.05648,0.05761,0.05128,0.07741,0.14171,0.03951,0.03006,0.05673,0.04687,0.03744,0.03542,0.05110,0.09985,0.03347,0.03272,0.03237,0.02914,0.01854,0.04618
0.02376,0.06522,0.04348,0.06380,0.04347,0.04599,0.07440,0.12126,0.04181,0.03527,0.03720,0.09406,0.07864,0.02855,0.04040,0.03359,0.03067,0.03607,0.02925,0.03310
0.10771,0.02091,0.05799,0.10055,0.07827,0.07873,0.08835,0.04213,0.02157,0.03763,0.03513,0.02158,0.02659,0.13236,0.02119,0.02157,0.02209,0.02653,0.01521,0.04392
0.02672,0.04822,0.25368,0.04824,0.03241,0.04608,0.03167,0.02009,0.02839,0.02285,0.21266,0.01445,0.02151,0.05465,0.02778,0.02554,0.02278,0.01531,0.01427,0.03270
0.13613,0.03476,0.06184,0.04247,0.05947,0.06441,0.05393,0.03883,0.03846,0.05910,0.08731,0.01687,0.04968,0.07915,0.02618,0.03562,0.02392,0.02526,0.02628,0.04033
0.08961,0.02643,0.08111,0.07285,0.06317,0.08320,0.07783,0.05469,0.02541,0.04923,0.03663,0.03101,0.02677,0.10829,0.02044,0.02334,0.02066,0.02763,0.02989,0.05179
0.04821,0.02895,0.11918,0.03578,0.07128,0.12179,0.04160,0.04132,0.05733,0.04734,0.03059,0.04381,0.03555,0.05665,0.04219,0.02684,0.02987,0.03047,0.02544,0.06581
0.01283,0.02924,0.09587,0.10581,0.03138,0.05996,0.12770,0.07552,0.05119,0.02511,0.01881,0.08019,0.04946,0.03061,0.02282,0.03615,0.02604,0.02575,0.05319,0.04237
0.05612,0.05520,0.16135,0.04368,0.04499,0.08256,0.04279,0.02421,0.04476,0.03372,0.08433,0.02826,0.03584,0.08146,0.03484,0.02418,0.02253,0.02317,0.03511,0.04091
0.13806,0.02514,0.05775,0.05371,0.04684,0.06036,0.05050,0.05154,0.02245,0.06229,0.10723,0.02227,0.03694,0.06106,0.01748,0.04328,0.03695,0.02880,0.02935,0.04800
0.08122,0.05944,0.05763,0.03441,0.06125,0.06962,0.04993,0.04180,0.04458,0.05163,0.05069,0.05530,0.02874,0.08006,0.03322,0.03674,0.03089,0.04093,0.03963,0.05229
0.03844,0.05583,0.08579,0.05503,0.06274,0.10391,0.04341,0.02947,0.04708,0.03560,0.05707,0.02575,0.03729,0.08460,0.04797,0.03832,0.03760,0.04531,0.02233,0.04647
0.13243,0.02281,0.11672,0.02287,0.05265,0.15472,0.03140,0.04222,0.02334,0.04220,0.07672,0.02962,0.03185,0.06565,0.04002,0.01959,0.01789,0.02284,0.02154,0.03293
0.04099,0.02813,0.04531,0.26795,0.04176,0.03401,0.24681,0.02623,0.01413,0.02155,0.03526,0.03192,0.02004,0.03997,0.01767,0.01885,0.01339,0.01483,0.01709,0.02409
0.06504,0.05663,0.22508,0.02981,0.02226,0.02492,0.03116,0.02195,0.02172,0.02737,0.21726,0.03846,0.02336,0.04953,0.02961,0.02443,0.02101,0.01713,0.02356,0.02971
0.04800,0.11689,0.02034,0.05001,0.04896,0.05025,0.05872,0.04307,0.03654,0.05611,0.05524,0.12770,0.03021,0.04351,0.02729,0.02638,0.03128,0.03825,0.02985,0.06141
0.19650,0.02573,0.03230,0.06445,0.04775,0.04705,0.04522,0.03234,0.02905,0.03122,0.02712,0.04452,0.03062,0.20124,0.02367,0.02424,0.02060,0.02117,0.02431,0.03091
0.11015,0.03280,0.03147,0.02720,0.05254,0.04143,0.02851,0.06662,0.02942,0.04270,0.10754,0.07889,0.03167,0.06421,0.03102,0.02374,0.06062,0.05710,0.02579,0.05657
0.03450,0.02201,0.11039,0.03150,0.10586,0.19309,0.04484,0.04642,0.02356,0.03142,0.04859,0.03538,0.02330,0.10803,0.02654,0.01906,0.01764,0.02671,0.01887,0.03231
0.07973,0.04765,0.01727,0.20211,0.07192,0.03041,0.16374,0.02771,0.03412,0.02797,0.05852,0.01653,0.02030,0.06104,0.02488,0.02066,0.01461,0.02193,0.02464,0.03426
0.18197,0.01573,0.09619,0.04015,0.03726,0.10502,0.04139,0.02346,0.02327,0.02804,0.14217,0.01848,0.01825,0.07505,0.05862,0.02283,0.01219,0.01806,0.01500,0.02689
0.08321,0.07083,0.06554,0.06201,0.08112,0.06349,0.06029,0.02577,0.06031,0.06328,0.02958,0.01436,0.02940,0.09484,0.02892,0.03438,0.03235,0.02562,0.03036,0.04436
0.16541,0.03335,0.02602,0.02258,0.06345,0.07124,0.03473,0.05193,0.02877,0.03050,0.08367,0.04919,0.03117,0.12146,0.04544,0.01882,0.02120,0.04589,0.01980,0.03540
0.08485,0.05921,0.02741,0.07850,0.07150,0.05650,0.07297,0.01368,0.07723,0.02846,0.02866,0.02813,0.02624,0.16968,0.01929,0.02725,0.03269,0.03910,0.02622,0.03243
0.22139,0.02969,0.03422,0.04187,0.03062,0.03836,0.05078,0.03543,0.02676,0.02572,0.21463,0.02095,0.03449,0.02086,0.03383,0.02814,0.03037,0.02800,0.02309,0.03080
0.13064,0.03512,0.05166,0.03824,0.06510,0.07105,0.05483,0.03918,0.03690,0.08750,0.01977,0.01953,0.02696,0.11536,0.03443,0.02869,0.03267,0.02288,0.03253,0.05696
0.03373,0.05432,0.13011,0.02762,0.08146,0.14379,0.04402,0.03196,0.03072,0.04174,0.05468,0.03523,0.02368,0.08194,0.03818,0.02826,0.02660,0.02265,0.02708,0.04223
0.04437,0.16679,0.04706,0.10868,0.03848,0.03245,0.06000,0.02255,0.07071,0.03500,0.05171,0.02846,0.05433,0.04246,0.03591,0.03964,0.02434,0.03003,0.02539,0.04164
0.20499,0.01983,0.07958,0.02323,0.03433,0.08806,0.02234,0.02153,0.02397,0.03385,0.05083,0.02427,0.01779,0.23731,0.02325,0.01972,0.01786,0.01942,0.01533,0.02249
0.02958,0.32390,0.01941,0.02544,0.02098,0.02269,0.02581,0.02005,0.01796,0.01355,0.02968,0.33311,0.01272,0.01982,0.01429,0.01951,0.01032,0.01537,0.00926,0.01656
0.08026,0.11918,0.06621,0.06160,0.04639,0.04965,0.04382,0.03994,0.07043,0.05100,0.04092,0.01835,0.04887,0.07937,0.03989,0.02320,0.02989,0.03281,0.02082,0.03740
0.04669,0.02547,0.04092,0.06833,0.11801,0.07712,0.09036,0.08349,0.03168,0.05457,0.02447,0.02528,0.05729,0.07304,0.02107,0.02149,0.02991,0.04069,0.02187,0.04826
0.08975,0.09632,0.05324,0.03908,0.02621,0.02708,0.06918,0.04050,0.05096,0.06071,0.10498,0.05865,0.04836,0.02665,0.04183,0.03021,0.03276,0.03593,0.03063,0.03696
0.14677,0.04723,0.04081,0.04478,0.03123,0.05183,0.05093,0.03696,0.03358,0.04254,0.13641,0.05021,0.02552,0.03860,0.04429,0.03794,0.03144,0.02820,0.02339,0.05734
0.04782,0.03206,0.15275,0.06479,0.09792,0.15993,0.05920,0.02994,0.03236,0.03565,0.02511,0.01141,0.02026,0.08924,0.02236,0.01439,0.01915,0.01284,0.02892,0.04390
0.27489,0.01637,0.07288,0.01993,0.04888,0.05673,0.02709,0.02324,0.01788,0.04245,0.02864,0.01337,0.01132,0.24142,0.01702,0.01376,0.01032,0.01414,0.02538,0.02429
0.07793,0.01623,0.05766,0.02039,0.11493,0.23743,0.02629,0.01644,0.03108,0.03204,0.05344,0.01126,0.02279,0.12918,0.03627,0.01986,0.01771,0.02109,0.02256,0.03543
0.05762,0.02484,0.03768,0.03154,0.11359,0.04269,0.06260,0.15081,0.02287,0.02448,0.05159,0.01884,0.08594,0.02161,0.02594,0.02423,0.04882,0.06370,0.03462,0.05598
0.07323,0.03466,0.05381,0.12764,0.05374,0.05715,0.11920,0.02725,0.03606,0.04025,0.08377,0.02074,0.02652,0.07192,0.02250,0.02997,0.02789,0.03264,0.02406,0.03699
0.11620,0.01901,0.07207,0.02305,0.10597,0.08354,0.03996,0.05847,0.01827,0.10105,0.03652,0.01721,0.03135,0.08432,0.02443,0.03368,0.02017,0.03093,0.02457,0.05924
0.07286,0.08929,0.11144,0.03584,0.04664,0.11757,0.03876,0.03520,0.02848,0.04603,0.04188,0.09775,0.01882,0.07177,0.02929,0.02429,0.01742,0.01860,0.02210,0.03596
0.16053,0.01756,0.05087,0.02709,0.08522,0.06843,0.03095,0.02794,0.02810,0.05892,0.03958,0.01714,0.02052,0.13410,0.06120,0.02497,0.02038,0.04562,0.03291,0.04795
0.04864,0.05049,0.03334,0.04713,0.03814,0.03901,0.04095,0.15909,0.04914,0.02831,0.03511,0.13400,0.05104,0.04410,0.03597,0.02847,0.03954,0.03757,0.02836,0.03158
0.04067,0.02030,0.23842,0.03172,0.04366,0.21479,0.02410,0.04034,0.02990,0.02262,0.02999,0.03102,0.03054,0.03133,0.06242,0.01767,0.02145,0.01774,0.01973,0.03158
0.07073,0.04567,0.03971,0.16454,0.04099,0.03468,0.18519,0.05018,0.02182,0.02877,0.02796,0.04354,0.02649,0.06820,0.02302,0.03528,0.02001,0.02134,0.01567,0.03622
0.04160,0.02600,0.12404,0.03112,0.10143,0.19741,0.03792,0.03924,0.03375,0.02801,0.03150,0.02029,0.01953,0.12377,0.02921,0.02632,0.02103,0.02100,0.01443,0.03240
0.05715,0.03372,0.07683,0.19706,0.05317,0.07763,0.17295,0.03062,0.02783,0.02376,0.02145,0.01918,0.02064,0.07164,0.02139,0.01653,0.01722,0.01520,0.01627,0.02978
0.05213,0.03801,0.17375,0.04460,0.05339,0.15400,0.05095,0.04792,0.02798,0.04005,0.02608,0.04180,0.03030,0.02867,0.02186,0.03124,0.02940,0.02232,0.03917,0.04638
0.07501,0.03603,0.07742,0.03255,0.08040,0.11661,0.03708,0.04255,0.04280,0.05500,0.02935,0.05185,0.04256,0.08392,0.03672,0.02424,0.03161,0.03940,0.02707,0.03785
0.03823,0.07126,0.03449,0.12396,0.03221,0.02529,0.09125,0.03510,0.06471,0.07028,0.05352,0.02849,0.08815,0.02988,0.03287,0.02491,0.04608,0.02781,0.03414,0.04737
0.03139,0.10161,0.04195,0.07410,0.03936,0.05285,0.04128,0.08698,0.05198,0.03316,0.04033,0.11803,0.04958,0.05683,0.03355,0.02852,0.02630,0.03019,0.02410,0.03789
0.05830,0.04927,0.04917,0.03620,0.06723,0.07041,0.05359,0.10507,0.04393,0.06014,0.02797,0.05857,0.03284,0.05973,0.04761,0.03143,0.02885,0.03911,0.02850,0.05208
0.08284,0.05801,0.12064,0.06113,0.04683,0.02387,0.04617,0.02889,0.02782,0.05608,0.17524,0.02315,0.03416,0.02404,0.04454,0.03208,0.02065,0.02270,0.02206,0.04908
0.05091,0.04413,0.18164,0.05824,0.06545,0.10688,0.04878,0.03068,0.03139,0.03645,0.06514,0.01878,0.02504,0.06164,0.02592,0.02463,0.01788,0.02283,0.03857,0.04502
0.05893,0.02620,0.02923,0.01921,0.10593,0.12039,0.04953,0.06742,0.02380,0.04746,0.01949,0.03265,0.05313,0.07602,0.02826,0.01799,0.06249,0.06552,0.03015,0.06619
0.02350,0.07085,0.09654,0.06199,0.03092,0.06582,0.06207,0.03340,0.06878,0.06073,0.03604,0.01777,0.04892,0.02451,0.05125,0.04498,0.04044,0.03446,0.07815,0.04886
0.07526,0.01831,0.10978,0.04560,0.05651,0.12745,0.05379,0.02529,0.02952,0.02712,0.06676,0.02299,0.02274,0.14871,0.02619,0.02427,0.02429,0.03028,0.02893,0.03623
0.04453,0.03183,0.14305,0.02938,0.04911,0.05690,0.03177,0.02878,0.03836,0.06852,0.13503,0.02216,0.03572,0.05959,0.04908,0.03088,0.02823,0.02759,0.03296,0.05653
0.04597,0.06534,0.10804,0.07907,0.03421,0.04101,0.06193,0.02182,0.04195,0.05272,0.10423,0.01455,0.04318,0.02519,0.06800,0.03360,0.03069,0.02954,0.02805,0.07092
0.06920,0.05823,0.06618,0.03020,0.07220,0.10980,0.05795,0.05503,0.04577,0.06359,0.03777,0.05347,0.04204,0.04938,0.03864,0.02309,0.02603,0.03613,0.02900,0.03631
0.03705,0.02186,0.11524,0.02717,0.11357,0.22385,0.04172,0.05443,0.01938,0.03540,0.02143,0.02862,0.01590,0.11444,0.02286,0.01548,0.02010,0.02126,0.01550,0.03471
0.09542,0.02418,0.16089,0.04580,0.05584,0.11304,0.04872,0.02874,0.02294,0.04313,0.07545,0.01529,0.02727,0.08402,0.02578,0.02640,0.02195,0.01921,0.02767,0.03827
0.05515,0.02211,0.06426,0.06017,0.04459,0.06266,0.08113,0.13150,0.02722,0.04519,0.04762,0.09835,0.03009,0.02770,0.02410,0.03187,0.02846,0.02877,0.04494,0.04413
0.05418,0.07708,0.04266,0.04546,0.04490,0.05222,0.05027,0.12769,0.03017,0.03793,0.03023,0.16852,0.02099,0.05210,0.02368,0.03450,0.02008,0.02817,0.02265,0.03653
0.06038,0.02401,0.07351,0.02859,0.10359,0.17998,0.03239,0.03599,0.01933,0.05263,0.03473,0.02645,0.02130,0.12805,0.02635,0.02452,0.02301,0.04014,0.02127,0.04379
0.03874,0.17168,0.06762,0.04600,0.06148,0.05064,0.04281,0.03302,0.03195,0.02637,0.04086,0.18943,0.03451,0.03101,0.02706,0.02648,0.01524,0.01978,0.01388,0.03144
0.03114,0.01925,0.04719,0.22525,0.05552,0.04543,0.22439,0.06692,0.02069,0.03006,0.01575,0.04931,0.02113,0.04118,0.01736,0.01484,0.01631,0.01649,0.01296,0.02882
0.17798,0.03371,0.04191,0.02478,0.07580,0.06049,0.03489,0.03612,0.02669,0.06914,0.06752,0.02892,0.03421,0.13570,0.02779,0.03140,0.01412,0.02064,0.02320,0.03501
0.14170,0.01857,0.05426,0.05010,0.10333,0.11719,0.06005,0.03080,0.02215,0.04195,0.01708,0.01408,0.01932,0.17712,0.02357,0.02160,0.01482,0.01812,0.02045,0.03376
0.02445,0.03087,0.07078,0.18184,0.06353,0.05644,0.16753,0.03520,0.02841,0.04744,0.03986,0.01809,0.02419,0.03572,0.02442,0.02811,0.02329,0.02305,0.02587,0.05091
0.03854,0.05154,0.17790,0.06883,0.06571,0.12090,0.06221,0.04399,0.03407,0.02675,0.03427,0.02623,0.04197,0.03207,0.03160,0.02870,0.02047,0.01598,0.03602,0.04224
0.03002,0.02796,0.15116,0.05633,0.04416,0.06113,0.04048,0.04207,0.02935,0.06455,0.13078,0.04920,0.02444,0.04154,0.02934,0.03387,0.02839,0.03218,0.01818,0.06488
0.01986,0.04220,0.03548,0.05828,0.09792,0.18254,0.06311,0.05165,0.03509,0.03657,0.03107,0.04578,0.02753,0.11276,0.02386,0.03048,0.02020,0.02617,0.02069,0.03874
0.05611,0.12752,0.08184,0.02280,0.03589,0.04435,0.03245,0.05339,0.02699,0.03699,0.08936,0.15973,0.02459,0.03636,0.03322,0.02918,0.02238,0.02495,0.02446,0.03743
0.05370,0.02113,0.24694,0.04277,0.03970,0.11044,0.02339,0.02741,0.02001,0.02566,0.14885,0.01488,0.02198,0.07856,0.01906,0.02063,0.01571,0.01286,0.02862,0.02771
0.04001,0.15225,0.04792,0.04501,0.05317,0.05101,0.06058,0.05965,0.03182,0.04477,0.04721,0.16076,0.02836,0.03938,0.02234,0.02345,0.01842,0.02149,0.01655,0.03585
0.05586,0.03211,0.05790,0.03852,0.05331,0.06778,0.05618,0.11841,0.03517,0.02819,0.04942,0.11259,0.02902,0.05177,0.02708,0.05788,0.03257,0.03891,0.02544,0.03190
0.07181,0.02921,0.04342,0.02912,0.10751,0.07570,0.04506,0.05257,0.03127,0.08040,0.08409,0.03131,0.06208,0.05021,0.02105,0.03951,0.03080,0.05019,0.01938,0.04530
0.03575,0.03544,0.08619,0.13912,0.05762,0.04043,0.14118,0.06187,0.03939,0.02701,0.05913,0.02593,0.03482,0.02561,0.02279,0.03904,0.02731,0.02115,0.04011,0.04012
0.03191,0.03780,0.22619,0.06831,0.04219,0.04504,0.03505,0.03801,0.02682,0.03193,0.17106,0.02190,0.02837,0.03739,0.02676,0.02592,0.02214,0.02546,0.02297,0.03478
0.13691,0.04146,0.04600,0.04661,0.07072,0.05288,0.03302,0.01858,0.05447,0.03056,0.07920,0.02112,0.02822,0.10964,0.04262,0.04744,0.03356,0.03942,0.02472,0.04287
