0.08224,0.24766,0.13762,0.11847,0.16217,0.02655,0.07240,0.04649,0.05066,0.05575
0.18035,0.06576,0.06916,0.22203,0.10046,0.05114,0.10319,0.06977,0.08391,0.05422
0.19907,0.06293,0.08119,0.19535,0.08727,0.04402,0.12957,0.09741,0.06467,0.03852
0.16822,0.06850,0.09977,0.21532,0.19360,0.03299,0.08023,0.04745,0.05274,0.04117
0.20855,0.03228,0.08311,0.24274,0.04569,0.01110,0.16998,0.01394,0.17136,0.02125
0.02746,0.02220,0.17749,0.18493,0.02321,0.02077,0.23793,0.02698,0.23187,0.04717
0.30612,0.02356,0.02370,0.34529,0.10090,0.02338,0.07628,0.01612,0.05878,0.02587
0.14942,0.18891,0.04657,0.12707,0.30151,0.05009,0.04438,0.02601,0.03788,0.02816
0.08003,0.10381,0.10284,0.17570,0.12003,0.03058,0.16213,0.12542,0.05750,0.04197
0.09918,0.07300,0.15097,0.11643,0.15418,0.03238,0.15110,0.07866,0.09754,0.04657
0.11366,0.08762,0.11152,0.19313,0.14985,0.05222,0.08372,0.07021,0.06049,0.07760
0.11052,0.07169,0.09851,0.24658,0.28018,0.02067,0.05616,0.02807,0.05250,0.03511
0.07996,0.22099,0.06044,0.05718,0.16647,0.08094,0.10998,0.04250,0.12380,0.05774
0.15381,0.13014,0.06402,0.15759,0.16813,0.03874,0.10646,0.05617,0.08563,0.03931
0.20864,0.12535,0.14953,0.22691,0.12343,0.02669,0.04330,0.02112,0.04968,0.02535
0.31685,0.06651,0.14140,0.09558,0.09470,0.02314,0.10996,0.02389,0.08170,0.04626
0.04660,0.02885,0.15136,0.18326,0.05944,0.04433,0.21533,0.14623,0.08123,0.04338
0.14332,0.02910,0.03264,0.19351,0.08827,0.03138,0.18936,0.14830,0.08049,0.06362
0.04646,0.18160,0.04802,0.21545,0.19523,0.01561,0.13961,0.10271,0.03066,0.02466
0.18036,0.09522,0.04359,0.20208,0.07867,0.03495,0.14947,0.10284,0.07408,0.03875
0.24667,0.03362,0.03570,0.28972,0.12505,0.02969,0.08893,0.02671,0.08874,0.03517
0.09312,0.08761,0.07614,0.14851,0.13066,0.04188,0.17857,0.11442,0.06907,0.06003
0.09488,0.10869,0.42945,0.11719,0.08774,0.02574,0.04154,0.03275,0.03772,0.02430
0.05848,0.15409,0.14042,0.06151,0.09527,0.04019,0.18722,0.12249,0.08494,0.05541
0.07807,0.09219,0.09107,0.12360,0.10404,0.07758,0.15130,0.13219,0.07350,0.07647
0.21038,0.03221,0.18759,0.03016,0.02154,0.01616,0.24146,0.19761,0.03816,0.02472
0.08337,0.19108,0.07397,0.25453,0.07509,0.02671,0.14270,0.10801,0.02095,0.02358
0.17632,0.11117,0.13770,0.07147,0.08925,0.01662,0.17642,0.16520,0.02866,0.02719
0.07309,0.03481,0.03055,0.08120,0.04164,0.03030,0.31574,0.22594,0.10071,0.06602
0.11299,0.05250,0.07346,0.32949,0.24776,0.02111,0.05998,0.04254,0.02997,0.03019
0.21869,0.04288,0.12357,0.19352,0.20565,0.03322,0.06873,0.04575,0.03663,0.03137
0.13555,0.18898,0.07767,0.22693,0.16067,0.02892,0.07082,0.05339,0.02517,0.03189
0.05813,0.14287,0.02600,0.05235,0.15130,0.02536,0.23414,0.08239,0.16180,0.06564
0.11751,0.02824,0.06967,0.11677,0.05082,0.05168,0.20757,0.14511,0.14634,0.06629
0.12348,0.08699,0.09661,0.12634,0.13321,0.03372,0.15323,0.03136,0.17033,0.04473
0.03488,0.02567,0.06597,0.57200,0.22873,0.01105,0.02828,0.00808,0.01680,0.00854
0.23712,0.03919,0.15245,0.22187,0.13889,0.02096,0.07238,0.03806,0.03797,0.04111
0.05754,0.05614,0.04212,0.06794,0.05890,0.05194,0.29516,0.05846,0.25058,0.06122
0.18493,0.08285,0.05845,0.20676,0.10701,0.02065,0.14139,0.11412,0.04766,0.03618
0.06943,0.06063,0.07089,0.11919,0.07137,0.02485,0.25500,0.03295,0.24194,0.05375
0.06996,0.05077,0.07842,0.07793,0.08652,0.02427,0.27989,0.02237,0.27764,0.03222
0.08645,0.17587,0.03593,0.10894,0.16983,0.03668,0.16239,0.04022,0.14224,0.04144
0.14290,0.12107,0.12158,0.15332,0.10079,0.04494,0.13437,0.10020,0.04352,0.03731
0.07072,0.03900,0.04121,0.14315,0.08017,0.02426,0.28367,0.23707,0.05111,0.02965
0.06074,0.03540,0.06076,0.22656,0.10178,0.02854,0.21944,0.04464,0.17681,0.04532
0.17142,0.11029,0.14282,0.11055,0.08069,0.05717,0.12186,0.10616,0.04679,0.05224
0.28027,0.04276,0.05584,0.26730,0.07319,0.01499,0.12032,0.11022,0.01506,0.02004
0.04502,0.10219,0.05563,0.17359,0.12654,0.02214,0.21609,0.17132,0.04683,0.04064
0.21089,0.02660,0.17292,0.09016,0.04652,0.04030,0.17590,0.13382,0.05479,0.04811
0.21016,0.04198,0.09891,0.14566,0.14827,0.02453,0.15183,0.13404,0.02232,0.02230
0.15606,0.04655,0.09008,0.07689,0.06875,0.05549,0.21004,0.09006,0.13097,0.07510
0.35604,0.03193,0.04119,0.32216,0.05627,0.02438,0.05940,0.02503,0.05655,0.02704
0.10596,0.16310,0.10601,0.23680,0.21527,0.01800,0.05813,0.04098,0.02841,0.02733
0.05071,0.05961,0.04101,0.09790,0.06488,0.04154,0.28277,0.08223,0.21773,0.06163
0.09557,0.06739,0.07450,0.16275,0.13541,0.05504,0.16843,0.13678,0.05869,0.04546
0.28766,0.05732,0.05955,0.29676,0.09531,0.02707,0.05169,0.03561,0.03232,0.05671
0.11527,0.05678,0.06196,0.12414,0.05272,0.06290,0.21420,0.09429,0.12960,0.08815
0.14888,0.04190,0.11275,0.06928,0.05483,0.03200,0.19258,0.06292,0.18675,0.09812
0.14488,0.13470,0.06622,0.13258,0.18467,0.03377,0.12005,0.10770,0.03803,0.03739
0.04685,0.04384,0.11327,0.06294,0.04695,0.01919,0.31499,0.04305,0.27977,0.02916
0.06477,0.04055,0.05401,0.07810,0.05544,0.04444,0.30095,0.28477,0.03600,0.04097
0.21183,0.08681,0.17030,0.25639,0.09184,0.02189,0.06167,0.03835,0.03737,0.02354
0.11860,0.15348,0.16332,0.14329,0.14579,0.03021,0.10522,0.08974,0.02932,0.02102
0.17121,0.14871,0.11162,0.12422,0.16351,0.05237,0.08856,0.08123,0.02675,0.03181
0.06900,0.10789,0.09119,0.32208,0.12058,0.03786,0.08345,0.04628,0.08439,0.03728
0.05118,0.07767,0.06818,0.15221,0.06822,0.02906,0.22403,0.18731,0.07015,0.07200
0.10368,0.07279,0.23931,0.28951,0.07686,0.01798,0.07400,0.05147,0.04790,0.02651
0.21455,0.08190,0.07330,0.17202,0.14859,0.03227,0.10561,0.03223,0.10182,0.03771
0.09990,0.03903,0.04500,0.09950,0.05100,0.06208,0.26196,0.06302,0.22748,0.05102
0.11200,0.16321,0.18017,0.13926,0.13981,0.03182,0.07396,0.03240,0.07436,0.05301
0.06658,0.08054,0.05347,0.32293,0.23609,0.02326,0.08621,0.06133,0.03115,0.03845
0.13989,0.06118,0.11485,0.27495,0.25802,0.02646,0.04321,0.03940,0.02159,0.02045
0.08079,0.11374,0.09847,0.12579,0.08651,0.05637,0.19367,0.14926,0.04509,0.05032
0.11054,0.13547,0.09291,0.14941,0.12454,0.04000,0.14015,0.11325,0.04722,0.04652
0.11515,0.13734,0.11786,0.16301,0.12522,0.02762,0.12146,0.06882,0.08166,0.04185
0.41911,0.03605,0.38581,0.03075,0.03562,0.01101,0.03019,0.01545,0.01804,0.01797
0.05072,0.06718,0.18146,0.06640,0.07779,0.03569,0.21972,0.03713,0.20695,0.05696
0.07912,0.05731,0.04986,0.10448,0.06744,0.06079,0.24831,0.05229,0.21393,0.06648
0.05815,0.04235,0.21551,0.21946,0.07595,0.03284,0.14365,0.02693,0.15324,0.03194
0.10565,0.05235,0.07620,0.14385,0.07819,0.03540,0.20716,0.15489,0.08409,0.06222
0.29651,0.12903,0.20508,0.13825,0.11288,0.01567,0.03255,0.02658,0.02094,0.02252
0.08472,0.07979,0.07443,0.26799,0.17744,0.03250,0.11344,0.04359,0.07857,0.04752
0.22612,0.05128,0.03833,0.24973,0.05555,0.01986,0.13960,0.12218,0.05651,0.04083
0.03901,0.03055,0.03422,0.04950,0.04002,0.19933,0.21074,0.13527,0.11578,0.14558
0.11868,0.18564,0.07635,0.13237,0.14493,0.02454,0.12665,0.08751,0.07275,0.03059
0.11473,0.04181,0.04395,0.24194,0.17278,0.03010,0.13867,0.02398,0.13900,0.05304
0.06327,0.03228,0.04262,0.06915,0.03891,0.03329,0.32260,0.15946,0.18371,0.05471
0.05530,0.05777,0.04792,0.15632,0.10143,0.02700,0.24993,0.23726,0.03567,0.03138
0.22395,0.12843,0.08118,0.26326,0.12597,0.01591,0.05944,0.03031,0.04879,0.02275
0.10951,0.14146,0.15564,0.14440,0.12201,0.02313,0.11591,0.11128,0.03244,0.04422
0.04427,0.02780,0.02581,0.07038,0.04477,0.01311,0.37842,0.35695,0.02393,0.01458
0.23046,0.09490,0.19049,0.12072,0.09805,0.02293,0.09004,0.09368,0.02119,0.03755
0.16218,0.03309,0.08147,0.16145,0.06802,0.06376,0.16561,0.10920,0.09654,0.05868
0.03844,0.05099,0.04695,0.06386,0.05139,0.01964,0.32735,0.02180,0.34504,0.03454
0.09564,0.12729,0.17336,0.12308,0.10342,0.02208,0.15965,0.15414,0.02472,0.01663
0.11384,0.08186,0.08538,0.10346,0.05956,0.02836,0.23934,0.18663,0.05973,0.04183
0.08551,0.04297,0.05429,0.08694,0.05528,0.03471,0.29311,0.24797,0.05975,0.03947
0.12116,0.05907,0.07138,0.12063,0.05854,0.09308,0.16476,0.08831,0.13609,0.08698
0.19194,0.13682,0.09829,0.20446,0.12640,0.02974,0.08006,0.05737,0.04732,0.02761
0.13125,0.07077,0.09283,0.16924,0.09592,0.02833,0.17222,0.02881,0.17142,0.03922
0.14347,0.11846,0.09034,0.16655,0.13365,0.05287,0.11259,0.05896,0.06656,0.05655
0.14850,0.11678,0.04865,0.19855,0.15698,0.04558,0.11578,0.04229,0.07861,0.04828
0.03984,0.04730,0.04575,0.17965,0.06847,0.07470,0.22502,0.06025,0.18814,0.07086
0.26425,0.04726,0.03626,0.26820,0.06518,0.05674,0.08360,0.05782,0.06558,0.05511
0.12791,0.10834,0.11457,0.15316,0.10765,0.04554,0.12174,0.07307,0.08027,0.06776
0.09386,0.12176,0.06833,0.15342,0.08779,0.07869,0.15129,0.05735,0.12032,0.06719
0.31070,0.04366,0.26837,0.06695,0.03463,0.02591,0.09609,0.01922,0.10622,0.02824
0.40111,0.01944,0.04029,0.40277,0.03081,0.01484,0.03265,0.02030,0.02331,0.01450
0.25513,0.02990,0.05519,0.22518,0.05642,0.03306,0.13012,0.03617,0.11357,0.06526
0.23990,0.08404,0.05774,0.22771,0.17374,0.03633,0.05837,0.05610,0.02636,0.03971
0.16652,0.03909,0.11901,0.21593,0.15807,0.02497,0.11278,0.08215,0.04096,0.04054
0.22547,0.02418,0.14910,0.30982,0.04370,0.01248,0.09889,0.04056,0.07471,0.02108
0.13027,0.03274,0.06520,0.17721,0.09934,0.03652,0.21087,0.12793,0.09122,0.02869
0.21692,0.04378,0.05005,0.28730,0.10150,0.03265,0.11339,0.08033,0.04330,0.03080
0.07111,0.06204,0.02157,0.06596,0.05604,0.04321,0.31322,0.12037,0.21137,0.03511
0.12993,0.32504,0.13644,0.09209,0.08575,0.03087,0.08188,0.05528,0.02945,0.03326
0.14076,0.12852,0.10959,0.22451,0.12126,0.02864,0.08545,0.05201,0.05978,0.04948
0.06009,0.08572,0.50896,0.07273,0.05419,0.01920,0.07458,0.07205,0.02753,0.02497
0.21590,0.02680,0.18301,0.10858,0.06557,0.03126,0.15283,0.13172,0.04569,0.03864
0.17045,0.06221,0.03304,0.18996,0.11735,0.02144,0.17708,0.15769,0.03699,0.03379
0.23490,0.07130,0.10246,0.18720,0.15237,0.02273,0.08698,0.01536,0.10271,0.02400
0.12350,0.05744,0.07186,0.11990,0.06622,0.07671,0.19436,0.08174,0.13450,0.07377
0.23179,0.03716,0.16619,0.14726,0.08200,0.01334,0.14454,0.13106,0.02162,0.02504
0.22864,0.04506,0.17654,0.11531,0.04809,0.01663,0.15373,0.02287,0.15738,0.03574
0.15521,0.04715,0.08198,0.24936,0.19360,0.03582,0.09294,0.05094,0.05222,0.04077
0.02973,0.01999,0.02294,0.03241,0.03065,0.01415,0.40888,0.01613,0.40356,0.02155
0.19454,0.05733,0.08913,0.21850,0.19685,0.02917,0.07253,0.03326,0.07562,0.03306
0.08819,0.07023,0.04737,0.11464,0.08481,0.03298,0.24128,0.14827,0.11123,0.06100
0.10381,0.04584,0.07219,0.09360,0.06917,0.05775,0.20847,0.15961,0.10300,0.08655
0.11092,0.05887,0.06423,0.18175,0.13102,0.03887,0.17173,0.08688,0.10215,0.05357
0.27870,0.06901,0.04073,0.28117,0.07451,0.02058,0.09305,0.07120,0.04367,0.02737
0.14007,0.10369,0.10600,0.11897,0.10833,0.03564,0.16132,0.12715,0.05401,0.04481
0.03980,0.04254,0.05650,0.05434,0.06102,0.04620,0.29792,0.22683,0.09970,0.07515
0.11687,0.26312,0.07381,0.07244,0.20517,0.02561,0.09583,0.08238,0.03618,0.02858
0.12073,0.06729,0.14667,0.17804,0.08843,0.02849,0.14998,0.10611,0.06600,0.04826
0.07538,0.05709,0.05924,0.07890,0.05887,0.02646,0.28874,0.16563,0.12266,0.06704
0.06187,0.06734,0.07887,0.08451,0.07263,0.04703,0.24062,0.11501,0.16703,0.06509
0.23312,0.10543,0.05594,0.22560,0.18945,0.03844,0.04748,0.03399,0.03932,0.03125
0.05537,0.06532,0.02983,0.10669,0.06573,0.03306,0.30716,0.11173,0.18844,0.03668
0.09889,0.10968,0.09491,0.28552,0.17777,0.02767,0.07732,0.06467,0.02593,0.03764
0.20657,0.09632,0.02877,0.21768,0.13653,0.04141,0.08555,0.03372,0.08719,0.06627
0.09643,0.02956,0.03406,0.14844,0.04015,0.02134,0.28318,0.25343,0.04581,0.04760
0.07125,0.19738,0.06544,0.11172,0.20304,0.01587,0.15209,0.13829,0.02467,0.02024
0.23153,0.06111,0.15455,0.27801,0.16808,0.01486,0.02865,0.01398,0.02958,0.01964
0.01728,0.01167,0.42681,0.42921,0.01525,0.01106,0.03739,0.01279,0.02582,0.01273
0.07877,0.04773,0.06769,0.05869,0.03843,0.02406,0.30781,0.10654,0.22393,0.04634
0.08899,0.10570,0.08551,0.12338,0.08537,0.02799,0.21185,0.02626,0.20570,0.03924
0.19846,0.06043,0.15384,0.13793,0.09123,0.07109,0.09973,0.07733,0.05776,0.05220
0.11972,0.18633,0.10148,0.15726,0.13752,0.02407,0.11425,0.10346,0.03052,0.02539
0.14869,0.05069,0.08053,0.23284,0.22835,0.04687,0.08448,0.05619,0.03605,0.03530
0.09511,0.09353,0.07542,0.10590,0.10286,0.03742,0.21493,0.18133,0.06036,0.03313
0.22489,0.13884,0.13846,0.17174,0.12908,0.02697,0.06077,0.03836,0.04455,0.02634
0.07641,0.04149,0.04264,0.23625,0.14713,0.03543,0.17890,0.02351,0.18838,0.02986
0.13074,0.11242,0.08437,0.13424,0.09543,0.04550,0.12966,0.07541,0.11258,0.07967
0.08221,0.14303,0.05727,0.06746,0.13023,0.02289,0.22159,0.10669,0.13051,0.03810
0.05096,0.23895,0.32401,0.04130,0.04803,0.02200,0.12656,0.08113,0.03389,0.03317
0.08482,0.09051,0.03560,0.10617,0.09387,0.05042,0.20225,0.10564,0.15015,0.08058
0.14663,0.04509,0.06651,0.15882,0.08690,0.02957,0.17654,0.12519,0.08087,0.08389
0.03276,0.05476,0.07118,0.06475,0.06104,0.03267,0.30382,0.22063,0.10409,0.05430
0.09970,0.03406,0.06612,0.10572,0.08795,0.07472,0.22396,0.05256,0.19493,0.06027
0.08728,0.14470,0.15390,0.18939,0.13693,0.02916,0.08137,0.03596,0.10690,0.03441
0.04691,0.08897,0.05653,0.18110,0.19899,0.02499,0.13839,0.09659,0.06381,0.10372
0.20396,0.02180,0.17178,0.03632,0.01753,0.01798,0.23269,0.02081,0.24469,0.03243
0.06372,0.17377,0.11110,0.16271,0.20661,0.02432,0.10450,0.09781,0.02466,0.03080
0.16452,0.12375,0.12942,0.16687,0.13703,0.03120,0.08606,0.04411,0.06938,0.04766
0.20195,0.03489,0.16888,0.05860,0.03940,0.03015,0.20171,0.13349,0.08266,0.04826
0.12747,0.09441,0.07794,0.13601,0.07067,0.05067,0.16741,0.05703,0.14375,0.07464
0.10502,0.10494,0.06988,0.07930,0.07053,0.05329,0.21748,0.04277,0.19738,0.05943
0.11138,0.16775,0.06366,0.09084,0.23876,0.07727,0.08675,0.05108,0.06040,0.05212
0.26486,0.10191,0.04309,0.23395,0.07283,0.02907,0.08840,0.08178,0.03656,0.04755
0.04118,0.12423,0.07257,0.13576,0.04264,0.02632,0.26297,0.17942,0.08095,0.03396
0.16930,0.04979,0.05108,0.12394,0.09992,0.03560,0.21538,0.05155,0.16739,0.03605
0.15878,0.16090,0.12184,0.07033,0.18887,0.01677,0.12479,0.11268,0.02236,0.02268
0.13099,0.11634,0.17979,0.13500,0.13482,0.02400,0.08913,0.08544,0.04977,0.05472
0.02082,0.04421,0.02349,0.11426,0.05931,0.01985,0.34760,0.31322,0.03319,0.02406
0.20253,0.07720,0.10489,0.18172,0.16107,0.03113,0.09245,0.05725,0.04946,0.04230
0.16107,0.06665,0.10344,0.19344,0.07655,0.02247,0.14067,0.03734,0.14995,0.04843
0.15940,0.20672,0.11544,0.11140,0.17542,0.02991,0.04679,0.03466,0.08729,0.03298
0.15042,0.08765,0.08180,0.28113,0.23555,0.03035,0.04413,0.02745,0.03205,0.02947
0.24358,0.04176,0.06489,0.27312,0.06212,0.04026,0.09563,0.09084,0.04522,0.04259
0.12027,0.02717,0.08755,0.27171,0.11667,0.04591,0.11723,0.05479,0.10356,0.05516
0.05957,0.04272,0.04066,0.12791,0.09668,0.05089,0.24595,0.21311,0.06559,0.05691
0.12746,0.07675,0.06412,0.22433,0.07111,0.07435,0.11420,0.06785,0.08581,0.09402
0.07098,0.06045,0.21175,0.19971,0.06674,0.02854,0.12986,0.10144,0.07716,0.05339
0.26664,0.08576,0.07336,0.29340,0.10639,0.01684,0.05271,0.02397,0.05382,0.02712
0.10088,0.02005,0.02167,0.16094,0.09871,0.03174,0.23675,0.10667,0.15191,0.07067
0.19509,0.08103,0.10213,0.23181,0.15181,0.02530,0.07760,0.05166,0.05129,0.03228
0.07715,0.05598,0.05282,0.08944,0.04356,0.05413,0.28106,0.17417,0.12670,0.04500
0.18397,0.07232,0.07872,0.21104,0.12249,0.03085,0.10817,0.02678,0.13522,0.03044
0.09726,0.10645,0.08904,0.15369,0.05871,0.05589,0.17488,0.13910,0.06368,0.06129
0.13396,0.09573,0.07469,0.16668,0.09497,0.04621,0.13104,0.03962,0.14935,0.06776
0.12290,0.06390,0.08952,0.13969,0.06909,0.08846,0.17022,0.08243,0.09495,0.07884
0.19312,0.10781,0.11226,0.12564,0.08996,0.02645,0.13369,0.05458,0.10342,0.05307
0.06886,0.08384,0.04427,0.11671,0.08845,0.02492,0.24482,0.04010,0.23242,0.05561
0.07006,0.03950,0.04347,0.15471,0.08249,0.10758,0.17586,0.07127,0.13808,0.11697
0.05861,0.05224,0.08074,0.06558,0.06234,0.09553,0.21800,0.19717,0.06362,0.10618
0.14339,0.10457,0.15590,0.20456,0.13103,0.04384,0.06257,0.02307,0.07944,0.05163
0.25840,0.01709,0.22151,0.05593,0.02292,0.01603,0.20048,0.17631,0.01403,0.01729
0.08412,0.17763,0.33329,0.09488,0.10423,0.02920,0.06239,0.04141,0.03762,0.03523
0.06880,0.06920,0.05925,0.09185,0.05469,0.11356,0.20515,0.06080,0.18442,0.09228
0.20117,0.02977,0.06759,0.17983,0.06567,0.02460,0.15978,0.04292,0.19969,0.02898
0.17591,0.06143,0.05240,0.23213,0.06236,0.04980,0.16405,0.12498,0.04789,0.02905
0.13175,0.10006,0.12984,0.17591,0.15992,0.02742,0.11151,0.09771,0.03488,0.03099
0.18236,0.06757,0.08792,0.12716,0.07886,0.02968,0.19201,0.16375,0.03454,0.03615
0.05965,0.10972,0.06201,0.21088,0.16136,0.02097,0.16923,0.04387,0.12926,0.03305
0.09046,0.06308,0.06550,0.10066,0.08524,0.06046,0.23540,0.03638,0.22561,0.03722
0.10908,0.03476,0.08000,0.09920,0.10578,0.07660,0.19205,0.04396,0.18748,0.07109
0.07122,0.03660,0.04101,0.08201,0.04868,0.01398,0.32955,0.01843,0.32546,0.03305
0.09205,0.06755,0.07947,0.12526,0.10138,0.04781,0.20932,0.11149,0.10359,0.06209
0.25836,0.10479,0.03974,0.27010,0.11418,0.01762,0.07808,0.03389,0.06185,0.02139
0.14959,0.08552,0.10208,0.18750,0.08522,0.03531,0.14887,0.10292,0.06027,0.04274
0.06797,0.03008,0.01782,0.09220,0.02770,0.02919,0.34241,0.32998,0.02842,0.03423
0.25321,0.12358,0.12542,0.19519,0.15962,0.02509,0.04063,0.03800,0.01500,0.02425
0.20177,0.04055,0.06211,0.25171,0.08713,0.03255,0.09334,0.05718,0.09853,0.07513
0.04505,0.06323,0.08899,0.11324,0.06260,0.02783,0.26919,0.09440,0.19407,0.04139
0.08340,0.06374,0.06284,0.11076,0.07022,0.09755,0.19226,0.06120,0.14820,0.10984
0.08732,0.06480,0.09716,0.08632,0.14156,0.02614,0.22293,0.02007,0.22989,0.02380
0.07497,0.03940,0.05074,0.29685,0.26727,0.04391,0.07740,0.03979,0.04588,0.06379
0.05644,0.11688,0.07120,0.16084,0.07062,0.02435,0.22788,0.17048,0.06782,0.03350
0.10036,0.05970,0.05507,0.06815,0.04216,0.02741,0.29379,0.04153,0.23978,0.07205
0.06047,0.08196,0.05351,0.06418,0.07940,0.03290,0.27496,0.18954,0.10843,0.05466
0.04027,0.13403,0.04272,0.09106,0.13466,0.03153,0.22770,0.20343,0.04491,0.04968
0.05120,0.26964,0.05234,0.28498,0.04609,0.02379,0.13260,0.09036,0.02269,0.02632
0.21238,0.05442,0.06626,0.25657,0.08352,0.02862,0.11343,0.04830,0.09641,0.04009
0.24243,0.01804,0.03389,0.25426,0.02743,0.01957,0.18790,0.03655,0.15221,0.02771
0.20683,0.08281,0.11740,0.16622,0.16602,0.04565,0.05966,0.05071,0.06354,0.04115
0.10878,0.05649,0.07295,0.13584,0.07628,0.01894,0.23837,0.20798,0.04844,0.03594
0.10399,0.06320,0.07176,0.12578,0.07320,0.06351,0.20567,0.16412,0.06388,0.06487
0.13820,0.08570,0.11725,0.24078,0.18960,0.04388,0.06059,0.01989,0.05869,0.04542
0.21057,0.03392,0.03430,0.20963,0.05215,0.01182,0.20748,0.20805,0.01864,0.01344
0.18956,0.04097,0.05593,0.22394,0.11119,0.02969,0.13902,0.03575,0.13465,0.03930
0.15441,0.19735,0.11757,0.24224,0.10619,0.02020,0.06907,0.05463,0.01835,0.01999
0.12683,0.11011,0.05154,0.10417,0.24106,0.06920,0.09479,0.05694,0.08837,0.05698
0.21635,0.08548,0.10114,0.14741,0.05813,0.02379,0.14478,0.15313,0.03351,0.03627
0.27036,0.04086,0.23558,0.12343,0.05993,0.04125,0.08503,0.02087,0.08712,0.03557
0.35914,0.02473,0.16524,0.26578,0.03929,0.00795,0.06952,0.01013,0.04721,0.01102
0.13120,0.06167,0.08224,0.26543,0.11606,0.05685,0.09756,0.05787,0.07391,0.05720
0.29196,0.03850,0.05224,0.19295,0.17021,0.01502,0.10939,0.01090,0.09811,0.02071
0.30046,0.09678,0.07362,0.31209,0.08211,0.02374,0.03802,0.03966,0.01863,0.01487
0.03922,0.10481,0.02929,0.09489,0.11014,0.01272,0.30046,0.12979,0.15564,0.02303
0.05244,0.04278,0.04196,0.07054,0.04677,0.02317,0.33653,0.03618,0.30929,0.04034
0.05380,0.06274,0.09631,0.32639,0.15619,0.04599,0.10078,0.05244,0.06104,0.04432
0.18718,0.09658,0.17232,0.22701,0.11180,0.02372,0.06120,0.02599,0.06060,0.03359
0.07098,0.06338,0.08164,0.10713,0.06603,0.12906,0.16732,0.11639,0.09407,0.10401
0.09382,0.04597,0.10503,0.28919,0.17796,0.03131,0.09111,0.05832,0.06855,0.03873
0.09138,0.07371,0.12666,0.16532,0.11464,0.04213,0.11790,0.06955,0.11546,0.08324
0.05888,0.08959,0.08882,0.14540,0.11443,0.04074,0.19182,0.03985,0.16296,0.06751
0.06669,0.02821,0.05305,0.10253,0.04395,0.05979,0.29378,0.22433,0.07020,0.05746
0.22475,0.08810,0.06692,0.34060,0.10813,0.02197,0.04898,0.04179,0.02806,0.03069
0.29290,0.03651,0.04467,0.28935,0.07125,0.02047,0.08344,0.05076,0.07229,0.03835
0.10229,0.07480,0.09456,0.14373,0.07298,0.03476,0.17425,0.10734,0.13787,0.05743
0.08782,0.02987,0.05502,0.06649,0.03345,0.02169,0.32905,0.21174,0.12317,0.04171
0.14468,0.11226,0.11827,0.22195,0.10753,0.02041,0.09656,0.03858,0.08914,0.05062
0.08844,0.08738,0.06574,0.21595,0.17753,0.03639,0.12104,0.10720,0.04690,0.05342
0.05512,0.07102,0.05131,0.18822,0.09797,0.02116,0.24250,0.20031,0.04032,0.03207
0.13251,0.03004,0.10342,0.13075,0.06346,0.02728,0.21630,0.02466,0.21940,0.05217
0.06306,0.08174,0.06285,0.09702,0.05276,0.04768,0.25510,0.04352,0.21814,0.07813
0.14372,0.02991,0.02397,0.13028,0.10158,0.03471,0.17475,0.08569,0.14168,0.13370
0.17200,0.04996,0.07218,0.22656,0.08437,0.01081,0.18087,0.17167,0.01688,0.01470
0.20794,0.08158,0.07698,0.32713,0.10929,0.02052,0.06007,0.05840,0.03207,0.02601
0.10653,0.13472,0.16158,0.14027,0.10866,0.07022,0.05269,0.04568,0.12402,0.05563
0.27919,0.02338,0.02920,0.30615,0.08214,0.03580,0.09987,0.02107,0.08983,0.03338
0.12281,0.07611,0.09636,0.18272,0.08952,0.03457,0.16354,0.13206,0.06102,0.04129
0.06815,0.07290,0.05916,0.08442,0.07711,0.03039,0.26675,0.04336,0.25906,0.03869
0.17177,0.08577,0.35049,0.20618,0.07146,0.02673,0.02819,0.01816,0.02275,0.01850
0.08558,0.10865,0.05665,0.06661,0.09570,0.01667,0.25971,0.02664,0.25590,0.02789
0.05185,0.07880,0.03153,0.06566,0.05946,0.03069,0.32018,0.23554,0.07896,0.04732
0.08927,0.19545,0.11406,0.06557,0.09031,0.03665,0.18068,0.13521,0.04795,0.04484
0.18636,0.06301,0.13775,0.22087,0.12143,0.02508,0.09543,0.08102,0.03096,0.03810
0.22546,0.16787,0.08453,0.20810,0.08983,0.03561,0.07060,0.03262,0.05255,0.03282
0.04292,0.07444,0.06118,0.16104,0.14098,0.09965,0.13104,0.07758,0.08593,0.12524
0.11560,0.03404,0.02452,0.14817,0.06642,0.01949,0.28667,0.27247,0.01607,0.01655
0.12599,0.09739,0.12597,0.13599,0.08890,0.08404,0.11406,0.06697,0.08949,0.07121
0.12717,0.01758,0.09489,0.02915,0.01741,0.03781,0.32684,0.28611,0.03761,0.02543
0.09689,0.13035,0.04239,0.13242,0.13244,0.02534,0.17287,0.02001,0.19553,0.05176
0.06722,0.10511,0.06889,0.08771,0.07410,0.07074,0.24524,0.11456,0.11962,0.04681
0.25256,0.05484,0.20416,0.17955,0.08752,0.03379,0.05934,0.02524,0.06162,0.04137
0.14169,0.04816,0.21463,0.31354,0.06041,0.01650,0.06600,0.03402,0.07128,0.03376
0.10365,0.03664,0.04593,0.11604,0.04218,0.17761,0.16603,0.09735,0.10293,0.11165
0.19843,0.06467,0.06690,0.20864,0.09901,0.02816,0.14567,0.10160,0.04989,0.03703
0.10688,0.04517,0.08731,0.19688,0.13961,0.05533,0.15755,0.04520,0.12345,0.04262
0.14841,0.04820,0.02586,0.14123,0.06364,0.11850,0.15973,0.10590,0.08120,0.10732
0.11311,0.19857,0.05764,0.19915,0.15613,0.02195,0.10537,0.02293,0.08002,0.04514
0.09509,0.11761,0.04809,0.11154,0.11083,0.14805,0.12427,0.08274,0.05469,0.10709
0.10709,0.09732,0.08795,0.14270,0.10080,0.01941,0.18727,0.13801,0.07051,0.04893
0.08510,0.22175,0.11273,0.15082,0.24279,0.01651,0.07467,0.02116,0.05487,0.01960
0.10170,0.11798,0.14307,0.14624,0.13496,0.05563,0.10668,0.06486,0.06897,0.05992
0.08537,0.05769,0.06966,0.08086,0.07567,0.14076,0.18842,0.13193,0.07499,0.09466
0.09355,0.15987,0.07758,0.11835,0.16008,0.04449,0.13786,0.02931,0.12455,0.05439
0.23123,0.09663,0.11007,0.25242,0.15290,0.01854,0.03401,0.02580,0.04831,0.03008
0.09054,0.05239,0.04826,0.11564,0.08494,0.16225,0.15804,0.12979,0.05556,0.10260
0.06978,0.14363,0.05321,0.08167,0.08672,0.03826,0.20889,0.10060,0.13849,0.07875
0.29187,0.06096,0.04551,0.30866,0.06940,0.03099,0.06907,0.03067,0.05975,0.03311
0.21109,0.09572,0.11702,0.17966,0.17926,0.02299,0.07271,0.02499,0.06067,0.03589
0.04830,0.05994,0.04535,0.07263,0.06912,0.03715,0.30132,0.26739,0.06371,0.03509
0.04578,0.13791,0.04192,0.17567,0.04716,0.02526,0.24609,0.21424,0.03506,0.03091
0.04584,0.04734,0.03846,0.13840,0.08474,0.02640,0.28832,0.05115,0.23712,0.04223
0.07578,0.19531,0.13407,0.13493,0.17889,0.01461,0.12201,0.10171,0.02223,0.02047
0.18934,0.09873,0.10082,0.19682,0.17831,0.03630,0.05695,0.03690,0.07014,0.03571
0.20513,0.08014,0.12810,0.18048,0.14547,0.03476,0.07816,0.02650,0.08222,0.03903
