0.00000,0.00096,0.03514,0.30711,0.62034,0.00047,0.03588,0.00001,0.00008,0.00000
0.00000,0.00001,0.00304,0.77386,0.00585,0.00000,0.17551,0.03581,0.00592,0.00000
0.00000,0.00044,0.00035,0.84885,0.00000,0.00000,0.00242,0.09429,0.05339,0.00026
0.00000,0.00024,0.00000,0.03720,0.01171,0.00000,0.23242,0.00000,0.17146,0.54697
0.57856,0.00000,0.02698,0.00718,0.00000,0.00613,0.00006,0.00006,0.00000,0.38102
0.00000,0.00097,0.00000,0.73975,0.23449,0.00000,0.02306,0.00000,0.00001,0.00172
0.00320,0.00111,0.27422,0.61706,0.00014,0.00000,0.01234,0.07786,0.01406,0.00001
0.00000,0.00417,0.11426,0.37585,0.00065,0.00000,0.00000,0.00000,0.19573,0.30934
0.00000,0.00001,0.09879,0.50097,0.04197,0.00070,0.32022,0.00000,0.01463,0.02271
0.04751,0.01283,0.00000,0.00574,0.19489,0.00001,0.07661,0.00075,0.12866,0.53300
0.00000,0.00001,0.00000,0.01820,0.10816,0.00411,0.00011,0.00000,0.00000,0.86941
0.00000,0.00000,0.54785,0.02783,0.00036,0.00000,0.00166,0.00018,0.41986,0.00226
0.00000,0.00001,0.00642,0.07787,0.00000,0.49241,0.00336,0.07095,0.00044,0.34855
0.00347,0.00000,0.00000,0.10082,0.00001,0.00064,0.78754,0.03742,0.00043,0.06967
0.00000,0.00016,0.00795,0.73536,0.24659,0.00000,0.00289,0.00000,0.00005,0.00700
0.00000,0.00003,0.00000,0.08940,0.00776,0.00488,0.06725,0.00020,0.08451,0.74596
0.00004,0.00000,0.00002,0.88960,0.04971,0.03470,0.00073,0.00000,0.02396,0.00124
0.00000,0.03296,0.07479,0.19226,0.12685,0.00000,0.00001,0.00062,0.00002,0.57250
0.00000,0.00001,0.21629,0.63765,0.00056,0.00000,0.00097,0.00000,0.00000,0.14452
0.00000,0.00000,0.00050,0.00087,0.74147,0.02290,0.20205,0.00003,0.00000,0.03216
0.00106,0.00014,0.00275,0.02321,0.01035,0.00000,0.94708,0.00450,0.00989,0.00101
0.00000,0.00000,0.00478,0.09799,0.00003,0.00000,0.84987,0.00002,0.00131,0.04601
0.00010,0.00002,0.00028,0.00265,0.00004,0.01786,0.96942,0.00005,0.00957,0.00002
0.00000,0.06070,0.00000,0.03624,0.00168,0.00000,0.07081,0.00000,0.00000,0.83056
0.00000,0.06767,0.00000,0.25559,0.00040,0.00067,0.00000,0.00000,0.67557,0.00011
0.00076,0.00000,0.49549,0.07931,0.00002,0.00232,0.41492,0.00000,0.00717,0.00000
0.00000,0.00000,0.03713,0.50680,0.44496,0.00433,0.00003,0.00034,0.00299,0.00341
0.00003,0.00004,0.04767,0.00007,0.00178,0.02315,0.86443,0.00000,0.01124,0.05159
0.00000,0.00000,0.00002,0.08801,0.49385,0.00626,0.05424,0.11356,0.22544,0.01862
0.00000,0.00059,0.45572,0.23572,0.00316,0.00000,0.00055,0.10156,0.00000,0.20270
0.00000,0.00000,0.00000,0.30055,0.00004,0.00000,0.37079,0.00142,0.00014,0.32706
0.00000,0.00000,0.29168,0.08524,0.00163,0.00149,0.17297,0.00000,0.05506,0.39193
0.00000,0.32272,0.00000,0.61073,0.00004,0.00001,0.06216,0.00000,0.00012,0.00421
0.00000,0.05096,0.05540,0.01930,0.00041,0.02789,0.37753,0.42467,0.02520,0.01863
0.00000,0.16258,0.00000,0.20710,0.09879,0.00001,0.17729,0.00000,0.35416,0.00006
0.00000,0.00000,0.01734,0.85713,0.03382,0.00015,0.00000,0.00003,0.07116,0.02037
0.00000,0.64931,0.01508,0.27800,0.02509,0.00000,0.00511,0.00000,0.00356,0.02386
0.00000,0.00000,0.00040,0.13077,0.14875,0.68307,0.01512,0.00000,0.02189,0.00000
0.00000,0.00000,0.00772,0.70039,0.10039,0.00000,0.00134,0.18001,0.00000,0.01016
0.00201,0.00102,0.27442,0.35503,0.00048,0.03738,0.09817,0.00000,0.02798,0.20350
0.00000,0.00000,0.08608,0.25744,0.07982,0.00001,0.04163,0.00193,0.01052,0.52257
0.00128,0.00686,0.00327,0.03130,0.18952,0.00000,0.02202,0.00104,0.00677,0.73794
0.00000,0.29648,0.16061,0.51726,0.00000,0.00000,0.01619,0.00000,0.00080,0.00866
0.00000,0.00199,0.00008,0.08103,0.22706,0.00001,0.47535,0.13487,0.00036,0.07925
0.00000,0.00000,0.00000,0.00046,0.05010,0.00000,0.80709,0.01679,0.12045,0.00510
0.00000,0.00004,0.00060,0.72324,0.27126,0.00000,0.00056,0.00310,0.00121,0.00000
0.00000,0.00000,0.00003,0.07025,0.83733,0.00000,0.09027,0.00000,0.00190,0.00022
0.00000,0.00000,0.00022,0.61475,0.00000,0.00118,0.14817,0.02474,0.20786,0.00307
0.00000,0.00001,0.00000,0.00726,0.10432,0.74969,0.00067,0.00388,0.00552,0.12865
0.00014,0.00000,0.00003,0.14669,0.06558,0.00000,0.78739,0.00000,0.00010,0.00006
0.00000,0.00349,0.00000,0.00001,0.05272,0.00000,0.00835,0.92781,0.00180,0.00583
0.00000,0.00000,0.00000,0.02356,0.00035,0.14030,0.46820,0.16662,0.00076,0.20020
0.00000,0.00000,0.00000,0.90477,0.00340,0.00000,0.03797,0.00000,0.05084,0.00303
0.00000,0.25025,0.00002,0.03712,0.00000,0.00001,0.67166,0.00000,0.00072,0.04022
0.00000,0.00000,0.00000,0.18288,0.00596,0.00000,0.00000,0.00098,0.20155,0.60864
0.00000,0.00000,0.00167,0.36540,0.00035,0.01267,0.03230,0.56809,0.01949,0.00003
0.00000,0.00007,0.08705,0.00837,0.00074,0.00000,0.01246,0.00483,0.00904,0.87745
0.00000,0.00000,0.36878,0.04635,0.55027,0.00003,0.02420,0.00000,0.00926,0.00110
0.00001,0.00000,0.91398,0.00781,0.00000,0.00000,0.07624,0.00046,0.00143,0.00006
0.00000,0.00077,0.00000,0.85722,0.00000,0.00007,0.13636,0.00160,0.00010,0.00388
0.00000,0.46074,0.00001,0.44470,0.01175,0.00023,0.00000,0.00000,0.07923,0.00334
0.00000,0.00000,0.00000,0.11583,0.84023,0.00259,0.04035,0.00000,0.00032,0.00068
0.00000,0.17203,0.02733,0.41640,0.22982,0.00000,0.00247,0.05796,0.09231,0.00168
0.00000,0.00000,0.00305,0.06848,0.00001,0.00001,0.01174,0.01686,0.04381,0.85605
0.00029,0.00001,0.00005,0.02479,0.00009,0.28035,0.01100,0.34876,0.31255,0.02211
0.00000,0.12075,0.02128,0.14745,0.43896,0.03803,0.20664,0.02347,0.00001,0.00340
0.00000,0.02803,0.00925,0.71464,0.13673,0.00000,0.00126,0.10810,0.00199,0.00000
0.00000,0.07191,0.00180,0.89934,0.01000,0.01426,0.00230,0.00000,0.00001,0.00038
0.00000,0.00072,0.00252,0.03660,0.02687,0.00000,0.15744,0.00587,0.60492,0.16506
0.08831,0.10615,0.00082,0.15595,0.00106,0.00000,0.29844,0.04055,0.00000,0.30872
0.00000,0.00007,0.00000,0.99267,0.00055,0.00000,0.00169,0.00000,0.00000,0.00502
0.00000,0.01592,0.03304,0.22329,0.51073,0.00000,0.21319,0.00000,0.00065,0.00318
0.00000,0.00009,0.00568,0.34729,0.00000,0.00000,0.16199,0.00022,0.45804,0.02670
0.00000,0.00005,0.10423,0.02882,0.84762,0.00000,0.01363,0.00000,0.00021,0.00545
0.00000,0.88191,0.00000,0.00080,0.00000,0.00000,0.00408,0.00000,0.00148,0.11173
0.00000,0.00007,0.03188,0.91155,0.02485,0.00000,0.01524,0.01607,0.00006,0.00028
0.33638,0.00801,0.00000,0.07355,0.41910,0.00000,0.01048,0.00000,0.15084,0.00164
0.00001,0.00000,0.00004,0.07391,0.04893,0.00000,0.76126,0.00000,0.09943,0.01642
0.01166,0.00000,0.00000,0.63843,0.01419,0.00000,0.01377,0.00000,0.00069,0.32125
0.06521,0.00002,0.29578,0.05026,0.03393,0.00000,0.00000,0.00001,0.17265,0.38215
0.00000,0.00000,0.05119,0.85852,0.00119,0.00157,0.00026,0.00000,0.07354,0.01372
0.00000,0.33652,0.00005,0.28247,0.24018,0.00000,0.00146,0.06259,0.07670,0.00004
0.00131,0.54592,0.00029,0.04630,0.00085,0.00000,0.39961,0.00000,0.00004,0.00567
0.00000,0.00000,0.00887,0.03354,0.00159,0.00000,0.95523,0.00000,0.00000,0.00076
0.00001,0.03667,0.01462,0.83867,0.00000,0.08281,0.00502,0.02170,0.00003,0.00047
0.15215,0.00000,0.00545,0.21085,0.00764,0.25992,0.01467,0.00000,0.13829,0.21102
0.00000,0.00000,0.00003,0.04184,0.02454,0.00006,0.26200,0.00000,0.67154,0.00000
0.00000,0.00224,0.25159,0.00061,0.00036,0.00000,0.07176,0.00000,0.09326,0.58018
0.00992,0.06017,0.12295,0.15099,0.33757,0.00000,0.29062,0.00038,0.02709,0.00032
0.00000,0.36032,0.00116,0.32459,0.00004,0.00000,0.10535,0.00022,0.00022,0.20810
0.00000,0.01016,0.00000,0.33522,0.00008,0.01627,0.54902,0.03779,0.04374,0.00772
0.00057,0.08111,0.00000,0.75067,0.00641,0.00000,0.01791,0.00973,0.07081,0.06278
0.00000,0.00000,0.00031,0.03188,0.00000,0.22423,0.00414,0.00000,0.53546,0.20398
0.00000,0.00000,0.00026,0.01602,0.21914,0.01520,0.00000,0.00002,0.74396,0.00541
0.00101,0.05906,0.66412,0.03882,0.03243,0.00000,0.16503,0.00000,0.03939,0.00014
0.14318,0.23565,0.00000,0.19816,0.07959,0.00000,0.00271,0.00012,0.03098,0.30961
0.00000,0.36032,0.00418,0.00006,0.00016,0.01287,0.02504,0.01106,0.34493,0.24138
0.00000,0.00000,0.00006,0.43087,0.52274,0.02176,0.00000,0.01469,0.00113,0.00875
0.00000,0.00000,0.00413,0.03668,0.00056,0.01757,0.81210,0.00552,0.12163,0.00181
0.00000,0.00133,0.00000,0.00051,0.00038,0.16083,0.00117,0.00000,0.83577,0.00000
0.00275,0.00000,0.00000,0.00265,0.00837,0.00000,0.02683,0.25266,0.66715,0.03959
0.00000,0.05735,0.00950,0.00810,0.00004,0.00027,0.40177,0.13029,0.18239,0.21030
0.00000,0.00000,0.06852,0.00086,0.00050,0.00000,0.03098,0.07956,0.00003,0.81954
0.00000,0.00000,0.28424,0.30545,0.05859,0.00001,0.00002,0.23418,0.03717,0.08034
0.00000,0.01858,0.00003,0.34833,0.00197,0.00000,0.62957,0.00000,0.00150,0.00000
0.00000,0.00000,0.00017,0.43869,0.15044,0.00000,0.07535,0.00005,0.33292,0.00238
0.08823,0.03889,0.00000,0.25205,0.01587,0.00000,0.03573,0.00006,0.55237,0.01679
0.00000,0.27301,0.00434,0.20918,0.45886,0.00000,0.00001,0.00820,0.00000,0.04640
0.00000,0.00000,0.00016,0.39967,0.26580,0.00066,0.00331,0.00903,0.32108,0.00029
0.00000,0.20879,0.00000,0.01014,0.02998,0.00008,0.00072,0.00000,0.57664,0.17365
0.02131,0.19450,0.03251,0.72427,0.00001,0.00000,0.02549,0.00001,0.00106,0.00084
0.00000,0.10952,0.00001,0.04532,0.00005,0.00871,0.18429,0.00011,0.00007,0.65193
0.00000,0.02489,0.14993,0.06871,0.00000,0.00120,0.55327,0.00001,0.12953,0.07246
0.00000,0.00000,0.04768,0.00259,0.84674,0.00000,0.01532,0.03954,0.00739,0.04074
0.00000,0.00000,0.01090,0.20110,0.00000,0.00005,0.44476,0.17931,0.00000,0.16388
0.00000,0.25367,0.00458,0.02808,0.00000,0.00000,0.00846,0.01225,0.00120,0.69175
0.65455,0.00621,0.00000,0.22113,0.00002,0.03033,0.00533,0.00000,0.03418,0.04824
0.00000,0.00032,0.00175,0.00261,0.37933,0.08105,0.30034,0.00000,0.00002,0.23458
0.00000,0.00000,0.00005,0.58555,0.41151,0.00000,0.00025,0.00000,0.00007,0.00257
0.00000,0.00843,0.00153,0.94645,0.00886,0.00003,0.02282,0.00000,0.00239,0.00949
0.00000,0.00002,0.02110,0.17742,0.48920,0.00009,0.31171,0.00000,0.00006,0.00040
0.00000,0.55865,0.00000,0.09824,0.07663,0.00000,0.10680,0.15575,0.00042,0.00351
0.00000,0.00000,0.37503,0.00286,0.01127,0.00000,0.04041,0.17975,0.36163,0.02906
0.00000,0.00000,0.01430,0.57818,0.00000,0.04286,0.00367,0.14452,0.00003,0.21644
0.00000,0.00000,0.56665,0.00105,0.00002,0.00000,0.01718,0.00000,0.00303,0.41207
0.00000,0.00000,0.00017,0.06107,0.76051,0.00005,0.00016,0.00000,0.14450,0.03354
0.00510,0.00000,0.67309,0.23599,0.00050,0.00000,0.02189,0.00000,0.06342,0.00000
0.00000,0.00713,0.05814,0.14120,0.09515,0.00000,0.00584,0.00000,0.61792,0.07461
0.00008,0.00000,0.68248,0.00145,0.00051,0.00000,0.00069,0.00001,0.31353,0.00126
0.02584,0.39295,0.00007,0.21621,0.00089,0.00000,0.31701,0.00000,0.01540,0.03164
0.00000,0.00130,0.68008,0.04339,0.06492,0.00000,0.00083,0.00026,0.20919,0.00002
0.00000,0.00000,0.00002,0.00013,0.56610,0.00000,0.00010,0.00000,0.28270,0.15096
0.00000,0.00001,0.26054,0.38614,0.17233,0.06955,0.00034,0.00124,0.00593,0.10393
0.00000,0.00000,0.00057,0.90185,0.02461,0.00000,0.00000,0.00000,0.06516,0.00782
0.04198,0.13130,0.00000,0.62989,0.00002,0.00000,0.18937,0.00000,0.00744,0.00000
0.00000,0.66597,0.00000,0.01622,0.25468,0.00000,0.00000,0.00016,0.06169,0.00128
0.00000,0.00293,0.00000,0.95138,0.00060,0.00040,0.00133,0.00000,0.04335,0.00000
0.00000,0.00013,0.04412,0.45746,0.00007,0.00000,0.00009,0.00000,0.00000,0.49813
0.00000,0.00003,0.21426,0.75465,0.00069,0.00000,0.00005,0.00000,0.00104,0.02928
0.00000,0.00000,0.31979,0.21243,0.46018,0.00000,0.00246,0.00001,0.00074,0.00440
0.00000,0.16405,0.29934,0.32878,0.07441,0.00014,0.12983,0.00132,0.00212,0.00000
0.00000,0.00046,0.00700,0.16914,0.02333,0.78660,0.00068,0.00687,0.00006,0.00586
0.00000,0.00350,0.00005,0.00143,0.24533,0.00000,0.60647,0.05283,0.08989,0.00050
0.00000,0.09645,0.16746,0.00458,0.10826,0.00000,0.00010,0.34304,0.27686,0.00326
0.00000,0.00534,0.04374,0.00069,0.00046,0.00128,0.30721,0.20551,0.42936,0.00641
0.00000,0.00000,0.00000,0.04533,0.28756,0.00007,0.00001,0.00542,0.00041,0.66120
0.00001,0.00002,0.00030,0.20815,0.47030,0.00000,0.04628,0.00445,0.12635,0.14414
0.01231,0.00000,0.33238,0.40407,0.01696,0.00000,0.01459,0.00000,0.13181,0.08788
0.00000,0.00003,0.00070,0.48377,0.07179,0.00001,0.01932,0.00230,0.00345,0.41863
0.14553,0.00225,0.00313,0.16318,0.00809,0.00024,0.53203,0.00000,0.03885,0.10669
0.06277,0.33287,0.00000,0.13188,0.33734,0.00002,0.12400,0.00000,0.00016,0.01095
0.00000,0.00084,0.00334,0.09580,0.09216,0.72434,0.00031,0.00023,0.08292,0.00006
0.00227,0.00003,0.15825,0.26200,0.03228,0.00000,0.00014,0.00000,0.53144,0.01359
0.00000,0.00000,0.00163,0.00836,0.08056,0.08792,0.71057,0.00000,0.04462,0.06635
0.00000,0.00000,0.00000,0.75652,0.03035,0.00000,0.11184,0.00039,0.05467,0.04623
0.18288,0.00030,0.00572,0.09380,0.00000,0.01077,0.70618,0.00000,0.00022,0.00013
0.00000,0.00363,0.00006,0.75211,0.21800,0.00032,0.00476,0.01449,0.00010,0.00653
0.00000,0.00000,0.00000,0.85678,0.00000,0.00000,0.13637,0.00000,0.00025,0.00659
0.00000,0.00000,0.00000,0.85349,0.05775,0.00475,0.08273,0.00000,0.00081,0.00047
0.00000,0.00566,0.10915,0.00103,0.01341,0.00000,0.85986,0.00000,0.00164,0.00925
0.00000,0.52688,0.05087,0.20325,0.00004,0.00000,0.00005,0.19823,0.00000,0.02068
0.00003,0.37753,0.06462,0.00388,0.11720,0.00000,0.00001,0.00000,0.41515,0.02158
0.00000,0.07491,0.00000,0.90854,0.00540,0.00000,0.00224,0.00000,0.00003,0.00888
0.00000,0.08090,0.00000,0.01860,0.01485,0.87801,0.00752,0.00007,0.00005,0.00000
0.00000,0.00006,0.00009,0.73703,0.00819,0.00000,0.00159,0.03799,0.21505,0.00000
0.00000,0.35596,0.00004,0.49986,0.01711,0.00000,0.11673,0.00021,0.00378,0.00630
0.00000,0.04702,0.04475,0.17102,0.00000,0.00000,0.00204,0.00000,0.58375,0.15142
0.02592,0.01629,0.00011,0.10003,0.12041,0.00000,0.09341,0.00009,0.00054,0.64320
0.00000,0.03615,0.00045,0.00267,0.91198,0.00000,0.00827,0.00000,0.00528,0.03521
0.00005,0.00003,0.00015,0.00113,0.00288,0.00000,0.04932,0.34780,0.00247,0.59618
0.00000,0.06539,0.10654,0.22820,0.59025,0.00006,0.00145,0.00001,0.00000,0.00809
0.00000,0.00000,0.00000,0.06456,0.36914,0.00000,0.17925,0.00000,0.38579,0.00125
0.00000,0.00003,0.38631,0.00091,0.16585,0.00000,0.00009,0.00001,0.00548,0.44134
0.00000,0.01622,0.07590,0.00100,0.00000,0.90022,0.00044,0.00001,0.00001,0.00620
0.00000,0.00000,0.06820,0.53232,0.00011,0.00000,0.38946,0.00000,0.00000,0.00991
0.00000,0.00056,0.04145,0.66758,0.05170,0.00000,0.00077,0.00000,0.06132,0.17662
0.00000,0.00000,0.06126,0.76222,0.00092,0.00644,0.02411,0.00691,0.00000,0.13815
0.00000,0.10231,0.05784,0.65561,0.00118,0.04265,0.00202,0.07582,0.00001,0.06255
0.00000,0.00000,0.02012,0.13093,0.00000,0.01202,0.42886,0.00000,0.39491,0.01316
0.00000,0.35866,0.45721,0.13685,0.00035,0.00000,0.00034,0.00000,0.00000,0.04658
0.00000,0.00000,0.00002,0.17139,0.28391,0.00255,0.18836,0.00000,0.00079,0.35298
0.00000,0.02174,0.00000,0.66700,0.00000,0.00000,0.00003,0.00009,0.30336,0.00778
0.00000,0.00158,0.00002,0.05744,0.02014,0.00113,0.01125,0.00125,0.26919,0.63800
0.00000,0.00021,0.00012,0.23886,0.34200,0.28929,0.00000,0.00011,0.07785,0.05156
0.51005,0.00000,0.35798,0.00308,0.00000,0.00011,0.00004,0.11520,0.01342,0.00012
0.00005,0.88040,0.00117,0.01658,0.04208,0.00000,0.00000,0.00000,0.00000,0.05971
0.00000,0.00006,0.50999,0.24555,0.04483,0.00000,0.00038,0.09910,0.00124,0.09884
0.00000,0.00000,0.01807,0.19890,0.00294,0.00000,0.00003,0.00000,0.76481,0.01526
0.00000,0.00232,0.00000,0.36494,0.00512,0.00000,0.00035,0.61147,0.00089,0.01491
0.00000,0.03451,0.00000,0.00075,0.14602,0.00000,0.00001,0.75463,0.00531,0.05877
0.00000,0.04297,0.21394,0.57445,0.00077,0.05893,0.00421,0.00000,0.10460,0.00014
0.00000,0.00349,0.00023,0.40807,0.00048,0.00000,0.00001,0.00000,0.31005,0.27767
0.00073,0.00000,0.00000,0.04431,0.00014,0.00000,0.02268,0.11617,0.01871,0.79727
0.00336,0.00000,0.00001,0.07339,0.00018,0.53920,0.04766,0.00000,0.00006,0.33614
0.11786,0.00000,0.00014,0.00286,0.66343,0.00526,0.20809,0.00000,0.00024,0.00212
0.00408,0.00538,0.12669,0.21822,0.38185,0.00000,0.00388,0.00128,0.25619,0.00242
0.00000,0.00899,0.74869,0.23947,0.00071,0.00000,0.00199,0.00000,0.00015,0.00000
0.00525,0.00000,0.75367,0.06245,0.00043,0.00000,0.17681,0.00115,0.00009,0.00014
0.00000,0.04875,0.00003,0.82592,0.11275,0.00004,0.00140,0.00857,0.00253,0.00000
0.00000,0.00042,0.00043,0.84932,0.00000,0.00017,0.00000,0.14807,0.00001,0.00158
0.00050,0.00000,0.00000,0.07170,0.18522,0.36948,0.00000,0.36996,0.00293,0.00021
0.38532,0.39632,0.00000,0.07845,0.00130,0.02346,0.00003,0.00765,0.05381,0.05365
0.00000,0.00000,0.17171,0.54513,0.00377,0.00339,0.00675,0.00000,0.00029,0.26896
0.00001,0.01521,0.00143,0.08248,0.03053,0.00114,0.02326,0.00083,0.06368,0.78143
0.04468,0.00001,0.05638,0.00028,0.00010,0.01402,0.16590,0.00000,0.14277,0.57586
0.00000,0.00000,0.00013,0.43314,0.37682,0.00001,0.06002,0.05509,0.01927,0.05552
0.00000,0.04550,0.08909,0.06201,0.00741,0.03210,0.05268,0.00031,0.71054,0.00035
0.00000,0.21905,0.10657,0.00993,0.00000,0.00743,0.00006,0.00135,0.60632,0.04929
0.26205,0.00622,0.00000,0.14154,0.00895,0.00000,0.16429,0.00135,0.00668,0.40892
0.00000,0.00000,0.00033,0.00637,0.20452,0.00000,0.09571,0.08891,0.00000,0.60415
0.00007,0.00015,0.00049,0.99014,0.00001,0.00841,0.00046,0.00023,0.00006,0.00000
0.00000,0.23019,0.06489,0.54249,0.03023,0.00000,0.00236,0.00000,0.00000,0.12985
0.00000,0.00000,0.33410,0.15556,0.01640,0.00076,0.22318,0.17770,0.09215,0.00015
0.00000,0.00076,0.00168,0.87679,0.00005,0.00000,0.00180,0.00490,0.00392,0.11012
0.00015,0.00738,0.00005,0.69105,0.00000,0.00351,0.17331,0.00000,0.11333,0.01122
0.00000,0.00000,0.00012,0.06952,0.01590,0.00000,0.89240,0.00000,0.00123,0.02083
0.00000,0.00447,0.00000,0.02052,0.00156,0.00000,0.00188,0.00920,0.08653,0.87584
0.00000,0.30159,0.00864,0.10951,0.00000,0.00000,0.00044,0.00023,0.57501,0.00458
0.00000,0.00000,0.74601,0.00402,0.05301,0.01494,0.02036,0.00000,0.11125,0.05042
0.00000,0.00000,0.00019,0.00189,0.12649,0.00089,0.07357,0.00003,0.61589,0.18103
0.00017,0.00000,0.00002,0.07989,0.02366,0.00000,0.64926,0.00000,0.06103,0.18597
0.00005,0.00000,0.00003,0.60839,0.00006,0.24143,0.00330,0.00111,0.13151,0.01412
0.00000,0.01883,0.33800,0.00015,0.09696,0.49256,0.05223,0.00000,0.00004,0.00123
0.00000,0.44068,0.00000,0.04826,0.43654,0.00000,0.07093,0.00000,0.00000,0.00358
0.00110,0.00036,0.04011,0.72395,0.00010,0.01779,0.00010,0.00000,0.21454,0.00196
0.00000,0.00000,0.00027,0.01345,0.00945,0.00000,0.10510,0.04207,0.00304,0.82662
0.00000,0.00000,0.00000,0.74030,0.00032,0.00012,0.00322,0.01623,0.05295,0.18686
0.00000,0.02432,0.00921,0.25535,0.00094,0.16209,0.30223,0.00000,0.07465,0.17120
0.00000,0.00377,0.00000,0.00410,0.48624,0.00000,0.02863,0.01009,0.01697,0.45020
0.00000,0.45094,0.00004,0.00893,0.03883,0.00030,0.17362,0.00557,0.31894,0.00282
0.00000,0.00000,0.00002,0.65387,0.00007,0.00176,0.00226,0.00000,0.00365,0.33836
0.00000,0.00000,0.00001,0.52225,0.00000,0.00000,0.41962,0.00000,0.05813,0.00000
0.00000,0.00000,0.00742,0.00059,0.00272,0.00000,0.97647,0.00456,0.00000,0.00823
0.00000,0.00000,0.01477,0.13105,0.00517,0.00000,0.76267,0.00000,0.04821,0.03814
0.00000,0.00035,0.00319,0.34961,0.02673,0.00000,0.07757,0.00001,0.50133,0.04121
0.00000,0.00323,0.00000,0.12856,0.03227,0.00003,0.00004,0.04877,0.65218,0.13492
0.00000,0.00000,0.43299,0.33106,0.02281,0.20433,0.00000,0.00000,0.00846,0.00034
0.00000,0.00006,0.00001,0.09093,0.48671,0.00002,0.18920,0.06458,0.11477,0.05373
0.00000,0.23946,0.00000,0.00946,0.64263,0.00036,0.04272,0.00041,0.00007,0.06489
0.00000,0.01388,0.00000,0.28292,0.00244,0.00001,0.07941,0.04936,0.56921,0.00277
0.00000,0.20624,0.24852,0.00056,0.01692,0.00000,0.52423,0.00000,0.00003,0.00349
0.00000,0.29490,0.08277,0.01473,0.01829,0.00000,0.00008,0.00000,0.00097,0.58826
0.00000,0.00000,0.00058,0.01074,0.00222,0.35118,0.00075,0.00102,0.63316,0.00035
0.20650,0.18269,0.00489,0.14284,0.04943,0.00000,0.07838,0.11030,0.22388,0.00110
0.00000,0.00650,0.20028,0.44168,0.14560,0.02828,0.01258,0.00031,0.16474,0.00003
0.00481,0.00019,0.02782,0.31324,0.00001,0.00000,0.00001,0.00330,0.22445,0.42615
0.04870,0.15033,0.13318,0.28098,0.04662,0.00000,0.26295,0.00000,0.07432,0.00292
0.00000,0.02403,0.08369,0.00138,0.00547,0.00000,0.00011,0.08419,0.79988,0.00126
0.00000,0.01061,0.00000,0.00745,0.00048,0.11113,0.00042,0.00000,0.00344,0.86647
0.00000,0.00010,0.00000,0.06934,0.15568,0.00000,0.59157,0.00000,0.01354,0.16977
0.00000,0.00263,0.01614,0.02446,0.07649,0.00037,0.00502,0.78727,0.00694,0.08069
0.14566,0.01156,0.00027,0.00001,0.00012,0.04554,0.00083,0.00001,0.00725,0.78875
0.00000,0.00030,0.00000,0.70027,0.08292,0.21575,0.00007,0.00000,0.00000,0.00069
0.00054,0.00000,0.00018,0.48483,0.01192,0.03910,0.00000,0.02100,0.00097,0.44146
0.00001,0.00000,0.22900,0.02428,0.00313,0.03019,0.00000,0.05054,0.06498,0.59788
0.00000,0.02693,0.00000,0.68574,0.08088,0.07451,0.12857,0.00115,0.00220,0.00001
0.00000,0.01971,0.00000,0.00030,0.49228,0.00000,0.21063,0.19655,0.06630,0.01423
0.00000,0.72358,0.00241,0.00707,0.00000,0.00071,0.26313,0.00000,0.00302,0.00008
0.00000,0.04117,0.04966,0.00605,0.00195,0.00000,0.00865,0.42822,0.41384,0.05044
0.00000,0.00000,0.00000,0.94344,0.00005,0.00005,0.01654,0.00000,0.03988,0.00004
0.00000,0.00000,0.01034,0.18239,0.15577,0.00000,0.53958,0.00000,0.08305,0.02886
0.42400,0.00564,0.05422,0.04257,0.00100,0.00000,0.03277,0.00080,0.00166,0.43735
0.00000,0.12472,0.00348,0.00076,0.00000,0.00000,0.44809,0.00000,0.29768,0.12529
0.50799,0.00000,0.00511,0.31301,0.04215,0.00002,0.05037,0.08006,0.00130,0.00000
0.00000,0.00000,0.01050,0.25368,0.16229,0.00018,0.53923,0.00008,0.00168,0.03236
0.00000,0.00000,0.00000,0.23015,0.10678,0.12889,0.51347,0.00000,0.00010,0.02062
0.00000,0.00000,0.64765,0.08593,0.10074,0.00000,0.00001,0.07778,0.08773,0.00016
0.00049,0.00002,0.07692,0.05834,0.00009,0.00009,0.07311,0.00000,0.57562,0.21532
0.00000,0.02615,0.00005,0.25781,0.00084,0.00017,0.00000,0.00000,0.71072,0.00425
0.00000,0.00159,0.01970,0.00058,0.91803,0.00000,0.05299,0.00000,0.00710,0.00001
0.00000,0.00923,0.62447,0.05144,0.00487,0.00000,0.30934,0.00000,0.00049,0.00016
0.00291,0.00940,0.00000,0.30246,0.00222,0.00000,0.52504,0.00000,0.00282,0.15516
0.00000,0.00000,0.14264,0.17732,0.08795,0.00133,0.01854,0.03073,0.39007,0.15142
0.00000,0.00000,0.00003,0.15243,0.27945,0.00005,0.06192,0.01189,0.48491,0.00932
0.00000,0.32498,0.00521,0.08316,0.23768,0.00000,0.12177,0.01454,0.21025,0.00242
0.00000,0.00000,0.65779,0.18358,0.00066,0.03875,0.08874,0.02005,0.00982,0.00061
0.00000,0.00786,0.45961,0.05126,0.00003,0.11335,0.31018,0.00000,0.04820,0.00950
0.00000,0.26986,0.49799,0.07820,0.00000,0.03717,0.01419,0.07496,0.00000,0.02763
0.00000,0.00000,0.59421,0.01101,0.12312,0.00106,0.16040,0.00000,0.00681,0.10339
0.00000,0.22112,0.00001,0.13167,0.57597,0.00000,0.01247,0.00000,0.04919,0.00957
0.00000,0.00603,0.00000,0.15703,0.00636,0.00000,0.40733,0.00000,0.01428,0.40896
0.00000,0.00000,0.00000,0.03871,0.68813,0.00079,0.26518,0.00000,0.00000,0.00718
0.00000,0.00000,0.25201,0.63672,0.00000,0.00180,0.05465,0.00000,0.05444,0.00037
0.00000,0.06630,0.00004,0.13093,0.00074,0.00000,0.05914,0.00000,0.50399,0.23887
0.00000,0.00000,0.00069,0.72380,0.00092,0.00000,0.00209,0.00000,0.00132,0.27118
0.00000,0.00000,0.52177,0.27515,0.04143,0.00000,0.00165,0.00106,0.00593,0.15302
0.00000,0.00042,0.00042,0.00158,0.19913,0.00000,0.00000,0.49149,0.00000,0.30696
0.00000,0.00001,0.01181,0.06260,0.13196,0.00658,0.76772,0.00002,0.01930,0.00000
0.00000,0.00471,0.09146,0.69405,0.03078,0.00000,0.16034,0.00560,0.00000,0.01305
0.00001,0.00000,0.00771,0.03249,0.00200,0.00006,0.04972,0.00000,0.14637,0.76164
0.11025,0.00000,0.00002,0.18676,0.00000,0.03355,0.00318,0.00000,0.58725,0.07898
0.00000,0.00001,0.00000,0.13183,0.40164,0.00000,0.00396,0.00022,0.00000,0.46234
0.00000,0.00000,0.48743,0.09255,0.10894,0.00000,0.00655,0.00000,0.29871,0.00581
0.00000,0.12698,0.00000,0.19460,0.00000,0.00795,0.08040,0.00021,0.58986,0.00000
0.00000,0.00000,0.36326,0.38664,0.00006,0.15533,0.02549,0.00000,0.06564,0.00358
0.00002,0.21057,0.00001,0.16094,0.00120,0.00000,0.12867,0.00008,0.00000,0.49851
0.00101,0.03112,0.00000,0.46892,0.01170,0.02935,0.01039,0.00000,0.05353,0.39398
0.13927,0.00003,0.00008,0.39746,0.00054,0.00363,0.00052,0.00312,0.01646,0.43890
0.00000,0.00000,0.08570,0.07371,0.13946,0.00001,0.34858,0.00000,0.35244,0.00010
0.00000,0.04057,0.00000,0.00184,0.00125,0.00000,0.35588,0.00000,0.60046,0.00001
