0.04559,0.02122,0.00455,0.02152,0.04896,0.13035,0.01318,0.00582,0.01966,0.58641,0.07416,0.02856
0.01264,0.00349,0.00332,0.02827,0.35538,0.07560,0.01607,0.00627,0.00574,0.16274,0.22101,0.10946
0.49240,0.00305,0.00310,0.00758,0.05270,0.16852,0.12723,0.00390,0.00473,0.09675,0.02389,0.01615
0.04270,0.00865,0.00283,0.10591,0.18791,0.14625,0.01033,0.00857,0.00810,0.06785,0.39511,0.01581
0.02169,0.00503,0.00363,0.22767,0.05717,0.38123,0.01164,0.10988,0.01189,0.09134,0.06190,0.01693
0.14935,0.03483,0.03985,0.04257,0.06522,0.14538,0.00521,0.00761,0.03942,0.40269,0.03449,0.03338
0.01433,0.00417,0.00264,0.01582,0.05508,0.08122,0.01522,0.00243,0.38281,0.29545,0.01799,0.11284
0.00656,0.00147,0.00158,0.00453,0.83545,0.03818,0.00519,0.00172,0.00385,0.03842,0.03559,0.02746
0.04135,0.01334,0.01225,0.07727,0.16663,0.02507,0.10765,0.08869,0.01138,0.13229,0.22271,0.10139
0.06779,0.02029,0.01233,0.01165,0.38669,0.25967,0.03735,0.00399,0.01172,0.05717,0.10370,0.02766
0.03117,0.00759,0.00886,0.01862,0.21714,0.04097,0.14077,0.01054,0.00541,0.17239,0.29534,0.05120
0.02272,0.00408,0.00886,0.09133,0.16786,0.06514,0.00276,0.01015,0.00868,0.44083,0.04880,0.12879
0.02347,0.00454,0.00502,0.00913,0.09670,0.19499,0.01522,0.00208,0.01540,0.38722,0.19880,0.04745
0.03444,0.00785,0.00579,0.00649,0.18421,0.09001,0.02066,0.01310,0.00469,0.26403,0.26496,0.10376
0.05525,0.03488,0.00387,0.04339,0.24922,0.04230,0.02510,0.00567,0.03238,0.09686,0.11554,0.29554
0.04225,0.00686,0.03944,0.01800,0.16342,0.02267,0.01060,0.00598,0.03546,0.49575,0.07029,0.08928
0.03070,0.00276,0.00250,0.00858,0.38978,0.06445,0.00581,0.00260,0.01086,0.03665,0.23849,0.20682
0.02522,0.00629,0.00844,0.01070,0.51403,0.23059,0.00973,0.00727,0.00758,0.08855,0.08108,0.01052
0.01759,0.00379,0.00710,0.03538,0.21776,0.40602,0.00852,0.00895,0.00928,0.16131,0.09001,0.03430
0.01392,0.00142,0.00609,0.01132,0.11130,0.57224,0.00363,0.00574,0.00380,0.20562,0.04690,0.01801
0.03018,0.00233,0.00239,0.00336,0.16871,0.02361,0.01006,0.00795,0.00755,0.49973,0.23437,0.00976
0.09074,0.00701,0.00719,0.00952,0.04552,0.16601,0.21378,0.01045,0.01908,0.39334,0.01848,0.01888
0.01251,0.00164,0.20135,0.01066,0.04479,0.04529,0.00391,0.00260,0.00316,0.57293,0.03410,0.06706
0.19352,0.00956,0.06516,0.01676,0.10327,0.07235,0.06601,0.05437,0.04666,0.05285,0.30577,0.01373
0.07745,0.03129,0.26337,0.05251,0.05374,0.07541,0.00901,0.01316,0.00579,0.36159,0.02230,0.03438
0.01495,0.00309,0.00681,0.06525,0.14055,0.11859,0.00376,0.00850,0.00374,0.31347,0.11658,0.20470
0.01405,0.00456,0.00427,0.12462,0.23446,0.04337,0.00919,0.00289,0.01186,0.06260,0.37766,0.11048
0.02420,0.00559,0.01427,0.01702,0.25234,0.02982,0.00590,0.00599,0.01044,0.42116,0.17182,0.04146
0.04912,0.00469,0.01138,0.00685,0.10005,0.03482,0.06792,0.10564,0.00621,0.50084,0.09883,0.01367
0.01958,0.00126,0.00489,0.01277,0.08291,0.62405,0.00341,0.00307,0.06293,0.10411,0.06716,0.01385
0.09622,0.00365,0.00241,0.03319,0.25331,0.21354,0.01207,0.00761,0.00722,0.04936,0.03532,0.28612
0.02597,0.00199,0.00591,0.02186,0.32121,0.30050,0.00669,0.01191,0.01228,0.16693,0.10230,0.02245
0.04475,0.00358,0.00169,0.00314,0.16485,0.00938,0.00405,0.00370,0.01590,0.51284,0.22041,0.01571
0.08957,0.01157,0.00978,0.00513,0.38706,0.04803,0.05541,0.00455,0.01422,0.11957,0.04892,0.20617
0.02715,0.00882,0.01142,0.47236,0.25387,0.04881,0.01411,0.00598,0.01898,0.07434,0.04584,0.01831
0.05225,0.00708,0.01026,0.11059,0.23763,0.03107,0.00629,0.00548,0.00654,0.07892,0.42571,0.02816
0.03619,0.00121,0.00682,0.00591,0.08160,0.27822,0.00410,0.00220,0.03726,0.50854,0.02115,0.01681
0.02211,0.00416,0.00718,0.01527,0.08457,0.10391,0.01626,0.00640,0.00485,0.46437,0.23598,0.03494
0.04872,0.01340,0.04088,0.03020,0.07730,0.12368,0.07743,0.02542,0.00795,0.13401,0.38190,0.03911
0.10407,0.00341,0.00638,0.40629,0.26213,0.03102,0.00701,0.01927,0.00731,0.07573,0.06081,0.01656
0.03382,0.00269,0.00916,0.01525,0.29633,0.26208,0.00648,0.01814,0.02023,0.27735,0.04164,0.01683
0.12654,0.00743,0.00291,0.01222,0.21014,0.13666,0.00328,0.00241,0.00649,0.40011,0.03953,0.05228
0.07631,0.01203,0.02163,0.03208,0.38224,0.19535,0.00805,0.11250,0.00880,0.03678,0.07779,0.03644
0.02797,0.01192,0.00435,0.07714,0.14406,0.20960,0.09929,0.00670,0.05955,0.20317,0.10432,0.05192
0.02873,0.02579,0.00883,0.01379,0.18130,0.09360,0.00293,0.01718,0.00651,0.45461,0.09815,0.06858
0.01157,0.00231,0.00456,0.01669,0.82371,0.02863,0.01091,0.00635,0.00564,0.05547,0.02230,0.01184
0.03247,0.00385,0.00483,0.01848,0.18312,0.07515,0.02056,0.00773,0.01564,0.51317,0.08709,0.03793
0.02781,0.03668,0.01174,0.00850,0.15282,0.11025,0.25447,0.00345,0.00727,0.04315,0.01416,0.32968
0.01764,0.00819,0.00932,0.11743,0.04395,0.02631,0.00366,0.00228,0.00439,0.19305,0.54362,0.03015
0.02765,0.00763,0.00642,0.02906,0.11113,0.22455,0.00462,0.01199,0.01365,0.49100,0.05111,0.02118
0.42049,0.01068,0.00851,0.00719,0.05585,0.17720,0.00409,0.00643,0.00455,0.21554,0.06982,0.01966
0.01927,0.00349,0.00315,0.00866,0.05725,0.11957,0.00602,0.00362,0.01179,0.20831,0.01967,0.53922
0.02197,0.00304,0.00134,0.00194,0.02646,0.11268,0.40990,0.00210,0.00232,0.15285,0.24170,0.02370
0.02464,0.00571,0.01329,0.08784,0.16062,0.06130,0.01053,0.00577,0.02702,0.29840,0.21955,0.08533
0.01528,0.00371,0.00391,0.00499,0.10108,0.61686,0.00681,0.00378,0.00749,0.07228,0.13813,0.02567
0.03659,0.12722,0.00615,0.01115,0.19997,0.13540,0.00966,0.00456,0.00539,0.35954,0.05194,0.05243
0.03871,0.00515,0.00318,0.00288,0.03950,0.28077,0.08735,0.00206,0.00385,0.39069,0.04533,0.10054
0.08058,0.01803,0.11387,0.21135,0.25835,0.04469,0.08569,0.00881,0.03900,0.08829,0.01907,0.03227
0.44375,0.00231,0.00657,0.01765,0.05465,0.11285,0.02961,0.01215,0.00382,0.07042,0.22696,0.01925
0.01082,0.00212,0.00189,0.00469,0.05185,0.02277,0.04314,0.00205,0.00201,0.75905,0.08557,0.01405
0.04211,0.00344,0.00716,0.06846,0.05094,0.08696,0.01616,0.02258,0.00666,0.08990,0.49524,0.11040
0.01211,0.00356,0.00405,0.09154,0.54854,0.04582,0.01519,0.01293,0.00388,0.07765,0.12506,0.05968
0.04222,0.01290,0.01006,0.03249,0.08195,0.04485,0.03100,0.03440,0.01160,0.13910,0.39368,0.16575
0.01689,0.00219,0.05852,0.09475,0.17000,0.34391,0.00610,0.00789,0.00903,0.22673,0.03222,0.03177
0.03099,0.00697,0.00582,0.07067,0.52692,0.03206,0.04491,0.01506,0.10652,0.12576,0.02102,0.01331
0.02593,0.00464,0.00304,0.02286,0.04503,0.41853,0.02230,0.00840,0.00523,0.17333,0.25767,0.01302
0.08381,0.03371,0.00465,0.07946,0.30958,0.12747,0.03432,0.00275,0.04591,0.09962,0.16339,0.01533
0.05426,0.00558,0.00507,0.03734,0.14506,0.08072,0.03190,0.04497,0.01512,0.20553,0.29118,0.08327
0.04531,0.03486,0.00608,0.08254,0.14756,0.02854,0.01678,0.07605,0.04090,0.24663,0.24802,0.02672
0.01222,0.74148,0.00207,0.00652,0.06555,0.03822,0.00689,0.00853,0.00571,0.03798,0.06469,0.01014
0.01703,0.00750,0.01081,0.00904,0.07058,0.37446,0.00822,0.00199,0.00416,0.22474,0.09407,0.17740
0.08434,0.00566,0.02380,0.06177,0.16452,0.24638,0.00690,0.00971,0.20511,0.12459,0.04899,0.01825
0.05799,0.01688,0.00401,0.05155,0.13197,0.13221,0.28765,0.00614,0.01141,0.10787,0.11347,0.07885
0.02048,0.01128,0.00368,0.05173,0.06653,0.15479,0.00914,0.01058,0.00666,0.23249,0.11917,0.31347
0.07681,0.01438,0.01339,0.01461,0.17323,0.08587,0.03378,0.01040,0.10931,0.08946,0.35761,0.02116
0.01294,0.00267,0.00300,0.00730,0.87499,0.02347,0.00423,0.00452,0.00228,0.03848,0.01649,0.00962
0.01326,0.00232,0.00167,0.00270,0.02345,0.03225,0.27553,0.00323,0.00756,0.60498,0.01821,0.01485
0.02980,0.00202,0.00131,0.00357,0.39457,0.06122,0.00774,0.00235,0.00281,0.44218,0.04677,0.00567
0.01764,0.00185,0.00452,0.01546,0.10903,0.05361,0.00622,0.00633,0.01020,0.07006,0.69713,0.00795
0.05222,0.05058,0.01605,0.03049,0.06344,0.06005,0.01482,0.00287,0.06762,0.55597,0.03773,0.04815
0.05922,0.01290,0.01145,0.02589,0.05292,0.06462,0.00200,0.00456,0.11672,0.38995,0.13446,0.12529
0.04250,0.01067,0.00385,0.05404,0.22287,0.18544,0.01343,0.01543,0.01875,0.08499,0.31816,0.02988
0.06793,0.00546,0.00812,0.00518,0.21438,0.02031,0.00676,0.00945,0.00473,0.46435,0.13817,0.05516
0.07445,0.03021,0.00392,0.00521,0.05509,0.24740,0.05624,0.02959,0.01558,0.27594,0.11830,0.08808
0.01216,0.00269,0.00161,0.00907,0.27637,0.12178,0.00665,0.00649,0.00961,0.03282,0.51208,0.00867
0.08545,0.00484,0.01887,0.00876,0.25469,0.07007,0.05340,0.01556,0.02446,0.16431,0.28654,0.01303
0.03192,0.00841,0.48441,0.01701,0.10693,0.03510,0.00739,0.06308,0.01505,0.19574,0.01332,0.02164
0.05007,0.00623,0.01019,0.01670,0.06731,0.20553,0.01973,0.00507,0.31213,0.10582,0.14320,0.05803
0.00919,0.00282,0.00234,0.01594,0.06889,0.04527,0.00398,0.00399,0.00406,0.40557,0.41356,0.02440
0.01956,0.00381,0.00248,0.00600,0.03025,0.39116,0.11957,0.00207,0.00379,0.24967,0.01746,0.15420
0.01853,0.00463,0.00212,0.00244,0.22618,0.05331,0.13320,0.00305,0.01108,0.43908,0.09067,0.01573
0.03274,0.00489,0.02385,0.01682,0.47452,0.03939,0.00798,0.05239,0.00557,0.10463,0.13163,0.10559
0.03345,0.00601,0.00243,0.00951,0.03572,0.81050,0.00485,0.00631,0.00413,0.05516,0.02308,0.00884
0.08730,0.01232,0.01436,0.03740,0.25171,0.02879,0.00306,0.00921,0.01679,0.06711,0.16204,0.30992
0.04510,0.00888,0.00710,0.15446,0.29415,0.03585,0.02449,0.06996,0.19935,0.04615,0.08766,0.02685
0.05837,0.00601,0.01961,0.15452,0.09566,0.41286,0.03731,0.01874,0.09463,0.07461,0.01159,0.01609
0.18010,0.01271,0.01364,0.00937,0.48769,0.09846,0.01999,0.04184,0.02172,0.06762,0.03472,0.01213
0.01918,0.00241,0.00589,0.00423,0.05568,0.03875,0.01588,0.00280,0.00901,0.59408,0.18208,0.07001
0.02294,0.01730,0.00525,0.04672,0.11042,0.23762,0.00787,0.00719,0.01329,0.04317,0.05516,0.43306
0.02419,0.00386,0.00437,0.01844,0.48395,0.02595,0.06195,0.01202,0.00545,0.13335,0.19166,0.03480
