0.04227,0.04573,0.04699,0.11197,0.04436,0.05384,0.04484,0.07744,0.04221,0.03762,0.05214,0.05202,0.05377,0.07788,0.09545,0.12147
0.03312,0.35562,0.03372,0.03437,0.03187,0.03813,0.05920,0.04694,0.03283,0.04485,0.04921,0.04250,0.03352,0.03614,0.05391,0.07407
0.04773,0.03009,0.04980,0.29201,0.03527,0.04484,0.03194,0.05513,0.03239,0.03379,0.04977,0.04243,0.07714,0.05912,0.06075,0.05780
0.04060,0.03827,0.03961,0.04463,0.02630,0.04901,0.02559,0.04549,0.02875,0.03536,0.04666,0.03627,0.39057,0.07590,0.04272,0.03426
0.04639,0.04460,0.04880,0.04179,0.04960,0.10038,0.06293,0.04232,0.04667,0.05094,0.10911,0.15079,0.05015,0.05334,0.03872,0.06346
0.04628,0.04442,0.05155,0.12605,0.04533,0.05127,0.03961,0.10057,0.03903,0.03758,0.04774,0.04863,0.09501,0.08828,0.05302,0.08561
0.04060,0.03460,0.04518,0.11621,0.04228,0.05975,0.04386,0.05013,0.04359,0.03900,0.07520,0.04908,0.15531,0.04428,0.05622,0.10471
0.05119,0.03686,0.03577,0.03640,0.04151,0.18274,0.04258,0.04088,0.05501,0.04433,0.13875,0.04409,0.08530,0.05853,0.04165,0.06440
0.03808,0.03951,0.03767,0.03401,0.04338,0.17099,0.07108,0.03683,0.04082,0.04822,0.15271,0.06374,0.04846,0.06773,0.06600,0.04077
0.04062,0.05113,0.03398,0.04062,0.04070,0.03853,0.04623,0.07649,0.03213,0.03990,0.13795,0.04041,0.08239,0.07198,0.11309,0.11385
0.05543,0.20851,0.04322,0.04074,0.03778,0.04061,0.08426,0.10466,0.03737,0.05086,0.06269,0.04402,0.04578,0.04158,0.06448,0.03803
0.05059,0.11620,0.04322,0.03715,0.03654,0.05050,0.04761,0.04149,0.02930,0.11337,0.06835,0.04994,0.04771,0.04407,0.04501,0.17895
0.04211,0.04388,0.03703,0.02828,0.04164,0.10431,0.03466,0.04193,0.03173,0.03968,0.20653,0.04679,0.05519,0.05767,0.13136,0.05721
0.04681,0.03216,0.04629,0.04268,0.03567,0.03183,0.07097,0.08596,0.03309,0.06319,0.07418,0.05474,0.19886,0.04587,0.04790,0.08980
0.05533,0.25763,0.04994,0.04120,0.03113,0.04108,0.05733,0.03675,0.04479,0.03684,0.04939,0.06421,0.03834,0.05121,0.08131,0.06353
0.03154,0.03416,0.02961,0.05817,0.04044,0.04033,0.05238,0.29404,0.04231,0.03501,0.04444,0.04199,0.03960,0.05922,0.10310,0.05367
0.03299,0.04217,0.03519,0.03462,0.02842,0.13204,0.04566,0.33135,0.02557,0.04247,0.03483,0.03304,0.04120,0.03185,0.04142,0.06717
0.03718,0.03899,0.03467,0.03074,0.03200,0.13503,0.04392,0.05291,0.03363,0.03497,0.03998,0.03455,0.03375,0.05224,0.09985,0.26560
0.03957,0.04448,0.05154,0.16125,0.03620,0.05659,0.03896,0.05591,0.04360,0.04527,0.06448,0.05622,0.11316,0.07048,0.08136,0.04095
0.04354,0.03186,0.03853,0.11248,0.04720,0.04598,0.03771,0.07531,0.03039,0.03784,0.08049,0.03678,0.23018,0.08344,0.03978,0.02852
0.04126,0.03375,0.03749,0.03925,0.02907,0.42473,0.03132,0.04507,0.02988,0.03410,0.05433,0.03040,0.05057,0.03865,0.04388,0.03624
0.04170,0.03738,0.04619,0.11600,0.04293,0.04667,0.05319,0.06500,0.04088,0.03901,0.07878,0.05896,0.05666,0.05103,0.12671,0.09892
0.04338,0.03636,0.03464,0.02605,0.03472,0.13889,0.04653,0.07543,0.03733,0.04598,0.05266,0.03837,0.04972,0.04697,0.04032,0.25266
0.03673,0.04796,0.03762,0.18946,0.04222,0.03822,0.04121,0.07618,0.04463,0.05583,0.06294,0.04713,0.05615,0.04482,0.13003,0.04887
0.04932,0.03591,0.04131,0.06080,0.04841,0.03656,0.08244,0.08639,0.04020,0.07831,0.05482,0.06406,0.15922,0.08143,0.03617,0.04465
0.03454,0.03171,0.03117,0.04588,0.03358,0.04958,0.04268,0.05391,0.02895,0.04362,0.04423,0.03182,0.03909,0.04207,0.39641,0.05076
0.02907,0.03319,0.04207,0.36783,0.03305,0.02472,0.02825,0.07721,0.03637,0.02775,0.04147,0.04257,0.03540,0.02873,0.12394,0.02837
0.03366,0.03524,0.03357,0.02418,0.04524,0.24983,0.04716,0.04355,0.03305,0.06926,0.06823,0.02950,0.05818,0.04800,0.11482,0.06654
0.04332,0.14076,0.05833,0.07060,0.03845,0.06176,0.04746,0.04412,0.03757,0.04070,0.10732,0.04324,0.06817,0.09957,0.05668,0.04196
0.03171,0.04882,0.04866,0.21495,0.03434,0.03547,0.04739,0.04014,0.04169,0.04877,0.06814,0.05306,0.03449,0.04693,0.15728,0.04815
0.06455,0.03711,0.03279,0.03014,0.03816,0.08137,0.04864,0.05199,0.04492,0.04472,0.08359,0.04092,0.18584,0.05514,0.04317,0.11695
0.03915,0.13474,0.03913,0.03793,0.03924,0.03961,0.04163,0.06617,0.03596,0.04175,0.08093,0.03662,0.05046,0.03935,0.23566,0.04167
0.03036,0.08725,0.03714,0.03581,0.04435,0.03903,0.04253,0.27543,0.03106,0.04235,0.05941,0.04926,0.05643,0.04874,0.07310,0.04775
0.04517,0.03052,0.04109,0.14131,0.04576,0.04067,0.04321,0.05414,0.04203,0.03578,0.15378,0.04238,0.09013,0.09978,0.05123,0.04300
0.03832,0.04144,0.05749,0.20767,0.03719,0.03331,0.04277,0.05712,0.03783,0.05614,0.04555,0.03319,0.04660,0.17208,0.03700,0.05630
0.03581,0.04065,0.04309,0.04728,0.03726,0.25855,0.04517,0.03270,0.03567,0.04281,0.04313,0.03568,0.07857,0.06052,0.11065,0.05247
0.03721,0.03824,0.04533,0.23594,0.03566,0.03048,0.03573,0.11405,0.04439,0.04006,0.05387,0.05307,0.04618,0.09163,0.06418,0.03399
0.03593,0.03831,0.03951,0.22531,0.03517,0.03643,0.02694,0.06883,0.03933,0.02896,0.08021,0.04403,0.04500,0.05233,0.18238,0.02133
0.05085,0.04434,0.04392,0.04657,0.03626,0.23062,0.03535,0.04830,0.04437,0.04145,0.05196,0.03890,0.10071,0.06996,0.05107,0.06535
0.03168,0.03432,0.03649,0.02658,0.03474,0.14647,0.07250,0.06039,0.03631,0.04765,0.21877,0.04415,0.03850,0.05363,0.03796,0.07986
0.04372,0.17215,0.03855,0.03986,0.05688,0.04173,0.05210,0.05770,0.03441,0.13808,0.05903,0.03460,0.04629,0.04950,0.05522,0.08017
0.03507,0.02954,0.03570,0.38186,0.03463,0.03844,0.03946,0.04758,0.04292,0.02955,0.03504,0.04134,0.05668,0.05737,0.05177,0.04305
0.03814,0.04614,0.03287,0.13775,0.04952,0.03195,0.03274,0.05785,0.02979,0.03850,0.04768,0.23763,0.05789,0.03845,0.07029,0.05280
0.05043,0.04487,0.04557,0.03997,0.04956,0.13806,0.04337,0.05074,0.04099,0.09302,0.06281,0.04413,0.07134,0.06022,0.07704,0.08787
0.04603,0.04070,0.03621,0.04106,0.03706,0.22131,0.04312,0.05054,0.04273,0.04088,0.05452,0.11426,0.07143,0.04649,0.05253,0.06112
0.04205,0.03430,0.03884,0.03820,0.03788,0.12519,0.04488,0.06511,0.03878,0.05013,0.16786,0.04335,0.05023,0.07306,0.04068,0.10946
0.03559,0.04105,0.03493,0.25056,0.04212,0.02837,0.03679,0.14779,0.03130,0.03230,0.11799,0.03841,0.03989,0.04251,0.05215,0.02823
0.03398,0.03877,0.03667,0.03494,0.05204,0.03581,0.05780,0.17197,0.03699,0.04272,0.14932,0.05869,0.11177,0.04685,0.04534,0.04635
0.03891,0.04709,0.03798,0.03522,0.04247,0.30842,0.03925,0.09769,0.03905,0.03957,0.06406,0.03237,0.04668,0.06015,0.03480,0.03628
0.03984,0.09227,0.05592,0.04011,0.03959,0.03765,0.04156,0.05726,0.04961,0.05802,0.09644,0.05535,0.04085,0.04326,0.19573,0.05654
0.05540,0.03940,0.06133,0.03956,0.03162,0.04617,0.04758,0.18594,0.04364,0.05529,0.04648,0.05021,0.05593,0.11792,0.03550,0.08801
0.04194,0.03022,0.03433,0.04702,0.02859,0.28986,0.06104,0.07187,0.03932,0.04165,0.04793,0.04007,0.05369,0.06664,0.03594,0.06987
0.04321,0.04741,0.04172,0.03495,0.05144,0.12004,0.06968,0.06073,0.04187,0.09968,0.07341,0.04615,0.07194,0.05823,0.06164,0.07789
0.03621,0.03829,0.03971,0.05253,0.04843,0.16357,0.04047,0.05059,0.03841,0.04865,0.06313,0.03881,0.11567,0.05387,0.07328,0.09839
0.04686,0.08274,0.04345,0.04541,0.04584,0.05163,0.03741,0.05523,0.03863,0.05527,0.19936,0.04568,0.10801,0.04961,0.06484,0.03003
0.04935,0.09215,0.04669,0.03867,0.04305,0.05011,0.07026,0.04148,0.03518,0.13757,0.09092,0.04837,0.03793,0.05604,0.06769,0.09455
0.03795,0.04389,0.04177,0.03643,0.05124,0.15847,0.03663,0.04659,0.04070,0.04336,0.04812,0.03411,0.07700,0.17124,0.06455,0.06796
0.05610,0.29071,0.03555,0.06684,0.02942,0.03438,0.04642,0.03499,0.03189,0.04098,0.04776,0.04086,0.04289,0.11853,0.04977,0.03292
0.04149,0.18185,0.04627,0.03619,0.04040,0.04616,0.06222,0.06059,0.04312,0.14373,0.04856,0.05466,0.04383,0.04270,0.04423,0.06400
0.04201,0.02983,0.04227,0.04264,0.03435,0.04322,0.02965,0.08260,0.04894,0.03971,0.05538,0.04099,0.06482,0.32638,0.04303,0.03419
0.03101,0.03280,0.03658,0.03005,0.03465,0.06916,0.02775,0.05122,0.03511,0.03295,0.08026,0.02480,0.07000,0.35652,0.03566,0.05148
0.05235,0.13087,0.04331,0.05676,0.03694,0.04886,0.03859,0.14610,0.02871,0.05847,0.11112,0.05018,0.05356,0.04851,0.05540,0.04028
0.03650,0.03910,0.03393,0.04531,0.05125,0.13879,0.03952,0.06984,0.03843,0.04217,0.11019,0.04156,0.05423,0.13084,0.07890,0.04943
0.03739,0.03975,0.04135,0.04543,0.03313,0.04968,0.05212,0.04196,0.04987,0.02860,0.04520,0.03682,0.08927,0.05648,0.29339,0.05955
0.03245,0.35124,0.04062,0.04226,0.03739,0.04199,0.06695,0.07455,0.03124,0.03418,0.04121,0.04081,0.04144,0.04214,0.05309,0.02844
0.04923,0.06217,0.04298,0.04556,0.03497,0.03590,0.03520,0.08951,0.04922,0.04064,0.04061,0.03214,0.15438,0.07509,0.16986,0.04254
0.06112,0.06170,0.05323,0.06367,0.04350,0.04173,0.06042,0.06471,0.03949,0.05656,0.06911,0.06285,0.04662,0.09260,0.07971,0.10297
0.03500,0.22110,0.03694,0.03975,0.04310,0.04823,0.12920,0.09886,0.03519,0.04218,0.04692,0.04433,0.03437,0.03747,0.05764,0.04974
0.04281,0.15504,0.04777,0.05096,0.03719,0.04308,0.06890,0.06474,0.05125,0.05600,0.05201,0.05867,0.04891,0.06003,0.10400,0.05864
0.04798,0.05337,0.02985,0.03868,0.03591,0.05316,0.18227,0.05610,0.04039,0.03562,0.06225,0.04644,0.09337,0.05012,0.09878,0.07571
0.04518,0.04935,0.04887,0.03859,0.04095,0.11253,0.04235,0.04241,0.02962,0.05020,0.10304,0.05622,0.07489,0.07459,0.10246,0.08876
0.03345,0.08171,0.05488,0.04316,0.03889,0.05938,0.04008,0.05925,0.03482,0.04904,0.03941,0.08161,0.03568,0.14971,0.04696,0.15197
0.02927,0.06436,0.03544,0.04052,0.04165,0.13013,0.04014,0.02955,0.02982,0.03979,0.08902,0.04824,0.05348,0.04214,0.22952,0.05692
0.04627,0.04299,0.05793,0.04206,0.05302,0.07840,0.04125,0.05421,0.04452,0.09051,0.06916,0.03925,0.10535,0.05731,0.05118,0.12656
0.04050,0.02429,0.03369,0.04393,0.03586,0.07531,0.02838,0.08385,0.03737,0.03313,0.05605,0.03211,0.11531,0.27197,0.04305,0.04519
0.04013,0.07282,0.03825,0.03597,0.03473,0.04733,0.04220,0.12693,0.04568,0.04195,0.21678,0.04493,0.03438,0.05823,0.05303,0.06667
0.02698,0.03675,0.04047,0.03903,0.02894,0.08156,0.04092,0.03213,0.02710,0.02838,0.03057,0.03334,0.04058,0.04288,0.06904,0.40133
0.03804,0.03618,0.03555,0.03794,0.03275,0.25475,0.04335,0.12007,0.02953,0.04182,0.04420,0.03399,0.09987,0.05245,0.05159,0.04792
0.03006,0.03062,0.04245,0.23767,0.04483,0.03822,0.04228,0.04234,0.04727,0.03166,0.03655,0.03839,0.03674,0.03636,0.19754,0.06702
0.04538,0.03687,0.05190,0.04705,0.03932,0.16967,0.04146,0.03018,0.04202,0.05797,0.07335,0.04474,0.04056,0.05180,0.17024,0.05748
0.04283,0.10688,0.06460,0.04199,0.03555,0.04234,0.04029,0.04479,0.03754,0.04162,0.07661,0.03811,0.09251,0.07518,0.18266,0.03651
0.02963,0.03190,0.03077,0.04061,0.05039,0.43116,0.04503,0.03525,0.02946,0.03523,0.05385,0.03035,0.05018,0.03752,0.03270,0.03597
0.03459,0.03582,0.03636,0.07020,0.04340,0.04628,0.05504,0.05893,0.03998,0.04502,0.28032,0.04205,0.03403,0.05262,0.05012,0.07525
0.03251,0.38005,0.03763,0.02746,0.03188,0.04151,0.05191,0.03799,0.02706,0.04635,0.04001,0.03051,0.04653,0.03321,0.04286,0.09252
0.04427,0.04719,0.04607,0.15784,0.05300,0.04366,0.08915,0.05587,0.04295,0.05859,0.09362,0.06373,0.05600,0.05848,0.05067,0.03891
0.06116,0.04626,0.03565,0.03742,0.04752,0.08007,0.04385,0.04029,0.04185,0.06128,0.10792,0.05088,0.12576,0.07029,0.09827,0.05153
0.02901,0.03150,0.03180,0.27894,0.03988,0.03806,0.04939,0.04530,0.03418,0.04323,0.03434,0.05008,0.05300,0.03746,0.04737,0.15643
0.04325,0.04065,0.03865,0.04092,0.03442,0.07335,0.03852,0.07313,0.03251,0.04376,0.04574,0.03801,0.10154,0.05552,0.05954,0.24048
0.02958,0.49463,0.03712,0.03862,0.02608,0.03103,0.03453,0.04390,0.02589,0.03708,0.03760,0.02427,0.02957,0.02461,0.06221,0.02327
0.03853,0.03707,0.03197,0.02595,0.03389,0.40056,0.04271,0.03299,0.03103,0.04476,0.05657,0.02403,0.04093,0.04767,0.05128,0.06006
0.04750,0.08636,0.04446,0.03496,0.03311,0.05095,0.04610,0.08979,0.04419,0.04933,0.09563,0.03895,0.03792,0.03956,0.08739,0.17383
0.03285,0.18915,0.04377,0.04145,0.07408,0.04089,0.07451,0.03562,0.03299,0.05032,0.14625,0.04435,0.04458,0.05470,0.04843,0.04605
0.03438,0.03092,0.04147,0.07235,0.03608,0.03946,0.03512,0.05883,0.03700,0.03184,0.03744,0.04147,0.31157,0.05284,0.07368,0.06554
0.03827,0.03450,0.04973,0.03680,0.04296,0.19861,0.04604,0.04634,0.02903,0.04884,0.05181,0.03889,0.04185,0.06188,0.06204,0.17243
0.03107,0.03425,0.04472,0.10839,0.04878,0.04280,0.06638,0.04904,0.03822,0.04676,0.22631,0.05606,0.03795,0.07475,0.05527,0.03925
0.03677,0.14676,0.04675,0.04402,0.04926,0.05561,0.06238,0.08125,0.03586,0.13051,0.04991,0.04364,0.03913,0.04551,0.06080,0.07184
0.03720,0.17532,0.04284,0.03687,0.04232,0.04394,0.04786,0.04268,0.03296,0.03625,0.06790,0.04435,0.04167,0.05714,0.21220,0.03853
0.04198,0.03523,0.05360,0.06835,0.03994,0.04540,0.04463,0.05483,0.04329,0.06205,0.16936,0.05296,0.14064,0.05503,0.05637,0.03635
0.03967,0.04415,0.04588,0.04322,0.04472,0.06606,0.04990,0.08726,0.03691,0.05388,0.08905,0.04386,0.07280,0.06594,0.12991,0.08677
0.05715,0.29924,0.03262,0.04515,0.03700,0.04411,0.06581,0.03417,0.04270,0.03714,0.04577,0.04149,0.05150,0.04261,0.08703,0.03650
0.03464,0.19557,0.04919,0.04173,0.03468,0.04456,0.15311,0.06658,0.03721,0.05100,0.08473,0.03624,0.05280,0.03893,0.03777,0.04128
0.03625,0.04469,0.03652,0.03145,0.03530,0.19223,0.03463,0.17217,0.03248,0.03129,0.04168,0.04001,0.07509,0.06524,0.07416,0.05681
0.04634,0.06286,0.04993,0.04254,0.04057,0.05420,0.04615,0.07168,0.04435,0.07512,0.04703,0.03021,0.04955,0.09662,0.13945,0.10343
0.04300,0.19461,0.04080,0.05741,0.04850,0.03556,0.05520,0.10120,0.03184,0.04725,0.04282,0.04184,0.12687,0.03729,0.04370,0.05212
0.04570,0.04985,0.04798,0.05562,0.06048,0.05275,0.10298,0.05297,0.04281,0.11322,0.07069,0.04468,0.03680,0.06409,0.11111,0.04827
0.05528,0.04288,0.03340,0.05161,0.03872,0.14226,0.04795,0.12665,0.03747,0.05672,0.04794,0.04259,0.07097,0.06967,0.06804,0.06785
0.04710,0.04154,0.05440,0.23763,0.03909,0.04148,0.03531,0.04003,0.04287,0.03887,0.10961,0.05924,0.03797,0.05432,0.08933,0.03122
0.03694,0.04830,0.03447,0.04848,0.06651,0.26925,0.03690,0.06080,0.03618,0.03560,0.11108,0.03441,0.06627,0.04382,0.03276,0.03822
0.04688,0.05125,0.04395,0.04739,0.04869,0.08244,0.04660,0.12086,0.04832,0.05254,0.07000,0.05648,0.08589,0.05802,0.08041,0.06028
0.05314,0.13808,0.04157,0.02846,0.04559,0.04373,0.06484,0.04330,0.03490,0.17086,0.05954,0.03554,0.04665,0.04329,0.04310,0.10742
0.03773,0.04522,0.03156,0.37466,0.03088,0.03222,0.04617,0.03961,0.04374,0.03334,0.05369,0.05097,0.02910,0.05421,0.06315,0.03375
0.03112,0.04432,0.04493,0.15576,0.04087,0.05221,0.05438,0.04889,0.04943,0.04138,0.18191,0.04959,0.04624,0.04183,0.07395,0.04321
0.04564,0.04388,0.03348,0.04062,0.04009,0.08238,0.05669,0.04771,0.08895,0.03991,0.04116,0.03250,0.04976,0.04499,0.05053,0.26172
0.03528,0.04542,0.04189,0.04033,0.03818,0.06362,0.03913,0.05492,0.03551,0.03695,0.08291,0.04438,0.06312,0.15875,0.18042,0.03919
0.04171,0.04208,0.03156,0.03819,0.04381,0.19861,0.05062,0.09262,0.03817,0.05753,0.07153,0.03609,0.06325,0.07655,0.05118,0.06652
0.05203,0.03850,0.03868,0.21910,0.03954,0.04351,0.02851,0.07983,0.04169,0.03850,0.12139,0.03952,0.05706,0.06122,0.06120,0.03972
0.03283,0.03937,0.04107,0.09361,0.03982,0.04188,0.07335,0.05839,0.04012,0.04238,0.05065,0.03848,0.04973,0.05445,0.24351,0.06035
0.04100,0.08139,0.05388,0.04399,0.03784,0.04518,0.04805,0.12192,0.03120,0.06334,0.10872,0.04259,0.04284,0.05475,0.05383,0.12948
0.04397,0.28672,0.05132,0.02978,0.04027,0.04488,0.06567,0.04525,0.03359,0.03663,0.08535,0.03998,0.03668,0.04563,0.05382,0.06045
0.03908,0.04780,0.05132,0.04744,0.04981,0.10898,0.05037,0.10772,0.03705,0.04416,0.05143,0.04329,0.11263,0.07982,0.06774,0.06136
0.04094,0.15880,0.05100,0.04012,0.04233,0.04259,0.04944,0.13940,0.04146,0.04318,0.05817,0.04472,0.05157,0.04550,0.06280,0.08799
0.06025,0.03701,0.04314,0.03584,0.02850,0.20100,0.03453,0.05606,0.04098,0.04205,0.05880,0.04969,0.09212,0.06704,0.05316,0.09983
0.03722,0.03353,0.03788,0.23799,0.03013,0.05815,0.06175,0.04594,0.04371,0.03038,0.06653,0.04075,0.03835,0.06701,0.08561,0.08507
0.03357,0.04297,0.03402,0.02894,0.04404,0.04607,0.04580,0.04668,0.03420,0.05632,0.19333,0.04634,0.14333,0.04078,0.09073,0.07288
0.03728,0.20523,0.05479,0.04084,0.04775,0.04516,0.04593,0.12839,0.03042,0.04671,0.05628,0.03788,0.05446,0.04692,0.04698,0.07496
0.03443,0.26446,0.04290,0.03493,0.03236,0.03451,0.04546,0.05462,0.02960,0.05964,0.06161,0.04154,0.03706,0.05783,0.08079,0.08825
0.03817,0.12619,0.04382,0.05533,0.04239,0.05057,0.05257,0.11119,0.04005,0.06805,0.05313,0.04704,0.09529,0.05905,0.05302,0.06415
0.04459,0.06161,0.04485,0.18309,0.04677,0.04940,0.03987,0.05155,0.03958,0.03856,0.10854,0.05251,0.05702,0.05142,0.09633,0.03430
0.03322,0.04162,0.03341,0.04008,0.03455,0.31416,0.02887,0.10092,0.03111,0.03431,0.04056,0.03531,0.09187,0.05085,0.03287,0.05629
0.03225,0.03472,0.04080,0.32936,0.03112,0.04075,0.04363,0.05728,0.03412,0.03380,0.04259,0.05217,0.03585,0.08178,0.03439,0.07539
0.04984,0.04177,0.03636,0.04073,0.05393,0.24074,0.05675,0.06000,0.04330,0.04426,0.04632,0.03494,0.07857,0.05251,0.07129,0.04869
0.04140,0.09428,0.03637,0.03116,0.03954,0.03519,0.04050,0.05287,0.04786,0.05344,0.30123,0.04409,0.05522,0.04257,0.05122,0.03307
0.03838,0.10958,0.03426,0.04385,0.03995,0.03830,0.04585,0.03172,0.04140,0.05219,0.13528,0.03983,0.03231,0.03747,0.24905,0.03058
0.02358,0.03144,0.03089,0.03203,0.03100,0.49776,0.02517,0.03608,0.02565,0.04127,0.03256,0.02208,0.03968,0.04118,0.03296,0.05667
0.05337,0.04436,0.03662,0.06793,0.03709,0.04478,0.09377,0.04519,0.04573,0.04244,0.05252,0.03996,0.21542,0.05685,0.03911,0.08486
0.04167,0.04364,0.03350,0.04633,0.03903,0.10780,0.05374,0.05682,0.04472,0.05208,0.19340,0.04504,0.04781,0.07196,0.07733,0.04513
0.04291,0.04335,0.03315,0.37696,0.03385,0.02819,0.06493,0.04661,0.04044,0.04097,0.03529,0.03465,0.02922,0.04733,0.06738,0.03477
0.04787,0.14680,0.05323,0.04359,0.04221,0.05849,0.05257,0.05562,0.04320,0.04780,0.07570,0.04409,0.06280,0.07059,0.05811,0.09735
0.03396,0.08085,0.06587,0.03116,0.03817,0.05315,0.04750,0.05148,0.04708,0.05419,0.17196,0.04771,0.04202,0.08871,0.04789,0.09828
0.05050,0.05721,0.04208,0.06054,0.04223,0.04915,0.03682,0.05229,0.04507,0.08988,0.15185,0.04302,0.06291,0.06729,0.10973,0.03943
0.03679,0.03397,0.04370,0.03631,0.02367,0.12969,0.03073,0.02811,0.03567,0.02783,0.03274,0.03553,0.04453,0.11946,0.04284,0.29844
0.03627,0.03772,0.04616,0.20263,0.05411,0.03662,0.09379,0.04087,0.04163,0.04293,0.04709,0.04731,0.03953,0.05458,0.04588,0.13287
0.03592,0.21347,0.04610,0.03260,0.03798,0.05344,0.09798,0.05918,0.03660,0.04692,0.04010,0.03991,0.06315,0.06121,0.03775,0.09770
0.04216,0.03337,0.04144,0.11919,0.04104,0.06541,0.04175,0.06380,0.04612,0.04285,0.03679,0.03947,0.12649,0.04630,0.03192,0.18191
0.04787,0.03688,0.04229,0.05790,0.03210,0.04569,0.04279,0.06486,0.03761,0.03637,0.04187,0.04719,0.08928,0.06927,0.05928,0.24874
0.03877,0.04370,0.03570,0.03765,0.05022,0.18350,0.13591,0.03890,0.03912,0.04445,0.08098,0.03655,0.09166,0.03565,0.05825,0.04901
0.04445,0.03533,0.04945,0.25035,0.04399,0.04277,0.04545,0.07733,0.03909,0.05037,0.04366,0.03638,0.04279,0.07991,0.07040,0.04829
0.03838,0.03745,0.06664,0.15662,0.04388,0.03523,0.04407,0.05889,0.06256,0.04481,0.09974,0.04578,0.03784,0.09664,0.04508,0.08639
0.04561,0.04723,0.04288,0.05193,0.05225,0.18338,0.07413,0.08731,0.03891,0.05813,0.06422,0.03832,0.04919,0.05417,0.04209,0.07025
0.06561,0.03949,0.04320,0.03925,0.05007,0.08320,0.03577,0.07450,0.04755,0.03821,0.09308,0.05061,0.05213,0.15222,0.09544,0.03967
0.03694,0.03297,0.03734,0.26235,0.03940,0.03949,0.03715,0.04566,0.03640,0.03961,0.03954,0.04532,0.12188,0.08102,0.07011,0.03482
0.04546,0.04148,0.03933,0.05910,0.04295,0.04812,0.08365,0.05759,0.05746,0.03675,0.07659,0.05030,0.05769,0.16233,0.08676,0.05442
0.04235,0.11234,0.04863,0.05021,0.04723,0.04089,0.05184,0.09714,0.03719,0.04512,0.05950,0.03869,0.04327,0.19017,0.05878,0.03665
0.03771,0.02914,0.04302,0.03488,0.04444,0.04882,0.04539,0.10734,0.03396,0.05489,0.05303,0.03595,0.22146,0.05008,0.03627,0.12362
0.04031,0.13849,0.03775,0.03261,0.03276,0.05690,0.07226,0.05915,0.03173,0.04316,0.05532,0.04423,0.17507,0.04343,0.05410,0.08271
0.03580,0.03663,0.04747,0.14954,0.04246,0.04862,0.05290,0.17765,0.03670,0.03786,0.05440,0.03994,0.06131,0.05759,0.08023,0.04089
0.03737,0.04557,0.04773,0.03655,0.04469,0.21623,0.06803,0.03897,0.03986,0.08514,0.07159,0.04243,0.05333,0.05752,0.05942,0.05558
0.03237,0.03043,0.03466,0.25016,0.03379,0.03671,0.06909,0.03675,0.04912,0.04646,0.04451,0.03904,0.02994,0.04577,0.09171,0.12948
0.03853,0.04605,0.03772,0.04172,0.04225,0.07250,0.04200,0.10173,0.04808,0.03908,0.08627,0.04645,0.14479,0.06019,0.10008,0.05255
0.04881,0.09943,0.04407,0.05107,0.03637,0.06040,0.04596,0.09913,0.03353,0.05745,0.04169,0.04134,0.16724,0.06484,0.04155,0.06712
0.04389,0.04119,0.04036,0.03917,0.04215,0.14228,0.03519,0.04006,0.03545,0.04751,0.04598,0.03332,0.05356,0.08099,0.11180,0.16711
0.03754,0.03077,0.03273,0.03404,0.03792,0.28957,0.04724,0.04130,0.03563,0.04288,0.14189,0.03000,0.04215,0.05583,0.04496,0.05556
0.04270,0.03193,0.05921,0.13884,0.04239,0.04094,0.04547,0.04876,0.04298,0.03840,0.07879,0.03530,0.02712,0.06988,0.21280,0.04449
0.05786,0.16835,0.03311,0.04084,0.03298,0.05585,0.06395,0.04429,0.03246,0.03946,0.04561,0.03314,0.06891,0.05103,0.15770,0.07446
0.06045,0.02952,0.04522,0.04064,0.05027,0.09019,0.04603,0.05599,0.05573,0.06354,0.07649,0.03338,0.09157,0.14076,0.03985,0.08036
0.03488,0.03702,0.04691,0.03590,0.03923,0.09827,0.05730,0.06091,0.03894,0.04424,0.18903,0.04912,0.05757,0.04467,0.09275,0.07325
0.03896,0.03303,0.06595,0.03823,0.03582,0.13986,0.03082,0.05335,0.04183,0.05186,0.04439,0.03882,0.10983,0.13901,0.03788,0.10035
0.03325,0.04924,0.04214,0.03207,0.04176,0.13548,0.10177,0.03939,0.04002,0.05208,0.05421,0.05751,0.04507,0.05324,0.07763,0.14516
0.03539,0.21264,0.03868,0.05126,0.03363,0.04294,0.04244,0.12011,0.03242,0.05325,0.06809,0.04183,0.03338,0.03955,0.12275,0.03163
0.04447,0.05138,0.05116,0.04183,0.04259,0.07422,0.06828,0.06583,0.03554,0.03418,0.04964,0.04815,0.10739,0.06415,0.15686,0.06434
0.05155,0.03826,0.03882,0.03359,0.03976,0.13403,0.03825,0.05895,0.04728,0.04589,0.04030,0.03217,0.13560,0.05892,0.12217,0.08445
0.06280,0.03884,0.04319,0.04026,0.04144,0.10921,0.05066,0.04519,0.03843,0.05161,0.08330,0.04049,0.04633,0.08011,0.06220,0.16596
0.04662,0.04851,0.03890,0.04391,0.03563,0.18579,0.05234,0.04278,0.02954,0.05049,0.05621,0.09822,0.10810,0.04476,0.07713,0.04108
0.04373,0.12262,0.03783,0.03089,0.04619,0.06307,0.08147,0.04128,0.03206,0.03224,0.23991,0.04946,0.03779,0.03520,0.03887,0.06740
0.05112,0.04973,0.04823,0.04160,0.03946,0.11648,0.03891,0.05906,0.05834,0.05985,0.09908,0.05575,0.05221,0.10294,0.05739,0.06985
0.03882,0.21469,0.03560,0.03912,0.03889,0.06527,0.08163,0.03576,0.04174,0.04480,0.03427,0.03154,0.14338,0.05021,0.03949,0.06479
0.05258,0.14775,0.04505,0.03530,0.05038,0.05279,0.05481,0.06608,0.03593,0.09674,0.11396,0.04502,0.04021,0.05053,0.07100,0.04185
0.04508,0.04802,0.03789,0.04106,0.04541,0.11361,0.03236,0.05059,0.03058,0.03815,0.08211,0.05126,0.19194,0.05459,0.08057,0.05679
0.03988,0.21903,0.04743,0.03803,0.03506,0.06075,0.06920,0.05278,0.03244,0.07363,0.05166,0.03429,0.04392,0.04174,0.04767,0.11249
0.04360,0.03220,0.04183,0.04262,0.04255,0.11008,0.11061,0.05017,0.05533,0.04022,0.07087,0.04615,0.04634,0.13089,0.08368,0.05283
0.04020,0.03747,0.04828,0.18656,0.04561,0.03740,0.03031,0.03468,0.03764,0.04166,0.07880,0.04635,0.06209,0.04278,0.20076,0.02940
0.04186,0.03926,0.05586,0.04376,0.05224,0.17994,0.07887,0.04506,0.04452,0.05948,0.08322,0.04794,0.03557,0.04739,0.08835,0.05668
0.03259,0.05094,0.05187,0.05491,0.03996,0.16032,0.04457,0.12168,0.03613,0.04591,0.07256,0.05925,0.04537,0.09095,0.03624,0.05676
0.06726,0.15579,0.04347,0.04962,0.03867,0.04633,0.05461,0.03200,0.10340,0.04658,0.05912,0.04859,0.03555,0.05930,0.11763,0.04208
0.04349,0.16002,0.04126,0.04353,0.04560,0.05118,0.06831,0.09043,0.03715,0.05941,0.05109,0.04099,0.03802,0.05617,0.09593,0.07744
0.04173,0.04623,0.03704,0.03797,0.03722,0.14037,0.05894,0.04146,0.03724,0.03419,0.05394,0.03947,0.15634,0.06108,0.12695,0.04984
0.03602,0.04321,0.02903,0.03591,0.02994,0.34124,0.03767,0.05412,0.03633,0.04012,0.03804,0.04511,0.05475,0.04629,0.08938,0.04282
0.03806,0.23729,0.03389,0.05525,0.03696,0.04843,0.06435,0.03552,0.03223,0.04341,0.14840,0.05986,0.04140,0.04219,0.04746,0.03530
0.07005,0.12610,0.04634,0.03259,0.03254,0.05080,0.04259,0.13859,0.03755,0.05670,0.09494,0.07426,0.03669,0.06607,0.05027,0.04393
0.03854,0.28009,0.06097,0.03398,0.03609,0.04004,0.05594,0.04590,0.03159,0.04580,0.05781,0.03247,0.03738,0.07502,0.07738,0.05099
0.03274,0.38944,0.02815,0.04572,0.03211,0.03207,0.04646,0.03593,0.04353,0.03341,0.05829,0.03445,0.04134,0.06391,0.05268,0.02978
0.04096,0.03833,0.04319,0.03484,0.04974,0.08480,0.04101,0.05871,0.05011,0.05245,0.12392,0.05255,0.07668,0.07592,0.10624,0.07055
0.05644,0.12408,0.05171,0.04343,0.03798,0.05359,0.03633,0.05001,0.04475,0.05391,0.08021,0.03804,0.09280,0.09040,0.08945,0.05687
0.04789,0.04563,0.03404,0.02871,0.03343,0.15318,0.03386,0.17707,0.04082,0.04048,0.04838,0.02777,0.06369,0.05748,0.04294,0.12462
0.04620,0.15228,0.03933,0.04292,0.02702,0.05023,0.05421,0.03676,0.03375,0.04761,0.05519,0.04746,0.03402,0.04468,0.10730,0.18106
0.05206,0.04174,0.04306,0.04049,0.03398,0.05814,0.03685,0.05104,0.03555,0.05786,0.12119,0.03514,0.06753,0.12252,0.05720,0.14564
0.03465,0.29258,0.03995,0.04222,0.03661,0.05443,0.03392,0.05616,0.04129,0.03658,0.07720,0.05237,0.03698,0.08237,0.04382,0.03886
0.05313,0.03980,0.03669,0.11337,0.04506,0.02641,0.04441,0.16637,0.03804,0.05416,0.04729,0.16838,0.06135,0.04885,0.03019,0.02651
0.04369,0.07881,0.04844,0.05400,0.04421,0.03878,0.03900,0.08614,0.04578,0.03700,0.06182,0.04552,0.05485,0.25387,0.03455,0.03354
0.03964,0.04026,0.05187,0.20890,0.05338,0.04521,0.03760,0.12343,0.04324,0.04061,0.07655,0.04498,0.04594,0.04390,0.05578,0.04871
0.04888,0.05525,0.03139,0.04311,0.04403,0.11579,0.06645,0.09415,0.03894,0.04436,0.09910,0.04334,0.03792,0.04612,0.12689,0.06425
0.03786,0.30107,0.05089,0.04116,0.04392,0.04941,0.06853,0.04149,0.03334,0.04829,0.03796,0.03119,0.05870,0.04946,0.05088,0.05584
0.03374,0.04753,0.03201,0.03131,0.03546,0.05687,0.04689,0.06696,0.02850,0.04128,0.04562,0.04611,0.03918,0.03970,0.29844,0.11037
0.04470,0.03687,0.03877,0.14376,0.02970,0.03003,0.03339,0.04089,0.04539,0.02619,0.22481,0.04103,0.04009,0.12836,0.07127,0.02474
0.03944,0.08913,0.03964,0.02909,0.04253,0.04162,0.04957,0.03634,0.03255,0.05917,0.06093,0.04625,0.04926,0.03860,0.05595,0.28993
0.04077,0.23311,0.05791,0.04387,0.04115,0.05184,0.05370,0.05957,0.03679,0.04131,0.05433,0.04370,0.03202,0.05034,0.09883,0.06075
0.03339,0.03614,0.03032,0.04182,0.02852,0.38634,0.04535,0.03662,0.03322,0.03572,0.05545,0.04041,0.04805,0.04046,0.05364,0.05455
0.03281,0.02470,0.03366,0.35542,0.03052,0.04029,0.03271,0.10259,0.03712,0.03750,0.03357,0.03616,0.05462,0.07087,0.03317,0.04429
0.03824,0.05273,0.04843,0.03230,0.04299,0.06522,0.10311,0.03927,0.04028,0.04708,0.12301,0.04759,0.03299,0.06224,0.09572,0.12881
0.03836,0.04711,0.05550,0.03564,0.04814,0.11137,0.05093,0.09580,0.03370,0.04795,0.05755,0.04906,0.06181,0.04204,0.04955,0.17551
0.03544,0.03414,0.04576,0.02968,0.03574,0.15541,0.04105,0.07102,0.03648,0.03972,0.05310,0.03684,0.07557,0.07424,0.04602,0.18980
0.03765,0.03463,0.04055,0.04541,0.05536,0.22479,0.04646,0.05273,0.03777,0.05037,0.11104,0.03261,0.07320,0.07664,0.03422,0.04656
0.04755,0.04483,0.04275,0.16024,0.04162,0.05143,0.10703,0.04687,0.04258,0.06190,0.05995,0.04518,0.04061,0.05447,0.04032,0.11267
0.05364,0.04648,0.04456,0.04953,0.04400,0.09517,0.06554,0.09272,0.03990,0.07109,0.05514,0.03837,0.08048,0.05974,0.06990,0.09373
0.04124,0.03864,0.04912,0.05377,0.04995,0.09373,0.08185,0.03437,0.04099,0.04569,0.09131,0.03900,0.10934,0.06139,0.09794,0.07167
0.03405,0.03139,0.03032,0.04091,0.03751,0.37537,0.03280,0.03141,0.03318,0.03604,0.05773,0.03087,0.05594,0.04652,0.08127,0.04468
0.04418,0.04294,0.05779,0.17758,0.05181,0.05208,0.05689,0.06834,0.04145,0.04002,0.05054,0.04580,0.05655,0.09439,0.03653,0.08312
0.02967,0.02980,0.04726,0.43859,0.04463,0.03540,0.03301,0.03933,0.02699,0.02877,0.05558,0.04773,0.03386,0.03169,0.05216,0.02554
0.04523,0.18773,0.04963,0.03833,0.03566,0.04551,0.05569,0.05566,0.04442,0.04726,0.08998,0.04211,0.05486,0.06703,0.07018,0.07074
0.03946,0.03888,0.03190,0.03626,0.03571,0.31794,0.05210,0.04107,0.02969,0.05456,0.03805,0.04103,0.05170,0.05412,0.04359,0.09396
0.04392,0.03300,0.03889,0.18977,0.03011,0.05723,0.06064,0.04539,0.03180,0.03464,0.03883,0.03234,0.05784,0.06263,0.04783,0.19515
0.03871,0.27188,0.03899,0.05215,0.03809,0.03423,0.04603,0.05304,0.02976,0.05942,0.07955,0.04194,0.03934,0.04169,0.06351,0.07169
0.04128,0.19413,0.04535,0.03932,0.03611,0.05030,0.04787,0.04892,0.02674,0.05814,0.08537,0.04021,0.11059,0.04509,0.04826,0.08233
0.04160,0.06660,0.03770,0.06470,0.04777,0.04394,0.05166,0.14727,0.03027,0.07859,0.06275,0.04410,0.10874,0.06943,0.04308,0.06178
0.03394,0.17973,0.04538,0.03427,0.03304,0.04772,0.04864,0.04936,0.03521,0.04744,0.06772,0.03764,0.04303,0.05465,0.06563,0.17659
0.03642,0.03281,0.03146,0.04389,0.03056,0.03361,0.03825,0.09394,0.03726,0.04328,0.05056,0.03535,0.32273,0.07073,0.05375,0.04538
0.04926,0.08333,0.03624,0.06857,0.03352,0.03932,0.04349,0.04944,0.04217,0.03376,0.07654,0.04429,0.14470,0.11782,0.10698,0.03058
0.04565,0.03584,0.03307,0.03871,0.04492,0.28543,0.03809,0.05840,0.03345,0.04136,0.03946,0.03799,0.04050,0.09841,0.07277,0.05596
0.03975,0.04542,0.04896,0.04083,0.04033,0.07361,0.03279,0.04751,0.03308,0.07519,0.06184,0.04153,0.09518,0.06723,0.20520,0.05157
0.05122,0.13770,0.05246,0.06536,0.04190,0.04574,0.06597,0.06201,0.05075,0.05044,0.08105,0.03678,0.07020,0.05088,0.08525,0.05229
0.03437,0.03883,0.04094,0.03907,0.03836,0.20852,0.05712,0.04542,0.04740,0.03692,0.15240,0.03864,0.05112,0.06017,0.06356,0.04718
0.03386,0.03573,0.04224,0.05871,0.04944,0.03908,0.05082,0.20166,0.03126,0.03897,0.07968,0.06351,0.04884,0.06933,0.03114,0.12574
0.04191,0.04525,0.03903,0.05479,0.03966,0.29366,0.02998,0.07245,0.03608,0.03865,0.04877,0.04273,0.06380,0.05758,0.04572,0.04994
0.05233,0.04661,0.04807,0.12039,0.04485,0.04592,0.04335,0.10129,0.03255,0.05287,0.05760,0.05792,0.08175,0.08445,0.05108,0.07897
0.03912,0.16760,0.03415,0.03106,0.02708,0.05051,0.05413,0.03935,0.02668,0.04624,0.09940,0.03867,0.02923,0.03624,0.05375,0.22680
0.04064,0.03697,0.03952,0.04325,0.04295,0.20032,0.03456,0.04384,0.04696,0.03783,0.09989,0.03822,0.15113,0.05326,0.04902,0.04163
0.03904,0.03394,0.04517,0.14817,0.04101,0.04044,0.03271,0.07624,0.04321,0.02904,0.04773,0.05432,0.08990,0.13678,0.11358,0.02873
0.02327,0.03470,0.04224,0.42568,0.02917,0.03757,0.03837,0.04953,0.03528,0.02969,0.04760,0.03699,0.02936,0.04132,0.06706,0.03217
0.04135,0.03635,0.04370,0.03667,0.04871,0.10411,0.04075,0.05473,0.03289,0.03588,0.04023,0.02907,0.07981,0.10878,0.23326,0.03373
0.02634,0.06168,0.04213,0.04890,0.03498,0.04392,0.03577,0.14710,0.03860,0.03926,0.27629,0.03430,0.03219,0.04298,0.05849,0.03707
0.03046,0.03598,0.04724,0.22965,0.04441,0.03430,0.03263,0.08356,0.03625,0.03206,0.03752,0.04191,0.03937,0.05008,0.19179,0.03279
0.03633,0.13864,0.04689,0.04179,0.04321,0.04162,0.07344,0.06099,0.03968,0.05682,0.10010,0.05158,0.07140,0.05714,0.04838,0.09198
0.04178,0.05923,0.04478,0.03616,0.06638,0.04436,0.04780,0.07686,0.03869,0.06128,0.21306,0.04952,0.08882,0.04658,0.04040,0.04430
0.03778,0.04654,0.03918,0.04094,0.03842,0.20970,0.03754,0.04009,0.04397,0.04743,0.04478,0.04549,0.09111,0.04641,0.06806,0.12258
0.03148,0.04066,0.03824,0.05891,0.03574,0.03492,0.05247,0.07466,0.03639,0.03550,0.05481,0.03976,0.05080,0.10103,0.05527,0.25935
0.06138,0.25676,0.03676,0.04461,0.03978,0.04733,0.05905,0.05114,0.03470,0.03796,0.06586,0.05317,0.06411,0.07255,0.04162,0.03323
0.04322,0.03528,0.04408,0.07151,0.04215,0.04090,0.13354,0.03136,0.06250,0.05306,0.06226,0.04105,0.04259,0.06859,0.15534,0.07257
0.03829,0.03401,0.05030,0.02954,0.03228,0.10611,0.03553,0.05126,0.03000,0.06735,0.05087,0.04171,0.11062,0.22638,0.03897,0.05678
0.03432,0.08140,0.05427,0.06785,0.03550,0.04104,0.04509,0.10178,0.02969,0.03938,0.04976,0.04391,0.16854,0.04814,0.11642,0.04290
0.05275,0.03810,0.03785,0.04225,0.03333,0.06228,0.10875,0.06567,0.03308,0.05245,0.05395,0.04123,0.03836,0.04889,0.07065,0.22041
0.05975,0.04351,0.03207,0.07581,0.04952,0.04139,0.04572,0.10760,0.03278,0.08465,0.05797,0.05916,0.04643,0.04587,0.13899,0.07879
0.04524,0.04049,0.03586,0.02801,0.02992,0.10938,0.07759,0.03974,0.04182,0.04100,0.04611,0.04066,0.16190,0.12918,0.04443,0.08868
0.05447,0.03835,0.03829,0.04502,0.06056,0.06490,0.04256,0.09203,0.05579,0.05001,0.05346,0.04018,0.04907,0.16862,0.09101,0.05568
0.04110,0.03166,0.03803,0.04395,0.03066,0.13231,0.05548,0.03983,0.03330,0.03513,0.04487,0.03677,0.03873,0.05583,0.11621,0.22615
0.04645,0.05391,0.04626,0.03640,0.03522,0.10950,0.05326,0.04994,0.03839,0.04354,0.17479,0.04003,0.04692,0.05873,0.06689,0.09977
0.04462,0.05028,0.04462,0.04228,0.05030,0.12322,0.06617,0.05321,0.06149,0.06387,0.08447,0.05841,0.05279,0.05497,0.07221,0.07709
0.03862,0.03981,0.04466,0.05565,0.05169,0.04710,0.05109,0.04451,0.06020,0.03596,0.24039,0.04110,0.04265,0.06638,0.08149,0.05873
0.02476,0.02978,0.02881,0.50141,0.02991,0.02624,0.03307,0.03426,0.02424,0.03415,0.08369,0.03398,0.02444,0.03358,0.02622,0.03145
0.04475,0.11973,0.05830,0.04801,0.05010,0.03788,0.08023,0.07861,0.04532,0.09255,0.06149,0.05047,0.04690,0.06024,0.06556,0.05986
0.03088,0.03149,0.03950,0.46547,0.02404,0.02891,0.04164,0.04489,0.02980,0.02625,0.03579,0.03538,0.02563,0.05385,0.05128,0.03521
0.04108,0.04043,0.04384,0.22936,0.03944,0.04833,0.06210,0.04646,0.05609,0.04208,0.04062,0.04270,0.04273,0.09547,0.08461,0.04464
0.03388,0.03508,0.05412,0.23396,0.04122,0.04062,0.04993,0.06119,0.03903,0.04238,0.09045,0.05581,0.04820,0.04657,0.07399,0.05357
0.04120,0.03097,0.04797,0.04057,0.04532,0.15026,0.03946,0.03441,0.04584,0.04445,0.08051,0.04522,0.06668,0.12662,0.05085,0.10970
0.06263,0.09657,0.04910,0.05163,0.05304,0.04380,0.04947,0.05479,0.19422,0.04307,0.05984,0.04385,0.03532,0.06979,0.05819,0.03468
0.03459,0.04002,0.05081,0.25903,0.04277,0.03690,0.03606,0.03624,0.05409,0.04676,0.05398,0.04805,0.03808,0.03329,0.14124,0.04806
0.04006,0.03395,0.05415,0.03492,0.03980,0.04487,0.03478,0.05700,0.03966,0.06353,0.05829,0.04546,0.06306,0.03927,0.03823,0.31296
0.05237,0.05015,0.05308,0.13014,0.04799,0.04775,0.04501,0.13652,0.02625,0.06247,0.06461,0.04763,0.05189,0.06485,0.07864,0.04066
0.04570,0.14320,0.04768,0.03678,0.05492,0.05430,0.05516,0.11071,0.03240,0.04674,0.10692,0.03985,0.06068,0.05469,0.05411,0.05616
0.03843,0.03731,0.06607,0.23084,0.03299,0.04549,0.03763,0.05374,0.03701,0.03069,0.06146,0.06695,0.09412,0.06569,0.06569,0.03588
0.04173,0.04851,0.04658,0.10837,0.04570,0.05636,0.04721,0.08803,0.03929,0.04557,0.10674,0.05337,0.14264,0.04313,0.04899,0.03778
0.03880,0.04473,0.02817,0.33633,0.03364,0.03068,0.05093,0.05210,0.04930,0.03038,0.03931,0.07586,0.03871,0.04883,0.05564,0.04659
0.04238,0.03172,0.04637,0.17584,0.04593,0.03248,0.04823,0.07546,0.03466,0.03463,0.04984,0.06283,0.03583,0.13179,0.10625,0.04577
0.04964,0.11238,0.05200,0.03903,0.03636,0.05676,0.04902,0.05925,0.05226,0.06238,0.05926,0.04787,0.05287,0.06122,0.08879,0.12091
0.04327,0.05088,0.03439,0.04929,0.03580,0.26172,0.03479,0.05401,0.03733,0.04314,0.06900,0.03640,0.05717,0.05849,0.04164,0.09269
0.04317,0.03865,0.03811,0.08272,0.03773,0.03835,0.04798,0.06043,0.03117,0.04763,0.31283,0.04592,0.06713,0.04583,0.03977,0.02256
0.04534,0.03692,0.03554,0.05420,0.03153,0.04061,0.03319,0.32196,0.02759,0.04882,0.04527,0.04625,0.06724,0.06829,0.04019,0.05708
0.03002,0.05195,0.04142,0.03524,0.03858,0.07541,0.04983,0.07083,0.03400,0.08814,0.20489,0.04081,0.05662,0.05263,0.04552,0.08411
0.03311,0.33417,0.04362,0.04407,0.03965,0.03491,0.04180,0.05209,0.02704,0.05124,0.05019,0.04702,0.05768,0.03290,0.06889,0.04161
0.03524,0.03189,0.03492,0.03636,0.02984,0.03351,0.04878,0.04063,0.03619,0.03698,0.06193,0.04429,0.06007,0.04031,0.38094,0.04812
0.02516,0.03755,0.02957,0.03958,0.02982,0.42751,0.03694,0.06281,0.03694,0.02626,0.04169,0.02534,0.04446,0.04701,0.05014,0.03921
0.04191,0.05299,0.06002,0.03163,0.04846,0.05946,0.05102,0.04288,0.03202,0.15599,0.06825,0.04516,0.09809,0.04683,0.05998,0.10531
0.05153,0.11129,0.05111,0.04501,0.04329,0.04387,0.05315,0.05537,0.05248,0.05472,0.12734,0.07922,0.03734,0.07507,0.07581,0.04340
0.04115,0.12634,0.03561,0.03320,0.03420,0.05259,0.03011,0.04747,0.02920,0.03624,0.06942,0.03621,0.31508,0.04107,0.04177,0.03034
0.04083,0.03894,0.04394,0.04610,0.05347,0.13220,0.04405,0.04965,0.05370,0.04440,0.06110,0.04321,0.09721,0.11583,0.04113,0.09425
0.04226,0.04802,0.04161,0.24378,0.03469,0.03445,0.07674,0.04328,0.03974,0.04077,0.07033,0.04063,0.04309,0.09583,0.06500,0.03977
0.04040,0.03648,0.04003,0.05085,0.05742,0.11854,0.04459,0.17081,0.04703,0.03356,0.04485,0.03628,0.09035,0.07682,0.06487,0.04712
0.05914,0.04825,0.04204,0.04510,0.04560,0.12090,0.04211,0.08010,0.05965,0.05086,0.04637,0.03917,0.11269,0.09473,0.04894,0.06434
0.04972,0.03038,0.03536,0.03993,0.03844,0.08346,0.03115,0.06104,0.03713,0.04713,0.04515,0.03736,0.23704,0.13842,0.04581,0.04248
0.03721,0.03166,0.03099,0.03590,0.03079,0.15041,0.03030,0.07255,0.04015,0.03757,0.04747,0.03077,0.07978,0.26157,0.04142,0.04146
0.04989,0.21187,0.03676,0.03896,0.04108,0.04491,0.05366,0.06247,0.03687,0.05395,0.11215,0.04945,0.03986,0.05253,0.04825,0.06732
0.03745,0.33563,0.03907,0.03580,0.03279,0.04145,0.07798,0.03438,0.03020,0.05782,0.05346,0.03447,0.03894,0.03876,0.06125,0.05055
0.03188,0.04881,0.07785,0.14770,0.06003,0.03870,0.08344,0.05244,0.06098,0.04131,0.05629,0.03439,0.06111,0.04786,0.10948,0.04773
0.03936,0.29118,0.04433,0.02985,0.03216,0.03432,0.04937,0.03716,0.02912,0.03565,0.04996,0.04104,0.05176,0.04227,0.04131,0.15117
0.03227,0.45107,0.03318,0.03770,0.02842,0.03604,0.05715,0.03681,0.03294,0.02989,0.06881,0.02604,0.02713,0.03031,0.04854,0.02372
0.03431,0.10198,0.04408,0.03790,0.03541,0.04710,0.05197,0.05275,0.03100,0.04342,0.27890,0.04228,0.04931,0.04515,0.05261,0.05183
0.03847,0.04334,0.05523,0.04346,0.04526,0.14562,0.05727,0.14167,0.04493,0.04041,0.05379,0.04161,0.07994,0.05268,0.06431,0.05201
0.03365,0.04035,0.03562,0.39297,0.03498,0.03515,0.04971,0.04925,0.04792,0.03129,0.05080,0.03730,0.02949,0.05489,0.05168,0.02494
0.04421,0.04730,0.03650,0.09780,0.05645,0.04311,0.05878,0.06023,0.06259,0.04793,0.04482,0.04289,0.03421,0.17733,0.06729,0.07856
0.04155,0.03863,0.03390,0.02903,0.03382,0.15887,0.05549,0.08304,0.04977,0.04068,0.04318,0.03522,0.06616,0.13471,0.10517,0.05079
0.04337,0.03747,0.04133,0.03484,0.03583,0.07685,0.03315,0.04656,0.04039,0.04171,0.05741,0.05029,0.18876,0.07614,0.14515,0.05074
0.04371,0.04040,0.03339,0.06027,0.03089,0.05273,0.10903,0.05802,0.04042,0.04139,0.04712,0.04275,0.09536,0.04882,0.06699,0.18868
0.03542,0.03959,0.03087,0.06059,0.04096,0.03681,0.06871,0.30933,0.02860,0.04066,0.05709,0.04850,0.05922,0.04557,0.06606,0.03200
0.03306,0.03316,0.04014,0.05787,0.04042,0.03753,0.03194,0.39147,0.03472,0.03781,0.03375,0.03243,0.04049,0.04316,0.06670,0.04535
0.05268,0.03278,0.03845,0.21424,0.03361,0.03901,0.06511,0.04475,0.04484,0.04288,0.09998,0.04621,0.03166,0.06093,0.05274,0.10013
0.03062,0.04186,0.04303,0.03764,0.04647,0.19308,0.04445,0.09691,0.04192,0.03179,0.11905,0.04537,0.03973,0.06551,0.07356,0.04901
0.02797,0.03247,0.04174,0.35287,0.03496,0.04175,0.04632,0.05374,0.05554,0.02922,0.04450,0.04336,0.02748,0.05438,0.06168,0.05202
0.03216,0.03253,0.04253,0.29984,0.03956,0.03856,0.03945,0.03716,0.03621,0.04401,0.04806,0.03712,0.04112,0.14404,0.05778,0.02987
0.03735,0.04607,0.03807,0.08537,0.04255,0.04320,0.06654,0.11472,0.04060,0.04427,0.10617,0.04818,0.05364,0.05206,0.11248,0.06873
0.06147,0.03847,0.05097,0.08812,0.04637,0.05511,0.05697,0.05372,0.04978,0.04650,0.06280,0.05747,0.07889,0.10761,0.08221,0.06353
0.05289,0.03572,0.04404,0.05902,0.03824,0.06132,0.03829,0.09829,0.03996,0.04595,0.05458,0.04684,0.13447,0.08037,0.03686,0.13317
0.05216,0.03168,0.03483,0.05506,0.05640,0.07047,0.03556,0.18072,0.03180,0.05056,0.06499,0.04507,0.10475,0.08980,0.04582,0.05034
0.05698,0.04653,0.05497,0.18000,0.04271,0.03826,0.03829,0.12180,0.03256,0.04618,0.06425,0.03480,0.04418,0.06006,0.10100,0.03744
