0.04684,0.12245,0.06895,0.03832,0.09094,0.06692,0.01993,0.07325,0.02924,0.10630,0.02405,0.09557,0.18559,0.03165
0.02111,0.05493,0.17283,0.02152,0.11873,0.02955,0.01222,0.06615,0.01524,0.05346,0.02068,0.05049,0.32988,0.03322
0.01419,0.01100,0.03363,0.01371,0.01108,0.00970,0.01654,0.05404,0.01164,0.02481,0.01318,0.01158,0.02476,0.75012
0.06515,0.04987,0.04955,0.02668,0.05967,0.23763,0.02733,0.04803,0.03834,0.04354,0.03323,0.04838,0.20963,0.06296
0.07070,0.03900,0.02551,0.06470,0.03252,0.08312,0.01498,0.02958,0.03599,0.02143,0.05556,0.02548,0.42703,0.07439
0.02306,0.02012,0.01246,0.06885,0.01835,0.00879,0.01859,0.01467,0.02082,0.01388,0.04045,0.02501,0.59661,0.11834
0.07049,0.04891,0.02288,0.03177,0.01332,0.01989,0.03008,0.01755,0.57374,0.01438,0.04334,0.04419,0.02634,0.04312
0.05804,0.03058,0.03835,0.03330,0.02963,0.03936,0.04183,0.03839,0.03375,0.04695,0.07283,0.04432,0.05757,0.43509
0.02028,0.07336,0.11783,0.02085,0.14757,0.06829,0.02445,0.06006,0.01907,0.06482,0.02286,0.11611,0.21283,0.03162
0.02019,0.02453,0.02149,0.03044,0.04484,0.01660,0.03362,0.03378,0.02832,0.04127,0.08290,0.02232,0.23476,0.36493
0.01785,0.01112,0.02085,0.01411,0.00919,0.76507,0.01807,0.01535,0.01525,0.01106,0.01357,0.01085,0.01926,0.05840
0.00884,0.01367,0.01632,0.01186,0.02674,0.01516,0.01161,0.01547,0.00735,0.02346,0.58039,0.00991,0.16247,0.09675
0.05645,0.05498,0.03002,0.14883,0.02970,0.01760,0.03125,0.02572,0.29413,0.03007,0.08059,0.07738,0.04546,0.07782
0.01158,0.01562,0.01512,0.06104,0.03248,0.02119,0.01425,0.01118,0.02132,0.01207,0.01514,0.01377,0.17592,0.57932
0.02690,0.04096,0.01685,0.07292,0.02644,0.12540,0.02938,0.01459,0.03226,0.02756,0.13945,0.03115,0.22454,0.19159
0.02593,0.05524,0.04884,0.03058,0.05513,0.05042,0.02612,0.07381,0.02648,0.14269,0.02216,0.07374,0.30433,0.06451
0.00776,0.01149,0.01026,0.01160,0.01075,0.01786,0.02812,0.00832,0.00724,0.01047,0.65121,0.00843,0.07065,0.14583
0.04151,0.03293,0.01770,0.03775,0.01830,0.01932,0.02601,0.01624,0.62771,0.01528,0.04401,0.03375,0.03193,0.03756
0.03337,0.01985,0.02687,0.03842,0.03037,0.02682,0.02550,0.03168,0.01573,0.02606,0.02509,0.02082,0.08030,0.59914
0.03453,0.07432,0.04242,0.09328,0.04612,0.02717,0.02708,0.04086,0.03975,0.03412,0.06187,0.09708,0.30168,0.07972
0.01001,0.00680,0.03013,0.00667,0.00787,0.00679,0.00758,0.05024,0.00673,0.01967,0.00806,0.00624,0.01247,0.82073
0.04160,0.02990,0.01837,0.07325,0.06676,0.02201,0.02954,0.01937,0.12663,0.02253,0.03816,0.02713,0.10190,0.38285
0.01320,0.00799,0.03553,0.00997,0.00833,0.00943,0.01133,0.04360,0.01067,0.02800,0.01158,0.00829,0.01621,0.78587
0.01013,0.07829,0.08523,0.02314,0.08043,0.01270,0.01079,0.03833,0.01402,0.02836,0.01216,0.05746,0.53020,0.01874
0.03147,0.05492,0.04203,0.27652,0.07009,0.05713,0.02111,0.06423,0.02559,0.06671,0.04651,0.04773,0.13882,0.05713
0.01086,0.01182,0.01957,0.01374,0.01292,0.01611,0.78865,0.01746,0.01108,0.01611,0.01331,0.01329,0.02297,0.03209
0.02894,0.01140,0.01214,0.00702,0.00842,0.00721,0.01710,0.01089,0.01954,0.00867,0.01350,0.00657,0.71186,0.13674
0.01325,0.00951,0.00866,0.05507,0.01521,0.01633,0.03986,0.01127,0.01883,0.00874,0.01335,0.01444,0.04978,0.72570
0.02030,0.01867,0.02184,0.01335,0.01929,0.01513,0.69589,0.02235,0.01530,0.02611,0.01509,0.01884,0.07042,0.02743
0.07205,0.03629,0.02745,0.03760,0.03125,0.12830,0.01772,0.04551,0.02609,0.03385,0.03597,0.02514,0.37203,0.11073
0.01449,0.01449,0.01229,0.06552,0.02120,0.01112,0.02000,0.01783,0.01877,0.01510,0.03174,0.02697,0.33662,0.39386
0.02130,0.04649,0.05598,0.02120,0.09785,0.01272,0.01548,0.05654,0.01555,0.07776,0.02389,0.06274,0.41231,0.08019
0.01756,0.01325,0.04546,0.01487,0.01220,0.01281,0.02282,0.03926,0.01307,0.02414,0.01337,0.00949,0.02776,0.73393
0.09039,0.00721,0.00987,0.00720,0.00978,0.01259,0.00755,0.00784,0.01005,0.00815,0.01707,0.00946,0.01263,0.79020
0.04419,0.04036,0.02933,0.04613,0.02382,0.02901,0.04193,0.03574,0.02877,0.02609,0.02602,0.03313,0.48010,0.11538
0.01039,0.03849,0.19056,0.01566,0.09177,0.01689,0.00792,0.05054,0.00802,0.06418,0.01123,0.05348,0.41767,0.02320
0.02137,0.02106,0.01365,0.57596,0.03525,0.01320,0.01372,0.01618,0.01438,0.02528,0.06111,0.02532,0.07223,0.09129
0.06064,0.08171,0.04142,0.05547,0.02796,0.06424,0.04022,0.02966,0.29476,0.03045,0.09034,0.07961,0.05730,0.04621
0.12634,0.08507,0.04826,0.03640,0.04876,0.16601,0.01745,0.04348,0.03153,0.06455,0.02168,0.03215,0.23860,0.03973
0.00856,0.05610,0.07803,0.01222,0.10565,0.01163,0.00726,0.03464,0.00891,0.02946,0.00904,0.04396,0.57819,0.01633
0.01152,0.01364,0.01270,0.01533,0.01820,0.01519,0.01664,0.01857,0.00953,0.02256,0.59721,0.01059,0.05785,0.18048
0.03377,0.04412,0.03780,0.07356,0.02396,0.09187,0.02800,0.03198,0.38101,0.02752,0.05411,0.04294,0.04095,0.08842
0.01470,0.02418,0.03961,0.01940,0.04513,0.01558,0.01706,0.02716,0.01250,0.03675,0.16279,0.01691,0.15097,0.41726
0.01370,0.03230,0.04753,0.03718,0.10081,0.02323,0.01695,0.04281,0.01323,0.03564,0.21345,0.02043,0.23062,0.17213
0.02902,0.02500,0.02749,0.12570,0.03029,0.02453,0.05999,0.02768,0.07737,0.02720,0.25233,0.03032,0.04799,0.21511
0.01621,0.02399,0.01103,0.04522,0.04185,0.03906,0.05435,0.01115,0.11014,0.01393,0.04735,0.04282,0.20274,0.34015
0.01151,0.05871,0.14105,0.01151,0.10181,0.01630,0.00794,0.05538,0.00893,0.03785,0.00859,0.09388,0.42806,0.01848
0.04971,0.01686,0.01074,0.09571,0.01759,0.01990,0.02994,0.01339,0.01777,0.01331,0.01869,0.01466,0.10307,0.57864
0.03781,0.08543,0.03434,0.10181,0.03217,0.02840,0.05417,0.04099,0.21942,0.03355,0.05938,0.13187,0.07535,0.06531
0.01295,0.03706,0.11304,0.02066,0.10291,0.01128,0.01041,0.06222,0.00788,0.04761,0.01137,0.05096,0.48943,0.02222
0.02004,0.01701,0.06253,0.01312,0.03553,0.01374,0.01475,0.07012,0.01118,0.04896,0.03737,0.01780,0.06000,0.57785
0.09410,0.00800,0.01140,0.00971,0.01100,0.01243,0.01002,0.00995,0.01209,0.01069,0.02373,0.01323,0.01793,0.75575
0.02175,0.01725,0.04364,0.02398,0.02940,0.01435,0.01623,0.09543,0.01593,0.04002,0.02610,0.02220,0.05239,0.58132
0.01857,0.05257,0.19007,0.01461,0.19267,0.01601,0.00950,0.03247,0.00989,0.04920,0.01175,0.05436,0.32645,0.02187
0.00718,0.01113,0.00949,0.00684,0.00923,0.01187,0.02176,0.00743,0.00544,0.01159,0.53215,0.00600,0.33329,0.02660
0.02112,0.03101,0.01862,0.14123,0.01977,0.01363,0.01223,0.02261,0.02338,0.02613,0.02310,0.02393,0.06334,0.55991
0.09282,0.08433,0.04912,0.05012,0.08538,0.08841,0.01851,0.04109,0.05293,0.05034,0.05311,0.05635,0.23390,0.04359
0.02234,0.02046,0.09216,0.02198,0.03066,0.02095,0.02465,0.24384,0.01745,0.07722,0.03024,0.02968,0.08396,0.28441
0.03471,0.06346,0.02698,0.04496,0.02741,0.43036,0.02246,0.03010,0.09421,0.02399,0.02942,0.07793,0.06060,0.03341
0.01030,0.00742,0.00716,0.00677,0.00816,0.00850,0.01007,0.00688,0.00643,0.00629,0.00606,0.00658,0.49779,0.41160
0.03539,0.00607,0.00780,0.00533,0.01105,0.00879,0.00647,0.00460,0.00680,0.00550,0.00793,0.00656,0.02227,0.86546
0.04735,0.03010,0.03414,0.06400,0.06431,0.04821,0.04574,0.03116,0.03271,0.03231,0.03168,0.02502,0.31786,0.19540
0.03646,0.02444,0.02952,0.02792,0.05600,0.01879,0.04017,0.04214,0.02474,0.04943,0.03938,0.02959,0.09759,0.48383
0.00755,0.02371,0.07939,0.00963,0.09563,0.00971,0.00871,0.05428,0.00606,0.02535,0.00695,0.04526,0.61197,0.01582
0.00910,0.00623,0.03120,0.00574,0.00703,0.00659,0.00763,0.02786,0.00489,0.02174,0.00544,0.00502,0.01240,0.84915
0.01768,0.02734,0.02982,0.05931,0.02327,0.01362,0.02770,0.02631,0.01850,0.02361,0.31095,0.02331,0.04788,0.35069
0.03553,0.02448,0.02571,0.03609,0.01961,0.62475,0.02293,0.02525,0.04510,0.02382,0.01800,0.02430,0.03563,0.03879
0.06595,0.01705,0.01243,0.02359,0.01599,0.05206,0.01333,0.02213,0.01685,0.01226,0.03071,0.01257,0.64407,0.06102
0.03885,0.03000,0.02341,0.30580,0.03192,0.12104,0.01987,0.02652,0.01899,0.02504,0.02948,0.02382,0.23098,0.07431
0.02430,0.27894,0.03461,0.04291,0.08933,0.02911,0.02636,0.03345,0.05145,0.04058,0.02885,0.17768,0.11071,0.03171
0.01645,0.00915,0.01389,0.00984,0.01813,0.00840,0.01472,0.01333,0.00899,0.01095,0.06949,0.01769,0.15596,0.63302
0.03105,0.01306,0.01371,0.01606,0.21796,0.03013,0.01767,0.01266,0.01680,0.01387,0.02929,0.01704,0.10299,0.46771
0.00854,0.01173,0.01320,0.00878,0.01093,0.01329,0.01351,0.00965,0.00585,0.01287,0.62594,0.00751,0.11967,0.13854
0.11562,0.05237,0.03244,0.06967,0.03388,0.04039,0.17264,0.03416,0.10553,0.03683,0.05595,0.05506,0.09666,0.09878
0.01610,0.01327,0.01201,0.02950,0.01496,0.02868,0.04226,0.01274,0.01404,0.01134,0.02000,0.01221,0.14730,0.62561
0.00853,0.00622,0.00520,0.03256,0.00817,0.01565,0.01835,0.00712,0.01173,0.00504,0.01128,0.00912,0.04325,0.81778
0.04829,0.02740,0.02928,0.09364,0.03050,0.07438,0.03606,0.05803,0.04685,0.03894,0.03849,0.02276,0.07185,0.38351
0.01992,0.06582,0.06727,0.03946,0.07289,0.07778,0.21722,0.05503,0.03353,0.05714,0.04903,0.10919,0.09882,0.03690
0.15916,0.10010,0.08229,0.01905,0.05306,0.02800,0.02554,0.06069,0.02551,0.06358,0.01799,0.04164,0.28110,0.04230
0.04022,0.01720,0.00841,0.01477,0.01086,0.01473,0.00855,0.00980,0.02003,0.01211,0.01760,0.01278,0.56363,0.24932
0.06967,0.04228,0.02918,0.03916,0.02667,0.15303,0.03202,0.04330,0.04196,0.04596,0.03482,0.03143,0.27345,0.13707
0.00946,0.06710,0.08920,0.01318,0.17169,0.01928,0.01171,0.04475,0.01041,0.03410,0.01150,0.13643,0.36086,0.02031
0.01430,0.02906,0.01693,0.08340,0.03617,0.02669,0.02614,0.02223,0.01586,0.02639,0.27534,0.02929,0.09846,0.29974
0.01021,0.00916,0.01007,0.00837,0.00673,0.00933,0.01133,0.00678,0.00864,0.00500,0.01095,0.00580,0.06095,0.83667
0.03171,0.02124,0.03341,0.36428,0.02802,0.01767,0.02075,0.03445,0.02416,0.03109,0.03753,0.02032,0.05861,0.27675
0.02180,0.02302,0.02699,0.04437,0.02160,0.02435,0.05059,0.02896,0.02725,0.02747,0.41393,0.03108,0.11979,0.13882
0.01308,0.00892,0.07771,0.00794,0.00901,0.00783,0.01709,0.05836,0.00889,0.03726,0.01056,0.00834,0.01702,0.71796
0.10128,0.02663,0.01347,0.03997,0.01385,0.05743,0.02839,0.01715,0.02184,0.01202,0.03038,0.01890,0.53523,0.08345
0.01936,0.01645,0.01313,0.01556,0.20136,0.02671,0.01471,0.01412,0.01869,0.01392,0.02475,0.01581,0.08592,0.51951
0.00710,0.00400,0.00522,0.00472,0.01112,0.00810,0.01018,0.00551,0.00449,0.00420,0.00541,0.00520,0.13598,0.78877
0.01702,0.01146,0.04584,0.01120,0.01069,0.01268,0.01621,0.05725,0.01589,0.03193,0.01318,0.00845,0.01645,0.73175
0.02755,0.03766,0.02060,0.06417,0.02870,0.04788,0.12249,0.01795,0.04878,0.02128,0.02400,0.03541,0.10310,0.40043
0.07698,0.04604,0.02253,0.09367,0.02800,0.06194,0.04806,0.02525,0.03157,0.02184,0.04837,0.03230,0.36849,0.09494
0.01393,0.04983,0.07037,0.01348,0.08527,0.02919,0.01803,0.05002,0.01135,0.06408,0.01401,0.05753,0.49169,0.03122
0.04702,0.03350,0.01619,0.03740,0.01984,0.01974,0.02665,0.01642,0.63062,0.01304,0.04207,0.03520,0.03014,0.03218
0.01821,0.02298,0.01781,0.04013,0.02206,0.31642,0.02987,0.01560,0.01697,0.02218,0.30021,0.01552,0.07256,0.08950
0.02299,0.03227,0.01883,0.10928,0.02914,0.02068,0.01733,0.02032,0.02085,0.01716,0.03837,0.03826,0.12250,0.49202
0.09499,0.01613,0.01702,0.02064,0.01717,0.02458,0.02817,0.01649,0.02806,0.02096,0.03866,0.02410,0.05358,0.59945
0.07573,0.01796,0.03199,0.02190,0.03652,0.11468,0.06659,0.03461,0.01744,0.02588,0.02697,0.01912,0.26195,0.24866
0.00761,0.06999,0.07944,0.01085,0.07185,0.01597,0.00698,0.04058,0.01218,0.02135,0.01078,0.06853,0.56695,0.01695
