0.86694,0.01988,0.01793,0.01084,0.05325,0.00958,0.00295,0.01862
0.80500,0.01422,0.01117,0.03161,0.09594,0.01266,0.01682,0.01258
0.11726,0.00358,0.01293,0.14299,0.27068,0.01385,0.41809,0.02062
0.08578,0.09544,0.11653,0.10923,0.01158,0.11433,0.45235,0.01476
0.89416,0.01026,0.02259,0.02742,0.01087,0.02764,0.00342,0.00364
0.32292,0.17350,0.08898,0.23634,0.00745,0.07074,0.07325,0.02681
0.16126,0.12676,0.18697,0.30187,0.00696,0.12985,0.00605,0.08028
0.20437,0.00621,0.01029,0.01079,0.71970,0.01245,0.02997,0.00622
0.17657,0.33556,0.01741,0.09069,0.21913,0.01149,0.14296,0.00618
0.92249,0.04050,0.00427,0.01423,0.00607,0.00603,0.00152,0.00489
0.09623,0.00995,0.16082,0.01384,0.02369,0.30984,0.00986,0.37577
0.08247,0.53176,0.01636,0.34233,0.00497,0.00694,0.00385,0.01133
0.64990,0.25767,0.01330,0.03045,0.00332,0.01052,0.02869,0.00615
0.47033,0.00778,0.22712,0.02731,0.00715,0.22791,0.01777,0.01463
0.10631,0.05290,0.08012,0.12289,0.13275,0.23991,0.00568,0.25945
0.33194,0.00319,0.10439,0.05257,0.00415,0.17895,0.24341,0.08139
0.46324,0.00873,0.01511,0.02296,0.44952,0.02306,0.00384,0.01353
0.79896,0.02194,0.05942,0.01116,0.03055,0.05553,0.00879,0.01366
0.20725,0.22072,0.01898,0.16800,0.34420,0.01174,0.00521,0.02390
0.48670,0.01594,0.01548,0.15250,0.00614,0.15293,0.02082,0.14948
0.73541,0.00518,0.01134,0.01047,0.11934,0.06089,0.00544,0.05194
0.06237,0.00565,0.22260,0.38795,0.08116,0.11119,0.00901,0.12006
0.10499,0.01257,0.33374,0.00236,0.01010,0.21353,0.16882,0.15389
0.33497,0.01883,0.00762,0.40725,0.00705,0.10187,0.00498,0.11742
0.80551,0.05378,0.02745,0.02123,0.00495,0.02312,0.05410,0.00986
0.07821,0.00373,0.36862,0.15853,0.00601,0.37276,0.00362,0.00852
0.10327,0.00574,0.04888,0.78124,0.00495,0.01185,0.01063,0.03345
0.66590,0.00435,0.06021,0.00419,0.09893,0.11266,0.00259,0.05117
0.12206,0.00558,0.06613,0.00506,0.00899,0.41854,0.01270,0.36094
0.73611,0.01573,0.09554,0.02597,0.00333,0.09748,0.01374,0.01210
0.39067,0.01029,0.01092,0.54461,0.00332,0.00991,0.01489,0.01540
0.37333,0.01096,0.11769,0.34741,0.00374,0.01306,0.01745,0.11636
0.29390,0.12641,0.09057,0.00746,0.30462,0.05537,0.07425,0.04742
0.05493,0.00388,0.08141,0.73474,0.02175,0.08642,0.00669,0.01017
0.86114,0.00160,0.02551,0.00255,0.02361,0.04746,0.01154,0.02658
0.74496,0.02996,0.01380,0.00733,0.00433,0.01524,0.16296,0.02144
0.13698,0.09615,0.09460,0.19551,0.03825,0.24248,0.02480,0.17123
0.23118,0.27123,0.00795,0.37810,0.00715,0.04154,0.01776,0.04510
0.37299,0.01470,0.01539,0.00397,0.40394,0.03569,0.12104,0.03228
0.04731,0.01780,0.32734,0.24798,0.01284,0.33251,0.00623,0.00799
0.75227,0.01425,0.02279,0.01108,0.01425,0.04563,0.09353,0.04619
0.97563,0.00107,0.00395,0.00249,0.00353,0.00417,0.00613,0.00303
0.90768,0.01679,0.02113,0.00515,0.02065,0.01606,0.00483,0.00771
0.05412,0.00356,0.42326,0.01704,0.06375,0.43209,0.00187,0.00431
0.31980,0.31943,0.02686,0.00686,0.03739,0.13830,0.01793,0.13343
0.44088,0.05930,0.18001,0.01343,0.00824,0.02759,0.06188,0.20867
0.33741,0.00378,0.01610,0.05691,0.51715,0.01708,0.03767,0.01390
0.75400,0.02598,0.04658,0.08776,0.01750,0.04707,0.01430,0.00680
0.70838,0.07919,0.00582,0.06560,0.07503,0.02031,0.02285,0.02282
0.94034,0.01995,0.00938,0.01010,0.00603,0.00881,0.00178,0.00361
0.07012,0.00469,0.15243,0.54953,0.01129,0.16389,0.01066,0.03739
0.95191,0.00581,0.00479,0.00241,0.01017,0.01088,0.00622,0.00782
0.11396,0.83914,0.01475,0.01243,0.00535,0.00621,0.00357,0.00459
0.43409,0.01589,0.04024,0.01195,0.02335,0.02459,0.41015,0.03974
0.23824,0.17633,0.26280,0.04527,0.00630,0.14840,0.01453,0.10814
0.86461,0.00270,0.03779,0.04168,0.00126,0.00559,0.00107,0.04531
0.14402,0.00885,0.32725,0.00630,0.00451,0.03069,0.14999,0.32839
0.14779,0.26848,0.01842,0.48545,0.00734,0.01283,0.04814,0.01155
0.14811,0.00571,0.03036,0.66111,0.00320,0.01637,0.09205,0.04310
0.09723,0.00980,0.25497,0.00489,0.00558,0.27349,0.01745,0.33660
0.78965,0.04831,0.01292,0.05772,0.06464,0.00831,0.00784,0.01061
0.15731,0.01266,0.31478,0.01104,0.18977,0.00685,0.00451,0.30308
0.60204,0.00573,0.11962,0.11108,0.00835,0.02222,0.01517,0.11579
0.91238,0.01043,0.00214,0.00552,0.00326,0.00400,0.05816,0.00412
0.08240,0.01210,0.01116,0.14507,0.72763,0.00634,0.00400,0.01131
0.21997,0.00601,0.01670,0.64126,0.00715,0.02776,0.05168,0.02947
0.20344,0.00392,0.20386,0.00874,0.21660,0.09853,0.00646,0.25845
0.36532,0.03153,0.16514,0.16866,0.06755,0.09172,0.00637,0.10372
0.87522,0.04997,0.01321,0.00411,0.00537,0.02070,0.01251,0.01890
0.53151,0.05982,0.01756,0.02913,0.22050,0.04505,0.04849,0.04794
0.85129,0.00604,0.01475,0.00980,0.05744,0.03282,0.00430,0.02355
0.31276,0.13208,0.01773,0.29338,0.05436,0.07556,0.01060,0.10352
0.18070,0.18187,0.01132,0.01645,0.00452,0.00568,0.58301,0.01645
0.75482,0.02214,0.02411,0.03149,0.12643,0.01279,0.00416,0.02407
0.06141,0.00750,0.25460,0.00887,0.00830,0.19996,0.00453,0.45482
0.31390,0.00964,0.01566,0.01673,0.60562,0.01277,0.00393,0.02174
0.12008,0.01375,0.10415,0.00245,0.00755,0.20864,0.24387,0.29951
0.06443,0.00641,0.21680,0.47571,0.00555,0.22572,0.00339,0.00198
0.36308,0.05596,0.00654,0.01674,0.02062,0.00499,0.52485,0.00722
0.74821,0.00571,0.03937,0.03431,0.09102,0.02861,0.00915,0.04362
0.39456,0.00529,0.21277,0.01487,0.08689,0.00334,0.06249,0.21979
0.08265,0.00378,0.02058,0.05738,0.79540,0.02231,0.00483,0.01305
0.61085,0.05697,0.00507,0.01637,0.07636,0.10410,0.02682,0.10345
0.76557,0.00699,0.01351,0.00776,0.00893,0.08880,0.01076,0.09767
0.57732,0.00313,0.07394,0.00167,0.23525,0.06394,0.03046,0.01429
0.18588,0.01229,0.02346,0.50675,0.01186,0.11133,0.03363,0.11479
0.06386,0.00520,0.01162,0.00822,0.59513,0.05728,0.20551,0.05317
0.13860,0.02509,0.29977,0.05861,0.04091,0.02319,0.10178,0.31204
0.14088,0.49632,0.02334,0.02849,0.02682,0.12927,0.02273,0.13216
0.65075,0.00553,0.00381,0.00780,0.00382,0.14694,0.02947,0.15186
0.05550,0.00369,0.00743,0.40453,0.46601,0.03117,0.00350,0.02818
0.10179,0.18698,0.02439,0.02311,0.02334,0.10423,0.44418,0.09198
0.78520,0.02238,0.06824,0.02979,0.01078,0.04324,0.00450,0.03588
0.79889,0.01423,0.07022,0.01194,0.01489,0.06937,0.01104,0.00942
0.11616,0.01172,0.01201,0.80399,0.00320,0.02059,0.00654,0.02579
0.66282,0.01620,0.06812,0.00582,0.13044,0.07537,0.01486,0.02638
0.04510,0.71599,0.03412,0.08731,0.01571,0.04757,0.00631,0.04788
0.91864,0.00320,0.00355,0.00232,0.03154,0.01686,0.00996,0.01394
0.27496,0.04252,0.01760,0.04475,0.58078,0.01612,0.00878,0.01449
0.17057,0.00247,0.11420,0.20596,0.38961,0.11064,0.00185,0.00471
0.61768,0.00322,0.07403,0.01756,0.02212,0.08098,0.17431,0.01010
0.64803,0.10026,0.11190,0.00483,0.00510,0.02318,0.00540,0.10128
0.07947,0.35130,0.07999,0.00597,0.37948,0.00718,0.00731,0.08929
0.03085,0.00286,0.01071,0.91584,0.00515,0.00834,0.01102,0.01524
0.06031,0.01571,0.05354,0.00691,0.39289,0.02098,0.37386,0.07581
0.86700,0.00463,0.02486,0.05526,0.01233,0.00879,0.00316,0.02396
0.05682,0.00398,0.08210,0.70644,0.00273,0.09626,0.01932,0.03235
0.12388,0.00693,0.40696,0.00881,0.00486,0.41428,0.01405,0.02022
0.19494,0.01566,0.27627,0.00864,0.13204,0.30968,0.01198,0.05078
0.38503,0.07309,0.03423,0.04216,0.00890,0.09783,0.28071,0.07806
0.17900,0.05902,0.27533,0.10989,0.07065,0.23181,0.02995,0.04435
0.18830,0.00935,0.05240,0.00441,0.01607,0.37266,0.01024,0.34657
0.21763,0.05559,0.30319,0.00603,0.00437,0.00579,0.09391,0.31349
0.96242,0.00106,0.00305,0.00170,0.00363,0.01480,0.00478,0.00857
0.23439,0.00563,0.15784,0.01773,0.00564,0.12207,0.19375,0.26296
0.06777,0.00805,0.25872,0.00507,0.37675,0.01532,0.00354,0.26478
0.11843,0.10786,0.27451,0.11883,0.01498,0.27514,0.05163,0.03862
0.15473,0.07074,0.02250,0.10995,0.03415,0.17195,0.27429,0.16168
0.44461,0.03278,0.06976,0.01470,0.02161,0.06166,0.33225,0.02264
0.57704,0.07468,0.10451,0.05701,0.02214,0.05339,0.02562,0.08561
0.72133,0.00936,0.03408,0.00472,0.06969,0.06230,0.05367,0.04485
0.81486,0.03779,0.01490,0.00557,0.00396,0.05100,0.01262,0.05929
0.21314,0.04995,0.13944,0.38201,0.02879,0.02255,0.01898,0.14514
0.04118,0.00590,0.13298,0.66653,0.01125,0.07638,0.00553,0.06025
0.31393,0.02807,0.09668,0.04081,0.07309,0.00615,0.34597,0.09529
0.13753,0.00760,0.36132,0.11500,0.00856,0.01548,0.00158,0.35294
0.07704,0.00677,0.13460,0.14134,0.01638,0.04060,0.42804,0.15523
0.17294,0.01792,0.09978,0.02318,0.00841,0.00826,0.54993,0.11958
0.14717,0.00847,0.06243,0.01581,0.57969,0.11349,0.00745,0.06548
0.15197,0.20745,0.02738,0.01130,0.03676,0.26401,0.02375,0.27739
0.37254,0.03897,0.00636,0.06940,0.21507,0.05692,0.18063,0.06011
0.71186,0.01827,0.01266,0.01291,0.21792,0.00416,0.00599,0.01623
0.06565,0.00811,0.01641,0.54393,0.00463,0.17387,0.00664,0.18076
0.12942,0.00632,0.01793,0.21931,0.00624,0.31122,0.01257,0.29699
0.27174,0.19919,0.00814,0.14874,0.25783,0.00482,0.09519,0.01436
0.09183,0.18541,0.08896,0.00758,0.51771,0.00704,0.00474,0.09675
0.50624,0.02880,0.21366,0.00499,0.00532,0.21325,0.00833,0.01941
0.58716,0.01489,0.17088,0.00559,0.02566,0.17607,0.00398,0.01577
0.68334,0.00456,0.04968,0.08105,0.00575,0.00276,0.11658,0.05629
0.11237,0.00521,0.01359,0.33730,0.00952,0.00765,0.50246,0.01189
0.45374,0.21601,0.05885,0.12962,0.05608,0.02674,0.02659,0.03237
0.86049,0.01636,0.03792,0.00852,0.04099,0.02033,0.00675,0.00864
0.46081,0.06911,0.02202,0.35197,0.03774,0.03168,0.00832,0.01837
0.05573,0.02822,0.01704,0.15380,0.00935,0.12173,0.48578,0.12835
0.87855,0.01392,0.03370,0.00232,0.03383,0.03211,0.00252,0.00306
0.73128,0.00760,0.00869,0.00496,0.04779,0.09490,0.03280,0.07198
0.13484,0.05395,0.01412,0.23513,0.02464,0.02077,0.50458,0.01197
0.92578,0.00453,0.00853,0.00188,0.04364,0.00907,0.00367,0.00291
0.68976,0.02590,0.00672,0.03872,0.01597,0.04090,0.14712,0.03490
0.98622,0.00300,0.00149,0.00153,0.00206,0.00142,0.00233,0.00194
0.23635,0.12201,0.01396,0.03530,0.03954,0.12618,0.31032,0.11633
0.14816,0.19019,0.02351,0.00616,0.26837,0.16784,0.00576,0.19000
0.08707,0.17869,0.05201,0.00432,0.00511,0.17197,0.36463,0.13621
0.50318,0.06596,0.01368,0.00344,0.00591,0.19307,0.01072,0.20405
0.07810,0.17033,0.01484,0.68317,0.00299,0.02534,0.00781,0.01741
0.19185,0.11585,0.01865,0.05705,0.25204,0.15761,0.02995,0.17700
0.57593,0.17469,0.06843,0.02264,0.00862,0.00341,0.06617,0.08010
0.37805,0.01007,0.23591,0.06915,0.02086,0.01809,0.02956,0.23832
0.58086,0.01313,0.14728,0.01734,0.03166,0.00465,0.06070,0.14437
0.23955,0.00184,0.04334,0.00953,0.64861,0.03048,0.00484,0.02181
0.49012,0.20796,0.02111,0.00836,0.00555,0.11454,0.01491,0.13745
0.43616,0.01919,0.05973,0.03180,0.36250,0.05818,0.00446,0.02797
0.56109,0.04959,0.08398,0.00458,0.16185,0.10124,0.01569,0.02198
0.78698,0.00534,0.03867,0.04482,0.00400,0.02022,0.05527,0.04470
0.30915,0.00914,0.26713,0.09730,0.01126,0.19771,0.00725,0.10106
0.11926,0.57979,0.08737,0.00644,0.11052,0.00386,0.00497,0.08779
0.14113,0.00358,0.03120,0.21879,0.01109,0.02880,0.56049,0.00493
0.67075,0.00614,0.12229,0.00536,0.03300,0.12312,0.02700,0.01235
0.08554,0.85259,0.00479,0.03098,0.00409,0.00769,0.00532,0.00899
0.19921,0.00484,0.15891,0.01314,0.07605,0.27469,0.00264,0.27054
0.37977,0.21927,0.02480,0.31113,0.01663,0.02395,0.01078,0.01366
0.10196,0.45100,0.01799,0.24552,0.00564,0.01133,0.16216,0.00442
0.63694,0.16884,0.01895,0.01088,0.12306,0.01933,0.01107,0.01093
0.76400,0.01397,0.01181,0.18474,0.00956,0.00876,0.00438,0.00277
0.39787,0.44316,0.01589,0.00513,0.01680,0.04776,0.04183,0.03157
0.61873,0.00948,0.08600,0.10326,0.04821,0.01264,0.03018,0.09151
0.10737,0.01656,0.11264,0.01294,0.00963,0.38681,0.04718,0.30686
0.79666,0.00278,0.05349,0.00260,0.02443,0.07615,0.00423,0.03965
0.13683,0.00447,0.03881,0.00970,0.05547,0.00701,0.70364,0.04407
0.72985,0.00488,0.07796,0.00486,0.04811,0.09148,0.00933,0.03355
0.05502,0.17411,0.00836,0.74427,0.00390,0.00482,0.00408,0.00544
0.82116,0.00224,0.00838,0.07335,0.00568,0.04658,0.00568,0.03693
0.13937,0.05753,0.19436,0.03387,0.00626,0.24291,0.26430,0.06139
0.09744,0.06591,0.09356,0.44307,0.17052,0.02015,0.01491,0.09445
0.08458,0.50883,0.05389,0.00356,0.01296,0.13855,0.00291,0.19471
0.76388,0.10254,0.00514,0.01234,0.00325,0.00575,0.09917,0.00792
0.47557,0.01042,0.21078,0.00624,0.01268,0.23146,0.02437,0.02848
0.08178,0.00353,0.01755,0.81932,0.03884,0.02119,0.01007,0.00773
0.56322,0.00470,0.16447,0.02991,0.00655,0.08986,0.00431,0.13698
0.83385,0.00386,0.02997,0.05424,0.02978,0.01166,0.00665,0.03000
0.08775,0.25873,0.00736,0.04996,0.01080,0.28655,0.00344,0.29541
0.37603,0.00383,0.06102,0.39662,0.01895,0.00772,0.06689,0.06894
0.16415,0.00602,0.33346,0.05315,0.05528,0.30285,0.01743,0.06767
0.18514,0.01073,0.00567,0.40502,0.08164,0.00560,0.30165,0.00456
0.04763,0.27124,0.31690,0.01698,0.00224,0.32821,0.00403,0.01276
0.16914,0.52453,0.00538,0.00450,0.13475,0.07740,0.00469,0.07962
0.94015,0.03618,0.00174,0.00477,0.00619,0.00407,0.00184,0.00506
0.66146,0.00659,0.11274,0.02833,0.01766,0.05921,0.00629,0.10773
0.59828,0.02492,0.16570,0.00358,0.02429,0.15866,0.00760,0.01696
0.62349,0.00473,0.05069,0.00987,0.23608,0.04278,0.01375,0.01862
0.12860,0.00327,0.01370,0.00399,0.01349,0.02057,0.75961,0.05677
0.08620,0.37581,0.02094,0.01533,0.39641,0.02798,0.03384,0.04350
0.51149,0.00375,0.02326,0.01237,0.01014,0.18675,0.06857,0.18366
0.12003,0.58210,0.04626,0.01891,0.01197,0.05603,0.14925,0.01546
0.09226,0.16990,0.20755,0.00675,0.30102,0.00724,0.01086,0.20443
0.10995,0.76208,0.04491,0.01495,0.01254,0.02615,0.00378,0.02564
0.03907,0.00221,0.34468,0.00657,0.25276,0.34230,0.00494,0.00748
0.24260,0.24691,0.16841,0.00431,0.00324,0.02915,0.14066,0.16473
0.55231,0.01052,0.10912,0.02578,0.01186,0.07247,0.05005,0.16789
0.25797,0.00313,0.03052,0.19312,0.08363,0.22216,0.00361,0.20587
0.93167,0.02231,0.00603,0.01092,0.02036,0.00179,0.00383,0.00309
0.26048,0.03814,0.00878,0.00644,0.00668,0.34178,0.00484,0.33287
0.35142,0.01385,0.00851,0.29466,0.09344,0.01180,0.21245,0.01387
0.15916,0.00659,0.00648,0.01339,0.73856,0.00278,0.06715,0.00588
0.67374,0.01269,0.05798,0.02727,0.12941,0.00805,0.03500,0.05587
0.70481,0.03605,0.02939,0.00905,0.15051,0.02400,0.03703,0.00915
0.43315,0.00504,0.02330,0.49977,0.00400,0.02411,0.00405,0.00658
0.06272,0.01439,0.00820,0.80835,0.07383,0.00792,0.01540,0.00919
0.10867,0.40421,0.20306,0.05324,0.00554,0.20497,0.00672,0.01359
0.11145,0.00901,0.00945,0.11155,0.02285,0.35383,0.00416,0.37769
0.31696,0.00590,0.08851,0.27239,0.05252,0.16259,0.00577,0.09536
0.04007,0.00503,0.45065,0.01299,0.00571,0.31140,0.00416,0.17000
0.38903,0.14188,0.00903,0.00576,0.44074,0.00315,0.00436,0.00605
0.76836,0.00555,0.02122,0.04099,0.01825,0.01121,0.12076,0.01367
0.13289,0.32096,0.11061,0.02104,0.01637,0.21808,0.06462,0.11542
0.11861,0.00462,0.01968,0.02011,0.04115,0.37447,0.00317,0.41821
0.05865,0.05772,0.24573,0.02641,0.32509,0.24427,0.03544,0.00671
0.06893,0.00383,0.02514,0.81584,0.06173,0.01575,0.00394,0.00484
0.08252,0.00158,0.18405,0.00247,0.00403,0.00458,0.54411,0.17665
0.06670,0.01127,0.10268,0.00712,0.00560,0.34966,0.00533,0.45164
0.88123,0.00325,0.02054,0.00880,0.04159,0.00832,0.02872,0.00754
0.48303,0.03508,0.01865,0.05293,0.31603,0.02946,0.02427,0.04055
0.82961,0.01101,0.04240,0.00663,0.04412,0.04543,0.00975,0.01105
0.14689,0.01288,0.09399,0.64571,0.00326,0.00531,0.00222,0.08974
0.51432,0.00334,0.00833,0.01277,0.41980,0.02195,0.00293,0.01656
0.08717,0.31672,0.01053,0.02431,0.08979,0.13785,0.18365,0.14998
0.42889,0.03216,0.02826,0.00532,0.43298,0.02921,0.03224,0.01094
0.93743,0.00311,0.01580,0.00309,0.00999,0.02196,0.00186,0.00676
0.33515,0.45858,0.02381,0.01561,0.01295,0.07626,0.02570,0.05193
0.88080,0.02804,0.02288,0.00726,0.02778,0.02253,0.00346,0.00725
0.56240,0.01306,0.01346,0.05761,0.01193,0.03815,0.26964,0.03376
0.65171,0.00283,0.03258,0.00691,0.23320,0.03890,0.00990,0.02398
0.96405,0.00234,0.01355,0.00358,0.00314,0.00887,0.00174,0.00273
0.09180,0.02497,0.30332,0.19020,0.04040,0.30743,0.00780,0.03408
0.20004,0.02034,0.05710,0.09407,0.00837,0.11712,0.33118,0.17179
0.07850,0.48405,0.21517,0.00745,0.00630,0.02444,0.00593,0.17816
0.80685,0.03434,0.02609,0.00905,0.07513,0.02124,0.01354,0.01377
0.26584,0.02250,0.27950,0.01793,0.12848,0.27555,0.00522,0.00499
0.21215,0.01323,0.25350,0.08669,0.01088,0.32524,0.00907,0.08924
0.63148,0.00550,0.03454,0.01709,0.21766,0.05827,0.01014,0.02532
0.64992,0.00625,0.08724,0.10927,0.00271,0.11047,0.00755,0.02658
0.15710,0.00793,0.08050,0.62300,0.00369,0.09898,0.01087,0.01793
0.07893,0.00854,0.44499,0.00315,0.00614,0.44747,0.00447,0.00631
0.78049,0.00442,0.04763,0.00937,0.00728,0.08099,0.00790,0.06192
0.72476,0.01243,0.03372,0.01005,0.09438,0.07183,0.00738,0.04545
0.46286,0.02134,0.02285,0.02914,0.02628,0.12478,0.18817,0.12457
0.51394,0.00344,0.07018,0.00272,0.33959,0.06186,0.00253,0.00574
0.06575,0.46565,0.09567,0.01695,0.00319,0.01879,0.25124,0.08275
0.59453,0.00173,0.02221,0.00598,0.29826,0.02220,0.04005,0.01504
0.09103,0.00620,0.16403,0.55668,0.00645,0.16482,0.00655,0.00425
0.08243,0.00371,0.00612,0.04153,0.00952,0.42714,0.00130,0.42825
0.09922,0.01485,0.07033,0.00838,0.23218,0.21647,0.09809,0.26049
0.06867,0.02399,0.41983,0.00779,0.01249,0.06528,0.01191,0.39003
0.19947,0.01540,0.34511,0.02434,0.00504,0.18098,0.02720,0.20246
0.27758,0.01983,0.14873,0.12956,0.00321,0.13802,0.00652,0.27654
0.34233,0.02403,0.18184,0.00501,0.21573,0.17647,0.02618,0.02841
0.08495,0.00825,0.09559,0.32179,0.01386,0.18613,0.02334,0.26609
0.44821,0.03401,0.23477,0.01708,0.00437,0.01268,0.01725,0.23164
0.11769,0.05815,0.25217,0.01876,0.29889,0.02274,0.01045,0.22114
0.98024,0.00129,0.00214,0.00202,0.00176,0.00703,0.00084,0.00469
0.04769,0.30468,0.02541,0.12332,0.46853,0.02299,0.00297,0.00440
0.95898,0.00892,0.00319,0.00481,0.00333,0.00443,0.00840,0.00794
0.14235,0.04213,0.01067,0.06728,0.56875,0.05525,0.05161,0.06196
0.83703,0.01381,0.03556,0.00552,0.04011,0.03916,0.01466,0.01416
0.34320,0.01047,0.00806,0.47188,0.14686,0.00823,0.00388,0.00741
0.09646,0.00576,0.42218,0.00726,0.01499,0.12128,0.00379,0.32828
0.37023,0.02439,0.04726,0.40767,0.01830,0.06382,0.00787,0.06045
0.16659,0.37739,0.01256,0.01495,0.04221,0.18021,0.01204,0.19404
0.27323,0.06316,0.00906,0.21627,0.10338,0.15884,0.01839,0.15768
0.08562,0.40357,0.02071,0.10772,0.00291,0.13299,0.11873,0.12774
0.10346,0.42831,0.15945,0.00736,0.12156,0.05892,0.00631,0.11463
0.60259,0.00223,0.08614,0.00633,0.12257,0.11954,0.01128,0.04933
0.08852,0.06312,0.08682,0.10785,0.00281,0.00809,0.56287,0.07992
0.29943,0.00397,0.21587,0.16085,0.01116,0.15256,0.06893,0.08722
0.07256,0.01100,0.01155,0.02152,0.82142,0.01807,0.02080,0.02309
0.25353,0.01941,0.00727,0.09092,0.07576,0.00728,0.53777,0.00806
0.68801,0.09908,0.01663,0.09857,0.04392,0.02347,0.01467,0.01564
0.92511,0.01442,0.00773,0.00911,0.01641,0.01170,0.00171,0.01381
0.18001,0.18950,0.01940,0.16798,0.23861,0.01571,0.17448,0.01431
0.62590,0.00454,0.00222,0.00420,0.00227,0.17519,0.00332,0.18236
0.76317,0.04791,0.06099,0.00573,0.01498,0.06457,0.03052,0.01213
0.06376,0.08086,0.00765,0.37851,0.00352,0.22876,0.00495,0.23200
0.90843,0.00365,0.00537,0.00705,0.00518,0.02624,0.02035,0.02373
0.43282,0.36244,0.03904,0.00255,0.04671,0.03665,0.00403,0.07577
0.07860,0.02542,0.42580,0.01082,0.00341,0.43434,0.00589,0.01572
0.12699,0.59860,0.00925,0.01067,0.22360,0.00854,0.00907,0.01328
0.07016,0.00747,0.19945,0.00500,0.00354,0.24934,0.00344,0.46160
0.11497,0.26263,0.26463,0.00543,0.02596,0.27207,0.01118,0.04313
0.14498,0.00412,0.04764,0.37367,0.00481,0.04839,0.37031,0.00609
0.93648,0.00204,0.01052,0.02725,0.00104,0.00102,0.00190,0.01976
