0.00566,0.02818,0.00011,0.00956,0.00116,0.19451,0.04563,0.00509,0.00924,0.10451,0.00009,0.00286,0.00149,0.03069,0.38046,0.00188,0.01092,0.00996,0.04571,0.11229
0.00420,0.00682,0.02000,0.10683,0.00967,0.00322,0.40008,0.00000,0.01327,0.14439,0.00371,0.08301,0.00217,0.02162,0.08145,0.00638,0.02037,0.01749,0.00190,0.05340
0.10051,0.00006,0.00006,0.03304,0.00003,0.08853,0.30449,0.00183,0.00409,0.03133,0.00000,0.04145,0.00067,0.00093,0.25482,0.03022,0.00483,0.01883,0.00000,0.08426
0.00001,0.00304,0.00062,0.02705,0.00085,0.00995,0.19368,0.00000,0.01036,0.17624,0.00008,0.05178,0.00073,0.01837,0.17070,0.00529,0.11482,0.17191,0.00001,0.04453
0.00014,0.08869,0.00093,0.03588,0.01416,0.04859,0.11205,0.02896,0.00385,0.05126,0.00000,0.05067,0.00506,0.00008,0.09097,0.00378,0.36428,0.05201,0.00008,0.04857
0.00001,0.02116,0.00001,0.00868,0.00238,0.21117,0.12684,0.01222,0.02526,0.04922,0.00005,0.05293,0.08326,0.00445,0.22568,0.00000,0.07905,0.00682,0.00313,0.08765
0.00000,0.00070,0.00000,0.04194,0.00000,0.00257,0.21489,0.00000,0.06200,0.28382,0.00000,0.02370,0.05203,0.01640,0.12683,0.00009,0.01256,0.03383,0.00792,0.12070
0.00000,0.00757,0.00000,0.04985,0.00000,0.06900,0.13094,0.00000,0.12624,0.14470,0.00419,0.00455,0.03869,0.00444,0.23161,0.01125,0.05395,0.02788,0.00000,0.09515
0.00135,0.07637,0.00000,0.22081,0.00000,0.00029,0.11756,0.00000,0.00972,0.24641,0.00278,0.08862,0.00000,0.01577,0.16849,0.00006,0.00465,0.01106,0.00000,0.03606
0.04418,0.00001,0.00000,0.01881,0.00803,0.00426,0.09671,0.00347,0.02435,0.09594,0.00000,0.04988,0.00003,0.00000,0.19320,0.09214,0.04915,0.15297,0.03218,0.13468
0.00035,0.00006,0.00147,0.04037,0.00000,0.04594,0.25738,0.00000,0.00046,0.23550,0.00078,0.00859,0.00309,0.00751,0.07964,0.01809,0.09980,0.10331,0.04950,0.04815
0.00000,0.03042,0.02886,0.04413,0.00000,0.01943,0.01532,0.01189,0.01790,0.08854,0.00000,0.24154,0.01362,0.09985,0.15168,0.11023,0.00995,0.09212,0.00045,0.02405
0.00009,0.01528,0.00040,0.02395,0.00243,0.13968,0.20379,0.06417,0.00410,0.03200,0.00000,0.05300,0.00767,0.00194,0.22402,0.00504,0.08897,0.00456,0.00524,0.12368
0.00000,0.00001,0.00031,0.00938,0.00004,0.06838,0.23783,0.00904,0.03478,0.20465,0.00000,0.01094,0.00355,0.00000,0.28962,0.01040,0.03347,0.04392,0.02444,0.01924
0.00000,0.00192,0.00000,0.11949,0.00033,0.15969,0.06385,0.00009,0.00215,0.17457,0.00001,0.07974,0.00118,0.00842,0.19858,0.00001,0.02303,0.13096,0.02521,0.01078
0.00000,0.00000,0.00075,0.02947,0.00333,0.02084,0.30565,0.01073,0.07265,0.01568,0.00000,0.00792,0.00099,0.00071,0.25531,0.01999,0.08627,0.09056,0.00087,0.07828
0.00035,0.01849,0.00002,0.11399,0.00000,0.02544,0.12420,0.00000,0.00637,0.11580,0.00000,0.02335,0.00150,0.00015,0.24049,0.15118,0.04180,0.06206,0.00000,0.07482
0.00012,0.00644,0.00000,0.03211,0.00000,0.10769,0.12964,0.00009,0.07212,0.28152,0.02835,0.00033,0.01562,0.00103,0.14940,0.00116,0.04670,0.11800,0.00066,0.00902
0.00000,0.00547,0.00538,0.17035,0.00294,0.00132,0.20254,0.00002,0.08440,0.28032,0.00000,0.00026,0.00000,0.00001,0.14959,0.00747,0.00896,0.05399,0.00084,0.02616
0.00259,0.00018,0.00000,0.06549,0.01418,0.09370,0.17981,0.00001,0.00141,0.07833,0.00393,0.12295,0.03603,0.00443,0.05048,0.00657,0.11324,0.08349,0.00000,0.14317
0.00005,0.09647,0.00000,0.01851,0.04668,0.07611,0.08460,0.00004,0.03806,0.11658,0.00000,0.00180,0.00008,0.00209,0.16022,0.00008,0.07130,0.19447,0.01163,0.08123
0.00000,0.00010,0.00002,0.08080,0.03252,0.01118,0.08866,0.00268,0.02422,0.16040,0.00014,0.00233,0.02743,0.00000,0.12929,0.00204,0.07622,0.30686,0.00000,0.05514
0.00000,0.00522,0.00060,0.00848,0.00219,0.22563,0.03048,0.00001,0.06840,0.13289,0.00656,0.11727,0.00138,0.00266,0.24690,0.00464,0.08918,0.00220,0.02471,0.03060
0.00000,0.00140,0.06359,0.00666,0.04061,0.02300,0.03354,0.00000,0.01477,0.09837,0.00000,0.01249,0.00110,0.00004,0.03595,0.07297,0.01445,0.18120,0.00000,0.39986
0.02010,0.00000,0.00000,0.12357,0.07451,0.10867,0.05160,0.00001,0.00178,0.22322,0.00396,0.00308,0.05248,0.03948,0.12662,0.00026,0.01940,0.11463,0.00000,0.03662
0.00000,0.00084,0.00020,0.00665,0.00097,0.04502,0.12175,0.00000,0.06546,0.11144,0.00187,0.14251,0.03143,0.00526,0.16958,0.00003,0.23502,0.03206,0.00280,0.02710
0.00000,0.00000,0.00820,0.03066,0.00048,0.15239,0.06324,0.00015,0.04852,0.06755,0.00000,0.00101,0.00279,0.00005,0.42325,0.00005,0.12322,0.03546,0.00000,0.04298
0.00309,0.00041,0.00146,0.01099,0.12667,0.02466,0.07503,0.00137,0.00663,0.30478,0.00000,0.00372,0.00226,0.00022,0.29156,0.00122,0.04026,0.01224,0.00000,0.09344
0.00135,0.00001,0.01318,0.03131,0.01859,0.03499,0.12545,0.00260,0.04666,0.06491,0.01431,0.02113,0.00069,0.04354,0.25313,0.00007,0.03849,0.12097,0.00367,0.16497
0.00148,0.00138,0.00000,0.04203,0.00011,0.06502,0.20337,0.00017,0.00473,0.32878,0.00000,0.00043,0.06345,0.00021,0.13677,0.01480,0.04963,0.03027,0.00097,0.05641
0.00181,0.17122,0.00000,0.01796,0.00005,0.18536,0.24957,0.00000,0.01668,0.01600,0.00001,0.00564,0.00009,0.02714,0.14953,0.00392,0.00934,0.06846,0.01741,0.05980
0.00000,0.02446,0.00001,0.03952,0.06594,0.05228,0.05330,0.01425,0.06478,0.14034,0.00000,0.04652,0.00021,0.00000,0.09893,0.00092,0.04545,0.21532,0.00000,0.13777
0.00000,0.00501,0.00000,0.02526,0.00397,0.03674,0.15439,0.00000,0.00147,0.12229,0.00000,0.08565,0.00029,0.02458,0.34103,0.00000,0.05769,0.01332,0.00001,0.12830
0.00304,0.03352,0.00000,0.05477,0.00091,0.00589,0.10494,0.00000,0.03924,0.24251,0.00061,0.01074,0.00012,0.00023,0.13724,0.04432,0.07642,0.08945,0.01333,0.14272
0.00003,0.00068,0.00000,0.01745,0.00164,0.11573,0.15164,0.00000,0.00385,0.20018,0.00000,0.01137,0.00268,0.00310,0.13187,0.00990,0.06742,0.16855,0.01072,0.10321
0.00013,0.00249,0.00652,0.04401,0.00000,0.03512,0.30823,0.00000,0.00043,0.03369,0.02893,0.00178,0.04573,0.01618,0.16223,0.00593,0.01678,0.26272,0.02836,0.00074
0.02838,0.00039,0.00001,0.05111,0.00435,0.02903,0.06132,0.00100,0.00196,0.19898,0.00000,0.00119,0.00181,0.00007,0.37865,0.00069,0.07345,0.00634,0.04905,0.11221
0.00015,0.41829,0.00019,0.01853,0.00000,0.00098,0.09877,0.00000,0.03230,0.02490,0.01316,0.01447,0.00278,0.01890,0.18366,0.00410,0.08391,0.01820,0.00000,0.06669
0.00000,0.01231,0.00000,0.25395,0.00000,0.00599,0.14895,0.00609,0.04884,0.15476,0.00099,0.00284,0.03047,0.00003,0.14580,0.00228,0.10567,0.07496,0.00010,0.00598
0.00000,0.06971,0.00000,0.02040,0.00001,0.04519,0.04913,0.01173,0.08100,0.20141,0.00000,0.10411,0.00002,0.00001,0.28794,0.04366,0.03301,0.02518,0.00003,0.02747
0.00000,0.01090,0.00000,0.12193,0.00480,0.03502,0.02327,0.00001,0.06019,0.22057,0.00000,0.02875,0.00013,0.00023,0.10764,0.07888,0.06261,0.08369,0.00019,0.16119
0.00000,0.05190,0.01115,0.08046,0.04458,0.08669,0.09725,0.00014,0.03576,0.13546,0.00000,0.00676,0.04203,0.00173,0.23892,0.00279,0.03186,0.05587,0.00006,0.07659
0.00000,0.00002,0.00000,0.19620,0.00003,0.02117,0.21470,0.01468,0.00633,0.26148,0.00000,0.00618,0.01965,0.00554,0.08730,0.00036,0.11782,0.02565,0.00004,0.02284
0.00002,0.00797,0.00212,0.08248,0.03929,0.01138,0.27754,0.00000,0.08938,0.08419,0.00462,0.01247,0.05125,0.00000,0.24206,0.00921,0.02202,0.01910,0.00000,0.04489
0.00653,0.00002,0.00000,0.01796,0.05633,0.04136,0.38450,0.00875,0.00574,0.04158,0.00000,0.01614,0.00189,0.00288,0.16933,0.00063,0.08732,0.02057,0.00958,0.12890
0.00001,0.01307,0.00065,0.06865,0.00012,0.04435,0.05006,0.04066,0.06166,0.18336,0.00000,0.05775,0.02523,0.00000,0.10226,0.15418,0.05306,0.01991,0.00002,0.12502
0.00000,0.00000,0.00000,0.17520,0.00006,0.08353,0.03225,0.00001,0.00948,0.10096,0.00000,0.15095,0.00000,0.00000,0.25079,0.00231,0.01548,0.08103,0.00476,0.09319
0.00364,0.06003,0.00000,0.17180,0.00043,0.05317,0.20367,0.00026,0.08218,0.17030,0.00014,0.01124,0.00264,0.00617,0.09606,0.00451,0.09810,0.00268,0.00021,0.03276
0.00000,0.00328,0.00001,0.07510,0.00114,0.06324,0.13511,0.00193,0.08883,0.05112,0.05993,0.06609,0.00515,0.00499,0.30287,0.00036,0.02778,0.06624,0.03607,0.01078
0.00175,0.00456,0.11203,0.06226,0.01956,0.02757,0.27151,0.00000,0.06016,0.12818,0.00033,0.00019,0.00010,0.00347,0.15812,0.01109,0.01256,0.09734,0.00109,0.02812
0.00000,0.00004,0.00008,0.00145,0.00694,0.05666,0.21465,0.00000,0.07521,0.08692,0.00000,0.05310,0.00089,0.02014,0.19853,0.03781,0.03902,0.06273,0.00010,0.14572
0.00004,0.00553,0.00079,0.00776,0.00135,0.01511,0.07794,0.00000,0.00368,0.14032,0.00008,0.02816,0.07946,0.00002,0.35310,0.00259,0.13023,0.01298,0.00003,0.14082
0.00342,0.00016,0.00507,0.12205,0.06542,0.02421,0.24108,0.00290,0.13585,0.13456,0.00090,0.04358,0.01919,0.00013,0.10884,0.00218,0.00531,0.05066,0.00000,0.03449
0.00006,0.00001,0.01660,0.21079,0.00291,0.02776,0.05180,0.00000,0.04925,0.11016,0.00000,0.17083,0.00003,0.00000,0.11739,0.00004,0.11837,0.04106,0.00016,0.08276
0.00000,0.02363,0.00295,0.03465,0.00381,0.10331,0.17163,0.00000,0.00183,0.25025,0.00000,0.05465,0.00000,0.01565,0.06501,0.02415,0.15733,0.00227,0.00007,0.08880
0.02291,0.00160,0.00125,0.02930,0.00779,0.01011,0.14476,0.01297,0.11612,0.24652,0.00978,0.13311,0.01574,0.00013,0.10715,0.00005,0.01533,0.04210,0.00004,0.08322
0.00946,0.00002,0.00005,0.00059,0.00264,0.10737,0.16041,0.36848,0.03787,0.09726,0.00115,0.00799,0.00082,0.00144,0.16371,0.00032,0.02553,0.00353,0.00000,0.01137
0.00346,0.05831,0.00005,0.17704,0.07616,0.03921,0.12481,0.00000,0.01077,0.26352,0.00007,0.01335,0.00007,0.00003,0.05857,0.03160,0.00828,0.06966,0.00000,0.06504
0.00076,0.02154,0.00071,0.04713,0.00071,0.11187,0.18200,0.00008,0.09970,0.09037,0.00000,0.10866,0.00388,0.00939,0.06696,0.01263,0.14778,0.01940,0.00635,0.07007
0.00000,0.01199,0.02463,0.00217,0.00020,0.01511,0.22315,0.00038,0.03251,0.15082,0.00000,0.01333,0.00001,0.00009,0.39629,0.00008,0.00503,0.02933,0.00120,0.09369
0.00011,0.03597,0.00000,0.03415,0.00258,0.10739,0.21154,0.01169,0.06593,0.12996,0.00100,0.02253,0.00034,0.00008,0.09101,0.00663,0.21464,0.00626,0.00001,0.05819
0.00000,0.00826,0.00000,0.02605,0.00142,0.17209,0.06236,0.00000,0.02457,0.06915,0.00000,0.04207,0.00757,0.00001,0.30178,0.00388,0.08034,0.00297,0.01020,0.18728
0.00000,0.00066,0.01419,0.00820,0.00000,0.00070,0.08684,0.00000,0.00617,0.25572,0.00001,0.03242,0.02832,0.00395,0.21677,0.09622,0.07438,0.12426,0.00908,0.04211
0.00000,0.00382,0.00092,0.00928,0.01478,0.12164,0.14550,0.06428,0.06907,0.27347,0.00000,0.02987,0.00994,0.00007,0.05556,0.02277,0.04639,0.04813,0.00042,0.08408
0.00000,0.00024,0.00001,0.02144,0.00000,0.06677,0.18400,0.00052,0.01304,0.09891,0.06048,0.04325,0.01128,0.00001,0.12645,0.02652,0.01829,0.19792,0.01559,0.11528
0.00000,0.00899,0.00000,0.02596,0.00404,0.14856,0.15259,0.01070,0.00359,0.17109,0.00001,0.07110,0.02463,0.00000,0.09653,0.00000,0.03728,0.00571,0.15820,0.08102
0.00181,0.00002,0.00000,0.11077,0.00004,0.01442,0.19320,0.00056,0.00808,0.17127,0.00153,0.04681,0.00342,0.00111,0.11879,0.00971,0.02168,0.19218,0.03130,0.07329
0.00000,0.00017,0.00020,0.00715,0.00119,0.04061,0.18366,0.00001,0.03109,0.17693,0.04687,0.03662,0.00014,0.00085,0.25286,0.00350,0.09050,0.03993,0.00018,0.08755
0.00000,0.00496,0.00000,0.01075,0.03471,0.00101,0.25932,0.00001,0.00282,0.23487,0.00001,0.03278,0.00001,0.00000,0.10293,0.00454,0.16590,0.10751,0.00000,0.03787
0.00000,0.00025,0.00012,0.08792,0.00000,0.08608,0.08541,0.01706,0.00001,0.27059,0.03906,0.00328,0.00024,0.04542,0.09696,0.05208,0.15087,0.04201,0.00006,0.02257
0.00000,0.00692,0.01568,0.04389,0.00000,0.00578,0.12589,0.00000,0.00011,0.20350,0.00332,0.00291,0.00149,0.00023,0.29519,0.00018,0.14664,0.07754,0.03637,0.03437
0.06076,0.00094,0.08553,0.00433,0.02476,0.00087,0.08949,0.01711,0.01122,0.05944,0.00011,0.00516,0.03548,0.12240,0.26308,0.05516,0.05607,0.07868,0.00000,0.02940
0.00000,0.00199,0.01216,0.00833,0.00610,0.00785,0.24064,0.00000,0.01566,0.05066,0.00000,0.07183,0.00023,0.01516,0.13758,0.00291,0.16550,0.01010,0.00114,0.25215
0.00011,0.00059,0.00860,0.02360,0.00000,0.14813,0.10147,0.05494,0.01225,0.09522,0.00001,0.00155,0.00629,0.00143,0.26814,0.00173,0.13553,0.04202,0.00001,0.09839
0.06534,0.00231,0.00000,0.05783,0.00000,0.10076,0.03631,0.00331,0.00205,0.21449,0.00000,0.03125,0.01116,0.00012,0.28648,0.00301,0.06040,0.08440,0.00327,0.03751
0.00008,0.02446,0.00000,0.11197,0.00130,0.00915,0.12148,0.00241,0.03512,0.23609,0.07861,0.07806,0.02214,0.00018,0.12472,0.00141,0.02504,0.01235,0.04724,0.06818
0.00749,0.00040,0.00004,0.16371,0.00018,0.09402,0.19950,0.00000,0.00368,0.09608,0.00000,0.00211,0.01011,0.00005,0.14620,0.00047,0.02704,0.16340,0.00001,0.08552
0.00001,0.00036,0.00000,0.00522,0.00001,0.10497,0.04836,0.00059,0.01086,0.22769,0.00834,0.00110,0.10067,0.00000,0.13573,0.00013,0.22344,0.01917,0.00011,0.11325
0.00000,0.00121,0.00000,0.00139,0.00043,0.02026,0.11959,0.11863,0.02592,0.10070,0.00000,0.11361,0.01201,0.00002,0.17636,0.00934,0.13623,0.09193,0.00015,0.07221
0.00027,0.00131,0.00035,0.01391,0.00000,0.08523,0.30344,0.02205,0.00164,0.15879,0.00001,0.03347,0.00003,0.03591,0.17938,0.04896,0.06261,0.00866,0.00000,0.04397
0.00000,0.05141,0.00671,0.00523,0.01158,0.09215,0.23402,0.00001,0.02596,0.02624,0.00092,0.00014,0.00240,0.02167,0.23957,0.02116,0.21761,0.01058,0.01657,0.01605
0.00011,0.00291,0.00003,0.03732,0.00671,0.00919,0.30738,0.00051,0.00610,0.08014,0.00000,0.11383,0.00013,0.00000,0.13451,0.04864,0.18469,0.01319,0.00015,0.05447
0.00000,0.00002,0.00000,0.01696,0.00007,0.19873,0.18204,0.00000,0.00044,0.19177,0.01439,0.00114,0.00001,0.00000,0.16827,0.00025,0.14006,0.03881,0.00000,0.04705
0.10407,0.00024,0.00000,0.04253,0.00040,0.02323,0.03436,0.00001,0.01281,0.13734,0.00000,0.10600,0.06210,0.02048,0.17606,0.00040,0.03672,0.08253,0.11748,0.04325
0.00973,0.00007,0.00001,0.07249,0.00143,0.06676,0.09106,0.00000,0.07736,0.25435,0.00088,0.00129,0.00037,0.05323,0.23959,0.00020,0.09869,0.02866,0.00001,0.00380
0.03698,0.00209,0.00276,0.00586,0.00061,0.04073,0.25195,0.00181,0.00025,0.16727,0.00000,0.05897,0.00745,0.00619,0.21400,0.01572,0.09348,0.02815,0.00001,0.06573
0.00000,0.04547,0.07131,0.00089,0.00106,0.02579,0.27977,0.00019,0.02169,0.27050,0.00033,0.00103,0.02287,0.04246,0.11932,0.00385,0.02967,0.02274,0.00000,0.04106
0.00000,0.00875,0.00000,0.06052,0.00225,0.01298,0.06332,0.00130,0.06374,0.11079,0.07336,0.07640,0.00064,0.00331,0.40055,0.00001,0.02670,0.01488,0.02154,0.05897
0.00092,0.02583,0.00000,0.00936,0.00347,0.01518,0.11433,0.01193,0.01565,0.27466,0.00879,0.03222,0.00407,0.00051,0.06821,0.00301,0.22647,0.04575,0.00730,0.13234
0.00000,0.04014,0.00000,0.02818,0.03373,0.01677,0.14203,0.04202,0.00409,0.22754,0.00000,0.01048,0.00778,0.00175,0.16825,0.02419,0.11113,0.00734,0.00000,0.13460
0.01068,0.00000,0.01509,0.02676,0.02768,0.00390,0.15181,0.00494,0.00261,0.42134,0.00000,0.01481,0.00488,0.00437,0.20119,0.00082,0.02844,0.05335,0.01917,0.00816
0.00000,0.00000,0.00349,0.01770,0.00324,0.02525,0.18411,0.00000,0.05097,0.09114,0.00001,0.05228,0.01570,0.00001,0.17637,0.00887,0.08230,0.02332,0.00000,0.26524
0.01928,0.00113,0.00471,0.02598,0.00047,0.02264,0.10429,0.09739,0.00698,0.09216,0.00791,0.00043,0.00134,0.00298,0.24143,0.00582,0.15094,0.11070,0.00000,0.10342
0.00749,0.00109,0.00000,0.02659,0.00613,0.11675,0.05204,0.00060,0.01160,0.29854,0.01738,0.00098,0.02451,0.06138,0.20639,0.00513,0.00844,0.01367,0.00467,0.13660
0.00000,0.00176,0.05305,0.15192,0.00001,0.00199,0.20422,0.00001,0.02905,0.06913,0.00932,0.04313,0.00000,0.09943,0.17042,0.00033,0.05746,0.04965,0.00000,0.05911
0.00024,0.16825,0.00001,0.03463,0.00000,0.11620,0.18745,0.00000,0.07032,0.15157,0.00000,0.00437,0.00006,0.00178,0.21598,0.00229,0.00421,0.01998,0.01349,0.00916
0.00000,0.01384,0.00375,0.00064,0.00005,0.01483,0.00531,0.03195,0.10911,0.18392,0.01291,0.02925,0.04865,0.00105,0.15306,0.00897,0.26103,0.04049,0.00000,0.08119
0.00000,0.00065,0.00000,0.04297,0.01321,0.18595,0.24214,0.00038,0.00375,0.17273,0.00000,0.02084,0.05075,0.00000,0.13322,0.02309,0.04355,0.02341,0.00158,0.04178
0.00000,0.00127,0.00224,0.04734,0.00052,0.03883,0.23736,0.00026,0.01376,0.06642,0.09909,0.12856,0.06059,0.00324,0.07579,0.01843,0.01021,0.16755,0.00087,0.02767
0.02634,0.00036,0.00001,0.07623,0.00000,0.00504,0.07521,0.00096,0.00254,0.11064,0.00000,0.02224,0.00365,0.00468,0.27343,0.08681,0.25065,0.00065,0.00000,0.06056
0.00438,0.01041,0.00000,0.01867,0.00023,0.08805,0.13464,0.00000,0.00406,0.25871,0.00001,0.02435,0.09708,0.00002,0.05672,0.06117,0.13426,0.03172,0.00112,0.07438
0.00842,0.01149,0.01172,0.02507,0.00000,0.00805,0.12372,0.00000,0.01036,0.11297,0.00000,0.04773,0.01825,0.00000,0.29678,0.00029,0.01564,0.03636,0.03085,0.24230
0.01556,0.02139,0.00819,0.00178,0.00003,0.04850,0.07839,0.00003,0.02846,0.20601,0.00006,0.00801,0.00000,0.00000,0.41670,0.02149,0.05535,0.04459,0.00002,0.04545
0.00035,0.04072,0.00002,0.05722,0.02217,0.00993,0.06522,0.00048,0.01234,0.15519,0.00000,0.00007,0.04395,0.00010,0.15826,0.00034,0.17644,0.06780,0.04482,0.14456
0.00104,0.08318,0.00132,0.00813,0.00000,0.00090,0.08136,0.04779,0.08000,0.05095,0.00000,0.05426,0.00908,0.00497,0.28832,0.02264,0.02466,0.06172,0.00002,0.17967
0.00000,0.00977,0.00000,0.07897,0.00263,0.00117,0.18467,0.00001,0.00064,0.08119,0.00001,0.04117,0.00143,0.00006,0.25209,0.03735,0.07143,0.17698,0.00178,0.05867
0.00319,0.00232,0.00000,0.06207,0.00145,0.13658,0.12606,0.00017,0.00648,0.05929,0.00000,0.00168,0.01143,0.04036,0.06593,0.00071,0.07797,0.09294,0.18042,0.13095
0.00000,0.00498,0.00305,0.06107,0.00018,0.00457,0.18197,0.02009,0.02939,0.21440,0.00000,0.00515,0.00109,0.08843,0.08928,0.06859,0.18062,0.00349,0.00000,0.04365
0.00000,0.00000,0.00224,0.04775,0.01453,0.09069,0.08792,0.00000,0.04960,0.14979,0.00016,0.03462,0.00000,0.00136,0.33279,0.00001,0.09537,0.06672,0.00058,0.02586
0.00000,0.00019,0.00515,0.04382,0.02763,0.09998,0.18738,0.07146,0.02338,0.07039,0.08992,0.06797,0.01002,0.00392,0.12374,0.01059,0.05228,0.04459,0.02811,0.03949
0.00000,0.01180,0.00000,0.03332,0.00672,0.26319,0.06473,0.00012,0.09164,0.09282,0.00066,0.00196,0.00487,0.00332,0.14008,0.00745,0.10545,0.02477,0.04660,0.10050
0.00025,0.00003,0.00902,0.10355,0.02905,0.00156,0.11966,0.00129,0.00001,0.16468,0.00386,0.00123,0.02674,0.00015,0.30125,0.05399,0.10860,0.06732,0.00085,0.00691
0.00000,0.01431,0.00001,0.11542,0.00000,0.03018,0.23416,0.00064,0.00750,0.07010,0.00003,0.03099,0.19338,0.00669,0.05740,0.00006,0.06833,0.04109,0.00001,0.12970
0.00009,0.01606,0.00000,0.01027,0.00000,0.00187,0.16556,0.06977,0.00044,0.19731,0.00957,0.05854,0.00374,0.01366,0.09054,0.00050,0.23530,0.09409,0.00149,0.03120
0.00000,0.00503,0.00032,0.00778,0.00167,0.05131,0.17415,0.03635,0.02804,0.21457,0.00000,0.00884,0.00055,0.00000,0.14601,0.04969,0.13843,0.00178,0.01630,0.11919
0.00000,0.00016,0.05781,0.00810,0.00022,0.07538,0.15819,0.04026,0.03066,0.28928,0.00000,0.00007,0.00817,0.00000,0.21303,0.01261,0.02917,0.00579,0.00035,0.07072
0.00000,0.00001,0.00000,0.00094,0.00000,0.01555,0.23431,0.00416,0.04723,0.14619,0.00000,0.00618,0.07207,0.05547,0.34820,0.00215,0.05061,0.00853,0.00000,0.00840
0.00022,0.00000,0.00000,0.01905,0.00001,0.06170,0.39216,0.00043,0.00129,0.10375,0.00042,0.01090,0.01914,0.00077,0.22193,0.03805,0.01891,0.01011,0.00001,0.10117
0.00000,0.00000,0.01200,0.04349,0.03755,0.07219,0.20944,0.00000,0.01676,0.22214,0.04334,0.00575,0.05161,0.00000,0.24800,0.00280,0.01512,0.00583,0.00265,0.01133
0.07528,0.00058,0.00001,0.08052,0.00000,0.05238,0.17552,0.00028,0.05440,0.12619,0.00001,0.00224,0.06571,0.00058,0.12588,0.04217,0.06262,0.02963,0.00001,0.10599
0.00001,0.00046,0.01518,0.00866,0.02840,0.03316,0.09674,0.00264,0.00391,0.08599,0.01626,0.01185,0.00286,0.00209,0.22572,0.00980,0.23917,0.00789,0.00015,0.20907
0.00302,0.00176,0.05375,0.08184,0.02839,0.02605,0.05042,0.00000,0.00106,0.07934,0.00003,0.06578,0.00114,0.00230,0.43081,0.00889,0.02663,0.13097,0.00001,0.00780
0.00000,0.00632,0.08782,0.03010,0.00000,0.04946,0.08236,0.00075,0.09445,0.05490,0.00000,0.00061,0.00085,0.00975,0.26351,0.01444,0.00281,0.07506,0.00000,0.22679
0.00001,0.02647,0.00821,0.07964,0.00000,0.08640,0.08626,0.04059,0.08483,0.12270,0.00083,0.03322,0.00001,0.00117,0.27069,0.00682,0.00902,0.12888,0.00005,0.01421
0.00063,0.00090,0.00000,0.02118,0.01203,0.02195,0.12296,0.00000,0.07665,0.28184,0.00043,0.08270,0.00666,0.00000,0.14678,0.00000,0.14290,0.03337,0.01277,0.03625
0.00002,0.00001,0.00495,0.01775,0.00240,0.03972,0.22492,0.00303,0.05684,0.09385,0.00000,0.03604,0.00517,0.03927,0.06102,0.16062,0.12155,0.11296,0.00000,0.01988
0.00000,0.00446,0.04736,0.01546,0.00002,0.01013,0.14305,0.02815,0.00086,0.13050,0.00583,0.02085,0.02165,0.00000,0.16691,0.00000,0.23322,0.15320,0.00011,0.01823
0.00000,0.00361,0.00001,0.02633,0.00975,0.02658,0.06642,0.00975,0.06940,0.06229,0.00000,0.03693,0.03562,0.00122,0.27522,0.00012,0.15553,0.08785,0.00056,0.13280
0.00000,0.00894,0.01312,0.03015,0.00098,0.08198,0.06127,0.00006,0.00386,0.25731,0.00000,0.20913,0.02825,0.00006,0.17377,0.01522,0.01006,0.01699,0.02350,0.06533
0.06445,0.03579,0.00810,0.02170,0.01471,0.04590,0.19985,0.00000,0.00650,0.35995,0.00357,0.03307,0.00117,0.00000,0.04830,0.01622,0.06354,0.01159,0.00020,0.06540
0.01302,0.08443,0.00005,0.15608,0.00000,0.04692,0.10625,0.00312,0.01026,0.11536,0.00479,0.05025,0.04061,0.00609,0.06849,0.00504,0.10682,0.08441,0.00038,0.09766
0.00000,0.00148,0.00001,0.06091,0.00000,0.08066,0.06007,0.00484,0.01781,0.07384,0.00156,0.05243,0.05452,0.00224,0.22536,0.03059,0.16538,0.07315,0.00114,0.09400
0.00370,0.08698,0.00077,0.06017,0.00005,0.05355,0.29505,0.00071,0.00073,0.02899,0.00149,0.02705,0.00098,0.02765,0.17624,0.00009,0.13485,0.02340,0.03748,0.04007
0.00239,0.01139,0.00013,0.02375,0.01739,0.06544,0.10473,0.03582,0.01767,0.12165,0.00363,0.01212,0.02966,0.04119,0.41654,0.00550,0.01726,0.01524,0.00183,0.05668
0.00063,0.00431,0.00000,0.00715,0.00002,0.25732,0.11753,0.00274,0.00011,0.02673,0.00149,0.01420,0.01879,0.13590,0.17685,0.00361,0.05404,0.11948,0.00726,0.05186
0.00000,0.00500,0.00803,0.02601,0.00003,0.07589,0.09681,0.00420,0.13156,0.08915,0.00010,0.06386,0.01379,0.04505,0.21988,0.00054,0.10097,0.02635,0.00000,0.09277
0.00004,0.00037,0.00347,0.03808,0.00924,0.18582,0.16759,0.00233,0.00236,0.07801,0.00041,0.00432,0.00556,0.00000,0.06484,0.03692,0.22244,0.10127,0.02884,0.04810
0.00000,0.00008,0.00000,0.10740,0.00000,0.13306,0.07577,0.00009,0.08372,0.03811,0.05397,0.00244,0.01569,0.01717,0.16036,0.00158,0.22443,0.04949,0.00006,0.03656
0.00000,0.00566,0.16071,0.02553,0.00218,0.05549,0.04112,0.02444,0.04969,0.13336,0.00067,0.00025,0.00250,0.00001,0.19115,0.00060,0.14202,0.06555,0.00004,0.09901
0.00056,0.01387,0.00257,0.03634,0.00129,0.00832,0.29726,0.00021,0.01869,0.11492,0.00000,0.01704,0.05112,0.01312,0.19909,0.00326,0.02519,0.12343,0.00362,0.07009
0.00004,0.00068,0.00002,0.02524,0.00119,0.03164,0.16291,0.10154,0.02061,0.27123,0.00000,0.00822,0.01555,0.00012,0.17815,0.02443,0.02249,0.05423,0.01155,0.07016
0.00001,0.06295,0.00987,0.04857,0.00000,0.00356,0.36250,0.00000,0.03742,0.01577,0.00000,0.10317,0.01304,0.03702,0.07189,0.00075,0.08593,0.00780,0.00438,0.13536
0.02363,0.00132,0.00000,0.09753,0.02169,0.00940,0.16617,0.00001,0.00758,0.16885,0.00000,0.07172,0.13074,0.00266,0.16807,0.00001,0.04308,0.05471,0.00003,0.03279
0.01724,0.00221,0.00487,0.06368,0.00000,0.00823,0.09743,0.00000,0.03284,0.05667,0.00000,0.11320,0.07697,0.01452,0.38729,0.01997,0.00140,0.05164,0.00000,0.05185
0.00278,0.00319,0.00000,0.16011,0.01810,0.02680,0.03969,0.00151,0.03246,0.20764,0.00000,0.03472,0.09951,0.00013,0.18867,0.02427,0.03624,0.00923,0.00289,0.11203
0.00000,0.00967,0.00000,0.00841,0.00009,0.02827,0.35581,0.02061,0.03400,0.28109,0.00195,0.00589,0.00493,0.00000,0.12894,0.03838,0.01594,0.05676,0.00000,0.00925
0.00000,0.02481,0.00000,0.02224,0.01225,0.00002,0.09135,0.02283,0.01219,0.13465,0.01365,0.13582,0.06907,0.05499,0.17457,0.01165,0.03882,0.10522,0.00001,0.07584
0.00000,0.00199,0.00146,0.03939,0.00904,0.07374,0.09400,0.00036,0.05799,0.27893,0.00000,0.02453,0.00099,0.00445,0.24978,0.01338,0.03022,0.03179,0.07361,0.01435
0.00400,0.04929,0.00010,0.03294,0.04364,0.08512,0.08426,0.00929,0.05612,0.04729,0.02003,0.02594,0.04095,0.00481,0.25960,0.00000,0.04518,0.00862,0.05152,0.13130
0.09047,0.01366,0.02171,0.05820,0.00024,0.16506,0.03889,0.01383,0.02487,0.26122,0.00122,0.05701,0.00003,0.03066,0.07492,0.00007,0.02424,0.04916,0.00262,0.07192
0.00000,0.00345,0.00000,0.03699,0.00000,0.01437,0.20555,0.00000,0.01068,0.32426,0.00051,0.00008,0.04983,0.00086,0.19410,0.00011,0.02720,0.05907,0.00523,0.06772
0.00000,0.00697,0.00000,0.06551,0.00002,0.17025,0.08557,0.00149,0.06396,0.17200,0.00000,0.00660,0.01453,0.00016,0.10679,0.00396,0.00798,0.08562,0.00028,0.20832
0.00000,0.00016,0.00001,0.04250,0.05932,0.00264,0.11532,0.00025,0.00675,0.08263,0.03036,0.16409,0.00118,0.00000,0.22821,0.00008,0.11685,0.00492,0.00688,0.13786
0.00437,0.00260,0.00004,0.08989,0.00066,0.04134,0.32567,0.00058,0.01517,0.14729,0.00019,0.01292,0.01121,0.00175,0.13126,0.00377,0.11772,0.00172,0.00598,0.08588
0.00216,0.02343,0.00001,0.13338,0.05432,0.01307,0.06720,0.00446,0.00687,0.34497,0.00000,0.00493,0.00284,0.00035,0.04649,0.06516,0.04902,0.00823,0.00524,0.16788
0.00000,0.00034,0.00504,0.04816,0.00811,0.03099,0.07988,0.00726,0.00356,0.33234,0.00016,0.00771,0.00480,0.00028,0.15791,0.00001,0.07991,0.12378,0.00000,0.10977
0.00623,0.00179,0.00565,0.02333,0.00386,0.02976,0.24639,0.00000,0.03655,0.13787,0.00003,0.13607,0.00000,0.00047,0.16373,0.00283,0.14663,0.03332,0.00000,0.02550
0.02101,0.00005,0.00654,0.03653,0.01311,0.07442,0.15718,0.00144,0.13940,0.08624,0.00001,0.03352,0.00615,0.05863,0.08023,0.00999,0.06270,0.13668,0.00001,0.07616
0.01380,0.03692,0.00000,0.01136,0.00205,0.04125,0.04609,0.00267,0.05563,0.13498,0.00007,0.00084,0.14646,0.03914,0.31626,0.00000,0.03634,0.04284,0.00029,0.07300
0.00000,0.00689,0.00010,0.01089,0.00010,0.01295,0.19128,0.00191,0.01349,0.06101,0.00000,0.09170,0.00000,0.00253,0.40806,0.02560,0.08946,0.02071,0.02331,0.04002
0.00194,0.00270,0.00004,0.02561,0.01304,0.00610,0.05032,0.00000,0.01194,0.16663,0.00010,0.25851,0.00010,0.00026,0.16469,0.00594,0.12759,0.00795,0.00003,0.15650
0.00000,0.00216,0.00249,0.09660,0.06057,0.03442,0.15541,0.00006,0.08460,0.17540,0.00000,0.02576,0.00018,0.02742,0.04677,0.04668,0.07266,0.03312,0.00000,0.13568
0.00000,0.00005,0.00330,0.08746,0.01557,0.03176,0.09282,0.02881,0.05322,0.09932,0.02399,0.04529,0.00465,0.00339,0.23259,0.07017,0.04352,0.15490,0.00005,0.00916
0.00001,0.00010,0.00000,0.04003,0.00077,0.07081,0.09612,0.00002,0.08222,0.05201,0.00854,0.01116,0.11253,0.00299,0.12467,0.10198,0.04923,0.09384,0.00030,0.15267
0.00000,0.00003,0.00000,0.12936,0.00000,0.06927,0.15803,0.00000,0.00284,0.05686,0.00442,0.00754,0.02211,0.00000,0.02722,0.13702,0.13118,0.03836,0.00021,0.21556
0.00004,0.00225,0.00010,0.00910,0.00001,0.05091,0.09231,0.00885,0.02123,0.10129,0.02000,0.05896,0.00050,0.00027,0.22404,0.00100,0.23340,0.00727,0.00011,0.16835
0.01089,0.00180,0.03655,0.07940,0.05573,0.03532,0.04379,0.00005,0.00147,0.10894,0.00002,0.02737,0.00170,0.01076,0.11752,0.30941,0.03327,0.02371,0.03676,0.06555
0.00000,0.00517,0.00000,0.03771,0.05132,0.00771,0.24026,0.00006,0.00012,0.21518,0.00012,0.05194,0.00013,0.00985,0.06675,0.00063,0.21397,0.00309,0.00108,0.09493
0.02140,0.00806,0.00002,0.03207,0.00016,0.04502,0.09291,0.00105,0.02038,0.42084,0.00000,0.00090,0.00180,0.00053,0.19390,0.00898,0.08313,0.01775,0.01214,0.03897
0.00005,0.00006,0.00000,0.08958,0.00201,0.15414,0.10848,0.00000,0.12977,0.07508,0.00000,0.05868,0.01810,0.00143,0.20162,0.00796,0.03506,0.01920,0.00610,0.09267
0.00001,0.04653,0.00000,0.04110,0.00006,0.01033,0.26382,0.00122,0.00607,0.06008,0.02888,0.04146,0.08905,0.00932,0.15060,0.01206,0.09558,0.11172,0.01614,0.01596
0.00022,0.00299,0.00006,0.16425,0.00008,0.02066,0.12561,0.00000,0.05670,0.23444,0.04120,0.00183,0.00817,0.00000,0.09605,0.07390,0.07980,0.03469,0.00017,0.05917
0.01706,0.06330,0.01516,0.00281,0.00000,0.22848,0.12947,0.04807,0.02831,0.09885,0.01168,0.02241,0.02359,0.00015,0.18370,0.01003,0.01331,0.02157,0.05331,0.02873
0.00668,0.02102,0.00001,0.06750,0.05887,0.09247,0.25146,0.00000,0.08973,0.06843,0.00005,0.01438,0.05310,0.00015,0.17821,0.01719,0.03485,0.02541,0.00001,0.02048
0.00592,0.00010,0.00149,0.11617,0.01559,0.00357,0.13362,0.00000,0.00203,0.16820,0.00078,0.00776,0.00559,0.00367,0.26035,0.00635,0.01720,0.10675,0.06735,0.07753
0.00000,0.00000,0.00000,0.10966,0.00003,0.08107,0.25153,0.00058,0.00128,0.13795,0.00000,0.00188,0.04036,0.00000,0.22049,0.01988,0.01473,0.05287,0.00001,0.06769
0.00001,0.00913,0.00065,0.07319,0.00080,0.01180,0.14710,0.00009,0.01690,0.22496,0.00003,0.03475,0.00033,0.00157,0.20067,0.01110,0.18474,0.01214,0.00713,0.06291
0.00007,0.00000,0.00433,0.10527,0.00031,0.05556,0.08705,0.00243,0.03953,0.24162,0.00000,0.00838,0.00160,0.00004,0.35975,0.02962,0.00004,0.01144,0.00010,0.05286
0.00008,0.00088,0.00001,0.02774,0.00015,0.08792,0.07652,0.00107,0.25309,0.17165,0.00632,0.03719,0.00004,0.00242,0.07040,0.00004,0.05920,0.01783,0.00015,0.18731
0.00011,0.00000,0.00032,0.05111,0.00001,0.00007,0.11479,0.00000,0.01338,0.08253,0.00006,0.00238,0.00351,0.00001,0.41696,0.00015,0.09409,0.10437,0.00495,0.11120
0.00474,0.00213,0.00125,0.09430,0.00021,0.01643,0.16311,0.00005,0.02984,0.10408,0.00011,0.00022,0.00002,0.05660,0.16354,0.00089,0.10910,0.03469,0.01200,0.20669
0.00101,0.00000,0.02696,0.00900,0.00000,0.03275,0.10886,0.00359,0.03765,0.21595,0.00044,0.00926,0.01139,0.02142,0.41526,0.00099,0.01667,0.02965,0.00032,0.05882
0.00000,0.00011,0.00297,0.09239,0.00990,0.07498,0.14990,0.01354,0.05680,0.03154,0.00270,0.01188,0.19671,0.01083,0.22221,0.00001,0.00773,0.05859,0.00031,0.05690
0.00525,0.00076,0.00000,0.04577,0.01142,0.04230,0.16681,0.01139,0.04272,0.16981,0.00023,0.01495,0.00683,0.00831,0.22675,0.00701,0.01718,0.10265,0.00000,0.11987
0.01143,0.00112,0.00109,0.10551,0.00007,0.00000,0.17034,0.00029,0.01611,0.13850,0.00000,0.05100,0.00031,0.00000,0.12096,0.01581,0.07889,0.22511,0.05622,0.00723
0.00000,0.00190,0.00439,0.00580,0.00005,0.01307,0.20302,0.00006,0.12911,0.08799,0.00000,0.00425,0.00260,0.01279,0.31325,0.00211,0.06421,0.09939,0.02537,0.03064
0.11782,0.00006,0.00841,0.10606,0.00000,0.08389,0.09632,0.00102,0.05849,0.09935,0.00000,0.00460,0.05658,0.03693,0.07347,0.06846,0.07774,0.00638,0.00004,0.10438
0.00000,0.01774,0.00016,0.03043,0.01746,0.05167,0.04258,0.00078,0.00985,0.11917,0.00209,0.11917,0.11144,0.00634,0.09163,0.00436,0.08098,0.20329,0.00483,0.08604
0.00000,0.00002,0.03997,0.02173,0.00009,0.10576,0.02520,0.00162,0.01944,0.26473,0.00908,0.00988,0.00083,0.00110,0.27022,0.00080,0.00973,0.15888,0.00000,0.06089
0.03215,0.00001,0.00128,0.01093,0.00155,0.00842,0.10734,0.00339,0.04497,0.33555,0.05324,0.08184,0.03795,0.00000,0.10088,0.00000,0.07305,0.00036,0.00003,0.10707
0.00029,0.00090,0.00044,0.00780,0.01206,0.00111,0.08117,0.00000,0.22284,0.08680,0.00361,0.01797,0.07395,0.18141,0.20434,0.00266,0.04771,0.00874,0.00000,0.04620
0.00801,0.00875,0.02155,0.03054,0.00000,0.12017,0.12105,0.00000,0.00960,0.13948,0.07087,0.00811,0.00107,0.00003,0.11840,0.00590,0.02174,0.06852,0.04323,0.20297
0.00001,0.01066,0.00000,0.13016,0.00437,0.02560,0.07628,0.00000,0.01538,0.26607,0.00000,0.00804,0.00047,0.00141,0.37695,0.00320,0.00386,0.03444,0.00123,0.04187
0.02633,0.00109,0.00000,0.01214,0.00968,0.04650,0.05041,0.00096,0.09641,0.06850,0.14257,0.01570,0.03460,0.00639,0.27886,0.02159,0.09564,0.01394,0.00029,0.07842
0.00000,0.05615,0.00000,0.00389,0.00001,0.03800,0.06958,0.00000,0.17834,0.05867,0.00060,0.00049,0.03472,0.01794,0.17390,0.00072,0.13000,0.11812,0.03960,0.07927
0.00000,0.03348,0.00000,0.03203,0.00239,0.04003,0.26885,0.01301,0.04642,0.20374,0.00481,0.01651,0.00009,0.00001,0.10141,0.02227,0.13252,0.02198,0.00003,0.06041
0.00005,0.00562,0.00808,0.15155,0.00051,0.09365,0.13238,0.00010,0.05997,0.18713,0.00000,0.00202,0.00073,0.00000,0.13065,0.01979,0.04151,0.07231,0.00008,0.09388
0.00000,0.02682,0.00034,0.06082,0.00180,0.03982,0.09574,0.00037,0.00114,0.23405,0.00000,0.00002,0.00000,0.00001,0.34014,0.08663,0.07857,0.01899,0.00001,0.01473
0.00000,0.01304,0.00064,0.05364,0.04679,0.01440,0.12185,0.00000,0.00832,0.24754,0.06203,0.04382,0.01935,0.00000,0.17328,0.00207,0.03449,0.04249,0.00013,0.11612
0.00000,0.00000,0.00002,0.09653,0.01952,0.00656,0.14882,0.00000,0.00755,0.12287,0.00000,0.00192,0.07542,0.00038,0.12461,0.15747,0.07200,0.13983,0.00074,0.02577
0.00000,0.00046,0.00000,0.10175,0.01825,0.02384,0.04644,0.10668,0.03256,0.23258,0.00000,0.00277,0.09705,0.00000,0.20637,0.03100,0.01263,0.06955,0.00015,0.01791
0.00000,0.00104,0.00000,0.08961,0.03058,0.00015,0.15942,0.00000,0.06493,0.14722,0.00000,0.01364,0.00063,0.03379,0.11747,0.00000,0.09226,0.04073,0.00001,0.20852
0.01058,0.00006,0.00111,0.03966,0.00002,0.03030,0.10574,0.00688,0.02215,0.17615,0.00010,0.03402,0.00216,0.00121,0.33117,0.03914,0.04608,0.00580,0.00000,0.14770
0.00000,0.01274,0.05686,0.04830,0.00522,0.05964,0.13483,0.14853,0.01697,0.05435,0.00188,0.00079,0.00986,0.02290,0.20736,0.00967,0.09486,0.00121,0.02122,0.09280
0.00000,0.00063,0.00061,0.15758,0.00373,0.01904,0.06844,0.03412,0.00392,0.05646,0.00073,0.00224,0.03367,0.00003,0.28404,0.00142,0.17551,0.02187,0.00000,0.13595
0.00068,0.00000,0.00014,0.00278,0.00000,0.01557,0.08532,0.06431,0.05249,0.43467,0.00039,0.05721,0.00001,0.00000,0.17620,0.00363,0.07397,0.00133,0.00000,0.03128
0.00000,0.00000,0.00003,0.00239,0.00018,0.18464,0.24906,0.00020,0.00983,0.09224,0.00000,0.00602,0.01062,0.00311,0.25114,0.06941,0.04557,0.04568,0.00001,0.02987
0.02420,0.00003,0.00000,0.02761,0.00004,0.13697,0.11933,0.00001,0.00459,0.23824,0.00017,0.00282,0.01314,0.00398,0.33182,0.00000,0.04729,0.01693,0.00260,0.03022
0.00000,0.01397,0.00000,0.07015,0.00271,0.01885,0.24393,0.01302,0.00812,0.06776,0.00000,0.08240,0.11637,0.06096,0.05858,0.02721,0.01643,0.00859,0.07269,0.11826
0.00091,0.00193,0.00037,0.06842,0.00818,0.00343,0.23713,0.00513,0.02594,0.22909,0.03171,0.01440,0.01228,0.01244,0.22424,0.00000,0.03897,0.02551,0.00072,0.05916
0.00321,0.00011,0.04083,0.09944,0.00000,0.00823,0.10166,0.01128,0.00423,0.15152,0.04637,0.04154,0.00001,0.00347,0.13036,0.03713,0.18701,0.01086,0.00207,0.12067
0.00001,0.03690,0.00000,0.26994,0.02566,0.03018,0.16776,0.00000,0.01517,0.09645,0.00000,0.00591,0.01068,0.00002,0.21252,0.05403,0.01915,0.01340,0.00006,0.04215
0.00182,0.00000,0.02925,0.02005,0.00048,0.00057,0.39635,0.00000,0.00300,0.11416,0.00008,0.01712,0.00580,0.00635,0.22274,0.00159,0.00728,0.00121,0.00000,0.17215
0.00222,0.00033,0.00104,0.06073,0.00851,0.00069,0.12151,0.00000,0.02011,0.47170,0.00000,0.08874,0.06400,0.00102,0.07859,0.00002,0.03074,0.00426,0.00000,0.04579
0.00033,0.00341,0.00000,0.17329,0.00000,0.00436,0.24930,0.00050,0.00653,0.10509,0.01595,0.02492,0.00022,0.00253,0.16589,0.00043,0.03933,0.18074,0.00019,0.02701
0.00001,0.05594,0.00000,0.05532,0.15566,0.03034,0.02512,0.10384,0.00727,0.06715,0.06785,0.05547,0.00005,0.00214,0.09965,0.00013,0.02887,0.08461,0.00000,0.16057
0.00000,0.03943,0.00000,0.06677,0.00885,0.08284,0.03209,0.00028,0.05359,0.04233,0.00001,0.07001,0.08645,0.00030,0.11703,0.03634,0.20211,0.01915,0.00000,0.14242
0.00064,0.00052,0.00000,0.11610,0.02475,0.00592,0.07564,0.00672,0.01176,0.34453,0.00000,0.02998,0.00011,0.00404,0.13515,0.00409,0.08642,0.14217,0.00010,0.01134
0.00000,0.00172,0.00045,0.03111,0.00000,0.08637,0.04827,0.00402,0.10626,0.12053,0.00012,0.00227,0.00003,0.09714,0.42186,0.00011,0.02863,0.01493,0.00003,0.03614
0.00043,0.00500,0.00000,0.11931,0.00081,0.07451,0.14084,0.00188,0.01969,0.21255,0.00000,0.00668,0.00000,0.00357,0.24579,0.06427,0.09633,0.00237,0.00468,0.00128
0.00052,0.02010,0.04838,0.00009,0.00331,0.00244,0.18368,0.00045,0.04911,0.14659,0.28151,0.00307,0.00000,0.01767,0.08312,0.00002,0.05274,0.01722,0.00000,0.08998
0.00040,0.07114,0.00533,0.02398,0.00237,0.06599,0.21437,0.01874,0.01801,0.03908,0.00000,0.05292,0.01252,0.00718,0.34624,0.04525,0.02080,0.02637,0.00003,0.02927
0.00256,0.00719,0.02842,0.00928,0.00000,0.01475,0.09924,0.00206,0.00595,0.19780,0.00004,0.01639,0.03327,0.00000,0.11216,0.00697,0.15915,0.13742,0.00000,0.16735
0.00813,0.00014,0.00002,0.05735,0.10340,0.01194,0.15809,0.01381,0.02873,0.12683,0.00133,0.00232,0.01743,0.00432,0.20993,0.02323,0.13166,0.04934,0.00004,0.05197
0.01364,0.00060,0.00000,0.02420,0.01220,0.03509,0.10796,0.00015,0.03077,0.07215,0.00001,0.07092,0.03897,0.00337,0.11453,0.00486,0.27074,0.05538,0.01754,0.12691
0.00000,0.02030,0.14463,0.05621,0.00001,0.02210,0.11924,0.00000,0.03484,0.16199,0.00000,0.00266,0.00503,0.00000,0.38580,0.00067,0.01119,0.01295,0.00032,0.02204
0.00000,0.11594,0.00000,0.07759,0.00016,0.15188,0.03225,0.00000,0.01426,0.04163,0.00000,0.02057,0.01060,0.00004,0.27856,0.00255,0.06954,0.08449,0.00158,0.09835
0.00000,0.00710,0.00161,0.03912,0.00013,0.09694,0.21407,0.00057,0.02977,0.14196,0.05338,0.02131,0.00411,0.05849,0.24531,0.00164,0.06160,0.00604,0.00000,0.01684
0.00000,0.00014,0.00001,0.07726,0.00000,0.14554,0.04346,0.00000,0.00025,0.07170,0.00000,0.00304,0.00030,0.00429,0.35973,0.00639,0.10110,0.00043,0.00000,0.18636
0.00000,0.00000,0.00002,0.00219,0.01391,0.00899,0.25530,0.00018,0.15263,0.06942,0.00000,0.02621,0.00734,0.01587,0.23257,0.00026,0.13906,0.05037,0.00000,0.02570
0.00000,0.00014,0.00425,0.00484,0.05590,0.05715,0.18225,0.02081,0.17006,0.17158,0.00000,0.02174,0.04118,0.00302,0.20296,0.00080,0.02818,0.00637,0.00012,0.02864
0.00000,0.01113,0.00007,0.01522,0.00257,0.12640,0.11255,0.07795,0.06815,0.17705,0.00000,0.03332,0.00005,0.02638,0.16544,0.00455,0.07179,0.07406,0.00049,0.03285
0.00133,0.03752,0.00000,0.00754,0.00001,0.00720,0.25566,0.00000,0.03694,0.12675,0.00000,0.01037,0.03002,0.00001,0.11548,0.00313,0.08802,0.09796,0.00510,0.17697
0.00056,0.00000,0.01823,0.06544,0.00309,0.04586,0.10911,0.00000,0.00841,0.04998,0.00000,0.02709,0.00128,0.00003,0.28562,0.05826,0.01463,0.05072,0.00315,0.25853
0.00000,0.00312,0.00304,0.08645,0.07286,0.09630,0.10780,0.00000,0.00147,0.17224,0.00000,0.04047,0.00167,0.00219,0.27172,0.02517,0.00159,0.06291,0.00028,0.05072
0.00000,0.00038,0.00055,0.00636,0.00830,0.03255,0.05883,0.00000,0.01021,0.22982,0.00000,0.02610,0.00183,0.00001,0.26267,0.00629,0.04520,0.00247,0.12619,0.18225
0.00014,0.01650,0.00056,0.08671,0.00000,0.03204,0.05325,0.00320,0.12030,0.23630,0.00000,0.00835,0.02827,0.00001,0.21024,0.08712,0.07229,0.04073,0.00000,0.00399
0.00426,0.00275,0.00000,0.06661,0.00131,0.08296,0.11461,0.00000,0.02372,0.09515,0.00280,0.06937,0.17572,0.00041,0.15153,0.00610,0.01475,0.10075,0.08259,0.00461
0.00000,0.04196,0.02314,0.00055,0.00000,0.06347,0.13961,0.00030,0.03747,0.32159,0.00000,0.01039,0.01167,0.04025,0.25368,0.00535,0.01485,0.01588,0.00188,0.01796
0.00409,0.00369,0.00020,0.06542,0.00000,0.01850,0.06050,0.00000,0.05842,0.27059,0.00011,0.00998,0.01667,0.00046,0.09256,0.11621,0.24008,0.00164,0.00004,0.04085
0.00381,0.00000,0.00000,0.10526,0.00754,0.00182,0.05733,0.00020,0.00026,0.09200,0.00021,0.18844,0.00518,0.18347,0.18912,0.00024,0.05124,0.00715,0.01358,0.09314
0.01167,0.02529,0.00601,0.18359,0.00107,0.02599,0.11507,0.00000,0.10858,0.02944,0.05829,0.01420,0.00000,0.00010,0.02993,0.07066,0.11864,0.05213,0.00179,0.14754
0.00180,0.00717,0.00037,0.10660,0.15641,0.05644,0.08547,0.00001,0.01671,0.10609,0.02335,0.01903,0.00000,0.00000,0.21616,0.07170,0.04317,0.04373,0.03795,0.00784
0.00080,0.00002,0.00188,0.01016,0.00009,0.03133,0.20305,0.03249,0.00549,0.10260,0.00000,0.04178,0.00235,0.00138,0.27958,0.00095,0.05209,0.01934,0.00000,0.21461
0.00000,0.00000,0.02894,0.08285,0.10682,0.01742,0.14318,0.00000,0.13823,0.04985,0.02372,0.00069,0.04901,0.01875,0.20770,0.00531,0.09725,0.00139,0.00009,0.02881
0.00002,0.00238,0.00327,0.10020,0.13033,0.02938,0.07863,0.00226,0.01033,0.15699,0.00486,0.00116,0.01741,0.00257,0.05205,0.03247,0.05488,0.03603,0.00658,0.27820
0.02133,0.00675,0.00147,0.00930,0.02807,0.13410,0.15184,0.00002,0.09073,0.22631,0.05034,0.09394,0.06395,0.00001,0.03633,0.00007,0.05167,0.01804,0.00011,0.01561
0.00001,0.00195,0.00000,0.02041,0.00000,0.09047,0.01907,0.00000,0.07465,0.18092,0.00019,0.00446,0.00355,0.00282,0.30839,0.07057,0.06313,0.01017,0.00204,0.14719
0.00298,0.00000,0.01485,0.10981,0.00000,0.08898,0.13709,0.00000,0.00843,0.07986,0.00139,0.06117,0.08747,0.00089,0.30117,0.00284,0.04204,0.02604,0.00319,0.03180
0.00155,0.00526,0.00000,0.00506,0.00004,0.03846,0.02300,0.00172,0.15398,0.12613,0.00000,0.00396,0.01015,0.00003,0.34344,0.00297,0.22101,0.00145,0.00236,0.05943
