0.00000,0.00000,0.00000,0.00000,0.00000,0.00000,0.00000,0.00000,0.00000,0.70559,0.00000,0.00000,0.00119,0.29322
0.00000,0.00000,0.00000,0.00000,0.00000,0.00000,0.00000,0.00000,0.00000,0.03354,0.00000,0.00000,0.13447,0.83199
0.00000,0.00000,0.00000,0.00000,0.00000,0.00000,0.00000,0.00000,0.00761,0.23867,0.00000,0.00000,0.13905,0.61467
0.00000,0.00000,0.00000,0.00667,0.00000,0.00000,0.00000,0.00000,0.00000,0.00000,0.00000,0.00000,0.23954,0.75379
0.00000,0.00000,0.00000,0.00000,0.00000,0.00000,0.00000,0.00000,0.00000,0.00000,0.00000,0.02388,0.22426,0.75187
0.00000,0.00000,0.00000,0.01530,0.00000,0.00000,0.00000,0.00000,0.00000,0.00000,0.00000,0.00000,0.00311,0.98159
0.00000,0.00000,0.00000,0.00000,0.00000,0.00000,0.00000,0.00000,0.00000,0.11708,0.00000,0.00000,0.00013,0.88279
0.00000,0.00000,0.00000,0.00000,0.01903,0.05106,0.00000,0.00000,0.00000,0.00000,0.00000,0.00000,0.27365,0.65626
0.00787,0.05252,0.00000,0.00000,0.00000,0.00000,0.00000,0.00000,0.00000,0.00000,0.00000,0.00000,0.16794,0.77167
0.00000,0.00000,0.00000,0.00000,0.00000,0.00000,0.00000,0.00000,0.00000,0.00000,0.00000,0.11632,0.04361,0.84007
0.00000,0.00000,0.00000,0.00000,0.00000,0.00000,0.00000,0.04835,0.00000,0.00000,0.00000,0.00000,0.29003,0.66161
0.00000,0.00000,0.00000,0.00000,0.00297,0.03073,0.00000,0.00000,0.00000,0.00000,0.00000,0.00000,0.36953,0.59676
0.00000,0.03157,0.00000,0.00000,0.00000,0.00000,0.00000,0.00000,0.00000,0.00000,0.00000,0.00000,0.02322,0.94521
0.00000,0.00000,0.00000,0.00000,0.00000,0.41744,0.00000,0.00000,0.00000,0.00000,0.00000,0.00000,0.00287,0.57969
0.00000,0.00472,0.00000,0.00000,0.00000,0.00000,0.00000,0.00000,0.00000,0.00000,0.00000,0.00000,0.12831,0.86698
0.00000,0.00000,0.00000,0.00000,0.00000,0.00000,0.00000,0.00000,0.16775,0.10755,0.00000,0.00000,0.16843,0.55627
0.00000,0.00000,0.00000,0.00000,0.00000,0.00000,0.00000,0.00000,0.00000,0.00000,0.00000,0.00276,0.00568,0.99156
0.00000,0.00000,0.00000,0.00000,0.00000,0.01217,0.00000,0.00000,0.00000,0.00000,0.00000,0.00000,0.00042,0.98742
0.00000,0.00000,0.00000,0.00000,0.00000,0.00000,0.00000,0.36509,0.00000,0.00000,0.00000,0.00000,0.10160,0.53332
0.00000,0.00000,0.00000,0.46028,0.00000,0.00000,0.00000,0.00000,0.00000,0.00000,0.00000,0.00000,0.01256,0.52716
0.00000,0.00000,0.00000,0.00000,0.00000,0.10596,0.00000,0.00000,0.00000,0.00000,0.00000,0.00000,0.01897,0.87507
0.00000,0.00000,0.00000,0.00000,0.00000,0.00000,0.00000,0.00000,0.00000,0.00000,0.00000,0.34529,0.17488,0.47982
0.00000,0.00000,0.00000,0.00000,0.00000,0.00000,0.00000,0.00000,0.00007,0.00764,0.00000,0.00000,0.08973,0.90256
0.00000,0.00000,0.00000,0.00000,0.00000,0.00000,0.00000,0.00000,0.00000,0.00000,0.00002,0.00746,0.04920,0.94332
0.00000,0.00000,0.00000,0.00000,0.00000,0.00000,0.00000,0.14551,0.00000,0.00000,0.00000,0.00000,0.62357,0.23092
0.00000,0.00000,0.00000,0.05315,0.00000,0.00000,0.00000,0.00000,0.00000,0.00000,0.00000,0.00000,0.18312,0.76374
0.00000,0.00000,0.00000,0.00000,0.00000,0.00000,0.00000,0.23488,0.00000,0.00000,0.00000,0.00000,0.01857,0.74655
0.00000,0.00000,0.00000,0.00000,0.13259,0.01606,0.00000,0.00000,0.00000,0.00000,0.00000,0.00000,0.07687,0.77448
0.00000,0.00000,0.00003,0.08578,0.00000,0.00000,0.00000,0.00000,0.00000,0.00000,0.00000,0.00000,0.23632,0.67787
0.25193,0.01323,0.00000,0.00000,0.00000,0.00000,0.00000,0.00000,0.00000,0.00000,0.00000,0.00000,0.00559,0.72925
0.00000,0.00000,0.00000,0.00000,0.00000,0.00000,0.00000,0.15603,0.00000,0.00000,0.00000,0.00000,0.00188,0.84209
0.00000,0.00000,0.00000,0.00000,0.00000,0.01059,0.00000,0.00000,0.00000,0.00000,0.00000,0.00000,0.15135,0.83806
0.00000,0.00000,0.00000,0.00000,0.00000,0.18258,0.00000,0.00000,0.00000,0.00000,0.00000,0.00000,0.18613,0.63129
0.00000,0.00000,0.00000,0.00000,0.00061,0.07964,0.00000,0.00000,0.00000,0.00000,0.00000,0.00000,0.02236,0.89739
0.00000,0.00000,0.00000,0.05015,0.00000,0.00000,0.00000,0.00000,0.00000,0.00000,0.00000,0.00000,0.04586,0.90399
0.00000,0.00000,0.00000,0.36056,0.00000,0.00000,0.00000,0.00000,0.00000,0.00000,0.00000,0.00000,0.02949,0.60994
0.00000,0.17604,0.00000,0.00000,0.00000,0.00000,0.00000,0.00000,0.00000,0.00000,0.00000,0.00000,0.14562,0.67834
0.00000,0.00000,0.00000,0.00000,0.00000,0.00000,0.00000,0.18976,0.00000,0.00000,0.00000,0.00000,0.12588,0.68437
0.00000,0.00000,0.00000,0.00000,0.00000,0.00000,0.00000,0.00000,0.00000,0.40369,0.00000,0.00000,0.01642,0.57989
0.00000,0.00000,0.00000,0.00000,0.00000,0.00000,0.00000,0.00000,0.00002,0.23746,0.00000,0.00000,0.02411,0.73840
0.00000,0.00000,0.00000,0.00000,0.00000,0.00000,0.00000,0.00000,0.00000,0.00000,0.00000,0.05220,0.01217,0.93562
0.00000,0.00000,0.00000,0.00000,0.00000,0.00000,0.00000,0.00000,0.00000,0.00000,0.04413,0.00026,0.22748,0.72813
0.00000,0.00000,0.00000,0.00000,0.00000,0.00000,0.00000,0.00000,0.00000,0.00000,0.38395,0.03197,0.31782,0.26625
0.00000,0.00881,0.00000,0.00000,0.00000,0.00000,0.00000,0.00000,0.00000,0.00000,0.00000,0.00000,0.25512,0.73607
0.00000,0.00000,0.00000,0.33189,0.00000,0.00000,0.00000,0.00000,0.00000,0.00000,0.00000,0.00000,0.01711,0.65100
0.00009,0.42324,0.00000,0.00000,0.00000,0.00000,0.00000,0.00000,0.00000,0.00000,0.00000,0.00000,0.19955,0.37712
0.00000,0.00000,0.00000,0.01221,0.00000,0.00000,0.00000,0.00000,0.00000,0.00000,0.00000,0.00000,0.00002,0.98777
0.00000,0.00000,0.00000,0.00000,0.00000,0.00000,0.00000,0.00000,0.00000,0.00000,0.00000,0.10883,0.00124,0.88993
0.00000,0.00000,0.00000,0.00000,0.00000,0.36695,0.00000,0.00000,0.00000,0.00000,0.00000,0.00000,0.00008,0.63297
0.00000,0.00000,0.00000,0.00000,0.00000,0.00000,0.00000,0.00000,0.00000,0.00000,0.00000,0.00128,0.11245,0.88627
0.05371,0.00579,0.00000,0.00000,0.00000,0.00000,0.00000,0.00000,0.00000,0.00000,0.00000,0.00000,0.00998,0.93052
0.00000,0.00000,0.00000,0.00000,0.00000,0.00000,0.00000,0.22209,0.00000,0.00000,0.00000,0.00000,0.32906,0.44885
0.00000,0.00000,0.00000,0.00000,0.00000,0.00000,0.00000,0.00000,0.00000,0.00000,0.00000,0.06156,0.01082,0.92761
0.00000,0.00000,0.00000,0.00000,0.00000,0.00000,0.00000,0.00000,0.00000,0.13531,0.00000,0.00000,0.52266,0.34203
0.00000,0.00000,0.00000,0.00000,0.00000,0.00000,0.00000,0.00000,0.00000,0.00000,0.00000,0.40907,0.00374,0.58718
0.00000,0.00000,0.00000,0.00000,0.00000,0.00000,0.00115,0.02285,0.00000,0.00000,0.00000,0.00000,0.11613,0.85987
0.00000,0.00000,0.00000,0.00000,0.07232,0.10381,0.00000,0.00000,0.00000,0.00000,0.00000,0.00000,0.61925,0.20462
0.00000,0.00000,0.00000,0.08894,0.00000,0.00000,0.00000,0.00000,0.00000,0.00000,0.00000,0.00000,0.00572,0.90533
0.00000,0.00000,0.00000,0.00000,0.00000,0.00000,0.00000,0.18970,0.00000,0.00000,0.00000,0.00000,0.11093,0.69937
0.00000,0.00000,0.00000,0.00000,0.00000,0.00499,0.00000,0.00000,0.00000,0.00000,0.00000,0.00000,0.26382,0.73119
0.00000,0.00000,0.00000,0.00000,0.00000,0.00000,0.00000,0.00000,0.00000,0.00000,0.00000,0.11366,0.01073,0.87561
0.00000,0.00001,0.00000,0.00000,0.00000,0.00000,0.00000,0.00000,0.00000,0.00000,0.00000,0.00000,0.00002,0.99997
0.00000,0.00000,0.00000,0.00000,0.00000,0.00000,0.00000,0.00000,0.00000,0.39408,0.00000,0.00000,0.03286,0.57306
0.00000,0.00000,0.00000,0.01931,0.00000,0.00000,0.00000,0.00000,0.00000,0.00000,0.00000,0.00000,0.17163,0.80906
0.00000,0.00000,0.00000,0.00000,0.00000,0.02774,0.00000,0.00000,0.00000,0.00000,0.00000,0.00000,0.13150,0.84076
0.00000,0.00000,0.00000,0.00000,0.00000,0.00000,0.00006,0.06632,0.00000,0.00000,0.00000,0.00000,0.73720,0.19642
0.00000,0.00000,0.05558,0.13536,0.00000,0.00000,0.00000,0.00000,0.00000,0.00000,0.00000,0.00000,0.10013,0.70893
0.00000,0.00000,0.00000,0.00000,0.00000,0.00000,0.00000,0.00000,0.00000,0.00000,0.03966,0.00005,0.00084,0.95945
0.00000,0.00000,0.00000,0.00000,0.00000,0.00000,0.00000,0.00000,0.00000,0.18940,0.00000,0.00000,0.13683,0.67377
0.00000,0.00000,0.00000,0.00000,0.00000,0.00000,0.00000,0.00000,0.00000,0.00000,0.01770,0.25784,0.01096,0.71350
0.00000,0.00000,0.00000,0.00000,0.00000,0.00000,0.00000,0.00000,0.00000,0.00000,0.00000,0.22234,0.35386,0.42379
0.00000,0.00000,0.00000,0.00000,0.00000,0.00000,0.00000,0.00000,0.00000,0.10936,0.00000,0.00000,0.06390,0.82674
0.00000,0.00119,0.00000,0.00000,0.00000,0.00000,0.00000,0.00000,0.00000,0.00000,0.00000,0.00000,0.66868,0.33013
0.00000,0.00000,0.00000,0.00000,0.00000,0.00000,0.17029,0.04647,0.00000,0.00000,0.00000,0.00000,0.00004,0.78321
0.00000,0.00000,0.00000,0.11536,0.00000,0.00000,0.00000,0.00000,0.00000,0.00000,0.00000,0.00000,0.11154,0.77310
0.00000,0.00000,0.00000,0.00000,0.00000,0.00000,0.00000,0.00000,0.00000,0.00000,0.00433,0.00423,0.20807,0.78337
0.00000,0.00000,0.00000,0.00000,0.00000,0.11067,0.00000,0.00000,0.00000,0.00000,0.00000,0.00000,0.07699,0.81234
0.00000,0.00000,0.00000,0.00000,0.00000,0.00591,0.00000,0.00000,0.00000,0.00000,0.00000,0.00000,0.01379,0.98030
0.00000,0.00000,0.00000,0.00000,0.00000,0.00000,0.00000,0.18425,0.00000,0.00000,0.00000,0.00000,0.07058,0.74518
0.00000,0.00000,0.00000,0.00000,0.00000,0.00000,0.00000,0.05245,0.00000,0.00000,0.00000,0.00000,0.05157,0.89598
0.00000,0.00000,0.00000,0.00000,0.00000,0.00000,0.00000,0.00000,0.00000,0.03154,0.00000,0.00000,0.46673,0.50174
0.00000,0.00000,0.00000,0.00000,0.00000,0.00000,0.00000,0.00000,0.00000,0.00000,0.00068,0.03813,0.11285,0.84834
0.00000,0.00000,0.00000,0.00000,0.05599,0.04899,0.00000,0.00000,0.00000,0.00000,0.00000,0.00000,0.04952,0.84550
0.00000,0.33715,0.00000,0.00000,0.00000,0.00000,0.00000,0.00000,0.00000,0.00000,0.00000,0.00000,0.15024,0.51261
0.00000,0.10648,0.00000,0.00000,0.00000,0.00000,0.00000,0.00000,0.00000,0.00000,0.00000,0.00000,0.18195,0.71158
0.00000,0.00000,0.00000,0.00000,0.00000,0.00000,0.00000,0.00003,0.00000,0.00000,0.00000,0.00000,0.43145,0.56852
0.00000,0.00000,0.00000,0.00000,0.00000,0.00000,0.05672,0.61497,0.00000,0.00000,0.00000,0.00000,0.00155,0.32676
0.00000,0.00000,0.00000,0.00000,0.07513,0.14296,0.00000,0.00000,0.00000,0.00000,0.00000,0.00000,0.02389,0.75802
0.00000,0.00000,0.00000,0.00000,0.00000,0.00000,0.00000,0.00000,0.02214,0.02414,0.00000,0.00000,0.01743,0.93630
0.00000,0.00000,0.00000,0.00000,0.00000,0.00000,0.00000,0.00000,0.00000,0.55314,0.00000,0.00000,0.01468,0.43218
0.00000,0.00000,0.00000,0.00000,0.00000,0.16193,0.00000,0.00000,0.00000,0.00000,0.00000,0.00000,0.21315,0.62492
0.00000,0.00000,0.00000,0.33853,0.00000,0.00000,0.00000,0.00000,0.00000,0.00000,0.00000,0.00000,0.09634,0.56513
0.00000,0.00000,0.00000,0.00000,0.00000,0.00000,0.00000,0.00000,0.00000,0.00000,0.00000,0.07712,0.04492,0.87796
0.00000,0.00000,0.00000,0.05931,0.00000,0.00000,0.00000,0.00000,0.00000,0.00000,0.00000,0.00000,0.00615,0.93454
0.00000,0.00000,0.00216,0.50299,0.00000,0.00000,0.00000,0.00000,0.00000,0.00000,0.00000,0.00000,0.05355,0.44131
0.00000,0.03274,0.00000,0.00000,0.00000,0.00000,0.00000,0.00000,0.00000,0.00000,0.00000,0.00000,0.17859,0.78866
0.00000,0.00000,0.00000,0.00000,0.00000,0.00000,0.00000,0.00000,0.00000,0.00000,0.00290,0.09746,0.04560,0.85404
0.00000,0.00000,0.00000,0.00000,0.00000,0.00000,0.00000,0.00000,0.00000,0.00000,0.00009,0.06652,0.04283,0.89056
0.00000,0.00000,0.00000,0.00000,0.00000,0.00000,0.00096,0.57027,0.00000,0.00000,0.00000,0.00000,0.00002,0.42876
0.00000,0.00000,0.00000,0.00000,0.00000,0.00000,0.00000,0.00000,0.00000,0.00000,0.00059,0.02624,0.07143,0.90174
0.00000,0.00000,0.00000,0.00000,0.00000,0.39234,0.00000,0.00000,0.00000,0.00000,0.00000,0.00000,0.00004,0.60762
0.00000,0.11425,0.00000,0.00000,0.00000,0.00000,0.00000,0.00000,0.00000,0.00000,0.00000,0.00000,0.20208,0.68367
0.00000,0.00000,0.00000,0.08061,0.00000,0.00000,0.00000,0.00000,0.00000,0.00000,0.00000,0.00000,0.58933,0.33006
0.00000,0.00000,0.00000,0.12344,0.00000,0.00000,0.00000,0.00000,0.00000,0.00000,0.00000,0.00000,0.00066,0.87589
0.00000,0.00000,0.00000,0.00000,0.00000,0.00000,0.00001,0.03100,0.00000,0.00000,0.00000,0.00000,0.00906,0.95993
0.00000,0.00000,0.00000,0.00000,0.00000,0.00000,0.00000,0.00000,0.00000,0.00000,0.00005,0.18831,0.07501,0.73663
0.00000,0.00000,0.00000,0.00000,0.00000,0.00000,0.00000,0.00000,0.00000,0.00000,0.00000,0.02190,0.03731,0.94079
0.00000,0.00000,0.00000,0.00000,0.01631,0.00008,0.00000,0.00000,0.00000,0.00000,0.00000,0.00000,0.26212,0.72149
0.00000,0.00000,0.00000,0.00000,0.00000,0.00000,0.00000,0.23446,0.00000,0.00000,0.00000,0.00000,0.00045,0.76509
0.00000,0.00000,0.00000,0.07781,0.00000,0.00000,0.00000,0.00000,0.00000,0.00000,0.00000,0.00000,0.41729,0.50490
0.00000,0.00000,0.00000,0.00000,0.00000,0.00000,0.00002,0.11198,0.00000,0.00000,0.00000,0.00000,0.07414,0.81386
0.00000,0.00000,0.00000,0.00000,0.00000,0.00000,0.00000,0.27825,0.00000,0.00000,0.00000,0.00000,0.20658,0.51517
0.00000,0.02028,0.00000,0.00000,0.00000,0.00000,0.00000,0.00000,0.00000,0.00000,0.00000,0.00000,0.25160,0.72812
0.00000,0.00000,0.00000,0.27540,0.00000,0.00000,0.00000,0.00000,0.00000,0.00000,0.00000,0.00000,0.04438,0.68022
0.00000,0.00000,0.00000,0.00000,0.00000,0.00000,0.00234,0.17609,0.00000,0.00000,0.00000,0.00000,0.05036,0.77121
0.00000,0.00000,0.00000,0.00000,0.00000,0.00000,0.00000,0.00000,0.00000,0.00000,0.10329,0.00174,0.00478,0.89019
0.00000,0.00000,0.00000,0.00000,0.00000,0.03777,0.00000,0.00000,0.00000,0.00000,0.00000,0.00000,0.33450,0.62773
0.00000,0.00000,0.00000,0.00000,0.00000,0.00000,0.00000,0.00000,0.00000,0.12757,0.00000,0.00000,0.33347,0.53896
0.00000,0.00000,0.00000,0.00000,0.00024,0.22081,0.00000,0.00000,0.00000,0.00000,0.00000,0.00000,0.01635,0.76260
0.00000,0.00000,0.00000,0.00000,0.00000,0.00000,0.00000,0.00000,0.00000,0.14704,0.00000,0.00000,0.00962,0.84334
0.00000,0.00000,0.00000,0.00000,0.00000,0.06984,0.00000,0.00000,0.00000,0.00000,0.00000,0.00000,0.04650,0.88366
0.00000,0.00000,0.00298,0.21960,0.00000,0.00000,0.00000,0.00000,0.00000,0.00000,0.00000,0.00000,0.02857,0.74885
0.00000,0.00000,0.00000,0.00000,0.00000,0.00000,0.00000,0.00000,0.00000,0.00000,0.48408,0.12516,0.21341,0.17736
0.00000,0.00000,0.00000,0.32023,0.00000,0.00000,0.00000,0.00000,0.00000,0.00000,0.00000,0.00000,0.17808,0.50168
0.24630,0.07060,0.00000,0.00000,0.00000,0.00000,0.00000,0.00000,0.00000,0.00000,0.00000,0.00000,0.08030,0.60279
0.00000,0.00000,0.00000,0.12608,0.00000,0.00000,0.00000,0.00000,0.00000,0.00000,0.00000,0.00000,0.00666,0.86726
0.00000,0.00000,0.00000,0.00000,0.05072,0.11358,0.00000,0.00000,0.00000,0.00000,0.00000,0.00000,0.57839,0.25730
0.00000,0.00000,0.00000,0.00000,0.00000,0.00000,0.00000,0.00000,0.00000,0.00059,0.00000,0.00000,0.00000,0.99941
0.00000,0.00000,0.00000,0.00000,0.00000,0.00000,0.00000,0.00000,0.00000,0.00000,0.00000,0.16807,0.00199,0.82994
0.00000,0.00000,0.00000,0.00000,0.00000,0.00000,0.00000,0.00000,0.00000,0.45358,0.00000,0.00000,0.10619,0.44023
0.00000,0.00000,0.00000,0.00000,0.05018,0.12649,0.00000,0.00000,0.00000,0.00000,0.00000,0.00000,0.00057,0.82276
0.00000,0.00000,0.00000,0.00000,0.00000,0.00000,0.00000,0.00000,0.00005,0.52012,0.00000,0.00000,0.14508,0.33475
0.00000,0.00000,0.00000,0.00000,0.00000,0.00000,0.00000,0.00000,0.00000,0.01919,0.00000,0.00000,0.01014,0.97067
0.00000,0.00000,0.00000,0.00000,0.00000,0.00000,0.00053,0.00655,0.00000,0.00000,0.00000,0.00000,0.05137,0.94155
0.00000,0.00000,0.00000,0.00000,0.00000,0.14356,0.00000,0.00000,0.00000,0.00000,0.00000,0.00000,0.00396,0.85248
0.00000,0.00000,0.00674,0.03893,0.00000,0.00000,0.00000,0.00000,0.00000,0.00000,0.00000,0.00000,0.09441,0.85993
0.00000,0.00000,0.00000,0.00000,0.00000,0.00000,0.00000,0.00000,0.00007,0.03435,0.00000,0.00000,0.14336,0.82222
0.00000,0.00000,0.00000,0.00000,0.00000,0.00000,0.00000,0.00000,0.00000,0.00000,0.00000,0.09240,0.03035,0.87725
0.00000,0.00000,0.00000,0.00000,0.00000,0.15499,0.00000,0.00000,0.00000,0.00000,0.00000,0.00000,0.00218,0.84282
0.00000,0.00000,0.00000,0.00000,0.00000,0.00000,0.00000,0.00000,0.00000,0.03342,0.00000,0.00000,0.00176,0.96482
0.00000,0.00000,0.00000,0.00000,0.00000,0.00000,0.00000,0.00000,0.00000,0.15204,0.00000,0.00000,0.14120,0.70675
0.00000,0.00000,0.00007,0.22556,0.00000,0.00000,0.00000,0.00000,0.00000,0.00000,0.00000,0.00000,0.12098,0.65339
0.00000,0.00000,0.00000,0.00000,0.00000,0.00000,0.00000,0.10590,0.00000,0.00000,0.00000,0.00000,0.29283,0.60126
0.00000,0.00000,0.00000,0.00000,0.00000,0.00000,0.00000,0.00000,0.00000,0.00000,0.00000,0.00780,0.31676,0.67544
0.00000,0.00000,0.00000,0.00000,0.00000,0.26248,0.00000,0.00000,0.00000,0.00000,0.00000,0.00000,0.37593,0.36159
0.00000,0.42040,0.00000,0.00000,0.00000,0.00000,0.00000,0.00000,0.00000,0.00000,0.00000,0.00000,0.01332,0.56628
0.00000,0.00000,0.00000,0.00000,0.00000,0.06824,0.00000,0.00000,0.00000,0.00000,0.00000,0.00000,0.07638,0.85538
0.00000,0.00000,0.00000,0.00000,0.00001,0.04592,0.00000,0.00000,0.00000,0.00000,0.00000,0.00000,0.08407,0.87000
0.00000,0.00000,0.00000,0.00000,0.00001,0.40276,0.00000,0.00000,0.00000,0.00000,0.00000,0.00000,0.09487,0.50237
0.00000,0.00000,0.00000,0.00000,0.00000,0.00000,0.00000,0.12469,0.00000,0.00000,0.00000,0.00000,0.08675,0.78856
0.00000,0.00000,0.00000,0.00000,0.00000,0.00000,0.00000,0.00000,0.01234,0.05753,0.00000,0.00000,0.01004,0.92008
0.00000,0.00000,0.00000,0.00000,0.00000,0.14583,0.00000,0.00000,0.00000,0.00000,0.00000,0.00000,0.01849,0.83569
0.00000,0.00000,0.00000,0.00000,0.00000,0.00000,0.00000,0.01717,0.00000,0.00000,0.00000,0.00000,0.00023,0.98260
0.00000,0.00000,0.00000,0.00000,0.00000,0.00000,0.00430,0.11239,0.00000,0.00000,0.00000,0.00000,0.00429,0.87902
0.00000,0.00000,0.00000,0.00000,0.00000,0.00000,0.01877,0.19728,0.00000,0.00000,0.00000,0.00000,0.05371,0.73024
0.00000,0.04522,0.00000,0.00000,0.00000,0.00000,0.00000,0.00000,0.00000,0.00000,0.00000,0.00000,0.00002,0.95476
0.00000,0.22068,0.00000,0.00000,0.00000,0.00000,0.00000,0.00000,0.00000,0.00000,0.00000,0.00000,0.27520,0.50412
0.00000,0.00000,0.00000,0.20540,0.00000,0.00000,0.00000,0.00000,0.00000,0.00000,0.00000,0.00000,0.05501,0.73959
0.00000,0.00000,0.00000,0.00000,0.00000,0.00000,0.00000,0.00000,0.00000,0.00000,0.00000,0.08714,0.26880,0.64405
0.00000,0.00000,0.00000,0.00000,0.00000,0.00000,0.00000,0.00000,0.00000,0.00000,0.00000,0.49452,0.01680,0.48868
0.00000,0.00000,0.00000,0.00000,0.00000,0.29448,0.00000,0.00000,0.00000,0.00000,0.00000,0.00000,0.24954,0.45598
0.00000,0.00000,0.00000,0.01404,0.00000,0.00000,0.00000,0.00000,0.00000,0.00000,0.00000,0.00000,0.00121,0.98475
0.00001,0.13738,0.00000,0.00000,0.00000,0.00000,0.00000,0.00000,0.00000,0.00000,0.00000,0.00000,0.02268,0.83992
0.00000,0.00000,0.00000,0.00000,0.00000,0.00000,0.00000,0.00000,0.00000,0.00000,0.00000,0.68000,0.00226,0.31774
0.00000,0.00000,0.00000,0.00277,0.00000,0.00000,0.00000,0.00000,0.00000,0.00000,0.00000,0.00000,0.00403,0.99320
0.00000,0.04205,0.00000,0.00000,0.00000,0.00000,0.00000,0.00000,0.00000,0.00000,0.00000,0.00000,0.40332,0.55463
0.00000,0.00000,0.00000,0.00000,0.00000,0.00055,0.00000,0.00000,0.00000,0.00000,0.00000,0.00000,0.09835,0.90109
0.00000,0.39029,0.00000,0.00000,0.00000,0.00000,0.00000,0.00000,0.00000,0.00000,0.00000,0.00000,0.00001,0.60970
0.00000,0.00000,0.00000,0.00000,0.00000,0.02330,0.00000,0.00000,0.00000,0.00000,0.00000,0.00000,0.01316,0.96354
0.00000,0.00000,0.00000,0.00000,0.00000,0.00009,0.00000,0.00000,0.00000,0.00000,0.00000,0.00000,0.07247,0.92744
0.00000,0.00000,0.00000,0.00000,0.00000,0.00000,0.00000,0.02283,0.00000,0.00000,0.00000,0.00000,0.58704,0.39014
0.00000,0.00000,0.00000,0.00000,0.00000,0.00000,0.00000,0.00000,0.00000,0.00000,0.00011,0.03751,0.35176,0.61063
0.00000,0.00000,0.00000,0.00000,0.00000,0.00000,0.00000,0.01263,0.00000,0.00000,0.00000,0.00000,0.13124,0.85613
0.00000,0.00000,0.00000,0.00000,0.00000,0.00000,0.00000,0.00000,0.00000,0.05495,0.00000,0.00000,0.00206,0.94299
0.00000,0.00000,0.00000,0.00000,0.00000,0.00000,0.00000,0.00000,0.00000,0.00000,0.00000,0.10466,0.15161,0.74373
0.14890,0.12402,0.00000,0.00000,0.00000,0.00000,0.00000,0.00000,0.00000,0.00000,0.00000,0.00000,0.19883,0.52825
0.00000,0.00000,0.00000,0.00000,0.00000,0.00000,0.00000,0.00000,0.00000,0.00010,0.00000,0.00000,0.07705,0.92285
0.00000,0.00000,0.00000,0.10372,0.00000,0.00000,0.00000,0.00000,0.00000,0.00000,0.00000,0.00000,0.02344,0.87284
0.00000,0.00000,0.00000,0.00000,0.00448,0.52029,0.00000,0.00000,0.00000,0.00000,0.00000,0.00000,0.00422,0.47102
0.00000,0.00000,0.00000,0.00000,0.00000,0.08371,0.00000,0.00000,0.00000,0.00000,0.00000,0.00000,0.01467,0.90162
0.00000,0.00000,0.00000,0.00000,0.00000,0.00000,0.00000,0.00000,0.00000,0.38477,0.00000,0.00000,0.08322,0.53201
0.00000,0.12367,0.00000,0.00000,0.00000,0.00000,0.00000,0.00000,0.00000,0.00000,0.00000,0.00000,0.00270,0.87363
0.00000,0.00000,0.01677,0.21792,0.00000,0.00000,0.00000,0.00000,0.00000,0.00000,0.00000,0.00000,0.03031,0.73500
0.31498,0.08057,0.00000,0.00000,0.00000,0.00000,0.00000,0.00000,0.00000,0.00000,0.00000,0.00000,0.00660,0.59785
0.00000,0.00000,0.00000,0.00000,0.00000,0.00000,0.00000,0.05233,0.00000,0.00000,0.00000,0.00000,0.04854,0.89913
0.00000,0.00000,0.00000,0.12886,0.00000,0.00000,0.00000,0.00000,0.00000,0.00000,0.00000,0.00000,0.18166,0.68948
0.00000,0.00000,0.00000,0.00000,0.00000,0.00000,0.00073,0.01445,0.00000,0.00000,0.00000,0.00000,0.21313,0.77169
0.00000,0.00000,0.00000,0.00000,0.00000,0.00000,0.00000,0.00000,0.00000,0.00000,0.00001,0.09549,0.23671,0.66779
0.00000,0.00000,0.00000,0.00000,0.00000,0.00000,0.00000,0.00000,0.00002,0.09026,0.00000,0.00000,0.03038,0.87934
0.00000,0.00000,0.00000,0.00000,0.00000,0.00000,0.00000,0.00000,0.00000,0.25368,0.00000,0.00000,0.02870,0.71761
0.00000,0.01568,0.00000,0.00000,0.00000,0.00000,0.00000,0.00000,0.00000,0.00000,0.00000,0.00000,0.00475,0.97957
0.00000,0.00000,0.00000,0.00000,0.00000,0.00000,0.00000,0.10784,0.00000,0.00000,0.00000,0.00000,0.06347,0.82870
0.00000,0.00000,0.00000,0.00000,0.00000,0.00000,0.00000,0.00000,0.00000,0.00000,0.00000,0.00000,0.15409,0.84591
0.00198,0.01979,0.00000,0.00000,0.00000,0.00000,0.00000,0.00000,0.00000,0.00000,0.00000,0.00000,0.01713,0.96110
0.00000,0.00000,0.00000,0.00000,0.00000,0.00000,0.00000,0.00000,0.00000,0.00000,0.00127,0.14407,0.46030,0.39437
0.00053,0.51901,0.00000,0.00000,0.00000,0.00000,0.00000,0.00000,0.00000,0.00000,0.00000,0.00000,0.00548,0.47497
0.00000,0.00000,0.00000,0.04015,0.00000,0.00000,0.00000,0.00000,0.00000,0.00000,0.00000,0.00000,0.02187,0.93798
0.00000,0.00000,0.00000,0.00000,0.00065,0.19493,0.00000,0.00000,0.00000,0.00000,0.00000,0.00000,0.04519,0.75924
0.00000,0.00000,0.00000,0.00000,0.03086,0.07017,0.00000,0.00000,0.00000,0.00000,0.00000,0.00000,0.06753,0.83145
0.00000,0.00000,0.00000,0.00000,0.00000,0.00000,0.00000,0.00000,0.00000,0.00000,0.00000,0.05381,0.03813,0.90806
0.00000,0.00000,0.00000,0.00000,0.00000,0.00000,0.00000,0.00000,0.00000,0.12934,0.00000,0.00000,0.00555,0.86511
0.00000,0.00000,0.00000,0.00000,0.00000,0.00000,0.00000,0.00000,0.00000,0.00612,0.00000,0.00000,0.01655,0.97733
0.00000,0.00000,0.00000,0.00000,0.00000,0.00000,0.04383,0.00521,0.00000,0.00000,0.00000,0.00000,0.03980,0.91116
0.00000,0.00000,0.00000,0.03549,0.00000,0.00000,0.00000,0.00000,0.00000,0.00000,0.00000,0.00000,0.12242,0.84209
0.00000,0.00000,0.00000,0.00000,0.00000,0.00000,0.00000,0.00000,0.00000,0.59598,0.00000,0.00000,0.16038,0.24363
0.00000,0.21220,0.00000,0.00000,0.00000,0.00000,0.00000,0.00000,0.00000,0.00000,0.00000,0.00000,0.01332,0.77449
0.00000,0.04096,0.00000,0.00000,0.00000,0.00000,0.00000,0.00000,0.00000,0.00000,0.00000,0.00000,0.01327,0.94577
0.00000,0.00000,0.00000,0.00000,0.00000,0.00000,0.00000,0.00000,0.00000,0.20727,0.00000,0.00000,0.08852,0.70421
0.00000,0.00000,0.00000,0.00000,0.00000,0.00000,0.00000,0.00000,0.18481,0.43889,0.00000,0.00000,0.00708,0.36923
0.00000,0.00111,0.00000,0.00000,0.00000,0.00000,0.00000,0.00000,0.00000,0.00000,0.00000,0.00000,0.00080,0.99809
0.33412,0.00303,0.00000,0.00000,0.00000,0.00000,0.00000,0.00000,0.00000,0.00000,0.00000,0.00000,0.17563,0.48722
0.00000,0.00000,0.00000,0.00000,0.00000,0.00000,0.00000,0.00000,0.00000,0.00896,0.00000,0.00000,0.03270,0.95833
0.00000,0.00000,0.00000,0.00000,0.00000,0.13834,0.00000,0.00000,0.00000,0.00000,0.00000,0.00000,0.16629,0.69537
0.00000,0.00000,0.00000,0.00000,0.00000,0.00000,0.00000,0.16882,0.00000,0.00000,0.00000,0.00000,0.22380,0.60738
0.00000,0.00000,0.00000,0.01658,0.00000,0.00000,0.00000,0.00000,0.00000,0.00000,0.00000,0.00000,0.00980,0.97362
0.00000,0.00000,0.00000,0.00000,0.00006,0.05558,0.00000,0.00000,0.00000,0.00000,0.00000,0.00000,0.25224,0.69212
0.15800,0.47372,0.00000,0.00000,0.00000,0.00000,0.00000,0.00000,0.00000,0.00000,0.00000,0.00000,0.00015,0.36813
0.00000,0.00000,0.00000,0.24800,0.00000,0.00000,0.00000,0.00000,0.00000,0.00000,0.00000,0.00000,0.02000,0.73200
0.00000,0.00000,0.00000,0.00000,0.00000,0.00000,0.00049,0.13199,0.00000,0.00000,0.00000,0.00000,0.04977,0.81774
0.00000,0.00000,0.00000,0.00000,0.00000,0.00000,0.00000,0.00000,0.00000,0.00000,0.00476,0.04342,0.27426,0.67756
0.00000,0.00000,0.00000,0.00000,0.00000,0.00000,0.27068,0.13461,0.00000,0.00000,0.00000,0.00000,0.00105,0.59366
0.00000,0.00000,0.00000,0.00000,0.00000,0.00000,0.00000,0.26151,0.00000,0.00000,0.00000,0.00000,0.02076,0.71773
0.00000,0.00000,0.00000,0.00000,0.00000,0.00000,0.00000,0.00660,0.00000,0.00000,0.00000,0.00000,0.00957,0.98383
0.00000,0.00000,0.00000,0.00000,0.00000,0.00000,0.00000,0.00000,0.00000,0.00015,0.00000,0.00000,0.07780,0.92204
0.00000,0.04350,0.00000,0.00000,0.00000,0.00000,0.00000,0.00000,0.00000,0.00000,0.00000,0.00000,0.00000,0.95650
0.00023,0.21663,0.00000,0.00000,0.00000,0.00000,0.00000,0.00000,0.00000,0.00000,0.00000,0.00000,0.01421,0.76893
0.00000,0.00000,0.00000,0.00000,0.00000,0.00000,0.00000,0.13435,0.00000,0.00000,0.00000,0.00000,0.01371,0.85193
0.00000,0.00000,0.00000,0.00000,0.00000,0.16498,0.00000,0.00000,0.00000,0.00000,0.00000,0.00000,0.37062,0.46440
0.00000,0.05878,0.00000,0.00000,0.00000,0.00000,0.00000,0.00000,0.00000,0.00000,0.00000,0.00000,0.00010,0.94112
0.00000,0.00000,0.00000,0.04271,0.00000,0.00000,0.00000,0.00000,0.00000,0.00000,0.00000,0.00000,0.03233,0.92496
0.00000,0.00000,0.00000,0.00000,0.00000,0.00000,0.00001,0.03631,0.00000,0.00000,0.00000,0.00000,0.06240,0.90128
0.00000,0.00000,0.00000,0.00000,0.00000,0.00000,0.00000,0.00000,0.00000,0.00000,0.00000,0.09200,0.02749,0.88051
0.00000,0.00000,0.00000,0.00000,0.00000,0.00000,0.00000,0.00000,0.00001,0.67566,0.00000,0.00000,0.02068,0.30365
0.00000,0.00000,0.00000,0.00000,0.00000,0.00000,0.00000,0.00000,0.00000,0.01234,0.00000,0.00000,0.09606,0.89160
0.00000,0.00000,0.00000,0.00000,0.00000,0.00000,0.00000,0.00000,0.00273,0.22059,0.00000,0.00000,0.19758,0.57910
0.00000,0.00000,0.00000,0.00000,0.00000,0.00052,0.00000,0.00000,0.00000,0.00000,0.00000,0.00000,0.47696,0.52252
0.00000,0.00000,0.00000,0.00000,0.00000,0.00000,0.01951,0.12302,0.00000,0.00000,0.00000,0.00000,0.02128,0.83619
0.00000,0.00000,0.00000,0.00000,0.00000,0.00000,0.00000,0.19398,0.00000,0.00000,0.00000,0.00000,0.03559,0.77043
0.00000,0.00000,0.00000,0.00000,0.00000,0.00000,0.00000,0.00000,0.00000,0.00000,0.00000,0.00181,0.18201,0.81617
0.01373,0.02754,0.00000,0.00000,0.00000,0.00000,0.00000,0.00000,0.00000,0.00000,0.00000,0.00000,0.00001,0.95872
0.00000,0.27690,0.00000,0.00000,0.00000,0.00000,0.00000,0.00000,0.00000,0.00000,0.00000,0.00000,0.21632,0.50678
0.00000,0.00000,0.00000,0.00000,0.00000,0.00000,0.00000,0.00000,0.00000,0.47463,0.00000,0.00000,0.00517,0.52019
0.00000,0.00000,0.00000,0.00000,0.00000,0.00000,0.08688,0.74190,0.00000,0.00000,0.00000,0.00000,0.03830,0.13291
0.00000,0.00000,0.00000,0.00000,0.00000,0.00000,0.00000,0.00000,0.00000,0.00000,0.00000,0.00556,0.37258,0.62186
0.00000,0.00000,0.00000,0.00000,0.00000,0.29063,0.00000,0.00000,0.00000,0.00000,0.00000,0.00000,0.04735,0.66203
0.00000,0.02807,0.00000,0.00000,0.00000,0.00000,0.00000,0.00000,0.00000,0.00000,0.00000,0.00000,0.85379,0.11814
0.00000,0.00000,0.00000,0.00000,0.00000,0.00000,0.00000,0.20136,0.00000,0.00000,0.00000,0.00000,0.00117,0.79748
0.00000,0.00000,0.00000,0.00000,0.00000,0.00000,0.00000,0.00000,0.00000,0.00000,0.00006,0.22159,0.04249,0.73585
0.00000,0.00000,0.00000,0.00000,0.00000,0.00715,0.00000,0.00000,0.00000,0.00000,0.00000,0.00000,0.00027,0.99259
0.00000,0.00515,0.00000,0.00000,0.00000,0.00000,0.00000,0.00000,0.00000,0.00000,0.00000,0.00000,0.04336,0.95149
0.00000,0.00000,0.00000,0.00000,0.00000,0.00000,0.00000,0.00000,0.00000,0.00000,0.00000,0.01940,0.29194,0.68866
0.00000,0.00000,0.00000,0.22597,0.00000,0.00000,0.00000,0.00000,0.00000,0.00000,0.00000,0.00000,0.01778,0.75625
0.00000,0.00000,0.00000,0.00000,0.00000,0.19187,0.00000,0.00000,0.00000,0.00000,0.00000,0.00000,0.13601,0.67211
0.00000,0.00000,0.00000,0.00000,0.00000,0.01444,0.00000,0.00000,0.00000,0.00000,0.00000,0.00000,0.00339,0.98217
0.00000,0.00000,0.00000,0.00000,0.26516,0.00875,0.00000,0.00000,0.00000,0.00000,0.00000,0.00000,0.01666,0.70943
0.00000,0.08024,0.00000,0.00000,0.00000,0.00000,0.00000,0.00000,0.00000,0.00000,0.00000,0.00000,0.18513,0.73463
0.00000,0.00000,0.00000,0.00000,0.00000,0.00000,0.00000,0.00000,0.00000,0.00000,0.00000,0.00000,0.68580,0.31420
0.00000,0.00000,0.00000,0.00000,0.00000,0.00734,0.00000,0.00000,0.00000,0.00000,0.00000,0.00000,0.29300,0.69966
0.00000,0.00000,0.00005,0.00020,0.00000,0.00000,0.00000,0.00000,0.00000,0.00000,0.00000,0.00000,0.08172,0.91804
0.00000,0.00000,0.00000,0.00000,0.00000,0.00000,0.00000,0.00000,0.00000,0.00000,0.00000,0.02997,0.14037,0.82965
0.00000,0.00000,0.00000,0.00000,0.00000,0.00000,0.00000,0.00000,0.00000,0.00000,0.00000,0.00858,0.01892,0.97249
0.00000,0.00000,0.00000,0.00000,0.00000,0.00000,0.00000,0.22523,0.00000,0.00000,0.00000,0.00000,0.00025,0.77452
0.00000,0.00000,0.00001,0.11321,0.00000,0.00000,0.00000,0.00000,0.00000,0.00000,0.00000,0.00000,0.00000,0.88677
0.00000,0.00000,0.00000,0.00000,0.00000,0.00000,0.00000,0.00000,0.00257,0.14233,0.00000,0.00000,0.11282,0.74228
0.00000,0.15454,0.00000,0.00000,0.00000,0.00000,0.00000,0.00000,0.00000,0.00000,0.00000,0.00000,0.07028,0.77518
0.00000,0.00000,0.18800,0.04283,0.00000,0.00000,0.00000,0.00000,0.00000,0.00000,0.00000,0.00000,0.00001,0.76916
0.00000,0.00000,0.00000,0.00000,0.00000,0.00000,0.00017,0.06684,0.00000,0.00000,0.00000,0.00000,0.29841,0.63458
0.00000,0.00000,0.00000,0.00000,0.00000,0.04021,0.00000,0.00000,0.00000,0.00000,0.00000,0.00000,0.25675,0.70304
0.00000,0.02130,0.00000,0.00000,0.00000,0.00000,0.00000,0.00000,0.00000,0.00000,0.00000,0.00000,0.10804,0.87066
0.00000,0.00000,0.00000,0.00000,0.00000,0.00000,0.00000,0.00000,0.00000,0.18109,0.00000,0.00000,0.04930,0.76960
0.00000,0.00000,0.00000,0.17589,0.00000,0.00000,0.00000,0.00000,0.00000,0.00000,0.00000,0.00000,0.27260,0.55151
0.00000,0.00000,0.00001,0.06027,0.00000,0.00000,0.00000,0.00000,0.00000,0.00000,0.00000,0.00000,0.06549,0.87422
0.00000,0.00000,0.00000,0.00000,0.00000,0.00000,0.00000,0.00000,0.00000,0.01440,0.00000,0.00000,0.00067,0.98493
0.00003,0.02345,0.00000,0.00000,0.00000,0.00000,0.00000,0.00000,0.00000,0.00000,0.00000,0.00000,0.28667,0.68985
0.00000,0.00000,0.00000,0.00000,0.00000,0.00000,0.00000,0.22336,0.00000,0.00000,0.00000,0.00000,0.38191,0.39474
0.02896,0.06790,0.00000,0.00000,0.00000,0.00000,0.00000,0.00000,0.00000,0.00000,0.00000,0.00000,0.13376,0.76939
0.00000,0.00000,0.00000,0.23223,0.00000,0.00000,0.00000,0.00000,0.00000,0.00000,0.00000,0.00000,0.05709,0.71068
0.00000,0.00000,0.00000,0.00000,0.00000,0.00000,0.00000,0.00000,0.00000,0.00000,0.01884,0.02391,0.04319,0.91406
0.00000,0.00000,0.00000,0.00000,0.00000,0.00000,0.00000,0.00000,0.00760,0.06667,0.00000,0.00000,0.44742,0.47832
0.00000,0.00000,0.00000,0.00000,0.00000,0.00000,0.00000,0.00000,0.00000,0.06566,0.00000,0.00000,0.12474,0.80960
0.00000,0.00000,0.00000,0.00000,0.00000,0.00000,0.00000,0.00000,0.00000,0.00000,0.00000,0.32698,0.23601,0.43701
0.00000,0.00000,0.00000,0.00000,0.00000,0.00000,0.00000,0.00000,0.00000,0.00000,0.00070,0.10712,0.10200,0.79019
0.00000,0.00000,0.00000,0.00000,0.00000,0.00062,0.00000,0.00000,0.00000,0.00000,0.00000,0.00000,0.00157,0.99781
0.00000,0.00000,0.00000,0.00000,0.00000,0.01133,0.00000,0.00000,0.00000,0.00000,0.00000,0.00000,0.01268,0.97599
0.00000,0.00000,0.01712,0.02467,0.00000,0.00000,0.00000,0.00000,0.00000,0.00000,0.00000,0.00000,0.08064,0.87757
0.24674,0.14119,0.00000,0.00000,0.00000,0.00000,0.00000,0.00000,0.00000,0.00000,0.00000,0.00000,0.23411,0.37797
0.00000,0.00000,0.00000,0.00000,0.02867,0.00207,0.00000,0.00000,0.00000,0.00000,0.00000,0.00000,0.08697,0.88229
0.00000,0.00000,0.00000,0.00000,0.00008,0.59638,0.00000,0.00000,0.00000,0.00000,0.00000,0.00000,0.00043,0.40311
0.00000,0.00000,0.00000,0.00000,0.00000,0.00000,0.00000,0.00000,0.00000,0.00000,0.02067,0.12441,0.00828,0.84664
0.00000,0.12259,0.00000,0.00000,0.00000,0.00000,0.00000,0.00000,0.00000,0.00000,0.00000,0.00000,0.21336,0.66405
0.01071,0.05753,0.00000,0.00000,0.00000,0.00000,0.00000,0.00000,0.00000,0.00000,0.00000,0.00000,0.07966,0.85210
0.00000,0.00000,0.00000,0.29261,0.00000,0.00000,0.00000,0.00000,0.00000,0.00000,0.00000,0.00000,0.05685,0.65053
0.00000,0.00600,0.00000,0.00000,0.00000,0.00000,0.00000,0.00000,0.00000,0.00000,0.00000,0.00000,0.01235,0.98165
0.00000,0.00000,0.00000,0.00000,0.00000,0.00000,0.00000,0.00000,0.00000,0.00000,0.00303,0.00282,0.17359,0.82056
0.00000,0.00000,0.00000,0.03491,0.00000,0.00000,0.00000,0.00000,0.00000,0.00000,0.00000,0.00000,0.28939,0.67571
0.00000,0.00000,0.00000,0.00000,0.00000,0.00000,0.00000,0.00000,0.00000,0.00000,0.00000,0.01835,0.00182,0.97984
0.00000,0.00000,0.00000,0.00000,0.00000,0.01673,0.00000,0.00000,0.00000,0.00000,0.00000,0.00000,0.00188,0.98139
0.00000,0.00000,0.00000,0.00000,0.00601,0.00004,0.00000,0.00000,0.00000,0.00000,0.00000,0.00000,0.27889,0.71505
0.00000,0.00000,0.00000,0.01286,0.00000,0.00000,0.00000,0.00000,0.00000,0.00000,0.00000,0.00000,0.02067,0.96648
0.00000,0.00000,0.00000,0.00000,0.00000,0.00110,0.00000,0.00000,0.00000,0.00000,0.00000,0.00000,0.00152,0.99738
