0.01162,0.12846,0.00607,0.12450,0.00346,0.00731,0.31520,0.00590,0.35653,0.04096
0.19902,0.35319,0.13854,0.04804,0.10229,0.02619,0.01311,0.02617,0.04288,0.05056
0.00770,0.01199,0.01222,0.01935,0.00869,0.28270,0.01985,0.25946,0.17437,0.20368
0.33338,0.32510,0.04852,0.02623,0.05899,0.03633,0.03022,0.05001,0.04937,0.04187
0.01815,0.01555,0.03053,0.01887,0.03145,0.10885,0.01493,0.01071,0.29726,0.45371
0.02084,0.09215,0.09755,0.02411,0.02741,0.02499,0.27583,0.01824,0.33498,0.08392
0.03439,0.01080,0.02036,0.02237,0.03500,0.28685,0.02964,0.30422,0.12161,0.13477
0.02945,0.00602,0.00918,0.01165,0.00844,0.01043,0.04999,0.02610,0.42891,0.41982
0.00452,0.00597,0.00683,0.00539,0.00405,0.00668,0.00496,0.00488,0.47611,0.48061
0.02129,0.02481,0.01409,0.00637,0.01218,0.02287,0.00990,0.01636,0.42891,0.44323
0.04117,0.02541,0.04239,0.02757,0.24703,0.09959,0.02497,0.07754,0.16579,0.24854
0.01010,0.02650,0.01591,0.01475,0.02328,0.03617,0.38545,0.38356,0.02968,0.07461
0.02077,0.02382,0.01961,0.33475,0.02773,0.03210,0.19452,0.23078,0.04973,0.06618
0.00239,0.00229,0.00279,0.00255,0.00271,0.00544,0.00650,0.00849,0.48223,0.48461
0.06054,0.01974,0.03392,0.02991,0.03074,0.02735,0.26706,0.01030,0.38264,0.13780
0.04827,0.01476,0.02790,0.02670,0.03544,0.37875,0.02099,0.01563,0.02812,0.40345
0.03292,0.02427,0.01989,0.04848,0.04545,0.01279,0.01905,0.01129,0.39031,0.39554
0.02896,0.02492,0.06985,0.04771,0.05231,0.03465,0.02996,0.03222,0.34454,0.33489
0.02127,0.02298,0.03250,0.01188,0.01217,0.02253,0.01398,0.01296,0.41717,0.43257
0.16522,0.00899,0.15633,0.04098,0.18059,0.11085,0.02190,0.01016,0.08169,0.22330
0.00819,0.01193,0.00910,0.01056,0.00561,0.02378,0.01768,0.00485,0.45001,0.45830
0.01385,0.07385,0.06148,0.01470,0.02058,0.01621,0.35889,0.02162,0.38285,0.03597
0.01569,0.02465,0.02291,0.02585,0.01973,0.37509,0.02657,0.14928,0.03986,0.30037
0.05440,0.06804,0.05653,0.54206,0.06392,0.06358,0.01908,0.03488,0.04858,0.04892
0.03895,0.03255,0.06288,0.02590,0.03708,0.05551,0.16313,0.02252,0.32451,0.23698
0.01957,0.01333,0.01959,0.01565,0.01042,0.00742,0.37177,0.04608,0.41924,0.07693
0.01416,0.01833,0.01939,0.01638,0.01515,0.02134,0.39254,0.40356,0.04204,0.05711
0.01307,0.02012,0.05389,0.06610,0.06857,0.16917,0.11571,0.16254,0.21011,0.12072
0.00649,0.00893,0.01489,0.00609,0.00785,0.00827,0.23546,0.25343,0.21624,0.24235
0.01234,0.12646,0.01823,0.12049,0.02300,0.29629,0.02442,0.30498,0.03238,0.04140
0.69446,0.01477,0.03875,0.02160,0.07036,0.02379,0.01143,0.02173,0.05494,0.04816
0.00802,0.01024,0.00982,0.00702,0.00632,0.16123,0.01216,0.15915,0.30498,0.32106
0.01698,0.01687,0.02740,0.00925,0.01965,0.03531,0.37585,0.35402,0.09368,0.05099
0.02522,0.02677,0.02701,0.03073,0.05751,0.06453,0.14695,0.02158,0.33723,0.26247
0.15290,0.00904,0.02595,0.07756,0.11053,0.04233,0.01310,0.05094,0.24647,0.27120
0.08146,0.07396,0.08465,0.05378,0.09468,0.01854,0.02213,0.01334,0.28002,0.27745
0.01103,0.02686,0.01497,0.01681,0.01593,0.01914,0.13752,0.14871,0.30138,0.30765
0.07666,0.03775,0.16264,0.23193,0.10194,0.04019,0.00793,0.01620,0.15331,0.17145
0.29608,0.03619,0.13199,0.06867,0.13116,0.01905,0.02174,0.01676,0.15128,0.12707
0.00966,0.01338,0.01251,0.00391,0.01286,0.01988,0.00921,0.00735,0.43624,0.47500
0.00812,0.01351,0.03311,0.03126,0.00867,0.26950,0.09153,0.25504,0.11747,0.17179
0.11908,0.06749,0.12719,0.07469,0.06510,0.04916,0.17843,0.09174,0.12172,0.10540
0.02428,0.01340,0.13880,0.02668,0.13252,0.02483,0.02109,0.02672,0.29002,0.30165
0.01925,0.26367,0.01188,0.01515,0.00948,0.28996,0.01976,0.12015,0.03336,0.21735
0.01716,0.07104,0.01236,0.01472,0.01521,0.04890,0.16854,0.19657,0.22074,0.23476
0.14640,0.00816,0.03665,0.03458,0.01255,0.28498,0.07223,0.27557,0.10320,0.02568
0.01075,0.00913,0.01140,0.00694,0.02511,0.01316,0.20953,0.01221,0.45167,0.25010
0.03220,0.02243,0.04474,0.04363,0.04412,0.05520,0.01752,0.02022,0.33145,0.38848
0.01655,0.02172,0.01994,0.02732,0.01745,0.02376,0.19676,0.20504,0.23093,0.24052
0.00854,0.05371,0.22634,0.02103,0.22957,0.01773,0.15107,0.14383,0.07834,0.06983
0.01109,0.00603,0.01064,0.00760,0.01163,0.01802,0.01380,0.01121,0.44829,0.46169
0.02140,0.01920,0.01791,0.01460,0.01836,0.26562,0.02128,0.00995,0.17364,0.43804
0.04124,0.02808,0.02918,0.03818,0.04519,0.13168,0.02904,0.03790,0.25814,0.36137
0.04171,0.02693,0.06324,0.01972,0.25295,0.18059,0.05036,0.02856,0.07289,0.26306
0.01473,0.02211,0.01720,0.01358,0.01237,0.30273,0.05474,0.03789,0.13020,0.39444
0.02420,0.02139,0.02178,0.02340,0.01516,0.33504,0.01043,0.03050,0.11167,0.40643
0.59044,0.01220,0.01972,0.02630,0.00774,0.10876,0.05020,0.09834,0.05422,0.03208
0.01005,0.38995,0.39306,0.00952,0.00769,0.01182,0.01046,0.00901,0.07899,0.07947
0.01198,0.01397,0.01265,0.01332,0.01121,0.01091,0.00587,0.00785,0.45223,0.46002
0.02211,0.01256,0.01229,0.01303,0.00815,0.02888,0.07415,0.07944,0.37587,0.37352
0.00688,0.01058,0.01399,0.01195,0.01433,0.01227,0.01375,0.00987,0.45064,0.45574
0.02029,0.01419,0.20973,0.01929,0.21444,0.21137,0.01853,0.20045,0.04163,0.05008
0.01290,0.01867,0.01550,0.01121,0.01501,0.29477,0.04186,0.31656,0.12837,0.14515
0.07237,0.20607,0.11507,0.13913,0.09212,0.01885,0.01137,0.00847,0.16297,0.17358
0.00579,0.02330,0.01231,0.02252,0.02130,0.18991,0.14144,0.27487,0.17973,0.12885
0.03088,0.03517,0.03459,0.03161,0.02629,0.31845,0.05279,0.06020,0.09037,0.31965
0.02536,0.02232,0.02708,0.01734,0.01715,0.02723,0.06505,0.05463,0.38068,0.36315
0.04769,0.04437,0.06296,0.01470,0.02454,0.36504,0.01487,0.35353,0.02981,0.04249
0.01632,0.18188,0.03398,0.17608,0.04469,0.10968,0.01018,0.09004,0.16812,0.16902
0.02561,0.04621,0.02263,0.06349,0.04339,0.01567,0.20875,0.01653,0.38514,0.17258
0.07043,0.09323,0.03675,0.18442,0.04939,0.02658,0.20145,0.01341,0.25229,0.07206
0.02582,0.03189,0.01405,0.01018,0.01693,0.15801,0.01126,0.04762,0.25660,0.42763
0.30285,0.27754,0.02024,0.01398,0.03146,0.01053,0.01281,0.00699,0.16102,0.16257
0.03102,0.01642,0.04552,0.02566,0.03874,0.34190,0.03159,0.02628,0.03802,0.40486
0.07279,0.04006,0.03936,0.07898,0.08659,0.01645,0.28242,0.03204,0.30880,0.04250
0.09669,0.10990,0.06291,0.02422,0.04939,0.27517,0.01057,0.27448,0.03989,0.05678
0.02824,0.01276,0.31604,0.02866,0.30499,0.05762,0.05543,0.01835,0.06920,0.10872
0.01472,0.03268,0.02703,0.02841,0.01429,0.25335,0.03429,0.01644,0.17620,0.40258
0.04060,0.21264,0.22503,0.05791,0.03399,0.18716,0.00953,0.15773,0.03003,0.04539
0.01906,0.01642,0.02718,0.01976,0.02197,0.01373,0.11909,0.01204,0.42240,0.32834
0.02069,0.02246,0.03032,0.02250,0.01793,0.35992,0.01639,0.02958,0.07161,0.40860
0.01340,0.05304,0.00891,0.05117,0.01349,0.37462,0.01511,0.01749,0.03908,0.41369
0.00931,0.00716,0.00943,0.00764,0.00700,0.00757,0.02754,0.00514,0.46977,0.44944
0.04054,0.10756,0.07372,0.05680,0.02516,0.14080,0.05989,0.07609,0.12470,0.29472
0.01551,0.01693,0.01379,0.00930,0.01944,0.00978,0.37898,0.38869,0.06224,0.08533
0.00810,0.07907,0.10695,0.04353,0.09141,0.14064,0.02830,0.12848,0.15501,0.21851
0.03332,0.03589,0.03882,0.03096,0.02971,0.07063,0.14314,0.04485,0.34374,0.22895
0.15361,0.17989,0.21740,0.03424,0.07171,0.02046,0.02187,0.01259,0.14584,0.14237
0.02278,0.02753,0.04608,0.02303,0.07792,0.05270,0.28948,0.02869,0.33279,0.09900
0.02636,0.06124,0.16207,0.19673,0.03688,0.02397,0.03563,0.01310,0.22202,0.22200
0.05855,0.10686,0.05965,0.12089,0.09855,0.01002,0.23913,0.01520,0.26791,0.02324
0.01813,0.01494,0.04656,0.00948,0.05627,0.18556,0.14906,0.14079,0.24094,0.13827
0.01598,0.35397,0.04878,0.33752,0.00820,0.03769,0.04911,0.01689,0.07285,0.05901
0.00911,0.13932,0.14669,0.01199,0.01000,0.01638,0.05038,0.02380,0.30853,0.28381
0.02111,0.00907,0.01931,0.01640,0.01334,0.02452,0.09641,0.03050,0.42528,0.34406
0.01892,0.02052,0.02083,0.01787,0.05368,0.01800,0.06393,0.01357,0.41474,0.35793
0.05631,0.02439,0.01840,0.01891,0.03080,0.05750,0.04075,0.04268,0.35106,0.35920
0.03574,0.04537,0.03141,0.04412,0.03911,0.17832,0.19542,0.12690,0.22152,0.08208
0.00620,0.03856,0.12698,0.10900,0.12574,0.12200,0.05077,0.11199,0.14666,0.16211
0.00616,0.01203,0.01738,0.02075,0.01670,0.31426,0.01354,0.01345,0.12910,0.45663
0.18295,0.02370,0.01043,0.01860,0.01405,0.00536,0.00577,0.00563,0.36499,0.36851
0.00400,0.18287,0.01986,0.01818,0.02238,0.20136,0.02814,0.18771,0.14812,0.18737
0.02785,0.02751,0.04297,0.00399,0.03521,0.13799,0.03251,0.02746,0.25121,0.41331
0.33587,0.32286,0.02703,0.00973,0.03220,0.03283,0.01525,0.02993,0.09559,0.09870
0.28294,0.30534,0.14151,0.01044,0.09559,0.02085,0.02204,0.00679,0.05327,0.06123
0.00732,0.02941,0.02000,0.01612,0.01090,0.04613,0.05072,0.05529,0.37424,0.38986
0.04317,0.01913,0.04241,0.02914,0.06065,0.11279,0.19473,0.06308,0.26493,0.16997
0.06218,0.02069,0.03691,0.03007,0.03316,0.07302,0.24520,0.22737,0.09278,0.17862
0.02257,0.01716,0.01592,0.03549,0.02729,0.00982,0.14534,0.01284,0.42229,0.29128
0.05179,0.09118,0.12024,0.01973,0.01435,0.01575,0.07393,0.03827,0.31346,0.26131
0.01185,0.01192,0.01479,0.00901,0.01073,0.42453,0.01369,0.01754,0.03111,0.45483
0.01972,0.02741,0.02649,0.01110,0.01234,0.01644,0.19150,0.01752,0.43437,0.24312
0.07295,0.15678,0.06513,0.15198,0.12387,0.01372,0.07529,0.06093,0.14470,0.13467
0.01687,0.01979,0.01482,0.03197,0.02259,0.01371,0.19245,0.06631,0.37926,0.24223
0.01597,0.01486,0.01414,0.01767,0.00478,0.45030,0.00732,0.44615,0.01340,0.01541
0.01680,0.02837,0.04060,0.01461,0.01202,0.08512,0.03614,0.02618,0.36089,0.37928
0.02505,0.01667,0.02130,0.02069,0.02627,0.02286,0.28814,0.03509,0.41035,0.13358
0.02489,0.09946,0.15874,0.02044,0.01877,0.03557,0.02049,0.02609,0.28767,0.30787
0.00929,0.04405,0.01033,0.01614,0.01743,0.02553,0.02633,0.01647,0.40672,0.42772
0.02341,0.11425,0.02778,0.03212,0.04281,0.15547,0.00939,0.14180,0.22378,0.22919
0.03523,0.04316,0.03447,0.04077,0.04478,0.01272,0.18412,0.02302,0.38310,0.19862
0.01762,0.01748,0.02077,0.00724,0.04994,0.01551,0.18694,0.01478,0.42073,0.24901
0.01941,0.01587,0.02014,0.01588,0.01746,0.02096,0.32811,0.02236,0.42815,0.11167
0.00712,0.00840,0.01265,0.01347,0.01392,0.04964,0.40779,0.03563,0.42071,0.03067
0.03666,0.02114,0.02159,0.03440,0.00937,0.15581,0.23926,0.01733,0.29359,0.17085
0.01842,0.02905,0.15240,0.02871,0.16179,0.03187,0.04655,0.02239,0.24443,0.26439
0.01709,0.01831,0.02980,0.01115,0.06620,0.24369,0.10224,0.33750,0.06526,0.10878
0.00878,0.01262,0.01592,0.01000,0.00875,0.01158,0.00508,0.00341,0.45696,0.46690
0.03208,0.04723,0.03724,0.04075,0.02371,0.18022,0.02835,0.03341,0.22452,0.35249
0.01170,0.00585,0.00533,0.00776,0.01141,0.01354,0.01530,0.02494,0.44849,0.45568
0.01486,0.02557,0.02001,0.02293,0.00895,0.04617,0.30440,0.32707,0.11325,0.11679
0.09650,0.08245,0.06864,0.07022,0.09488,0.19391,0.01105,0.17549,0.09939,0.10747
0.01278,0.16565,0.02239,0.15248,0.03588,0.03300,0.04123,0.02871,0.24429,0.26359
0.03351,0.24092,0.02941,0.25544,0.01802,0.15224,0.01383,0.02176,0.03607,0.19881
0.02334,0.29741,0.02917,0.28969,0.02449,0.01170,0.01383,0.02206,0.14347,0.14483
0.00572,0.03005,0.08938,0.11089,0.02283,0.30803,0.01562,0.31390,0.04993,0.05364
0.02402,0.31959,0.43289,0.01490,0.01168,0.02834,0.00585,0.00763,0.07071,0.08439
0.03462,0.28265,0.27607,0.04930,0.07259,0.02328,0.06011,0.02019,0.11230,0.06889
0.03998,0.03774,0.07912,0.05305,0.10342,0.20439,0.03852,0.01867,0.12480,0.30031
0.01308,0.02110,0.01611,0.01833,0.00532,0.00950,0.10049,0.09623,0.36254,0.35730
0.05375,0.09771,0.04616,0.01059,0.03328,0.29900,0.01960,0.29785,0.05710,0.08496
0.02740,0.02872,0.02723,0.01564,0.01918,0.21590,0.01832,0.21657,0.21641,0.21462
0.01043,0.01214,0.01583,0.08278,0.01258,0.00529,0.22700,0.00433,0.42582,0.20380
0.00628,0.00965,0.00848,0.88262,0.00892,0.00427,0.00867,0.00534,0.03548,0.03030
0.20247,0.27743,0.23503,0.10703,0.01897,0.03784,0.02724,0.03358,0.03057,0.02985
0.00371,0.00847,0.36536,0.37017,0.00789,0.00868,0.11330,0.07853,0.02704,0.01685
0.39067,0.01499,0.24985,0.00854,0.27114,0.00670,0.00818,0.00817,0.02305,0.01870
0.12033,0.19827,0.10385,0.20173,0.15637,0.03741,0.03091,0.03948,0.06006,0.05159
0.09362,0.12665,0.02770,0.01608,0.04112,0.27884,0.02307,0.22660,0.07017,0.09615
0.03413,0.01685,0.03509,0.04555,0.02077,0.04076,0.01996,0.01711,0.38521,0.38457
0.01238,0.13521,0.14120,0.00730,0.01039,0.01350,0.02099,0.02549,0.31075,0.32280
0.02305,0.04633,0.04515,0.02902,0.02285,0.18346,0.02041,0.02286,0.20653,0.40035
0.02508,0.00422,0.43443,0.43390,0.00628,0.01042,0.00457,0.00399,0.03592,0.04120
0.06402,0.28391,0.29974,0.04006,0.04510,0.03320,0.05320,0.02214,0.07349,0.08514
0.00505,0.02036,0.06045,0.04744,0.01414,0.30299,0.06296,0.05925,0.05163,0.37572
0.02562,0.00804,0.13648,0.13986,0.01796,0.01793,0.01508,0.01020,0.31158,0.31725
0.00615,0.51820,0.01408,0.01450,0.01661,0.02001,0.02800,0.02196,0.16727,0.19323
0.04959,0.06156,0.04518,0.04242,0.03803,0.23871,0.01077,0.22504,0.14200,0.14670
0.00589,0.03753,0.02031,0.03007,0.00872,0.01379,0.03920,0.01495,0.42523,0.40431
0.01234,0.00634,0.03632,0.02811,0.05027,0.36552,0.02050,0.34387,0.05551,0.08122
0.06221,0.00632,0.01513,0.06426,0.11641,0.00909,0.00654,0.00481,0.35290,0.36233
0.01136,0.00778,0.01025,0.01705,0.02050,0.01399,0.39506,0.40349,0.05293,0.06759
0.11408,0.07699,0.16993,0.00626,0.11011,0.04009,0.13018,0.12514,0.12557,0.10165
0.01205,0.04036,0.04405,0.23197,0.25007,0.12731,0.02505,0.11076,0.08176,0.07661
0.02256,0.01293,0.01590,0.02340,0.03934,0.24278,0.03120,0.03004,0.15014,0.43169
0.02342,0.02239,0.03311,0.02522,0.03328,0.01387,0.01461,0.01925,0.39985,0.41500
0.02903,0.01474,0.04998,0.01532,0.32209,0.03317,0.17249,0.11139,0.18234,0.06946
0.05727,0.08511,0.15408,0.08210,0.07050,0.17707,0.00772,0.01172,0.07874,0.27570
0.00444,0.00608,0.00464,0.00456,0.00450,0.00845,0.00715,0.00737,0.47622,0.47660
0.01532,0.01903,0.01861,0.00897,0.01358,0.01500,0.02876,0.00727,0.44085,0.43261
0.00904,0.04988,0.01036,0.01018,0.01004,0.20134,0.02833,0.05053,0.23829,0.39200
0.41860,0.01036,0.01297,0.05725,0.36429,0.01309,0.03290,0.01378,0.04738,0.02939
0.04388,0.01812,0.02676,0.03398,0.01599,0.34137,0.01104,0.28282,0.07891,0.14713
0.32856,0.01191,0.01662,0.32621,0.01484,0.01069,0.02671,0.01056,0.13475,0.11915
0.00936,0.00948,0.01255,0.00685,0.00967,0.23509,0.01901,0.22619,0.23913,0.23267
0.04173,0.02213,0.05822,0.02499,0.49930,0.02349,0.02438,0.05419,0.12475,0.12684
0.01850,0.03850,0.03390,0.01914,0.01587,0.00795,0.01394,0.00536,0.42421,0.42262
0.02235,0.06182,0.02517,0.03567,0.04624,0.19735,0.01496,0.02590,0.17097,0.39956
0.01550,0.02340,0.02305,0.01688,0.00867,0.09201,0.21054,0.07542,0.37709,0.15744
0.05305,0.03358,0.04632,0.01876,0.03315,0.28991,0.05282,0.04190,0.09506,0.33543
0.05513,0.01249,0.06200,0.01334,0.24415,0.13007,0.09621,0.10654,0.18969,0.09038
0.00940,0.00977,0.01042,0.01630,0.00971,0.04552,0.14696,0.00662,0.41313,0.33218
0.03921,0.03916,0.03160,0.02023,0.03717,0.31642,0.04483,0.02402,0.08261,0.36475
0.00720,0.00681,0.00950,0.00654,0.01014,0.01470,0.01147,0.01022,0.45989,0.46352
0.01903,0.02635,0.02665,0.48634,0.02219,0.02703,0.07410,0.02630,0.16251,0.12949
0.02178,0.02282,0.02428,0.00769,0.02059,0.00801,0.37087,0.01228,0.44283,0.06886
0.00801,0.00878,0.01305,0.01625,0.01819,0.07576,0.13193,0.03537,0.37971,0.31296
0.00960,0.01437,0.01008,0.00833,0.00920,0.01784,0.01144,0.02655,0.44297,0.44962
0.10100,0.01974,0.05638,0.02828,0.06057,0.00548,0.03832,0.00492,0.36161,0.32371
0.03333,0.05367,0.03368,0.00567,0.02918,0.02253,0.26335,0.04276,0.36416,0.15168
0.06709,0.24270,0.23299,0.09660,0.14977,0.02840,0.01680,0.03122,0.06457,0.06985
0.82902,0.00867,0.01110,0.01113,0.00990,0.02499,0.00892,0.01626,0.03296,0.04705
0.05597,0.02689,0.12145,0.00662,0.05006,0.00598,0.23656,0.01291,0.36130,0.12227
0.02304,0.01119,0.00596,0.01006,0.00763,0.20945,0.01724,0.19496,0.25221,0.26825
0.00572,0.02055,0.00695,0.02097,0.00777,0.01544,0.01092,0.01193,0.44702,0.45272
0.00971,0.09516,0.04402,0.04496,0.02066,0.08796,0.01839,0.03079,0.28276,0.36559
0.01844,0.01458,0.04945,0.00638,0.02614,0.02711,0.01141,0.01259,0.40843,0.42547
0.02597,0.02313,0.05882,0.00748,0.06256,0.06583,0.17443,0.06734,0.29641,0.21802
0.00514,0.00468,0.00687,0.01085,0.00728,0.00950,0.09707,0.00895,0.47187,0.37780
0.06921,0.09089,0.09015,0.01626,0.14561,0.11627,0.07026,0.11775,0.15369,0.12990
0.03329,0.02887,0.02218,0.03170,0.03017,0.22618,0.02111,0.21461,0.19023,0.20167
0.01732,0.01738,0.01904,0.01836,0.01640,0.02228,0.38838,0.36248,0.08374,0.05461
0.01945,0.08486,0.15504,0.01522,0.16643,0.06593,0.18255,0.04899,0.20620,0.05533
0.07829,0.06593,0.09651,0.05397,0.02872,0.20065,0.06954,0.05091,0.11288,0.24260
0.01379,0.46649,0.05548,0.03018,0.06344,0.04120,0.13128,0.08212,0.07055,0.04546
0.00881,0.01342,0.01803,0.01155,0.01003,0.01670,0.38259,0.01206,0.45369,0.07312
0.03717,0.01293,0.02476,0.03392,0.03670,0.10811,0.02485,0.10381,0.30126,0.31648
0.03626,0.02419,0.03618,0.02390,0.01850,0.03626,0.07440,0.08426,0.31035,0.35571
0.03983,0.12812,0.15627,0.04735,0.04636,0.08102,0.01606,0.08047,0.19576,0.20878
0.00589,0.00807,0.01320,0.01779,0.01230,0.01030,0.36187,0.02212,0.43832,0.11015
0.00759,0.00814,0.00611,0.00645,0.00630,0.07639,0.01372,0.00867,0.38471,0.48191
0.17954,0.02234,0.02794,0.16329,0.08122,0.09317,0.04749,0.02835,0.13500,0.22166
0.30459,0.10317,0.13498,0.11815,0.17012,0.02821,0.01099,0.02553,0.04394,0.06032
0.00862,0.01588,0.28654,0.01947,0.27036,0.03473,0.01975,0.04830,0.13677,0.15958
0.23449,0.00839,0.06413,0.26245,0.31859,0.01255,0.01059,0.00938,0.03217,0.04727
0.15632,0.03287,0.02105,0.22966,0.34852,0.03709,0.02081,0.01623,0.05466,0.08279
0.00950,0.01376,0.01299,0.01269,0.00696,0.00852,0.20334,0.20934,0.26501,0.25790
0.01205,0.01117,0.01627,0.02332,0.01800,0.08828,0.21213,0.07115,0.37138,0.17625
0.01643,0.02215,0.01849,0.01347,0.01660,0.41538,0.01858,0.40537,0.03631,0.03723
0.02002,0.01587,0.01838,0.01585,0.01727,0.41344,0.01236,0.40535,0.03624,0.04523
0.05577,0.04549,0.03510,0.02337,0.03281,0.07303,0.09779,0.12816,0.22888,0.27960
0.00772,0.00936,0.01303,0.02606,0.01367,0.16830,0.07902,0.00883,0.28370,0.39033
0.02528,0.02702,0.02386,0.01260,0.02127,0.13652,0.29571,0.13222,0.30881,0.01673
0.00383,0.00717,0.19031,0.04352,0.16000,0.00871,0.21017,0.00631,0.29008,0.07990
0.10437,0.27891,0.01210,0.37374,0.01125,0.01515,0.01004,0.00723,0.09801,0.08920
0.09858,0.02346,0.32057,0.06664,0.16012,0.04182,0.03072,0.02085,0.11664,0.12061
0.03145,0.02398,0.02901,0.02899,0.01791,0.01112,0.21421,0.01057,0.42632,0.20644
0.02101,0.02064,0.02550,0.02528,0.05847,0.16591,0.02422,0.02879,0.22942,0.40077
0.07066,0.02438,0.02739,0.04649,0.05189,0.35712,0.01260,0.01561,0.01821,0.37567
0.01359,0.01243,0.02264,0.02466,0.01299,0.07881,0.02822,0.04460,0.37367,0.38839
0.02224,0.03429,0.03616,0.02175,0.01428,0.08293,0.11368,0.01130,0.33022,0.33315
0.02836,0.03171,0.02698,0.03568,0.02561,0.01297,0.16490,0.03138,0.39572,0.24669
0.04040,0.02365,0.06684,0.01126,0.05177,0.06609,0.04565,0.01931,0.30425,0.37079
0.01598,0.01614,0.02460,0.01408,0.02258,0.06367,0.03017,0.07784,0.36727,0.36767
0.03423,0.24198,0.05069,0.20647,0.01948,0.00958,0.07201,0.04141,0.18894,0.13522
0.05446,0.05665,0.05546,0.01558,0.05636,0.06843,0.10548,0.00964,0.29558,0.28236
0.10864,0.01545,0.04991,0.03611,0.05672,0.01379,0.30024,0.01278,0.34574,0.06062
0.02022,0.30340,0.04051,0.29111,0.02704,0.06058,0.02596,0.07482,0.08318,0.07319
0.02497,0.01342,0.01981,0.01700,0.02339,0.05737,0.16869,0.20842,0.21768,0.24925
0.01505,0.00759,0.01442,0.01143,0.02335,0.01908,0.39718,0.02678,0.43251,0.05261
0.02454,0.02118,0.03637,0.01364,0.01546,0.01461,0.01213,0.01041,0.42184,0.42983
0.01069,0.13535,0.02111,0.04192,0.02809,0.13403,0.18873,0.06229,0.24176,0.13604
0.18129,0.12911,0.08662,0.09631,0.08019,0.05489,0.04108,0.03808,0.12834,0.16410
0.01297,0.02930,0.03607,0.03378,0.07268,0.01956,0.01669,0.01013,0.37607,0.39273
0.00821,0.01685,0.02297,0.02315,0.03036,0.02415,0.24204,0.00982,0.43181,0.19064
0.03966,0.01283,0.02582,0.05544,0.04935,0.14427,0.02165,0.13330,0.24343,0.27425
0.04139,0.06126,0.04975,0.08505,0.03856,0.03706,0.03058,0.02381,0.31335,0.31920
0.02877,0.18955,0.21377,0.03399,0.02845,0.01369,0.06997,0.02761,0.21353,0.18066
0.14485,0.12655,0.06150,0.01079,0.07039,0.08427,0.07772,0.08864,0.11205,0.22324
0.01753,0.05377,0.02439,0.03734,0.05582,0.31173,0.01493,0.02851,0.07810,0.37788
0.10716,0.10788,0.19322,0.10155,0.10872,0.04327,0.03618,0.03317,0.13433,0.13452
0.00848,0.01007,0.00848,0.00947,0.00991,0.01375,0.21901,0.24897,0.22353,0.24832
0.03692,0.08584,0.03944,0.07673,0.03373,0.10428,0.05705,0.11312,0.21424,0.23865
0.04194,0.02912,0.03306,0.02436,0.04600,0.04666,0.31752,0.01931,0.34981,0.09222
0.02527,0.02785,0.14964,0.04575,0.20088,0.01664,0.01475,0.01771,0.24441,0.25709
0.03288,0.02951,0.02045,0.01879,0.01462,0.00944,0.01781,0.01188,0.42745,0.41717
0.00904,0.01055,0.01241,0.00626,0.01588,0.03020,0.07359,0.01089,0.43715,0.39403
0.04956,0.01687,0.01829,0.07326,0.11731,0.02054,0.14426,0.01084,0.34094,0.20813
0.01187,0.08733,0.01174,0.11341,0.10678,0.01981,0.20389,0.01511,0.31387,0.11619
0.01369,0.01548,0.01322,0.01336,0.01094,0.01564,0.01098,0.00913,0.44445,0.45312
0.01437,0.01619,0.01432,0.01545,0.01069,0.19092,0.00947,0.01152,0.25492,0.46216
0.03318,0.02036,0.02465,0.03389,0.01061,0.19745,0.17757,0.14315,0.23961,0.11953
0.00639,0.02742,0.01539,0.01901,0.01239,0.01561,0.04489,0.01650,0.43354,0.40884
0.08017,0.06593,0.09141,0.07700,0.06287,0.03626,0.20170,0.21733,0.07289,0.09445
0.02291,0.02292,0.03946,0.01475,0.02752,0.13368,0.25668,0.09404,0.30181,0.08624
0.03568,0.19016,0.18950,0.04233,0.04327,0.03514,0.03407,0.05988,0.17824,0.19173
0.07318,0.05466,0.08887,0.04640,0.02379,0.12320,0.01950,0.11018,0.23337,0.22684
0.32384,0.03655,0.02782,0.03755,0.00992,0.01473,0.06376,0.03970,0.23137,0.21477
0.10346,0.22242,0.09297,0.18476,0.16271,0.03750,0.02502,0.01755,0.07212,0.08150
0.02494,0.03064,0.02656,0.03058,0.01603,0.38606,0.01398,0.38441,0.04339,0.04341
0.05140,0.31546,0.09945,0.14735,0.14123,0.02285,0.07638,0.03107,0.04612,0.06870
0.01957,0.02542,0.01366,0.03579,0.02347,0.03555,0.33654,0.24118,0.19176,0.07708
0.00861,0.01438,0.01450,0.00655,0.01159,0.18994,0.01086,0.18657,0.27430,0.28270
0.00950,0.16143,0.15298,0.01028,0.00766,0.03212,0.00959,0.01127,0.28064,0.32451
0.02176,0.04310,0.04000,0.02427,0.01960,0.14505,0.01054,0.09831,0.27328,0.32411
0.06078,0.04857,0.05530,0.09319,0.07688,0.08268,0.02606,0.07224,0.22271,0.26159
0.02194,0.02943,0.02844,0.01865,0.01685,0.02037,0.02445,0.02385,0.39880,0.41723
0.01106,0.01960,0.05082,0.06372,0.01318,0.01812,0.01490,0.01511,0.39449,0.39899
0.04303,0.01186,0.15276,0.02054,0.07019,0.00610,0.00677,0.00444,0.33502,0.34929
0.01465,0.02624,0.02238,0.01627,0.01769,0.01876,0.01674,0.02273,0.41150,0.43304
0.01425,0.02900,0.01587,0.02334,0.01637,0.03441,0.02472,0.01649,0.39983,0.42572
0.00480,0.03302,0.01717,0.01297,0.02800,0.02383,0.32225,0.23698,0.20380,0.11717
0.39037,0.01745,0.01774,0.03639,0.03495,0.01549,0.11811,0.01108,0.23827,0.12016
0.01281,0.00647,0.01017,0.01115,0.01553,0.31655,0.05247,0.22526,0.08398,0.26561
0.03094,0.02024,0.03339,0.04818,0.04626,0.25158,0.04078,0.25772,0.14476,0.12614
0.02300,0.01876,0.03921,0.01246,0.03228,0.06102,0.10321,0.08413,0.26947,0.35646
0.04319,0.02828,0.02784,0.03940,0.03315,0.08929,0.03773,0.05179,0.29962,0.34972
0.13194,0.11347,0.02888,0.01556,0.03275,0.06199,0.02223,0.04331,0.25645,0.29343
0.38415,0.01690,0.02466,0.35391,0.01092,0.03578,0.02476,0.02656,0.06480,0.05755
0.00813,0.00754,0.00790,0.00941,0.00611,0.46656,0.00986,0.44419,0.01569,0.02461
0.07567,0.03311,0.06929,0.08087,0.34476,0.02865,0.02257,0.02356,0.15063,0.17090
0.00971,0.01210,0.01359,0.03472,0.01262,0.17736,0.00868,0.17048,0.27702,0.28371
0.02248,0.00997,0.00787,0.00987,0.00896,0.22197,0.02480,0.02924,0.20911,0.45573
0.02430,0.00742,0.14870,0.01100,0.16049,0.03316,0.00992,0.01643,0.28266,0.30591
0.01165,0.04613,0.08041,0.30842,0.29180,0.04784,0.00621,0.01429,0.06450,0.12875
0.09176,0.07566,0.07982,0.08166,0.06625,0.21206,0.00604,0.17504,0.07761,0.13411
0.01230,0.01796,0.01355,0.00797,0.01393,0.01537,0.42956,0.01619,0.45151,0.02166
0.03320,0.03072,0.04576,0.01505,0.01860,0.17837,0.02551,0.05575,0.30349,0.29356
0.01135,0.89175,0.00672,0.01154,0.01257,0.00470,0.01434,0.00725,0.02369,0.01609
0.02275,0.04187,0.02769,0.02630,0.02774,0.11314,0.01063,0.02020,0.29362,0.41606
