0.04868,0.18660,0.04425,0.02359,0.00522,0.02616,0.01430,0.04230,0.04101,0.05554,0.08282,0.20048,0.21256,0.01648
0.06032,0.43819,0.05597,0.02257,0.00835,0.03860,0.09054,0.00979,0.00651,0.01107,0.00438,0.10869,0.09966,0.04537
0.17249,0.64128,0.03121,0.02541,0.01785,0.01422,0.00935,0.00863,0.04529,0.00586,0.00896,0.00644,0.00586,0.00715
0.14322,0.60034,0.02075,0.03232,0.02823,0.01395,0.00641,0.05052,0.00899,0.00864,0.05824,0.01649,0.00413,0.00777
0.03507,0.14397,0.02270,0.08330,0.02153,0.00873,0.00952,0.00757,0.02161,0.01532,0.00500,0.27588,0.27997,0.06982
0.16234,0.16244,0.13008,0.17122,0.02611,0.13259,0.02826,0.01957,0.06389,0.03286,0.01122,0.02090,0.02383,0.01468
0.03806,0.63175,0.00483,0.02777,0.00884,0.02111,0.00700,0.01236,0.06235,0.09546,0.00652,0.00287,0.00146,0.07963
0.02531,0.76816,0.14802,0.02002,0.00174,0.01115,0.00193,0.00709,0.00307,0.00249,0.00486,0.00051,0.00266,0.00300
0.18253,0.34728,0.02526,0.12822,0.01683,0.01476,0.00683,0.02119,0.03341,0.03348,0.02310,0.00854,0.00931,0.14927
0.12025,0.20617,0.01523,0.04834,0.26884,0.01072,0.00821,0.25805,0.00605,0.00506,0.00725,0.00350,0.00310,0.03922
0.07013,0.12900,0.03508,0.03515,0.14172,0.01633,0.01036,0.14153,0.01324,0.01671,0.04284,0.17546,0.16345,0.00899
0.12937,0.57105,0.05160,0.02458,0.01346,0.05146,0.00414,0.02959,0.00657,0.01085,0.02805,0.04292,0.02342,0.01294
0.04894,0.67375,0.10604,0.04536,0.01028,0.01085,0.01268,0.01121,0.03375,0.00465,0.01390,0.00247,0.00515,0.02099
0.31986,0.18360,0.02392,0.31827,0.03135,0.02057,0.01438,0.02774,0.01146,0.01704,0.01159,0.00376,0.00485,0.01161
0.02499,0.30004,0.01274,0.17126,0.12533,0.04762,0.02083,0.07148,0.01158,0.01502,0.01220,0.02238,0.05270,0.11183
0.07056,0.41838,0.03557,0.05112,0.26319,0.01489,0.03762,0.01972,0.01508,0.02597,0.01728,0.01149,0.01390,0.00524
0.01533,0.57366,0.00658,0.01086,0.00876,0.01331,0.00318,0.00345,0.00215,0.00395,0.00406,0.00186,0.00263,0.35021
0.36948,0.42648,0.02999,0.01565,0.01812,0.01406,0.00612,0.04145,0.01453,0.02408,0.01136,0.01536,0.00269,0.01063
0.17171,0.57607,0.00737,0.00679,0.04241,0.00963,0.05648,0.03154,0.04223,0.03271,0.00841,0.00493,0.00332,0.00642
0.02723,0.21205,0.00843,0.01134,0.00492,0.01012,0.40707,0.13573,0.01222,0.00614,0.14654,0.01163,0.00434,0.00223
0.03581,0.12720,0.03054,0.03180,0.00934,0.01090,0.00574,0.01807,0.00525,0.33132,0.34454,0.01030,0.00354,0.03565
0.05804,0.26906,0.22889,0.01991,0.07091,0.28171,0.03000,0.00792,0.01152,0.00525,0.00198,0.00294,0.00626,0.00560
0.04947,0.25294,0.03140,0.18129,0.01262,0.00860,0.07307,0.00193,0.00710,0.02900,0.01255,0.11505,0.09927,0.12570
0.17304,0.36093,0.10157,0.02030,0.09265,0.09007,0.02192,0.08518,0.00721,0.00538,0.01124,0.01462,0.00819,0.00771
0.04272,0.48880,0.00443,0.04697,0.36824,0.00669,0.01913,0.00860,0.00390,0.00166,0.00264,0.00093,0.00287,0.00242
0.04645,0.29351,0.14235,0.03973,0.02413,0.00767,0.02052,0.13020,0.06028,0.06032,0.15366,0.00394,0.00886,0.00839
0.22885,0.40661,0.00843,0.23962,0.04200,0.01079,0.00643,0.03709,0.00262,0.00355,0.00251,0.00578,0.00354,0.00218
0.06679,0.22368,0.03529,0.02617,0.00728,0.01009,0.01060,0.00625,0.00471,0.00378,0.00301,0.30249,0.29819,0.00167
0.02341,0.17925,0.01559,0.07899,0.02299,0.02158,0.01205,0.04130,0.01834,0.01187,0.02058,0.26417,0.24452,0.04536
0.04434,0.30387,0.05359,0.04125,0.00403,0.01168,0.07239,0.00696,0.01840,0.01000,0.00531,0.21747,0.18572,0.02499
0.07801,0.24102,0.03677,0.06380,0.00989,0.01055,0.00722,0.01087,0.00423,0.01141,0.00860,0.24131,0.25486,0.02144
0.06017,0.70696,0.05276,0.03275,0.01664,0.05251,0.00746,0.01053,0.00351,0.00455,0.00468,0.01567,0.01756,0.01424
0.02794,0.35848,0.03778,0.02071,0.00382,0.14565,0.01302,0.00616,0.02260,0.00712,0.00706,0.15373,0.18370,0.01223
0.01849,0.21561,0.02308,0.02087,0.01605,0.02326,0.01471,0.00542,0.32805,0.31943,0.00346,0.00263,0.00250,0.00644
0.05791,0.28977,0.06661,0.05569,0.05421,0.05267,0.02463,0.14409,0.02143,0.04045,0.14916,0.01198,0.01350,0.01791
0.06395,0.32600,0.05138,0.05434,0.04001,0.01563,0.04378,0.00554,0.01151,0.01435,0.01674,0.16594,0.15724,0.03358
0.03467,0.15958,0.02145,0.00972,0.02528,0.01261,0.23278,0.23703,0.01088,0.00561,0.23392,0.00446,0.00929,0.00273
0.08813,0.32042,0.02135,0.01697,0.07790,0.00798,0.04056,0.18017,0.04226,0.02106,0.15875,0.00821,0.00487,0.01138
0.02522,0.26327,0.05692,0.17888,0.01595,0.04761,0.07221,0.03151,0.01616,0.03451,0.00250,0.01000,0.02970,0.21557
0.05251,0.18965,0.01540,0.04627,0.01487,0.00998,0.00754,0.02029,0.01155,0.28907,0.28075,0.02420,0.00695,0.03097
0.01171,0.24775,0.01891,0.06093,0.23635,0.04354,0.02812,0.23285,0.00337,0.00520,0.02640,0.00559,0.07446,0.00482
0.11753,0.69639,0.03359,0.01036,0.01539,0.00822,0.00481,0.04698,0.01697,0.00492,0.03117,0.00581,0.00359,0.00426
0.06988,0.14053,0.01854,0.01749,0.33677,0.01354,0.01645,0.32069,0.00901,0.00501,0.01314,0.01690,0.01708,0.00497
0.14881,0.31669,0.01366,0.01206,0.01653,0.02443,0.06095,0.02316,0.05933,0.01105,0.01166,0.15172,0.14383,0.00611
0.07562,0.13622,0.35331,0.02742,0.01948,0.25004,0.02335,0.02208,0.01268,0.01428,0.02236,0.02714,0.01113,0.00489
0.05720,0.17113,0.01919,0.02501,0.01321,0.07400,0.55560,0.04755,0.00714,0.00810,0.00821,0.00307,0.00433,0.00624
0.05564,0.44721,0.16211,0.01057,0.09675,0.05308,0.00686,0.11407,0.01423,0.00672,0.01091,0.00672,0.00555,0.00959
0.15639,0.49129,0.07752,0.03986,0.02973,0.03754,0.01645,0.02192,0.06742,0.00486,0.02112,0.01234,0.00807,0.01548
0.03886,0.27114,0.09138,0.05154,0.16909,0.01768,0.00660,0.14601,0.00928,0.01526,0.16779,0.00632,0.00714,0.00192
0.17731,0.55590,0.02844,0.00958,0.02632,0.01368,0.00222,0.08023,0.00450,0.01137,0.07861,0.00424,0.00192,0.00570
0.11647,0.47014,0.08051,0.01624,0.08432,0.05871,0.00312,0.07061,0.04816,0.01216,0.00479,0.01671,0.01471,0.00336
0.02343,0.45735,0.15731,0.02319,0.02725,0.17358,0.01069,0.04433,0.00630,0.00643,0.00749,0.02743,0.01773,0.01748
0.17248,0.45510,0.12090,0.03484,0.05845,0.00775,0.00586,0.05799,0.02663,0.00551,0.01006,0.02534,0.01571,0.00339
0.23329,0.47693,0.04354,0.06838,0.02451,0.02765,0.00988,0.02354,0.02399,0.02054,0.01606,0.00888,0.01763,0.00519
0.06949,0.76449,0.03641,0.02892,0.01071,0.01684,0.00723,0.00475,0.01762,0.00125,0.00384,0.00902,0.00721,0.02223
0.12084,0.38481,0.06064,0.02190,0.04390,0.00724,0.02500,0.05464,0.04718,0.00712,0.01538,0.09803,0.09722,0.01609
0.01330,0.55597,0.01242,0.10516,0.11001,0.01572,0.00249,0.05437,0.00541,0.00478,0.00894,0.00497,0.10370,0.00276
0.35363,0.23604,0.02072,0.27361,0.00927,0.02140,0.01218,0.01620,0.01203,0.01503,0.00929,0.00941,0.00369,0.00750
0.03439,0.15684,0.07898,0.00976,0.03083,0.05399,0.03255,0.27287,0.03001,0.01655,0.27103,0.00827,0.00180,0.00213
0.04289,0.14870,0.01336,0.02179,0.01676,0.01321,0.02360,0.01125,0.32071,0.30971,0.04759,0.00693,0.00679,0.01671
0.07041,0.67276,0.00726,0.04327,0.03670,0.02764,0.07502,0.02080,0.00671,0.00566,0.00639,0.00516,0.00713,0.01509
0.06336,0.74069,0.01129,0.00637,0.05950,0.00773,0.01445,0.00432,0.03323,0.03766,0.00224,0.00433,0.00663,0.00820
0.09217,0.35235,0.02657,0.17266,0.00976,0.05442,0.00226,0.01499,0.03957,0.02629,0.01547,0.00488,0.00752,0.18110
0.02818,0.44462,0.16153,0.02519,0.12266,0.02259,0.01655,0.01361,0.01568,0.03458,0.05865,0.01748,0.03093,0.00776
0.06249,0.37295,0.19918,0.00923,0.01606,0.22927,0.02069,0.00593,0.03455,0.01842,0.00312,0.00861,0.01667,0.00282
0.13506,0.21072,0.07839,0.02354,0.00744,0.01723,0.02753,0.03948,0.04675,0.07768,0.03232,0.17901,0.11838,0.00648
0.12624,0.69801,0.01455,0.02004,0.04388,0.01812,0.03619,0.00206,0.00611,0.01375,0.00985,0.00473,0.00319,0.00327
0.35610,0.50856,0.01003,0.00922,0.00838,0.01262,0.00961,0.02401,0.01641,0.01517,0.00954,0.01274,0.00443,0.00318
0.05149,0.23822,0.25439,0.01734,0.01094,0.27714,0.01387,0.02585,0.03466,0.02666,0.00839,0.02752,0.01165,0.00188
0.01460,0.55872,0.01777,0.00945,0.03507,0.00796,0.00355,0.00262,0.00541,0.00488,0.00235,0.00209,0.00421,0.33132
0.02501,0.15857,0.07670,0.02800,0.01799,0.01782,0.04401,0.01642,0.31060,0.27605,0.01472,0.00412,0.00445,0.00553
0.05331,0.18763,0.18596,0.05983,0.01526,0.13691,0.10663,0.01511,0.00431,0.00320,0.00445,0.11960,0.06145,0.04635
0.04773,0.52775,0.01939,0.00887,0.02462,0.03405,0.15491,0.04507,0.03070,0.00732,0.01304,0.03914,0.02152,0.02589
0.07370,0.20732,0.21877,0.00789,0.04696,0.23763,0.03022,0.08938,0.00260,0.00701,0.05756,0.00846,0.00543,0.00706
0.09745,0.29200,0.09549,0.01479,0.01541,0.02808,0.02964,0.04164,0.24473,0.04513,0.02984,0.03899,0.01069,0.01614
0.07567,0.34332,0.01749,0.01622,0.02957,0.06680,0.02402,0.04876,0.30765,0.03900,0.00849,0.00793,0.00647,0.00863
0.01566,0.81832,0.10409,0.01108,0.00803,0.00302,0.00088,0.00094,0.02940,0.00036,0.00173,0.00195,0.00096,0.00355
0.08788,0.75453,0.04004,0.01324,0.01215,0.01243,0.01191,0.00789,0.01319,0.01828,0.00570,0.00606,0.00502,0.01168
0.01353,0.57685,0.01707,0.00686,0.00363,0.32169,0.00704,0.00424,0.00389,0.00253,0.00320,0.00760,0.02662,0.00525
0.04351,0.84533,0.00489,0.00350,0.01395,0.01109,0.01052,0.00549,0.01557,0.01941,0.00715,0.00839,0.00438,0.00682
0.07903,0.61534,0.17961,0.02295,0.01107,0.03740,0.00696,0.00760,0.00389,0.00753,0.01080,0.00920,0.00464,0.00397
0.02737,0.25052,0.03246,0.24395,0.01105,0.03217,0.07988,0.01754,0.02347,0.02009,0.01394,0.00317,0.00295,0.24144
0.07091,0.12378,0.03687,0.03729,0.00832,0.02985,0.02457,0.02953,0.04244,0.26927,0.29283,0.00724,0.00734,0.01978
0.37410,0.15810,0.02752,0.35913,0.01559,0.01471,0.00546,0.00922,0.01827,0.00334,0.00598,0.00317,0.00268,0.00271
0.03652,0.24010,0.05645,0.03005,0.02299,0.02278,0.02851,0.01101,0.01872,0.01745,0.02440,0.21478,0.25651,0.01972
0.34259,0.24592,0.01495,0.24028,0.04541,0.01464,0.01913,0.02875,0.01171,0.00801,0.00714,0.01008,0.00477,0.00663
0.04101,0.21960,0.03531,0.03930,0.01151,0.02628,0.01041,0.00650,0.23264,0.17848,0.00887,0.09149,0.09046,0.00814
0.05090,0.27255,0.04987,0.02691,0.14498,0.00670,0.01621,0.10222,0.01506,0.01628,0.01178,0.12718,0.13195,0.02740
0.21651,0.65602,0.00912,0.03100,0.00415,0.01240,0.00730,0.00232,0.01637,0.00757,0.00625,0.01838,0.00272,0.00989
0.03655,0.81785,0.02506,0.00987,0.01383,0.02981,0.01381,0.02094,0.01564,0.00218,0.00296,0.00284,0.00128,0.00738
0.29442,0.24506,0.07790,0.17612,0.02975,0.00960,0.00484,0.02351,0.01641,0.04383,0.03827,0.03103,0.00380,0.00545
0.17165,0.52314,0.09037,0.03024,0.00664,0.06997,0.00815,0.01807,0.05064,0.00900,0.00326,0.01536,0.00205,0.00147
0.10338,0.69104,0.03652,0.00813,0.01116,0.03628,0.03402,0.02204,0.00790,0.00214,0.00987,0.02226,0.00220,0.01307
0.26761,0.53706,0.01175,0.00374,0.01389,0.02559,0.01163,0.01610,0.02656,0.01390,0.00351,0.03291,0.00959,0.02617
0.01851,0.41647,0.15295,0.01469,0.00277,0.33010,0.00647,0.00471,0.00521,0.00286,0.00198,0.01718,0.02380,0.00231
0.05541,0.45944,0.10667,0.02942,0.02008,0.15098,0.03277,0.01523,0.02115,0.04512,0.01257,0.01216,0.01356,0.02543
0.20151,0.24743,0.02380,0.22683,0.01250,0.01159,0.02394,0.01580,0.00721,0.00508,0.00494,0.11980,0.09133,0.00823
0.03973,0.18556,0.01728,0.03287,0.08378,0.05676,0.33700,0.07610,0.02457,0.01534,0.07420,0.01727,0.03671,0.00282
0.06865,0.17758,0.06049,0.00902,0.00855,0.02004,0.01943,0.00228,0.01723,0.06422,0.02775,0.30085,0.21640,0.00750
0.03818,0.19587,0.29037,0.02598,0.00994,0.30424,0.08189,0.00502,0.01370,0.01147,0.00247,0.00473,0.00595,0.01019
0.14674,0.25784,0.01185,0.07235,0.02017,0.03044,0.00892,0.19553,0.01587,0.01202,0.19998,0.01657,0.00548,0.00626
0.19189,0.10593,0.20010,0.19112,0.00993,0.15598,0.01635,0.00851,0.01497,0.01282,0.00686,0.04989,0.02684,0.00881
0.02637,0.13099,0.00631,0.00889,0.01354,0.00698,0.66920,0.04113,0.01814,0.01081,0.03452,0.00473,0.01763,0.01077
0.28054,0.42053,0.04602,0.03122,0.07584,0.01242,0.00417,0.01130,0.00529,0.00931,0.00637,0.06467,0.02044,0.01190
0.14002,0.18173,0.04076,0.11172,0.01807,0.06644,0.01693,0.00720,0.01531,0.16981,0.20356,0.00730,0.00250,0.01864
0.02145,0.15506,0.24595,0.02050,0.01001,0.26500,0.01376,0.09746,0.00622,0.00901,0.11898,0.00915,0.01784,0.00960
0.07735,0.44956,0.15331,0.04108,0.00793,0.14455,0.03412,0.01792,0.00793,0.00789,0.00787,0.00447,0.00678,0.03925
0.11511,0.22218,0.07578,0.02214,0.04557,0.11796,0.01148,0.08242,0.24555,0.02747,0.00651,0.01854,0.00406,0.00523
0.06764,0.23694,0.02677,0.01387,0.04260,0.00647,0.01544,0.00519,0.02288,0.28739,0.26314,0.00694,0.00299,0.00175
0.01781,0.68874,0.00735,0.07789,0.03487,0.01538,0.00764,0.01350,0.00437,0.00339,0.00334,0.00877,0.00948,0.10747
0.15413,0.32915,0.01458,0.11090,0.05049,0.03098,0.09525,0.01946,0.00804,0.06199,0.06082,0.01522,0.00732,0.04167
0.04009,0.30025,0.08903,0.02007,0.01370,0.03450,0.01509,0.02985,0.02822,0.04189,0.00724,0.17531,0.19892,0.00585
0.12629,0.62619,0.14346,0.00442,0.00427,0.00756,0.00422,0.00366,0.00933,0.00310,0.00596,0.05662,0.00179,0.00314
0.25218,0.62703,0.01652,0.00828,0.00578,0.00229,0.00180,0.03683,0.00487,0.00435,0.03107,0.00180,0.00154,0.00565
0.00750,0.52560,0.01334,0.00744,0.00120,0.42118,0.00328,0.00209,0.00160,0.00169,0.00505,0.00300,0.00562,0.00140
0.03596,0.22956,0.00796,0.01078,0.00728,0.01964,0.02631,0.05485,0.29870,0.23581,0.05940,0.00552,0.00155,0.00668
0.04360,0.18092,0.33001,0.03573,0.00470,0.31598,0.00871,0.00330,0.01475,0.01267,0.00838,0.00226,0.00759,0.03138
0.03075,0.68979,0.02964,0.00426,0.00740,0.00386,0.12835,0.00486,0.00152,0.04435,0.05056,0.00202,0.00196,0.00069
0.02941,0.17290,0.10963,0.23536,0.01789,0.07688,0.02403,0.01600,0.02931,0.02140,0.00796,0.00645,0.01278,0.24001
0.09967,0.68546,0.00782,0.00546,0.01211,0.00850,0.03396,0.00745,0.04594,0.05605,0.00207,0.00545,0.00182,0.02824
0.14104,0.52524,0.04463,0.03632,0.01531,0.01703,0.03740,0.00866,0.01586,0.02126,0.01550,0.04500,0.05300,0.02375
0.13143,0.36917,0.06987,0.01119,0.00865,0.03846,0.11531,0.05989,0.01843,0.02400,0.05397,0.07105,0.02148,0.00711
0.08328,0.80264,0.00506,0.00536,0.03489,0.00657,0.01437,0.01407,0.00739,0.00385,0.00523,0.00377,0.00524,0.00827
0.16522,0.22866,0.10998,0.07527,0.04941,0.01989,0.00533,0.00843,0.14177,0.15137,0.01937,0.01105,0.00758,0.00668
0.01338,0.59615,0.04428,0.00976,0.15381,0.00593,0.00841,0.00998,0.03453,0.04983,0.01728,0.01209,0.02084,0.02373
0.09143,0.25544,0.01728,0.00723,0.04082,0.06533,0.02032,0.06078,0.01557,0.19543,0.21006,0.00448,0.00299,0.01283
0.20752,0.30298,0.15599,0.03372,0.01608,0.12171,0.02125,0.01069,0.00883,0.00580,0.00678,0.06602,0.02842,0.01421
0.03871,0.16965,0.03511,0.28106,0.01164,0.07518,0.01406,0.02487,0.00825,0.01746,0.02794,0.00569,0.01087,0.27952
0.03660,0.10604,0.23907,0.01407,0.03505,0.15952,0.01083,0.04372,0.21888,0.07171,0.01489,0.03123,0.00978,0.00863
0.05255,0.27036,0.01444,0.02643,0.27924,0.01572,0.00893,0.30259,0.00810,0.00397,0.00420,0.00452,0.00278,0.00617
0.15074,0.26654,0.01083,0.16832,0.01734,0.01301,0.00562,0.01387,0.00780,0.17475,0.14113,0.01630,0.00808,0.00568
0.02082,0.49075,0.05153,0.01722,0.00427,0.34954,0.00605,0.00392,0.00812,0.00469,0.00387,0.01231,0.02092,0.00599
0.06734,0.18953,0.02233,0.00987,0.01423,0.01750,0.49391,0.05678,0.04739,0.00809,0.05804,0.00709,0.00232,0.00559
0.01199,0.49566,0.00621,0.03572,0.42851,0.00547,0.00161,0.00245,0.00212,0.00180,0.00388,0.00139,0.00141,0.00178
0.03692,0.69623,0.17195,0.01949,0.00752,0.02369,0.00311,0.00690,0.00508,0.00311,0.01336,0.00425,0.00178,0.00660
0.03044,0.32259,0.24500,0.01597,0.02357,0.20009,0.00657,0.04105,0.00586,0.00700,0.02300,0.00650,0.00427,0.06808
0.00955,0.15098,0.01211,0.00807,0.01046,0.04543,0.04659,0.01452,0.36923,0.31903,0.00709,0.00372,0.00109,0.00213
0.02422,0.32453,0.00243,0.00574,0.01815,0.00546,0.03491,0.25767,0.02350,0.00750,0.28072,0.00716,0.00555,0.00247
0.07177,0.84521,0.00743,0.01254,0.01676,0.00727,0.00808,0.01018,0.00174,0.00637,0.00280,0.00182,0.00069,0.00735
0.19083,0.43917,0.04580,0.18192,0.01582,0.01460,0.02775,0.01838,0.00962,0.00877,0.03540,0.00209,0.00321,0.00663
0.06613,0.79645,0.01217,0.02623,0.01525,0.01887,0.01441,0.01379,0.00189,0.00360,0.00533,0.00199,0.00198,0.02192
0.01889,0.79535,0.04480,0.00773,0.01408,0.01291,0.03450,0.00728,0.03657,0.00440,0.00326,0.00676,0.00689,0.00657
0.05923,0.22791,0.01500,0.20792,0.07983,0.04580,0.05625,0.01560,0.00719,0.02361,0.00584,0.01187,0.02921,0.21473
0.11787,0.70388,0.02189,0.00551,0.00536,0.00539,0.02252,0.01267,0.03624,0.01444,0.01332,0.01380,0.00202,0.02509
0.02921,0.19966,0.02929,0.01336,0.05077,0.00636,0.38700,0.12675,0.02307,0.02042,0.09882,0.01196,0.00153,0.00178
0.01531,0.34664,0.04241,0.20859,0.14498,0.04809,0.01503,0.01922,0.01738,0.01295,0.00902,0.00692,0.08000,0.03346
0.14181,0.30306,0.17231,0.13387,0.03003,0.04172,0.04939,0.01708,0.05925,0.02387,0.01365,0.00408,0.00460,0.00529
0.04946,0.58276,0.07255,0.02051,0.01776,0.06182,0.02097,0.01255,0.04967,0.04845,0.01725,0.00278,0.00196,0.04150
0.02744,0.16622,0.04126,0.03474,0.06670,0.01562,0.03030,0.08728,0.29740,0.16962,0.00288,0.01672,0.02767,0.01615
0.04064,0.16627,0.06696,0.07690,0.00960,0.01168,0.00381,0.27214,0.01086,0.00477,0.29238,0.01158,0.01887,0.01353
0.21480,0.48530,0.03591,0.02068,0.03414,0.00877,0.00382,0.07619,0.00526,0.00483,0.07896,0.01012,0.01920,0.00203
0.16121,0.27365,0.07397,0.00505,0.00976,0.03794,0.01639,0.00565,0.01868,0.14758,0.14866,0.08794,0.00899,0.00453
0.04462,0.15394,0.01341,0.01387,0.01629,0.02214,0.00593,0.01355,0.00663,0.33692,0.35149,0.00783,0.00637,0.00703
0.02505,0.17221,0.36868,0.00857,0.00314,0.37459,0.01099,0.00418,0.00636,0.00714,0.00388,0.00376,0.00676,0.00470
0.01692,0.24615,0.01814,0.14776,0.18288,0.01563,0.05175,0.08760,0.00652,0.00613,0.00681,0.02641,0.18234,0.00497
0.37735,0.16508,0.01731,0.37792,0.00425,0.02774,0.00165,0.00529,0.00623,0.00299,0.00504,0.00300,0.00068,0.00547
0.10810,0.42998,0.08161,0.02796,0.13443,0.02058,0.00946,0.13682,0.00769,0.00362,0.01784,0.00743,0.00172,0.01276
0.29838,0.38871,0.04976,0.04438,0.03177,0.02512,0.02681,0.02986,0.03944,0.00969,0.01331,0.03614,0.00480,0.00182
0.08308,0.30330,0.05121,0.03684,0.01013,0.00900,0.03003,0.04335,0.15999,0.17026,0.06208,0.00940,0.01028,0.02105
0.09258,0.27827,0.04110,0.01504,0.03513,0.01579,0.01283,0.01927,0.02164,0.01413,0.01288,0.23901,0.19576,0.00657
0.18652,0.61885,0.02224,0.04296,0.01442,0.02975,0.01212,0.01021,0.02789,0.00816,0.00876,0.00444,0.00322,0.01048
0.12929,0.40096,0.01209,0.14921,0.09122,0.06375,0.03795,0.07400,0.00719,0.00616,0.00662,0.00445,0.00555,0.01157
0.06648,0.23793,0.05003,0.23438,0.08093,0.00379,0.01928,0.09808,0.01205,0.01550,0.00616,0.00303,0.00920,0.16317
0.04929,0.20297,0.09625,0.00769,0.00623,0.01500,0.03391,0.01802,0.33109,0.21583,0.00736,0.00632,0.00771,0.00234
0.21877,0.43606,0.05640,0.01199,0.02084,0.03337,0.04205,0.02667,0.05867,0.02720,0.02143,0.03323,0.00965,0.00365
0.06439,0.37075,0.08064,0.09053,0.04564,0.00951,0.00551,0.12827,0.01788,0.01514,0.13401,0.00693,0.00780,0.02301
0.41330,0.52667,0.00804,0.00409,0.00422,0.01374,0.00875,0.00468,0.00534,0.00530,0.00048,0.00316,0.00157,0.00067
0.01437,0.26957,0.03250,0.01258,0.26179,0.06826,0.00579,0.25759,0.02886,0.01470,0.01044,0.00868,0.00491,0.00995
0.01422,0.56829,0.01588,0.01275,0.01778,0.29430,0.00557,0.01533,0.02310,0.01715,0.00405,0.00393,0.00465,0.00301
0.01777,0.88786,0.01173,0.00542,0.01634,0.00388,0.00238,0.00170,0.01558,0.02133,0.00086,0.00759,0.00591,0.00163
0.30988,0.47265,0.01192,0.00667,0.00630,0.01050,0.01999,0.06007,0.01780,0.00555,0.05091,0.01844,0.00675,0.00257
0.12301,0.78227,0.01018,0.01281,0.01221,0.02670,0.00598,0.01689,0.00394,0.00133,0.00172,0.00066,0.00055,0.00175
0.24703,0.21643,0.01601,0.24746,0.03194,0.02694,0.02737,0.02647,0.00768,0.01883,0.01510,0.03927,0.05022,0.02925
0.17510,0.39362,0.05633,0.14307,0.01142,0.04864,0.03621,0.01350,0.01990,0.00866,0.00815,0.02029,0.00349,0.06162
0.02517,0.60382,0.00967,0.11650,0.05340,0.04452,0.01641,0.00692,0.00779,0.00928,0.00565,0.01109,0.04948,0.04030
0.18744,0.31597,0.16134,0.01992,0.00346,0.13445,0.01297,0.03205,0.02109,0.01866,0.06875,0.01077,0.00858,0.00455
0.05073,0.69507,0.00638,0.00310,0.01662,0.00327,0.12920,0.01361,0.00665,0.00826,0.00259,0.03455,0.02334,0.00663
0.22368,0.47182,0.08630,0.01903,0.02557,0.03019,0.01501,0.01277,0.07159,0.01719,0.00308,0.01339,0.00516,0.00522
0.03580,0.31095,0.02965,0.01034,0.01769,0.00540,0.02370,0.01713,0.00657,0.00895,0.01200,0.28013,0.23873,0.00294
0.03911,0.47680,0.02064,0.20082,0.01367,0.02976,0.00983,0.00363,0.00715,0.00808,0.00797,0.00961,0.00465,0.16830
0.05475,0.41853,0.03015,0.01509,0.00950,0.09669,0.01673,0.02246,0.29039,0.02339,0.00678,0.00525,0.00550,0.00479
0.07294,0.17262,0.02236,0.04437,0.02315,0.02562,0.02157,0.09687,0.10153,0.01397,0.08516,0.16021,0.14663,0.01299
0.04028,0.26023,0.23937,0.02903,0.02192,0.25597,0.06924,0.01119,0.01146,0.01016,0.01118,0.01886,0.01267,0.00846
0.04805,0.27759,0.03191,0.00962,0.01785,0.01599,0.07877,0.01532,0.13618,0.10239,0.00967,0.14314,0.10746,0.00605
0.01609,0.13560,0.03869,0.02991,0.01072,0.00532,0.00547,0.37177,0.00232,0.00456,0.36986,0.00404,0.00133,0.00431
0.05224,0.78607,0.01730,0.02696,0.03944,0.01033,0.00845,0.00420,0.02124,0.00753,0.00351,0.01058,0.00744,0.00470
0.03500,0.10086,0.01674,0.03019,0.35549,0.04067,0.02488,0.35023,0.02326,0.00637,0.00880,0.00311,0.00220,0.00220
0.06421,0.50352,0.11207,0.03466,0.04893,0.11835,0.02068,0.02304,0.03229,0.00726,0.00261,0.00834,0.01155,0.01250
0.06108,0.76606,0.05991,0.01093,0.01272,0.02691,0.00708,0.00605,0.00276,0.00366,0.00320,0.01526,0.01494,0.00944
0.05976,0.38223,0.05677,0.02593,0.02207,0.03124,0.06143,0.01630,0.13372,0.13107,0.01394,0.02935,0.02345,0.01276
0.04288,0.70243,0.16766,0.00916,0.00616,0.02880,0.00355,0.00705,0.00159,0.00455,0.01109,0.00198,0.00428,0.00882
0.02241,0.17779,0.00980,0.01410,0.00956,0.11073,0.03708,0.00692,0.33975,0.25481,0.00550,0.00449,0.00350,0.00357
0.08703,0.47810,0.00873,0.02895,0.01389,0.00578,0.02128,0.02374,0.04736,0.09750,0.02730,0.00912,0.00786,0.14336
0.33262,0.47488,0.00837,0.01854,0.03237,0.00438,0.00133,0.01345,0.00235,0.00537,0.00261,0.06094,0.04123,0.00158
0.25240,0.29093,0.01950,0.05439,0.01140,0.05563,0.02297,0.01723,0.02082,0.02781,0.00580,0.11677,0.08975,0.01461
0.09393,0.59238,0.01311,0.01010,0.11693,0.00464,0.02063,0.06974,0.04587,0.01403,0.00623,0.00441,0.00623,0.00176
0.06753,0.80179,0.01139,0.00549,0.04167,0.00672,0.02070,0.00435,0.00391,0.00449,0.01220,0.00357,0.00177,0.01442
0.29830,0.20408,0.02360,0.28961,0.00841,0.01561,0.01465,0.01565,0.01009,0.03364,0.01764,0.02335,0.03168,0.01370
0.03494,0.24652,0.02130,0.01133,0.00468,0.01258,0.64218,0.00746,0.00470,0.00322,0.00373,0.00286,0.00123,0.00327
0.05013,0.61181,0.03828,0.02253,0.02240,0.07029,0.06247,0.00376,0.04883,0.03216,0.01203,0.00299,0.01016,0.01218
0.02594,0.78852,0.03292,0.00440,0.00674,0.00467,0.07007,0.00163,0.00268,0.02022,0.03849,0.00195,0.00065,0.00109
0.02672,0.61012,0.05498,0.02188,0.04112,0.15669,0.00360,0.03116,0.00904,0.00460,0.01285,0.00301,0.01022,0.01402
0.04517,0.14544,0.06155,0.00793,0.02196,0.04566,0.01090,0.01041,0.30139,0.29288,0.02530,0.01128,0.00669,0.01344
0.04624,0.79391,0.00936,0.02364,0.01449,0.04396,0.01003,0.02456,0.00274,0.00531,0.00920,0.00280,0.00434,0.00943
0.15520,0.49103,0.01634,0.01197,0.03437,0.03061,0.06494,0.07132,0.03212,0.00698,0.05914,0.01759,0.00246,0.00593
0.06735,0.20221,0.10817,0.05131,0.01015,0.09282,0.00609,0.13053,0.01242,0.00422,0.15359,0.09186,0.05636,0.01292
0.09482,0.18851,0.15332,0.05472,0.01411,0.09532,0.02064,0.01163,0.00968,0.01288,0.01139,0.16888,0.15880,0.00531
0.07028,0.65474,0.06140,0.00805,0.02052,0.01098,0.06981,0.00677,0.00671,0.04057,0.03679,0.00637,0.00362,0.00339
0.04625,0.60690,0.22264,0.00686,0.02176,0.00593,0.00339,0.00701,0.00974,0.00754,0.01269,0.02654,0.01124,0.01151
0.06363,0.17462,0.32623,0.02080,0.03924,0.28251,0.02121,0.01162,0.00610,0.01921,0.01173,0.01011,0.00618,0.00683
0.05498,0.33677,0.18116,0.00357,0.07210,0.01107,0.00541,0.02683,0.08493,0.09534,0.06599,0.00600,0.02073,0.03512
0.22270,0.59415,0.01485,0.02550,0.01481,0.00466,0.00755,0.00658,0.02851,0.02723,0.00359,0.03713,0.00810,0.00465
0.08811,0.26373,0.20221,0.05089,0.04165,0.20922,0.01715,0.00949,0.00623,0.06050,0.03120,0.00713,0.00158,0.01091
0.05654,0.31580,0.02964,0.02029,0.18954,0.05196,0.02843,0.18478,0.04590,0.03769,0.00587,0.01916,0.00905,0.00537
0.07229,0.35332,0.01950,0.11803,0.04943,0.02197,0.00652,0.01299,0.00663,0.01790,0.00460,0.10434,0.13523,0.07725
0.03625,0.15205,0.02916,0.01290,0.04301,0.01861,0.22728,0.22631,0.01254,0.01638,0.21043,0.00513,0.00746,0.00250
0.04099,0.79606,0.05993,0.01535,0.01166,0.02272,0.01416,0.00255,0.00268,0.00145,0.00590,0.00578,0.01287,0.00789
0.02636,0.31141,0.01453,0.01616,0.03584,0.00491,0.00659,0.00983,0.00532,0.29984,0.25281,0.00250,0.00246,0.01145
0.03348,0.14820,0.02482,0.02119,0.03118,0.03406,0.52913,0.01090,0.01470,0.03281,0.03439,0.02884,0.03455,0.02177
0.07937,0.69133,0.07105,0.00984,0.01591,0.00927,0.03805,0.00682,0.03174,0.00373,0.00770,0.01495,0.01000,0.01023
0.32441,0.30025,0.01736,0.20776,0.03095,0.01161,0.01302,0.00810,0.01333,0.02227,0.01807,0.02028,0.00501,0.00757
0.17596,0.31485,0.11031,0.11889,0.03113,0.10691,0.08523,0.01618,0.00598,0.00352,0.00565,0.00838,0.00358,0.01343
0.02515,0.17437,0.01018,0.01874,0.05268,0.00924,0.00450,0.33090,0.00372,0.00308,0.35630,0.00333,0.00420,0.00360
0.07771,0.81035,0.01102,0.01582,0.01622,0.00358,0.00572,0.00257,0.01966,0.00297,0.00269,0.00964,0.01453,0.00752
0.05865,0.12094,0.01881,0.05342,0.01209,0.01201,0.01154,0.03026,0.01364,0.02983,0.03201,0.29709,0.29144,0.01826
0.05666,0.68678,0.04687,0.01237,0.00722,0.01309,0.06440,0.00262,0.01623,0.00524,0.02112,0.02994,0.03239,0.00508
0.03819,0.56335,0.14331,0.02490,0.06737,0.01320,0.02686,0.02508,0.04328,0.00996,0.01541,0.01466,0.01148,0.00296
0.03455,0.72947,0.01268,0.00890,0.03839,0.00371,0.00318,0.01264,0.04312,0.02960,0.00978,0.03296,0.03328,0.00775
0.04060,0.22731,0.02234,0.01666,0.03556,0.01476,0.02644,0.01181,0.01234,0.00663,0.00693,0.27322,0.30206,0.00333
0.14225,0.24247,0.03424,0.03134,0.05149,0.00885,0.01384,0.17553,0.03169,0.05705,0.14650,0.03154,0.01659,0.01663
0.03088,0.14996,0.09765,0.01683,0.08856,0.06591,0.02059,0.04970,0.24909,0.18767,0.00794,0.02132,0.00336,0.01053
0.04252,0.78649,0.01599,0.00754,0.01877,0.04696,0.01017,0.03908,0.00654,0.00702,0.01500,0.00190,0.00085,0.00116
0.06014,0.22638,0.02366,0.03357,0.01519,0.04914,0.07500,0.00945,0.03663,0.00388,0.00414,0.24293,0.21485,0.00505
0.04255,0.28008,0.04579,0.00620,0.00915,0.00749,0.01900,0.00737,0.00759,0.01050,0.00745,0.30700,0.24568,0.00415
0.21369,0.60826,0.02582,0.02105,0.02253,0.01208,0.00918,0.03190,0.02223,0.00228,0.02128,0.00304,0.00290,0.00376
0.03981,0.29268,0.01527,0.18157,0.04975,0.02528,0.05411,0.04283,0.02878,0.03903,0.00206,0.00778,0.00436,0.21669
0.09464,0.27828,0.01934,0.01110,0.21394,0.02377,0.02021,0.15189,0.03626,0.03644,0.02549,0.04774,0.03251,0.00838
0.09784,0.27749,0.01569,0.01591,0.01358,0.03471,0.00394,0.21475,0.00784,0.00827,0.27059,0.01419,0.01830,0.00690
0.15871,0.46262,0.15025,0.00494,0.00923,0.00398,0.01534,0.02115,0.05365,0.05135,0.01734,0.04596,0.00290,0.00260
0.11450,0.48023,0.08032,0.08548,0.07540,0.00736,0.00979,0.02688,0.00976,0.00750,0.00412,0.03364,0.03909,0.02592
0.07233,0.57699,0.12604,0.01269,0.05379,0.00757,0.01875,0.00445,0.00881,0.03827,0.06827,0.00607,0.00141,0.00456
0.02361,0.13741,0.03815,0.00577,0.01846,0.01589,0.01244,0.01196,0.00585,0.34810,0.36272,0.00849,0.00707,0.00409
0.02065,0.18887,0.02307,0.01970,0.09432,0.03965,0.01047,0.01526,0.01497,0.00460,0.00925,0.28379,0.26758,0.00781
0.07653,0.28303,0.20020,0.00920,0.05829,0.22359,0.01053,0.04357,0.02970,0.03366,0.00721,0.00695,0.00909,0.00845
0.03259,0.41292,0.21086,0.01637,0.08360,0.01593,0.01808,0.12081,0.03244,0.00676,0.00175,0.02821,0.01080,0.00887
0.09140,0.34719,0.03430,0.01754,0.01765,0.02070,0.00979,0.01444,0.00366,0.00344,0.00323,0.23442,0.19429,0.00795
0.15903,0.27896,0.06282,0.04246,0.01433,0.08227,0.08618,0.04027,0.04891,0.06001,0.04026,0.02625,0.00869,0.04956
0.07455,0.26502,0.04244,0.01380,0.00870,0.04335,0.00407,0.00732,0.02126,0.22600,0.26544,0.00788,0.01213,0.00804
0.02804,0.13176,0.01167,0.02647,0.01245,0.00678,0.74308,0.00457,0.00865,0.00935,0.00308,0.00409,0.00586,0.00414
0.10262,0.19908,0.03471,0.22690,0.04034,0.01910,0.05397,0.01469,0.04359,0.04670,0.01830,0.00821,0.00859,0.18319
0.04630,0.66159,0.01522,0.10048,0.02824,0.02181,0.00454,0.00350,0.00386,0.00545,0.00542,0.02019,0.01764,0.06577
0.10081,0.63943,0.02658,0.00715,0.00814,0.00546,0.08096,0.00221,0.00369,0.05179,0.05499,0.00542,0.00689,0.00646
0.03456,0.24172,0.01351,0.12296,0.19531,0.02520,0.03307,0.18631,0.01031,0.01218,0.01803,0.00766,0.08037,0.01880
0.03657,0.21827,0.00899,0.03168,0.01331,0.01244,0.01067,0.31636,0.00199,0.00493,0.33563,0.00424,0.00228,0.00264
0.11440,0.25142,0.03048,0.09844,0.01556,0.03735,0.07798,0.01609,0.01346,0.02855,0.02480,0.11816,0.07596,0.09735
0.04780,0.39992,0.05836,0.00887,0.02016,0.05836,0.15747,0.00397,0.01400,0.00527,0.00999,0.10895,0.09906,0.00782
0.02952,0.51202,0.01069,0.01438,0.02429,0.07877,0.01540,0.03643,0.00902,0.00481,0.00889,0.00732,0.00222,0.24624
0.04277,0.23223,0.04292,0.01802,0.01498,0.00903,0.01393,0.00693,0.00954,0.00869,0.00941,0.31795,0.27068,0.00293
0.05972,0.24725,0.02504,0.00679,0.26149,0.04785,0.01128,0.27019,0.00267,0.00992,0.01424,0.02168,0.00426,0.01761
0.04761,0.46129,0.03740,0.03660,0.25953,0.00697,0.01414,0.01474,0.03500,0.02588,0.01927,0.01302,0.02389,0.00468
0.07749,0.72149,0.01346,0.06737,0.03290,0.01044,0.02967,0.00374,0.00735,0.00418,0.00236,0.00074,0.00356,0.02526
0.05893,0.52814,0.13240,0.00754,0.01159,0.00924,0.01161,0.00842,0.04291,0.00806,0.01507,0.08782,0.07640,0.00189
0.04135,0.45891,0.01064,0.00722,0.01029,0.04013,0.01523,0.02206,0.35210,0.02116,0.00384,0.01150,0.00444,0.00114
0.05148,0.19502,0.19739,0.01181,0.01317,0.15304,0.00994,0.00986,0.17021,0.17351,0.00660,0.00277,0.00278,0.00241
0.06990,0.23175,0.22094,0.03116,0.01027,0.19365,0.02002,0.01196,0.14813,0.03929,0.00408,0.01287,0.00214,0.00385
0.06119,0.23336,0.01840,0.02777,0.07410,0.02549,0.00829,0.03359,0.02446,0.03858,0.02229,0.21567,0.21153,0.00528
0.34512,0.22232,0.02241,0.33528,0.00620,0.02604,0.00544,0.00371,0.00529,0.01019,0.00730,0.00406,0.00489,0.00175
0.02219,0.52527,0.02089,0.02599,0.00508,0.33625,0.01160,0.00808,0.00669,0.00268,0.00841,0.00565,0.01660,0.00463
0.28482,0.64063,0.01457,0.02083,0.00790,0.00174,0.00291,0.00455,0.00234,0.01302,0.00229,0.00172,0.00070,0.00197
0.10600,0.65104,0.05723,0.01028,0.01648,0.01101,0.03756,0.01713,0.04205,0.01613,0.01970,0.01053,0.00174,0.00311
0.02419,0.21930,0.02415,0.06370,0.21684,0.02362,0.02712,0.24329,0.00993,0.01067,0.03305,0.00538,0.01141,0.08733
0.05247,0.18965,0.01889,0.03710,0.01802,0.05057,0.53726,0.01586,0.01135,0.01081,0.01403,0.01152,0.00422,0.02822
0.06777,0.28753,0.02584,0.01617,0.01686,0.03850,0.02677,0.00636,0.26708,0.22729,0.00769,0.00881,0.00122,0.00212
0.11995,0.74519,0.01710,0.01267,0.02648,0.02042,0.00982,0.01770,0.00485,0.00273,0.00676,0.00586,0.00368,0.00679
0.07878,0.39382,0.01616,0.03050,0.15392,0.02036,0.01127,0.06304,0.04738,0.05815,0.04699,0.01275,0.01441,0.05248
0.06723,0.76875,0.01166,0.00664,0.03759,0.00753,0.00686,0.00656,0.04156,0.03298,0.00247,0.00433,0.00195,0.00388
0.35873,0.16735,0.01462,0.39469,0.00946,0.00883,0.00266,0.00443,0.00466,0.00712,0.00824,0.00543,0.00123,0.01255
0.32302,0.44839,0.01426,0.02479,0.04684,0.00800,0.00907,0.01559,0.00988,0.01350,0.01537,0.04780,0.00701,0.01648
0.05513,0.18834,0.23896,0.02277,0.04131,0.20759,0.06816,0.02287,0.02167,0.05151,0.03381,0.03460,0.00566,0.00762
0.06310,0.71623,0.02189,0.01464,0.03465,0.01050,0.01152,0.01974,0.01157,0.01051,0.00835,0.03731,0.02691,0.01306
0.08940,0.17922,0.03339,0.03603,0.00375,0.01847,0.00581,0.00579,0.31382,0.29021,0.00141,0.01019,0.00403,0.00848
0.03501,0.65929,0.08752,0.05541,0.00470,0.01320,0.03767,0.01230,0.01448,0.00054,0.03250,0.00371,0.00867,0.03500
0.02708,0.16762,0.02943,0.03052,0.01250,0.02866,0.02571,0.01065,0.33832,0.30835,0.00237,0.00383,0.00928,0.00567
0.18092,0.13354,0.03036,0.13414,0.02123,0.01558,0.01151,0.01942,0.01797,0.01690,0.00442,0.20271,0.20565,0.00565
0.31075,0.12050,0.01725,0.33102,0.01770,0.01385,0.02506,0.01355,0.02047,0.00563,0.00563,0.06898,0.04694,0.00267
0.03650,0.22344,0.01167,0.01570,0.02043,0.05968,0.00643,0.00662,0.33905,0.26398,0.00875,0.00238,0.00175,0.00362
0.03398,0.39547,0.10446,0.04163,0.14958,0.01320,0.01943,0.00648,0.04349,0.05639,0.07322,0.01659,0.03457,0.01152
0.08252,0.68827,0.01337,0.03379,0.01513,0.06995,0.00971,0.00666,0.01244,0.00892,0.01239,0.01548,0.01005,0.02134
0.11028,0.38237,0.01809,0.04308,0.05235,0.00957,0.01651,0.01154,0.01812,0.05304,0.03698,0.13230,0.10740,0.00837
0.03198,0.37766,0.10368,0.02163,0.06910,0.02247,0.11619,0.06670,0.01546,0.07176,0.05993,0.01550,0.01725,0.01069
0.05303,0.77976,0.05113,0.01839,0.00286,0.00594,0.00696,0.00263,0.02167,0.02218,0.00301,0.01098,0.00292,0.01854
0.38093,0.47467,0.00951,0.01824,0.01630,0.00563,0.00249,0.01172,0.00162,0.00126,0.00162,0.06423,0.00924,0.00254
0.12682,0.57812,0.04721,0.01378,0.00905,0.05661,0.04156,0.01623,0.04400,0.00927,0.03198,0.01307,0.00937,0.00292
0.10207,0.47510,0.02193,0.01492,0.05453,0.02931,0.02900,0.05791,0.00935,0.03147,0.03801,0.07031,0.05502,0.01108
0.20279,0.47446,0.01204,0.02449,0.15318,0.01198,0.01962,0.01333,0.04681,0.01684,0.01144,0.00451,0.00331,0.00519
0.04815,0.26220,0.05897,0.01128,0.01802,0.03594,0.01495,0.01392,0.01852,0.25364,0.24489,0.00854,0.00435,0.00662
0.02550,0.25494,0.24463,0.01327,0.03931,0.25812,0.03629,0.04623,0.00612,0.01399,0.04405,0.00588,0.00790,0.00377
0.16023,0.51113,0.01140,0.11422,0.01351,0.02129,0.04753,0.01392,0.02519,0.02554,0.01307,0.00835,0.00444,0.03018
0.07854,0.28917,0.09727,0.03266,0.05028,0.04928,0.00575,0.03013,0.27653,0.05534,0.02560,0.00429,0.00252,0.00265
0.00771,0.60435,0.15768,0.01021,0.12865,0.00452,0.00283,0.00299,0.00325,0.01761,0.04213,0.00363,0.01068,0.00376
