0.04349,0.03878,0.01986,0.03751,0.03535,0.21150,0.18068,0.15530,0.12942,0.14811
0.05101,0.04659,0.02383,0.04542,0.04347,0.18804,0.17158,0.15329,0.12529,0.15148
0.05253,0.04874,0.02315,0.04899,0.04316,0.19490,0.16292,0.14808,0.12156,0.15599
0.04703,0.04533,0.02019,0.04386,0.04141,0.20030,0.16580,0.15155,0.12032,0.16420
0.04707,0.04362,0.02063,0.04215,0.04052,0.21831,0.16521,0.14559,0.11505,0.16185
0.05598,0.04853,0.02252,0.04719,0.04345,0.18289,0.16178,0.15305,0.12933,0.15528
0.04500,0.04214,0.02081,0.03899,0.03769,0.19534,0.18007,0.15587,0.12533,0.15877
0.04655,0.04256,0.02127,0.04315,0.03814,0.19823,0.17117,0.15745,0.11947,0.16202
0.04293,0.03935,0.01846,0.04014,0.03565,0.20435,0.17740,0.15640,0.11882,0.16649
0.04546,0.04197,0.02137,0.04027,0.04006,0.19558,0.17759,0.15955,0.12327,0.15489
0.04643,0.04039,0.02150,0.03988,0.04025,0.20391,0.16902,0.15130,0.12257,0.16475
0.04798,0.04513,0.02269,0.04333,0.03922,0.20126,0.17845,0.15418,0.11154,0.15623
0.04859,0.04316,0.02407,0.04613,0.04000,0.19623,0.18406,0.15480,0.10541,0.15754
0.04105,0.03637,0.01998,0.03497,0.03454,0.20977,0.17972,0.15903,0.12479,0.15977
0.05004,0.04807,0.02609,0.04486,0.04399,0.19905,0.16814,0.14886,0.10845,0.16245
0.04911,0.04585,0.02581,0.04396,0.04347,0.18741,0.17041,0.15000,0.11827,0.16571
0.04089,0.03705,0.02057,0.03977,0.03670,0.20896,0.17048,0.15577,0.11969,0.17012
0.05061,0.04493,0.02333,0.04308,0.04193,0.18741,0.17784,0.15526,0.12709,0.14852
0.04330,0.03908,0.01904,0.03864,0.03516,0.20547,0.17306,0.15401,0.12167,0.17055
0.04754,0.04287,0.02127,0.04378,0.04007,0.21445,0.17046,0.14238,0.12095,0.15623
0.05412,0.04861,0.02430,0.05115,0.04512,0.21154,0.15698,0.14081,0.11893,0.14844
0.03846,0.03490,0.01778,0.03378,0.03011,0.21537,0.17250,0.16070,0.12462,0.17178
0.04467,0.03943,0.02133,0.03821,0.03739,0.20568,0.18608,0.15609,0.10916,0.16196
0.05189,0.04783,0.02445,0.04701,0.04573,0.18045,0.18005,0.14976,0.11662,0.15621
0.04525,0.03926,0.02001,0.04226,0.03982,0.21476,0.16827,0.15178,0.11616,0.16246
0.04849,0.04052,0.02013,0.04181,0.03822,0.19773,0.17471,0.16022,0.11920,0.15896
0.04736,0.04188,0.02251,0.03970,0.03643,0.21445,0.17560,0.14542,0.12119,0.15546
0.04171,0.04031,0.02092,0.04023,0.03613,0.19857,0.17756,0.15743,0.12894,0.15820
0.04213,0.03906,0.02005,0.03799,0.03514,0.21196,0.17810,0.16160,0.11401,0.15996
0.03676,0.03373,0.01702,0.03327,0.03145,0.22187,0.18648,0.15777,0.11629,0.16535
0.04224,0.04030,0.02112,0.04329,0.03676,0.19556,0.18043,0.14822,0.12731,0.16476
0.05362,0.04490,0.02227,0.04605,0.03982,0.18861,0.17163,0.15292,0.12094,0.15925
0.04307,0.03756,0.02056,0.03925,0.03517,0.20477,0.17937,0.15481,0.12985,0.15560
0.04754,0.04248,0.01990,0.04274,0.03912,0.20462,0.17050,0.15632,0.11450,0.16227
0.04538,0.04155,0.02037,0.04024,0.03868,0.19614,0.18420,0.15428,0.11871,0.16045
0.04466,0.04103,0.02184,0.04169,0.03896,0.20310,0.17678,0.15087,0.11676,0.16429
0.04484,0.04180,0.02181,0.04338,0.04020,0.21654,0.16941,0.14446,0.12326,0.15432
0.04708,0.04179,0.01923,0.04353,0.04128,0.21184,0.16190,0.15480,0.11197,0.16658
0.04010,0.03719,0.01737,0.03705,0.03335,0.21863,0.17632,0.15756,0.11995,0.16248
0.04313,0.03843,0.02028,0.03916,0.03449,0.19612,0.19043,0.15386,0.12371,0.16040
0.03988,0.03570,0.02038,0.03657,0.03396,0.21023,0.18382,0.15438,0.12160,0.16348
0.05106,0.04427,0.02231,0.04361,0.04041,0.19904,0.17790,0.15229,0.11275,0.15636
0.04890,0.04313,0.02256,0.04520,0.04114,0.19462,0.16456,0.15660,0.11614,0.16714
0.04311,0.04360,0.02021,0.04214,0.03829,0.18604,0.17722,0.16014,0.11878,0.17048
0.04644,0.04097,0.01823,0.04348,0.03600,0.20530,0.17670,0.15207,0.12354,0.15727
0.04296,0.03697,0.01895,0.03795,0.03482,0.22964,0.16878,0.14750,0.11752,0.16492
0.03831,0.03524,0.01912,0.03620,0.03216,0.20245,0.18399,0.15806,0.12343,0.17105
0.04565,0.04349,0.02172,0.03879,0.03962,0.20325,0.17260,0.15551,0.12036,0.15901
0.04693,0.04374,0.02228,0.04395,0.03648,0.18840,0.17619,0.15417,0.12116,0.16670
0.04092,0.03561,0.01961,0.03775,0.03463,0.20988,0.18066,0.15990,0.10978,0.17123
0.04507,0.04013,0.02072,0.03919,0.03601,0.19416,0.17951,0.15895,0.11831,0.16796
0.04561,0.04221,0.01955,0.03995,0.03711,0.20335,0.17132,0.15562,0.12234,0.16294
0.04485,0.04130,0.02081,0.04123,0.03682,0.19920,0.17732,0.15831,0.11255,0.16761
0.05101,0.04337,0.02297,0.04448,0.04195,0.19525,0.17451,0.15722,0.11007,0.15917
0.04228,0.03667,0.01851,0.03893,0.03364,0.20111,0.18161,0.16056,0.11980,0.16689
0.04064,0.03770,0.01920,0.03770,0.03610,0.22405,0.18311,0.14943,0.11414,0.15794
0.04512,0.04110,0.02027,0.03928,0.03737,0.20520,0.17228,0.15188,0.12123,0.16626
0.05953,0.05193,0.02420,0.04906,0.04594,0.19387,0.16053,0.14621,0.11022,0.15851
0.05046,0.04606,0.02164,0.04490,0.04013,0.20849,0.16904,0.14561,0.11773,0.15593
0.04512,0.03932,0.01969,0.03966,0.03512,0.20908,0.17743,0.15583,0.11634,0.16243
0.04708,0.04146,0.02099,0.04173,0.03848,0.20999,0.16697,0.14909,0.11999,0.16422
0.04163,0.03923,0.01908,0.03634,0.03314,0.21729,0.17419,0.15523,0.12083,0.16305
0.04041,0.03603,0.01949,0.03901,0.03454,0.22202,0.17421,0.15530,0.11215,0.16685
0.04464,0.04117,0.02107,0.04157,0.03625,0.20670,0.16931,0.15479,0.12160,0.16290
0.04113,0.03465,0.01785,0.03478,0.03401,0.20965,0.19105,0.15826,0.11095,0.16766
0.04102,0.03649,0.01995,0.03840,0.03544,0.20024,0.17579,0.15875,0.12413,0.16980
0.04333,0.03978,0.02177,0.04240,0.03772,0.20379,0.16978,0.15644,0.12111,0.16387
0.04293,0.04060,0.02103,0.04066,0.03770,0.21313,0.17070,0.15369,0.11561,0.16395
0.04353,0.04055,0.02069,0.04017,0.03731,0.22563,0.16916,0.14413,0.12034,0.15850
0.04487,0.04067,0.02022,0.04054,0.03757,0.20910,0.17086,0.15306,0.12782,0.15528
0.04099,0.03671,0.01832,0.03652,0.03566,0.21997,0.16634,0.15710,0.11146,0.17695
0.03651,0.03351,0.01779,0.03383,0.03128,0.21348,0.19574,0.15766,0.11883,0.16138
0.04175,0.03701,0.01786,0.03800,0.03366,0.21247,0.17417,0.15455,0.11482,0.17571
0.04283,0.04102,0.02148,0.04173,0.03707,0.20439,0.16852,0.16024,0.12336,0.15936
0.04153,0.04267,0.01981,0.04314,0.03844,0.20007,0.17172,0.15714,0.12052,0.16497
0.05853,0.04977,0.02226,0.04889,0.04549,0.20520,0.16934,0.14484,0.10747,0.14822
0.04049,0.03653,0.01612,0.03632,0.03293,0.21864,0.18036,0.15789,0.11560,0.16513
0.04519,0.04300,0.02142,0.04242,0.04052,0.20833,0.17015,0.14922,0.12795,0.15179
0.04205,0.03840,0.02115,0.03828,0.03504,0.20586,0.17199,0.15869,0.12831,0.16024
0.04916,0.04237,0.02054,0.04380,0.03889,0.19203,0.18391,0.14801,0.11334,0.16796
0.04921,0.04492,0.02234,0.04023,0.03892,0.21400,0.16450,0.15119,0.11366,0.16104
0.05024,0.04723,0.02326,0.04778,0.04365,0.19705,0.16807,0.14782,0.11180,0.16310
0.04648,0.04066,0.01888,0.04069,0.04271,0.20309,0.16438,0.15125,0.12604,0.16583
0.03863,0.03435,0.01778,0.03368,0.03204,0.21944,0.17631,0.15590,0.11904,0.17282
0.04587,0.04245,0.01994,0.04291,0.03984,0.19791,0.17736,0.14828,0.11911,0.16633
0.04476,0.04022,0.01817,0.04245,0.03753,0.21715,0.16921,0.14657,0.13063,0.15330
0.04382,0.03557,0.01861,0.03651,0.03491,0.20440,0.17631,0.16244,0.11756,0.16987
0.03926,0.03605,0.01808,0.03881,0.03397,0.21200,0.17945,0.15226,0.11923,0.17089
0.03767,0.03368,0.01795,0.03526,0.03149,0.22242,0.18927,0.15303,0.11248,0.16676
0.04488,0.04171,0.02001,0.04086,0.03777,0.20652,0.17901,0.15034,0.11425,0.16465
0.04503,0.03819,0.01863,0.04100,0.03684,0.20196,0.16670,0.15717,0.12574,0.16874
0.04432,0.03951,0.01894,0.04240,0.03676,0.21702,0.17238,0.14916,0.11665,0.16286
0.04165,0.04068,0.02110,0.04178,0.03365,0.19994,0.17429,0.16293,0.12339,0.16059
0.04563,0.04082,0.02075,0.04345,0.03670,0.22525,0.16705,0.15115,0.11606,0.15314
0.04223,0.03968,0.01902,0.03869,0.03590,0.21635,0.18062,0.15752,0.10832,0.16166
0.05173,0.04359,0.02132,0.04541,0.04138,0.19725,0.16278,0.15644,0.12229,0.15781
0.05265,0.04694,0.02207,0.04697,0.04187,0.17235,0.17597,0.15507,0.12478,0.16133
0.04489,0.03888,0.01947,0.03898,0.03570,0.20003,0.17658,0.15814,0.12675,0.16058
0.03767,0.03498,0.01686,0.03721,0.03244,0.21046,0.18512,0.16238,0.11582,0.16707
0.04666,0.04325,0.02176,0.04292,0.04039,0.20601,0.17393,0.15226,0.11608,0.15675
