0.04299,0.03675,0.02198,0.03801,0.03814,0.20357,0.16579,0.15733,0.13133,0.16412
0.05204,0.04679,0.02451,0.04736,0.04411,0.19207,0.17014,0.15035,0.11877,0.15387
0.04645,0.04736,0.02457,0.04935,0.04463,0.18091,0.17109,0.15186,0.12436,0.15942
0.04860,0.04391,0.01951,0.04260,0.04035,0.21598,0.16303,0.14973,0.11642,0.15986
0.04262,0.03951,0.01967,0.03743,0.03382,0.21397,0.17494,0.15647,0.12097,0.16060
0.04757,0.04421,0.02040,0.04478,0.04068,0.19999,0.15869,0.15298,0.13019,0.16052
0.05073,0.04463,0.02179,0.04372,0.04288,0.19915,0.17237,0.14940,0.11893,0.15639
0.04404,0.04021,0.01996,0.04261,0.03790,0.20354,0.17000,0.15622,0.12570,0.15982
0.04049,0.03883,0.01829,0.03698,0.03472,0.21025,0.17482,0.15641,0.12675,0.16245
0.03722,0.03705,0.01814,0.03572,0.03341,0.20464,0.18636,0.15877,0.12252,0.16616
0.05248,0.04641,0.02182,0.04800,0.04252,0.19743,0.17462,0.14984,0.11091,0.15597
0.04430,0.04206,0.02092,0.03940,0.03742,0.20788,0.17438,0.15653,0.11553,0.16159
0.04107,0.03836,0.01929,0.04229,0.03748,0.19526,0.17982,0.15823,0.12363,0.16457
0.05441,0.04786,0.02308,0.04802,0.04306,0.20294,0.16839,0.14673,0.11206,0.15345
0.04376,0.04172,0.02015,0.04002,0.03872,0.19865,0.18238,0.15758,0.11553,0.16149
0.03980,0.03720,0.01781,0.03594,0.03180,0.20988,0.19201,0.15798,0.11428,0.16330
0.04249,0.03771,0.01898,0.03940,0.03548,0.20838,0.17353,0.15833,0.12708,0.15863
0.04121,0.03842,0.02069,0.03769,0.03476,0.19861,0.17913,0.15852,0.12587,0.16509
0.03846,0.03130,0.01721,0.03281,0.03071,0.21598,0.18454,0.16023,0.12186,0.16689
0.06066,0.05564,0.02409,0.05701,0.04804,0.19073,0.15719,0.14101,0.11763,0.14800
0.04215,0.03855,0.02010,0.03814,0.03590,0.19803,0.18128,0.15954,0.12412,0.16217
0.05428,0.04639,0.02112,0.04565,0.04374,0.19637,0.16997,0.15227,0.11405,0.15617
0.04725,0.04176,0.02220,0.04368,0.03739,0.21019,0.16145,0.15414,0.12947,0.15248
0.05128,0.04362,0.02394,0.04391,0.04002,0.19279,0.16769,0.15380,0.12219,0.16077
0.04832,0.04295,0.02364,0.04614,0.03888,0.18848,0.17383,0.15754,0.12027,0.15995
0.05850,0.05002,0.02312,0.04933,0.04683,0.18429,0.17005,0.14649,0.11322,0.15813
0.05137,0.04596,0.02409,0.04848,0.04186,0.19734,0.16872,0.14845,0.12017,0.15354
0.04712,0.04572,0.02171,0.04612,0.04210,0.20401,0.16972,0.15297,0.11652,0.15402
0.04179,0.04023,0.01993,0.03961,0.03620,0.20482,0.16951,0.15491,0.13755,0.15546
0.04023,0.03648,0.01886,0.03847,0.03435,0.20407,0.18934,0.15959,0.11196,0.16663
0.05108,0.04524,0.02484,0.04424,0.04218,0.18385,0.16370,0.14973,0.13490,0.16022
0.03714,0.03454,0.01813,0.03358,0.02996,0.21823,0.17617,0.15915,0.13009,0.16300
0.05453,0.05047,0.02302,0.04839,0.04563,0.19153,0.16347,0.14914,0.11852,0.15528
0.05014,0.04390,0.02053,0.04408,0.04120,0.20756,0.16620,0.15062,0.12066,0.15510
0.04000,0.03820,0.01784,0.03739,0.03351,0.20841,0.17512,0.15740,0.12708,0.16504
0.04062,0.03629,0.01965,0.03316,0.03438,0.20041,0.18166,0.16104,0.12159,0.17120
0.04586,0.04042,0.01888,0.04000,0.03660,0.20600,0.17721,0.15494,0.12163,0.15845
0.05073,0.04560,0.02314,0.04534,0.04503,0.19772,0.16539,0.14814,0.12471,0.15420
0.04144,0.03877,0.01923,0.03843,0.03601,0.20090,0.18403,0.15896,0.11468,0.16755
0.05201,0.04712,0.02294,0.04799,0.04460,0.18342,0.17143,0.14833,0.11993,0.16222
0.04766,0.04422,0.02041,0.04343,0.04007,0.20429,0.17153,0.15456,0.11900,0.15482
0.04432,0.04001,0.02170,0.03967,0.03791,0.20807,0.17477,0.15079,0.12333,0.15943
0.04214,0.03843,0.01981,0.03767,0.03518,0.21374,0.16903,0.15740,0.12607,0.16052
0.04913,0.04580,0.01976,0.04510,0.04021,0.20484,0.16473,0.15552,0.12464,0.15027
0.04789,0.04078,0.01970,0.04102,0.03388,0.21268,0.16493,0.15565,0.12877,0.15470
0.04717,0.04151,0.02159,0.04267,0.04040,0.19242,0.17140,0.15404,0.12684,0.16198
0.04795,0.04271,0.02400,0.04048,0.03881,0.19871,0.16491,0.15572,0.13014,0.15658
0.04621,0.04272,0.02144,0.04295,0.03890,0.19603,0.16783,0.15576,0.12626,0.16190
0.04960,0.04258,0.02163,0.04515,0.04155,0.19172,0.17317,0.15323,0.11717,0.16419
0.03974,0.03431,0.01860,0.03411,0.03141,0.20694,0.18697,0.16134,0.11762,0.16897
0.05587,0.05122,0.02324,0.05242,0.04948,0.19849,0.15888,0.14678,0.11433,0.14929
0.04552,0.03870,0.02017,0.04022,0.03619,0.20644,0.16768,0.15920,0.12582,0.16005
0.04875,0.04544,0.02111,0.04651,0.04154,0.19896,0.16297,0.15148,0.12763,0.15561
0.03941,0.03862,0.01909,0.03778,0.03333,0.20802,0.17847,0.15990,0.12333,0.16205
0.04372,0.03881,0.01973,0.03866,0.03504,0.20074,0.17515,0.15795,0.12465,0.16555
0.04439,0.03973,0.02166,0.04171,0.03709,0.19040,0.17837,0.15732,0.12456,0.16478
0.04590,0.03985,0.02103,0.04219,0.03609,0.20764,0.17282,0.15285,0.12337,0.15826
0.03879,0.03684,0.01839,0.03684,0.03382,0.21395,0.17648,0.15494,0.12241,0.16754
0.05127,0.04607,0.02427,0.04547,0.04173,0.19004,0.16680,0.15112,0.12596,0.15728
0.03810,0.03379,0.01852,0.03205,0.02989,0.21648,0.18522,0.15990,0.12415,0.16191
0.04522,0.04068,0.02327,0.04039,0.03780,0.18620,0.17589,0.15739,0.13137,0.16179
0.04854,0.04165,0.02126,0.04206,0.04096,0.19882,0.17106,0.15251,0.12270,0.16044
0.04432,0.03813,0.02143,0.03809,0.03729,0.20259,0.17954,0.15491,0.12330,0.16041
0.05114,0.04727,0.02136,0.04887,0.04471,0.19713,0.17483,0.14371,0.11475,0.15623
0.04165,0.03707,0.01793,0.04002,0.03550,0.19819,0.18555,0.15979,0.12089,0.16341
0.03646,0.03323,0.01992,0.03360,0.02993,0.21664,0.18184,0.15529,0.12481,0.16829
0.04369,0.04217,0.02008,0.03922,0.03540,0.19337,0.17250,0.16273,0.12999,0.16084
0.04629,0.04265,0.02069,0.03864,0.03736,0.20641,0.18105,0.15277,0.11196,0.16217
0.04032,0.03500,0.01989,0.03667,0.03408,0.19873,0.18420,0.16125,0.12171,0.16815
0.04725,0.04107,0.01952,0.04209,0.03999,0.19666,0.17666,0.15404,0.11857,0.16416
0.04443,0.04052,0.01984,0.03948,0.03715,0.20529,0.17535,0.15389,0.12256,0.16148
0.05682,0.05037,0.02621,0.05167,0.04769,0.17999,0.16010,0.14747,0.12717,0.15250
0.04811,0.04282,0.02234,0.04448,0.03929,0.20093,0.16875,0.15283,0.12528,0.15518
0.04073,0.03837,0.02065,0.03887,0.03623,0.21191,0.18047,0.14932,0.12368,0.15977
0.04244,0.04202,0.02154,0.03914,0.03585,0.19315,0.17996,0.15819,0.12826,0.15945
0.03401,0.03241,0.01708,0.03324,0.03069,0.20366,0.19309,0.16652,0.12284,0.16647
0.04153,0.03564,0.02085,0.04070,0.03311,0.21740,0.17379,0.15675,0.12449,0.15575
0.04504,0.03776,0.01913,0.03864,0.03708,0.20806,0.16502,0.15617,0.13239,0.16070
0.04433,0.04156,0.01888,0.04154,0.03674,0.21739,0.16863,0.15254,0.11768,0.16072
0.05183,0.04745,0.02440,0.04833,0.04610,0.19579,0.15759,0.14634,0.12686,0.15530
0.04137,0.03865,0.01956,0.03991,0.03602,0.19665,0.17751,0.15927,0.12649,0.16458
0.05294,0.04737,0.02255,0.04848,0.04394,0.20216,0.17061,0.14754,0.11125,0.15316
0.04301,0.03776,0.02089,0.04023,0.03490,0.20567,0.16945,0.15696,0.12852,0.16262
0.04614,0.04118,0.02289,0.04247,0.03778,0.19022,0.17292,0.15610,0.12837,0.16192
0.04628,0.04025,0.02169,0.04303,0.03900,0.20303,0.17545,0.15117,0.12117,0.15894
0.05201,0.04714,0.02569,0.04542,0.04042,0.18108,0.16410,0.15392,0.13363,0.15659
0.03993,0.03626,0.01916,0.03594,0.03453,0.20965,0.18011,0.16072,0.12364,0.16005
0.04575,0.04445,0.02134,0.04411,0.03851,0.21334,0.16251,0.15024,0.11716,0.16260
0.04863,0.04472,0.02302,0.04543,0.04005,0.19068,0.17116,0.15092,0.12877,0.15663
0.04569,0.03929,0.02077,0.04126,0.03768,0.20130,0.16432,0.15946,0.12764,0.16260
0.04212,0.03749,0.02134,0.03891,0.03477,0.18970,0.18191,0.15845,0.13328,0.16203
0.05411,0.05005,0.02249,0.04710,0.04365,0.19083,0.16738,0.14943,0.11877,0.15620
0.03944,0.03796,0.02016,0.04001,0.03572,0.19894,0.17637,0.15611,0.13203,0.16327
0.04744,0.04354,0.02379,0.04123,0.03894,0.18721,0.16662,0.15656,0.13425,0.16042
0.04946,0.04417,0.02055,0.04414,0.04093,0.18918,0.17634,0.15377,0.11790,0.16356
0.04095,0.03809,0.01834,0.03893,0.03333,0.20822,0.18030,0.15696,0.12410,0.16078
0.05505,0.05142,0.02216,0.04917,0.04595,0.20204,0.15807,0.14709,0.11794,0.15112
0.04515,0.04140,0.02152,0.04283,0.03725,0.20370,0.17082,0.15275,0.12364,0.16095
0.04300,0.03841,0.01859,0.03994,0.03606,0.21752,0.17728,0.15565,0.11449,0.15904
0.04916,0.04415,0.02020,0.04364,0.03963,0.20750,0.16418,0.14747,0.12894,0.15513
0.04207,0.03880,0.01929,0.03836,0.03466,0.20810,0.17759,0.15331,0.12207,0.16576
0.04079,0.03774,0.02185,0.03842,0.03423,0.19567,0.17310,0.15840,0.13276,0.16704
0.04772,0.04486,0.02221,0.04318,0.03797,0.19209,0.17044,0.15142,0.13147,0.15863
0.03696,0.03415,0.01970,0.03508,0.03249,0.20413,0.17283,0.16174,0.13780,0.16511
0.03789,0.03371,0.01997,0.03565,0.03178,0.21014,0.17378,0.15988,0.13279,0.16441
0.04614,0.04257,0.02149,0.04387,0.04058,0.20447,0.17692,0.15315,0.11522,0.15561
0.04421,0.04145,0.01925,0.04080,0.03686,0.19684,0.17265,0.15759,0.12737,0.16298
0.04465,0.04201,0.02175,0.04356,0.03765,0.19927,0.17444,0.15436,0.12449,0.15781
0.04823,0.04580,0.02268,0.04135,0.03988,0.20037,0.16424,0.15400,0.12673,0.15672
0.04691,0.04303,0.02164,0.04208,0.04086,0.19616,0.17521,0.15766,0.12004,0.15641
0.04535,0.04189,0.02151,0.04198,0.04041,0.19225,0.17481,0.15513,0.12207,0.16460
0.04010,0.03672,0.01876,0.03712,0.03350,0.19233,0.18323,0.16142,0.12932,0.16750
0.04523,0.04451,0.02153,0.04413,0.04125,0.21176,0.15667,0.15388,0.12938,0.15168
0.03621,0.03359,0.01819,0.03285,0.03187,0.19543,0.17538,0.16810,0.13623,0.17216
0.04088,0.03804,0.01974,0.04016,0.03382,0.20067,0.17406,0.16148,0.12731,0.16385
0.06150,0.05203,0.02444,0.05378,0.04838,0.19927,0.15835,0.14230,0.11379,0.14615
0.04553,0.04048,0.02010,0.04118,0.03822,0.19656,0.18490,0.15337,0.12026,0.15941
0.04922,0.04856,0.02487,0.04740,0.04238,0.18238,0.16963,0.15477,0.12441,0.15638
0.06326,0.05770,0.02671,0.05479,0.05438,0.17900,0.15760,0.13917,0.12285,0.14455
0.04332,0.04034,0.01804,0.04121,0.03624,0.20713,0.17565,0.15335,0.12143,0.16327
0.04120,0.03720,0.01888,0.03867,0.03775,0.20621,0.18164,0.15760,0.11993,0.16093
0.04172,0.03703,0.01941,0.03714,0.03450,0.20655,0.17637,0.16193,0.12148,0.16386
0.04465,0.03737,0.02177,0.04000,0.03713,0.20312,0.16972,0.15451,0.13037,0.16137
0.04761,0.04143,0.02076,0.04332,0.03558,0.20171,0.17496,0.15658,0.11900,0.15906
0.04076,0.03709,0.02003,0.03920,0.03394,0.20458,0.17923,0.15735,0.12486,0.16298
0.04292,0.03758,0.02006,0.04027,0.03330,0.21105,0.17555,0.15865,0.12089,0.15973
0.04003,0.03536,0.01789,0.03405,0.03050,0.20640,0.17967,0.15971,0.13007,0.16632
0.04127,0.03592,0.01911,0.03690,0.03306,0.20695,0.18139,0.16215,0.11692,0.16634
0.04811,0.04380,0.02059,0.04373,0.03965,0.19256,0.17066,0.15461,0.12168,0.16461
0.04159,0.04042,0.01989,0.03871,0.03745,0.20695,0.18043,0.15640,0.11708,0.16109
0.05180,0.04523,0.02198,0.04825,0.04243,0.19804,0.17186,0.15391,0.10956,0.15694
0.05392,0.04990,0.02387,0.04921,0.04188,0.18057,0.16878,0.14709,0.12481,0.15998
0.03932,0.03615,0.01992,0.03865,0.03241,0.20291,0.17461,0.15716,0.13102,0.16785
0.04480,0.03981,0.01909,0.04018,0.03610,0.20012,0.17717,0.15693,0.12196,0.16386
0.04790,0.04473,0.02304,0.04658,0.04053,0.20071,0.17164,0.15316,0.12073,0.15098
0.04575,0.04208,0.01961,0.04385,0.04015,0.21070,0.17029,0.15103,0.12014,0.15639
0.04900,0.04506,0.02214,0.04274,0.04118,0.19677,0.17089,0.15186,0.12052,0.15983
0.05185,0.04676,0.02329,0.04707,0.04249,0.19324,0.16399,0.14831,0.13138,0.15162
0.04232,0.03858,0.02000,0.03940,0.03473,0.21098,0.17302,0.15322,0.13131,0.15644
0.04899,0.04300,0.02152,0.04073,0.04055,0.19006,0.16751,0.15328,0.13228,0.16208
0.04991,0.04575,0.02359,0.04095,0.03978,0.20531,0.17265,0.15118,0.11747,0.15340
0.04054,0.03878,0.02105,0.03669,0.03537,0.20175,0.17372,0.15642,0.13218,0.16350
0.05046,0.04486,0.02163,0.04516,0.04057,0.19452,0.16954,0.15193,0.12567,0.15566
0.05054,0.04660,0.02109,0.04549,0.04154,0.19830,0.16567,0.15048,0.12641,0.15388
0.05679,0.05390,0.02470,0.05068,0.04634,0.19385,0.16244,0.14768,0.11184,0.15178
0.04466,0.04093,0.02046,0.03983,0.03641,0.20993,0.17805,0.15465,0.11418,0.16090
0.04103,0.03710,0.01901,0.03802,0.03401,0.20515,0.17639,0.15779,0.12507,0.16643
0.03989,0.03794,0.02052,0.03765,0.03417,0.20241,0.17393,0.16268,0.12877,0.16205
0.05596,0.05030,0.02584,0.04918,0.04549,0.17594,0.16332,0.15082,0.12581,0.15734
0.04660,0.04571,0.02103,0.04419,0.04101,0.19726,0.16434,0.15304,0.12741,0.15940
0.03864,0.03627,0.02000,0.03587,0.03463,0.20336,0.17212,0.15933,0.13360,0.16619
0.05112,0.04634,0.02289,0.04640,0.04010,0.19936,0.17636,0.15114,0.11164,0.15466
0.05080,0.04783,0.02210,0.04438,0.04200,0.18507,0.16821,0.15256,0.12470,0.16235
0.04440,0.03899,0.02043,0.03946,0.03850,0.21239,0.17095,0.15293,0.12138,0.16056
0.04202,0.03855,0.01871,0.03830,0.03452,0.20197,0.18134,0.15633,0.12158,0.16669
0.04734,0.04167,0.02097,0.04257,0.03528,0.20237,0.17421,0.15445,0.12221,0.15893
0.04582,0.04094,0.01963,0.04038,0.03524,0.20477,0.17854,0.15180,0.12382,0.15907
0.04487,0.03809,0.01979,0.03934,0.03452,0.20033,0.17971,0.15481,0.12651,0.16205
0.04481,0.03881,0.01993,0.04050,0.03648,0.20449,0.17198,0.15319,0.12867,0.16114
0.05401,0.04876,0.02422,0.05056,0.04592,0.18670,0.17090,0.15045,0.11150,0.15699
0.04285,0.03730,0.02046,0.03912,0.03350,0.21339,0.17021,0.15870,0.12680,0.15769
0.05361,0.04581,0.02131,0.04645,0.04449,0.19001,0.17725,0.15168,0.11094,0.15844
0.04404,0.04363,0.02279,0.03993,0.03794,0.18886,0.18076,0.15879,0.11862,0.16464
0.04316,0.03669,0.01926,0.03885,0.03664,0.19827,0.17660,0.15845,0.12836,0.16371
0.04770,0.04553,0.02294,0.04419,0.03753,0.18708,0.16763,0.15454,0.13122,0.16164
0.04671,0.04312,0.02346,0.04150,0.03853,0.19802,0.16696,0.15445,0.12831,0.15894
0.05804,0.05368,0.02475,0.05197,0.05150,0.17735,0.16398,0.14231,0.12127,0.15515
0.03999,0.03781,0.01939,0.03858,0.03452,0.19906,0.18066,0.15939,0.12780,0.16282
0.04700,0.04332,0.02084,0.04266,0.03866,0.20571,0.17456,0.15788,0.11510,0.15428
0.04422,0.04194,0.02001,0.04204,0.03540,0.20340,0.17016,0.15719,0.12653,0.15911
0.05095,0.04329,0.02258,0.04400,0.04198,0.19718,0.16935,0.15075,0.12296,0.15695
0.04541,0.04328,0.02201,0.04365,0.03857,0.20172,0.16582,0.15208,0.12934,0.15811
0.03983,0.03798,0.02003,0.03952,0.03556,0.20801,0.18196,0.15553,0.11907,0.16252
0.04390,0.04014,0.02143,0.03925,0.03552,0.20068,0.18224,0.15697,0.12085,0.15902
0.04630,0.04287,0.02042,0.04205,0.03748,0.19555,0.18283,0.15244,0.11574,0.16431
0.03873,0.03661,0.01975,0.03726,0.03168,0.20297,0.17912,0.16220,0.12203,0.16964
0.04149,0.03944,0.02143,0.03914,0.03595,0.20132,0.17573,0.15880,0.12542,0.16127
0.04483,0.04136,0.01993,0.04056,0.03756,0.18933,0.17393,0.15837,0.12834,0.16579
0.04662,0.04196,0.01978,0.04449,0.03875,0.20046,0.17161,0.15275,0.12521,0.15835
0.04482,0.04120,0.02189,0.04351,0.03953,0.19994,0.16737,0.15669,0.13226,0.15278
0.04818,0.04378,0.02151,0.04385,0.04411,0.19207,0.16519,0.15205,0.13281,0.15645
0.05145,0.04264,0.02205,0.04144,0.04096,0.18820,0.17353,0.15554,0.12502,0.15916
0.04763,0.04413,0.02284,0.04278,0.03848,0.20197,0.17231,0.15244,0.12171,0.15570
0.04096,0.03596,0.02069,0.03571,0.03340,0.20133,0.18153,0.15650,0.12649,0.16744
0.03979,0.03626,0.01978,0.03528,0.03432,0.20556,0.18095,0.16276,0.12394,0.16137
0.03957,0.03764,0.01994,0.03757,0.03328,0.21407,0.17346,0.15587,0.12504,0.16355
0.04498,0.04195,0.02271,0.04121,0.03782,0.19988,0.17132,0.15568,0.12298,0.16147
0.04926,0.04145,0.02226,0.04287,0.03984,0.19677,0.17128,0.15234,0.12071,0.16323
0.04446,0.04314,0.02001,0.03938,0.03712,0.21083,0.16108,0.15545,0.13034,0.15819
0.04659,0.04232,0.02351,0.04434,0.03955,0.19186,0.17189,0.15469,0.12272,0.16254
0.04550,0.04096,0.02076,0.03819,0.03635,0.21496,0.17167,0.15270,0.11823,0.16068
0.05308,0.04629,0.02451,0.04600,0.04278,0.19530,0.16289,0.14576,0.12974,0.15364
0.04060,0.03487,0.01922,0.03722,0.03353,0.21145,0.17846,0.15795,0.12441,0.16229
0.03493,0.03476,0.01833,0.03316,0.03005,0.21209,0.17858,0.16190,0.12949,0.16670
0.04296,0.03879,0.01932,0.03640,0.03446,0.20561,0.17806,0.16242,0.12126,0.16072
0.04772,0.04234,0.02257,0.04281,0.03887,0.19100,0.18335,0.15501,0.11836,0.15797
0.04028,0.03782,0.01783,0.03778,0.03224,0.20535,0.19109,0.15988,0.11259,0.16513
0.04449,0.04036,0.01936,0.03923,0.03715,0.21032,0.17487,0.15304,0.12130,0.15989
0.04669,0.04327,0.02103,0.04139,0.03786,0.20856,0.16689,0.15027,0.12446,0.15958
0.05083,0.04493,0.02121,0.04434,0.04358,0.19060,0.16839,0.15464,0.12199,0.15949
0.04231,0.03747,0.02164,0.03595,0.03325,0.19921,0.18396,0.16196,0.11848,0.16577
0.04508,0.04160,0.02114,0.04230,0.03802,0.20278,0.17222,0.14885,0.12428,0.16373
0.04326,0.04121,0.02244,0.03954,0.03695,0.19865,0.17399,0.15637,0.12595,0.16164
0.03998,0.04109,0.02007,0.03859,0.03625,0.19914,0.18267,0.15999,0.11877,0.16345
0.05343,0.04551,0.02297,0.04527,0.04332,0.20027,0.16377,0.15082,0.11938,0.15528
0.04621,0.04128,0.02068,0.04176,0.03906,0.20501,0.17437,0.15594,0.11930,0.15639
0.05768,0.05074,0.02038,0.04928,0.04280,0.19842,0.16880,0.14825,0.11100,0.15264
0.03829,0.03578,0.01711,0.03422,0.03425,0.20739,0.18091,0.16312,0.11614,0.17279
0.04354,0.03798,0.02104,0.03872,0.03534,0.20713,0.17851,0.15731,0.12220,0.15824
0.05702,0.05127,0.02777,0.05254,0.04705,0.18288,0.15741,0.15028,0.11942,0.15435
0.04959,0.04308,0.02303,0.04428,0.04177,0.18810,0.17184,0.15122,0.12454,0.16256
0.04970,0.04760,0.02159,0.04602,0.04134,0.19690,0.15933,0.15061,0.12814,0.15876
0.04935,0.04761,0.02271,0.04388,0.04185,0.19325,0.17290,0.15454,0.11653,0.15737
0.04439,0.04164,0.01962,0.04063,0.03556,0.20241,0.17858,0.15122,0.12375,0.16219
0.04080,0.03881,0.01936,0.03856,0.03540,0.20011,0.17731,0.15563,0.13165,0.16237
0.05195,0.04691,0.02284,0.04926,0.04413,0.18626,0.17207,0.15168,0.12165,0.15325
0.04946,0.04274,0.02284,0.04284,0.03838,0.19595,0.16826,0.15739,0.12574,0.15639
0.03849,0.03503,0.01872,0.03394,0.03043,0.21820,0.17589,0.15731,0.12762,0.16436
0.03536,0.03286,0.01657,0.02993,0.02823,0.20320,0.19462,0.16476,0.12356,0.17090
0.04362,0.03756,0.02172,0.04004,0.03509,0.19851,0.18376,0.15598,0.12112,0.16259
0.04583,0.04028,0.02103,0.04078,0.03719,0.19098,0.17913,0.15743,0.12309,0.16427
0.04549,0.04154,0.02007,0.04218,0.03881,0.19771,0.17609,0.15874,0.11982,0.15955
0.05502,0.04739,0.02318,0.05026,0.04743,0.17884,0.16293,0.15050,0.12895,0.15549
0.04566,0.03845,0.02023,0.03941,0.03673,0.21129,0.16898,0.15585,0.12246,0.16095
0.04278,0.03911,0.01855,0.03807,0.03511,0.20087,0.17852,0.15656,0.12559,0.16484
0.04269,0.03855,0.02105,0.04071,0.03591,0.19172,0.18550,0.15924,0.11814,0.16649
0.04278,0.04146,0.02338,0.04020,0.03623,0.19825,0.17799,0.15408,0.12588,0.15976
0.04420,0.03982,0.02104,0.03675,0.03372,0.20969,0.17267,0.15345,0.12774,0.16091
0.04021,0.03800,0.01915,0.03742,0.03219,0.20985,0.17514,0.15848,0.12400,0.16558
0.04327,0.04209,0.02298,0.03950,0.03593,0.20027,0.16807,0.15505,0.12611,0.16673
0.04113,0.03858,0.01888,0.03814,0.03489,0.19611,0.18514,0.16162,0.12164,0.16387
0.04722,0.04563,0.02240,0.04441,0.04098,0.18704,0.17254,0.15272,0.12791,0.15916
0.04419,0.04095,0.02140,0.04124,0.03945,0.19977,0.17671,0.15772,0.11582,0.16276
0.04847,0.04206,0.02101,0.04187,0.03955,0.20101,0.18049,0.15286,0.11330,0.15936
0.05113,0.04620,0.02260,0.04667,0.04264,0.19170,0.16665,0.15280,0.12134,0.15827
0.04639,0.04213,0.01972,0.04113,0.03844,0.19335,0.18152,0.15561,0.11849,0.16323
0.04848,0.04699,0.02156,0.04459,0.04044,0.18469,0.17988,0.15838,0.11625,0.15874
0.04499,0.04026,0.01946,0.03903,0.03693,0.20413,0.18290,0.15659,0.11326,0.16245
0.04135,0.03991,0.02129,0.03964,0.03538,0.19713,0.17180,0.15714,0.13070,0.16566
0.04650,0.04162,0.02195,0.04228,0.03896,0.20543,0.17518,0.15051,0.12061,0.15696
0.04391,0.03932,0.01886,0.04090,0.03625,0.19288,0.17832,0.15749,0.12726,0.16481
0.04353,0.03937,0.01922,0.03911,0.03364,0.20948,0.18218,0.15623,0.11655,0.16069
0.04579,0.04338,0.02157,0.04203,0.03640,0.19756,0.17420,0.15471,0.12304,0.16131
0.04202,0.03957,0.01895,0.03888,0.03582,0.20073,0.18407,0.15893,0.11994,0.16109
0.04399,0.03765,0.01800,0.03985,0.03548,0.20574,0.17806,0.15815,0.11952,0.16356
0.04360,0.03849,0.01975,0.03878,0.03562,0.20111,0.18014,0.15695,0.12073,0.16482
0.04762,0.04786,0.02251,0.04312,0.03769,0.20017,0.17738,0.15199,0.11581,0.15583
0.06222,0.04850,0.02320,0.05327,0.04711,0.20136,0.15637,0.13956,0.12573,0.14270
0.05117,0.04438,0.02342,0.04262,0.04368,0.19764,0.16677,0.14920,0.11975,0.16136
0.04235,0.03668,0.01915,0.03893,0.03557,0.21369,0.17251,0.15356,0.12724,0.16031
0.04105,0.03593,0.01789,0.03781,0.03453,0.21807,0.17104,0.15627,0.12238,0.16504
0.05412,0.04926,0.02478,0.04883,0.04419,0.19084,0.17089,0.15034,0.11247,0.15427
0.04627,0.04364,0.02238,0.04354,0.03924,0.19916,0.16981,0.15202,0.12499,0.15894
0.04852,0.04465,0.02350,0.04682,0.04266,0.18706,0.16948,0.15488,0.12667,0.15575
0.05202,0.04692,0.02133,0.04494,0.04218,0.20045,0.16672,0.15183,0.11814,0.15547
0.04932,0.04610,0.02072,0.04511,0.04041,0.19461,0.17388,0.15342,0.12088,0.15554
0.04254,0.03862,0.01822,0.03724,0.03504,0.20679,0.18194,0.15698,0.11931,0.16332
0.04797,0.04466,0.02295,0.04525,0.03904,0.18728,0.16576,0.15610,0.13002,0.16097
0.05296,0.04875,0.02447,0.04731,0.04298,0.19707,0.16076,0.14925,0.12470,0.15175
0.04508,0.03937,0.02091,0.03928,0.03671,0.20494,0.17535,0.15843,0.11827,0.16167
0.04555,0.03965,0.02150,0.03837,0.03403,0.19973,0.16903,0.15991,0.12599,0.16624
0.04476,0.04037,0.02015,0.04176,0.03539,0.19843,0.18283,0.15683,0.11410,0.16537
0.05090,0.04940,0.02285,0.04756,0.04282,0.18439,0.16896,0.15386,0.12482,0.15444
0.04192,0.03763,0.02090,0.03835,0.03487,0.19154,0.18155,0.15784,0.12868,0.16673
0.03262,0.03032,0.01817,0.03103,0.03039,0.20180,0.18864,0.16600,0.12865,0.17238
0.05191,0.04718,0.02270,0.05214,0.04699,0.18792,0.16182,0.14705,0.12854,0.15374
0.04747,0.04165,0.02427,0.04115,0.03888,0.19635,0.17690,0.15253,0.12196,0.15883
0.04351,0.04067,0.02322,0.04011,0.03675,0.19159,0.17725,0.15951,0.12247,0.16491
0.05778,0.04875,0.02302,0.04792,0.04474,0.18694,0.16189,0.15167,0.12172,0.15558
0.05758,0.05269,0.02378,0.05091,0.04571,0.19920,0.16228,0.13985,0.11866,0.14934
0.04273,0.04060,0.02119,0.04078,0.03883,0.18980,0.17489,0.15890,0.12630,0.16598
0.04388,0.03906,0.02041,0.03904,0.03557,0.19873,0.18126,0.16050,0.11934,0.16222
0.03721,0.03751,0.01849,0.03590,0.03256,0.20788,0.18218,0.15824,0.12691,0.16311
0.03519,0.03221,0.01895,0.03464,0.03132,0.20745,0.17866,0.16534,0.12644,0.16980
0.04194,0.03794,0.01744,0.04050,0.03364,0.19659,0.17953,0.16076,0.12224,0.16942
0.04262,0.03824,0.02008,0.03937,0.03555,0.21158,0.16949,0.15448,0.13007,0.15852
0.04748,0.04399,0.02078,0.04373,0.03987,0.19975,0.17194,0.15631,0.12193,0.15422
0.04023,0.03606,0.01949,0.03672,0.03265,0.20416,0.17603,0.16353,0.12781,0.16333
0.04638,0.04262,0.02285,0.04277,0.03757,0.20469,0.17527,0.15480,0.11756,0.15551
0.04288,0.04044,0.02119,0.04105,0.03507,0.20235,0.17704,0.15859,0.11977,0.16161
0.04809,0.04372,0.01996,0.04429,0.03877,0.21303,0.16077,0.15430,0.12638,0.15069
0.04080,0.03945,0.02069,0.03881,0.03584,0.22027,0.16547,0.15509,0.12644,0.15714
0.04730,0.04210,0.02115,0.03802,0.03603,0.20715,0.17887,0.15149,0.11998,0.15791
0.05022,0.04844,0.02673,0.04849,0.04300,0.18052,0.16324,0.15169,0.12952,0.15815
0.04941,0.04261,0.02114,0.04406,0.04063,0.18126,0.17290,0.15777,0.12694,0.16329
0.05194,0.04899,0.02324,0.04556,0.04334,0.19512,0.16683,0.14844,0.12259,0.15396
0.04544,0.04464,0.02150,0.04533,0.03874,0.19106,0.18281,0.15449,0.11707,0.15892
0.03793,0.03265,0.01594,0.03255,0.03133,0.22488,0.18431,0.15748,0.12182,0.16111
0.05164,0.04707,0.02743,0.04813,0.04288,0.18634,0.16573,0.14853,0.12375,0.15849
0.04181,0.03596,0.01812,0.03733,0.03389,0.20696,0.17940,0.15893,0.12165,0.16594
0.04248,0.03957,0.02173,0.04033,0.03722,0.20709,0.17238,0.15485,0.12131,0.16303
0.03995,0.03813,0.02105,0.03633,0.03444,0.20055,0.17467,0.15587,0.13172,0.16730
0.04758,0.04535,0.02180,0.04115,0.03716,0.20581,0.17457,0.15356,0.11622,0.15682
0.04355,0.03934,0.02001,0.03802,0.03544,0.21390,0.16997,0.15471,0.12509,0.15997
0.04364,0.04024,0.02059,0.03883,0.03749,0.20511,0.17050,0.15517,0.12957,0.15887
0.04478,0.04166,0.01903,0.04214,0.03652,0.22011,0.16694,0.15280,0.12436,0.15167
0.03578,0.03337,0.01820,0.03499,0.03077,0.22033,0.17488,0.15914,0.12883,0.16372
0.04627,0.04311,0.02112,0.04203,0.03802,0.21390,0.16663,0.15093,0.12279,0.15520
0.04632,0.04104,0.02246,0.04079,0.03666,0.19779,0.17062,0.15721,0.12747,0.15963
0.03685,0.03656,0.01907,0.03638,0.03256,0.21550,0.18391,0.15893,0.11972,0.16053
