0.04333,0.03561,0.03696,0.02668,0.09307,0.01673,0.03982,0.01949,0.03550,0.03287,0.01118,0.02505,0.06249,0.20608,0.02604,0.01966,0.01330,0.01426,0.22567,0.01620
0.02783,0.02127,0.05229,0.01686,0.02364,0.02388,0.04679,0.01808,0.02583,0.04474,0.06981,0.25841,0.01616,0.01713,0.00917,0.01426,0.27467,0.01056,0.00509,0.02352
0.22433,0.02061,0.04122,0.03989,0.02768,0.02011,0.22573,0.02592,0.04207,0.09359,0.07013,0.03255,0.03126,0.02495,0.01389,0.01326,0.01212,0.02063,0.01235,0.00771
0.06545,0.01786,0.04028,0.01129,0.01658,0.00883,0.34978,0.01544,0.01285,0.30525,0.01645,0.02505,0.02452,0.01525,0.01167,0.01196,0.02657,0.00709,0.00480,0.01304
0.08229,0.05063,0.10050,0.01309,0.06736,0.03295,0.08790,0.02646,0.04327,0.06437,0.03698,0.10072,0.05020,0.02665,0.02093,0.04941,0.06622,0.02023,0.02652,0.03331
0.31010,0.01162,0.03775,0.02460,0.03188,0.01514,0.33155,0.01987,0.02939,0.03045,0.01894,0.01117,0.01995,0.01699,0.00977,0.01546,0.01343,0.02362,0.01395,0.01437
0.05813,0.11650,0.18478,0.02498,0.04273,0.01200,0.07850,0.02947,0.02561,0.02156,0.01997,0.02194,0.03433,0.12659,0.03435,0.01106,0.01274,0.01131,0.12118,0.01228
0.23109,0.04846,0.04441,0.02601,0.04416,0.03887,0.26856,0.01870,0.02737,0.03197,0.01657,0.01369,0.03331,0.02834,0.01815,0.04866,0.02011,0.01118,0.02008,0.01032
0.16740,0.01224,0.04422,0.06293,0.02678,0.01166,0.18775,0.02253,0.02811,0.05903,0.01711,0.05616,0.04726,0.06805,0.03427,0.01005,0.02395,0.02883,0.07336,0.01833
0.04933,0.02896,0.08551,0.03879,0.04443,0.03897,0.04221,0.02052,0.01858,0.08305,0.02041,0.01607,0.02710,0.19568,0.03694,0.01154,0.00928,0.00875,0.21364,0.01021
0.29712,0.07574,0.01842,0.01247,0.01145,0.00548,0.31838,0.04589,0.01375,0.01734,0.01029,0.01642,0.06044,0.01306,0.03451,0.02100,0.01064,0.00563,0.00411,0.00785
0.23697,0.07275,0.06901,0.02589,0.01984,0.02535,0.28728,0.01414,0.01630,0.03178,0.05047,0.00702,0.03665,0.02260,0.01876,0.01135,0.01466,0.00641,0.00777,0.02500
0.06265,0.19269,0.23165,0.04662,0.03550,0.02631,0.07141,0.02105,0.02320,0.08989,0.01646,0.02540,0.01449,0.03294,0.01403,0.02310,0.03076,0.01376,0.01500,0.01310
0.29745,0.03474,0.02546,0.01895,0.01985,0.02385,0.34245,0.02017,0.00888,0.02691,0.02111,0.02873,0.02143,0.01457,0.03011,0.00849,0.01752,0.00632,0.01679,0.01623
0.20651,0.06192,0.08514,0.03532,0.01769,0.01778,0.24282,0.01138,0.01803,0.06267,0.02811,0.06707,0.01694,0.01205,0.02117,0.00921,0.03829,0.00659,0.00430,0.03701
0.05202,0.04945,0.05294,0.04492,0.01579,0.02424,0.05584,0.02210,0.01853,0.05133,0.02806,0.05926,0.02392,0.16771,0.02221,0.02435,0.07057,0.01295,0.16106,0.04275
0.07369,0.01228,0.10108,0.02758,0.14346,0.04034,0.08396,0.02501,0.01413,0.17823,0.05123,0.02052,0.03863,0.06139,0.02648,0.01018,0.03130,0.01940,0.03247,0.00865
0.04140,0.03814,0.16971,0.06379,0.02458,0.01185,0.03848,0.02853,0.02701,0.17003,0.02259,0.02278,0.03410,0.07034,0.02296,0.04922,0.02197,0.04067,0.08901,0.01282
0.12027,0.02295,0.08045,0.04109,0.05180,0.02339,0.13894,0.02817,0.01461,0.08745,0.03443,0.02273,0.03385,0.08134,0.06073,0.01057,0.02709,0.03091,0.06996,0.01925
0.12232,0.04160,0.09551,0.02449,0.02567,0.01867,0.21739,0.03047,0.01895,0.17249,0.02174,0.01789,0.03275,0.04064,0.03092,0.01742,0.01473,0.02034,0.01655,0.01946
0.14633,0.05250,0.18680,0.06345,0.06906,0.02823,0.12030,0.01426,0.01505,0.14804,0.03085,0.01381,0.01960,0.00845,0.01624,0.02693,0.01158,0.00863,0.00394,0.01597
0.19287,0.03830,0.09020,0.02832,0.02423,0.02236,0.18560,0.03126,0.01759,0.07345,0.06480,0.04957,0.03256,0.03599,0.02907,0.02296,0.01973,0.00758,0.01620,0.01734
0.20536,0.06851,0.05166,0.02912,0.04058,0.02834,0.23319,0.03641,0.02584,0.04259,0.01906,0.03891,0.02970,0.02240,0.03913,0.00993,0.04023,0.01066,0.01271,0.01570
0.05997,0.15568,0.04465,0.02698,0.02351,0.03027,0.09465,0.02354,0.03814,0.02401,0.04059,0.13842,0.02142,0.03294,0.04522,0.04098,0.11404,0.01465,0.01066,0.01968
0.05690,0.05307,0.11891,0.01908,0.02434,0.01911,0.06289,0.02544,0.01797,0.04695,0.05651,0.01217,0.03725,0.19135,0.01784,0.01800,0.02043,0.01119,0.17949,0.01111
0.12686,0.07019,0.09687,0.05245,0.02175,0.05353,0.11836,0.04552,0.02512,0.11064,0.01532,0.03427,0.03933,0.04395,0.01596,0.04849,0.04281,0.01251,0.01149,0.01458
0.04708,0.12591,0.08576,0.06133,0.04829,0.04119,0.02938,0.01969,0.02215,0.02434,0.01409,0.08334,0.03262,0.11920,0.02036,0.02285,0.04769,0.01432,0.12668,0.01373
0.30671,0.03724,0.04034,0.01412,0.00488,0.02324,0.30505,0.02713,0.04748,0.03197,0.01335,0.01571,0.02314,0.01985,0.03295,0.01521,0.01264,0.01582,0.00432,0.00885
0.07777,0.05293,0.09364,0.04410,0.05023,0.02616,0.10597,0.02112,0.06946,0.06438,0.04255,0.02096,0.03040,0.08034,0.03235,0.03056,0.03333,0.02612,0.08866,0.00899
0.04779,0.02505,0.06589,0.02942,0.02337,0.01193,0.32341,0.01591,0.01508,0.28170,0.02662,0.01267,0.02566,0.01034,0.01984,0.00606,0.01460,0.02157,0.00400,0.01907
0.13711,0.04054,0.15201,0.03183,0.05031,0.04898,0.16671,0.04491,0.00735,0.11562,0.02687,0.02518,0.02947,0.01918,0.01976,0.01278,0.01261,0.02600,0.01019,0.02257
0.14749,0.05224,0.06991,0.04499,0.03877,0.04641,0.11244,0.05475,0.04675,0.08838,0.02043,0.02298,0.03146,0.07620,0.01687,0.01888,0.01104,0.01369,0.07643,0.00993
0.09165,0.13543,0.11526,0.06548,0.05253,0.03586,0.07276,0.03712,0.01973,0.09170,0.09831,0.01592,0.02462,0.01408,0.03434,0.02852,0.01377,0.02158,0.01187,0.01946
0.06456,0.02722,0.04457,0.02292,0.01397,0.01205,0.30693,0.01933,0.01087,0.27400,0.03693,0.01016,0.02909,0.02330,0.01949,0.02337,0.02029,0.02214,0.00760,0.01120
0.05410,0.04851,0.29272,0.02199,0.02466,0.01597,0.05653,0.01869,0.01642,0.24086,0.01964,0.01393,0.04123,0.01818,0.03351,0.02482,0.01934,0.01583,0.00674,0.01634
0.10320,0.03144,0.07690,0.01334,0.01249,0.01164,0.02448,0.01561,0.01277,0.01826,0.03975,0.01987,0.03461,0.23404,0.02772,0.01295,0.01767,0.01579,0.26873,0.00874
0.05066,0.23705,0.04637,0.27437,0.04167,0.02204,0.02036,0.01038,0.01387,0.05600,0.01707,0.01444,0.04447,0.03333,0.00652,0.05976,0.01244,0.00876,0.01523,0.01521
0.04661,0.04629,0.07542,0.02076,0.07146,0.04355,0.07722,0.02555,0.03812,0.03011,0.02823,0.04466,0.01661,0.15676,0.03053,0.01660,0.02678,0.00781,0.16464,0.03229
0.04888,0.02125,0.11681,0.02491,0.18308,0.01422,0.03649,0.01710,0.01649,0.26261,0.04141,0.01621,0.05357,0.03344,0.03030,0.01649,0.02582,0.01056,0.00657,0.02381
0.08764,0.06077,0.05815,0.05446,0.06468,0.03018,0.06289,0.05060,0.01630,0.05724,0.02577,0.04086,0.05336,0.11202,0.03971,0.02419,0.01475,0.01986,0.09999,0.02660
0.11837,0.03484,0.05190,0.05002,0.01654,0.02105,0.12664,0.01734,0.03720,0.05823,0.01741,0.18728,0.01546,0.01251,0.04398,0.01082,0.14334,0.01120,0.01064,0.01522
0.19821,0.03834,0.08388,0.03892,0.01787,0.03401,0.22548,0.04457,0.04317,0.06703,0.01508,0.03385,0.03147,0.02412,0.02484,0.01118,0.01895,0.01138,0.01635,0.02131
0.06125,0.02798,0.26065,0.01549,0.03086,0.01479,0.04424,0.01609,0.01069,0.23094,0.03933,0.02346,0.03412,0.03941,0.02265,0.02816,0.01162,0.02249,0.01196,0.05382
0.22713,0.03938,0.08997,0.04045,0.03626,0.01668,0.23857,0.02258,0.03170,0.11540,0.02087,0.01901,0.02175,0.01679,0.01356,0.01498,0.01040,0.01123,0.00667,0.00664
0.09832,0.07896,0.05008,0.02879,0.01359,0.02371,0.13183,0.02043,0.02630,0.02488,0.01930,0.17524,0.05046,0.02017,0.03052,0.02918,0.12694,0.01203,0.01539,0.02388
0.04675,0.02796,0.04476,0.01925,0.01484,0.01390,0.04443,0.01635,0.00993,0.02746,0.08647,0.01944,0.02775,0.26353,0.01325,0.01564,0.01429,0.01089,0.27801,0.00510
0.13632,0.01962,0.14161,0.02737,0.03188,0.01357,0.16405,0.02268,0.02163,0.08671,0.02577,0.03067,0.06712,0.05254,0.03177,0.04340,0.01925,0.00569,0.03491,0.02346
0.04871,0.06791,0.07988,0.02184,0.03291,0.00658,0.03016,0.00935,0.01144,0.08109,0.06147,0.02722,0.04661,0.18657,0.04066,0.01755,0.03523,0.02497,0.14893,0.02093
0.01472,0.02276,0.02031,0.04255,0.01263,0.04247,0.01876,0.01287,0.03368,0.01953,0.01816,0.27270,0.06798,0.02180,0.01298,0.03709,0.29207,0.00811,0.00764,0.02120
0.04306,0.26583,0.34147,0.02513,0.01707,0.01986,0.03969,0.02873,0.01402,0.04093,0.01285,0.01953,0.01201,0.00816,0.01840,0.01524,0.04384,0.01933,0.00432,0.01053
0.06885,0.02542,0.03663,0.02737,0.03830,0.04546,0.06556,0.03291,0.03147,0.03094,0.01640,0.02130,0.01853,0.21931,0.01946,0.02121,0.01625,0.01602,0.24121,0.00738
0.18064,0.04205,0.09650,0.06572,0.03882,0.02002,0.19602,0.02272,0.03767,0.08934,0.02488,0.02402,0.02394,0.02563,0.02541,0.01828,0.01945,0.01669,0.01701,0.01521
0.06135,0.02893,0.12212,0.04651,0.11560,0.03534,0.05038,0.06553,0.01952,0.16958,0.02581,0.03202,0.04981,0.03846,0.05322,0.01364,0.02108,0.01540,0.02287,0.01283
0.22000,0.17670,0.18751,0.14009,0.02172,0.01220,0.03725,0.00504,0.01629,0.01644,0.01568,0.03002,0.02036,0.01181,0.01657,0.02510,0.01888,0.00841,0.00711,0.01283
0.06794,0.07130,0.21669,0.02466,0.04555,0.02227,0.06264,0.02745,0.04746,0.13142,0.04050,0.03653,0.03120,0.02793,0.02433,0.03419,0.03175,0.03029,0.01274,0.01316
0.04706,0.03688,0.26417,0.02036,0.08417,0.02284,0.04724,0.02637,0.01686,0.24083,0.03318,0.01186,0.00983,0.01386,0.02175,0.01650,0.00920,0.04805,0.01149,0.01749
0.25507,0.02605,0.05944,0.01867,0.03198,0.02609,0.27622,0.01624,0.02440,0.04508,0.02986,0.01963,0.04199,0.03365,0.02525,0.02464,0.01327,0.01226,0.00865,0.01155
0.07250,0.02089,0.06069,0.03152,0.03424,0.01909,0.25358,0.05067,0.00900,0.21527,0.07686,0.00828,0.01799,0.03081,0.01593,0.01900,0.01619,0.02056,0.00626,0.02067
0.03728,0.03425,0.34906,0.02016,0.02704,0.00834,0.04875,0.02001,0.00930,0.30267,0.04088,0.01365,0.02023,0.01093,0.00905,0.01595,0.00734,0.00650,0.00558,0.01302
0.10126,0.04406,0.08864,0.03111,0.04210,0.04697,0.11761,0.03128,0.07603,0.07816,0.02210,0.00784,0.02583,0.08824,0.04408,0.01076,0.02135,0.03387,0.07539,0.01331
0.26965,0.03299,0.02448,0.02107,0.01647,0.01741,0.30421,0.02709,0.01879,0.03536,0.03437,0.01273,0.02773,0.03127,0.03477,0.02447,0.01999,0.02210,0.01250,0.01255
0.08237,0.07125,0.10859,0.04303,0.04105,0.05451,0.14370,0.02226,0.06077,0.12603,0.04131,0.04760,0.01913,0.02233,0.02708,0.02282,0.02890,0.01312,0.00858,0.01558
0.14390,0.03666,0.13644,0.06788,0.02747,0.03646,0.17358,0.03554,0.02536,0.11977,0.03465,0.01015,0.02494,0.02459,0.03425,0.02443,0.01030,0.01246,0.00751,0.01364
0.05374,0.01018,0.04197,0.01876,0.02054,0.02619,0.23111,0.02694,0.02947,0.18072,0.02375,0.02385,0.01673,0.11029,0.02236,0.01362,0.01640,0.01334,0.10516,0.01491
0.17114,0.06290,0.06216,0.03080,0.03604,0.09020,0.14332,0.02360,0.01794,0.05071,0.10755,0.01435,0.03777,0.02149,0.03183,0.01599,0.03468,0.02729,0.01186,0.00839
0.31091,0.03505,0.02742,0.02427,0.02915,0.00995,0.32334,0.04333,0.02074,0.02185,0.01436,0.00806,0.02293,0.01556,0.02954,0.01662,0.00837,0.01601,0.01414,0.00839
0.26476,0.02623,0.08617,0.04999,0.03175,0.02956,0.26758,0.01253,0.02662,0.05041,0.02022,0.01703,0.00784,0.01675,0.01743,0.02358,0.01155,0.01278,0.01024,0.01697
0.23075,0.00899,0.03784,0.02857,0.01918,0.02382,0.29606,0.02968,0.02482,0.10208,0.05305,0.01160,0.01826,0.00791,0.02097,0.01645,0.02436,0.02514,0.00789,0.01258
0.19833,0.02598,0.06645,0.06564,0.02981,0.03602,0.18064,0.05013,0.04870,0.04959,0.02844,0.04450,0.03080,0.02024,0.02121,0.03915,0.02184,0.01720,0.00940,0.01593
0.12219,0.04417,0.18238,0.08299,0.02866,0.02007,0.15339,0.02677,0.01756,0.10240,0.03890,0.01951,0.02995,0.02181,0.02109,0.01755,0.01679,0.02468,0.01960,0.00952
0.23700,0.05542,0.07083,0.01871,0.02875,0.02279,0.27249,0.02779,0.01165,0.04887,0.02682,0.02054,0.02242,0.02163,0.02845,0.01637,0.01174,0.02482,0.01300,0.01991
0.32957,0.02758,0.02665,0.01766,0.02040,0.01742,0.33412,0.02066,0.02718,0.02568,0.01987,0.01537,0.01543,0.01781,0.01571,0.01139,0.02954,0.00734,0.00602,0.01462
0.14285,0.02564,0.06197,0.03633,0.12143,0.02090,0.15334,0.02946,0.01539,0.09539,0.08531,0.02519,0.03624,0.03232,0.05149,0.01796,0.00601,0.01707,0.00628,0.01943
0.08075,0.03776,0.20526,0.01668,0.05903,0.03120,0.06240,0.02695,0.03218,0.18144,0.03996,0.03840,0.04050,0.02332,0.01765,0.02156,0.02387,0.01329,0.01674,0.03107
0.19836,0.02402,0.05840,0.04022,0.03021,0.02922,0.22769,0.02870,0.04444,0.05933,0.02110,0.02001,0.08435,0.02283,0.01675,0.03208,0.01203,0.00867,0.02408,0.01750
0.20934,0.02329,0.09487,0.02422,0.02694,0.01043,0.17120,0.03623,0.03731,0.07562,0.03910,0.02949,0.02187,0.05710,0.02471,0.02352,0.02479,0.02444,0.02800,0.01753
0.13680,0.04857,0.12866,0.03923,0.02216,0.00904,0.21534,0.02227,0.01669,0.17102,0.01929,0.01168,0.04000,0.02578,0.02156,0.01233,0.01838,0.00720,0.02063,0.01335
0.23913,0.05481,0.06480,0.02340,0.03670,0.01710,0.27264,0.03425,0.02234,0.04162,0.01585,0.01914,0.03606,0.01265,0.03470,0.02990,0.01629,0.00816,0.00639,0.01408
0.11059,0.03098,0.19917,0.02978,0.03316,0.02264,0.09071,0.02566,0.04879,0.16364,0.01893,0.02849,0.02011,0.03455,0.03411,0.04343,0.02212,0.01595,0.01050,0.01666
0.04700,0.14958,0.23110,0.05259,0.03713,0.03047,0.05254,0.02936,0.01811,0.06802,0.03180,0.04509,0.02920,0.03867,0.03828,0.02586,0.02431,0.02754,0.01021,0.01316
0.15675,0.01456,0.10567,0.04546,0.09102,0.02315,0.19453,0.02444,0.01447,0.10769,0.04742,0.01767,0.04731,0.01893,0.02569,0.01602,0.00996,0.01634,0.00924,0.01367
0.11301,0.02123,0.04908,0.00914,0.02642,0.02008,0.25983,0.01334,0.02516,0.15352,0.03515,0.01229,0.03004,0.05115,0.05617,0.02185,0.02902,0.02322,0.03902,0.01129
0.08528,0.04576,0.12979,0.09897,0.04757,0.03573,0.06701,0.05422,0.03847,0.13157,0.01810,0.00951,0.06913,0.02752,0.03300,0.02388,0.01550,0.03570,0.01543,0.01787
0.14135,0.04356,0.04490,0.04744,0.03418,0.01350,0.17697,0.02733,0.06257,0.03897,0.01584,0.05981,0.04499,0.02635,0.05952,0.06550,0.03336,0.01904,0.01875,0.02606
0.32583,0.01297,0.02396,0.01429,0.02295,0.01415,0.31763,0.01753,0.01359,0.02765,0.02255,0.01460,0.01959,0.05322,0.02646,0.01711,0.01182,0.01305,0.01761,0.01342
0.27120,0.02350,0.05231,0.04891,0.04082,0.01195,0.31254,0.00952,0.00679,0.05146,0.04314,0.01024,0.02398,0.03167,0.01088,0.00637,0.00309,0.02502,0.00566,0.01097
0.07137,0.01977,0.04203,0.01358,0.02270,0.01425,0.16744,0.00865,0.02994,0.12331,0.03836,0.01961,0.03393,0.15738,0.01918,0.01766,0.02174,0.01646,0.15134,0.01129
0.07495,0.04772,0.23146,0.07617,0.03683,0.03714,0.08438,0.02314,0.03304,0.17299,0.02828,0.02254,0.02455,0.01591,0.00585,0.01920,0.03072,0.01391,0.00981,0.01141
0.11093,0.05601,0.11621,0.03915,0.03619,0.03126,0.06962,0.03361,0.04033,0.07534,0.03302,0.03356,0.03846,0.08125,0.02366,0.03878,0.03700,0.00952,0.08166,0.01444
0.19397,0.11992,0.04924,0.03437,0.01351,0.01429,0.21420,0.03966,0.01752,0.04335,0.02278,0.04494,0.02630,0.02637,0.03042,0.01214,0.02312,0.01016,0.02190,0.04183
0.06681,0.02837,0.06860,0.04096,0.01435,0.02403,0.08001,0.04711,0.05959,0.04492,0.01574,0.03967,0.02531,0.17397,0.02746,0.02958,0.02493,0.00832,0.17035,0.00992
0.03682,0.02871,0.05637,0.01458,0.01844,0.02070,0.04033,0.00943,0.01571,0.05137,0.03641,0.01479,0.02040,0.24117,0.04995,0.02678,0.03828,0.01251,0.22856,0.03870
0.06607,0.06771,0.03777,0.02801,0.01674,0.00741,0.06727,0.02845,0.02467,0.02410,0.04060,0.12035,0.04781,0.10825,0.04771,0.03763,0.10792,0.02982,0.08031,0.01138
0.11210,0.04596,0.08161,0.03394,0.01967,0.02164,0.20144,0.03423,0.03221,0.16715,0.03461,0.00968,0.05131,0.04238,0.03236,0.01854,0.02065,0.01036,0.00774,0.02246
0.02412,0.01955,0.02607,0.02204,0.01720,0.02034,0.02739,0.01223,0.01236,0.02711,0.05223,0.02158,0.03185,0.27236,0.04272,0.01669,0.02007,0.02676,0.27842,0.02891
0.21075,0.06767,0.08835,0.04621,0.06210,0.02095,0.23644,0.02750,0.02497,0.06557,0.01357,0.01744,0.02434,0.01882,0.02323,0.01883,0.01151,0.00802,0.00734,0.00639
0.11504,0.06841,0.03851,0.04558,0.02887,0.02891,0.13557,0.03956,0.03287,0.02891,0.04185,0.03447,0.03528,0.11445,0.03580,0.02424,0.01116,0.01544,0.09767,0.02741
0.04924,0.10636,0.19133,0.03469,0.05300,0.01151,0.03709,0.03705,0.04382,0.17608,0.03175,0.01697,0.05171,0.01798,0.03459,0.01482,0.02037,0.02720,0.00993,0.03451
0.07008,0.02734,0.18882,0.03730,0.11525,0.01790,0.06229,0.02642,0.03439,0.22818,0.01621,0.01709,0.02502,0.02576,0.04022,0.02734,0.00988,0.01664,0.00512,0.00875
0.09548,0.01536,0.05828,0.01170,0.01135,0.01413,0.33027,0.01540,0.01448,0.26117,0.01111,0.01475,0.04345,0.01478,0.01027,0.02030,0.00594,0.01765,0.02057,0.01359
0.09239,0.03892,0.25615,0.02045,0.03143,0.03522,0.09802,0.01608,0.03643,0.20362,0.02139,0.01275,0.02655,0.01588,0.01657,0.02599,0.01356,0.01484,0.01534,0.00843
0.29281,0.07853,0.04384,0.02214,0.01940,0.01068,0.29508,0.00983,0.01511,0.03900,0.03484,0.01655,0.01581,0.01941,0.02251,0.00933,0.02534,0.01504,0.00655,0.00818
0.32557,0.03074,0.02844,0.02068,0.02302,0.01700,0.34999,0.01572,0.02469,0.01977,0.02214,0.01599,0.02574,0.01094,0.01163,0.02236,0.01159,0.01346,0.00413,0.00639
0.05022,0.10446,0.10119,0.02967,0.03217,0.02672,0.03044,0.03822,0.01932,0.09787,0.03618,0.04758,0.04395,0.07793,0.06730,0.02482,0.02716,0.02538,0.06830,0.05114
0.05299,0.06514,0.13112,0.02418,0.03041,0.02146,0.05219,0.00539,0.02631,0.11366,0.02199,0.15923,0.02900,0.02070,0.02657,0.02818,0.12819,0.03021,0.00857,0.02452
0.04203,0.03078,0.03746,0.06548,0.05394,0.01552,0.03177,0.03297,0.02370,0.02546,0.02850,0.23513,0.02936,0.02288,0.06302,0.02436,0.18190,0.01499,0.00489,0.03587
0.30643,0.03623,0.02116,0.04009,0.01706,0.01715,0.32180,0.02193,0.03019,0.01538,0.04673,0.01096,0.02187,0.01945,0.02642,0.01081,0.01257,0.00927,0.00758,0.00694
0.02836,0.03717,0.13924,0.01882,0.21729,0.01711,0.04030,0.02835,0.01347,0.29523,0.01213,0.01285,0.02255,0.01535,0.02672,0.02925,0.01208,0.01613,0.00839,0.00922
0.04170,0.05094,0.21840,0.03607,0.04084,0.05347,0.04059,0.02581,0.02348,0.20945,0.01376,0.01927,0.01989,0.02707,0.07838,0.03235,0.01531,0.02696,0.01039,0.01588
0.11255,0.02910,0.07441,0.04730,0.04472,0.03414,0.15206,0.04638,0.04891,0.11045,0.02521,0.04612,0.02919,0.04186,0.04708,0.02822,0.02121,0.03373,0.01307,0.01429
0.31323,0.05844,0.01697,0.01788,0.02282,0.01213,0.31717,0.03047,0.02784,0.03721,0.01281,0.01562,0.02136,0.00890,0.02745,0.01111,0.01643,0.01196,0.00441,0.01578
0.11992,0.16418,0.19372,0.02640,0.02957,0.01326,0.07386,0.03665,0.01766,0.04678,0.02487,0.02223,0.03726,0.04770,0.01988,0.01747,0.05164,0.01640,0.01733,0.02322
0.10762,0.02500,0.24060,0.02818,0.03359,0.03406,0.11367,0.02179,0.02474,0.19463,0.01912,0.03026,0.02741,0.01201,0.02673,0.01991,0.01826,0.00714,0.00598,0.00931
0.10330,0.05909,0.10284,0.04141,0.03054,0.03594,0.11744,0.04052,0.04850,0.06486,0.02884,0.03689,0.03196,0.08007,0.02054,0.02085,0.04128,0.01187,0.06092,0.02235
0.03983,0.04219,0.04364,0.04383,0.04089,0.03751,0.04745,0.01578,0.03863,0.06618,0.03856,0.12148,0.04195,0.08586,0.01768,0.05107,0.10393,0.01529,0.09865,0.00960
0.24908,0.09206,0.07087,0.02896,0.03206,0.01345,0.30179,0.02247,0.01189,0.04382,0.03883,0.01041,0.01618,0.01236,0.01575,0.01160,0.00834,0.01044,0.00290,0.00674
0.07455,0.06984,0.11227,0.05237,0.10516,0.05175,0.10683,0.03857,0.05460,0.06656,0.04346,0.03361,0.03719,0.01569,0.02487,0.03071,0.01799,0.03017,0.01597,0.01785
0.19127,0.01640,0.07938,0.02088,0.11924,0.01402,0.20488,0.01315,0.01418,0.12706,0.02364,0.02546,0.02468,0.02178,0.03002,0.01878,0.02781,0.01166,0.00529,0.01042
0.11450,0.03588,0.23813,0.03353,0.02507,0.02286,0.09915,0.01576,0.01070,0.18407,0.02862,0.01046,0.02869,0.02992,0.04689,0.01618,0.01579,0.01355,0.00611,0.02416
0.04368,0.03297,0.25853,0.04250,0.01948,0.01925,0.04392,0.02224,0.01505,0.21861,0.02786,0.04726,0.02258,0.04542,0.03783,0.02015,0.02393,0.01812,0.02790,0.01271
0.06217,0.05585,0.04311,0.03327,0.07764,0.01286,0.07009,0.03438,0.01806,0.09986,0.04383,0.01936,0.03263,0.12595,0.04134,0.01630,0.01909,0.02877,0.14317,0.02226
0.07891,0.18915,0.25133,0.03082,0.01826,0.01633,0.10690,0.02079,0.02129,0.03989,0.02958,0.02299,0.02793,0.01559,0.04003,0.01883,0.01852,0.01806,0.00344,0.03137
0.09221,0.25421,0.06243,0.24299,0.02023,0.02103,0.03280,0.02273,0.01125,0.03225,0.02482,0.02200,0.02755,0.01935,0.03261,0.01439,0.02083,0.01797,0.01472,0.01363
0.14023,0.21092,0.09277,0.24243,0.01429,0.00748,0.03580,0.01505,0.01255,0.02373,0.04704,0.01305,0.01556,0.00989,0.02260,0.04702,0.00732,0.01755,0.00305,0.02167
0.12683,0.05226,0.18686,0.01454,0.03987,0.03034,0.13463,0.02335,0.02308,0.15559,0.04453,0.02649,0.02578,0.02150,0.02060,0.01111,0.01468,0.01102,0.00428,0.03266
0.10876,0.03502,0.16654,0.04984,0.03620,0.02410,0.09514,0.02584,0.03378,0.15419,0.02176,0.07654,0.02742,0.01527,0.02720,0.01548,0.05797,0.00892,0.00906,0.01097
0.15553,0.04512,0.08857,0.07810,0.03157,0.03600,0.20182,0.01972,0.03788,0.07577,0.03155,0.01555,0.04229,0.01535,0.03004,0.04507,0.01911,0.01119,0.00727,0.01250
0.05826,0.02949,0.05257,0.03158,0.01726,0.02829,0.12250,0.01804,0.03374,0.09320,0.03546,0.12921,0.08244,0.03505,0.03198,0.02189,0.12351,0.03019,0.00842,0.01692
0.04853,0.02721,0.03214,0.03686,0.01557,0.01201,0.17142,0.07002,0.01964,0.15494,0.02785,0.06449,0.06970,0.04752,0.03241,0.04817,0.05865,0.02701,0.00681,0.02905
0.20533,0.03778,0.07240,0.03022,0.03262,0.02020,0.20078,0.02563,0.03149,0.05077,0.05175,0.03192,0.04853,0.03186,0.02302,0.02286,0.01893,0.01997,0.01755,0.02641
0.11242,0.04249,0.18689,0.01986,0.02373,0.03859,0.14947,0.02102,0.01705,0.13861,0.05989,0.03831,0.01605,0.02662,0.02224,0.01804,0.02346,0.02588,0.00618,0.01319
0.05272,0.13347,0.09121,0.03316,0.02010,0.02470,0.07288,0.05352,0.02767,0.06458,0.02034,0.03619,0.03929,0.09071,0.03079,0.02296,0.01794,0.02167,0.10735,0.03877
0.19889,0.05417,0.03529,0.02344,0.01846,0.01777,0.19934,0.03386,0.03403,0.03601,0.06661,0.03232,0.06000,0.03947,0.03632,0.02752,0.02658,0.01560,0.01447,0.02985
0.26099,0.04285,0.06914,0.02362,0.03114,0.02555,0.28545,0.02319,0.02051,0.04344,0.03904,0.02226,0.01777,0.02429,0.01005,0.01031,0.02220,0.01050,0.01362,0.00406
0.03473,0.04529,0.26189,0.01369,0.01871,0.01590,0.02265,0.01716,0.02297,0.22137,0.02076,0.07731,0.02659,0.02239,0.02536,0.03070,0.08511,0.01308,0.00542,0.01892
0.11565,0.01472,0.05809,0.03034,0.02348,0.01843,0.29444,0.00931,0.02172,0.22168,0.01992,0.04399,0.02893,0.01549,0.01208,0.01519,0.03445,0.00344,0.00930,0.00933
0.12739,0.06222,0.15301,0.05393,0.02546,0.01830,0.14771,0.02793,0.02297,0.12645,0.02918,0.04221,0.02304,0.02475,0.03952,0.01636,0.02001,0.01483,0.00669,0.01803
0.03551,0.04959,0.09197,0.03297,0.02670,0.01127,0.01745,0.03592,0.02951,0.06433,0.03641,0.01375,0.07976,0.17549,0.02355,0.01943,0.00878,0.06768,0.16439,0.01555
0.07225,0.05440,0.05996,0.04052,0.03804,0.02649,0.06934,0.01748,0.02386,0.06260,0.04604,0.06305,0.02971,0.10932,0.02491,0.04716,0.06389,0.02626,0.11040,0.01432
0.05030,0.01652,0.32916,0.03298,0.01749,0.01187,0.06251,0.02057,0.01701,0.24139,0.05019,0.02893,0.02053,0.00797,0.02905,0.01563,0.01753,0.02020,0.00701,0.00315
0.13124,0.01721,0.03310,0.00619,0.02924,0.01000,0.31011,0.03873,0.02151,0.23123,0.00794,0.02998,0.02191,0.01470,0.02667,0.02814,0.01643,0.00684,0.00449,0.01433
0.15298,0.06664,0.11352,0.02975,0.02179,0.03312,0.18894,0.02116,0.01696,0.10392,0.03289,0.01652,0.05008,0.02666,0.03227,0.02272,0.02975,0.01723,0.00710,0.01601
0.04980,0.07487,0.25162,0.01959,0.03150,0.02203,0.08611,0.04249,0.01309,0.20284,0.04791,0.00926,0.02488,0.01952,0.02429,0.02472,0.00953,0.01720,0.00753,0.02121
0.09683,0.02152,0.07334,0.01619,0.03708,0.01034,0.17313,0.01659,0.01900,0.10271,0.01786,0.12134,0.07007,0.02089,0.04376,0.01636,0.11040,0.00598,0.01333,0.01327
0.09270,0.26791,0.07723,0.27129,0.01605,0.00558,0.02329,0.01826,0.01351,0.02446,0.02133,0.01335,0.02353,0.04183,0.01168,0.00708,0.00974,0.01956,0.02710,0.01451
0.27166,0.03432,0.03761,0.03620,0.01262,0.01607,0.28196,0.03171,0.02249,0.02339,0.02607,0.01588,0.05399,0.02305,0.02574,0.02180,0.02103,0.01949,0.01280,0.01211
0.03683,0.02292,0.16661,0.04232,0.02798,0.03056,0.05065,0.02870,0.03619,0.12993,0.02630,0.11559,0.01289,0.04300,0.02541,0.02983,0.10876,0.01310,0.02958,0.02286
0.19208,0.04318,0.03152,0.02189,0.02208,0.02464,0.22501,0.01810,0.02843,0.03140,0.03580,0.09076,0.04711,0.02045,0.04212,0.01918,0.05598,0.02053,0.00741,0.02232
0.06247,0.20929,0.24281,0.06259,0.03987,0.04113,0.04427,0.01777,0.01742,0.05548,0.03050,0.02732,0.04404,0.01841,0.01831,0.01903,0.01492,0.00789,0.01482,0.01165
0.14692,0.11921,0.21666,0.02321,0.05743,0.03221,0.07796,0.02896,0.02379,0.07810,0.02133,0.02402,0.02601,0.01241,0.04010,0.01772,0.02065,0.01662,0.00397,0.01273
0.02174,0.05752,0.26240,0.02541,0.04235,0.04045,0.06895,0.04572,0.01796,0.21961,0.04611,0.02276,0.03859,0.01176,0.01178,0.01618,0.01072,0.01839,0.00394,0.01765
0.24930,0.02312,0.08716,0.02324,0.03221,0.02731,0.26369,0.01402,0.02070,0.08011,0.02563,0.01420,0.02507,0.01169,0.04326,0.00938,0.02038,0.01115,0.00795,0.01041
0.16138,0.03926,0.05845,0.06010,0.02843,0.02571,0.17611,0.01661,0.03375,0.07715,0.02618,0.03693,0.03114,0.06015,0.01791,0.01876,0.03483,0.02578,0.04592,0.02543
0.19932,0.07424,0.04745,0.03288,0.02414,0.03716,0.22758,0.03921,0.01953,0.03138,0.04066,0.01720,0.05189,0.02523,0.03570,0.03211,0.01507,0.01902,0.00708,0.02314
0.25609,0.05174,0.03447,0.02010,0.03179,0.02328,0.27886,0.01198,0.01665,0.02734,0.02765,0.04148,0.02715,0.01181,0.03971,0.02596,0.02953,0.01928,0.01225,0.01289
0.03592,0.01585,0.33004,0.01548,0.02800,0.01504,0.04996,0.02362,0.03185,0.30142,0.01947,0.02909,0.01763,0.00868,0.01589,0.01982,0.01808,0.01094,0.00395,0.00927
0.07663,0.06963,0.18151,0.06574,0.06100,0.04406,0.09680,0.03352,0.02997,0.11292,0.01223,0.04161,0.02062,0.01979,0.05134,0.01203,0.02050,0.02441,0.01049,0.01520
0.03270,0.02729,0.11449,0.02325,0.21886,0.01546,0.04153,0.02067,0.01020,0.27472,0.02094,0.06597,0.02098,0.01774,0.02346,0.00939,0.01207,0.01289,0.02054,0.01684
0.04177,0.04060,0.02292,0.02113,0.02145,0.01279,0.05226,0.01970,0.02555,0.02231,0.03891,0.29387,0.02793,0.02188,0.02212,0.02432,0.26240,0.01212,0.00619,0.00978
0.03133,0.03551,0.03093,0.01685,0.03646,0.02378,0.03554,0.01398,0.01423,0.02138,0.01988,0.06329,0.04577,0.16225,0.11050,0.03232,0.02411,0.01642,0.17498,0.09048
0.09033,0.27135,0.07301,0.31335,0.02143,0.02294,0.01963,0.01765,0.01258,0.01245,0.00826,0.03686,0.01892,0.01828,0.01239,0.00996,0.01557,0.01093,0.00572,0.00838
0.02421,0.04040,0.02992,0.01764,0.03868,0.01324,0.02273,0.01897,0.01941,0.02370,0.01924,0.02841,0.02094,0.29191,0.01309,0.01120,0.01724,0.01744,0.30664,0.02499
0.24431,0.03086,0.06927,0.03516,0.05506,0.00854,0.26388,0.02207,0.02791,0.06732,0.03163,0.00858,0.02500,0.00377,0.03603,0.01157,0.01733,0.01374,0.00632,0.02164
0.26672,0.05005,0.23709,0.03173,0.01724,0.01429,0.12464,0.01812,0.01217,0.07627,0.01403,0.01423,0.03140,0.01740,0.02071,0.01319,0.00827,0.00754,0.01360,0.01130
0.16470,0.03632,0.05767,0.04963,0.07533,0.02889,0.12267,0.02530,0.02079,0.05972,0.02724,0.01721,0.05536,0.09745,0.01979,0.02246,0.03427,0.02244,0.05040,0.01237
0.19000,0.02561,0.07043,0.02509,0.04280,0.03987,0.26935,0.01326,0.03606,0.09179,0.02763,0.02326,0.02569,0.02425,0.02362,0.02333,0.01378,0.01982,0.00904,0.00531
0.19467,0.04131,0.08554,0.04648,0.04520,0.01960,0.19294,0.04042,0.04777,0.07417,0.02617,0.01173,0.04242,0.02302,0.01935,0.01916,0.01344,0.01680,0.00947,0.03034
0.10297,0.02570,0.13586,0.07197,0.03212,0.02397,0.13225,0.03419,0.01458,0.09261,0.04405,0.07401,0.05664,0.01955,0.04393,0.02325,0.04097,0.00577,0.01234,0.01328
0.17132,0.02115,0.07848,0.02609,0.02195,0.01649,0.27229,0.01646,0.01810,0.20214,0.01845,0.00775,0.03080,0.01905,0.01391,0.01713,0.02191,0.00470,0.00623,0.01562
0.16203,0.04694,0.11073,0.04502,0.01888,0.02049,0.16495,0.02298,0.04000,0.10089,0.01571,0.03025,0.05387,0.04916,0.03197,0.03937,0.01421,0.00810,0.01193,0.01252
0.13679,0.08047,0.08162,0.02810,0.04203,0.02860,0.12418,0.02137,0.03171,0.05827,0.02604,0.02680,0.02073,0.09662,0.02674,0.02322,0.03261,0.01425,0.07540,0.02445
0.01975,0.06743,0.12035,0.01173,0.04238,0.02029,0.02077,0.02214,0.01087,0.07663,0.04047,0.01372,0.10485,0.17962,0.01395,0.01479,0.00898,0.01368,0.18301,0.01459
0.05650,0.04438,0.24092,0.02629,0.02935,0.05818,0.08751,0.04286,0.01802,0.19415,0.04923,0.01764,0.02752,0.01953,0.01545,0.01835,0.01000,0.01271,0.00758,0.02383
0.13116,0.03212,0.16530,0.06045,0.03427,0.02212,0.14417,0.02723,0.03989,0.13912,0.03483,0.01299,0.02251,0.02644,0.03210,0.00571,0.01111,0.02697,0.00869,0.02282
0.25167,0.04651,0.03393,0.02786,0.02429,0.02136,0.25014,0.01701,0.02507,0.03349,0.04275,0.01129,0.05318,0.03012,0.02165,0.02168,0.01840,0.02047,0.01042,0.03873
0.18578,0.07658,0.05657,0.04600,0.04397,0.04939,0.19722,0.02630,0.02069,0.05583,0.02928,0.01911,0.02681,0.02507,0.01870,0.01715,0.01603,0.06886,0.00562,0.01503
0.08208,0.03227,0.03327,0.02159,0.02182,0.01581,0.10976,0.01137,0.02581,0.09354,0.07391,0.00895,0.01765,0.15028,0.02932,0.02017,0.01903,0.05173,0.15919,0.02244
0.06421,0.05756,0.16736,0.02413,0.04273,0.01320,0.06715,0.04162,0.03102,0.13755,0.01873,0.01685,0.02630,0.11000,0.03312,0.01253,0.00724,0.01179,0.09802,0.01889
0.13515,0.06382,0.14957,0.04561,0.06203,0.01084,0.12285,0.02690,0.04498,0.11021,0.03477,0.01326,0.04065,0.01877,0.01969,0.04281,0.01086,0.01344,0.01473,0.01906
0.07949,0.02578,0.03294,0.01391,0.01947,0.03323,0.32692,0.01835,0.01582,0.26410,0.02389,0.02208,0.02269,0.01568,0.01172,0.00845,0.03388,0.00919,0.00247,0.01994
0.02690,0.02231,0.32780,0.00979,0.06649,0.01136,0.01787,0.03530,0.02935,0.30146,0.03695,0.01507,0.01247,0.01063,0.02163,0.01793,0.00748,0.01571,0.00494,0.00853
0.16595,0.16029,0.03999,0.03994,0.01648,0.02026,0.22472,0.04226,0.01696,0.03782,0.01959,0.01883,0.02406,0.03810,0.02850,0.01130,0.00695,0.01329,0.02967,0.04503
0.26421,0.01953,0.04314,0.03897,0.01209,0.02304,0.28423,0.01637,0.02296,0.02605,0.01308,0.01772,0.05770,0.02964,0.03073,0.01926,0.01566,0.02611,0.01489,0.02461
0.04220,0.26323,0.05764,0.23025,0.04082,0.03546,0.02951,0.03989,0.02965,0.04360,0.03072,0.01275,0.03169,0.01803,0.02527,0.01864,0.01392,0.01560,0.00790,0.01323
0.26697,0.07563,0.05003,0.03545,0.01197,0.01857,0.30782,0.01958,0.02309,0.03852,0.02455,0.01961,0.01437,0.01055,0.01058,0.02261,0.01495,0.02336,0.00483,0.00696
0.22450,0.02261,0.06298,0.02405,0.10237,0.01845,0.23931,0.02706,0.03939,0.03528,0.04281,0.02993,0.02084,0.01070,0.03309,0.01803,0.01989,0.01264,0.00460,0.01146
0.04290,0.05596,0.23888,0.03005,0.04208,0.02876,0.04604,0.03850,0.02804,0.20574,0.03917,0.01054,0.02140,0.04552,0.01846,0.03174,0.02019,0.01102,0.03404,0.01098
0.06332,0.08316,0.10870,0.02870,0.04967,0.07102,0.08774,0.01875,0.02281,0.04455,0.02147,0.13650,0.03256,0.01702,0.03957,0.01361,0.10828,0.02156,0.01064,0.02035
0.17385,0.02833,0.14989,0.03838,0.03693,0.02652,0.15517,0.02003,0.02440,0.09059,0.03822,0.01256,0.05615,0.01828,0.03282,0.01488,0.01493,0.04755,0.00639,0.01413
0.04243,0.04291,0.29989,0.01473,0.02683,0.01210,0.06351,0.01830,0.00904,0.26287,0.04355,0.02130,0.02827,0.01756,0.02184,0.01315,0.01687,0.01768,0.00625,0.02092
0.13495,0.06816,0.11533,0.04360,0.04856,0.02215,0.14404,0.04966,0.03423,0.08776,0.03226,0.01778,0.02187,0.03711,0.03678,0.02073,0.01239,0.01568,0.02640,0.03056
0.10326,0.02624,0.08347,0.01509,0.01515,0.01556,0.03101,0.02869,0.01186,0.03224,0.02960,0.01694,0.04309,0.22730,0.02059,0.01563,0.00995,0.01482,0.24367,0.01586
0.04900,0.02941,0.02897,0.01882,0.08631,0.02060,0.04228,0.05091,0.02046,0.02622,0.04911,0.04629,0.03083,0.19851,0.03851,0.00909,0.01392,0.01505,0.21501,0.01070
0.06612,0.03041,0.17794,0.03066,0.14141,0.03881,0.04764,0.01652,0.01748,0.22353,0.03080,0.03127,0.02104,0.01853,0.02588,0.02768,0.01438,0.01345,0.00579,0.02065
0.16013,0.06475,0.06394,0.03349,0.04216,0.02451,0.19665,0.04775,0.03707,0.05957,0.06026,0.03181,0.02400,0.03639,0.04003,0.00999,0.02183,0.02077,0.01375,0.01115
0.10758,0.05178,0.14171,0.06676,0.04582,0.04265,0.11584,0.02137,0.03112,0.12750,0.04195,0.01841,0.02347,0.01716,0.01936,0.02917,0.04070,0.01515,0.02193,0.02059
0.29287,0.00813,0.02413,0.02311,0.06583,0.01878,0.32977,0.01060,0.01327,0.05364,0.00843,0.03226,0.02855,0.01405,0.03113,0.01141,0.01132,0.01689,0.00230,0.00354
0.11298,0.04569,0.20712,0.03307,0.02625,0.01326,0.10272,0.01528,0.03727,0.15700,0.03898,0.02031,0.04104,0.02943,0.02693,0.01532,0.01278,0.03664,0.00912,0.01880
0.24938,0.04122,0.05189,0.04778,0.02203,0.01970,0.27080,0.02076,0.01993,0.04571,0.04911,0.01585,0.01949,0.01622,0.03060,0.02339,0.02052,0.00735,0.01359,0.01469
0.12481,0.08361,0.05578,0.01962,0.03007,0.01759,0.15094,0.06717,0.02472,0.03231,0.03924,0.06244,0.06216,0.02287,0.05550,0.04039,0.05594,0.01547,0.01796,0.02141
0.06371,0.02539,0.05081,0.01870,0.03874,0.01588,0.31671,0.03649,0.01704,0.25852,0.02357,0.01359,0.02286,0.01879,0.01242,0.01431,0.01715,0.01526,0.00746,0.01260
0.20591,0.05140,0.12012,0.04295,0.03627,0.01819,0.21381,0.01157,0.02210,0.10265,0.02456,0.00943,0.04124,0.02311,0.01971,0.00938,0.00902,0.01625,0.00960,0.01274
0.05783,0.06189,0.05983,0.03390,0.06988,0.02534,0.05597,0.02695,0.01781,0.04334,0.04084,0.16156,0.05139,0.05264,0.03888,0.02493,0.12648,0.01335,0.00684,0.03035
0.02262,0.07067,0.14902,0.03455,0.02593,0.01035,0.01731,0.03108,0.01347,0.11006,0.01859,0.02221,0.03307,0.15919,0.04250,0.02887,0.02704,0.00686,0.14279,0.03384
0.18294,0.06929,0.12556,0.07812,0.02662,0.02115,0.03856,0.03612,0.02311,0.01939,0.02365,0.01204,0.04389,0.07555,0.04191,0.06502,0.01204,0.03507,0.04302,0.02694
0.30701,0.02880,0.02431,0.00960,0.01627,0.00969,0.35848,0.03421,0.02031,0.03082,0.02358,0.00859,0.02072,0.02118,0.02840,0.01810,0.00716,0.00884,0.00843,0.01551
0.03378,0.18916,0.03899,0.02460,0.01431,0.01200,0.07994,0.01988,0.01707,0.02332,0.03269,0.16580,0.01731,0.05720,0.01046,0.01282,0.16057,0.00904,0.06535,0.01569
0.21787,0.04439,0.06791,0.02601,0.02732,0.01177,0.30187,0.01775,0.03039,0.08987,0.01381,0.01423,0.01918,0.02874,0.02376,0.01033,0.00901,0.01382,0.01368,0.01826
0.09793,0.04701,0.05823,0.01391,0.02160,0.01607,0.09902,0.02359,0.01471,0.04728,0.03977,0.18426,0.04494,0.03032,0.05045,0.01824,0.14917,0.01732,0.00853,0.01768
0.24633,0.05597,0.04121,0.02132,0.01928,0.01872,0.28543,0.04406,0.01961,0.05313,0.01674,0.01915,0.04319,0.01967,0.02600,0.01124,0.02300,0.01104,0.01199,0.01289
0.16608,0.08261,0.02220,0.04508,0.03993,0.01376,0.15843,0.03022,0.03563,0.03324,0.04498,0.07086,0.01997,0.04588,0.02404,0.02587,0.06880,0.02616,0.03080,0.01545
0.10864,0.18308,0.17861,0.10991,0.04306,0.01603,0.04212,0.01611,0.02586,0.04874,0.02804,0.02536,0.02001,0.02979,0.02851,0.00750,0.02470,0.01912,0.01630,0.02851
0.07232,0.03144,0.23891,0.01746,0.06142,0.01115,0.07554,0.01548,0.02595,0.24689,0.02763,0.02120,0.02058,0.01604,0.02252,0.02337,0.02157,0.02856,0.00831,0.01366
0.08486,0.17916,0.13254,0.09771,0.02482,0.07646,0.06356,0.02456,0.02993,0.04445,0.03474,0.02985,0.04215,0.01801,0.01621,0.01243,0.03489,0.00975,0.00774,0.03621
0.27306,0.02603,0.05649,0.02229,0.02740,0.02381,0.31226,0.01455,0.02353,0.04761,0.02858,0.01762,0.01783,0.02147,0.01898,0.02341,0.00921,0.01212,0.01076,0.01298
0.06799,0.02570,0.04886,0.02608,0.02249,0.01143,0.29022,0.01612,0.02713,0.23412,0.01820,0.02182,0.02835,0.02790,0.01759,0.01473,0.03089,0.01386,0.01563,0.04088
0.16546,0.02104,0.16604,0.03158,0.04889,0.04273,0.16116,0.02761,0.02602,0.12971,0.03111,0.02588,0.02523,0.01695,0.01935,0.01215,0.01454,0.01678,0.00590,0.01186
0.08551,0.02051,0.05653,0.01912,0.02874,0.01094,0.30206,0.01721,0.01888,0.23700,0.02027,0.01737,0.03145,0.01781,0.01700,0.02020,0.02408,0.03041,0.00768,0.01724
0.24078,0.03841,0.10758,0.04279,0.07183,0.03947,0.21971,0.01803,0.01129,0.08558,0.01905,0.01893,0.01215,0.00840,0.01054,0.01536,0.01329,0.01023,0.00757,0.00903
0.13266,0.01809,0.06024,0.01382,0.00920,0.01514,0.27067,0.01638,0.02073,0.20713,0.02340,0.01637,0.05012,0.02012,0.02864,0.03336,0.01814,0.01140,0.01897,0.01543
0.16219,0.08368,0.10701,0.03929,0.02483,0.03511,0.16657,0.02594,0.01978,0.07768,0.03878,0.03957,0.02001,0.02843,0.01697,0.02624,0.02383,0.02060,0.02484,0.01865
0.21592,0.03932,0.18560,0.04843,0.02453,0.01782,0.09572,0.05541,0.01897,0.05590,0.03227,0.01542,0.04268,0.02510,0.01592,0.05078,0.02112,0.00990,0.01124,0.01794
0.05488,0.05890,0.16822,0.04460,0.13063,0.02313,0.05233,0.02240,0.01437,0.25215,0.01491,0.02381,0.01012,0.02511,0.04569,0.00627,0.01964,0.01348,0.00706,0.01230
0.14503,0.21058,0.16195,0.22282,0.03756,0.01596,0.02055,0.02689,0.01199,0.01272,0.01383,0.01154,0.01730,0.01321,0.02627,0.01115,0.00723,0.01260,0.00877,0.01204
0.17904,0.04410,0.04078,0.03352,0.01845,0.02242,0.20870,0.01913,0.04130,0.04550,0.02380,0.03120,0.02288,0.06067,0.04989,0.01521,0.03468,0.01511,0.04475,0.04884
0.05566,0.01354,0.33544,0.00761,0.02690,0.01924,0.05052,0.01342,0.00999,0.28465,0.02203,0.02718,0.02522,0.01749,0.01820,0.01052,0.03686,0.00744,0.00496,0.01313
0.12616,0.04107,0.15033,0.02147,0.03968,0.03396,0.12332,0.01638,0.02208,0.06647,0.01960,0.06697,0.04955,0.02254,0.07165,0.01254,0.03011,0.01711,0.01152,0.05749
0.11691,0.02461,0.10725,0.04980,0.02628,0.01898,0.15391,0.04912,0.04345,0.06524,0.05587,0.02128,0.03675,0.03062,0.03791,0.06118,0.03543,0.03376,0.01098,0.02066
0.22535,0.02291,0.06893,0.03616,0.04769,0.02272,0.23273,0.03841,0.01653,0.03783,0.04649,0.01609,0.02685,0.02734,0.03567,0.01893,0.01287,0.03544,0.01827,0.01280
0.15478,0.12461,0.04960,0.02976,0.01428,0.02186,0.20609,0.03436,0.03600,0.02445,0.03534,0.01853,0.02372,0.06251,0.01438,0.02595,0.01122,0.01866,0.07849,0.01541
0.24357,0.03036,0.05935,0.03063,0.02125,0.02356,0.21305,0.03012,0.02123,0.03903,0.02708,0.01624,0.07031,0.03273,0.04016,0.02500,0.02143,0.01552,0.01493,0.02446
0.03158,0.01409,0.02582,0.04485,0.02455,0.01534,0.03082,0.00838,0.02246,0.02029,0.02383,0.30898,0.02385,0.02813,0.01986,0.01969,0.30477,0.01601,0.00653,0.01017
0.07235,0.03894,0.18672,0.02456,0.10911,0.03686,0.05857,0.02214,0.01000,0.21853,0.02222,0.02165,0.01758,0.01437,0.07552,0.01959,0.01669,0.02149,0.00350,0.00962
0.02950,0.03389,0.09440,0.04889,0.02446,0.05453,0.06886,0.02511,0.05607,0.06647,0.02110,0.02261,0.01685,0.17657,0.02361,0.01091,0.01742,0.00892,0.19188,0.00797
0.04429,0.02101,0.14427,0.02367,0.16278,0.02924,0.03027,0.02659,0.01877,0.24282,0.02776,0.05306,0.02528,0.01662,0.03286,0.04100,0.01671,0.01374,0.01333,0.01592
0.16002,0.05027,0.05675,0.04057,0.02963,0.02155,0.16391,0.08046,0.02893,0.05857,0.01629,0.01982,0.03837,0.03129,0.05205,0.07143,0.03435,0.01390,0.01334,0.01850
0.04592,0.04334,0.26531,0.04013,0.04139,0.03907,0.05209,0.04368,0.02198,0.23895,0.02882,0.00927,0.03238,0.01799,0.00805,0.01333,0.02076,0.01681,0.00359,0.01714
0.14643,0.06689,0.04627,0.04006,0.01066,0.02214,0.12237,0.02260,0.02502,0.04732,0.04230,0.04349,0.05523,0.10894,0.04884,0.02306,0.04738,0.01024,0.06115,0.00962
0.04205,0.05739,0.34891,0.01459,0.03938,0.01276,0.03878,0.00998,0.01589,0.30395,0.02037,0.00937,0.01546,0.01174,0.01725,0.00703,0.01151,0.00821,0.00675,0.00863
0.05345,0.28017,0.30955,0.02533,0.04020,0.02346,0.06749,0.02036,0.00801,0.02850,0.01303,0.00932,0.02999,0.01535,0.01976,0.01665,0.01217,0.00761,0.00690,0.01269
0.03817,0.01216,0.27676,0.03814,0.07746,0.02442,0.03131,0.00677,0.02854,0.27501,0.02027,0.03208,0.01732,0.01581,0.04173,0.01506,0.02423,0.01003,0.00440,0.01033
0.05554,0.01561,0.03037,0.01561,0.03098,0.01921,0.30476,0.03389,0.01626,0.26150,0.03057,0.02538,0.02186,0.02112,0.02952,0.01712,0.03064,0.01032,0.01022,0.01952
0.08943,0.02921,0.22511,0.02305,0.03083,0.03265,0.09888,0.02092,0.02110,0.20472,0.04988,0.00813,0.03543,0.02779,0.01397,0.01892,0.01893,0.01732,0.01624,0.01749
0.03522,0.03997,0.25894,0.01221,0.03400,0.02652,0.04277,0.01789,0.01172,0.20636,0.02215,0.01766,0.03500,0.07818,0.03451,0.00994,0.01897,0.01343,0.05941,0.02514
0.17170,0.10361,0.18411,0.12350,0.03670,0.02178,0.03266,0.00992,0.01071,0.01952,0.07128,0.02540,0.02012,0.01346,0.01840,0.04364,0.01909,0.01701,0.03299,0.02439
0.05038,0.28908,0.35080,0.01366,0.01669,0.01696,0.04791,0.00954,0.01812,0.03021,0.01698,0.00653,0.03759,0.02025,0.01589,0.01524,0.01303,0.01833,0.00514,0.00767
0.10693,0.10292,0.08225,0.04831,0.02603,0.02501,0.17361,0.02087,0.02154,0.04496,0.02246,0.11612,0.04254,0.01769,0.02990,0.02294,0.05713,0.00840,0.01959,0.01078
0.15028,0.01293,0.07172,0.00967,0.00928,0.01916,0.28703,0.02322,0.01278,0.22151,0.01742,0.03315,0.04431,0.01339,0.01641,0.01134,0.01855,0.01246,0.00521,0.01016
0.12951,0.05833,0.16027,0.01592,0.01688,0.01659,0.18583,0.01700,0.01762,0.12035,0.03865,0.02403,0.03231,0.02177,0.03817,0.01943,0.03334,0.01590,0.01547,0.02263
0.10225,0.03581,0.06166,0.01513,0.02650,0.01017,0.24007,0.03025,0.02460,0.18245,0.05546,0.03080,0.02961,0.01843,0.03251,0.02111,0.02978,0.02124,0.01124,0.02092
