0.10940,0.08478,0.15511,0.09195,0.20483,0.10661,0.17290,0.07442
0.10755,0.11213,0.07113,0.18904,0.15683,0.10999,0.09201,0.16131
0.13293,0.10058,0.19154,0.08537,0.08531,0.13267,0.20469,0.06692
0.07898,0.10286,0.14131,0.13906,0.12842,0.15860,0.10895,0.14182
0.11217,0.09049,0.18303,0.10219,0.11470,0.16655,0.11781,0.11308
0.08368,0.19445,0.06543,0.14880,0.11658,0.18974,0.06986,0.13145
0.16229,0.09538,0.08158,0.09700,0.22450,0.11014,0.13016,0.09896
0.13528,0.11994,0.19525,0.09637,0.08766,0.13694,0.17027,0.05829
0.14406,0.10104,0.11753,0.04996,0.24439,0.11552,0.17883,0.04865
0.09140,0.16764,0.14690,0.13150,0.10469,0.14928,0.14201,0.06659
0.08753,0.13701,0.12191,0.17562,0.08153,0.16843,0.07953,0.14845
0.10645,0.10712,0.16243,0.08132,0.11965,0.14199,0.20030,0.08074
0.06354,0.08731,0.15430,0.17546,0.10023,0.14962,0.10695,0.16259
0.15631,0.13159,0.09647,0.09570,0.15604,0.12387,0.16418,0.07584
0.14239,0.13625,0.14138,0.09842,0.09351,0.13592,0.17073,0.08140
0.07090,0.09022,0.13569,0.20383,0.10277,0.13019,0.08332,0.18308
0.11491,0.11238,0.21963,0.07403,0.09464,0.18682,0.12854,0.06904
0.08607,0.11149,0.14515,0.17222,0.09039,0.16270,0.07393,0.15805
0.09085,0.16330,0.08070,0.10723,0.16255,0.15754,0.14685,0.09097
0.08854,0.22817,0.16611,0.04600,0.09174,0.26394,0.07761,0.03789
0.11319,0.12362,0.15707,0.09877,0.15972,0.14635,0.11427,0.08701
0.11491,0.12216,0.12735,0.10436,0.19518,0.11394,0.15952,0.06258
0.07733,0.11583,0.11573,0.09186,0.19669,0.11978,0.21213,0.07064
0.12315,0.11258,0.08705,0.08118,0.22239,0.11402,0.18481,0.07482
0.10091,0.12519,0.11802,0.13206,0.12899,0.16649,0.08901,0.13934
0.19743,0.10908,0.11556,0.07401,0.15898,0.13426,0.13493,0.07575
0.08021,0.18964,0.13340,0.06791,0.12101,0.21135,0.13536,0.06112
0.13937,0.09307,0.09975,0.10012,0.23007,0.10129,0.16289,0.07345
0.06639,0.19370,0.20241,0.10916,0.07441,0.22994,0.05828,0.06571
0.11298,0.12645,0.14913,0.07069,0.14865,0.17093,0.14512,0.07607
0.14245,0.12096,0.10494,0.11149,0.19992,0.12191,0.11730,0.08103
0.07510,0.12956,0.08198,0.20258,0.12914,0.11605,0.10072,0.16488
0.08986,0.18030,0.11063,0.18539,0.08964,0.15915,0.05334,0.13168
0.18208,0.09725,0.10660,0.11578,0.18838,0.11095,0.10747,0.09148
0.15765,0.09655,0.11479,0.09622,0.19579,0.11624,0.12882,0.09395
0.12460,0.07568,0.15991,0.08011,0.19114,0.13405,0.16415,0.07036
0.08434,0.15464,0.08073,0.04485,0.24147,0.16085,0.18830,0.04483
0.08535,0.20155,0.13224,0.10490,0.08605,0.21292,0.09181,0.08519
0.11405,0.13365,0.09338,0.05563,0.22158,0.14073,0.18978,0.05119
0.09737,0.15220,0.13649,0.15803,0.10238,0.13260,0.10675,0.11418
0.08270,0.20565,0.08442,0.20170,0.13688,0.09690,0.12715,0.06461
0.05672,0.15680,0.13351,0.11602,0.09913,0.21628,0.10221,0.11934
0.10312,0.11397,0.14601,0.15219,0.11609,0.12780,0.13152,0.10930
0.10540,0.11816,0.17020,0.07925,0.17147,0.13532,0.17120,0.04899
0.05939,0.14094,0.22416,0.10038,0.09144,0.21533,0.09194,0.07643
0.08740,0.11629,0.12128,0.09289,0.22989,0.11892,0.18430,0.04903
0.11339,0.13360,0.20605,0.08365,0.11703,0.17465,0.10587,0.06575
0.09570,0.07819,0.11792,0.19784,0.11922,0.10290,0.11531,0.17292
0.05137,0.08310,0.19260,0.19623,0.06914,0.18428,0.05588,0.16740
0.09825,0.09505,0.14803,0.14498,0.09813,0.16704,0.09008,0.15843
0.17569,0.07015,0.14183,0.06459,0.14201,0.11395,0.21914,0.07264
0.13365,0.11090,0.18698,0.10105,0.13650,0.15539,0.08700,0.08852
0.08467,0.16406,0.09247,0.10886,0.13679,0.17862,0.13474,0.09978
0.16939,0.12361,0.11057,0.08466,0.09671,0.14277,0.18631,0.08597
0.11977,0.07783,0.19782,0.05336,0.18463,0.14616,0.15808,0.06234
0.04521,0.10400,0.09074,0.08991,0.23697,0.12281,0.22495,0.08540
0.09829,0.16492,0.14405,0.06891,0.13273,0.19969,0.12759,0.06383
0.12028,0.14320,0.17058,0.12023,0.10358,0.18391,0.05951,0.09872
0.18539,0.12597,0.11351,0.07493,0.11310,0.14863,0.15103,0.08745
0.12265,0.13685,0.16061,0.07668,0.11972,0.15872,0.15079,0.07398
0.06805,0.15803,0.09977,0.09234,0.18695,0.16134,0.16522,0.06830
0.11815,0.10338,0.15077,0.10900,0.10321,0.13644,0.16845,0.11060
0.06227,0.08926,0.09874,0.23773,0.08954,0.10715,0.08455,0.23076
0.18699,0.04891,0.17751,0.09458,0.19195,0.10910,0.08659,0.10437
0.06844,0.15179,0.15348,0.14717,0.07545,0.19779,0.06381,0.14206
0.10636,0.17186,0.13567,0.19576,0.09710,0.14318,0.06200,0.08807
0.07698,0.10682,0.12283,0.08881,0.20303,0.11157,0.22776,0.06220
0.10080,0.08977,0.18211,0.10072,0.15011,0.13368,0.16898,0.07383
0.12500,0.17637,0.09558,0.11600,0.13581,0.15196,0.13020,0.06907
0.05179,0.11697,0.18948,0.16155,0.08863,0.18847,0.07180,0.13130
0.13420,0.09366,0.11807,0.11279,0.18115,0.11760,0.13659,0.10593
0.07586,0.11997,0.11483,0.20120,0.07750,0.14571,0.06974,0.19520
0.09746,0.18893,0.11099,0.11769,0.08282,0.22482,0.05564,0.12165
0.11199,0.13650,0.13785,0.09895,0.11118,0.16342,0.13360,0.10651
0.17308,0.11227,0.14584,0.12262,0.13126,0.12498,0.08703,0.10293
0.17413,0.10813,0.17883,0.05357,0.11434,0.15428,0.14173,0.07499
0.11586,0.06333,0.14127,0.06581,0.17446,0.12272,0.24142,0.07512
0.14203,0.11927,0.11150,0.13062,0.14200,0.09906,0.16859,0.08693
0.08998,0.09410,0.05779,0.22926,0.12076,0.08820,0.09973,0.22018
0.14838,0.08123,0.20854,0.05625,0.11173,0.11883,0.21856,0.05648
0.10524,0.16693,0.10744,0.15797,0.14090,0.13853,0.09520,0.08778
0.14244,0.07803,0.09583,0.07114,0.24226,0.09801,0.20809,0.06419
0.11952,0.08721,0.09913,0.18146,0.13660,0.11983,0.08363,0.17261
0.16628,0.16034,0.15194,0.06243,0.15228,0.18241,0.07636,0.04796
0.10701,0.11605,0.15778,0.11866,0.14648,0.16581,0.08888,0.09932
0.08192,0.10774,0.22197,0.06601,0.15379,0.17520,0.12956,0.06382
0.14724,0.07160,0.10231,0.16122,0.17849,0.08686,0.10122,0.15108
0.09974,0.11895,0.16986,0.11032,0.11527,0.14686,0.15936,0.07965
0.05573,0.08076,0.12432,0.07776,0.21615,0.13094,0.23519,0.07915
0.11266,0.07559,0.17081,0.09726,0.12521,0.13887,0.17850,0.10111
0.09017,0.11502,0.13414,0.07383,0.20477,0.12966,0.20208,0.05034
0.04673,0.14452,0.10699,0.05744,0.21538,0.17147,0.20611,0.05135
0.11271,0.12335,0.10944,0.14540,0.10765,0.14278,0.12548,0.13320
0.08780,0.13216,0.23630,0.08012,0.13400,0.18524,0.09921,0.04518
0.10361,0.10762,0.21158,0.07704,0.12524,0.16777,0.13755,0.06959
0.07538,0.17240,0.10576,0.09975,0.17918,0.14988,0.16648,0.05117
0.20325,0.12614,0.12938,0.07454,0.17902,0.16087,0.05947,0.06733
0.08051,0.19164,0.10338,0.11883,0.10192,0.21403,0.07658,0.11311
0.07010,0.11970,0.16209,0.11654,0.16631,0.13174,0.16312,0.07040
0.08554,0.10329,0.11902,0.12208,0.15659,0.13138,0.17189,0.11021
0.13406,0.18169,0.14086,0.05170,0.09151,0.21406,0.14114,0.04499
0.05591,0.13672,0.08677,0.08064,0.20634,0.13943,0.21956,0.07462
0.06276,0.10803,0.16619,0.09397,0.17814,0.14695,0.17876,0.06521
0.07693,0.11023,0.16025,0.11054,0.12839,0.16220,0.15383,0.09764
0.13293,0.12259,0.12082,0.07486,0.18679,0.15885,0.12510,0.07806
0.10828,0.11104,0.09240,0.17144,0.14873,0.09531,0.13253,0.14026
0.09940,0.08989,0.22719,0.08800,0.10203,0.16841,0.15287,0.07221
0.13772,0.12908,0.10702,0.08487,0.19508,0.14770,0.13179,0.06675
0.09402,0.12274,0.12395,0.18930,0.10144,0.12956,0.08069,0.15831
0.14130,0.06302,0.15355,0.12181,0.12462,0.14762,0.10699,0.14110
0.11721,0.20061,0.09885,0.16048,0.08913,0.13659,0.12426,0.07287
0.14196,0.11750,0.15839,0.10731,0.12693,0.16791,0.08030,0.09970
0.10257,0.10528,0.07989,0.18043,0.14568,0.12062,0.09276,0.17275
0.08583,0.07940,0.19608,0.15695,0.08672,0.17766,0.06880,0.14857
0.08317,0.07869,0.10676,0.20585,0.11223,0.11703,0.08783,0.20843
0.05912,0.12771,0.14114,0.10128,0.15250,0.17743,0.14505,0.09578
0.08417,0.10276,0.11904,0.18124,0.11021,0.13917,0.10149,0.16191
0.09097,0.14167,0.14926,0.08381,0.12149,0.17565,0.16739,0.06974
0.15100,0.08951,0.06410,0.14509,0.20608,0.09449,0.10906,0.14068
0.05880,0.18080,0.12328,0.19300,0.11075,0.11884,0.13004,0.08449
0.10095,0.12090,0.08998,0.11596,0.24322,0.07310,0.19805,0.05785
0.13179,0.06877,0.07380,0.04591,0.30562,0.07014,0.26089,0.04307
0.07914,0.14920,0.16222,0.06759,0.12811,0.19303,0.15057,0.07014
0.15433,0.06370,0.07082,0.11633,0.26679,0.07010,0.16148,0.09645
0.15045,0.12241,0.14667,0.11145,0.09764,0.11186,0.18621,0.07331
0.06019,0.11784,0.11247,0.11545,0.16879,0.15896,0.15333,0.11297
0.14103,0.13459,0.16964,0.10723,0.14456,0.15260,0.07751,0.07283
0.12026,0.10071,0.12613,0.14942,0.14555,0.13399,0.08048,0.14347
0.09904,0.11364,0.15343,0.06715,0.13830,0.14304,0.22493,0.06046
0.08950,0.18719,0.13814,0.13799,0.07316,0.17911,0.10291,0.09201
0.10034,0.12282,0.11877,0.08229,0.18456,0.13029,0.18937,0.07156
0.06336,0.10890,0.19797,0.15481,0.08921,0.18207,0.09713,0.10654
0.10776,0.14210,0.09539,0.09696,0.20269,0.12592,0.16665,0.06252
0.10157,0.10328,0.15060,0.10489,0.13319,0.17198,0.12477,0.10972
0.13242,0.12550,0.09363,0.19533,0.14275,0.09402,0.07411,0.14225
0.06745,0.12977,0.19932,0.08027,0.12882,0.20313,0.12807,0.06318
0.09874,0.19029,0.08332,0.13277,0.11027,0.15078,0.13098,0.10286
0.05060,0.07474,0.17332,0.11692,0.16919,0.13478,0.18236,0.09808
0.13219,0.15757,0.11368,0.16327,0.16822,0.09694,0.09793,0.07019
0.07435,0.12670,0.18757,0.11880,0.08203,0.20574,0.07730,0.12751
0.07274,0.11928,0.11706,0.06868,0.16663,0.15879,0.21742,0.07940
0.14638,0.13303,0.10059,0.14418,0.13076,0.12482,0.09870,0.12153
0.12859,0.07951,0.21350,0.10034,0.09863,0.13527,0.14453,0.09962
0.10526,0.16531,0.09981,0.17280,0.15691,0.10133,0.12388,0.07470
0.06803,0.11211,0.10925,0.23481,0.08071,0.11899,0.07820,0.19790
0.06318,0.13419,0.09312,0.07872,0.22778,0.14227,0.20576,0.05498
0.07827,0.08063,0.22850,0.04505,0.20875,0.14592,0.17282,0.04005
0.13639,0.14847,0.13732,0.08779,0.12832,0.17757,0.10604,0.07810
0.09105,0.13573,0.08341,0.09953,0.17395,0.14121,0.18377,0.09134
0.08822,0.12914,0.12454,0.06896,0.20244,0.14990,0.17099,0.06580
0.11611,0.13083,0.18287,0.11875,0.07176,0.14384,0.16310,0.07274
0.13722,0.08410,0.18506,0.09009,0.08696,0.13002,0.20919,0.07736
0.07522,0.14964,0.11525,0.13649,0.09339,0.19509,0.09098,0.14394
0.14821,0.11555,0.11630,0.10921,0.09229,0.12325,0.19968,0.09553
0.06739,0.11303,0.10413,0.21982,0.10100,0.11067,0.10876,0.17522
0.12312,0.15568,0.14917,0.07151,0.12154,0.17689,0.13843,0.06366
0.05710,0.13096,0.12156,0.19606,0.09752,0.13521,0.10623,0.15535
0.06293,0.15983,0.08429,0.22056,0.08229,0.13751,0.08283,0.16977
0.20880,0.12684,0.10731,0.06424,0.20845,0.14318,0.09136,0.04981
0.13602,0.08397,0.19374,0.06611,0.16239,0.11238,0.19713,0.04827
0.05819,0.11495,0.12958,0.16077,0.11586,0.14931,0.11664,0.15471
0.10092,0.09637,0.10419,0.09180,0.20652,0.11345,0.21288,0.07387
0.10725,0.14182,0.22535,0.05415,0.06731,0.19488,0.16453,0.04470
0.09611,0.11490,0.13311,0.13225,0.15399,0.14139,0.12774,0.10052
0.14397,0.09785,0.17546,0.07651,0.16141,0.16581,0.10561,0.07338
0.13084,0.14822,0.15621,0.05711,0.14128,0.18254,0.13371,0.05010
0.14919,0.12503,0.12573,0.09563,0.12004,0.14187,0.15331,0.08921
0.16766,0.08280,0.15974,0.06576,0.12002,0.13208,0.19818,0.07377
0.13698,0.07488,0.12520,0.07921,0.23708,0.11614,0.15949,0.07101
0.07177,0.14222,0.15144,0.07487,0.16733,0.17251,0.15059,0.06927
0.06988,0.19259,0.06429,0.16301,0.08176,0.19307,0.08201,0.15340
0.11760,0.19938,0.18150,0.08247,0.08519,0.22071,0.06371,0.04942
0.12424,0.11950,0.11925,0.08983,0.19105,0.13035,0.14747,0.07832
0.09951,0.10202,0.26411,0.03422,0.12798,0.19811,0.13184,0.04220
0.10242,0.11770,0.13991,0.14889,0.13141,0.14370,0.09325,0.12272
0.19833,0.09988,0.12282,0.06502,0.15127,0.12302,0.17639,0.06326
0.09139,0.06575,0.13319,0.12523,0.16748,0.11205,0.18092,0.12399
0.08721,0.07032,0.09095,0.12818,0.19855,0.08672,0.21620,0.12188
0.08385,0.09636,0.13792,0.19752,0.09138,0.14571,0.06974,0.17752
0.08578,0.14558,0.14467,0.14663,0.10413,0.16597,0.07774,0.12949
0.07108,0.14233,0.10716,0.21896,0.09281,0.12791,0.07177,0.16798
0.10117,0.10261,0.17650,0.12122,0.10524,0.14152,0.15054,0.10121
0.15225,0.08572,0.11639,0.10423,0.22265,0.09789,0.14200,0.07885
0.08412,0.14286,0.20432,0.13623,0.08953,0.17583,0.07518,0.09194
0.10091,0.10515,0.12271,0.16419,0.11075,0.13851,0.09507,0.16271
0.08548,0.12538,0.14095,0.08511,0.17888,0.15972,0.15736,0.06711
0.20792,0.10856,0.10662,0.08033,0.13677,0.11684,0.16968,0.07329
0.05634,0.15827,0.14303,0.16685,0.13529,0.13257,0.12808,0.07957
0.07622,0.14950,0.12447,0.14390,0.08311,0.17474,0.10799,0.14006
0.11807,0.09617,0.22306,0.09051,0.11116,0.19226,0.07706,0.09171
0.08529,0.17007,0.11910,0.16651,0.09511,0.13694,0.12880,0.09817
0.23050,0.06853,0.09089,0.05098,0.28802,0.09458,0.12351,0.05297
0.11450,0.08408,0.12500,0.07588,0.23817,0.10247,0.19665,0.06325
0.12202,0.17376,0.07587,0.20593,0.11935,0.10947,0.06736,0.12625
0.10538,0.06557,0.20198,0.07776,0.14348,0.19458,0.12288,0.08837
0.15233,0.14932,0.11732,0.12566,0.15669,0.13182,0.09423,0.07263
0.12972,0.20585,0.09079,0.07626,0.15117,0.19161,0.10534,0.04927
0.09040,0.15941,0.07984,0.12337,0.15423,0.17176,0.10698,0.11399
0.07271,0.14739,0.13641,0.10339,0.11467,0.16658,0.16853,0.09032
0.10889,0.10590,0.22976,0.06245,0.08833,0.18967,0.14785,0.06716
0.11902,0.11851,0.08356,0.09688,0.21314,0.12439,0.16100,0.08349
0.06494,0.18669,0.15021,0.14661,0.09299,0.18987,0.08480,0.08389
0.10943,0.11626,0.14594,0.10003,0.15482,0.14873,0.12401,0.10079
0.17258,0.11910,0.08692,0.08710,0.20838,0.13462,0.10063,0.09067
0.10615,0.15196,0.12058,0.16033,0.09152,0.17140,0.06565,0.13241
0.09131,0.21178,0.15299,0.07822,0.07766,0.22937,0.10151,0.05717
0.05108,0.12152,0.13866,0.14605,0.11093,0.19781,0.09447,0.13948
0.06716,0.10721,0.15365,0.15620,0.10191,0.16603,0.10366,0.14418
0.07415,0.16636,0.16416,0.10688,0.07603,0.20230,0.11362,0.09649
0.20016,0.11236,0.15320,0.05688,0.10231,0.12141,0.20357,0.05011
0.08012,0.15617,0.08187,0.21073,0.12706,0.10186,0.10567,0.13652
0.11213,0.19829,0.10226,0.22499,0.07886,0.08930,0.10154,0.09262
0.09371,0.07522,0.16083,0.07468,0.19822,0.14808,0.17033,0.07893
0.10786,0.07019,0.22185,0.05424,0.15101,0.20541,0.12743,0.06201
0.08538,0.10384,0.18631,0.10057,0.10441,0.20308,0.11152,0.10489
0.06376,0.11527,0.09966,0.11636,0.20836,0.12587,0.18650,0.08420
0.06788,0.08419,0.15181,0.06443,0.24092,0.10432,0.23866,0.04779
0.09117,0.08176,0.14528,0.15330,0.10986,0.13482,0.11893,0.16487
0.14840,0.08741,0.14210,0.11475,0.17086,0.13867,0.08037,0.11745
0.10180,0.11567,0.19061,0.11249,0.11346,0.19837,0.05845,0.10916
0.13125,0.07506,0.09345,0.20118,0.14888,0.08503,0.07781,0.18734
0.08145,0.14237,0.18131,0.10282,0.07456,0.18677,0.14005,0.09066
0.14186,0.12754,0.17357,0.09888,0.08985,0.15501,0.13372,0.07957
0.10153,0.14967,0.10932,0.10629,0.19009,0.11338,0.18199,0.04773
0.06352,0.16141,0.15004,0.14897,0.09893,0.16274,0.12808,0.08632
0.12375,0.08804,0.11240,0.12146,0.16159,0.11077,0.16611,0.11586
0.07034,0.12331,0.22863,0.05851,0.08769,0.21971,0.14960,0.06222
0.08766,0.13519,0.16848,0.12288,0.09508,0.19393,0.07008,0.12671
0.08779,0.09804,0.10398,0.21510,0.08947,0.11259,0.09969,0.19334
0.14206,0.12356,0.17242,0.07857,0.11513,0.12779,0.19196,0.04850
0.11171,0.13435,0.08776,0.13379,0.20324,0.08935,0.15671,0.08309
0.08204,0.12465,0.12951,0.15835,0.15319,0.11519,0.13826,0.09882
0.20806,0.07633,0.14763,0.06995,0.22096,0.10976,0.09136,0.07595
0.12018,0.13335,0.09898,0.11177,0.21812,0.12258,0.13027,0.06474
0.15202,0.17017,0.07694,0.12215,0.19862,0.11266,0.12204,0.04539
0.09916,0.11622,0.14818,0.07979,0.18260,0.14730,0.14813,0.07862
0.19255,0.06917,0.13128,0.09514,0.16583,0.09340,0.17240,0.08023
0.11098,0.12360,0.17908,0.08282,0.08309,0.19357,0.13391,0.09294
0.10628,0.16072,0.12213,0.09188,0.16187,0.15586,0.13717,0.06408
0.08247,0.14920,0.17999,0.08242,0.11598,0.19487,0.12110,0.07398
0.12951,0.10039,0.11565,0.14243,0.14573,0.13564,0.09525,0.13541
0.06965,0.18042,0.12559,0.10692,0.09615,0.21232,0.10259,0.10637
0.10765,0.08466,0.14951,0.09153,0.19657,0.12737,0.15895,0.08375
0.15312,0.08779,0.15686,0.07689,0.11159,0.11182,0.23362,0.06831
0.10962,0.10141,0.19241,0.13643,0.09849,0.17755,0.05206,0.13203
0.19811,0.08543,0.15866,0.06062,0.18388,0.11151,0.15543,0.04636
0.09022,0.10629,0.10667,0.10474,0.17540,0.12358,0.17752,0.11557
0.08300,0.16264,0.09007,0.14259,0.12538,0.16090,0.12021,0.11521
0.08809,0.14973,0.15781,0.07044,0.14535,0.21347,0.09664,0.07847
0.13865,0.12685,0.11439,0.14324,0.13643,0.12355,0.11374,0.10314
0.22103,0.07008,0.06096,0.10584,0.25330,0.08541,0.09410,0.10928
0.19919,0.11130,0.11750,0.05198,0.18184,0.13691,0.14930,0.05198
0.08078,0.16486,0.14302,0.08689,0.15372,0.18664,0.11775,0.06634
0.06632,0.15085,0.12338,0.10899,0.15709,0.16325,0.15509,0.07502
0.10947,0.09704,0.10573,0.11370,0.18455,0.12540,0.15310,0.11102
0.10613,0.10754,0.07749,0.21632,0.11731,0.09833,0.09505,0.18184
0.12724,0.12989,0.13743,0.05141,0.20539,0.15106,0.15262,0.04496
0.10329,0.13315,0.10484,0.14823,0.12537,0.15107,0.09566,0.13840
0.15118,0.10778,0.12727,0.06334,0.15246,0.14024,0.20140,0.05632
0.07757,0.11997,0.13472,0.07379,0.20101,0.15055,0.17699,0.06540
0.07482,0.12316,0.06804,0.17667,0.13771,0.12938,0.12218,0.16805
0.15109,0.14573,0.12904,0.11169,0.12313,0.16799,0.07206,0.09926
0.11837,0.07246,0.14616,0.07600,0.20538,0.11399,0.19936,0.06829
0.08358,0.21268,0.11979,0.10665,0.11463,0.19398,0.11163,0.05706
0.10745,0.06746,0.18533,0.06654,0.17395,0.13198,0.21006,0.05722
0.07067,0.10263,0.11449,0.15480,0.16139,0.10769,0.16535,0.12298
0.19288,0.07323,0.11192,0.09467,0.20917,0.09858,0.14654,0.07302
0.11552,0.09396,0.10038,0.18941,0.13458,0.10441,0.08838,0.17335
0.05959,0.15129,0.09960,0.12622,0.15803,0.14963,0.16611,0.08953
0.07806,0.08889,0.15831,0.08290,0.20043,0.14021,0.17491,0.07628
0.09171,0.08237,0.09345,0.08169,0.27494,0.08120,0.23751,0.05713
0.14465,0.10188,0.11316,0.12695,0.18295,0.12008,0.10813,0.10220
0.07761,0.13534,0.08722,0.09237,0.19655,0.15180,0.16799,0.09112
0.12197,0.16066,0.12384,0.05516,0.13958,0.16859,0.18410,0.04610
0.20530,0.11779,0.13955,0.06579,0.12559,0.13057,0.16283,0.05257
0.10754,0.15734,0.11884,0.09440,0.15644,0.16829,0.13529,0.06187
0.08136,0.12869,0.17082,0.05053,0.15988,0.17484,0.18695,0.04691
0.11960,0.05818,0.17198,0.06394,0.21679,0.11525,0.18899,0.06527
0.07692,0.21852,0.07880,0.16038,0.10312,0.17793,0.07865,0.10568
0.08091,0.14404,0.10339,0.25286,0.07592,0.10529,0.05954,0.17805
0.15683,0.11670,0.11659,0.10336,0.13247,0.12757,0.14933,0.09715
0.07529,0.10418,0.13569,0.15774,0.11275,0.14100,0.11374,0.15962
0.09499,0.12094,0.16260,0.09770,0.14596,0.14719,0.15092,0.07969
0.11446,0.13564,0.16068,0.08907,0.11896,0.17555,0.12566,0.07998
0.07079,0.08748,0.17444,0.04910,0.22992,0.12862,0.21658,0.04308
0.10823,0.15358,0.13210,0.05927,0.16250,0.18568,0.15027,0.04839
0.14120,0.07452,0.14577,0.13515,0.08512,0.10491,0.19410,0.11923
0.13152,0.07544,0.14506,0.16686,0.11927,0.11488,0.08209,0.16488
0.09269,0.15548,0.07206,0.07712,0.21478,0.16162,0.16277,0.06348
0.07193,0.15995,0.21449,0.04537,0.11903,0.22038,0.12327,0.04559
0.10120,0.11082,0.13035,0.16585,0.12638,0.13954,0.09423,0.13163
0.14789,0.07126,0.11859,0.16315,0.14125,0.13586,0.04983,0.17218
0.16409,0.11632,0.12505,0.10174,0.12813,0.14565,0.13006,0.08896
0.07429,0.14549,0.07076,0.09444,0.19622,0.15438,0.17370,0.09073
0.07706,0.06607,0.11532,0.06913,0.26536,0.09942,0.25154,0.05610
0.11115,0.16103,0.14467,0.06543,0.16171,0.17992,0.12199,0.05411
0.06283,0.09909,0.08710,0.22995,0.08081,0.12448,0.08849,0.22726
0.20946,0.07843,0.12562,0.08946,0.16835,0.11381,0.12855,0.08632
0.12614,0.17387,0.09363,0.15220,0.16810,0.08672,0.14630,0.05304
0.12986,0.16875,0.10012,0.10937,0.12869,0.17004,0.10164,0.09153
