0.02406,0.02710,0.02899,0.08819,0.01911,0.07217,0.02883,0.01088,0.05457,0.01742,0.33530,0.01098,0.02344,0.07518,0.08363,0.02477,0.01571,0.01939,0.02258,0.01772
0.04024,0.00751,0.04058,0.06012,0.05879,0.12799,0.05102,0.04517,0.03108,0.04906,0.09980,0.01775,0.01558,0.01922,0.25746,0.01134,0.01531,0.02629,0.01096,0.01472
0.02989,0.01958,0.04666,0.10181,0.01857,0.14112,0.01881,0.00797,0.06729,0.06899,0.22355,0.02898,0.07533,0.03748,0.01886,0.04282,0.00938,0.01453,0.00827,0.02013
0.01578,0.02642,0.11936,0.10055,0.02583,0.03459,0.03020,0.01866,0.24564,0.05916,0.13275,0.01168,0.05281,0.01724,0.02876,0.01144,0.01062,0.01326,0.03050,0.01476
0.04152,0.01471,0.02815,0.04017,0.01488,0.06422,0.03475,0.01688,0.01696,0.17366,0.03552,0.28439,0.01645,0.01586,0.07209,0.02682,0.05939,0.01401,0.01592,0.01367
0.01911,0.00946,0.02659,0.20597,0.01445,0.28320,0.01012,0.00814,0.05707,0.07254,0.01998,0.01766,0.18220,0.01100,0.01692,0.00709,0.01203,0.01043,0.00570,0.01033
0.06690,0.00944,0.02681,0.05470,0.01556,0.08939,0.02537,0.01302,0.03206,0.05171,0.08510,0.09994,0.36232,0.01387,0.01076,0.00874,0.00549,0.00815,0.00782,0.01284
0.02247,0.01625,0.08226,0.02770,0.01584,0.41824,0.02200,0.05584,0.06350,0.08047,0.01584,0.05207,0.03294,0.01444,0.02419,0.00947,0.01554,0.01091,0.00929,0.01073
0.12818,0.01502,0.04487,0.19795,0.02011,0.02082,0.02612,0.25862,0.02056,0.02850,0.02718,0.00976,0.01500,0.03780,0.04031,0.02478,0.04015,0.01573,0.01396,0.01458
0.01345,0.03941,0.03021,0.06036,0.03257,0.06843,0.05031,0.03005,0.01827,0.13382,0.09687,0.01335,0.01284,0.01880,0.32681,0.01567,0.01000,0.00750,0.01046,0.01082
0.00960,0.13934,0.01725,0.11135,0.15784,0.04067,0.04293,0.00931,0.13089,0.06643,0.03802,0.00911,0.11902,0.01198,0.03279,0.01206,0.00921,0.00745,0.01747,0.01727
0.02986,0.01498,0.03580,0.01976,0.03065,0.10689,0.07112,0.01236,0.02338,0.30780,0.05108,0.06265,0.00821,0.02884,0.13544,0.02536,0.00763,0.00923,0.01042,0.00856
0.01143,0.03620,0.01258,0.02556,0.03407,0.17687,0.03471,0.02115,0.06578,0.01192,0.10681,0.01032,0.03128,0.06464,0.24164,0.02958,0.01137,0.01047,0.04505,0.01857
0.03324,0.05676,0.01236,0.10327,0.05807,0.05929,0.12044,0.00953,0.23898,0.01291,0.06272,0.02876,0.01502,0.02167,0.09374,0.01994,0.01032,0.01114,0.01835,0.01351
0.02214,0.02780,0.04676,0.04347,0.02920,0.06829,0.02396,0.18662,0.04794,0.04042,0.14353,0.00977,0.01992,0.03652,0.09460,0.02619,0.04326,0.03048,0.03485,0.02429
0.02277,0.03102,0.05044,0.02933,0.02575,0.02957,0.01758,0.10245,0.02354,0.07375,0.35323,0.01084,0.03941,0.09192,0.01754,0.01915,0.00970,0.02002,0.01258,0.01942
0.01224,0.00850,0.01443,0.32028,0.02333,0.26166,0.01095,0.00848,0.01780,0.05254,0.13556,0.01131,0.02081,0.01966,0.02906,0.01202,0.01110,0.00817,0.00797,0.01416
0.01120,0.08010,0.01959,0.01744,0.02733,0.08702,0.04500,0.01321,0.02223,0.02653,0.09753,0.01214,0.01317,0.01794,0.45151,0.01420,0.01209,0.00955,0.00618,0.01606
0.01153,0.00860,0.02354,0.38393,0.02189,0.03034,0.03841,0.06987,0.13246,0.01865,0.09830,0.00813,0.02191,0.02740,0.03644,0.01468,0.01594,0.01638,0.00986,0.01175
0.02625,0.03601,0.02085,0.07226,0.20749,0.03557,0.04903,0.03852,0.05740,0.03056,0.21652,0.02992,0.02856,0.01576,0.02815,0.01181,0.01856,0.01902,0.03702,0.02073
0.01449,0.00513,0.01465,0.14458,0.03690,0.01782,0.03700,0.09653,0.13852,0.01361,0.30671,0.01256,0.04321,0.03864,0.01263,0.00802,0.00792,0.02254,0.00855,0.01999
0.00970,0.00727,0.01397,0.01858,0.01378,0.06183,0.01441,0.00970,0.06447,0.02930,0.13838,0.03099,0.53636,0.00813,0.01057,0.00574,0.00563,0.00885,0.00365,0.00871
0.01682,0.01585,0.04869,0.05551,0.04257,0.05517,0.04234,0.20156,0.01827,0.05983,0.17339,0.00684,0.02695,0.03835,0.07548,0.06081,0.01320,0.01280,0.02470,0.01087
0.02486,0.00954,0.05117,0.26840,0.03635,0.04190,0.02847,0.01703,0.12015,0.04760,0.02121,0.03038,0.16403,0.02579,0.02140,0.01632,0.02287,0.01384,0.01912,0.01956
0.13614,0.01401,0.14327,0.03068,0.01297,0.05641,0.01540,0.08995,0.01257,0.08367,0.05084,0.00888,0.01170,0.04380,0.22754,0.01780,0.01222,0.01215,0.01162,0.00838
0.01943,0.02570,0.02620,0.04857,0.05691,0.09461,0.05421,0.01720,0.04118,0.04257,0.26120,0.02523,0.05688,0.01997,0.07090,0.02046,0.03695,0.02146,0.02248,0.03788
0.06258,0.02746,0.02452,0.12274,0.02207,0.06166,0.01885,0.00868,0.12027,0.02029,0.12003,0.01871,0.03512,0.05823,0.03983,0.08493,0.01595,0.02271,0.03070,0.08467
0.02471,0.02138,0.02216,0.06891,0.02470,0.11735,0.01605,0.01353,0.06282,0.01458,0.02814,0.01518,0.31940,0.03494,0.05986,0.06049,0.04390,0.01178,0.01718,0.02294
0.02294,0.05792,0.02093,0.06381,0.07661,0.07173,0.04751,0.01442,0.07212,0.01506,0.06371,0.02966,0.05832,0.01434,0.06160,0.00912,0.02163,0.00921,0.22734,0.04202
0.01403,0.01053,0.03166,0.03187,0.05207,0.02834,0.02905,0.13276,0.09523,0.02620,0.11631,0.02257,0.06928,0.04570,0.01167,0.01167,0.01459,0.20048,0.01264,0.04334
0.02357,0.01593,0.01817,0.05815,0.03000,0.28231,0.04914,0.02341,0.01911,0.03131,0.05741,0.02489,0.04829,0.01506,0.06009,0.01049,0.17435,0.02593,0.01277,0.01961
0.02081,0.56076,0.01851,0.03928,0.05568,0.02512,0.02947,0.02075,0.04492,0.01163,0.02436,0.01821,0.01515,0.01593,0.02454,0.01756,0.01336,0.00881,0.02115,0.01401
0.01224,0.01580,0.02740,0.03147,0.01193,0.04452,0.02154,0.02201,0.14578,0.02058,0.27116,0.01525,0.25936,0.01824,0.01413,0.01683,0.00959,0.01495,0.01164,0.01559
0.01758,0.06504,0.03434,0.02512,0.04068,0.19690,0.04121,0.03909,0.02611,0.01985,0.04857,0.01684,0.04045,0.03414,0.22221,0.01701,0.01273,0.04249,0.03660,0.02306
0.01910,0.00705,0.08340,0.04687,0.03418,0.13266,0.06326,0.03347,0.15617,0.09434,0.05128,0.05550,0.05053,0.01632,0.05128,0.01097,0.02272,0.03175,0.01975,0.01940
0.11862,0.02401,0.11211,0.01756,0.02023,0.03055,0.01338,0.10937,0.03352,0.03382,0.02140,0.03702,0.27864,0.01902,0.01693,0.01353,0.04854,0.02499,0.00914,0.01760
0.07254,0.00479,0.02594,0.02925,0.01583,0.05270,0.03120,0.02618,0.02715,0.01712,0.32297,0.18138,0.00957,0.01602,0.11431,0.00826,0.01670,0.01093,0.00895,0.00822
0.02536,0.01804,0.01662,0.06454,0.02236,0.04702,0.02258,0.03183,0.10252,0.02153,0.31892,0.02685,0.16701,0.02331,0.01887,0.01114,0.01403,0.02291,0.01117,0.01339
0.02648,0.02410,0.02918,0.10800,0.05264,0.14358,0.02763,0.04237,0.01577,0.05392,0.12399,0.01051,0.01675,0.02419,0.23095,0.00906,0.00991,0.02237,0.01509,0.01351
0.05828,0.02544,0.01598,0.04438,0.05673,0.03694,0.16777,0.00660,0.01995,0.02961,0.24034,0.07796,0.02102,0.02326,0.03363,0.06003,0.03850,0.00781,0.02065,0.01511
0.03368,0.03497,0.02650,0.01781,0.09821,0.26554,0.03260,0.00681,0.01304,0.01897,0.03290,0.02111,0.04442,0.03167,0.11764,0.01785,0.02600,0.00988,0.01664,0.13377
0.13693,0.00554,0.04584,0.01640,0.01218,0.03577,0.01367,0.05676,0.01142,0.02372,0.07810,0.01060,0.00585,0.01375,0.48823,0.00783,0.01086,0.01221,0.00705,0.00729
0.05775,0.05548,0.02550,0.01719,0.05575,0.04615,0.10774,0.01437,0.02824,0.02432,0.21540,0.17760,0.02521,0.02536,0.02334,0.01154,0.01246,0.04171,0.01100,0.02388
0.04556,0.01579,0.06834,0.06165,0.03565,0.06824,0.03317,0.00817,0.01325,0.23059,0.16244,0.01123,0.02107,0.01285,0.12709,0.01276,0.03354,0.00943,0.01891,0.01027
0.05104,0.02902,0.01865,0.11309,0.08479,0.09528,0.10845,0.01407,0.03309,0.09270,0.05924,0.06323,0.03642,0.02005,0.06817,0.01351,0.04004,0.01238,0.02831,0.01846
0.01429,0.01853,0.02107,0.09591,0.32802,0.02714,0.02959,0.02318,0.09589,0.01065,0.02966,0.00943,0.01988,0.03332,0.07425,0.02007,0.02226,0.01016,0.07205,0.04463
0.01115,0.01094,0.04231,0.01520,0.01632,0.24703,0.01434,0.00660,0.03044,0.01610,0.05435,0.00810,0.44356,0.01378,0.01161,0.01757,0.00700,0.00633,0.00530,0.02193
0.01402,0.00834,0.08257,0.03618,0.01198,0.16369,0.02290,0.01136,0.12402,0.12436,0.02879,0.03435,0.24000,0.01834,0.02842,0.01282,0.01344,0.00952,0.00792,0.00700
0.02403,0.32594,0.04566,0.03326,0.09388,0.09034,0.03923,0.02900,0.01995,0.02692,0.04794,0.01177,0.01325,0.01487,0.10714,0.01318,0.01380,0.01483,0.01507,0.01995
0.03305,0.09649,0.02908,0.10285,0.02055,0.02442,0.01909,0.40176,0.03262,0.02656,0.02975,0.01155,0.02364,0.02029,0.01933,0.02818,0.01967,0.01001,0.02771,0.02341
0.01691,0.04106,0.02752,0.04652,0.01674,0.16572,0.04478,0.01683,0.07823,0.04955,0.19493,0.01879,0.03097,0.03860,0.08162,0.01957,0.02513,0.03296,0.04090,0.01267
0.07733,0.03016,0.04406,0.09562,0.02784,0.07424,0.06455,0.01676,0.07805,0.02421,0.12588,0.02922,0.02097,0.10789,0.05253,0.03647,0.01867,0.02513,0.01620,0.03422
0.01228,0.01143,0.02634,0.03317,0.01859,0.14275,0.03040,0.09117,0.06035,0.01987,0.12265,0.00835,0.01485,0.02909,0.31057,0.01539,0.00844,0.02108,0.01095,0.01226
0.02294,0.04264,0.03249,0.13791,0.04054,0.04307,0.02822,0.00516,0.01524,0.18801,0.08436,0.01166,0.02458,0.01297,0.17845,0.01626,0.05218,0.01088,0.02139,0.03105
0.02271,0.06230,0.01318,0.01767,0.05314,0.11424,0.03959,0.01202,0.03169,0.01199,0.25133,0.03972,0.06328,0.02574,0.14203,0.01331,0.02601,0.01271,0.01946,0.02789
0.03611,0.01817,0.01402,0.03537,0.02679,0.09524,0.05165,0.01034,0.03609,0.02067,0.26375,0.02192,0.01738,0.01330,0.23077,0.01540,0.03073,0.02198,0.01064,0.02968
0.01729,0.01563,0.02664,0.01828,0.34639,0.02724,0.01780,0.01041,0.02473,0.00981,0.03840,0.00691,0.01854,0.09712,0.04676,0.02293,0.02603,0.01539,0.03636,0.17734
0.01081,0.01656,0.02098,0.03910,0.03161,0.11779,0.03139,0.02093,0.03092,0.03122,0.43169,0.01255,0.04657,0.01642,0.03238,0.01573,0.01852,0.02580,0.02063,0.02839
0.05526,0.02171,0.04860,0.03276,0.02109,0.22684,0.03642,0.05430,0.05469,0.02683,0.06241,0.01414,0.01937,0.02320,0.14956,0.01756,0.03758,0.05627,0.01805,0.02338
0.02920,0.26812,0.03821,0.02404,0.11646,0.13148,0.02980,0.05228,0.02925,0.01720,0.04724,0.04403,0.03760,0.01567,0.04565,0.00971,0.00694,0.02232,0.01564,0.01916
0.01148,0.01297,0.01361,0.25082,0.01784,0.08739,0.01389,0.00912,0.04218,0.03393,0.30540,0.00956,0.07130,0.03097,0.03130,0.01000,0.00767,0.01357,0.00948,0.01752
0.01534,0.01831,0.01700,0.11906,0.02928,0.22456,0.01841,0.02100,0.16048,0.01289,0.01705,0.01055,0.12415,0.01986,0.09911,0.02785,0.01964,0.00812,0.01505,0.02229
0.01213,0.05446,0.06095,0.01512,0.03862,0.16819,0.04165,0.03920,0.02325,0.02843,0.23070,0.00768,0.00930,0.08387,0.10957,0.03700,0.00762,0.00872,0.01148,0.01206
0.02750,0.03509,0.02315,0.05658,0.05184,0.14280,0.09071,0.01209,0.09083,0.04311,0.09110,0.07844,0.06909,0.01591,0.05291,0.01511,0.02915,0.02373,0.03051,0.02035
0.02992,0.02404,0.02664,0.15704,0.02451,0.04078,0.02870,0.03123,0.10033,0.01863,0.14847,0.02135,0.04264,0.03361,0.05264,0.03038,0.02736,0.01774,0.10917,0.03482
0.02278,0.02586,0.01911,0.06855,0.02778,0.04401,0.02457,0.01916,0.03286,0.05395,0.43907,0.01236,0.03316,0.03254,0.03771,0.02136,0.01731,0.02495,0.02342,0.01949
0.06940,0.02188,0.02399,0.04636,0.02269,0.20791,0.03352,0.04107,0.06815,0.01812,0.14298,0.03930,0.03593,0.04791,0.07237,0.04898,0.01557,0.01297,0.00943,0.02145
0.14750,0.06938,0.07351,0.01540,0.01503,0.10278,0.02670,0.00907,0.05830,0.00865,0.08200,0.01882,0.24860,0.00806,0.04077,0.02000,0.01735,0.01177,0.00949,0.01680
0.04439,0.02312,0.02936,0.09126,0.05721,0.13156,0.06008,0.01678,0.02978,0.02372,0.25130,0.03935,0.03025,0.00982,0.08163,0.00752,0.02508,0.01478,0.01970,0.01331
0.05027,0.01384,0.21063,0.02678,0.02601,0.04345,0.05806,0.03804,0.04458,0.02379,0.12492,0.06869,0.15022,0.00973,0.03319,0.01087,0.01875,0.01657,0.02146,0.01017
0.01054,0.00670,0.01575,0.17636,0.03194,0.09766,0.01704,0.17354,0.15729,0.02194,0.01488,0.00673,0.01354,0.02412,0.18863,0.00965,0.00593,0.01086,0.00835,0.00854
0.02456,0.01533,0.02172,0.01041,0.02162,0.26609,0.32444,0.01198,0.01620,0.01196,0.04237,0.02761,0.00820,0.00956,0.13615,0.01362,0.00951,0.00789,0.00649,0.01430
0.07215,0.05876,0.02082,0.03199,0.04154,0.09050,0.02535,0.01942,0.05931,0.01328,0.20252,0.15685,0.03169,0.01817,0.02598,0.01592,0.01159,0.01469,0.03311,0.05635
0.03360,0.04094,0.03832,0.07011,0.04500,0.04617,0.03509,0.03639,0.07334,0.04525,0.04812,0.01558,0.01465,0.01835,0.27422,0.09733,0.01683,0.01366,0.01107,0.02601
0.02158,0.01121,0.01987,0.05183,0.02524,0.04274,0.04175,0.00856,0.03451,0.01710,0.20013,0.00934,0.02488,0.03402,0.27434,0.06500,0.03105,0.01004,0.05044,0.02636
0.17055,0.00624,0.06844,0.01717,0.01842,0.03904,0.03597,0.01717,0.01088,0.01258,0.33632,0.00651,0.00839,0.03001,0.18053,0.01092,0.00724,0.00645,0.00868,0.00849
0.02063,0.03440,0.02912,0.02196,0.03803,0.08736,0.22605,0.01262,0.03320,0.01314,0.19979,0.01070,0.02853,0.01446,0.15069,0.02176,0.00843,0.01006,0.01842,0.02065
0.02997,0.02402,0.02318,0.07536,0.02842,0.12495,0.04517,0.02476,0.08053,0.01813,0.14573,0.01856,0.15361,0.02196,0.07241,0.02528,0.01980,0.01674,0.02278,0.02862
0.01197,0.00675,0.02224,0.02073,0.00901,0.12593,0.01706,0.02208,0.05021,0.01403,0.33173,0.01392,0.26687,0.01370,0.02074,0.00999,0.01257,0.01328,0.00719,0.01002
0.01838,0.01805,0.03368,0.05737,0.03664,0.09686,0.06509,0.02100,0.13362,0.03902,0.29298,0.02015,0.03485,0.01859,0.04151,0.02049,0.01223,0.01716,0.01019,0.01212
0.09570,0.04197,0.32229,0.05885,0.01849,0.05421,0.02062,0.04197,0.05967,0.01873,0.02893,0.01305,0.02005,0.01581,0.10129,0.01493,0.01470,0.02537,0.02279,0.01059
0.01802,0.02476,0.01893,0.12497,0.02440,0.07529,0.02107,0.01770,0.10251,0.01768,0.05212,0.00947,0.02358,0.23647,0.08296,0.04153,0.02855,0.02496,0.01858,0.03646
0.01686,0.01917,0.02708,0.02873,0.02016,0.04326,0.02187,0.01885,0.04061,0.01883,0.26369,0.08169,0.30966,0.01288,0.01307,0.00867,0.01408,0.01386,0.00926,0.01773
0.04132,0.01510,0.03024,0.08899,0.04220,0.03873,0.47303,0.02158,0.02588,0.02574,0.01631,0.07089,0.01865,0.01032,0.02774,0.00872,0.01428,0.00670,0.01315,0.01042
0.02018,0.10443,0.01838,0.22569,0.02554,0.04207,0.01952,0.00795,0.03476,0.02516,0.05555,0.01405,0.33164,0.00907,0.01459,0.01103,0.01000,0.00890,0.00853,0.01296
0.01628,0.02808,0.02215,0.01997,0.02245,0.13573,0.01844,0.00921,0.02103,0.01605,0.25377,0.00552,0.03875,0.11100,0.13438,0.03475,0.03309,0.01481,0.02522,0.03935
0.01419,0.00794,0.01684,0.08490,0.22928,0.03733,0.02342,0.03098,0.01704,0.02945,0.02871,0.00750,0.00929,0.01743,0.38090,0.00926,0.01655,0.01233,0.01119,0.01549
0.03421,0.03735,0.02184,0.05115,0.02660,0.04536,0.04247,0.01381,0.07994,0.04944,0.12549,0.05889,0.14919,0.01081,0.03855,0.02409,0.09728,0.04339,0.02272,0.02742
0.30616,0.00446,0.57756,0.00686,0.01072,0.00967,0.00696,0.00742,0.00579,0.00721,0.01270,0.00346,0.00508,0.00739,0.01084,0.00359,0.00403,0.00296,0.00336,0.00379
0.03077,0.00959,0.03123,0.27314,0.02095,0.07498,0.02021,0.08329,0.06173,0.04561,0.02547,0.02665,0.18827,0.01180,0.02007,0.01308,0.01599,0.01773,0.01151,0.01792
0.03217,0.05350,0.04077,0.03769,0.02870,0.04387,0.07099,0.02517,0.02443,0.04267,0.14432,0.01105,0.01312,0.11784,0.13368,0.05498,0.07313,0.01916,0.01484,0.01793
0.01852,0.02061,0.01761,0.08981,0.02612,0.04313,0.03482,0.02176,0.04752,0.02439,0.49315,0.01149,0.01862,0.00865,0.06394,0.00709,0.01293,0.01719,0.00914,0.01350
0.02857,0.08226,0.03260,0.03655,0.07300,0.04029,0.04307,0.02533,0.03494,0.01421,0.29246,0.00887,0.03058,0.01674,0.05764,0.01933,0.02950,0.02374,0.01984,0.09049
0.01678,0.01819,0.02983,0.16730,0.14602,0.10652,0.03430,0.03616,0.01899,0.04928,0.10268,0.00984,0.01756,0.03399,0.11023,0.01644,0.02870,0.01608,0.02550,0.01560
0.01831,0.00611,0.02013,0.04908,0.07207,0.04299,0.06935,0.01926,0.01907,0.08823,0.31724,0.01435,0.01201,0.03343,0.16097,0.01670,0.01043,0.00712,0.01259,0.01056
0.02374,0.00858,0.15168,0.12431,0.04621,0.01633,0.02199,0.10618,0.12734,0.05956,0.01035,0.01396,0.03612,0.02075,0.01653,0.03188,0.05845,0.05176,0.03471,0.03956
0.04279,0.01713,0.03343,0.04237,0.03518,0.03006,0.03143,0.00852,0.08007,0.01480,0.23877,0.01673,0.19906,0.01385,0.08144,0.01364,0.02198,0.01863,0.03030,0.02982
0.13068,0.02003,0.01968,0.01996,0.02572,0.04641,0.02693,0.00578,0.01218,0.01629,0.07751,0.35534,0.14007,0.00894,0.02030,0.01641,0.01841,0.00720,0.00837,0.02378
0.02538,0.01449,0.03404,0.01449,0.02338,0.03569,0.03546,0.00982,0.01391,0.01517,0.25151,0.01073,0.19177,0.02680,0.03478,0.09549,0.03708,0.01944,0.05589,0.05467
0.01169,0.01084,0.03603,0.09903,0.06750,0.05241,0.02506,0.03810,0.03577,0.06467,0.08427,0.00731,0.14771,0.09678,0.03636,0.03835,0.01739,0.02553,0.04814,0.05705
