0.03898,0.01000,0.05151,0.01932,0.03879,0.04985,0.04421,0.09506,0.02939,0.02278,0.41630,0.01213,0.04102,0.02504,0.02410,0.01455,0.02854,0.01372,0.00544,0.01926
0.02526,0.01803,0.02335,0.19149,0.03540,0.06608,0.06255,0.02205,0.13803,0.06001,0.13803,0.01860,0.04828,0.03113,0.02201,0.02317,0.00786,0.01446,0.01005,0.04416
0.19156,0.02470,0.01941,0.01839,0.04335,0.14155,0.01940,0.00842,0.02380,0.01397,0.13770,0.16610,0.09147,0.01945,0.01914,0.02126,0.00608,0.01073,0.00444,0.01906
0.04117,0.01743,0.04943,0.15301,0.01843,0.13524,0.03683,0.06592,0.02738,0.13079,0.05425,0.01091,0.02581,0.02187,0.14335,0.01513,0.01290,0.01767,0.01219,0.01027
0.08754,0.01820,0.07478,0.05548,0.05523,0.02151,0.07788,0.19177,0.03747,0.03409,0.09545,0.04849,0.02833,0.01828,0.01652,0.02765,0.04035,0.04314,0.01689,0.01094
0.02886,0.01395,0.04166,0.05506,0.13256,0.12337,0.11990,0.00916,0.06578,0.03271,0.10372,0.03387,0.03707,0.02816,0.07627,0.01877,0.01120,0.01874,0.01598,0.03322
0.04330,0.01557,0.05172,0.20724,0.04170,0.04734,0.04083,0.02868,0.22428,0.03571,0.09431,0.01678,0.03038,0.01120,0.03473,0.01319,0.01518,0.00930,0.01053,0.02803
0.15502,0.01010,0.02786,0.04766,0.06605,0.08004,0.04804,0.06158,0.06665,0.02839,0.05283,0.12646,0.02716,0.01331,0.03446,0.01315,0.03920,0.01643,0.01649,0.06910
0.01582,0.00871,0.03607,0.02655,0.02662,0.18937,0.02132,0.02713,0.08768,0.02592,0.16308,0.09771,0.01504,0.01415,0.19939,0.01102,0.00970,0.00741,0.00817,0.00915
0.01851,0.02835,0.01661,0.22225,0.03982,0.05880,0.01951,0.03527,0.05043,0.16363,0.15595,0.03562,0.01481,0.01627,0.04927,0.01107,0.01669,0.01331,0.00588,0.02795
0.03348,0.02400,0.16200,0.01922,0.03262,0.05967,0.03645,0.22537,0.02969,0.16753,0.05442,0.02095,0.03300,0.01369,0.02031,0.00881,0.01724,0.01421,0.01096,0.01637
0.01366,0.13653,0.02318,0.03905,0.05595,0.12482,0.03847,0.01835,0.11535,0.02707,0.04678,0.11880,0.03327,0.01356,0.11035,0.02317,0.01992,0.00822,0.01238,0.02111
0.03248,0.05529,0.02135,0.04801,0.05737,0.17089,0.01863,0.01640,0.06626,0.03706,0.04446,0.04400,0.03784,0.04383,0.15283,0.03816,0.01704,0.02426,0.00961,0.06423
0.02242,0.01641,0.03144,0.10576,0.06736,0.01832,0.07942,0.02712,0.12777,0.01870,0.04701,0.01419,0.06153,0.06443,0.03180,0.13288,0.03073,0.02403,0.05538,0.02333
0.15629,0.01092,0.04588,0.08460,0.02159,0.01782,0.04178,0.04197,0.05400,0.03850,0.05059,0.11507,0.02024,0.02871,0.09520,0.04674,0.05427,0.01766,0.04454,0.01361
0.02853,0.00967,0.03165,0.05661,0.02774,0.03801,0.03784,0.16690,0.06665,0.05915,0.15897,0.02811,0.01923,0.13381,0.03478,0.03151,0.01547,0.02840,0.01563,0.01136
0.11121,0.01390,0.09288,0.11820,0.03691,0.06288,0.04404,0.01160,0.03081,0.09901,0.14245,0.01693,0.03207,0.05417,0.06848,0.01045,0.01634,0.01302,0.01731,0.00734
0.02689,0.01874,0.03382,0.08803,0.01950,0.19118,0.02647,0.03172,0.03430,0.04339,0.11987,0.01423,0.01857,0.01443,0.23594,0.02374,0.02239,0.01067,0.01504,0.01108
0.01295,0.01971,0.02242,0.03744,0.06815,0.07490,0.04062,0.01123,0.03331,0.01515,0.31504,0.01132,0.09994,0.03153,0.03678,0.03725,0.03052,0.02242,0.02305,0.05627
0.03871,0.05724,0.01199,0.18459,0.08124,0.07120,0.06302,0.01903,0.17949,0.01905,0.04546,0.03105,0.03152,0.02968,0.04129,0.01979,0.01586,0.02030,0.01868,0.02079
0.03449,0.01985,0.02493,0.07302,0.11106,0.13591,0.07522,0.03410,0.07066,0.01785,0.07410,0.01300,0.03845,0.02524,0.16879,0.00640,0.01109,0.02374,0.01220,0.02990
0.04831,0.02317,0.04111,0.03525,0.07161,0.28727,0.01469,0.03135,0.02525,0.01112,0.01679,0.00853,0.18719,0.01873,0.11254,0.00626,0.01471,0.01519,0.00942,0.02150
0.21982,0.01089,0.01104,0.03607,0.03117,0.02842,0.02669,0.02013,0.01486,0.02444,0.29844,0.19183,0.01510,0.01235,0.01594,0.00958,0.01027,0.00637,0.00758,0.00903
0.31284,0.00947,0.34380,0.01719,0.01203,0.01317,0.03241,0.01246,0.03850,0.02863,0.03615,0.03459,0.02108,0.02585,0.01005,0.00933,0.00987,0.01103,0.00920,0.01233
0.02250,0.03779,0.02316,0.06676,0.04771,0.01350,0.03816,0.02369,0.07934,0.01760,0.46063,0.01298,0.02773,0.03326,0.01605,0.02200,0.01126,0.01006,0.01480,0.02102
0.06229,0.05706,0.06589,0.12094,0.05042,0.03900,0.04461,0.03579,0.04838,0.06734,0.08444,0.01617,0.04646,0.02115,0.08218,0.02948,0.03698,0.01290,0.06016,0.01838
0.06563,0.06482,0.04118,0.02201,0.15607,0.05086,0.01958,0.03260,0.04953,0.01653,0.09946,0.02590,0.10729,0.08080,0.03968,0.01253,0.01379,0.02491,0.01584,0.06098
0.01483,0.01392,0.02153,0.22618,0.03931,0.01119,0.04973,0.05099,0.13070,0.08403,0.21758,0.00913,0.01656,0.02438,0.02490,0.01377,0.00787,0.01300,0.01542,0.01499
0.04051,0.01396,0.04232,0.04929,0.07372,0.12463,0.09608,0.03721,0.04364,0.03861,0.14125,0.04288,0.02331,0.01515,0.15031,0.01030,0.01578,0.01953,0.01087,0.01066
0.03822,0.04428,0.04117,0.11355,0.03440,0.10170,0.05337,0.03675,0.08409,0.05587,0.04910,0.02726,0.03565,0.02128,0.12243,0.01532,0.05261,0.02448,0.02908,0.01938
0.03136,0.33741,0.03651,0.03810,0.02024,0.13557,0.02814,0.04023,0.01249,0.03807,0.03855,0.01047,0.00828,0.01657,0.15179,0.01899,0.00743,0.01184,0.00607,0.01190
0.02686,0.05109,0.06896,0.11710,0.02732,0.05092,0.05700,0.02390,0.10965,0.05317,0.12410,0.03327,0.03024,0.02574,0.05906,0.02696,0.02888,0.02647,0.03568,0.02362
0.03313,0.01599,0.02256,0.01531,0.03460,0.09543,0.03870,0.02019,0.01294,0.01431,0.45641,0.02007,0.02022,0.02582,0.12273,0.01208,0.01339,0.00788,0.00927,0.00897
0.15496,0.01015,0.15459,0.04776,0.01060,0.20036,0.02144,0.01473,0.04003,0.04081,0.04250,0.01903,0.10700,0.02156,0.06696,0.01045,0.01018,0.00935,0.00855,0.00898
0.03550,0.31436,0.01323,0.06684,0.03061,0.07044,0.02135,0.01746,0.07483,0.00913,0.11542,0.03665,0.05379,0.02601,0.03001,0.01619,0.01219,0.02509,0.01235,0.01857
0.02053,0.01305,0.06172,0.04406,0.04084,0.29191,0.02043,0.01141,0.02276,0.04577,0.02015,0.01448,0.17353,0.02344,0.08990,0.05035,0.01962,0.00587,0.01818,0.01199
0.02066,0.01561,0.02341,0.08935,0.01975,0.03014,0.01688,0.01280,0.05027,0.07052,0.40831,0.01649,0.01949,0.11470,0.01268,0.01533,0.00616,0.00766,0.03806,0.01175
0.01937,0.02864,0.04311,0.01697,0.01431,0.14050,0.08827,0.02965,0.06598,0.02556,0.20312,0.06238,0.02830,0.01994,0.12966,0.02189,0.02561,0.00845,0.01426,0.01402
0.03510,0.01230,0.06802,0.01792,0.05212,0.16951,0.04148,0.01458,0.04354,0.02568,0.24218,0.02062,0.10534,0.01660,0.03896,0.03387,0.01440,0.01253,0.01399,0.02125
0.02683,0.00759,0.03561,0.07576,0.06981,0.04152,0.04775,0.02859,0.06779,0.03166,0.34838,0.01754,0.03861,0.03092,0.04767,0.00614,0.02161,0.02073,0.01236,0.02312
0.08384,0.03521,0.03675,0.04750,0.03066,0.17361,0.02076,0.01860,0.05668,0.04815,0.06201,0.08565,0.12749,0.03490,0.04133,0.02388,0.02458,0.01526,0.01647,0.01666
0.16168,0.01898,0.04765,0.05353,0.02268,0.09305,0.03436,0.02897,0.05884,0.02158,0.14957,0.14396,0.05477,0.01201,0.02196,0.01524,0.01251,0.02291,0.01368,0.01207
0.01315,0.01694,0.01023,0.02646,0.05880,0.13439,0.08487,0.02794,0.01979,0.01349,0.30589,0.00875,0.02616,0.02453,0.12144,0.03227,0.01529,0.01584,0.02072,0.02306
0.10225,0.07541,0.02903,0.06639,0.03234,0.07596,0.04933,0.02021,0.07141,0.03396,0.13926,0.06303,0.02418,0.02138,0.09860,0.02613,0.02556,0.01223,0.01082,0.02254
0.05983,0.01182,0.04069,0.09691,0.03739,0.06493,0.02041,0.02473,0.02686,0.05184,0.21667,0.00977,0.08157,0.06053,0.03710,0.03608,0.05440,0.03449,0.01369,0.02029
0.03364,0.03412,0.08795,0.03903,0.05009,0.14177,0.04806,0.03194,0.07106,0.09895,0.11894,0.04520,0.05581,0.01786,0.06857,0.00941,0.01388,0.00732,0.00894,0.01748
0.06831,0.02630,0.04812,0.10647,0.01602,0.15404,0.02245,0.01178,0.08308,0.02574,0.14236,0.03922,0.13736,0.01377,0.02406,0.00952,0.02140,0.01440,0.01896,0.01667
0.04281,0.01585,0.04712,0.18370,0.02840,0.10267,0.02728,0.01432,0.07854,0.12049,0.08037,0.06687,0.06337,0.01451,0.04691,0.01404,0.00979,0.01164,0.01046,0.02084
0.03085,0.01692,0.03087,0.06331,0.03558,0.25171,0.02223,0.01121,0.02093,0.05535,0.03104,0.02566,0.22115,0.01458,0.04265,0.01253,0.07564,0.00890,0.02073,0.00817
0.02198,0.02536,0.02385,0.09967,0.11259,0.08215,0.02234,0.05067,0.12145,0.02828,0.02657,0.05548,0.07200,0.03208,0.07260,0.01909,0.02692,0.01568,0.02668,0.06456
0.04768,0.03294,0.04674,0.10797,0.09661,0.07173,0.10728,0.02331,0.09224,0.03123,0.08395,0.02885,0.05695,0.01470,0.04173,0.02741,0.02791,0.01985,0.01812,0.02282
0.03747,0.01804,0.02119,0.03369,0.07439,0.07645,0.04903,0.01471,0.04872,0.02032,0.20626,0.03131,0.06775,0.01522,0.07389,0.02560,0.07311,0.03437,0.01448,0.06401
0.02806,0.02089,0.02388,0.06282,0.04932,0.20676,0.03496,0.01311,0.02793,0.03754,0.10519,0.01263,0.03289,0.01661,0.25142,0.01504,0.01204,0.01133,0.01125,0.02632
0.02985,0.01736,0.02088,0.05605,0.06679,0.07636,0.02600,0.07441,0.04029,0.02797,0.18285,0.01602,0.03356,0.08289,0.08041,0.04586,0.02149,0.04467,0.01493,0.04136
0.03186,0.01866,0.01858,0.02385,0.02817,0.13914,0.02532,0.10392,0.02400,0.01881,0.02086,0.02833,0.05452,0.02181,0.23636,0.02759,0.09793,0.01540,0.05678,0.00811
0.05546,0.01752,0.10046,0.13741,0.08729,0.05712,0.08378,0.02490,0.13660,0.05466,0.04680,0.03871,0.02122,0.01236,0.03326,0.01975,0.03120,0.01226,0.01391,0.01531
0.05487,0.02337,0.02392,0.05300,0.02022,0.05353,0.02974,0.01767,0.03879,0.01572,0.43544,0.04515,0.02904,0.02970,0.04272,0.02390,0.02726,0.01315,0.00536,0.01746
0.06366,0.02110,0.10092,0.11133,0.04249,0.02481,0.04778,0.03677,0.03432,0.09916,0.03130,0.03202,0.01952,0.10047,0.02529,0.10839,0.01650,0.02265,0.02624,0.03528
0.02982,0.01584,0.03178,0.06416,0.16830,0.03066,0.03250,0.01844,0.01631,0.06019,0.08090,0.01007,0.12743,0.04162,0.06273,0.02950,0.03653,0.01961,0.03773,0.08586
0.19508,0.00795,0.18331,0.03629,0.07587,0.04141,0.03354,0.04886,0.04354,0.03274,0.04732,0.01542,0.03028,0.08689,0.03293,0.02376,0.01209,0.01408,0.02018,0.01846
0.07792,0.02537,0.10131,0.03910,0.02948,0.24084,0.03182,0.04235,0.03754,0.01523,0.07840,0.01294,0.17921,0.01180,0.01771,0.01729,0.01054,0.01145,0.01079,0.00891
0.02941,0.01930,0.02045,0.27711,0.03139,0.03684,0.03342,0.01096,0.02090,0.22446,0.09865,0.01892,0.03881,0.03250,0.02010,0.01575,0.02092,0.00883,0.01393,0.02735
0.10702,0.02736,0.09672,0.01616,0.02424,0.02752,0.08405,0.18738,0.03034,0.01472,0.12235,0.02784,0.01506,0.02477,0.03977,0.02617,0.07559,0.01629,0.01443,0.02220
0.01266,0.01648,0.03115,0.19819,0.08763,0.05902,0.06056,0.03894,0.04100,0.15637,0.08798,0.01893,0.02856,0.04082,0.04680,0.00853,0.00862,0.01460,0.01866,0.02452
0.03858,0.02945,0.02709,0.03584,0.03072,0.07442,0.04973,0.23546,0.10550,0.02761,0.09454,0.06549,0.02377,0.01533,0.04028,0.01125,0.03446,0.02198,0.01356,0.02495
0.02281,0.02138,0.02425,0.09309,0.01995,0.05512,0.02812,0.02008,0.11557,0.04222,0.20593,0.06220,0.03086,0.07985,0.02376,0.07766,0.01024,0.01528,0.02135,0.03028
0.03023,0.04966,0.02139,0.11674,0.06872,0.05360,0.02580,0.03879,0.08981,0.04185,0.06979,0.01945,0.05322,0.05943,0.04362,0.04147,0.01485,0.03077,0.02180,0.10900
0.10661,0.05404,0.05324,0.12178,0.02696,0.10082,0.04430,0.01761,0.05640,0.08450,0.02820,0.08943,0.04981,0.02350,0.05754,0.01697,0.02069,0.01300,0.01252,0.02209
0.11418,0.03590,0.03552,0.05313,0.03847,0.02941,0.02529,0.03434,0.07090,0.04220,0.10421,0.13071,0.03416,0.01723,0.07878,0.02842,0.04461,0.02406,0.03705,0.02142
0.06276,0.03786,0.04540,0.03398,0.05870,0.04778,0.02980,0.02173,0.01781,0.05508,0.33024,0.07568,0.02082,0.02898,0.04052,0.01369,0.03522,0.01446,0.01353,0.01595
0.02033,0.01930,0.03879,0.05149,0.03577,0.09214,0.02309,0.01327,0.04048,0.03309,0.35189,0.01686,0.08415,0.05421,0.01391,0.02833,0.01060,0.01592,0.02241,0.03399
0.01691,0.03443,0.04633,0.08430,0.01734,0.13785,0.02892,0.02238,0.13963,0.07513,0.12177,0.07049,0.05625,0.03461,0.03278,0.02593,0.01387,0.01315,0.01217,0.01575
0.02395,0.02649,0.02420,0.12616,0.04191,0.12697,0.02434,0.05399,0.15347,0.04100,0.03149,0.06852,0.04222,0.06976,0.08570,0.01136,0.01796,0.00761,0.00962,0.01328
0.02825,0.02545,0.03302,0.04604,0.02866,0.18287,0.02018,0.24679,0.04911,0.02847,0.06591,0.02461,0.09911,0.00830,0.06298,0.00736,0.01256,0.01308,0.00627,0.01099
0.06208,0.02426,0.04982,0.05529,0.01725,0.16903,0.02244,0.04293,0.10209,0.03749,0.06290,0.05650,0.07109,0.03731,0.07233,0.02411,0.01322,0.02039,0.02716,0.03233
0.02364,0.01000,0.02427,0.06107,0.02822,0.07263,0.03539,0.05778,0.04217,0.05392,0.22833,0.02194,0.02621,0.15446,0.05032,0.01460,0.01554,0.04792,0.01795,0.01363
0.02134,0.63632,0.02723,0.02442,0.01323,0.04113,0.02805,0.01369,0.02948,0.01777,0.03089,0.01323,0.01686,0.00855,0.03364,0.00783,0.01117,0.00778,0.00564,0.01175
0.06252,0.02243,0.03693,0.04620,0.02393,0.17495,0.03115,0.04954,0.03975,0.02490,0.10908,0.02238,0.11114,0.03125,0.10748,0.02967,0.02517,0.01911,0.01561,0.01680
0.03332,0.01944,0.02734,0.13846,0.07759,0.03908,0.02707,0.01938,0.12948,0.01868,0.24888,0.01249,0.07123,0.02090,0.02342,0.01152,0.01730,0.02731,0.01404,0.02307
0.06771,0.00893,0.08608,0.09921,0.05124,0.05677,0.02551,0.22933,0.11923,0.01883,0.02449,0.01402,0.02747,0.03187,0.03787,0.03294,0.02221,0.01150,0.01034,0.02446
0.01834,0.00981,0.01912,0.07362,0.04279,0.25882,0.01701,0.01331,0.05203,0.02785,0.06880,0.02025,0.02591,0.02791,0.26307,0.01116,0.01797,0.01003,0.00379,0.01841
0.05475,0.01605,0.07546,0.02285,0.01689,0.28846,0.02838,0.01849,0.01352,0.03252,0.04807,0.00532,0.00612,0.00746,0.32851,0.01003,0.01083,0.00517,0.00516,0.00596
0.11909,0.01169,0.02018,0.02262,0.01990,0.10123,0.02216,0.01763,0.01991,0.01736,0.07786,0.09891,0.01011,0.14404,0.09916,0.15663,0.00796,0.01508,0.00634,0.01215
0.01966,0.08035,0.03891,0.07094,0.05099,0.06288,0.04597,0.05267,0.08270,0.02749,0.12875,0.01265,0.04028,0.03078,0.12876,0.01620,0.02827,0.02007,0.04829,0.01340
0.02954,0.01411,0.10334,0.07435,0.03257,0.20222,0.02529,0.03526,0.05739,0.10078,0.04565,0.02064,0.08600,0.03079,0.07602,0.01064,0.01547,0.01479,0.01050,0.01466
0.01993,0.01187,0.03687,0.15368,0.02428,0.18139,0.01867,0.02709,0.02641,0.14126,0.03649,0.02473,0.08038,0.01810,0.11920,0.01164,0.02304,0.01363,0.01187,0.01946
0.02418,0.02538,0.02936,0.03357,0.06192,0.02639,0.06734,0.21367,0.02023,0.01522,0.29467,0.01003,0.01430,0.02074,0.04523,0.01995,0.02884,0.02711,0.01139,0.01048
0.04436,0.02197,0.04443,0.02626,0.06014,0.09306,0.04668,0.27592,0.03209,0.01063,0.02080,0.03665,0.03430,0.01085,0.09272,0.03804,0.02173,0.03084,0.03589,0.02267
0.02237,0.09172,0.03497,0.07306,0.02940,0.17530,0.03462,0.01482,0.07018,0.03944,0.11344,0.01298,0.09029,0.02153,0.07701,0.02065,0.01298,0.02348,0.01331,0.02844
0.09274,0.01109,0.07878,0.03667,0.03807,0.07493,0.05910,0.15428,0.08084,0.02028,0.03463,0.09042,0.03320,0.02303,0.07803,0.02255,0.01836,0.01721,0.01462,0.02116
0.04182,0.01159,0.04018,0.03971,0.01329,0.09189,0.03471,0.02420,0.05611,0.02569,0.35094,0.03680,0.01450,0.02463,0.11237,0.01227,0.01812,0.01731,0.01508,0.01882
0.10472,0.02373,0.18583,0.05009,0.04039,0.07599,0.04336,0.08309,0.05169,0.11749,0.02331,0.01675,0.01961,0.01104,0.08740,0.01103,0.01663,0.00964,0.01753,0.01067
0.23670,0.00941,0.03688,0.03633,0.02058,0.03167,0.03191,0.00972,0.02139,0.02307,0.23837,0.18749,0.01642,0.01148,0.02207,0.03221,0.01304,0.00569,0.00675,0.00883
0.03792,0.22821,0.04196,0.09271,0.01667,0.07742,0.01939,0.02471,0.10394,0.05754,0.02520,0.01989,0.04882,0.02380,0.07541,0.01950,0.01996,0.03711,0.01927,0.01058
0.01914,0.06721,0.02528,0.12475,0.03664,0.10498,0.04011,0.02069,0.12728,0.04476,0.10688,0.03097,0.04532,0.04256,0.05182,0.04832,0.01818,0.01428,0.01355,0.01726
0.03628,0.00703,0.10080,0.06712,0.05240,0.04388,0.09294,0.04343,0.07816,0.12369,0.19016,0.02022,0.02078,0.01578,0.02933,0.01308,0.01940,0.01096,0.01468,0.01988
0.04885,0.08619,0.06508,0.02448,0.03979,0.20036,0.02587,0.01349,0.03959,0.03350,0.04123,0.02704,0.05376,0.01142,0.20020,0.02177,0.01272,0.02085,0.01542,0.01839
0.02120,0.12279,0.01228,0.03009,0.04755,0.04005,0.03405,0.01570,0.02277,0.01664,0.15385,0.00821,0.05075,0.13424,0.05465,0.15667,0.02934,0.01542,0.01238,0.02137
0.04693,0.01757,0.01672,0.06877,0.02828,0.10246,0.04611,0.04179,0.15367,0.01623,0.09103,0.11526,0.01709,0.00950,0.09468,0.00675,0.03525,0.02109,0.01595,0.05487
0.02532,0.03636,0.04083,0.03602,0.05199,0.09151,0.04562,0.24056,0.04188,0.04589,0.09861,0.01399,0.01830,0.03093,0.10881,0.01942,0.01164,0.01375,0.01336,0.01519
0.01086,0.01456,0.02255,0.03329,0.03248,0.01451,0.01918,0.63925,0.01885,0.03622,0.03312,0.02260,0.01847,0.00796,0.01080,0.00898,0.02212,0.01394,0.00841,0.01185
0.05848,0.01948,0.07671,0.09457,0.02422,0.04528,0.05510,0.05170,0.08399,0.12868,0.09907,0.04441,0.03561,0.03527,0.02405,0.02005,0.04080,0.01973,0.01525,0.02757
0.01973,0.00855,0.02243,0.15089,0.03191,0.05253,0.04088,0.04528,0.09586,0.11317,0.21653,0.07967,0.03820,0.01832,0.01824,0.01093,0.00760,0.01024,0.00470,0.01432
0.02132,0.06447,0.02252,0.04076,0.01580,0.21787,0.03049,0.05481,0.04915,0.01589,0.08708,0.02329,0.01137,0.03153,0.24494,0.02496,0.01998,0.00517,0.00641,0.01220
0.02605,0.01999,0.02555,0.02447,0.02667,0.10852,0.03206,0.09911,0.03278,0.03549,0.30699,0.02916,0.01367,0.02499,0.13000,0.01101,0.02262,0.00909,0.01067,0.01112
0.02651,0.12961,0.01984,0.03031,0.03363,0.27927,0.01622,0.00954,0.03034,0.01171,0.02315,0.01720,0.05196,0.01206,0.23378,0.02351,0.01423,0.01214,0.00855,0.01644
0.04495,0.05581,0.04114,0.02192,0.10783,0.16267,0.11277,0.02570,0.03740,0.03633,0.05102,0.04254,0.02684,0.01216,0.16176,0.00935,0.00797,0.01222,0.01500,0.01464
0.07814,0.01373,0.02873,0.20463,0.03699,0.03596,0.02495,0.01714,0.05383,0.14418,0.11530,0.02745,0.02968,0.05866,0.03462,0.01582,0.01598,0.02026,0.02412,0.01984
0.09141,0.04526,0.03274,0.02959,0.07950,0.10577,0.06124,0.02177,0.02338,0.02188,0.15602,0.05965,0.04335,0.01736,0.08274,0.01462,0.02299,0.01648,0.00993,0.06432
0.04902,0.01237,0.03673,0.06141,0.06963,0.14712,0.07178,0.02477,0.05818,0.03876,0.14161,0.04095,0.07583,0.01737,0.04555,0.01783,0.00813,0.01770,0.01670,0.04858
0.07494,0.02312,0.06579,0.11736,0.01840,0.04257,0.05766,0.04519,0.13172,0.10563,0.02724,0.15750,0.01798,0.01782,0.03071,0.00476,0.01351,0.02141,0.00817,0.01852
0.28287,0.01923,0.26327,0.02037,0.03110,0.04949,0.03091,0.01295,0.02292,0.01293,0.03407,0.04566,0.01865,0.01237,0.04897,0.03372,0.01983,0.00809,0.01970,0.01289
0.01382,0.18375,0.03944,0.03401,0.09769,0.10065,0.02907,0.01935,0.03762,0.03224,0.07213,0.02115,0.09517,0.03674,0.02308,0.01538,0.01648,0.01505,0.01559,0.10160
0.10075,0.04033,0.05510,0.11826,0.02298,0.09341,0.03386,0.01059,0.11814,0.02370,0.17076,0.07554,0.04686,0.01433,0.02764,0.01203,0.00886,0.00954,0.00667,0.01063
0.02026,0.05776,0.04964,0.17445,0.02887,0.08314,0.03508,0.03009,0.02404,0.15230,0.12273,0.01081,0.02372,0.02951,0.07833,0.01830,0.01722,0.01130,0.01336,0.01910
0.04399,0.06251,0.16529,0.02138,0.03482,0.07427,0.03467,0.03395,0.04102,0.21751,0.04736,0.02000,0.02254,0.03600,0.07710,0.02691,0.01012,0.01030,0.01083,0.00942
0.06815,0.01311,0.04100,0.11391,0.02059,0.08847,0.02877,0.29150,0.04615,0.07934,0.01957,0.02176,0.05738,0.01181,0.03297,0.01334,0.01611,0.01392,0.01038,0.01176
0.18902,0.04399,0.03273,0.04043,0.05737,0.11466,0.02890,0.02682,0.03237,0.03429,0.02557,0.16552,0.02241,0.01181,0.10209,0.01091,0.01477,0.01437,0.01811,0.01386
0.05078,0.03516,0.04613,0.03933,0.03601,0.15974,0.03633,0.01905,0.11082,0.03081,0.04692,0.06138,0.01855,0.05224,0.16731,0.01135,0.01119,0.03065,0.00974,0.02652
0.02437,0.01037,0.01792,0.06341,0.02174,0.12123,0.02574,0.02026,0.08973,0.06120,0.15234,0.06749,0.01557,0.06409,0.12179,0.02394,0.01539,0.01884,0.03235,0.03221
0.01887,0.13891,0.06997,0.02593,0.12831,0.01868,0.10576,0.02911,0.01086,0.05925,0.11062,0.01104,0.04776,0.05513,0.02318,0.07185,0.01307,0.01265,0.02118,0.02786
0.02811,0.03047,0.04504,0.14077,0.04671,0.09813,0.05439,0.05504,0.07190,0.07923,0.11639,0.01794,0.07878,0.01556,0.01656,0.01616,0.02656,0.02452,0.01458,0.02316
0.02199,0.03494,0.01985,0.07109,0.04987,0.02992,0.05908,0.01909,0.06102,0.02475,0.43640,0.02452,0.01710,0.02671,0.02221,0.03390,0.01077,0.01473,0.01117,0.01087
0.01703,0.04796,0.02677,0.03336,0.10512,0.13314,0.02539,0.02145,0.04446,0.01098,0.16817,0.02235,0.05245,0.02810,0.13848,0.03664,0.01353,0.01556,0.01103,0.04802
0.03776,0.05836,0.03353,0.16256,0.01792,0.05500,0.03544,0.05867,0.03993,0.11970,0.21253,0.00999,0.00951,0.01192,0.05569,0.01999,0.01669,0.01529,0.01356,0.01596
0.03726,0.01469,0.03366,0.02022,0.26938,0.04349,0.03849,0.01840,0.01311,0.02139,0.02638,0.01649,0.16885,0.02365,0.05361,0.01865,0.01563,0.01380,0.01419,0.13865
0.02823,0.13805,0.03585,0.03919,0.12046,0.07608,0.03699,0.01379,0.04396,0.03453,0.09815,0.02539,0.07711,0.03628,0.08083,0.01083,0.00762,0.02397,0.01679,0.05588
0.10048,0.00906,0.07716,0.12607,0.04917,0.02988,0.06432,0.02675,0.02850,0.12733,0.13776,0.07403,0.01962,0.01676,0.02866,0.01583,0.01080,0.01481,0.01968,0.02336
0.12942,0.03151,0.14928,0.03443,0.03465,0.05389,0.07183,0.06457,0.03421,0.05325,0.08074,0.02745,0.03095,0.01636,0.04866,0.03545,0.02351,0.02603,0.02936,0.02445
0.02402,0.01509,0.02338,0.06303,0.04934,0.09194,0.06614,0.02178,0.03750,0.02391,0.21383,0.01493,0.03566,0.03514,0.16216,0.01898,0.04174,0.01542,0.02265,0.02336
0.02217,0.00795,0.02582,0.02621,0.00879,0.04519,0.03484,0.04561,0.04455,0.02020,0.55149,0.04075,0.01377,0.01078,0.03831,0.01112,0.02840,0.00662,0.00651,0.01092
0.03319,0.01899,0.03448,0.04279,0.01806,0.08824,0.02677,0.18387,0.02615,0.04220,0.25870,0.01618,0.05485,0.01643,0.04864,0.01207,0.02096,0.01938,0.01065,0.02742
0.06503,0.04150,0.02240,0.14733,0.04685,0.05214,0.08220,0.03560,0.16463,0.01614,0.09083,0.05425,0.02007,0.00807,0.03785,0.01353,0.05197,0.01004,0.01181,0.02776
0.03046,0.02712,0.05343,0.03678,0.03741,0.05307,0.07113,0.20481,0.06906,0.02376,0.15879,0.02391,0.02330,0.01856,0.04513,0.02817,0.04472,0.02379,0.01300,0.01361
0.01615,0.01503,0.03846,0.25347,0.03267,0.04947,0.04118,0.03285,0.07572,0.16142,0.09192,0.02177,0.04165,0.02869,0.02680,0.01841,0.01818,0.01178,0.00919,0.01518
0.01741,0.01939,0.02740,0.03363,0.05020,0.16209,0.02816,0.00749,0.05583,0.02656,0.16839,0.03301,0.06622,0.02478,0.14253,0.02538,0.05242,0.02627,0.01585,0.01700
0.03567,0.02375,0.04313,0.07958,0.03905,0.04697,0.03629,0.11534,0.13197,0.01742,0.14172,0.08485,0.01972,0.02602,0.05022,0.04015,0.01042,0.02167,0.00816,0.02788
0.03928,0.03832,0.05162,0.08441,0.14489,0.03319,0.06924,0.06980,0.02265,0.08418,0.09453,0.01189,0.05144,0.08666,0.01785,0.01245,0.00715,0.04288,0.00915,0.02843
0.06737,0.00724,0.03269,0.11260,0.03000,0.17184,0.02151,0.01818,0.11662,0.03933,0.02383,0.02808,0.02195,0.02636,0.18208,0.01633,0.03769,0.01030,0.01131,0.02468
0.10129,0.02431,0.02281,0.02806,0.01971,0.02558,0.03416,0.02627,0.02463,0.02386,0.46459,0.08232,0.02150,0.00889,0.02625,0.00658,0.02000,0.01324,0.01298,0.01296
0.06468,0.01605,0.07650,0.03777,0.01651,0.07684,0.04810,0.20925,0.03089,0.02934,0.18742,0.01993,0.01389,0.02675,0.06922,0.01996,0.01422,0.01405,0.01437,0.01427
0.02799,0.01632,0.07934,0.19438,0.01912,0.03781,0.02677,0.03161,0.19324,0.08706,0.06288,0.01980,0.01918,0.09393,0.02007,0.01628,0.01162,0.01239,0.01770,0.01250
0.15390,0.04931,0.02546,0.03120,0.04072,0.04272,0.03072,0.06951,0.02756,0.01475,0.22956,0.13007,0.02543,0.01329,0.01931,0.02540,0.01849,0.00862,0.01599,0.02797
0.05189,0.01321,0.04882,0.04360,0.20522,0.09109,0.01826,0.01089,0.02777,0.02206,0.01563,0.01790,0.20439,0.01716,0.02574,0.01828,0.05237,0.02048,0.01798,0.07726
0.01135,0.01533,0.00706,0.03365,0.04194,0.16669,0.01299,0.37292,0.02702,0.02442,0.01637,0.00745,0.01685,0.01543,0.18637,0.01131,0.00902,0.00311,0.00543,0.01530
0.02184,0.01420,0.03685,0.07760,0.18082,0.06125,0.15424,0.02462,0.01831,0.09472,0.06261,0.01387,0.01529,0.05565,0.05072,0.05913,0.01375,0.01301,0.01804,0.01349
0.02280,0.04474,0.02971,0.04263,0.08544,0.03753,0.04079,0.05192,0.06077,0.02152,0.27584,0.02680,0.04933,0.02929,0.04785,0.03306,0.03584,0.02046,0.01626,0.02741
0.27226,0.02431,0.28437,0.03184,0.02349,0.04178,0.01687,0.02039,0.02281,0.02802,0.05001,0.02418,0.02356,0.03377,0.04807,0.01361,0.01309,0.00965,0.00712,0.01079
0.01931,0.02245,0.09175,0.13118,0.04374,0.14390,0.05370,0.01717,0.04052,0.11591,0.04478,0.01766,0.04237,0.01662,0.10274,0.02049,0.02484,0.01033,0.01789,0.02264
0.01206,0.03506,0.01348,0.03090,0.04072,0.19859,0.02907,0.05224,0.03543,0.00934,0.21342,0.01189,0.02412,0.01498,0.20875,0.01217,0.01209,0.01604,0.00697,0.02267
0.05871,0.01542,0.05655,0.09764,0.03864,0.02190,0.03530,0.03758,0.02240,0.08186,0.13976,0.01718,0.02271,0.01424,0.15221,0.01459,0.08266,0.01010,0.06413,0.01641
0.02714,0.08596,0.02503,0.10888,0.03967,0.12648,0.03653,0.01621,0.06318,0.06619,0.08830,0.02031,0.01714,0.04472,0.13308,0.04214,0.01016,0.01411,0.01079,0.02399
0.02309,0.01220,0.02326,0.03605,0.01922,0.23856,0.02325,0.12588,0.06437,0.03456,0.02592,0.04702,0.11813,0.00979,0.12733,0.01561,0.01213,0.01069,0.01232,0.02063
0.06944,0.00802,0.07400,0.04959,0.04185,0.09134,0.02004,0.23077,0.05716,0.02599,0.03260,0.01560,0.02687,0.06424,0.10440,0.02643,0.01251,0.01004,0.01074,0.02837
0.02255,0.04934,0.02046,0.03293,0.03180,0.08367,0.04468,0.21877,0.03393,0.01546,0.24470,0.00955,0.04987,0.01714,0.03074,0.02445,0.01053,0.01327,0.03057,0.01559
0.02587,0.16064,0.01514,0.03550,0.03189,0.07380,0.04503,0.03744,0.17072,0.02259,0.03876,0.17931,0.05165,0.01411,0.02064,0.01471,0.01983,0.01422,0.01165,0.01649
0.06397,0.02544,0.01322,0.04789,0.06609,0.07966,0.04636,0.01598,0.02358,0.04491,0.16599,0.04569,0.09634,0.03122,0.02013,0.03330,0.04641,0.04047,0.02844,0.06490
0.14104,0.02035,0.14232,0.03262,0.04506,0.07185,0.04479,0.10056,0.07071,0.03167,0.05576,0.04699,0.02756,0.02419,0.06709,0.01394,0.01692,0.01695,0.01283,0.01679
0.01974,0.02802,0.03290,0.18714,0.05665,0.02748,0.06579,0.06472,0.18608,0.04304,0.03529,0.00864,0.02704,0.01385,0.06066,0.03534,0.04102,0.01051,0.03951,0.01658
0.07906,0.01332,0.04708,0.11172,0.07805,0.05613,0.05068,0.01903,0.07654,0.06796,0.09919,0.08469,0.02136,0.02493,0.04406,0.02227,0.02268,0.02657,0.01874,0.03595
0.05338,0.02456,0.05342,0.10728,0.07218,0.02644,0.05049,0.02033,0.12075,0.02329,0.18231,0.02186,0.03045,0.02874,0.03168,0.03830,0.02212,0.00884,0.01763,0.06595
0.01441,0.15991,0.01553,0.03709,0.14054,0.07151,0.03039,0.02225,0.04746,0.02064,0.12381,0.04218,0.07045,0.02863,0.04712,0.01340,0.00885,0.02338,0.01413,0.06834
0.07944,0.01140,0.07464,0.12230,0.02693,0.04907,0.03417,0.11662,0.06471,0.08563,0.04256,0.01116,0.02084,0.04546,0.09913,0.01918,0.02987,0.02690,0.02894,0.01105
0.17240,0.02533,0.03961,0.02144,0.01185,0.22421,0.02959,0.02362,0.01010,0.02529,0.02300,0.13363,0.17660,0.01012,0.02928,0.00475,0.01387,0.00906,0.00751,0.00875
0.06016,0.03231,0.05551,0.07499,0.02049,0.09620,0.03539,0.01283,0.06840,0.02385,0.28244,0.03038,0.06249,0.01678,0.01901,0.03462,0.01927,0.02989,0.01088,0.01410
0.03388,0.01094,0.02412,0.05651,0.15033,0.09007,0.16493,0.05385,0.03702,0.01456,0.11022,0.03072,0.01785,0.01410,0.09964,0.02806,0.02039,0.01147,0.01653,0.01480
0.04871,0.03259,0.07170,0.04706,0.03851,0.08932,0.03076,0.13907,0.04884,0.05591,0.04833,0.01530,0.02738,0.05607,0.09132,0.04992,0.02841,0.02047,0.03538,0.02494
0.01936,0.03194,0.05873,0.08522,0.02113,0.02124,0.08302,0.10977,0.09507,0.02496,0.17982,0.01697,0.02081,0.01535,0.07065,0.01653,0.05032,0.02776,0.03716,0.01418
0.05281,0.02929,0.01687,0.03751,0.10508,0.16901,0.05940,0.03056,0.05205,0.02185,0.03353,0.04874,0.16015,0.00854,0.03786,0.01592,0.03652,0.01198,0.01443,0.05794
0.03661,0.03225,0.05226,0.06197,0.05468,0.06609,0.04902,0.01237,0.04512,0.02790,0.24759,0.02366,0.03464,0.03145,0.04273,0.05158,0.03232,0.01626,0.04727,0.03422
0.00873,0.00707,0.02203,0.01242,0.02305,0.03694,0.02090,0.61905,0.01452,0.01550,0.09469,0.00772,0.00834,0.01720,0.03277,0.01495,0.01009,0.00671,0.01388,0.01343
0.22830,0.02454,0.04893,0.02921,0.01770,0.07650,0.02407,0.02853,0.03765,0.03292,0.02109,0.18878,0.06849,0.01414,0.05777,0.01835,0.02865,0.02016,0.02186,0.01236
0.02251,0.03332,0.05870,0.02688,0.03834,0.10373,0.06746,0.11054,0.05389,0.03218,0.23313,0.01356,0.03959,0.00799,0.03400,0.04863,0.02137,0.01217,0.01450,0.02749
0.01900,0.02053,0.03147,0.08491,0.04158,0.22821,0.01692,0.08770,0.04762,0.05072,0.06975,0.01999,0.18101,0.01359,0.02063,0.01145,0.01478,0.00999,0.01156,0.01860
0.03115,0.01744,0.04285,0.21718,0.01447,0.05355,0.04684,0.03197,0.01542,0.21481,0.13628,0.01276,0.01211,0.00813,0.07643,0.00843,0.01563,0.01219,0.02404,0.00831
0.01902,0.00876,0.01671,0.13812,0.08092,0.07434,0.02610,0.04141,0.19260,0.02943,0.02839,0.01617,0.04927,0.07833,0.04614,0.01917,0.01759,0.03231,0.01408,0.07114
0.01338,0.01727,0.01784,0.03675,0.04135,0.09762,0.03404,0.03057,0.04238,0.02209,0.45455,0.01036,0.06748,0.01716,0.02737,0.01366,0.01076,0.01037,0.00965,0.02536
0.01113,0.00521,0.03387,0.12324,0.04848,0.05280,0.02954,0.03499,0.01561,0.10805,0.37811,0.00857,0.04682,0.02549,0.01627,0.01159,0.01555,0.01180,0.00712,0.01578
0.03310,0.02716,0.02862,0.21970,0.06344,0.03561,0.06890,0.01198,0.20032,0.05053,0.09011,0.04354,0.01267,0.02054,0.03465,0.01518,0.00742,0.01344,0.00791,0.01517
0.03045,0.01453,0.01817,0.15212,0.01761,0.13118,0.01711,0.01141,0.03135,0.11225,0.26549,0.02128,0.10228,0.01187,0.01427,0.01151,0.01065,0.01341,0.00653,0.00653
0.08387,0.03225,0.02691,0.04147,0.06656,0.02632,0.04930,0.03134,0.03021,0.02122,0.32974,0.07352,0.04406,0.01945,0.03147,0.01793,0.02390,0.01761,0.00944,0.02345
0.05094,0.01454,0.02082,0.13496,0.00909,0.05828,0.03340,0.02652,0.10059,0.08987,0.19174,0.11191,0.03588,0.01263,0.02176,0.01765,0.02017,0.02561,0.00775,0.01590
0.02239,0.01178,0.02194,0.29490,0.03923,0.03004,0.02635,0.01821,0.04582,0.21660,0.10582,0.01621,0.02222,0.02961,0.02975,0.00660,0.01511,0.02412,0.00581,0.01749
0.01907,0.02412,0.03326,0.14448,0.02925,0.12002,0.05852,0.03002,0.10301,0.05966,0.08889,0.01621,0.08974,0.02397,0.03968,0.01105,0.02229,0.04202,0.02965,0.01508
0.05331,0.01359,0.04230,0.07644,0.02027,0.06683,0.05753,0.01657,0.05953,0.03069,0.34222,0.02559,0.04064,0.01356,0.05347,0.02197,0.01923,0.01205,0.02150,0.01269
0.02727,0.17327,0.01160,0.08156,0.06279,0.05209,0.06782,0.01335,0.07938,0.03379,0.25035,0.03021,0.03025,0.00989,0.02109,0.00598,0.00776,0.01927,0.00815,0.01415
0.04311,0.07298,0.03935,0.02642,0.01611,0.02489,0.03493,0.05085,0.03547,0.02776,0.47397,0.03681,0.01322,0.01884,0.02429,0.01457,0.01397,0.00997,0.00546,0.01703
0.10801,0.02795,0.03466,0.11677,0.03029,0.02880,0.03324,0.02029,0.02842,0.08349,0.20533,0.07573,0.02309,0.02665,0.02599,0.02649,0.03073,0.02813,0.02225,0.02370
0.01545,0.05285,0.03190,0.08551,0.02970,0.04037,0.02071,0.01817,0.08434,0.04120,0.05460,0.00782,0.02577,0.18725,0.02896,0.19512,0.02208,0.00996,0.02868,0.01956
0.14456,0.01872,0.16152,0.04730,0.03490,0.12578,0.02813,0.01462,0.08250,0.04323,0.02615,0.06609,0.07219,0.01934,0.03571,0.00938,0.02267,0.01417,0.01468,0.01835
0.05145,0.01972,0.03478,0.03655,0.04776,0.02885,0.04685,0.13420,0.03178,0.03867,0.32420,0.03215,0.03027,0.03280,0.02537,0.01733,0.01828,0.02379,0.01029,0.01492
0.08123,0.01903,0.08693,0.07193,0.01755,0.11608,0.01934,0.01788,0.03649,0.06058,0.27045,0.01838,0.05304,0.01292,0.07204,0.00602,0.00897,0.00736,0.01097,0.01281
0.17267,0.02259,0.19275,0.02216,0.03865,0.14929,0.02235,0.00859,0.02667,0.01575,0.02229,0.02154,0.09914,0.01599,0.06902,0.01802,0.03466,0.01620,0.01638,0.01529
0.02159,0.01240,0.01842,0.13717,0.05083,0.18448,0.03769,0.01938,0.13546,0.02452,0.03293,0.01068,0.01919,0.01142,0.22110,0.01385,0.01265,0.01080,0.01093,0.01449
0.02214,0.01922,0.02689,0.06129,0.12825,0.15674,0.01641,0.02399,0.03501,0.03726,0.09600,0.01456,0.14256,0.04176,0.07408,0.01209,0.01805,0.01022,0.00886,0.05463
0.02881,0.04394,0.06175,0.10771,0.06950,0.06827,0.02252,0.05377,0.07631,0.10195,0.07315,0.04283,0.05466,0.04637,0.02197,0.01979,0.02665,0.02573,0.00959,0.04474
0.02297,0.04391,0.01657,0.02286,0.07544,0.05270,0.09933,0.01683,0.02966,0.02469,0.40000,0.01348,0.02876,0.01793,0.06597,0.01385,0.01304,0.01497,0.01555,0.01150
0.02210,0.07609,0.03693,0.02121,0.05353,0.09964,0.05009,0.01886,0.02669,0.01361,0.21712,0.01087,0.10127,0.02658,0.05578,0.06722,0.02718,0.02387,0.02843,0.02292
0.19923,0.00821,0.05860,0.05421,0.02140,0.03111,0.06070,0.02794,0.04492,0.02958,0.02115,0.14730,0.01639,0.02733,0.07889,0.02086,0.08384,0.01992,0.02775,0.02066
0.02819,0.01527,0.02343,0.06129,0.06190,0.19983,0.01981,0.01623,0.06515,0.05233,0.14804,0.03597,0.15588,0.02410,0.02302,0.00954,0.00807,0.02353,0.00948,0.01894
0.03026,0.01379,0.13246,0.06429,0.08699,0.06109,0.06696,0.06253,0.03336,0.16675,0.04850,0.05328,0.03494,0.02010,0.03593,0.02054,0.01772,0.01280,0.02345,0.01426
0.01841,0.03318,0.10708,0.02487,0.13400,0.10898,0.04026,0.01949,0.03522,0.08936,0.06181,0.02127,0.14000,0.02311,0.01722,0.01145,0.01351,0.01713,0.00650,0.07715
0.15039,0.01475,0.03706,0.06798,0.03003,0.12096,0.01881,0.10344,0.08749,0.02585,0.02071,0.13916,0.07756,0.02125,0.01379,0.01427,0.01208,0.01808,0.00695,0.01937
0.02585,0.03190,0.03894,0.12626,0.06053,0.10124,0.03526,0.02082,0.12726,0.02185,0.13717,0.01613,0.04744,0.03013,0.07773,0.01474,0.01991,0.01241,0.01661,0.03782
0.01964,0.02122,0.02793,0.12235,0.03190,0.19847,0.03621,0.02132,0.03052,0.08700,0.05118,0.01383,0.01879,0.01616,0.24540,0.01392,0.01115,0.00921,0.01162,0.01216
0.07272,0.02641,0.10220,0.04891,0.05891,0.07278,0.06619,0.13761,0.02908,0.04921,0.07247,0.02093,0.01547,0.02663,0.13944,0.00965,0.01329,0.01932,0.00954,0.00924
0.02255,0.01094,0.01763,0.09638,0.03238,0.03264,0.04133,0.07624,0.11058,0.02373,0.36569,0.00856,0.01221,0.03104,0.04596,0.01173,0.02333,0.00914,0.01701,0.01091
0.01831,0.01508,0.05428,0.02891,0.17240,0.04098,0.16791,0.03124,0.01806,0.06168,0.23580,0.01048,0.01104,0.01372,0.04011,0.00777,0.01172,0.03821,0.00957,0.01274
0.02554,0.05186,0.02500,0.12250,0.01901,0.05857,0.02283,0.01495,0.03117,0.09320,0.30399,0.02942,0.01779,0.04143,0.06223,0.02715,0.01333,0.00771,0.01243,0.01991
0.02282,0.02062,0.02524,0.13940,0.01288,0.09671,0.01857,0.33919,0.02691,0.09780,0.04173,0.01242,0.07148,0.01104,0.01744,0.00510,0.01581,0.00633,0.00750,0.01101
0.01593,0.01006,0.05351,0.08565,0.01747,0.23241,0.05143,0.02078,0.09396,0.02586,0.04825,0.00779,0.05306,0.02008,0.19297,0.02779,0.01060,0.01125,0.00814,0.01301
0.07255,0.02190,0.10098,0.11061,0.05232,0.07432,0.07285,0.03676,0.03791,0.08078,0.05436,0.05733,0.03586,0.02732,0.03311,0.02793,0.03841,0.02225,0.02243,0.02002
0.02430,0.01202,0.04050,0.08451,0.02459,0.08756,0.02501,0.03754,0.02483,0.07174,0.39801,0.01217,0.07333,0.01223,0.02196,0.00343,0.01218,0.01076,0.01300,0.01033
0.02513,0.02976,0.02870,0.02360,0.04941,0.09379,0.06479,0.01279,0.09529,0.05185,0.24018,0.11974,0.01409,0.01495,0.08412,0.01012,0.01100,0.00648,0.00878,0.01544
0.01548,0.01269,0.04178,0.12386,0.01257,0.06998,0.04943,0.20274,0.12993,0.04775,0.10158,0.01762,0.02482,0.02139,0.02473,0.01929,0.02587,0.02250,0.01872,0.01727
0.03979,0.10004,0.02177,0.14243,0.08973,0.05366,0.10286,0.01231,0.03136,0.11275,0.12394,0.05282,0.01221,0.00823,0.05085,0.00781,0.00857,0.01059,0.00613,0.01215
0.02848,0.10610,0.02087,0.06018,0.01775,0.09800,0.02766,0.03689,0.03096,0.06306,0.27473,0.03377,0.06458,0.01915,0.04129,0.01482,0.01461,0.01798,0.01166,0.01744
0.07586,0.01826,0.09557,0.01938,0.02073,0.06937,0.05152,0.03644,0.03050,0.02501,0.37148,0.02655,0.05231,0.02394,0.02337,0.01388,0.01215,0.01248,0.00648,0.01471
0.04539,0.02334,0.04723,0.08357,0.02718,0.04594,0.06659,0.11271,0.05622,0.05804,0.13657,0.01788,0.02180,0.05569,0.04187,0.02452,0.02695,0.05298,0.01800,0.03752
0.01433,0.22698,0.03121,0.03664,0.08405,0.04090,0.08843,0.05713,0.04069,0.03489,0.16083,0.02383,0.01696,0.02710,0.03775,0.02214,0.01228,0.01733,0.01234,0.01420
0.10629,0.02716,0.12051,0.11128,0.06418,0.04721,0.02378,0.01413,0.05788,0.07741,0.02993,0.02834,0.03673,0.02400,0.07571,0.02558,0.03287,0.01921,0.03446,0.04332
0.05129,0.03343,0.04702,0.12357,0.02572,0.03754,0.02530,0.02933,0.07055,0.07570,0.17218,0.03132,0.02390,0.02746,0.08698,0.02440,0.04495,0.01835,0.03163,0.01937
0.01733,0.01749,0.09174,0.01437,0.05137,0.04867,0.09442,0.04886,0.01968,0.11265,0.15091,0.00925,0.01037,0.10434,0.04591,0.10044,0.01771,0.00872,0.00847,0.02730
0.07344,0.02140,0.07955,0.07879,0.02086,0.12714,0.01883,0.06284,0.03694,0.07444,0.09168,0.04750,0.01771,0.01116,0.14053,0.02849,0.02485,0.01011,0.01364,0.02011
0.07196,0.10629,0.06950,0.02656,0.02671,0.08319,0.03169,0.01205,0.02721,0.02137,0.20761,0.03061,0.06729,0.01518,0.09839,0.02461,0.04491,0.01239,0.01246,0.01003
0.03897,0.02068,0.13000,0.05325,0.02494,0.11022,0.03687,0.02893,0.02516,0.16493,0.12412,0.03989,0.07488,0.03401,0.01414,0.02564,0.01313,0.02147,0.00822,0.01053
0.00645,0.03473,0.01640,0.03691,0.04033,0.02209,0.01462,0.02118,0.02203,0.05591,0.47913,0.00675,0.01484,0.11726,0.03775,0.01370,0.01266,0.01926,0.01733,0.01066
0.02991,0.05227,0.02455,0.02235,0.01970,0.06392,0.03824,0.45205,0.03775,0.02126,0.03745,0.03064,0.02958,0.01581,0.03436,0.02346,0.01606,0.01705,0.01925,0.01433
0.01853,0.02502,0.05069,0.05992,0.05637,0.04807,0.02951,0.00977,0.05074,0.04686,0.47431,0.02043,0.01709,0.01301,0.02375,0.00785,0.01439,0.01090,0.00769,0.01510
0.05332,0.14950,0.02291,0.06350,0.02351,0.13163,0.03012,0.02906,0.04229,0.04830,0.05065,0.03436,0.05074,0.02174,0.13175,0.01747,0.01875,0.03156,0.01245,0.03638
0.03150,0.03337,0.02201,0.10114,0.05852,0.04042,0.02256,0.02123,0.08523,0.01997,0.35057,0.00982,0.05585,0.01890,0.02477,0.01392,0.01710,0.01618,0.01907,0.03786
0.02312,0.01565,0.04278,0.03145,0.05358,0.13423,0.05670,0.02004,0.05132,0.03176,0.24639,0.02911,0.05364,0.02844,0.09246,0.03309,0.01706,0.00920,0.01069,0.01931
0.01658,0.02281,0.04613,0.13791,0.01966,0.04319,0.02648,0.04401,0.05416,0.10045,0.30959,0.01983,0.03932,0.01778,0.00872,0.01418,0.00868,0.02137,0.01137,0.03777
0.02556,0.03287,0.04507,0.22026,0.03237,0.05223,0.03598,0.02757,0.23270,0.02787,0.04946,0.02152,0.03024,0.02403,0.04227,0.03661,0.01531,0.00848,0.01462,0.02494
0.03453,0.01071,0.04076,0.03776,0.02797,0.07643,0.03616,0.00789,0.06447,0.02842,0.35615,0.03729,0.06259,0.01225,0.02665,0.01934,0.03668,0.01570,0.03448,0.03378
0.02628,0.01878,0.02241,0.20133,0.02275,0.13558,0.01764,0.01293,0.03205,0.17349,0.07835,0.01764,0.02986,0.01667,0.13472,0.01947,0.00800,0.01038,0.00666,0.01499
0.05637,0.01054,0.08449,0.06457,0.01575,0.08659,0.03565,0.07467,0.06624,0.14122,0.09183,0.03984,0.01616,0.04215,0.08645,0.01603,0.02221,0.02131,0.00975,0.01820
0.19310,0.01626,0.22513,0.03686,0.03926,0.03565,0.05233,0.13075,0.02191,0.03111,0.06578,0.01230,0.01614,0.01683,0.02947,0.03044,0.01332,0.00581,0.01798,0.00955
0.01604,0.03371,0.04547,0.03029,0.03549,0.21250,0.04833,0.04055,0.05513,0.03685,0.14570,0.02117,0.12509,0.01519,0.05247,0.01843,0.00819,0.02433,0.01265,0.02242
0.04492,0.02233,0.01478,0.25685,0.02583,0.08318,0.01370,0.02770,0.26820,0.01693,0.03462,0.02639,0.05191,0.02200,0.03628,0.00819,0.01111,0.00834,0.00995,0.01681
0.04439,0.04036,0.03468,0.16511,0.04148,0.10110,0.03427,0.01469,0.06159,0.08144,0.11048,0.03244,0.08172,0.02644,0.03176,0.01528,0.02438,0.02438,0.01611,0.01789
0.02335,0.01077,0.02054,0.13534,0.01724,0.02504,0.02368,0.07579,0.21319,0.04952,0.07945,0.16880,0.02029,0.05273,0.01084,0.02499,0.00712,0.01376,0.01180,0.01577
0.15158,0.03018,0.05037,0.03645,0.02549,0.11664,0.06349,0.02315,0.03355,0.04698,0.08481,0.11538,0.02524,0.00906,0.11381,0.01117,0.01720,0.01473,0.01113,0.01959
0.03098,0.03648,0.03853,0.02242,0.05344,0.28937,0.02854,0.00651,0.01425,0.02329,0.04678,0.01350,0.01068,0.01218,0.30685,0.01303,0.01244,0.01588,0.00865,0.01619
0.04212,0.03735,0.09850,0.06239,0.03637,0.04766,0.03191,0.05334,0.02983,0.15648,0.15523,0.03752,0.01903,0.03975,0.03680,0.01998,0.02753,0.02089,0.02708,0.02024
0.02336,0.02613,0.09522,0.13079,0.02630,0.05366,0.03763,0.02019,0.10721,0.15857,0.08935,0.01979,0.02162,0.04313,0.04882,0.02366,0.01514,0.01996,0.02685,0.01265
0.01943,0.40040,0.01677,0.03250,0.02231,0.11760,0.02508,0.01759,0.03323,0.01494,0.05847,0.00803,0.01724,0.01558,0.13437,0.03162,0.01027,0.00799,0.00778,0.00880
0.04418,0.03761,0.01727,0.09387,0.04822,0.08172,0.03267,0.09007,0.11046,0.02299,0.14407,0.06970,0.05501,0.01132,0.06434,0.01041,0.02528,0.01277,0.01312,0.01493
0.03050,0.01235,0.02798,0.04789,0.15132,0.08128,0.02549,0.04493,0.06342,0.03232,0.13742,0.03293,0.13292,0.02221,0.02580,0.01103,0.01162,0.01347,0.01320,0.08190
0.02972,0.31865,0.02320,0.05772,0.05531,0.10067,0.02782,0.02377,0.04778,0.01209,0.07268,0.01629,0.08473,0.01470,0.02271,0.01785,0.01142,0.01804,0.01294,0.03193
