0.01896,0.21409,0.20097,0.01069,0.02428,0.01263,0.01125,0.01047,0.01165,0.01501,0.14935,0.05687,0.01382,0.01450,0.15434,0.01650,0.01392,0.01386,0.01612,0.02072
0.02393,0.10633,0.10150,0.01157,0.03088,0.01670,0.01476,0.01404,0.01379,0.01541,0.16310,0.20381,0.01671,0.01948,0.15398,0.01858,0.01746,0.01588,0.01907,0.02301
0.02303,0.08454,0.07732,0.01242,0.02866,0.01338,0.01382,0.01210,0.01283,0.01623,0.13951,0.31529,0.01529,0.01718,0.13017,0.01710,0.01349,0.01463,0.01987,0.02314
0.03616,0.08820,0.08771,0.01548,0.04242,0.01889,0.01823,0.01865,0.01541,0.01933,0.17727,0.15140,0.01871,0.02097,0.16892,0.02002,0.01851,0.01885,0.02074,0.02413
0.03930,0.08496,0.08057,0.01446,0.04837,0.02019,0.01569,0.01648,0.01885,0.01990,0.16300,0.17773,0.01791,0.02128,0.17432,0.01810,0.01648,0.01400,0.01785,0.02054
0.01866,0.16154,0.14804,0.01013,0.02340,0.01168,0.01150,0.01220,0.01118,0.01410,0.17868,0.10169,0.01230,0.01945,0.19076,0.01441,0.01323,0.01147,0.01573,0.01985
0.02514,0.10977,0.11889,0.01224,0.03095,0.01359,0.01488,0.01267,0.01352,0.01325,0.18236,0.13579,0.01580,0.01704,0.19303,0.01673,0.01776,0.01426,0.02157,0.02078
0.02316,0.09006,0.08467,0.01103,0.03397,0.01465,0.01255,0.01198,0.01188,0.01450,0.20522,0.15810,0.01487,0.01865,0.21583,0.01596,0.01384,0.01364,0.01593,0.01949
0.02436,0.19744,0.19716,0.01101,0.03372,0.01281,0.01340,0.01179,0.01177,0.01431,0.13749,0.12437,0.01161,0.01414,0.11276,0.01555,0.01360,0.01101,0.01414,0.01754
0.02888,0.09392,0.08621,0.01742,0.03139,0.02189,0.01922,0.01765,0.01834,0.01913,0.12418,0.22383,0.02273,0.03193,0.11840,0.02611,0.02192,0.02104,0.02491,0.03090
0.03513,0.07827,0.07817,0.01789,0.04457,0.02132,0.02387,0.01899,0.01970,0.02156,0.13052,0.21974,0.02526,0.02544,0.11457,0.02978,0.02439,0.01943,0.02292,0.02847
0.03754,0.10646,0.11536,0.01365,0.04599,0.01511,0.01443,0.01237,0.01364,0.01633,0.21478,0.07369,0.01622,0.01789,0.20072,0.01716,0.01562,0.01454,0.01694,0.02154
0.02661,0.14530,0.14553,0.01240,0.03625,0.01587,0.01578,0.01754,0.01380,0.01319,0.12652,0.19000,0.01638,0.01763,0.11496,0.02052,0.01651,0.01694,0.01820,0.02008
0.02915,0.07678,0.07909,0.01542,0.03771,0.01610,0.01658,0.01459,0.01307,0.01662,0.14142,0.28060,0.01689,0.01890,0.13114,0.01948,0.01826,0.01708,0.01906,0.02207
0.02193,0.13830,0.11978,0.01234,0.02976,0.01337,0.01317,0.01201,0.01222,0.01500,0.14557,0.20481,0.01548,0.01775,0.14221,0.01507,0.01689,0.01504,0.01872,0.02058
0.02281,0.06518,0.06089,0.01160,0.03557,0.01597,0.01197,0.01259,0.01226,0.01393,0.29197,0.12312,0.01459,0.01513,0.21629,0.01623,0.01537,0.01320,0.01457,0.01677
0.02531,0.12011,0.11598,0.01259,0.03806,0.01646,0.01503,0.01300,0.01526,0.01644,0.17348,0.14444,0.01459,0.02072,0.17093,0.01511,0.01683,0.01528,0.01783,0.02254
0.01816,0.12151,0.10947,0.01362,0.02182,0.01810,0.01609,0.01338,0.01617,0.01737,0.11433,0.24034,0.02147,0.02421,0.11218,0.02626,0.01978,0.01943,0.02768,0.02863
0.02398,0.20114,0.18004,0.01171,0.03391,0.01434,0.01242,0.01091,0.01199,0.01385,0.13450,0.11051,0.01531,0.01537,0.13741,0.01549,0.01295,0.01201,0.01519,0.01695
0.02789,0.06895,0.07501,0.01333,0.02823,0.01530,0.01724,0.01382,0.01373,0.01713,0.18960,0.17129,0.02104,0.02607,0.18787,0.02278,0.01931,0.01753,0.02309,0.03081
0.02118,0.23364,0.24645,0.01144,0.02954,0.01422,0.01169,0.01039,0.01157,0.01305,0.11584,0.07673,0.01259,0.01430,0.11009,0.01288,0.01330,0.01165,0.01454,0.01491
0.02524,0.11439,0.11201,0.00939,0.03239,0.01240,0.01209,0.01156,0.01044,0.01265,0.13107,0.31216,0.01201,0.01438,0.11410,0.01315,0.01064,0.01008,0.01329,0.01655
0.03849,0.10752,0.10010,0.01462,0.05220,0.01815,0.01666,0.01648,0.01605,0.01774,0.16297,0.17445,0.01533,0.01954,0.14244,0.01804,0.01481,0.01538,0.01817,0.02086
0.02443,0.08179,0.07616,0.01072,0.03359,0.01372,0.01197,0.01211,0.01119,0.01301,0.24701,0.11561,0.01440,0.01618,0.23898,0.01525,0.01383,0.01347,0.01663,0.01994
0.03303,0.08522,0.08236,0.01730,0.04208,0.02008,0.01638,0.01679,0.01796,0.02129,0.16357,0.18276,0.01895,0.02350,0.14406,0.02432,0.02174,0.02063,0.02450,0.02350
0.02379,0.08119,0.07740,0.01193,0.02809,0.01557,0.01509,0.01229,0.01133,0.01646,0.15237,0.27336,0.01515,0.01947,0.15626,0.01521,0.01631,0.01426,0.02178,0.02268
0.01179,0.09923,0.09960,0.00711,0.01617,0.00669,0.00772,0.00873,0.00733,0.00891,0.24152,0.15013,0.01076,0.01078,0.25169,0.01166,0.01050,0.00973,0.01264,0.01732
0.02523,0.09278,0.10092,0.01019,0.03677,0.01278,0.01147,0.00960,0.01037,0.01177,0.28292,0.10663,0.01130,0.01198,0.20609,0.01160,0.00996,0.00935,0.01202,0.01630
0.02362,0.08034,0.07407,0.01066,0.02942,0.01583,0.01402,0.01233,0.01279,0.01526,0.11259,0.38775,0.01220,0.01710,0.10650,0.01451,0.01394,0.01353,0.01493,0.01860
0.02369,0.12760,0.12446,0.00989,0.02637,0.01561,0.01578,0.01533,0.01388,0.01450,0.11464,0.26610,0.01533,0.01976,0.10713,0.01789,0.01514,0.01576,0.01808,0.02306
0.02484,0.10551,0.09516,0.01275,0.02800,0.01689,0.01400,0.01272,0.01316,0.01620,0.16416,0.23229,0.01721,0.01764,0.13463,0.01882,0.01641,0.01717,0.02036,0.02207
0.02944,0.20129,0.21431,0.01588,0.03712,0.01830,0.01595,0.01492,0.01612,0.01849,0.09231,0.12033,0.01644,0.01949,0.08326,0.01941,0.01555,0.01560,0.01586,0.01995
0.02913,0.12544,0.12547,0.01471,0.03411,0.01878,0.01563,0.01921,0.01791,0.01896,0.13910,0.15994,0.01996,0.02080,0.14124,0.01710,0.01864,0.01739,0.02319,0.02330
0.03611,0.11801,0.11355,0.01465,0.03875,0.01932,0.01900,0.01626,0.01954,0.02028,0.14279,0.14035,0.02021,0.02487,0.14342,0.02266,0.02065,0.01950,0.02450,0.02559
0.01976,0.09693,0.08658,0.01038,0.02424,0.01402,0.01232,0.01097,0.01289,0.01254,0.21784,0.12148,0.01345,0.01658,0.25113,0.01489,0.01492,0.01327,0.01834,0.01748
0.02819,0.09014,0.07750,0.01407,0.03870,0.02194,0.01838,0.01715,0.01708,0.01727,0.16763,0.19647,0.01792,0.02126,0.16117,0.01844,0.01713,0.01790,0.01723,0.02443
0.01974,0.13362,0.13483,0.01160,0.02574,0.01326,0.01183,0.01416,0.01334,0.01382,0.13436,0.21636,0.01555,0.01667,0.13581,0.01730,0.01416,0.01443,0.01929,0.02413
0.02305,0.14794,0.13587,0.01173,0.03173,0.01485,0.01349,0.01438,0.01286,0.01541,0.14722,0.18930,0.01395,0.01325,0.13500,0.01452,0.01392,0.01628,0.01583,0.01942
0.02182,0.06991,0.06966,0.01371,0.02996,0.01312,0.01481,0.01424,0.01201,0.01605,0.16483,0.25866,0.01878,0.02096,0.16614,0.01762,0.01696,0.01833,0.01845,0.02398
0.02737,0.08010,0.08038,0.01400,0.03293,0.01970,0.01742,0.01469,0.01631,0.01830,0.12745,0.26305,0.02025,0.02744,0.12583,0.02185,0.02174,0.02027,0.02424,0.02670
0.06340,0.06793,0.06621,0.01615,0.06654,0.02012,0.01872,0.01640,0.01733,0.01746,0.19478,0.15550,0.01771,0.01763,0.15750,0.01991,0.01431,0.01350,0.01846,0.02044
0.02629,0.06732,0.05947,0.01162,0.03204,0.01533,0.01290,0.01263,0.01214,0.01340,0.19668,0.23335,0.01484,0.01716,0.19573,0.01552,0.01347,0.01366,0.01693,0.01953
0.02444,0.09850,0.09156,0.01097,0.02777,0.01403,0.01193,0.01263,0.01287,0.01460,0.20570,0.18005,0.01548,0.01854,0.16709,0.01861,0.01663,0.01470,0.01934,0.02455
0.01445,0.15797,0.16172,0.00936,0.01688,0.01369,0.01132,0.01212,0.01200,0.01455,0.09986,0.23875,0.01542,0.02074,0.10597,0.01812,0.01929,0.01569,0.01869,0.02340
0.02703,0.09166,0.08762,0.01177,0.03347,0.01516,0.01251,0.01339,0.01096,0.01310,0.21837,0.14534,0.01383,0.01846,0.20056,0.01539,0.01705,0.01481,0.01842,0.02107
0.01989,0.16338,0.14831,0.01193,0.02731,0.01430,0.01247,0.01416,0.01222,0.01330,0.16897,0.10126,0.01364,0.01767,0.17445,0.01507,0.01588,0.01461,0.01718,0.02401
0.02160,0.17742,0.18100,0.01003,0.03172,0.01455,0.01415,0.01324,0.01259,0.01477,0.15522,0.11424,0.01260,0.01747,0.13212,0.01615,0.01353,0.01198,0.01608,0.01955
0.02609,0.09101,0.09270,0.01143,0.02769,0.01532,0.01237,0.01363,0.01250,0.01326,0.12554,0.29341,0.01626,0.02103,0.12956,0.01896,0.01816,0.01680,0.01825,0.02602
0.01823,0.13569,0.13155,0.00937,0.02285,0.01302,0.01206,0.01371,0.01255,0.01355,0.12360,0.26312,0.01434,0.01674,0.12527,0.01347,0.01136,0.01340,0.01549,0.02064
0.06460,0.06935,0.08024,0.01001,0.17863,0.01070,0.01101,0.01027,0.00864,0.01281,0.23135,0.04907,0.01222,0.01031,0.18819,0.01067,0.00915,0.00866,0.01082,0.01331
0.02202,0.19948,0.19181,0.01005,0.02894,0.01217,0.01289,0.01247,0.01242,0.01316,0.10403,0.18478,0.01218,0.01721,0.09647,0.01354,0.01370,0.01234,0.01424,0.01611
0.03092,0.08610,0.08618,0.01151,0.04467,0.01349,0.01480,0.01176,0.01141,0.01477,0.17754,0.21998,0.01612,0.01692,0.16297,0.01586,0.01439,0.01440,0.01678,0.01943
0.02146,0.06021,0.06131,0.01206,0.02974,0.01458,0.01434,0.01369,0.01290,0.01391,0.16541,0.30445,0.01615,0.01920,0.15851,0.01592,0.01608,0.01502,0.01773,0.01732
0.02117,0.12845,0.13708,0.01022,0.02528,0.01216,0.01116,0.01156,0.01118,0.01160,0.12027,0.28711,0.01350,0.01657,0.10522,0.01513,0.01396,0.01505,0.01623,0.01711
0.01514,0.12469,0.13293,0.00940,0.01749,0.01249,0.01102,0.01006,0.00972,0.01146,0.08220,0.36987,0.01284,0.01547,0.08693,0.01570,0.01449,0.01318,0.01471,0.02021
0.02607,0.12910,0.12187,0.01254,0.03392,0.01511,0.01406,0.01307,0.01487,0.01629,0.18906,0.08960,0.01576,0.02093,0.20116,0.01695,0.01581,0.01594,0.01747,0.02042
0.03102,0.14493,0.14781,0.01259,0.03797,0.01958,0.01714,0.01662,0.01620,0.01867,0.14130,0.12710,0.01725,0.02018,0.13921,0.02148,0.01566,0.01529,0.01937,0.02063
0.02141,0.08779,0.08556,0.01221,0.02750,0.01436,0.01270,0.01234,0.01249,0.01286,0.14061,0.33162,0.01464,0.01729,0.11605,0.01649,0.01488,0.01495,0.01531,0.01892
0.02644,0.08668,0.08271,0.01410,0.03138,0.01951,0.01501,0.01722,0.01474,0.01849,0.13094,0.27614,0.01815,0.02296,0.12479,0.02307,0.01655,0.01751,0.02118,0.02242
0.02562,0.09028,0.08969,0.01175,0.03127,0.01707,0.01632,0.01210,0.01473,0.01342,0.12329,0.29511,0.01875,0.02151,0.10960,0.02246,0.01956,0.01818,0.02135,0.02793
0.02586,0.08030,0.07862,0.01209,0.03071,0.01718,0.01566,0.01423,0.01401,0.01566,0.14809,0.29581,0.01689,0.01834,0.12610,0.01768,0.01667,0.01586,0.01760,0.02262
0.02211,0.06467,0.06309,0.01283,0.02924,0.01344,0.01206,0.01333,0.01269,0.01386,0.23180,0.14226,0.01828,0.02189,0.23853,0.01650,0.01645,0.01478,0.02102,0.02116
0.02208,0.08810,0.07981,0.01319,0.02734,0.01641,0.01452,0.01383,0.01341,0.01416,0.19790,0.14334,0.02054,0.02413,0.20259,0.02216,0.01913,0.02156,0.01958,0.02620
0.02343,0.14361,0.13405,0.01256,0.03051,0.01472,0.01399,0.01353,0.01287,0.01595,0.13719,0.21046,0.01686,0.01884,0.11246,0.01959,0.01685,0.01412,0.01828,0.02012
0.02188,0.06198,0.06132,0.01052,0.02836,0.01567,0.01416,0.01258,0.01215,0.01291,0.24346,0.14908,0.01598,0.01678,0.24263,0.01640,0.01470,0.01318,0.01610,0.02014
0.03544,0.10495,0.09975,0.01443,0.05547,0.01561,0.01592,0.01493,0.01503,0.01771,0.20413,0.09914,0.01522,0.01849,0.18072,0.01736,0.01686,0.01722,0.02025,0.02139
0.02003,0.10083,0.09668,0.01085,0.02414,0.01325,0.01269,0.01049,0.01300,0.01387,0.17660,0.19227,0.01707,0.01918,0.19224,0.01786,0.01550,0.01380,0.01714,0.02252
0.01392,0.32185,0.26504,0.00764,0.01814,0.00950,0.00775,0.00740,0.00836,0.00981,0.10089,0.05441,0.00979,0.00973,0.10563,0.00925,0.00933,0.00828,0.01102,0.01225
0.02492,0.11682,0.11301,0.01023,0.03007,0.01477,0.01384,0.01478,0.01194,0.01578,0.14416,0.21653,0.01880,0.02225,0.13308,0.02221,0.01769,0.01580,0.01921,0.02410
0.01986,0.09044,0.09230,0.01076,0.02472,0.01135,0.01108,0.01142,0.01062,0.01265,0.10936,0.37496,0.01579,0.01590,0.10543,0.01610,0.01326,0.01349,0.01709,0.02341
0.03237,0.07564,0.07805,0.01251,0.04313,0.01396,0.01388,0.01221,0.01220,0.01513,0.23295,0.13396,0.01494,0.01643,0.21408,0.01594,0.01379,0.01425,0.01623,0.01835
0.02180,0.08392,0.07088,0.00911,0.03406,0.01075,0.00895,0.00990,0.01014,0.01204,0.24263,0.19623,0.01170,0.01372,0.20066,0.01257,0.01100,0.01083,0.01347,0.01564
0.02685,0.07119,0.07183,0.00964,0.03701,0.01278,0.01112,0.01011,0.01072,0.01175,0.24349,0.14787,0.01189,0.01359,0.24443,0.01373,0.01245,0.01017,0.01289,0.01650
0.02774,0.09281,0.09251,0.01215,0.03155,0.01738,0.01340,0.01397,0.01489,0.01422,0.14771,0.25593,0.01863,0.02352,0.12690,0.02148,0.01909,0.01636,0.01801,0.02175
0.02987,0.11908,0.12445,0.01720,0.04132,0.01967,0.01691,0.01642,0.01784,0.02012,0.15395,0.12631,0.01925,0.02137,0.14860,0.02011,0.01798,0.01898,0.02314,0.02744
0.02034,0.05779,0.05736,0.01046,0.02458,0.01348,0.01181,0.01117,0.01118,0.01379,0.14372,0.37607,0.01437,0.01930,0.13189,0.01549,0.01401,0.01344,0.01815,0.02158
0.02102,0.09159,0.07908,0.00996,0.02844,0.01384,0.01178,0.01133,0.01124,0.01318,0.17233,0.27162,0.01319,0.01636,0.15842,0.01601,0.01386,0.01323,0.01532,0.01821
0.01800,0.08292,0.08114,0.01086,0.02312,0.01287,0.01228,0.01180,0.01209,0.01319,0.23420,0.13899,0.01661,0.02018,0.21496,0.01903,0.01767,0.01678,0.02011,0.02320
0.02217,0.13952,0.12384,0.01026,0.02689,0.01486,0.01227,0.01158,0.01049,0.01319,0.15649,0.17349,0.01651,0.01784,0.15567,0.01925,0.01675,0.01539,0.01884,0.02471
0.02201,0.16016,0.15145,0.01100,0.02861,0.01360,0.01337,0.01272,0.01237,0.01415,0.15106,0.12581,0.01552,0.01709,0.16242,0.01691,0.01601,0.01524,0.01782,0.02267
0.17422,0.06762,0.06835,0.01697,0.20917,0.02043,0.01887,0.01689,0.01625,0.01900,0.11305,0.06191,0.01659,0.01502,0.09387,0.01489,0.01340,0.01174,0.01512,0.01666
0.01699,0.23264,0.20285,0.00906,0.01993,0.01107,0.01023,0.01114,0.00942,0.01197,0.13505,0.09253,0.01199,0.01763,0.13525,0.01447,0.01169,0.01231,0.01511,0.01868
0.02334,0.16385,0.14659,0.01643,0.03035,0.01990,0.02113,0.02017,0.01763,0.01935,0.12088,0.11419,0.01954,0.02437,0.11780,0.02391,0.02174,0.02106,0.02676,0.03102
0.02379,0.12487,0.11095,0.01209,0.03038,0.01506,0.01238,0.01169,0.01256,0.01526,0.15452,0.22089,0.01268,0.01830,0.14554,0.01643,0.01419,0.01210,0.01568,0.02066
0.03246,0.08059,0.07997,0.01535,0.04295,0.01776,0.01704,0.01592,0.01362,0.01816,0.16366,0.22780,0.01927,0.01709,0.15001,0.01709,0.01650,0.01611,0.01786,0.02079
0.02443,0.06441,0.06144,0.01071,0.02916,0.01606,0.01488,0.01366,0.01388,0.01544,0.14323,0.36818,0.01641,0.01739,0.11130,0.01618,0.01506,0.01398,0.01479,0.01942
0.02152,0.05968,0.05933,0.01083,0.02640,0.01313,0.01377,0.01284,0.01095,0.01218,0.17949,0.31334,0.01343,0.01581,0.15739,0.01607,0.01415,0.01476,0.01634,0.01858
0.02169,0.14290,0.12874,0.01052,0.02600,0.01494,0.01258,0.01398,0.01292,0.01519,0.14907,0.20388,0.01536,0.01816,0.13099,0.01532,0.01441,0.01268,0.01726,0.02341
0.02555,0.07945,0.07263,0.01362,0.03350,0.01728,0.01578,0.01412,0.01461,0.01549,0.19299,0.20664,0.02022,0.01883,0.16030,0.01925,0.01943,0.01484,0.02181,0.02367
0.01133,0.22180,0.21581,0.00724,0.01459,0.00898,0.00852,0.00857,0.00830,0.01062,0.09404,0.21988,0.01053,0.01350,0.08904,0.01049,0.01128,0.01009,0.01172,0.01366
0.03053,0.10666,0.10625,0.01598,0.03328,0.01539,0.01612,0.01593,0.01463,0.01642,0.09333,0.30675,0.02081,0.01908,0.08557,0.02391,0.01964,0.01615,0.02045,0.02311
0.03523,0.10055,0.09155,0.01829,0.03929,0.02384,0.02084,0.01967,0.01871,0.02372,0.12513,0.19160,0.02336,0.02578,0.11274,0.02831,0.02350,0.02226,0.02501,0.03063
0.03188,0.08603,0.08395,0.01698,0.03436,0.02289,0.02099,0.01942,0.02051,0.02233,0.18276,0.12229,0.02536,0.02503,0.17332,0.02448,0.02072,0.01817,0.02322,0.02531
0.03222,0.11819,0.11950,0.01444,0.03934,0.02110,0.01874,0.01757,0.01505,0.01948,0.11989,0.18626,0.02001,0.02646,0.11868,0.02081,0.02145,0.02072,0.02095,0.02914
0.02466,0.11827,0.12156,0.01470,0.02851,0.01534,0.01500,0.01408,0.01463,0.01801,0.18750,0.09677,0.01887,0.02104,0.19594,0.01812,0.01588,0.01548,0.01830,0.02733
0.02761,0.06503,0.06170,0.01382,0.03710,0.01706,0.01425,0.01400,0.01595,0.01764,0.17702,0.27509,0.01665,0.01732,0.14714,0.01729,0.01316,0.01579,0.01570,0.02069
0.02652,0.12885,0.11834,0.01537,0.03637,0.01812,0.01725,0.01572,0.01396,0.01606,0.18052,0.11544,0.01657,0.01733,0.17493,0.01634,0.01728,0.01679,0.01887,0.01936
0.01398,0.18564,0.16447,0.01125,0.01662,0.01381,0.01250,0.01269,0.01246,0.01550,0.09200,0.23192,0.01459,0.02080,0.09248,0.01736,0.01695,0.01402,0.01742,0.02355
0.02338,0.08422,0.07934,0.01279,0.02787,0.01472,0.01468,0.01423,0.01416,0.01628,0.16815,0.22509,0.01865,0.02184,0.16461,0.01836,0.01850,0.01533,0.02078,0.02701
0.02647,0.12876,0.12825,0.01340,0.03589,0.01741,0.01521,0.01567,0.01499,0.01726,0.17621,0.10327,0.01754,0.01814,0.17366,0.01820,0.01653,0.01729,0.02003,0.02583
