0.04329,0.03687,0.02283,0.16830,0.04869,0.09700,0.22457,0.03933,0.03319,0.02153,0.01811,0.02368,0.04262,0.03129,0.02289,0.01843,0.01890,0.03505,0.01979,0.03366
0.05146,0.04007,0.02579,0.16962,0.05716,0.10295,0.21114,0.04823,0.03796,0.02355,0.01752,0.02306,0.03111,0.02942,0.02097,0.01870,0.01777,0.02781,0.01875,0.02695
0.05107,0.04103,0.02602,0.16393,0.05650,0.09754,0.19819,0.04310,0.04303,0.02332,0.01842,0.02577,0.03765,0.03288,0.02141,0.01945,0.01847,0.03223,0.01940,0.03059
0.05153,0.04016,0.02895,0.17554,0.05116,0.10267,0.20359,0.04280,0.03671,0.02323,0.01797,0.02565,0.03503,0.02970,0.02105,0.02177,0.01748,0.02706,0.01939,0.02856
0.05323,0.04148,0.03064,0.14293,0.05710,0.09271,0.16600,0.04774,0.03992,0.02324,0.02441,0.02818,0.03915,0.04156,0.02901,0.02754,0.02049,0.03469,0.02466,0.03532
0.04574,0.04050,0.02328,0.17585,0.04891,0.10499,0.20722,0.04045,0.03599,0.02282,0.01940,0.02423,0.03638,0.03275,0.02293,0.02183,0.01878,0.03094,0.01928,0.02770
0.04816,0.04005,0.02919,0.14675,0.05303,0.10032,0.18758,0.04449,0.03762,0.02336,0.02171,0.02645,0.03504,0.03764,0.02837,0.02732,0.02265,0.03280,0.02269,0.03478
0.05257,0.04607,0.02963,0.15080,0.05861,0.09727,0.17700,0.04833,0.04108,0.02852,0.02283,0.02703,0.03475,0.03337,0.02409,0.02108,0.02066,0.03144,0.02254,0.03233
0.04804,0.03836,0.02469,0.16760,0.05024,0.09812,0.23826,0.04311,0.03524,0.02285,0.01981,0.02056,0.03052,0.03428,0.02082,0.01926,0.01453,0.02625,0.02084,0.02664
0.05041,0.04207,0.02871,0.17203,0.05765,0.09079,0.22430,0.05165,0.03930,0.02558,0.01867,0.02067,0.02698,0.02763,0.02277,0.01822,0.01761,0.02373,0.01901,0.02223
0.03842,0.02967,0.01889,0.18937,0.04096,0.09197,0.34542,0.03363,0.02750,0.01821,0.01306,0.01661,0.02119,0.02125,0.01594,0.01370,0.01392,0.01899,0.01267,0.01863
0.04719,0.03562,0.02025,0.17889,0.04835,0.10642,0.27895,0.03906,0.02907,0.01815,0.01507,0.01917,0.02513,0.02609,0.01834,0.01599,0.01419,0.02553,0.01639,0.02214
0.04245,0.04117,0.02427,0.17410,0.04804,0.10430,0.22529,0.03953,0.03556,0.02229,0.01806,0.02171,0.03130,0.03375,0.02402,0.01996,0.01759,0.03026,0.01830,0.02806
0.04327,0.03223,0.01960,0.19582,0.04045,0.10197,0.29656,0.03396,0.03167,0.01982,0.01477,0.01907,0.02678,0.02227,0.01683,0.01329,0.01388,0.02094,0.01429,0.02255
0.04602,0.03688,0.02255,0.17035,0.04670,0.08857,0.23508,0.03968,0.03461,0.02053,0.01984,0.02339,0.03990,0.03058,0.02441,0.02108,0.01947,0.03335,0.01801,0.02898
0.05404,0.04216,0.03253,0.13829,0.06735,0.10343,0.16292,0.04663,0.04192,0.02667,0.02010,0.02985,0.04023,0.03898,0.02744,0.02055,0.01945,0.03300,0.02172,0.03273
0.03832,0.03162,0.01977,0.20049,0.04727,0.09154,0.31990,0.03281,0.02691,0.01717,0.01481,0.01837,0.02397,0.02183,0.01605,0.01393,0.01411,0.02095,0.01293,0.01725
0.04690,0.03650,0.02314,0.17547,0.05216,0.10698,0.23461,0.04277,0.03596,0.02270,0.01612,0.02181,0.03037,0.02717,0.02216,0.01946,0.01647,0.02545,0.01747,0.02633
0.05015,0.03896,0.02912,0.14729,0.05823,0.10086,0.17765,0.04323,0.03985,0.02523,0.02154,0.02759,0.03537,0.04032,0.02775,0.02514,0.02186,0.03599,0.02240,0.03148
0.05041,0.04096,0.02688,0.17408,0.05552,0.10142,0.21396,0.04367,0.03815,0.02161,0.01804,0.02271,0.03168,0.02769,0.02287,0.01841,0.01740,0.02801,0.01791,0.02863
0.04569,0.03646,0.02286,0.19043,0.04966,0.09366,0.25780,0.04414,0.03509,0.02287,0.01473,0.01974,0.02572,0.02736,0.01915,0.01592,0.01437,0.02366,0.01781,0.02286
0.04666,0.03704,0.02336,0.17524,0.05686,0.09738,0.22191,0.04542,0.03469,0.02114,0.01752,0.02352,0.03487,0.03024,0.02133,0.01902,0.01679,0.03065,0.01991,0.02646
0.04814,0.04020,0.02691,0.15421,0.05211,0.09602,0.19250,0.04274,0.03737,0.02057,0.01970,0.02741,0.04208,0.03973,0.02520,0.02230,0.01917,0.03728,0.02253,0.03383
0.04573,0.03651,0.02278,0.17287,0.05359,0.10726,0.23239,0.04482,0.03349,0.02043,0.01837,0.02145,0.02878,0.03158,0.01971,0.02055,0.01893,0.02567,0.01782,0.02727
0.04414,0.03449,0.02113,0.18795,0.05114,0.09966,0.26229,0.03958,0.03354,0.02200,0.01543,0.02082,0.02919,0.02455,0.01777,0.01465,0.01393,0.02654,0.01688,0.02429
0.04841,0.03781,0.02700,0.17680,0.05207,0.10227,0.22922,0.04253,0.03868,0.02118,0.01742,0.02210,0.03097,0.02730,0.02076,0.01926,0.01675,0.02575,0.01761,0.02612
0.04348,0.03773,0.02253,0.14771,0.04938,0.09397,0.21868,0.03829,0.03285,0.02093,0.02136,0.02728,0.04064,0.04093,0.02519,0.02361,0.01946,0.03569,0.02340,0.03689
0.05270,0.04039,0.02620,0.18598,0.05450,0.10515,0.23216,0.04370,0.03951,0.02236,0.01374,0.02042,0.02710,0.02483,0.01803,0.01659,0.01526,0.02376,0.01589,0.02171
0.04724,0.04051,0.02792,0.17289,0.05298,0.10327,0.22908,0.04473,0.03757,0.02271,0.01756,0.02228,0.02949,0.02570,0.02143,0.01826,0.01784,0.02512,0.01736,0.02607
0.04888,0.04007,0.02741,0.15496,0.05355,0.09911,0.22027,0.04692,0.04096,0.02405,0.01745,0.02347,0.03215,0.03237,0.02285,0.01992,0.01746,0.02964,0.01857,0.02993
0.04748,0.04082,0.02582,0.16676,0.05220,0.09583,0.23851,0.04374,0.03558,0.02235,0.01818,0.02270,0.03052,0.02752,0.02303,0.01686,0.01728,0.02861,0.01759,0.02860
0.04780,0.03861,0.02775,0.16141,0.05771,0.10186,0.20022,0.04441,0.03774,0.02410,0.02036,0.02672,0.03432,0.03165,0.02313,0.02030,0.01918,0.03348,0.01912,0.03011
0.05037,0.04087,0.02398,0.13292,0.05399,0.09486,0.18781,0.04562,0.03897,0.02514,0.01954,0.02891,0.04125,0.04410,0.02515,0.02365,0.02173,0.04054,0.02274,0.03788
0.05072,0.03738,0.02681,0.14887,0.05051,0.09582,0.19291,0.04261,0.03531,0.02405,0.02063,0.02781,0.04657,0.03736,0.02556,0.01946,0.02057,0.03616,0.02215,0.03875
0.05418,0.04240,0.02717,0.15869,0.05876,0.10116,0.18383,0.04504,0.03872,0.02409,0.02002,0.02784,0.03350,0.03551,0.02429,0.01876,0.02178,0.03208,0.02228,0.02992
0.04667,0.03658,0.02719,0.16167,0.05072,0.09645,0.19464,0.04118,0.03412,0.02211,0.02097,0.02813,0.03867,0.03931,0.02499,0.02249,0.02107,0.03415,0.02157,0.03733
0.05189,0.04296,0.02870,0.13787,0.05359,0.09672,0.16728,0.04486,0.04097,0.02240,0.02196,0.03301,0.04881,0.03991,0.02769,0.02316,0.02213,0.03739,0.02289,0.03583
0.04374,0.03816,0.02334,0.17640,0.04816,0.09718,0.24214,0.04265,0.03473,0.01909,0.01785,0.02214,0.03404,0.02788,0.02090,0.01828,0.01697,0.03015,0.01836,0.02784
0.05470,0.04015,0.02762,0.17719,0.06002,0.10860,0.23228,0.04494,0.04073,0.02369,0.01495,0.01893,0.02464,0.02357,0.01923,0.01597,0.01288,0.02336,0.01380,0.02277
0.04785,0.03911,0.02670,0.17989,0.05363,0.09735,0.21743,0.04449,0.03657,0.01963,0.01651,0.02239,0.03740,0.02805,0.02055,0.01592,0.01724,0.03157,0.01860,0.02914
0.04572,0.03915,0.02768,0.16059,0.04687,0.09501,0.20227,0.04086,0.03337,0.02197,0.02222,0.02893,0.03961,0.03759,0.02512,0.02233,0.02012,0.03557,0.02174,0.03327
0.04653,0.04174,0.02424,0.17690,0.05479,0.10368,0.20499,0.04229,0.03729,0.02335,0.01894,0.02296,0.03253,0.03069,0.02342,0.01938,0.01827,0.02970,0.01832,0.02999
0.04237,0.03298,0.01776,0.20455,0.04858,0.10015,0.30982,0.03620,0.03075,0.01697,0.01369,0.01492,0.02188,0.02025,0.01390,0.01343,0.01207,0.01855,0.01231,0.01889
0.05266,0.04619,0.02673,0.16514,0.05955,0.09963,0.21677,0.04921,0.04322,0.02910,0.01630,0.02007,0.02819,0.02717,0.01833,0.01661,0.01773,0.02627,0.01663,0.02450
0.04689,0.04132,0.02417,0.14262,0.05351,0.09726,0.17910,0.04110,0.03762,0.02072,0.02292,0.03003,0.04428,0.04070,0.03063,0.02415,0.02121,0.03845,0.02457,0.03875
0.05346,0.04717,0.03307,0.14751,0.05527,0.10136,0.17905,0.05199,0.04436,0.02610,0.02081,0.02888,0.03092,0.03427,0.02398,0.02024,0.01935,0.03137,0.02178,0.02907
0.04992,0.04326,0.03032,0.15701,0.05869,0.10137,0.19601,0.04483,0.04031,0.02237,0.01897,0.02545,0.03694,0.03117,0.02429,0.01904,0.01871,0.03131,0.02146,0.02858
0.04960,0.04009,0.02898,0.15989,0.05785,0.09381,0.20917,0.04959,0.04036,0.02476,0.01881,0.02485,0.03535,0.02944,0.02424,0.01927,0.02110,0.02956,0.01705,0.02623
0.03923,0.03652,0.02288,0.18025,0.04747,0.09025,0.27188,0.03669,0.02842,0.02143,0.01908,0.02218,0.03122,0.02609,0.02306,0.01776,0.01647,0.02582,0.01706,0.02625
0.03702,0.02810,0.02010,0.18955,0.04522,0.09765,0.32005,0.03432,0.02994,0.01725,0.01347,0.01806,0.02427,0.02200,0.01747,0.01444,0.01459,0.02256,0.01440,0.01957
0.04876,0.04190,0.02879,0.15626,0.05651,0.09912,0.18864,0.04512,0.03508,0.02666,0.01867,0.02693,0.03728,0.03346,0.02557,0.02289,0.02051,0.03369,0.02172,0.03243
0.04818,0.03798,0.02467,0.18382,0.05083,0.10032,0.23522,0.04238,0.03354,0.02185,0.01544,0.01983,0.03157,0.02793,0.02087,0.01761,0.01521,0.03041,0.01679,0.02555
0.05644,0.03839,0.02459,0.16978,0.05496,0.10574,0.22143,0.04550,0.03402,0.02246,0.01660,0.02324,0.02951,0.02984,0.02163,0.01684,0.01964,0.02547,0.01767,0.02624
0.04474,0.03445,0.02247,0.17849,0.04881,0.10175,0.26609,0.04068,0.03521,0.01955,0.01662,0.01996,0.02955,0.02677,0.02048,0.01628,0.01524,0.02444,0.01507,0.02335
0.04404,0.03644,0.02127,0.19113,0.04686,0.10867,0.25616,0.04008,0.03175,0.01820,0.01541,0.02141,0.02923,0.02397,0.01793,0.01561,0.01419,0.02635,0.01689,0.02442
0.04281,0.03613,0.02122,0.18438,0.04343,0.09127,0.27282,0.03790,0.03141,0.01880,0.01652,0.02195,0.02971,0.02855,0.01890,0.01741,0.01575,0.02703,0.01711,0.02690
0.04646,0.04049,0.02708,0.16059,0.05652,0.09968,0.22255,0.04360,0.03575,0.02303,0.01948,0.02581,0.03163,0.03003,0.02573,0.01976,0.01917,0.02849,0.01908,0.02506
0.04377,0.03418,0.02360,0.17253,0.04944,0.09668,0.23363,0.04036,0.03534,0.02045,0.01875,0.02578,0.03304,0.03053,0.02154,0.02150,0.01926,0.02998,0.01895,0.03068
0.05563,0.04360,0.03107,0.14867,0.05887,0.10002,0.16947,0.04899,0.04040,0.02584,0.02152,0.02810,0.03979,0.03206,0.02619,0.02230,0.02026,0.03044,0.02468,0.03211
0.04668,0.03651,0.02554,0.18248,0.05086,0.09994,0.23557,0.04563,0.03946,0.02360,0.01595,0.02212,0.03121,0.02587,0.02027,0.01632,0.01480,0.02527,0.01791,0.02403
0.04833,0.04179,0.03182,0.17768,0.05296,0.09040,0.22422,0.04317,0.03570,0.02513,0.01953,0.02427,0.03035,0.02769,0.02442,0.01735,0.01721,0.02560,0.01817,0.02423
0.05032,0.04155,0.02932,0.16072,0.05984,0.10324,0.19220,0.04255,0.03773,0.02374,0.01843,0.02819,0.03415,0.03418,0.02543,0.01988,0.01833,0.02984,0.01944,0.03091
0.04363,0.03465,0.02423,0.17799,0.04701,0.09404,0.23498,0.04021,0.03159,0.02580,0.01791,0.02400,0.03454,0.03096,0.02254,0.01927,0.01843,0.02995,0.02031,0.02797
0.04587,0.03623,0.02555,0.14788,0.04720,0.09098,0.19253,0.04187,0.03239,0.02347,0.02164,0.02802,0.05194,0.03843,0.02879,0.02189,0.02130,0.04395,0.02234,0.03775
0.05029,0.03955,0.02479,0.17625,0.05166,0.10528,0.21790,0.04277,0.03833,0.02274,0.01875,0.02088,0.03302,0.02697,0.02179,0.01986,0.01687,0.02714,0.01808,0.02708
0.05026,0.04123,0.02752,0.15798,0.05710,0.10351,0.18627,0.04802,0.03966,0.02379,0.02172,0.02740,0.03432,0.03359,0.02318,0.02176,0.01854,0.03362,0.02243,0.02809
0.05350,0.04240,0.02854,0.15643,0.05647,0.10424,0.19223,0.04749,0.04166,0.02905,0.01834,0.02623,0.03382,0.03011,0.02204,0.01975,0.01914,0.02888,0.02084,0.02883
0.04051,0.03463,0.02182,0.19256,0.04624,0.10414,0.27947,0.03849,0.03132,0.01699,0.01279,0.01940,0.02863,0.02543,0.01816,0.01492,0.01343,0.02303,0.01552,0.02251
0.05102,0.03995,0.02659,0.17577,0.05169,0.10359,0.21246,0.04506,0.03761,0.02401,0.01722,0.02377,0.03057,0.02950,0.02131,0.01886,0.01672,0.02710,0.01873,0.02847
0.05133,0.04573,0.03068,0.13576,0.05730,0.09677,0.16499,0.04753,0.04072,0.02615,0.02316,0.02865,0.03856,0.04284,0.02821,0.02414,0.02282,0.03616,0.02367,0.03483
0.04960,0.04081,0.02755,0.15267,0.06044,0.10405,0.19190,0.04745,0.03924,0.02522,0.01900,0.02723,0.03733,0.03077,0.02417,0.02220,0.01922,0.03112,0.02016,0.02986
0.05139,0.04022,0.02684,0.14853,0.05363,0.08976,0.16315,0.04360,0.03607,0.02599,0.02293,0.03398,0.04173,0.04055,0.02984,0.02393,0.02560,0.04238,0.02456,0.03533
0.05066,0.03905,0.02322,0.19667,0.05477,0.09648,0.21954,0.04487,0.03981,0.01999,0.01634,0.02280,0.02959,0.02538,0.02032,0.01926,0.01864,0.02299,0.01595,0.02365
0.03959,0.03397,0.02181,0.17897,0.04546,0.09438,0.26338,0.03631,0.03336,0.02057,0.01751,0.02253,0.03373,0.02825,0.01941,0.01718,0.01751,0.02938,0.01804,0.02864
0.05220,0.04333,0.02682,0.15820,0.05885,0.09902,0.19744,0.05037,0.03819,0.02409,0.01870,0.02699,0.03334,0.03076,0.02369,0.01966,0.02022,0.02807,0.02031,0.02976
0.05628,0.04679,0.03131,0.12828,0.05810,0.08707,0.15515,0.05027,0.04445,0.02860,0.02222,0.03006,0.04471,0.04005,0.02731,0.02519,0.02163,0.04105,0.02526,0.03622
0.05113,0.04010,0.02467,0.16719,0.05754,0.09992,0.22158,0.04620,0.03391,0.02429,0.01923,0.02115,0.03158,0.02861,0.02199,0.01982,0.01885,0.02796,0.01767,0.02661
0.04944,0.03993,0.02687,0.16823,0.05707,0.10121,0.21834,0.04363,0.03888,0.02047,0.02002,0.02366,0.03104,0.02904,0.02195,0.02040,0.01872,0.02870,0.01664,0.02573
0.04951,0.04201,0.02549,0.16719,0.04940,0.10127,0.20423,0.04177,0.03404,0.02096,0.01755,0.02636,0.04057,0.03325,0.02564,0.02066,0.01744,0.03310,0.01891,0.03067
0.04641,0.03716,0.02647,0.17419,0.05935,0.10132,0.26540,0.04145,0.03435,0.01963,0.01464,0.01772,0.02616,0.02431,0.01857,0.01554,0.01505,0.02426,0.01538,0.02263
0.05088,0.04696,0.03215,0.14377,0.05934,0.10143,0.17273,0.04625,0.04138,0.02599,0.02034,0.02744,0.04042,0.03603,0.02640,0.02069,0.02131,0.03336,0.02136,0.03177
0.05279,0.04534,0.03177,0.12624,0.06109,0.09063,0.14742,0.04628,0.04187,0.02603,0.02852,0.03206,0.04648,0.04482,0.02919,0.02826,0.02387,0.03805,0.02433,0.03496
0.04363,0.03360,0.02222,0.17589,0.04961,0.10461,0.26503,0.04058,0.03141,0.02039,0.01590,0.02065,0.02879,0.02622,0.01895,0.01558,0.01758,0.02896,0.01645,0.02395
0.04560,0.03719,0.02310,0.16313,0.05149,0.10727,0.22226,0.04354,0.03531,0.02299,0.01854,0.02121,0.03187,0.03281,0.02667,0.02192,0.01688,0.02932,0.01942,0.02948
0.04616,0.03666,0.02579,0.16654,0.05259,0.09797,0.22420,0.04392,0.03636,0.02176,0.01914,0.02617,0.03463,0.02972,0.02382,0.02114,0.01898,0.02721,0.01928,0.02795
0.04718,0.03882,0.02695,0.17819,0.05015,0.10013,0.22372,0.04426,0.03725,0.02283,0.01939,0.02376,0.03027,0.02794,0.02154,0.01754,0.01827,0.02753,0.01920,0.02509
0.05161,0.04380,0.02944,0.16192,0.05784,0.10257,0.18890,0.04809,0.04006,0.02512,0.01804,0.02439,0.03496,0.03301,0.02273,0.01978,0.01817,0.03077,0.02097,0.02781
0.05374,0.04272,0.02899,0.16792,0.05787,0.10319,0.22657,0.04579,0.04041,0.02492,0.01654,0.02148,0.02779,0.02518,0.02038,0.01600,0.01446,0.02406,0.01749,0.02451
0.04534,0.03969,0.02681,0.17214,0.05356,0.09764,0.21132,0.04391,0.03847,0.02287,0.01892,0.02389,0.03127,0.03292,0.02305,0.02022,0.01817,0.03048,0.02046,0.02886
0.05311,0.04701,0.03215,0.15480,0.05832,0.09642,0.19091,0.05368,0.03994,0.02572,0.02076,0.02510,0.02947,0.03261,0.02342,0.02127,0.01816,0.02872,0.02018,0.02826
0.04783,0.03937,0.02669,0.19343,0.05463,0.09628,0.24850,0.04049,0.03470,0.02156,0.01550,0.01903,0.02639,0.02483,0.01918,0.01628,0.01475,0.02161,0.01687,0.02209
0.04294,0.03026,0.02125,0.19254,0.04442,0.09309,0.30880,0.03661,0.02904,0.01717,0.01343,0.01869,0.02652,0.02150,0.01854,0.01404,0.01295,0.02356,0.01392,0.02075
0.04892,0.03765,0.02383,0.19591,0.05205,0.10328,0.26843,0.03863,0.03488,0.01977,0.01358,0.01818,0.02301,0.02192,0.01611,0.01255,0.01365,0.02142,0.01479,0.02144
0.04049,0.03205,0.02013,0.21328,0.04699,0.09453,0.29801,0.03730,0.03041,0.01668,0.01209,0.01702,0.02365,0.01963,0.01600,0.01320,0.01072,0.02250,0.01323,0.02208
0.04214,0.03602,0.02475,0.17453,0.04607,0.09045,0.21162,0.03881,0.03317,0.02074,0.01939,0.02698,0.03978,0.03597,0.02319,0.02052,0.02011,0.03631,0.02282,0.03666
0.05285,0.04031,0.02636,0.15165,0.05586,0.09522,0.18216,0.04664,0.03716,0.02451,0.01916,0.02922,0.04081,0.03549,0.02664,0.02381,0.01953,0.03480,0.02285,0.03499
0.04168,0.03486,0.02188,0.19141,0.04022,0.09015,0.29879,0.04091,0.02831,0.02002,0.01402,0.01876,0.02481,0.02413,0.01979,0.01660,0.01440,0.02227,0.01520,0.02179
0.05531,0.04281,0.02974,0.16258,0.05946,0.09896,0.19374,0.04789,0.04182,0.02451,0.01846,0.02378,0.03198,0.03124,0.02176,0.02107,0.01711,0.02854,0.02141,0.02783
0.04744,0.03576,0.02562,0.18515,0.04338,0.09989,0.25476,0.03804,0.03403,0.02067,0.01518,0.01915,0.03154,0.02770,0.02049,0.01940,0.01505,0.02435,0.01784,0.02455
0.05009,0.04132,0.02806,0.14908,0.05359,0.09145,0.17887,0.04285,0.03744,0.02347,0.02064,0.02810,0.04350,0.03808,0.02604,0.02295,0.02184,0.04382,0.02417,0.03463
