0.00000,0.00000,0.00000,0.00000,0.00000,0.00000,0.13224,0.00885,0.00000,0.00000,0.00000,0.00000,0.00000,0.31218,0.54571,0.00053,0.00050
0.00000,0.00000,0.00000,0.00000,0.00000,0.00000,0.31973,0.00000,0.00000,0.00000,0.00000,0.00000,0.00000,0.42199,0.25051,0.00175,0.00601
0.00000,0.00000,0.00000,0.00000,0.00000,0.00000,0.22643,0.04976,0.00000,0.00000,0.00000,0.00000,0.00000,0.23709,0.46765,0.00782,0.01125
0.00000,0.00000,0.00000,0.00000,0.00000,0.00000,0.00000,0.00000,0.00000,0.00000,0.00097,0.00090,0.00000,0.28878,0.66562,0.00291,0.04081
0.00000,0.00000,0.00000,0.00000,0.00000,0.00000,0.27135,0.31607,0.00000,0.00000,0.00000,0.00000,0.00000,0.04343,0.29790,0.00000,0.07125
0.00000,0.00000,0.00000,0.00000,0.00000,0.00000,0.00000,0.00000,0.02246,0.00037,0.00000,0.00000,0.00000,0.06054,0.84859,0.00184,0.06620
0.00000,0.00000,0.00000,0.00000,0.00000,0.00000,0.00000,0.00000,0.28936,0.00081,0.00000,0.00000,0.00000,0.50251,0.05900,0.14728,0.00105
0.00000,0.00000,0.00000,0.00000,0.00000,0.00000,0.00000,0.00000,0.10747,0.01259,0.00000,0.00000,0.00000,0.29870,0.24619,0.00018,0.33487
0.00000,0.00000,0.00000,0.00000,0.00000,0.00000,0.00000,0.00000,0.00000,0.00000,0.01187,0.00001,0.00000,0.19401,0.78645,0.00766,0.00000
0.00000,0.00000,0.00000,0.00000,0.00000,0.00000,0.11576,0.14147,0.00000,0.00000,0.00000,0.00000,0.00000,0.09991,0.64214,0.00036,0.00036
0.00000,0.00000,0.00000,0.00000,0.08835,0.11140,0.00000,0.00000,0.00000,0.00000,0.00000,0.00000,0.00000,0.68046,0.00513,0.00000,0.11466
0.00000,0.00000,0.00000,0.00000,0.00000,0.00000,0.00000,0.00000,0.14217,0.01136,0.00000,0.00000,0.00000,0.07620,0.15780,0.59516,0.01730
0.00000,0.00000,0.00000,0.00000,0.05011,0.64892,0.00000,0.00000,0.00000,0.00000,0.00000,0.00000,0.00000,0.21362,0.08163,0.00471,0.00101
0.00000,0.00000,0.00000,0.00000,0.00000,0.00000,0.00000,0.00000,0.00000,0.00000,0.04974,0.00000,0.00000,0.19132,0.36176,0.39698,0.00020
0.00000,0.00000,0.00000,0.00000,0.00000,0.00000,0.00000,0.00000,0.00000,0.00000,0.01255,0.18927,0.00000,0.22462,0.12091,0.44830,0.00434
0.00000,0.00000,0.00000,0.00000,0.00000,0.00000,0.00000,0.00000,0.40870,0.06948,0.00000,0.00000,0.04211,0.26590,0.03250,0.17108,0.01023
0.00000,0.00000,0.00000,0.00000,0.00000,0.00000,0.02095,0.35379,0.00000,0.00000,0.00000,0.00000,0.00000,0.40785,0.21309,0.00000,0.00432
0.00000,0.00000,0.00000,0.00000,0.00000,0.00000,0.12092,0.18531,0.00000,0.00000,0.00000,0.00000,0.00000,0.19649,0.25380,0.00357,0.23991
0.00000,0.00000,0.00000,0.00000,0.48711,0.00435,0.00000,0.00000,0.00000,0.00000,0.00000,0.00000,0.00000,0.27846,0.22911,0.00097,0.00000
0.00000,0.00000,0.00000,0.00000,0.00000,0.00000,0.00000,0.00000,0.00000,0.00000,0.21670,0.07586,0.00000,0.31694,0.37290,0.01684,0.00077
0.00000,0.00000,0.00000,0.00000,0.00000,0.00000,0.00000,0.00000,0.00000,0.00000,0.30177,0.00020,0.00000,0.15923,0.50722,0.00090,0.03068
0.04509,0.00176,0.00000,0.00000,0.00000,0.00000,0.00000,0.00000,0.00000,0.00000,0.00000,0.00000,0.00000,0.63827,0.20538,0.10388,0.00562
0.00000,0.00000,0.00000,0.00000,0.00000,0.00000,0.00000,0.00000,0.00000,0.00000,0.29383,0.06951,0.00000,0.27682,0.35885,0.00090,0.00010
0.00000,0.00000,0.07621,0.07773,0.00000,0.00000,0.00000,0.00000,0.00000,0.00000,0.00000,0.00000,0.00000,0.64522,0.16307,0.03652,0.00125
0.00000,0.00000,0.00000,0.00000,0.00000,0.00000,0.27081,0.00025,0.00000,0.00000,0.00000,0.00000,0.00045,0.13660,0.52632,0.05595,0.00962
0.00000,0.00000,0.00000,0.00000,0.00000,0.00000,0.00000,0.00000,0.00000,0.00000,0.02919,0.05320,0.20699,0.10927,0.48795,0.07657,0.03682
0.00000,0.00000,0.00000,0.00000,0.00000,0.00000,0.00000,0.00000,0.38383,0.00008,0.00000,0.00000,0.00000,0.30347,0.13213,0.01086,0.16963
0.00000,0.00000,0.00000,0.00000,0.00000,0.00000,0.18900,0.00011,0.00000,0.00000,0.00000,0.00000,0.00000,0.50772,0.17270,0.07015,0.06032
0.00000,0.00000,0.00000,0.00000,0.00000,0.00000,0.00000,0.00000,0.15473,0.05813,0.00000,0.00000,0.00000,0.70968,0.07343,0.00370,0.00033
0.00000,0.00000,0.00000,0.00000,0.00000,0.00000,0.00000,0.00000,0.00017,0.00000,0.00000,0.00000,0.00002,0.63499,0.17067,0.00031,0.19383
0.00000,0.00000,0.00000,0.00000,0.09860,0.05601,0.00000,0.00000,0.00000,0.00000,0.00000,0.00000,0.00000,0.05076,0.79284,0.00092,0.00086
0.00000,0.00000,0.00000,0.00000,0.00000,0.00000,0.00000,0.00000,0.06546,0.16957,0.00000,0.00000,0.00930,0.19218,0.08842,0.00001,0.47507
0.00000,0.00000,0.00000,0.00000,0.00000,0.00000,0.00000,0.00000,0.00000,0.00000,0.37091,0.00000,0.00051,0.01534,0.23208,0.00001,0.38115
0.00000,0.00000,0.00000,0.00000,0.00000,0.00000,0.00000,0.00000,0.02535,0.12014,0.00000,0.00000,0.00000,0.04873,0.57537,0.08481,0.14560
0.00000,0.00000,0.19102,0.00001,0.00000,0.00000,0.00000,0.00000,0.00000,0.00000,0.00000,0.00000,0.00000,0.51770,0.12696,0.16106,0.00325
0.00000,0.00000,0.00000,0.00000,0.00000,0.00000,0.14414,0.00061,0.00000,0.00000,0.00000,0.00000,0.00000,0.21198,0.56007,0.05076,0.03245
0.00000,0.00000,0.00000,0.00000,0.00000,0.00000,0.00000,0.00000,0.00000,0.00000,0.02228,0.00009,0.00000,0.48302,0.08051,0.40641,0.00769
0.00000,0.00000,0.00000,0.00000,0.05303,0.00000,0.00000,0.00000,0.00000,0.00000,0.00000,0.00000,0.00000,0.85519,0.08906,0.00063,0.00209
0.00000,0.00000,0.00000,0.00000,0.00000,0.00000,0.00000,0.00000,0.00000,0.00000,0.07580,0.02364,0.00000,0.15374,0.66895,0.07785,0.00001
0.00000,0.00000,0.00000,0.00000,0.02308,0.22214,0.00000,0.00000,0.00000,0.00000,0.00000,0.00000,0.00000,0.41263,0.34157,0.00059,0.00000
0.00000,0.00000,0.00000,0.00000,0.01255,0.00000,0.00000,0.00000,0.00000,0.00000,0.00000,0.00000,0.00000,0.48394,0.41648,0.08518,0.00185
0.00000,0.00000,0.00000,0.00000,0.00000,0.00000,0.00000,0.00000,0.00000,0.00000,0.57527,0.02096,0.00000,0.18255,0.16928,0.04956,0.00238
0.00000,0.00000,0.00000,0.00000,0.00000,0.00000,0.00000,0.00000,0.09602,0.00568,0.00000,0.00000,0.00000,0.63795,0.21644,0.04380,0.00011
0.00000,0.00000,0.00000,0.00000,0.02066,0.00037,0.00000,0.00000,0.00000,0.00000,0.00000,0.00000,0.00000,0.64474,0.33328,0.00074,0.00020
0.00000,0.00000,0.00000,0.00000,0.00000,0.00000,0.27530,0.06033,0.00000,0.00000,0.00000,0.00000,0.00000,0.08974,0.46316,0.00011,0.11136
0.00000,0.00000,0.00000,0.00000,0.00000,0.00000,0.10791,0.02055,0.00000,0.00000,0.00000,0.00000,0.00083,0.73324,0.02118,0.03314,0.08315
0.00000,0.00000,0.00000,0.00000,0.08877,0.56505,0.00000,0.00000,0.00000,0.00000,0.00000,0.00000,0.00000,0.01522,0.09812,0.22370,0.00914
0.00000,0.00000,0.00000,0.00000,0.00798,0.00458,0.00000,0.00000,0.00000,0.00000,0.00000,0.00000,0.00000,0.10352,0.36942,0.00003,0.51448
0.00000,0.00000,0.00000,0.00000,0.00000,0.00000,0.00000,0.00000,0.00000,0.00000,0.00132,0.02827,0.00000,0.20575,0.75160,0.00001,0.01305
0.00000,0.00000,0.00000,0.00000,0.00000,0.00000,0.05896,0.01314,0.00000,0.00000,0.00000,0.00000,0.01161,0.44326,0.43804,0.00001,0.03497
0.00000,0.00000,0.00000,0.00000,0.00000,0.00000,0.00000,0.00000,0.00000,0.00000,0.01298,0.00092,0.00000,0.01456,0.91982,0.00424,0.04749
0.00000,0.00000,0.00000,0.00000,0.00000,0.00000,0.00629,0.07578,0.00000,0.00000,0.00000,0.00000,0.00000,0.17732,0.18713,0.00044,0.55304
0.00000,0.00000,0.00000,0.00000,0.15137,0.47812,0.00000,0.00000,0.00000,0.00000,0.00000,0.00000,0.00000,0.31661,0.05089,0.00274,0.00027
0.00000,0.00000,0.00000,0.00000,0.00000,0.00000,0.00000,0.00000,0.56294,0.00627,0.00000,0.00000,0.00000,0.31114,0.11939,0.00025,0.00001
0.00000,0.00000,0.00000,0.00000,0.00000,0.00000,0.00000,0.00000,0.00000,0.00000,0.07011,0.00010,0.00000,0.51200,0.41214,0.00215,0.00350
0.00000,0.00000,0.00000,0.00000,0.00000,0.00000,0.72319,0.00032,0.00000,0.00000,0.00000,0.00000,0.00000,0.10943,0.10778,0.05764,0.00163
0.00000,0.00000,0.00000,0.00000,0.07563,0.00449,0.00000,0.00000,0.00000,0.00000,0.00000,0.00000,0.00000,0.08284,0.62538,0.03285,0.17880
0.00000,0.00000,0.00000,0.00000,0.00000,0.00000,0.36696,0.00006,0.00000,0.00000,0.00000,0.00000,0.00000,0.20885,0.06117,0.16606,0.19691
0.00000,0.00000,0.00000,0.00000,0.00000,0.00000,0.00000,0.00000,0.00000,0.00000,0.40199,0.00226,0.00000,0.13740,0.43179,0.00000,0.02655
0.00000,0.00000,0.00000,0.00000,0.00000,0.00000,0.30732,0.05209,0.00000,0.00000,0.00000,0.00000,0.00000,0.55816,0.08078,0.00008,0.00158
0.00000,0.00000,0.00000,0.00000,0.00000,0.00000,0.38253,0.00011,0.00000,0.00000,0.00000,0.00000,0.00000,0.26875,0.23004,0.00547,0.11310
0.00000,0.00000,0.00000,0.00000,0.00000,0.00000,0.01724,0.00165,0.00000,0.00000,0.00000,0.00000,0.00000,0.34506,0.58148,0.00003,0.05454
0.00000,0.00000,0.00000,0.00000,0.00000,0.00000,0.06317,0.19485,0.00000,0.00000,0.00000,0.00000,0.00000,0.64297,0.09901,0.00001,0.00001
0.00000,0.00000,0.00000,0.00000,0.02863,0.00000,0.00000,0.00000,0.00000,0.00000,0.00000,0.00000,0.00000,0.49079,0.35252,0.02458,0.10348
0.00000,0.00000,0.00000,0.00000,0.00000,0.00000,0.00000,0.00000,0.00000,0.00000,0.02941,0.00062,0.00000,0.30871,0.63430,0.00002,0.02693
0.00000,0.00000,0.00000,0.00000,0.00000,0.00000,0.00000,0.00000,0.00000,0.00000,0.19170,0.00001,0.00000,0.45340,0.32353,0.00090,0.03046
0.00000,0.00000,0.00000,0.00000,0.00000,0.00000,0.00000,0.00000,0.25918,0.00000,0.00000,0.00000,0.00000,0.65409,0.04969,0.02266,0.01438
0.08792,0.00005,0.00000,0.00000,0.00000,0.00000,0.00000,0.00000,0.00000,0.00000,0.00000,0.00000,0.00000,0.14408,0.70179,0.00337,0.06280
0.00000,0.00000,0.00000,0.00000,0.00000,0.00000,0.00000,0.00000,0.01901,0.00034,0.00000,0.00000,0.00000,0.23099,0.26250,0.48098,0.00619
0.00000,0.00000,0.00000,0.00000,0.00828,0.12463,0.00000,0.00000,0.00000,0.00000,0.00000,0.00000,0.00000,0.19799,0.65469,0.01225,0.00216
0.00000,0.00000,0.00000,0.00000,0.00000,0.00000,0.01651,0.00003,0.00000,0.00000,0.00000,0.00000,0.00000,0.12280,0.84259,0.00000,0.01806
0.08871,0.00004,0.00000,0.00000,0.00000,0.00000,0.00000,0.00000,0.00000,0.00000,0.00000,0.00000,0.00000,0.37516,0.40884,0.00031,0.12696
0.00000,0.00000,0.00000,0.00000,0.00000,0.00000,0.00000,0.00000,0.09502,0.12797,0.00000,0.00000,0.00000,0.35930,0.27998,0.00371,0.13403
0.00000,0.00000,0.00000,0.00000,0.18353,0.00077,0.00000,0.00000,0.00000,0.00000,0.00000,0.00000,0.00000,0.34993,0.33526,0.09538,0.03513
0.00000,0.00000,0.00000,0.00000,0.00360,0.33299,0.00000,0.00000,0.00000,0.00000,0.00000,0.00000,0.00000,0.61680,0.03296,0.00033,0.01333
0.00000,0.00000,0.08270,0.00317,0.00000,0.00000,0.00000,0.00000,0.00000,0.00000,0.00000,0.00000,0.00021,0.77249,0.11094,0.02285,0.00764
0.00000,0.00000,0.00000,0.00000,0.00000,0.00000,0.00000,0.00000,0.00000,0.00000,0.18586,0.26759,0.00000,0.20703,0.33606,0.00000,0.00346
0.00000,0.00000,0.00000,0.00000,0.00000,0.00000,0.00000,0.00000,0.10246,0.00049,0.00000,0.00000,0.00245,0.48707,0.25410,0.00004,0.15340
0.00000,0.00000,0.00128,0.00000,0.00000,0.00000,0.00000,0.00000,0.00000,0.00000,0.00000,0.00000,0.13659,0.10404,0.69114,0.00014,0.06681
0.00000,0.00000,0.00000,0.00000,0.04665,0.00080,0.00000,0.00000,0.00000,0.00000,0.00000,0.00000,0.31575,0.33030,0.09064,0.20686,0.00899
0.00000,0.00000,0.00000,0.00000,0.00000,0.00000,0.59060,0.02812,0.00000,0.00000,0.00000,0.00000,0.00000,0.06620,0.20675,0.00221,0.10612
0.00000,0.00000,0.00000,0.00000,0.02187,0.00000,0.00000,0.00000,0.00000,0.00000,0.00000,0.00000,0.00000,0.19341,0.66304,0.06163,0.06005
0.00000,0.00000,0.00000,0.00000,0.00000,0.00000,0.00000,0.00000,0.00000,0.00000,0.61289,0.00308,0.00000,0.09985,0.11360,0.00685,0.16372
0.00000,0.00000,0.00000,0.00000,0.00000,0.00000,0.01034,0.00521,0.00000,0.00000,0.00000,0.00000,0.00000,0.41124,0.52376,0.00930,0.04014
0.00000,0.00000,0.00000,0.00000,0.03591,0.04062,0.00000,0.00000,0.00000,0.00000,0.00000,0.00000,0.00000,0.82659,0.04765,0.04922,0.00000
0.00000,0.00000,0.00000,0.00000,0.00000,0.00000,0.00000,0.00000,0.00000,0.00000,0.13710,0.01921,0.00001,0.17485,0.51743,0.02407,0.12733
0.00000,0.00000,0.00000,0.00000,0.00372,0.00000,0.00000,0.00000,0.00000,0.00000,0.00000,0.00000,0.00000,0.22473,0.71983,0.04570,0.00603
0.00000,0.00000,0.00000,0.00000,0.00000,0.00000,0.00000,0.00000,0.00000,0.00000,0.05686,0.07448,0.00479,0.19165,0.67221,0.00001,0.00000
0.00000,0.00000,0.00000,0.00000,0.00000,0.00000,0.40003,0.04279,0.00000,0.00000,0.00000,0.00000,0.01593,0.24914,0.15744,0.00142,0.13325
0.00000,0.00000,0.00000,0.00000,0.00000,0.00000,0.00000,0.00000,0.24614,0.00648,0.00000,0.00000,0.00000,0.27266,0.08900,0.38561,0.00011
0.00000,0.00000,0.00000,0.00000,0.00000,0.00000,0.00000,0.00000,0.00000,0.00000,0.44950,0.03508,0.00000,0.41875,0.02747,0.00866,0.06054
0.00000,0.00000,0.00000,0.00000,0.00000,0.00000,0.00000,0.00000,0.00000,0.00000,0.00334,0.00295,0.00000,0.07213,0.92088,0.00008,0.00062
0.00000,0.00000,0.00000,0.00000,0.00000,0.00000,0.06625,0.07959,0.00000,0.00000,0.00000,0.00000,0.00000,0.42468,0.12583,0.02340,0.28024
0.00000,0.00000,0.00000,0.00000,0.00000,0.00000,0.00000,0.00000,0.00834,0.78798,0.00000,0.00000,0.00000,0.03786,0.06629,0.00337,0.09615
0.00000,0.00000,0.00000,0.00000,0.04539,0.00066,0.00000,0.00000,0.00000,0.00000,0.00000,0.00000,0.00000,0.46129,0.16480,0.04318,0.28468
0.00000,0.00000,0.00000,0.00000,0.00000,0.00000,0.00000,0.00000,0.00000,0.00000,0.00976,0.00000,0.00000,0.07146,0.59420,0.00001,0.32458
0.00000,0.00000,0.00000,0.00000,0.27901,0.01056,0.00000,0.00000,0.00000,0.00000,0.00000,0.00000,0.00000,0.18401,0.26199,0.00005,0.26438
0.00000,0.00000,0.00000,0.00000,0.00000,0.00000,0.16759,0.00054,0.00000,0.00000,0.00000,0.00000,0.00000,0.23641,0.08131,0.02780,0.48635
0.00000,0.00000,0.00000,0.00000,0.00000,0.00000,0.16871,0.00001,0.00000,0.00000,0.00000,0.00000,0.00000,0.02521,0.37802,0.00182,0.42623
0.00000,0.00000,0.00000,0.00000,0.00000,0.00000,0.00000,0.00000,0.29983,0.00008,0.00000,0.00000,0.00000,0.19420,0.27875,0.17874,0.04840
0.00000,0.00000,0.00000,0.00000,0.00000,0.00000,0.00000,0.00000,0.21797,0.00180,0.00000,0.00000,0.00000,0.30646,0.20258,0.00002,0.27117
0.00000,0.00000,0.00000,0.00000,0.00000,0.00000,0.04304,0.00000,0.00000,0.00000,0.00000,0.00000,0.00000,0.83104,0.12156,0.00421,0.00015
0.00000,0.00000,0.00000,0.00000,0.00000,0.00000,0.00000,0.00000,0.60735,0.05107,0.00000,0.00000,0.00000,0.14492,0.12033,0.07569,0.00064
0.00000,0.00000,0.00000,0.00000,0.00000,0.00000,0.00000,0.00000,0.24745,0.26534,0.00000,0.00000,0.00000,0.19919,0.28793,0.00000,0.00010
0.00000,0.00000,0.00000,0.00000,0.00000,0.00000,0.00000,0.00000,0.00000,0.00000,0.00378,0.00002,0.00000,0.41844,0.57686,0.00001,0.00089
0.00000,0.00000,0.04833,0.00085,0.00000,0.00000,0.00000,0.00000,0.00000,0.00000,0.00000,0.00000,0.00000,0.07663,0.80946,0.06123,0.00350
0.00000,0.00000,0.00000,0.00000,0.00000,0.00000,0.00000,0.00000,0.00000,0.00000,0.16094,0.00029,0.00033,0.05634,0.70138,0.00037,0.08036
0.00000,0.00000,0.00000,0.00000,0.00000,0.00000,0.20295,0.00064,0.00000,0.00000,0.00000,0.00000,0.00000,0.06638,0.72022,0.00037,0.00943
0.00000,0.00000,0.00000,0.00000,0.00000,0.00000,0.00000,0.00000,0.04221,0.00000,0.00000,0.00000,0.00000,0.58433,0.19481,0.03900,0.13965
0.00000,0.00000,0.00000,0.00000,0.00000,0.00000,0.00000,0.00000,0.04866,0.00549,0.00000,0.00000,0.00000,0.13812,0.32630,0.07130,0.41014
0.00000,0.00000,0.00000,0.00000,0.17022,0.00022,0.00000,0.00000,0.00000,0.00000,0.00000,0.00000,0.00000,0.26929,0.13545,0.37422,0.05062
0.00000,0.00000,0.00000,0.00000,0.00000,0.00000,0.16700,0.03298,0.00000,0.00000,0.00000,0.00000,0.00000,0.15462,0.64392,0.00136,0.00011
0.00000,0.00000,0.00000,0.00000,0.00000,0.00000,0.00000,0.00000,0.00000,0.00000,0.07622,0.10409,0.00018,0.09100,0.69086,0.00096,0.03670
0.00000,0.00000,0.00000,0.00000,0.00000,0.00000,0.00000,0.00000,0.34942,0.00008,0.00000,0.00000,0.00000,0.09241,0.42461,0.13348,0.00000
0.00000,0.00000,0.00000,0.00000,0.03253,0.21995,0.00000,0.00000,0.00000,0.00000,0.00000,0.00000,0.00000,0.67361,0.03200,0.02146,0.02045
0.00000,0.00000,0.02811,0.03970,0.00000,0.00000,0.00000,0.00000,0.00000,0.00000,0.00000,0.00000,0.00000,0.56961,0.10148,0.00007,0.26103
0.00000,0.00000,0.02996,0.00348,0.00000,0.00000,0.00000,0.00000,0.00000,0.00000,0.00000,0.00000,0.00000,0.02704,0.51630,0.40738,0.01584
0.00000,0.00000,0.00000,0.00000,0.00246,0.00006,0.00000,0.00000,0.00000,0.00000,0.00000,0.00000,0.00000,0.27548,0.13672,0.58396,0.00132
0.00000,0.00000,0.00000,0.00000,0.00000,0.00000,0.00000,0.00000,0.20856,0.00089,0.00000,0.00000,0.00000,0.30654,0.15781,0.00002,0.32618
0.00000,0.00000,0.00000,0.00000,0.00000,0.00000,0.00973,0.00221,0.00000,0.00000,0.00000,0.00000,0.00000,0.15298,0.32264,0.48948,0.02295
0.00000,0.00000,0.00000,0.00000,0.00000,0.00000,0.00000,0.00000,0.26453,0.00091,0.00000,0.00000,0.00000,0.21687,0.51117,0.00530,0.00122
0.00000,0.00000,0.00000,0.00000,0.00000,0.00000,0.00000,0.00000,0.02455,0.00004,0.00000,0.00000,0.00000,0.69920,0.20567,0.06460,0.00595
0.00000,0.00000,0.00000,0.00000,0.00000,0.00000,0.42578,0.00125,0.00000,0.00000,0.00000,0.00000,0.00000,0.33912,0.21554,0.01185,0.00646
0.00000,0.00000,0.00000,0.00000,0.12842,0.06831,0.00000,0.00000,0.00000,0.00000,0.00000,0.00000,0.00000,0.02837,0.75816,0.01469,0.00204
0.00000,0.00000,0.00000,0.00000,0.00000,0.00000,0.52722,0.00775,0.00000,0.00000,0.00000,0.00000,0.00000,0.37872,0.07512,0.00000,0.01118
0.00000,0.00000,0.00000,0.00000,0.00000,0.00000,0.29519,0.00001,0.00000,0.00000,0.00000,0.00000,0.00000,0.42637,0.21476,0.00000,0.06368
0.00000,0.00000,0.00000,0.00000,0.00000,0.00000,0.00097,0.27752,0.00000,0.00000,0.00000,0.00000,0.00281,0.33525,0.37613,0.00010,0.00723
0.00000,0.00000,0.00000,0.00000,0.00000,0.00000,0.00000,0.00000,0.60991,0.02133,0.00000,0.00000,0.00000,0.15016,0.19909,0.00099,0.01851
0.00000,0.00000,0.00000,0.00000,0.00000,0.00000,0.15559,0.00487,0.00000,0.00000,0.00000,0.00000,0.00000,0.30540,0.36549,0.14104,0.02760
0.00000,0.00000,0.00000,0.00000,0.00000,0.00000,0.00000,0.00000,0.00000,0.00000,0.18264,0.00031,0.01567,0.03064,0.19041,0.03503,0.54531
0.00000,0.00000,0.00000,0.00000,0.00000,0.00000,0.00000,0.00000,0.00000,0.00000,0.18204,0.00012,0.00000,0.08612,0.66486,0.00149,0.06537
0.00000,0.00000,0.00000,0.00000,0.05021,0.00000,0.00000,0.00000,0.00000,0.00000,0.00000,0.00000,0.00000,0.50892,0.43911,0.00000,0.00176
0.00000,0.00000,0.00000,0.00000,0.00000,0.00000,0.01860,0.00002,0.00000,0.00000,0.00000,0.00000,0.00002,0.34743,0.57248,0.00005,0.06140
0.00000,0.00000,0.00000,0.00000,0.00000,0.00000,0.00000,0.00000,0.00000,0.00000,0.00155,0.00001,0.00000,0.52956,0.45377,0.00089,0.01423
0.00000,0.00000,0.00000,0.00000,0.00000,0.00000,0.00000,0.00000,0.00000,0.00000,0.00074,0.00203,0.00524,0.09542,0.12991,0.00424,0.76242
0.00000,0.00000,0.00000,0.00000,0.38542,0.00000,0.00000,0.00000,0.00000,0.00000,0.00000,0.00000,0.00000,0.37663,0.23662,0.00111,0.00022
0.00000,0.00000,0.00000,0.00000,0.03512,0.00042,0.00000,0.00000,0.00000,0.00000,0.00000,0.00000,0.00000,0.20576,0.75594,0.00267,0.00009
0.00000,0.00000,0.00000,0.00000,0.00000,0.00000,0.14013,0.09237,0.00000,0.00000,0.00000,0.00000,0.00000,0.31325,0.37136,0.08245,0.00044
0.00000,0.00000,0.00000,0.00000,0.00000,0.00000,0.00000,0.00000,0.42727,0.11184,0.00000,0.00000,0.00000,0.24708,0.17265,0.04111,0.00005
0.00000,0.00000,0.00000,0.00000,0.00000,0.00000,0.00000,0.00000,0.03614,0.01371,0.00000,0.00000,0.00000,0.07464,0.26217,0.00431,0.60904
0.00000,0.00000,0.00000,0.00000,0.00000,0.00000,0.00949,0.01254,0.00000,0.00000,0.00000,0.00000,0.00000,0.18852,0.78944,0.00001,0.00001
0.00000,0.00000,0.00000,0.00000,0.00000,0.00000,0.04262,0.00002,0.00000,0.00000,0.00000,0.00000,0.00000,0.11999,0.48424,0.02870,0.32443
0.00000,0.00000,0.00000,0.00000,0.00645,0.00001,0.00000,0.00000,0.00000,0.00000,0.00000,0.00000,0.00000,0.62099,0.36034,0.01171,0.00051
0.00000,0.00000,0.00000,0.00000,0.19121,0.03009,0.00000,0.00000,0.00000,0.00000,0.00000,0.00000,0.00000,0.36022,0.23882,0.00101,0.17865
0.00000,0.00000,0.00000,0.00000,0.00000,0.00000,0.00000,0.00000,0.00000,0.00000,0.02479,0.00001,0.00000,0.24366,0.66083,0.00002,0.07069
0.00000,0.00000,0.00000,0.00000,0.00000,0.00000,0.00000,0.00000,0.00000,0.00000,0.14872,0.00017,0.00000,0.16626,0.27583,0.01126,0.39775
0.00000,0.00000,0.00000,0.00000,0.00000,0.00000,0.00000,0.00000,0.00000,0.00000,0.02259,0.06074,0.00013,0.47762,0.08750,0.32255,0.02887
0.00000,0.00000,0.00000,0.00000,0.00000,0.00000,0.00000,0.00000,0.03298,0.00000,0.00000,0.00000,0.00000,0.08474,0.83192,0.04746,0.00290
0.00000,0.00000,0.00000,0.00000,0.00000,0.00000,0.00000,0.00000,0.00000,0.00000,0.02837,0.12908,0.00000,0.38866,0.23354,0.00000,0.22034
0.00000,0.00000,0.00000,0.00000,0.00000,0.00000,0.54222,0.00000,0.00000,0.00000,0.00000,0.00000,0.00000,0.13288,0.23955,0.01010,0.07524
0.00000,0.00000,0.00000,0.00000,0.00000,0.00000,0.00000,0.00000,0.00000,0.00000,0.12436,0.01476,0.00000,0.16757,0.53390,0.00062,0.15879
0.00000,0.00000,0.00000,0.00000,0.00000,0.00000,0.00000,0.00000,0.06245,0.53016,0.00000,0.00000,0.00000,0.20278,0.20276,0.00003,0.00182
0.00000,0.00000,0.00000,0.00000,0.00000,0.00000,0.00000,0.00000,0.00000,0.00000,0.24890,0.15623,0.00000,0.22903,0.18520,0.17670,0.00394
0.00000,0.00000,0.00000,0.00000,0.01898,0.00000,0.00000,0.00000,0.00000,0.00000,0.00000,0.00000,0.00000,0.57658,0.05686,0.00000,0.34758
0.00000,0.00000,0.00000,0.00000,0.00000,0.00000,0.00000,0.00000,0.01637,0.11686,0.00000,0.00000,0.00000,0.83299,0.03351,0.00024,0.00002
0.00000,0.00000,0.00000,0.00000,0.10921,0.00013,0.00000,0.00000,0.00000,0.00000,0.00000,0.00000,0.00000,0.19776,0.65089,0.02546,0.01654
0.00000,0.00000,0.00000,0.00000,0.00000,0.00000,0.42929,0.01064,0.00000,0.00000,0.00000,0.00000,0.00000,0.39580,0.09562,0.00004,0.06861
0.00000,0.00000,0.00000,0.00000,0.00000,0.00000,0.00000,0.00000,0.01283,0.00000,0.00000,0.00000,0.00004,0.19900,0.78398,0.00005,0.00411
0.00000,0.00000,0.00000,0.00000,0.08109,0.00434,0.00000,0.00000,0.00000,0.00000,0.00000,0.00000,0.00000,0.17845,0.73605,0.00000,0.00006
0.00000,0.00000,0.00000,0.00000,0.00000,0.00000,0.00000,0.00000,0.00000,0.00000,0.07487,0.07241,0.00000,0.22833,0.33985,0.28038,0.00416
0.00000,0.00000,0.16040,0.03315,0.00000,0.00000,0.00000,0.00000,0.00000,0.00000,0.00000,0.00000,0.00000,0.00298,0.79878,0.00402,0.00066
0.00000,0.00000,0.00000,0.00000,0.00000,0.00000,0.00000,0.00000,0.05377,0.01422,0.00000,0.00000,0.00000,0.61100,0.25650,0.00045,0.06406
0.00000,0.00000,0.00000,0.00000,0.00000,0.00000,0.00000,0.00000,0.62781,0.00000,0.00000,0.00000,0.00000,0.04847,0.20615,0.00001,0.11755
0.00000,0.00000,0.00000,0.00000,0.20587,0.05718,0.00000,0.00000,0.00000,0.00000,0.00000,0.00000,0.00000,0.31207,0.42401,0.00000,0.00086
0.00000,0.00000,0.00000,0.00000,0.00000,0.00000,0.00000,0.00000,0.00599,0.00001,0.00000,0.00000,0.00011,0.26240,0.63665,0.02185,0.07299
0.00000,0.00000,0.00000,0.00000,0.00000,0.00000,0.00000,0.00000,0.00000,0.00000,0.00255,0.21391,0.00000,0.16507,0.48822,0.00019,0.13007
0.00000,0.00000,0.00000,0.00000,0.00000,0.00000,0.00000,0.00000,0.00594,0.00014,0.00000,0.00000,0.00000,0.19239,0.47092,0.05615,0.27446
0.00000,0.00000,0.00000,0.00000,0.00000,0.00000,0.00000,0.00000,0.00000,0.00000,0.59465,0.02229,0.00000,0.09007,0.04654,0.24421,0.00223
0.00000,0.00000,0.00000,0.00000,0.00000,0.00000,0.09534,0.02179,0.00000,0.00000,0.00000,0.00000,0.00000,0.68324,0.19898,0.00000,0.00065
0.00000,0.00000,0.00000,0.00000,0.00000,0.00000,0.04197,0.00126,0.00000,0.00000,0.00000,0.00000,0.00000,0.76634,0.18126,0.00088,0.00829
0.00000,0.00000,0.00000,0.00000,0.00000,0.00000,0.08082,0.20465,0.00000,0.00000,0.00000,0.00000,0.00000,0.11602,0.02765,0.57084,0.00002
0.00000,0.00000,0.00000,0.00000,0.00000,0.00000,0.00000,0.00000,0.01272,0.00136,0.00000,0.00000,0.00000,0.00726,0.85021,0.12845,0.00000
0.00000,0.00000,0.00000,0.00000,0.00000,0.00000,0.00000,0.00000,0.00000,0.00000,0.27542,0.04593,0.27601,0.26918,0.13302,0.00000,0.00045
0.00000,0.00000,0.00000,0.00000,0.41461,0.02249,0.00000,0.00000,0.00000,0.00000,0.00000,0.00000,0.00000,0.05703,0.44882,0.00007,0.05698
0.00000,0.00000,0.00000,0.00000,0.00000,0.00000,0.00000,0.00000,0.02332,0.13040,0.00000,0.00000,0.00000,0.32001,0.44747,0.06185,0.01696
0.00000,0.00000,0.00000,0.00000,0.00000,0.00000,0.22381,0.00000,0.00000,0.00000,0.00000,0.00000,0.00000,0.64775,0.12791,0.00039,0.00014
0.00000,0.00000,0.00000,0.00000,0.00000,0.00000,0.26564,0.03004,0.00000,0.00000,0.00000,0.00000,0.00000,0.38176,0.14459,0.00001,0.17795
0.00000,0.00000,0.00000,0.00000,0.00000,0.00000,0.00000,0.00000,0.00000,0.00000,0.04339,0.00081,0.00003,0.85027,0.00937,0.00012,0.09600
0.00000,0.00000,0.00000,0.00000,0.00000,0.00000,0.00000,0.00000,0.00243,0.00000,0.00000,0.00000,0.00000,0.71224,0.06164,0.19796,0.02573
0.00000,0.00000,0.00000,0.00000,0.00000,0.00000,0.02870,0.19940,0.00000,0.00000,0.00000,0.00000,0.00000,0.09593,0.65815,0.01782,0.00000
0.00000,0.00000,0.00000,0.00000,0.00000,0.00000,0.36331,0.04768,0.00000,0.00000,0.00000,0.00000,0.00000,0.33870,0.14935,0.00657,0.09438
0.00000,0.00000,0.00000,0.00000,0.00000,0.00000,0.00000,0.00000,0.00000,0.00000,0.11440,0.00004,0.00000,0.39112,0.32225,0.02228,0.14991
0.00000,0.00000,0.00000,0.00000,0.00000,0.00000,0.00000,0.00000,0.00000,0.00000,0.09191,0.00090,0.00000,0.16505,0.22449,0.51759,0.00005
0.00000,0.00000,0.00000,0.00000,0.00000,0.00000,0.00000,0.00000,0.21627,0.18236,0.00000,0.00000,0.00000,0.01758,0.58309,0.00052,0.00016
0.00000,0.00000,0.00000,0.00000,0.00000,0.00000,0.00049,0.01459,0.00000,0.00000,0.00000,0.00000,0.00000,0.09425,0.80566,0.00000,0.08501
0.00000,0.00000,0.00000,0.00000,0.00000,0.00000,0.00000,0.00000,0.03800,0.12422,0.00000,0.00000,0.00000,0.16772,0.43044,0.00235,0.23726
0.00000,0.00000,0.00000,0.00000,0.00000,0.00000,0.00000,0.00000,0.00000,0.00000,0.00636,0.00000,0.00000,0.53110,0.25399,0.17400,0.03455
0.00000,0.00000,0.00000,0.00000,0.18061,0.00000,0.00000,0.00000,0.00000,0.00000,0.00000,0.00000,0.00000,0.58034,0.16542,0.07330,0.00033
0.00000,0.00000,0.00000,0.00000,0.47561,0.00000,0.00000,0.00000,0.00000,0.00000,0.00000,0.00000,0.00000,0.46228,0.01737,0.02696,0.01778
0.00000,0.00000,0.00000,0.00000,0.30218,0.00000,0.00000,0.00000,0.00000,0.00000,0.00000,0.00000,0.00000,0.36574,0.27362,0.00000,0.05846
0.00000,0.00000,0.00000,0.00000,0.00000,0.00000,0.00000,0.00000,0.00000,0.00000,0.05923,0.01781,0.00000,0.31723,0.09806,0.15082,0.35685
0.00000,0.00000,0.00000,0.00000,0.00000,0.00000,0.00000,0.00000,0.23050,0.04872,0.00000,0.00000,0.07184,0.20502,0.43252,0.01105,0.00036
0.00000,0.00000,0.00000,0.00000,0.00000,0.00000,0.00000,0.00000,0.41977,0.00004,0.00000,0.00000,0.00000,0.05746,0.03928,0.47969,0.00377
0.00000,0.00000,0.00000,0.00000,0.00655,0.03338,0.00000,0.00000,0.00000,0.00000,0.00000,0.00000,0.00001,0.51025,0.41490,0.00007,0.03484
0.00000,0.00000,0.16262,0.00033,0.00000,0.00000,0.00000,0.00000,0.00000,0.00000,0.00000,0.00000,0.00000,0.42437,0.24032,0.16954,0.00282
0.00000,0.00000,0.00000,0.00000,0.07114,0.00000,0.00000,0.00000,0.00000,0.00000,0.00000,0.00000,0.00000,0.44410,0.33588,0.06138,0.08750
0.00000,0.00000,0.00000,0.00000,0.00000,0.00000,0.17389,0.00000,0.00000,0.00000,0.00000,0.00000,0.00000,0.13389,0.67735,0.01486,0.00000
0.00000,0.00000,0.00000,0.00000,0.00000,0.00000,0.00000,0.00000,0.00000,0.00000,0.01722,0.04777,0.00175,0.75256,0.16034,0.00399,0.01637
0.00000,0.00000,0.00000,0.00000,0.00000,0.00000,0.00000,0.00000,0.13102,0.21787,0.00000,0.00000,0.00000,0.22806,0.21959,0.00041,0.20305
0.00000,0.00000,0.00000,0.00000,0.00000,0.00000,0.00000,0.00000,0.24491,0.12310,0.00000,0.00000,0.00000,0.27741,0.16008,0.00113,0.19337
0.00000,0.00000,0.00000,0.00000,0.00000,0.00000,0.00000,0.00000,0.03161,0.00426,0.00000,0.00000,0.00000,0.77387,0.03848,0.00000,0.15179
0.00000,0.00000,0.00000,0.00000,0.00000,0.00000,0.00000,0.00000,0.00000,0.00000,0.21435,0.00000,0.00000,0.37313,0.40846,0.00074,0.00332
0.00000,0.00000,0.00000,0.00000,0.00000,0.00000,0.26855,0.00917,0.00000,0.00000,0.00000,0.00000,0.00000,0.41923,0.13518,0.00000,0.16787
0.00000,0.00000,0.00000,0.00000,0.13956,0.00001,0.00000,0.00000,0.00000,0.00000,0.00000,0.00000,0.00000,0.19906,0.31373,0.01336,0.33428
0.00000,0.00000,0.00000,0.00000,0.00000,0.00000,0.00000,0.00000,0.13200,0.02425,0.00000,0.00000,0.00000,0.50476,0.22511,0.10091,0.01297
0.00000,0.00000,0.00000,0.00000,0.00000,0.00000,0.00906,0.08005,0.00000,0.00000,0.00000,0.00000,0.00000,0.71490,0.15822,0.00004,0.03772
0.00000,0.00000,0.00000,0.00000,0.00000,0.00000,0.00000,0.00000,0.00000,0.00000,0.12208,0.01463,0.00000,0.16640,0.47707,0.06896,0.15087
0.00000,0.00000,0.00000,0.00000,0.00000,0.00000,0.19039,0.00599,0.00000,0.00000,0.00000,0.00000,0.00000,0.14339,0.63444,0.00278,0.02300
0.00000,0.00000,0.00000,0.00000,0.00000,0.00000,0.00000,0.00000,0.00000,0.00000,0.06983,0.00002,0.00000,0.65515,0.15873,0.00002,0.11625
0.00000,0.00000,0.00000,0.00000,0.00000,0.00000,0.00000,0.00000,0.00000,0.00000,0.31863,0.00000,0.00000,0.15477,0.52322,0.00012,0.00326
0.00000,0.00000,0.00000,0.00000,0.00000,0.00000,0.21732,0.00000,0.00000,0.00000,0.00000,0.00000,0.00000,0.24855,0.28640,0.00000,0.24773
0.00000,0.00000,0.00000,0.00000,0.00000,0.00000,0.00000,0.00000,0.00000,0.00000,0.28069,0.07159,0.00000,0.37639,0.25907,0.00000,0.01226
0.00000,0.00000,0.00000,0.00000,0.00000,0.00000,0.00000,0.00000,0.00000,0.00000,0.00000,0.00000,0.00000,0.24872,0.46715,0.00000,0.28413
0.00000,0.00000,0.00000,0.00000,0.00000,0.00000,0.00000,0.00000,0.00000,0.00000,0.11636,0.02010,0.00001,0.26965,0.57732,0.00356,0.01301
0.00000,0.00000,0.00000,0.00000,0.07307,0.10527,0.00000,0.00000,0.00000,0.00000,0.00000,0.00000,0.00000,0.14734,0.55948,0.00047,0.11437
0.00000,0.00000,0.00000,0.00000,0.00000,0.00000,0.00000,0.00000,0.11174,0.04851,0.00000,0.00000,0.00000,0.38392,0.32870,0.00000,0.12713
0.00000,0.00000,0.00000,0.00000,0.00000,0.00000,0.00000,0.00000,0.00490,0.02021,0.00000,0.00000,0.00003,0.56510,0.24559,0.00004,0.16412
0.00000,0.00000,0.00000,0.00000,0.00000,0.00000,0.00000,0.00000,0.00000,0.00000,0.17201,0.00000,0.00000,0.35072,0.47718,0.00000,0.00008
0.00000,0.00000,0.00000,0.00000,0.00000,0.00000,0.03002,0.00696,0.00000,0.00000,0.00000,0.00000,0.00072,0.31894,0.47564,0.01387,0.15385
0.00000,0.00000,0.00000,0.00000,0.00000,0.00000,0.00000,0.00000,0.22137,0.04972,0.00000,0.00000,0.06568,0.19755,0.45091,0.00501,0.00975
0.00000,0.00000,0.00000,0.00000,0.06182,0.00000,0.00000,0.00000,0.00000,0.00000,0.00000,0.00000,0.44337,0.11863,0.00334,0.00129,0.37156
0.00000,0.00000,0.00000,0.00000,0.00000,0.00000,0.00000,0.00000,0.00000,0.00000,0.00312,0.03517,0.00000,0.05316,0.17346,0.02354,0.71156
0.00000,0.00000,0.00000,0.00000,0.00000,0.00000,0.00000,0.00000,0.17058,0.13030,0.00000,0.00000,0.00000,0.31275,0.38043,0.00047,0.00547
0.00000,0.00000,0.00000,0.00000,0.00000,0.00000,0.00000,0.00000,0.11461,0.00002,0.00000,0.00000,0.00002,0.07972,0.75390,0.02192,0.02981
0.00000,0.00000,0.00000,0.00000,0.00000,0.00000,0.00000,0.00000,0.38245,0.01065,0.00000,0.00000,0.05555,0.09486,0.42349,0.00768,0.02532
0.00000,0.00000,0.00000,0.00000,0.00000,0.00000,0.00000,0.00000,0.20121,0.01006,0.00000,0.00000,0.00000,0.67751,0.08905,0.01634,0.00583
0.00000,0.00000,0.00000,0.00000,0.18342,0.00095,0.00000,0.00000,0.00000,0.00000,0.00000,0.00000,0.00000,0.59948,0.07890,0.13517,0.00209
0.00000,0.00000,0.00000,0.00000,0.00000,0.00000,0.08187,0.00000,0.00000,0.00000,0.00000,0.00000,0.00000,0.58315,0.33292,0.00026,0.00180
0.00000,0.00000,0.00000,0.00000,0.00000,0.00000,0.00000,0.00000,0.06145,0.00466,0.00000,0.00000,0.00000,0.04675,0.85005,0.00000,0.03710
0.00000,0.00000,0.00000,0.00000,0.00000,0.00000,0.00000,0.00000,0.00000,0.00000,0.16986,0.00958,0.00000,0.06950,0.73346,0.01760,0.00000
0.00000,0.00000,0.00000,0.00000,0.79340,0.00106,0.00000,0.00000,0.00000,0.00000,0.00000,0.00000,0.00000,0.12913,0.05318,0.00982,0.01341
0.00000,0.00000,0.00000,0.00000,0.00000,0.00000,0.00000,0.00000,0.01194,0.00000,0.00000,0.00000,0.00000,0.23143,0.68220,0.00016,0.07427
0.00000,0.00000,0.00000,0.00000,0.00000,0.00000,0.00000,0.00000,0.00000,0.00000,0.27034,0.00034,0.00026,0.43389,0.05940,0.00044,0.23534
0.00000,0.00000,0.00000,0.00000,0.00986,0.01263,0.00000,0.00000,0.00000,0.00000,0.00000,0.00000,0.00000,0.11614,0.03006,0.00000,0.83131
0.00000,0.00000,0.00000,0.00000,0.00000,0.00000,0.02527,0.00012,0.00000,0.00000,0.00000,0.00000,0.00000,0.25092,0.08760,0.00023,0.63585
0.00000,0.00000,0.00000,0.00000,0.00000,0.00000,0.00000,0.00000,0.04186,0.00001,0.00000,0.00000,0.00000,0.72369,0.20270,0.03038,0.00136
0.00000,0.00000,0.00000,0.00000,0.00000,0.00000,0.00000,0.00000,0.34493,0.03772,0.00000,0.00000,0.02037,0.21076,0.36910,0.00372,0.01340
0.00000,0.00000,0.00000,0.00000,0.00000,0.00000,0.09714,0.00639,0.00000,0.00000,0.00000,0.00000,0.01855,0.41247,0.45001,0.01113,0.00431
0.00000,0.00000,0.00000,0.00000,0.44029,0.00089,0.00000,0.00000,0.00000,0.00000,0.00000,0.00000,0.00000,0.31529,0.22575,0.00000,0.01779
0.00000,0.00000,0.00000,0.00000,0.00000,0.00000,0.00000,0.00000,0.08796,0.00001,0.00000,0.00000,0.00000,0.56232,0.34959,0.00008,0.00005
0.00000,0.00000,0.17874,0.00137,0.00000,0.00000,0.00000,0.00000,0.00000,0.00000,0.00000,0.00000,0.00000,0.05868,0.22553,0.00004,0.53564
0.00000,0.00000,0.00000,0.00000,0.00000,0.00000,0.00000,0.00000,0.21756,0.05298,0.00000,0.00000,0.00000,0.24618,0.48323,0.00000,0.00005
0.00000,0.00000,0.00000,0.00000,0.01850,0.00009,0.00000,0.00000,0.00000,0.00000,0.00000,0.00000,0.00000,0.07517,0.90619,0.00005,0.00000
0.00000,0.00000,0.00000,0.00000,0.00000,0.00000,0.01960,0.54802,0.00000,0.00000,0.00000,0.00000,0.08851,0.23287,0.09122,0.00311,0.01669
0.00000,0.00000,0.00000,0.00000,0.00000,0.00000,0.00000,0.00000,0.00000,0.00000,0.03855,0.00000,0.00000,0.24982,0.70817,0.00000,0.00345
0.00000,0.00000,0.00000,0.00000,0.18814,0.00002,0.00000,0.00000,0.00000,0.00000,0.00000,0.00000,0.00000,0.51568,0.22989,0.00000,0.06627
0.00000,0.00000,0.00000,0.00000,0.00000,0.00000,0.32741,0.00067,0.00000,0.00000,0.00000,0.00000,0.00000,0.49154,0.07787,0.00981,0.09269
0.00000,0.00000,0.00000,0.00000,0.00004,0.10972,0.00000,0.00000,0.00000,0.00000,0.00000,0.00000,0.00000,0.58674,0.14081,0.04542,0.11727
0.00000,0.00000,0.00000,0.00000,0.00467,0.00000,0.00000,0.00000,0.00000,0.00000,0.00000,0.00000,0.00000,0.66904,0.23225,0.04987,0.04417
0.00000,0.00000,0.00000,0.00000,0.00000,0.00000,0.07280,0.02673,0.00000,0.00000,0.00000,0.00000,0.00000,0.29575,0.45755,0.14356,0.00362
0.00000,0.00000,0.00000,0.00000,0.00000,0.00000,0.00000,0.00000,0.32716,0.00228,0.00000,0.00000,0.00000,0.47147,0.19815,0.00089,0.00004
0.00000,0.00000,0.00000,0.00000,0.17581,0.00089,0.00000,0.00000,0.00000,0.00000,0.00000,0.00000,0.00000,0.04866,0.77452,0.00003,0.00008
0.00000,0.00000,0.00000,0.00000,0.00000,0.00000,0.00000,0.00000,0.00000,0.00000,0.03090,0.00356,0.00000,0.35973,0.56459,0.04104,0.00018
0.00000,0.00000,0.00000,0.00000,0.00000,0.00000,0.00000,0.00000,0.00000,0.00000,0.07763,0.00887,0.00000,0.09356,0.21013,0.60474,0.00507
0.00000,0.00000,0.00000,0.00000,0.45421,0.09198,0.00000,0.00000,0.00000,0.00000,0.00000,0.00000,0.00000,0.15898,0.25731,0.00214,0.03538
0.00000,0.00000,0.00000,0.00000,0.00000,0.00000,0.00000,0.00000,0.00000,0.00000,0.01737,0.25306,0.00000,0.16450,0.52535,0.00496,0.03475
0.00000,0.00000,0.00000,0.00000,0.00000,0.00000,0.24534,0.00145,0.00000,0.00000,0.00000,0.00000,0.00000,0.28560,0.31089,0.00303,0.15369
0.00000,0.00000,0.00000,0.00000,0.00000,0.00000,0.09635,0.00001,0.00000,0.00000,0.00000,0.00000,0.00000,0.05894,0.16392,0.25996,0.42083
0.00000,0.00000,0.00000,0.00000,0.02225,0.39792,0.00000,0.00000,0.00000,0.00000,0.00000,0.00000,0.00000,0.21536,0.28038,0.05515,0.02893
0.00000,0.00000,0.00000,0.00000,0.00000,0.00000,0.28927,0.00000,0.00000,0.00000,0.00000,0.00000,0.00000,0.53242,0.15179,0.02652,0.00000
0.00000,0.00000,0.00000,0.00000,0.00000,0.00000,0.00000,0.00000,0.00000,0.00000,0.25827,0.05406,0.00000,0.46498,0.10519,0.00000,0.11750
0.00000,0.00000,0.00000,0.00000,0.46276,0.00059,0.00000,0.00000,0.00000,0.00000,0.00000,0.00000,0.00000,0.01996,0.49252,0.00069,0.02347
0.12277,0.06440,0.00000,0.00000,0.00000,0.00000,0.00000,0.00000,0.00000,0.00000,0.00000,0.00000,0.00000,0.11922,0.05349,0.00011,0.64002
0.00000,0.00000,0.00000,0.00000,0.00000,0.00000,0.39195,0.00009,0.00000,0.00000,0.00000,0.00000,0.00000,0.21699,0.37664,0.00351,0.01082
0.00000,0.00000,0.00000,0.00000,0.24813,0.00004,0.00000,0.00000,0.00000,0.00000,0.00000,0.00000,0.00000,0.14373,0.07732,0.00780,0.52298
0.00000,0.00000,0.00000,0.00000,0.00000,0.00000,0.03583,0.00004,0.00000,0.00000,0.00000,0.00000,0.00000,0.48538,0.45712,0.00227,0.01935
0.00000,0.00000,0.00000,0.00000,0.00000,0.00000,0.00000,0.00000,0.00000,0.00000,0.12740,0.00002,0.00000,0.28065,0.53556,0.05635,0.00001
0.00000,0.00000,0.00000,0.00000,0.00000,0.00000,0.04885,0.08828,0.00000,0.00000,0.00000,0.00000,0.00000,0.25805,0.28871,0.22180,0.09432
0.00000,0.00000,0.00000,0.00000,0.00000,0.00000,0.11561,0.00000,0.00000,0.00000,0.00000,0.00000,0.00000,0.35462,0.05893,0.00009,0.47075
0.00000,0.00000,0.00000,0.00000,0.00000,0.00000,0.00000,0.00000,0.00000,0.00000,0.03837,0.00330,0.00000,0.18681,0.76731,0.00420,0.00000
0.00000,0.00000,0.00000,0.00000,0.00000,0.00000,0.04551,0.04956,0.00000,0.00000,0.00000,0.00000,0.00000,0.00654,0.79494,0.00000,0.10345
0.00000,0.00000,0.00000,0.00000,0.00000,0.00000,0.00000,0.00000,0.25449,0.00000,0.00000,0.00000,0.00000,0.01507,0.66533,0.00754,0.05757
0.00000,0.00000,0.00000,0.00000,0.00000,0.00000,0.31762,0.13583,0.00000,0.00000,0.00000,0.00000,0.01614,0.19085,0.30326,0.00398,0.03232
0.00000,0.00000,0.00000,0.00000,0.00000,0.00000,0.00000,0.00000,0.00002,0.00000,0.00000,0.00000,0.00000,0.10591,0.71751,0.16047,0.01608
0.09823,0.07133,0.00000,0.00000,0.00000,0.00000,0.00000,0.00000,0.00000,0.00000,0.00000,0.00000,0.00000,0.19980,0.62613,0.00417,0.00034
0.00000,0.00000,0.00000,0.00000,0.19505,0.16685,0.00000,0.00000,0.00000,0.00000,0.00000,0.00000,0.00000,0.45953,0.17391,0.00011,0.00454
0.00000,0.00000,0.00000,0.00000,0.00000,0.00000,0.21131,0.00010,0.00000,0.00000,0.00000,0.00000,0.00000,0.20841,0.54148,0.02754,0.01116
0.00000,0.00000,0.00000,0.00000,0.00000,0.00000,0.00000,0.00000,0.03906,0.00000,0.00000,0.00000,0.00075,0.93442,0.02440,0.00000,0.00137
0.00000,0.00000,0.00000,0.00000,0.00000,0.00000,0.00000,0.00000,0.00000,0.00000,0.14693,0.00808,0.00000,0.28138,0.29897,0.21394,0.05070
0.00000,0.00000,0.00000,0.00000,0.00000,0.00000,0.00000,0.00000,0.57680,0.00956,0.00000,0.00000,0.00000,0.22834,0.02485,0.00020,0.16025
0.00000,0.00000,0.00000,0.00000,0.00000,0.00000,0.06112,0.00077,0.00000,0.00000,0.00000,0.00000,0.01878,0.05747,0.85977,0.00164,0.00045
0.00000,0.00000,0.00000,0.00000,0.00000,0.00000,0.66684,0.01112,0.00000,0.00000,0.00000,0.00000,0.01520,0.00835,0.27146,0.01800,0.00903
0.00000,0.00000,0.00000,0.00000,0.00000,0.00000,0.00000,0.00000,0.30575,0.33286,0.00000,0.00000,0.00000,0.28557,0.03504,0.00001,0.04078
0.00000,0.00000,0.26044,0.31325,0.00000,0.00000,0.00000,0.00000,0.00000,0.00000,0.00000,0.00000,0.00000,0.02047,0.04863,0.00360,0.35361
0.00000,0.00000,0.00083,0.12211,0.00000,0.00000,0.00000,0.00000,0.00000,0.00000,0.00000,0.00000,0.00144,0.29018,0.53404,0.05138,0.00002
0.00000,0.00000,0.00000,0.00000,0.00000,0.00000,0.00000,0.00000,0.05465,0.00033,0.00000,0.00000,0.00000,0.03761,0.07380,0.00860,0.82500
0.00000,0.00000,0.00000,0.00000,0.29718,0.34663,0.00000,0.00000,0.00000,0.00000,0.00000,0.00000,0.00000,0.15549,0.09413,0.06537,0.04120
0.00000,0.00000,0.00000,0.00000,0.00000,0.00000,0.00000,0.00000,0.00000,0.00000,0.00431,0.00823,0.10323,0.69494,0.15731,0.00062,0.03135
0.00000,0.00000,0.00000,0.00000,0.00000,0.00000,0.56240,0.10940,0.00000,0.00000,0.00000,0.00000,0.00000,0.09497,0.19307,0.00016,0.04000
0.00000,0.00000,0.00000,0.00000,0.00204,0.10298,0.00000,0.00000,0.00000,0.00000,0.00000,0.00000,0.00000,0.17163,0.35051,0.24844,0.12440
0.00000,0.00000,0.00000,0.00000,0.00011,0.06499,0.00000,0.00000,0.00000,0.00000,0.00000,0.00000,0.00212,0.50617,0.18448,0.24210,0.00004
0.00000,0.00000,0.00000,0.00000,0.00000,0.00000,0.00000,0.00000,0.00000,0.00000,0.00069,0.00580,0.00000,0.54568,0.35297,0.09442,0.00044
0.00000,0.00000,0.00000,0.00000,0.02777,0.06088,0.00000,0.00000,0.00000,0.00000,0.00000,0.00000,0.00000,0.06620,0.01307,0.35776,0.47432
0.00000,0.00000,0.00000,0.00000,0.02273,0.03560,0.00000,0.00000,0.00000,0.00000,0.00000,0.00000,0.00000,0.26055,0.66249,0.01702,0.00161
