0.22770,0.06207,0.16926,0.19208,0.10477,0.01157,0.10595,0.03206,0.00897,0.08558
0.09161,0.13924,0.22002,0.20453,0.21263,0.03926,0.01320,0.01949,0.02872,0.03129
0.08116,0.28830,0.40085,0.07031,0.07392,0.02585,0.01667,0.00954,0.01660,0.01680
0.13232,0.08778,0.15405,0.10145,0.02326,0.03621,0.21947,0.03388,0.00758,0.20400
0.17708,0.16784,0.21773,0.15191,0.09113,0.05778,0.03209,0.03894,0.01721,0.04828
0.33982,0.13958,0.15204,0.13834,0.12081,0.01407,0.02930,0.03458,0.01068,0.02076
0.11561,0.17063,0.30300,0.02348,0.02434,0.16770,0.01813,0.01049,0.14994,0.01667
0.20429,0.14213,0.13885,0.17298,0.09770,0.01270,0.09093,0.01903,0.01494,0.10646
0.02460,0.15958,0.17364,0.14103,0.15303,0.01613,0.14415,0.01929,0.01378,0.15477
0.23855,0.23489,0.11411,0.22155,0.15740,0.00655,0.00706,0.00504,0.00701,0.00784
0.22543,0.16816,0.17602,0.18864,0.10097,0.02097,0.03878,0.03780,0.01484,0.02838
0.27750,0.07872,0.29896,0.18716,0.07443,0.01137,0.01462,0.01503,0.01408,0.02814
0.05888,0.29316,0.23765,0.04335,0.16786,0.04874,0.04232,0.01893,0.03143,0.05769
0.33366,0.08535,0.11504,0.03316,0.34183,0.02386,0.01876,0.01563,0.01209,0.02061
0.03765,0.31478,0.32744,0.09302,0.04968,0.06597,0.01588,0.01490,0.05836,0.02232
0.07831,0.32552,0.39552,0.05991,0.06982,0.00849,0.01599,0.02105,0.01390,0.01149
0.18075,0.25336,0.22710,0.18916,0.07027,0.02886,0.00702,0.00927,0.02544,0.00877
0.23933,0.13450,0.30481,0.08999,0.02841,0.02704,0.05210,0.03102,0.03131,0.06150
0.20237,0.17836,0.34047,0.10835,0.08126,0.02735,0.01579,0.00944,0.01090,0.02572
0.18779,0.04036,0.24278,0.02954,0.03056,0.03863,0.16720,0.16830,0.02872,0.06612
0.33382,0.05774,0.27263,0.12519,0.15726,0.02141,0.00620,0.00513,0.01070,0.00991
0.19532,0.20015,0.28910,0.08107,0.13098,0.02599,0.02396,0.01437,0.01605,0.02301
0.18583,0.18887,0.36426,0.02436,0.02887,0.09167,0.02309,0.02481,0.04842,0.01982
0.18662,0.08265,0.16510,0.15603,0.12913,0.14984,0.01771,0.00737,0.08605,0.01948
0.20040,0.16611,0.39367,0.10239,0.09767,0.00800,0.00977,0.01031,0.00344,0.00822
0.13459,0.24856,0.31778,0.04076,0.10208,0.03493,0.02598,0.02620,0.03951,0.02961
0.26380,0.17389,0.14797,0.24276,0.10155,0.01121,0.01241,0.01609,0.00926,0.02105
0.18977,0.20973,0.27172,0.08885,0.09502,0.02220,0.01084,0.03512,0.01716,0.05960
0.13068,0.04679,0.16287,0.16175,0.17667,0.15050,0.00682,0.01780,0.12792,0.01821
0.18263,0.21044,0.36124,0.08895,0.07654,0.01033,0.02661,0.00832,0.01031,0.02464
0.24678,0.21005,0.24733,0.20031,0.01789,0.01004,0.02076,0.01449,0.01012,0.02223
0.12398,0.11108,0.38615,0.10323,0.18483,0.01056,0.01383,0.01064,0.02540,0.03030
0.23953,0.09192,0.29468,0.06136,0.11873,0.03391,0.03812,0.04523,0.05459,0.02194
0.15927,0.30608,0.25171,0.11701,0.12570,0.00927,0.00751,0.00657,0.00777,0.00910
0.12071,0.32917,0.24997,0.00775,0.23503,0.01238,0.01250,0.01109,0.00904,0.01236
0.12580,0.16723,0.07438,0.11454,0.14980,0.06565,0.11758,0.11854,0.05294,0.01355
0.07957,0.19794,0.17844,0.12562,0.12630,0.11948,0.01824,0.00912,0.11903,0.02624
0.14355,0.27947,0.20847,0.07533,0.08523,0.03066,0.06537,0.03289,0.02965,0.04938
0.18876,0.14872,0.15145,0.09189,0.21091,0.01218,0.08577,0.00875,0.01130,0.09027
0.23877,0.18204,0.33741,0.05446,0.12912,0.01683,0.01281,0.01038,0.00797,0.01023
0.27415,0.15280,0.35384,0.10635,0.06813,0.01878,0.00644,0.00373,0.00839,0.00739
0.14901,0.25249,0.21128,0.14336,0.15362,0.00998,0.02778,0.01581,0.00913,0.02755
0.24665,0.15784,0.30227,0.07996,0.09303,0.01665,0.04135,0.04241,0.01241,0.00743
0.18842,0.27532,0.25932,0.20209,0.02539,0.01729,0.00550,0.00736,0.01221,0.00711
0.19815,0.18587,0.26770,0.14482,0.10664,0.03399,0.00908,0.00762,0.03390,0.01224
0.08302,0.15824,0.23539,0.39156,0.03971,0.02729,0.02019,0.01932,0.00924,0.01605
0.29846,0.12337,0.42111,0.04140,0.02980,0.01288,0.01575,0.01239,0.01887,0.02596
0.17258,0.17669,0.22702,0.21235,0.15023,0.01268,0.01174,0.01584,0.01064,0.01023
0.12837,0.20962,0.32309,0.10241,0.10021,0.04296,0.02577,0.02674,0.01554,0.02529
0.08676,0.14938,0.15680,0.13995,0.15542,0.02344,0.07221,0.11054,0.02265,0.08286
0.06941,0.34679,0.37908,0.04534,0.10035,0.00799,0.00749,0.01128,0.02144,0.01083
0.26970,0.09061,0.33799,0.03823,0.04307,0.01575,0.08207,0.01570,0.01275,0.09413
0.29343,0.07364,0.36610,0.03285,0.08758,0.03293,0.02238,0.02931,0.04243,0.01935
0.16092,0.17519,0.05335,0.26646,0.27369,0.02048,0.00655,0.00901,0.02132,0.01304
0.13946,0.14044,0.29726,0.02371,0.02219,0.16346,0.01391,0.02545,0.14715,0.02698
0.04003,0.21150,0.22823,0.17429,0.18474,0.02909,0.01603,0.02976,0.02272,0.06362
0.11347,0.18897,0.34189,0.08564,0.16657,0.02031,0.02521,0.02386,0.01066,0.02341
0.05330,0.23567,0.39905,0.03312,0.18614,0.02254,0.01766,0.01548,0.01637,0.02068
0.06943,0.22145,0.22409,0.12531,0.12960,0.01361,0.07442,0.03874,0.01689,0.08646
0.12593,0.19141,0.22880,0.09371,0.10337,0.02508,0.02843,0.08693,0.01897,0.09737
0.16288,0.16904,0.22608,0.14074,0.03399,0.13008,0.01825,0.01307,0.07283,0.03304
0.19358,0.24104,0.28164,0.05127,0.19243,0.01227,0.00624,0.00592,0.00702,0.00858
0.37209,0.05641,0.37401,0.03301,0.03208,0.08449,0.00917,0.00988,0.01479,0.01407
0.02793,0.16194,0.26419,0.07969,0.06655,0.06601,0.11626,0.01413,0.07490,0.12840
0.30797,0.11069,0.22763,0.04434,0.22855,0.00993,0.01264,0.01653,0.01473,0.02698
0.06952,0.37533,0.29266,0.04667,0.14970,0.01413,0.01392,0.01045,0.01047,0.01715
0.09426,0.32769,0.18129,0.06751,0.26932,0.01360,0.00957,0.01153,0.01312,0.01212
0.09370,0.15535,0.25458,0.14538,0.16866,0.00757,0.03222,0.01393,0.06064,0.06798
0.07477,0.11375,0.09329,0.05578,0.10448,0.04731,0.22261,0.12149,0.03351,0.13302
0.16472,0.18255,0.22395,0.14230,0.03797,0.01210,0.05740,0.10101,0.02325,0.05475
0.05950,0.18287,0.42974,0.05422,0.08249,0.03070,0.06502,0.05052,0.01702,0.02792
0.05070,0.22680,0.19226,0.11241,0.08767,0.00718,0.10234,0.04692,0.01901,0.15471
0.04511,0.06800,0.09635,0.13582,0.03320,0.13921,0.18530,0.07880,0.08676,0.13145
0.20349,0.19528,0.44366,0.02118,0.02250,0.03895,0.01192,0.02053,0.01510,0.02739
0.18178,0.15598,0.25492,0.11136,0.09428,0.00774,0.02430,0.07494,0.03070,0.06401
0.22969,0.30299,0.33859,0.04779,0.04269,0.01028,0.00761,0.00393,0.00639,0.01003
0.07303,0.36963,0.24088,0.05823,0.21045,0.00907,0.01145,0.00916,0.00588,0.01220
0.06720,0.20760,0.28054,0.19913,0.20661,0.00730,0.00699,0.00663,0.00785,0.01015
0.33662,0.13263,0.04735,0.31301,0.11161,0.01344,0.01016,0.00692,0.01708,0.01118
0.16805,0.25974,0.38396,0.03293,0.03643,0.02611,0.01566,0.01283,0.03400,0.03029
0.10085,0.23211,0.08218,0.07852,0.23102,0.02416,0.00722,0.10883,0.01684,0.11826
0.34974,0.03496,0.11280,0.29962,0.05712,0.05520,0.01298,0.00747,0.04675,0.02338
0.05675,0.33642,0.38433,0.02325,0.03814,0.04736,0.02195,0.03213,0.02692,0.03275
0.29370,0.12856,0.35784,0.09834,0.02491,0.01931,0.02328,0.01604,0.01554,0.02247
0.09560,0.15639,0.20376,0.19716,0.20438,0.01567,0.03588,0.02537,0.01191,0.05389
0.17044,0.06123,0.22316,0.09162,0.03536,0.01680,0.16133,0.07063,0.02120,0.14822
0.11246,0.18359,0.14418,0.16201,0.09067,0.05910,0.06994,0.01220,0.06667,0.09916
0.05662,0.15884,0.07984,0.06987,0.12329,0.05722,0.10699,0.10512,0.09317,0.14903
0.13548,0.21237,0.34866,0.06350,0.06167,0.02780,0.05804,0.00971,0.00753,0.07525
0.23025,0.12824,0.45307,0.09796,0.03339,0.01670,0.00488,0.00591,0.01896,0.01063
0.06757,0.21610,0.61706,0.03196,0.02948,0.00657,0.00560,0.00679,0.00506,0.01381
0.10157,0.06693,0.34134,0.08349,0.23378,0.01857,0.02211,0.02458,0.01879,0.08884
0.12567,0.17902,0.26505,0.19750,0.19267,0.00603,0.00922,0.00824,0.00434,0.01227
0.04013,0.09900,0.15984,0.03265,0.11479,0.03269,0.22352,0.01723,0.02254,0.25760
0.06246,0.06055,0.06175,0.27869,0.28977,0.06317,0.06954,0.01111,0.01786,0.08510
0.10725,0.29891,0.29303,0.08538,0.11774,0.02440,0.00844,0.01449,0.03509,0.01527
0.11008,0.09978,0.19228,0.08545,0.09172,0.00875,0.19596,0.01573,0.00833,0.19193
0.20829,0.18768,0.23565,0.19062,0.02055,0.05640,0.02953,0.01106,0.02628,0.03394
0.03767,0.18674,0.36389,0.02545,0.09876,0.06466,0.00954,0.05215,0.05289,0.10826
0.02871,0.13282,0.15044,0.06043,0.07613,0.05208,0.16709,0.08364,0.10232,0.14635
0.16137,0.23159,0.10836,0.15343,0.18266,0.07348,0.02302,0.01205,0.02246,0.03159
0.10767,0.16021,0.15725,0.09311,0.41221,0.01630,0.01232,0.01552,0.01410,0.01131
0.08223,0.06297,0.10932,0.31161,0.33048,0.01346,0.02243,0.01787,0.01327,0.03637
0.03367,0.24436,0.06562,0.22325,0.32638,0.02474,0.01787,0.01393,0.02489,0.02530
0.19291,0.09100,0.25478,0.06312,0.05304,0.05304,0.09887,0.02097,0.05430,0.11797
0.07098,0.12214,0.14999,0.31496,0.06097,0.02756,0.11653,0.11212,0.01257,0.01219
0.17403,0.13711,0.22607,0.12362,0.12769,0.04774,0.03090,0.01552,0.08525,0.03207
0.16167,0.04539,0.17630,0.13692,0.13193,0.02853,0.13385,0.00779,0.02562,0.15200
0.07767,0.02720,0.05653,0.06194,0.02973,0.03141,0.33861,0.12463,0.02556,0.22672
0.07471,0.09638,0.08122,0.19393,0.20554,0.23020,0.02973,0.03753,0.02681,0.02395
0.08779,0.12598,0.21392,0.05818,0.16930,0.00663,0.14659,0.01185,0.01054,0.16924
0.26553,0.07029,0.30380,0.04618,0.01164,0.15937,0.01085,0.00992,0.10747,0.01494
0.22460,0.15590,0.19179,0.08852,0.21599,0.00904,0.03312,0.02756,0.00716,0.04634
0.19107,0.22033,0.22981,0.17631,0.08863,0.02120,0.01548,0.01608,0.01716,0.02393
0.21237,0.18498,0.14536,0.04280,0.26975,0.03891,0.02459,0.01630,0.02422,0.04073
0.20377,0.19316,0.17544,0.03370,0.23363,0.02419,0.02823,0.03250,0.02894,0.04643
0.06611,0.20888,0.10389,0.17792,0.04133,0.16395,0.03384,0.03210,0.13248,0.03949
0.04369,0.34789,0.25937,0.06445,0.15130,0.02568,0.02556,0.01578,0.01713,0.04916
0.03009,0.20347,0.18622,0.02238,0.19151,0.03255,0.06491,0.10580,0.03176,0.13131
0.13307,0.21616,0.32768,0.09129,0.04276,0.00891,0.07029,0.01298,0.01583,0.08102
0.04198,0.37476,0.16236,0.02280,0.31146,0.01441,0.01644,0.02463,0.01019,0.02096
0.38332,0.05065,0.45952,0.01959,0.02727,0.01176,0.01522,0.00752,0.00805,0.01711
0.07541,0.33176,0.41712,0.04400,0.04514,0.01342,0.02483,0.01344,0.01220,0.02268
0.23932,0.16680,0.23302,0.03396,0.20779,0.05427,0.00899,0.01661,0.01817,0.02107
0.18919,0.07715,0.11535,0.17904,0.06872,0.12830,0.03671,0.05283,0.08537,0.06733
0.21907,0.13778,0.16211,0.20131,0.11808,0.06687,0.01747,0.02174,0.04288,0.01268
0.11904,0.27353,0.40617,0.02805,0.02753,0.02444,0.05121,0.00597,0.00805,0.05602
0.34020,0.10287,0.41631,0.04779,0.02540,0.01389,0.01702,0.00747,0.01042,0.01863
0.23256,0.14512,0.25397,0.07292,0.22713,0.01052,0.01406,0.01295,0.01570,0.01508
0.18590,0.13042,0.23622,0.08794,0.10212,0.09644,0.04070,0.02150,0.05486,0.04392
0.11883,0.28626,0.32281,0.09271,0.08442,0.03033,0.00895,0.01481,0.01571,0.02518
0.28725,0.13871,0.18004,0.25050,0.03915,0.03217,0.01352,0.01416,0.01734,0.02716
0.18784,0.09092,0.16407,0.02970,0.03937,0.13156,0.04979,0.08706,0.09666,0.12302
0.21657,0.05991,0.26865,0.05233,0.05753,0.09137,0.06783,0.07430,0.09362,0.01788
0.18934,0.12738,0.27020,0.15955,0.12400,0.01842,0.03019,0.01778,0.03085,0.03230
0.25500,0.06185,0.32895,0.03599,0.25933,0.01168,0.01276,0.01031,0.00754,0.01657
0.17087,0.07059,0.20730,0.21431,0.22699,0.01914,0.01502,0.02408,0.03453,0.01717
0.07717,0.21080,0.28252,0.09663,0.04548,0.01741,0.11935,0.01236,0.01381,0.12447
0.08348,0.25168,0.23776,0.06510,0.25108,0.02580,0.00871,0.01334,0.04533,0.01773
0.18427,0.18537,0.21990,0.12690,0.17648,0.01743,0.01737,0.02167,0.00879,0.04182
0.09516,0.28191,0.30761,0.05611,0.07171,0.00803,0.02589,0.06725,0.02503,0.06130
0.29347,0.04164,0.07509,0.14466,0.26988,0.01746,0.07021,0.00529,0.01260,0.06970
0.16584,0.11101,0.05367,0.18333,0.20758,0.04373,0.08729,0.06211,0.04324,0.04220
0.08492,0.22560,0.20928,0.11944,0.11944,0.04659,0.05030,0.04945,0.06070,0.03427
0.20339,0.13712,0.11173,0.18599,0.12264,0.03710,0.06616,0.07288,0.03996,0.02302
0.13587,0.26447,0.19578,0.05427,0.22819,0.02364,0.02062,0.02932,0.01457,0.03326
0.18197,0.08082,0.24388,0.05493,0.05811,0.01606,0.16618,0.17188,0.01450,0.01168
0.07771,0.33967,0.17447,0.04568,0.27301,0.01899,0.01630,0.01714,0.01863,0.01840
0.23622,0.09613,0.30384,0.04932,0.10485,0.04503,0.03174,0.02745,0.04342,0.06201
0.18409,0.15611,0.21480,0.11687,0.16045,0.06269,0.01439,0.00752,0.05735,0.02575
0.17530,0.07274,0.23660,0.03471,0.18395,0.01985,0.11881,0.00694,0.01879,0.13232
0.08494,0.15352,0.23794,0.19015,0.03693,0.03535,0.10664,0.08930,0.03570,0.02953
0.15832,0.18677,0.42623,0.08725,0.06569,0.01214,0.01398,0.01237,0.00976,0.02751
0.03314,0.30466,0.10936,0.18092,0.25007,0.02636,0.01018,0.02261,0.01417,0.04854
0.09343,0.19868,0.14508,0.16025,0.04981,0.01309,0.15282,0.07569,0.01556,0.09558
0.08844,0.14368,0.18438,0.34727,0.06621,0.03871,0.01826,0.03076,0.03754,0.04475
0.05600,0.28789,0.09991,0.05013,0.23777,0.03420,0.09095,0.01705,0.03490,0.09120
0.13126,0.21373,0.19469,0.14512,0.02542,0.03852,0.07792,0.07949,0.07096,0.02288
0.08553,0.11777,0.18721,0.25856,0.26278,0.00824,0.02465,0.02240,0.01640,0.01646
0.06480,0.10662,0.17206,0.01629,0.02654,0.04442,0.25242,0.23301,0.03563,0.04821
0.06297,0.12998,0.17760,0.04786,0.13112,0.24736,0.03466,0.04077,0.10480,0.02289
0.06974,0.04722,0.10601,0.13063,0.17898,0.02670,0.02932,0.09274,0.24689,0.07178
0.04493,0.25426,0.07061,0.18254,0.37434,0.01020,0.01361,0.01580,0.00929,0.02442
0.03783,0.23407,0.25964,0.36268,0.02600,0.02082,0.00974,0.01059,0.02655,0.01207
0.09919,0.09244,0.14925,0.21833,0.05673,0.15897,0.03439,0.01114,0.13444,0.04513
0.09746,0.27313,0.40288,0.04798,0.06053,0.05397,0.00907,0.01572,0.02546,0.01381
0.16064,0.21622,0.34514,0.12283,0.08384,0.01693,0.01214,0.01106,0.01727,0.01393
0.22580,0.03746,0.23717,0.01608,0.04519,0.05845,0.13454,0.01632,0.08242,0.14657
0.22182,0.21055,0.10064,0.17105,0.14801,0.00893,0.05493,0.05402,0.00785,0.02221
0.07079,0.37009,0.46830,0.02458,0.02253,0.01378,0.00591,0.00595,0.00940,0.00867
0.12852,0.29381,0.18139,0.09871,0.22780,0.01401,0.01091,0.01701,0.00742,0.02041
0.15250,0.10715,0.29583,0.13253,0.22834,0.01211,0.01363,0.02221,0.02633,0.00937
0.09606,0.13746,0.21419,0.07586,0.19671,0.05342,0.08622,0.01009,0.03944,0.09055
0.22010,0.08182,0.27932,0.12343,0.13176,0.02118,0.02315,0.03778,0.06098,0.02048
0.22583,0.19242,0.40609,0.03800,0.04136,0.01853,0.02580,0.02858,0.01014,0.01324
0.06219,0.13537,0.20861,0.17532,0.18389,0.05859,0.02446,0.02940,0.09487,0.02730
0.06986,0.21319,0.22940,0.09212,0.09382,0.01267,0.11973,0.01935,0.00978,0.14008
0.15802,0.29411,0.21487,0.19906,0.01792,0.02009,0.01261,0.01109,0.05346,0.01878
0.08750,0.13355,0.19253,0.11334,0.05379,0.02118,0.15160,0.03627,0.02471,0.18552
0.17374,0.23163,0.29178,0.03505,0.14786,0.01234,0.03113,0.01421,0.00746,0.05479
0.08842,0.19600,0.20524,0.33259,0.09981,0.03282,0.00690,0.00531,0.02377,0.00913
0.19177,0.22139,0.24294,0.14931,0.14358,0.00496,0.01265,0.00936,0.00590,0.01815
0.12777,0.20854,0.25492,0.08689,0.12076,0.07723,0.02444,0.03546,0.02150,0.04248
0.21293,0.11886,0.29498,0.02864,0.08387,0.01193,0.10778,0.04653,0.00891,0.08557
0.03782,0.33124,0.35350,0.07284,0.03493,0.00889,0.05447,0.07173,0.02219,0.01240
0.03430,0.18077,0.19526,0.12916,0.13195,0.00612,0.14802,0.01048,0.00641,0.15751
0.30099,0.16492,0.35406,0.06713,0.06692,0.00773,0.01065,0.00415,0.00837,0.01507
0.17104,0.18681,0.25470,0.04870,0.12207,0.02598,0.01460,0.07461,0.03218,0.06930
0.14167,0.17036,0.28516,0.09639,0.06287,0.02694,0.06591,0.03240,0.02663,0.09167
0.33741,0.14513,0.27775,0.03838,0.04714,0.05646,0.02016,0.02537,0.02138,0.03082
0.34096,0.09999,0.41660,0.04364,0.03218,0.00698,0.01740,0.02101,0.00730,0.01393
0.26165,0.11823,0.33308,0.07339,0.03547,0.01008,0.06457,0.01848,0.00899,0.07607
0.10193,0.25918,0.15815,0.20769,0.02445,0.01096,0.05035,0.07124,0.03508,0.08097
0.23162,0.15687,0.22862,0.12200,0.19220,0.02318,0.01153,0.01421,0.00923,0.01053
0.05654,0.34406,0.32417,0.04311,0.16290,0.01550,0.01595,0.00704,0.01000,0.02073
0.06750,0.11059,0.13904,0.21172,0.21924,0.11244,0.04063,0.02984,0.04970,0.01931
0.14363,0.15551,0.26743,0.08041,0.11807,0.08787,0.02761,0.02560,0.07411,0.01975
0.21052,0.19943,0.28477,0.13368,0.10661,0.01715,0.00855,0.01155,0.01359,0.01416
0.14265,0.13324,0.08515,0.09859,0.10373,0.04407,0.16674,0.10765,0.03906,0.07910
0.15657,0.23357,0.27773,0.11450,0.13471,0.02363,0.01288,0.01148,0.02244,0.01250
0.07944,0.16144,0.15475,0.10110,0.08727,0.15248,0.01548,0.06687,0.10282,0.07834
0.15425,0.05743,0.13244,0.20280,0.10471,0.12585,0.01117,0.03832,0.12200,0.05102
0.12297,0.27551,0.31867,0.09311,0.10054,0.01901,0.02333,0.01275,0.01263,0.02148
0.03574,0.25952,0.36440,0.02168,0.07113,0.04687,0.05930,0.03828,0.06175,0.04133
0.13772,0.21006,0.20980,0.10915,0.16219,0.01196,0.04915,0.01113,0.00699,0.09185
0.11243,0.31442,0.37207,0.01899,0.10369,0.00872,0.01968,0.00826,0.00846,0.03329
0.22339,0.12463,0.26643,0.08514,0.19925,0.04416,0.00829,0.01459,0.01533,0.01878
0.19851,0.04543,0.05984,0.02610,0.19562,0.22780,0.01642,0.02262,0.17196,0.03569
0.36749,0.08114,0.45157,0.03083,0.01945,0.00843,0.00859,0.00960,0.01103,0.01187
0.08475,0.14791,0.24978,0.12937,0.12818,0.07999,0.04065,0.01274,0.07404,0.05257
0.17920,0.08839,0.17954,0.07198,0.09735,0.01113,0.15969,0.01372,0.02305,0.17596
0.06708,0.18858,0.23960,0.10251,0.03751,0.13858,0.02023,0.02794,0.12983,0.04814
0.28989,0.07761,0.35245,0.03177,0.01485,0.00975,0.10201,0.10661,0.00988,0.00518
0.02618,0.41597,0.42369,0.01543,0.07619,0.01012,0.00425,0.00537,0.01062,0.01217
0.16337,0.19308,0.20570,0.13576,0.16753,0.06333,0.01398,0.01151,0.02902,0.01672
0.07736,0.29474,0.10238,0.24696,0.10148,0.01989,0.05895,0.04509,0.01622,0.03694
0.17764,0.07554,0.05797,0.41920,0.17812,0.02126,0.00864,0.02531,0.01398,0.02235
0.24997,0.06814,0.24233,0.12702,0.13214,0.04368,0.03013,0.01696,0.02945,0.06019
0.08595,0.31725,0.29291,0.05915,0.18626,0.00809,0.01192,0.00973,0.00627,0.02247
0.09144,0.16472,0.41183,0.06556,0.15837,0.01718,0.02766,0.01231,0.01904,0.03189
0.05412,0.15737,0.33339,0.03545,0.11728,0.01637,0.12891,0.12393,0.01177,0.02142
0.03641,0.23944,0.25830,0.02536,0.08708,0.02085,0.13696,0.13468,0.03556,0.02536
0.27800,0.13732,0.35172,0.06723,0.06160,0.01278,0.01214,0.01571,0.03810,0.02540
0.26435,0.14182,0.14978,0.23263,0.10988,0.01978,0.01484,0.01121,0.03188,0.02383
0.06513,0.36768,0.15438,0.04318,0.29317,0.02731,0.01230,0.00827,0.00805,0.02053
0.21624,0.19500,0.27579,0.14831,0.03008,0.01071,0.01215,0.03794,0.02465,0.04913
0.26923,0.08363,0.29172,0.09566,0.10441,0.02261,0.01937,0.02711,0.05030,0.03595
0.15926,0.11746,0.19735,0.06219,0.37904,0.01579,0.01355,0.01386,0.01973,0.02177
0.31182,0.38543,0.12652,0.05605,0.05867,0.01235,0.01751,0.01376,0.01004,0.00785
0.04077,0.11754,0.07447,0.07843,0.20737,0.15543,0.09464,0.01028,0.11711,0.10397
0.23857,0.11586,0.33292,0.09375,0.09113,0.03046,0.02068,0.03634,0.00926,0.03102
0.16909,0.25218,0.34189,0.00690,0.13855,0.01291,0.03266,0.00926,0.00467,0.03190
0.35840,0.11388,0.40364,0.05025,0.01991,0.00880,0.01058,0.00969,0.01100,0.01385
0.22335,0.09593,0.29218,0.09170,0.03488,0.01482,0.09232,0.00991,0.02166,0.12323
0.16043,0.13181,0.21202,0.19640,0.09590,0.03471,0.02697,0.05881,0.03061,0.05233
0.22388,0.10745,0.35406,0.06385,0.06002,0.00561,0.07741,0.08251,0.01011,0.01511
0.05641,0.31386,0.30324,0.06765,0.07182,0.03710,0.02938,0.04137,0.04049,0.03867
0.11185,0.17642,0.36239,0.09170,0.06335,0.07898,0.01023,0.01262,0.08588,0.00660
0.37426,0.36396,0.06517,0.05917,0.05557,0.01438,0.01149,0.03178,0.00739,0.01682
0.19398,0.11155,0.14878,0.09809,0.17098,0.08159,0.04967,0.03622,0.08073,0.02842
0.21556,0.18954,0.20189,0.18601,0.12937,0.01020,0.02047,0.01315,0.01808,0.01572
0.18417,0.22043,0.37403,0.07959,0.08499,0.00552,0.00665,0.01567,0.00612,0.02283
0.07174,0.07513,0.07856,0.03565,0.04752,0.02557,0.25376,0.26238,0.03956,0.11015
0.06114,0.13057,0.07892,0.12075,0.03925,0.09327,0.19075,0.01842,0.04669,0.22024
0.07102,0.23191,0.25902,0.03060,0.03820,0.13686,0.01520,0.03286,0.13817,0.04617
0.22645,0.19630,0.26271,0.11329,0.11026,0.01854,0.01281,0.01714,0.02326,0.01924
0.22195,0.19835,0.36894,0.04602,0.09050,0.01482,0.01480,0.00735,0.01231,0.02496
0.18255,0.15610,0.23996,0.16256,0.12055,0.02879,0.03323,0.00963,0.01583,0.05081
0.37340,0.24306,0.07864,0.04702,0.17745,0.01483,0.01284,0.01508,0.01151,0.02616
0.06346,0.11199,0.10664,0.05934,0.59834,0.01600,0.00941,0.01114,0.00997,0.01370
0.11937,0.07963,0.16373,0.03698,0.19628,0.02596,0.15947,0.01567,0.01791,0.18501
0.22592,0.06464,0.28063,0.07946,0.08677,0.01098,0.09147,0.06599,0.02748,0.06666
0.08359,0.21725,0.21026,0.03486,0.03826,0.16820,0.01846,0.01574,0.17687,0.03651
0.13327,0.20632,0.19044,0.14363,0.13691,0.07494,0.01067,0.02116,0.06155,0.02111
0.34933,0.06209,0.43550,0.02059,0.04069,0.01487,0.02157,0.01624,0.01014,0.02899
0.11077,0.20372,0.22166,0.17993,0.18624,0.01560,0.01356,0.01717,0.03429,0.01706
0.14826,0.13490,0.21394,0.08819,0.11320,0.14569,0.04710,0.03535,0.05641,0.01696
0.30100,0.16964,0.18930,0.26034,0.01699,0.00814,0.02252,0.00498,0.00504,0.02205
0.10778,0.15804,0.15565,0.14165,0.20271,0.09795,0.02036,0.01587,0.06685,0.03314
0.28049,0.12891,0.40921,0.06439,0.06636,0.01997,0.00560,0.00661,0.00982,0.00863
0.10869,0.10301,0.14768,0.10411,0.09922,0.05256,0.17546,0.16967,0.01490,0.02470
0.12025,0.09356,0.16945,0.43899,0.06684,0.02241,0.03350,0.01185,0.01202,0.03114
0.14822,0.16835,0.20723,0.12608,0.13298,0.12313,0.03092,0.02030,0.02563,0.01715
0.03895,0.32901,0.14847,0.02386,0.26564,0.02175,0.04879,0.04948,0.02667,0.04738
0.12555,0.11808,0.25458,0.21316,0.21599,0.01913,0.01890,0.01592,0.01014,0.00856
0.16562,0.11128,0.22223,0.22725,0.07321,0.02241,0.05637,0.05004,0.01324,0.05834
0.15367,0.24507,0.23196,0.17953,0.08000,0.03071,0.01337,0.01176,0.03636,0.01757
0.21562,0.10596,0.34880,0.05848,0.06388,0.00937,0.08376,0.03649,0.01573,0.06190
0.22461,0.07709,0.23147,0.12380,0.12395,0.06247,0.03897,0.01404,0.05988,0.04370
0.16117,0.15686,0.14148,0.12591,0.17657,0.13546,0.01132,0.01159,0.05561,0.02403
0.12252,0.17580,0.23511,0.10803,0.10229,0.03269,0.08666,0.01409,0.01970,0.10310
0.30723,0.11894,0.36431,0.05435,0.03027,0.01305,0.04088,0.01309,0.01414,0.04374
0.05257,0.30311,0.30727,0.03155,0.21097,0.02236,0.01781,0.01188,0.02444,0.01804
0.13894,0.09099,0.10916,0.11444,0.03325,0.07761,0.20128,0.18596,0.02601,0.02236
0.16580,0.16135,0.26275,0.22733,0.09066,0.01166,0.02246,0.03123,0.01009,0.01667
0.08054,0.30914,0.36177,0.04122,0.05598,0.01144,0.03183,0.02904,0.01121,0.06782
0.21323,0.10830,0.26519,0.05607,0.20695,0.03982,0.02300,0.02048,0.02200,0.04496
0.08748,0.28447,0.30429,0.11929,0.12815,0.01162,0.02000,0.01252,0.01574,0.01644
0.04014,0.02964,0.08924,0.03071,0.06214,0.01105,0.33973,0.01212,0.00773,0.37750
0.09819,0.31961,0.30034,0.07382,0.11174,0.00951,0.01498,0.02174,0.00880,0.04126
0.27480,0.18438,0.34658,0.10296,0.03007,0.00852,0.01056,0.00925,0.02032,0.01257
0.11025,0.10045,0.12926,0.52670,0.07542,0.00725,0.01497,0.01554,0.00968,0.01047
0.11769,0.14156,0.15510,0.21943,0.22711,0.05037,0.01610,0.01488,0.02560,0.03216
0.05033,0.10007,0.15745,0.04338,0.08010,0.01446,0.23690,0.03755,0.03083,0.24893
0.27271,0.11955,0.25516,0.13476,0.10221,0.01451,0.03455,0.01012,0.01093,0.04550
0.12494,0.25344,0.26013,0.03256,0.16354,0.03730,0.03809,0.01760,0.02294,0.04946
0.28685,0.13270,0.24384,0.06915,0.07493,0.00750,0.08259,0.00427,0.00795,0.09022
0.29031,0.20936,0.38934,0.03577,0.03336,0.00367,0.00645,0.01240,0.00537,0.01398
0.13176,0.10467,0.19085,0.05237,0.29311,0.03963,0.04227,0.02614,0.04840,0.07080
0.18563,0.16895,0.20775,0.11309,0.18879,0.05575,0.02902,0.00978,0.01405,0.02719
0.20489,0.06081,0.25036,0.20092,0.20261,0.01697,0.00726,0.01393,0.01406,0.02818
0.24208,0.17451,0.24772,0.21083,0.03374,0.01191,0.02179,0.01508,0.01082,0.03152
0.28199,0.09382,0.20920,0.02265,0.20366,0.05549,0.01030,0.01324,0.07277,0.03688
0.23277,0.15185,0.30590,0.08642,0.07253,0.05524,0.00782,0.01132,0.06562,0.01053
0.09043,0.27617,0.18748,0.07394,0.23480,0.02245,0.01690,0.02636,0.02526,0.04621
0.11053,0.13415,0.32927,0.09125,0.08249,0.05492,0.06107,0.02900,0.03478,0.07253
0.18980,0.04478,0.22405,0.15721,0.15815,0.04320,0.05988,0.00542,0.04516,0.07234
0.13743,0.20468,0.34438,0.13223,0.13644,0.01095,0.00734,0.00926,0.00548,0.01182
0.07761,0.26517,0.29650,0.04520,0.05058,0.05228,0.06299,0.06117,0.04879,0.03972
0.12737,0.11152,0.15305,0.28608,0.08918,0.01020,0.03764,0.08535,0.00932,0.09029
