0.25540,0.10980,0.28054,0.10492,0.10053,0.01887,0.04027,0.01708,0.01664,0.05594
0.21196,0.10132,0.18792,0.15088,0.15223,0.01510,0.07937,0.01527,0.01822,0.06773
0.13681,0.09606,0.12477,0.08688,0.08991,0.03109,0.13660,0.02823,0.02921,0.24046
0.23825,0.08747,0.15802,0.11152,0.29951,0.01638,0.02379,0.01879,0.01792,0.02834
0.20572,0.18828,0.09098,0.20150,0.05701,0.01499,0.11404,0.01658,0.02368,0.08722
0.14527,0.06379,0.35969,0.17426,0.17634,0.00833,0.02887,0.00676,0.00890,0.02779
0.14792,0.09189,0.03867,0.54778,0.02589,0.03008,0.02970,0.02682,0.02053,0.04071
0.26383,0.13925,0.24341,0.13828,0.07277,0.01713,0.04876,0.01376,0.01566,0.04714
0.17363,0.06048,0.24719,0.11102,0.05767,0.00750,0.21772,0.00753,0.01226,0.10499
0.17711,0.07233,0.14626,0.28599,0.11272,0.01074,0.10087,0.01114,0.01743,0.06542
0.15785,0.15367,0.13433,0.19258,0.21216,0.01298,0.05580,0.01113,0.01748,0.05203
0.06489,0.04290,0.15641,0.08576,0.08855,0.00568,0.48044,0.00513,0.00809,0.06215
0.09498,0.10074,0.10974,0.13216,0.06402,0.01529,0.27250,0.01304,0.01704,0.18049
0.16796,0.26836,0.19343,0.07729,0.13761,0.02909,0.03573,0.03151,0.02646,0.03255
0.11431,0.11091,0.27354,0.12014,0.07839,0.02995,0.14139,0.01997,0.03612,0.07528
0.14126,0.10708,0.12502,0.36747,0.12795,0.00847,0.05465,0.00723,0.00939,0.05149
0.16100,0.10205,0.20887,0.14317,0.12913,0.01686,0.10397,0.01450,0.01685,0.10360
0.26040,0.21521,0.14843,0.15967,0.10348,0.00968,0.04494,0.00893,0.01301,0.03624
0.12606,0.19373,0.10813,0.28456,0.13186,0.01490,0.05372,0.01458,0.02123,0.05123
0.11208,0.05131,0.22834,0.04953,0.12171,0.07126,0.05897,0.10034,0.02687,0.17959
0.12078,0.18389,0.11926,0.09119,0.24360,0.01156,0.10376,0.01255,0.01307,0.10034
0.37531,0.05916,0.16912,0.09607,0.04471,0.02595,0.07555,0.02343,0.01790,0.11280
0.09376,0.09594,0.10886,0.06230,0.54325,0.00910,0.03362,0.00863,0.00896,0.03560
0.15762,0.15522,0.10226,0.03186,0.19774,0.02012,0.14011,0.02518,0.02446,0.14543
0.23897,0.09249,0.17237,0.11408,0.18014,0.01877,0.08144,0.01692,0.02044,0.06438
0.12461,0.19055,0.18281,0.12272,0.04628,0.01809,0.15068,0.01597,0.01535,0.13293
0.12158,0.15270,0.10707,0.34057,0.12300,0.01506,0.05327,0.01377,0.01579,0.05718
0.36560,0.13076,0.05935,0.05568,0.09925,0.01038,0.14083,0.01098,0.01193,0.11524
0.14333,0.11032,0.30259,0.07324,0.21514,0.01681,0.05985,0.01361,0.01588,0.04925
0.11071,0.11592,0.10450,0.33851,0.11065,0.02130,0.07810,0.01563,0.03134,0.07334
0.25703,0.12795,0.14318,0.10304,0.09548,0.02663,0.10229,0.02437,0.04198,0.07806
0.24177,0.07587,0.19431,0.10260,0.17087,0.02098,0.07924,0.01908,0.03808,0.05720
0.19006,0.06731,0.17728,0.16642,0.23054,0.01420,0.06436,0.01642,0.01835,0.05506
0.28769,0.06353,0.16236,0.13140,0.28436,0.00791,0.02280,0.00758,0.00972,0.02265
0.14648,0.12046,0.23760,0.06280,0.16457,0.04114,0.07024,0.03689,0.04889,0.07094
0.11110,0.17773,0.26281,0.16915,0.03568,0.00925,0.10394,0.00837,0.01038,0.11158
0.15711,0.09551,0.20209,0.22474,0.18910,0.01322,0.04348,0.01333,0.01687,0.04456
0.28203,0.08570,0.25054,0.13322,0.07843,0.01735,0.05797,0.01476,0.01582,0.06418
0.18705,0.13795,0.14591,0.12417,0.12581,0.02357,0.07998,0.02791,0.01865,0.12901
0.14574,0.09983,0.18740,0.15291,0.08876,0.02618,0.11079,0.01839,0.02459,0.14541
0.28946,0.06443,0.18190,0.08386,0.05393,0.01025,0.16805,0.01114,0.01138,0.12559
0.16377,0.07957,0.36392,0.06652,0.18355,0.01849,0.04359,0.01513,0.01411,0.05135
0.22817,0.07709,0.22363,0.09118,0.11639,0.02961,0.08906,0.02213,0.02453,0.09823
0.11895,0.06355,0.15432,0.09578,0.36769,0.01306,0.08544,0.01662,0.01764,0.06694
0.26242,0.12202,0.21568,0.11460,0.11607,0.01484,0.05631,0.01447,0.01113,0.07247
0.12983,0.08995,0.10967,0.12655,0.14836,0.06971,0.10136,0.06132,0.03814,0.12511
0.25212,0.15190,0.21989,0.16073,0.13999,0.00940,0.02273,0.00912,0.01291,0.02122
0.17578,0.11149,0.18982,0.21473,0.06397,0.01816,0.07161,0.01757,0.01271,0.12417
0.13951,0.14342,0.11832,0.06571,0.13128,0.01519,0.22003,0.01437,0.01539,0.13679
0.33792,0.12880,0.10562,0.04394,0.05229,0.05100,0.09381,0.04401,0.02939,0.11321
0.34005,0.12580,0.21685,0.05971,0.11321,0.00983,0.05944,0.00769,0.01015,0.05726
0.19598,0.13132,0.17628,0.07729,0.14306,0.02543,0.11158,0.02426,0.02134,0.09346
0.11368,0.13330,0.11462,0.16075,0.35611,0.01300,0.04356,0.01246,0.01380,0.03872
0.23522,0.04561,0.25212,0.09701,0.21524,0.01779,0.04914,0.01575,0.01645,0.05567
0.13751,0.07902,0.17897,0.14929,0.18463,0.01612,0.12545,0.01707,0.03381,0.07814
0.10200,0.13751,0.10380,0.10763,0.36889,0.00914,0.08137,0.00950,0.00922,0.07096
0.20724,0.18720,0.17668,0.13835,0.17412,0.00938,0.05043,0.00867,0.01168,0.03625
0.09865,0.10284,0.10730,0.08392,0.52766,0.00712,0.03061,0.00721,0.00882,0.02587
0.13277,0.07619,0.23932,0.05010,0.15299,0.05589,0.08524,0.06371,0.05259,0.09119
0.07395,0.06929,0.08098,0.11407,0.09614,0.01428,0.24501,0.01148,0.01719,0.27761
0.11033,0.06941,0.21655,0.15115,0.15266,0.01449,0.13151,0.01476,0.01719,0.12195
0.14465,0.15273,0.11038,0.16071,0.20714,0.02411,0.07078,0.02607,0.02933,0.07410
0.36100,0.09709,0.23805,0.12521,0.07543,0.01387,0.03153,0.01325,0.01162,0.03295
0.11869,0.13771,0.14003,0.17381,0.25332,0.02863,0.05016,0.02431,0.02504,0.04831
0.18319,0.09537,0.15399,0.09252,0.08183,0.01224,0.18615,0.01240,0.01575,0.16655
0.09889,0.07845,0.07712,0.09147,0.26156,0.02579,0.12279,0.02360,0.01824,0.20210
0.25787,0.10124,0.22040,0.07342,0.10308,0.02042,0.08782,0.01894,0.02683,0.08999
0.07541,0.05102,0.31186,0.05512,0.22679,0.01102,0.11846,0.01124,0.01209,0.12700
0.11937,0.08493,0.26605,0.19633,0.19094,0.02176,0.02790,0.02984,0.02134,0.04154
0.10666,0.12465,0.27362,0.14487,0.05271,0.02453,0.11906,0.02166,0.01661,0.11563
0.16977,0.11824,0.25108,0.24570,0.08223,0.00981,0.05324,0.00859,0.01338,0.04796
0.27546,0.09237,0.21418,0.12946,0.09333,0.01364,0.06417,0.01100,0.01081,0.09557
0.19706,0.09842,0.21394,0.11261,0.15396,0.02669,0.07302,0.02252,0.02406,0.07773
0.25166,0.24143,0.15455,0.22729,0.05294,0.01080,0.01965,0.01108,0.01125,0.01936
0.20255,0.12955,0.21637,0.10506,0.17986,0.01850,0.06648,0.01522,0.01426,0.05214
0.09073,0.17292,0.08519,0.15568,0.11350,0.01107,0.19717,0.00992,0.01108,0.15274
0.24541,0.05388,0.07151,0.05865,0.24185,0.01516,0.18581,0.01152,0.02402,0.09217
0.34073,0.05028,0.30880,0.06029,0.08518,0.01756,0.04433,0.01628,0.01950,0.05704
0.09505,0.07355,0.06988,0.60530,0.04747,0.01160,0.03142,0.01189,0.01120,0.04264
0.12670,0.09985,0.12705,0.33302,0.08800,0.01938,0.07097,0.01651,0.02254,0.09597
0.13245,0.02903,0.54596,0.15316,0.02829,0.01114,0.03954,0.01057,0.01219,0.03767
0.26094,0.11293,0.20386,0.08875,0.12013,0.01019,0.09989,0.01067,0.01159,0.08106
0.16964,0.11827,0.24192,0.08632,0.12956,0.02126,0.07733,0.01988,0.01919,0.11663
0.29022,0.09771,0.31287,0.06761,0.11137,0.01078,0.04169,0.01085,0.01042,0.04648
0.10779,0.08851,0.37210,0.28607,0.05086,0.01107,0.03055,0.01066,0.01171,0.03069
0.24104,0.06702,0.18238,0.06920,0.06910,0.01682,0.13382,0.01524,0.01152,0.19387
0.19170,0.07534,0.24066,0.08374,0.09918,0.01428,0.16819,0.01221,0.01876,0.09595
0.20318,0.31083,0.13432,0.03161,0.22939,0.01078,0.03064,0.01119,0.01103,0.02704
0.08686,0.04408,0.41869,0.11129,0.26067,0.00955,0.02434,0.00915,0.00845,0.02692
0.14492,0.19386,0.13212,0.35225,0.06099,0.01049,0.03928,0.01077,0.01228,0.04306
0.09245,0.17156,0.07775,0.15340,0.11190,0.01145,0.25856,0.01141,0.01408,0.09744
0.34497,0.08067,0.29006,0.09996,0.07818,0.01346,0.03416,0.01167,0.01337,0.03350
0.34218,0.13167,0.13686,0.16335,0.08215,0.02197,0.04182,0.01668,0.02901,0.03429
0.28038,0.15122,0.05655,0.09035,0.15701,0.01877,0.09436,0.01759,0.02647,0.10729
0.20794,0.19427,0.15195,0.27661,0.05111,0.02144,0.02562,0.02261,0.01433,0.03412
0.27289,0.14481,0.20439,0.10684,0.13505,0.01084,0.05594,0.00977,0.01572,0.04376
0.09403,0.08212,0.10457,0.15022,0.11150,0.01348,0.21103,0.01129,0.01418,0.20757
0.19424,0.12358,0.31668,0.06716,0.15840,0.01381,0.05330,0.01167,0.01540,0.04575
0.14565,0.18276,0.14019,0.20354,0.13983,0.01356,0.06990,0.01629,0.01823,0.07004
0.34618,0.06401,0.32040,0.09959,0.07453,0.01098,0.03138,0.01001,0.00852,0.03440
