0.25430,0.07074,0.23684,0.10219,0.11377,0.01477,0.08928,0.01327,0.01565,0.08919
0.13605,0.08731,0.14179,0.11530,0.10259,0.04822,0.13862,0.04392,0.02956,0.15664
0.21503,0.07856,0.19517,0.11579,0.13952,0.03474,0.07459,0.03049,0.03175,0.08436
0.21909,0.07508,0.25022,0.15990,0.07474,0.02777,0.06266,0.02966,0.03353,0.06736
0.13451,0.10085,0.14178,0.17276,0.13061,0.03361,0.10868,0.02925,0.03003,0.11791
0.25124,0.13358,0.23764,0.11841,0.10672,0.02024,0.04052,0.02378,0.01893,0.04895
0.14920,0.14891,0.15361,0.15738,0.09813,0.01377,0.12595,0.01285,0.01436,0.12585
0.16359,0.09547,0.13800,0.12176,0.08730,0.01892,0.16078,0.02130,0.02509,0.16779
0.14213,0.20334,0.13929,0.25361,0.11126,0.01528,0.04826,0.01791,0.02242,0.04651
0.21916,0.17123,0.14855,0.18791,0.17118,0.01251,0.02850,0.01436,0.01658,0.03002
0.25386,0.10330,0.25664,0.11420,0.07305,0.01247,0.07895,0.01184,0.01332,0.08238
0.20948,0.06589,0.19452,0.10142,0.10700,0.01142,0.14519,0.01166,0.01581,0.13762
0.13135,0.09801,0.14739,0.27165,0.08371,0.02876,0.09440,0.02511,0.02597,0.09366
0.15624,0.13007,0.14392,0.15479,0.14327,0.01853,0.10484,0.02210,0.01943,0.10681
0.17784,0.10231,0.24367,0.10317,0.17420,0.03291,0.04894,0.03199,0.02804,0.05693
0.20390,0.07879,0.21899,0.09702,0.06211,0.01823,0.14305,0.01634,0.01950,0.14206
0.19646,0.09959,0.23386,0.18195,0.12967,0.02960,0.03414,0.03044,0.01987,0.04441
0.18832,0.11350,0.18586,0.16207,0.12993,0.03276,0.05867,0.02876,0.03333,0.06681
0.16432,0.12354,0.15919,0.13844,0.14395,0.01370,0.11232,0.01357,0.01544,0.11553
0.13324,0.05062,0.16124,0.10404,0.15118,0.01566,0.17142,0.01923,0.02526,0.16810
0.15687,0.20669,0.09250,0.20759,0.14984,0.03003,0.05244,0.02272,0.03017,0.05114
0.18022,0.12907,0.13875,0.15216,0.15484,0.01954,0.09461,0.01575,0.02216,0.09290
0.19038,0.14886,0.12631,0.17288,0.17374,0.01716,0.06380,0.02104,0.01917,0.06666
0.28806,0.06975,0.27592,0.08035,0.09292,0.01459,0.07352,0.01334,0.01596,0.07558
0.21341,0.12127,0.23443,0.11754,0.16238,0.01551,0.04922,0.01626,0.01813,0.05185
0.20164,0.13607,0.21912,0.18229,0.06041,0.01616,0.07609,0.01466,0.01593,0.07763
0.17662,0.12292,0.20188,0.15840,0.07535,0.01843,0.10572,0.01701,0.01963,0.10403
0.15284,0.08238,0.13076,0.10843,0.10218,0.01286,0.18997,0.01407,0.01549,0.19102
0.28060,0.06772,0.28246,0.09211,0.06459,0.03198,0.06128,0.02721,0.02389,0.06817
0.18939,0.13258,0.19232,0.15101,0.14123,0.03375,0.04105,0.03519,0.02795,0.05554
0.13416,0.10844,0.18225,0.18364,0.19163,0.01526,0.07394,0.01663,0.02019,0.07387
0.14532,0.14253,0.14620,0.19936,0.12223,0.03621,0.07012,0.03026,0.02878,0.07900
0.21690,0.09776,0.23759,0.13040,0.09700,0.03387,0.06101,0.03215,0.02698,0.06634
0.11628,0.07653,0.10798,0.10102,0.09455,0.01429,0.22594,0.01410,0.01755,0.23176
0.17109,0.08376,0.19193,0.12948,0.15614,0.01781,0.10537,0.01793,0.02298,0.10351
0.23625,0.11517,0.12041,0.13463,0.21680,0.02707,0.04689,0.02236,0.03233,0.04810
0.27915,0.15777,0.20877,0.14571,0.12244,0.00910,0.02934,0.00887,0.00836,0.03049
0.12252,0.07807,0.22851,0.08870,0.18368,0.05317,0.05770,0.06259,0.04275,0.08231
0.18293,0.11100,0.09540,0.11778,0.04648,0.04033,0.15983,0.04230,0.02974,0.17421
0.16330,0.10074,0.23635,0.22609,0.12742,0.02375,0.03441,0.02799,0.02529,0.03464
0.11695,0.09492,0.18089,0.18244,0.15265,0.01855,0.10685,0.01724,0.01929,0.11021
0.16036,0.10976,0.19981,0.09524,0.13844,0.04948,0.08176,0.03618,0.04478,0.08421
0.16763,0.12407,0.14319,0.12141,0.10122,0.04233,0.10190,0.04586,0.03651,0.11587
0.16244,0.14487,0.16999,0.18827,0.14268,0.02412,0.06369,0.02410,0.02965,0.05020
0.18864,0.10224,0.19500,0.10628,0.13273,0.01421,0.11199,0.01710,0.01945,0.11236
0.19823,0.09519,0.21092,0.13718,0.16116,0.02074,0.06686,0.02074,0.02556,0.06342
0.17659,0.15253,0.16159,0.18266,0.09456,0.02953,0.07500,0.02492,0.01936,0.08327
0.24040,0.11578,0.18257,0.09640,0.16338,0.02092,0.07187,0.01614,0.01755,0.07498
0.16487,0.16815,0.17420,0.12128,0.20719,0.01820,0.04409,0.02477,0.02606,0.05118
0.17368,0.09927,0.15675,0.10458,0.08508,0.02791,0.15077,0.02487,0.02324,0.15385
0.11399,0.09331,0.10958,0.12796,0.11137,0.01991,0.19546,0.01841,0.02442,0.18558
0.15493,0.09228,0.14732,0.10912,0.09565,0.00918,0.18307,0.00927,0.01201,0.18717
0.19910,0.11132,0.17845,0.19703,0.09361,0.02691,0.06776,0.02795,0.03091,0.06697
0.16241,0.10170,0.20189,0.15750,0.19511,0.02345,0.04994,0.02736,0.02788,0.05276
0.21725,0.05770,0.10122,0.18232,0.30078,0.01320,0.04562,0.01682,0.01848,0.04662
0.15343,0.13977,0.13231,0.16960,0.13520,0.02632,0.09069,0.02701,0.02816,0.09751
0.21242,0.15060,0.13170,0.27623,0.08740,0.02047,0.03985,0.01952,0.01731,0.04451
0.21319,0.10842,0.21508,0.14871,0.10399,0.01943,0.07525,0.01672,0.02352,0.07570
0.20038,0.11851,0.21089,0.17863,0.11526,0.02060,0.05682,0.01797,0.01997,0.06096
0.15137,0.14994,0.16080,0.16632,0.19924,0.01221,0.06741,0.01221,0.01355,0.06696
0.23810,0.08942,0.22186,0.11948,0.13231,0.02378,0.06143,0.02277,0.02802,0.06284
0.15438,0.08297,0.18192,0.17169,0.07380,0.01779,0.13893,0.01898,0.02328,0.13626
0.12742,0.10076,0.16464,0.19775,0.14255,0.02017,0.10044,0.01863,0.02130,0.10634
0.25212,0.10603,0.21475,0.16401,0.06907,0.02148,0.06276,0.02390,0.01981,0.06607
0.20171,0.08908,0.18280,0.12944,0.13347,0.02742,0.08860,0.02924,0.02453,0.09370
0.12744,0.06490,0.13063,0.07130,0.05338,0.00747,0.26305,0.00731,0.00906,0.26546
0.18911,0.09588,0.21335,0.16047,0.18334,0.01240,0.05607,0.01352,0.01742,0.05842
0.19113,0.05031,0.26633,0.13256,0.06475,0.01700,0.12034,0.01515,0.01547,0.12697
0.15778,0.10933,0.14793,0.13927,0.11122,0.02095,0.13411,0.02012,0.02114,0.13816
0.17335,0.11078,0.17095,0.21108,0.11570,0.02227,0.07453,0.02185,0.02154,0.07796
0.20236,0.12531,0.18692,0.15433,0.12663,0.02720,0.05831,0.02666,0.03438,0.05791
0.18266,0.13312,0.18338,0.18550,0.15128,0.01826,0.05122,0.01992,0.02227,0.05240
0.16669,0.12188,0.13882,0.15256,0.08102,0.01513,0.14617,0.01519,0.01813,0.14442
0.17946,0.10001,0.13968,0.14859,0.18567,0.02317,0.08705,0.02319,0.01994,0.09323
0.24191,0.18803,0.15303,0.14181,0.08186,0.02299,0.06555,0.01828,0.02428,0.06227
0.11156,0.10046,0.14328,0.15767,0.09697,0.04525,0.12001,0.04731,0.04359,0.13390
0.11682,0.08206,0.25297,0.24649,0.10981,0.03030,0.04649,0.03194,0.02817,0.05494
0.22834,0.17483,0.18124,0.19099,0.08763,0.01894,0.03802,0.01935,0.01917,0.04149
0.33951,0.05007,0.33734,0.07603,0.09075,0.01265,0.03495,0.01080,0.01182,0.03609
0.19828,0.09702,0.18228,0.12027,0.10719,0.01789,0.11861,0.01664,0.01605,0.12576
0.20128,0.06673,0.19829,0.09874,0.09708,0.01939,0.13809,0.01992,0.02426,0.13623
0.14964,0.12437,0.15835,0.14381,0.08733,0.03267,0.11986,0.02942,0.03266,0.12190
0.25465,0.08806,0.21714,0.14052,0.19389,0.01562,0.02638,0.01513,0.01634,0.03227
0.22473,0.10614,0.19521,0.12172,0.12315,0.02476,0.07618,0.02267,0.02240,0.08304
0.15158,0.08902,0.12739,0.09104,0.07576,0.02388,0.19764,0.02325,0.02328,0.19716
0.26444,0.08990,0.08389,0.09546,0.25815,0.01302,0.08438,0.01153,0.01481,0.08442
0.19156,0.13893,0.18916,0.12698,0.14028,0.01380,0.08736,0.01211,0.01585,0.08396
0.16229,0.15189,0.13989,0.17631,0.12000,0.01860,0.09529,0.01908,0.02095,0.09568
0.17746,0.13118,0.17311,0.15637,0.14601,0.02776,0.06452,0.02507,0.03344,0.06508
0.16013,0.11777,0.15958,0.14524,0.11396,0.03516,0.09965,0.02861,0.02895,0.11094
0.17446,0.11177,0.18031,0.14230,0.11470,0.03866,0.08285,0.03375,0.02930,0.09189
0.18536,0.08069,0.21959,0.14790,0.20102,0.01525,0.05930,0.01557,0.01636,0.05896
0.26477,0.12522,0.22658,0.13928,0.11224,0.02212,0.03447,0.01779,0.01704,0.04049
0.15820,0.11440,0.18230,0.16358,0.16117,0.03545,0.05490,0.03605,0.03056,0.06341
0.18502,0.12161,0.17664,0.15202,0.12226,0.02293,0.08669,0.02318,0.02796,0.08169
0.19922,0.14015,0.15084,0.25812,0.11199,0.01750,0.03869,0.01790,0.02656,0.03904
0.19928,0.10590,0.19883,0.16036,0.10297,0.05822,0.02800,0.05990,0.02593,0.06060
0.19466,0.15411,0.12840,0.23870,0.09117,0.01923,0.06921,0.01959,0.02343,0.06151
0.07576,0.09453,0.06721,0.10719,0.06623,0.07532,0.17207,0.08915,0.03257,0.21996
0.15886,0.14116,0.16284,0.15878,0.18078,0.02451,0.05777,0.02682,0.02730,0.06118
0.21366,0.10496,0.19799,0.12713,0.08216,0.03693,0.08148,0.03386,0.03422,0.08763
0.19364,0.13028,0.16390,0.14887,0.09065,0.02532,0.09429,0.02550,0.02264,0.10492
0.23625,0.13770,0.25583,0.14686,0.06834,0.01883,0.04749,0.01689,0.02156,0.05027
0.18003,0.18528,0.17181,0.20515,0.14362,0.01690,0.03176,0.01513,0.01508,0.03525
0.16431,0.15444,0.16809,0.09714,0.18707,0.01495,0.08772,0.01777,0.02030,0.08822
0.10999,0.05353,0.25032,0.20648,0.07186,0.02492,0.11187,0.02784,0.02422,0.11897
0.27855,0.08759,0.28453,0.11306,0.08419,0.01374,0.05530,0.01333,0.01889,0.05083
0.15834,0.11540,0.16616,0.20605,0.12624,0.01857,0.08140,0.01986,0.01869,0.08929
0.19740,0.22317,0.18539,0.21796,0.07122,0.01452,0.03004,0.01321,0.01545,0.03164
0.14596,0.09944,0.12804,0.15304,0.10722,0.02299,0.15039,0.02911,0.03129,0.13251
0.15288,0.15129,0.12240,0.12765,0.15436,0.02289,0.10756,0.02024,0.02798,0.11273
0.13984,0.15575,0.14696,0.14222,0.20379,0.02029,0.07317,0.02312,0.02462,0.07025
0.22870,0.07613,0.18318,0.13925,0.18436,0.01991,0.06626,0.01943,0.01586,0.06691
0.18894,0.17803,0.17203,0.19407,0.09765,0.02166,0.05062,0.01938,0.02315,0.05446
0.18967,0.10847,0.17151,0.16688,0.10651,0.03977,0.06799,0.03550,0.03743,0.07627
0.15172,0.09054,0.11160,0.13991,0.19808,0.02258,0.11678,0.02161,0.02528,0.12188
0.12861,0.09786,0.18479,0.12333,0.14130,0.05130,0.08125,0.05581,0.04384,0.09191
0.20691,0.09992,0.20693,0.16498,0.11065,0.01351,0.08417,0.01388,0.01742,0.08163
0.17645,0.14851,0.13755,0.25666,0.10900,0.01557,0.06321,0.01149,0.02318,0.05837
0.15553,0.10234,0.17127,0.17086,0.12173,0.06969,0.03685,0.06549,0.03481,0.07143
0.18044,0.12624,0.19306,0.17566,0.16094,0.02140,0.04906,0.01915,0.02425,0.04979
0.18407,0.07885,0.19157,0.08965,0.08687,0.06491,0.08086,0.06586,0.05224,0.10513
0.17994,0.12627,0.17055,0.16045,0.13105,0.02098,0.08509,0.01811,0.02214,0.08543
0.21351,0.10367,0.18896,0.19754,0.08400,0.01689,0.07986,0.01619,0.02047,0.07889
0.10244,0.07376,0.09038,0.08792,0.05214,0.02373,0.26356,0.01910,0.02285,0.26411
0.14710,0.10454,0.14341,0.14976,0.11528,0.02324,0.13776,0.02069,0.02717,0.13104
0.25700,0.13788,0.21442,0.11075,0.17661,0.01631,0.02422,0.01710,0.01917,0.02653
0.15163,0.25144,0.15583,0.25503,0.06069,0.02123,0.03090,0.01914,0.01844,0.03568
0.17073,0.11724,0.16863,0.14816,0.11559,0.03638,0.08143,0.03667,0.04036,0.08482
0.26266,0.11545,0.20071,0.11819,0.07787,0.01905,0.08258,0.01820,0.01936,0.08594
0.16922,0.09639,0.16533,0.19743,0.09884,0.02578,0.09718,0.01969,0.02946,0.10069
0.11418,0.07762,0.20391,0.11791,0.16743,0.01496,0.13994,0.01256,0.01492,0.13657
0.15249,0.14917,0.16922,0.18215,0.09100,0.02751,0.08903,0.02653,0.03019,0.08272
0.24144,0.08391,0.23396,0.11369,0.12950,0.01669,0.06922,0.01805,0.02303,0.07051
0.18992,0.16810,0.19285,0.17848,0.05714,0.01895,0.07875,0.01932,0.01755,0.07895
0.22272,0.08979,0.23480,0.14331,0.17124,0.01513,0.04432,0.01352,0.01993,0.04525
0.17586,0.05872,0.18668,0.07781,0.07080,0.03537,0.16073,0.03212,0.04157,0.16034
0.17923,0.10840,0.17300,0.16506,0.10974,0.05348,0.04157,0.06259,0.03416,0.07277
0.16507,0.10434,0.17489,0.16655,0.15331,0.03878,0.05862,0.03643,0.03154,0.07048
0.18233,0.14612,0.16051,0.19799,0.12280,0.01442,0.07009,0.01727,0.02158,0.06689
0.19289,0.15997,0.19235,0.14674,0.18481,0.01261,0.04169,0.01289,0.01517,0.04089
0.18402,0.09514,0.17613,0.07424,0.10985,0.02185,0.15080,0.01890,0.01705,0.15201
0.12523,0.16061,0.10854,0.15822,0.07387,0.03146,0.14502,0.02497,0.02147,0.15063
0.26861,0.11734,0.21761,0.11967,0.08460,0.01594,0.07177,0.01528,0.01493,0.07425
0.11993,0.07428,0.10722,0.10114,0.10833,0.02928,0.20325,0.02846,0.02862,0.19951
0.18770,0.12532,0.18234,0.17872,0.14029,0.02033,0.05718,0.02217,0.02176,0.06420
0.16396,0.11497,0.12618,0.14278,0.08998,0.04073,0.12106,0.03488,0.04034,0.12512
0.14801,0.17198,0.15813,0.07034,0.21126,0.01602,0.09132,0.01864,0.03003,0.08426
0.26293,0.06970,0.17277,0.07583,0.17025,0.01447,0.10280,0.01379,0.01344,0.10401
0.22522,0.10178,0.23211,0.12280,0.07128,0.02305,0.08608,0.02230,0.03620,0.07919
0.16216,0.09465,0.17378,0.14274,0.14142,0.02536,0.09865,0.02593,0.02543,0.10987
0.16914,0.12722,0.12642,0.14566,0.06296,0.01852,0.15236,0.01905,0.01634,0.16233
0.13320,0.18981,0.08177,0.05060,0.18436,0.01735,0.15309,0.01499,0.01483,0.16001
0.16511,0.22973,0.12549,0.09443,0.21901,0.01516,0.06052,0.01203,0.01816,0.06037
0.17415,0.08358,0.15727,0.12627,0.07481,0.01870,0.16331,0.01936,0.02296,0.15960
0.27748,0.15952,0.18381,0.12955,0.09174,0.01749,0.05249,0.01600,0.01561,0.05632
0.16393,0.12420,0.10617,0.19816,0.23406,0.01997,0.05092,0.02751,0.02884,0.04625
0.17210,0.10505,0.15396,0.12878,0.10377,0.03845,0.10960,0.03651,0.02621,0.12556
0.20357,0.13633,0.13309,0.22347,0.08361,0.02314,0.07427,0.02298,0.02014,0.07940
0.19886,0.11044,0.15539,0.17353,0.18138,0.01764,0.06567,0.01645,0.01670,0.06394
0.22138,0.13590,0.20635,0.12761,0.14922,0.01657,0.05130,0.01827,0.02039,0.05301
0.18292,0.12586,0.15894,0.18114,0.12898,0.02403,0.07001,0.02415,0.03219,0.07178
0.19867,0.14026,0.15930,0.11409,0.16523,0.01492,0.08852,0.01412,0.01696,0.08792
0.19452,0.11334,0.09104,0.09838,0.17895,0.04809,0.09175,0.04621,0.03105,0.10668
0.28434,0.07025,0.10855,0.10336,0.27583,0.02592,0.04101,0.01906,0.01948,0.05222
0.19787,0.12887,0.16951,0.14744,0.08595,0.04348,0.06576,0.04642,0.02613,0.08857
0.23882,0.08380,0.21568,0.08929,0.08928,0.02216,0.10847,0.01956,0.02558,0.10737
0.17869,0.12098,0.16144,0.23222,0.11963,0.02103,0.05372,0.02727,0.02590,0.05913
0.17752,0.13097,0.09581,0.28616,0.06825,0.02474,0.07913,0.02445,0.02762,0.08536
0.12252,0.11216,0.09517,0.12605,0.05316,0.06007,0.15451,0.06274,0.02724,0.18638
0.19379,0.09177,0.15322,0.14022,0.18544,0.01416,0.09546,0.01300,0.01504,0.09789
0.10566,0.15435,0.11544,0.19964,0.05885,0.01625,0.16245,0.01321,0.01574,0.15842
0.20634,0.12090,0.20121,0.12657,0.12927,0.04097,0.04828,0.03753,0.02318,0.06574
0.16233,0.12269,0.14734,0.17811,0.12656,0.01910,0.09963,0.02108,0.02230,0.10085
0.16500,0.07539,0.14947,0.08759,0.08322,0.01590,0.19395,0.01539,0.01973,0.19436
0.12803,0.08936,0.13156,0.12311,0.08039,0.02992,0.18299,0.02516,0.02621,0.18327
0.21383,0.14007,0.21174,0.09752,0.13399,0.01473,0.07944,0.01381,0.01328,0.08159
0.17474,0.18223,0.19061,0.21062,0.08508,0.01886,0.05050,0.01658,0.01742,0.05335
0.16431,0.10852,0.11793,0.16434,0.20244,0.04369,0.04370,0.05419,0.03648,0.06439
0.20905,0.14693,0.19340,0.12890,0.15874,0.02071,0.05023,0.02121,0.02033,0.05051
0.20710,0.14155,0.08937,0.28920,0.04558,0.03204,0.06343,0.03463,0.02319,0.07391
0.11898,0.17704,0.12403,0.19323,0.11712,0.01823,0.11093,0.01503,0.01788,0.10753
0.13718,0.07806,0.15266,0.25058,0.07195,0.03892,0.10644,0.02858,0.03807,0.09755
0.14471,0.13459,0.14440,0.23299,0.11704,0.02559,0.07685,0.02297,0.02785,0.07302
0.25807,0.06545,0.26795,0.10291,0.08086,0.03121,0.06515,0.02880,0.02374,0.07585
0.23555,0.09703,0.20550,0.10792,0.10069,0.02575,0.09306,0.01849,0.01520,0.10083
0.12882,0.12083,0.13959,0.30674,0.10584,0.02368,0.06295,0.02002,0.02590,0.06563
0.21062,0.12260,0.19563,0.15813,0.14111,0.01746,0.05721,0.01787,0.01904,0.06032
0.13112,0.08130,0.31229,0.09924,0.26374,0.01287,0.03258,0.01475,0.01568,0.03642
0.26533,0.08153,0.24190,0.08588,0.10182,0.01488,0.08995,0.01505,0.01997,0.08370
0.16729,0.10954,0.16331,0.15206,0.11243,0.02652,0.10762,0.02683,0.02121,0.11320
0.18540,0.11705,0.19284,0.13606,0.09598,0.01513,0.11377,0.01515,0.01661,0.11200
0.20790,0.09573,0.18300,0.15350,0.06181,0.06332,0.04713,0.07456,0.02832,0.08473
0.19299,0.13951,0.14617,0.19175,0.09560,0.01767,0.08758,0.01822,0.02577,0.08474
0.20445,0.11448,0.19543,0.13237,0.10649,0.03932,0.06476,0.03393,0.03722,0.07155
0.25237,0.13062,0.23200,0.11447,0.11508,0.01377,0.05613,0.01383,0.01650,0.05523
0.09811,0.11482,0.08799,0.14895,0.10694,0.04876,0.14223,0.05218,0.04108,0.15894
0.23358,0.12438,0.20088,0.15218,0.10631,0.01502,0.06682,0.01645,0.01817,0.06621
0.15782,0.18011,0.11460,0.18223,0.14133,0.02344,0.07926,0.01846,0.02117,0.08157
0.31922,0.06993,0.32863,0.07895,0.04586,0.02157,0.04612,0.01901,0.01487,0.05585
0.18896,0.07727,0.17518,0.11010,0.05976,0.01093,0.17629,0.01108,0.01204,0.17838
0.16054,0.07820,0.15642,0.12820,0.09961,0.03943,0.13287,0.03314,0.04281,0.12879
0.31019,0.12914,0.23090,0.11021,0.07673,0.02442,0.03153,0.02431,0.02063,0.04193
0.12078,0.07618,0.16878,0.07250,0.11904,0.02362,0.18402,0.02593,0.02811,0.18105
0.20781,0.14380,0.17364,0.10184,0.16747,0.03689,0.05381,0.03049,0.02493,0.05933
0.12351,0.07730,0.31257,0.06678,0.24348,0.01834,0.06144,0.01550,0.01903,0.06205
0.12848,0.21694,0.12394,0.26400,0.12210,0.01510,0.04778,0.01453,0.01487,0.05225
0.26545,0.09217,0.29409,0.11637,0.10189,0.01693,0.03958,0.01625,0.01758,0.03969
0.20396,0.06191,0.23864,0.22158,0.05924,0.03753,0.05105,0.03461,0.02731,0.06416
0.13975,0.11970,0.12658,0.09555,0.11368,0.01480,0.18084,0.01329,0.01411,0.18171
0.17405,0.10554,0.21625,0.12803,0.16040,0.03074,0.06102,0.02967,0.02974,0.06455
0.21186,0.14270,0.18890,0.10957,0.15882,0.02744,0.05167,0.02554,0.02858,0.05490
0.16064,0.09259,0.17068,0.11372,0.06173,0.02953,0.15739,0.02723,0.02941,0.15708
0.24664,0.12441,0.12315,0.14206,0.22136,0.01427,0.04823,0.01369,0.01559,0.05059
0.21573,0.12918,0.19363,0.17255,0.12465,0.01937,0.05193,0.01994,0.02320,0.04982
0.22353,0.13806,0.14159,0.19881,0.09167,0.01972,0.07269,0.01972,0.02234,0.07188
0.21828,0.13362,0.13539,0.22627,0.07868,0.03100,0.04541,0.03943,0.03298,0.05892
0.18549,0.10616,0.20677,0.15154,0.09812,0.02920,0.08049,0.02855,0.03103,0.08266
0.12645,0.07879,0.18065,0.18525,0.13093,0.05995,0.05377,0.06500,0.02575,0.09346
0.29611,0.07240,0.11568,0.08945,0.26500,0.01856,0.05421,0.01482,0.01681,0.05696
0.20648,0.06978,0.22995,0.13260,0.07528,0.02242,0.10977,0.02093,0.02607,0.10673
0.13131,0.10448,0.12951,0.12882,0.10386,0.05755,0.11418,0.05980,0.03401,0.13649
0.14536,0.10032,0.15471,0.12171,0.05940,0.01698,0.18247,0.01773,0.01594,0.18538
0.15552,0.07505,0.14063,0.12529,0.13939,0.03431,0.13481,0.02956,0.02192,0.14352
0.20179,0.16551,0.20336,0.10033,0.15931,0.02098,0.05213,0.02293,0.02227,0.05140
0.14415,0.11635,0.14239,0.17352,0.12095,0.01962,0.12130,0.01818,0.02297,0.12058
0.13857,0.12086,0.11951,0.13592,0.08849,0.04441,0.12945,0.04102,0.04422,0.13756
0.13094,0.09337,0.16795,0.29129,0.07153,0.01194,0.10397,0.01245,0.01765,0.09892
0.24258,0.15020,0.18325,0.08580,0.18795,0.02092,0.04167,0.02111,0.02159,0.04492
0.21923,0.11255,0.18250,0.11977,0.10167,0.03371,0.07977,0.03410,0.03258,0.08411
0.18160,0.12854,0.17969,0.16230,0.13929,0.02073,0.07150,0.02103,0.02364,0.07168
0.23485,0.12808,0.22332,0.15139,0.14433,0.01300,0.03798,0.01186,0.01547,0.03973
0.30624,0.17965,0.15360,0.18281,0.06947,0.01357,0.03250,0.01261,0.01479,0.03477
0.21033,0.13624,0.20382,0.13710,0.12814,0.01581,0.06685,0.01528,0.01770,0.06874
0.20212,0.11699,0.16226,0.11362,0.10542,0.03291,0.09491,0.03460,0.03175,0.10543
0.12990,0.11206,0.13228,0.14496,0.06460,0.03762,0.15143,0.03583,0.02409,0.16722
0.19411,0.10439,0.20592,0.14419,0.07997,0.03160,0.08719,0.03455,0.02629,0.09178
0.22503,0.07240,0.25311,0.10603,0.05490,0.02562,0.11181,0.02083,0.02110,0.10916
0.17172,0.14655,0.16864,0.11259,0.16235,0.02187,0.08603,0.02154,0.02511,0.08359
0.22184,0.09850,0.23707,0.14259,0.10297,0.01573,0.07415,0.01362,0.02148,0.07204
0.14847,0.16176,0.14009,0.20284,0.12482,0.01976,0.08156,0.01767,0.02040,0.08261
0.21029,0.12317,0.21049,0.14668,0.12950,0.01924,0.05763,0.02050,0.01778,0.06472
0.16417,0.12238,0.15518,0.13838,0.12403,0.04073,0.08159,0.04156,0.03050,0.10149
0.19530,0.14217,0.25856,0.09985,0.18025,0.01998,0.03631,0.01689,0.01950,0.03118
0.20959,0.14014,0.19150,0.15017,0.15889,0.02361,0.04036,0.01863,0.02735,0.03977
0.16795,0.20440,0.11096,0.09924,0.20464,0.01399,0.08602,0.01261,0.01727,0.08291
0.18115,0.13173,0.19087,0.20773,0.12886,0.01450,0.05585,0.01262,0.01986,0.05683
0.14346,0.16567,0.14119,0.22043,0.13307,0.04468,0.02579,0.04883,0.02590,0.05098
0.20748,0.14340,0.21539,0.15050,0.16039,0.01654,0.03564,0.01580,0.01753,0.03734
0.21573,0.11744,0.18956,0.16329,0.10147,0.03382,0.05784,0.02672,0.03734,0.05679
0.17148,0.10244,0.17086,0.12981,0.10641,0.02746,0.12008,0.02328,0.02113,0.12705
0.19334,0.14798,0.14639,0.14746,0.12935,0.02483,0.08273,0.02367,0.02976,0.07449
0.14858,0.08289,0.27778,0.09071,0.21619,0.02082,0.05818,0.01983,0.02169,0.06333
0.18716,0.17174,0.07448,0.15703,0.17889,0.02244,0.08244,0.02361,0.02775,0.07447
0.19294,0.20147,0.19750,0.21540,0.08772,0.01186,0.03504,0.00943,0.01063,0.03801
0.16193,0.09805,0.15456,0.13949,0.08556,0.03817,0.11976,0.04063,0.02609,0.13577
0.18895,0.08650,0.26471,0.18680,0.08683,0.01899,0.05890,0.02189,0.02922,0.05721
0.18851,0.10219,0.19713,0.12795,0.10089,0.02701,0.09901,0.02612,0.03072,0.10048
0.14693,0.16273,0.14680,0.19383,0.10409,0.01836,0.09705,0.01626,0.02009,0.09388
0.21975,0.07700,0.22434,0.18076,0.08938,0.01748,0.07926,0.01671,0.01869,0.07663
0.13842,0.15888,0.15706,0.20556,0.07262,0.01734,0.10407,0.01892,0.02257,0.10456
0.16499,0.14593,0.17098,0.11880,0.17083,0.02515,0.07899,0.02400,0.01762,0.08272
0.24162,0.06367,0.24680,0.11930,0.12447,0.04263,0.04060,0.03949,0.02284,0.05859
0.11673,0.09896,0.11484,0.09607,0.11458,0.02377,0.19295,0.02524,0.03222,0.18465
0.22830,0.12529,0.18561,0.14629,0.14615,0.02066,0.05192,0.01871,0.01865,0.05841
0.09317,0.05684,0.34397,0.08693,0.30771,0.00896,0.04037,0.00888,0.01093,0.04223
0.20462,0.10978,0.20511,0.16259,0.15226,0.02079,0.05050,0.01768,0.02481,0.05186
0.14088,0.13072,0.12158,0.15998,0.13160,0.02135,0.12731,0.01854,0.01844,0.12960
0.25077,0.08720,0.20837,0.11753,0.16497,0.02382,0.04733,0.02236,0.02638,0.05128
0.23058,0.14188,0.20876,0.17927,0.12802,0.01330,0.03609,0.01125,0.01216,0.03868
0.14165,0.13884,0.15766,0.19759,0.07119,0.01904,0.12260,0.01684,0.01798,0.11661
0.17997,0.11361,0.10805,0.17141,0.06390,0.03594,0.12234,0.03787,0.02668,0.14023
0.17525,0.12338,0.16876,0.15809,0.10916,0.01735,0.10924,0.01379,0.01612,0.10888
0.18809,0.18731,0.14217,0.18933,0.12271,0.02276,0.05269,0.01969,0.01905,0.05619
0.16532,0.11706,0.18863,0.15330,0.06502,0.05330,0.07255,0.05641,0.03450,0.09391
0.19204,0.12195,0.18067,0.21969,0.12936,0.02594,0.03929,0.02419,0.01952,0.04735
0.12977,0.05904,0.17197,0.11184,0.04862,0.01948,0.20557,0.02062,0.01687,0.21622
0.17016,0.08143,0.14468,0.11467,0.05734,0.02022,0.18676,0.01851,0.01867,0.18756
0.19818,0.07241,0.22103,0.20758,0.06744,0.03218,0.06431,0.03222,0.02794,0.07671
0.13543,0.24838,0.10050,0.19135,0.20493,0.01094,0.04281,0.01017,0.01377,0.04171
0.14943,0.09384,0.20308,0.08737,0.14551,0.03902,0.10889,0.03039,0.03693,0.10554
0.13515,0.10332,0.16188,0.27337,0.08196,0.01900,0.08779,0.02142,0.02791,0.08819
0.21540,0.09525,0.20161,0.13092,0.12118,0.02432,0.07889,0.02329,0.02516,0.08397
0.21250,0.10342,0.20949,0.21789,0.11146,0.01550,0.04884,0.01386,0.01557,0.05148
0.19480,0.10908,0.10423,0.10681,0.18405,0.03624,0.09785,0.02940,0.03269,0.10484
0.15050,0.09336,0.17672,0.09406,0.12780,0.01740,0.14874,0.01944,0.02198,0.15000
0.12547,0.20566,0.13604,0.26369,0.07640,0.01526,0.07348,0.01521,0.01783,0.07097
0.19574,0.11039,0.15647,0.12780,0.08847,0.03973,0.10011,0.04004,0.03138,0.10987
0.21905,0.13450,0.16111,0.17813,0.10518,0.02072,0.07187,0.01693,0.01845,0.07406
0.21070,0.12017,0.18930,0.14502,0.11260,0.01317,0.09090,0.01264,0.01338,0.09212
0.19700,0.09081,0.16581,0.13528,0.06250,0.02517,0.13777,0.02067,0.02249,0.14250
0.19361,0.12200,0.19277,0.18549,0.11810,0.01667,0.06589,0.01475,0.02001,0.07071
0.20562,0.12540,0.19890,0.15205,0.12889,0.03294,0.04160,0.03201,0.03361,0.04898
0.15967,0.08695,0.16924,0.12740,0.13409,0.01901,0.12935,0.02075,0.01924,0.13429
0.16747,0.07075,0.26207,0.18896,0.09021,0.02509,0.07268,0.02701,0.02156,0.07420
0.20551,0.11912,0.19172,0.12897,0.16138,0.03490,0.04062,0.03602,0.03153,0.05022
0.09734,0.16854,0.19539,0.27087,0.05333,0.02119,0.07333,0.02245,0.02135,0.07621
0.15743,0.11488,0.12038,0.17135,0.08142,0.02449,0.14121,0.02532,0.02765,0.13587
0.20383,0.13335,0.18372,0.13905,0.10885,0.02172,0.08349,0.02307,0.02060,0.08230
0.14589,0.08036,0.22162,0.09330,0.18129,0.01572,0.11588,0.01310,0.01341,0.11942
