0.00906,0.19241,0.12670,0.00937,0.00599,0.03127,0.09992,0.00322,0.41645,0.03513,0.03412,0.03636
0.00748,0.49845,0.00745,0.04176,0.01282,0.05026,0.03429,0.00396,0.20556,0.00267,0.02457,0.11073
0.00347,0.28691,0.00383,0.07821,0.07173,0.15574,0.21964,0.00537,0.01796,0.00308,0.02182,0.13224
0.00346,0.40215,0.00608,0.00861,0.01117,0.07474,0.34464,0.00257,0.06602,0.00096,0.00752,0.07208
0.00909,0.31461,0.01803,0.13570,0.01792,0.01836,0.00844,0.00321,0.37925,0.00591,0.04162,0.04785
0.01203,0.15453,0.03547,0.02189,0.01698,0.19380,0.02307,0.00347,0.29354,0.00449,0.04643,0.19430
0.01006,0.19012,0.02473,0.13645,0.02078,0.28109,0.02858,0.00303,0.22335,0.00316,0.03003,0.04861
0.00840,0.60150,0.01265,0.02194,0.02503,0.01995,0.02658,0.00367,0.18488,0.00353,0.03840,0.05348
0.01669,0.14794,0.08580,0.05990,0.03882,0.05974,0.06354,0.01769,0.40604,0.00519,0.06010,0.03855
0.00462,0.13498,0.02148,0.01402,0.22517,0.28883,0.08961,0.00688,0.15161,0.00357,0.01333,0.04589
0.02044,0.11903,0.01830,0.02774,0.02089,0.01071,0.02746,0.00617,0.63151,0.01023,0.05516,0.05236
0.01133,0.48424,0.03509,0.01461,0.06131,0.03060,0.13886,0.06752,0.08525,0.00456,0.02308,0.04355
0.02800,0.30905,0.05425,0.01305,0.06064,0.27530,0.04293,0.00728,0.15745,0.00500,0.02197,0.02508
0.01729,0.20336,0.04217,0.02969,0.18929,0.03342,0.03368,0.00999,0.08879,0.03542,0.28676,0.03014
0.02444,0.37961,0.04161,0.05821,0.16603,0.03990,0.03046,0.00849,0.05711,0.01293,0.15297,0.02824
0.00834,0.54549,0.03740,0.01312,0.09643,0.01634,0.17304,0.02365,0.05120,0.00370,0.01880,0.01249
0.01366,0.11296,0.16597,0.00962,0.01092,0.01410,0.01700,0.00397,0.19998,0.00544,0.02953,0.41685
0.00588,0.37039,0.18468,0.00734,0.01469,0.11486,0.02404,0.00946,0.10245,0.03939,0.03272,0.09409
0.00659,0.08490,0.57828,0.00652,0.03204,0.04158,0.03842,0.00554,0.14414,0.01338,0.03371,0.01489
0.01420,0.10696,0.02708,0.03719,0.07218,0.02997,0.10869,0.00791,0.45568,0.00374,0.04208,0.09432
0.00974,0.11613,0.28982,0.02078,0.02258,0.04968,0.09726,0.00696,0.23584,0.01091,0.10994,0.03038
0.00628,0.09462,0.04241,0.02917,0.32494,0.03034,0.34072,0.00601,0.05596,0.00618,0.03069,0.03269
0.00859,0.07816,0.04237,0.01297,0.02700,0.21619,0.12682,0.00557,0.28885,0.06761,0.07873,0.04713
0.00138,0.34056,0.04147,0.00619,0.01538,0.40550,0.00803,0.00202,0.07739,0.01608,0.02248,0.06352
0.01049,0.07589,0.02446,0.00759,0.01523,0.01605,0.01185,0.00487,0.48748,0.01395,0.05278,0.27936
0.01458,0.46525,0.22288,0.00742,0.01103,0.02149,0.01364,0.01844,0.06018,0.06901,0.07693,0.01915
0.00229,0.48382,0.08385,0.00678,0.00681,0.01649,0.01909,0.00224,0.29815,0.00525,0.03478,0.04046
0.01123,0.24508,0.01438,0.05414,0.01464,0.20885,0.03698,0.00162,0.05356,0.00699,0.03607,0.31647
0.02317,0.08152,0.02550,0.21153,0.01116,0.04643,0.04556,0.00297,0.49181,0.00305,0.02844,0.02885
0.00428,0.06626,0.67694,0.00971,0.00739,0.02342,0.02629,0.00306,0.03467,0.01331,0.03248,0.10219
0.00756,0.30747,0.03388,0.01161,0.13383,0.02203,0.16735,0.00833,0.25428,0.00840,0.02320,0.02205
0.00599,0.17391,0.02198,0.02028,0.05051,0.19249,0.02380,0.00511,0.21744,0.01376,0.24791,0.02683
0.00806,0.09838,0.01878,0.01770,0.16291,0.01937,0.01524,0.00552,0.22176,0.00635,0.38695,0.03899
0.00466,0.12585,0.01479,0.01599,0.35301,0.01202,0.01574,0.00326,0.36268,0.00347,0.01324,0.07531
0.01035,0.23234,0.03096,0.05557,0.06104,0.02995,0.06078,0.00619,0.04415,0.00984,0.26855,0.19029
0.00893,0.24161,0.17078,0.03617,0.03341,0.19193,0.08767,0.00619,0.08596,0.01586,0.03509,0.08641
0.01837,0.47343,0.03983,0.00811,0.00600,0.03540,0.02406,0.00331,0.19142,0.00271,0.06757,0.12978
0.00729,0.08353,0.01001,0.00734,0.01405,0.06024,0.57941,0.00254,0.18852,0.00153,0.00998,0.03557
0.01314,0.13571,0.04252,0.05881,0.06724,0.05081,0.03920,0.01282,0.40237,0.00673,0.07975,0.09090
0.00740,0.32920,0.03608,0.07648,0.03809,0.02861,0.03584,0.00423,0.03443,0.02237,0.04146,0.34581
0.00654,0.25675,0.01986,0.02224,0.05073,0.19028,0.02055,0.00627,0.21381,0.01019,0.17279,0.02999
0.01069,0.16183,0.04154,0.00826,0.00565,0.05268,0.02501,0.00367,0.26966,0.00265,0.01495,0.40340
0.00333,0.57287,0.28548,0.00724,0.00607,0.02091,0.02120,0.00216,0.03827,0.00375,0.01756,0.02115
0.00494,0.17836,0.02536,0.04069,0.13261,0.04592,0.01879,0.00863,0.05892,0.27007,0.11653,0.09918
0.00971,0.18698,0.03805,0.00643,0.00629,0.42371,0.01641,0.00291,0.19342,0.00200,0.01034,0.10375
0.01453,0.49701,0.04227,0.02984,0.04307,0.02257,0.08208,0.01399,0.14349,0.00432,0.05395,0.05288
0.00201,0.52151,0.00971,0.03467,0.08746,0.05951,0.10761,0.00544,0.10685,0.00402,0.02260,0.03862
0.00659,0.12711,0.27268,0.01121,0.02715,0.01487,0.01925,0.00979,0.48556,0.00154,0.00962,0.01464
0.00715,0.12484,0.16223,0.10179,0.05495,0.04186,0.03291,0.00414,0.05382,0.01135,0.08147,0.32349
0.00648,0.24875,0.01488,0.00868,0.00871,0.45613,0.03882,0.00345,0.12484,0.00541,0.01314,0.07070
0.00514,0.46717,0.01446,0.01729,0.04300,0.02108,0.02657,0.00359,0.35115,0.00457,0.02066,0.02532
0.02240,0.29653,0.09607,0.02361,0.01213,0.02828,0.06612,0.00930,0.29258,0.00543,0.03964,0.10791
0.00321,0.09768,0.52659,0.01637,0.01711,0.01834,0.04420,0.00471,0.20745,0.00353,0.01024,0.05059
0.00533,0.12416,0.02982,0.00905,0.01122,0.02683,0.04839,0.00322,0.13487,0.01720,0.29237,0.29752
0.00212,0.58664,0.01485,0.00667,0.03675,0.01476,0.16454,0.00717,0.11103,0.00317,0.00881,0.04348
0.00373,0.13975,0.04245,0.03585,0.02844,0.37541,0.03069,0.00498,0.19182,0.02110,0.01924,0.10655
0.00761,0.10021,0.24860,0.16677,0.01800,0.13464,0.03825,0.00268,0.05854,0.00944,0.05385,0.16141
0.01195,0.12639,0.05456,0.02272,0.00775,0.54298,0.05122,0.00210,0.06414,0.00264,0.03256,0.08098
0.01162,0.17030,0.23886,0.02023,0.05892,0.02171,0.09123,0.04738,0.26742,0.00639,0.01965,0.04631
0.04105,0.30374,0.02285,0.04481,0.02338,0.01312,0.04579,0.01205,0.16799,0.00380,0.24779,0.07364
0.00638,0.57746,0.15107,0.01162,0.00959,0.02616,0.04072,0.00355,0.12037,0.00267,0.02731,0.02310
0.01667,0.09351,0.01492,0.01301,0.01205,0.02380,0.05538,0.00199,0.51024,0.00232,0.02462,0.23148
0.00788,0.56685,0.11345,0.01304,0.01761,0.02007,0.03939,0.00379,0.17241,0.00475,0.01843,0.02232
0.08318,0.11613,0.02456,0.01991,0.43504,0.10818,0.04935,0.01344,0.02547,0.00447,0.05924,0.06104
0.00524,0.82346,0.01259,0.00934,0.01437,0.02462,0.02568,0.00295,0.02855,0.00587,0.01710,0.03023
0.01027,0.13002,0.02286,0.01133,0.01434,0.26885,0.01247,0.00243,0.13973,0.02207,0.31225,0.05337
0.00781,0.06949,0.09937,0.00675,0.01466,0.06784,0.59054,0.00463,0.10588,0.00179,0.01131,0.01995
0.01404,0.45019,0.02365,0.02042,0.02259,0.05346,0.04855,0.00921,0.20662,0.00399,0.01751,0.12977
0.01637,0.66134,0.01999,0.02151,0.03133,0.04135,0.06744,0.00694,0.06745,0.00380,0.02632,0.03617
0.00733,0.10609,0.03756,0.03243,0.02577,0.02737,0.04984,0.00578,0.17006,0.00642,0.03272,0.49865
0.00626,0.18443,0.08796,0.02189,0.02602,0.02543,0.51290,0.00546,0.04863,0.00534,0.01750,0.05818
0.00607,0.18222,0.04924,0.09466,0.06109,0.02212,0.03589,0.00289,0.30135,0.00712,0.05802,0.17934
0.01113,0.51843,0.00822,0.02834,0.01604,0.01482,0.02330,0.00270,0.24940,0.00436,0.06099,0.06227
0.54061,0.05270,0.03925,0.00914,0.03060,0.02951,0.01921,0.00487,0.20843,0.00328,0.01290,0.04950
0.00840,0.17180,0.12077,0.00423,0.01557,0.40031,0.02396,0.01036,0.08750,0.00473,0.02356,0.12881
0.00191,0.36718,0.02522,0.00513,0.03877,0.31102,0.01805,0.00480,0.17711,0.00662,0.02293,0.02127
0.01116,0.18261,0.02337,0.01529,0.01559,0.06440,0.05755,0.00390,0.44128,0.00294,0.04639,0.13552
0.00319,0.35509,0.02245,0.00840,0.01204,0.01472,0.16565,0.00259,0.08306,0.00458,0.01970,0.30854
0.00613,0.67417,0.02386,0.01188,0.02139,0.03848,0.02612,0.00576,0.07726,0.01885,0.06372,0.03238
0.06153,0.28372,0.08685,0.13699,0.02406,0.09583,0.05219,0.00365,0.11174,0.00494,0.12165,0.01684
0.00675,0.10378,0.01777,0.01612,0.01292,0.01522,0.03508,0.00275,0.27941,0.00363,0.46727,0.03929
0.00540,0.50131,0.06624,0.01389,0.01063,0.17410,0.04073,0.00346,0.10820,0.00176,0.00874,0.06553
0.05878,0.60666,0.04875,0.03347,0.03158,0.03893,0.03221,0.02770,0.04488,0.00593,0.04358,0.02754
0.00595,0.05546,0.00384,0.17091,0.02245,0.01528,0.51512,0.01890,0.01817,0.00405,0.04256,0.12731
0.36430,0.28217,0.01415,0.03788,0.01130,0.01738,0.02545,0.00171,0.11405,0.00294,0.04638,0.08229
0.00321,0.15987,0.02241,0.01961,0.00844,0.01410,0.01184,0.00219,0.66737,0.00639,0.03085,0.05372
0.00468,0.25065,0.05252,0.01168,0.01823,0.03044,0.27714,0.00697,0.30770,0.00157,0.01015,0.02827
0.01703,0.33010,0.05769,0.01469,0.03638,0.20544,0.01955,0.02250,0.17036,0.02601,0.05908,0.04118
0.00952,0.31648,0.00784,0.01950,0.01909,0.28614,0.01584,0.00241,0.03250,0.00562,0.04590,0.23916
0.00699,0.37198,0.03271,0.01570,0.01671,0.06411,0.03831,0.00343,0.06908,0.01346,0.03783,0.32970
0.00457,0.42723,0.04810,0.03754,0.03380,0.03244,0.02814,0.00345,0.15032,0.01899,0.14994,0.06549
0.00605,0.05836,0.14840,0.00760,0.01131,0.58626,0.02390,0.00262,0.04606,0.00415,0.03536,0.06993
0.00956,0.14477,0.02178,0.01774,0.09701,0.01275,0.04576,0.01431,0.55335,0.01359,0.04551,0.02386
0.00593,0.12170,0.07960,0.01597,0.01561,0.04403,0.03301,0.00352,0.35094,0.01736,0.21801,0.09432
0.00389,0.37594,0.05236,0.01613,0.02720,0.03206,0.03272,0.00338,0.39807,0.00479,0.01416,0.03932
0.02255,0.25806,0.04535,0.05541,0.03590,0.25339,0.03185,0.01361,0.13602,0.00510,0.05136,0.09140
0.00611,0.15392,0.04354,0.03164,0.04680,0.01617,0.02215,0.00664,0.03984,0.03605,0.52057,0.07656
0.00759,0.18744,0.05643,0.02108,0.01126,0.10233,0.01756,0.00280,0.50939,0.00182,0.01627,0.06603
0.00211,0.05135,0.19183,0.00673,0.02039,0.01668,0.66635,0.00556,0.02008,0.00165,0.00561,0.01166
0.01673,0.41484,0.03965,0.02692,0.18420,0.05605,0.04754,0.02457,0.06626,0.00951,0.05165,0.06208
