0.08556,0.09576,0.13273,0.22264,0.08924,0.08826,0.11428,0.17153
0.09909,0.08826,0.12694,0.14774,0.10051,0.10329,0.16759,0.16657
0.09164,0.08892,0.10197,0.06940,0.19489,0.24104,0.10889,0.10325
0.10541,0.07157,0.10668,0.08001,0.14377,0.13524,0.17221,0.18510
0.09789,0.07213,0.11135,0.17553,0.08980,0.08554,0.15326,0.21449
0.07880,0.10014,0.22708,0.22389,0.08146,0.07847,0.09955,0.11061
0.09226,0.09290,0.09600,0.15791,0.07691,0.07728,0.18658,0.22016
0.08976,0.06543,0.10532,0.08949,0.18105,0.19376,0.12461,0.15058
0.10917,0.06922,0.09292,0.07669,0.19364,0.20636,0.13578,0.11621
0.14221,0.24780,0.09521,0.08872,0.08565,0.08736,0.12019,0.13287
0.18210,0.20854,0.06916,0.08492,0.06691,0.06843,0.21138,0.10855
0.08311,0.07524,0.13091,0.26801,0.08745,0.09428,0.10695,0.15405
0.11490,0.09045,0.08462,0.08274,0.16396,0.16944,0.13656,0.15733
0.10490,0.09580,0.12499,0.15638,0.10198,0.10430,0.15019,0.16146
0.08255,0.09565,0.08526,0.11570,0.14579,0.14319,0.13624,0.19561
0.09122,0.08550,0.12516,0.19498,0.07258,0.07001,0.12058,0.23997
0.09376,0.18089,0.10568,0.15413,0.07352,0.07551,0.13854,0.17797
0.09841,0.06924,0.15697,0.08815,0.07983,0.07859,0.14230,0.28651
0.09923,0.08702,0.08697,0.09120,0.14111,0.13334,0.16639,0.19475
0.09659,0.10724,0.10045,0.07093,0.19733,0.20586,0.11785,0.10375
0.08118,0.08968,0.09453,0.28986,0.07947,0.07918,0.13562,0.15049
0.10166,0.07096,0.18766,0.11509,0.08045,0.07837,0.15594,0.20986
0.09932,0.06089,0.08465,0.10045,0.15055,0.15557,0.19396,0.15461
0.10684,0.26205,0.10044,0.09796,0.08552,0.08658,0.11660,0.14401
0.11047,0.08159,0.09286,0.08411,0.18798,0.18748,0.12449,0.13101
0.18958,0.18423,0.08476,0.10612,0.07297,0.07080,0.14627,0.14527
0.10880,0.14142,0.13764,0.17503,0.08874,0.09157,0.11927,0.13753
0.26584,0.08953,0.09684,0.08899,0.07415,0.07702,0.18402,0.12362
0.10620,0.09640,0.13539,0.16981,0.07994,0.07993,0.15709,0.17524
0.09549,0.06560,0.08792,0.09421,0.19035,0.19631,0.13086,0.13926
0.09151,0.08243,0.11014,0.16407,0.07096,0.07685,0.17613,0.22792
0.12058,0.07803,0.08640,0.07857,0.15877,0.18155,0.13006,0.16603
0.09878,0.08981,0.10525,0.08985,0.17231,0.17822,0.12650,0.13928
0.17598,0.10620,0.09303,0.09678,0.09250,0.09260,0.16726,0.17563
0.09444,0.05940,0.09156,0.07227,0.14769,0.14276,0.13943,0.25245
0.10092,0.07212,0.09424,0.10131,0.13882,0.13647,0.17095,0.18519
0.12555,0.09083,0.15826,0.10038,0.10062,0.10513,0.14770,0.17152
0.10174,0.10492,0.12251,0.18069,0.08610,0.08418,0.14534,0.17450
0.10053,0.09555,0.08971,0.06766,0.18097,0.18132,0.13118,0.15309
0.08429,0.12932,0.12160,0.19556,0.09407,0.09242,0.11490,0.16783
0.08285,0.08677,0.13146,0.07957,0.15223,0.15470,0.13844,0.17398
0.14683,0.08886,0.07332,0.07800,0.09555,0.09420,0.23005,0.19319
0.11760,0.09224,0.11709,0.16825,0.08926,0.08569,0.15695,0.17293
0.28237,0.09195,0.07620,0.08632,0.07698,0.07830,0.17677,0.13112
0.10844,0.08213,0.12431,0.07984,0.15942,0.17202,0.16475,0.10907
0.11521,0.11047,0.08718,0.08889,0.08682,0.08509,0.20825,0.21808
0.10597,0.12147,0.09030,0.22314,0.07925,0.08436,0.15145,0.14405
0.09792,0.08862,0.15972,0.14445,0.07447,0.07510,0.14548,0.21424
0.07231,0.06157,0.09375,0.08277,0.12772,0.12561,0.18815,0.24813
0.15776,0.16544,0.07954,0.11897,0.08841,0.08697,0.16551,0.13741
0.09434,0.10385,0.12334,0.16140,0.09149,0.08913,0.12958,0.20686
0.09933,0.09542,0.10245,0.08431,0.14938,0.15758,0.13651,0.17503
0.10832,0.08979,0.13407,0.20937,0.07419,0.07651,0.17065,0.13710
0.16555,0.07733,0.07879,0.08638,0.08827,0.08603,0.18915,0.22849
0.12586,0.11727,0.14177,0.07734,0.09513,0.10021,0.15038,0.19205
0.18864,0.10944,0.09329,0.09510,0.08647,0.08901,0.18249,0.15557
0.17190,0.11912,0.09198,0.08843,0.10724,0.10975,0.16646,0.14511
0.24236,0.09209,0.07887,0.06489,0.06983,0.06923,0.23433,0.14841
0.09831,0.12941,0.12512,0.16125,0.07777,0.07613,0.13430,0.19771
0.07806,0.07612,0.10838,0.07190,0.16751,0.17004,0.12013,0.20786
0.09719,0.28718,0.09409,0.08611,0.07880,0.08339,0.12024,0.15300
0.09103,0.07026,0.10380,0.05952,0.20608,0.25136,0.10680,0.11114
0.12883,0.24398,0.08340,0.08045,0.09150,0.08992,0.15514,0.12678
0.13766,0.12815,0.09043,0.10117,0.10439,0.10593,0.15548,0.17678
0.08201,0.07507,0.11870,0.23733,0.09258,0.09378,0.12219,0.17834
0.07302,0.05873,0.08764,0.07926,0.18596,0.19874,0.11712,0.19954
0.09971,0.07011,0.09973,0.08036,0.16798,0.16953,0.12768,0.18491
0.11244,0.07410,0.11237,0.07186,0.17726,0.17841,0.13576,0.13780
0.09097,0.07203,0.30513,0.10387,0.08268,0.08462,0.11533,0.14537
0.06726,0.09949,0.16432,0.20428,0.08651,0.08361,0.10674,0.18780
0.19680,0.19338,0.09247,0.10147,0.08670,0.08773,0.14005,0.10141
0.11629,0.08531,0.19471,0.12010,0.09087,0.09145,0.13999,0.16127
0.07825,0.09016,0.15048,0.15524,0.09450,0.09315,0.12783,0.21039
0.10603,0.08712,0.16329,0.12681,0.09791,0.09740,0.15604,0.16541
0.23905,0.09000,0.07552,0.09713,0.07594,0.07540,0.17655,0.17042
0.12856,0.09266,0.09750,0.06668,0.17777,0.16224,0.12005,0.15453
0.08128,0.07940,0.21369,0.13532,0.09452,0.08956,0.11040,0.19582
0.08376,0.06356,0.21068,0.12768,0.07754,0.07709,0.12721,0.23248
0.09883,0.08722,0.09564,0.08921,0.14598,0.15550,0.17719,0.15043
0.08701,0.08928,0.16541,0.20241,0.09016,0.08865,0.12069,0.15639
0.31927,0.07822,0.07888,0.07268,0.06205,0.06258,0.19288,0.13345
0.13691,0.16478,0.09749,0.08367,0.09915,0.09953,0.15236,0.16611
0.18335,0.12734,0.09144,0.08402,0.08773,0.08613,0.16995,0.17004
0.15619,0.15105,0.10061,0.08360,0.07869,0.08388,0.15642,0.18957
0.09287,0.08289,0.20706,0.10532,0.09209,0.08552,0.11704,0.21721
0.09108,0.07541,0.09018,0.08449,0.11956,0.11622,0.14700,0.27608
0.08229,0.09093,0.08216,0.32089,0.07152,0.07006,0.13590,0.14625
0.12270,0.14453,0.10200,0.07847,0.09542,0.09337,0.18180,0.18171
0.13294,0.15125,0.06292,0.10255,0.09110,0.08825,0.17542,0.19557
0.07598,0.07535,0.10656,0.31611,0.07585,0.07380,0.12289,0.15347
0.11768,0.12027,0.11774,0.16246,0.07443,0.07415,0.15955,0.17372
0.08474,0.09250,0.12862,0.21784,0.09026,0.08975,0.11867,0.17761
0.07150,0.08564,0.10850,0.36633,0.07744,0.07894,0.09857,0.11308
0.08246,0.06315,0.37136,0.06533,0.10295,0.11079,0.09938,0.10457
0.16224,0.12439,0.07628,0.10273,0.09382,0.09077,0.22213,0.12764
0.10904,0.10267,0.10392,0.07121,0.18548,0.18359,0.11242,0.13166
0.11366,0.07290,0.10352,0.08570,0.15646,0.15645,0.16871,0.14260
0.09971,0.08529,0.12549,0.12174,0.14350,0.14342,0.13429,0.14656
0.09728,0.10594,0.10198,0.27263,0.07165,0.06950,0.12183,0.15919
0.09844,0.07603,0.10760,0.25596,0.08648,0.08595,0.15252,0.13701
