0.08534,0.09108,0.08587,0.08978,0.09093,0.35073,0.05857,0.04389,0.05791,0.04589
0.12498,0.10642,0.09753,0.10613,0.12126,0.18079,0.07374,0.06027,0.06959,0.05928
0.09597,0.12017,0.09807,0.09505,0.10478,0.20746,0.05753,0.03249,0.12884,0.05965
0.08521,0.08131,0.09395,0.07572,0.08588,0.33416,0.04390,0.03413,0.10715,0.05858
0.10735,0.12504,0.11391,0.10199,0.13613,0.24610,0.04523,0.04310,0.03918,0.04197
0.08962,0.08933,0.08814,0.08624,0.09078,0.21697,0.09745,0.09259,0.06707,0.08181
0.07493,0.08649,0.08243,0.08387,0.10246,0.32581,0.04844,0.05843,0.06487,0.07228
0.07275,0.06958,0.06294,0.06073,0.07095,0.18441,0.15878,0.07404,0.15363,0.09219
0.10958,0.10883,0.11669,0.11411,0.13207,0.14354,0.04218,0.07382,0.06767,0.09150
0.10511,0.09302,0.07971,0.07547,0.09648,0.12572,0.08044,0.04599,0.24663,0.05142
0.09758,0.09249,0.08721,0.09543,0.10726,0.12194,0.09704,0.07655,0.10215,0.12236
0.09674,0.09993,0.10834,0.09887,0.11198,0.09267,0.18637,0.09585,0.06626,0.04300
0.05768,0.05944,0.05452,0.05718,0.06208,0.35782,0.09866,0.05771,0.10855,0.08636
0.10872,0.10770,0.08779,0.09348,0.09996,0.15706,0.05371,0.04524,0.16317,0.08318
0.09948,0.09319,0.08797,0.09466,0.10540,0.19818,0.13422,0.06494,0.07507,0.04690
0.06259,0.06235,0.06424,0.06385,0.06886,0.38533,0.05772,0.04542,0.07226,0.11738
0.07283,0.08062,0.07352,0.06793,0.08326,0.40564,0.05484,0.05203,0.05977,0.04956
0.12742,0.13715,0.10644,0.11292,0.17933,0.12923,0.07788,0.04318,0.05106,0.03538
0.08991,0.08175,0.08415,0.08045,0.07846,0.19544,0.11747,0.05192,0.14888,0.07157
0.09804,0.11093,0.09244,0.09397,0.10945,0.15194,0.13608,0.08272,0.07084,0.05360
0.07830,0.08292,0.07383,0.07255,0.09299,0.29597,0.09823,0.05602,0.08493,0.06426
0.08485,0.09826,0.08644,0.07600,0.08619,0.31234,0.06943,0.05818,0.07985,0.04846
0.11640,0.09680,0.08332,0.08198,0.09518,0.18566,0.05604,0.03848,0.15145,0.09469
0.08602,0.07875,0.07820,0.09225,0.08748,0.32454,0.06305,0.05915,0.07105,0.05952
0.13535,0.13359,0.10172,0.10283,0.11871,0.12265,0.08547,0.10149,0.05581,0.04237
0.06356,0.06403,0.06079,0.06040,0.06452,0.15942,0.06799,0.03960,0.33315,0.08654
0.07931,0.07312,0.06905,0.07365,0.08187,0.34194,0.06018,0.05255,0.08184,0.08649
0.08028,0.07584,0.07793,0.07642,0.08715,0.15941,0.12635,0.06639,0.15069,0.09952
0.09545,0.09727,0.09031,0.10662,0.10435,0.29746,0.05615,0.05489,0.04729,0.05020
0.09653,0.08130,0.07503,0.08340,0.08294,0.18593,0.12286,0.07609,0.12556,0.07038
0.08213,0.08411,0.09151,0.08309,0.09902,0.26437,0.06748,0.05758,0.09773,0.07299
0.10441,0.11194,0.09689,0.10101,0.13457,0.15404,0.06734,0.04455,0.11998,0.06526
0.08538,0.08339,0.07643,0.07039,0.08228,0.44180,0.04656,0.03839,0.04203,0.03335
0.10345,0.10552,0.09956,0.09350,0.11063,0.25868,0.07840,0.04049,0.06981,0.03996
0.08656,0.09541,0.08473,0.10062,0.10487,0.33389,0.05459,0.03830,0.05339,0.04764
0.07368,0.07656,0.06843,0.07029,0.08003,0.18518,0.15017,0.05824,0.17988,0.05754
0.08505,0.09550,0.09090,0.09294,0.10503,0.19975,0.12692,0.06786,0.08256,0.05350
0.10243,0.09439,0.09702,0.09571,0.09774,0.12084,0.10774,0.07614,0.13457,0.07341
0.08652,0.09028,0.09261,0.08541,0.11218,0.22243,0.09313,0.04259,0.12037,0.05448
0.09946,0.11721,0.11029,0.10219,0.12723,0.21746,0.04896,0.05351,0.06337,0.06032
0.11169,0.09090,0.09583,0.10623,0.10793,0.16382,0.08816,0.08029,0.06532,0.08983
0.06160,0.05902,0.06064,0.05860,0.06389,0.40158,0.07469,0.04339,0.11826,0.05832
0.07973,0.08607,0.06977,0.08219,0.08255,0.18740,0.08497,0.05136,0.12329,0.15265
0.05611,0.05447,0.04951,0.04932,0.06036,0.48503,0.05332,0.04772,0.09262,0.05154
0.11089,0.10136,0.09690,0.09739,0.11741,0.25046,0.05352,0.03917,0.07671,0.05618
0.05579,0.05433,0.05143,0.05610,0.06349,0.44283,0.07161,0.02960,0.12588,0.04896
0.08826,0.07589,0.07819,0.07911,0.10049,0.35202,0.03477,0.02757,0.12257,0.04114
0.10095,0.12208,0.09390,0.09271,0.10728,0.29003,0.04903,0.04429,0.05959,0.04014
0.09827,0.09673,0.08581,0.09025,0.11190,0.25570,0.09165,0.05595,0.07033,0.04343
0.07580,0.08005,0.07994,0.06897,0.08485,0.39700,0.04767,0.04281,0.06034,0.06255
0.07968,0.07361,0.07166,0.07243,0.07672,0.38849,0.05066,0.05784,0.05836,0.07056
0.08343,0.07942,0.07654,0.07747,0.09402,0.22043,0.16821,0.09486,0.05681,0.04881
0.09388,0.13087,0.10105,0.09243,0.11299,0.29869,0.04737,0.03426,0.04877,0.03969
0.09463,0.11207,0.08482,0.08175,0.10444,0.23182,0.07819,0.04569,0.09119,0.07540
0.07582,0.07723,0.07359,0.07051,0.08399,0.29326,0.06817,0.04940,0.11253,0.09550
0.08841,0.08070,0.08192,0.08233,0.08795,0.40235,0.04138,0.03673,0.05785,0.04037
0.12016,0.10789,0.11502,0.10443,0.12910,0.12689,0.08996,0.08099,0.07705,0.04852
0.10734,0.09613,0.09485,0.09201,0.11465,0.29803,0.05547,0.04443,0.05215,0.04495
0.10756,0.11170,0.10935,0.09800,0.12084,0.25228,0.03977,0.04661,0.06333,0.05056
0.06977,0.06736,0.07417,0.06500,0.07606,0.27485,0.09668,0.07730,0.08341,0.11540
0.07829,0.07615,0.07593,0.08325,0.08725,0.30400,0.08357,0.06265,0.08014,0.06878
0.07725,0.07208,0.07104,0.06337,0.08490,0.50297,0.03334,0.03013,0.03067,0.03424
0.06211,0.06144,0.06110,0.05528,0.06825,0.37974,0.06092,0.04497,0.10618,0.10001
0.10070,0.10792,0.12005,0.13836,0.10286,0.16693,0.06555,0.09191,0.04569,0.06002
0.09515,0.08337,0.08893,0.08999,0.09097,0.10236,0.17474,0.10424,0.08514,0.08510
0.07254,0.07010,0.07578,0.07249,0.07556,0.47426,0.04177,0.04239,0.03424,0.04088
0.14377,0.09336,0.10461,0.10714,0.11791,0.23720,0.04340,0.04053,0.06043,0.05165
0.12844,0.08297,0.08330,0.08012,0.09195,0.32736,0.05636,0.05225,0.04963,0.04763
0.11362,0.09653,0.08821,0.09986,0.11789,0.13332,0.14965,0.04661,0.10674,0.04758
0.09306,0.08211,0.06760,0.07623,0.08291,0.18590,0.11189,0.05482,0.18129,0.06417
0.12622,0.09806,0.11018,0.11570,0.14193,0.14813,0.07283,0.04382,0.09591,0.04722
0.10513,0.09857,0.09274,0.10702,0.11710,0.26335,0.05672,0.04575,0.07153,0.04208
0.12305,0.12730,0.09491,0.09684,0.15296,0.23878,0.05339,0.03716,0.04416,0.03146
0.09355,0.08265,0.09481,0.09345,0.10148,0.20206,0.13617,0.05517,0.07493,0.06574
0.08797,0.07906,0.07687,0.07625,0.09006,0.23917,0.10134,0.05031,0.13131,0.06766
0.08099,0.07910,0.07493,0.07848,0.09660,0.22579,0.12978,0.05978,0.10989,0.06466
0.07893,0.07501,0.07240,0.07039,0.09368,0.35842,0.10326,0.04161,0.07061,0.03569
0.08175,0.08462,0.08763,0.08575,0.09435,0.16884,0.09464,0.05992,0.16410,0.07841
0.08525,0.08200,0.07393,0.07968,0.09365,0.22842,0.08343,0.05171,0.14698,0.07496
0.07570,0.06869,0.06920,0.06634,0.07745,0.29481,0.08658,0.06033,0.09744,0.10346
0.07778,0.07496,0.07057,0.06859,0.09178,0.25960,0.08831,0.04123,0.15688,0.07031
0.09015,0.07445,0.07830,0.08452,0.09185,0.14345,0.09754,0.09197,0.15697,0.09079
0.07085,0.08956,0.07709,0.07912,0.08681,0.21452,0.17410,0.04867,0.11461,0.04469
0.07882,0.07777,0.07580,0.07254,0.08201,0.29449,0.07204,0.05320,0.08853,0.10481
0.07504,0.07571,0.07213,0.07169,0.07613,0.19778,0.11402,0.07103,0.11596,0.13051
0.11139,0.12471,0.11279,0.09821,0.14748,0.16401,0.06519,0.03660,0.09383,0.04579
0.12101,0.12913,0.09886,0.09908,0.10555,0.20568,0.08220,0.05260,0.05738,0.04851
0.12265,0.10706,0.11261,0.10945,0.13541,0.14286,0.07226,0.05646,0.08996,0.05128
0.09024,0.08887,0.07834,0.07444,0.09757,0.24660,0.06956,0.05710,0.12781,0.06947
0.07989,0.07789,0.06975,0.06649,0.07385,0.40397,0.04450,0.03906,0.08250,0.06210
0.09756,0.09333,0.08581,0.09001,0.09956,0.21207,0.08840,0.07731,0.07029,0.08564
0.09039,0.08203,0.07623,0.07700,0.08623,0.24091,0.09268,0.04810,0.12001,0.08641
0.08376,0.08307,0.07977,0.07974,0.08086,0.10975,0.07980,0.07077,0.16896,0.16353
0.11283,0.11671,0.11670,0.10741,0.11605,0.15995,0.07687,0.06685,0.07711,0.04953
0.12086,0.11685,0.10635,0.10368,0.14405,0.24017,0.03869,0.03278,0.04870,0.04787
0.08928,0.11022,0.08288,0.09206,0.10875,0.27685,0.06747,0.05124,0.05978,0.06147
0.07649,0.06866,0.06923,0.06130,0.06915,0.40330,0.04692,0.04088,0.10044,0.06362
0.09122,0.08555,0.08470,0.08427,0.10397,0.21034,0.07670,0.05517,0.11999,0.08807
0.10355,0.10519,0.10267,0.10190,0.13169,0.27924,0.04224,0.03430,0.05355,0.04566
0.08771,0.08046,0.08134,0.08243,0.08312,0.22173,0.07200,0.04449,0.18655,0.06017
