0.25131,0.03903,0.28651,0.07833,0.02175,0.12618,0.01213,0.01158,0.05833,0.03908,0.03725,0.01953,0.00469,0.01429
0.11764,0.01471,0.20407,0.01480,0.00625,0.01584,0.01330,0.00930,0.01009,0.28893,0.00403,0.00613,0.00327,0.29163
0.15280,0.01442,0.12133,0.00898,0.00733,0.02061,0.01082,0.00906,0.01346,0.29777,0.01298,0.00466,0.00414,0.32164
0.18439,0.29319,0.19209,0.00803,0.27750,0.01585,0.00226,0.01109,0.00785,0.00171,0.00314,0.00091,0.00107,0.00092
0.20997,0.01114,0.21470,0.01600,0.00842,0.00946,0.22973,0.20651,0.02643,0.03017,0.01340,0.00817,0.00583,0.01007
0.37158,0.06342,0.10270,0.02482,0.01683,0.01552,0.37719,0.01137,0.00691,0.00491,0.00130,0.00065,0.00130,0.00150
0.18950,0.05190,0.33193,0.08431,0.04419,0.00738,0.03742,0.01297,0.01909,0.01770,0.00796,0.04505,0.14062,0.00997
0.18560,0.02886,0.17844,0.02737,0.03384,0.02075,0.03346,0.01857,0.01776,0.21142,0.00918,0.01998,0.01021,0.20455
0.30308,0.04802,0.17547,0.00831,0.03722,0.00939,0.16713,0.09748,0.01644,0.01072,0.11167,0.00864,0.00259,0.00385
0.31511,0.06458,0.38288,0.03150,0.01932,0.08283,0.00782,0.00745,0.00465,0.00879,0.00286,0.03588,0.03447,0.00188
0.37831,0.01629,0.42741,0.01262,0.01832,0.05071,0.00639,0.02280,0.01513,0.01170,0.00447,0.01193,0.00271,0.02121
0.28348,0.06357,0.24911,0.03995,0.02721,0.05733,0.01328,0.04319,0.01900,0.07413,0.02342,0.05445,0.01266,0.03923
0.40229,0.02269,0.22144,0.00661,0.02836,0.01723,0.01549,0.00811,0.00356,0.00432,0.25500,0.00698,0.00385,0.00408
0.21939,0.01276,0.32923,0.01449,0.21494,0.02774,0.01457,0.00823,0.01029,0.03875,0.00910,0.01524,0.05568,0.02959
0.42313,0.01705,0.45119,0.00548,0.00386,0.00673,0.02961,0.02722,0.00417,0.00108,0.00189,0.01391,0.01419,0.00049
0.14362,0.03574,0.30377,0.12848,0.01554,0.04686,0.01755,0.00556,0.09696,0.01272,0.00380,0.18009,0.00736,0.00195
0.13388,0.15322,0.25289,0.19612,0.13480,0.02860,0.01280,0.01383,0.02337,0.01282,0.01903,0.00557,0.00524,0.00783
0.42761,0.01642,0.45038,0.00278,0.00462,0.00760,0.01890,0.01811,0.00481,0.00640,0.00348,0.00417,0.02996,0.00475
0.24639,0.18067,0.25314,0.17911,0.01325,0.04805,0.01260,0.01000,0.03478,0.00656,0.00382,0.00304,0.00491,0.00369
0.17961,0.01049,0.42678,0.01794,0.00541,0.01311,0.00657,0.00928,0.01091,0.01280,0.00167,0.28111,0.01581,0.00852
0.15651,0.01046,0.17541,0.02257,0.02174,0.01152,0.02291,0.00765,0.00879,0.27481,0.01116,0.00621,0.01797,0.25229
0.21525,0.00822,0.20061,0.03067,0.00418,0.01216,0.21994,0.24710,0.02759,0.00762,0.00813,0.00886,0.00610,0.00356
0.38405,0.01789,0.46526,0.00460,0.02124,0.08660,0.00283,0.00201,0.00187,0.00187,0.00074,0.00935,0.00111,0.00059
0.38360,0.02136,0.16818,0.03944,0.06170,0.00869,0.01250,0.00386,0.01462,0.01895,0.00932,0.01760,0.22097,0.01920
0.44818,0.02521,0.26469,0.01788,0.00675,0.00416,0.00238,0.00454,0.00480,0.00388,0.01076,0.00145,0.20375,0.00157
0.33324,0.02494,0.40049,0.01760,0.03955,0.07948,0.01060,0.00494,0.00750,0.00202,0.00466,0.04329,0.02818,0.00351
0.45239,0.00946,0.44729,0.00560,0.00722,0.01522,0.01180,0.01117,0.00619,0.00702,0.00440,0.00886,0.00432,0.00906
0.27540,0.01793,0.25823,0.00950,0.01445,0.03487,0.02996,0.15415,0.01802,0.01638,0.16226,0.00305,0.00273,0.00308
0.13810,0.09113,0.24808,0.04950,0.11804,0.07598,0.05469,0.01709,0.03419,0.07809,0.00871,0.01395,0.02583,0.04661
0.14622,0.01368,0.12748,0.01653,0.00506,0.09535,0.00713,0.10257,0.02912,0.00523,0.09369,0.23000,0.11858,0.00938
0.32651,0.03528,0.40660,0.03614,0.00930,0.11332,0.01021,0.01001,0.00541,0.01600,0.00172,0.00996,0.01092,0.00862
0.16705,0.03476,0.13664,0.27994,0.01165,0.01079,0.03294,0.01264,0.28364,0.01336,0.00457,0.00721,0.00427,0.00056
0.39887,0.04563,0.36755,0.02934,0.04465,0.01620,0.01697,0.00558,0.00245,0.02062,0.01282,0.01113,0.01972,0.00847
0.15599,0.05994,0.12800,0.24337,0.03679,0.00696,0.02630,0.01601,0.22983,0.02653,0.00864,0.00805,0.02245,0.03113
0.16006,0.00611,0.40897,0.00726,0.34723,0.02216,0.01168,0.00543,0.00923,0.00741,0.00222,0.00212,0.00671,0.00341
0.40572,0.05142,0.39328,0.04351,0.01752,0.00673,0.02409,0.01624,0.00801,0.00734,0.00689,0.00528,0.00944,0.00455
0.15127,0.24719,0.12826,0.01982,0.18310,0.08464,0.02892,0.01426,0.10596,0.00662,0.00868,0.00500,0.01281,0.00348
0.20168,0.00870,0.36070,0.03971,0.01268,0.11287,0.01136,0.01304,0.04092,0.01675,0.01340,0.16068,0.00103,0.00648
0.14324,0.02153,0.13821,0.05397,0.01111,0.01875,0.02980,0.01547,0.04203,0.26837,0.00353,0.00139,0.00770,0.24490
0.15361,0.02462,0.15664,0.02386,0.00639,0.01504,0.01448,0.00625,0.01336,0.26774,0.01982,0.01899,0.02808,0.25110
0.25434,0.02308,0.27547,0.03992,0.02933,0.11715,0.00551,0.01707,0.04279,0.07932,0.04313,0.01216,0.00676,0.05398
0.46745,0.00877,0.09339,0.00393,0.01092,0.00804,0.02317,0.00910,0.01750,0.00719,0.33350,0.00386,0.00810,0.00508
0.46383,0.01844,0.46393,0.00286,0.00838,0.01265,0.00672,0.00205,0.00897,0.00370,0.00141,0.00331,0.00092,0.00283
0.16624,0.00438,0.09919,0.00626,0.02663,0.00219,0.31513,0.35789,0.00449,0.00391,0.00751,0.00320,0.00104,0.00194
0.22132,0.10692,0.27031,0.06505,0.01088,0.05370,0.05852,0.07191,0.00818,0.03718,0.06518,0.00470,0.01324,0.01291
0.23212,0.04412,0.13816,0.16414,0.00971,0.10457,0.00929,0.01319,0.20234,0.01736,0.02361,0.02548,0.00491,0.01100
0.14781,0.05665,0.14270,0.01844,0.00854,0.00036,0.28961,0.28821,0.00578,0.01750,0.00485,0.00670,0.00678,0.00606
0.27155,0.02167,0.32366,0.11815,0.01206,0.02421,0.02053,0.03796,0.11765,0.01806,0.01622,0.00961,0.00491,0.00375
0.40148,0.06125,0.13214,0.00885,0.03241,0.00610,0.32182,0.01194,0.01026,0.00670,0.00150,0.00208,0.00095,0.00253
0.14689,0.09491,0.12427,0.02382,0.06000,0.25011,0.00894,0.02467,0.22295,0.01440,0.00258,0.01347,0.00853,0.00446
0.34080,0.06785,0.33211,0.02125,0.05206,0.01166,0.01355,0.01468,0.02667,0.05588,0.00530,0.00732,0.00655,0.04432
0.47053,0.01196,0.11612,0.02118,0.00449,0.00311,0.01664,0.02023,0.01671,0.00585,0.28147,0.01254,0.01171,0.00745
0.18080,0.01128,0.15532,0.01653,0.00792,0.01507,0.28588,0.30057,0.00757,0.00516,0.00473,0.00588,0.00146,0.00182
0.10376,0.02953,0.35998,0.11188,0.22402,0.02969,0.02024,0.02003,0.06667,0.00577,0.00867,0.00624,0.00713,0.00637
0.35616,0.03643,0.21955,0.13095,0.01517,0.00590,0.01281,0.00579,0.15021,0.00160,0.05186,0.00522,0.00232,0.00604
0.19908,0.02283,0.17975,0.26850,0.00867,0.00331,0.00308,0.00291,0.29016,0.01352,0.00129,0.00162,0.00241,0.00289
0.12347,0.01706,0.08539,0.05305,0.01293,0.01369,0.02568,0.01001,0.05805,0.30837,0.00410,0.01394,0.02233,0.25192
0.14514,0.02836,0.21199,0.18121,0.01788,0.00810,0.01755,0.01763,0.12181,0.02411,0.01624,0.06954,0.12575,0.01469
0.43662,0.01129,0.44067,0.01481,0.01571,0.00729,0.01392,0.01615,0.00440,0.00095,0.00278,0.01145,0.02333,0.00063
0.29257,0.10303,0.30117,0.04214,0.07523,0.02488,0.02322,0.01191,0.01065,0.05481,0.00758,0.00465,0.01778,0.03038
0.15532,0.00717,0.22093,0.27606,0.01888,0.00332,0.04091,0.00984,0.26056,0.00195,0.00145,0.00049,0.00172,0.00140
0.11045,0.01238,0.11442,0.04748,0.01494,0.00507,0.32179,0.32396,0.01386,0.00957,0.01687,0.00323,0.00351,0.00246
0.43722,0.01107,0.44421,0.02275,0.00910,0.00834,0.01999,0.01570,0.01502,0.00576,0.00157,0.00457,0.00245,0.00226
0.41458,0.01007,0.41992,0.00862,0.00459,0.01684,0.04772,0.03831,0.00532,0.01250,0.00360,0.00381,0.00733,0.00678
0.12697,0.02745,0.14332,0.09488,0.03056,0.00913,0.23431,0.22230,0.09430,0.00347,0.00666,0.00238,0.00248,0.00179
0.33514,0.02430,0.34612,0.08183,0.02671,0.01595,0.01298,0.02691,0.04646,0.03085,0.03025,0.00479,0.00491,0.01280
0.41786,0.03864,0.40882,0.03495,0.02200,0.00814,0.01607,0.00811,0.02174,0.00983,0.00457,0.00211,0.00527,0.00188
0.37138,0.01825,0.39939,0.02417,0.00403,0.03766,0.03193,0.02977,0.00681,0.03563,0.00826,0.01430,0.00343,0.01497
0.45644,0.01209,0.45765,0.00571,0.00215,0.01279,0.01097,0.01207,0.00812,0.00480,0.00273,0.00589,0.00375,0.00485
0.11609,0.35854,0.10287,0.37963,0.01009,0.00392,0.00737,0.00461,0.00161,0.00755,0.00271,0.00167,0.00107,0.00229
0.17541,0.02702,0.23971,0.14930,0.01781,0.13514,0.00957,0.01380,0.11821,0.01683,0.01522,0.06552,0.00407,0.01239
0.18475,0.03064,0.14831,0.01735,0.00874,0.05108,0.05787,0.05993,0.00958,0.19302,0.00210,0.00820,0.00261,0.22583
0.18374,0.24018,0.17208,0.02578,0.21662,0.01960,0.01950,0.01301,0.00792,0.02528,0.00832,0.02931,0.01133,0.02734
0.33037,0.03086,0.36028,0.00898,0.04240,0.02521,0.01354,0.02510,0.01832,0.04297,0.02463,0.03362,0.02380,0.01991
0.17303,0.05061,0.29056,0.00978,0.07300,0.19870,0.01468,0.01275,0.02979,0.05571,0.04011,0.00328,0.00460,0.04340
0.29178,0.02327,0.21123,0.02928,0.08740,0.04829,0.01482,0.01778,0.03778,0.04081,0.00750,0.00686,0.17583,0.00738
0.38378,0.04160,0.31510,0.00989,0.00239,0.00702,0.04038,0.04036,0.01006,0.05178,0.01580,0.02748,0.01821,0.03615
0.18946,0.00581,0.17752,0.27410,0.00966,0.00617,0.01171,0.00761,0.28337,0.01491,0.00247,0.00459,0.00803,0.00461
0.38644,0.01881,0.42480,0.01744,0.01532,0.04432,0.00830,0.01184,0.01906,0.02769,0.00866,0.00368,0.00083,0.01281
0.43262,0.00535,0.43554,0.01089,0.00919,0.03820,0.00899,0.00801,0.01129,0.01890,0.00311,0.01013,0.00164,0.00615
0.43714,0.02129,0.45250,0.00853,0.00500,0.02704,0.00680,0.00358,0.00934,0.00440,0.00231,0.00459,0.01497,0.00251
0.28830,0.02235,0.34073,0.04714,0.01547,0.06969,0.02538,0.01556,0.03321,0.06308,0.01599,0.01246,0.00624,0.04441
0.45081,0.01492,0.43606,0.00562,0.00723,0.03833,0.00512,0.01020,0.00701,0.00576,0.00419,0.00701,0.00145,0.00629
0.20837,0.01269,0.21293,0.24088,0.02350,0.00317,0.01880,0.02869,0.23844,0.00469,0.00404,0.00088,0.00067,0.00224
0.13769,0.00863,0.16949,0.01091,0.00364,0.31727,0.01118,0.00498,0.32315,0.00188,0.00268,0.00445,0.00262,0.00142
0.40818,0.02658,0.39355,0.02561,0.02681,0.00588,0.00725,0.02553,0.01144,0.02043,0.03202,0.00506,0.00514,0.00651
0.21231,0.01636,0.22036,0.22797,0.00489,0.02976,0.01171,0.01044,0.21720,0.01150,0.00463,0.01617,0.01141,0.00530
0.13450,0.36242,0.06772,0.02331,0.26552,0.05187,0.02154,0.02162,0.02180,0.00161,0.00786,0.00613,0.01102,0.00310
0.40674,0.03358,0.41675,0.02329,0.02691,0.01199,0.02256,0.01444,0.01849,0.00237,0.01327,0.00297,0.00588,0.00077
0.20755,0.03607,0.09737,0.23315,0.03737,0.01567,0.03028,0.00692,0.25153,0.01874,0.02269,0.01872,0.00509,0.01885
0.13053,0.00190,0.10308,0.00251,0.00440,0.00512,0.35813,0.35591,0.00501,0.00315,0.02410,0.00287,0.00021,0.00310
0.42476,0.02634,0.41052,0.02315,0.00657,0.03420,0.02179,0.00612,0.02772,0.00437,0.00230,0.00509,0.00573,0.00134
0.38298,0.02270,0.32140,0.02867,0.00576,0.02637,0.02295,0.03333,0.02324,0.04602,0.00459,0.01072,0.05562,0.01565
0.16368,0.03396,0.12492,0.03273,0.02847,0.02199,0.00234,0.01051,0.02242,0.25650,0.00792,0.00464,0.00732,0.28258
0.36917,0.02151,0.39567,0.01374,0.02711,0.00579,0.04733,0.02544,0.03769,0.01489,0.00554,0.00666,0.02020,0.00926
0.22114,0.04433,0.18007,0.02861,0.01409,0.17793,0.04296,0.03678,0.15123,0.03034,0.02809,0.01543,0.01172,0.01729
0.25569,0.04158,0.36490,0.01619,0.01155,0.12974,0.04320,0.06738,0.00852,0.02036,0.01491,0.00457,0.00420,0.01719
0.40031,0.02872,0.39130,0.01476,0.06679,0.00419,0.01318,0.02037,0.00966,0.01984,0.01085,0.00524,0.01007,0.00474
0.13126,0.00947,0.19877,0.02755,0.01101,0.00584,0.00722,0.32254,0.00818,0.00523,0.26754,0.00097,0.00316,0.00123
0.14569,0.30260,0.13230,0.01522,0.27551,0.00497,0.03279,0.01288,0.00902,0.03349,0.00657,0.00162,0.00244,0.02491
0.32034,0.02788,0.32128,0.01501,0.03397,0.03454,0.04706,0.00728,0.03645,0.00506,0.00628,0.06991,0.07198,0.00295
0.28930,0.05460,0.30676,0.04578,0.02297,0.05573,0.02606,0.00986,0.03011,0.01262,0.01442,0.11994,0.00824,0.00360
0.21911,0.07342,0.24868,0.13326,0.09339,0.01470,0.02101,0.00877,0.09675,0.05623,0.00394,0.00486,0.01320,0.01268
0.12810,0.01782,0.13536,0.04588,0.00966,0.28265,0.02312,0.02061,0.30592,0.00668,0.00187,0.00308,0.01090,0.00834
0.37083,0.01214,0.40950,0.06078,0.00947,0.03529,0.00528,0.01263,0.04494,0.00824,0.01295,0.01016,0.00520,0.00260
0.33828,0.05151,0.17656,0.01124,0.03876,0.00502,0.30209,0.02323,0.03134,0.01017,0.00306,0.00172,0.00358,0.00344
0.31582,0.03487,0.34636,0.01500,0.00902,0.01196,0.05209,0.08362,0.01415,0.01915,0.07665,0.00412,0.00448,0.01271
0.29468,0.06482,0.32143,0.03307,0.08221,0.01657,0.07040,0.05806,0.01904,0.01501,0.00845,0.00634,0.00394,0.00599
0.13158,0.02088,0.09666,0.00657,0.00797,0.00731,0.32440,0.35999,0.00712,0.00708,0.02090,0.00194,0.00591,0.00171
0.24491,0.01429,0.25612,0.21914,0.00344,0.00649,0.02824,0.00317,0.20442,0.00450,0.00110,0.00369,0.00818,0.00231
0.19220,0.05150,0.20928,0.09972,0.04346,0.05735,0.05872,0.08079,0.08523,0.00834,0.08830,0.00323,0.01283,0.00904
0.20467,0.01281,0.21938,0.04681,0.00425,0.12320,0.00714,0.01905,0.05524,0.00606,0.00296,0.18265,0.11331,0.00248
0.30450,0.03108,0.40032,0.01132,0.01915,0.13687,0.00398,0.01100,0.01244,0.01515,0.01286,0.00578,0.01446,0.02109
0.41234,0.01357,0.34396,0.00565,0.01653,0.00789,0.03851,0.06153,0.00476,0.02507,0.00624,0.00284,0.05223,0.00889
0.11664,0.07897,0.17509,0.20988,0.05599,0.01631,0.01175,0.00748,0.08643,0.03014,0.00523,0.06975,0.12325,0.01309
0.27069,0.00744,0.20733,0.01257,0.00729,0.05184,0.00828,0.02911,0.00663,0.01238,0.00636,0.23118,0.13354,0.01538
0.38018,0.02324,0.34993,0.03072,0.00708,0.01509,0.02042,0.02862,0.03331,0.02052,0.02219,0.01966,0.02685,0.02220
0.21217,0.07346,0.13076,0.04472,0.00818,0.03005,0.12456,0.04920,0.03978,0.01749,0.02630,0.12940,0.10377,0.01017
0.42966,0.01610,0.39039,0.01108,0.01684,0.01740,0.00792,0.01525,0.00750,0.01937,0.02401,0.01018,0.00642,0.02789
0.26863,0.12414,0.21030,0.00969,0.05268,0.10714,0.04479,0.02314,0.08921,0.01223,0.02344,0.01739,0.00730,0.00992
0.26090,0.01437,0.32061,0.02250,0.03990,0.01207,0.03730,0.02698,0.00860,0.04162,0.00242,0.05779,0.12944,0.02550
0.23047,0.03832,0.27905,0.05947,0.02402,0.09887,0.02125,0.02513,0.04784,0.08658,0.02890,0.00022,0.00372,0.05615
0.29587,0.04412,0.26009,0.13521,0.02389,0.00735,0.02689,0.01507,0.13363,0.01401,0.01225,0.00431,0.01305,0.01426
0.34535,0.05782,0.28524,0.01420,0.01023,0.09408,0.01098,0.02929,0.07245,0.01021,0.04529,0.00908,0.00392,0.01187
0.17416,0.05892,0.22975,0.08087,0.05821,0.01935,0.01917,0.00936,0.02468,0.06959,0.00550,0.09856,0.11818,0.03371
0.16235,0.00861,0.14697,0.00914,0.00976,0.00732,0.00925,0.02712,0.00570,0.30048,0.01669,0.00449,0.00374,0.28838
0.14624,0.29249,0.15497,0.30371,0.01260,0.00418,0.02188,0.00854,0.01678,0.01377,0.00561,0.00688,0.00425,0.00811
0.41959,0.01776,0.18677,0.02781,0.06985,0.01042,0.00400,0.01036,0.00767,0.01381,0.00169,0.00515,0.21663,0.00851
0.16567,0.00954,0.11835,0.01075,0.00790,0.00424,0.30951,0.35929,0.00341,0.00143,0.00279,0.00214,0.00300,0.00196
0.47895,0.00551,0.19811,0.00747,0.01245,0.01089,0.01479,0.01621,0.00681,0.00660,0.23226,0.00435,0.00244,0.00317
0.45955,0.01847,0.43740,0.00375,0.00983,0.01220,0.01139,0.01071,0.01040,0.00470,0.01245,0.00450,0.00242,0.00222
0.19198,0.01171,0.35463,0.04737,0.05327,0.00540,0.01416,0.00511,0.00457,0.01038,0.00297,0.08069,0.19944,0.01832
0.29485,0.05511,0.33816,0.05422,0.06382,0.02096,0.04613,0.02768,0.04042,0.01210,0.00785,0.02222,0.00319,0.01330
0.19584,0.02083,0.15313,0.00716,0.01428,0.02806,0.00712,0.01590,0.00652,0.29978,0.00626,0.00452,0.00154,0.23906
0.34106,0.01954,0.42039,0.02299,0.01196,0.08696,0.00723,0.04080,0.01126,0.00649,0.02077,0.00499,0.00289,0.00265
0.24318,0.02500,0.36417,0.02021,0.00556,0.14453,0.00642,0.01009,0.02545,0.04626,0.00918,0.04697,0.00273,0.05025
0.45612,0.01446,0.15909,0.01964,0.00190,0.01004,0.00208,0.00531,0.01072,0.00514,0.00072,0.00442,0.30787,0.00251
0.43463,0.05499,0.37830,0.01594,0.01178,0.01684,0.00793,0.02738,0.01546,0.00702,0.02115,0.00515,0.00096,0.00246
0.33486,0.01504,0.45024,0.02306,0.00586,0.12350,0.00419,0.00359,0.00558,0.00711,0.00459,0.01755,0.00151,0.00331
0.23539,0.00671,0.13198,0.01272,0.00604,0.09784,0.00722,0.01710,0.02902,0.00553,0.00589,0.30391,0.13323,0.00741
0.24685,0.04847,0.22204,0.04527,0.04674,0.01134,0.10273,0.05487,0.04272,0.05408,0.06061,0.01101,0.02469,0.02858
0.38865,0.04888,0.42328,0.00928,0.00557,0.05665,0.01967,0.00539,0.01996,0.00941,0.00158,0.00343,0.00163,0.00661
0.31819,0.05026,0.22936,0.01004,0.03324,0.08435,0.05352,0.06286,0.01523,0.04263,0.07425,0.00511,0.00297,0.01800
0.40367,0.03735,0.36476,0.03355,0.00424,0.03716,0.02607,0.02032,0.03735,0.00996,0.00842,0.00920,0.00216,0.00578
0.47013,0.01645,0.44602,0.01820,0.00211,0.00737,0.00134,0.01631,0.00451,0.00144,0.00720,0.00502,0.00180,0.00209
0.16891,0.02125,0.12824,0.22706,0.05427,0.01067,0.04225,0.01618,0.25918,0.00838,0.00675,0.03262,0.01469,0.00953
0.15709,0.01194,0.18203,0.29435,0.00707,0.00730,0.03393,0.00714,0.28310,0.00103,0.00214,0.00658,0.00375,0.00255
0.34702,0.02597,0.38442,0.01884,0.01250,0.04875,0.00963,0.02022,0.03249,0.04455,0.01614,0.01491,0.00320,0.02138
0.37599,0.00821,0.36300,0.00393,0.01804,0.03857,0.04212,0.04513,0.02804,0.01099,0.00326,0.00727,0.04979,0.00565
0.19019,0.02444,0.20498,0.26256,0.01450,0.02128,0.01363,0.00572,0.25117,0.00423,0.00188,0.00199,0.00063,0.00282
0.27233,0.08006,0.20857,0.01368,0.04608,0.01039,0.19522,0.01455,0.01891,0.05931,0.00513,0.01734,0.03157,0.02687
0.13266,0.00744,0.40063,0.01039,0.31208,0.03553,0.02390,0.03217,0.00831,0.00780,0.01486,0.00225,0.00479,0.00718
0.11286,0.33534,0.12560,0.31125,0.01688,0.01087,0.02635,0.01771,0.00782,0.00828,0.00249,0.01275,0.00554,0.00627
0.15784,0.01771,0.11233,0.01300,0.00509,0.01731,0.02169,0.29713,0.00986,0.00197,0.33415,0.00401,0.00458,0.00333
0.10176,0.33617,0.14641,0.32089,0.00685,0.01178,0.01726,0.01271,0.01889,0.00787,0.00701,0.00709,0.00251,0.00280
0.20639,0.01220,0.21994,0.16317,0.00946,0.03434,0.00584,0.04640,0.16166,0.01269,0.02086,0.06556,0.02758,0.01392
0.34997,0.01548,0.34347,0.10201,0.00296,0.01423,0.01068,0.02412,0.10511,0.00290,0.01025,0.00251,0.00682,0.00949
0.34171,0.00678,0.40111,0.00114,0.04678,0.04809,0.04994,0.02052,0.02464,0.02347,0.00727,0.00717,0.01631,0.00506
0.35676,0.01825,0.18760,0.03176,0.09054,0.01941,0.01106,0.00791,0.02682,0.01678,0.00720,0.00666,0.20580,0.01347
0.35193,0.01646,0.20474,0.03047,0.05053,0.03236,0.02356,0.03400,0.02035,0.02269,0.11554,0.07003,0.01566,0.01169
0.24816,0.00549,0.14907,0.00624,0.00912,0.10269,0.00489,0.03268,0.01200,0.00487,0.01858,0.28239,0.11588,0.00794
0.10943,0.01887,0.47454,0.01014,0.25611,0.05124,0.03062,0.00950,0.01089,0.00641,0.00561,0.00127,0.00286,0.01253
0.37370,0.01190,0.40910,0.03292,0.02586,0.08826,0.00617,0.00541,0.01085,0.00765,0.00795,0.00390,0.00112,0.01520
0.16154,0.02816,0.26475,0.14610,0.09548,0.00328,0.01673,0.01306,0.03793,0.02073,0.00382,0.05102,0.13919,0.01820
0.40417,0.00904,0.37010,0.03689,0.00403,0.00742,0.03724,0.03573,0.03879,0.00541,0.01641,0.00424,0.02623,0.00429
0.09783,0.01658,0.04876,0.00725,0.00115,0.00482,0.00526,0.37766,0.00592,0.00514,0.42449,0.00216,0.00198,0.00101
0.42326,0.00931,0.45974,0.00395,0.01567,0.00407,0.03406,0.00925,0.00355,0.01739,0.00447,0.00611,0.00489,0.00427
0.25533,0.04251,0.25721,0.08768,0.00742,0.01115,0.08196,0.09229,0.06584,0.02556,0.02434,0.00400,0.03664,0.00807
0.39943,0.03365,0.41079,0.03770,0.01593,0.01049,0.01823,0.00728,0.01219,0.00901,0.01008,0.01319,0.01691,0.00512
0.17120,0.02015,0.13504,0.02980,0.00549,0.13702,0.01149,0.03441,0.05526,0.01055,0.02780,0.24867,0.10686,0.00626
0.19959,0.08722,0.23796,0.20266,0.03643,0.04838,0.00560,0.00179,0.13797,0.01322,0.00579,0.00965,0.01050,0.00323
0.30910,0.07025,0.24247,0.02173,0.01968,0.01007,0.06212,0.06277,0.01003,0.07547,0.04414,0.00200,0.01353,0.05664
0.26131,0.01340,0.16489,0.12974,0.01041,0.06681,0.02195,0.02106,0.12587,0.00827,0.08073,0.05954,0.01050,0.02551
0.20119,0.01320,0.27453,0.23419,0.00735,0.02911,0.00947,0.00709,0.20568,0.00146,0.00830,0.00329,0.00233,0.00283
0.33326,0.07331,0.31185,0.01533,0.04031,0.01443,0.08528,0.09169,0.00781,0.00358,0.00274,0.00581,0.00406,0.01055
0.37637,0.02630,0.43566,0.02301,0.00761,0.02312,0.01324,0.01424,0.03233,0.00618,0.01624,0.00994,0.01302,0.00276
0.34132,0.02334,0.16314,0.04522,0.03869,0.02242,0.01297,0.01089,0.01211,0.01470,0.18257,0.12192,0.00473,0.00596
0.44405,0.02011,0.42950,0.00929,0.01363,0.01443,0.01179,0.00593,0.00627,0.00825,0.01079,0.01199,0.01084,0.00314
0.28374,0.03133,0.22291,0.12382,0.02057,0.00228,0.05282,0.00796,0.10898,0.03457,0.04107,0.01538,0.03751,0.01706
0.37861,0.05192,0.34981,0.02137,0.00525,0.00677,0.01406,0.04791,0.00932,0.01918,0.02715,0.00467,0.04987,0.01411
0.19190,0.10869,0.18246,0.01086,0.07099,0.03284,0.15413,0.15950,0.02560,0.02932,0.01645,0.00456,0.00861,0.00409
0.20517,0.02885,0.18020,0.19721,0.00308,0.01242,0.02756,0.02940,0.21436,0.06002,0.00922,0.00223,0.01101,0.01926
0.28855,0.00871,0.40706,0.00945,0.02616,0.13521,0.02522,0.02982,0.01825,0.01954,0.01383,0.00352,0.00331,0.01138
0.26731,0.01288,0.17911,0.15198,0.01008,0.00934,0.01447,0.00814,0.14078,0.02855,0.00984,0.02741,0.13621,0.00390
0.37310,0.01207,0.18785,0.02910,0.00824,0.00764,0.01916,0.01130,0.02727,0.04803,0.13144,0.12864,0.00860,0.00757
0.14422,0.01733,0.07510,0.00507,0.00268,0.00721,0.00961,0.32283,0.01223,0.00197,0.39569,0.00421,0.00061,0.00125
0.11226,0.08660,0.13614,0.29635,0.01711,0.03306,0.01242,0.01981,0.25876,0.00761,0.00549,0.00309,0.00575,0.00555
0.19113,0.01519,0.17780,0.22014,0.00656,0.05383,0.01416,0.00683,0.27044,0.02004,0.00176,0.00574,0.00405,0.01234
0.25719,0.00714,0.18173,0.17138,0.00691,0.03401,0.01954,0.02594,0.16325,0.00907,0.10580,0.00433,0.01123,0.00247
0.43184,0.01960,0.42899,0.01486,0.00618,0.00510,0.00992,0.01075,0.00442,0.00111,0.01219,0.00983,0.04352,0.00167
0.13839,0.31892,0.10587,0.01337,0.26248,0.01408,0.02364,0.01685,0.02029,0.04887,0.00921,0.01089,0.00423,0.01290
0.39871,0.03464,0.34405,0.03691,0.01783,0.02446,0.01744,0.00814,0.04851,0.00994,0.03102,0.00983,0.01307,0.00544
0.38692,0.03997,0.39703,0.02474,0.03617,0.04058,0.01142,0.00814,0.01119,0.01702,0.00293,0.00088,0.00332,0.01969
0.22908,0.00985,0.23641,0.22183,0.01134,0.00531,0.03688,0.00994,0.22577,0.00758,0.00107,0.00115,0.00206,0.00173
0.12331,0.00449,0.18075,0.00477,0.00355,0.30478,0.00741,0.01252,0.34274,0.00349,0.00201,0.00402,0.00324,0.00291
0.17264,0.02796,0.19356,0.14792,0.01667,0.01650,0.09226,0.08840,0.14439,0.04244,0.01739,0.00901,0.00969,0.02117
0.13983,0.00929,0.21757,0.31977,0.01491,0.00635,0.01232,0.00680,0.26535,0.00298,0.00100,0.00085,0.00100,0.00198
0.15357,0.02146,0.28047,0.18499,0.11581,0.01538,0.00864,0.00744,0.16198,0.01879,0.00962,0.00743,0.00518,0.00924
0.19210,0.02596,0.24832,0.23517,0.02920,0.02150,0.00927,0.01297,0.19094,0.00588,0.00594,0.00322,0.01409,0.00545
0.38921,0.05123,0.13265,0.00516,0.01916,0.00254,0.37940,0.00534,0.00382,0.00586,0.00126,0.00034,0.00229,0.00174
0.28685,0.06662,0.31374,0.01035,0.10915,0.05191,0.01535,0.00728,0.02538,0.05051,0.00765,0.01635,0.01192,0.02694
0.25315,0.02000,0.36995,0.05115,0.03034,0.18441,0.01024,0.01324,0.04041,0.00732,0.00758,0.00424,0.00334,0.00462
0.16825,0.02956,0.17272,0.28968,0.01121,0.00943,0.02478,0.01229,0.26183,0.00380,0.00508,0.00538,0.00342,0.00255
0.18703,0.01869,0.20433,0.26966,0.00377,0.00500,0.02969,0.01502,0.25101,0.00414,0.00219,0.00322,0.00407,0.00217
0.25969,0.02825,0.25482,0.07542,0.08799,0.00713,0.01409,0.01444,0.00407,0.00456,0.01434,0.08662,0.13390,0.01467
0.26603,0.08775,0.20483,0.00936,0.02902,0.01773,0.07959,0.03078,0.02466,0.13055,0.00552,0.00485,0.00718,0.10213
0.14156,0.07110,0.16408,0.22306,0.01149,0.01092,0.00326,0.07205,0.17279,0.01042,0.06620,0.02699,0.02185,0.00424
0.46762,0.02355,0.12977,0.02471,0.00466,0.00669,0.00642,0.00144,0.00886,0.00876,0.01079,0.01770,0.28459,0.00443
0.22005,0.04646,0.20415,0.15812,0.02796,0.01958,0.01904,0.02666,0.14721,0.03897,0.02219,0.00974,0.04420,0.01567
0.42754,0.01160,0.11513,0.01344,0.02124,0.01190,0.01215,0.02084,0.01040,0.01413,0.32173,0.00506,0.00639,0.00845
0.26814,0.00906,0.26667,0.19637,0.01949,0.00157,0.00785,0.00389,0.21522,0.00576,0.00157,0.00130,0.00080,0.00231
0.43905,0.00891,0.45990,0.00349,0.00568,0.05093,0.00194,0.00922,0.00771,0.00208,0.00512,0.00079,0.00392,0.00126
0.21048,0.01108,0.15041,0.25871,0.02775,0.00840,0.00773,0.01212,0.23961,0.00474,0.04091,0.01395,0.01149,0.00261
0.17458,0.00610,0.13274,0.00892,0.03892,0.01408,0.01634,0.27322,0.01248,0.00636,0.30391,0.00545,0.00369,0.00322
0.22641,0.02225,0.18669,0.07951,0.02124,0.01870,0.01807,0.00561,0.09928,0.17176,0.01319,0.00243,0.00478,0.13007
0.15944,0.01196,0.44213,0.01942,0.26311,0.02498,0.02850,0.01303,0.00744,0.00678,0.00574,0.00542,0.00889,0.00316
0.32345,0.02035,0.11573,0.10562,0.00942,0.05562,0.00342,0.00873,0.11690,0.01648,0.12488,0.08574,0.00613,0.00751
0.15426,0.01203,0.14261,0.20866,0.00426,0.00760,0.01098,0.11412,0.20303,0.00565,0.11843,0.00572,0.00500,0.00766
0.16681,0.03390,0.19528,0.19434,0.00838,0.04379,0.01141,0.01207,0.15098,0.03072,0.02295,0.09290,0.01819,0.01829
0.14714,0.02816,0.13872,0.07547,0.00108,0.24588,0.02286,0.02832,0.29395,0.00776,0.00202,0.00276,0.00138,0.00451
0.17048,0.02197,0.18764,0.28397,0.00813,0.01065,0.01832,0.00330,0.27776,0.00642,0.00226,0.00200,0.00075,0.00633
0.41295,0.03274,0.42210,0.02323,0.00429,0.01251,0.01915,0.01876,0.00636,0.01037,0.00948,0.00116,0.02292,0.00398
0.07158,0.40353,0.16445,0.32622,0.01008,0.00319,0.00332,0.00342,0.00142,0.00144,0.00135,0.00129,0.00256,0.00615
0.44790,0.00778,0.45899,0.00507,0.01184,0.00209,0.00461,0.00227,0.00210,0.03126,0.00215,0.00225,0.00208,0.01964
0.14125,0.01842,0.22886,0.24127,0.04313,0.00709,0.03411,0.01228,0.21077,0.01403,0.00652,0.01058,0.01461,0.01706
0.34432,0.02371,0.41598,0.05109,0.07620,0.01775,0.02228,0.00569,0.01015,0.00723,0.00440,0.00851,0.00833,0.00435
0.15065,0.01457,0.13851,0.03555,0.00155,0.03951,0.00484,0.26824,0.04291,0.00363,0.28738,0.00704,0.00464,0.00099
0.25584,0.11979,0.24574,0.05092,0.08203,0.07267,0.04651,0.06090,0.02183,0.02436,0.00751,0.00218,0.00301,0.00669
0.34748,0.01951,0.39030,0.03166,0.01033,0.01301,0.00924,0.00965,0.01001,0.01637,0.00600,0.04520,0.07939,0.01184
0.14518,0.00349,0.44522,0.00410,0.00310,0.02600,0.00600,0.00306,0.00679,0.01079,0.00404,0.33664,0.00159,0.00401
0.24712,0.09100,0.20410,0.14978,0.07025,0.01109,0.01217,0.00675,0.14072,0.02449,0.00197,0.01063,0.01557,0.01437
0.43112,0.02010,0.43043,0.00338,0.00701,0.01188,0.01519,0.02411,0.01719,0.01317,0.00930,0.00597,0.00366,0.00748
0.29436,0.01226,0.41456,0.03014,0.01215,0.13987,0.00658,0.01419,0.01662,0.00860,0.00308,0.01884,0.00868,0.02006
0.33672,0.04714,0.12315,0.06847,0.01768,0.03419,0.02529,0.06317,0.06993,0.00690,0.15819,0.01716,0.01819,0.01382
0.25326,0.00880,0.27879,0.19233,0.03156,0.00355,0.00844,0.00916,0.19307,0.00750,0.00491,0.00257,0.00111,0.00495
0.41850,0.00883,0.42367,0.00443,0.00622,0.02737,0.01546,0.04737,0.00540,0.00836,0.02764,0.00124,0.00146,0.00404
0.21835,0.09777,0.19799,0.01177,0.03262,0.00718,0.22556,0.02726,0.00533,0.07339,0.00493,0.01123,0.00518,0.08146
0.43687,0.02856,0.46480,0.01722,0.00531,0.02676,0.00260,0.00101,0.00545,0.00613,0.00037,0.00168,0.00144,0.00178
0.17147,0.01818,0.19007,0.08622,0.03351,0.02774,0.17330,0.15933,0.08363,0.02209,0.00815,0.00600,0.00254,0.01776
0.11188,0.02170,0.45097,0.00551,0.28909,0.02620,0.02488,0.00992,0.00429,0.00414,0.00709,0.01375,0.02898,0.00160
0.40373,0.03386,0.36798,0.04438,0.00155,0.00600,0.00568,0.01027,0.04467,0.00701,0.00794,0.00418,0.05870,0.00406
0.25301,0.02516,0.28211,0.21745,0.00672,0.00628,0.00854,0.00389,0.18253,0.00407,0.00268,0.00195,0.00389,0.00172
0.22160,0.02495,0.39367,0.00926,0.16012,0.04570,0.04077,0.02261,0.01949,0.00839,0.01860,0.00281,0.02996,0.00206
0.38220,0.04064,0.38815,0.01400,0.02149,0.04619,0.00387,0.03509,0.02947,0.00247,0.02617,0.00485,0.00165,0.00376
0.36074,0.03602,0.36838,0.01937,0.09575,0.00456,0.02895,0.02924,0.00847,0.01304,0.02496,0.00265,0.00324,0.00460
0.33844,0.05743,0.32443,0.05937,0.00878,0.02676,0.04644,0.02474,0.03815,0.03401,0.01431,0.01121,0.00487,0.01105
0.38959,0.01510,0.35964,0.02362,0.00551,0.02016,0.02135,0.02223,0.00789,0.02118,0.00441,0.03771,0.06615,0.00547
0.40808,0.03255,0.39546,0.02102,0.01237,0.01033,0.00949,0.01178,0.01742,0.01995,0.01310,0.00456,0.02813,0.01576
0.44274,0.00915,0.45769,0.01244,0.02369,0.00570,0.00326,0.00125,0.00417,0.02238,0.00323,0.00108,0.00104,0.01217
0.09045,0.20315,0.16183,0.25059,0.02709,0.06216,0.03171,0.01205,0.11264,0.01531,0.00668,0.00469,0.01097,0.01068
0.32874,0.06918,0.37109,0.06092,0.00320,0.00307,0.02608,0.05753,0.00955,0.00858,0.02325,0.01255,0.01659,0.00967
0.24657,0.00424,0.21850,0.00326,0.01435,0.00233,0.22734,0.25090,0.00722,0.00191,0.00193,0.00691,0.01189,0.00265
0.18875,0.02912,0.10971,0.05358,0.01416,0.01210,0.08772,0.05758,0.05556,0.14898,0.00356,0.03072,0.00706,0.20140
0.40865,0.00865,0.43537,0.03509,0.00920,0.01821,0.01517,0.00792,0.03834,0.00541,0.00363,0.00277,0.00949,0.00209
0.19831,0.03573,0.18470,0.24355,0.01166,0.02032,0.00979,0.02242,0.22849,0.00708,0.01305,0.00693,0.00482,0.01315
0.40389,0.01998,0.40150,0.01485,0.01219,0.02601,0.02846,0.02982,0.01859,0.01301,0.01993,0.00432,0.00057,0.00687
0.25236,0.03449,0.34701,0.02832,0.03153,0.12930,0.02572,0.01110,0.03009,0.04105,0.01982,0.02534,0.01132,0.01254
0.31619,0.05235,0.28722,0.04639,0.02656,0.03750,0.03657,0.02954,0.06731,0.04343,0.00397,0.00895,0.01258,0.03144
0.37232,0.02181,0.42976,0.00606,0.03731,0.07503,0.00562,0.01369,0.00477,0.00399,0.00280,0.01588,0.00973,0.00121
0.14031,0.02154,0.18523,0.31715,0.00796,0.00960,0.01883,0.00580,0.27479,0.00457,0.00617,0.00218,0.00193,0.00396
0.23256,0.27496,0.14385,0.02314,0.17075,0.06362,0.01907,0.01554,0.01872,0.00752,0.00843,0.00983,0.00877,0.00323
0.17113,0.01433,0.19569,0.04426,0.03294,0.00822,0.02169,0.00809,0.02587,0.20393,0.05426,0.00571,0.01139,0.20250
0.26898,0.02419,0.25403,0.08571,0.02159,0.08880,0.02578,0.04074,0.06625,0.06357,0.01352,0.01741,0.01229,0.01717
0.34939,0.03117,0.34498,0.04717,0.00599,0.06251,0.02574,0.03312,0.04478,0.00995,0.02423,0.00252,0.00509,0.01337
0.07987,0.39381,0.11040,0.36627,0.01508,0.00966,0.00726,0.00226,0.00333,0.00133,0.00525,0.00230,0.00220,0.00098
0.14910,0.30005,0.14428,0.03775,0.21623,0.04527,0.02533,0.01714,0.02964,0.01137,0.00544,0.00549,0.00672,0.00619
0.16900,0.06254,0.19048,0.05209,0.03172,0.00963,0.04574,0.19988,0.01172,0.00770,0.20154,0.00699,0.00731,0.00366
0.17367,0.06225,0.31913,0.08986,0.05639,0.01530,0.01734,0.00665,0.02760,0.01767,0.00192,0.05888,0.14570,0.00765
0.44131,0.01835,0.43279,0.02727,0.01423,0.00533,0.01297,0.01090,0.01834,0.00060,0.01032,0.00349,0.00184,0.00227
0.15179,0.00880,0.41671,0.01723,0.00281,0.04339,0.00885,0.00204,0.00917,0.01191,0.00390,0.30964,0.00777,0.00598
0.25296,0.00781,0.18993,0.02529,0.05988,0.00678,0.00708,0.18842,0.01429,0.00393,0.23763,0.00261,0.00121,0.00220
0.17029,0.01706,0.16382,0.28536,0.00904,0.00890,0.02575,0.02821,0.27610,0.00112,0.00318,0.00135,0.00190,0.00793
0.43389,0.00887,0.11738,0.01137,0.01869,0.00295,0.02011,0.02244,0.01428,0.00475,0.33246,0.00504,0.00322,0.00456
0.30326,0.01246,0.34073,0.01631,0.01581,0.08012,0.00788,0.00987,0.02871,0.02026,0.00381,0.09011,0.06121,0.00947
0.41181,0.06376,0.33431,0.02537,0.02301,0.02299,0.00333,0.03361,0.01628,0.00421,0.04033,0.00830,0.00471,0.00798
0.12779,0.31919,0.09115,0.04314,0.25527,0.04297,0.02015,0.00849,0.04630,0.00529,0.00242,0.01255,0.02263,0.00266
0.37482,0.06114,0.33877,0.01246,0.00924,0.00539,0.01737,0.03607,0.00982,0.03171,0.01012,0.00778,0.04730,0.03802
0.44549,0.01814,0.44612,0.00967,0.00660,0.00856,0.00628,0.00725,0.00427,0.00513,0.01050,0.00323,0.01940,0.00936
0.35269,0.04578,0.34126,0.01572,0.08407,0.00543,0.02338,0.05792,0.01039,0.00290,0.04414,0.00276,0.00844,0.00512
0.29472,0.03065,0.32791,0.09178,0.01651,0.06196,0.02997,0.01321,0.11284,0.00733,0.00524,0.00212,0.00141,0.00435
0.26152,0.00216,0.25186,0.20726,0.00446,0.00207,0.02303,0.03151,0.20254,0.00696,0.00108,0.00048,0.00400,0.00107
0.10761,0.10790,0.11041,0.01996,0.07653,0.23931,0.03539,0.02268,0.24542,0.01902,0.00490,0.00114,0.00368,0.00604
0.34966,0.06328,0.14587,0.00934,0.01147,0.00586,0.36139,0.00316,0.02985,0.00931,0.00564,0.00180,0.00157,0.00179
0.17445,0.02921,0.16082,0.01442,0.00583,0.02674,0.02473,0.01167,0.01453,0.25853,0.01548,0.01113,0.00747,0.24498
0.36761,0.01624,0.38294,0.00639,0.01151,0.00743,0.03632,0.05792,0.00794,0.04079,0.02554,0.00248,0.00667,0.03021
0.15287,0.04630,0.18917,0.28822,0.00961,0.00827,0.02626,0.00702,0.25988,0.00272,0.00092,0.00118,0.00466,0.00291
0.41673,0.02207,0.43730,0.02828,0.02504,0.01641,0.01322,0.00543,0.00589,0.00434,0.00113,0.01881,0.00280,0.00253
0.10202,0.04906,0.10825,0.07577,0.02059,0.28733,0.02444,0.01318,0.27171,0.01034,0.01809,0.01270,0.00384,0.00267
0.39081,0.02567,0.39452,0.01875,0.00512,0.02269,0.05135,0.05214,0.01253,0.01234,0.00264,0.00526,0.00378,0.00240
0.20934,0.06184,0.15153,0.19928,0.02117,0.01089,0.01742,0.02615,0.22032,0.01782,0.01486,0.02974,0.01435,0.00529
0.22605,0.00790,0.25264,0.25222,0.00107,0.00340,0.01170,0.01225,0.22739,0.00189,0.00061,0.00049,0.00141,0.00099
0.38045,0.04060,0.39178,0.04311,0.01155,0.07208,0.01305,0.01266,0.00232,0.01243,0.00289,0.00511,0.00077,0.01123
0.25702,0.02807,0.31603,0.01257,0.02659,0.13533,0.00666,0.01342,0.04489,0.07402,0.00976,0.02290,0.00908,0.04365
0.15258,0.00286,0.07937,0.00239,0.01399,0.01139,0.00393,0.32026,0.00492,0.00741,0.39260,0.00250,0.00315,0.00264
0.22652,0.01945,0.26595,0.15135,0.01616,0.04232,0.01273,0.00962,0.12587,0.00904,0.00028,0.10514,0.01137,0.00419
0.19837,0.02380,0.23029,0.25124,0.01515,0.00763,0.01880,0.01961,0.20813,0.00612,0.00189,0.00494,0.01205,0.00199
0.18467,0.00968,0.17009,0.14638,0.00989,0.00954,0.05154,0.11595,0.16229,0.00912,0.05492,0.02731,0.02559,0.02302
0.42604,0.01998,0.45809,0.00928,0.01694,0.00757,0.00547,0.00509,0.00727,0.02407,0.00192,0.00169,0.00350,0.01310
0.10192,0.30119,0.14455,0.02438,0.28687,0.02773,0.02880,0.02887,0.01377,0.01243,0.00322,0.00744,0.01382,0.00502
0.36364,0.01543,0.34423,0.00941,0.00565,0.02659,0.00757,0.00469,0.01187,0.08417,0.03208,0.00231,0.00736,0.08499
