0.03142,0.00570,0.35737,0.07677,0.05725,0.32839,0.06071,0.08239
0.46887,0.01475,0.46473,0.00809,0.02019,0.00557,0.01326,0.00454
0.44534,0.02420,0.40933,0.00946,0.02845,0.01578,0.00966,0.05776
0.25946,0.00656,0.38438,0.02598,0.02285,0.18960,0.02364,0.08753
0.45824,0.00755,0.29615,0.02252,0.01037,0.00662,0.00857,0.18999
0.14371,0.33553,0.12354,0.32650,0.01902,0.00736,0.01098,0.03335
0.14050,0.00430,0.13885,0.00934,0.34645,0.00216,0.34681,0.01159
0.33554,0.01543,0.34299,0.01379,0.13675,0.01790,0.12685,0.01075
0.45232,0.01039,0.05682,0.01249,0.02116,0.01090,0.02064,0.41527
0.45239,0.00594,0.39591,0.01218,0.03079,0.00678,0.02831,0.06771
0.12781,0.28445,0.11771,0.26862,0.09125,0.01012,0.07675,0.02329
0.13201,0.01647,0.08180,0.01641,0.02271,0.32841,0.32867,0.07352
0.30506,0.00792,0.16591,0.08964,0.02777,0.07236,0.09363,0.23771
0.06117,0.02983,0.10074,0.00885,0.37243,0.05727,0.34781,0.02191
0.28845,0.00835,0.09361,0.17924,0.01807,0.01092,0.01555,0.38580
0.36287,0.01923,0.20937,0.09155,0.03524,0.01256,0.03498,0.23421
0.30440,0.00653,0.30219,0.17207,0.01200,0.01345,0.01728,0.17208
0.16423,0.02776,0.16358,0.02748,0.26384,0.04632,0.25469,0.05209
0.42325,0.01061,0.41154,0.01036,0.03080,0.04061,0.05788,0.01496
0.31999,0.03847,0.31184,0.10000,0.04533,0.04125,0.04766,0.09545
0.20814,0.10485,0.16625,0.06300,0.20538,0.02410,0.11560,0.11269
0.33535,0.12118,0.16127,0.01380,0.13612,0.01484,0.02183,0.19560
0.31070,0.01575,0.34092,0.04574,0.04794,0.09581,0.05081,0.09232
0.26635,0.01126,0.25565,0.19281,0.02981,0.01314,0.02237,0.20861
0.11739,0.33738,0.09688,0.33676,0.03048,0.01132,0.03480,0.03499
0.31015,0.00819,0.30650,0.00716,0.17905,0.00575,0.17622,0.00699
0.18647,0.02129,0.19738,0.01546,0.27702,0.02400,0.26119,0.01719
0.16185,0.29924,0.12497,0.31013,0.02037,0.00494,0.02086,0.05765
0.06369,0.05869,0.13248,0.01386,0.34199,0.08071,0.28438,0.02421
0.32388,0.01399,0.14087,0.07000,0.09289,0.01213,0.09582,0.25041
0.19313,0.25399,0.18097,0.23582,0.06710,0.00747,0.03721,0.02429
0.24814,0.01657,0.37695,0.02392,0.04203,0.18378,0.03847,0.07015
0.09934,0.01241,0.05076,0.35233,0.02445,0.02258,0.02933,0.40880
0.09385,0.02632,0.07728,0.04697,0.26918,0.09101,0.33527,0.06013
0.10482,0.24188,0.16348,0.24085,0.03822,0.11158,0.05183,0.04733
0.42505,0.00858,0.42018,0.01539,0.05473,0.00736,0.05344,0.01528
0.12625,0.09271,0.18109,0.09262,0.21052,0.06951,0.20897,0.01833
0.24190,0.07237,0.40119,0.07134,0.01814,0.16437,0.01458,0.01611
0.45706,0.00779,0.45779,0.00706,0.01789,0.02006,0.02644,0.00592
0.42727,0.01251,0.41700,0.03922,0.02299,0.01154,0.02590,0.04357
0.11178,0.01408,0.07950,0.02604,0.02406,0.33986,0.34926,0.05541
0.15080,0.21619,0.18010,0.21842,0.06627,0.06263,0.07653,0.02907
0.11111,0.00493,0.11322,0.15781,0.08042,0.15319,0.21813,0.16119
0.33217,0.02180,0.31504,0.12336,0.02612,0.01578,0.01322,0.15251
0.16221,0.01145,0.34308,0.10156,0.03400,0.19899,0.02818,0.12053
0.16593,0.02202,0.38434,0.02230,0.04238,0.26391,0.04428,0.05485
0.25400,0.19860,0.22362,0.02941,0.21578,0.00289,0.01356,0.06214
0.46843,0.01567,0.45439,0.00997,0.01883,0.00577,0.01368,0.01326
0.35366,0.01047,0.34702,0.08736,0.05652,0.00702,0.05156,0.08639
0.29974,0.12063,0.28458,0.10204,0.07700,0.02184,0.05754,0.03663
0.25231,0.02277,0.31040,0.12433,0.03671,0.08912,0.03689,0.12748
0.27598,0.01401,0.16968,0.02059,0.09236,0.10637,0.09224,0.22877
0.19353,0.03496,0.15605,0.01560,0.03498,0.25906,0.26562,0.04020
0.31455,0.07683,0.28313,0.05067,0.09761,0.03625,0.05465,0.08631
0.07631,0.01393,0.03250,0.26400,0.03088,0.13273,0.15327,0.29638
0.43288,0.02468,0.43821,0.01544,0.04160,0.01040,0.02665,0.01014
0.05361,0.01572,0.03404,0.01602,0.03367,0.40023,0.41942,0.02730
0.27606,0.15677,0.08062,0.01748,0.17546,0.03565,0.03195,0.22600
0.28209,0.02470,0.18033,0.03343,0.07003,0.11655,0.15966,0.13321
0.14127,0.01980,0.16761,0.01840,0.28906,0.05165,0.28015,0.03205
0.29413,0.15847,0.06767,0.02451,0.17816,0.00533,0.04295,0.22879
0.15534,0.02543,0.13524,0.14155,0.17987,0.02372,0.18620,0.15265
0.34313,0.01707,0.27114,0.06124,0.05020,0.04616,0.06228,0.14878
0.22704,0.01278,0.23404,0.02151,0.23279,0.02037,0.23482,0.01664
0.19903,0.00900,0.30640,0.10242,0.02865,0.16917,0.03884,0.14649
0.15529,0.04653,0.08947,0.05925,0.23738,0.05214,0.20269,0.15724
0.27993,0.17119,0.26046,0.16701,0.03423,0.01881,0.02795,0.04042
0.22379,0.01034,0.22520,0.01169,0.02680,0.24090,0.25228,0.00900
0.44771,0.00842,0.35811,0.01856,0.02689,0.00794,0.02428,0.10808
0.11142,0.01438,0.37867,0.01697,0.02751,0.34113,0.09309,0.01683
0.46059,0.01741,0.44379,0.01803,0.01657,0.00743,0.01229,0.02389
0.32954,0.01061,0.37934,0.00958,0.09933,0.06352,0.09086,0.01723
0.42302,0.00611,0.26804,0.02518,0.04440,0.01055,0.04327,0.17944
0.35822,0.00920,0.27072,0.01143,0.02027,0.10612,0.01734,0.20670
0.09718,0.38265,0.07494,0.37890,0.01736,0.00403,0.01517,0.02978
0.26107,0.10270,0.22589,0.07774,0.15826,0.01407,0.09434,0.06593
0.28117,0.01187,0.34001,0.01536,0.10024,0.10629,0.11646,0.02860
0.45078,0.00778,0.33881,0.01279,0.03055,0.01332,0.03141,0.11457
0.15522,0.00891,0.15796,0.10223,0.10509,0.14173,0.22231,0.10656
0.13640,0.00575,0.08448,0.34547,0.01306,0.00483,0.01134,0.39868
0.39261,0.03337,0.37189,0.00862,0.03195,0.06409,0.06495,0.03253
0.46120,0.00931,0.45700,0.01212,0.02024,0.00564,0.01959,0.01490
0.31749,0.14078,0.31177,0.14124,0.02154,0.01888,0.03100,0.01730
0.44330,0.01376,0.40238,0.00978,0.03576,0.01136,0.02839,0.05526
0.25273,0.03623,0.17072,0.03123,0.01829,0.19498,0.19481,0.10101
0.14201,0.13016,0.16036,0.04065,0.13080,0.18335,0.17969,0.03297
0.26484,0.20317,0.23468,0.01342,0.21405,0.00735,0.01531,0.04717
0.07990,0.05333,0.13563,0.04230,0.30594,0.07591,0.28360,0.02339
0.28475,0.17128,0.28177,0.17485,0.03338,0.00630,0.03430,0.01336
0.39017,0.00542,0.40328,0.00780,0.08152,0.02373,0.07930,0.00879
0.28611,0.00646,0.25395,0.02314,0.02292,0.16865,0.17308,0.06569
0.42578,0.01393,0.38410,0.03395,0.02609,0.01348,0.02265,0.08001
0.36129,0.01618,0.34362,0.08241,0.02456,0.03812,0.01723,0.11658
0.09376,0.04370,0.13220,0.11973,0.18088,0.10302,0.20350,0.12320
0.36800,0.01615,0.32454,0.08942,0.02467,0.01973,0.02198,0.13550
0.16294,0.15174,0.14610,0.13305,0.19140,0.01121,0.17299,0.03057
0.06616,0.00322,0.44271,0.00558,0.02139,0.40396,0.03042,0.02656
0.32162,0.00978,0.19041,0.14334,0.02027,0.01330,0.02533,0.27597
0.40063,0.00456,0.07623,0.04556,0.02182,0.02563,0.02363,0.40195
0.35209,0.03532,0.20469,0.05026,0.05350,0.03994,0.03175,0.23245
0.16287,0.01385,0.13246,0.01721,0.21837,0.10525,0.28752,0.06247
0.22592,0.01608,0.24033,0.11305,0.03570,0.12790,0.12414,0.11688
0.32262,0.01171,0.30799,0.01926,0.09186,0.06936,0.11019,0.06702
0.36459,0.05898,0.22047,0.07859,0.04622,0.00645,0.01142,0.21327
0.13365,0.32884,0.14011,0.01915,0.33848,0.00763,0.01329,0.01885
0.39175,0.01298,0.04877,0.05389,0.03555,0.01606,0.03468,0.40631
0.21365,0.03346,0.13687,0.07630,0.19740,0.00878,0.20137,0.13217
0.39414,0.03496,0.31642,0.04721,0.03876,0.01791,0.01327,0.13733
0.34739,0.00915,0.18232,0.02078,0.05287,0.07306,0.12172,0.19271
0.28963,0.01434,0.27995,0.09012,0.10401,0.01529,0.11305,0.09362
0.38632,0.01364,0.37550,0.07992,0.02882,0.00876,0.02630,0.08074
0.37437,0.06933,0.37304,0.05154,0.06349,0.00878,0.03915,0.02031
0.18882,0.00992,0.18283,0.26442,0.04381,0.00471,0.03904,0.26646
0.16508,0.00951,0.15807,0.30001,0.03242,0.00662,0.02417,0.30412
0.33317,0.02072,0.29266,0.11872,0.01999,0.02746,0.03017,0.15710
0.05003,0.09760,0.35548,0.00920,0.10871,0.32965,0.01353,0.03581
0.46227,0.01934,0.45381,0.01968,0.01364,0.00474,0.01127,0.01525
0.45775,0.01066,0.44667,0.01272,0.02377,0.00869,0.02397,0.01576
0.42480,0.02074,0.24745,0.02849,0.04339,0.00697,0.03527,0.19290
0.32579,0.12179,0.31747,0.12449,0.05024,0.00300,0.04205,0.01518
0.12595,0.12962,0.04955,0.00589,0.36419,0.00942,0.23504,0.08034
0.12063,0.24832,0.16934,0.23642,0.08023,0.06199,0.07076,0.01231
0.21902,0.00952,0.21708,0.02513,0.01792,0.23697,0.25037,0.02398
0.34123,0.01260,0.33018,0.05402,0.03222,0.07286,0.02347,0.13343
0.09040,0.00766,0.13531,0.08817,0.23310,0.08666,0.24425,0.11446
0.31883,0.01860,0.29902,0.10604,0.02793,0.04962,0.01864,0.16132
0.26426,0.02394,0.25501,0.04208,0.06169,0.13469,0.16976,0.04858
0.39549,0.01091,0.37910,0.01116,0.05481,0.03567,0.09062,0.02225
0.19891,0.15455,0.27964,0.07323,0.11127,0.12028,0.02442,0.03769
0.32719,0.02166,0.15172,0.09623,0.02570,0.05128,0.01349,0.31273
0.28872,0.02658,0.29262,0.01192,0.16976,0.03305,0.14411,0.03324
0.16021,0.03054,0.14256,0.02248,0.31226,0.01036,0.29498,0.02660
0.21983,0.01368,0.27209,0.01729,0.19646,0.06839,0.19054,0.02172
0.36536,0.01147,0.45177,0.00803,0.02705,0.09904,0.01852,0.01876
0.30733,0.01432,0.30486,0.05107,0.03451,0.10236,0.11686,0.06868
0.30466,0.02610,0.30855,0.02843,0.14479,0.02732,0.14011,0.02004
0.29473,0.07191,0.28642,0.03697,0.15686,0.01063,0.09820,0.04426
0.30066,0.00529,0.36412,0.00967,0.08624,0.10270,0.08724,0.04408
0.17840,0.03565,0.21025,0.03139,0.25451,0.03539,0.24024,0.01417
0.21508,0.23805,0.21124,0.23885,0.03991,0.00596,0.02912,0.02178
0.17086,0.01667,0.15780,0.06805,0.24964,0.01099,0.24410,0.08189
0.45094,0.00807,0.39681,0.00571,0.03082,0.01453,0.02816,0.06496
0.25287,0.09324,0.09366,0.09504,0.10876,0.03853,0.04100,0.27690
0.23922,0.01955,0.08809,0.02895,0.03031,0.20416,0.20370,0.18603
0.30809,0.01348,0.36092,0.07882,0.03770,0.07244,0.04065,0.08789
0.09752,0.31495,0.10753,0.32262,0.04520,0.03261,0.04062,0.03896
0.17621,0.01337,0.15475,0.03442,0.28882,0.00520,0.28494,0.04229
0.48446,0.00277,0.48244,0.00477,0.00605,0.00575,0.00769,0.00608
0.47251,0.01176,0.47009,0.00826,0.01772,0.00402,0.00521,0.01043
0.06791,0.01140,0.04775,0.39944,0.02851,0.00318,0.02896,0.41286
0.39360,0.03681,0.36713,0.04435,0.03771,0.02492,0.03747,0.05802
0.45581,0.02540,0.10230,0.01151,0.02411,0.00643,0.00853,0.36592
0.42488,0.02847,0.41619,0.01991,0.04198,0.01165,0.02629,0.03064
0.31900,0.06763,0.27584,0.10072,0.02830,0.04879,0.05238,0.10733
0.17684,0.08122,0.31753,0.08215,0.08800,0.14594,0.09241,0.01592
0.36410,0.00738,0.23145,0.02646,0.02807,0.07772,0.02595,0.23887
0.40573,0.03812,0.41049,0.03696,0.02620,0.02953,0.02875,0.02421
0.41890,0.00481,0.38499,0.06961,0.00784,0.00602,0.00947,0.09835
0.45307,0.01016,0.28872,0.01685,0.02501,0.00350,0.02653,0.17615
0.34220,0.01171,0.18971,0.06180,0.08461,0.00789,0.08438,0.21770
0.38401,0.01919,0.14485,0.01619,0.07620,0.02339,0.06779,0.26838
0.42361,0.01057,0.42490,0.01888,0.03802,0.01705,0.04501,0.02197
0.34280,0.06217,0.33061,0.06394,0.09161,0.00535,0.08232,0.02119
0.31631,0.01595,0.27985,0.01361,0.14313,0.03151,0.14062,0.05902
0.22279,0.12776,0.25285,0.07583,0.10666,0.08753,0.05924,0.06736
0.23080,0.09940,0.21666,0.09788,0.07044,0.10199,0.12728,0.05556
0.22865,0.01777,0.06272,0.01630,0.03167,0.22317,0.23212,0.18759
0.14033,0.00904,0.13934,0.01286,0.33961,0.00688,0.33999,0.01194
0.44809,0.02052,0.16299,0.02294,0.02808,0.00380,0.02277,0.29081
0.19506,0.24663,0.11085,0.01132,0.26958,0.02174,0.03391,0.11092
0.46799,0.00695,0.29029,0.00778,0.02049,0.00431,0.01788,0.18430
0.32371,0.11384,0.24293,0.02099,0.14252,0.01056,0.03491,0.11053
0.45489,0.01120,0.19256,0.01015,0.01591,0.01717,0.02547,0.27264
0.32068,0.03143,0.22484,0.03549,0.13483,0.01033,0.12512,0.11729
0.42549,0.01108,0.39826,0.01759,0.01824,0.03965,0.03458,0.05510
0.27884,0.03660,0.27517,0.04547,0.16601,0.01353,0.16508,0.01930
0.46986,0.01222,0.46891,0.00654,0.01774,0.00874,0.01092,0.00508
0.09035,0.00494,0.08778,0.01062,0.39313,0.00467,0.39350,0.01501
0.11009,0.01090,0.06123,0.31045,0.05619,0.02319,0.06223,0.36572
0.43020,0.04337,0.39595,0.01170,0.05696,0.00687,0.01687,0.03809
0.42233,0.02936,0.30630,0.04098,0.03274,0.00485,0.01728,0.14617
0.25931,0.03447,0.25813,0.02327,0.04288,0.17296,0.11499,0.09398
0.20924,0.04370,0.21407,0.15723,0.10511,0.03499,0.08114,0.15451
0.26288,0.21365,0.26317,0.19638,0.03084,0.00869,0.01672,0.00768
0.06218,0.29948,0.04821,0.30931,0.11924,0.00994,0.10877,0.04287
0.32122,0.08914,0.32112,0.08856,0.07479,0.01542,0.07416,0.01559
0.15325,0.18847,0.14605,0.13013,0.17848,0.04050,0.02926,0.13387
0.27830,0.01595,0.28968,0.01925,0.17520,0.03153,0.17365,0.01643
0.35304,0.01420,0.33349,0.01071,0.13065,0.00784,0.12677,0.02331
0.17409,0.01273,0.16316,0.01658,0.18459,0.12047,0.29411,0.03426
0.28180,0.06510,0.31843,0.03969,0.12389,0.05178,0.11012,0.00919
0.21812,0.01443,0.21347,0.17085,0.03248,0.08120,0.09386,0.17559
0.40492,0.01672,0.38919,0.02195,0.03212,0.04368,0.05403,0.03740
0.31267,0.00514,0.29055,0.17041,0.01344,0.00486,0.01251,0.19042
0.29159,0.01797,0.41122,0.02600,0.05523,0.12852,0.04261,0.02685
0.41887,0.02615,0.41143,0.01689,0.05410,0.01353,0.03969,0.01935
0.37738,0.00850,0.41745,0.00596,0.03813,0.07893,0.03271,0.04093
0.30145,0.01076,0.29518,0.01188,0.04635,0.14592,0.17499,0.01347
0.20910,0.00743,0.21218,0.01013,0.26892,0.01560,0.26600,0.01064
0.44265,0.01309,0.38173,0.01288,0.03601,0.00979,0.03273,0.07112
0.33570,0.14468,0.32718,0.12707,0.03178,0.00533,0.01183,0.01643
0.32001,0.01164,0.31475,0.13935,0.03235,0.01094,0.03134,0.13962
0.24682,0.01833,0.23906,0.01567,0.22676,0.01226,0.22682,0.01428
0.33500,0.02199,0.32210,0.07655,0.07435,0.01245,0.06745,0.09012
0.42169,0.01333,0.32461,0.00866,0.06597,0.00860,0.05575,0.10137
0.41554,0.00488,0.18192,0.01216,0.05752,0.01684,0.05750,0.25363
0.06840,0.00608,0.00959,0.12948,0.29722,0.00429,0.29763,0.18731
0.47540,0.00814,0.47398,0.00851,0.01121,0.00742,0.01076,0.00458
0.41345,0.04206,0.24640,0.04403,0.03320,0.01401,0.02703,0.17982
0.15143,0.00624,0.25174,0.22266,0.02028,0.10240,0.01726,0.22799
0.23051,0.01232,0.10422,0.25337,0.01200,0.00658,0.01069,0.37031
0.29620,0.02155,0.26610,0.01916,0.01062,0.16985,0.01409,0.20241
0.33515,0.05202,0.21564,0.06465,0.08861,0.00968,0.08191,0.15234
0.38475,0.00788,0.30085,0.04417,0.05502,0.01487,0.06280,0.12967
0.21338,0.01236,0.05317,0.20898,0.03028,0.04631,0.05868,0.37684
0.46803,0.01650,0.46082,0.00862,0.01984,0.00457,0.00801,0.01361
0.35342,0.03693,0.26341,0.04586,0.04483,0.05295,0.06654,0.13607
0.33319,0.02283,0.32240,0.05135,0.11316,0.00890,0.10133,0.04684
0.07241,0.00643,0.06331,0.00816,0.41396,0.00888,0.41522,0.01162
0.20553,0.01209,0.22898,0.01597,0.24354,0.03557,0.23655,0.02176
0.41406,0.01021,0.40778,0.05009,0.02587,0.01477,0.03338,0.04385
0.06367,0.09758,0.11451,0.06745,0.30602,0.06162,0.26839,0.02076
0.30505,0.01130,0.30501,0.18119,0.00795,0.00574,0.00899,0.17477
0.39889,0.07925,0.38906,0.06980,0.02968,0.00522,0.01755,0.01055
0.21696,0.05260,0.17586,0.07930,0.18708,0.01659,0.18677,0.08484
0.38912,0.00626,0.32394,0.00762,0.09848,0.00351,0.10165,0.06943
0.38605,0.00674,0.22018,0.05257,0.04236,0.01578,0.05218,0.22414
0.32907,0.01618,0.32809,0.11893,0.03676,0.01832,0.03695,0.11570
0.12022,0.01832,0.09609,0.30009,0.04718,0.03291,0.03924,0.34596
0.10993,0.20769,0.23771,0.14226,0.11504,0.13198,0.04812,0.00727
0.47216,0.00639,0.47135,0.01059,0.00974,0.00711,0.01387,0.00879
0.46530,0.00761,0.05749,0.01089,0.01621,0.00480,0.00989,0.42781
0.47783,0.00653,0.47046,0.00681,0.01463,0.00455,0.01215,0.00704
0.11786,0.28564,0.10356,0.30021,0.06809,0.01115,0.06809,0.04540
0.08887,0.03823,0.08584,0.01748,0.36589,0.03152,0.35187,0.02031
0.27802,0.00791,0.26431,0.07248,0.02290,0.13022,0.14025,0.08392
0.19224,0.11698,0.08171,0.01199,0.13034,0.16728,0.17552,0.12393
0.39790,0.01061,0.33568,0.05687,0.02349,0.02163,0.02105,0.13276
0.23146,0.03879,0.23313,0.03958,0.19621,0.03319,0.19811,0.02952
0.46921,0.01517,0.32477,0.00476,0.02452,0.00506,0.00997,0.14655
0.25655,0.05203,0.33818,0.10090,0.03147,0.11379,0.02059,0.08649
0.30085,0.02554,0.29976,0.05636,0.04389,0.10229,0.11383,0.05749
0.18888,0.01661,0.19740,0.08315,0.07661,0.15087,0.19655,0.08993
0.17494,0.01194,0.16812,0.30580,0.01666,0.00867,0.01446,0.29942
0.33146,0.00893,0.35593,0.01124,0.01481,0.14376,0.06525,0.06862
0.40552,0.01531,0.33456,0.02108,0.05826,0.01083,0.06650,0.08795
0.10382,0.01074,0.10732,0.10797,0.01548,0.27330,0.27361,0.10777
0.08209,0.17293,0.18165,0.06637,0.24130,0.10766,0.10518,0.04283
0.19838,0.10500,0.19923,0.16064,0.13070,0.01224,0.03669,0.15712
0.17745,0.12226,0.15966,0.12817,0.15370,0.03678,0.14444,0.07755
0.25695,0.01212,0.24373,0.01733,0.03167,0.19631,0.21718,0.02470
0.30063,0.07795,0.24860,0.04856,0.04595,0.10127,0.08690,0.09015
0.26322,0.11910,0.24626,0.13607,0.07747,0.02604,0.07890,0.05293
0.29590,0.01260,0.30547,0.15143,0.01656,0.03862,0.02496,0.15448
0.42132,0.00920,0.13282,0.02983,0.02224,0.02528,0.02508,0.33423
0.35015,0.01175,0.12835,0.01124,0.02268,0.10905,0.08042,0.28637
0.30749,0.02512,0.17223,0.15983,0.02389,0.00597,0.01425,0.29121
0.29046,0.12717,0.16404,0.04111,0.15013,0.01694,0.05396,0.15619
0.41988,0.02405,0.41836,0.03472,0.02733,0.01648,0.03256,0.02663
0.01821,0.43025,0.02550,0.43704,0.02907,0.01560,0.02581,0.01851
0.16096,0.00367,0.16052,0.01682,0.31575,0.00616,0.31469,0.02142
0.46189,0.01401,0.22125,0.01270,0.01417,0.00888,0.01360,0.25350
0.09581,0.04359,0.09935,0.26426,0.11290,0.02433,0.10046,0.25931
0.19685,0.01174,0.19595,0.01635,0.27471,0.01493,0.26820,0.02127
0.42880,0.02742,0.19518,0.01657,0.02899,0.02394,0.01614,0.26295
0.27313,0.01173,0.13353,0.01557,0.12765,0.08368,0.19200,0.16270
0.26188,0.00843,0.23026,0.03008,0.06735,0.14233,0.19618,0.06350
0.18824,0.01823,0.11780,0.13376,0.03266,0.14429,0.15406,0.21096
0.33734,0.04971,0.33124,0.01374,0.05316,0.09970,0.10443,0.01067
0.41839,0.03238,0.29414,0.04321,0.02626,0.01036,0.01964,0.15562
0.39505,0.00570,0.27368,0.08096,0.02015,0.00382,0.02039,0.20026
0.44244,0.00718,0.44096,0.00695,0.01032,0.04294,0.04050,0.00871
0.32913,0.12912,0.32231,0.13533,0.03416,0.00505,0.02724,0.01767
0.15515,0.06316,0.05446,0.26918,0.07297,0.00625,0.01809,0.36075
0.43781,0.01310,0.30473,0.01625,0.02734,0.01937,0.03515,0.14624
0.26724,0.10897,0.29980,0.02465,0.12750,0.07920,0.04692,0.04573
0.45449,0.00424,0.43504,0.01096,0.02891,0.00845,0.03002,0.02789
0.33337,0.01218,0.33228,0.14125,0.01542,0.01118,0.01689,0.13742
0.06041,0.06496,0.04517,0.09673,0.27665,0.06355,0.25251,0.14002
0.34259,0.00997,0.21931,0.01484,0.01726,0.12611,0.13510,0.13482
0.11399,0.06707,0.24337,0.06877,0.16443,0.14764,0.16519,0.02954
0.37144,0.00609,0.20801,0.09202,0.02657,0.01148,0.02705,0.25735
0.13633,0.00694,0.13682,0.02663,0.32721,0.00906,0.32995,0.02705
0.21610,0.02250,0.28299,0.00976,0.20304,0.06903,0.18509,0.01149
0.13940,0.01295,0.34779,0.08494,0.01703,0.25740,0.01423,0.12625
0.23875,0.00753,0.23275,0.08618,0.06643,0.11267,0.16695,0.08874
0.08170,0.08331,0.38123,0.01124,0.09805,0.30482,0.02068,0.01896
0.14095,0.17552,0.11747,0.14588,0.20460,0.00769,0.03728,0.17061
0.19386,0.02152,0.09739,0.06868,0.01668,0.21671,0.21340,0.17175
0.20554,0.02443,0.16544,0.21954,0.05345,0.02134,0.04213,0.26812
0.38354,0.01577,0.33202,0.02427,0.08362,0.01139,0.07999,0.06940
0.13773,0.29826,0.10559,0.31270,0.03346,0.01533,0.03583,0.06110
0.42748,0.01534,0.11430,0.02513,0.02424,0.02075,0.02378,0.34898
0.20192,0.02581,0.23573,0.13186,0.04661,0.12100,0.09952,0.13756
0.13667,0.08754,0.30218,0.04219,0.09247,0.22525,0.07017,0.04352
0.47905,0.00279,0.22959,0.00412,0.01147,0.00218,0.01105,0.25974
0.27784,0.15093,0.08861,0.01342,0.18803,0.02093,0.03983,0.22042
0.23723,0.12899,0.35080,0.00499,0.13476,0.11920,0.01138,0.01266
0.28056,0.00783,0.19070,0.03537,0.02955,0.15748,0.15784,0.14068
0.12318,0.04369,0.12421,0.01553,0.33919,0.02215,0.30288,0.02919
