0.20486,0.17626,0.33235,0.28653
0.35608,0.25469,0.20710,0.18213
0.18813,0.20012,0.33034,0.28141
0.17799,0.16012,0.34395,0.31794
0.15374,0.14312,0.37223,0.33091
0.26916,0.23238,0.26281,0.23566
0.21735,0.17845,0.33712,0.26709
0.22452,0.20231,0.29543,0.27774
0.14156,0.11237,0.39174,0.35433
0.13460,0.12747,0.39334,0.34459
0.21517,0.25465,0.28342,0.24676
0.15663,0.12606,0.39199,0.32531
0.15157,0.14840,0.36592,0.33412
0.16701,0.13478,0.37433,0.32388
0.24340,0.20298,0.29455,0.25907
0.22863,0.19948,0.31431,0.25758
0.21005,0.18088,0.33154,0.27753
0.16959,0.14873,0.37367,0.30802
0.17431,0.15390,0.34357,0.32822
0.19806,0.20338,0.33124,0.26732
0.17288,0.17083,0.36666,0.28963
0.18003,0.16479,0.33882,0.31635
0.25302,0.21141,0.28094,0.25463
0.18612,0.19142,0.32883,0.29363
0.12448,0.12730,0.42595,0.32228
0.19760,0.18658,0.33369,0.28213
0.18823,0.11009,0.36708,0.33460
0.23830,0.25672,0.26905,0.23593
0.21272,0.19251,0.30537,0.28940
0.17030,0.16282,0.33642,0.33045
0.13290,0.15992,0.38809,0.31909
0.20694,0.18978,0.31546,0.28781
0.18618,0.20057,0.33507,0.27818
0.28155,0.18744,0.28779,0.24321
0.26027,0.24893,0.24272,0.24809
0.13610,0.11372,0.41375,0.33643
0.16040,0.15594,0.35630,0.32737
0.11197,0.10048,0.43200,0.35555
0.25576,0.22627,0.26869,0.24928
0.17479,0.16856,0.35146,0.30519
0.17815,0.14803,0.36605,0.30777
0.17744,0.16254,0.36447,0.29555
0.19527,0.18408,0.31026,0.31039
0.12739,0.13058,0.39508,0.34696
0.17944,0.15986,0.35531,0.30539
0.18105,0.17803,0.33784,0.30309
0.20132,0.15425,0.33531,0.30911
0.19390,0.18714,0.32011,0.29886
0.31987,0.22085,0.24220,0.21708
0.19546,0.18669,0.31753,0.30031
0.20648,0.17594,0.33624,0.28134
0.20138,0.19675,0.33326,0.26861
0.14744,0.13147,0.38291,0.33818
0.15236,0.13212,0.37982,0.33569
0.12392,0.12049,0.42242,0.33318
0.33121,0.09535,0.31468,0.25876
0.19953,0.19549,0.30553,0.29946
0.20006,0.18644,0.32581,0.28770
0.21348,0.20682,0.29936,0.28034
0.16812,0.17433,0.36581,0.29173
0.17673,0.22617,0.30912,0.28798
0.28840,0.21414,0.26125,0.23621
0.16999,0.14587,0.37306,0.31108
0.22065,0.22731,0.27785,0.27418
0.24599,0.23479,0.27541,0.24381
0.21930,0.17028,0.33204,0.27838
0.24478,0.22047,0.28912,0.24563
0.22739,0.19341,0.31635,0.26285
0.17004,0.13863,0.37765,0.31369
0.28706,0.12603,0.30660,0.28031
0.18786,0.14388,0.36964,0.29862
0.21393,0.25587,0.29027,0.23993
0.15659,0.14708,0.38017,0.31617
0.22190,0.19821,0.32062,0.25927
0.19504,0.17764,0.32473,0.30259
0.14610,0.14492,0.36339,0.34559
0.18737,0.15542,0.34243,0.31478
0.15189,0.14767,0.35461,0.34583
0.25643,0.20146,0.29188,0.25023
0.28100,0.25364,0.24300,0.22235
0.26685,0.08525,0.34021,0.30770
0.24236,0.28048,0.24982,0.22734
0.18646,0.18608,0.32162,0.30584
0.30801,0.25417,0.23241,0.20542
0.15957,0.14719,0.35416,0.33908
0.11442,0.08852,0.44300,0.35406
0.26365,0.17178,0.30052,0.26405
0.19758,0.23315,0.31061,0.25866
0.21930,0.19582,0.30948,0.27540
0.20145,0.18426,0.32967,0.28463
0.13553,0.12763,0.40233,0.33452
0.17822,0.16316,0.33739,0.32123
0.13046,0.11674,0.40395,0.34885
0.17537,0.16830,0.33061,0.32572
0.16784,0.14371,0.35488,0.33356
0.21958,0.18301,0.32422,0.27320
0.17560,0.15331,0.35544,0.31565
0.15435,0.14911,0.36396,0.33258
0.17817,0.14747,0.38391,0.29045
0.17578,0.17190,0.32985,0.32247
