0.12474,0.10805,0.10683,0.11124,0.13399,0.12956,0.14276,0.14283
0.08643,0.10295,0.12263,0.12137,0.16612,0.16092,0.12065,0.11894
0.09564,0.10087,0.13749,0.13666,0.12316,0.12459,0.14112,0.14047
0.12032,0.10510,0.10567,0.10718,0.13014,0.12984,0.14934,0.15241
0.11103,0.10714,0.11411,0.11417,0.12291,0.12238,0.15514,0.15311
0.10543,0.10413,0.10047,0.09923,0.15658,0.15677,0.13848,0.13892
0.11979,0.10223,0.10948,0.11184,0.13633,0.13427,0.14474,0.14131
0.09392,0.10425,0.12116,0.12308,0.13894,0.13874,0.13880,0.14111
0.11302,0.09122,0.10059,0.10330,0.12510,0.12207,0.17232,0.17238
0.12512,0.11366,0.10519,0.10798,0.11740,0.11827,0.15560,0.15678
0.15964,0.13885,0.10555,0.10647,0.10815,0.10801,0.13705,0.13627
0.12239,0.09754,0.11282,0.10838,0.12292,0.12022,0.15864,0.15709
0.11945,0.08890,0.10257,0.10423,0.12856,0.12959,0.16252,0.16420
0.12694,0.09985,0.11769,0.11861,0.12277,0.11998,0.14802,0.14614
0.10701,0.10056,0.11988,0.12044,0.14189,0.13961,0.13561,0.13502
0.09852,0.12905,0.12878,0.12829,0.12984,0.12926,0.12817,0.12809
0.12808,0.11000,0.11073,0.11159,0.13204,0.13126,0.13984,0.13647
0.11910,0.11671,0.11860,0.12211,0.12071,0.11973,0.14173,0.14132
0.14075,0.11639,0.11482,0.11670,0.10861,0.11126,0.14391,0.14757
0.10406,0.11319,0.14414,0.14230,0.10608,0.10650,0.14203,0.14171
0.14549,0.12218,0.10841,0.11354,0.11031,0.10881,0.14717,0.14408
0.11383,0.09919,0.10234,0.10332,0.13457,0.13496,0.15523,0.15657
0.12620,0.10137,0.12231,0.12381,0.13608,0.13593,0.12774,0.12657
0.10477,0.09242,0.10710,0.10851,0.14017,0.14182,0.15373,0.15148
0.11319,0.10898,0.12004,0.12053,0.11513,0.11275,0.15636,0.15302
0.11413,0.10313,0.12010,0.12245,0.12837,0.13175,0.13988,0.14018
0.14571,0.10585,0.11660,0.11702,0.10932,0.10896,0.14809,0.14845
0.10224,0.10183,0.16196,0.16313,0.09632,0.09709,0.13863,0.13879
0.10538,0.09455,0.10814,0.10762,0.14345,0.14225,0.14866,0.14994
0.12026,0.09953,0.10954,0.11306,0.12703,0.12978,0.14957,0.15123
0.13435,0.12396,0.10238,0.10388,0.11173,0.10889,0.16011,0.15470
0.12244,0.09407,0.10544,0.10874,0.13854,0.13851,0.14530,0.14696
0.11422,0.11209,0.13733,0.13991,0.10813,0.10640,0.14025,0.14166
0.17586,0.12567,0.10565,0.10855,0.10828,0.10777,0.13437,0.13385
0.10239,0.09098,0.16842,0.16486,0.09874,0.09919,0.13696,0.13846
0.12544,0.11299,0.09716,0.10020,0.11999,0.11728,0.16479,0.16215
0.13301,0.10807,0.10459,0.10670,0.12362,0.12521,0.14897,0.14984
0.11645,0.10065,0.11266,0.11354,0.11411,0.11279,0.16534,0.16447
0.10161,0.09601,0.10652,0.10728,0.15328,0.15454,0.13989,0.14087
0.11830,0.11869,0.10589,0.10866,0.12742,0.12809,0.14789,0.14506
0.14380,0.09786,0.10152,0.10103,0.12750,0.12519,0.15160,0.15151
0.11675,0.10346,0.10739,0.11043,0.13075,0.13072,0.15176,0.14874
0.14059,0.09597,0.10659,0.10716,0.13124,0.13183,0.14265,0.14397
0.10297,0.10761,0.12238,0.12464,0.11126,0.11216,0.15963,0.15936
0.10922,0.11614,0.11419,0.11414,0.12689,0.12584,0.14772,0.14587
0.12126,0.11534,0.09726,0.09793,0.13332,0.13382,0.14974,0.15135
0.12729,0.09271,0.10868,0.10879,0.13066,0.13283,0.14868,0.15037
0.13980,0.10464,0.10872,0.11022,0.12699,0.12995,0.13948,0.14021
0.19284,0.13403,0.09596,0.09868,0.10992,0.10919,0.13155,0.12784
0.12544,0.12366,0.11349,0.11576,0.12656,0.12645,0.13423,0.13441
0.12211,0.10501,0.10491,0.10530,0.13635,0.13389,0.14708,0.14535
0.10601,0.10857,0.14141,0.13876,0.11541,0.11476,0.13934,0.13576
0.10664,0.10155,0.12171,0.12080,0.11998,0.12007,0.15455,0.15471
0.12539,0.09765,0.11285,0.11388,0.12161,0.11855,0.15536,0.15471
0.13002,0.11739,0.09371,0.09353,0.11885,0.11599,0.16759,0.16292
0.19820,0.10454,0.10811,0.11097,0.10070,0.10145,0.13825,0.13777
0.12268,0.09897,0.11197,0.11284,0.13434,0.13636,0.14119,0.14164
0.11994,0.10633,0.10803,0.11058,0.13390,0.13326,0.14424,0.14372
0.10410,0.10490,0.15172,0.15045,0.09995,0.09766,0.14491,0.14630
0.11937,0.12552,0.11544,0.11537,0.12313,0.12206,0.13981,0.13929
0.14482,0.13240,0.10806,0.11017,0.11366,0.11370,0.13700,0.14019
0.09949,0.10482,0.10007,0.10160,0.15983,0.15690,0.13838,0.13891
0.11957,0.10382,0.12533,0.12264,0.12159,0.11973,0.14501,0.14229
0.10762,0.09132,0.15592,0.15760,0.10032,0.10136,0.14102,0.14483
0.10973,0.10400,0.10956,0.10803,0.14972,0.14930,0.13583,0.13382
0.12337,0.11978,0.11203,0.11399,0.13105,0.12555,0.13775,0.13647
0.11430,0.10779,0.10422,0.10531,0.14688,0.14727,0.13764,0.13659
0.11405,0.09569,0.10742,0.11009,0.14244,0.14365,0.14514,0.14152
0.12403,0.09993,0.11112,0.11641,0.12433,0.12248,0.15171,0.14999
0.17702,0.10982,0.11836,0.11932,0.10362,0.10395,0.13450,0.13341
0.11492,0.10818,0.10055,0.09838,0.13366,0.12990,0.15733,0.15708
0.15888,0.13985,0.10562,0.10606,0.10936,0.10811,0.13580,0.13632
0.10903,0.10397,0.12208,0.12319,0.12195,0.12170,0.14943,0.14864
0.12724,0.10377,0.10334,0.10510,0.14203,0.13821,0.14028,0.14002
0.12831,0.11459,0.11573,0.11814,0.12525,0.12537,0.13566,0.13694
0.11604,0.11401,0.11434,0.11558,0.12011,0.12063,0.14933,0.14996
0.12106,0.10058,0.10090,0.10456,0.13345,0.13167,0.15343,0.15436
0.13780,0.11441,0.11388,0.11479,0.11122,0.11114,0.14855,0.14822
0.11753,0.11035,0.09821,0.09936,0.14899,0.14381,0.14001,0.14175
0.11762,0.11253,0.10159,0.10203,0.15517,0.15600,0.12712,0.12793
0.17550,0.10252,0.10079,0.10338,0.11169,0.11098,0.14898,0.14617
0.09174,0.10017,0.16135,0.16374,0.11205,0.10907,0.13070,0.13118
0.13612,0.10616,0.10758,0.10645,0.12779,0.13079,0.14124,0.14388
0.10357,0.09495,0.09684,0.09684,0.17204,0.16603,0.13540,0.13434
0.11569,0.10217,0.11464,0.11700,0.12258,0.12484,0.15163,0.15145
0.12886,0.10276,0.11167,0.11313,0.10728,0.10702,0.16551,0.16377
0.17699,0.12436,0.10700,0.10964,0.09970,0.09925,0.14153,0.14153
0.11131,0.12416,0.14041,0.14372,0.10517,0.10292,0.13659,0.13572
0.11294,0.11118,0.11851,0.12131,0.13286,0.13275,0.13417,0.13628
0.11167,0.09279,0.11285,0.11564,0.13732,0.13788,0.14763,0.14422
0.12108,0.10156,0.11207,0.11246,0.11896,0.11760,0.15917,0.15710
0.10554,0.09715,0.09562,0.09666,0.13987,0.13848,0.16237,0.16430
0.12705,0.10069,0.11106,0.11379,0.11617,0.11618,0.15808,0.15698
0.11385,0.10940,0.10238,0.10298,0.13181,0.13392,0.15174,0.15392
0.11200,0.10206,0.09677,0.09984,0.13269,0.13068,0.16227,0.16368
0.12231,0.12470,0.11029,0.11235,0.12960,0.12808,0.13720,0.13548
0.10946,0.13007,0.10664,0.10560,0.12655,0.12383,0.14943,0.14843
0.10372,0.10613,0.10923,0.11190,0.12583,0.12842,0.15549,0.15928
0.11507,0.10710,0.10141,0.10242,0.13053,0.13095,0.15805,0.15446
0.13218,0.11641,0.10905,0.11001,0.12380,0.12583,0.14116,0.14156
