0.02472,0.02841,0.02103,0.16860,0.15242,0.02552,0.02386,0.02023,0.02285,0.02281,0.09201,0.01989,0.02399,0.03339,0.03526,0.09049,0.07445,0.01800,0.02461,0.07746
0.03568,0.02575,0.04291,0.06962,0.07391,0.02668,0.01852,0.03745,0.02912,0.01958,0.05844,0.05573,0.03336,0.04401,0.03648,0.04143,0.14920,0.02925,0.02565,0.14721
0.02482,0.02627,0.02368,0.11863,0.10141,0.01539,0.01323,0.01761,0.02145,0.02120,0.23834,0.01454,0.01837,0.01711,0.01628,0.21866,0.03022,0.01857,0.01378,0.03044
0.03766,0.03536,0.04474,0.11996,0.12015,0.03418,0.02029,0.03109,0.03994,0.02768,0.04780,0.03724,0.02673,0.04745,0.02199,0.05076,0.09913,0.02465,0.02012,0.11306
0.03306,0.02667,0.02862,0.26779,0.21247,0.02681,0.02536,0.03121,0.02786,0.02656,0.02655,0.05067,0.02565,0.03887,0.01968,0.02250,0.03807,0.01610,0.01697,0.03851
0.02804,0.03619,0.03163,0.05269,0.04322,0.03133,0.01710,0.02641,0.02977,0.02671,0.13011,0.02109,0.02504,0.03797,0.02682,0.11523,0.13900,0.01731,0.02482,0.13949
0.05398,0.07129,0.05081,0.08282,0.06656,0.04760,0.04027,0.05035,0.03796,0.05026,0.04569,0.02805,0.03544,0.05167,0.04122,0.04214,0.05386,0.04975,0.03081,0.06948
0.06225,0.09587,0.05742,0.09646,0.09856,0.05224,0.02161,0.08773,0.04602,0.04074,0.04161,0.05744,0.03242,0.02751,0.02345,0.03465,0.03129,0.03170,0.02067,0.04037
0.03146,0.03730,0.02048,0.06261,0.04942,0.02572,0.02554,0.02151,0.03121,0.01918,0.25160,0.01895,0.01710,0.01967,0.01905,0.22974,0.04550,0.01256,0.01446,0.04693
0.03161,0.03860,0.02412,0.05713,0.04842,0.02842,0.02022,0.03087,0.03080,0.02868,0.19923,0.02946,0.02017,0.02876,0.02491,0.18121,0.07452,0.01601,0.01340,0.07347
0.08892,0.06510,0.04364,0.05241,0.04956,0.04956,0.06312,0.07403,0.04743,0.04690,0.03795,0.03462,0.03016,0.05603,0.04616,0.03392,0.05721,0.03234,0.02716,0.06379
0.05489,0.03295,0.04129,0.12405,0.12804,0.04473,0.02790,0.02862,0.04130,0.03354,0.04833,0.02792,0.02534,0.02633,0.02616,0.04487,0.08238,0.03192,0.03675,0.09267
0.06282,0.03529,0.03313,0.11200,0.10429,0.02860,0.02492,0.02885,0.02612,0.02745,0.10658,0.03921,0.02676,0.02956,0.02702,0.09604,0.07289,0.02146,0.01778,0.07922
0.04282,0.03928,0.05140,0.04644,0.05643,0.04243,0.03652,0.03571,0.03588,0.03768,0.13550,0.02852,0.02465,0.03009,0.04141,0.10361,0.07597,0.02516,0.03432,0.07618
0.04654,0.03232,0.04989,0.14444,0.13326,0.02717,0.03543,0.04402,0.04210,0.03370,0.06248,0.04103,0.03957,0.03726,0.03600,0.04756,0.04256,0.02830,0.03458,0.04180
0.05999,0.09424,0.05498,0.08293,0.05847,0.06519,0.03697,0.10393,0.03346,0.04448,0.02591,0.02735,0.03054,0.02691,0.01960,0.02755,0.06688,0.02459,0.02262,0.09341
0.03994,0.04921,0.03169,0.10882,0.09402,0.03955,0.04412,0.04925,0.04859,0.02341,0.14584,0.02484,0.01510,0.02866,0.01702,0.13615,0.03550,0.01402,0.01500,0.03927
0.02729,0.05101,0.04488,0.11515,0.09820,0.03941,0.03966,0.03758,0.04730,0.02644,0.03530,0.05313,0.03729,0.07822,0.03290,0.04502,0.06168,0.03783,0.02728,0.06441
0.02504,0.04660,0.03085,0.12093,0.10424,0.03619,0.02512,0.04143,0.02668,0.03274,0.02779,0.05231,0.02473,0.02983,0.06557,0.02683,0.11778,0.02064,0.02231,0.12239
0.04785,0.08386,0.04341,0.07212,0.08890,0.06220,0.06988,0.08182,0.04157,0.03298,0.04559,0.03298,0.04108,0.03544,0.05562,0.03591,0.03799,0.01934,0.02726,0.04422
0.02642,0.03088,0.01943,0.04778,0.04507,0.01576,0.01980,0.02361,0.01833,0.01577,0.21680,0.02787,0.01944,0.02318,0.01349,0.20066,0.09947,0.01620,0.01443,0.10561
0.04394,0.07723,0.04110,0.07829,0.06541,0.05004,0.03861,0.03984,0.06354,0.03379,0.01808,0.04265,0.02906,0.03873,0.02488,0.02666,0.11608,0.02434,0.02130,0.12643
0.05044,0.08790,0.03277,0.12569,0.08474,0.07785,0.03333,0.05669,0.03655,0.07932,0.02957,0.02934,0.01739,0.02066,0.02203,0.02921,0.06856,0.02005,0.02102,0.07689
0.04696,0.04536,0.04534,0.06121,0.06382,0.05631,0.03211,0.06165,0.06143,0.03142,0.03635,0.03391,0.05161,0.13465,0.04076,0.04554,0.04655,0.02973,0.02858,0.04671
0.03102,0.04313,0.02552,0.11485,0.09795,0.03089,0.02990,0.03233,0.02988,0.02904,0.07653,0.05224,0.02926,0.05920,0.02807,0.03875,0.08594,0.03198,0.02782,0.10570
0.03296,0.01824,0.02696,0.26878,0.24627,0.01908,0.01678,0.01890,0.02325,0.02628,0.07810,0.01700,0.02133,0.01850,0.01408,0.06985,0.02408,0.01346,0.01472,0.03139
0.05533,0.03356,0.04424,0.15046,0.12319,0.04091,0.03632,0.03049,0.04124,0.03387,0.09293,0.02106,0.03604,0.02612,0.02489,0.09360,0.03620,0.02298,0.02239,0.03416
0.03416,0.03778,0.02853,0.09405,0.07413,0.02812,0.02160,0.03072,0.02687,0.03064,0.04567,0.04038,0.03884,0.06160,0.05330,0.03959,0.10567,0.05448,0.02900,0.12487
0.02522,0.02367,0.02036,0.26840,0.24604,0.03044,0.02122,0.01820,0.01766,0.01965,0.07305,0.01534,0.01310,0.02238,0.01974,0.06874,0.02819,0.02218,0.01732,0.02910
0.11549,0.05437,0.02362,0.04948,0.04989,0.03238,0.03625,0.03536,0.03389,0.03410,0.20726,0.01612,0.01951,0.02233,0.01947,0.17742,0.02020,0.01826,0.01970,0.01491
0.03648,0.04700,0.03348,0.18867,0.15627,0.03494,0.02278,0.03305,0.02958,0.02710,0.06678,0.02778,0.03296,0.04900,0.02536,0.06450,0.03237,0.02765,0.02427,0.03997
0.03837,0.04390,0.03651,0.06388,0.05486,0.03485,0.03777,0.03889,0.03196,0.03211,0.09390,0.03260,0.02775,0.03212,0.02341,0.07137,0.11927,0.02363,0.02336,0.13949
0.05539,0.04731,0.03875,0.05666,0.04573,0.04983,0.05992,0.06911,0.06994,0.03189,0.04496,0.08531,0.03316,0.03240,0.02792,0.04285,0.06870,0.02408,0.03904,0.07705
0.02706,0.03042,0.03408,0.17830,0.18356,0.02577,0.01921,0.03243,0.02074,0.03040,0.03196,0.04462,0.03267,0.04541,0.02787,0.03449,0.07055,0.03138,0.02925,0.06981
0.06190,0.11711,0.07367,0.13248,0.10180,0.06711,0.03355,0.08210,0.03740,0.03331,0.03788,0.03040,0.01862,0.02327,0.01340,0.03224,0.02744,0.02695,0.01490,0.03446
0.02036,0.01933,0.01641,0.16151,0.16447,0.01651,0.01508,0.01927,0.02464,0.01735,0.13838,0.02434,0.02058,0.02340,0.02461,0.11694,0.06438,0.01922,0.02673,0.06649
0.03978,0.04065,0.02903,0.05864,0.05068,0.02906,0.02328,0.02382,0.02622,0.03521,0.07808,0.02530,0.03115,0.04054,0.02986,0.08175,0.15134,0.03018,0.01916,0.15627
0.06487,0.04940,0.03281,0.18796,0.16710,0.02555,0.02906,0.03086,0.02787,0.03010,0.06751,0.03100,0.02516,0.02481,0.03677,0.06117,0.02818,0.02870,0.02016,0.03098
0.05107,0.04746,0.02866,0.11636,0.08196,0.03388,0.03836,0.03413,0.03219,0.03044,0.02175,0.02032,0.03344,0.03403,0.01900,0.02602,0.13917,0.02509,0.02455,0.16213
0.03311,0.04323,0.02596,0.05512,0.04372,0.02250,0.02261,0.02725,0.03426,0.02641,0.02619,0.02417,0.02622,0.03226,0.02859,0.02227,0.21104,0.02372,0.02163,0.24974
0.05449,0.04419,0.04090,0.10099,0.08231,0.04460,0.02857,0.04286,0.03537,0.03845,0.03416,0.03574,0.03368,0.03841,0.05915,0.03792,0.09231,0.03128,0.02773,0.09692
0.03389,0.02298,0.02691,0.20213,0.17370,0.02707,0.02542,0.02457,0.02556,0.02158,0.01844,0.02356,0.03552,0.05310,0.03767,0.02260,0.08724,0.02548,0.02057,0.09200
0.04161,0.05765,0.02661,0.18832,0.18227,0.04113,0.04770,0.04524,0.04625,0.04067,0.02430,0.02763,0.02968,0.02018,0.02075,0.01678,0.05035,0.02329,0.02135,0.04825
0.04431,0.02457,0.01791,0.11664,0.10332,0.02138,0.02212,0.02051,0.03097,0.02849,0.11606,0.05008,0.02599,0.03111,0.02982,0.10673,0.08267,0.02266,0.02044,0.08424
0.08450,0.04579,0.04249,0.12443,0.10802,0.05295,0.07153,0.04822,0.05753,0.07424,0.02172,0.02031,0.02169,0.02244,0.02269,0.02396,0.05263,0.02003,0.02730,0.05751
0.08016,0.05500,0.04752,0.17322,0.14177,0.05119,0.03663,0.07643,0.04700,0.04307,0.03440,0.02273,0.01883,0.02561,0.01766,0.02798,0.02765,0.02415,0.01480,0.03417
0.01934,0.02514,0.02180,0.05945,0.05719,0.03022,0.01575,0.03804,0.02017,0.01955,0.02205,0.02026,0.01585,0.01680,0.01600,0.02424,0.25191,0.01882,0.01366,0.29379
0.04100,0.04878,0.04159,0.07213,0.06289,0.03651,0.03703,0.05339,0.03928,0.03737,0.04160,0.02738,0.04733,0.03239,0.03711,0.02907,0.11781,0.02612,0.03701,0.13420
0.07754,0.12291,0.04562,0.07508,0.05660,0.05014,0.04573,0.05374,0.06460,0.03922,0.05386,0.05869,0.02772,0.03594,0.02297,0.05549,0.03486,0.02710,0.01859,0.03361
0.03801,0.04684,0.04062,0.07998,0.04048,0.03324,0.04330,0.03515,0.02801,0.03725,0.03533,0.02904,0.02227,0.04609,0.02057,0.02799,0.16962,0.02281,0.01953,0.18387
0.05609,0.06095,0.05910,0.09844,0.08594,0.04953,0.03644,0.05152,0.03296,0.02726,0.02604,0.03839,0.01949,0.03424,0.01596,0.02328,0.10893,0.02389,0.02285,0.12869
0.04552,0.05008,0.04212,0.13524,0.12556,0.03281,0.04501,0.04443,0.03641,0.03179,0.06664,0.02111,0.02438,0.03886,0.03115,0.05210,0.06164,0.02222,0.02197,0.07096
0.03483,0.03930,0.02721,0.06524,0.06237,0.02912,0.03769,0.03979,0.03916,0.02219,0.02529,0.03848,0.02782,0.03214,0.05325,0.03010,0.16487,0.02839,0.02351,0.17923
0.02530,0.03042,0.02863,0.07490,0.06410,0.03237,0.01762,0.02980,0.02124,0.02390,0.03802,0.05539,0.02279,0.05385,0.02486,0.03596,0.17161,0.02255,0.02005,0.20664
0.04691,0.05800,0.04917,0.16700,0.12705,0.03778,0.03851,0.04006,0.04746,0.04181,0.03434,0.06112,0.02711,0.03407,0.02646,0.03635,0.03245,0.02259,0.02349,0.04827
0.05697,0.04001,0.03898,0.09271,0.07657,0.02799,0.03755,0.02968,0.03918,0.03325,0.06677,0.03170,0.02888,0.03404,0.02625,0.04999,0.11801,0.02199,0.02201,0.12748
0.03687,0.03566,0.02884,0.16959,0.16140,0.02728,0.03581,0.02234,0.02826,0.03084,0.06594,0.02534,0.01913,0.05628,0.02072,0.04162,0.06521,0.02694,0.01770,0.08424
0.03820,0.04379,0.02680,0.20387,0.19210,0.03681,0.02334,0.02648,0.03581,0.02348,0.06403,0.02546,0.02252,0.02513,0.02962,0.06024,0.03578,0.02262,0.02078,0.04315
0.03864,0.04015,0.03530,0.22209,0.21235,0.04629,0.03753,0.03187,0.02723,0.02707,0.04487,0.03336,0.02479,0.02394,0.01883,0.03590,0.03134,0.01879,0.02191,0.02774
0.05120,0.04587,0.03249,0.13612,0.12618,0.03206,0.02705,0.03598,0.02239,0.03040,0.13280,0.02521,0.02148,0.02588,0.02058,0.12901,0.02930,0.02349,0.02122,0.03129
0.05983,0.07988,0.04827,0.07878,0.06447,0.05574,0.04519,0.05367,0.05069,0.05135,0.02522,0.03056,0.01815,0.03182,0.02387,0.02600,0.10538,0.02632,0.02140,0.10342
0.05353,0.05738,0.06096,0.06849,0.07736,0.04787,0.04047,0.06065,0.04584,0.04850,0.08439,0.02731,0.03700,0.03727,0.04303,0.07117,0.03895,0.02790,0.02796,0.04398
0.02446,0.04418,0.04100,0.09507,0.06985,0.03390,0.02375,0.04534,0.03572,0.02937,0.03030,0.02773,0.02940,0.02380,0.02053,0.03182,0.15507,0.02235,0.02285,0.19348
0.03216,0.04711,0.03060,0.05429,0.05248,0.03812,0.03974,0.04999,0.03494,0.02894,0.05614,0.04262,0.04275,0.04089,0.13093,0.07301,0.07612,0.02990,0.03157,0.06770
0.03106,0.03304,0.03282,0.07870,0.07698,0.04097,0.04614,0.04168,0.03242,0.02572,0.08365,0.02641,0.02944,0.04350,0.02438,0.09074,0.08666,0.02362,0.04745,0.10461
0.03072,0.03745,0.03388,0.14759,0.12779,0.02919,0.02578,0.04139,0.03101,0.02088,0.11416,0.02552,0.02625,0.02872,0.02599,0.10001,0.04763,0.03027,0.02117,0.05459
0.06448,0.05253,0.04146,0.11043,0.08580,0.04862,0.02845,0.03608,0.03324,0.04635,0.07131,0.02353,0.02793,0.03516,0.02381,0.04913,0.06214,0.03854,0.03417,0.08684
0.03271,0.03474,0.05397,0.14284,0.11350,0.03471,0.02444,0.03529,0.03586,0.03674,0.03850,0.04340,0.04320,0.03847,0.05668,0.03142,0.07006,0.03202,0.02597,0.07548
0.04977,0.04126,0.06671,0.15100,0.15109,0.04464,0.03198,0.07716,0.04268,0.05501,0.03124,0.03117,0.02604,0.03937,0.01856,0.02271,0.04125,0.01857,0.01828,0.04150
0.09024,0.07918,0.04385,0.08146,0.08680,0.04346,0.04396,0.06614,0.04305,0.04082,0.02387,0.02618,0.02420,0.04868,0.02139,0.02022,0.08483,0.02016,0.01516,0.09636
0.07863,0.07533,0.04790,0.09398,0.09343,0.05960,0.04527,0.04787,0.03875,0.04757,0.03854,0.02733,0.03730,0.06618,0.03092,0.04123,0.03011,0.03820,0.02955,0.03232
0.05734,0.07698,0.04105,0.12228,0.11084,0.06535,0.04951,0.05180,0.04448,0.03990,0.02286,0.01979,0.03103,0.03452,0.02804,0.01703,0.05926,0.03371,0.02188,0.07235
0.05818,0.03544,0.04703,0.04251,0.04940,0.03049,0.03826,0.03297,0.03611,0.07513,0.03434,0.02539,0.04278,0.03893,0.04406,0.03714,0.13027,0.03092,0.02284,0.14782
0.04724,0.09282,0.02233,0.19015,0.17401,0.05218,0.02771,0.09180,0.05287,0.02179,0.02727,0.01791,0.02026,0.02062,0.01865,0.01961,0.03249,0.01563,0.01280,0.04185
0.05673,0.05426,0.03662,0.05163,0.04374,0.03451,0.04003,0.03980,0.04911,0.03526,0.05196,0.02959,0.04284,0.08310,0.03417,0.04874,0.10420,0.03045,0.03085,0.10240
0.04083,0.03905,0.02478,0.07565,0.06775,0.03448,0.03756,0.04375,0.03600,0.02980,0.02781,0.07607,0.02868,0.03540,0.02271,0.04014,0.14231,0.02241,0.02347,0.15134
0.05428,0.05090,0.04113,0.06189,0.03449,0.03718,0.02813,0.03686,0.03704,0.02797,0.06161,0.05482,0.04687,0.07105,0.08212,0.05042,0.06842,0.03978,0.04603,0.06901
0.02018,0.03230,0.02741,0.04689,0.04465,0.02454,0.01539,0.02574,0.02259,0.02348,0.07015,0.04850,0.02002,0.02873,0.01708,0.06777,0.19898,0.01635,0.01800,0.23127
0.05496,0.05364,0.05775,0.15883,0.09243,0.16939,0.05461,0.07647,0.06732,0.05092,0.01105,0.01439,0.01737,0.01555,0.01467,0.01121,0.03201,0.01086,0.00795,0.02862
0.04900,0.05092,0.04813,0.14228,0.11973,0.05481,0.04018,0.04664,0.03359,0.04015,0.06396,0.04738,0.02662,0.03223,0.02108,0.06187,0.03690,0.02098,0.02340,0.04017
0.21347,0.07635,0.03684,0.07839,0.07131,0.04181,0.05167,0.03137,0.03027,0.05177,0.06051,0.02429,0.02639,0.03447,0.02545,0.06121,0.02659,0.02045,0.01300,0.02437
0.04371,0.08247,0.05735,0.05195,0.05934,0.04688,0.06243,0.08403,0.04725,0.03151,0.05278,0.08705,0.04297,0.03860,0.03826,0.07377,0.03155,0.01977,0.01958,0.02879
0.04987,0.04309,0.03356,0.09779,0.07796,0.04105,0.04233,0.04781,0.03821,0.03897,0.07054,0.03523,0.03736,0.03775,0.04000,0.05863,0.06764,0.03088,0.02437,0.08696
0.04939,0.04440,0.04373,0.20658,0.17096,0.06227,0.03748,0.05000,0.04272,0.03511,0.03009,0.02626,0.02955,0.01877,0.02037,0.02496,0.02471,0.02323,0.01783,0.04157
0.03763,0.04119,0.04372,0.07265,0.05903,0.03549,0.03177,0.03774,0.03679,0.03292,0.04811,0.03932,0.03735,0.03760,0.04235,0.05726,0.12019,0.02775,0.02999,0.13113
0.07615,0.06591,0.04765,0.10516,0.09585,0.04350,0.03336,0.05735,0.05359,0.04938,0.04014,0.03798,0.02925,0.02801,0.02384,0.03048,0.04987,0.03806,0.03244,0.06203
0.03302,0.04296,0.02516,0.24757,0.20992,0.02708,0.03019,0.03771,0.03628,0.02566,0.02231,0.01200,0.01660,0.02557,0.01768,0.02357,0.06007,0.02605,0.01308,0.06752
0.04137,0.05933,0.03637,0.03757,0.04644,0.07254,0.02457,0.07066,0.05026,0.06352,0.03621,0.02589,0.03406,0.04734,0.02980,0.04962,0.09260,0.02604,0.04503,0.11078
0.05641,0.06428,0.05169,0.09617,0.08626,0.04673,0.05888,0.05143,0.06857,0.04937,0.02985,0.02700,0.02891,0.04929,0.02803,0.03335,0.06108,0.02241,0.02431,0.06599
0.02407,0.02654,0.02777,0.05911,0.05265,0.02962,0.02372,0.02061,0.03468,0.02116,0.01620,0.02789,0.02354,0.02571,0.01962,0.02084,0.24171,0.02007,0.01788,0.26661
0.08037,0.05570,0.04278,0.07746,0.07144,0.04585,0.04929,0.06614,0.05746,0.04127,0.02816,0.03633,0.02199,0.02611,0.02043,0.03139,0.10237,0.02001,0.02107,0.10439
0.04594,0.06723,0.03464,0.14205,0.14025,0.05358,0.03749,0.08560,0.05179,0.03249,0.06424,0.01470,0.03633,0.02313,0.01843,0.05925,0.02277,0.02807,0.01897,0.02303
0.03736,0.01842,0.02042,0.15184,0.13113,0.02964,0.04185,0.02504,0.01980,0.01899,0.03775,0.02727,0.01890,0.02958,0.01606,0.03881,0.13813,0.02598,0.01819,0.15484
0.04856,0.05440,0.03737,0.05102,0.03914,0.03937,0.02992,0.03075,0.03797,0.03071,0.01871,0.04278,0.02393,0.02824,0.01626,0.01788,0.19102,0.02438,0.01644,0.22114
0.03977,0.07086,0.05730,0.12902,0.12263,0.05274,0.04070,0.05580,0.04003,0.04285,0.02871,0.03712,0.04112,0.03402,0.03771,0.02565,0.03690,0.03220,0.02964,0.04524
0.02587,0.03368,0.02531,0.04890,0.04743,0.02676,0.02619,0.02858,0.02861,0.02615,0.06360,0.12527,0.04611,0.10030,0.03871,0.07969,0.07157,0.04519,0.04205,0.07001
0.04810,0.07216,0.04027,0.06984,0.05247,0.07325,0.04574,0.06241,0.06818,0.03973,0.02058,0.02407,0.02266,0.03856,0.02814,0.02749,0.10177,0.02191,0.02074,0.12193
0.07158,0.08992,0.04518,0.09223,0.08395,0.05492,0.06068,0.04783,0.03913,0.04220,0.05188,0.04083,0.02573,0.04245,0.02627,0.03556,0.03726,0.03347,0.03084,0.04808
0.04559,0.05090,0.08163,0.12093,0.13513,0.04079,0.03781,0.03890,0.03157,0.03210,0.05452,0.04055,0.04072,0.03374,0.03571,0.04013,0.04900,0.02328,0.01974,0.04728
0.06327,0.04014,0.03647,0.25756,0.23409,0.02937,0.02586,0.03907,0.03648,0.02162,0.02167,0.02355,0.01967,0.02228,0.01740,0.02455,0.02684,0.01271,0.01405,0.03334
0.02291,0.01969,0.01159,0.14978,0.13817,0.01948,0.01393,0.01927,0.01634,0.01541,0.09974,0.02005,0.02053,0.02867,0.01616,0.07976,0.13054,0.01800,0.01420,0.14578
0.03513,0.03937,0.04145,0.08830,0.08050,0.04032,0.03205,0.04672,0.03966,0.03202,0.10764,0.08227,0.03008,0.02758,0.04394,0.11679,0.03155,0.02664,0.02169,0.03630
0.04914,0.06734,0.05934,0.11070,0.07432,0.04926,0.03218,0.04679,0.06035,0.02984,0.05106,0.03051,0.03975,0.04097,0.03077,0.04635,0.06090,0.02641,0.02429,0.06972
0.02757,0.03598,0.02855,0.18708,0.14946,0.02706,0.02584,0.02342,0.03119,0.02117,0.05727,0.02001,0.01628,0.02630,0.02033,0.04851,0.10096,0.01573,0.01381,0.12348
0.05290,0.04188,0.04491,0.06069,0.06083,0.03594,0.04186,0.05144,0.03907,0.03554,0.04518,0.03999,0.04541,0.04670,0.09696,0.03947,0.07437,0.03917,0.03766,0.07003
0.03268,0.03402,0.03767,0.21338,0.21941,0.02916,0.02600,0.02798,0.03685,0.02767,0.05926,0.03170,0.02282,0.02577,0.02386,0.05893,0.02640,0.01888,0.01778,0.02978
0.02536,0.03740,0.01899,0.04799,0.03471,0.02432,0.01863,0.02637,0.02081,0.02439,0.03179,0.01961,0.01330,0.02253,0.01212,0.03182,0.26502,0.01723,0.01492,0.29269
0.04776,0.04230,0.03138,0.07800,0.06095,0.03046,0.03318,0.04088,0.03560,0.02928,0.02884,0.02690,0.02726,0.04407,0.02952,0.02009,0.15078,0.04053,0.02424,0.17797
0.08567,0.04485,0.02829,0.06192,0.06034,0.03680,0.03703,0.03275,0.02525,0.03560,0.03032,0.02034,0.01808,0.02733,0.01713,0.01886,0.16335,0.02746,0.02331,0.20530
0.03571,0.03871,0.04365,0.15874,0.16091,0.02738,0.01998,0.04350,0.02636,0.02802,0.09909,0.02654,0.02774,0.03181,0.02557,0.08846,0.04159,0.02182,0.01942,0.03503
0.06997,0.10179,0.05470,0.11749,0.08654,0.04798,0.03595,0.05859,0.03954,0.03424,0.07672,0.01803,0.03035,0.02709,0.02427,0.07842,0.02570,0.02523,0.02234,0.02506
0.01846,0.02385,0.02095,0.21918,0.18842,0.02104,0.01634,0.02143,0.01770,0.01382,0.01338,0.02461,0.01243,0.02029,0.01067,0.01122,0.14625,0.01329,0.01005,0.17659
0.05691,0.06491,0.06101,0.08450,0.08948,0.06267,0.04442,0.05393,0.05299,0.04796,0.04208,0.04566,0.02853,0.03282,0.03122,0.03511,0.05814,0.02365,0.01897,0.06505
0.03690,0.03849,0.03677,0.15853,0.16443,0.04415,0.04721,0.07602,0.04637,0.03633,0.06586,0.01533,0.01781,0.02114,0.01811,0.06536,0.02962,0.01593,0.02722,0.03841
0.02702,0.03856,0.03206,0.24179,0.21430,0.03248,0.04570,0.03345,0.03028,0.02068,0.02812,0.02137,0.02971,0.02756,0.02146,0.02577,0.03478,0.02475,0.02733,0.04284
0.02714,0.04631,0.02779,0.25869,0.24901,0.02639,0.03179,0.03468,0.02664,0.02355,0.04671,0.01855,0.02139,0.02874,0.01697,0.03879,0.02381,0.01601,0.01328,0.02376
0.02238,0.01973,0.01692,0.05316,0.05042,0.02096,0.01558,0.01901,0.01789,0.01319,0.08346,0.03044,0.01439,0.03208,0.01658,0.06773,0.22233,0.01704,0.01315,0.25355
0.02407,0.02204,0.02514,0.19551,0.19620,0.02578,0.02324,0.01919,0.02216,0.02033,0.06212,0.03544,0.03002,0.02708,0.04150,0.04902,0.06842,0.02495,0.02340,0.06438
0.02212,0.02684,0.02883,0.11920,0.13934,0.02645,0.02892,0.03612,0.02392,0.02214,0.03748,0.02662,0.02766,0.04950,0.02399,0.03373,0.12829,0.02829,0.04115,0.12942
0.02010,0.02021,0.01693,0.24819,0.25283,0.01782,0.02189,0.01820,0.01785,0.02286,0.02424,0.07344,0.03018,0.02793,0.02427,0.03206,0.04438,0.02350,0.02264,0.04049
0.02826,0.02949,0.02502,0.26940,0.23223,0.02323,0.01846,0.04262,0.01964,0.01832,0.02673,0.02927,0.02041,0.03522,0.02086,0.02518,0.04646,0.02203,0.01672,0.05043
0.03257,0.04017,0.02911,0.17812,0.14088,0.04010,0.03634,0.02589,0.02716,0.03027,0.05739,0.03322,0.04887,0.03276,0.03886,0.04549,0.04920,0.03705,0.02072,0.05583
0.04574,0.05782,0.03839,0.20702,0.17819,0.04105,0.03849,0.04268,0.03557,0.03015,0.03930,0.02950,0.02249,0.02237,0.02274,0.04297,0.02843,0.02848,0.01932,0.02931
0.03099,0.03188,0.03352,0.13604,0.11730,0.03328,0.02013,0.02861,0.02659,0.02092,0.15664,0.03520,0.02254,0.01956,0.02302,0.14080,0.03901,0.01798,0.01878,0.04718
0.05453,0.13477,0.02443,0.06870,0.07281,0.07750,0.02808,0.15784,0.06998,0.02167,0.05604,0.03568,0.01793,0.02763,0.02366,0.05028,0.02180,0.01984,0.01985,0.01695
0.05754,0.05454,0.04137,0.06214,0.06508,0.03611,0.01998,0.04266,0.02998,0.02616,0.16781,0.05041,0.02891,0.02878,0.03532,0.14689,0.02740,0.02476,0.02615,0.02802
0.06091,0.11201,0.02465,0.05501,0.05024,0.06611,0.02435,0.10857,0.07128,0.03069,0.09635,0.03807,0.02057,0.02706,0.02528,0.08160,0.03123,0.02339,0.02453,0.02812
0.03926,0.04040,0.03772,0.19364,0.19156,0.03617,0.03766,0.04458,0.04349,0.02518,0.01953,0.04877,0.02798,0.01991,0.02950,0.01878,0.04933,0.02058,0.01875,0.05721
0.04170,0.04434,0.04544,0.18178,0.16312,0.03977,0.04513,0.04115,0.03534,0.04747,0.03902,0.02325,0.02619,0.03061,0.02574,0.03850,0.03100,0.02255,0.03210,0.04580
0.12882,0.12998,0.07480,0.07020,0.05102,0.07517,0.06323,0.10940,0.05445,0.04142,0.02086,0.01627,0.02362,0.02446,0.01601,0.01877,0.02055,0.02285,0.01662,0.02147
0.03906,0.05075,0.03389,0.18789,0.17249,0.03529,0.03544,0.04342,0.03174,0.02936,0.03163,0.06152,0.02405,0.02451,0.02498,0.03607,0.04199,0.03307,0.02209,0.04074
0.11679,0.07048,0.04587,0.08161,0.07361,0.05519,0.03726,0.05495,0.05569,0.05318,0.03244,0.03424,0.03190,0.02832,0.03290,0.03312,0.05405,0.02632,0.02490,0.05718
0.07114,0.04637,0.09011,0.05356,0.08305,0.03554,0.05242,0.04570,0.05831,0.13148,0.02074,0.01878,0.08469,0.02729,0.01891,0.02528,0.04174,0.02660,0.02891,0.03937
0.08709,0.09884,0.04883,0.10996,0.09438,0.07139,0.04484,0.04692,0.04233,0.05122,0.01825,0.05296,0.03370,0.02348,0.04020,0.02314,0.02263,0.04439,0.02303,0.02244
0.02474,0.01889,0.01819,0.31080,0.31222,0.01890,0.01475,0.01693,0.02589,0.01821,0.01709,0.01772,0.02197,0.01562,0.01805,0.02165,0.03223,0.02039,0.01705,0.03871
0.11724,0.05481,0.09223,0.12460,0.06840,0.06527,0.03342,0.06934,0.05512,0.04488,0.01814,0.05282,0.02605,0.02136,0.03085,0.02629,0.02785,0.02904,0.01230,0.02999
0.05653,0.06986,0.06658,0.07059,0.06536,0.06076,0.05865,0.07875,0.05470,0.05461,0.01925,0.03930,0.02957,0.02961,0.02847,0.01780,0.07297,0.01946,0.02237,0.08482
0.04165,0.04996,0.03587,0.15192,0.13401,0.03988,0.03570,0.04456,0.04036,0.03857,0.07747,0.02472,0.02509,0.03323,0.02978,0.05722,0.03489,0.02290,0.03273,0.04948
0.05575,0.09575,0.03165,0.10025,0.09152,0.06083,0.04288,0.08525,0.03894,0.03397,0.02110,0.03074,0.02020,0.02342,0.02245,0.01813,0.08574,0.01776,0.02482,0.09885
0.02759,0.04673,0.03271,0.12859,0.14439,0.03469,0.02531,0.03036,0.02928,0.03035,0.05806,0.02537,0.02649,0.06255,0.03316,0.06902,0.05357,0.03063,0.06257,0.04859
0.04153,0.04889,0.04201,0.15417,0.13019,0.03866,0.03970,0.03525,0.03406,0.04387,0.05175,0.03532,0.02832,0.03406,0.04313,0.05118,0.04490,0.03454,0.02740,0.04107
0.02392,0.02420,0.02607,0.11693,0.10781,0.02275,0.02179,0.02565,0.03702,0.02371,0.13413,0.02573,0.01364,0.03673,0.02092,0.10516,0.09196,0.01546,0.01596,0.11046
0.07004,0.07188,0.04288,0.09931,0.10786,0.08796,0.05246,0.09086,0.04906,0.05854,0.03550,0.01948,0.02579,0.02861,0.02273,0.03788,0.02891,0.01890,0.02002,0.03132
0.06546,0.06605,0.06354,0.08228,0.07718,0.04404,0.04058,0.04172,0.05745,0.03667,0.05678,0.04010,0.02435,0.02723,0.05158,0.05137,0.05686,0.03294,0.02860,0.05522
0.03949,0.06592,0.03325,0.07955,0.07028,0.04947,0.03202,0.07168,0.05186,0.03075,0.02499,0.02861,0.02826,0.02364,0.05216,0.02247,0.12053,0.01723,0.02052,0.13733
0.06496,0.05604,0.03917,0.07408,0.08499,0.06781,0.05378,0.06595,0.04070,0.05204,0.07992,0.02553,0.03606,0.03110,0.02839,0.09764,0.02279,0.03056,0.02762,0.02087
0.03742,0.04410,0.04812,0.16218,0.14001,0.04369,0.02959,0.04069,0.03860,0.04742,0.02141,0.02289,0.04811,0.03836,0.03823,0.02624,0.04536,0.04059,0.02402,0.06298
0.03637,0.04892,0.03386,0.05026,0.04762,0.03093,0.03722,0.05553,0.02926,0.02747,0.10280,0.02989,0.02932,0.03386,0.02351,0.09041,0.11821,0.01931,0.01899,0.13625
0.03991,0.03638,0.02811,0.13528,0.11941,0.02849,0.01953,0.03748,0.02716,0.02400,0.03507,0.04527,0.02520,0.02635,0.01802,0.03132,0.13092,0.02309,0.01678,0.15224
0.07954,0.06698,0.05904,0.06183,0.04982,0.05429,0.05270,0.02781,0.03695,0.03933,0.12685,0.02304,0.01551,0.02889,0.01563,0.09037,0.06226,0.01644,0.01583,0.07687
0.04847,0.05732,0.11611,0.07852,0.09346,0.04517,0.04236,0.03709,0.04405,0.02399,0.05178,0.05689,0.06268,0.02894,0.05322,0.04687,0.03035,0.03377,0.02867,0.02030
0.05107,0.05507,0.04394,0.04046,0.04920,0.03508,0.04456,0.04010,0.03805,0.05137,0.10854,0.03134,0.02981,0.04749,0.04141,0.11202,0.05946,0.02797,0.03174,0.06133
0.02201,0.02851,0.02354,0.06101,0.05959,0.03154,0.01846,0.01902,0.02366,0.02152,0.01808,0.02896,0.01814,0.02078,0.02228,0.01741,0.24384,0.01405,0.02460,0.28300
0.04248,0.05523,0.04216,0.14601,0.12447,0.04868,0.02454,0.06900,0.03161,0.04320,0.09134,0.02112,0.02445,0.01903,0.02785,0.08962,0.02714,0.02373,0.01690,0.03144
0.03134,0.03826,0.02511,0.13783,0.11562,0.03631,0.02315,0.04501,0.03232,0.02433,0.17856,0.01332,0.01683,0.01649,0.01522,0.15764,0.02508,0.01191,0.01814,0.03753
0.03415,0.03262,0.03698,0.21049,0.18470,0.03444,0.03746,0.02930,0.02661,0.02192,0.03236,0.03715,0.02549,0.03170,0.02663,0.02093,0.05138,0.04836,0.01833,0.05902
0.02971,0.04472,0.02827,0.19926,0.18893,0.04301,0.02932,0.04573,0.02643,0.02466,0.02919,0.04396,0.03944,0.02905,0.03938,0.03018,0.03797,0.02354,0.02502,0.04224
0.03074,0.05529,0.03823,0.21433,0.17477,0.04482,0.04882,0.05101,0.04325,0.03634,0.03083,0.02792,0.02830,0.02164,0.01743,0.03247,0.02884,0.02327,0.01726,0.03445
0.04849,0.03913,0.03915,0.07134,0.07885,0.04862,0.03249,0.02749,0.04293,0.03451,0.06528,0.02653,0.03045,0.03005,0.02859,0.05868,0.10810,0.02585,0.03263,0.13082
0.02737,0.02596,0.03011,0.06759,0.06043,0.05018,0.02409,0.04040,0.04197,0.02647,0.04986,0.04228,0.02928,0.02428,0.03256,0.03173,0.16261,0.02348,0.02427,0.18508
0.04797,0.14084,0.03178,0.14251,0.13099,0.07489,0.03406,0.12243,0.03412,0.02386,0.02724,0.02331,0.01308,0.01855,0.00927,0.02348,0.03005,0.01173,0.01106,0.04878
0.02810,0.03428,0.02977,0.07543,0.06024,0.02796,0.02067,0.04439,0.02227,0.02589,0.01967,0.02238,0.02196,0.03241,0.02452,0.02351,0.20489,0.01920,0.02029,0.24217
0.04405,0.03308,0.03016,0.29197,0.26288,0.02467,0.01849,0.02659,0.02651,0.02956,0.02388,0.01632,0.01610,0.01574,0.01844,0.01782,0.03100,0.01613,0.01054,0.04609
0.02901,0.03416,0.02986,0.04440,0.03129,0.02953,0.02084,0.02947,0.02359,0.02129,0.05963,0.03124,0.02357,0.04782,0.02063,0.05803,0.19927,0.02498,0.01818,0.22320
0.02841,0.03411,0.04818,0.12311,0.12025,0.03015,0.01736,0.03694,0.02270,0.02307,0.04237,0.01827,0.02454,0.04402,0.01776,0.04210,0.12505,0.01757,0.01734,0.16671
0.06253,0.10813,0.05625,0.08090,0.04566,0.05563,0.04382,0.10043,0.04750,0.03167,0.07392,0.02282,0.01973,0.03096,0.02094,0.07500,0.03800,0.01928,0.01378,0.05306
0.03782,0.04712,0.05233,0.08387,0.08760,0.05839,0.04087,0.05326,0.04065,0.03218,0.04269,0.03385,0.02774,0.03096,0.03173,0.03577,0.10799,0.02412,0.02397,0.10707
0.04702,0.04916,0.04288,0.23114,0.19421,0.03634,0.02450,0.03003,0.02867,0.02989,0.05323,0.01689,0.01714,0.02392,0.01952,0.04720,0.03150,0.01649,0.01958,0.04067
0.04342,0.03863,0.03830,0.09678,0.08837,0.02827,0.02500,0.02684,0.02546,0.04209,0.07038,0.03396,0.02153,0.02779,0.02834,0.07651,0.10570,0.02958,0.02426,0.12879
0.05975,0.08752,0.04104,0.10870,0.08685,0.10140,0.04396,0.10236,0.04701,0.03757,0.03604,0.02263,0.01696,0.02441,0.02042,0.02966,0.04425,0.02188,0.01404,0.05359
0.02954,0.04237,0.02356,0.31297,0.28479,0.03313,0.02245,0.02641,0.01675,0.01658,0.02655,0.01329,0.01566,0.01952,0.01409,0.02185,0.01749,0.01702,0.01259,0.03340
0.06874,0.07795,0.03889,0.07717,0.07561,0.05036,0.04435,0.06232,0.04261,0.03842,0.02907,0.04578,0.02603,0.04179,0.02520,0.02990,0.08393,0.02308,0.03091,0.08790
0.04329,0.04245,0.04035,0.16125,0.13912,0.04938,0.03660,0.03927,0.03470,0.03632,0.07932,0.02802,0.02104,0.01855,0.04384,0.06639,0.03026,0.03255,0.01485,0.04246
0.03172,0.02984,0.02599,0.17776,0.16064,0.02894,0.02047,0.03247,0.03568,0.02573,0.12057,0.02775,0.02273,0.02436,0.03420,0.11188,0.02122,0.02147,0.01973,0.02684
0.02944,0.03442,0.02800,0.27055,0.25720,0.03815,0.02144,0.02273,0.01681,0.02294,0.01768,0.02704,0.01310,0.01518,0.01268,0.01755,0.05563,0.01089,0.02119,0.06736
0.03966,0.04081,0.04165,0.08775,0.08232,0.03310,0.02767,0.04066,0.02709,0.02710,0.04599,0.02526,0.03761,0.05746,0.03450,0.03624,0.12591,0.02364,0.02394,0.14163
0.04729,0.02429,0.05173,0.22899,0.21598,0.03746,0.03209,0.03064,0.03166,0.03328,0.05641,0.02043,0.02328,0.02388,0.01829,0.04922,0.01645,0.02332,0.01301,0.02230
0.05809,0.04599,0.04268,0.05754,0.04907,0.04626,0.03078,0.04588,0.03707,0.03870,0.06075,0.05965,0.03090,0.04192,0.02489,0.05237,0.10708,0.02689,0.02095,0.12253
0.05016,0.04359,0.06133,0.07646,0.06835,0.05044,0.04140,0.04621,0.04049,0.04252,0.07561,0.06868,0.04029,0.03641,0.03957,0.07219,0.03844,0.03691,0.03206,0.03891
0.06641,0.07431,0.02925,0.12947,0.10145,0.03619,0.03302,0.04354,0.06444,0.02834,0.10542,0.03142,0.02783,0.02061,0.02250,0.10036,0.02370,0.02463,0.01595,0.02117
0.03345,0.04448,0.03360,0.14893,0.15586,0.03159,0.03354,0.04563,0.03244,0.04013,0.02893,0.02663,0.02568,0.03255,0.02318,0.02871,0.08957,0.02413,0.03034,0.09063
0.04792,0.08501,0.06552,0.06331,0.05526,0.05410,0.02689,0.07991,0.03677,0.03107,0.04670,0.06097,0.02871,0.03002,0.02662,0.04019,0.08052,0.02783,0.02155,0.09114
0.18243,0.06889,0.03691,0.10439,0.07929,0.04665,0.04819,0.03956,0.04258,0.04423,0.03400,0.02935,0.02445,0.04766,0.02007,0.04362,0.03756,0.02055,0.01805,0.03157
0.03226,0.04643,0.04399,0.09269,0.09024,0.03176,0.02651,0.03339,0.03039,0.02652,0.07862,0.02427,0.04207,0.07072,0.03955,0.07945,0.06413,0.03058,0.05675,0.05969
0.02363,0.02575,0.02127,0.12665,0.11697,0.02180,0.01675,0.02386,0.01693,0.01789,0.23227,0.01543,0.02224,0.01508,0.01577,0.21527,0.02089,0.01899,0.01208,0.02048
0.02744,0.02617,0.01617,0.02972,0.03457,0.01294,0.01381,0.02391,0.01647,0.01577,0.01756,0.01399,0.01358,0.02612,0.01263,0.01470,0.31160,0.01092,0.00894,0.35300
0.03594,0.05200,0.04153,0.11182,0.08320,0.04471,0.05299,0.05059,0.03654,0.03152,0.03786,0.03481,0.02346,0.02508,0.02393,0.03555,0.10145,0.01814,0.02052,0.13837
0.07357,0.09357,0.05027,0.07981,0.06279,0.06051,0.04763,0.05079,0.05036,0.05420,0.07217,0.03324,0.03381,0.02379,0.02465,0.06538,0.02456,0.04118,0.02475,0.03295
0.05129,0.03997,0.05077,0.16401,0.11814,0.03607,0.03744,0.07749,0.04531,0.03979,0.03659,0.04486,0.02923,0.03377,0.02623,0.02931,0.04045,0.02282,0.01688,0.05958
0.04822,0.06760,0.03799,0.16333,0.12575,0.05240,0.03796,0.03629,0.05521,0.03062,0.03753,0.01993,0.02163,0.02832,0.01767,0.03880,0.06683,0.01892,0.01867,0.07632
0.02841,0.04563,0.04040,0.19250,0.17112,0.04013,0.02548,0.04232,0.02828,0.02513,0.05086,0.02130,0.02402,0.02488,0.02602,0.04558,0.05987,0.01528,0.02068,0.07211
0.04917,0.05767,0.04902,0.08221,0.07362,0.03446,0.04440,0.04194,0.07498,0.02599,0.03013,0.03566,0.02810,0.05481,0.03132,0.03859,0.08504,0.03041,0.04342,0.08906
0.03213,0.02753,0.03004,0.04720,0.03452,0.02206,0.01795,0.02868,0.01486,0.01762,0.09860,0.02379,0.02335,0.03814,0.04564,0.08433,0.17754,0.02185,0.02045,0.19370
0.03637,0.05295,0.04339,0.08238,0.07190,0.02945,0.02661,0.03473,0.02930,0.03028,0.17448,0.02424,0.01972,0.02434,0.02247,0.15078,0.05713,0.01550,0.01523,0.05876
0.07253,0.12559,0.05345,0.04631,0.05566,0.06523,0.01430,0.17797,0.04365,0.03314,0.06203,0.04941,0.02655,0.01871,0.02912,0.05683,0.02114,0.01720,0.01179,0.01939
0.03025,0.04757,0.02865,0.05110,0.04078,0.03936,0.02990,0.04583,0.03709,0.02407,0.03843,0.02488,0.02212,0.03446,0.03170,0.03569,0.18076,0.02100,0.02836,0.20800
0.02671,0.02681,0.03078,0.22163,0.21043,0.02333,0.02013,0.01636,0.02045,0.01738,0.01407,0.02378,0.01477,0.02344,0.02528,0.01879,0.11610,0.01424,0.01419,0.12135
0.08060,0.03515,0.04071,0.16105,0.14473,0.03429,0.04348,0.03134,0.04116,0.03660,0.03129,0.04492,0.03480,0.06133,0.03027,0.02799,0.03420,0.02710,0.03213,0.02686
0.02910,0.04635,0.06197,0.06049,0.05995,0.03021,0.03646,0.03756,0.03529,0.02798,0.06542,0.06213,0.03568,0.03084,0.05021,0.06161,0.10165,0.02731,0.03785,0.10195
0.06040,0.03389,0.03503,0.10559,0.11025,0.03245,0.03324,0.02672,0.04252,0.03792,0.09172,0.02310,0.04424,0.04341,0.03907,0.08328,0.04587,0.02918,0.02864,0.05348
0.05501,0.08132,0.08519,0.06067,0.06233,0.07826,0.05132,0.06047,0.05171,0.04981,0.02912,0.04004,0.04226,0.03542,0.04166,0.03011,0.03565,0.03521,0.03418,0.04026
0.02909,0.04671,0.02690,0.14120,0.13337,0.04343,0.03528,0.04030,0.02936,0.03415,0.02394,0.01946,0.01886,0.02504,0.01631,0.02403,0.13407,0.01925,0.01786,0.14140
0.04160,0.06401,0.03015,0.12568,0.09110,0.03982,0.02262,0.04263,0.02733,0.02334,0.08843,0.04489,0.01682,0.02646,0.01299,0.07464,0.08178,0.01558,0.01124,0.11888
0.03051,0.04215,0.02844,0.17604,0.15587,0.04050,0.03268,0.04822,0.03937,0.02881,0.01958,0.01494,0.02697,0.03763,0.01725,0.02109,0.08937,0.02389,0.01807,0.10863
0.02649,0.02469,0.02309,0.10958,0.08452,0.02026,0.02319,0.01501,0.01562,0.02325,0.02475,0.02589,0.01645,0.02117,0.02277,0.01593,0.21874,0.02034,0.01994,0.24831
0.04717,0.05245,0.04030,0.11221,0.11868,0.06151,0.03358,0.05880,0.04454,0.05554,0.07087,0.03201,0.02488,0.02851,0.03335,0.07008,0.03222,0.02459,0.02005,0.03867
0.02302,0.02054,0.02094,0.14120,0.15710,0.01695,0.03068,0.01815,0.02003,0.02431,0.03347,0.02157,0.02691,0.02279,0.02758,0.03795,0.14524,0.02392,0.02258,0.16506
0.07032,0.05771,0.03540,0.15878,0.12193,0.04617,0.03748,0.07826,0.04997,0.04087,0.04848,0.02105,0.02240,0.02315,0.01590,0.04618,0.03055,0.02221,0.01419,0.05899
0.03640,0.06378,0.04488,0.16211,0.12534,0.05587,0.03953,0.05805,0.03566,0.03227,0.02169,0.02497,0.03431,0.03285,0.04441,0.02397,0.05275,0.02067,0.03251,0.05796
0.03215,0.03353,0.02110,0.07280,0.05930,0.02768,0.04302,0.04275,0.04296,0.03898,0.12139,0.05329,0.04701,0.04889,0.05564,0.12084,0.04367,0.03319,0.02640,0.03541
0.02817,0.06134,0.02995,0.20993,0.16481,0.03260,0.02962,0.03133,0.03969,0.03162,0.02123,0.04649,0.03235,0.02380,0.02499,0.02495,0.03557,0.04451,0.02870,0.05835
0.04064,0.02761,0.02890,0.21149,0.19800,0.03102,0.02368,0.02128,0.02735,0.03597,0.03659,0.03375,0.02695,0.02238,0.05047,0.03461,0.03886,0.02766,0.03792,0.04489
0.03791,0.05240,0.04522,0.07709,0.07201,0.03702,0.04202,0.05578,0.03241,0.02134,0.10317,0.04458,0.04207,0.03789,0.03542,0.08994,0.05139,0.03467,0.03736,0.05031
0.04800,0.04145,0.03609,0.06038,0.06857,0.05939,0.04102,0.04311,0.04618,0.04997,0.02907,0.03833,0.03481,0.04094,0.10511,0.04013,0.07997,0.03293,0.02658,0.07797
0.02233,0.03136,0.03112,0.05089,0.04300,0.02879,0.02712,0.02218,0.01967,0.01600,0.20138,0.03551,0.02592,0.02386,0.02962,0.18566,0.08413,0.01668,0.01660,0.08816
0.11439,0.11978,0.05967,0.07678,0.06245,0.07036,0.03999,0.10209,0.05010,0.04326,0.02287,0.02229,0.03080,0.01739,0.02532,0.02594,0.03279,0.02824,0.02215,0.03332
0.03564,0.05989,0.07620,0.14854,0.14691,0.03089,0.03562,0.04286,0.03906,0.02873,0.03699,0.04044,0.04674,0.03057,0.03637,0.03549,0.03997,0.03155,0.02416,0.03338
0.04737,0.07494,0.06636,0.09273,0.08840,0.04541,0.03320,0.05993,0.05091,0.03523,0.04181,0.03454,0.02940,0.02973,0.02180,0.03926,0.06757,0.02728,0.02447,0.08967
0.02518,0.03523,0.02511,0.03260,0.03743,0.02900,0.02343,0.02408,0.02922,0.02625,0.10294,0.02048,0.02161,0.02428,0.03678,0.09987,0.17794,0.02248,0.01887,0.18721
0.09578,0.05193,0.02179,0.11117,0.10673,0.03568,0.03516,0.03428,0.02899,0.03072,0.15544,0.01863,0.01932,0.02048,0.01383,0.14252,0.01960,0.01745,0.01552,0.02500
0.02474,0.03581,0.02318,0.05935,0.05935,0.02700,0.02222,0.02910,0.02802,0.01789,0.06189,0.03552,0.02618,0.04466,0.02810,0.05515,0.16085,0.03167,0.02417,0.20515
0.01961,0.01340,0.01736,0.19688,0.17421,0.01834,0.01088,0.01449,0.01629,0.01511,0.11264,0.02802,0.01600,0.02612,0.03482,0.10844,0.07087,0.01460,0.01286,0.07905
0.05811,0.04593,0.03293,0.05882,0.04729,0.03461,0.03499,0.03249,0.03627,0.03263,0.05949,0.04297,0.03627,0.05046,0.06248,0.05248,0.10893,0.03258,0.02517,0.11511
0.05871,0.06683,0.06865,0.04951,0.04876,0.04828,0.03303,0.05284,0.03400,0.05117,0.13746,0.03387,0.02344,0.02158,0.02923,0.14088,0.04022,0.01632,0.01653,0.02868
0.25431,0.01759,0.06235,0.10767,0.10353,0.02738,0.05769,0.02804,0.06237,0.04457,0.07692,0.02135,0.01609,0.01029,0.01241,0.05805,0.01018,0.00811,0.01058,0.01050
0.04781,0.04323,0.04149,0.11350,0.09881,0.04002,0.03388,0.03682,0.02918,0.02455,0.03992,0.02392,0.02925,0.02554,0.02848,0.03997,0.11755,0.02086,0.02251,0.14273
0.05295,0.04662,0.04743,0.13771,0.12381,0.04140,0.02422,0.03570,0.03781,0.02793,0.08570,0.02439,0.02366,0.03318,0.03326,0.06847,0.05362,0.02666,0.02019,0.05530
0.02674,0.02670,0.02129,0.34214,0.31070,0.01994,0.02153,0.02263,0.01618,0.01838,0.02901,0.01474,0.00962,0.01749,0.00927,0.02030,0.02105,0.01643,0.00823,0.02762
0.10491,0.03634,0.05697,0.16307,0.08660,0.08036,0.05482,0.05376,0.05364,0.06117,0.02171,0.01785,0.02330,0.02930,0.01884,0.01593,0.03066,0.02393,0.03303,0.03380
0.02693,0.03468,0.02573,0.13009,0.12557,0.03124,0.02106,0.03416,0.03038,0.02494,0.01461,0.02641,0.01786,0.03863,0.01587,0.01640,0.16114,0.01927,0.01262,0.19241
0.05317,0.05397,0.02694,0.11858,0.11330,0.03772,0.02580,0.04842,0.03544,0.02613,0.07799,0.03533,0.03762,0.03156,0.04345,0.05415,0.06686,0.02026,0.02512,0.06817
0.06479,0.08779,0.09141,0.04202,0.04435,0.06522,0.04236,0.08112,0.03865,0.04023,0.02915,0.10496,0.03505,0.04200,0.02539,0.02885,0.03213,0.03208,0.03804,0.03440
0.03968,0.04050,0.02547,0.13171,0.13725,0.02911,0.02781,0.03775,0.02486,0.02383,0.09702,0.03167,0.03324,0.03144,0.05012,0.08767,0.04356,0.03512,0.02521,0.04699
0.03813,0.05473,0.03288,0.22772,0.21070,0.05332,0.03199,0.03533,0.03337,0.03353,0.03585,0.01663,0.01791,0.02304,0.02600,0.03189,0.02191,0.02220,0.02316,0.02972
0.28232,0.07799,0.02230,0.02694,0.02736,0.04265,0.05508,0.02471,0.02397,0.05283,0.03185,0.02464,0.03976,0.06766,0.03561,0.02932,0.04443,0.03320,0.03005,0.02734
0.02654,0.02357,0.03352,0.07410,0.06240,0.03355,0.01366,0.02586,0.03197,0.02165,0.15412,0.01941,0.01783,0.04457,0.01358,0.14343,0.10357,0.01662,0.01569,0.12436
0.03655,0.04362,0.03210,0.04672,0.03705,0.03791,0.03780,0.04369,0.04198,0.02814,0.20366,0.03480,0.02697,0.02547,0.04108,0.17880,0.02466,0.02765,0.02333,0.02801
0.03349,0.03168,0.02278,0.08834,0.07628,0.03397,0.02795,0.02450,0.02501,0.02700,0.02340,0.06127,0.02653,0.03083,0.02194,0.03099,0.17504,0.01929,0.02315,0.19655
0.02803,0.05157,0.02637,0.16832,0.15567,0.03407,0.01914,0.04164,0.03820,0.02169,0.09976,0.02085,0.02282,0.02712,0.02237,0.08598,0.03842,0.02174,0.02206,0.05417
0.08089,0.15007,0.04194,0.05703,0.05174,0.08158,0.03579,0.17763,0.03984,0.03244,0.03198,0.01698,0.02508,0.03350,0.01494,0.02409,0.02675,0.02829,0.01867,0.03076
0.02473,0.01621,0.01971,0.24628,0.21891,0.01689,0.01426,0.01262,0.01459,0.02064,0.02329,0.03332,0.02920,0.02474,0.02808,0.02426,0.09770,0.02178,0.01615,0.09666
0.03061,0.05540,0.03538,0.18621,0.13243,0.03312,0.02632,0.03873,0.03429,0.02899,0.04059,0.02110,0.01984,0.02352,0.02344,0.02737,0.07840,0.02860,0.03873,0.09692
0.05175,0.04491,0.07788,0.14187,0.13070,0.06678,0.05245,0.07062,0.08059,0.03848,0.02194,0.02542,0.01795,0.01834,0.01673,0.02188,0.02006,0.01543,0.01517,0.07105
0.02714,0.03176,0.02608,0.15541,0.13846,0.03175,0.02202,0.02331,0.02183,0.02028,0.03294,0.01789,0.01715,0.02646,0.01608,0.01707,0.15578,0.01869,0.01419,0.18572
0.05391,0.04859,0.03016,0.19706,0.16002,0.03625,0.01985,0.04650,0.03331,0.03021,0.02219,0.04275,0.01998,0.02833,0.01900,0.02155,0.06524,0.01661,0.01589,0.09261
0.04828,0.03970,0.03551,0.15155,0.14583,0.03776,0.02893,0.02816,0.02632,0.03379,0.02079,0.02704,0.02447,0.02415,0.02029,0.01849,0.11890,0.01738,0.02532,0.12734
0.02864,0.04759,0.02554,0.06981,0.06482,0.03399,0.02229,0.02886,0.02899,0.02159,0.03492,0.02374,0.02214,0.03396,0.02370,0.04040,0.20312,0.01577,0.01452,0.21561
0.05620,0.05124,0.05116,0.09631,0.07295,0.03261,0.03014,0.02974,0.03616,0.03450,0.05031,0.05839,0.03699,0.04596,0.03195,0.05145,0.08122,0.03848,0.02825,0.08600
0.03917,0.03665,0.02523,0.20277,0.16103,0.03617,0.03066,0.04564,0.02856,0.02437,0.03026,0.02298,0.01949,0.02134,0.01542,0.01661,0.09660,0.01669,0.01484,0.11550
0.03096,0.03848,0.03162,0.24196,0.20669,0.03487,0.02335,0.04349,0.03168,0.03502,0.02655,0.02241,0.02233,0.02896,0.02126,0.02762,0.02755,0.02349,0.01865,0.06305
