0.01134,0.01243,0.01302,0.01054,0.01666,0.16501,0.01101,0.01008,0.01934,0.01144,0.07998,0.04859,0.07676,0.13414,0.16047,0.01090,0.14568,0.00834,0.04158,0.01267
0.01206,0.01576,0.01539,0.00814,0.01596,0.12205,0.01633,0.01113,0.01411,0.02365,0.11990,0.16731,0.10343,0.06255,0.03027,0.01519,0.06687,0.00412,0.16426,0.01153
0.01390,0.02196,0.02238,0.01165,0.02536,0.14856,0.01840,0.01900,0.02597,0.02515,0.16946,0.02755,0.15578,0.10248,0.02801,0.01696,0.11185,0.01387,0.02670,0.01499
0.01375,0.01523,0.01574,0.01036,0.01815,0.11831,0.01043,0.00944,0.01701,0.01298,0.19867,0.02750,0.16685,0.10556,0.07051,0.02591,0.11563,0.01195,0.01733,0.01868
0.03128,0.03577,0.02142,0.02824,0.03459,0.06751,0.03118,0.02809,0.03075,0.03095,0.13440,0.03834,0.13475,0.08277,0.09775,0.01499,0.08728,0.01655,0.03343,0.01996
0.01164,0.02354,0.02139,0.01616,0.02197,0.06373,0.01936,0.01154,0.02624,0.02456,0.25227,0.02109,0.22950,0.06741,0.06448,0.01206,0.06956,0.01283,0.01274,0.01794
0.03359,0.05054,0.03684,0.01745,0.05583,0.19257,0.02055,0.02410,0.04307,0.02471,0.06468,0.02065,0.06151,0.10263,0.09680,0.01241,0.10366,0.01161,0.01130,0.01546
0.02021,0.03846,0.01998,0.01739,0.04407,0.21121,0.02520,0.01756,0.02649,0.03154,0.10392,0.06199,0.10546,0.06102,0.03391,0.01635,0.05601,0.02141,0.05957,0.02826
0.02108,0.02564,0.02005,0.01720,0.02670,0.22021,0.01731,0.01916,0.01483,0.02764,0.09396,0.02593,0.09703,0.07886,0.12812,0.02768,0.08203,0.01937,0.01525,0.02195
0.01602,0.01370,0.01718,0.01466,0.03456,0.05829,0.01614,0.01617,0.01684,0.02653,0.06784,0.06022,0.04819,0.22172,0.05392,0.02560,0.22541,0.01330,0.03247,0.02125
0.01988,0.02566,0.02576,0.02922,0.02822,0.06543,0.01788,0.01420,0.02062,0.02188,0.04564,0.02154,0.05743,0.12159,0.28331,0.02362,0.11790,0.01411,0.02009,0.02603
0.01848,0.02938,0.02436,0.01951,0.02211,0.08845,0.02688,0.01917,0.02969,0.02154,0.18649,0.02070,0.17643,0.08376,0.08762,0.01030,0.08622,0.01345,0.01262,0.02285
0.01275,0.01937,0.01108,0.01452,0.02042,0.13656,0.01379,0.01104,0.01133,0.02501,0.07960,0.04642,0.07328,0.14704,0.13624,0.01353,0.15188,0.01659,0.03412,0.02544
0.01887,0.01812,0.01965,0.01426,0.02504,0.07015,0.02056,0.01552,0.02104,0.02923,0.10192,0.06534,0.09088,0.11476,0.14712,0.01369,0.11626,0.02244,0.06011,0.01502
0.01380,0.02060,0.01992,0.01861,0.03634,0.10705,0.02255,0.02652,0.02568,0.02512,0.09279,0.02064,0.08753,0.18024,0.03899,0.01701,0.19547,0.01696,0.01351,0.02067
0.02082,0.04878,0.02132,0.02495,0.03742,0.21112,0.04643,0.03676,0.04054,0.02640,0.10294,0.03295,0.09170,0.04669,0.07699,0.02551,0.04546,0.01763,0.01934,0.02625
0.01634,0.01825,0.01497,0.01269,0.02200,0.06771,0.01143,0.01418,0.01324,0.01617,0.02531,0.07934,0.03258,0.24791,0.03841,0.02573,0.25837,0.00813,0.06059,0.01662
0.01687,0.02100,0.01543,0.01361,0.01980,0.09534,0.01817,0.01684,0.02367,0.01328,0.04091,0.05387,0.03631,0.23571,0.02676,0.01643,0.25317,0.01774,0.04759,0.01749
0.01975,0.03358,0.03474,0.03549,0.03630,0.23707,0.02013,0.02655,0.03182,0.02555,0.05144,0.03144,0.04542,0.09124,0.11087,0.01469,0.09072,0.01502,0.02367,0.02451
0.01284,0.01648,0.01722,0.01465,0.02395,0.03191,0.01810,0.02066,0.02001,0.01875,0.08977,0.05643,0.08243,0.05235,0.35033,0.01633,0.06860,0.01627,0.04398,0.02893
0.02344,0.01809,0.01481,0.01699,0.03160,0.02355,0.01529,0.01541,0.02424,0.01864,0.04594,0.02538,0.04647,0.06934,0.47159,0.01379,0.06011,0.02037,0.01915,0.02580
0.02938,0.03065,0.02176,0.03278,0.01750,0.07929,0.02382,0.01323,0.02906,0.02787,0.05426,0.02335,0.05551,0.19880,0.08013,0.02697,0.19306,0.02265,0.01827,0.02166
0.01335,0.01498,0.01916,0.01222,0.01851,0.05616,0.01386,0.01513,0.02066,0.02002,0.09225,0.07841,0.07787,0.07554,0.25754,0.03290,0.07687,0.02372,0.06289,0.01795
0.01057,0.02022,0.02473,0.02424,0.02131,0.22899,0.01460,0.01207,0.03270,0.01786,0.14733,0.02583,0.13555,0.05560,0.10644,0.01210,0.05392,0.01003,0.01854,0.02738
0.02681,0.03754,0.03119,0.02663,0.03365,0.10504,0.03592,0.02836,0.03959,0.02788,0.07081,0.11512,0.06769,0.07053,0.05322,0.01831,0.06302,0.02737,0.09981,0.02151
0.02148,0.04372,0.02670,0.01877,0.02855,0.12624,0.03068,0.02708,0.03080,0.02887,0.06237,0.11988,0.08128,0.05221,0.08622,0.02242,0.04925,0.01575,0.10525,0.02249
0.01110,0.01891,0.01791,0.01317,0.02588,0.04024,0.01181,0.02240,0.01791,0.01940,0.13105,0.03757,0.12195,0.04742,0.29728,0.02127,0.04694,0.01814,0.01968,0.05997
0.01343,0.01305,0.01925,0.01168,0.02749,0.12074,0.02136,0.01324,0.01638,0.01721,0.05537,0.15218,0.04635,0.12227,0.02685,0.01527,0.13321,0.01609,0.14858,0.01000
0.01625,0.03411,0.02419,0.01268,0.03824,0.05435,0.03286,0.01985,0.02467,0.02665,0.13517,0.07796,0.12252,0.04227,0.17711,0.01476,0.03874,0.02000,0.05988,0.02772
0.02092,0.02639,0.01142,0.01714,0.03565,0.30249,0.01706,0.02827,0.02966,0.02162,0.04966,0.02746,0.04638,0.10220,0.06509,0.01960,0.10659,0.02345,0.02529,0.02364
0.01938,0.02166,0.02175,0.01418,0.02680,0.11615,0.01676,0.02051,0.02282,0.02903,0.16811,0.03997,0.14764,0.10102,0.05298,0.01843,0.10413,0.01612,0.02904,0.01352
0.01353,0.02322,0.02270,0.01702,0.03403,0.17459,0.02867,0.01700,0.02042,0.02583,0.22465,0.03127,0.21808,0.02363,0.03093,0.01383,0.01986,0.01772,0.02092,0.02212
0.00966,0.01623,0.01296,0.00919,0.01775,0.07218,0.00737,0.01421,0.01511,0.01181,0.05746,0.12373,0.04950,0.11190,0.21496,0.01385,0.11227,0.01083,0.10424,0.01481
0.02581,0.02902,0.02754,0.01791,0.03164,0.06204,0.01927,0.01917,0.02598,0.02307,0.07398,0.03070,0.07797,0.20327,0.04669,0.02375,0.21031,0.01288,0.02125,0.01775
0.01935,0.02953,0.02311,0.01812,0.04405,0.17576,0.02249,0.01586,0.02209,0.01702,0.02402,0.01653,0.02976,0.21329,0.04927,0.00819,0.22443,0.01530,0.01325,0.01859
0.01702,0.04107,0.02651,0.01765,0.04759,0.26067,0.01937,0.03259,0.05367,0.02772,0.15126,0.01794,0.13802,0.03641,0.02358,0.02283,0.03202,0.00980,0.01142,0.01288
0.01850,0.02038,0.01228,0.01304,0.02176,0.13971,0.01558,0.01336,0.01631,0.01831,0.16975,0.01737,0.15627,0.13669,0.03246,0.01413,0.14821,0.00992,0.01132,0.01465
0.02031,0.01804,0.02210,0.01640,0.01676,0.02245,0.02293,0.02196,0.01938,0.01389,0.21082,0.05156,0.20089,0.07885,0.04606,0.01375,0.08052,0.04794,0.05407,0.02133
0.01821,0.02311,0.02169,0.01920,0.02590,0.14461,0.02123,0.01289,0.02845,0.02583,0.17851,0.02185,0.16224,0.07614,0.08746,0.01144,0.06877,0.01749,0.01489,0.02010
0.02523,0.01679,0.01719,0.01519,0.02828,0.16883,0.02105,0.01556,0.03680,0.02495,0.05638,0.10649,0.05342,0.07911,0.10928,0.02001,0.07886,0.01043,0.09696,0.01919
0.01390,0.01985,0.02117,0.01409,0.03415,0.26464,0.01672,0.01582,0.02649,0.02020,0.04407,0.04477,0.03042,0.11652,0.10081,0.01549,0.12630,0.01649,0.04077,0.01731
0.01246,0.01507,0.01042,0.01307,0.01437,0.06085,0.01163,0.00930,0.01139,0.01686,0.31510,0.01939,0.30326,0.03927,0.05095,0.01440,0.04062,0.01088,0.01557,0.01515
0.01567,0.02903,0.02487,0.01714,0.03454,0.10240,0.01701,0.02068,0.02245,0.02251,0.14172,0.02433,0.13751,0.07979,0.12780,0.02795,0.07604,0.01901,0.01808,0.04147
0.01231,0.02021,0.01469,0.01305,0.02759,0.05845,0.01866,0.01211,0.02101,0.01106,0.13022,0.04612,0.12630,0.16822,0.05645,0.01775,0.18090,0.01208,0.03443,0.01840
0.01371,0.02275,0.01532,0.01852,0.02715,0.04907,0.01893,0.01796,0.01756,0.02980,0.14366,0.03272,0.13621,0.14972,0.07723,0.01321,0.16061,0.01330,0.02210,0.02048
0.01594,0.02794,0.02095,0.01716,0.15635,0.15487,0.01651,0.01448,0.02086,0.14323,0.11754,0.01579,0.11693,0.02807,0.06552,0.01004,0.02695,0.00821,0.01187,0.01080
0.01482,0.02623,0.01990,0.01496,0.02738,0.16417,0.01828,0.02525,0.02296,0.01718,0.05745,0.14376,0.06183,0.05761,0.08116,0.01530,0.05685,0.01550,0.14084,0.01857
0.01350,0.02435,0.01971,0.01761,0.01744,0.09361,0.01495,0.01166,0.02862,0.01118,0.03996,0.01710,0.05098,0.17205,0.21315,0.01597,0.17324,0.02179,0.01092,0.03223
0.01209,0.01977,0.02051,0.01777,0.02157,0.11276,0.01882,0.02082,0.02027,0.01507,0.03628,0.04739,0.03081,0.21731,0.05881,0.02620,0.22609,0.01634,0.03286,0.02847
0.00842,0.01468,0.01162,0.01223,0.01814,0.18938,0.00869,0.01480,0.01608,0.01205,0.08611,0.02752,0.08486,0.10117,0.22678,0.01411,0.10814,0.01104,0.01920,0.01499
0.03128,0.04357,0.02915,0.02440,0.04051,0.17289,0.02506,0.02217,0.03069,0.02763,0.05242,0.03011,0.04989,0.11140,0.10498,0.01996,0.12642,0.01705,0.02317,0.01724
0.01405,0.01206,0.01608,0.01834,0.01795,0.06590,0.01819,0.01071,0.01850,0.01469,0.12774,0.05316,0.11853,0.09986,0.15594,0.02551,0.12566,0.01629,0.04666,0.02416
0.01488,0.02630,0.02566,0.01451,0.03698,0.07719,0.01948,0.01560,0.01529,0.02446,0.05820,0.02735,0.04786,0.23354,0.04454,0.01309,0.24966,0.01794,0.01864,0.01882
0.02570,0.02230,0.02026,0.01572,0.02592,0.08261,0.01505,0.01851,0.01938,0.02105,0.08953,0.02986,0.08003,0.08046,0.27567,0.02012,0.09345,0.01703,0.02507,0.02229
0.02275,0.02431,0.01977,0.01807,0.02877,0.06562,0.01606,0.02127,0.02138,0.01843,0.04820,0.04148,0.04906,0.08609,0.32602,0.01977,0.09753,0.02006,0.03577,0.01957
0.00794,0.01921,0.01203,0.00953,0.01874,0.26212,0.01515,0.00891,0.01470,0.02046,0.12588,0.02410,0.12516,0.11892,0.03852,0.01091,0.13129,0.00680,0.02011,0.00951
0.01638,0.02420,0.02336,0.01325,0.04180,0.29847,0.02205,0.01803,0.03680,0.02045,0.05681,0.03316,0.05479,0.06416,0.13653,0.01993,0.06277,0.01529,0.02380,0.01795
0.01289,0.01340,0.01290,0.01368,0.02075,0.05815,0.01380,0.01508,0.01912,0.01291,0.09378,0.02066,0.10037,0.08475,0.34301,0.02137,0.08317,0.01340,0.02130,0.02551
0.01889,0.02771,0.02336,0.02789,0.02933,0.11143,0.02941,0.01494,0.02942,0.02746,0.11497,0.02994,0.09396,0.15018,0.03333,0.01398,0.17420,0.01171,0.02209,0.01579
0.01713,0.02740,0.02645,0.02648,0.03442,0.04578,0.02998,0.02172,0.03061,0.03465,0.15306,0.03127,0.13633,0.07033,0.14237,0.02366,0.06446,0.02084,0.02938,0.03368
0.00883,0.02168,0.01243,0.01177,0.03066,0.07449,0.01376,0.01107,0.01957,0.01888,0.06331,0.04654,0.06159,0.21049,0.09450,0.01219,0.22327,0.01431,0.03020,0.02048
0.01734,0.02595,0.02098,0.01623,0.02086,0.10739,0.01589,0.01752,0.02087,0.01976,0.06484,0.02203,0.05420,0.20968,0.07662,0.01149,0.22392,0.01733,0.01755,0.01954
0.01105,0.01467,0.01579,0.01213,0.01911,0.10464,0.00751,0.01455,0.00997,0.01275,0.14434,0.03193,0.14295,0.15851,0.07637,0.02060,0.15438,0.01054,0.01991,0.01829
0.02095,0.02914,0.02651,0.02017,0.03563,0.07010,0.02154,0.02478,0.03265,0.02338,0.05835,0.07094,0.05708,0.05368,0.28303,0.01471,0.05986,0.02300,0.05800,0.01649
0.01306,0.02004,0.01750,0.01794,0.02484,0.39937,0.01895,0.01308,0.01545,0.02282,0.03403,0.06140,0.04032,0.05734,0.09231,0.01340,0.04927,0.00784,0.06312,0.01791
0.03505,0.03055,0.02321,0.02697,0.03097,0.16753,0.02474,0.01756,0.02021,0.02783,0.11326,0.03906,0.08136,0.05373,0.16477,0.03302,0.05998,0.01204,0.02322,0.01494
0.01114,0.01664,0.01402,0.01196,0.01528,0.05214,0.01296,0.01054,0.01279,0.01626,0.07139,0.20479,0.06125,0.08954,0.07998,0.01159,0.08682,0.01019,0.19708,0.01365
0.02237,0.02339,0.01733,0.02037,0.02615,0.04724,0.01263,0.01430,0.02444,0.02371,0.13766,0.02969,0.11633,0.16117,0.05974,0.01863,0.17400,0.01897,0.03027,0.02160
0.01306,0.01353,0.01454,0.01246,0.01775,0.07871,0.01596,0.00956,0.01426,0.01318,0.08749,0.11344,0.08494,0.13888,0.06382,0.01229,0.15787,0.01279,0.10514,0.02034
0.01245,0.01961,0.01311,0.01384,0.02708,0.09730,0.01697,0.01149,0.02333,0.01356,0.04509,0.03662,0.04970,0.16667,0.18993,0.01387,0.17994,0.02139,0.02708,0.02098
0.01127,0.02618,0.01452,0.01429,0.02797,0.17925,0.01923,0.01802,0.01791,0.01453,0.03191,0.02603,0.03609,0.20305,0.08494,0.01737,0.21482,0.01166,0.01463,0.01634
0.00791,0.01397,0.01179,0.00969,0.01651,0.05531,0.01419,0.00984,0.01694,0.01586,0.12150,0.02557,0.12159,0.18718,0.09353,0.02998,0.19517,0.01620,0.01860,0.01867
0.01022,0.02055,0.01270,0.00705,0.02096,0.19357,0.01529,0.01239,0.01630,0.01500,0.02801,0.03222,0.02395,0.19000,0.16190,0.01094,0.19202,0.00698,0.02135,0.00862
0.02179,0.02382,0.02517,0.01918,0.02831,0.07258,0.02068,0.01159,0.02644,0.02031,0.19097,0.04206,0.17334,0.10017,0.03636,0.01137,0.11051,0.01419,0.03481,0.01636
0.01342,0.06185,0.03225,0.02305,0.04115,0.09732,0.02178,0.02356,0.04432,0.03353,0.06373,0.04465,0.06322,0.15382,0.03186,0.02838,0.15878,0.01734,0.03268,0.01330
0.01774,0.03630,0.03009,0.02479,0.03672,0.09762,0.01965,0.02597,0.02015,0.02386,0.12232,0.03318,0.12642,0.12923,0.04860,0.01504,0.13251,0.01203,0.02714,0.02063
0.02482,0.03751,0.02624,0.02328,0.03111,0.06826,0.01776,0.02706,0.03249,0.03116,0.08978,0.10257,0.09460,0.07384,0.07793,0.02391,0.07580,0.01512,0.09101,0.03579
0.01379,0.03435,0.01929,0.01208,0.03891,0.24011,0.01987,0.01990,0.04252,0.01749,0.10769,0.08522,0.10526,0.03571,0.05445,0.01594,0.03421,0.01089,0.07627,0.01605
0.01086,0.02343,0.01955,0.01516,0.02762,0.09980,0.01687,0.01636,0.02187,0.01692,0.10706,0.08301,0.10073,0.14289,0.02269,0.02212,0.15019,0.01075,0.07352,0.01860
0.01731,0.01676,0.02249,0.00986,0.02750,0.08507,0.01691,0.01294,0.02045,0.02215,0.06715,0.05132,0.06692,0.09608,0.27742,0.01966,0.10052,0.01158,0.03915,0.01876
0.01763,0.02295,0.02163,0.00940,0.02401,0.20070,0.01748,0.01499,0.01906,0.01941,0.08096,0.03399,0.07002,0.06590,0.23164,0.02974,0.06434,0.01348,0.02008,0.02259
0.01263,0.03110,0.02571,0.01446,0.03903,0.33928,0.01778,0.01300,0.03048,0.02129,0.03743,0.04344,0.03977,0.06412,0.13925,0.00883,0.06411,0.01302,0.02870,0.01656
0.01249,0.02077,0.01501,0.01344,0.02031,0.11165,0.01357,0.01085,0.01624,0.01847,0.11832,0.05242,0.11490,0.11217,0.15920,0.01836,0.10858,0.01251,0.03398,0.01676
0.02272,0.01874,0.02106,0.01779,0.03255,0.09973,0.02491,0.02053,0.02465,0.02563,0.13296,0.04316,0.09258,0.13826,0.03384,0.02220,0.14613,0.01491,0.03359,0.03406
0.01791,0.02161,0.01815,0.01660,0.03604,0.13030,0.02144,0.02080,0.02231,0.03744,0.14327,0.04671,0.12610,0.07882,0.08739,0.01205,0.08351,0.01479,0.04942,0.01536
0.01616,0.02433,0.02029,0.01662,0.02981,0.09441,0.01651,0.01804,0.01908,0.01986,0.05594,0.02137,0.06398,0.16040,0.18962,0.01517,0.16640,0.01410,0.01683,0.02109
0.02398,0.02463,0.02977,0.01110,0.02598,0.19400,0.01613,0.01810,0.02039,0.01939,0.05860,0.03100,0.06120,0.09935,0.19039,0.01889,0.10158,0.01281,0.01916,0.02356
0.01631,0.01873,0.02057,0.01645,0.02465,0.09661,0.01577,0.01993,0.02368,0.02071,0.12959,0.03179,0.12459,0.13560,0.08104,0.01778,0.13548,0.02897,0.02492,0.01684
0.01373,0.02461,0.01446,0.01246,0.02889,0.12956,0.01714,0.01057,0.01838,0.01666,0.07136,0.03080,0.08079,0.21061,0.03446,0.01423,0.21906,0.01005,0.02491,0.01726
0.00694,0.01043,0.00839,0.00949,0.01442,0.06285,0.00858,0.00852,0.01450,0.01220,0.04011,0.02059,0.03279,0.17670,0.33423,0.01196,0.18600,0.01346,0.01649,0.01135
0.02006,0.02657,0.01842,0.02214,0.03123,0.08191,0.02261,0.02477,0.03094,0.01881,0.11169,0.04192,0.10209,0.09245,0.17051,0.02025,0.09384,0.01973,0.02753,0.02253
0.01324,0.01364,0.01492,0.01649,0.02465,0.13264,0.01354,0.01636,0.02051,0.01831,0.07200,0.02307,0.07289,0.04229,0.40186,0.01475,0.04459,0.01195,0.01687,0.01542
0.01667,0.02864,0.02379,0.01700,0.03275,0.22988,0.02480,0.01745,0.02445,0.02403,0.06604,0.04185,0.06188,0.10098,0.09264,0.02918,0.10619,0.01587,0.02736,0.01853
0.00889,0.01959,0.01106,0.01105,0.01955,0.13816,0.01122,0.00957,0.01611,0.00891,0.11224,0.02195,0.11714,0.17046,0.09498,0.01447,0.17867,0.01089,0.01277,0.01233
0.00969,0.01348,0.01134,0.01092,0.01937,0.07615,0.00785,0.00847,0.01045,0.01191,0.12991,0.02443,0.10352,0.23087,0.02708,0.02413,0.23696,0.01109,0.01706,0.01531
0.02739,0.02456,0.02565,0.02260,0.01697,0.12242,0.02672,0.01800,0.02497,0.01324,0.11411,0.04129,0.09415,0.11063,0.11565,0.01360,0.12438,0.01844,0.02490,0.02033
0.01145,0.01371,0.01040,0.01171,0.01428,0.02877,0.00962,0.01174,0.01674,0.00828,0.09664,0.20204,0.08695,0.08336,0.06961,0.02234,0.07941,0.01261,0.19500,0.01536
0.02753,0.03101,0.02352,0.02044,0.03483,0.11089,0.01983,0.02850,0.03070,0.02777,0.16072,0.04090,0.14221,0.06327,0.05653,0.02531,0.06035,0.02499,0.03628,0.03443
0.01090,0.04647,0.03331,0.01081,0.07899,0.10509,0.03936,0.01512,0.03134,0.04827,0.07296,0.02070,0.05309,0.12194,0.08277,0.02247,0.14608,0.01662,0.01587,0.02786
0.01471,0.01824,0.01846,0.01443,0.01910,0.07170,0.01467,0.01365,0.02074,0.01619,0.14190,0.04829,0.12187,0.17628,0.02760,0.01336,0.18975,0.00888,0.03513,0.01507
0.01697,0.01513,0.01910,0.01723,0.01930,0.07540,0.01761,0.01349,0.02072,0.01513,0.11192,0.08197,0.09509,0.11410,0.09750,0.03438,0.12007,0.01583,0.07294,0.02612
0.01380,0.03105,0.03288,0.01872,0.02450,0.06096,0.01822,0.02508,0.01937,0.02827,0.10200,0.02005,0.10350,0.19377,0.02894,0.01655,0.21276,0.01270,0.01879,0.01808
0.02557,0.03072,0.02404,0.01956,0.04857,0.07477,0.02102,0.03195,0.02782,0.02342,0.13799,0.02122,0.11474,0.14829,0.04058,0.01878,0.14854,0.01056,0.01120,0.02066
0.01111,0.01567,0.01276,0.01318,0.01809,0.04777,0.01277,0.01328,0.01505,0.01439,0.03398,0.03794,0.03073,0.23229,0.19270,0.01067,0.25121,0.00696,0.01932,0.01011
0.03448,0.03143,0.02633,0.03006,0.04601,0.09037,0.02406,0.03621,0.04906,0.03494,0.11398,0.03480,0.09384,0.10238,0.03813,0.01498,0.10762,0.02836,0.04304,0.01992
0.01981,0.03324,0.02101,0.02335,0.04766,0.15786,0.02485,0.01505,0.02436,0.01499,0.05524,0.02016,0.04711,0.14109,0.12479,0.03760,0.13215,0.01874,0.01461,0.02630
0.01766,0.02576,0.01834,0.01857,0.03923,0.12344,0.01904,0.01492,0.02419,0.01819,0.04054,0.07621,0.03994,0.11078,0.18364,0.01822,0.10877,0.01301,0.06821,0.02135
0.03001,0.02934,0.02213,0.02532,0.02941,0.09109,0.03069,0.02248,0.03372,0.02771,0.11046,0.02853,0.10020,0.12816,0.06545,0.01851,0.13034,0.03180,0.01895,0.02570
0.02717,0.03268,0.02395,0.01697,0.03749,0.06173,0.02142,0.01633,0.03450,0.02260,0.14371,0.08182,0.12632,0.06066,0.09377,0.01434,0.06444,0.01604,0.08351,0.02056
0.01732,0.02311,0.03340,0.01828,0.03286,0.28752,0.02103,0.02436,0.04014,0.03350,0.02932,0.08679,0.02805,0.05492,0.07384,0.01177,0.05199,0.01039,0.10159,0.01985
0.02228,0.02158,0.02029,0.02230,0.02537,0.07503,0.02469,0.02228,0.02951,0.02233,0.05335,0.05822,0.05022,0.15147,0.11393,0.01568,0.16923,0.02172,0.06125,0.01928
0.02706,0.03487,0.03009,0.02485,0.03421,0.25688,0.02277,0.02028,0.03922,0.02187,0.09831,0.01882,0.07897,0.04876,0.11818,0.02604,0.04736,0.01697,0.01298,0.02153
0.01464,0.02811,0.01895,0.02004,0.01808,0.15940,0.01547,0.01841,0.01849,0.01218,0.10154,0.03993,0.08967,0.10601,0.12512,0.03327,0.10549,0.01844,0.03031,0.02646
0.02365,0.04336,0.03204,0.01907,0.04652,0.32860,0.02162,0.01452,0.03196,0.02305,0.07157,0.03191,0.06433,0.04818,0.09030,0.01294,0.04548,0.01104,0.02116,0.01869
0.00869,0.02190,0.01804,0.01255,0.02379,0.09029,0.01901,0.00860,0.01476,0.02089,0.04450,0.05883,0.04250,0.23668,0.03496,0.01535,0.24485,0.01333,0.05215,0.01834
0.02408,0.01941,0.02132,0.01620,0.03717,0.23311,0.02811,0.01500,0.02648,0.02459,0.04783,0.03923,0.04088,0.14919,0.04124,0.02738,0.15689,0.01203,0.02558,0.01427
0.02392,0.01564,0.02728,0.03048,0.03188,0.07176,0.02814,0.01835,0.02583,0.02426,0.06015,0.03922,0.06744,0.15357,0.08862,0.03427,0.16452,0.02132,0.03136,0.04202
0.01766,0.03712,0.04175,0.03537,0.04450,0.14378,0.01809,0.01587,0.03994,0.02621,0.13505,0.03240,0.13408,0.10762,0.01449,0.01496,0.09201,0.01177,0.01534,0.02198
0.01955,0.02894,0.01917,0.01708,0.03133,0.12964,0.01725,0.02221,0.01605,0.02010,0.06437,0.02640,0.04828,0.21617,0.03086,0.02129,0.22267,0.01145,0.01596,0.02121
0.01964,0.02701,0.02926,0.01521,0.02444,0.18300,0.01198,0.01412,0.01842,0.03016,0.05798,0.04350,0.06689,0.09623,0.15220,0.02705,0.08822,0.02386,0.03741,0.03342
0.03552,0.06732,0.03574,0.03831,0.06331,0.11327,0.03844,0.03510,0.03195,0.03515,0.08753,0.03686,0.08227,0.05534,0.09978,0.01235,0.05520,0.02621,0.03168,0.01865
0.02044,0.02014,0.01846,0.01433,0.02397,0.04372,0.01975,0.01580,0.01873,0.02061,0.09734,0.03715,0.08991,0.20130,0.03332,0.02490,0.22214,0.01651,0.03329,0.02818
0.01223,0.03050,0.01896,0.01651,0.02450,0.05487,0.01754,0.01245,0.02029,0.03247,0.23549,0.02910,0.21607,0.04348,0.11131,0.02032,0.04694,0.01294,0.02588,0.01816
0.01156,0.02474,0.01731,0.01469,0.01362,0.04142,0.01606,0.01297,0.01401,0.01243,0.25561,0.02494,0.24134,0.09536,0.05142,0.01153,0.09938,0.01334,0.01370,0.01457
0.01602,0.01688,0.01890,0.02436,0.02281,0.15541,0.02179,0.02114,0.01915,0.02228,0.06447,0.04395,0.06381,0.12566,0.12574,0.01665,0.13496,0.02303,0.03030,0.03269
0.01434,0.02575,0.02225,0.01402,0.02634,0.20862,0.01417,0.01377,0.02206,0.02717,0.16503,0.03052,0.13824,0.07364,0.05427,0.01773,0.07578,0.01773,0.01957,0.01898
0.01544,0.02156,0.01553,0.02196,0.03588,0.09167,0.02359,0.02284,0.02533,0.03146,0.16774,0.02808,0.14489,0.09395,0.07005,0.02489,0.09798,0.01829,0.02402,0.02486
0.01235,0.02342,0.01958,0.01395,0.02045,0.05009,0.02251,0.01471,0.01874,0.01530,0.16749,0.07292,0.15513,0.12736,0.02790,0.00966,0.13442,0.00953,0.05923,0.02526
0.01512,0.01793,0.01393,0.01388,0.01435,0.13021,0.01308,0.01589,0.02382,0.01299,0.06960,0.01965,0.06342,0.16326,0.18091,0.01380,0.16980,0.01097,0.01361,0.02377
0.02332,0.03899,0.01735,0.01490,0.03697,0.21512,0.02695,0.02550,0.02561,0.02456,0.14803,0.04428,0.14170,0.05035,0.04412,0.01625,0.04347,0.01147,0.03722,0.01384
0.01787,0.01768,0.01642,0.01373,0.02654,0.05427,0.02298,0.01813,0.02932,0.01503,0.10410,0.04529,0.10760,0.09197,0.22720,0.01782,0.09444,0.01774,0.03786,0.02400
0.01918,0.02201,0.01137,0.02080,0.01854,0.04411,0.01726,0.02241,0.02104,0.01955,0.09587,0.06177,0.09368,0.18108,0.06892,0.02031,0.18361,0.02192,0.03571,0.02086
0.01306,0.02369,0.01875,0.01647,0.02643,0.16487,0.01193,0.01058,0.01602,0.02207,0.02445,0.09392,0.02494,0.05585,0.28274,0.02101,0.04814,0.02262,0.08583,0.01662
0.01853,0.03717,0.01497,0.01973,0.03832,0.12138,0.02483,0.01447,0.02734,0.01836,0.17473,0.02476,0.15345,0.05618,0.12908,0.01473,0.06617,0.01526,0.01660,0.01394
0.01781,0.02660,0.02449,0.02154,0.02901,0.13243,0.01811,0.01695,0.01445,0.01778,0.14743,0.03213,0.11794,0.14095,0.02939,0.01422,0.14451,0.01099,0.02189,0.02137
0.02096,0.03082,0.01835,0.03363,0.02747,0.18546,0.03470,0.02194,0.03455,0.02318,0.08323,0.04502,0.08692,0.10388,0.06138,0.02192,0.09940,0.02213,0.02557,0.01949
0.00737,0.01327,0.01239,0.00902,0.01593,0.04562,0.01097,0.00934,0.00936,0.01062,0.04999,0.04375,0.05002,0.29906,0.02613,0.01154,0.30851,0.01204,0.04297,0.01210
0.02277,0.02534,0.01507,0.02042,0.03604,0.20632,0.02807,0.02506,0.02735,0.02019,0.07926,0.08019,0.06962,0.06010,0.07931,0.02025,0.05826,0.01785,0.07932,0.02922
0.02239,0.01355,0.01023,0.01308,0.01279,0.03288,0.00896,0.00816,0.01104,0.01527,0.03332,0.01433,0.03756,0.28932,0.12515,0.00931,0.30309,0.01184,0.01476,0.01299
0.02024,0.02680,0.01266,0.01553,0.03025,0.14593,0.02135,0.01650,0.02380,0.01605,0.14008,0.02196,0.13288,0.12807,0.05035,0.01634,0.13548,0.01234,0.01607,0.01734
0.00858,0.01763,0.01348,0.01210,0.02379,0.09512,0.01193,0.01324,0.02152,0.01647,0.05063,0.02730,0.04982,0.15810,0.24813,0.01357,0.16831,0.01402,0.01962,0.01664
0.02080,0.02195,0.01960,0.01810,0.03252,0.13683,0.01808,0.01833,0.02398,0.02009,0.12169,0.10959,0.09523,0.08712,0.02106,0.01220,0.09192,0.01568,0.10066,0.01455
0.03774,0.05159,0.03175,0.04074,0.04967,0.13727,0.04359,0.03247,0.05528,0.04283,0.07006,0.03489,0.07705,0.07400,0.05209,0.02120,0.07664,0.02565,0.02657,0.01891
0.01304,0.01571,0.01989,0.01361,0.01726,0.07692,0.01420,0.01050,0.01372,0.02465,0.18965,0.03228,0.17286,0.04060,0.21011,0.01829,0.04683,0.01357,0.02494,0.03140
0.02127,0.02196,0.01481,0.01134,0.02856,0.25053,0.01538,0.01400,0.02289,0.01648,0.08155,0.03981,0.08233,0.07191,0.13309,0.02077,0.07169,0.01945,0.03014,0.03204
0.02933,0.03497,0.03026,0.02955,0.04552,0.08025,0.03171,0.02462,0.03424,0.03118,0.04749,0.03951,0.05422,0.03804,0.30545,0.02034,0.05052,0.01440,0.02492,0.03349
0.01261,0.02339,0.02054,0.02322,0.02367,0.07358,0.01290,0.02192,0.02285,0.01630,0.07312,0.02547,0.07158,0.23710,0.03372,0.02185,0.24219,0.01286,0.01459,0.01654
0.00717,0.01473,0.00916,0.01206,0.01767,0.07139,0.01020,0.00871,0.01807,0.01238,0.05302,0.05519,0.06266,0.15967,0.23916,0.01329,0.17208,0.01493,0.03141,0.01703
0.01683,0.02044,0.01228,0.01970,0.01777,0.07481,0.01594,0.01793,0.01870,0.01863,0.06618,0.02596,0.06852,0.09357,0.32290,0.01388,0.10207,0.01618,0.02815,0.02957
0.01315,0.01958,0.01662,0.01538,0.02282,0.07620,0.01982,0.01191,0.02145,0.01787,0.14741,0.10707,0.12606,0.04847,0.13504,0.01269,0.04486,0.01631,0.09852,0.02877
0.03406,0.06993,0.03331,0.02301,0.06495,0.11886,0.03536,0.04955,0.03569,0.03726,0.05241,0.03060,0.05174,0.08715,0.07773,0.02200,0.08936,0.01532,0.02419,0.04752
0.02011,0.03349,0.02526,0.01813,0.04611,0.40827,0.01405,0.01087,0.01789,0.01426,0.04752,0.01939,0.05571,0.04272,0.13124,0.01752,0.04012,0.01000,0.01419,0.01314
0.01641,0.03229,0.02264,0.02553,0.02806,0.07264,0.02690,0.01829,0.02973,0.03455,0.04997,0.16156,0.05123,0.04086,0.14995,0.02230,0.04172,0.01726,0.13786,0.02024
0.02136,0.03410,0.03890,0.04024,0.06407,0.19359,0.03878,0.02083,0.06011,0.02199,0.05615,0.03672,0.06539,0.08484,0.05978,0.02104,0.08262,0.01588,0.03044,0.01316
0.01742,0.01581,0.01725,0.02121,0.01095,0.34704,0.01352,0.00630,0.01308,0.00939,0.14473,0.01143,0.14559,0.08239,0.02728,0.01342,0.07350,0.00669,0.00960,0.01338
0.02174,0.02458,0.01679,0.01310,0.02995,0.07333,0.01721,0.02104,0.02371,0.01522,0.07099,0.16328,0.05218,0.08655,0.07626,0.01854,0.08897,0.01249,0.15609,0.01800
0.01173,0.02882,0.01460,0.01197,0.02613,0.07127,0.01371,0.01952,0.01895,0.02126,0.14016,0.03619,0.13671,0.14850,0.05183,0.01383,0.16431,0.01587,0.03018,0.02444
0.01854,0.03392,0.01601,0.01144,0.02915,0.09084,0.01459,0.01490,0.02531,0.02056,0.06105,0.02685,0.05951,0.12663,0.24822,0.01517,0.12238,0.02542,0.02059,0.01892
0.01658,0.01865,0.01848,0.00965,0.04579,0.12330,0.01839,0.01692,0.01672,0.02514,0.15102,0.04329,0.13875,0.07861,0.11452,0.00918,0.08849,0.01258,0.02810,0.02583
0.01195,0.01595,0.01066,0.01223,0.01627,0.02398,0.01077,0.01004,0.01156,0.01424,0.23400,0.03939,0.20987,0.11694,0.05387,0.02299,0.11816,0.01461,0.03000,0.02252
0.03113,0.03644,0.03109,0.03195,0.03428,0.11855,0.02969,0.02115,0.03899,0.03844,0.12398,0.03029,0.09931,0.04116,0.17107,0.02396,0.04034,0.01326,0.02485,0.02004
0.04115,0.02236,0.02981,0.02452,0.04793,0.15340,0.02657,0.02506,0.05330,0.02485,0.04767,0.04061,0.04968,0.13488,0.05196,0.02055,0.13781,0.01685,0.02540,0.02565
0.01366,0.02395,0.02205,0.02593,0.03499,0.06358,0.02458,0.05099,0.02452,0.02850,0.03462,0.01780,0.04060,0.23682,0.04354,0.01925,0.24579,0.01389,0.00904,0.02587
0.01466,0.01742,0.01216,0.00831,0.01748,0.08769,0.01204,0.01468,0.01729,0.01564,0.12729,0.03963,0.12254,0.15356,0.09453,0.01518,0.16790,0.01410,0.03171,0.01618
0.00994,0.01513,0.01197,0.00856,0.02025,0.07211,0.01276,0.00897,0.01146,0.01320,0.11689,0.02386,0.11699,0.13592,0.21848,0.00994,0.14258,0.01505,0.01814,0.01781
0.01302,0.02306,0.01491,0.01313,0.02128,0.15888,0.01172,0.00985,0.01736,0.01076,0.06569,0.03893,0.05679,0.10210,0.25173,0.01485,0.10893,0.01984,0.02856,0.01861
0.01873,0.02007,0.01578,0.02263,0.03790,0.06428,0.02500,0.01571,0.01496,0.02924,0.05277,0.08046,0.06001,0.11557,0.17731,0.01149,0.12400,0.01541,0.07960,0.01907
0.01452,0.01768,0.02145,0.01017,0.02038,0.04610,0.01029,0.01068,0.01915,0.01164,0.17865,0.03622,0.16629,0.15070,0.06284,0.03246,0.13319,0.00972,0.01867,0.02923
0.01524,0.02190,0.01968,0.01878,0.02171,0.05062,0.02238,0.01479,0.01773,0.02278,0.07650,0.02773,0.06782,0.12141,0.27196,0.01980,0.12984,0.01437,0.01514,0.02981
0.01347,0.02444,0.02129,0.02068,0.02629,0.06801,0.01878,0.01834,0.01367,0.02200,0.03339,0.05334,0.04919,0.10527,0.31176,0.01783,0.10367,0.01596,0.04452,0.01809
0.00998,0.02220,0.01751,0.01468,0.02572,0.03032,0.01480,0.01160,0.01974,0.01443,0.29376,0.02474,0.27502,0.06602,0.03548,0.01079,0.06443,0.01046,0.02183,0.01649
0.00994,0.01518,0.02079,0.01218,0.02175,0.06640,0.01369,0.00912,0.01490,0.01134,0.26075,0.02021,0.23459,0.07154,0.08972,0.01468,0.06557,0.01785,0.01339,0.01640
0.01715,0.01950,0.01893,0.01512,0.02572,0.07778,0.01440,0.01453,0.02177,0.01372,0.15359,0.05149,0.14773,0.13425,0.04035,0.01591,0.13349,0.01550,0.05346,0.01563
0.01692,0.02392,0.01770,0.01898,0.02302,0.06320,0.02085,0.01422,0.02079,0.01981,0.14498,0.12170,0.14111,0.06869,0.04905,0.01290,0.06628,0.01570,0.12587,0.01431
0.01275,0.01380,0.01248,0.01493,0.02706,0.06102,0.01686,0.02326,0.01714,0.01733,0.06652,0.07837,0.07801,0.18601,0.05865,0.01849,0.18771,0.01438,0.07442,0.02084
0.01480,0.02219,0.01808,0.02023,0.04057,0.09746,0.02634,0.01533,0.02879,0.02786,0.07881,0.08760,0.07233,0.12530,0.02170,0.01961,0.12597,0.05170,0.08271,0.02262
0.01984,0.06257,0.02275,0.03289,0.06478,0.32735,0.02398,0.02775,0.02728,0.05526,0.02393,0.01872,0.02468,0.07646,0.05007,0.01573,0.07395,0.01674,0.01691,0.01836
0.01930,0.02383,0.02747,0.01187,0.03513,0.07686,0.02232,0.01709,0.03299,0.02727,0.04122,0.05771,0.04587,0.13889,0.16874,0.02303,0.14464,0.02235,0.04199,0.02142
0.02648,0.03839,0.02993,0.02227,0.03977,0.09807,0.02509,0.02441,0.02968,0.02758,0.14068,0.03265,0.12695,0.05474,0.15136,0.01788,0.05671,0.01570,0.02155,0.02011
0.02301,0.02711,0.02229,0.03289,0.02723,0.17450,0.01824,0.02146,0.03390,0.02560,0.16001,0.03011,0.14058,0.07922,0.03084,0.02056,0.07667,0.01827,0.02023,0.01728
0.01607,0.02307,0.02200,0.01791,0.23285,0.06469,0.01984,0.01459,0.02119,0.22027,0.02909,0.02094,0.02740,0.08853,0.02596,0.01464,0.10011,0.01145,0.01681,0.01259
0.01991,0.03506,0.02492,0.02499,0.04191,0.18737,0.03041,0.01747,0.02731,0.02396,0.06482,0.04853,0.06847,0.09612,0.06903,0.02297,0.10650,0.01842,0.03813,0.03369
0.01510,0.02302,0.01886,0.01574,0.03053,0.09022,0.02119,0.01738,0.02251,0.01982,0.09008,0.09410,0.07588,0.05232,0.21168,0.01882,0.05048,0.01130,0.09268,0.02830
0.01651,0.02670,0.01341,0.01544,0.04254,0.15810,0.01710,0.01795,0.01805,0.02553,0.02865,0.12754,0.03621,0.05949,0.14028,0.02826,0.06489,0.01625,0.12343,0.02367
0.01563,0.02129,0.01301,0.01644,0.03668,0.03587,0.02212,0.01528,0.01786,0.02507,0.02552,0.20082,0.02804,0.10100,0.09429,0.01507,0.09460,0.01970,0.17810,0.02362
0.01703,0.01582,0.01455,0.01141,0.02334,0.22449,0.00872,0.01018,0.01308,0.01547,0.06218,0.02547,0.05686,0.17822,0.07259,0.02403,0.17924,0.01409,0.01847,0.01475
0.05289,0.05559,0.03320,0.02079,0.04989,0.06510,0.03493,0.02648,0.04667,0.02583,0.04551,0.04999,0.04296,0.09998,0.12814,0.01896,0.10116,0.04491,0.03436,0.02264
0.01469,0.01478,0.02109,0.01860,0.02278,0.05552,0.01331,0.01807,0.01912,0.01957,0.23544,0.02266,0.21758,0.08314,0.03701,0.03564,0.08647,0.01290,0.01513,0.03649
0.01339,0.02486,0.01546,0.01410,0.02804,0.18629,0.01736,0.01858,0.01915,0.02310,0.15603,0.04041,0.14922,0.05861,0.06743,0.01121,0.07826,0.01618,0.03570,0.02663
0.02344,0.02794,0.02591,0.02534,0.02792,0.15312,0.01697,0.01422,0.02973,0.02779,0.05911,0.01207,0.07020,0.19680,0.02320,0.02448,0.19453,0.01598,0.01249,0.01874
0.01133,0.02447,0.01366,0.01619,0.01939,0.04910,0.01307,0.01632,0.02261,0.00808,0.04231,0.23528,0.04614,0.08646,0.03092,0.00908,0.09615,0.01326,0.23650,0.00968
0.01959,0.01741,0.01317,0.02013,0.01931,0.05855,0.01865,0.01799,0.02492,0.02687,0.16536,0.07009,0.15801,0.08376,0.08475,0.01635,0.08711,0.02488,0.04968,0.02342
0.01919,0.02473,0.02239,0.02707,0.02915,0.05078,0.01955,0.01488,0.01684,0.02798,0.16466,0.03156,0.14325,0.12666,0.06330,0.01885,0.14092,0.01640,0.02453,0.01731
0.01609,0.03095,0.02140,0.01107,0.03028,0.08599,0.01625,0.01447,0.02457,0.03462,0.02276,0.01582,0.02255,0.13796,0.31023,0.01349,0.14695,0.01648,0.01510,0.01297
0.01487,0.01788,0.01460,0.01274,0.02144,0.07004,0.01379,0.01796,0.01689,0.02083,0.26762,0.04927,0.24783,0.04897,0.02798,0.01197,0.05363,0.00874,0.04391,0.01904
0.02503,0.05041,0.04138,0.02469,0.05114,0.10176,0.02275,0.01484,0.02212,0.03478,0.02807,0.01870,0.03327,0.20893,0.05245,0.01342,0.21508,0.01048,0.01924,0.01145
0.00607,0.01814,0.00867,0.01111,0.22991,0.05773,0.01147,0.00675,0.01436,0.21395,0.06655,0.01963,0.05925,0.10176,0.02207,0.01107,0.09971,0.00724,0.01728,0.01728
0.02337,0.03178,0.02491,0.01909,0.02675,0.18689,0.03312,0.01564,0.02340,0.03297,0.09152,0.02530,0.08065,0.12864,0.05376,0.01879,0.13592,0.01477,0.01748,0.01524
0.01159,0.00976,0.01007,0.01108,0.02025,0.15319,0.01060,0.01005,0.01471,0.01157,0.10357,0.11033,0.09757,0.13569,0.01956,0.00822,0.14246,0.01368,0.09553,0.01051
0.03004,0.03849,0.02678,0.02400,0.04332,0.08822,0.03572,0.03473,0.04099,0.04053,0.06335,0.04196,0.06026,0.14479,0.04917,0.01983,0.14600,0.01722,0.03183,0.02277
0.01070,0.01524,0.01066,0.01080,0.02021,0.05081,0.01039,0.00849,0.01995,0.01419,0.15304,0.02605,0.16575,0.02875,0.36669,0.01354,0.02770,0.01277,0.01659,0.01770
0.01993,0.02250,0.01379,0.01634,0.02508,0.22548,0.01264,0.01906,0.01690,0.01449,0.08150,0.02683,0.06920,0.12914,0.10811,0.01720,0.13077,0.01669,0.01181,0.02254
0.01798,0.01884,0.01505,0.01385,0.02606,0.15463,0.02099,0.01223,0.02674,0.02602,0.05297,0.03056,0.04927,0.15637,0.14689,0.01132,0.16225,0.01727,0.02338,0.01734
0.01382,0.05163,0.03604,0.01757,0.10144,0.25585,0.04524,0.02011,0.03127,0.05199,0.08969,0.03907,0.08604,0.02860,0.02802,0.00944,0.03192,0.01188,0.03008,0.02031
0.01329,0.01810,0.01375,0.01880,0.04738,0.13221,0.12780,0.02624,0.08493,0.01206,0.08822,0.05410,0.03840,0.04502,0.08710,0.07894,0.04541,0.01275,0.01658,0.03891
0.00739,0.01189,0.01033,0.01226,0.01259,0.03662,0.01231,0.01277,0.01955,0.01129,0.12074,0.01812,0.10702,0.26378,0.01736,0.01582,0.27784,0.01099,0.01046,0.01089
0.01325,0.02596,0.03669,0.03342,0.04139,0.07211,0.03578,0.02534,0.05021,0.03044,0.06465,0.03057,0.07364,0.11656,0.12532,0.02862,0.11783,0.02270,0.01912,0.03640
0.01925,0.03165,0.02166,0.01888,0.03156,0.10760,0.02430,0.02051,0.03234,0.02354,0.07613,0.04794,0.07676,0.16632,0.05359,0.01259,0.16227,0.01684,0.03666,0.01961
0.03125,0.03072,0.03213,0.03581,0.03706,0.08240,0.03317,0.02144,0.03698,0.05373,0.02941,0.01790,0.03261,0.20852,0.02175,0.01119,0.20872,0.02646,0.02379,0.02494
0.01962,0.03158,0.01620,0.02797,0.02677,0.13604,0.01478,0.01924,0.01811,0.02667,0.05438,0.03248,0.05503,0.19055,0.07086,0.01923,0.19284,0.01196,0.01678,0.01888
0.01581,0.02024,0.01709,0.01103,0.02421,0.03939,0.01968,0.02074,0.01734,0.01554,0.10856,0.06908,0.10688,0.15755,0.07639,0.01639,0.16886,0.01919,0.05186,0.02415
0.01897,0.03347,0.01545,0.00963,0.03567,0.27533,0.01308,0.01445,0.02343,0.02080,0.04991,0.02324,0.04019,0.14493,0.06061,0.01782,0.15358,0.01376,0.02020,0.01550
0.01154,0.02118,0.01569,0.01495,0.01872,0.05366,0.01117,0.01784,0.01762,0.02487,0.05761,0.06930,0.05306,0.21422,0.08365,0.01138,0.22462,0.01212,0.05142,0.01539
0.02575,0.04261,0.03455,0.02293,0.04497,0.31999,0.02839,0.03069,0.03276,0.03494,0.04707,0.03088,0.04548,0.07440,0.04900,0.00925,0.07667,0.01257,0.01933,0.01777
0.01108,0.01799,0.01447,0.01357,0.03179,0.06159,0.01143,0.01673,0.01702,0.01510,0.14217,0.03998,0.12996,0.17792,0.02640,0.01637,0.19249,0.00907,0.03427,0.02059
0.01139,0.02649,0.01150,0.02373,0.03300,0.05391,0.02123,0.01226,0.01980,0.01307,0.04888,0.04173,0.04659,0.12124,0.29486,0.01822,0.14031,0.01249,0.02917,0.02013
0.01058,0.01784,0.01914,0.01488,0.02371,0.10235,0.01198,0.01474,0.02436,0.01755,0.04384,0.05522,0.04089,0.19729,0.11836,0.01226,0.21003,0.00890,0.03882,0.01725
0.02113,0.03101,0.02978,0.01756,0.02981,0.04731,0.01783,0.01965,0.03613,0.02401,0.10020,0.03926,0.10697,0.15671,0.04878,0.02913,0.16694,0.01928,0.03271,0.02580
0.02928,0.03038,0.02504,0.01512,0.03559,0.12599,0.02652,0.02127,0.02986,0.02514,0.05461,0.04383,0.06407,0.04854,0.27780,0.01899,0.04533,0.01346,0.04215,0.02701
0.01535,0.02482,0.01350,0.01270,0.02970,0.19798,0.01299,0.01531,0.02008,0.01504,0.14723,0.02172,0.13696,0.11393,0.04104,0.01544,0.12023,0.01655,0.01454,0.01489
0.01741,0.02063,0.02835,0.02158,0.02261,0.12612,0.01274,0.01357,0.02451,0.02192,0.09244,0.01335,0.08686,0.18368,0.06021,0.01560,0.18669,0.02045,0.01169,0.01958
0.01413,0.02383,0.01484,0.02260,0.03268,0.10556,0.01999,0.01419,0.02975,0.02629,0.13637,0.05947,0.12946,0.10773,0.05702,0.00989,0.11546,0.01438,0.04986,0.01650
0.01228,0.01083,0.01324,0.02046,0.01494,0.03046,0.01546,0.01914,0.01740,0.01523,0.19802,0.04551,0.17424,0.13855,0.03170,0.01561,0.15122,0.01004,0.04175,0.02391
0.01722,0.01845,0.01803,0.01480,0.03057,0.12132,0.01657,0.01977,0.02048,0.01717,0.07845,0.04204,0.08307,0.10618,0.20282,0.02436,0.10232,0.01636,0.03075,0.01926
0.02560,0.02562,0.01831,0.02767,0.02900,0.09764,0.02028,0.01969,0.02805,0.01830,0.14410,0.05419,0.13570,0.08752,0.06912,0.01760,0.09928,0.01849,0.03745,0.02638
0.02217,0.04073,0.01695,0.02552,0.05038,0.11077,0.02550,0.03004,0.02479,0.04351,0.02107,0.03262,0.02459,0.07497,0.30936,0.01227,0.06934,0.01726,0.02702,0.02116
0.01353,0.01947,0.01633,0.01748,0.02527,0.07932,0.01858,0.01684,0.02188,0.01736,0.06606,0.09625,0.06506,0.16527,0.06718,0.01599,0.17136,0.01522,0.07395,0.01762
0.01982,0.03407,0.01994,0.01675,0.03441,0.23826,0.01228,0.01511,0.02526,0.01983,0.05470,0.03165,0.05422,0.15190,0.04672,0.01102,0.15959,0.01716,0.01958,0.01773
0.01653,0.02750,0.01856,0.01898,0.02740,0.18235,0.01975,0.01464,0.02826,0.01812,0.07398,0.03767,0.05868,0.11493,0.14697,0.01778,0.11438,0.01679,0.02644,0.02028
0.02071,0.02301,0.01215,0.01191,0.03675,0.11845,0.02030,0.01804,0.02930,0.01614,0.23304,0.05435,0.21295,0.04069,0.03452,0.01374,0.04025,0.01430,0.03586,0.01357
0.01916,0.02812,0.01205,0.01862,0.03214,0.18969,0.01408,0.01300,0.02811,0.01735,0.19215,0.01918,0.17915,0.01974,0.11655,0.00955,0.04020,0.01477,0.01017,0.02619
0.02553,0.03474,0.03252,0.01724,0.02764,0.23363,0.02474,0.02943,0.03045,0.02348,0.06991,0.04462,0.06950,0.06087,0.10958,0.03049,0.05454,0.02525,0.03439,0.02146
0.02021,0.03162,0.05334,0.02694,0.04348,0.13550,0.03011,0.03521,0.03460,0.04063,0.06357,0.03109,0.04824,0.13606,0.05054,0.02602,0.14226,0.00956,0.02575,0.01527
0.01705,0.02487,0.02016,0.01042,0.02891,0.13441,0.01085,0.01003,0.02182,0.01999,0.06535,0.02618,0.06847,0.22962,0.02209,0.01236,0.23959,0.01148,0.01775,0.00860
0.02297,0.02620,0.02421,0.02001,0.03553,0.15209,0.02740,0.01953,0.02358,0.01889,0.10710,0.02224,0.10331,0.13194,0.04053,0.01677,0.13243,0.02277,0.01742,0.03509
0.01409,0.01824,0.01372,0.01261,0.02132,0.08034,0.01575,0.01503,0.01983,0.02047,0.15250,0.04175,0.17241,0.05268,0.19445,0.01716,0.04565,0.03337,0.03327,0.02537
0.02491,0.02892,0.01565,0.01354,0.03465,0.17630,0.01546,0.01755,0.02311,0.01857,0.03947,0.03844,0.03625,0.11685,0.21920,0.01052,0.11623,0.01179,0.02952,0.01308
0.02167,0.02707,0.01793,0.02023,0.03958,0.18711,0.03497,0.01982,0.02109,0.03109,0.17680,0.02026,0.16373,0.06551,0.03074,0.01654,0.06594,0.01063,0.01666,0.01264
0.02095,0.02386,0.01286,0.01412,0.02825,0.07037,0.01718,0.02429,0.02496,0.02076,0.10534,0.09089,0.09964,0.11072,0.07137,0.02381,0.11973,0.01546,0.08294,0.02248
0.01805,0.02372,0.01869,0.01665,0.02772,0.05759,0.01565,0.01538,0.02192,0.01752,0.05852,0.02863,0.04866,0.14224,0.26428,0.01583,0.14800,0.01437,0.01828,0.02832
0.02127,0.02217,0.02822,0.01863,0.03786,0.08090,0.01845,0.02410,0.01923,0.02512,0.03630,0.03419,0.03880,0.23368,0.03921,0.02206,0.24081,0.01220,0.02878,0.01803
0.01286,0.02054,0.01621,0.01334,0.02356,0.04575,0.01701,0.01654,0.01700,0.02599,0.21854,0.03991,0.19593,0.09524,0.06520,0.01792,0.10246,0.01050,0.02946,0.01603
0.01616,0.01794,0.01406,0.01180,0.02351,0.05080,0.01417,0.01072,0.01397,0.02067,0.01545,0.01422,0.02215,0.11874,0.47281,0.00809,0.11639,0.01142,0.01106,0.01586
0.01226,0.01746,0.01236,0.00907,0.01748,0.05126,0.01547,0.01579,0.01701,0.01558,0.04424,0.09857,0.03648,0.21322,0.05615,0.03355,0.22736,0.00753,0.07604,0.02313
0.01740,0.03732,0.02362,0.01403,0.02344,0.06526,0.02714,0.02521,0.03204,0.03426,0.14486,0.09283,0.13513,0.03382,0.11285,0.02808,0.03219,0.01335,0.08776,0.01942
0.01188,0.02361,0.01679,0.01439,0.02991,0.21454,0.01456,0.01706,0.01887,0.01470,0.12672,0.03425,0.10653,0.12763,0.02476,0.01243,0.13780,0.00884,0.02943,0.01530
0.03422,0.05093,0.05867,0.03881,0.05503,0.09567,0.02490,0.02642,0.02253,0.06158,0.04007,0.03703,0.03834,0.12971,0.06314,0.02056,0.13828,0.01028,0.03637,0.01747
0.00675,0.01597,0.02447,0.01353,0.01989,0.24585,0.01474,0.01562,0.01842,0.01644,0.02121,0.02504,0.02202,0.21322,0.05666,0.01587,0.21912,0.00846,0.01557,0.01118
0.01212,0.01402,0.01451,0.01090,0.01648,0.08081,0.01258,0.01383,0.01704,0.00881,0.15403,0.05148,0.15480,0.12738,0.08995,0.01357,0.13419,0.02162,0.03838,0.01351
0.02679,0.02933,0.02773,0.02899,0.03702,0.05859,0.02703,0.02487,0.03085,0.02633,0.06241,0.11771,0.06682,0.06204,0.15093,0.01797,0.05552,0.02436,0.09998,0.02475
