0.04300,0.03763,0.33416,0.58521
0.04739,0.01682,0.36598,0.56982
0.23875,0.18780,0.09098,0.48247
0.03937,0.04243,0.29765,0.62054
0.15134,0.03271,0.27618,0.53977
0.16098,0.14897,0.06089,0.62916
0.03594,0.04195,0.29051,0.63160
0.05765,0.02918,0.17631,0.73685
0.08303,0.07662,0.56688,0.27348
0.03599,0.03232,0.48895,0.44273
0.02508,0.06787,0.01904,0.88801
0.02318,0.04111,0.29642,0.63929
0.14902,0.11862,0.14352,0.58883
0.17547,0.03478,0.27460,0.51515
0.10886,0.07833,0.52673,0.28608
0.46952,0.02630,0.17955,0.32463
0.02736,0.45594,0.19714,0.31956
0.00887,0.69277,0.09513,0.20324
0.02919,0.21788,0.24872,0.50421
0.15252,0.11037,0.24013,0.49698
0.11952,0.10999,0.23024,0.54026
0.19949,0.13330,0.21319,0.45402
0.04431,0.61122,0.01135,0.33311
0.19421,0.48502,0.06151,0.25926
0.02132,0.05607,0.14587,0.77675
0.01549,0.01131,0.19168,0.78152
0.01449,0.00603,0.14093,0.83855
0.07514,0.07255,0.01198,0.84032
0.03026,0.35608,0.04753,0.56613
0.36676,0.00776,0.01201,0.61347
0.03946,0.03491,0.46783,0.45780
0.21820,0.00430,0.13569,0.64181
0.01447,0.19798,0.06320,0.72436
0.04731,0.04011,0.11824,0.79434
0.01201,0.23105,0.04583,0.71111
0.34949,0.00922,0.05293,0.58836
0.04463,0.24273,0.03695,0.67569
0.02180,0.41881,0.04258,0.51681
0.03002,0.02768,0.41736,0.52494
0.15313,0.08912,0.25926,0.49848
0.14315,0.09852,0.19643,0.56190
0.02468,0.26022,0.39638,0.31872
0.21133,0.02237,0.32042,0.44588
0.04257,0.04759,0.17878,0.73106
0.01367,0.35158,0.09001,0.54475
0.08271,0.18274,0.30289,0.43165
0.01862,0.11012,0.10979,0.76147
0.06853,0.00981,0.03170,0.88995
0.04084,0.04944,0.28717,0.62255
0.24458,0.04222,0.13977,0.57343
0.10817,0.13081,0.09529,0.66573
0.03756,0.01017,0.68356,0.26872
0.22667,0.00638,0.05975,0.70720
0.17438,0.02924,0.32206,0.47432
0.00911,0.32350,0.25853,0.40886
0.04798,0.16918,0.14518,0.63766
0.03371,0.22367,0.02600,0.71662
0.10898,0.07156,0.05296,0.76650
0.07023,0.07331,0.06859,0.78787
0.14042,0.12391,0.18472,0.55095
0.22911,0.01787,0.43927,0.31375
0.11701,0.58525,0.07643,0.22131
0.22797,0.09079,0.23020,0.45104
0.02204,0.02833,0.11710,0.83253
0.02731,0.02433,0.13353,0.81483
0.75602,0.00472,0.01924,0.22002
0.05561,0.02412,0.01926,0.90102
0.14306,0.13294,0.30565,0.41835
0.05519,0.04247,0.03087,0.87147
0.01826,0.05807,0.50545,0.41823
0.07303,0.03722,0.48389,0.40586
0.00848,0.81423,0.02888,0.14841
0.09727,0.02402,0.29304,0.58567
0.02300,0.08504,0.06168,0.83027
0.27281,0.15444,0.22279,0.34996
0.05397,0.04255,0.11879,0.78469
0.08266,0.10551,0.35483,0.45700
0.19965,0.21319,0.10481,0.48235
0.03134,0.30545,0.06762,0.59559
0.15846,0.10331,0.07255,0.66568
0.01740,0.12337,0.09228,0.76695
0.05130,0.03372,0.66123,0.25375
0.16903,0.05831,0.03703,0.73563
0.02968,0.07211,0.05734,0.84087
0.01472,0.01871,0.40576,0.56080
0.04630,0.01269,0.21694,0.72406
0.08984,0.15921,0.28807,0.46288
0.18079,0.05208,0.28869,0.47844
0.01843,0.01591,0.23377,0.73189
0.06791,0.25417,0.33355,0.34437
0.04926,0.00722,0.82768,0.11584
0.31359,0.02236,0.09323,0.57082
0.08039,0.15495,0.29150,0.47317
0.11444,0.03500,0.28053,0.57002
0.04484,0.02517,0.42408,0.50591
0.16284,0.02848,0.06577,0.74291
0.01575,0.08614,0.52034,0.37777
0.05440,0.03625,0.06903,0.84032
0.01756,0.01475,0.36127,0.60643
0.04826,0.03367,0.15125,0.76682
