0.05076,0.36933,0.18513,0.39478
0.06605,0.04431,0.12832,0.76132
0.06297,0.05652,0.66074,0.21976
0.08586,0.36063,0.37749,0.17602
0.00728,0.01467,0.22233,0.75572
0.08507,0.07339,0.13318,0.70836
0.06509,0.54764,0.05843,0.32885
0.09044,0.08160,0.48532,0.34263
0.19770,0.18973,0.11443,0.49814
0.01358,0.01319,0.43995,0.53327
0.05813,0.01847,0.45567,0.46774
0.09648,0.06726,0.09128,0.74498
0.06688,0.28626,0.02666,0.62020
0.26135,0.04336,0.39476,0.30053
0.21702,0.19158,0.04478,0.54661
0.04203,0.26188,0.09576,0.60033
0.12520,0.34944,0.29547,0.22989
0.00498,0.01251,0.32028,0.66223
0.02263,0.09738,0.02401,0.85598
0.03173,0.01423,0.17442,0.77962
0.02583,0.05665,0.34711,0.57041
0.01612,0.01349,0.05890,0.91149
0.26362,0.00546,0.20965,0.52128
0.60645,0.09862,0.04313,0.25180
0.32430,0.02491,0.14906,0.50173
0.04702,0.03524,0.09954,0.81820
0.02042,0.01788,0.07343,0.88826
0.01922,0.01638,0.21630,0.74811
0.13652,0.15007,0.14107,0.57234
0.20527,0.18606,0.17561,0.43306
0.26814,0.03581,0.55453,0.14152
0.06903,0.00892,0.50028,0.42177
0.04193,0.00790,0.41902,0.53114
0.17359,0.14972,0.33818,0.33852
0.10664,0.18484,0.08342,0.62511
0.06038,0.04712,0.07936,0.81314
0.83363,0.00632,0.02834,0.13172
0.69859,0.01327,0.08942,0.19872
0.29208,0.22363,0.06504,0.41925
0.05637,0.02060,0.20426,0.71878
0.15921,0.01351,0.13018,0.69710
0.38465,0.05845,0.22010,0.33681
0.08827,0.00233,0.00670,0.90271
0.23442,0.22799,0.17778,0.35980
0.10746,0.50841,0.13436,0.24977
0.23959,0.22585,0.09960,0.43497
0.00352,0.00546,0.62949,0.36153
0.29207,0.23614,0.26433,0.20746
0.15054,0.12835,0.10349,0.61762
0.09867,0.07522,0.21384,0.61227
0.57379,0.07106,0.12170,0.23346
0.26065,0.07041,0.16155,0.50740
0.01657,0.44656,0.02371,0.51316
0.06977,0.25569,0.20524,0.46930
0.00621,0.40727,0.33841,0.24811
0.14399,0.45267,0.01470,0.38864
0.19249,0.02196,0.12436,0.66118
0.17706,0.14351,0.16620,0.51323
0.04381,0.67253,0.06671,0.21695
0.44484,0.08330,0.34357,0.12829
0.22423,0.16427,0.48612,0.12538
0.02139,0.04783,0.07112,0.85967
0.00851,0.07887,0.11277,0.79985
0.07626,0.07278,0.44976,0.40120
0.06577,0.35273,0.29373,0.28778
0.00390,0.00313,0.01133,0.98164
0.43563,0.12308,0.03654,0.40475
0.02070,0.00752,0.07597,0.89581
0.12483,0.01684,0.29306,0.56527
0.04752,0.06691,0.07003,0.81554
0.08778,0.07039,0.39893,0.44290
0.07496,0.02324,0.10021,0.80159
0.00618,0.18001,0.39552,0.41829
0.00829,0.07628,0.08242,0.83302
0.17183,0.17312,0.07568,0.57937
0.10479,0.09993,0.34733,0.44796
0.67362,0.04779,0.14944,0.12915
0.04698,0.06801,0.33001,0.55500
0.23603,0.00531,0.47972,0.27895
0.12282,0.30830,0.19155,0.37733
0.06472,0.00710,0.19446,0.73372
0.05301,0.04785,0.29766,0.60149
0.03262,0.02477,0.17639,0.76623
0.00884,0.85603,0.02518,0.10996
0.02206,0.03354,0.10780,0.83660
0.02753,0.03982,0.04686,0.88579
0.20781,0.05507,0.26041,0.47670
0.01627,0.21965,0.02739,0.73670
0.19614,0.18752,0.45372,0.16262
0.03359,0.12308,0.20813,0.63520
0.15463,0.16952,0.18414,0.49170
0.11109,0.02576,0.20563,0.65753
0.10753,0.20775,0.25094,0.43379
0.17554,0.13625,0.20301,0.48520
0.64562,0.00521,0.14840,0.20077
0.08377,0.00330,0.77241,0.14053
0.21574,0.14186,0.12560,0.51679
0.11971,0.08003,0.11657,0.68369
0.01408,0.05881,0.28290,0.64421
0.69260,0.00895,0.07573,0.22272
0.32296,0.24013,0.04553,0.39138
0.03720,0.20339,0.18503,0.57437
0.03954,0.03062,0.49783,0.43202
0.11026,0.09359,0.24217,0.55398
0.17472,0.00721,0.30220,0.51587
0.01156,0.14196,0.45718,0.38930
0.08126,0.20347,0.06644,0.64882
0.12092,0.04993,0.19007,0.63909
0.02611,0.02647,0.18097,0.76645
0.23294,0.22274,0.06665,0.47768
0.11957,0.11378,0.53278,0.23387
0.29574,0.28755,0.02542,0.39130
0.23856,0.10079,0.03546,0.62518
0.07345,0.04924,0.12610,0.75121
0.01441,0.00454,0.12800,0.85305
0.02610,0.01983,0.18449,0.76957
0.23124,0.20262,0.25424,0.31190
0.06855,0.02718,0.14069,0.76357
0.05669,0.01197,0.34833,0.58301
0.04185,0.04013,0.11839,0.79963
0.28828,0.00474,0.03294,0.67404
0.07979,0.07180,0.05355,0.79486
0.00805,0.03350,0.41575,0.54269
0.00601,0.01310,0.31510,0.66580
0.14912,0.13157,0.52245,0.19685
0.22838,0.00825,0.41564,0.34773
0.26229,0.01094,0.18616,0.54061
0.18249,0.03494,0.10083,0.68173
0.34184,0.31334,0.04218,0.30264
0.02886,0.03704,0.15880,0.77530
0.17700,0.17678,0.09323,0.55299
0.33221,0.01924,0.17413,0.47442
0.07770,0.06352,0.07398,0.78480
0.15191,0.14701,0.17042,0.53066
0.33857,0.31672,0.03861,0.30610
0.23082,0.43935,0.03672,0.29311
0.05919,0.01766,0.68658,0.23657
0.35531,0.13297,0.22179,0.28993
0.49512,0.02864,0.17190,0.30434
0.05081,0.64046,0.02873,0.27999
0.15793,0.01018,0.08212,0.74976
0.66598,0.01520,0.06633,0.25250
0.05559,0.00624,0.19336,0.74480
0.02612,0.01842,0.16894,0.78652
0.12299,0.12270,0.25659,0.49773
0.22770,0.26247,0.24679,0.26304
0.00853,0.07021,0.03190,0.88936
0.02339,0.27790,0.15615,0.54255
0.06819,0.05560,0.41679,0.45942
0.06879,0.01605,0.28673,0.62843
0.13940,0.14054,0.16649,0.55357
0.19635,0.01364,0.33742,0.45259
0.09960,0.02580,0.19192,0.68268
0.12832,0.01228,0.39740,0.46200
0.04233,0.01161,0.10734,0.83873
0.06191,0.58909,0.12426,0.22473
0.04711,0.60169,0.03305,0.31815
0.00662,0.39628,0.41454,0.18255
0.39070,0.36769,0.04799,0.19363
0.04709,0.19467,0.36415,0.39409
0.07774,0.05685,0.04426,0.82114
0.01465,0.01254,0.48062,0.49218
0.08203,0.01132,0.06980,0.83686
0.08870,0.08545,0.20988,0.61598
0.15410,0.06107,0.20991,0.57492
0.04762,0.01497,0.07889,0.85852
0.08350,0.08365,0.15779,0.67506
0.01745,0.22892,0.28845,0.46519
0.54196,0.02427,0.31025,0.12353
0.00751,0.00375,0.02115,0.96759
0.06544,0.00794,0.55562,0.37101
0.02158,0.06533,0.03696,0.87613
0.09370,0.00551,0.10358,0.79721
0.07433,0.07079,0.03780,0.81708
0.38215,0.01515,0.03182,0.57088
0.09371,0.08523,0.47137,0.34970
0.03175,0.00826,0.54345,0.41654
0.01608,0.02732,0.15747,0.79914
0.07965,0.10784,0.36262,0.44989
0.07126,0.00635,0.76510,0.15730
0.04549,0.17328,0.02103,0.76019
0.06847,0.01440,0.62127,0.29586
0.15977,0.19151,0.32530,0.32342
0.02139,0.21564,0.10871,0.65427
0.01021,0.05400,0.11897,0.81681
0.02276,0.01411,0.02346,0.93967
0.07517,0.01992,0.47612,0.42878
0.13097,0.11914,0.22143,0.52846
0.04093,0.00498,0.34527,0.60883
0.42923,0.04010,0.06337,0.46730
0.00325,0.00270,0.01024,0.98381
0.44241,0.01463,0.16793,0.37503
0.05764,0.00677,0.05022,0.88537
0.01066,0.01666,0.44416,0.52853
0.15399,0.43635,0.04790,0.36176
0.01603,0.05048,0.22061,0.71288
0.07514,0.02294,0.35140,0.55052
0.19311,0.03920,0.08535,0.68234
0.24416,0.19356,0.15321,0.40907
0.49724,0.30509,0.02964,0.16803
0.07291,0.05689,0.41446,0.45574
0.14483,0.09774,0.12731,0.63012
0.03689,0.12611,0.10760,0.72940
0.01688,0.01018,0.10429,0.86865
0.05096,0.04998,0.24069,0.65837
0.49194,0.08664,0.07000,0.35142
0.16170,0.14209,0.13299,0.56323
0.08274,0.10064,0.21179,0.60482
0.14136,0.13188,0.03727,0.68949
0.08414,0.03806,0.16709,0.71071
0.02313,0.01886,0.10823,0.84978
0.18297,0.16513,0.07537,0.57652
0.05807,0.09163,0.33766,0.51264
0.03593,0.08466,0.17116,0.70826
0.01656,0.49005,0.05561,0.43779
0.06362,0.03863,0.13207,0.76568
0.04914,0.02280,0.18958,0.73848
0.28850,0.27566,0.24000,0.19583
0.05453,0.05191,0.27989,0.61367
0.04947,0.02899,0.61506,0.30649
0.01682,0.06032,0.17330,0.74957
0.02998,0.11681,0.05980,0.79340
0.10031,0.08983,0.21574,0.59412
0.02185,0.08316,0.26987,0.62512
0.02771,0.11491,0.07160,0.78577
0.02724,0.23120,0.14298,0.59859
0.01440,0.09402,0.28017,0.61141
0.07947,0.06398,0.65107,0.20548
0.21292,0.01901,0.11917,0.64889
0.30611,0.01611,0.26796,0.40982
0.05791,0.05837,0.18863,0.69509
0.01621,0.07341,0.68551,0.22486
0.23731,0.20998,0.35566,0.19705
0.15091,0.03090,0.12940,0.68879
0.05380,0.00821,0.34131,0.59668
0.22006,0.19227,0.16334,0.42433
0.02801,0.00389,0.84582,0.12227
0.11324,0.04616,0.39541,0.44519
0.14501,0.56964,0.04622,0.23913
0.07197,0.04312,0.09922,0.78569
0.00899,0.02927,0.43189,0.52985
0.08425,0.05445,0.09178,0.76951
0.08566,0.07965,0.05354,0.78116
0.73599,0.01242,0.01361,0.23798
0.02247,0.04621,0.22487,0.70645
0.01284,0.56468,0.13497,0.28750
0.27073,0.23256,0.09509,0.40162
0.11093,0.07430,0.45589,0.35887
0.01199,0.02681,0.10766,0.85354
0.10360,0.02196,0.51001,0.36443
0.17269,0.03688,0.11700,0.67343
0.01120,0.74052,0.15877,0.08951
0.05864,0.01595,0.20810,0.71730
0.00738,0.00977,0.09141,0.89144
0.23221,0.03956,0.05457,0.67367
0.01526,0.09811,0.05894,0.82768
0.03720,0.02441,0.12163,0.81675
0.03119,0.03019,0.41751,0.52111
0.05202,0.00749,0.04017,0.90031
0.19306,0.34853,0.20377,0.25463
0.00617,0.01295,0.62404,0.35684
0.02937,0.02450,0.46099,0.48514
0.03629,0.02980,0.09870,0.83521
0.00470,0.00285,0.04170,0.95075
0.13692,0.02843,0.34888,0.48577
0.18629,0.10433,0.12416,0.58522
0.10572,0.09365,0.13163,0.66900
0.02610,0.02030,0.81204,0.14156
0.32339,0.01486,0.09766,0.56410
0.15718,0.15102,0.03078,0.66101
0.02911,0.40182,0.23165,0.33742
0.08961,0.08101,0.21441,0.61497
0.13976,0.12908,0.34566,0.38550
0.00436,0.00723,0.02830,0.96011
0.45440,0.44921,0.01995,0.07644
0.07281,0.01878,0.16504,0.74337
0.11765,0.05439,0.16221,0.66574
0.07784,0.07055,0.18479,0.66683
0.17652,0.16183,0.04621,0.61543
0.04226,0.28760,0.22299,0.44715
0.01116,0.29521,0.48865,0.20499
0.01695,0.07334,0.49258,0.41714
0.24365,0.24541,0.05993,0.45101
0.04036,0.03875,0.22081,0.70008
0.02227,0.17979,0.09644,0.70150
0.19779,0.00611,0.35674,0.43935
0.02952,0.06133,0.21150,0.69766
0.03398,0.03208,0.28031,0.65363
0.10127,0.15238,0.24504,0.50131
0.03178,0.03079,0.43307,0.50436
0.80775,0.01184,0.03539,0.14501
0.08181,0.09082,0.48869,0.33868
0.06553,0.00961,0.02291,0.90195
0.04852,0.02072,0.19320,0.73756
0.05242,0.00322,0.01814,0.92622
0.14195,0.00947,0.31004,0.53855
0.20485,0.09448,0.50255,0.19812
0.01247,0.01057,0.20675,0.77022
0.03825,0.04062,0.47779,0.44333
0.05600,0.14739,0.48026,0.31636
