0.01451,0.02064,0.02504,0.02089,0.02448,0.01246,0.02147,0.01050,0.01754,0.01810,0.06799,0.02695,0.04109,0.02100,0.06009,0.04687,0.23894,0.01615,0.07110,0.22419
0.02503,0.17011,0.01347,0.01396,0.18599,0.02149,0.01652,0.01927,0.02747,0.01611,0.03087,0.07616,0.03308,0.02851,0.03012,0.03406,0.09365,0.06608,0.02027,0.07778
0.03472,0.02943,0.02391,0.04903,0.03140,0.01939,0.03442,0.02040,0.01632,0.02781,0.25837,0.28031,0.02986,0.00698,0.03681,0.01965,0.01111,0.02173,0.01549,0.03287
0.01874,0.01316,0.02207,0.01812,0.03246,0.02813,0.01927,0.01599,0.01337,0.01006,0.01427,0.31105,0.01733,0.00784,0.01906,0.01905,0.01484,0.34245,0.02817,0.03455
0.08309,0.05513,0.06458,0.05109,0.20132,0.01015,0.02486,0.03987,0.18960,0.02363,0.02383,0.03174,0.01290,0.00678,0.01791,0.02007,0.03753,0.02795,0.02435,0.05362
0.04086,0.08353,0.03311,0.03895,0.02215,0.03306,0.02837,0.06510,0.05921,0.02214,0.04658,0.03672,0.11938,0.03452,0.02962,0.10875,0.04320,0.02558,0.06060,0.06856
0.01345,0.01469,0.02022,0.01565,0.02107,0.03474,0.01826,0.02297,0.01358,0.02473,0.06034,0.03502,0.02249,0.24687,0.04017,0.03981,0.02244,0.10976,0.15217,0.07158
0.02975,0.02322,0.02968,0.05254,0.02870,0.01930,0.05921,0.02572,0.04099,0.06110,0.05476,0.11112,0.02276,0.01713,0.03323,0.04423,0.09444,0.09415,0.02575,0.13222
0.03794,0.03159,0.06020,0.03348,0.04622,0.03788,0.02186,0.02613,0.01571,0.03571,0.04545,0.07585,0.01718,0.15754,0.03243,0.02745,0.10217,0.06155,0.01981,0.11386
0.01442,0.02501,0.02454,0.02020,0.01263,0.01091,0.01081,0.01209,0.01385,0.01928,0.02459,0.01044,0.04528,0.13717,0.01582,0.05641,0.23471,0.01739,0.03003,0.26440
0.01346,0.03703,0.00966,0.02465,0.05409,0.07863,0.06000,0.01954,0.03261,0.02715,0.01879,0.00607,0.28504,0.01355,0.26246,0.01068,0.00834,0.01846,0.01125,0.00855
0.03069,0.04264,0.06989,0.02259,0.04786,0.04904,0.02587,0.04313,0.05020,0.03026,0.08484,0.08464,0.02940,0.00950,0.02890,0.04089,0.08154,0.07579,0.07671,0.07564
0.02527,0.02105,0.01254,0.02527,0.01604,0.02400,0.02188,0.01828,0.02130,0.02616,0.02577,0.30435,0.02390,0.02053,0.01923,0.02015,0.01455,0.32765,0.01327,0.01882
0.03444,0.00959,0.01666,0.01984,0.01165,0.01984,0.02977,0.01186,0.01210,0.02687,0.14254,0.01183,0.02810,0.40093,0.16050,0.01276,0.01338,0.01261,0.01093,0.01378
0.03105,0.03055,0.01611,0.01227,0.02122,0.00833,0.01464,0.01999,0.00479,0.01541,0.36807,0.01102,0.01460,0.01559,0.35600,0.01071,0.01032,0.01045,0.00890,0.01996
0.01398,0.02091,0.01485,0.01499,0.02168,0.01724,0.01251,0.02314,0.01371,0.01777,0.03480,0.30799,0.01440,0.01356,0.03453,0.01633,0.03647,0.31358,0.03197,0.02558
0.01639,0.02449,0.01918,0.02141,0.01416,0.01064,0.00936,0.01489,0.01783,0.04976,0.02110,0.01003,0.01672,0.53541,0.01731,0.02253,0.07992,0.00882,0.00751,0.08254
0.01873,0.02218,0.02113,0.02532,0.02289,0.01687,0.02140,0.02973,0.01251,0.02142,0.22894,0.16491,0.09938,0.07627,0.07349,0.06847,0.01389,0.02391,0.01732,0.02126
0.04111,0.03971,0.02690,0.02996,0.06897,0.02790,0.05406,0.03510,0.04207,0.04224,0.10498,0.11343,0.02176,0.03222,0.07979,0.03657,0.02435,0.10717,0.02238,0.04934
0.03276,0.06140,0.02584,0.03441,0.03478,0.04629,0.04888,0.04981,0.03738,0.04133,0.06989,0.05676,0.07638,0.09715,0.04944,0.03024,0.01880,0.05581,0.07673,0.05593
0.03603,0.02584,0.02056,0.02558,0.02547,0.03512,0.02454,0.03040,0.02775,0.03761,0.24767,0.06181,0.02572,0.02146,0.20074,0.01954,0.04014,0.03713,0.01630,0.04060
0.08637,0.05600,0.07165,0.06686,0.03797,0.04373,0.04957,0.02707,0.13260,0.09716,0.02993,0.01582,0.03785,0.03311,0.01976,0.03797,0.03193,0.04877,0.01935,0.05653
0.08133,0.08379,0.09234,0.11768,0.02892,0.03058,0.08016,0.03512,0.05070,0.02104,0.02097,0.01569,0.01720,0.09912,0.02120,0.01278,0.06008,0.00789,0.09809,0.02533
0.06132,0.04409,0.07457,0.06430,0.05922,0.03845,0.04855,0.09609,0.06819,0.04741,0.04550,0.07282,0.02851,0.03152,0.01705,0.03627,0.03390,0.03989,0.04000,0.05235
0.02004,0.11364,0.01416,0.00959,0.07048,0.01018,0.02528,0.01580,0.00812,0.01168,0.04960,0.25814,0.06400,0.01019,0.02781,0.03041,0.00496,0.23396,0.00799,0.01400
0.01293,0.02575,0.02059,0.01650,0.02598,0.04454,0.02041,0.02417,0.02130,0.03092,0.03274,0.05313,0.29366,0.00964,0.02082,0.26585,0.01018,0.03841,0.01476,0.01773
0.03995,0.04301,0.03421,0.19801,0.03653,0.03556,0.22279,0.01666,0.03804,0.02073,0.04486,0.03874,0.05537,0.02146,0.02920,0.05407,0.01976,0.02476,0.00816,0.01813
0.02360,0.05178,0.02519,0.25929,0.02017,0.01997,0.28939,0.02703,0.01642,0.03276,0.01404,0.02400,0.03480,0.00536,0.01301,0.03651,0.03487,0.01828,0.00977,0.04376
0.02369,0.01224,0.01608,0.01861,0.01084,0.01067,0.02347,0.01123,0.02306,0.02296,0.34476,0.01697,0.00748,0.02473,0.33585,0.01590,0.01869,0.01714,0.01623,0.02941
0.01762,0.03508,0.02012,0.01697,0.05069,0.04899,0.01468,0.02486,0.02266,0.00993,0.22305,0.03634,0.01691,0.03207,0.16877,0.02257,0.03772,0.09523,0.02850,0.07723
0.02505,0.03320,0.02013,0.02384,0.01702,0.01652,0.02188,0.03347,0.02391,0.01085,0.05991,0.22739,0.02480,0.07224,0.07297,0.02055,0.00878,0.25618,0.01177,0.01955
0.09733,0.05465,0.04503,0.02910,0.04586,0.08682,0.05888,0.04131,0.10747,0.03198,0.04591,0.02639,0.02236,0.01407,0.05969,0.05042,0.01894,0.10845,0.01746,0.03790
0.01882,0.01650,0.01277,0.01243,0.02274,0.01524,0.03477,0.01412,0.01884,0.00828,0.29647,0.04602,0.03786,0.01272,0.27617,0.03564,0.01300,0.05224,0.01951,0.03587
0.01817,0.03714,0.01608,0.03753,0.03408,0.02155,0.02581,0.02398,0.02254,0.01781,0.02560,0.20133,0.11113,0.03867,0.01936,0.09433,0.00755,0.21327,0.01102,0.02306
0.07088,0.08222,0.04491,0.05191,0.06049,0.06680,0.02664,0.06051,0.03634,0.02323,0.03638,0.16336,0.02183,0.02186,0.03571,0.01899,0.00859,0.15421,0.00751,0.00763
0.01426,0.04375,0.02137,0.01790,0.03197,0.01253,0.02244,0.02157,0.01099,0.01486,0.26555,0.01950,0.03629,0.01325,0.27487,0.03981,0.03267,0.07668,0.01301,0.01674
0.03819,0.05076,0.03858,0.03033,0.05779,0.03537,0.02928,0.07329,0.06487,0.06703,0.05474,0.10847,0.04293,0.04615,0.02262,0.05886,0.05056,0.07452,0.01819,0.03749
0.04429,0.02245,0.02289,0.02119,0.02208,0.01952,0.01965,0.02011,0.01805,0.02214,0.02642,0.01438,0.32490,0.01195,0.01698,0.29670,0.02140,0.01728,0.01300,0.02462
0.01635,0.01508,0.01436,0.03159,0.01609,0.01337,0.01635,0.00979,0.01247,0.01662,0.06268,0.07147,0.10503,0.21945,0.08309,0.02400,0.10057,0.04563,0.10197,0.02405
0.02778,0.01867,0.03727,0.01278,0.03008,0.02961,0.02100,0.03645,0.01946,0.01889,0.15633,0.14786,0.02714,0.03523,0.13408,0.02497,0.01662,0.16480,0.01852,0.02248
0.03431,0.01609,0.00980,0.01542,0.01987,0.00877,0.01606,0.01103,0.02425,0.01035,0.05992,0.30679,0.01460,0.03915,0.01388,0.01249,0.03164,0.31343,0.01476,0.02739
0.04724,0.06759,0.02819,0.03738,0.03254,0.03243,0.05736,0.04452,0.01471,0.03899,0.03576,0.03967,0.08438,0.01946,0.05030,0.04754,0.13030,0.02056,0.01098,0.16008
0.03021,0.08180,0.03420,0.02531,0.02757,0.03373,0.03808,0.04127,0.01243,0.01638,0.20657,0.05384,0.01789,0.02221,0.20259,0.01944,0.01312,0.07005,0.02027,0.03304
0.01411,0.01968,0.02060,0.01637,0.01625,0.04154,0.01460,0.03203,0.00759,0.03122,0.09281,0.05899,0.02780,0.44020,0.04281,0.01926,0.03442,0.00912,0.01374,0.04688
0.02989,0.03704,0.03644,0.02766,0.02340,0.09673,0.08758,0.02559,0.06113,0.01703,0.05037,0.03377,0.15022,0.02966,0.05548,0.13427,0.00834,0.04619,0.02002,0.02917
0.01365,0.01097,0.02659,0.01651,0.01783,0.01525,0.01160,0.01644,0.01895,0.01010,0.04512,0.01915,0.09083,0.43407,0.06581,0.07887,0.04066,0.01550,0.02795,0.02415
0.02149,0.03532,0.00898,0.02446,0.01877,0.02219,0.02061,0.01989,0.02259,0.01404,0.02864,0.29183,0.06752,0.00656,0.02074,0.04690,0.00876,0.29439,0.00479,0.02154
0.04471,0.03828,0.05599,0.03243,0.03996,0.04848,0.02141,0.04615,0.02379,0.03327,0.06029,0.04152,0.07000,0.13178,0.07891,0.03907,0.01301,0.07326,0.04296,0.06472
0.01692,0.01319,0.02116,0.02308,0.01727,0.01321,0.01333,0.01298,0.00894,0.01969,0.03365,0.02986,0.33051,0.01257,0.35011,0.02863,0.01079,0.01797,0.01093,0.01520
0.04222,0.06900,0.04342,0.02727,0.26953,0.02667,0.07685,0.10592,0.03315,0.08461,0.03141,0.01565,0.02429,0.00575,0.03422,0.00593,0.03317,0.02010,0.02879,0.02205
0.00784,0.01352,0.01379,0.00312,0.00648,0.00534,0.00565,0.00470,0.00544,0.00589,0.36169,0.01228,0.00752,0.01549,0.35120,0.00225,0.06644,0.01068,0.00277,0.09792
0.02409,0.03483,0.02246,0.03034,0.02348,0.06783,0.01852,0.04685,0.00870,0.05451,0.03738,0.10897,0.03168,0.04041,0.11888,0.05232,0.01982,0.16179,0.03370,0.06344
0.05059,0.04375,0.01882,0.02841,0.03349,0.01660,0.03150,0.04172,0.02361,0.08096,0.04592,0.21595,0.04136,0.01664,0.02853,0.03022,0.01159,0.19872,0.02007,0.02157
0.03558,0.05836,0.02556,0.03830,0.05020,0.04265,0.03977,0.03527,0.02446,0.02620,0.21077,0.02750,0.03365,0.04091,0.21480,0.01994,0.01908,0.01384,0.01103,0.03213
0.07020,0.06388,0.04861,0.03781,0.04594,0.02919,0.03011,0.05225,0.01871,0.02584,0.04212,0.01586,0.07011,0.33364,0.04238,0.02003,0.01499,0.01461,0.01081,0.01290
0.02814,0.03610,0.01925,0.02436,0.02862,0.03370,0.01654,0.03361,0.01963,0.03045,0.23785,0.05045,0.03884,0.00876,0.17012,0.04071,0.05714,0.03256,0.01623,0.07692
0.06676,0.12622,0.02835,0.03676,0.05053,0.04656,0.06111,0.02204,0.02090,0.06489,0.01932,0.01743,0.17097,0.00891,0.02400,0.16078,0.01703,0.01421,0.01780,0.02540
0.02511,0.04421,0.03101,0.06751,0.05394,0.02860,0.04143,0.02567,0.01198,0.03902,0.05967,0.21407,0.01437,0.01534,0.03732,0.01705,0.00951,0.23447,0.01277,0.01692
0.02827,0.04621,0.02476,0.03631,0.01799,0.01678,0.03144,0.02383,0.03409,0.03110,0.02700,0.19878,0.02279,0.04110,0.02115,0.04711,0.04424,0.21522,0.05911,0.03272
0.04086,0.04318,0.02864,0.02123,0.02503,0.02326,0.02923,0.01612,0.01094,0.02867,0.05518,0.01517,0.03756,0.53258,0.02792,0.01919,0.00785,0.01722,0.00750,0.01267
0.02641,0.04289,0.04169,0.03412,0.05785,0.02590,0.03679,0.06370,0.04586,0.03583,0.04519,0.16201,0.02375,0.03200,0.03803,0.03620,0.00982,0.18789,0.02609,0.02798
0.02886,0.02927,0.03173,0.02782,0.02167,0.01558,0.02302,0.01710,0.00757,0.01430,0.06215,0.06035,0.21844,0.06627,0.22601,0.02406,0.03767,0.03987,0.01800,0.03025
0.01220,0.04526,0.01393,0.02438,0.05955,0.03198,0.12984,0.01804,0.03843,0.07889,0.05543,0.01671,0.02046,0.05234,0.07444,0.01162,0.01373,0.05734,0.16841,0.07700
0.06027,0.06195,0.04454,0.03977,0.05434,0.02792,0.04779,0.04161,0.03933,0.04108,0.08710,0.10906,0.10347,0.01406,0.08680,0.03970,0.02436,0.03069,0.01459,0.03159
0.02727,0.02479,0.03568,0.02149,0.01976,0.01426,0.01643,0.05155,0.01863,0.01531,0.02273,0.04713,0.01981,0.02128,0.01885,0.01142,0.26336,0.03712,0.00976,0.30338
0.01605,0.01875,0.02390,0.02925,0.03797,0.01768,0.00621,0.04149,0.02156,0.02690,0.16883,0.26509,0.02197,0.02025,0.02816,0.02055,0.01143,0.20211,0.00609,0.01574
0.02857,0.01919,0.04002,0.05049,0.03907,0.03231,0.01840,0.03913,0.02106,0.02971,0.10730,0.02858,0.05119,0.23702,0.12030,0.01895,0.01905,0.03139,0.03564,0.03262
0.02106,0.02200,0.01288,0.01168,0.01733,0.01799,0.01950,0.01107,0.01143,0.01633,0.03715,0.31714,0.04807,0.02653,0.02111,0.02553,0.00531,0.33750,0.01184,0.00853
0.04386,0.03784,0.03888,0.03438,0.06524,0.01880,0.03528,0.02828,0.03722,0.02672,0.02203,0.05872,0.02964,0.01105,0.01689,0.03442,0.19085,0.04548,0.01753,0.20687
0.01974,0.11826,0.03452,0.01721,0.14582,0.05042,0.06212,0.04162,0.02922,0.02137,0.07243,0.09018,0.04672,0.02991,0.05263,0.02814,0.01550,0.07495,0.01543,0.03381
0.01672,0.02963,0.05650,0.03822,0.01712,0.03545,0.02192,0.03221,0.03425,0.02265,0.10800,0.14722,0.05859,0.01610,0.11033,0.03809,0.01886,0.16356,0.01632,0.01827
0.06764,0.05326,0.01960,0.04347,0.05058,0.04896,0.04440,0.03879,0.03333,0.08144,0.03060,0.02742,0.03647,0.13043,0.02390,0.04887,0.08160,0.02312,0.02247,0.09362
0.03943,0.07559,0.08577,0.06516,0.09819,0.06445,0.10674,0.06064,0.07128,0.01754,0.06791,0.03328,0.02708,0.04466,0.04147,0.02109,0.01381,0.02206,0.02063,0.02320
0.02790,0.02856,0.02919,0.02431,0.04029,0.02616,0.02109,0.03602,0.07312,0.02031,0.08237,0.14589,0.08113,0.14073,0.02439,0.06506,0.00894,0.09783,0.01320,0.01351
0.03934,0.03182,0.02103,0.02566,0.02811,0.04497,0.03472,0.02451,0.03572,0.03496,0.11338,0.08662,0.02997,0.02019,0.11752,0.04406,0.02329,0.15784,0.03706,0.04924
0.04604,0.04115,0.11243,0.07152,0.02850,0.08380,0.04783,0.05771,0.01792,0.01917,0.01933,0.04130,0.01948,0.21462,0.02814,0.01882,0.02820,0.02934,0.04913,0.02557
0.02127,0.03105,0.03661,0.03652,0.06135,0.03318,0.03274,0.02903,0.02520,0.02725,0.04105,0.19884,0.01432,0.01097,0.03880,0.05151,0.02088,0.20295,0.02743,0.05904
0.02261,0.02834,0.01701,0.02088,0.03342,0.01196,0.01820,0.03247,0.01111,0.00869,0.05217,0.02347,0.08677,0.49079,0.02873,0.06122,0.00505,0.01690,0.01685,0.01336
0.03865,0.02067,0.02713,0.02310,0.01417,0.03096,0.01920,0.03098,0.02162,0.03686,0.23092,0.02888,0.02179,0.04281,0.22941,0.02339,0.05567,0.02964,0.05375,0.02040
0.02515,0.03053,0.02880,0.01572,0.02201,0.02535,0.02248,0.02732,0.03606,0.01579,0.11612,0.18284,0.04527,0.03502,0.12406,0.03686,0.01179,0.17787,0.00943,0.01153
0.05695,0.02570,0.03417,0.06569,0.03676,0.01260,0.15214,0.01079,0.07726,0.02449,0.10384,0.10972,0.02423,0.01727,0.04124,0.03970,0.03705,0.08401,0.01262,0.03377
0.03858,0.06483,0.01768,0.23666,0.02220,0.01742,0.24371,0.01973,0.02088,0.01597,0.04682,0.05992,0.01856,0.00864,0.06090,0.02009,0.00631,0.06549,0.00776,0.00785
0.02288,0.04927,0.03121,0.03575,0.02744,0.01874,0.03268,0.01644,0.02252,0.02359,0.05483,0.03442,0.22727,0.00507,0.02631,0.21819,0.02312,0.07902,0.02330,0.02795
0.02480,0.01909,0.01146,0.00971,0.02518,0.02052,0.02347,0.02017,0.00979,0.02385,0.26892,0.01260,0.01480,0.09522,0.23708,0.01169,0.01856,0.05789,0.01245,0.08275
0.04502,0.03689,0.04258,0.01630,0.23442,0.02426,0.10054,0.06135,0.01431,0.20240,0.03238,0.02167,0.02446,0.01516,0.04239,0.03240,0.00978,0.01308,0.00873,0.02190
0.07609,0.05050,0.01803,0.06473,0.03706,0.06805,0.08263,0.02501,0.04191,0.09468,0.02979,0.13064,0.03076,0.01258,0.02661,0.02515,0.01165,0.14853,0.00841,0.01719
0.04036,0.04790,0.02421,0.01371,0.01326,0.02512,0.02003,0.02091,0.01924,0.02794,0.08007,0.13069,0.03092,0.24632,0.03213,0.03709,0.02006,0.12196,0.01592,0.03215
0.06330,0.03881,0.03710,0.02458,0.02128,0.04645,0.03326,0.03216,0.01804,0.01045,0.13974,0.14386,0.05782,0.07613,0.04745,0.03511,0.03121,0.02877,0.04853,0.06594
0.02990,0.03096,0.01587,0.01091,0.02047,0.01779,0.03059,0.01943,0.01322,0.01334,0.31328,0.01876,0.04259,0.02351,0.30579,0.03057,0.00883,0.01291,0.01550,0.02581
0.03967,0.03138,0.01672,0.04399,0.05453,0.05291,0.03623,0.06178,0.02530,0.02075,0.17033,0.02150,0.03512,0.02351,0.16173,0.03540,0.01111,0.08612,0.04906,0.02285
0.03050,0.02865,0.02586,0.01672,0.04044,0.02838,0.02690,0.03043,0.02095,0.01762,0.17837,0.20514,0.04094,0.04835,0.06973,0.03361,0.00824,0.11361,0.01437,0.02118
0.02038,0.03473,0.01902,0.03195,0.04431,0.08297,0.04047,0.03357,0.03324,0.05307,0.17794,0.05730,0.04510,0.10960,0.12811,0.02393,0.00701,0.02546,0.01599,0.01585
0.06890,0.07621,0.05619,0.04010,0.03485,0.05247,0.06905,0.03456,0.04592,0.03390,0.01659,0.03855,0.07133,0.01179,0.01591,0.09460,0.04503,0.07581,0.03171,0.08654
0.06444,0.03631,0.01863,0.04127,0.02313,0.01747,0.04205,0.02972,0.03833,0.01850,0.22924,0.05607,0.03226,0.02811,0.18926,0.01823,0.01782,0.02184,0.02537,0.05194
0.03353,0.03996,0.02718,0.02009,0.06635,0.02565,0.02600,0.02420,0.02596,0.05329,0.03192,0.20140,0.06026,0.02311,0.04984,0.03410,0.02178,0.20404,0.01766,0.01368
0.08198,0.05517,0.01774,0.03785,0.04818,0.06009,0.05498,0.04405,0.03808,0.03188,0.04392,0.10501,0.10259,0.01114,0.03227,0.06241,0.03523,0.07376,0.01648,0.04721
0.03443,0.02948,0.03128,0.02363,0.04211,0.01837,0.03872,0.03879,0.02301,0.03034,0.22474,0.04018,0.09720,0.01737,0.22689,0.00968,0.01728,0.02730,0.00877,0.02044
0.02803,0.04222,0.02707,0.05835,0.03246,0.04806,0.04676,0.02279,0.02118,0.02507,0.04223,0.02105,0.02396,0.10443,0.04643,0.04361,0.15504,0.01369,0.01632,0.18127
0.14267,0.06732,0.01988,0.07820,0.15007,0.10931,0.04497,0.02114,0.02908,0.12182,0.02607,0.02239,0.03803,0.00776,0.03083,0.03571,0.00527,0.02327,0.01316,0.01305
0.02669,0.04021,0.01872,0.03648,0.04578,0.02314,0.02029,0.02803,0.03937,0.01887,0.10413,0.11680,0.03740,0.29173,0.04156,0.02927,0.00942,0.04843,0.00831,0.01537
0.02644,0.02946,0.01595,0.01420,0.01564,0.01492,0.02158,0.01662,0.02074,0.01272,0.02372,0.25303,0.01462,0.02473,0.01988,0.03477,0.02958,0.28481,0.02935,0.09724
0.04566,0.07307,0.04715,0.02696,0.03756,0.06822,0.04190,0.03684,0.04440,0.03835,0.06682,0.07871,0.06337,0.02878,0.10576,0.02584,0.04035,0.08269,0.02594,0.02162
0.02472,0.01578,0.01928,0.00902,0.02994,0.01321,0.04838,0.01326,0.01722,0.01530,0.28334,0.13227,0.01382,0.01705,0.18074,0.01130,0.04146,0.03412,0.03770,0.04209
0.04296,0.04933,0.04215,0.05776,0.05606,0.04104,0.03227,0.04468,0.02900,0.05760,0.04692,0.16033,0.02281,0.03501,0.03744,0.01675,0.02000,0.15593,0.01419,0.03777
0.02343,0.03161,0.03467,0.02391,0.02034,0.01983,0.02767,0.03006,0.05827,0.03042,0.06168,0.14709,0.05922,0.12481,0.05873,0.03068,0.02143,0.12020,0.03998,0.03598
0.04697,0.05843,0.05086,0.02666,0.09215,0.03755,0.08433,0.04189,0.07836,0.05022,0.01800,0.12466,0.01942,0.03491,0.01422,0.02700,0.02582,0.11846,0.02522,0.02488
0.01824,0.03769,0.02051,0.02225,0.01832,0.02793,0.02136,0.01243,0.02182,0.01831,0.28342,0.30094,0.05230,0.02545,0.02858,0.03407,0.01281,0.01364,0.01654,0.01340
0.03375,0.03888,0.02128,0.02692,0.02042,0.01372,0.01551,0.02461,0.02457,0.03810,0.03812,0.11174,0.00635,0.00834,0.02583,0.00879,0.19337,0.11785,0.01219,0.21964
0.02909,0.04040,0.03083,0.02615,0.01793,0.01802,0.02319,0.04548,0.03597,0.12775,0.01574,0.02180,0.11932,0.04599,0.00847,0.19097,0.04262,0.03228,0.05155,0.07644
0.03468,0.01456,0.03080,0.03251,0.01614,0.03183,0.03809,0.02990,0.02104,0.03876,0.15827,0.04772,0.02708,0.26180,0.13536,0.01426,0.00816,0.03198,0.01153,0.01553
0.02125,0.03824,0.01330,0.02135,0.01999,0.01359,0.02024,0.01501,0.00954,0.01456,0.13723,0.23716,0.01697,0.00929,0.10600,0.00878,0.01395,0.25612,0.01163,0.01579
0.17095,0.08784,0.05279,0.04622,0.04092,0.03115,0.08737,0.09362,0.03799,0.03921,0.04271,0.03566,0.03844,0.02868,0.05293,0.01648,0.01251,0.04140,0.02788,0.01524
0.01095,0.06056,0.02627,0.03582,0.04867,0.05856,0.05154,0.02475,0.02423,0.02857,0.04192,0.06017,0.08496,0.17281,0.04036,0.03687,0.03076,0.06304,0.07431,0.02488
0.01299,0.03291,0.02758,0.02154,0.02142,0.02164,0.02930,0.01507,0.02494,0.02265,0.02853,0.24393,0.07102,0.02713,0.03274,0.03924,0.04152,0.25175,0.01370,0.02039
0.08032,0.04948,0.03633,0.01545,0.04699,0.04801,0.02942,0.02299,0.02571,0.04009,0.04423,0.10948,0.08039,0.02471,0.02082,0.09424,0.05534,0.07950,0.03688,0.05961
0.03368,0.10049,0.02509,0.20992,0.02658,0.02006,0.25730,0.06340,0.02112,0.02471,0.02680,0.04713,0.03693,0.01037,0.03567,0.01006,0.00703,0.02294,0.01057,0.01015
0.04267,0.05063,0.04685,0.02445,0.06330,0.04858,0.02774,0.04967,0.02151,0.09225,0.03655,0.02439,0.06962,0.10739,0.07313,0.05097,0.03501,0.04691,0.03576,0.05261
0.04937,0.06436,0.03849,0.02343,0.03597,0.03095,0.01996,0.03146,0.03237,0.03122,0.16593,0.03330,0.04813,0.04779,0.18004,0.04595,0.02256,0.03923,0.02283,0.03665
0.01597,0.01166,0.01302,0.01276,0.01412,0.01195,0.01895,0.01570,0.01096,0.04830,0.16619,0.01416,0.02968,0.40477,0.13754,0.01414,0.01768,0.01984,0.00830,0.01431
0.03252,0.03666,0.02771,0.02299,0.05984,0.05353,0.02204,0.02456,0.01843,0.05309,0.24299,0.01147,0.02140,0.01162,0.22972,0.00627,0.03149,0.02440,0.01848,0.05078
0.02500,0.04028,0.01603,0.03460,0.03535,0.01364,0.03663,0.03540,0.02911,0.06508,0.02308,0.19964,0.05108,0.01918,0.01900,0.05073,0.02914,0.21424,0.02574,0.03705
0.03455,0.08975,0.06486,0.05138,0.07856,0.03829,0.05118,0.08149,0.01595,0.01836,0.13025,0.01782,0.04033,0.01467,0.11516,0.01386,0.00786,0.07160,0.01608,0.04800
0.01968,0.04999,0.03128,0.02196,0.04325,0.02154,0.03049,0.04529,0.03313,0.02601,0.04739,0.05186,0.15682,0.17057,0.02244,0.12655,0.00631,0.03978,0.01740,0.03826
0.02005,0.02422,0.01758,0.01798,0.01375,0.02492,0.03948,0.02297,0.02032,0.03963,0.09252,0.20019,0.01694,0.03033,0.07867,0.02933,0.02778,0.22423,0.01143,0.04766
0.07376,0.17686,0.13023,0.02063,0.03216,0.04752,0.02316,0.03286,0.01021,0.04329,0.11505,0.02228,0.01471,0.01357,0.11071,0.01434,0.03437,0.02922,0.02466,0.03040
0.01520,0.01628,0.01511,0.02193,0.00795,0.01055,0.01300,0.01590,0.01995,0.01313,0.21671,0.14333,0.03023,0.03438,0.22485,0.01436,0.01065,0.14625,0.01988,0.01036
0.01760,0.02167,0.02535,0.01722,0.02731,0.01321,0.01632,0.01743,0.00873,0.00896,0.36968,0.02542,0.01608,0.00729,0.34260,0.01355,0.00964,0.02308,0.00789,0.01095
0.02442,0.03554,0.01588,0.02312,0.02249,0.01582,0.01601,0.01153,0.00825,0.02272,0.24782,0.03963,0.01549,0.10419,0.22130,0.01572,0.01319,0.08282,0.02700,0.03706
0.02313,0.02942,0.02986,0.01746,0.01774,0.00631,0.01962,0.02585,0.03719,0.02946,0.04628,0.08080,0.11539,0.23469,0.03107,0.09875,0.04046,0.05148,0.03549,0.02957
0.00911,0.04440,0.02603,0.02071,0.03963,0.01683,0.01717,0.02940,0.01873,0.01314,0.05391,0.04478,0.21855,0.02470,0.05865,0.21139,0.03671,0.04343,0.02300,0.04970
0.01089,0.01289,0.01429,0.01559,0.01921,0.01593,0.02650,0.01067,0.01540,0.01364,0.01726,0.06194,0.34403,0.00520,0.02104,0.30664,0.00952,0.05741,0.00725,0.01471
0.04713,0.06849,0.05950,0.08619,0.08410,0.04563,0.15710,0.05862,0.06207,0.05455,0.05662,0.02510,0.01559,0.01958,0.03911,0.02347,0.01919,0.03021,0.01830,0.02945
0.08931,0.10349,0.06011,0.04311,0.07375,0.12006,0.03288,0.05476,0.02526,0.05250,0.02116,0.03950,0.07466,0.01119,0.02469,0.07873,0.03623,0.02420,0.01164,0.02277
0.02616,0.03936,0.01949,0.02629,0.02969,0.02320,0.02816,0.01803,0.03843,0.02262,0.04730,0.04143,0.03042,0.42512,0.03331,0.02917,0.00917,0.05439,0.02149,0.03676
0.03903,0.11847,0.05112,0.05249,0.06376,0.05799,0.05739,0.07778,0.02510,0.02486,0.10018,0.07808,0.02269,0.01508,0.07588,0.01187,0.01623,0.07218,0.01289,0.02693
0.02176,0.02576,0.01602,0.02753,0.02312,0.01772,0.00741,0.02655,0.02361,0.01549,0.11776,0.20868,0.02853,0.08758,0.08670,0.03195,0.01277,0.19225,0.01665,0.01215
0.05897,0.02092,0.04248,0.03657,0.03476,0.03549,0.04585,0.02261,0.01892,0.02844,0.08025,0.01855,0.02423,0.37467,0.05903,0.01143,0.01297,0.01937,0.02125,0.03324
0.01753,0.01912,0.01021,0.01318,0.01376,0.01396,0.01574,0.01321,0.01743,0.02099,0.27161,0.04069,0.00672,0.09926,0.23594,0.00885,0.01417,0.04071,0.06702,0.05989
0.01379,0.01646,0.02047,0.01967,0.02988,0.02435,0.04991,0.00862,0.02168,0.01514,0.24461,0.07163,0.01887,0.03782,0.21965,0.02829,0.02278,0.07858,0.03444,0.02336
0.02350,0.01891,0.01400,0.02920,0.02866,0.01421,0.03873,0.01725,0.00829,0.00959,0.06762,0.03596,0.01095,0.59235,0.01640,0.00833,0.02532,0.00961,0.01257,0.01856
0.02807,0.03601,0.03012,0.05399,0.03150,0.03844,0.04504,0.02994,0.05468,0.02726,0.05329,0.01684,0.09066,0.07301,0.06216,0.09583,0.09077,0.01712,0.07918,0.04609
0.05231,0.05079,0.08453,0.02509,0.04330,0.03703,0.01255,0.01633,0.02052,0.01567,0.19250,0.02528,0.04657,0.09184,0.18075,0.04445,0.01322,0.01233,0.00956,0.02538
0.01125,0.01291,0.01489,0.00739,0.00887,0.00959,0.01832,0.00640,0.00985,0.01234,0.04045,0.11388,0.26835,0.01159,0.01519,0.25268,0.02226,0.10422,0.00871,0.05085
0.01860,0.03361,0.11321,0.04561,0.04482,0.01940,0.02156,0.05893,0.02716,0.02360,0.23124,0.02520,0.03872,0.02158,0.19747,0.00700,0.01684,0.01730,0.01752,0.02062
0.02236,0.03267,0.03244,0.01863,0.03432,0.02404,0.03575,0.01873,0.01914,0.01580,0.05360,0.03199,0.26343,0.02171,0.03748,0.26221,0.01840,0.01323,0.01279,0.03128
0.02152,0.02593,0.02726,0.02472,0.03508,0.02347,0.01896,0.02400,0.02324,0.02765,0.01529,0.17093,0.13125,0.01350,0.01610,0.13018,0.03622,0.16198,0.03193,0.04080
0.03565,0.04665,0.04405,0.03692,0.11210,0.04602,0.04991,0.05654,0.01698,0.10786,0.09144,0.07793,0.03374,0.01851,0.05228,0.03969,0.01448,0.06287,0.02164,0.03476
0.05098,0.22094,0.02847,0.03334,0.17001,0.03385,0.07711,0.04860,0.03095,0.04151,0.03973,0.04811,0.02037,0.01179,0.01848,0.01940,0.01068,0.02404,0.01816,0.05346
0.01212,0.02519,0.02665,0.01908,0.01173,0.03286,0.01235,0.01801,0.02060,0.01848,0.17667,0.04060,0.15107,0.02953,0.14968,0.14018,0.05017,0.01460,0.02643,0.02401
0.02123,0.01838,0.01709,0.01422,0.01584,0.01353,0.01093,0.02939,0.01140,0.01567,0.30227,0.02019,0.11968,0.01298,0.31559,0.01580,0.01218,0.01745,0.00714,0.00903
0.06948,0.26833,0.02930,0.02719,0.21513,0.02340,0.05700,0.02061,0.01709,0.03200,0.03163,0.03732,0.03456,0.01678,0.03907,0.01702,0.01811,0.01800,0.01290,0.01507
0.00886,0.03015,0.04659,0.01496,0.00868,0.01721,0.01851,0.01961,0.00965,0.00974,0.00929,0.00665,0.00665,0.71548,0.00765,0.00695,0.02685,0.00570,0.00705,0.02376
0.03199,0.07039,0.09818,0.04294,0.05271,0.02994,0.02650,0.05155,0.05638,0.01955,0.08029,0.05233,0.02851,0.21942,0.01995,0.02859,0.01258,0.02507,0.01253,0.04060
0.02227,0.03248,0.02971,0.03010,0.04658,0.01484,0.02805,0.02881,0.01658,0.02601,0.21341,0.02913,0.10128,0.02959,0.17839,0.07041,0.01653,0.03122,0.02944,0.02516
0.14220,0.04983,0.03032,0.01452,0.02351,0.03254,0.09196,0.08313,0.01337,0.01819,0.01457,0.18667,0.01021,0.00626,0.01010,0.01247,0.02109,0.19966,0.00812,0.03129
0.02475,0.01459,0.00857,0.01315,0.01465,0.01049,0.01153,0.01079,0.01028,0.00771,0.35470,0.01573,0.01184,0.06343,0.34088,0.00894,0.01825,0.01313,0.02470,0.02188
0.04449,0.03320,0.05739,0.04748,0.07825,0.07024,0.04254,0.05102,0.04030,0.06209,0.03503,0.03980,0.02539,0.16248,0.07516,0.02513,0.02634,0.02680,0.02012,0.03672
0.01526,0.01643,0.02403,0.03687,0.01623,0.02683,0.02998,0.01843,0.01979,0.02494,0.08031,0.03503,0.02048,0.06157,0.10680,0.01823,0.21490,0.03188,0.17574,0.02628
0.06771,0.04514,0.02325,0.12885,0.02477,0.08274,0.05306,0.03758,0.03539,0.04919,0.01880,0.16328,0.02567,0.02588,0.02290,0.01704,0.00604,0.14225,0.02163,0.00883
0.14466,0.06739,0.04967,0.03198,0.01725,0.00734,0.09821,0.09617,0.01456,0.01424,0.11259,0.10552,0.01902,0.02204,0.08608,0.00716,0.00612,0.07674,0.01206,0.01121
0.04276,0.05019,0.02535,0.03754,0.03997,0.03238,0.02242,0.02780,0.02910,0.03489,0.09075,0.04550,0.03054,0.05483,0.03906,0.05580,0.04131,0.12462,0.10945,0.06573
0.03333,0.07769,0.03564,0.01992,0.03428,0.03840,0.02497,0.04720,0.08144,0.02772,0.06686,0.03489,0.10439,0.09367,0.03651,0.10653,0.01313,0.04308,0.01621,0.06415
0.01438,0.01360,0.01093,0.02619,0.01324,0.36159,0.33906,0.00878,0.00972,0.00789,0.02577,0.01666,0.00629,0.08139,0.01176,0.00630,0.01706,0.01333,0.00806,0.00799
0.05937,0.03906,0.02508,0.02848,0.04240,0.05544,0.02466,0.04969,0.04085,0.01945,0.03719,0.20766,0.05997,0.03885,0.03860,0.01796,0.00702,0.18636,0.01043,0.01148
0.05582,0.02962,0.03324,0.02140,0.02112,0.04140,0.07853,0.03402,0.01753,0.02706,0.19923,0.03371,0.07576,0.02893,0.18983,0.05520,0.00983,0.02531,0.01284,0.00963
0.05088,0.03133,0.02686,0.03950,0.02346,0.02437,0.02602,0.01769,0.03322,0.02745,0.12592,0.04775,0.07248,0.06632,0.14241,0.09988,0.01125,0.07823,0.02556,0.02942
0.02752,0.01463,0.03771,0.02225,0.02485,0.02244,0.00728,0.02843,0.01477,0.02983,0.01833,0.01700,0.33892,0.00721,0.01330,0.31923,0.01227,0.01375,0.00898,0.02129
0.02381,0.02355,0.01730,0.02232,0.01424,0.00707,0.00918,0.00970,0.01148,0.00997,0.38287,0.01119,0.01769,0.00550,0.37555,0.01502,0.00463,0.01045,0.00605,0.02243
0.01313,0.02061,0.01387,0.00689,0.02041,0.01617,0.01678,0.02628,0.02064,0.01227,0.02749,0.10174,0.28437,0.02415,0.02051,0.25451,0.01746,0.07502,0.00756,0.02015
0.01294,0.01425,0.00942,0.02030,0.00636,0.01049,0.01387,0.00723,0.00975,0.01334,0.41342,0.01524,0.01880,0.01347,0.36939,0.01150,0.00947,0.01230,0.00918,0.00927
0.03954,0.06003,0.02445,0.03491,0.06133,0.08565,0.04016,0.05529,0.04997,0.04505,0.04076,0.05766,0.01433,0.08223,0.03470,0.04127,0.03264,0.07556,0.03990,0.08457
0.02254,0.02410,0.02149,0.02659,0.02558,0.02548,0.03371,0.01589,0.01677,0.01536,0.18632,0.16512,0.07546,0.18469,0.04378,0.01977,0.02330,0.01709,0.03613,0.02083
0.04141,0.05246,0.05453,0.10655,0.16643,0.03561,0.04895,0.03125,0.13843,0.02216,0.03534,0.04744,0.04091,0.02546,0.01733,0.03624,0.02929,0.02845,0.02636,0.01538
0.04356,0.05541,0.02744,0.05055,0.02562,0.02760,0.03292,0.02693,0.02636,0.02958,0.04855,0.02304,0.03774,0.25232,0.03179,0.03099,0.01932,0.08035,0.08256,0.04738
0.33707,0.14218,0.01343,0.00702,0.02514,0.15560,0.07248,0.01002,0.02057,0.00536,0.04006,0.02508,0.03957,0.00905,0.02918,0.01421,0.00872,0.00869,0.01330,0.02327
0.05005,0.01940,0.02798,0.03955,0.03008,0.01249,0.01907,0.01684,0.03341,0.01518,0.27849,0.04683,0.02444,0.02704,0.23986,0.01072,0.03005,0.02003,0.01526,0.04322
0.05062,0.12057,0.03539,0.03810,0.17589,0.02206,0.03933,0.06177,0.05251,0.05265,0.08645,0.02949,0.03631,0.04281,0.07974,0.01544,0.01423,0.01417,0.01661,0.01585
0.07929,0.07307,0.05895,0.04903,0.04868,0.02726,0.15010,0.02612,0.07607,0.04648,0.01719,0.03898,0.03031,0.11157,0.01483,0.04447,0.01960,0.04258,0.02077,0.02465
0.04557,0.08388,0.03447,0.02772,0.03018,0.03243,0.02504,0.03726,0.02679,0.01651,0.23040,0.04713,0.01930,0.04869,0.17691,0.01750,0.02107,0.03358,0.01935,0.02620
0.04841,0.01136,0.02281,0.03896,0.01529,0.02811,0.02730,0.01466,0.02492,0.12665,0.14257,0.01186,0.06658,0.02610,0.18243,0.09895,0.04521,0.01735,0.02830,0.02219
0.03724,0.02026,0.01903,0.01588,0.01836,0.00780,0.01637,0.02053,0.01497,0.02711,0.08887,0.06629,0.22181,0.05142,0.23208,0.02412,0.02022,0.03835,0.02785,0.03143
0.02632,0.04790,0.01784,0.02040,0.03836,0.06603,0.03926,0.02514,0.02183,0.02379,0.03305,0.02563,0.03094,0.42877,0.03278,0.03384,0.01416,0.02296,0.02502,0.02597
0.02006,0.01683,0.01794,0.02827,0.02160,0.01695,0.02825,0.00717,0.01406,0.01525,0.31550,0.32261,0.02640,0.02057,0.02135,0.01699,0.02254,0.02001,0.01748,0.03016
0.02404,0.04761,0.04931,0.03040,0.02336,0.03628,0.04229,0.02125,0.02313,0.02431,0.15008,0.02856,0.15258,0.02792,0.11342,0.12540,0.01925,0.01958,0.01405,0.02718
0.01946,0.03112,0.02451,0.01990,0.02794,0.01792,0.01530,0.01978,0.01910,0.02298,0.11352,0.10537,0.09967,0.26906,0.10603,0.02381,0.00853,0.02059,0.02740,0.00802
0.08807,0.01386,0.00816,0.05243,0.01924,0.03019,0.00703,0.01351,0.01092,0.00636,0.20137,0.02995,0.00683,0.01552,0.18254,0.05924,0.02830,0.11695,0.05812,0.05143
0.01982,0.01779,0.02093,0.01516,0.01755,0.02231,0.02807,0.01467,0.01150,0.01497,0.02201,0.25387,0.02612,0.01346,0.01451,0.01114,0.09251,0.26086,0.01361,0.10914
0.02734,0.05282,0.03980,0.03580,0.06943,0.07315,0.06187,0.03405,0.04476,0.04167,0.06760,0.07450,0.02190,0.08304,0.05817,0.03030,0.01321,0.09842,0.03208,0.04008
0.01993,0.03153,0.03002,0.01003,0.01795,0.02054,0.02489,0.03453,0.02957,0.02326,0.06921,0.26288,0.02281,0.04167,0.04255,0.01342,0.01828,0.24661,0.02044,0.01988
0.06941,0.08239,0.04812,0.01555,0.06800,0.07772,0.05706,0.05853,0.06480,0.02627,0.05975,0.04541,0.02548,0.02683,0.07790,0.05570,0.02720,0.05450,0.02087,0.03849
0.02342,0.01770,0.02048,0.02995,0.01369,0.01760,0.01955,0.02443,0.01120,0.00864,0.29295,0.02394,0.09471,0.01746,0.25167,0.06526,0.01102,0.02479,0.01828,0.01327
0.02160,0.04309,0.04565,0.03207,0.02938,0.02798,0.03855,0.03874,0.03646,0.05986,0.20392,0.03979,0.06234,0.00739,0.15509,0.07601,0.01880,0.01329,0.01720,0.03278
0.02637,0.04627,0.03023,0.02625,0.03060,0.01785,0.02499,0.02686,0.03069,0.03704,0.08840,0.22782,0.02219,0.01013,0.02845,0.02120,0.00864,0.24485,0.01366,0.03751
0.01803,0.02652,0.02328,0.05130,0.02557,0.01682,0.02291,0.01576,0.01562,0.02527,0.03902,0.21986,0.03833,0.02372,0.07414,0.03119,0.02231,0.24785,0.03498,0.02753
0.08937,0.06582,0.05115,0.01509,0.03468,0.02751,0.05575,0.02781,0.02166,0.02233,0.02309,0.04358,0.01019,0.02088,0.01201,0.01034,0.20031,0.03045,0.00664,0.23133
0.02852,0.11516,0.05016,0.02533,0.17375,0.02544,0.02598,0.02378,0.01854,0.01869,0.06852,0.06147,0.03678,0.10123,0.05660,0.01632,0.05933,0.02691,0.01142,0.05607
0.02816,0.02831,0.01187,0.01403,0.01921,0.02585,0.03705,0.02006,0.01521,0.01910,0.12738,0.04517,0.00994,0.34394,0.10285,0.01278,0.00592,0.06745,0.03411,0.03159
0.04494,0.10847,0.04456,0.05818,0.06334,0.06035,0.02511,0.09552,0.03764,0.02366,0.06839,0.08076,0.02057,0.05402,0.06353,0.01855,0.02103,0.07474,0.01646,0.02017
0.01970,0.01393,0.01386,0.02056,0.02442,0.01669,0.01789,0.01408,0.01393,0.01710,0.02387,0.02693,0.32413,0.06327,0.02249,0.29604,0.01050,0.01994,0.02096,0.01971
0.06519,0.06839,0.04344,0.03691,0.03509,0.04527,0.03696,0.03136,0.04268,0.03093,0.11869,0.02357,0.12003,0.05870,0.09553,0.09065,0.01343,0.02088,0.01462,0.00767
0.04258,0.02685,0.04429,0.05868,0.03504,0.01907,0.02251,0.04749,0.01947,0.01151,0.07227,0.05946,0.06216,0.05255,0.02523,0.07958,0.11033,0.03133,0.05075,0.12886
0.02771,0.03792,0.02937,0.03506,0.03571,0.02748,0.01664,0.02733,0.02432,0.01355,0.21334,0.10885,0.03324,0.01483,0.19138,0.01673,0.02085,0.09941,0.01167,0.01462
0.03750,0.07252,0.02258,0.03115,0.07213,0.02410,0.06012,0.05108,0.02272,0.04190,0.08818,0.11660,0.03719,0.03263,0.04329,0.04326,0.01969,0.13353,0.01365,0.03619
0.01438,0.01586,0.01656,0.00962,0.01172,0.01478,0.01415,0.01123,0.00851,0.00540,0.02893,0.03784,0.17021,0.38136,0.02290,0.15072,0.00847,0.02920,0.01939,0.02875
0.01245,0.01901,0.01115,0.01681,0.01018,0.28090,0.00979,0.01053,0.00739,0.25752,0.02906,0.10030,0.01543,0.08047,0.01571,0.01158,0.00502,0.09610,0.00693,0.00366
0.04120,0.02649,0.03455,0.04106,0.02814,0.02761,0.01741,0.02715,0.02600,0.01672,0.10861,0.16077,0.05178,0.03231,0.10181,0.02934,0.00588,0.18326,0.02301,0.01691
0.02956,0.05072,0.03849,0.03203,0.04627,0.04070,0.05671,0.05591,0.05224,0.02845,0.04770,0.08521,0.02479,0.17301,0.05877,0.01958,0.03271,0.09276,0.01254,0.02186
0.02874,0.02731,0.02546,0.04510,0.10064,0.01861,0.01803,0.01358,0.04062,0.01467,0.02452,0.25522,0.02095,0.01393,0.01628,0.01746,0.01534,0.27321,0.01170,0.01864
0.01913,0.02694,0.01451,0.01396,0.02038,0.02193,0.03109,0.01001,0.00955,0.02104,0.02158,0.16749,0.01560,0.20748,0.01858,0.02733,0.01331,0.21780,0.05174,0.07056
0.38270,0.01981,0.00976,0.01631,0.01098,0.00722,0.01244,0.01314,0.01239,0.35819,0.03108,0.01395,0.01470,0.00921,0.01936,0.00927,0.01440,0.01148,0.00620,0.02742
0.08081,0.09117,0.04875,0.04338,0.07348,0.04097,0.09086,0.08386,0.03110,0.04806,0.04180,0.05583,0.07370,0.04606,0.03120,0.04291,0.00851,0.02687,0.02279,0.01789
0.01551,0.20085,0.03380,0.01914,0.25453,0.01473,0.02439,0.02787,0.02177,0.01315,0.02806,0.01349,0.01807,0.14016,0.03010,0.02403,0.04919,0.01472,0.02252,0.03390
0.01429,0.02645,0.01867,0.01407,0.02379,0.01345,0.02172,0.01060,0.02211,0.01119,0.12905,0.04033,0.07124,0.31974,0.10962,0.03085,0.01651,0.04605,0.02346,0.03682
0.03406,0.04737,0.03807,0.01770,0.04004,0.03729,0.01657,0.06620,0.04544,0.05084,0.05660,0.06143,0.18748,0.03213,0.05187,0.16038,0.00925,0.02596,0.00967,0.01165
0.03103,0.03292,0.01925,0.02503,0.03013,0.01940,0.04354,0.01645,0.02758,0.01785,0.05357,0.21804,0.04749,0.01719,0.07378,0.03401,0.02746,0.22231,0.02812,0.01484
0.03220,0.03571,0.02277,0.03508,0.06228,0.07429,0.03981,0.02735,0.02189,0.03293,0.02538,0.02073,0.06502,0.03536,0.03090,0.07083,0.11318,0.03200,0.09110,0.13118
0.05089,0.09214,0.05082,0.02613,0.05323,0.04101,0.05147,0.05348,0.01702,0.04329,0.02994,0.04744,0.03220,0.13909,0.04607,0.05812,0.01919,0.07182,0.02154,0.05511
0.28439,0.11317,0.02441,0.02388,0.06425,0.14448,0.06940,0.03306,0.01959,0.01754,0.02255,0.02151,0.03279,0.01980,0.03000,0.01824,0.00919,0.01834,0.01292,0.02052
0.01973,0.06886,0.02638,0.05393,0.03756,0.03472,0.03699,0.03841,0.02613,0.03005,0.08942,0.08339,0.08206,0.04151,0.07652,0.06309,0.02886,0.09279,0.03740,0.03221
0.01830,0.01213,0.00995,0.01992,0.01630,0.02089,0.01860,0.01757,0.01017,0.01143,0.31235,0.33894,0.03367,0.05355,0.02429,0.02103,0.00686,0.02073,0.02385,0.00947
0.08967,0.06061,0.04511,0.05527,0.08867,0.03001,0.04397,0.05836,0.10469,0.03384,0.05562,0.05279,0.05475,0.01833,0.04826,0.04499,0.01889,0.05230,0.01586,0.02800
0.05183,0.01838,0.04077,0.01705,0.02859,0.01778,0.02557,0.03627,0.02332,0.02056,0.06504,0.22758,0.04349,0.02079,0.04718,0.03749,0.02680,0.21404,0.01419,0.02330
0.03299,0.02464,0.01688,0.01768,0.02132,0.03635,0.03794,0.02071,0.02854,0.02906,0.04776,0.05966,0.06718,0.20062,0.03040,0.06498,0.06092,0.04647,0.05814,0.09776
0.03051,0.03201,0.02808,0.03275,0.01968,0.02515,0.02842,0.01582,0.02407,0.01607,0.02613,0.01406,0.25566,0.08323,0.02495,0.21107,0.01951,0.04878,0.02967,0.03438
0.02011,0.02867,0.01781,0.02461,0.06487,0.06962,0.04546,0.04632,0.04737,0.06041,0.02201,0.11031,0.03292,0.00894,0.03301,0.08263,0.01107,0.16148,0.06804,0.04434
0.02988,0.05448,0.02211,0.05792,0.05760,0.02735,0.04100,0.03662,0.02883,0.04437,0.12944,0.02104,0.01787,0.01824,0.12486,0.02103,0.04858,0.04730,0.11237,0.05912
0.01334,0.01741,0.01747,0.01445,0.03972,0.02605,0.01239,0.01218,0.01505,0.01425,0.05204,0.11005,0.02100,0.05344,0.06502,0.02365,0.17923,0.11707,0.16028,0.03590
0.02926,0.05771,0.01530,0.02278,0.01893,0.01749,0.05454,0.02040,0.02342,0.02520,0.07701,0.25162,0.06518,0.04423,0.01498,0.02920,0.00649,0.18995,0.01758,0.01875
0.02022,0.03220,0.02216,0.01431,0.01217,0.07790,0.02619,0.01004,0.01787,0.09748,0.05183,0.04020,0.06098,0.36487,0.05105,0.04293,0.00599,0.03025,0.01177,0.00957
0.01483,0.02381,0.01498,0.01793,0.02081,0.01364,0.01266,0.01717,0.00744,0.01017,0.04491,0.31648,0.04193,0.04847,0.01390,0.01786,0.00829,0.32687,0.00969,0.01815
0.05012,0.03747,0.02330,0.03549,0.04326,0.02125,0.02935,0.02595,0.02626,0.03670,0.07376,0.02869,0.18194,0.05036,0.08792,0.16005,0.01788,0.03691,0.02165,0.01169
0.02579,0.03498,0.02807,0.02167,0.03467,0.04962,0.03092,0.02281,0.02876,0.03915,0.04530,0.14491,0.02212,0.12371,0.03278,0.02700,0.04971,0.14890,0.05208,0.03705
0.02965,0.02502,0.01755,0.02974,0.01105,0.00959,0.01310,0.02535,0.02435,0.01290,0.04181,0.11321,0.23775,0.01701,0.03312,0.21941,0.00940,0.11028,0.01068,0.00903
0.02731,0.02909,0.02995,0.02713,0.02328,0.01290,0.01041,0.04397,0.02760,0.04113,0.23935,0.06389,0.04401,0.02763,0.21100,0.02723,0.01371,0.04808,0.02805,0.02425
0.01594,0.01214,0.00487,0.00963,0.00985,0.01811,0.00847,0.01175,0.00639,0.01651,0.02321,0.03027,0.01009,0.71818,0.01505,0.02312,0.00539,0.02559,0.02312,0.01234
0.07915,0.03993,0.06578,0.04712,0.06294,0.04168,0.05510,0.02104,0.03919,0.03755,0.07989,0.07971,0.03219,0.02433,0.04101,0.01794,0.09553,0.03244,0.02185,0.08565
0.01402,0.01514,0.01096,0.01329,0.03346,0.00883,0.01427,0.01013,0.00891,0.01099,0.06062,0.31899,0.01112,0.01919,0.05635,0.00602,0.00971,0.34845,0.01037,0.01918
0.01412,0.04260,0.01611,0.02038,0.02075,0.01328,0.02177,0.01726,0.01322,0.02270,0.15900,0.01159,0.22052,0.03345,0.30350,0.01027,0.01745,0.00749,0.01850,0.01605
0.03086,0.03303,0.03976,0.05042,0.02532,0.02227,0.03523,0.02633,0.03504,0.03506,0.05016,0.05889,0.09243,0.28261,0.03965,0.04005,0.01776,0.04164,0.02415,0.01935
0.02779,0.03091,0.05214,0.04694,0.01840,0.01309,0.03506,0.02605,0.02836,0.04252,0.02012,0.19761,0.01926,0.02370,0.02646,0.01227,0.04867,0.21950,0.01115,0.10002
0.04720,0.04993,0.02351,0.05691,0.01756,0.03176,0.03335,0.04070,0.05227,0.02238,0.03179,0.01586,0.02341,0.14854,0.02925,0.01080,0.01887,0.16681,0.15653,0.02254
0.02960,0.03213,0.01576,0.01490,0.02234,0.01087,0.02852,0.02524,0.01758,0.01534,0.03012,0.06342,0.27881,0.02036,0.03691,0.25096,0.01297,0.05682,0.01373,0.02362
0.01841,0.02180,0.02051,0.01526,0.01775,0.01667,0.02138,0.02325,0.03036,0.01595,0.02983,0.01217,0.14769,0.37473,0.00858,0.14767,0.02152,0.01933,0.01175,0.02539
0.09928,0.06200,0.02285,0.05881,0.03179,0.05119,0.09725,0.03592,0.04725,0.03820,0.01897,0.13383,0.02073,0.02447,0.00959,0.01419,0.04737,0.11767,0.01316,0.05551
0.01505,0.02539,0.02915,0.02852,0.01530,0.01232,0.02822,0.01546,0.00900,0.03329,0.02283,0.29204,0.00896,0.00817,0.03568,0.01051,0.05024,0.31653,0.01122,0.03210
0.01639,0.03296,0.00951,0.01170,0.01683,0.02146,0.01271,0.01442,0.01277,0.01057,0.11579,0.01980,0.25978,0.00684,0.11452,0.25389,0.01120,0.02376,0.01143,0.02366
0.01886,0.02002,0.04088,0.03291,0.02401,0.02113,0.01253,0.01460,0.02476,0.03632,0.01082,0.01547,0.01948,0.61098,0.01391,0.02114,0.00862,0.03201,0.01230,0.00926
0.01890,0.02435,0.02357,0.02488,0.02269,0.01178,0.03718,0.02360,0.01668,0.01835,0.14412,0.20648,0.03145,0.11019,0.04583,0.03311,0.01681,0.14152,0.02151,0.02700
0.01837,0.02065,0.01600,0.03296,0.01540,0.30896,0.00998,0.03734,0.00683,0.31365,0.05263,0.01124,0.01356,0.01675,0.03665,0.00734,0.02965,0.02033,0.01584,0.01586
0.04473,0.03554,0.01759,0.04352,0.02454,0.01875,0.02011,0.01192,0.03132,0.01039,0.27137,0.02487,0.03747,0.00471,0.27149,0.02811,0.02682,0.01302,0.01750,0.04622
