0.13043,0.00269,0.23667,0.02080,0.07845,0.02999,0.26550,0.23547
0.42337,0.01630,0.13349,0.27870,0.05519,0.05275,0.01795,0.02224
0.43866,0.00090,0.48247,0.01287,0.00197,0.03404,0.01146,0.01763
0.18720,0.00315,0.07017,0.15826,0.00462,0.01861,0.27687,0.28112
0.41109,0.00789,0.35892,0.10115,0.02922,0.01863,0.04020,0.03291
0.30226,0.00623,0.37700,0.03164,0.02255,0.07012,0.10052,0.08968
0.42147,0.00494,0.38926,0.09580,0.00940,0.00996,0.03629,0.03289
0.05177,0.00919,0.20080,0.00912,0.03983,0.10866,0.28556,0.29508
0.44267,0.00388,0.08088,0.40885,0.00542,0.01669,0.02031,0.02131
0.48079,0.00121,0.03696,0.46053,0.00507,0.00511,0.00518,0.00513
0.42536,0.00266,0.31064,0.15486,0.01442,0.06661,0.01375,0.01171
0.42704,0.00144,0.43093,0.06640,0.01155,0.03966,0.01076,0.01222
0.10230,0.00364,0.28006,0.00917,0.00774,0.18638,0.19195,0.21878
0.13674,0.00504,0.18800,0.03834,0.03178,0.07305,0.25774,0.26931
0.08433,0.00190,0.47706,0.02169,0.35456,0.02460,0.02030,0.01556
0.36379,0.06312,0.42050,0.01938,0.10388,0.00970,0.00922,0.01042
0.26483,0.00723,0.12215,0.19612,0.18279,0.19224,0.01668,0.01796
0.35564,0.00702,0.22281,0.12988,0.04522,0.02275,0.09754,0.11913
0.10774,0.02609,0.15994,0.04560,0.23872,0.30076,0.06011,0.06105
0.38057,0.02429,0.33296,0.11064,0.02518,0.06214,0.03386,0.03036
0.32005,0.00548,0.28284,0.15026,0.00683,0.02885,0.09085,0.11483
0.15496,0.00530,0.13286,0.07004,0.07320,0.05233,0.24495,0.26636
0.20494,0.01721,0.15437,0.06741,0.03744,0.03304,0.24198,0.24360
0.07827,0.00472,0.10513,0.01822,0.06033,0.05261,0.33126,0.34945
0.34806,0.01325,0.15988,0.12787,0.00336,0.01464,0.12942,0.20353
0.10805,0.01444,0.39574,0.07552,0.01335,0.33684,0.02759,0.02848
0.12893,0.00560,0.10864,0.04996,0.33004,0.34532,0.01748,0.01403
0.07137,0.49880,0.06180,0.01149,0.00505,0.00381,0.17482,0.17286
0.36103,0.01062,0.40817,0.05735,0.04237,0.06282,0.02783,0.02981
0.07177,0.00122,0.24402,0.00573,0.09024,0.00530,0.33738,0.24433
0.31040,0.00297,0.33765,0.04994,0.07339,0.09139,0.07469,0.05958
0.15197,0.00191,0.22672,0.05774,0.09615,0.02547,0.22628,0.21376
0.23096,0.00677,0.07410,0.17634,0.00532,0.01823,0.24553,0.24275
0.38964,0.00338,0.14441,0.32179,0.00225,0.09285,0.02431,0.02136
0.29064,0.20839,0.29160,0.01728,0.07587,0.07797,0.01828,0.01996
0.17699,0.00193,0.40931,0.01263,0.00780,0.21252,0.09114,0.08768
0.15710,0.00440,0.37678,0.05036,0.03308,0.33422,0.02212,0.02194
0.47746,0.00574,0.17790,0.29416,0.00695,0.00768,0.02162,0.00848
0.49321,0.00092,0.24108,0.24850,0.00384,0.00272,0.00503,0.00469
0.38245,0.09887,0.38821,0.01721,0.04947,0.04645,0.00925,0.00809
0.17175,0.00260,0.19862,0.11589,0.11685,0.01444,0.20905,0.17079
0.12379,0.00347,0.18931,0.01636,0.01779,0.05156,0.29490,0.30282
0.08300,0.00422,0.39173,0.01426,0.00513,0.32006,0.08716,0.09443
0.43235,0.03117,0.38830,0.06612,0.01490,0.01319,0.02949,0.02449
0.22499,0.01784,0.45756,0.01279,0.03782,0.19605,0.02438,0.02857
0.41121,0.00149,0.12070,0.36549,0.01515,0.00442,0.03776,0.04376
0.36409,0.01725,0.41935,0.03931,0.10492,0.01158,0.02196,0.02153
0.16409,0.01357,0.11080,0.05317,0.10137,0.07440,0.24035,0.24226
0.37400,0.00360,0.31803,0.12378,0.05190,0.05400,0.04485,0.02985
0.42857,0.00318,0.46805,0.02134,0.07042,0.00248,0.00316,0.00278
0.05902,0.00756,0.37898,0.01982,0.00698,0.35420,0.08527,0.08818
0.06333,0.83798,0.03850,0.02816,0.00404,0.00421,0.01185,0.01194
0.17400,0.00668,0.15805,0.06143,0.06681,0.04412,0.24690,0.24200
0.06854,0.00280,0.43038,0.05098,0.00458,0.39522,0.02140,0.02611
0.22581,0.00497,0.16819,0.07926,0.20299,0.20067,0.06081,0.05730
0.45291,0.00367,0.37615,0.11125,0.01874,0.01219,0.01314,0.01194
0.28996,0.00949,0.32926,0.02209,0.04625,0.01092,0.13722,0.15479
0.41715,0.04507,0.36908,0.08419,0.01436,0.01116,0.02966,0.02933
0.24512,0.00715,0.15665,0.16825,0.02977,0.06609,0.16727,0.15969
0.13685,0.00948,0.08885,0.04909,0.13938,0.11536,0.23503,0.22595
0.24340,0.00485,0.14234,0.06425,0.21573,0.17964,0.07111,0.07867
0.32967,0.12748,0.40677,0.01868,0.00751,0.06672,0.01791,0.02526
0.23699,0.02534,0.12498,0.17730,0.15683,0.18197,0.04337,0.05322
0.47051,0.00743,0.10934,0.34195,0.00683,0.03936,0.01694,0.00766
0.32797,0.00824,0.47197,0.01483,0.00830,0.13017,0.01616,0.02236
0.08715,0.00306,0.06983,0.01929,0.00589,0.00806,0.40202,0.40471
0.05980,0.00178,0.48376,0.00598,0.41847,0.01026,0.01191,0.00804
0.40563,0.00887,0.40939,0.04004,0.05147,0.01443,0.03022,0.03994
0.20974,0.01153,0.26993,0.03125,0.02784,0.09407,0.17305,0.18260
0.15535,0.00615,0.32838,0.08071,0.03166,0.28876,0.05216,0.05683
0.15828,0.00234,0.10274,0.10770,0.29475,0.30376,0.01629,0.01413
0.42533,0.02454,0.43232,0.04164,0.05405,0.00699,0.00808,0.00704
0.36874,0.03702,0.29773,0.12241,0.01461,0.05508,0.05340,0.05100
0.10127,0.00395,0.17262,0.00670,0.03388,0.08613,0.29079,0.30466
0.19935,0.00801,0.20937,0.01401,0.23592,0.22834,0.05250,0.05250
0.35804,0.03118,0.24629,0.14853,0.02294,0.03049,0.07861,0.08391
0.11220,0.00389,0.32338,0.00301,0.00595,0.13611,0.19190,0.22356
0.14248,0.02746,0.39361,0.02348,0.26341,0.01451,0.07370,0.06134
0.36518,0.00972,0.15576,0.25056,0.00702,0.16957,0.02756,0.01463
0.04568,0.00120,0.31098,0.00473,0.23376,0.00928,0.19437,0.20000
0.46639,0.00524,0.15280,0.29460,0.01446,0.01433,0.03458,0.01761
0.29836,0.00346,0.32705,0.12312,0.02383,0.19457,0.01605,0.01357
0.17198,0.00965,0.13644,0.09427,0.01989,0.07184,0.24050,0.25544
0.41646,0.00629,0.08380,0.37104,0.00988,0.00911,0.04974,0.05368
0.47691,0.00125,0.28070,0.19899,0.00751,0.01122,0.01309,0.01033
0.24552,0.01818,0.40219,0.02550,0.16093,0.02929,0.05633,0.06206
0.22355,0.00536,0.06468,0.13296,0.00484,0.00926,0.30949,0.24985
0.22001,0.44788,0.18847,0.02629,0.01107,0.00498,0.05249,0.04881
0.25536,0.01831,0.23728,0.15699,0.07639,0.13905,0.05510,0.06153
0.33748,0.00473,0.36925,0.08788,0.12218,0.02155,0.02941,0.02753
0.29400,0.00677,0.28025,0.10108,0.01136,0.12230,0.07988,0.10436
0.14261,0.00342,0.25573,0.05476,0.00580,0.14173,0.20265,0.19331
0.05118,0.04914,0.09067,0.01201,0.00845,0.01057,0.38509,0.39288
0.17567,0.00245,0.16133,0.02137,0.01490,0.01972,0.30524,0.29932
0.37937,0.02626,0.39382,0.02747,0.03109,0.02060,0.05952,0.06186
0.39100,0.02830,0.43167,0.02956,0.03015,0.06938,0.00870,0.01124
0.23193,0.00973,0.40918,0.03555,0.01678,0.15943,0.06465,0.07275
0.06851,0.64369,0.14433,0.01735,0.01030,0.09748,0.01044,0.00790
0.06161,0.00276,0.47233,0.00428,0.00561,0.43672,0.00836,0.00833
0.07769,0.00384,0.12731,0.00754,0.21183,0.18688,0.20202,0.18288
0.26690,0.00570,0.15151,0.11904,0.01913,0.01075,0.20985,0.21710
0.22437,0.04696,0.23762,0.21725,0.09930,0.07746,0.05411,0.04294
0.04344,0.00276,0.06132,0.00815,0.25746,0.25964,0.19449,0.17274
0.16261,0.00682,0.19321,0.03545,0.02180,0.02724,0.27208,0.28079
0.36763,0.00364,0.40397,0.04231,0.01017,0.05651,0.05573,0.06003
0.06913,0.00601,0.08408,0.01322,0.32059,0.31181,0.10054,0.09462
0.23238,0.03623,0.31217,0.03327,0.05032,0.08981,0.12885,0.11696
0.44851,0.00160,0.14254,0.27153,0.00672,0.01843,0.04508,0.06558
0.21136,0.00659,0.34678,0.00858,0.00748,0.09629,0.15287,0.17004
0.02848,0.00227,0.49067,0.00352,0.00260,0.45753,0.00773,0.00720
0.45152,0.00408,0.42454,0.06716,0.01170,0.01971,0.00879,0.01249
0.25678,0.00344,0.06539,0.21496,0.01320,0.01269,0.21723,0.21631
0.15655,0.27942,0.30144,0.01745,0.03043,0.15964,0.02269,0.03238
0.23513,0.00558,0.28208,0.01963,0.00623,0.02035,0.22926,0.20174
0.28272,0.05340,0.09860,0.06673,0.00255,0.00632,0.19725,0.29244
0.21467,0.01624,0.07653,0.17131,0.02256,0.01501,0.24043,0.24324
0.13315,0.00698,0.07182,0.05797,0.00936,0.01165,0.35359,0.35548
0.25410,0.00278,0.33635,0.13535,0.02965,0.22567,0.00857,0.00752
0.30632,0.00548,0.42730,0.04990,0.03593,0.15472,0.01066,0.00968
0.38016,0.00264,0.40998,0.04777,0.01627,0.02638,0.06849,0.04831
0.40488,0.01531,0.27301,0.15041,0.03351,0.01241,0.05609,0.05438
0.16471,0.05277,0.35724,0.04913,0.17444,0.02599,0.08722,0.08850
0.42398,0.00772,0.45858,0.01592,0.00655,0.03206,0.02144,0.03375
0.10749,0.00525,0.26512,0.04539,0.02347,0.18991,0.18019,0.18318
0.34525,0.00404,0.22066,0.18029,0.00896,0.17977,0.03179,0.02924
0.41738,0.00141,0.42496,0.01507,0.04216,0.04240,0.02253,0.03410
0.36476,0.01467,0.35212,0.06700,0.07633,0.00726,0.05660,0.06127
0.19198,0.00530,0.37256,0.01807,0.00742,0.23702,0.07007,0.09757
0.32038,0.00798,0.10064,0.16732,0.20838,0.16087,0.01980,0.01464
0.45096,0.00775,0.48171,0.00736,0.02368,0.01519,0.00664,0.00671
0.22755,0.00212,0.18999,0.11994,0.02173,0.12475,0.15467,0.15926
0.46638,0.00193,0.18118,0.27458,0.00943,0.00903,0.03561,0.02185
0.35120,0.00898,0.36394,0.04074,0.01971,0.03431,0.09585,0.08526
0.09560,0.00827,0.50397,0.00689,0.31826,0.04101,0.01449,0.01151
0.45614,0.00156,0.43259,0.05279,0.00385,0.00594,0.01968,0.02743
0.34227,0.01904,0.35452,0.07368,0.01447,0.08545,0.05767,0.05290
0.09946,0.00169,0.14835,0.00973,0.01399,0.01786,0.36738,0.34153
0.42124,0.00404,0.23185,0.22492,0.01663,0.02305,0.03780,0.04045
0.40835,0.00528,0.32334,0.16716,0.05025,0.02815,0.00878,0.00869
0.25786,0.00499,0.13080,0.20061,0.01132,0.01883,0.18186,0.19372
0.44148,0.00504,0.38434,0.09933,0.02381,0.02525,0.00924,0.01152
0.50041,0.00169,0.01862,0.46502,0.00472,0.00430,0.00265,0.00259
0.19240,0.07674,0.38724,0.03421,0.01894,0.23776,0.02627,0.02643
0.43166,0.00259,0.42773,0.04608,0.02424,0.01473,0.03710,0.01588
0.29762,0.02199,0.33410,0.02446,0.12515,0.16319,0.01425,0.01924
0.41268,0.02753,0.44148,0.05242,0.01374,0.03479,0.00711,0.01027
0.34978,0.01038,0.23850,0.09769,0.01371,0.02111,0.11429,0.15453
0.07428,0.00298,0.08048,0.02566,0.32004,0.34367,0.07665,0.07624
0.43926,0.00205,0.14847,0.27267,0.03095,0.03383,0.04231,0.03045
0.35913,0.01029,0.39459,0.01469,0.01904,0.02458,0.07968,0.09801
0.32477,0.00845,0.28757,0.03391,0.16734,0.15768,0.00932,0.01097
0.16747,0.01633,0.18533,0.01976,0.01532,0.00721,0.28562,0.30296
0.31658,0.00180,0.22945,0.05757,0.00241,0.01198,0.17166,0.20855
0.18608,0.00387,0.13485,0.04270,0.00445,0.00974,0.31391,0.30439
0.43556,0.00234,0.16448,0.22864,0.05195,0.03264,0.02935,0.05503
0.21972,0.28130,0.25308,0.01113,0.02959,0.07047,0.06556,0.06915
0.37376,0.00182,0.43493,0.05398,0.01113,0.07970,0.01775,0.02692
0.44423,0.00554,0.41483,0.06727,0.01720,0.01198,0.01705,0.02189
0.29459,0.00358,0.18571,0.17450,0.01428,0.00909,0.16462,0.15364
0.40765,0.01348,0.21945,0.14128,0.00389,0.01018,0.08009,0.12400
0.17992,0.00493,0.34546,0.16642,0.25976,0.01447,0.01537,0.01366
0.32427,0.03346,0.28963,0.06314,0.01393,0.02663,0.11852,0.13042
0.35896,0.02097,0.11861,0.25958,0.10583,0.07772,0.03256,0.02577
0.47403,0.01466,0.11185,0.36710,0.01312,0.00871,0.00533,0.00521
0.24504,0.01294,0.31123,0.02994,0.09067,0.09894,0.10579,0.10544
0.39065,0.00920,0.27520,0.11622,0.01342,0.01247,0.07843,0.10442
0.38189,0.00629,0.15830,0.30128,0.00519,0.08449,0.03018,0.03238
0.38089,0.04585,0.35860,0.08970,0.02605,0.03470,0.03282,0.03139
0.18565,0.43407,0.17245,0.02628,0.01972,0.02452,0.06738,0.06994
0.05499,0.65635,0.12497,0.01873,0.00358,0.09012,0.02728,0.02398
0.34048,0.00801,0.30539,0.17734,0.10370,0.04517,0.01044,0.00947
0.48043,0.00182,0.46262,0.03930,0.00307,0.00271,0.00357,0.00648
0.17156,0.00439,0.24620,0.13903,0.23615,0.14355,0.03511,0.02402
0.05102,0.00259,0.12603,0.00583,0.03775,0.11538,0.33155,0.32985
0.36176,0.00101,0.08459,0.33812,0.01978,0.01431,0.09079,0.08963
0.43628,0.00479,0.44915,0.04962,0.02692,0.01893,0.00616,0.00815
0.08349,0.00741,0.45037,0.03337,0.32685,0.02823,0.03571,0.03457
0.34725,0.03833,0.27668,0.07749,0.01758,0.01138,0.12166,0.10962
0.33906,0.03859,0.39161,0.02550,0.06881,0.01458,0.05672,0.06511
0.12650,0.49379,0.12138,0.01336,0.02048,0.02172,0.10120,0.10157
0.38129,0.12349,0.32936,0.07294,0.02170,0.01232,0.02924,0.02966
0.37804,0.00843,0.43334,0.00803,0.06773,0.00257,0.04777,0.05408
0.33996,0.18689,0.22083,0.06506,0.00561,0.01250,0.06566,0.10350
0.11514,0.57538,0.15717,0.01062,0.05651,0.06756,0.00859,0.00903
0.40679,0.00933,0.10549,0.33603,0.00807,0.02109,0.05387,0.05933
0.33687,0.02100,0.38943,0.09524,0.05931,0.07813,0.01024,0.00979
0.12779,0.02980,0.30066,0.09823,0.01635,0.26161,0.08246,0.08309
0.39993,0.01935,0.38415,0.06169,0.02885,0.01806,0.03764,0.05033
0.20960,0.00398,0.06456,0.13036,0.00255,0.00773,0.29652,0.28469
0.37201,0.00456,0.24420,0.15723,0.02264,0.02856,0.07861,0.09219
0.22179,0.01224,0.13809,0.10561,0.01505,0.01973,0.23783,0.24965
0.09032,0.00245,0.21248,0.02025,0.10315,0.01063,0.25354,0.30717
0.33159,0.01203,0.36218,0.01519,0.00995,0.02411,0.11856,0.12639
0.44895,0.00275,0.41674,0.05027,0.03145,0.02367,0.01066,0.01550
0.48649,0.00091,0.08250,0.39170,0.00361,0.02032,0.00732,0.00716
0.18492,0.00472,0.35394,0.02016,0.02010,0.16540,0.12229,0.12848
0.46606,0.00159,0.17853,0.28048,0.01070,0.02488,0.01684,0.02091
0.25395,0.00145,0.46908,0.00407,0.00278,0.26102,0.00283,0.00482
0.32276,0.07881,0.32545,0.05683,0.02888,0.03390,0.07451,0.07885
0.41852,0.00160,0.49173,0.01237,0.00503,0.06502,0.00272,0.00302
0.33184,0.04406,0.36036,0.08785,0.01271,0.14531,0.00899,0.00889
0.26199,0.00219,0.48162,0.01907,0.00470,0.20906,0.01010,0.01128
0.19385,0.00433,0.05864,0.16097,0.16690,0.17294,0.12393,0.11844
0.34017,0.00811,0.11809,0.21313,0.01161,0.01409,0.14736,0.14746
0.19171,0.00445,0.22180,0.13725,0.12212,0.00872,0.17602,0.13795
0.20399,0.00848,0.35534,0.13015,0.00564,0.27946,0.00803,0.00892
0.44726,0.02126,0.47229,0.01339,0.00926,0.01556,0.00952,0.01146
0.08211,0.01403,0.29078,0.03171,0.03078,0.16790,0.18535,0.19734
0.31858,0.03192,0.26779,0.11823,0.00707,0.02062,0.11319,0.12261
0.29608,0.00991,0.42113,0.05164,0.03380,0.14379,0.02114,0.02252
0.32241,0.00172,0.19143,0.15050,0.11858,0.11568,0.04987,0.04981
0.29380,0.04588,0.25384,0.10789,0.11568,0.15549,0.01410,0.01332
0.21985,0.00802,0.39326,0.03497,0.01699,0.21387,0.05626,0.05678
0.31906,0.00397,0.07866,0.17257,0.22401,0.15196,0.02682,0.02295
0.36707,0.01574,0.36292,0.08685,0.08737,0.02482,0.02713,0.02810
0.30639,0.00314,0.10729,0.16146,0.01279,0.04295,0.15420,0.21177
0.45026,0.00694,0.47762,0.01450,0.00399,0.02313,0.01103,0.01254
0.38668,0.00135,0.31448,0.16176,0.02353,0.04527,0.03577,0.03116
0.15831,0.01878,0.37685,0.05914,0.02107,0.22394,0.07059,0.07133
0.13124,0.00114,0.43463,0.01578,0.02448,0.36944,0.01153,0.01177
0.29266,0.02175,0.33810,0.10870,0.06961,0.08398,0.04120,0.04400
0.41604,0.01183,0.22362,0.20598,0.00516,0.02330,0.05687,0.05721
0.16126,0.00228,0.20607,0.00823,0.01146,0.01826,0.30459,0.28784
0.35587,0.00411,0.35706,0.08833,0.03784,0.06321,0.05261,0.04097
0.29437,0.00347,0.26621,0.14393,0.00582,0.15061,0.05928,0.07630
0.32614,0.00349,0.37324,0.02206,0.03524,0.02818,0.10091,0.11075
0.38486,0.01973,0.34510,0.12134,0.01798,0.06900,0.02135,0.02064
0.27393,0.00490,0.28716,0.06056,0.07973,0.08822,0.10720,0.09830
0.25411,0.01461,0.32061,0.03853,0.08676,0.16251,0.06124,0.06164
0.31651,0.01858,0.07748,0.26814,0.01165,0.01136,0.15019,0.14608
0.17576,0.01816,0.15601,0.13016,0.15074,0.23912,0.06644,0.06362
0.34982,0.00727,0.20869,0.17230,0.01536,0.01596,0.11243,0.11817
0.44520,0.00417,0.27501,0.19289,0.03403,0.02682,0.01020,0.01167
0.44225,0.02031,0.31864,0.14376,0.02568,0.01720,0.01799,0.01418
0.11460,0.00429,0.13219,0.09135,0.00779,0.08087,0.28914,0.27977
0.28657,0.05468,0.38300,0.02558,0.06477,0.10058,0.04444,0.04038
0.31548,0.01058,0.22004,0.17912,0.05803,0.14455,0.03620,0.03601
0.06118,0.00258,0.04770,0.01143,0.17994,0.17243,0.26216,0.26258
0.41816,0.00328,0.27012,0.22937,0.05296,0.00487,0.01083,0.01040
0.25208,0.01202,0.47440,0.02080,0.04862,0.17904,0.00677,0.00626
0.26255,0.00298,0.32439,0.14115,0.03967,0.15746,0.03389,0.03791
0.38076,0.02594,0.43981,0.02032,0.03032,0.05589,0.01776,0.02920
0.27469,0.00124,0.04921,0.25301,0.00508,0.00535,0.20375,0.20766
0.28117,0.01922,0.07733,0.20446,0.01597,0.01862,0.18813,0.19510
0.44373,0.00325,0.25811,0.19636,0.00675,0.04149,0.02648,0.02383
0.48586,0.00125,0.11099,0.36488,0.00978,0.00899,0.01148,0.00678
0.06740,0.00241,0.07737,0.00843,0.01267,0.00836,0.41015,0.41320
0.31405,0.00238,0.09167,0.11074,0.00406,0.01168,0.17351,0.29192
0.35162,0.00479,0.14032,0.27562,0.03731,0.08074,0.05877,0.05082
0.20762,0.00249,0.28766,0.15435,0.05309,0.14775,0.07693,0.07011
0.05183,0.00159,0.47454,0.00926,0.00604,0.43680,0.01059,0.00934
0.33844,0.03129,0.26629,0.05828,0.05127,0.04155,0.10336,0.10952
0.21306,0.01089,0.18717,0.05762,0.00288,0.12399,0.17087,0.23353
0.39584,0.00059,0.44064,0.00164,0.00117,0.00162,0.10156,0.05695
0.28719,0.01267,0.26599,0.03294,0.19080,0.18701,0.01192,0.01147
0.29895,0.00242,0.45528,0.03689,0.03182,0.15730,0.00786,0.00947
0.34041,0.05070,0.43155,0.03707,0.02120,0.09756,0.00955,0.01196
0.20132,0.00124,0.10298,0.14891,0.03970,0.01650,0.25161,0.23775
0.20622,0.01192,0.21300,0.04926,0.11334,0.13539,0.13843,0.13244
0.27242,0.00110,0.31739,0.02171,0.01631,0.01950,0.19474,0.15683
0.10186,0.74522,0.05860,0.05567,0.00845,0.01340,0.00871,0.00810
0.08380,0.00410,0.08215,0.04107,0.18844,0.19887,0.19758,0.20400
0.30400,0.11200,0.32281,0.01658,0.12104,0.09142,0.01590,0.01627
0.15905,0.00652,0.31532,0.04739,0.03340,0.14714,0.14551,0.14567
0.32325,0.00263,0.22896,0.10512,0.03777,0.03641,0.13168,0.13418
0.08610,0.00130,0.49347,0.02286,0.28876,0.06705,0.02341,0.01706
0.37467,0.02560,0.36997,0.03185,0.03741,0.02021,0.06369,0.07661
0.09164,0.44487,0.22208,0.02103,0.00551,0.17997,0.01802,0.01687
0.04804,0.03218,0.39071,0.00716,0.00536,0.31448,0.09749,0.10457
0.33759,0.02351,0.16683,0.21457,0.01270,0.01112,0.11404,0.11965
0.41790,0.00724,0.20154,0.23537,0.01666,0.02262,0.04883,0.04982
0.43003,0.00795,0.48176,0.00702,0.06438,0.00248,0.00292,0.00345
0.48170,0.00051,0.04234,0.45364,0.00169,0.00483,0.00713,0.00816
0.14618,0.00394,0.07420,0.10592,0.24403,0.26897,0.07978,0.07698
0.32164,0.01026,0.33888,0.05154,0.11998,0.11125,0.02449,0.02196
0.25144,0.01683,0.24262,0.03622,0.07442,0.09121,0.13626,0.15100
0.32040,0.00903,0.21758,0.16152,0.01495,0.05845,0.10777,0.11031
0.41776,0.00329,0.37342,0.07859,0.04958,0.05568,0.00990,0.01178
0.36695,0.00573,0.28329,0.08465,0.00451,0.02210,0.09996,0.13281
0.07437,0.00304,0.42072,0.02434,0.00642,0.35026,0.06081,0.06005
0.30502,0.00512,0.43123,0.05327,0.00779,0.17296,0.01047,0.01414
0.12720,0.54032,0.17832,0.01549,0.02978,0.06100,0.02663,0.02125
0.16380,0.00643,0.21235,0.03030,0.00678,0.10700,0.22669,0.24666
0.09431,0.01917,0.38486,0.04080,0.05811,0.27859,0.06619,0.05797
0.42750,0.00329,0.40483,0.08262,0.01441,0.02140,0.02249,0.02346
0.32393,0.02035,0.20064,0.16842,0.05653,0.02876,0.10284,0.09853
0.34106,0.14500,0.37786,0.02818,0.00608,0.04175,0.02585,0.03423
0.48496,0.00742,0.49012,0.00359,0.00259,0.00208,0.00389,0.00536
0.14042,0.01401,0.38019,0.01410,0.01584,0.22479,0.10534,0.10530
0.24690,0.01234,0.09522,0.12125,0.26239,0.23837,0.01183,0.01171
0.40212,0.00296,0.22211,0.23204,0.02203,0.03461,0.04250,0.04163
0.42705,0.00464,0.22178,0.17932,0.00340,0.00619,0.06801,0.08961
0.14902,0.00321,0.11177,0.08272,0.15341,0.16946,0.16796,0.16246
0.39509,0.00611,0.34160,0.09795,0.03394,0.03089,0.04455,0.04987
0.36283,0.00915,0.36174,0.03537,0.06964,0.06590,0.03925,0.05610
0.18627,0.00512,0.50767,0.00922,0.07237,0.18353,0.01833,0.01749
0.40499,0.01257,0.38087,0.07187,0.02837,0.04437,0.02729,0.02967
0.38700,0.01363,0.42615,0.01959,0.01903,0.03432,0.05801,0.04228
0.13911,0.03008,0.21901,0.01085,0.08351,0.07942,0.23089,0.20712
0.15576,0.00357,0.18180,0.08049,0.23573,0.32555,0.00859,0.00851
