0.02607,0.04105,0.24249,0.02666,0.03705,0.26274,0.02914,0.10451,0.08876,0.04596,0.01850,0.03566,0.01038,0.03103
0.03964,0.05753,0.05885,0.01336,0.01221,0.08872,0.05626,0.15922,0.25817,0.07073,0.09274,0.02596,0.01779,0.04882
0.11108,0.07310,0.15590,0.03801,0.03738,0.03368,0.01571,0.19916,0.06081,0.03584,0.04691,0.03995,0.10279,0.04969
0.03787,0.02305,0.01710,0.16350,0.15292,0.02153,0.02820,0.05392,0.04271,0.04445,0.01169,0.02348,0.36976,0.00981
0.20476,0.18279,0.00603,0.09640,0.03018,0.00893,0.02150,0.09815,0.11589,0.01619,0.05147,0.11145,0.04097,0.01527
0.28765,0.28282,0.01691,0.03312,0.01774,0.01836,0.02229,0.03753,0.04061,0.04727,0.02797,0.02108,0.06722,0.07942
0.04350,0.00803,0.26416,0.03376,0.02377,0.06153,0.00868,0.35264,0.12492,0.01028,0.00673,0.00968,0.04348,0.00884
0.07854,0.05751,0.02748,0.08882,0.08148,0.07706,0.03428,0.16193,0.17077,0.06042,0.03471,0.06403,0.00880,0.05416
0.03685,0.02101,0.18822,0.16690,0.03534,0.01104,0.01060,0.24036,0.06010,0.02044,0.01985,0.14596,0.01502,0.02833
0.01653,0.00998,0.18004,0.09361,0.00735,0.22049,0.01023,0.01778,0.05465,0.03713,0.11753,0.07205,0.01245,0.15018
0.02685,0.01349,0.30341,0.05565,0.03742,0.30823,0.01089,0.09110,0.08783,0.01263,0.00888,0.00952,0.01854,0.01557
0.04360,0.03231,0.16587,0.03937,0.01598,0.02085,0.02225,0.35179,0.20006,0.00836,0.03556,0.02123,0.03067,0.01211
0.13901,0.04098,0.05147,0.18423,0.11817,0.03093,0.01506,0.11916,0.10407,0.02649,0.02803,0.03145,0.07602,0.03492
0.02133,0.02080,0.11393,0.06929,0.03119,0.01892,0.01461,0.24691,0.15278,0.01380,0.01089,0.01955,0.23980,0.02619
0.03266,0.06862,0.02167,0.06664,0.23810,0.04448,0.04742,0.04150,0.03257,0.20935,0.04657,0.08371,0.01215,0.05457
0.03606,0.03107,0.18499,0.04844,0.04619,0.01810,0.01211,0.35710,0.17140,0.01800,0.01602,0.02311,0.00814,0.02927
0.01317,0.01533,0.19052,0.01998,0.02874,0.21661,0.11818,0.03700,0.07696,0.02405,0.13382,0.00846,0.02914,0.08804
0.10828,0.03764,0.12284,0.11831,0.04066,0.01634,0.01751,0.18061,0.06792,0.03782,0.03188,0.09378,0.07842,0.04797
0.24290,0.20538,0.08288,0.07151,0.01610,0.09024,0.01554,0.10413,0.08937,0.01097,0.01000,0.03956,0.00740,0.01404
0.07095,0.01892,0.01240,0.06973,0.00915,0.01943,0.01560,0.19258,0.23177,0.15893,0.01234,0.05764,0.00704,0.12352
0.08128,0.05073,0.10244,0.08530,0.04859,0.14104,0.01051,0.02378,0.02324,0.02290,0.15712,0.03963,0.00779,0.20563
0.08784,0.00972,0.02140,0.26081,0.21137,0.01027,0.00722,0.12090,0.12670,0.02600,0.06268,0.02902,0.00695,0.01911
0.03896,0.03032,0.09379,0.04011,0.03663,0.12737,0.01861,0.06881,0.06076,0.02824,0.17427,0.02853,0.04122,0.21237
0.03402,0.01938,0.30934,0.06123,0.03626,0.27989,0.01496,0.10501,0.06566,0.00710,0.00781,0.01599,0.02834,0.01500
0.03002,0.17654,0.01455,0.04954,0.17569,0.02976,0.03221,0.04810,0.04528,0.18299,0.01648,0.16593,0.01358,0.01935
0.03232,0.05979,0.24034,0.06359,0.03290,0.02910,0.00891,0.34068,0.07593,0.01740,0.01391,0.05092,0.00774,0.02646
0.02554,0.02295,0.22884,0.06763,0.03568,0.21822,0.02632,0.13507,0.10962,0.03726,0.01859,0.02534,0.00964,0.03930
0.02528,0.01546,0.13138,0.06949,0.01041,0.14555,0.01193,0.21290,0.22553,0.01569,0.03008,0.04406,0.00636,0.05589
0.02053,0.03169,0.24690,0.01912,0.07037,0.03499,0.02935,0.27501,0.06187,0.10178,0.03040,0.01833,0.00894,0.05072
0.22846,0.25321,0.01832,0.07932,0.05542,0.02666,0.03869,0.03464,0.05133,0.06970,0.03114,0.04749,0.01745,0.04816
0.10549,0.02345,0.03761,0.07877,0.02598,0.02921,0.01901,0.08723,0.23782,0.05701,0.20080,0.06051,0.00883,0.02830
0.03999,0.06012,0.02724,0.03680,0.03272,0.03096,0.02432,0.07526,0.28090,0.03990,0.23824,0.05574,0.02723,0.03057
0.03147,0.03878,0.25564,0.04937,0.04521,0.23510,0.05452,0.08921,0.05634,0.02696,0.03005,0.01582,0.04444,0.02709
0.02121,0.01260,0.05731,0.05571,0.03686,0.01806,0.01719,0.37295,0.31001,0.01372,0.01411,0.01121,0.04540,0.01365
0.02755,0.01353,0.06383,0.04095,0.02170,0.06284,0.04070,0.13987,0.18359,0.18980,0.04253,0.03096,0.01141,0.13073
0.06531,0.01728,0.04881,0.08276,0.02592,0.08163,0.01343,0.03157,0.03216,0.02977,0.21310,0.06644,0.01829,0.27351
0.01754,0.27764,0.02173,0.01465,0.08384,0.09092,0.05002,0.02278,0.02326,0.09432,0.00734,0.27475,0.00809,0.01312
0.02449,0.04319,0.00835,0.02182,0.22728,0.02387,0.09650,0.05052,0.05124,0.23675,0.04763,0.04216,0.10149,0.02470
0.01932,0.16405,0.01808,0.01837,0.01242,0.02913,0.03103,0.19916,0.23727,0.02616,0.04639,0.15377,0.00923,0.03562
0.02456,0.02667,0.10619,0.02061,0.01385,0.13946,0.14081,0.03254,0.11065,0.04497,0.17799,0.01721,0.02008,0.12442
0.04122,0.02061,0.01597,0.04637,0.08316,0.19980,0.16774,0.12146,0.11944,0.12381,0.01005,0.01626,0.01680,0.01730
0.04883,0.11638,0.07930,0.03978,0.16650,0.05296,0.01907,0.08895,0.06084,0.15451,0.02295,0.09748,0.01407,0.03837
0.05201,0.05620,0.12890,0.06451,0.01685,0.19884,0.05787,0.09478,0.09080,0.01506,0.05110,0.05981,0.04362,0.06966
0.02954,0.02095,0.05291,0.02614,0.03127,0.02604,0.02783,0.10646,0.28368,0.07368,0.25271,0.01457,0.02313,0.03109
0.02636,0.10399,0.04414,0.09967,0.14648,0.01843,0.01536,0.14201,0.08987,0.11173,0.01444,0.16645,0.00831,0.01275
0.08075,0.02997,0.04096,0.05277,0.01737,0.03631,0.01498,0.05703,0.16536,0.23742,0.03886,0.02936,0.04587,0.15299
0.02848,0.03703,0.03177,0.03657,0.02846,0.03263,0.05169,0.10133,0.30501,0.06208,0.21622,0.02116,0.00995,0.03761
0.01274,0.03138,0.06786,0.26060,0.23714,0.01397,0.01914,0.14016,0.07850,0.02999,0.03871,0.04758,0.00588,0.01636
0.19492,0.12702,0.01605,0.22554,0.01963,0.01552,0.01567,0.03537,0.03539,0.04489,0.01731,0.21389,0.01261,0.02619
0.15030,0.15055,0.05640,0.03057,0.01150,0.05287,0.02694,0.20574,0.20431,0.02120,0.02075,0.02125,0.02507,0.02255
0.13388,0.09596,0.01324,0.10622,0.03420,0.02064,0.01084,0.21178,0.22982,0.03477,0.02603,0.06059,0.01046,0.01156
0.20977,0.18481,0.01174,0.03009,0.01583,0.02650,0.01528,0.21930,0.22462,0.01248,0.01113,0.01423,0.01130,0.01290
0.15346,0.15394,0.03107,0.11208,0.12097,0.03567,0.02445,0.05005,0.06652,0.06366,0.07566,0.01265,0.01089,0.08890
0.08024,0.02218,0.04957,0.05402,0.01560,0.02894,0.01537,0.07983,0.19113,0.17539,0.10933,0.02648,0.04670,0.10523
0.03814,0.01820,0.01983,0.17767,0.00736,0.01446,0.00949,0.03896,0.02688,0.00689,0.01329,0.16558,0.45215,0.01111
0.02641,0.01045,0.16838,0.16574,0.15695,0.05539,0.02393,0.20154,0.07014,0.01274,0.03677,0.01266,0.02011,0.03881
0.03711,0.05530,0.02159,0.04283,0.02729,0.24930,0.24030,0.04900,0.05027,0.08647,0.01446,0.04480,0.01295,0.06834
0.10476,0.09278,0.19035,0.10176,0.07675,0.01133,0.00970,0.24378,0.06261,0.02106,0.03102,0.01558,0.02569,0.01285
0.10078,0.03570,0.01811,0.28648,0.22896,0.03001,0.01634,0.04609,0.04899,0.01485,0.02492,0.02013,0.08579,0.04284
0.20818,0.18112,0.02308,0.20174,0.02326,0.02810,0.01476,0.04749,0.04655,0.02077,0.01613,0.16094,0.00860,0.01928
0.06924,0.05646,0.20326,0.04372,0.04650,0.04297,0.03883,0.23840,0.05415,0.07344,0.01962,0.02955,0.04906,0.03481
0.17877,0.05154,0.01332,0.21077,0.13961,0.00877,0.00525,0.12995,0.14807,0.01298,0.00896,0.01572,0.06504,0.01125
0.02639,0.01948,0.03801,0.06522,0.07702,0.19910,0.17142,0.15400,0.09354,0.08739,0.01598,0.02166,0.01897,0.01183
0.24642,0.23749,0.03853,0.02204,0.03419,0.04536,0.03758,0.08117,0.06339,0.05664,0.01002,0.01603,0.07388,0.03726
0.02643,0.03024,0.15544,0.03015,0.04245,0.03025,0.03105,0.24739,0.10908,0.04637,0.01893,0.02523,0.18160,0.02539
0.01791,0.00938,0.10237,0.01874,0.01919,0.00686,0.00483,0.42267,0.34031,0.01626,0.01168,0.00616,0.01343,0.01022
0.06745,0.03397,0.03424,0.06042,0.01697,0.01058,0.01077,0.09252,0.19790,0.23483,0.06028,0.03498,0.01649,0.12859
0.03045,0.01561,0.18977,0.03111,0.02332,0.18106,0.03159,0.15698,0.15584,0.05928,0.01073,0.01006,0.01596,0.08825
0.04961,0.02633,0.16216,0.03339,0.01413,0.03822,0.01390,0.31114,0.18228,0.01251,0.01745,0.02010,0.09619,0.02259
0.23421,0.22015,0.02007,0.03975,0.02516,0.02169,0.01454,0.06342,0.06581,0.02271,0.12997,0.01090,0.00906,0.12257
0.06714,0.02294,0.02758,0.08207,0.02910,0.04974,0.02245,0.03164,0.14975,0.17320,0.11113,0.06933,0.01616,0.14777
0.03917,0.02884,0.02830,0.11305,0.05836,0.02945,0.01649,0.04304,0.23016,0.12548,0.16635,0.06713,0.01021,0.04395
0.02058,0.02091,0.02917,0.04691,0.03464,0.01383,0.00814,0.20320,0.31993,0.09507,0.13670,0.02516,0.00880,0.03697
0.03599,0.02479,0.10155,0.06161,0.01709,0.02117,0.02141,0.18291,0.12043,0.01677,0.03248,0.03339,0.29645,0.03397
0.12567,0.29825,0.02374,0.03717,0.02419,0.02690,0.00937,0.07575,0.05442,0.01458,0.01572,0.24947,0.01996,0.02482
0.03214,0.03715,0.05261,0.06840,0.06568,0.07924,0.09852,0.10751,0.11307,0.05774,0.09507,0.03572,0.05067,0.10648
0.02470,0.02791,0.04147,0.03964,0.04735,0.11620,0.23552,0.03656,0.06702,0.07126,0.15566,0.02258,0.01647,0.09766
0.03260,0.03073,0.02631,0.04893,0.03727,0.04216,0.03988,0.02979,0.22685,0.13867,0.19561,0.03169,0.01486,0.10466
0.01959,0.01409,0.28990,0.01110,0.03738,0.01408,0.01488,0.32408,0.03481,0.08920,0.02310,0.00900,0.05544,0.06334
0.08335,0.02380,0.20432,0.02516,0.01647,0.20615,0.01473,0.12268,0.12167,0.01886,0.02353,0.01409,0.06702,0.05816
0.06647,0.05377,0.12989,0.06485,0.06918,0.01219,0.01579,0.30232,0.15983,0.02662,0.01651,0.02081,0.03446,0.02732
0.03179,0.03280,0.16202,0.06214,0.08256,0.16498,0.02096,0.12225,0.11665,0.08125,0.02272,0.05056,0.01806,0.03125
0.04848,0.05461,0.23054,0.03472,0.00889,0.02242,0.01765,0.23352,0.04099,0.02643,0.02682,0.02216,0.20843,0.02434
0.04028,0.06258,0.21459,0.05620,0.02981,0.23316,0.01624,0.07423,0.08143,0.02905,0.03705,0.05409,0.00747,0.06382
0.05050,0.09961,0.01325,0.02854,0.05851,0.03709,0.02329,0.24408,0.25098,0.03805,0.02627,0.08537,0.01665,0.02779
0.03804,0.02016,0.03038,0.05171,0.00824,0.06256,0.01144,0.07254,0.08450,0.00905,0.26434,0.03470,0.00861,0.30373
0.02803,0.02302,0.01729,0.29576,0.29218,0.01207,0.01242,0.11405,0.09630,0.02602,0.02463,0.00917,0.03106,0.01799
0.04112,0.03271,0.11970,0.05555,0.04117,0.15134,0.01476,0.09221,0.12017,0.05707,0.09482,0.03988,0.01890,0.12060
0.24807,0.16687,0.01297,0.09608,0.05964,0.06065,0.04882,0.03011,0.03050,0.04066,0.05494,0.04975,0.03035,0.07059
0.10419,0.02814,0.02451,0.03197,0.02055,0.03348,0.02206,0.11437,0.25683,0.11550,0.13272,0.02404,0.02189,0.06976
0.09554,0.06320,0.03006,0.22432,0.20901,0.03050,0.01915,0.08826,0.08758,0.03014,0.03908,0.01291,0.03746,0.03278
0.07248,0.02007,0.05260,0.07606,0.01756,0.04419,0.01179,0.07492,0.10657,0.23588,0.02332,0.06190,0.01098,0.19167
0.03714,0.04049,0.02774,0.02643,0.01118,0.03753,0.03373,0.03332,0.12214,0.28530,0.04507,0.02072,0.03110,0.24813
0.11540,0.10881,0.01662,0.03040,0.02949,0.03632,0.03207,0.04554,0.21093,0.11197,0.15538,0.04791,0.01370,0.04546
0.24486,0.18662,0.02405,0.14096,0.07746,0.05144,0.04315,0.05398,0.06369,0.03327,0.01450,0.02607,0.00678,0.03318
0.02607,0.02737,0.01123,0.11036,0.04622,0.23677,0.22236,0.02320,0.02703,0.05824,0.04110,0.10568,0.03152,0.03283
0.25669,0.30935,0.01243,0.05550,0.04141,0.02109,0.07648,0.01933,0.03164,0.03450,0.01775,0.06753,0.02472,0.03160
0.08086,0.07905,0.02149,0.05611,0.04082,0.26739,0.22982,0.05486,0.05235,0.04495,0.00895,0.04597,0.00580,0.01159
0.02887,0.01447,0.02599,0.02874,0.01761,0.01975,0.03946,0.27578,0.25827,0.01178,0.08832,0.01045,0.08895,0.09156
0.18097,0.17725,0.02556,0.19571,0.06018,0.03183,0.02768,0.02951,0.03248,0.04172,0.01860,0.15386,0.01022,0.01442
0.16757,0.19890,0.02547,0.06326,0.05061,0.02710,0.02476,0.08097,0.09038,0.11371,0.01012,0.02681,0.01161,0.10874
0.03992,0.02775,0.02809,0.02993,0.03755,0.03271,0.02578,0.10880,0.23829,0.16508,0.11859,0.01403,0.02653,0.10694
0.06775,0.05208,0.26252,0.04538,0.02138,0.27432,0.04235,0.04907,0.03830,0.04369,0.01753,0.02457,0.02034,0.04074
0.03383,0.02448,0.23207,0.05567,0.03962,0.03472,0.04093,0.25483,0.03468,0.01565,0.03157,0.01691,0.15154,0.03351
0.18264,0.16052,0.01180,0.16325,0.01719,0.03781,0.04089,0.07588,0.08943,0.01910,0.02186,0.13545,0.02530,0.01887
0.01542,0.02249,0.10311,0.02101,0.02252,0.11584,0.17015,0.17557,0.14136,0.04047,0.04506,0.03405,0.01321,0.07976
0.01529,0.01542,0.28347,0.07546,0.03003,0.25318,0.02040,0.09015,0.04775,0.05045,0.01517,0.04586,0.00707,0.05029
0.22811,0.21653,0.01724,0.05476,0.03930,0.01545,0.01599,0.08477,0.07385,0.02067,0.11099,0.01333,0.01807,0.09095
0.02124,0.01489,0.28026,0.03698,0.02352,0.37000,0.09516,0.02196,0.01655,0.02999,0.02027,0.02444,0.02183,0.02290
0.10941,0.09694,0.02117,0.12692,0.04166,0.02196,0.01313,0.15867,0.17124,0.04556,0.04721,0.10115,0.01489,0.03010
0.03006,0.02199,0.02095,0.22837,0.21246,0.02438,0.02495,0.13056,0.12784,0.03152,0.05773,0.03025,0.01026,0.04868
0.14123,0.09139,0.02064,0.26794,0.06059,0.03464,0.02639,0.04151,0.03922,0.03368,0.01641,0.20176,0.00907,0.01553
0.01728,0.02343,0.11096,0.02933,0.01875,0.12650,0.06036,0.09085,0.07565,0.03709,0.17267,0.02241,0.03811,0.17662
0.01710,0.01608,0.02774,0.07662,0.09550,0.02989,0.01825,0.03537,0.24305,0.05257,0.28248,0.01019,0.02505,0.07011
0.20699,0.22014,0.03340,0.03731,0.03970,0.04167,0.02957,0.05694,0.05886,0.04018,0.07832,0.05904,0.02875,0.06912
0.06067,0.01364,0.04251,0.06184,0.05187,0.02041,0.01178,0.14967,0.12791,0.02819,0.01669,0.00992,0.39279,0.01212
0.03631,0.04413,0.02599,0.06151,0.17001,0.08582,0.08321,0.06241,0.07004,0.14181,0.07393,0.05126,0.03391,0.05965
0.11398,0.03697,0.02728,0.29945,0.24691,0.02312,0.00965,0.07405,0.06952,0.01922,0.01646,0.02040,0.01343,0.02956
0.02810,0.01713,0.05299,0.03430,0.04961,0.31642,0.28462,0.07477,0.05416,0.04257,0.00901,0.01340,0.01106,0.01186
0.20748,0.25232,0.00843,0.06429,0.05163,0.01403,0.12344,0.02439,0.03965,0.03277,0.03772,0.09337,0.01171,0.03877
0.07891,0.04586,0.04018,0.03910,0.03216,0.04139,0.03844,0.04570,0.23317,0.11580,0.17903,0.02419,0.02687,0.05922
0.09195,0.06606,0.01528,0.20367,0.16040,0.02524,0.06610,0.04938,0.06255,0.02404,0.05475,0.02115,0.10488,0.05455
0.04798,0.01858,0.04578,0.24648,0.22400,0.03916,0.01746,0.08858,0.09490,0.04285,0.04163,0.01564,0.02969,0.04729
0.24209,0.24598,0.05119,0.05906,0.05065,0.01609,0.00905,0.13564,0.08154,0.02059,0.03297,0.01857,0.01192,0.02466
0.02432,0.03094,0.01248,0.02693,0.05199,0.01855,0.01177,0.29822,0.32065,0.09195,0.02839,0.01902,0.01177,0.05300
0.21095,0.16387,0.03372,0.12068,0.07198,0.02305,0.00898,0.14192,0.12106,0.01724,0.01628,0.04155,0.01168,0.01703
0.03318,0.05185,0.02196,0.35707,0.27996,0.02397,0.01439,0.02164,0.02517,0.05185,0.01895,0.04414,0.01596,0.03991
0.03282,0.02579,0.24922,0.05148,0.04633,0.27883,0.03950,0.02618,0.04254,0.03393,0.03640,0.01518,0.10053,0.02127
0.03730,0.09648,0.01856,0.08245,0.14406,0.09922,0.10119,0.07092,0.07886,0.10391,0.02305,0.09452,0.01027,0.03921
0.01783,0.02206,0.02592,0.06645,0.03018,0.02536,0.02936,0.09903,0.12288,0.25782,0.02246,0.01558,0.01128,0.25378
0.18791,0.10918,0.02015,0.04859,0.01907,0.15404,0.12914,0.10824,0.11162,0.01674,0.01171,0.03669,0.03075,0.01617
0.04645,0.01822,0.02546,0.02854,0.19564,0.06949,0.05289,0.15398,0.15684,0.20056,0.02712,0.00738,0.00481,0.01264
0.03203,0.01964,0.21510,0.05891,0.06789,0.19111,0.01345,0.10857,0.06609,0.09428,0.03895,0.02452,0.01140,0.05805
0.02798,0.01907,0.21282,0.02400,0.01882,0.01666,0.02805,0.27408,0.14167,0.04280,0.06488,0.02683,0.06939,0.03295
0.04916,0.05192,0.27985,0.03070,0.02075,0.26930,0.01632,0.09401,0.08057,0.02397,0.02022,0.02192,0.01973,0.02158
0.06003,0.02260,0.02956,0.05599,0.04823,0.04683,0.04165,0.06336,0.07816,0.27758,0.01728,0.02557,0.00750,0.22567
0.10806,0.07343,0.14433,0.06318,0.04014,0.04281,0.00782,0.25794,0.16417,0.01951,0.02049,0.00916,0.01596,0.03302
0.17902,0.19221,0.01424,0.10274,0.09446,0.02909,0.09865,0.02464,0.03319,0.04696,0.04811,0.03848,0.04957,0.04862
0.07281,0.07219,0.02366,0.09248,0.03971,0.03046,0.02389,0.05577,0.21301,0.09875,0.14895,0.04479,0.05088,0.03265
0.01564,0.06183,0.01876,0.09084,0.02577,0.01576,0.01143,0.07455,0.27337,0.09245,0.19736,0.08952,0.00603,0.02668
0.24795,0.22955,0.04735,0.12898,0.01167,0.04696,0.02223,0.04321,0.02486,0.01491,0.02252,0.10548,0.01518,0.03915
0.03068,0.03668,0.02745,0.23284,0.20972,0.03380,0.02147,0.15225,0.15596,0.03048,0.01528,0.01825,0.01969,0.01545
0.03531,0.03149,0.15561,0.04360,0.07386,0.17863,0.01130,0.15047,0.15125,0.04686,0.03850,0.01164,0.00965,0.06184
0.02034,0.02124,0.02332,0.03575,0.05422,0.02206,0.02548,0.09752,0.10706,0.28314,0.02420,0.01244,0.01852,0.25470
0.03982,0.04692,0.04156,0.03645,0.01774,0.03276,0.01674,0.29039,0.28066,0.02977,0.02708,0.03021,0.06900,0.04089
0.05025,0.08156,0.01466,0.05870,0.11852,0.12138,0.10134,0.05066,0.05211,0.15321,0.03179,0.08591,0.01848,0.06144
0.04894,0.06347,0.04407,0.06371,0.04830,0.09874,0.07338,0.13851,0.12919,0.07305,0.02246,0.07419,0.04167,0.08031
0.13233,0.08226,0.02029,0.27667,0.02077,0.02445,0.01142,0.06903,0.06573,0.01306,0.00863,0.23620,0.01432,0.02483
0.05179,0.01828,0.16418,0.03165,0.01318,0.19309,0.01317,0.11061,0.11512,0.01830,0.08879,0.02436,0.00964,0.14784
0.03481,0.03169,0.20721,0.05348,0.05705,0.07262,0.05555,0.29031,0.08855,0.03274,0.01299,0.02833,0.00754,0.02714
0.07405,0.03239,0.03500,0.05534,0.04624,0.01863,0.01535,0.11190,0.21767,0.16196,0.08436,0.02824,0.02180,0.09707
0.03778,0.04950,0.02052,0.02466,0.01551,0.02345,0.01481,0.20627,0.34064,0.06450,0.13861,0.01841,0.00975,0.03559
0.00905,0.02279,0.01382,0.21466,0.20521,0.01318,0.01390,0.19347,0.19649,0.03356,0.01544,0.01731,0.00360,0.04751
0.02067,0.03273,0.01216,0.30536,0.30477,0.01543,0.01850,0.05497,0.06680,0.05621,0.03071,0.02399,0.00530,0.05240
0.24379,0.17463,0.00688,0.08359,0.03801,0.01294,0.01472,0.15691,0.18076,0.01561,0.01170,0.02114,0.02154,0.01779
0.02478,0.28514,0.01318,0.04826,0.07672,0.03426,0.02609,0.05494,0.05295,0.04567,0.01630,0.29059,0.00961,0.02151
0.02763,0.02334,0.04905,0.21085,0.01514,0.01568,0.01731,0.07676,0.04390,0.01819,0.01050,0.19790,0.27997,0.01378
0.05894,0.11334,0.02768,0.02576,0.08650,0.08284,0.07337,0.13051,0.12556,0.08636,0.02482,0.10425,0.03369,0.02639
0.02836,0.08796,0.01393,0.04039,0.03105,0.18294,0.16712,0.09311,0.08540,0.03441,0.01912,0.12094,0.06621,0.02905
0.02841,0.02552,0.11421,0.17600,0.01947,0.02344,0.02470,0.18326,0.07613,0.00997,0.03927,0.15613,0.08458,0.03891
0.03468,0.08665,0.05216,0.26335,0.25306,0.01773,0.01043,0.09060,0.03244,0.01890,0.02126,0.05291,0.04803,0.01783
0.09505,0.03591,0.12911,0.17348,0.07369,0.02396,0.01334,0.18679,0.05665,0.02857,0.01317,0.12961,0.02071,0.01997
0.02242,0.03077,0.05478,0.25432,0.23550,0.01875,0.02259,0.14092,0.09244,0.01865,0.03855,0.03495,0.00742,0.02793
0.02104,0.01770,0.05899,0.02556,0.02925,0.08192,0.01417,0.12330,0.09022,0.01644,0.21268,0.01848,0.07222,0.21804
0.02554,0.03210,0.03624,0.02472,0.01773,0.04391,0.06076,0.06084,0.03142,0.01274,0.30785,0.02190,0.01887,0.30540
0.01506,0.01741,0.03572,0.01848,0.02825,0.02516,0.04051,0.10702,0.20276,0.15751,0.11526,0.01173,0.10218,0.12295
0.11351,0.05293,0.21451,0.06378,0.03587,0.20790,0.01399,0.10324,0.09228,0.02087,0.01728,0.01314,0.02017,0.03054
0.02501,0.02858,0.03065,0.10914,0.06126,0.17730,0.15576,0.06681,0.07667,0.08233,0.04097,0.09986,0.01688,0.02878
0.07676,0.01485,0.02555,0.05609,0.02408,0.24463,0.21558,0.07184,0.06477,0.03090,0.04405,0.03492,0.03233,0.06365
0.01650,0.01924,0.02564,0.01510,0.01493,0.01797,0.04939,0.20838,0.30547,0.03126,0.17459,0.01637,0.03439,0.07078
0.06401,0.04305,0.13468,0.03098,0.00956,0.03206,0.02379,0.24613,0.12583,0.01547,0.01789,0.01979,0.21522,0.02154
0.02772,0.01335,0.12644,0.07841,0.05410,0.03646,0.00933,0.34862,0.22947,0.01759,0.00924,0.02648,0.00935,0.01344
0.03333,0.04362,0.02693,0.26795,0.24526,0.03466,0.04573,0.05110,0.04869,0.02915,0.02840,0.05171,0.04647,0.04701
0.06305,0.01676,0.11389,0.13874,0.02610,0.01326,0.01331,0.24948,0.14170,0.00947,0.01347,0.12299,0.06195,0.01583
0.03514,0.02487,0.01209,0.20356,0.17160,0.01762,0.01447,0.21091,0.21617,0.02121,0.01355,0.02185,0.02247,0.01449
0.06369,0.07263,0.10837,0.02225,0.02931,0.11981,0.01758,0.19660,0.20902,0.03423,0.04316,0.02113,0.01208,0.05013
0.27999,0.27173,0.01615,0.04065,0.00797,0.02263,0.02202,0.11070,0.11091,0.03644,0.01046,0.02801,0.01249,0.02988
0.05293,0.05696,0.23351,0.02384,0.03459,0.26268,0.02746,0.03824,0.05399,0.06562,0.04509,0.01976,0.01826,0.06708
0.02164,0.02018,0.02053,0.11391,0.04061,0.01883,0.06526,0.06017,0.06061,0.02297,0.04065,0.09493,0.38118,0.03852
0.24895,0.22591,0.01801,0.14388,0.04276,0.03583,0.02537,0.03989,0.03150,0.03509,0.01203,0.09724,0.01261,0.03095
0.05185,0.03124,0.01185,0.02611,0.00996,0.25058,0.24127,0.06768,0.07674,0.02420,0.05765,0.03581,0.04480,0.07027
0.01539,0.01583,0.11609,0.16201,0.13279,0.04104,0.01260,0.23788,0.14541,0.00899,0.01500,0.02292,0.05630,0.01774
0.22536,0.05990,0.08451,0.14043,0.06925,0.07387,0.01045,0.09292,0.09240,0.02925,0.02428,0.02368,0.04464,0.02906
0.15472,0.03643,0.06362,0.24766,0.15046,0.07489,0.01246,0.07260,0.07484,0.01847,0.01834,0.02927,0.00968,0.03656
0.07679,0.07715,0.01539,0.23742,0.25418,0.01680,0.04654,0.04343,0.03350,0.05784,0.01357,0.03116,0.07908,0.01715
0.02290,0.02108,0.04131,0.02196,0.01528,0.04500,0.05500,0.12534,0.12443,0.23581,0.01516,0.01853,0.00930,0.24889
0.20845,0.01153,0.04034,0.22842,0.12084,0.02108,0.01137,0.10840,0.06043,0.04445,0.03948,0.01884,0.01636,0.07003
0.03065,0.02616,0.21140,0.07682,0.02925,0.02827,0.02973,0.25592,0.08466,0.04633,0.03644,0.06668,0.05170,0.02599
0.02489,0.03061,0.01514,0.04568,0.33847,0.03880,0.03225,0.03460,0.02512,0.32869,0.01506,0.02899,0.02611,0.01559
0.03697,0.02146,0.25417,0.10258,0.04413,0.24538,0.00980,0.10042,0.07622,0.01245,0.01367,0.04643,0.01260,0.02372
0.21828,0.21419,0.02736,0.04748,0.04198,0.03431,0.02505,0.12780,0.11289,0.04779,0.02490,0.03904,0.01189,0.02705
0.02462,0.02758,0.18257,0.07954,0.06721,0.01877,0.01961,0.31435,0.15460,0.01965,0.01859,0.01953,0.03367,0.01970
0.21424,0.21311,0.02819,0.01261,0.00948,0.04579,0.08841,0.05009,0.04578,0.01522,0.04106,0.00979,0.18835,0.03788
0.05004,0.06071,0.03305,0.05171,0.05550,0.17619,0.15563,0.11061,0.10419,0.05578,0.01931,0.08901,0.00948,0.02879
0.22442,0.22422,0.02413,0.05728,0.06368,0.04904,0.04576,0.05051,0.06126,0.04477,0.03079,0.04113,0.05636,0.02664
0.29822,0.30087,0.08678,0.02442,0.00884,0.01480,0.01487,0.13319,0.04581,0.00991,0.01235,0.01667,0.02126,0.01201
0.03495,0.03504,0.01933,0.01722,0.02201,0.03645,0.05527,0.16125,0.20735,0.03007,0.19578,0.01869,0.01100,0.15558
0.07454,0.08443,0.02296,0.03082,0.02057,0.01819,0.00901,0.05910,0.21074,0.23294,0.07553,0.01599,0.01099,0.13420
0.05273,0.02008,0.13167,0.07243,0.01506,0.16449,0.01155,0.07196,0.07927,0.02552,0.11980,0.04254,0.01757,0.17535
0.01366,0.01085,0.28758,0.01127,0.08260,0.01153,0.01549,0.32520,0.05230,0.09954,0.03929,0.00927,0.00737,0.03405
0.24398,0.19201,0.01731,0.03337,0.01999,0.01218,0.00559,0.21210,0.21287,0.01387,0.00693,0.00569,0.00958,0.01452
0.13355,0.06570,0.04315,0.14222,0.06554,0.04233,0.04027,0.16810,0.14392,0.02725,0.02465,0.06056,0.02565,0.01710
0.01757,0.02124,0.01081,0.02013,0.06497,0.06496,0.08186,0.02280,0.06048,0.33622,0.01532,0.01026,0.01314,0.26025
0.04028,0.06002,0.01620,0.07264,0.14653,0.01188,0.01102,0.20584,0.21338,0.12367,0.02586,0.05104,0.00942,0.01222
0.03101,0.05488,0.02875,0.28974,0.23611,0.03727,0.02561,0.04404,0.05138,0.02074,0.04969,0.07808,0.01663,0.03607
0.02932,0.02348,0.02123,0.06190,0.33150,0.01479,0.00914,0.06710,0.05187,0.29828,0.02350,0.01920,0.03474,0.01395
0.09535,0.09321,0.22439,0.07507,0.02315,0.06275,0.02347,0.26383,0.04532,0.00630,0.00775,0.02898,0.03461,0.01581
0.05152,0.03998,0.01184,0.30049,0.28277,0.02078,0.01818,0.02240,0.02008,0.04221,0.02530,0.01165,0.14174,0.01106
0.06438,0.04965,0.06587,0.10967,0.09988,0.04487,0.01127,0.05843,0.02885,0.00933,0.03538,0.01584,0.36073,0.04586
0.03238,0.03097,0.02529,0.18771,0.16663,0.01276,0.00653,0.24002,0.20673,0.01729,0.01388,0.01888,0.01563,0.02530
0.06220,0.07419,0.01306,0.05596,0.21136,0.05185,0.04264,0.04352,0.06316,0.22921,0.03184,0.05585,0.02244,0.04270
0.05357,0.04195,0.02220,0.32523,0.24117,0.02844,0.02973,0.04379,0.03498,0.02892,0.02820,0.07277,0.02527,0.02379
0.01940,0.01710,0.12817,0.06405,0.02341,0.04156,0.02196,0.30440,0.20699,0.01798,0.05079,0.03763,0.00625,0.06032
0.04428,0.01675,0.08512,0.05120,0.02386,0.12604,0.01295,0.04254,0.04817,0.01761,0.22572,0.02093,0.01916,0.26567
0.25568,0.22651,0.03772,0.09701,0.02047,0.05795,0.02370,0.04033,0.04072,0.05120,0.00963,0.09349,0.00663,0.03897
0.07269,0.08246,0.03934,0.05029,0.03839,0.21512,0.14757,0.07212,0.07321,0.04212,0.02092,0.08716,0.03782,0.02078
0.04619,0.11827,0.01223,0.11387,0.02432,0.14070,0.11409,0.03816,0.05606,0.02876,0.04525,0.19450,0.05279,0.01481
0.11046,0.08600,0.01219,0.20852,0.17073,0.02153,0.05512,0.07297,0.07914,0.01035,0.01271,0.02871,0.11741,0.01418
0.02148,0.02960,0.05552,0.01035,0.00935,0.07832,0.17030,0.06023,0.07053,0.06389,0.16377,0.00657,0.01167,0.24844
0.03555,0.02117,0.04350,0.04328,0.03239,0.07675,0.01971,0.05891,0.04629,0.01554,0.26328,0.01581,0.02481,0.30301
0.07405,0.05199,0.06424,0.19906,0.17756,0.05859,0.01131,0.10273,0.08284,0.02277,0.01891,0.00971,0.10527,0.02097
0.06540,0.08307,0.08369,0.01725,0.01826,0.11817,0.06492,0.12851,0.13319,0.03255,0.09089,0.02464,0.01422,0.12524
0.04609,0.04083,0.17626,0.02779,0.02093,0.17023,0.01441,0.21895,0.20944,0.02303,0.01074,0.01328,0.01108,0.01694
0.01474,0.01548,0.07083,0.02638,0.02962,0.10800,0.05475,0.17344,0.16789,0.03620,0.12591,0.01624,0.01460,0.14590
0.02973,0.04564,0.05459,0.29168,0.25101,0.09725,0.05197,0.03408,0.03389,0.01751,0.01899,0.04138,0.01258,0.01970
0.04477,0.02774,0.02130,0.09283,0.04044,0.01590,0.00779,0.13542,0.29522,0.06839,0.16711,0.03356,0.02214,0.02739
0.06432,0.03242,0.01419,0.05327,0.06168,0.02544,0.02428,0.11051,0.21848,0.07218,0.15808,0.03910,0.02075,0.10530
0.21502,0.01695,0.01947,0.24659,0.13365,0.01187,0.00728,0.10137,0.12599,0.02150,0.01230,0.01814,0.05257,0.01730
0.02087,0.01490,0.02108,0.31958,0.26452,0.02021,0.02153,0.05291,0.05002,0.03523,0.06410,0.04720,0.01694,0.05091
0.05579,0.06189,0.03934,0.06095,0.03119,0.03714,0.04523,0.08662,0.10384,0.19761,0.03749,0.03946,0.01737,0.18607
0.28397,0.22580,0.02264,0.08831,0.02452,0.02936,0.02207,0.06070,0.06449,0.02588,0.03205,0.06211,0.01892,0.03918
0.07472,0.01400,0.23577,0.07519,0.05202,0.01312,0.01008,0.26878,0.04148,0.03714,0.01977,0.02045,0.11965,0.01782
0.02985,0.28259,0.01681,0.02851,0.02736,0.08785,0.07298,0.03611,0.03215,0.03629,0.02660,0.28372,0.01110,0.02809
0.24383,0.24718,0.08494,0.05402,0.04134,0.00942,0.01266,0.13705,0.05355,0.03284,0.02265,0.01139,0.01312,0.03601
0.02482,0.17121,0.01908,0.04431,0.08997,0.01486,0.02591,0.11246,0.13374,0.09613,0.03261,0.17940,0.02088,0.03462
0.01834,0.02277,0.12964,0.04028,0.01269,0.02360,0.02383,0.32780,0.24482,0.02785,0.02285,0.03937,0.02120,0.04497
0.04726,0.05705,0.17089,0.05401,0.02767,0.04132,0.04279,0.28042,0.11094,0.03271,0.02137,0.04987,0.01293,0.05077
0.03338,0.03115,0.23290,0.06553,0.05975,0.22187,0.01995,0.12736,0.10289,0.04336,0.01247,0.01613,0.01216,0.02111
0.15696,0.14713,0.02172,0.16901,0.04230,0.02894,0.02075,0.07298,0.07972,0.06441,0.01600,0.11418,0.03047,0.03545
0.04776,0.01248,0.27736,0.06302,0.02107,0.25084,0.02442,0.09727,0.07054,0.01992,0.01909,0.04107,0.01623,0.03893
0.04801,0.02866,0.14234,0.12666,0.02662,0.01806,0.00996,0.25472,0.10484,0.01827,0.02971,0.09864,0.05332,0.04020
0.02952,0.02299,0.01943,0.03050,0.02293,0.01757,0.04056,0.07489,0.20033,0.20109,0.12868,0.01442,0.01455,0.18255
0.02928,0.02124,0.16932,0.03814,0.02680,0.05987,0.03392,0.22657,0.10705,0.02823,0.01922,0.02114,0.18673,0.03248
0.03841,0.17256,0.05005,0.04442,0.18666,0.01427,0.01503,0.06892,0.02573,0.17170,0.01336,0.16536,0.02042,0.01310
0.06776,0.05502,0.02011,0.27707,0.28957,0.02289,0.01924,0.03550,0.04319,0.07330,0.03776,0.02397,0.01292,0.02170
0.02045,0.01225,0.01494,0.34448,0.26409,0.01510,0.01506,0.09640,0.10324,0.02800,0.01403,0.04353,0.00527,0.02318
0.13627,0.03699,0.02656,0.30201,0.23635,0.02635,0.01344,0.07040,0.04850,0.02986,0.00817,0.02537,0.01699,0.02274
0.02568,0.02191,0.11349,0.04509,0.04924,0.16474,0.13495,0.01924,0.02799,0.02590,0.17500,0.01351,0.04125,0.14202
0.31406,0.27644,0.02283,0.13496,0.07084,0.02349,0.00949,0.02708,0.02110,0.00902,0.00876,0.04832,0.01714,0.01647
0.21384,0.16494,0.02649,0.10689,0.08570,0.07128,0.08574,0.05024,0.03478,0.04967,0.01510,0.01722,0.02535,0.05277
0.03099,0.01389,0.01579,0.22302,0.21678,0.01371,0.01202,0.14898,0.13544,0.02163,0.06055,0.02105,0.03133,0.05482
0.12384,0.04723,0.17176,0.11709,0.03168,0.19288,0.01619,0.04364,0.05016,0.03016,0.03334,0.04146,0.01770,0.08288
0.02311,0.03361,0.02584,0.03691,0.29355,0.02159,0.03042,0.09112,0.05746,0.28353,0.02708,0.03459,0.01945,0.02175
0.11741,0.02884,0.04415,0.07852,0.02863,0.13901,0.03247,0.03786,0.03726,0.02792,0.14843,0.03650,0.01773,0.22527
0.01608,0.01420,0.02862,0.01994,0.02208,0.03788,0.04959,0.04243,0.33112,0.02619,0.34411,0.01064,0.03673,0.02038
0.17098,0.18153,0.03190,0.03273,0.02531,0.03218,0.02067,0.15774,0.18715,0.02871,0.06441,0.01596,0.01173,0.03898
0.04488,0.04820,0.18764,0.11743,0.04477,0.19731,0.08466,0.04742,0.04430,0.01361,0.01879,0.08009,0.02894,0.04196
0.04682,0.02106,0.20451,0.06458,0.04143,0.16979,0.01197,0.13183,0.07962,0.07798,0.01959,0.01274,0.01473,0.10334
0.03611,0.01367,0.03363,0.03811,0.02971,0.02419,0.01074,0.12459,0.28610,0.02411,0.28882,0.01343,0.02922,0.04757
0.09516,0.08474,0.05978,0.21880,0.20268,0.02712,0.00982,0.09132,0.05411,0.01220,0.02517,0.00735,0.08847,0.02330
0.05954,0.01488,0.19642,0.10303,0.05016,0.04116,0.00559,0.31550,0.12462,0.00704,0.01177,0.03867,0.01484,0.01678
0.23170,0.22885,0.01309,0.10438,0.03310,0.01325,0.01687,0.07923,0.08122,0.03342,0.02830,0.08333,0.03753,0.01574
0.02367,0.02553,0.22350,0.02735,0.02318,0.22693,0.10814,0.06061,0.06005,0.02323,0.06893,0.01491,0.02252,0.09145
0.12461,0.09710,0.01094,0.10362,0.02309,0.01748,0.01069,0.20245,0.23401,0.02265,0.03833,0.08479,0.01545,0.01479
0.03004,0.03419,0.19856,0.05062,0.03582,0.21815,0.03231,0.05171,0.04885,0.02486,0.10267,0.02502,0.01458,0.13260
0.01699,0.01078,0.01872,0.05799,0.34920,0.03474,0.02289,0.04086,0.02916,0.34993,0.01268,0.02651,0.01097,0.01858
0.03635,0.02355,0.04954,0.06237,0.11526,0.02788,0.01272,0.06879,0.14670,0.26668,0.04788,0.02411,0.01053,0.10764
0.05490,0.05252,0.13934,0.10537,0.02403,0.04127,0.01305,0.25046,0.16272,0.01462,0.01154,0.06748,0.04074,0.02196
0.04452,0.01952,0.20112,0.06165,0.04428,0.16822,0.02669,0.09057,0.03462,0.03977,0.08432,0.01968,0.03833,0.12670
0.02069,0.02628,0.02991,0.05248,0.03505,0.01939,0.01594,0.04833,0.19044,0.23524,0.11201,0.03599,0.02220,0.15606
0.02884,0.02567,0.14424,0.10930,0.02204,0.01205,0.01566,0.30217,0.16728,0.01164,0.04061,0.07662,0.00837,0.03551
0.03284,0.06106,0.01781,0.04148,0.02569,0.12835,0.12019,0.15676,0.16482,0.02294,0.07331,0.06504,0.02828,0.06142
0.02808,0.03207,0.04110,0.06186,0.04886,0.02384,0.01450,0.14232,0.25985,0.09675,0.14727,0.02138,0.01733,0.06479
0.09208,0.03972,0.20751,0.04470,0.03820,0.23435,0.01972,0.03359,0.02945,0.03228,0.05535,0.02569,0.05283,0.09454
0.04023,0.06496,0.16622,0.03308,0.02797,0.23487,0.12354,0.06533,0.07233,0.03874,0.02676,0.03873,0.00877,0.05849
0.02064,0.01827,0.01754,0.01954,0.09664,0.22873,0.22988,0.05449,0.04603,0.10466,0.06549,0.02047,0.01356,0.06406
0.01863,0.01553,0.11960,0.04614,0.04004,0.13341,0.02589,0.25398,0.25969,0.02064,0.01907,0.01217,0.01775,0.01746
0.14042,0.14983,0.02045,0.02009,0.01761,0.03223,0.01942,0.25171,0.24359,0.01173,0.02646,0.01809,0.01396,0.03439
0.16695,0.05213,0.02960,0.19381,0.15435,0.03211,0.01476,0.03834,0.04138,0.06760,0.01294,0.01285,0.16326,0.01991
0.03030,0.00826,0.02567,0.29818,0.26040,0.01193,0.00906,0.09384,0.04682,0.06084,0.02076,0.01375,0.00720,0.11299
0.11083,0.07846,0.05194,0.05546,0.20363,0.04788,0.00978,0.09839,0.06694,0.17967,0.02632,0.02590,0.00953,0.03526
0.19015,0.02634,0.01085,0.23713,0.12584,0.07316,0.03707,0.06610,0.08939,0.01804,0.01341,0.02626,0.06781,0.01846
0.05992,0.05241,0.02254,0.06092,0.02567,0.04157,0.02302,0.07915,0.11493,0.25158,0.01481,0.03648,0.01094,0.20607
0.10829,0.03097,0.03286,0.29605,0.24574,0.03755,0.01301,0.04557,0.03515,0.01438,0.04702,0.01267,0.03421,0.04653
0.03773,0.01807,0.04169,0.05107,0.03378,0.06495,0.01414,0.09353,0.13151,0.04421,0.20744,0.01178,0.03259,0.21751
0.05114,0.03297,0.01839,0.06382,0.14796,0.03241,0.02239,0.16376,0.17640,0.14759,0.03045,0.05666,0.00791,0.04814
0.02690,0.02372,0.14630,0.17103,0.03669,0.01691,0.01101,0.25724,0.10034,0.01436,0.02282,0.14034,0.00813,0.02422
0.05728,0.14598,0.02042,0.08328,0.05960,0.05699,0.03349,0.09740,0.11585,0.05219,0.05634,0.16495,0.01313,0.04309
0.03149,0.09641,0.04267,0.05278,0.08039,0.14221,0.12437,0.12388,0.07500,0.05538,0.01940,0.10742,0.02575,0.02286
0.28147,0.24995,0.03840,0.07524,0.02958,0.02388,0.01109,0.11526,0.08083,0.01911,0.01267,0.02220,0.02030,0.02001
0.15603,0.15770,0.03970,0.02135,0.02641,0.05008,0.05261,0.23323,0.18195,0.02029,0.01084,0.00766,0.02174,0.02042
0.05811,0.02092,0.06287,0.25690,0.20762,0.04421,0.01883,0.10716,0.04331,0.01542,0.02121,0.02660,0.09339,0.02344
0.04123,0.02893,0.03453,0.09614,0.06057,0.02233,0.02462,0.04931,0.15495,0.19540,0.08014,0.04245,0.05874,0.11067
0.03416,0.02428,0.01278,0.06295,0.02677,0.01775,0.01827,0.15294,0.29836,0.16031,0.08881,0.02269,0.00909,0.07083
0.04851,0.05803,0.16149,0.02392,0.02075,0.20314,0.15236,0.07992,0.08399,0.01655,0.05107,0.01788,0.01677,0.06562
0.02136,0.01861,0.13952,0.02400,0.02576,0.01798,0.01604,0.15456,0.15191,0.03230,0.12425,0.01128,0.24534,0.01709
0.05861,0.04805,0.18383,0.04820,0.03740,0.19166,0.07083,0.08665,0.08203,0.06178,0.03522,0.02025,0.02031,0.05517
0.04857,0.07815,0.01268,0.07439,0.04385,0.13399,0.11408,0.16318,0.16960,0.04298,0.02025,0.06808,0.01740,0.01279
0.04878,0.05512,0.19471,0.05635,0.00956,0.26001,0.04798,0.06871,0.08170,0.02816,0.04934,0.04313,0.00918,0.04726
0.02158,0.02963,0.03292,0.02476,0.21751,0.07008,0.03645,0.13568,0.14104,0.21789,0.01287,0.03629,0.00638,0.01694
