0.09273,0.08636,0.04596,0.03138,0.03969,0.03931,0.08452,0.07694,0.08751,0.04947,0.02047,0.02791,0.02933,0.06621,0.02622,0.04139,0.05181,0.02676,0.05241,0.02361
0.15159,0.02144,0.04490,0.05246,0.02872,0.02118,0.07982,0.05431,0.03798,0.15282,0.02192,0.03176,0.08147,0.01579,0.03950,0.01312,0.08911,0.00928,0.03653,0.01630
0.04510,0.03587,0.26425,0.05429,0.01859,0.12939,0.02809,0.01791,0.07349,0.02764,0.04307,0.02046,0.02285,0.06651,0.04948,0.02844,0.01137,0.01994,0.01212,0.03114
0.06500,0.03871,0.09220,0.07759,0.02956,0.04890,0.04155,0.03650,0.08528,0.17171,0.05450,0.03914,0.02477,0.04263,0.02940,0.01450,0.01431,0.03983,0.02294,0.03096
0.06035,0.02309,0.04188,0.02369,0.01902,0.02046,0.02824,0.02150,0.02220,0.04300,0.17427,0.02947,0.02782,0.03738,0.02214,0.00829,0.22194,0.02084,0.13414,0.02028
0.08576,0.03233,0.03515,0.03232,0.01700,0.01833,0.03716,0.02846,0.02795,0.04408,0.01015,0.02722,0.01399,0.02546,0.02841,0.04042,0.27323,0.01027,0.19352,0.01879
0.07163,0.04392,0.04755,0.08354,0.02831,0.02978,0.06267,0.02815,0.03821,0.05544,0.23132,0.02261,0.03034,0.07712,0.01722,0.01972,0.02645,0.01791,0.04171,0.02640
0.11064,0.03652,0.04133,0.05237,0.02038,0.03907,0.32461,0.03168,0.03127,0.04966,0.04074,0.02949,0.01750,0.03649,0.03335,0.02294,0.01136,0.03018,0.01235,0.02807
0.07461,0.04219,0.03619,0.04138,0.02972,0.02382,0.05394,0.03049,0.03515,0.05792,0.04416,0.07902,0.02919,0.05180,0.02671,0.02786,0.18832,0.01585,0.08165,0.03004
0.39374,0.01325,0.03562,0.01453,0.03492,0.02527,0.01568,0.10390,0.02381,0.01616,0.00764,0.02074,0.04582,0.01623,0.03594,0.12963,0.00836,0.01950,0.01046,0.02879
0.05679,0.02062,0.04352,0.03186,0.01353,0.04357,0.02528,0.01671,0.01928,0.03070,0.03702,0.01867,0.01290,0.03080,0.01853,0.01881,0.37194,0.01088,0.15702,0.02158
0.12591,0.02143,0.02804,0.02738,0.01861,0.02134,0.04219,0.01896,0.03309,0.04159,0.27518,0.05352,0.02485,0.05642,0.02436,0.01963,0.07992,0.01894,0.04564,0.02301
0.12501,0.03482,0.03756,0.08775,0.02660,0.03115,0.05380,0.02491,0.02586,0.03836,0.01785,0.02758,0.02696,0.03789,0.11034,0.03255,0.08993,0.02564,0.10632,0.03911
0.09048,0.05371,0.05587,0.04411,0.02667,0.03432,0.07472,0.03922,0.04757,0.06155,0.02074,0.03912,0.07131,0.05240,0.03390,0.04493,0.09262,0.02399,0.06568,0.02710
0.07009,0.03644,0.04591,0.03281,0.03828,0.03683,0.04989,0.03076,0.09104,0.08028,0.02546,0.16762,0.03393,0.01995,0.02528,0.06321,0.03993,0.01902,0.05341,0.03987
0.06850,0.03658,0.07308,0.03615,0.04721,0.05828,0.03442,0.08369,0.03861,0.03139,0.02677,0.02022,0.03197,0.22897,0.02953,0.06235,0.01322,0.02896,0.01560,0.03450
0.05342,0.01319,0.01869,0.02549,0.01303,0.01602,0.01669,0.09836,0.03789,0.02647,0.00365,0.02187,0.18176,0.00658,0.02512,0.01925,0.00302,0.02155,0.00442,0.39351
0.04405,0.02214,0.03372,0.03220,0.01685,0.02385,0.03693,0.02088,0.02534,0.03177,0.03509,0.03060,0.02055,0.09286,0.02607,0.41795,0.01533,0.01898,0.01496,0.03988
0.08201,0.03279,0.05555,0.03322,0.02012,0.02319,0.02699,0.02647,0.02427,0.04787,0.01864,0.02033,0.02830,0.02008,0.01314,0.01200,0.24271,0.01764,0.24081,0.01386
0.04800,0.02040,0.02690,0.02570,0.01378,0.01439,0.02352,0.01674,0.02149,0.05164,0.05391,0.03547,0.01891,0.02574,0.01640,0.00962,0.44450,0.02031,0.09592,0.01667
0.07808,0.03402,0.07507,0.03722,0.02513,0.03375,0.04512,0.03090,0.03710,0.04475,0.06284,0.04030,0.02023,0.06626,0.06532,0.03264,0.16289,0.01588,0.06544,0.02704
0.06680,0.01743,0.04429,0.04625,0.03659,0.02927,0.02021,0.02271,0.04308,0.05395,0.02020,0.06053,0.02516,0.01180,0.40734,0.00928,0.00529,0.02954,0.00891,0.04135
0.01944,0.03467,0.08974,0.03761,0.02632,0.30165,0.04706,0.06414,0.03815,0.09231,0.04141,0.02997,0.01958,0.03885,0.02552,0.01547,0.01442,0.01148,0.03076,0.02144
0.07610,0.04469,0.04654,0.03209,0.02697,0.04302,0.04377,0.04153,0.03510,0.08523,0.02001,0.05985,0.08935,0.02408,0.05318,0.01563,0.09701,0.04043,0.06532,0.06010
0.03849,0.01329,0.06683,0.02077,0.00957,0.01195,0.01043,0.00994,0.02810,0.56076,0.08342,0.01718,0.01316,0.02227,0.00778,0.00495,0.03175,0.00876,0.03074,0.00985
0.15275,0.01356,0.03893,0.02355,0.01354,0.01558,0.04102,0.01954,0.01420,0.06285,0.36549,0.01771,0.01822,0.13456,0.01281,0.01541,0.00731,0.01141,0.00803,0.01353
0.04529,0.11871,0.02595,0.02587,0.01407,0.06899,0.03264,0.02056,0.04185,0.03731,0.01195,0.05326,0.13609,0.00907,0.04858,0.00815,0.11843,0.02090,0.14305,0.01928
0.21228,0.02758,0.05735,0.02612,0.04255,0.02939,0.11093,0.02536,0.02675,0.05443,0.02272,0.01899,0.04087,0.07204,0.04009,0.03019,0.05714,0.02591,0.03134,0.04797
0.06304,0.09015,0.03413,0.03623,0.05291,0.03594,0.14428,0.02506,0.04794,0.02840,0.03409,0.04284,0.23743,0.02244,0.01439,0.01511,0.01254,0.02736,0.01198,0.02373
0.06220,0.09861,0.07306,0.07788,0.01417,0.06070,0.06696,0.01387,0.10907,0.03598,0.02885,0.03312,0.11432,0.01898,0.01330,0.01510,0.05091,0.01692,0.07175,0.02426
0.11542,0.03095,0.17261,0.02905,0.02160,0.02236,0.03682,0.01812,0.01719,0.12490,0.04554,0.03854,0.01610,0.12153,0.06660,0.03573,0.02092,0.01963,0.01873,0.02766
0.03987,0.04630,0.08797,0.04416,0.02298,0.03803,0.03273,0.03052,0.04135,0.07758,0.03560,0.04295,0.02872,0.04119,0.01786,0.02536,0.17670,0.01713,0.13117,0.02182
0.07691,0.05411,0.08914,0.07284,0.03274,0.03862,0.06086,0.05201,0.05565,0.07226,0.10364,0.04168,0.02743,0.04077,0.04982,0.01265,0.02062,0.03365,0.01689,0.04769
0.09764,0.02074,0.07618,0.02799,0.01526,0.20306,0.02071,0.01787,0.02443,0.02569,0.03798,0.02598,0.01338,0.15107,0.02642,0.13340,0.01166,0.02505,0.00936,0.03611
0.22163,0.02514,0.01179,0.04408,0.01741,0.02065,0.17375,0.03115,0.03338,0.01283,0.04761,0.06284,0.01766,0.04969,0.05394,0.06123,0.02218,0.02879,0.02625,0.03801
0.13186,0.01567,0.24459,0.02179,0.01171,0.01981,0.05271,0.01196,0.01758,0.32896,0.02076,0.01844,0.01418,0.01542,0.01185,0.01380,0.00764,0.01564,0.00787,0.01775
0.15620,0.02374,0.03883,0.13782,0.03600,0.02690,0.03583,0.05004,0.04371,0.08255,0.07436,0.03263,0.01948,0.05550,0.02489,0.01859,0.04478,0.01497,0.06777,0.01540
0.22111,0.02712,0.04143,0.04087,0.04510,0.04984,0.11711,0.03604,0.03466,0.07896,0.03183,0.02948,0.03475,0.03313,0.02047,0.04468,0.03030,0.02348,0.02252,0.03715
0.20335,0.01560,0.02456,0.15608,0.02960,0.02046,0.01545,0.03929,0.06825,0.03600,0.04857,0.12081,0.02158,0.01936,0.05351,0.01428,0.01165,0.03968,0.01762,0.04430
0.10033,0.02723,0.04530,0.07063,0.03179,0.02368,0.02795,0.01985,0.02782,0.15013,0.11596,0.04082,0.01888,0.12513,0.01586,0.03037,0.03677,0.02813,0.03674,0.02664
0.05446,0.02652,0.11855,0.03983,0.02340,0.02366,0.03935,0.02373,0.02528,0.04889,0.02201,0.04589,0.02134,0.01534,0.13485,0.01357,0.19904,0.01796,0.07460,0.03173
0.05064,0.04214,0.09788,0.04256,0.02070,0.02691,0.05253,0.01487,0.05608,0.03794,0.12086,0.03164,0.01353,0.04440,0.05172,0.01376,0.08436,0.01894,0.15959,0.01896
0.06696,0.02561,0.07346,0.03908,0.02692,0.02998,0.02519,0.02993,0.02514,0.25509,0.07900,0.06026,0.01484,0.02337,0.06294,0.00982,0.04067,0.03672,0.04170,0.03332
0.39012,0.02243,0.03765,0.03863,0.01443,0.03230,0.02415,0.02625,0.02754,0.02733,0.01232,0.02001,0.04264,0.01779,0.01870,0.02879,0.10938,0.01237,0.07184,0.02533
0.03297,0.02566,0.03971,0.02229,0.03196,0.01751,0.04194,0.03192,0.03083,0.05624,0.02292,0.02256,0.03308,0.01902,0.07007,0.01284,0.33962,0.01486,0.11078,0.02322
0.06131,0.03096,0.04598,0.03163,0.02004,0.02513,0.04385,0.01839,0.02475,0.03039,0.29970,0.05339,0.01516,0.04534,0.02298,0.01510,0.08884,0.02566,0.08072,0.02068
0.13560,0.04323,0.10140,0.03522,0.09409,0.06462,0.03223,0.06801,0.04801,0.08139,0.01857,0.02025,0.11887,0.02037,0.01449,0.01713,0.02724,0.01794,0.02004,0.02130
0.09123,0.01565,0.07231,0.02798,0.03170,0.13592,0.02865,0.02634,0.01596,0.02790,0.06029,0.03048,0.01644,0.11559,0.06345,0.05232,0.08764,0.02549,0.04599,0.02865
0.12362,0.03107,0.04591,0.04141,0.01693,0.02457,0.03447,0.01897,0.02196,0.04592,0.33062,0.03345,0.01733,0.07896,0.02998,0.02181,0.02066,0.01867,0.02123,0.02248
0.05112,0.02570,0.05595,0.02859,0.01470,0.02550,0.02103,0.01724,0.02318,0.08393,0.12959,0.05110,0.33750,0.04599,0.01084,0.02400,0.01342,0.01192,0.01286,0.01586
0.01950,0.07408,0.06663,0.05058,0.03794,0.06169,0.09908,0.03401,0.19310,0.05367,0.05349,0.04639,0.04165,0.02375,0.02289,0.02001,0.01243,0.02168,0.01983,0.04758
0.06847,0.03290,0.06039,0.04208,0.01630,0.02539,0.03812,0.01855,0.02583,0.03260,0.39116,0.03413,0.01450,0.02754,0.03109,0.01138,0.04031,0.02332,0.04140,0.02453
0.05463,0.03999,0.09651,0.05687,0.03271,0.11168,0.07669,0.03118,0.03881,0.06856,0.07600,0.02759,0.01826,0.13192,0.02097,0.04613,0.01840,0.01089,0.02226,0.01993
0.08964,0.01592,0.27794,0.02104,0.00952,0.01450,0.02011,0.01023,0.01236,0.35819,0.01592,0.01845,0.01121,0.02662,0.02262,0.01540,0.02114,0.00931,0.01557,0.01432
0.06576,0.04323,0.07919,0.05907,0.04563,0.03486,0.07529,0.03943,0.08691,0.07017,0.05587,0.03200,0.01817,0.13142,0.02777,0.06309,0.01080,0.02050,0.01191,0.02894
0.02121,0.02493,0.07203,0.04027,0.01411,0.28684,0.03411,0.01785,0.02263,0.02935,0.24097,0.02062,0.01316,0.07022,0.01635,0.02082,0.00695,0.01774,0.00789,0.02197
0.28655,0.01834,0.01864,0.02657,0.00766,0.01087,0.02530,0.01156,0.01712,0.04328,0.32837,0.01970,0.01730,0.02245,0.01543,0.00957,0.04886,0.01639,0.03499,0.02103
0.26230,0.03997,0.03141,0.01449,0.01911,0.01865,0.12019,0.02966,0.04016,0.04396,0.02346,0.03087,0.05448,0.02350,0.04089,0.01294,0.07990,0.02032,0.07169,0.02206
0.06823,0.02321,0.32841,0.02991,0.02006,0.09938,0.03422,0.01679,0.02981,0.03644,0.02320,0.02885,0.01194,0.02745,0.12746,0.01922,0.01386,0.02370,0.01327,0.02457
0.06356,0.02824,0.06279,0.06796,0.03544,0.02890,0.05799,0.20318,0.03147,0.20410,0.03817,0.02741,0.01456,0.02427,0.02828,0.01168,0.00764,0.02977,0.00789,0.02670
0.18560,0.04592,0.08037,0.05125,0.03279,0.08569,0.03676,0.05623,0.06959,0.05651,0.02104,0.03933,0.04199,0.03967,0.02266,0.03111,0.01361,0.03429,0.01856,0.03703
0.14425,0.02627,0.14053,0.02000,0.01552,0.02785,0.25372,0.01802,0.01977,0.18544,0.01674,0.02281,0.01889,0.02274,0.01009,0.00960,0.00647,0.01998,0.00725,0.01407
0.07773,0.02504,0.06578,0.11474,0.05391,0.01928,0.02046,0.04464,0.07064,0.11991,0.17063,0.03988,0.02117,0.04216,0.02387,0.01999,0.01054,0.02023,0.01263,0.02678
0.03497,0.05464,0.03926,0.03686,0.03670,0.02360,0.06816,0.05989,0.04723,0.14008,0.04440,0.04644,0.03133,0.01635,0.02823,0.00961,0.11909,0.01672,0.12221,0.02422
0.03320,0.01690,0.07300,0.02445,0.01438,0.02828,0.02466,0.01408,0.01890,0.02311,0.52887,0.03219,0.00789,0.04796,0.03072,0.01407,0.01350,0.01244,0.02308,0.01832
0.12508,0.03821,0.02940,0.04790,0.01657,0.07364,0.30826,0.02441,0.03356,0.03028,0.04944,0.04569,0.02446,0.04948,0.01821,0.01622,0.00876,0.02716,0.01105,0.02222
0.06588,0.06811,0.06411,0.09556,0.05884,0.02408,0.09897,0.05658,0.05225,0.12133,0.04888,0.03160,0.03197,0.02878,0.02989,0.01707,0.02359,0.02636,0.01807,0.03810
0.11911,0.08552,0.02943,0.15665,0.06495,0.06242,0.12956,0.03604,0.02643,0.03178,0.07077,0.02403,0.02044,0.02691,0.02089,0.01051,0.01501,0.02487,0.01895,0.02572
0.05527,0.07158,0.04143,0.02173,0.03240,0.03395,0.09358,0.02668,0.06999,0.03835,0.30416,0.02403,0.01705,0.03846,0.03987,0.01356,0.01049,0.02895,0.01394,0.02455
0.11101,0.05257,0.07721,0.07758,0.03016,0.09823,0.06955,0.03566,0.05697,0.09227,0.03877,0.04890,0.04260,0.04091,0.02028,0.02306,0.01529,0.02650,0.02185,0.02064
0.17357,0.04572,0.03684,0.05725,0.02219,0.03194,0.04078,0.02412,0.03275,0.03982,0.05044,0.05233,0.02453,0.02343,0.03145,0.02006,0.12694,0.03345,0.09007,0.04233
0.12593,0.03179,0.03045,0.11243,0.03150,0.02892,0.04028,0.02387,0.01980,0.02121,0.26986,0.03202,0.01491,0.04979,0.01902,0.01562,0.04561,0.01606,0.04439,0.02654
0.13555,0.02602,0.04799,0.03295,0.01793,0.02623,0.02995,0.01684,0.02368,0.04174,0.04765,0.03090,0.01034,0.03743,0.03119,0.01600,0.20372,0.01851,0.18405,0.02133
0.04524,0.04071,0.07299,0.04016,0.04826,0.04506,0.05034,0.05502,0.06214,0.05396,0.06053,0.05897,0.02365,0.12184,0.06297,0.05123,0.02161,0.02709,0.01691,0.04132
0.20859,0.01779,0.04622,0.04642,0.02623,0.03047,0.02921,0.01988,0.01479,0.07434,0.10225,0.02255,0.01347,0.23830,0.01766,0.03460,0.01100,0.01240,0.01059,0.02325
0.06069,0.09234,0.27833,0.07326,0.02126,0.05125,0.02870,0.03288,0.04145,0.08804,0.02444,0.01259,0.05769,0.04123,0.01123,0.01860,0.01807,0.01640,0.01397,0.01758
0.05218,0.02760,0.02073,0.02533,0.01675,0.01634,0.03395,0.02394,0.01965,0.03231,0.01943,0.02864,0.02867,0.03614,0.01563,0.02366,0.32798,0.00981,0.22447,0.01678
0.20583,0.01752,0.02266,0.01507,0.02224,0.02106,0.20342,0.01801,0.02097,0.04055,0.01769,0.01626,0.01100,0.02039,0.04069,0.01413,0.22248,0.01101,0.04156,0.01746
0.10398,0.04247,0.08788,0.04865,0.03212,0.04178,0.07296,0.04746,0.03421,0.08034,0.09413,0.02058,0.03344,0.05370,0.01239,0.01099,0.10423,0.01239,0.04873,0.01758
0.12511,0.07598,0.07908,0.03615,0.02693,0.07169,0.10567,0.04181,0.02947,0.06150,0.03941,0.03313,0.03554,0.01955,0.01247,0.01532,0.08419,0.01738,0.07004,0.01958
0.20492,0.04134,0.05938,0.10938,0.03040,0.06707,0.04246,0.05173,0.03947,0.08151,0.08346,0.02848,0.02096,0.03831,0.01110,0.01241,0.01006,0.03317,0.00985,0.02456
0.02984,0.02377,0.05595,0.02671,0.02348,0.04155,0.02448,0.02217,0.02465,0.03523,0.32936,0.02771,0.01467,0.18613,0.02038,0.03151,0.01920,0.01989,0.01613,0.02717
0.11090,0.03217,0.03813,0.06963,0.02530,0.03099,0.04260,0.05334,0.03086,0.07388,0.03701,0.02653,0.17379,0.06178,0.01209,0.01963,0.07865,0.01804,0.04183,0.02286
0.08535,0.04035,0.04009,0.16510,0.02320,0.02123,0.05277,0.04018,0.02905,0.22637,0.04180,0.03418,0.02578,0.06319,0.01636,0.01897,0.02101,0.01192,0.01944,0.02366
0.30074,0.03493,0.01785,0.04941,0.01623,0.02043,0.05171,0.02048,0.03773,0.10438,0.05442,0.04896,0.04261,0.07836,0.01576,0.02084,0.01625,0.02595,0.01670,0.02626
0.21014,0.04145,0.02621,0.04673,0.01682,0.03156,0.03876,0.04973,0.04188,0.02480,0.04483,0.12251,0.01905,0.03465,0.02392,0.02578,0.05305,0.03579,0.07152,0.04082
0.04892,0.02897,0.05146,0.02810,0.02415,0.03008,0.04042,0.02145,0.03240,0.04828,0.25570,0.06850,0.01671,0.04711,0.03411,0.01841,0.07066,0.02722,0.07027,0.03707
0.06579,0.03175,0.02690,0.02694,0.02677,0.02085,0.07146,0.02330,0.03615,0.07994,0.25681,0.06318,0.06517,0.02391,0.03168,0.01051,0.04630,0.02088,0.03940,0.03229
0.10721,0.01916,0.01674,0.03628,0.02370,0.00952,0.05639,0.13884,0.01242,0.34552,0.03569,0.03065,0.02067,0.03266,0.01279,0.00944,0.02975,0.01368,0.03545,0.01345
0.11762,0.07811,0.07865,0.06438,0.02612,0.03215,0.08083,0.01838,0.13526,0.04481,0.05987,0.03099,0.01400,0.03065,0.03373,0.01979,0.06234,0.01438,0.03467,0.02328
0.06354,0.03068,0.03387,0.03589,0.02823,0.03310,0.02752,0.05335,0.02717,0.04273,0.01673,0.03608,0.02658,0.02293,0.02920,0.01505,0.22328,0.02240,0.19926,0.03239
0.06998,0.06439,0.05444,0.08344,0.07404,0.06323,0.11891,0.05472,0.03607,0.06182,0.02899,0.04440,0.03604,0.03062,0.03707,0.02008,0.01675,0.03011,0.02266,0.05224
0.10038,0.02544,0.07877,0.02479,0.01570,0.03053,0.02976,0.02329,0.02495,0.11421,0.02048,0.02486,0.03667,0.02426,0.05212,0.01556,0.15338,0.02501,0.14524,0.03460
0.15660,0.04277,0.13001,0.04726,0.02200,0.03152,0.04031,0.05862,0.05860,0.08415,0.04169,0.06743,0.01331,0.01881,0.02335,0.01570,0.03089,0.03990,0.03589,0.04119
0.08387,0.04721,0.02763,0.04478,0.03626,0.02213,0.04979,0.03591,0.02629,0.05960,0.02513,0.05318,0.03877,0.03008,0.03192,0.02581,0.20037,0.01489,0.11091,0.03547
0.04615,0.03096,0.03241,0.04067,0.03152,0.02066,0.05387,0.03545,0.02732,0.06351,0.06965,0.03793,0.01766,0.03224,0.02806,0.01314,0.17009,0.01198,0.21987,0.01686
0.06311,0.04093,0.02419,0.01651,0.02365,0.02226,0.18491,0.17013,0.03318,0.03551,0.21225,0.02856,0.01077,0.02989,0.03164,0.00746,0.01039,0.02168,0.01277,0.02019
0.16256,0.07600,0.01495,0.02647,0.01746,0.03168,0.13219,0.04235,0.11168,0.04373,0.01361,0.03371,0.10011,0.03332,0.01545,0.03055,0.02397,0.03150,0.01994,0.03877
0.13911,0.01925,0.14812,0.03548,0.02162,0.02095,0.01959,0.03138,0.03382,0.29730,0.03310,0.01836,0.01604,0.05344,0.01179,0.02082,0.01014,0.02704,0.01245,0.03019
0.09010,0.04345,0.04405,0.03178,0.02894,0.02863,0.06258,0.04747,0.05293,0.07606,0.02842,0.04385,0.02997,0.05448,0.08214,0.02449,0.10155,0.02185,0.07030,0.03696
