0.06297,0.06223,0.36063,0.51416
0.06716,0.19401,0.52944,0.20939
0.02491,0.13118,0.47520,0.36871
0.03805,0.04497,0.27270,0.64428
0.25059,0.21754,0.17462,0.35725
0.03195,0.04298,0.22925,0.69582
0.22264,0.24582,0.46895,0.06259
0.15224,0.17991,0.45121,0.21663
0.02132,0.02790,0.31220,0.63858
0.03176,0.05700,0.35337,0.55787
0.10821,0.06265,0.78946,0.03968
0.23210,0.23955,0.39287,0.13548
0.67264,0.02699,0.25341,0.04696
0.19389,0.20943,0.24659,0.35010
0.28872,0.31782,0.25159,0.14187
0.23534,0.27234,0.40285,0.08946
0.07955,0.02594,0.56773,0.32679
0.26788,0.14045,0.38847,0.20320
0.09458,0.44435,0.25413,0.20694
0.15269,0.18501,0.28196,0.38033
0.13420,0.15619,0.23716,0.47245
0.08561,0.09678,0.62224,0.19537
0.12471,0.13868,0.37898,0.35763
0.05377,0.06057,0.79887,0.08680
0.02406,0.28471,0.24389,0.44734
0.15941,0.20041,0.28638,0.35380
0.21841,0.27217,0.40039,0.10903
0.04632,0.15225,0.57557,0.22587
0.08595,0.09731,0.75801,0.05872
0.06908,0.07554,0.67301,0.18237
0.06776,0.09491,0.10524,0.73209
0.24399,0.28942,0.42600,0.04059
0.31830,0.36299,0.16541,0.15331
0.13909,0.16671,0.22949,0.46471
0.14280,0.11628,0.58582,0.15510
0.04343,0.25917,0.21084,0.48656
0.18351,0.20919,0.47025,0.13705
0.01006,0.00903,0.91484,0.06608
0.10108,0.13438,0.13050,0.63405
0.17800,0.07937,0.42922,0.31340
0.02010,0.01412,0.59814,0.36764
0.26354,0.27745,0.24310,0.21591
0.07219,0.09081,0.68072,0.15628
0.03194,0.02872,0.66768,0.27166
0.30632,0.11152,0.10478,0.47738
0.07093,0.14144,0.70444,0.08318
0.70334,0.05080,0.18366,0.06220
0.01395,0.29763,0.35882,0.32960
0.02008,0.02846,0.45125,0.50021
0.04948,0.04737,0.71438,0.18877
0.02577,0.03184,0.12565,0.81674
0.45842,0.02977,0.33784,0.17397
0.51174,0.10825,0.32217,0.05783
0.24525,0.27818,0.31758,0.15899
0.01623,0.02278,0.61039,0.35061
0.04276,0.66958,0.15661,0.13104
0.02212,0.25652,0.17387,0.54749
0.12231,0.42018,0.38946,0.06805
0.15931,0.17430,0.29151,0.37488
0.01153,0.24521,0.66126,0.08200
0.05991,0.24665,0.50813,0.18530
0.05326,0.01921,0.47953,0.44800
0.09137,0.05775,0.74067,0.11021
0.00849,0.02402,0.68160,0.28589
0.09882,0.11359,0.25403,0.53356
0.05634,0.06809,0.59646,0.27912
0.13346,0.16119,0.67605,0.02930
0.11036,0.12956,0.21290,0.54718
0.12329,0.12988,0.51154,0.23530
0.11333,0.01571,0.33398,0.53699
0.01475,0.01486,0.24753,0.72286
0.09470,0.10039,0.41783,0.38707
0.18919,0.22149,0.34739,0.24193
0.10144,0.17592,0.40280,0.31985
0.17940,0.04158,0.73118,0.04784
0.03541,0.04787,0.77914,0.13758
0.21093,0.24581,0.40209,0.14117
0.09515,0.11620,0.53447,0.25418
0.04414,0.06210,0.30538,0.58838
0.33926,0.09018,0.46918,0.10138
0.09049,0.61692,0.14288,0.14971
0.04485,0.12026,0.24403,0.59086
0.34437,0.37037,0.13809,0.14718
0.03956,0.02471,0.54228,0.39346
0.06497,0.02993,0.81633,0.08877
0.10193,0.11695,0.37386,0.40725
0.01125,0.02355,0.37310,0.59210
0.05548,0.08174,0.26132,0.60146
0.16526,0.40156,0.26792,0.16526
0.24024,0.27733,0.34473,0.13770
0.20761,0.23395,0.45379,0.10465
0.03093,0.04154,0.17755,0.74998
0.24476,0.04890,0.50705,0.19929
0.28802,0.31121,0.15231,0.24846
0.03237,0.22443,0.63118,0.11202
0.10475,0.12566,0.31318,0.45641
0.09030,0.35731,0.35436,0.19803
0.36414,0.05930,0.44520,0.13135
0.37615,0.08086,0.25894,0.28405
0.19534,0.22319,0.38013,0.20134
0.21809,0.26354,0.35361,0.16476
0.01717,0.03738,0.80913,0.13633
0.30015,0.35839,0.24999,0.09147
0.14374,0.17179,0.38265,0.30182
0.01787,0.02554,0.45689,0.49969
0.02356,0.03044,0.21016,0.73584
0.09482,0.10116,0.19608,0.60794
0.03196,0.14602,0.23327,0.58875
0.08481,0.10046,0.61358,0.20115
0.19457,0.22124,0.29175,0.29244
0.29862,0.15049,0.48349,0.06741
0.04732,0.13151,0.17639,0.64478
0.06409,0.08904,0.27637,0.57050
0.21851,0.24608,0.16581,0.36961
0.23893,0.03528,0.64793,0.07786
0.11040,0.13435,0.63146,0.12379
0.15212,0.10178,0.29711,0.44900
0.18935,0.02270,0.54673,0.24121
0.22061,0.26008,0.41014,0.10918
0.11806,0.12077,0.31656,0.44461
0.13025,0.17010,0.21852,0.48112
0.06383,0.07383,0.72531,0.13703
0.04897,0.25404,0.50312,0.19386
0.07594,0.10040,0.16468,0.65898
0.05334,0.45786,0.41804,0.07076
0.04109,0.30194,0.46870,0.18826
0.06151,0.06370,0.50236,0.37243
0.28053,0.35347,0.15851,0.20749
0.13766,0.10202,0.34609,0.41423
0.26150,0.30279,0.32310,0.11260
0.10917,0.12433,0.14043,0.62606
0.01544,0.04750,0.63075,0.30631
0.03083,0.07916,0.31500,0.57501
0.01418,0.01789,0.58609,0.38184
0.23403,0.25316,0.44577,0.06703
0.07106,0.45702,0.30224,0.16968
0.00670,0.02085,0.24074,0.73171
0.17961,0.11270,0.38641,0.32128
0.21542,0.24612,0.33236,0.20610
0.33205,0.35770,0.08885,0.22141
0.01816,0.04839,0.30483,0.62862
0.19581,0.03967,0.43820,0.32632
0.00895,0.01645,0.64943,0.32517
0.02524,0.39080,0.38995,0.19402
0.02698,0.03973,0.39445,0.53884
0.21390,0.24642,0.35122,0.18846
0.17170,0.18921,0.56514,0.07395
0.02656,0.03390,0.21479,0.72475
0.20831,0.25150,0.38866,0.15152
0.08143,0.50866,0.21678,0.19313
0.13267,0.15617,0.34577,0.36539
0.10392,0.12925,0.50600,0.26083
0.23935,0.27415,0.30516,0.18133
0.01104,0.18422,0.72845,0.07629
0.02331,0.03416,0.91643,0.02610
0.03732,0.20525,0.18055,0.57687
0.03649,0.33484,0.57411,0.05456
0.01867,0.02491,0.24750,0.70892
0.02034,0.06265,0.28105,0.63596
0.18637,0.21200,0.31643,0.28520
0.05986,0.13323,0.07132,0.73558
0.07681,0.09687,0.60547,0.22085
0.30574,0.37285,0.13978,0.18164
0.06210,0.21621,0.35187,0.36983
0.04421,0.05651,0.33885,0.56043
0.14508,0.17947,0.27619,0.39926
0.08741,0.11372,0.44409,0.35477
0.37665,0.42523,0.08927,0.10886
0.01231,0.04791,0.74142,0.19836
0.02463,0.06030,0.78960,0.12548
0.25292,0.05787,0.44232,0.24689
0.02552,0.02868,0.08411,0.86170
0.20064,0.22690,0.39044,0.18202
0.04516,0.48740,0.14485,0.32259
0.05546,0.06725,0.32947,0.54782
0.01438,0.16085,0.72967,0.09509
0.10619,0.18335,0.54694,0.16353
0.03130,0.03801,0.87050,0.06019
0.03085,0.03830,0.81762,0.11323
0.04886,0.05119,0.33771,0.56224
0.03545,0.34060,0.47399,0.14997
0.10288,0.12356,0.48816,0.28540
0.27436,0.30709,0.22294,0.19562
0.13584,0.17151,0.04715,0.64550
0.05033,0.03229,0.17426,0.74312
0.13827,0.15148,0.36459,0.34566
0.04324,0.06173,0.64421,0.25082
0.03465,0.07638,0.55277,0.33619
0.05935,0.38378,0.45930,0.09757
0.01500,0.29721,0.51443,0.17336
0.23374,0.27851,0.40408,0.08366
0.18978,0.20278,0.26626,0.34118
0.33563,0.38450,0.21646,0.06341
0.02633,0.02687,0.62477,0.32203
0.09761,0.12027,0.53444,0.24768
0.03464,0.11956,0.53271,0.31309
0.02889,0.10482,0.25180,0.61449
0.03890,0.04772,0.78678,0.12659
0.19980,0.24540,0.34062,0.21419
0.21213,0.26497,0.31429,0.20861
0.05235,0.07016,0.79040,0.08710
0.08914,0.10203,0.47749,0.33134
0.17868,0.23628,0.50687,0.07817
0.04680,0.45523,0.30451,0.19347
0.07506,0.08915,0.63552,0.20027
0.03865,0.04001,0.83980,0.08154
0.15736,0.19368,0.25614,0.39283
0.03467,0.27855,0.11973,0.56705
0.05515,0.06623,0.75899,0.11964
0.12484,0.14196,0.24958,0.48363
0.27314,0.17054,0.31484,0.24148
0.10421,0.11497,0.55735,0.22347
0.20845,0.01070,0.38219,0.39866
0.10608,0.12426,0.28487,0.48479
0.09057,0.13397,0.29235,0.48312
0.07004,0.10486,0.48557,0.33953
0.07319,0.08310,0.64521,0.19851
0.07739,0.08566,0.48144,0.35551
0.07148,0.03181,0.48435,0.41235
0.13430,0.14923,0.41904,0.29743
0.19577,0.37026,0.39518,0.03879
0.22525,0.26389,0.41536,0.09551
0.10625,0.14750,0.37505,0.37120
0.05934,0.07652,0.20010,0.66404
0.18981,0.22132,0.21470,0.37418
0.11548,0.14584,0.58062,0.15807
0.09264,0.19929,0.57726,0.13081
0.03374,0.03211,0.51647,0.41769
0.03277,0.04167,0.10915,0.81641
0.03280,0.04306,0.18405,0.74009
0.00783,0.71556,0.17843,0.09819
0.03103,0.04177,0.31138,0.61581
0.14745,0.16052,0.62541,0.06662
0.00966,0.39800,0.57170,0.02064
0.56811,0.04035,0.34277,0.04876
0.02754,0.03725,0.72154,0.21367
0.16308,0.19801,0.36495,0.27396
0.05066,0.10356,0.48196,0.36382
0.05792,0.45239,0.29141,0.19827
0.03825,0.05542,0.60758,0.29875
0.17790,0.29304,0.35251,0.17656
0.12027,0.15694,0.32404,0.39875
0.00738,0.02053,0.17455,0.79754
0.14587,0.07038,0.59278,0.19097
0.02068,0.02794,0.46065,0.49073
0.01800,0.24713,0.54963,0.18525
0.06604,0.28679,0.58233,0.06484
0.09122,0.05102,0.70772,0.15004
0.01253,0.01527,0.73134,0.24086
0.01806,0.04852,0.58863,0.34479
0.16572,0.18122,0.46221,0.19085
0.01736,0.18497,0.15193,0.64575
0.01849,0.02378,0.47500,0.48273
0.31186,0.33797,0.23274,0.11743
0.13473,0.49873,0.17335,0.19319
0.14538,0.18495,0.29209,0.37758
0.06367,0.23189,0.48789,0.21655
0.60996,0.13601,0.13647,0.11756
0.36733,0.03467,0.21787,0.38013
0.01675,0.23863,0.61326,0.13136
0.15576,0.17274,0.54649,0.12500
0.02339,0.32416,0.09938,0.55306
0.35691,0.35960,0.23791,0.04558
0.09554,0.18923,0.40320,0.31203
0.16940,0.46608,0.27447,0.09005
0.00650,0.00954,0.55529,0.42867
0.07060,0.08119,0.37587,0.47234
0.15112,0.04099,0.47187,0.33602
0.38769,0.11589,0.45661,0.03981
0.02896,0.03832,0.19928,0.73345
0.04111,0.05055,0.13369,0.77465
0.11812,0.15273,0.10705,0.62209
0.10821,0.24263,0.31466,0.33450
0.05197,0.06026,0.28485,0.60292
0.06145,0.07645,0.42728,0.43481
0.21545,0.18251,0.50269,0.09935
0.03308,0.24582,0.21133,0.50977
0.01553,0.01920,0.94020,0.02506
0.15644,0.19103,0.34810,0.30443
0.27952,0.35326,0.33807,0.02914
0.01226,0.01503,0.10739,0.86532
0.02633,0.66977,0.13608,0.16783
0.20401,0.26234,0.39095,0.14270
0.36527,0.38817,0.19635,0.05022
0.10309,0.13058,0.33419,0.43214
0.37522,0.40483,0.18626,0.03369
0.42251,0.22222,0.24864,0.10663
0.02098,0.02883,0.85170,0.09850
0.05887,0.62517,0.12310,0.19286
0.25420,0.12541,0.30456,0.31583
0.09392,0.01301,0.66073,0.23234
0.06796,0.08239,0.56969,0.27995
0.23642,0.43148,0.24504,0.08706
0.04111,0.05576,0.35613,0.54700
0.10211,0.16142,0.30011,0.43636
0.09830,0.10776,0.65410,0.13984
0.02897,0.06033,0.09719,0.81351
0.03156,0.11966,0.33466,0.51412
0.60446,0.13279,0.13621,0.12655
0.18821,0.11365,0.41397,0.28418
