0.42745,0.02816,0.02334,0.07569,0.04359,0.02611,0.05461,0.04351,0.04897,0.02178,0.01687,0.01530,0.02642,0.05836,0.01865,0.04097,0.03021
0.01591,0.02459,0.02401,0.03256,0.02704,0.04173,0.03769,0.04039,0.04462,0.05596,0.38296,0.07493,0.03993,0.03848,0.05293,0.02709,0.03918
0.01556,0.01479,0.01388,0.03971,0.02268,0.03710,0.04136,0.03915,0.05400,0.04582,0.28327,0.19745,0.03576,0.02272,0.02974,0.04406,0.06298
0.02814,0.01178,0.01027,0.10947,0.02092,0.05926,0.05115,0.03136,0.03339,0.03147,0.28226,0.20640,0.03158,0.02893,0.01981,0.02114,0.02268
0.01858,0.02258,0.02251,0.07918,0.02565,0.05555,0.04279,0.04220,0.04543,0.08778,0.25283,0.05831,0.06925,0.02764,0.03554,0.03442,0.07975
0.02220,0.01618,0.01459,0.05239,0.02381,0.03500,0.03318,0.03563,0.04536,0.03553,0.39937,0.09114,0.05449,0.03402,0.02546,0.03688,0.04477
0.01238,0.02258,0.02119,0.03141,0.02388,0.21458,0.02703,0.13088,0.16473,0.04507,0.03840,0.03961,0.06329,0.02251,0.02282,0.06998,0.04964
0.02603,0.03052,0.02771,0.13012,0.04023,0.04474,0.05318,0.04652,0.05183,0.07465,0.05914,0.05154,0.04265,0.07559,0.14965,0.03628,0.05962
0.04465,0.03253,0.02971,0.03355,0.04034,0.27400,0.04949,0.05232,0.05498,0.05237,0.03263,0.06729,0.03952,0.04880,0.03485,0.06769,0.04525
0.21516,0.06485,0.04866,0.09460,0.06584,0.03401,0.03606,0.03016,0.03522,0.03732,0.04272,0.07093,0.05987,0.03618,0.03839,0.04415,0.04587
0.01814,0.02974,0.03334,0.05923,0.01800,0.02638,0.02403,0.01970,0.02142,0.04992,0.02174,0.01603,0.04818,0.01414,0.02336,0.07239,0.50427
0.01567,0.03707,0.03345,0.11395,0.04000,0.03940,0.02619,0.02441,0.02631,0.18090,0.03506,0.02588,0.09497,0.01925,0.04738,0.03946,0.20067
0.01247,0.02123,0.02076,0.08030,0.02230,0.03868,0.01595,0.01893,0.02010,0.36990,0.02435,0.01568,0.04518,0.01032,0.02212,0.03433,0.22738
0.02903,0.21988,0.23290,0.02290,0.03000,0.01319,0.02367,0.02980,0.03182,0.01352,0.02057,0.01700,0.04008,0.03027,0.04079,0.14331,0.06127
0.04293,0.05081,0.04457,0.04375,0.05022,0.30487,0.03392,0.03790,0.03773,0.10512,0.02968,0.03534,0.03555,0.04441,0.03673,0.03240,0.03408
0.02296,0.01327,0.01125,0.03877,0.01996,0.02363,0.05747,0.03193,0.04007,0.01941,0.11897,0.46737,0.02506,0.03051,0.02175,0.02933,0.02829
0.35210,0.03762,0.03327,0.11163,0.04516,0.01744,0.05521,0.03784,0.04727,0.01715,0.02851,0.03595,0.03161,0.04642,0.02956,0.04462,0.02865
0.04176,0.02045,0.01710,0.04549,0.03951,0.48055,0.02213,0.02505,0.02711,0.09386,0.02114,0.02443,0.03366,0.02123,0.02199,0.03291,0.03164
0.01802,0.03209,0.03046,0.06844,0.02616,0.02696,0.04273,0.05735,0.05614,0.04643,0.05483,0.02935,0.04730,0.02700,0.05261,0.06076,0.32338
0.01534,0.02541,0.01983,0.01883,0.03113,0.06227,0.03384,0.03227,0.04050,0.03661,0.23468,0.26847,0.02890,0.03374,0.03970,0.03850,0.03997
0.02245,0.01876,0.02095,0.03825,0.01529,0.00774,0.00972,0.01676,0.01753,0.01082,0.01458,0.00977,0.01810,0.01377,0.01991,0.25376,0.49183
0.02743,0.03883,0.04245,0.03024,0.03350,0.02928,0.02978,0.08231,0.07369,0.04511,0.28406,0.04335,0.04641,0.02456,0.06655,0.03620,0.06625
0.23056,0.08397,0.07033,0.09840,0.06646,0.05384,0.06297,0.02487,0.02759,0.03353,0.02304,0.03422,0.05841,0.02396,0.02455,0.04905,0.03424
0.04030,0.03869,0.03556,0.07351,0.06299,0.04073,0.05731,0.06650,0.07257,0.05417,0.07487,0.05394,0.05131,0.03847,0.07023,0.07168,0.09716
0.03035,0.04150,0.03406,0.02898,0.03977,0.47952,0.03067,0.03463,0.03652,0.04635,0.01975,0.02201,0.03137,0.03279,0.02233,0.04317,0.02624
0.03756,0.02660,0.02355,0.06076,0.03136,0.35125,0.07467,0.05382,0.05650,0.08230,0.02024,0.02239,0.02710,0.05046,0.02237,0.02790,0.03116
0.33830,0.05112,0.05185,0.02712,0.08843,0.03369,0.04406,0.03873,0.04307,0.02664,0.02883,0.02846,0.04390,0.05049,0.02863,0.04838,0.02832
0.38840,0.06935,0.07682,0.01995,0.10606,0.02056,0.03737,0.03289,0.03679,0.01814,0.02093,0.01685,0.02871,0.02812,0.02821,0.04877,0.02209
0.02540,0.03641,0.03611,0.02491,0.04449,0.05174,0.42914,0.04041,0.04590,0.03011,0.03063,0.03315,0.02531,0.04169,0.02909,0.04264,0.03285
0.02521,0.07825,0.11081,0.03401,0.04755,0.04010,0.26186,0.06158,0.05578,0.03606,0.01683,0.01506,0.03111,0.05152,0.02525,0.06055,0.04848
0.04352,0.02797,0.02367,0.05540,0.03237,0.28869,0.05450,0.04852,0.05706,0.07118,0.03383,0.06917,0.03656,0.04696,0.03041,0.03873,0.04147
0.02704,0.07808,0.08302,0.10086,0.03677,0.16985,0.04132,0.02286,0.02691,0.09608,0.01741,0.01914,0.03672,0.01841,0.02671,0.12632,0.07250
0.02597,0.14052,0.14477,0.04673,0.09005,0.07715,0.01453,0.03138,0.03066,0.10812,0.04234,0.02826,0.06749,0.01664,0.03670,0.03546,0.06324
0.05793,0.03857,0.03591,0.03231,0.03378,0.05235,0.07137,0.03196,0.03887,0.03243,0.02657,0.03408,0.03755,0.32729,0.06661,0.04419,0.03824
0.01935,0.03265,0.02515,0.02441,0.03479,0.03903,0.02149,0.03249,0.03616,0.05193,0.07224,0.43103,0.03327,0.03171,0.04764,0.03158,0.03508
0.01956,0.03361,0.03203,0.06212,0.02507,0.02978,0.02670,0.02115,0.02560,0.03359,0.01904,0.01610,0.03796,0.01492,0.02707,0.09209,0.48360
0.02218,0.03381,0.03765,0.03382,0.01620,0.01008,0.01163,0.01410,0.01466,0.01220,0.01143,0.00863,0.01949,0.01016,0.02073,0.38383,0.33940
0.05066,0.02640,0.02452,0.03454,0.04007,0.05462,0.03452,0.04697,0.04938,0.03366,0.08769,0.06466,0.03455,0.28200,0.04893,0.04165,0.04519
0.01981,0.03086,0.02919,0.09320,0.03110,0.03451,0.04522,0.11340,0.11251,0.04918,0.05739,0.04943,0.04044,0.04159,0.06033,0.08549,0.10635
0.41270,0.04360,0.04730,0.05578,0.03879,0.02952,0.05406,0.02912,0.03189,0.03004,0.02658,0.02881,0.03535,0.02879,0.03321,0.04467,0.02979
0.01630,0.02698,0.02680,0.07328,0.02796,0.10345,0.05789,0.08317,0.08117,0.14267,0.05422,0.05276,0.03776,0.03885,0.04083,0.04092,0.09500
0.08403,0.03448,0.03705,0.04787,0.03241,0.01674,0.03169,0.03680,0.03849,0.01715,0.02771,0.03786,0.03701,0.02951,0.02483,0.40412,0.06225
0.05071,0.05009,0.05460,0.03253,0.05264,0.03372,0.06193,0.05537,0.05600,0.02681,0.10621,0.06308,0.05561,0.04908,0.04661,0.12715,0.07787
0.02047,0.02987,0.03248,0.02382,0.02111,0.01210,0.02312,0.03523,0.03520,0.01418,0.03467,0.02926,0.02167,0.03180,0.04749,0.46036,0.12717
0.03970,0.03503,0.02988,0.04160,0.04340,0.34378,0.06142,0.04149,0.04609,0.06839,0.02450,0.03770,0.02958,0.05717,0.02801,0.03567,0.03659
0.02117,0.05248,0.05321,0.02957,0.02436,0.01998,0.03834,0.05029,0.05395,0.02277,0.05102,0.06551,0.03043,0.02041,0.05992,0.25034,0.15626
0.02780,0.03496,0.03135,0.04158,0.04526,0.02616,0.04895,0.20684,0.13860,0.03559,0.05702,0.02821,0.04048,0.02687,0.03824,0.05104,0.12104
0.05371,0.03225,0.03065,0.04445,0.03952,0.01562,0.03258,0.03491,0.04184,0.01533,0.02649,0.03799,0.03897,0.03059,0.02251,0.44647,0.05615
0.05792,0.03748,0.03324,0.03484,0.04407,0.33744,0.03474,0.04091,0.04148,0.06205,0.03572,0.04352,0.04009,0.04551,0.03336,0.04065,0.03698
0.03495,0.03699,0.03551,0.04299,0.03774,0.06369,0.04054,0.04813,0.05223,0.04784,0.04707,0.11560,0.03841,0.11571,0.12945,0.05517,0.05799
0.58601,0.01770,0.01494,0.09545,0.02027,0.01743,0.04793,0.02383,0.03205,0.01224,0.01494,0.01992,0.01917,0.02084,0.01484,0.02691,0.01553
0.03064,0.03433,0.02978,0.05324,0.03882,0.19961,0.03687,0.03707,0.04122,0.13384,0.05184,0.12291,0.04182,0.04099,0.04023,0.02996,0.03684
0.02618,0.02940,0.02822,0.06384,0.03142,0.04310,0.03813,0.04305,0.04679,0.07722,0.22277,0.05753,0.06753,0.02612,0.06643,0.04067,0.09160
0.03977,0.26225,0.24506,0.02808,0.04140,0.04850,0.02393,0.02022,0.02456,0.02345,0.01787,0.02029,0.04437,0.02622,0.03204,0.06361,0.03838
0.01963,0.02684,0.02503,0.03056,0.05306,0.02905,0.46717,0.04732,0.05979,0.02707,0.02736,0.02358,0.02415,0.03149,0.02841,0.04077,0.03875
0.04430,0.03529,0.02983,0.13632,0.04434,0.03972,0.04440,0.03665,0.03575,0.06771,0.17284,0.08326,0.04759,0.03110,0.08176,0.02702,0.04212
0.02017,0.02901,0.03005,0.02895,0.02503,0.01051,0.01590,0.04098,0.03933,0.01223,0.02667,0.01524,0.02429,0.02389,0.03667,0.41834,0.20274
0.02155,0.02130,0.02179,0.03104,0.01835,0.01134,0.01076,0.01451,0.01615,0.01336,0.01026,0.00770,0.02048,0.01094,0.01516,0.42223,0.33308
0.27898,0.03535,0.03201,0.08582,0.04389,0.04593,0.05411,0.05079,0.05302,0.03240,0.02882,0.03729,0.03589,0.04659,0.02965,0.06934,0.04014
0.01561,0.01359,0.01125,0.02799,0.02070,0.02971,0.03287,0.02893,0.03749,0.02520,0.14590,0.46768,0.02575,0.03087,0.03042,0.02758,0.02845
0.29950,0.02736,0.02330,0.16582,0.04529,0.02757,0.03097,0.03980,0.04658,0.02826,0.03463,0.04442,0.03739,0.04734,0.03402,0.03620,0.03156
0.57280,0.02423,0.02112,0.07964,0.03013,0.01292,0.04665,0.02500,0.03101,0.01048,0.01253,0.02071,0.02139,0.03155,0.01603,0.02821,0.01559
0.01834,0.02324,0.02384,0.02431,0.03425,0.11970,0.02334,0.13879,0.16246,0.03083,0.04640,0.11134,0.05256,0.02793,0.02501,0.09313,0.04453
0.01663,0.01481,0.01384,0.03370,0.02019,0.04296,0.03873,0.03181,0.04218,0.03780,0.25281,0.29665,0.03457,0.03220,0.02318,0.03034,0.03760
0.05652,0.15793,0.22755,0.04617,0.03944,0.06159,0.05133,0.02530,0.03281,0.02696,0.02864,0.04286,0.03926,0.02689,0.03927,0.05803,0.03943
0.01096,0.01875,0.01735,0.07105,0.02026,0.03728,0.02703,0.02115,0.02355,0.29544,0.03612,0.02054,0.06808,0.01350,0.03593,0.03547,0.24754
0.01060,0.01446,0.01378,0.01117,0.01144,0.00920,0.80542,0.01001,0.01056,0.00980,0.01191,0.01202,0.01281,0.01454,0.01418,0.01463,0.01349
0.03313,0.39481,0.24987,0.01666,0.02729,0.01622,0.01916,0.01857,0.02166,0.01272,0.01261,0.01237,0.02639,0.02377,0.01941,0.07167,0.02369
0.01113,0.01771,0.01800,0.02478,0.01749,0.01929,0.01127,0.30335,0.36743,0.01328,0.02535,0.03136,0.02426,0.02562,0.02702,0.03861,0.02404
0.02042,0.03866,0.02974,0.05859,0.03437,0.04590,0.03858,0.04010,0.04464,0.07381,0.12119,0.13645,0.03956,0.02812,0.13280,0.03422,0.08285
0.03860,0.04222,0.03847,0.07223,0.03895,0.18529,0.03695,0.05782,0.05612,0.14032,0.04684,0.05315,0.03618,0.05015,0.04405,0.02747,0.03519
0.59751,0.01836,0.01713,0.11390,0.02131,0.01916,0.03244,0.02467,0.02733,0.01533,0.00840,0.00820,0.01431,0.01937,0.01213,0.02753,0.02292
0.03830,0.04429,0.04142,0.04161,0.03711,0.04686,0.04448,0.02784,0.03159,0.02775,0.02334,0.03535,0.04052,0.01978,0.02290,0.36074,0.11611
0.01178,0.01976,0.01948,0.06347,0.01747,0.06041,0.01496,0.01447,0.01676,0.32753,0.01487,0.01151,0.03678,0.00996,0.01608,0.03677,0.30793
0.01147,0.01735,0.01745,0.05712,0.01653,0.02673,0.01296,0.01251,0.01427,0.07843,0.01961,0.01267,0.04322,0.00910,0.02179,0.03521,0.59358
0.05618,0.03073,0.03172,0.03478,0.04790,0.03148,0.04561,0.05457,0.06109,0.02301,0.06323,0.05780,0.03732,0.16585,0.05244,0.12696,0.07934
0.02607,0.02261,0.01714,0.02808,0.02630,0.03242,0.03844,0.03154,0.03831,0.02825,0.37540,0.14706,0.02591,0.04107,0.04157,0.04040,0.03944
0.56244,0.01596,0.01452,0.09562,0.02166,0.02088,0.03520,0.03054,0.03807,0.01457,0.01226,0.01424,0.01885,0.03232,0.01718,0.03547,0.02021
0.05553,0.05331,0.05610,0.04842,0.09673,0.03498,0.03606,0.07674,0.07012,0.04148,0.05600,0.04957,0.07693,0.04551,0.05326,0.08162,0.06765
0.02666,0.03862,0.04220,0.04001,0.01810,0.01710,0.01469,0.01381,0.01572,0.02075,0.01268,0.01099,0.02605,0.00966,0.01724,0.24169,0.43404
0.02116,0.02455,0.02388,0.14045,0.03084,0.03315,0.03014,0.05632,0.05809,0.10688,0.09308,0.04827,0.05467,0.02974,0.08036,0.04321,0.12521
0.25218,0.07467,0.08471,0.02168,0.06945,0.02852,0.03975,0.04430,0.05154,0.02145,0.03019,0.02476,0.04645,0.05054,0.03528,0.09169,0.03285
0.01511,0.01727,0.01572,0.12201,0.02131,0.02056,0.01886,0.04563,0.04871,0.04351,0.12908,0.03152,0.05230,0.01842,0.05268,0.04471,0.30260
0.01568,0.02592,0.02458,0.09679,0.02603,0.03731,0.02230,0.01858,0.02135,0.16213,0.03436,0.02406,0.05575,0.01196,0.04046,0.04551,0.33723
0.38137,0.07229,0.08033,0.03710,0.06964,0.03179,0.03613,0.02351,0.02808,0.03023,0.01998,0.01757,0.03358,0.02522,0.02621,0.05148,0.03550
0.02346,0.03200,0.03042,0.05105,0.03085,0.03151,0.02995,0.03937,0.04275,0.05622,0.26387,0.09462,0.05176,0.02289,0.07856,0.03905,0.08167
0.01820,0.47202,0.21769,0.01423,0.02603,0.01725,0.01393,0.02052,0.02460,0.01377,0.01196,0.01122,0.02331,0.01908,0.02044,0.05413,0.02161
0.10245,0.12772,0.13753,0.04210,0.06241,0.04752,0.04078,0.03356,0.03650,0.03283,0.03072,0.03665,0.06201,0.04766,0.03656,0.08038,0.04263
0.02764,0.40317,0.18995,0.01682,0.03540,0.01235,0.07101,0.02498,0.02889,0.00869,0.01331,0.01345,0.02542,0.05271,0.02216,0.03903,0.01499
0.11294,0.09876,0.13512,0.04903,0.03856,0.02919,0.03561,0.04109,0.04152,0.03145,0.04291,0.04145,0.06531,0.03087,0.04095,0.09946,0.06580
0.04602,0.03814,0.03816,0.03304,0.05119,0.12802,0.03134,0.04092,0.04577,0.07244,0.08579,0.13863,0.04964,0.05151,0.06817,0.04051,0.04069
0.08951,0.03398,0.02935,0.05604,0.05317,0.24972,0.07945,0.04358,0.04703,0.06498,0.02436,0.02798,0.03290,0.06273,0.02775,0.04603,0.03143
0.01501,0.02627,0.02365,0.08759,0.02475,0.03981,0.04065,0.03141,0.03418,0.12822,0.19199,0.04890,0.05379,0.01995,0.08542,0.03624,0.11218
0.02048,0.04077,0.04958,0.05178,0.02263,0.01456,0.01916,0.01918,0.02047,0.01830,0.01543,0.01116,0.02223,0.01152,0.02534,0.28163,0.35577
0.01409,0.02855,0.02305,0.02838,0.02508,0.00996,0.01788,0.04556,0.04447,0.01830,0.28171,0.03193,0.04227,0.02172,0.30252,0.02391,0.04060
0.01699,0.02732,0.02586,0.09648,0.02453,0.04283,0.02559,0.02134,0.02396,0.38444,0.04893,0.03452,0.06179,0.01755,0.04160,0.02947,0.07682
0.01630,0.03539,0.04537,0.02599,0.01465,0.01360,0.01428,0.01235,0.01511,0.01483,0.01203,0.00969,0.02566,0.00799,0.01613,0.22957,0.49106
0.01550,0.02123,0.02029,0.07152,0.02206,0.04192,0.02672,0.04239,0.04617,0.06544,0.12219,0.06753,0.06968,0.01912,0.03697,0.06163,0.24963
0.60310,0.01914,0.01934,0.06689,0.02524,0.02488,0.04054,0.02395,0.02720,0.01675,0.01020,0.01303,0.01946,0.01865,0.01487,0.03614,0.02062
0.02376,0.03942,0.04634,0.02626,0.01764,0.01407,0.01178,0.01577,0.01801,0.01613,0.01129,0.01066,0.01978,0.00948,0.01673,0.21724,0.48564
