0.01752,0.08488,0.01266,0.23763,0.04080,0.01980,0.03532,0.03033,0.02826,0.01262,0.01264,0.04441,0.02835,0.00621,0.28903,0.04195,0.01965,0.00596,0.01722,0.01474
0.02544,0.02272,0.01796,0.01867,0.07962,0.04163,0.05359,0.04012,0.05932,0.03391,0.00964,0.01422,0.11617,0.27797,0.02645,0.12227,0.00893,0.01032,0.00644,0.01459
0.02646,0.11474,0.00969,0.04265,0.49601,0.06032,0.01641,0.02443,0.02424,0.01457,0.00957,0.01992,0.01248,0.00315,0.00765,0.05687,0.02243,0.00656,0.02039,0.01146
0.01950,0.03193,0.03075,0.01931,0.14103,0.04673,0.02091,0.02219,0.10026,0.05380,0.06501,0.06870,0.00428,0.05887,0.02081,0.00687,0.06007,0.01024,0.11587,0.10287
0.01978,0.04595,0.02621,0.01409,0.02836,0.01869,0.02684,0.02009,0.02038,0.03406,0.01020,0.02831,0.01320,0.03013,0.20152,0.37892,0.01757,0.04035,0.01522,0.01015
0.03455,0.12498,0.03073,0.01412,0.07652,0.03335,0.03387,0.05182,0.05699,0.04394,0.00832,0.05949,0.00716,0.01462,0.12609,0.01350,0.09933,0.01178,0.14903,0.00983
0.01283,0.26300,0.00865,0.01458,0.04655,0.02368,0.07720,0.02904,0.04878,0.02519,0.02664,0.10226,0.02076,0.01022,0.04193,0.13161,0.01923,0.01977,0.04175,0.03633
0.06412,0.04029,0.02742,0.01014,0.09459,0.01183,0.50443,0.01682,0.02181,0.03270,0.01275,0.01147,0.01969,0.00494,0.01078,0.05956,0.01889,0.00599,0.01320,0.01858
0.02024,0.09231,0.00631,0.00509,0.01315,0.00968,0.71542,0.00336,0.01576,0.00788,0.00445,0.00869,0.04306,0.00153,0.00513,0.03275,0.00421,0.00291,0.00393,0.00415
0.26858,0.02689,0.01793,0.00772,0.01601,0.01836,0.27162,0.02424,0.01786,0.04820,0.01200,0.02480,0.01100,0.01373,0.00690,0.00912,0.03628,0.01267,0.14162,0.01447
0.02681,0.02744,0.01803,0.02586,0.02376,0.03378,0.02593,0.01667,0.08852,0.03705,0.13561,0.19977,0.05621,0.04649,0.01657,0.08637,0.03419,0.01213,0.02968,0.05915
0.01672,0.02693,0.01011,0.01276,0.04442,0.01212,0.01106,0.01399,0.44076,0.05795,0.09491,0.04733,0.01330,0.00310,0.02154,0.01673,0.05180,0.01308,0.03671,0.05468
0.08356,0.01274,0.01379,0.00622,0.01439,0.00648,0.63368,0.00745,0.02713,0.01184,0.05111,0.01532,0.00844,0.00340,0.00581,0.00737,0.02442,0.00913,0.01082,0.04689
0.12623,0.12708,0.00987,0.36656,0.03037,0.00895,0.01508,0.00982,0.00991,0.07043,0.03003,0.07446,0.03410,0.00790,0.00910,0.01947,0.01333,0.00378,0.00607,0.02744
0.02279,0.03195,0.01967,0.01478,0.06957,0.04764,0.02153,0.41165,0.10100,0.05857,0.01359,0.02587,0.00997,0.01065,0.00619,0.01241,0.05009,0.01792,0.04247,0.01169
0.03315,0.15229,0.04424,0.01742,0.04875,0.04024,0.03965,0.03618,0.06463,0.17967,0.02258,0.04003,0.00603,0.04085,0.01925,0.01473,0.06808,0.02411,0.08961,0.01852
0.03893,0.06597,0.11304,0.18478,0.04531,0.05635,0.01504,0.07244,0.01992,0.11623,0.00419,0.00972,0.02008,0.00937,0.01683,0.13451,0.03241,0.01566,0.02538,0.00384
0.03971,0.04276,0.01783,0.01345,0.04422,0.02368,0.03490,0.01448,0.03674,0.01031,0.10085,0.23549,0.03800,0.05271,0.03392,0.01528,0.02382,0.04292,0.03774,0.14119
0.06677,0.08535,0.05017,0.02056,0.01805,0.01605,0.28034,0.05283,0.02293,0.02688,0.01879,0.04288,0.04612,0.00714,0.07043,0.06378,0.03189,0.04319,0.01357,0.02226
0.02558,0.03219,0.02608,0.01488,0.08709,0.03213,0.14535,0.02881,0.11265,0.03186,0.07588,0.02025,0.00991,0.09212,0.13608,0.01363,0.01416,0.00928,0.01769,0.07436
0.01373,0.05339,0.01467,0.01346,0.11192,0.03618,0.01440,0.02896,0.21777,0.01452,0.01578,0.18143,0.06566,0.00582,0.02133,0.10975,0.04223,0.00942,0.01749,0.01211
0.07921,0.05764,0.01550,0.05978,0.25669,0.07419,0.01404,0.02107,0.10009,0.07198,0.03137,0.02645,0.03742,0.00402,0.01639,0.05796,0.01292,0.00985,0.00897,0.04445
0.21308,0.02117,0.01074,0.00844,0.13980,0.04112,0.01088,0.02039,0.21375,0.05315,0.01287,0.00879,0.03852,0.00763,0.01524,0.10665,0.02318,0.02406,0.01253,0.01799
0.02195,0.02798,0.04513,0.01216,0.03584,0.02236,0.02273,0.02388,0.05317,0.02320,0.01994,0.04377,0.02528,0.13349,0.01688,0.39561,0.01980,0.01836,0.02005,0.01843
0.01045,0.12690,0.01355,0.01057,0.03693,0.00589,0.34850,0.02698,0.01091,0.19953,0.01034,0.01884,0.05285,0.00789,0.01424,0.05047,0.02305,0.00889,0.01274,0.01047
0.00741,0.03172,0.01052,0.00828,0.01783,0.02928,0.02387,0.01153,0.20911,0.27439,0.05626,0.09638,0.01757,0.00441,0.00692,0.02955,0.04619,0.01252,0.06331,0.04295
0.00752,0.20855,0.01714,0.01927,0.02755,0.02664,0.04356,0.01464,0.11823,0.02342,0.04572,0.03868,0.03099,0.00763,0.00934,0.05701,0.15796,0.00791,0.10686,0.03136
0.01049,0.31260,0.00966,0.00688,0.09925,0.22158,0.01586,0.00963,0.05629,0.02591,0.00876,0.00733,0.01979,0.00302,0.08710,0.01779,0.01302,0.06326,0.00640,0.00538
0.04459,0.06492,0.02528,0.03668,0.03586,0.02667,0.09608,0.02845,0.03801,0.02878,0.01208,0.13303,0.01792,0.12315,0.02381,0.01869,0.09625,0.01359,0.12512,0.01104
0.01944,0.07039,0.05385,0.02120,0.10768,0.03097,0.01661,0.02084,0.11659,0.12138,0.02759,0.10531,0.00738,0.00918,0.01707,0.00942,0.11052,0.02294,0.06441,0.04724
0.02080,0.02913,0.03153,0.02488,0.02727,0.05169,0.02171,0.01839,0.04629,0.04310,0.01100,0.16937,0.01587,0.06137,0.04037,0.04257,0.04647,0.01471,0.26888,0.01459
0.02431,0.22692,0.00937,0.01214,0.08404,0.01869,0.04832,0.01568,0.25205,0.06633,0.05845,0.03068,0.01227,0.00466,0.00676,0.02918,0.02682,0.01369,0.03070,0.02892
0.03457,0.02185,0.02078,0.00875,0.58356,0.03865,0.03398,0.01557,0.07044,0.01436,0.00644,0.00809,0.01980,0.00549,0.01567,0.07894,0.00513,0.00613,0.00464,0.00717
0.02395,0.03123,0.05272,0.02458,0.03268,0.11767,0.04916,0.07205,0.06697,0.06762,0.01296,0.10605,0.03767,0.02295,0.03929,0.07307,0.05042,0.06873,0.03924,0.01101
0.02756,0.03324,0.04068,0.08661,0.05301,0.04737,0.02913,0.03459,0.06118,0.14328,0.04003,0.04160,0.00523,0.02101,0.15720,0.01434,0.06042,0.00985,0.06163,0.03205
0.02638,0.02697,0.01497,0.01378,0.03721,0.02246,0.02029,0.01347,0.03457,0.01927,0.01249,0.21566,0.01003,0.02505,0.01207,0.01236,0.03381,0.08892,0.34653,0.01372
0.04305,0.04641,0.02242,0.01453,0.02219,0.07301,0.03335,0.02839,0.09229,0.03341,0.03347,0.05212,0.00558,0.02310,0.01335,0.00957,0.03707,0.01906,0.37982,0.01784
0.02688,0.01946,0.02858,0.01920,0.02304,0.01998,0.01929,0.01642,0.07486,0.03434,0.08337,0.01292,0.01017,0.18916,0.25954,0.01737,0.02751,0.00836,0.01609,0.09347
0.01039,0.02075,0.01779,0.02613,0.19875,0.02615,0.01548,0.02558,0.14078,0.21598,0.02262,0.00819,0.01855,0.02250,0.03593,0.14357,0.01188,0.01332,0.00762,0.01807
0.02603,0.05023,0.07660,0.09664,0.05271,0.04598,0.03064,0.05274,0.04752,0.07351,0.01173,0.15658,0.02039,0.00783,0.05026,0.05103,0.04340,0.07267,0.02366,0.00986
0.02421,0.01497,0.04419,0.03262,0.15289,0.09038,0.05613,0.03431,0.05065,0.05778,0.04588,0.02381,0.02840,0.00662,0.02377,0.17263,0.01560,0.00407,0.01634,0.10475
0.01790,0.10716,0.00628,0.00843,0.09105,0.01604,0.00947,0.08823,0.11192,0.01240,0.01308,0.04726,0.00766,0.01225,0.39509,0.01091,0.01599,0.00748,0.01169,0.00972
0.02045,0.02004,0.43264,0.04884,0.02583,0.05425,0.00782,0.08947,0.01875,0.03296,0.01246,0.03822,0.00421,0.00412,0.06178,0.00618,0.05281,0.00547,0.05000,0.01368
0.06742,0.03441,0.04318,0.12937,0.09974,0.03318,0.11941,0.05085,0.05040,0.01542,0.01486,0.23297,0.02068,0.00391,0.00705,0.03395,0.01026,0.01180,0.00666,0.01450
0.03040,0.03089,0.02615,0.03730,0.03517,0.04872,0.03916,0.04217,0.03840,0.03897,0.05345,0.07982,0.01097,0.01097,0.05058,0.01851,0.07450,0.16046,0.12474,0.04869
0.01372,0.03535,0.01301,0.01513,0.32712,0.02708,0.14983,0.03378,0.02560,0.02845,0.00890,0.10686,0.00495,0.04917,0.01376,0.01185,0.04541,0.00894,0.07461,0.00648
0.01367,0.01764,0.01520,0.01469,0.02563,0.01801,0.02632,0.01256,0.04217,0.01487,0.01220,0.01843,0.01618,0.04532,0.51522,0.02032,0.09606,0.00535,0.05875,0.01140
0.31753,0.01850,0.00735,0.00932,0.11338,0.04499,0.01230,0.00669,0.12408,0.01353,0.00583,0.01550,0.02616,0.17122,0.00842,0.02824,0.03301,0.01064,0.02698,0.00634
0.02041,0.13180,0.07570,0.02329,0.03914,0.10113,0.05588,0.02437,0.02935,0.05326,0.01032,0.07293,0.02107,0.00699,0.00853,0.21213,0.07575,0.00949,0.01766,0.01080
0.06181,0.08547,0.01625,0.01508,0.03045,0.07207,0.32051,0.00678,0.09322,0.02166,0.05281,0.03276,0.03735,0.00552,0.00876,0.08243,0.01644,0.00409,0.01100,0.02556
0.02877,0.02394,0.03472,0.04756,0.07669,0.02734,0.07429,0.04094,0.03755,0.05727,0.05502,0.07911,0.02222,0.00852,0.05523,0.16273,0.02892,0.00989,0.02676,0.10253
0.06733,0.01765,0.03125,0.02195,0.14340,0.03227,0.11840,0.00799,0.19457,0.02712,0.06655,0.04596,0.01186,0.00263,0.01252,0.03365,0.01748,0.00838,0.01624,0.12280
0.01682,0.03601,0.03313,0.01407,0.02599,0.02954,0.02535,0.01830,0.03144,0.02648,0.08874,0.03089,0.01752,0.00832,0.29117,0.07459,0.03713,0.02224,0.04973,0.12254
0.11017,0.12105,0.01010,0.08869,0.09852,0.01569,0.01241,0.03865,0.18064,0.01286,0.00945,0.18895,0.01308,0.00458,0.03487,0.01786,0.02418,0.00301,0.00746,0.00778
0.11074,0.05974,0.02347,0.01433,0.01338,0.00889,0.31453,0.02026,0.02378,0.01709,0.08429,0.04380,0.01293,0.04596,0.01049,0.03787,0.03497,0.01155,0.07142,0.04050
0.05399,0.04218,0.15797,0.03318,0.03444,0.03944,0.04567,0.14472,0.03996,0.08907,0.01484,0.01918,0.03421,0.08319,0.01961,0.07272,0.02515,0.01047,0.02223,0.01778
0.14308,0.02329,0.04081,0.01196,0.02065,0.02255,0.36809,0.01742,0.07895,0.01402,0.03327,0.01059,0.02357,0.00884,0.04633,0.03728,0.02712,0.01072,0.01979,0.04167
0.01035,0.02710,0.01261,0.01394,0.06935,0.01802,0.36102,0.00827,0.02540,0.01298,0.01191,0.02163,0.03382,0.03022,0.15561,0.03868,0.07842,0.01848,0.04128,0.01090
0.03140,0.12798,0.04953,0.01794,0.04176,0.01149,0.23890,0.02165,0.02038,0.04797,0.00883,0.02844,0.02908,0.09453,0.03346,0.11555,0.02295,0.01875,0.02811,0.01129
0.01431,0.01267,0.01668,0.04274,0.02582,0.01838,0.02201,0.06169,0.10262,0.00898,0.04803,0.01833,0.00562,0.35297,0.15763,0.00896,0.02053,0.00882,0.01448,0.03875
0.03833,0.02229,0.01331,0.01863,0.35830,0.01223,0.13376,0.01681,0.02607,0.01584,0.01049,0.02032,0.00744,0.00549,0.02815,0.00706,0.02829,0.01228,0.21481,0.01007
0.01701,0.01751,0.01614,0.01040,0.02470,0.02153,0.02284,0.01175,0.03635,0.01555,0.10653,0.04245,0.01719,0.00355,0.01062,0.05274,0.07652,0.01806,0.40231,0.07626
0.02384,0.36599,0.01081,0.01156,0.06210,0.02777,0.01447,0.00849,0.19788,0.02102,0.00704,0.00639,0.01742,0.00640,0.01027,0.04804,0.10889,0.00863,0.03572,0.00726
0.03446,0.15885,0.03631,0.02281,0.02356,0.03719,0.04626,0.02055,0.04327,0.07582,0.01927,0.05442,0.00569,0.03567,0.01126,0.01758,0.02964,0.00539,0.30240,0.01959
0.03839,0.01630,0.01219,0.01021,0.08345,0.02481,0.02573,0.01025,0.11023,0.06327,0.01635,0.01457,0.01158,0.03898,0.00822,0.01209,0.03482,0.01422,0.44201,0.01234
0.01961,0.01325,0.01888,0.00451,0.01335,0.19471,0.01311,0.00647,0.01735,0.03116,0.03590,0.12195,0.00361,0.08178,0.21157,0.00785,0.05290,0.04557,0.07607,0.03040
0.04985,0.06896,0.20219,0.02927,0.03979,0.02516,0.02308,0.01761,0.06438,0.04024,0.00939,0.01437,0.02422,0.00506,0.00965,0.31031,0.03370,0.00741,0.01566,0.00970
0.00820,0.34891,0.00719,0.02896,0.02960,0.02314,0.07236,0.05798,0.27118,0.01350,0.00928,0.00817,0.02864,0.00936,0.00519,0.03255,0.01322,0.01493,0.00785,0.00980
0.01894,0.01438,0.03084,0.01472,0.06226,0.06364,0.05252,0.02278,0.03846,0.20647,0.07084,0.16815,0.01787,0.00566,0.05730,0.02642,0.01549,0.00565,0.01892,0.08868
0.04919,0.02497,0.18968,0.05381,0.02584,0.06009,0.06537,0.02989,0.02545,0.02708,0.01486,0.01458,0.04494,0.01079,0.00938,0.21937,0.04080,0.05649,0.01989,0.01750
0.04021,0.10989,0.01157,0.01113,0.08210,0.40890,0.04896,0.01748,0.04353,0.01562,0.01276,0.02373,0.04138,0.00890,0.01802,0.07020,0.01010,0.00727,0.00815,0.01010
0.04080,0.03391,0.05896,0.02781,0.12571,0.05389,0.17459,0.02641,0.02770,0.01422,0.01817,0.07960,0.03037,0.01628,0.07718,0.04288,0.02899,0.07952,0.01503,0.02797
0.01329,0.21648,0.03506,0.01362,0.03869,0.01695,0.03085,0.05486,0.03411,0.01261,0.02403,0.08089,0.00903,0.00720,0.03873,0.01379,0.08247,0.05505,0.20092,0.02137
0.09516,0.03481,0.04765,0.03090,0.09566,0.06853,0.02633,0.21648,0.04128,0.04809,0.01014,0.03576,0.03028,0.01223,0.03107,0.05658,0.06696,0.01721,0.02572,0.00916
0.33771,0.01028,0.01414,0.00699,0.13021,0.01562,0.01277,0.01923,0.04049,0.01754,0.15052,0.02567,0.00731,0.02498,0.02007,0.00672,0.00975,0.00787,0.01124,0.13088
0.12694,0.02840,0.02973,0.01812,0.11719,0.07094,0.07071,0.02354,0.06074,0.01565,0.12286,0.02458,0.03699,0.01394,0.05260,0.02593,0.01724,0.02890,0.01588,0.09912
0.02250,0.01978,0.02786,0.00717,0.03995,0.01503,0.01916,0.02350,0.02043,0.02016,0.00865,0.01211,0.02495,0.08579,0.12128,0.48110,0.01071,0.02337,0.00942,0.00708
0.04108,0.43426,0.00890,0.00766,0.05896,0.01834,0.01246,0.01451,0.03221,0.01072,0.00700,0.09448,0.01871,0.00401,0.07707,0.05079,0.02283,0.06109,0.01916,0.00576
0.05227,0.04304,0.01856,0.06514,0.05830,0.01951,0.10365,0.02827,0.03100,0.05634,0.02042,0.03727,0.00578,0.33865,0.02450,0.00960,0.02770,0.01172,0.03262,0.01568
0.17015,0.03858,0.02909,0.04112,0.04275,0.02935,0.03494,0.07984,0.02913,0.02053,0.08200,0.15746,0.00629,0.01142,0.02480,0.00949,0.03084,0.07751,0.02507,0.05964
0.02876,0.01749,0.01992,0.02386,0.03253,0.03713,0.51554,0.03490,0.04132,0.01529,0.02804,0.02858,0.01991,0.00662,0.01500,0.01769,0.03222,0.03452,0.02294,0.02774
0.01752,0.09723,0.01773,0.05033,0.17036,0.07562,0.01154,0.01584,0.02960,0.15971,0.02325,0.06129,0.01209,0.01592,0.13812,0.02473,0.02487,0.00862,0.01735,0.02827
0.01774,0.04698,0.02740,0.02921,0.41271,0.01086,0.02312,0.02734,0.06441,0.01497,0.00816,0.12960,0.02700,0.00278,0.01373,0.04198,0.04237,0.01839,0.03400,0.00724
0.05686,0.06432,0.03303,0.04202,0.20234,0.03657,0.07176,0.05954,0.21892,0.05253,0.00745,0.04008,0.00746,0.01521,0.03590,0.01584,0.01505,0.00496,0.01301,0.00714
0.01181,0.06476,0.00989,0.01411,0.03839,0.01689,0.02080,0.01047,0.10003,0.06020,0.12330,0.12386,0.00627,0.01676,0.01030,0.00886,0.05918,0.00587,0.10255,0.19571
0.01241,0.21618,0.03409,0.02260,0.01866,0.01382,0.01595,0.01979,0.01727,0.01277,0.01360,0.13917,0.00576,0.09173,0.09508,0.00985,0.05209,0.17547,0.02313,0.01057
0.02043,0.04313,0.01541,0.01653,0.04644,0.01715,0.02340,0.03181,0.01899,0.02322,0.00666,0.02009,0.19869,0.09378,0.30248,0.04179,0.02879,0.01879,0.02572,0.00668
0.01658,0.47183,0.01358,0.01641,0.02094,0.01769,0.03550,0.01170,0.02436,0.01083,0.01648,0.09298,0.03022,0.00734,0.01531,0.12356,0.01713,0.02917,0.01769,0.01070
0.03863,0.07872,0.00929,0.00931,0.34413,0.26531,0.12648,0.00812,0.02854,0.01266,0.00934,0.00909,0.00618,0.00204,0.00858,0.01298,0.01188,0.00425,0.00727,0.00720
0.01960,0.03589,0.01117,0.02807,0.07421,0.07417,0.02190,0.19421,0.31531,0.03971,0.00813,0.02428,0.01942,0.01752,0.01233,0.05587,0.01810,0.00892,0.01407,0.00712
0.13063,0.03681,0.02746,0.01696,0.13022,0.02850,0.11187,0.12892,0.10928,0.04448,0.02263,0.02715,0.00818,0.02465,0.01006,0.01120,0.03907,0.02157,0.05395,0.01640
0.01373,0.18108,0.01367,0.00931,0.01603,0.04689,0.01151,0.06902,0.01272,0.03862,0.00947,0.03328,0.03988,0.01257,0.08605,0.35096,0.01348,0.01232,0.01639,0.01302
0.01726,0.02567,0.02600,0.01634,0.05282,0.02490,0.02933,0.01649,0.03950,0.01205,0.04087,0.18263,0.02283,0.00709,0.02182,0.02498,0.04153,0.00681,0.34071,0.05037
0.02832,0.01656,0.48691,0.01249,0.02240,0.00752,0.02027,0.01546,0.01293,0.01554,0.00760,0.02465,0.01056,0.04671,0.05286,0.01424,0.07379,0.01023,0.11281,0.00814
0.00782,0.03950,0.01185,0.00882,0.14701,0.01423,0.01656,0.00727,0.35840,0.03830,0.00774,0.01082,0.00707,0.00595,0.11421,0.00660,0.10798,0.00555,0.07612,0.00821
0.01522,0.01468,0.01596,0.01663,0.28503,0.00955,0.01913,0.00723,0.28967,0.01291,0.00544,0.01329,0.02279,0.01342,0.21393,0.02239,0.00542,0.00657,0.00515,0.00558
0.07669,0.10432,0.00937,0.01978,0.26012,0.23066,0.02893,0.00653,0.01827,0.02331,0.01981,0.01425,0.05947,0.00462,0.01141,0.05839,0.01038,0.00523,0.00975,0.02871
0.07932,0.01605,0.01199,0.01866,0.43960,0.08279,0.01599,0.00720,0.01508,0.01261,0.03997,0.03143,0.00424,0.01158,0.12524,0.00570,0.02148,0.00699,0.02037,0.03372
0.16684,0.02575,0.01403,0.01323,0.02473,0.03154,0.17094,0.01032,0.05041,0.01990,0.01105,0.01308,0.01082,0.01081,0.00973,0.00900,0.05500,0.01229,0.32915,0.01139
0.05371,0.16213,0.01683,0.02084,0.08475,0.01341,0.17688,0.07463,0.25634,0.05391,0.00692,0.00967,0.00676,0.00496,0.01440,0.01433,0.00971,0.00371,0.00750,0.00861
