0.05058,0.04897,0.02308,0.01922,0.06400,0.03227,0.02831,0.02710,0.02281,0.03089,0.03944,0.01958,0.02571,0.03694,0.12592,0.03417,0.17686,0.01237,0.15354,0.02826
0.01031,0.35188,0.01671,0.01204,0.02594,0.02972,0.01442,0.01565,0.02950,0.02509,0.01320,0.01089,0.01074,0.01938,0.03529,0.00919,0.00971,0.34183,0.00624,0.01224
0.02169,0.01564,0.02548,0.00789,0.10601,0.09058,0.02514,0.00946,0.02376,0.02012,0.01428,0.03632,0.06026,0.01382,0.01295,0.06024,0.22804,0.00519,0.21425,0.00887
0.01899,0.04857,0.05068,0.02363,0.04549,0.01255,0.03179,0.02348,0.04685,0.03570,0.01309,0.05651,0.19948,0.01541,0.04520,0.19832,0.04644,0.03616,0.04118,0.01047
0.03442,0.02969,0.01667,0.01367,0.07903,0.03387,0.06755,0.01087,0.05108,0.01146,0.02066,0.05488,0.01656,0.01585,0.39609,0.01406,0.07653,0.01076,0.03359,0.01270
0.12674,0.35622,0.00939,0.01297,0.05198,0.02145,0.04759,0.02024,0.19815,0.01281,0.01381,0.01310,0.02918,0.01246,0.00758,0.02952,0.01046,0.01230,0.00636,0.00769
0.09695,0.04100,0.05545,0.00724,0.17817,0.17763,0.07326,0.01744,0.06813,0.03897,0.01682,0.01744,0.01273,0.03553,0.06882,0.01421,0.01433,0.01876,0.00734,0.03980
0.00695,0.00701,0.01096,0.00740,0.01957,0.03319,0.01546,0.01700,0.07337,0.01823,0.01726,0.01206,0.00827,0.00809,0.63018,0.01952,0.03707,0.01041,0.03168,0.01631
0.03709,0.02078,0.02111,0.01761,0.32084,0.01900,0.05614,0.01908,0.32836,0.01600,0.01234,0.01214,0.02638,0.00791,0.01690,0.02350,0.01616,0.01068,0.01221,0.00577
0.03803,0.03759,0.06072,0.04484,0.03392,0.02381,0.04837,0.03336,0.06580,0.03341,0.08639,0.03404,0.05328,0.13285,0.07343,0.05587,0.04181,0.00793,0.02801,0.06655
0.13993,0.06518,0.07645,0.03581,0.04869,0.03942,0.16960,0.02131,0.04219,0.05361,0.01744,0.01510,0.06216,0.01161,0.03625,0.08337,0.02182,0.02669,0.01131,0.02205
0.06343,0.02471,0.19683,0.22898,0.02317,0.04099,0.02114,0.05173,0.02188,0.05339,0.01767,0.02594,0.02559,0.04341,0.01433,0.06406,0.02541,0.01066,0.02183,0.02485
0.02517,0.16942,0.01941,0.15300,0.04324,0.01087,0.02014,0.03211,0.01763,0.01884,0.04182,0.03078,0.02203,0.07278,0.02474,0.02454,0.10531,0.01997,0.10604,0.04217
0.01414,0.02096,0.01289,0.01118,0.15577,0.01730,0.16603,0.01175,0.03524,0.01582,0.01513,0.08446,0.01831,0.02988,0.13450,0.01540,0.10245,0.01302,0.11374,0.01206
0.01718,0.02510,0.02710,0.01230,0.42271,0.00921,0.03692,0.01745,0.04624,0.02800,0.00410,0.01627,0.01076,0.00888,0.27316,0.01587,0.00764,0.01008,0.00499,0.00604
0.06506,0.03682,0.03000,0.03307,0.11679,0.03367,0.04526,0.02119,0.08507,0.04912,0.04656,0.20467,0.01731,0.01265,0.03269,0.01812,0.04859,0.03498,0.03227,0.03611
0.06136,0.18296,0.02873,0.00863,0.03501,0.01519,0.16036,0.02064,0.05990,0.06931,0.02389,0.03578,0.02596,0.01212,0.09110,0.03237,0.04249,0.01872,0.03830,0.03718
0.01836,0.03569,0.06734,0.02327,0.09148,0.02279,0.02762,0.02965,0.01821,0.01495,0.00706,0.01285,0.00516,0.50155,0.02771,0.00952,0.02717,0.03433,0.01751,0.00779
0.01923,0.07813,0.04148,0.01098,0.12872,0.03474,0.08836,0.03046,0.09221,0.02350,0.04773,0.04156,0.02268,0.00674,0.02468,0.01916,0.12676,0.03332,0.08777,0.04179
0.01311,0.02951,0.03384,0.02095,0.02951,0.16634,0.01844,0.00657,0.17547,0.01916,0.14714,0.03398,0.01207,0.04091,0.01881,0.02212,0.04795,0.00865,0.03515,0.12034
0.02185,0.02921,0.02078,0.02440,0.03616,0.02401,0.01118,0.03597,0.06840,0.01570,0.03342,0.01692,0.00797,0.01502,0.36358,0.01419,0.11663,0.02705,0.08107,0.03649
0.05027,0.08539,0.03475,0.02758,0.05907,0.02474,0.01744,0.03822,0.02029,0.02182,0.05491,0.02409,0.18162,0.00548,0.02814,0.21863,0.02510,0.00591,0.02373,0.05283
0.06457,0.10813,0.02552,0.02031,0.20069,0.03310,0.06328,0.04051,0.02742,0.01066,0.01460,0.02842,0.06534,0.00999,0.08865,0.07705,0.04499,0.02749,0.03578,0.01349
0.01030,0.08325,0.03679,0.00785,0.01725,0.03845,0.01723,0.05480,0.04347,0.01936,0.06961,0.02806,0.01235,0.01351,0.00941,0.00924,0.26667,0.01453,0.22243,0.02545
0.02205,0.03198,0.03038,0.02162,0.45057,0.01690,0.04336,0.03009,0.03285,0.02792,0.01893,0.01228,0.03705,0.03120,0.01126,0.05073,0.05293,0.01986,0.03588,0.02216
0.03048,0.14948,0.05044,0.03599,0.19668,0.08731,0.05639,0.02236,0.07598,0.04268,0.01086,0.03667,0.04087,0.02201,0.01186,0.04467,0.03245,0.00899,0.02080,0.02302
0.04041,0.07530,0.02531,0.00559,0.04855,0.05433,0.03786,0.01117,0.02711,0.06675,0.02581,0.07045,0.17476,0.01303,0.05960,0.17264,0.03399,0.01379,0.03090,0.01266
0.02168,0.02023,0.05552,0.03782,0.06978,0.08175,0.16443,0.03556,0.05823,0.05130,0.04249,0.04116,0.02259,0.01672,0.19072,0.01487,0.01029,0.01898,0.00631,0.03956
0.01821,0.03477,0.01557,0.00525,0.09719,0.26920,0.02959,0.01604,0.36126,0.01240,0.01289,0.00890,0.02387,0.01143,0.00823,0.01869,0.02186,0.00944,0.01605,0.00915
0.07117,0.02304,0.01702,0.02473,0.03161,0.01713,0.04294,0.02874,0.05815,0.02230,0.03909,0.05940,0.03741,0.04807,0.34309,0.06002,0.02509,0.01639,0.01712,0.01746
0.01365,0.01807,0.01710,0.01534,0.02179,0.01958,0.01068,0.01119,0.05355,0.02082,0.01091,0.01500,0.01104,0.01294,0.17042,0.01188,0.28947,0.00974,0.25713,0.00970
0.01395,0.03038,0.01414,0.01608,0.16794,0.01946,0.02901,0.01107,0.16679,0.01104,0.03119,0.02365,0.01485,0.30499,0.02937,0.01813,0.02938,0.01192,0.03454,0.02214
0.14534,0.04638,0.01845,0.16442,0.09511,0.06138,0.03128,0.05557,0.17721,0.03238,0.00985,0.01146,0.01103,0.04824,0.02903,0.01133,0.01581,0.00850,0.01653,0.01069
0.07267,0.04479,0.05017,0.04301,0.08392,0.05313,0.03646,0.04462,0.07455,0.02738,0.02532,0.03284,0.06810,0.02962,0.03398,0.07333,0.09366,0.01428,0.07276,0.02542
0.02770,0.12200,0.01612,0.10719,0.10805,0.02126,0.03375,0.05294,0.03850,0.02072,0.05148,0.02894,0.02819,0.09024,0.02713,0.03547,0.06845,0.01527,0.05038,0.05622
0.01062,0.34024,0.00670,0.00683,0.01311,0.00973,0.02117,0.32278,0.01192,0.01335,0.00865,0.01712,0.01484,0.00534,0.02246,0.03359,0.07372,0.00716,0.05092,0.00974
0.05264,0.04460,0.10723,0.05050,0.05929,0.04517,0.07584,0.03034,0.04913,0.07663,0.03094,0.01999,0.07348,0.02146,0.09117,0.07168,0.04240,0.01360,0.01984,0.02406
0.06166,0.05583,0.01829,0.01476,0.16193,0.02351,0.03545,0.03113,0.13993,0.04967,0.02109,0.02978,0.01952,0.02425,0.16850,0.01382,0.05948,0.02367,0.03268,0.01505
0.10778,0.06852,0.05727,0.04633,0.04982,0.09149,0.10220,0.07668,0.09837,0.02517,0.03163,0.04171,0.01476,0.01800,0.04193,0.02662,0.02375,0.01423,0.02269,0.04106
0.03005,0.04205,0.03476,0.02413,0.04485,0.04195,0.02222,0.04125,0.04695,0.03738,0.04804,0.18699,0.01762,0.00803,0.02760,0.01662,0.14410,0.05832,0.11450,0.01260
0.03191,0.04838,0.02006,0.04027,0.03493,0.02176,0.05739,0.01976,0.07677,0.05074,0.07526,0.03216,0.14820,0.00797,0.01686,0.18334,0.02702,0.01290,0.01555,0.07877
0.02227,0.01375,0.01211,0.00907,0.02160,0.33239,0.01841,0.01020,0.37382,0.01708,0.02438,0.01820,0.01108,0.00907,0.01825,0.01094,0.02282,0.01671,0.01763,0.02023
0.02593,0.08463,0.02419,0.05259,0.08808,0.09320,0.03540,0.01563,0.13975,0.08578,0.05458,0.05063,0.01881,0.01814,0.02421,0.02842,0.03704,0.02671,0.03308,0.06320
0.09137,0.03446,0.03497,0.02475,0.15435,0.04982,0.04234,0.01708,0.09926,0.01934,0.09148,0.01706,0.04473,0.00829,0.03582,0.05068,0.03851,0.01257,0.03500,0.09812
0.01581,0.26904,0.02965,0.01082,0.03090,0.03232,0.26876,0.02581,0.08972,0.05214,0.01013,0.01583,0.02305,0.02455,0.01998,0.02544,0.01482,0.01074,0.01330,0.01719
0.04042,0.02441,0.02890,0.01239,0.03003,0.20821,0.02209,0.02870,0.24210,0.02669,0.06427,0.01731,0.01470,0.00914,0.07081,0.01960,0.03826,0.02730,0.03110,0.04354
0.01833,0.03344,0.01630,0.01532,0.07513,0.06462,0.03616,0.03632,0.06000,0.06300,0.16478,0.15309,0.01556,0.00948,0.01298,0.01603,0.05906,0.02551,0.05299,0.07191
0.02085,0.02066,0.19043,0.18516,0.08579,0.06925,0.01893,0.01503,0.15447,0.05044,0.01791,0.02844,0.01048,0.03174,0.01198,0.02210,0.02562,0.00635,0.01948,0.01489
0.07712,0.07431,0.05688,0.05898,0.10657,0.08821,0.03610,0.08697,0.17764,0.04156,0.01557,0.02050,0.01084,0.01534,0.05838,0.01258,0.01775,0.01438,0.01231,0.01797
0.01459,0.27739,0.01489,0.26277,0.06325,0.02397,0.02852,0.02987,0.04472,0.02013,0.01346,0.01809,0.02192,0.01008,0.05957,0.02994,0.01388,0.02813,0.01357,0.01128
0.02890,0.03751,0.02872,0.03577,0.19202,0.01157,0.03278,0.01179,0.19911,0.03591,0.01987,0.03273,0.06931,0.02177,0.03662,0.08060,0.05642,0.01118,0.04859,0.00884
0.14603,0.08118,0.02210,0.07664,0.11727,0.02671,0.05648,0.07238,0.09692,0.02380,0.00741,0.05889,0.03152,0.00345,0.02623,0.05384,0.03731,0.03516,0.02009,0.00658
0.06988,0.05327,0.01589,0.01546,0.16587,0.02692,0.04487,0.02517,0.12741,0.03020,0.02328,0.10584,0.01963,0.00551,0.02830,0.01222,0.10243,0.03055,0.06955,0.02776
0.01913,0.01079,0.01056,0.00432,0.33302,0.39744,0.00599,0.00763,0.09737,0.00886,0.00898,0.00792,0.01712,0.00540,0.00732,0.02668,0.00896,0.00352,0.00720,0.01179
0.02858,0.02707,0.02423,0.01404,0.13646,0.21978,0.02917,0.09252,0.02429,0.05330,0.01476,0.01501,0.01293,0.05570,0.04157,0.01170,0.09528,0.01570,0.07000,0.01791
0.16822,0.00946,0.01716,0.15969,0.05651,0.15666,0.01035,0.01862,0.19197,0.02311,0.01455,0.02315,0.00613,0.00900,0.05628,0.01347,0.02463,0.00721,0.02136,0.01248
0.03104,0.02012,0.03016,0.02393,0.05155,0.03191,0.02514,0.04194,0.04939,0.03139,0.01011,0.03231,0.09891,0.05196,0.23451,0.09612,0.01925,0.09524,0.01423,0.01082
0.01397,0.01865,0.01725,0.00611,0.03980,0.01730,0.02558,0.00992,0.02637,0.01708,0.01005,0.05377,0.18546,0.01275,0.03587,0.19654,0.15934,0.00621,0.13422,0.01377
0.03478,0.01795,0.01294,0.01139,0.37359,0.32647,0.03528,0.00948,0.03141,0.01926,0.01892,0.00802,0.00600,0.00593,0.00983,0.00802,0.03170,0.00985,0.01876,0.01042
0.05276,0.05381,0.03593,0.01983,0.08551,0.03111,0.04560,0.03476,0.07597,0.02914,0.01439,0.03333,0.16342,0.05552,0.01567,0.17232,0.03700,0.01367,0.01826,0.01199
0.02679,0.04536,0.02223,0.02285,0.19462,0.02903,0.03355,0.02758,0.06199,0.04249,0.17239,0.05009,0.01331,0.02457,0.02294,0.02072,0.01547,0.01766,0.01219,0.14418
0.01194,0.02449,0.01004,0.01177,0.14881,0.02194,0.01308,0.01528,0.15127,0.01233,0.01052,0.00753,0.08467,0.00378,0.02484,0.08266,0.15101,0.01150,0.15229,0.05024
0.06319,0.08764,0.02308,0.01842,0.03202,0.03889,0.05817,0.03611,0.10535,0.04895,0.02271,0.02470,0.01556,0.00973,0.12595,0.02476,0.11842,0.01610,0.11091,0.01935
0.02451,0.01966,0.01621,0.01415,0.02631,0.01577,0.04298,0.01503,0.04356,0.01124,0.02000,0.02103,0.31400,0.03323,0.01021,0.32355,0.01077,0.00762,0.00742,0.02276
0.14183,0.02633,0.10946,0.15915,0.12092,0.09849,0.03688,0.02105,0.04948,0.02131,0.01565,0.04593,0.01273,0.00442,0.04879,0.02713,0.01914,0.00753,0.01250,0.02130
0.07513,0.04448,0.01371,0.01805,0.06682,0.02509,0.02070,0.02217,0.06693,0.02004,0.04719,0.05689,0.03451,0.01160,0.05291,0.04226,0.16347,0.01729,0.16509,0.03566
0.06327,0.02509,0.02214,0.02628,0.14037,0.04816,0.02016,0.01631,0.13956,0.04720,0.03595,0.00956,0.10029,0.02105,0.04551,0.11519,0.04848,0.01185,0.03094,0.03262
0.02300,0.03717,0.02147,0.01342,0.17424,0.16283,0.02405,0.06036,0.10904,0.05010,0.04617,0.08511,0.02140,0.01882,0.04706,0.01871,0.02954,0.01294,0.02336,0.02120
0.03760,0.02658,0.01426,0.02050,0.06804,0.02650,0.01883,0.01314,0.03752,0.01641,0.02159,0.02997,0.03402,0.04500,0.01458,0.02866,0.26208,0.03919,0.23345,0.01207
0.15946,0.02487,0.01297,0.01495,0.04206,0.02323,0.13018,0.00794,0.11265,0.03839,0.04817,0.04328,0.01554,0.02129,0.02371,0.01009,0.11266,0.01471,0.09258,0.05128
0.07326,0.02504,0.01816,0.01620,0.07419,0.06619,0.05084,0.04879,0.11023,0.05180,0.02458,0.02523,0.06626,0.05226,0.08313,0.07077,0.05237,0.02360,0.03826,0.02883
0.02181,0.03628,0.04069,0.02741,0.07326,0.02910,0.02105,0.01816,0.04567,0.02454,0.01529,0.02476,0.02528,0.01620,0.17848,0.03022,0.17267,0.03801,0.14921,0.01191
0.03179,0.02247,0.03172,0.01308,0.06917,0.03633,0.04035,0.02862,0.14491,0.05245,0.20708,0.02313,0.00724,0.01036,0.01613,0.01170,0.04339,0.01244,0.02379,0.17386
0.08205,0.03506,0.02589,0.00713,0.09134,0.12098,0.06396,0.05500,0.06542,0.04529,0.03645,0.01977,0.07302,0.03385,0.02879,0.08531,0.04942,0.00574,0.04081,0.03470
0.38283,0.01819,0.02717,0.01532,0.25500,0.03192,0.01871,0.02172,0.06695,0.01770,0.00582,0.02204,0.00951,0.00996,0.01073,0.02160,0.02163,0.01042,0.02064,0.01211
0.03147,0.01405,0.02622,0.02027,0.08625,0.02760,0.03408,0.05513,0.02902,0.03427,0.03402,0.02184,0.03403,0.06415,0.06254,0.02485,0.18353,0.02549,0.15351,0.03771
0.04143,0.02426,0.01238,0.03980,0.05824,0.02682,0.01952,0.01626,0.02694,0.01441,0.03911,0.06006,0.02946,0.01018,0.43507,0.04676,0.04161,0.01189,0.02070,0.02509
0.01191,0.00906,0.01169,0.00672,0.76388,0.01152,0.01371,0.00809,0.02382,0.01083,0.01011,0.00834,0.00452,0.00506,0.03922,0.00563,0.01846,0.01007,0.01604,0.01132
0.02790,0.02250,0.05468,0.04452,0.04626,0.03367,0.02295,0.01642,0.02293,0.01667,0.03337,0.03640,0.01290,0.00425,0.03483,0.01389,0.27453,0.02066,0.22990,0.03078
0.16108,0.03061,0.04379,0.01565,0.27818,0.02441,0.16274,0.02150,0.08022,0.02967,0.01546,0.02285,0.01385,0.01075,0.01887,0.01531,0.01536,0.00910,0.01575,0.01485
0.04243,0.09378,0.01040,0.08796,0.07161,0.06695,0.03895,0.03046,0.07628,0.03002,0.01362,0.02046,0.13240,0.01120,0.03077,0.14273,0.04358,0.01538,0.02940,0.01163
0.03710,0.03349,0.02109,0.02007,0.05166,0.03594,0.02226,0.04575,0.05526,0.01782,0.02831,0.05927,0.19581,0.01754,0.02436,0.20781,0.05175,0.01543,0.04076,0.01850
0.14276,0.01804,0.04824,0.01910,0.01811,0.01475,0.12749,0.01624,0.02016,0.01890,0.02754,0.02583,0.00976,0.01109,0.13290,0.01302,0.14890,0.00688,0.15744,0.02285
0.01843,0.09822,0.02376,0.01771,0.07839,0.07789,0.13900,0.01792,0.19704,0.02035,0.01378,0.02188,0.10104,0.01500,0.01664,0.08062,0.02213,0.01294,0.01722,0.01005
0.04888,0.02005,0.03926,0.01187,0.25322,0.03156,0.17554,0.01990,0.15065,0.03829,0.02285,0.03846,0.02592,0.01610,0.01956,0.01524,0.02356,0.00772,0.01270,0.02866
0.06286,0.18343,0.01737,0.01166,0.02921,0.02222,0.03068,0.01181,0.10900,0.01163,0.02767,0.01466,0.00840,0.02365,0.01059,0.00865,0.21038,0.00692,0.18163,0.01758
0.03128,0.01562,0.02030,0.02057,0.05968,0.03308,0.04498,0.01732,0.10929,0.04218,0.02743,0.01249,0.03535,0.02771,0.35916,0.02595,0.05730,0.01877,0.02517,0.01637
0.05017,0.05821,0.03391,0.02234,0.03082,0.04400,0.04494,0.03587,0.20215,0.19141,0.01731,0.06689,0.04163,0.02019,0.04797,0.03099,0.01392,0.01356,0.01380,0.01992
0.01739,0.04151,0.02197,0.01182,0.03771,0.02209,0.01634,0.02350,0.01614,0.01537,0.03560,0.00944,0.26995,0.00875,0.02626,0.28255,0.05596,0.00869,0.05240,0.02655
0.05281,0.05157,0.02147,0.03566,0.10860,0.07393,0.02464,0.03152,0.03078,0.02295,0.01066,0.04186,0.14740,0.05637,0.04056,0.14598,0.04455,0.02629,0.01917,0.01325
0.03954,0.04900,0.02233,0.03160,0.05182,0.03434,0.04039,0.03911,0.05922,0.03807,0.01682,0.07768,0.01383,0.04103,0.01590,0.01874,0.20741,0.00765,0.17690,0.01862
0.01152,0.02470,0.04076,0.00722,0.04700,0.04503,0.02641,0.01810,0.03418,0.01028,0.16409,0.03829,0.04061,0.00700,0.01170,0.05447,0.06384,0.15400,0.05152,0.14929
0.05587,0.06212,0.01008,0.02473,0.03724,0.02548,0.01785,0.02170,0.03562,0.02495,0.02531,0.02554,0.17524,0.01173,0.01104,0.17064,0.12892,0.00551,0.11362,0.01682
0.03728,0.03525,0.04137,0.03291,0.01356,0.03037,0.02072,0.03486,0.07310,0.03391,0.01422,0.01700,0.17182,0.02974,0.14531,0.17535,0.01970,0.03099,0.02146,0.02109
0.02742,0.14816,0.02379,0.13658,0.08725,0.05940,0.03470,0.02412,0.02517,0.02400,0.03439,0.04300,0.06881,0.00794,0.08012,0.07917,0.03700,0.01053,0.02447,0.02399
0.04990,0.03974,0.03127,0.03086,0.02180,0.06553,0.04101,0.05976,0.04298,0.03198,0.02767,0.02845,0.13011,0.03817,0.04457,0.10479,0.08785,0.01932,0.07287,0.03137
0.01000,0.02277,0.00594,0.00350,0.11738,0.08919,0.02367,0.02049,0.03215,0.01701,0.01339,0.02991,0.24005,0.01192,0.00851,0.24982,0.04540,0.00580,0.03483,0.01827
0.05622,0.09152,0.03498,0.03311,0.15577,0.06721,0.02607,0.08231,0.10751,0.03126,0.03953,0.05545,0.03397,0.02417,0.01574,0.04630,0.02269,0.02577,0.01396,0.03645
0.02996,0.25066,0.02290,0.23812,0.06061,0.02994,0.03057,0.01994,0.04745,0.02325,0.01561,0.02599,0.01636,0.01965,0.01048,0.02069,0.05212,0.01182,0.05671,0.01716
0.03090,0.03180,0.01988,0.03181,0.05619,0.04588,0.04109,0.02358,0.08827,0.04510,0.02694,0.04947,0.16074,0.01562,0.01764,0.17669,0.04193,0.01636,0.05705,0.02308
0.01645,0.01154,0.01042,0.00995,0.41472,0.08757,0.01570,0.24225,0.02744,0.01891,0.01417,0.01153,0.02641,0.00617,0.01496,0.03170,0.01463,0.00670,0.00903,0.00973
0.04383,0.03952,0.02788,0.01176,0.06585,0.03607,0.02632,0.02096,0.06429,0.02372,0.08373,0.07720,0.08508,0.00333,0.02016,0.10638,0.08922,0.04947,0.06231,0.06293
0.01401,0.03065,0.00927,0.02858,0.02895,0.04625,0.01814,0.03778,0.02533,0.03601,0.02482,0.01278,0.04001,0.02325,0.43142,0.05460,0.05632,0.01956,0.03637,0.02590
0.03774,0.13427,0.02779,0.02347,0.09675,0.03038,0.02200,0.05590,0.03675,0.09276,0.01346,0.08247,0.00966,0.00681,0.02819,0.01759,0.13486,0.01983,0.11860,0.01073
0.01685,0.01828,0.00713,0.01325,0.23159,0.14033,0.01948,0.05834,0.19123,0.04333,0.02190,0.02885,0.01202,0.02390,0.01254,0.01532,0.05398,0.01403,0.05297,0.02469
0.19274,0.05848,0.03360,0.03359,0.02858,0.05182,0.12393,0.08040,0.13705,0.05753,0.01565,0.01863,0.01388,0.01715,0.03246,0.02949,0.03316,0.01090,0.01950,0.01146
0.04793,0.01329,0.03231,0.04615,0.16008,0.13624,0.05190,0.05397,0.09183,0.04879,0.03135,0.02913,0.01092,0.01150,0.09618,0.01250,0.04300,0.01957,0.03833,0.02505
0.15024,0.11634,0.02035,0.01165,0.05663,0.02704,0.02757,0.01749,0.06046,0.01280,0.01343,0.01532,0.14054,0.02345,0.01163,0.15778,0.06624,0.00706,0.04152,0.02247
0.03795,0.03167,0.05826,0.01716,0.04987,0.03020,0.05624,0.01916,0.03273,0.02258,0.02138,0.03793,0.18457,0.07149,0.02726,0.18336,0.04549,0.01844,0.04055,0.01370
0.01605,0.03158,0.04324,0.02763,0.20747,0.02249,0.03177,0.01877,0.20797,0.02737,0.01895,0.01371,0.08642,0.02936,0.07052,0.09907,0.01070,0.00757,0.00720,0.02216
0.01944,0.02613,0.01544,0.01696,0.03072,0.02423,0.02124,0.01799,0.02320,0.01609,0.02878,0.04734,0.27528,0.00901,0.01341,0.30372,0.04327,0.00548,0.04358,0.01869
0.04448,0.06644,0.05325,0.03902,0.13856,0.07411,0.03957,0.06542,0.06713,0.07529,0.01604,0.04156,0.01900,0.05817,0.11211,0.01459,0.02564,0.01761,0.01824,0.01377
0.09523,0.05527,0.01871,0.02073,0.21435,0.06102,0.02218,0.03047,0.15210,0.01777,0.02014,0.01228,0.04076,0.08666,0.01722,0.05399,0.03152,0.01063,0.02270,0.01625
0.04589,0.05373,0.01748,0.03927,0.09243,0.04829,0.03978,0.01852,0.03553,0.04242,0.05688,0.30936,0.01394,0.00636,0.02998,0.01445,0.05169,0.03214,0.01693,0.03493
0.03338,0.01940,0.03220,0.02925,0.20809,0.15888,0.03356,0.05302,0.10072,0.01948,0.03239,0.07855,0.01620,0.02295,0.05389,0.01537,0.02109,0.03883,0.01154,0.02121
0.11906,0.02678,0.01838,0.01098,0.21949,0.02362,0.06468,0.01066,0.12790,0.04461,0.05037,0.02146,0.01342,0.01075,0.02270,0.01700,0.07109,0.01980,0.05744,0.04980
0.02450,0.02776,0.02899,0.03087,0.26930,0.05551,0.02672,0.02692,0.05278,0.01584,0.01730,0.02301,0.01200,0.02434,0.19542,0.01228,0.06026,0.02847,0.04692,0.02080
0.01553,0.01562,0.01525,0.01689,0.19825,0.02479,0.02730,0.00972,0.21463,0.01373,0.15638,0.01816,0.01019,0.02065,0.01326,0.01005,0.03445,0.01964,0.02085,0.14466
0.03464,0.06804,0.02141,0.02382,0.14275,0.04437,0.02297,0.04199,0.13159,0.06045,0.02008,0.03098,0.02109,0.00604,0.02540,0.01066,0.14787,0.00674,0.12045,0.01866
0.02446,0.03116,0.02019,0.01810,0.09089,0.07116,0.02801,0.03749,0.06158,0.02529,0.01015,0.00911,0.01115,0.03796,0.45138,0.02101,0.02120,0.00723,0.01302,0.00947
0.01119,0.17467,0.03306,0.01000,0.05724,0.05622,0.03730,0.03243,0.03222,0.06903,0.01513,0.02006,0.04636,0.00777,0.18726,0.01879,0.02002,0.14726,0.01373,0.01026
0.02820,0.02411,0.01377,0.01287,0.44278,0.02136,0.02291,0.02227,0.02964,0.01273,0.01366,0.01420,0.13236,0.00568,0.01517,0.15190,0.01299,0.00547,0.00867,0.00927
0.03936,0.01625,0.04145,0.02307,0.05699,0.08755,0.01628,0.02864,0.02618,0.02925,0.05381,0.04195,0.02051,0.00702,0.06196,0.01350,0.19923,0.00739,0.19043,0.03916
0.01445,0.05779,0.04890,0.03747,0.05768,0.08574,0.01369,0.05030,0.13391,0.05164,0.08759,0.01418,0.02318,0.01578,0.01949,0.02686,0.09562,0.01216,0.09459,0.05899
0.01603,0.02922,0.01863,0.01067,0.05037,0.03080,0.01727,0.01861,0.03427,0.01686,0.04785,0.04604,0.01569,0.00968,0.05713,0.02729,0.27241,0.00588,0.21924,0.05607
0.06163,0.07139,0.02668,0.03589,0.19862,0.06803,0.04410,0.03219,0.22125,0.01689,0.01413,0.02068,0.03746,0.03355,0.03827,0.04417,0.01073,0.00984,0.00646,0.00804
0.01958,0.03340,0.02609,0.01548,0.02992,0.02788,0.02702,0.02831,0.04122,0.01138,0.04451,0.03112,0.10537,0.02083,0.12149,0.10786,0.13784,0.02815,0.12026,0.02226
0.02850,0.02666,0.01545,0.01964,0.05165,0.02419,0.02219,0.02048,0.02495,0.02362,0.11979,0.01614,0.14198,0.00519,0.02601,0.14304,0.09254,0.00792,0.07301,0.11706
0.06677,0.04329,0.01991,0.03334,0.02324,0.00666,0.04796,0.12866,0.08642,0.09358,0.01420,0.06485,0.03129,0.00710,0.16968,0.03526,0.03460,0.06394,0.01711,0.01216
0.01216,0.12306,0.03383,0.04130,0.02757,0.06346,0.03178,0.04373,0.06964,0.13289,0.02004,0.14336,0.00750,0.02634,0.02745,0.00632,0.04734,0.08012,0.05050,0.01160
0.10931,0.07520,0.06506,0.02923,0.12493,0.05127,0.02360,0.02257,0.06241,0.02796,0.01003,0.06350,0.04772,0.07385,0.07201,0.05518,0.01376,0.05016,0.01215,0.01010
0.01403,0.10643,0.03400,0.01540,0.03431,0.01170,0.19607,0.04923,0.19315,0.01919,0.00945,0.01474,0.10726,0.00855,0.04177,0.08735,0.01409,0.02713,0.00840,0.00777
0.01249,0.07925,0.01921,0.01348,0.03366,0.02514,0.01073,0.03885,0.01901,0.02346,0.18785,0.01457,0.01652,0.01572,0.02571,0.02163,0.10995,0.00977,0.10658,0.21643
0.19509,0.04092,0.01461,0.01471,0.02254,0.02194,0.18508,0.02262,0.01821,0.03017,0.01351,0.01893,0.02292,0.01212,0.03197,0.02943,0.14500,0.01946,0.12512,0.01564
0.01981,0.16145,0.01140,0.01593,0.07748,0.01682,0.02465,0.01838,0.11446,0.01822,0.02575,0.04152,0.00764,0.01055,0.17109,0.01248,0.06561,0.13392,0.02875,0.02406
0.03458,0.09139,0.01068,0.01491,0.15520,0.04090,0.02546,0.01445,0.19334,0.04946,0.01935,0.01327,0.06976,0.01592,0.02681,0.06916,0.05304,0.04614,0.03909,0.01708
0.00940,0.05218,0.01148,0.04288,0.33203,0.00926,0.02936,0.29290,0.02528,0.02102,0.01703,0.00935,0.01409,0.01347,0.01046,0.01235,0.04448,0.00768,0.03677,0.00855
0.06252,0.01624,0.13218,0.16146,0.05137,0.05029,0.02575,0.05931,0.03501,0.02066,0.07916,0.05326,0.01019,0.00683,0.02987,0.01614,0.05504,0.01176,0.03782,0.08513
0.07032,0.05469,0.05335,0.04430,0.07192,0.02523,0.05964,0.03012,0.02918,0.03326,0.01241,0.02034,0.09755,0.00384,0.23219,0.10480,0.01973,0.00970,0.01344,0.01399
0.04628,0.03220,0.07227,0.08164,0.10378,0.04846,0.03712,0.04109,0.07190,0.03033,0.06872,0.05854,0.06605,0.01711,0.03705,0.06491,0.03679,0.01250,0.02858,0.04468
0.01811,0.05437,0.02635,0.01018,0.03176,0.01967,0.06240,0.02024,0.03804,0.02254,0.00827,0.01381,0.09034,0.08923,0.35343,0.08538,0.02290,0.01187,0.01471,0.00641
0.12612,0.02620,0.03608,0.00938,0.15992,0.04154,0.02369,0.02006,0.08836,0.03071,0.10763,0.03521,0.04215,0.00676,0.01461,0.04057,0.02089,0.02921,0.01186,0.12907
0.01580,0.06602,0.01891,0.00844,0.04238,0.04165,0.04694,0.02539,0.03020,0.02411,0.09303,0.16052,0.07404,0.00892,0.05964,0.06710,0.06259,0.04445,0.05428,0.05559
0.01563,0.33960,0.01239,0.32643,0.03368,0.01325,0.03011,0.02378,0.04720,0.01465,0.00442,0.01077,0.03782,0.00904,0.01185,0.03079,0.01179,0.00808,0.00799,0.01074
0.02748,0.07777,0.03203,0.11708,0.09532,0.04156,0.07516,0.07773,0.06709,0.06055,0.03028,0.02997,0.01558,0.00423,0.12765,0.02147,0.03338,0.02581,0.01512,0.02474
0.03665,0.01907,0.01197,0.02444,0.23752,0.04440,0.02796,0.02367,0.19235,0.03214,0.02678,0.03149,0.02340,0.01541,0.04703,0.02646,0.08704,0.01056,0.05806,0.02357
0.26355,0.02759,0.02725,0.01248,0.24234,0.02769,0.13968,0.01387,0.03421,0.03090,0.01848,0.01525,0.01277,0.00974,0.01900,0.01365,0.03295,0.01402,0.02242,0.02216
0.04555,0.02998,0.02761,0.04404,0.21006,0.02484,0.02688,0.19158,0.09751,0.06953,0.00636,0.01102,0.07292,0.01591,0.03684,0.05374,0.01303,0.00830,0.00532,0.00896
0.00460,0.04786,0.02658,0.01197,0.02380,0.03008,0.01970,0.02125,0.04116,0.04608,0.03584,0.03332,0.11371,0.00729,0.05029,0.13134,0.13656,0.06131,0.12094,0.03632
0.02421,0.17435,0.02160,0.02138,0.05755,0.05945,0.02892,0.04292,0.04617,0.02104,0.08483,0.04144,0.01623,0.00750,0.02177,0.01832,0.06069,0.14232,0.04844,0.06087
0.02061,0.07228,0.01541,0.02478,0.04249,0.03954,0.02744,0.01852,0.03123,0.02388,0.01775,0.03509,0.04411,0.03790,0.29711,0.05748,0.08833,0.01567,0.07190,0.01846
0.03724,0.04849,0.01839,0.03106,0.02203,0.02475,0.03816,0.08408,0.02520,0.02051,0.02288,0.06081,0.11811,0.01256,0.09777,0.11361,0.11391,0.02692,0.07008,0.01344
0.03081,0.02145,0.01555,0.02097,0.02923,0.03610,0.01314,0.03107,0.02684,0.02919,0.01177,0.00889,0.30346,0.00908,0.03159,0.30082,0.02992,0.01263,0.02181,0.01569
0.02923,0.02315,0.02908,0.01364,0.10560,0.04236,0.04162,0.03240,0.11897,0.03111,0.12782,0.02237,0.02504,0.02750,0.03329,0.02473,0.06905,0.02001,0.05653,0.12649
0.02079,0.04301,0.05059,0.02828,0.02193,0.03680,0.01774,0.03524,0.04798,0.01311,0.02295,0.03155,0.16555,0.00880,0.18588,0.17186,0.01857,0.03878,0.01500,0.02560
0.08767,0.02456,0.01934,0.01640,0.19551,0.02323,0.10237,0.01627,0.20052,0.02427,0.02794,0.02740,0.00596,0.00947,0.00930,0.01276,0.08805,0.00972,0.06903,0.03023
0.03310,0.21467,0.02497,0.18928,0.02865,0.02619,0.01483,0.02083,0.02335,0.03934,0.07863,0.03181,0.01960,0.01257,0.03724,0.02134,0.05895,0.03395,0.03815,0.05255
0.20256,0.05011,0.03060,0.06460,0.04805,0.01514,0.16107,0.02364,0.06246,0.07610,0.05046,0.03812,0.01688,0.00804,0.01178,0.01782,0.01807,0.05829,0.01033,0.03588
0.03834,0.03003,0.06438,0.01296,0.07068,0.06583,0.06486,0.01896,0.10611,0.02995,0.01616,0.02498,0.10093,0.00837,0.03857,0.09887,0.09446,0.02485,0.07403,0.01667
0.02224,0.08952,0.02205,0.02084,0.06066,0.05502,0.11407,0.02436,0.05519,0.02149,0.02524,0.02131,0.04076,0.02924,0.08795,0.05372,0.11181,0.01016,0.11747,0.01689
0.02980,0.04682,0.04167,0.03844,0.05986,0.03603,0.02277,0.01965,0.14579,0.05467,0.03807,0.02635,0.12653,0.00639,0.05590,0.13246,0.03618,0.01144,0.02326,0.04793
0.04435,0.05737,0.03303,0.02603,0.08863,0.06237,0.05091,0.06048,0.03612,0.06147,0.01755,0.01179,0.12069,0.03488,0.07464,0.10266,0.03752,0.03476,0.01989,0.02485
0.01224,0.02962,0.03384,0.01243,0.22657,0.05807,0.19081,0.01137,0.02755,0.01360,0.01180,0.03147,0.02458,0.00948,0.15107,0.00878,0.07704,0.01819,0.03586,0.01562
0.09935,0.06041,0.02470,0.05296,0.14421,0.10585,0.07865,0.08919,0.04237,0.02440,0.02173,0.03348,0.01429,0.01664,0.04532,0.01610,0.05240,0.01304,0.03747,0.02745
0.09183,0.06296,0.06546,0.06945,0.08427,0.10666,0.03518,0.07572,0.05676,0.05225,0.01520,0.01780,0.01379,0.01779,0.15253,0.01822,0.01621,0.02305,0.00931,0.01556
0.05251,0.05072,0.02134,0.05343,0.03187,0.05681,0.04260,0.01581,0.02637,0.01806,0.03039,0.05576,0.05647,0.37101,0.01358,0.04479,0.01515,0.01080,0.01511,0.01741
0.03201,0.01002,0.02288,0.01709,0.01912,0.03349,0.03311,0.02243,0.01781,0.01769,0.01809,0.02109,0.28254,0.00727,0.02212,0.26760,0.06048,0.03015,0.05266,0.01237
0.02533,0.04841,0.04164,0.04373,0.10721,0.06683,0.03453,0.04063,0.14559,0.02395,0.13651,0.01255,0.03525,0.01151,0.02804,0.03589,0.02039,0.01166,0.02052,0.10981
0.04655,0.07403,0.02351,0.04168,0.22790,0.03890,0.04275,0.04662,0.03983,0.03465,0.02992,0.02213,0.03954,0.08190,0.02382,0.04841,0.05983,0.01507,0.03529,0.02768
0.03487,0.04423,0.04123,0.06832,0.08375,0.04351,0.06105,0.02979,0.11133,0.09965,0.02770,0.02202,0.03816,0.13364,0.02637,0.02929,0.03595,0.00893,0.03231,0.02790
0.02252,0.04481,0.00932,0.02869,0.04861,0.02147,0.01275,0.03171,0.02865,0.03627,0.01217,0.03269,0.26863,0.01356,0.04158,0.27903,0.01708,0.02689,0.00996,0.01361
0.01755,0.03500,0.05535,0.03152,0.14943,0.07244,0.01968,0.02257,0.03059,0.02443,0.02560,0.02260,0.05656,0.00943,0.02417,0.06510,0.16242,0.01041,0.14187,0.02326
0.04209,0.29244,0.02467,0.00857,0.04284,0.03733,0.01713,0.00713,0.02566,0.01499,0.00546,0.01379,0.01373,0.01804,0.05181,0.01413,0.03465,0.30084,0.02598,0.00873
0.03360,0.03314,0.03024,0.02086,0.02097,0.08091,0.02145,0.02646,0.02434,0.02209,0.06034,0.02359,0.04447,0.00458,0.40284,0.07235,0.01156,0.01194,0.00918,0.04507
0.01341,0.02139,0.01479,0.01108,0.12087,0.01933,0.01150,0.01366,0.11054,0.01046,0.04343,0.02103,0.21471,0.01437,0.04578,0.23154,0.02078,0.01696,0.01665,0.02773
0.03034,0.01768,0.01814,0.01204,0.34193,0.03555,0.01881,0.22252,0.04102,0.01688,0.04399,0.05025,0.02066,0.00734,0.01044,0.02054,0.02335,0.03613,0.01629,0.01611
0.08431,0.05072,0.02533,0.03560,0.03815,0.03721,0.04961,0.05489,0.02746,0.03816,0.02628,0.02449,0.06173,0.02768,0.00824,0.05433,0.15817,0.01364,0.16311,0.02089
0.02857,0.02801,0.01145,0.01684,0.02303,0.02705,0.02113,0.02958,0.02119,0.02648,0.01400,0.00817,0.23962,0.00718,0.16794,0.26093,0.01644,0.02469,0.01326,0.01444
0.06006,0.08363,0.04388,0.04410,0.01803,0.03982,0.03430,0.04108,0.03606,0.01363,0.01799,0.12739,0.03979,0.01254,0.03215,0.04473,0.16141,0.01880,0.11602,0.01459
0.21860,0.04897,0.02785,0.01810,0.03800,0.02803,0.14515,0.10132,0.05401,0.02025,0.01009,0.02486,0.04809,0.01026,0.05716,0.04424,0.02798,0.05408,0.01383,0.00914
0.01982,0.07447,0.01412,0.00495,0.19193,0.12048,0.19173,0.02614,0.20467,0.00345,0.01827,0.03246,0.00774,0.00710,0.00761,0.00874,0.01575,0.02156,0.01158,0.01745
0.02022,0.25541,0.01498,0.01463,0.03250,0.02194,0.02288,0.01821,0.04063,0.02293,0.01909,0.02419,0.01671,0.01140,0.12403,0.01638,0.03567,0.24818,0.01871,0.02128
0.02928,0.04994,0.02718,0.02087,0.28517,0.04719,0.03444,0.04618,0.25262,0.01380,0.01577,0.01762,0.02139,0.00403,0.02226,0.01945,0.02905,0.01381,0.03263,0.01731
0.03018,0.02850,0.02143,0.01394,0.17248,0.07045,0.01660,0.07224,0.01523,0.02787,0.01509,0.01472,0.03079,0.00484,0.34852,0.03677,0.03391,0.00646,0.02824,0.01172
0.02753,0.02267,0.02961,0.01797,0.07231,0.02975,0.01593,0.05114,0.03162,0.02092,0.02716,0.02504,0.07352,0.01261,0.03585,0.09694,0.19339,0.02779,0.17452,0.01371
0.01999,0.01727,0.01508,0.01082,0.19235,0.12133,0.02358,0.15210,0.14491,0.03061,0.00885,0.01879,0.07219,0.01701,0.02851,0.08020,0.01625,0.00794,0.00965,0.01254
0.06676,0.02392,0.01633,0.02391,0.03957,0.02451,0.04093,0.01945,0.24800,0.21991,0.01632,0.01516,0.06588,0.01408,0.02671,0.08761,0.01368,0.01290,0.01087,0.01350
0.03313,0.02238,0.05963,0.04046,0.12031,0.01428,0.04483,0.14513,0.10736,0.03297,0.01060,0.04815,0.01226,0.00936,0.03449,0.00884,0.12136,0.02446,0.09823,0.01177
0.03041,0.01554,0.01270,0.00799,0.12643,0.10293,0.02172,0.00755,0.01759,0.01663,0.03223,0.06283,0.08086,0.00333,0.02130,0.08337,0.17275,0.00899,0.15732,0.01753
0.01917,0.04341,0.03132,0.01687,0.04373,0.04009,0.01913,0.05204,0.09004,0.03083,0.14414,0.02285,0.11204,0.00648,0.04141,0.12004,0.01913,0.01840,0.01349,0.11537
0.00827,0.01241,0.01359,0.00991,0.01175,0.01149,0.01302,0.01136,0.03764,0.01114,0.01009,0.06325,0.01603,0.42548,0.07536,0.00798,0.16152,0.00956,0.08063,0.00951
0.00924,0.06173,0.01154,0.01428,0.02245,0.08755,0.01184,0.25026,0.12163,0.04155,0.02925,0.01184,0.03294,0.01711,0.16968,0.04975,0.01186,0.02275,0.00727,0.01548
0.28785,0.02942,0.02925,0.00771,0.20394,0.01910,0.03565,0.00789,0.04161,0.01143,0.01058,0.02172,0.09907,0.00529,0.00699,0.11451,0.02488,0.01873,0.01550,0.00888
0.06369,0.04069,0.01619,0.01183,0.04603,0.02903,0.06144,0.02659,0.04388,0.02147,0.01230,0.16177,0.01196,0.00813,0.08232,0.01390,0.15673,0.01702,0.16028,0.01475
0.08097,0.04284,0.01403,0.02275,0.17481,0.03453,0.03009,0.01371,0.12596,0.01650,0.01170,0.01749,0.00756,0.02075,0.32302,0.00657,0.02019,0.01024,0.01704,0.00924
0.06418,0.06124,0.01779,0.01211,0.06397,0.04984,0.04542,0.01364,0.03626,0.03573,0.09323,0.02717,0.01154,0.01795,0.05627,0.01135,0.14970,0.01183,0.14882,0.07194
0.04176,0.04655,0.11659,0.10341,0.04375,0.05107,0.02263,0.03825,0.03161,0.02505,0.02502,0.03989,0.01694,0.01167,0.05353,0.02206,0.14555,0.01309,0.13680,0.01478
0.01215,0.03246,0.01388,0.03072,0.28186,0.03765,0.01895,0.02056,0.26981,0.03298,0.03378,0.05208,0.00923,0.00511,0.02290,0.00765,0.04560,0.02651,0.02655,0.01957
0.03244,0.02865,0.02246,0.02195,0.16912,0.02285,0.13195,0.01692,0.01723,0.02511,0.03079,0.01716,0.00928,0.00947,0.33644,0.01003,0.02907,0.03266,0.01864,0.01778
0.03286,0.07793,0.03404,0.02118,0.03784,0.03884,0.01851,0.01472,0.08676,0.04105,0.04117,0.05946,0.03589,0.00388,0.01870,0.02787,0.19646,0.01223,0.16378,0.03685
0.02367,0.01906,0.02362,0.02796,0.06455,0.03232,0.02751,0.01553,0.10005,0.06008,0.06130,0.01631,0.00802,0.01923,0.36218,0.01264,0.03564,0.01501,0.02284,0.05247
0.01356,0.01270,0.01931,0.01888,0.24216,0.02689,0.03853,0.06169,0.21317,0.01314,0.02029,0.01477,0.01642,0.02375,0.00475,0.02169,0.11088,0.00808,0.10694,0.01240
0.01981,0.02607,0.02455,0.14217,0.10910,0.03315,0.08959,0.07126,0.03693,0.04516,0.03670,0.02966,0.01753,0.02015,0.02695,0.02259,0.10435,0.02204,0.07489,0.04736
0.02611,0.06545,0.07562,0.04013,0.08866,0.03336,0.07660,0.02517,0.07444,0.07282,0.01697,0.07697,0.01080,0.07308,0.06919,0.01600,0.06492,0.04439,0.03059,0.01872
0.05873,0.08339,0.01554,0.00993,0.14185,0.03551,0.07390,0.01690,0.06194,0.01900,0.01526,0.02666,0.07893,0.00767,0.02215,0.05691,0.11816,0.04896,0.09226,0.01635
0.02503,0.02142,0.02284,0.01015,0.03952,0.02883,0.01375,0.01560,0.03178,0.01543,0.05832,0.03361,0.01069,0.06335,0.01257,0.00991,0.25789,0.02830,0.24345,0.05756
0.05421,0.13265,0.05454,0.03657,0.07044,0.02520,0.01902,0.06698,0.01811,0.07374,0.01955,0.05497,0.01862,0.07775,0.00800,0.02194,0.11603,0.01272,0.10660,0.01235
0.07470,0.08528,0.01972,0.02886,0.06798,0.01878,0.04173,0.01515,0.07100,0.05279,0.00752,0.01653,0.07525,0.03915,0.03160,0.05099,0.14943,0.00446,0.14078,0.00831
0.01688,0.02373,0.01675,0.02008,0.05336,0.01280,0.03435,0.02198,0.22589,0.22543,0.04772,0.01477,0.05936,0.02607,0.01663,0.07933,0.02481,0.02430,0.01685,0.03889
0.12139,0.04439,0.04357,0.02429,0.04078,0.10174,0.10392,0.05622,0.03490,0.02196,0.01854,0.10007,0.01380,0.02787,0.11000,0.01143,0.02957,0.06428,0.01942,0.01185
0.01087,0.04290,0.02831,0.02824,0.09910,0.04850,0.08050,0.02573,0.05934,0.02065,0.02572,0.02586,0.02577,0.28138,0.02811,0.02717,0.05065,0.02964,0.03664,0.02491
0.13427,0.01907,0.02553,0.05692,0.13970,0.12333,0.01279,0.01357,0.05110,0.01704,0.11159,0.01395,0.03097,0.00568,0.02491,0.03450,0.01948,0.03284,0.01470,0.11805
0.04020,0.03047,0.01676,0.02328,0.03848,0.02610,0.03725,0.03088,0.04779,0.01660,0.01055,0.02206,0.03938,0.01990,0.01219,0.05016,0.25616,0.01666,0.24574,0.01939
0.01101,0.01576,0.03106,0.02294,0.02323,0.02782,0.01550,0.08533,0.02479,0.05094,0.01986,0.03161,0.27368,0.00763,0.01341,0.26625,0.03045,0.01214,0.01951,0.01708
0.01319,0.25469,0.01596,0.01456,0.04254,0.02691,0.03742,0.01789,0.04389,0.01730,0.01037,0.04163,0.06278,0.01350,0.01293,0.04685,0.05174,0.23363,0.03238,0.00984
0.02764,0.02929,0.04200,0.00965,0.03536,0.06364,0.03854,0.02984,0.13858,0.05204,0.01581,0.04659,0.05245,0.02326,0.04386,0.04731,0.14045,0.02728,0.11667,0.01976
0.06123,0.06365,0.05397,0.03113,0.25766,0.03458,0.06849,0.03198,0.21796,0.02595,0.01915,0.01796,0.01117,0.01642,0.02154,0.01257,0.01327,0.01591,0.01031,0.01511
0.04840,0.03156,0.19320,0.11147,0.05455,0.05389,0.08141,0.04809,0.03757,0.05383,0.01469,0.03663,0.00990,0.03169,0.03711,0.01456,0.05627,0.05037,0.02510,0.00970
0.12604,0.01436,0.01296,0.01362,0.16478,0.02027,0.01772,0.00683,0.04736,0.00755,0.02303,0.03489,0.01095,0.02038,0.03398,0.00942,0.21493,0.00611,0.19870,0.01613
0.13296,0.03632,0.03935,0.10066,0.17513,0.02889,0.06165,0.04000,0.16108,0.04714,0.02294,0.02813,0.01017,0.00277,0.03249,0.01051,0.01960,0.02607,0.00982,0.01432
0.03891,0.04504,0.04110,0.01608,0.09177,0.04082,0.05869,0.03087,0.05169,0.03245,0.01756,0.04353,0.01359,0.07715,0.01727,0.01724,0.18604,0.01317,0.14703,0.02002
0.18974,0.01585,0.02144,0.15783,0.04399,0.01725,0.02827,0.01644,0.06899,0.02248,0.01330,0.02467,0.00900,0.00955,0.08409,0.01631,0.11793,0.01206,0.11426,0.01658
0.03706,0.05645,0.06220,0.02828,0.11452,0.03647,0.09142,0.05557,0.08040,0.04621,0.08512,0.08097,0.01326,0.01459,0.03268,0.01417,0.03661,0.02457,0.03024,0.05922
0.02180,0.08072,0.01461,0.01130,0.25376,0.20630,0.04076,0.03021,0.05876,0.07271,0.00872,0.00983,0.05578,0.01891,0.01894,0.04975,0.01291,0.01750,0.01044,0.00627
0.02452,0.03791,0.02849,0.02485,0.12462,0.02155,0.03035,0.03152,0.13388,0.01937,0.01989,0.04897,0.01453,0.02860,0.27346,0.01600,0.05831,0.01392,0.03562,0.01366
0.01985,0.03213,0.01380,0.01221,0.08990,0.02134,0.02661,0.00852,0.06971,0.01771,0.01905,0.01453,0.03860,0.02031,0.19829,0.04469,0.17757,0.01121,0.14845,0.01553
0.02546,0.03104,0.01744,0.02462,0.03498,0.05886,0.03262,0.12668,0.04176,0.13055,0.02352,0.05927,0.02903,0.08966,0.03454,0.02645,0.11020,0.01095,0.07541,0.01694
0.00875,0.01228,0.00650,0.00917,0.02377,0.01700,0.00948,0.00904,0.02069,0.00876,0.36246,0.01255,0.02353,0.01723,0.00587,0.03186,0.02259,0.01236,0.01797,0.36811
0.03107,0.11506,0.03521,0.02856,0.02656,0.01498,0.02287,0.03802,0.03327,0.01508,0.02770,0.02964,0.11766,0.01297,0.01809,0.09008,0.15511,0.01139,0.14605,0.03061
0.01720,0.15364,0.02776,0.01624,0.03035,0.02163,0.17055,0.01469,0.07537,0.05992,0.02181,0.01620,0.15804,0.00790,0.01323,0.13166,0.01946,0.01584,0.01127,0.01723
0.05440,0.03007,0.01924,0.01221,0.15374,0.09805,0.01961,0.02890,0.01931,0.02176,0.03392,0.11039,0.01254,0.00678,0.21320,0.01569,0.07964,0.01508,0.03210,0.02341
0.01746,0.01477,0.01291,0.00758,0.04635,0.02649,0.01882,0.01397,0.04506,0.01507,0.11596,0.01553,0.23839,0.00384,0.01377,0.23537,0.02251,0.00528,0.01337,0.11751
0.02383,0.04223,0.02565,0.02218,0.30701,0.04506,0.03498,0.02995,0.27284,0.02771,0.03390,0.01312,0.01077,0.01108,0.02226,0.00954,0.01657,0.01098,0.01353,0.02681
0.04487,0.04878,0.09037,0.03208,0.02803,0.03253,0.02732,0.03253,0.01940,0.04639,0.05184,0.01603,0.16875,0.01922,0.00864,0.17086,0.06366,0.01694,0.04008,0.04171
0.01401,0.06117,0.02483,0.02138,0.07072,0.05274,0.04287,0.02171,0.20238,0.19995,0.05675,0.02031,0.03065,0.01174,0.02257,0.02807,0.03776,0.00896,0.02724,0.04421
0.01035,0.00919,0.01380,0.01203,0.06348,0.00438,0.00928,0.07067,0.01692,0.00802,0.00881,0.00995,0.32584,0.01808,0.04800,0.33091,0.01392,0.01123,0.00899,0.00616
0.02390,0.02728,0.02706,0.03445,0.04145,0.02834,0.02023,0.01752,0.05024,0.01544,0.02734,0.02881,0.01188,0.01876,0.03053,0.00987,0.29690,0.01763,0.25259,0.01979
0.01611,0.06783,0.01530,0.02357,0.11207,0.05707,0.01524,0.04895,0.07672,0.02763,0.04556,0.09519,0.08779,0.00976,0.07441,0.09952,0.04147,0.02430,0.02948,0.03204
0.06220,0.04508,0.05237,0.06621,0.13840,0.06225,0.07498,0.07305,0.13256,0.04015,0.02416,0.03275,0.01563,0.02306,0.03828,0.01883,0.03011,0.03153,0.02111,0.01730
0.01402,0.02777,0.02241,0.01270,0.11570,0.06041,0.07230,0.18988,0.12278,0.05746,0.03569,0.03461,0.02193,0.01473,0.02817,0.01269,0.06016,0.02795,0.04072,0.02792
0.02285,0.03382,0.08343,0.02795,0.18548,0.03874,0.04175,0.02949,0.04718,0.03304,0.05573,0.03805,0.02026,0.04601,0.01790,0.02333,0.09088,0.03066,0.06505,0.06841
0.10244,0.01800,0.01847,0.05075,0.07895,0.02302,0.01820,0.03565,0.05274,0.03481,0.10416,0.03430,0.02163,0.00641,0.04959,0.03169,0.10231,0.03075,0.10695,0.07917
0.02235,0.04325,0.02708,0.01293,0.07039,0.02951,0.04470,0.02701,0.05051,0.02848,0.12945,0.03239,0.11707,0.01294,0.02664,0.11471,0.02500,0.03291,0.01945,0.13323
0.10478,0.03273,0.03882,0.02377,0.20758,0.03393,0.07400,0.02006,0.07199,0.02592,0.02428,0.01900,0.04128,0.12927,0.01216,0.04971,0.02947,0.01559,0.02443,0.02123
0.03238,0.03692,0.01686,0.01974,0.07941,0.02950,0.03786,0.03743,0.05521,0.02259,0.04078,0.02333,0.01120,0.18752,0.03528,0.00998,0.14506,0.01687,0.13607,0.02600
0.03893,0.01704,0.01514,0.02838,0.02108,0.03801,0.03179,0.01954,0.02714,0.01328,0.24117,0.03192,0.00799,0.01260,0.03518,0.02364,0.04684,0.01110,0.08979,0.24944
0.02361,0.02444,0.03025,0.01021,0.01725,0.01177,0.03817,0.02241,0.02976,0.01978,0.01775,0.03671,0.07093,0.02273,0.01605,0.07369,0.25673,0.01457,0.23274,0.03042
0.13292,0.02913,0.01881,0.04837,0.09165,0.01773,0.11850,0.02214,0.08269,0.06841,0.00686,0.02544,0.12448,0.01923,0.03492,0.12518,0.01123,0.00728,0.00606,0.00898
0.02148,0.05440,0.01453,0.01844,0.06778,0.02622,0.01630,0.03004,0.06272,0.06316,0.04085,0.07267,0.01183,0.00698,0.02909,0.01664,0.20500,0.01570,0.19797,0.02819
0.03886,0.01740,0.01463,0.01322,0.05046,0.03314,0.01235,0.00873,0.04640,0.01605,0.29567,0.00923,0.00773,0.02842,0.01954,0.00995,0.04910,0.00805,0.03790,0.28316
