0.03940,0.10380,0.02611,0.16776,0.02108,0.05772,0.16027,0.05354,0.05129,0.04766,0.03339,0.04477,0.02024,0.03476,0.03518,0.05155,0.00949,0.01810,0.00474,0.01916
0.04559,0.03029,0.05253,0.12728,0.01438,0.03068,0.09896,0.05830,0.03264,0.04623,0.06439,0.15052,0.01567,0.04573,0.07610,0.00560,0.04775,0.03937,0.00554,0.01246
0.03555,0.10895,0.11897,0.04320,0.02738,0.10550,0.14100,0.04863,0.03107,0.09286,0.03762,0.03039,0.04556,0.03278,0.01409,0.03984,0.00723,0.01876,0.00950,0.01111
0.03088,0.05303,0.05534,0.22997,0.12308,0.05893,0.11577,0.07130,0.04818,0.04886,0.03228,0.01749,0.02889,0.02769,0.01035,0.00173,0.03222,0.00346,0.00696,0.00361
0.09592,0.05772,0.14237,0.08112,0.01999,0.06604,0.10913,0.01525,0.07454,0.13555,0.03403,0.03433,0.02026,0.02070,0.01848,0.01564,0.00776,0.01428,0.00825,0.02864
0.04715,0.04448,0.09135,0.05395,0.09995,0.16634,0.06923,0.03550,0.06352,0.04709,0.10758,0.01420,0.03274,0.03499,0.01600,0.02158,0.02075,0.01665,0.00816,0.00880
0.03150,0.02623,0.20662,0.07606,0.04274,0.02892,0.05539,0.02538,0.22238,0.05456,0.02858,0.04671,0.02760,0.01490,0.01227,0.05527,0.01100,0.02134,0.00542,0.00713
0.05613,0.03230,0.17070,0.11423,0.02593,0.02107,0.12938,0.05047,0.07720,0.13896,0.02925,0.03075,0.03812,0.03395,0.00891,0.01069,0.01244,0.00784,0.00380,0.00787
0.11614,0.10397,0.08411,0.08301,0.07679,0.09240,0.07879,0.02518,0.08254,0.06143,0.03049,0.02204,0.06543,0.01832,0.01407,0.00460,0.00844,0.01825,0.00760,0.00639
0.04198,0.10687,0.21567,0.03900,0.03655,0.10632,0.03646,0.02500,0.04887,0.17180,0.03026,0.01694,0.03890,0.02952,0.02192,0.00501,0.00723,0.00466,0.00400,0.01304
0.15172,0.04765,0.08831,0.04506,0.07582,0.03794,0.08477,0.01011,0.11701,0.07781,0.05315,0.01989,0.05136,0.03202,0.02404,0.03231,0.01898,0.00978,0.00434,0.01792
0.02975,0.17941,0.04855,0.18009,0.02724,0.18591,0.17061,0.01357,0.01349,0.03916,0.03155,0.02974,0.01153,0.00687,0.00385,0.00615,0.00321,0.00837,0.00677,0.00418
0.06211,0.05654,0.06198,0.13437,0.01024,0.11920,0.15095,0.03056,0.03622,0.07804,0.07696,0.06545,0.00918,0.01887,0.03219,0.01858,0.01215,0.00424,0.00529,0.01688
0.04647,0.02557,0.05608,0.09759,0.02718,0.02070,0.09939,0.20731,0.02148,0.03780,0.03203,0.03640,0.01407,0.18250,0.01629,0.01016,0.00850,0.04474,0.00904,0.00670
0.09544,0.15379,0.01767,0.05538,0.02919,0.15036,0.03442,0.06505,0.08873,0.05883,0.02425,0.07169,0.01806,0.01874,0.04565,0.00857,0.00907,0.02779,0.00376,0.02354
0.01464,0.08020,0.01604,0.09318,0.19777,0.07427,0.11937,0.06675,0.04202,0.01224,0.02586,0.00676,0.16448,0.01471,0.01128,0.02665,0.00403,0.00899,0.00854,0.01221
0.01471,0.08554,0.26501,0.04290,0.03480,0.05096,0.06259,0.04969,0.03466,0.21731,0.01686,0.02486,0.01277,0.01727,0.01986,0.00470,0.01982,0.01540,0.00427,0.00600
0.03349,0.04405,0.03978,0.05816,0.04624,0.04800,0.05956,0.10450,0.03912,0.01517,0.02797,0.11552,0.03190,0.09527,0.12636,0.01660,0.02372,0.00472,0.04293,0.02693
0.11469,0.06383,0.10551,0.03384,0.03121,0.09568,0.09632,0.04513,0.17712,0.06596,0.05484,0.02597,0.00898,0.00973,0.02075,0.00798,0.01298,0.01438,0.00545,0.00966
0.01493,0.06243,0.04695,0.21147,0.03657,0.02625,0.15967,0.08543,0.20253,0.06693,0.02250,0.00977,0.01351,0.01061,0.00785,0.00461,0.00449,0.00186,0.00649,0.00515
0.07455,0.10703,0.04697,0.17473,0.06403,0.04912,0.14994,0.04563,0.03621,0.02656,0.02478,0.01443,0.03996,0.03596,0.01315,0.03399,0.02496,0.02589,0.00457,0.00752
0.03720,0.04067,0.14242,0.08148,0.08799,0.17471,0.04900,0.02143,0.03680,0.07344,0.11913,0.02045,0.02499,0.02117,0.01602,0.01807,0.01216,0.00389,0.01393,0.00506
0.03512,0.05864,0.16837,0.07411,0.04300,0.06006,0.08955,0.03103,0.07362,0.14530,0.02069,0.01429,0.03411,0.04511,0.04368,0.00992,0.01491,0.01127,0.00534,0.02187
0.02774,0.21887,0.05403,0.06816,0.07612,0.09201,0.01904,0.19190,0.02052,0.05628,0.05776,0.01333,0.01158,0.01781,0.00968,0.00911,0.01699,0.01410,0.01301,0.01194
0.04175,0.06003,0.24150,0.03360,0.02423,0.03406,0.03326,0.01994,0.02955,0.24640,0.01648,0.03657,0.03560,0.02230,0.01844,0.02977,0.01718,0.01829,0.02940,0.01164
0.03349,0.03541,0.04839,0.01639,0.28276,0.03199,0.04278,0.01527,0.03492,0.05151,0.01610,0.01505,0.28956,0.01866,0.00781,0.00873,0.00763,0.01822,0.00461,0.02073
0.02874,0.02909,0.03385,0.07267,0.02836,0.03714,0.06058,0.15794,0.06606,0.03022,0.03633,0.07254,0.01290,0.15810,0.03893,0.02744,0.02585,0.05583,0.01468,0.01275
0.04443,0.03472,0.05141,0.06343,0.08407,0.14183,0.05973,0.03091,0.03234,0.03754,0.11900,0.01812,0.08885,0.04664,0.02297,0.02724,0.01607,0.03703,0.00354,0.04013
0.10909,0.06575,0.10704,0.03000,0.08377,0.09219,0.10330,0.02637,0.10336,0.04507,0.06381,0.02250,0.06244,0.02658,0.01583,0.01587,0.00757,0.00766,0.00395,0.00786
0.05858,0.22486,0.06623,0.06833,0.01726,0.28458,0.02567,0.01432,0.02685,0.02027,0.03371,0.05659,0.01243,0.01523,0.01047,0.00905,0.03851,0.00454,0.00585,0.00666
0.01781,0.26763,0.02820,0.02542,0.04588,0.27681,0.03947,0.05288,0.02924,0.02182,0.01669,0.02174,0.03825,0.03228,0.01872,0.00811,0.02527,0.01704,0.00585,0.01088
0.09382,0.01958,0.04154,0.10562,0.04466,0.05458,0.11274,0.02438,0.05524,0.04325,0.19488,0.10247,0.03483,0.02777,0.01674,0.00374,0.00922,0.00654,0.00474,0.00366
0.04671,0.07956,0.02873,0.07354,0.02460,0.06449,0.06735,0.18949,0.02943,0.02421,0.02083,0.06227,0.01510,0.18282,0.01739,0.03325,0.00537,0.01195,0.00406,0.01885
0.01974,0.14793,0.03182,0.01844,0.07793,0.08462,0.14344,0.06678,0.16613,0.05640,0.01071,0.02610,0.04445,0.02928,0.01334,0.00951,0.01837,0.00799,0.00575,0.02131
0.03588,0.05315,0.02674,0.10208,0.03041,0.08456,0.07015,0.14022,0.02236,0.02465,0.08079,0.04517,0.02079,0.14222,0.02585,0.05810,0.01292,0.00962,0.00721,0.00713
0.09250,0.02806,0.09259,0.04657,0.07216,0.06191,0.09261,0.07710,0.11525,0.05182,0.03604,0.03481,0.03695,0.06358,0.00943,0.02175,0.02155,0.02289,0.01221,0.01022
0.08439,0.10113,0.16117,0.07356,0.01974,0.05612,0.14963,0.02940,0.11555,0.07702,0.01236,0.04658,0.01219,0.01636,0.01659,0.00347,0.00771,0.00894,0.00401,0.00405
0.06094,0.07774,0.05271,0.06371,0.03312,0.13476,0.06327,0.10502,0.04418,0.02351,0.10688,0.03289,0.02204,0.08887,0.01546,0.02163,0.01552,0.02329,0.00628,0.00820
0.02731,0.03020,0.04340,0.04764,0.04434,0.01824,0.07176,0.22745,0.06675,0.05814,0.01076,0.01180,0.02516,0.23381,0.02722,0.00795,0.01356,0.00986,0.01447,0.01019
0.01872,0.05851,0.03868,0.03207,0.03437,0.17554,0.15413,0.03461,0.06275,0.14170,0.03445,0.03113,0.06248,0.04811,0.02805,0.00570,0.00999,0.00920,0.00390,0.01590
0.02274,0.06324,0.05610,0.06529,0.04391,0.04035,0.08899,0.03996,0.06272,0.04875,0.02342,0.03439,0.02416,0.14112,0.09220,0.09153,0.02055,0.00773,0.01650,0.01636
0.05517,0.12518,0.02250,0.04992,0.06364,0.12634,0.02921,0.08574,0.09073,0.05690,0.04518,0.10487,0.06473,0.03158,0.01331,0.01125,0.00676,0.00299,0.00167,0.01232
0.02411,0.03736,0.03128,0.05529,0.17143,0.03860,0.10040,0.06224,0.09522,0.04539,0.06363,0.10368,0.01962,0.01882,0.04960,0.01144,0.01771,0.02539,0.00715,0.02163
0.06746,0.03757,0.09280,0.14604,0.08011,0.04987,0.16770,0.01746,0.05793,0.04598,0.01484,0.03433,0.07171,0.01496,0.01422,0.00471,0.03929,0.01890,0.00502,0.01910
0.02110,0.06048,0.08257,0.20815,0.02007,0.01777,0.19861,0.03065,0.03105,0.09783,0.01135,0.03968,0.07277,0.02649,0.02165,0.00375,0.01909,0.00678,0.00407,0.02607
0.03226,0.03956,0.01915,0.30712,0.02758,0.02722,0.31372,0.02007,0.04921,0.02577,0.01455,0.03672,0.01993,0.01033,0.01737,0.00624,0.01349,0.00744,0.00251,0.00976
0.02627,0.16382,0.03715,0.04836,0.16188,0.03571,0.18200,0.03121,0.01923,0.16135,0.01321,0.01799,0.01576,0.01776,0.03996,0.00652,0.01160,0.00474,0.00152,0.00396
0.06131,0.06733,0.07751,0.13589,0.06286,0.03920,0.11968,0.09634,0.08641,0.02685,0.02893,0.02772,0.04159,0.06487,0.01822,0.00989,0.01620,0.00862,0.00713,0.00344
0.05043,0.07238,0.14604,0.07451,0.02401,0.07941,0.07312,0.09903,0.06296,0.11748,0.01952,0.01422,0.04082,0.03497,0.01427,0.01301,0.01904,0.01315,0.00972,0.02191
0.06633,0.06663,0.06601,0.06335,0.03096,0.06081,0.04032,0.04108,0.04911,0.06786,0.14575,0.16571,0.02062,0.04647,0.01536,0.02673,0.01401,0.00576,0.00167,0.00546
0.07834,0.12840,0.16372,0.05287,0.05796,0.03017,0.04995,0.06782,0.03346,0.15745,0.03922,0.04379,0.01304,0.01542,0.02987,0.01510,0.00708,0.00579,0.00595,0.00460
0.03868,0.04392,0.06790,0.12999,0.08357,0.07442,0.14821,0.02939,0.05130,0.05039,0.07301,0.02131,0.04191,0.03618,0.01607,0.00813,0.04732,0.01735,0.01179,0.00916
0.06408,0.17422,0.08602,0.07794,0.01835,0.20801,0.08449,0.03177,0.03980,0.07427,0.02382,0.02749,0.01047,0.01526,0.01187,0.00873,0.00455,0.02590,0.00379,0.00918
0.05699,0.05036,0.06372,0.09740,0.01904,0.07973,0.12782,0.10575,0.06554,0.04414,0.06908,0.02900,0.01439,0.11100,0.01216,0.01535,0.01269,0.01235,0.00468,0.00882
0.03289,0.02725,0.06085,0.18549,0.11913,0.12012,0.06421,0.02389,0.02757,0.04178,0.11046,0.02949,0.01708,0.01837,0.02231,0.04586,0.03270,0.01004,0.00589,0.00462
0.06337,0.04512,0.07916,0.05996,0.03209,0.07612,0.07459,0.12508,0.05418,0.04678,0.08231,0.01591,0.02851,0.11909,0.01658,0.01132,0.02729,0.01221,0.00955,0.02078
0.02094,0.08189,0.03336,0.04194,0.01486,0.06941,0.03400,0.27410,0.01545,0.02969,0.02071,0.01494,0.00406,0.29963,0.00949,0.00590,0.01102,0.00580,0.00153,0.01129
0.10235,0.05216,0.08356,0.08239,0.04090,0.06420,0.04179,0.03595,0.09164,0.04626,0.16783,0.11464,0.00667,0.01129,0.01946,0.01461,0.01039,0.00593,0.00213,0.00585
0.11165,0.04442,0.18407,0.14122,0.02355,0.01873,0.09125,0.02236,0.17808,0.08956,0.01640,0.01621,0.00588,0.01425,0.02004,0.00477,0.00328,0.00408,0.00113,0.00910
0.06909,0.04767,0.06544,0.09378,0.02458,0.16653,0.10428,0.03371,0.05153,0.04467,0.18008,0.04848,0.01594,0.01885,0.00758,0.00849,0.00751,0.00559,0.00202,0.00417
0.02382,0.08344,0.04774,0.06575,0.04980,0.23934,0.02974,0.05528,0.11383,0.02453,0.03881,0.07191,0.02583,0.05187,0.02928,0.00393,0.01153,0.01347,0.00765,0.01247
0.03226,0.13069,0.02960,0.05661,0.19147,0.09803,0.07474,0.06233,0.14689,0.04284,0.01075,0.01441,0.03560,0.02756,0.00600,0.00592,0.00894,0.00920,0.01034,0.00582
0.11025,0.03898,0.08559,0.09177,0.05445,0.02638,0.06969,0.08299,0.05561,0.06691,0.05257,0.02874,0.02186,0.08968,0.03469,0.01192,0.02983,0.03272,0.00909,0.00628
0.07534,0.09614,0.05790,0.05398,0.03654,0.10218,0.04700,0.11047,0.02236,0.06797,0.11129,0.01423,0.05624,0.07527,0.03157,0.00507,0.00561,0.01261,0.00885,0.00938
0.12330,0.13936,0.04112,0.11278,0.10894,0.05649,0.03978,0.05147,0.03742,0.03253,0.02722,0.02169,0.01182,0.03815,0.10821,0.01289,0.00883,0.00782,0.00433,0.01585
0.03034,0.04576,0.03181,0.07412,0.05518,0.10638,0.21709,0.02550,0.06341,0.21008,0.01175,0.00892,0.01249,0.05145,0.01520,0.01399,0.00668,0.00696,0.00413,0.00875
0.05732,0.03805,0.26225,0.05617,0.01154,0.02767,0.02884,0.02636,0.24045,0.13291,0.02137,0.00746,0.02440,0.02387,0.01461,0.00541,0.00291,0.00609,0.00991,0.00242
0.03979,0.12043,0.06280,0.05967,0.02003,0.06879,0.06810,0.07495,0.05584,0.08131,0.01227,0.01764,0.01677,0.16577,0.05796,0.03766,0.02302,0.00717,0.00216,0.00787
0.00869,0.23610,0.03978,0.06868,0.02602,0.06477,0.22920,0.02928,0.01692,0.06593,0.03680,0.03588,0.03635,0.03145,0.03450,0.01243,0.01029,0.00559,0.00411,0.00724
0.02607,0.05694,0.04619,0.02430,0.03129,0.31395,0.05846,0.02887,0.01543,0.01851,0.27603,0.01520,0.01870,0.03177,0.00660,0.00501,0.00495,0.00670,0.00123,0.01379
0.04887,0.10241,0.10011,0.04763,0.01887,0.20660,0.06761,0.06932,0.03184,0.04833,0.11896,0.01326,0.01453,0.05420,0.00765,0.01983,0.01392,0.00331,0.00841,0.00432
0.05158,0.05992,0.06443,0.11442,0.06018,0.05862,0.09689,0.10404,0.03040,0.08211,0.02886,0.03789,0.02470,0.08680,0.01813,0.00997,0.02308,0.02228,0.00622,0.01948
0.04892,0.07913,0.03901,0.13603,0.01208,0.07831,0.13880,0.04592,0.05098,0.01615,0.08237,0.14676,0.02803,0.02249,0.02444,0.01254,0.00494,0.01047,0.01160,0.01105
0.05897,0.03663,0.07442,0.07470,0.03345,0.02301,0.22596,0.04319,0.24387,0.03749,0.03398,0.02221,0.01107,0.02184,0.00794,0.01373,0.01675,0.00817,0.00545,0.00717
0.03559,0.06675,0.05481,0.04657,0.02610,0.06548,0.16607,0.03488,0.17435,0.06433,0.01694,0.02259,0.01501,0.07954,0.05293,0.01290,0.01819,0.01203,0.01087,0.02407
0.06618,0.13938,0.08486,0.04224,0.01319,0.11918,0.04330,0.04766,0.02613,0.06679,0.03649,0.03724,0.01395,0.08625,0.10776,0.04187,0.01584,0.00458,0.00505,0.00207
0.07147,0.05964,0.07016,0.07342,0.01445,0.05155,0.20582,0.04877,0.02366,0.18155,0.01413,0.01474,0.06791,0.03563,0.00732,0.02062,0.00376,0.00630,0.01156,0.01755
0.15195,0.02393,0.09896,0.09680,0.04879,0.22118,0.04562,0.01107,0.01330,0.02552,0.02382,0.04820,0.00993,0.02257,0.07522,0.05478,0.00567,0.00550,0.00441,0.01277
0.01396,0.04119,0.06448,0.24022,0.04054,0.07435,0.11882,0.02123,0.13143,0.02004,0.03255,0.03227,0.04344,0.01495,0.00942,0.02507,0.05141,0.00391,0.01039,0.01033
0.08853,0.04551,0.12002,0.08500,0.04114,0.03605,0.09465,0.01921,0.04101,0.13654,0.03526,0.02874,0.03211,0.02820,0.05813,0.02171,0.02337,0.02093,0.01647,0.02743
0.07283,0.06539,0.06003,0.17124,0.04780,0.14614,0.04686,0.03030,0.12955,0.03399,0.03191,0.02290,0.03046,0.02601,0.01071,0.03244,0.01028,0.00869,0.00674,0.01575
0.21876,0.02360,0.03564,0.05128,0.08059,0.04870,0.03791,0.05135,0.15711,0.12830,0.01444,0.04490,0.02616,0.01138,0.00918,0.01139,0.01035,0.02445,0.00798,0.00653
0.01660,0.08973,0.06586,0.02832,0.04230,0.21105,0.12012,0.07807,0.05308,0.10681,0.01836,0.03101,0.02678,0.02590,0.03426,0.01420,0.01029,0.00858,0.00253,0.01616
0.04702,0.03262,0.16915,0.12906,0.01190,0.05848,0.20064,0.01905,0.09810,0.04935,0.02346,0.03614,0.01189,0.02585,0.01179,0.00842,0.02124,0.02145,0.00485,0.01954
0.04918,0.05681,0.02856,0.26687,0.21371,0.04255,0.01821,0.05427,0.02231,0.02414,0.02537,0.02913,0.01562,0.00843,0.01963,0.01478,0.07114,0.01071,0.01844,0.01013
0.07697,0.06281,0.03487,0.07575,0.03550,0.19738,0.12087,0.02285,0.06084,0.02232,0.15895,0.01248,0.02302,0.01765,0.01974,0.02060,0.00841,0.01043,0.00913,0.00945
0.07714,0.05353,0.09167,0.04755,0.02841,0.07287,0.04881,0.03238,0.07186,0.10188,0.04396,0.11192,0.02869,0.03104,0.04470,0.03838,0.01605,0.01172,0.02785,0.01958
0.02468,0.02119,0.10170,0.02080,0.02677,0.04635,0.22128,0.01688,0.24281,0.10324,0.01556,0.05321,0.00853,0.01129,0.02075,0.01826,0.00632,0.00252,0.01552,0.02233
0.04387,0.07208,0.05543,0.08944,0.02282,0.08105,0.11080,0.03480,0.09671,0.06310,0.02082,0.11035,0.01291,0.01320,0.10038,0.01160,0.00606,0.00780,0.01514,0.03166
0.06315,0.06195,0.24700,0.06270,0.01821,0.05858,0.11746,0.02453,0.07288,0.10565,0.03386,0.04027,0.01853,0.01260,0.02619,0.00778,0.00740,0.00784,0.00772,0.00570
0.05847,0.03861,0.07537,0.10282,0.06420,0.15261,0.05987,0.09063,0.02964,0.03143,0.13607,0.01936,0.01995,0.05829,0.01019,0.01098,0.01125,0.01302,0.01051,0.00673
0.03344,0.03602,0.05528,0.03522,0.05403,0.09144,0.19139,0.04021,0.19362,0.05637,0.05926,0.02154,0.02456,0.04167,0.01640,0.01316,0.00901,0.00784,0.00484,0.01472
0.06347,0.04413,0.03018,0.05889,0.07985,0.03088,0.04265,0.02674,0.01865,0.03296,0.25256,0.22634,0.00703,0.03885,0.00459,0.01429,0.01104,0.00946,0.00327,0.00417
0.06026,0.03874,0.15235,0.09377,0.02267,0.06180,0.06719,0.05385,0.06721,0.10999,0.06581,0.04976,0.02499,0.04066,0.02874,0.01772,0.00809,0.01587,0.01097,0.00957
0.05598,0.08436,0.09718,0.08732,0.05680,0.07096,0.05541,0.06850,0.05540,0.08959,0.03501,0.02780,0.03167,0.03652,0.02021,0.01793,0.03388,0.01577,0.03413,0.02557
0.04949,0.04127,0.17309,0.08321,0.03654,0.07632,0.08927,0.02875,0.04810,0.14783,0.06407,0.02876,0.02900,0.02639,0.01265,0.01332,0.01145,0.02744,0.00150,0.01153
0.05139,0.14522,0.09238,0.05602,0.02994,0.06674,0.07735,0.12272,0.03164,0.08534,0.07289,0.02286,0.01681,0.02546,0.06435,0.01263,0.00802,0.00646,0.00047,0.01132
0.13705,0.03828,0.08148,0.02957,0.02930,0.07667,0.02170,0.01808,0.03398,0.09020,0.12358,0.04355,0.02460,0.02208,0.10043,0.01398,0.02504,0.04185,0.02662,0.02195
0.14345,0.04184,0.13195,0.06982,0.06731,0.07876,0.06087,0.02264,0.13926,0.04868,0.05283,0.02520,0.00832,0.02176,0.01247,0.00973,0.01784,0.01975,0.00743,0.02008
0.09395,0.03578,0.06361,0.04782,0.11276,0.10764,0.10482,0.01071,0.14437,0.09201,0.02150,0.04263,0.04966,0.01316,0.01513,0.00790,0.02516,0.00489,0.00283,0.00366
0.04023,0.06849,0.12860,0.17544,0.02978,0.04333,0.18233,0.02468,0.03576,0.11607,0.01675,0.01749,0.02041,0.02728,0.01708,0.02103,0.01161,0.00351,0.00527,0.01485
0.04311,0.04414,0.04448,0.15198,0.04047,0.02903,0.16560,0.07052,0.03917,0.02365,0.02500,0.03568,0.10362,0.08209,0.02933,0.01489,0.01381,0.01170,0.00852,0.02322
0.02774,0.02527,0.13567,0.10063,0.03605,0.05652,0.07518,0.12219,0.14294,0.05646,0.02994,0.02998,0.02816,0.05463,0.01328,0.03098,0.01165,0.00779,0.00618,0.00874
0.03305,0.04657,0.10290,0.02731,0.04746,0.07755,0.05074,0.13114,0.04886,0.11393,0.04290,0.01700,0.03490,0.09597,0.01316,0.00843,0.02776,0.04685,0.00923,0.02429
0.09466,0.10849,0.02673,0.10232,0.05061,0.03415,0.14210,0.09817,0.11950,0.02657,0.03503,0.01509,0.04683,0.01286,0.01440,0.02180,0.01569,0.00801,0.01885,0.00815
0.05036,0.04127,0.05246,0.04406,0.09926,0.18521,0.08785,0.02160,0.05603,0.03133,0.15610,0.01428,0.07615,0.01611,0.02384,0.01379,0.00697,0.00342,0.00948,0.01042
0.03627,0.04729,0.14954,0.05662,0.04954,0.03288,0.07276,0.05456,0.06172,0.17226,0.02157,0.01445,0.05279,0.05904,0.02578,0.02046,0.01863,0.02550,0.01450,0.01385
0.05154,0.06402,0.04628,0.15036,0.04765,0.12825,0.13544,0.02106,0.04412,0.03620,0.09799,0.01888,0.02152,0.02595,0.03114,0.00523,0.01130,0.02308,0.02072,0.01927
0.02592,0.20249,0.02271,0.05275,0.05175,0.22496,0.05519,0.03012,0.04630,0.03270,0.03852,0.08616,0.02131,0.01896,0.03375,0.01459,0.01242,0.00610,0.01513,0.00815
0.03571,0.02425,0.04481,0.03479,0.11848,0.02451,0.15285,0.04690,0.17750,0.03199,0.01473,0.02059,0.09051,0.05705,0.01953,0.02247,0.03430,0.02382,0.01043,0.01480
0.06165,0.20645,0.03937,0.04092,0.06547,0.23889,0.06764,0.01756,0.05650,0.04331,0.04967,0.02131,0.00834,0.00824,0.01205,0.03137,0.00368,0.00872,0.00941,0.00943
0.03060,0.05909,0.09634,0.10364,0.04246,0.17358,0.12232,0.02694,0.03030,0.04733,0.12061,0.01302,0.03583,0.03991,0.00953,0.01335,0.01112,0.00587,0.00748,0.01067
0.03211,0.03521,0.02809,0.02925,0.15719,0.11950,0.14633,0.03627,0.15877,0.01665,0.01514,0.02588,0.09169,0.04595,0.01925,0.01189,0.00642,0.00617,0.01021,0.00802
0.12937,0.05541,0.05934,0.11071,0.12086,0.06207,0.01465,0.02096,0.08088,0.04701,0.10005,0.05837,0.01369,0.02161,0.03426,0.02468,0.01028,0.01653,0.01314,0.00614
0.03615,0.08690,0.04120,0.14681,0.03844,0.05213,0.12134,0.08883,0.04878,0.06041,0.03126,0.03270,0.02279,0.08142,0.02494,0.03293,0.01670,0.00886,0.00722,0.02018
0.02983,0.10491,0.03401,0.13552,0.05615,0.15800,0.14869,0.04317,0.03068,0.01768,0.05685,0.01306,0.02421,0.04679,0.01751,0.01761,0.03908,0.00887,0.00633,0.01103
0.02211,0.19474,0.02317,0.03269,0.11444,0.24846,0.03808,0.03442,0.07842,0.01907,0.04094,0.05638,0.01677,0.01436,0.02878,0.00960,0.00713,0.00765,0.00366,0.00913
0.04036,0.04084,0.22545,0.07700,0.02351,0.03629,0.10528,0.01946,0.05590,0.21210,0.02140,0.02184,0.02498,0.01983,0.01074,0.00902,0.02577,0.00581,0.00649,0.01792
0.03561,0.04995,0.08673,0.12081,0.02218,0.04380,0.11864,0.09201,0.04741,0.12637,0.03821,0.05399,0.01622,0.08542,0.01312,0.01809,0.00835,0.00514,0.00581,0.01214
0.04355,0.05239,0.19939,0.07485,0.03595,0.11636,0.04355,0.05026,0.19994,0.02559,0.02122,0.01179,0.01491,0.02591,0.01606,0.02884,0.01051,0.01394,0.00347,0.01152
0.06159,0.02868,0.07621,0.14063,0.04599,0.04054,0.14077,0.08763,0.03981,0.06124,0.01412,0.02925,0.04238,0.11075,0.01068,0.03090,0.00406,0.00732,0.00955,0.01790
0.02874,0.05785,0.12190,0.07235,0.02048,0.09852,0.09422,0.05606,0.04797,0.11281,0.06959,0.03276,0.01450,0.08101,0.04562,0.01238,0.01491,0.00913,0.00269,0.00650
0.02978,0.03856,0.05659,0.24059,0.05418,0.02821,0.27227,0.02074,0.05931,0.05244,0.01341,0.02168,0.03537,0.01977,0.00717,0.01106,0.01174,0.01432,0.00557,0.00724
0.02979,0.10284,0.14394,0.04845,0.05499,0.11504,0.06433,0.02503,0.10643,0.13649,0.03138,0.01498,0.02464,0.02017,0.01105,0.00922,0.00812,0.02577,0.01036,0.01699
0.03217,0.22347,0.04401,0.08260,0.02487,0.02948,0.10793,0.19309,0.05638,0.04327,0.01088,0.01249,0.06002,0.01423,0.01972,0.01800,0.00951,0.00317,0.00218,0.01254
0.02746,0.03480,0.09523,0.05079,0.05254,0.18978,0.07828,0.03705,0.08046,0.06534,0.15025,0.01427,0.02169,0.03504,0.02589,0.00935,0.00937,0.01070,0.00252,0.00920
0.03513,0.07548,0.02764,0.14680,0.02602,0.06189,0.11135,0.06566,0.03895,0.08078,0.04544,0.02841,0.04554,0.06407,0.03140,0.03137,0.00966,0.02412,0.01247,0.03782
0.08254,0.09207,0.14812,0.07684,0.02278,0.06677,0.07812,0.02802,0.03727,0.15000,0.06178,0.04002,0.00615,0.01381,0.01244,0.04101,0.01536,0.00881,0.00991,0.00817
0.04934,0.03078,0.21924,0.03081,0.02444,0.02538,0.03551,0.06349,0.03377,0.21153,0.01456,0.03860,0.00937,0.06755,0.05619,0.03407,0.01713,0.00981,0.00748,0.02093
0.03784,0.10004,0.06442,0.08916,0.02825,0.14740,0.08269,0.02978,0.05362,0.06056,0.02587,0.05669,0.06321,0.01429,0.07277,0.03039,0.00617,0.01887,0.00386,0.01411
0.05036,0.03237,0.10184,0.06849,0.03402,0.04251,0.07132,0.19659,0.03773,0.03978,0.02840,0.03293,0.02424,0.19655,0.01135,0.00450,0.01206,0.00882,0.00346,0.00271
0.03344,0.22864,0.09389,0.04579,0.06700,0.15740,0.06218,0.02383,0.04747,0.03663,0.02622,0.00872,0.04026,0.04147,0.02290,0.00481,0.02449,0.01500,0.00944,0.01042
0.03855,0.07359,0.06886,0.16325,0.06941,0.05747,0.08569,0.12902,0.03009,0.06823,0.02384,0.01782,0.01364,0.10481,0.01518,0.00403,0.01369,0.00853,0.00790,0.00639
0.02813,0.03003,0.07230,0.26967,0.04290,0.09334,0.28212,0.01761,0.02271,0.03204,0.04721,0.00350,0.00387,0.01838,0.00661,0.01058,0.00375,0.00727,0.00426,0.00374
0.03422,0.04244,0.07300,0.19864,0.06839,0.04667,0.19728,0.02379,0.07876,0.05806,0.01558,0.03283,0.03642,0.01211,0.02986,0.01908,0.01548,0.00871,0.00495,0.00374
0.05274,0.13946,0.04030,0.04847,0.10580,0.06375,0.16787,0.05072,0.02280,0.15392,0.01018,0.01007,0.02500,0.03300,0.01253,0.02086,0.00847,0.00933,0.01595,0.00877
0.11032,0.05448,0.06010,0.10387,0.05901,0.07833,0.08274,0.06452,0.04116,0.09996,0.05033,0.02715,0.01471,0.03195,0.04193,0.01132,0.02512,0.00903,0.01010,0.02387
0.03359,0.08413,0.03975,0.06671,0.03026,0.21324,0.07989,0.03460,0.02998,0.03795,0.16190,0.05163,0.03407,0.03173,0.01954,0.00780,0.01694,0.00670,0.00731,0.01228
0.04716,0.21448,0.07709,0.03205,0.02830,0.22351,0.06095,0.03484,0.01451,0.07932,0.06350,0.02315,0.01390,0.01568,0.00712,0.00937,0.01933,0.01673,0.00854,0.01048
0.04170,0.06498,0.13272,0.11689,0.04671,0.06340,0.12643,0.02469,0.09940,0.17018,0.02298,0.01738,0.01389,0.00928,0.00626,0.02093,0.00729,0.00838,0.00317,0.00333
0.10767,0.12915,0.10372,0.05148,0.02597,0.12977,0.09289,0.02843,0.02220,0.19612,0.01808,0.01225,0.01326,0.01399,0.01494,0.01961,0.00544,0.00435,0.00301,0.00768
0.24834,0.04958,0.04573,0.22408,0.03094,0.02239,0.04958,0.04938,0.09228,0.04211,0.02511,0.01354,0.02039,0.01580,0.02368,0.01209,0.00619,0.01158,0.00241,0.01480
0.07562,0.15519,0.07192,0.07926,0.05791,0.15179,0.08329,0.01435,0.05076,0.08618,0.05047,0.01719,0.01810,0.01203,0.01911,0.01245,0.00882,0.01712,0.00831,0.01013
0.08267,0.03158,0.03250,0.07190,0.02085,0.14715,0.04812,0.07855,0.01120,0.04294,0.19407,0.05034,0.01291,0.07483,0.03120,0.01988,0.01070,0.01200,0.01305,0.01356
0.04368,0.05431,0.04071,0.23616,0.02503,0.06656,0.24583,0.01116,0.05246,0.05682,0.04388,0.01494,0.04061,0.00863,0.00969,0.01303,0.01114,0.00787,0.00406,0.01343
0.07969,0.05853,0.11641,0.11731,0.03219,0.10967,0.11309,0.05212,0.03828,0.07740,0.05991,0.02345,0.01518,0.05280,0.01735,0.00749,0.01233,0.00639,0.00365,0.00676
0.02761,0.07041,0.03512,0.08151,0.18597,0.04005,0.10629,0.05960,0.01723,0.03480,0.01833,0.02438,0.16118,0.06352,0.02334,0.02043,0.00507,0.00841,0.00884,0.00791
0.04971,0.05083,0.11504,0.04591,0.02205,0.02384,0.04750,0.15956,0.01678,0.12568,0.03618,0.03258,0.01729,0.19299,0.01434,0.01660,0.01002,0.00261,0.00230,0.01821
0.03881,0.14064,0.15432,0.09606,0.05600,0.05950,0.09016,0.02518,0.04261,0.14516,0.01535,0.02756,0.02352,0.02652,0.01199,0.01063,0.01062,0.00562,0.01012,0.00964
0.01502,0.05845,0.03238,0.04954,0.03016,0.11363,0.06259,0.02934,0.03221,0.02414,0.00760,0.23849,0.01458,0.01848,0.22158,0.02436,0.00819,0.01119,0.00384,0.00425
0.04161,0.04822,0.07840,0.22398,0.02165,0.06040,0.23110,0.02864,0.03614,0.07573,0.03751,0.03308,0.00926,0.02667,0.00922,0.00816,0.01033,0.00703,0.00279,0.01010
0.03713,0.13117,0.10553,0.04404,0.07444,0.14048,0.03973,0.04989,0.03979,0.08700,0.07882,0.03736,0.02646,0.03358,0.00812,0.01633,0.00873,0.01783,0.00572,0.01782
0.03062,0.10226,0.14039,0.10213,0.02001,0.09530,0.10537,0.07406,0.03516,0.11216,0.08220,0.02197,0.01617,0.01397,0.01091,0.00479,0.01191,0.00660,0.00141,0.01262
0.04213,0.14843,0.02162,0.11879,0.03464,0.04321,0.15142,0.12876,0.02873,0.01916,0.03486,0.06467,0.02576,0.07017,0.02721,0.00723,0.00910,0.00868,0.00234,0.01310
0.03169,0.36061,0.04691,0.01629,0.01468,0.03431,0.03328,0.32846,0.01833,0.03538,0.01683,0.00819,0.00526,0.01362,0.01308,0.00576,0.00183,0.00677,0.00394,0.00478
0.05379,0.04516,0.05491,0.06777,0.09092,0.04379,0.08779,0.03625,0.07887,0.05225,0.03494,0.10390,0.00899,0.03656,0.08575,0.05487,0.01277,0.02890,0.00583,0.01600
0.05292,0.04771,0.22975,0.02976,0.02374,0.08617,0.04420,0.03075,0.08638,0.21198,0.06610,0.01389,0.01694,0.01409,0.01339,0.00620,0.00267,0.00584,0.01075,0.00678
0.01624,0.21949,0.04455,0.10294,0.01243,0.21901,0.09541,0.03776,0.01534,0.03002,0.03746,0.02767,0.01053,0.07788,0.01220,0.01084,0.02229,0.00130,0.00334,0.00330
0.01403,0.06576,0.03606,0.14225,0.03102,0.21717,0.15548,0.02539,0.02013,0.01785,0.15430,0.01520,0.01625,0.01968,0.01364,0.00637,0.01122,0.01874,0.00951,0.00996
0.07646,0.06991,0.17906,0.05433,0.04074,0.10793,0.07375,0.02200,0.02816,0.10662,0.11138,0.03357,0.01693,0.01572,0.02221,0.01713,0.00701,0.00752,0.00302,0.00654
0.05661,0.05102,0.05239,0.09757,0.03150,0.03814,0.09315,0.09313,0.09589,0.05817,0.02196,0.03705,0.01990,0.07503,0.03462,0.02366,0.02362,0.05647,0.00711,0.03301
0.05100,0.05150,0.06247,0.20192,0.04439,0.03761,0.17707,0.07828,0.02448,0.04597,0.01593,0.03078,0.02158,0.06567,0.01487,0.00883,0.02017,0.02347,0.00485,0.01918
0.02320,0.24503,0.05080,0.03625,0.01780,0.24572,0.05134,0.02156,0.03088,0.04614,0.04861,0.01831,0.00391,0.04642,0.03306,0.04277,0.01520,0.00586,0.00524,0.01192
0.07073,0.06767,0.16629,0.05266,0.03368,0.03001,0.06521,0.07786,0.03094,0.12758,0.03192,0.04250,0.02408,0.05877,0.01446,0.01595,0.05168,0.02445,0.00381,0.00975
0.03944,0.05907,0.13425,0.11150,0.06468,0.02837,0.10579,0.03485,0.07213,0.07765,0.02154,0.10983,0.02233,0.02824,0.02132,0.01608,0.00883,0.01949,0.01027,0.01434
0.03225,0.06328,0.04261,0.03402,0.10905,0.21721,0.04585,0.00670,0.03653,0.03288,0.16418,0.03232,0.08492,0.02343,0.02111,0.01328,0.01336,0.00806,0.00599,0.01296
0.02616,0.05635,0.02735,0.14573,0.03395,0.04335,0.13515,0.17434,0.03366,0.02673,0.01969,0.01587,0.01179,0.15741,0.01700,0.01228,0.02901,0.01779,0.00809,0.00833
0.03529,0.21997,0.02749,0.08622,0.05431,0.19518,0.05232,0.03793,0.03984,0.04309,0.02709,0.02390,0.01353,0.04593,0.03046,0.03401,0.01408,0.00639,0.00388,0.00909
0.03768,0.15827,0.02651,0.09379,0.08092,0.21659,0.04474,0.03216,0.01573,0.03096,0.09419,0.02872,0.00897,0.01596,0.01460,0.03787,0.01859,0.01993,0.01348,0.01033
0.04280,0.04248,0.11461,0.09242,0.03130,0.14255,0.08381,0.06301,0.13193,0.06447,0.01720,0.02482,0.02489,0.01761,0.01492,0.01401,0.03161,0.02154,0.00393,0.02010
0.04294,0.08258,0.12736,0.04549,0.10899,0.10944,0.02240,0.07958,0.03611,0.12136,0.04102,0.02619,0.05389,0.05643,0.01038,0.00312,0.00856,0.00796,0.00453,0.01167
0.06343,0.03680,0.10054,0.13704,0.02387,0.03207,0.12028,0.10008,0.06242,0.07220,0.02836,0.04055,0.02104,0.10127,0.00925,0.00942,0.00956,0.01799,0.00437,0.00944
0.00823,0.04824,0.35801,0.22617,0.01250,0.03491,0.03059,0.02738,0.05784,0.03894,0.01499,0.03847,0.01689,0.01121,0.00698,0.01201,0.03843,0.00789,0.00328,0.00702
0.10246,0.18382,0.06222,0.04894,0.06295,0.24550,0.06079,0.05148,0.03228,0.03570,0.03208,0.00998,0.01734,0.01154,0.00681,0.00942,0.01005,0.00826,0.00394,0.00446
0.04402,0.04510,0.21445,0.03794,0.02792,0.10667,0.03773,0.03938,0.04168,0.13455,0.07582,0.02449,0.02724,0.02253,0.07100,0.00376,0.01812,0.01997,0.00343,0.00420
0.03942,0.05872,0.12427,0.03772,0.03392,0.12869,0.13731,0.02303,0.11695,0.07777,0.08451,0.00724,0.04728,0.01656,0.00916,0.01224,0.01468,0.00574,0.00667,0.01813
0.05519,0.02901,0.08758,0.02988,0.22700,0.04527,0.05906,0.01791,0.07214,0.12639,0.00932,0.00900,0.19057,0.00819,0.00750,0.00730,0.00345,0.00413,0.00607,0.00505
0.05441,0.14882,0.06082,0.04272,0.06289,0.11689,0.13806,0.05209,0.02374,0.15040,0.03443,0.00966,0.01237,0.03263,0.00938,0.00490,0.00784,0.01558,0.00562,0.01673
0.01007,0.11289,0.01986,0.17354,0.10325,0.11019,0.10854,0.05683,0.02253,0.02936,0.03849,0.03792,0.01928,0.03532,0.02142,0.03598,0.01198,0.01306,0.01723,0.02223
0.09277,0.01497,0.05640,0.07568,0.04399,0.08820,0.04963,0.09870,0.07914,0.03379,0.03134,0.01856,0.06104,0.08270,0.01510,0.01531,0.09069,0.02538,0.01204,0.01455
0.01738,0.09037,0.05294,0.03667,0.16449,0.10667,0.04285,0.04672,0.03643,0.04702,0.05042,0.05127,0.11714,0.04311,0.01967,0.03143,0.02250,0.01438,0.00387,0.00467
0.01915,0.04919,0.17883,0.02918,0.03462,0.05225,0.10507,0.02075,0.12829,0.19585,0.03054,0.02305,0.02518,0.01846,0.01512,0.00494,0.02453,0.00585,0.00228,0.03687
0.09865,0.07483,0.05537,0.04278,0.02021,0.06080,0.10746,0.05996,0.13471,0.07759,0.03874,0.06737,0.02783,0.02013,0.03639,0.02014,0.01702,0.01524,0.00361,0.02118
0.08092,0.13879,0.04353,0.10323,0.11684,0.12738,0.05493,0.02248,0.04999,0.03594,0.03137,0.05742,0.00849,0.02788,0.06019,0.00694,0.01449,0.00694,0.00445,0.00780
0.03347,0.04450,0.08933,0.06718,0.03820,0.07009,0.06587,0.07334,0.04559,0.08856,0.11336,0.10865,0.02822,0.03549,0.00889,0.02097,0.00994,0.02086,0.01819,0.01930
0.01441,0.02767,0.02653,0.05035,0.01577,0.04294,0.28388,0.04241,0.03424,0.26530,0.04328,0.02065,0.01667,0.04294,0.01898,0.01196,0.01266,0.01778,0.00225,0.00931
0.03643,0.07446,0.09378,0.14657,0.03446,0.13665,0.07677,0.02643,0.07254,0.03560,0.03357,0.04983,0.02603,0.04464,0.03506,0.04462,0.01111,0.00741,0.00790,0.00612
0.07439,0.07759,0.03206,0.05558,0.04843,0.07900,0.08519,0.02651,0.03097,0.07019,0.18354,0.16887,0.01534,0.01677,0.00678,0.00609,0.01025,0.00408,0.00137,0.00702
0.09315,0.03213,0.23646,0.05677,0.03861,0.02227,0.03863,0.03095,0.10609,0.18981,0.01790,0.02398,0.01863,0.01604,0.02295,0.00781,0.03286,0.00292,0.00751,0.00454
0.05837,0.06288,0.04678,0.09188,0.06117,0.06860,0.08116,0.15888,0.02389,0.01520,0.01451,0.01629,0.05115,0.17355,0.02775,0.02066,0.00532,0.00933,0.00174,0.01089
0.02223,0.04058,0.02478,0.22450,0.03812,0.03261,0.25374,0.05029,0.08947,0.04693,0.03695,0.02357,0.01873,0.03217,0.01303,0.02528,0.00959,0.00980,0.00392,0.00370
0.07537,0.05320,0.04697,0.16321,0.04512,0.04028,0.18687,0.03733,0.08177,0.05805,0.04644,0.04509,0.01014,0.02911,0.02841,0.00726,0.01987,0.01223,0.00514,0.00817
0.03922,0.07465,0.05503,0.13342,0.09847,0.07133,0.14830,0.03924,0.06764,0.04173,0.03193,0.02250,0.05869,0.03879,0.01032,0.00770,0.00625,0.02784,0.01458,0.01238
0.07075,0.05220,0.05269,0.08304,0.02669,0.03096,0.20952,0.02577,0.06286,0.22382,0.01681,0.02932,0.00873,0.02238,0.04930,0.01410,0.00588,0.00361,0.00556,0.00602
0.01179,0.01692,0.03029,0.02312,0.02637,0.01597,0.32864,0.02159,0.01943,0.33046,0.02096,0.02185,0.01657,0.02396,0.02434,0.00951,0.03160,0.01446,0.00439,0.00777
0.02756,0.12087,0.02963,0.19216,0.04449,0.13612,0.18994,0.03814,0.04342,0.02647,0.03141,0.02309,0.01157,0.02365,0.01807,0.00780,0.00853,0.01013,0.00511,0.01182
0.04614,0.19877,0.03516,0.02798,0.04109,0.02020,0.25432,0.03660,0.03172,0.13667,0.01846,0.01797,0.02095,0.04319,0.01185,0.01718,0.01652,0.00704,0.00435,0.01384
0.05339,0.17592,0.06932,0.04240,0.03485,0.21945,0.02384,0.04377,0.07324,0.03945,0.00743,0.00948,0.01359,0.02888,0.07968,0.01665,0.02321,0.00724,0.01018,0.02804
0.04315,0.16477,0.03654,0.06308,0.04616,0.17361,0.02687,0.07451,0.04316,0.04888,0.04969,0.07253,0.01847,0.04607,0.01861,0.04267,0.01222,0.01046,0.00287,0.00567
0.04181,0.07467,0.02752,0.03199,0.03926,0.06073,0.03078,0.27214,0.04508,0.04740,0.01015,0.01279,0.01473,0.25976,0.00768,0.00730,0.01028,0.00129,0.00264,0.00202
0.13771,0.04837,0.10800,0.04161,0.01970,0.04660,0.04577,0.01923,0.04647,0.05018,0.18617,0.16936,0.01220,0.00672,0.01772,0.00867,0.00543,0.02023,0.00432,0.00551
0.04176,0.08364,0.04769,0.05435,0.04244,0.08984,0.09959,0.08321,0.04869,0.08735,0.05267,0.05643,0.04682,0.03207,0.02992,0.02489,0.01263,0.04128,0.00986,0.01485
0.03028,0.04366,0.19800,0.09512,0.06589,0.02174,0.09446,0.01551,0.03901,0.18972,0.02313,0.02997,0.05727,0.02824,0.02752,0.01037,0.00991,0.00703,0.00380,0.00938
0.03982,0.15498,0.04451,0.05477,0.09329,0.01298,0.06918,0.15148,0.03117,0.03599,0.03073,0.02465,0.13022,0.01551,0.02318,0.01769,0.02269,0.02827,0.00306,0.01582
0.02890,0.02327,0.03875,0.05901,0.01454,0.02149,0.25172,0.02309,0.02956,0.24953,0.07703,0.04494,0.01702,0.01471,0.01875,0.02037,0.01858,0.03531,0.00457,0.00888
0.03157,0.03599,0.03523,0.06781,0.03067,0.06870,0.14044,0.14309,0.10346,0.03326,0.07118,0.02381,0.01633,0.14231,0.01595,0.00516,0.01040,0.00867,0.00710,0.00886
0.01130,0.18219,0.05900,0.04663,0.01974,0.07715,0.12711,0.02517,0.02962,0.05704,0.03782,0.04906,0.02690,0.12856,0.05155,0.01473,0.02318,0.00689,0.00665,0.01971
0.09321,0.04435,0.15436,0.06882,0.03136,0.03280,0.13099,0.04561,0.12774,0.06955,0.02697,0.03561,0.02268,0.00873,0.00669,0.04545,0.01962,0.01479,0.01216,0.00852
0.04346,0.10549,0.08205,0.07306,0.04668,0.06551,0.02939,0.04672,0.02324,0.15153,0.01114,0.09617,0.01479,0.03667,0.04559,0.07536,0.03505,0.00358,0.00713,0.00739
0.02361,0.10378,0.05323,0.04956,0.04842,0.25399,0.06147,0.05634,0.10736,0.06211,0.03200,0.02527,0.01773,0.03943,0.01438,0.01663,0.01020,0.00896,0.00863,0.00690
0.02387,0.03815,0.13068,0.13380,0.01630,0.15981,0.14415,0.01253,0.04659,0.06417,0.11469,0.03992,0.01341,0.01304,0.01741,0.01032,0.00522,0.00638,0.00275,0.00682
0.01933,0.07740,0.06652,0.07935,0.05040,0.19840,0.06359,0.02609,0.13973,0.03707,0.02236,0.02687,0.05934,0.02798,0.04463,0.02331,0.00385,0.01504,0.00613,0.01262
0.08214,0.04209,0.11728,0.03918,0.08286,0.07969,0.05388,0.01317,0.05263,0.16242,0.07293,0.01776,0.04096,0.01855,0.04495,0.01352,0.01606,0.02100,0.00636,0.02258
0.02938,0.05958,0.12305,0.13455,0.02303,0.05958,0.17562,0.04984,0.06490,0.07620,0.01889,0.03789,0.01637,0.05005,0.02208,0.00844,0.03144,0.00480,0.00230,0.01201
0.01690,0.12871,0.04625,0.14127,0.03724,0.05546,0.16260,0.05463,0.09247,0.04137,0.03949,0.02915,0.02363,0.03170,0.02411,0.02916,0.01070,0.00656,0.02016,0.00847
0.04237,0.04231,0.10339,0.17418,0.07841,0.06204,0.13704,0.03019,0.02238,0.06754,0.03263,0.05919,0.01245,0.01237,0.07859,0.01436,0.01241,0.00653,0.00470,0.00694
0.07719,0.07375,0.08660,0.04479,0.02006,0.14769,0.05507,0.04005,0.02258,0.07256,0.15422,0.07140,0.00928,0.01934,0.03272,0.03306,0.01080,0.01299,0.00320,0.01264
0.03236,0.05471,0.09466,0.10940,0.06260,0.05586,0.15410,0.01763,0.17002,0.07358,0.02888,0.02950,0.02745,0.01355,0.01433,0.02407,0.01118,0.00697,0.00777,0.01137
0.04213,0.05445,0.06152,0.04540,0.03208,0.22566,0.03778,0.02683,0.03957,0.06882,0.17361,0.05976,0.03384,0.01490,0.02586,0.01908,0.01205,0.00862,0.00427,0.01377
0.10635,0.04427,0.08207,0.14895,0.03452,0.05096,0.18712,0.02302,0.12997,0.04902,0.02719,0.01500,0.01314,0.02293,0.01660,0.00751,0.00925,0.01521,0.00832,0.00860
0.05412,0.06422,0.13532,0.04416,0.03235,0.04497,0.15210,0.03223,0.12366,0.19105,0.02392,0.01211,0.01061,0.01955,0.01351,0.01365,0.00974,0.00850,0.00745,0.00678
0.01770,0.04102,0.32101,0.01716,0.01219,0.02777,0.02069,0.00753,0.04095,0.36653,0.01420,0.05780,0.00611,0.00946,0.01444,0.01091,0.00439,0.00347,0.00241,0.00424
0.01932,0.20159,0.02119,0.11195,0.02783,0.05379,0.16586,0.17561,0.09080,0.01236,0.03015,0.01184,0.01173,0.02240,0.00827,0.00900,0.00484,0.00254,0.00365,0.01529
0.04843,0.09418,0.15943,0.17118,0.03638,0.05037,0.11116,0.03972,0.05870,0.06481,0.04419,0.03425,0.01252,0.01165,0.01233,0.00962,0.02413,0.00407,0.00453,0.00837
0.04449,0.06364,0.04845,0.15880,0.03818,0.13370,0.16995,0.03824,0.04005,0.02402,0.10022,0.03766,0.02396,0.03210,0.00823,0.01032,0.01105,0.00681,0.00464,0.00548
0.06400,0.04477,0.04956,0.03430,0.01647,0.25839,0.05315,0.04359,0.04712,0.04875,0.21470,0.01936,0.01233,0.03978,0.01487,0.01177,0.00615,0.00537,0.00567,0.00989
0.03530,0.15809,0.04414,0.08644,0.02059,0.07122,0.11476,0.07644,0.05963,0.03703,0.02151,0.03913,0.01158,0.04275,0.02932,0.06473,0.04752,0.01869,0.01139,0.00974
0.11489,0.02927,0.03377,0.15047,0.05430,0.05739,0.08318,0.08725,0.03552,0.06113,0.05955,0.06357,0.00990,0.02965,0.03761,0.02243,0.02636,0.02387,0.00465,0.01523
0.03183,0.05537,0.03410,0.21273,0.02045,0.06379,0.21214,0.01739,0.06777,0.03499,0.03753,0.04276,0.02743,0.01187,0.01663,0.02990,0.01835,0.03402,0.01043,0.02052
0.12050,0.03277,0.03531,0.15505,0.02018,0.03522,0.15957,0.06572,0.03252,0.14439,0.07067,0.02368,0.01761,0.01479,0.02661,0.02485,0.00617,0.00521,0.00299,0.00621
0.04991,0.02370,0.05418,0.30519,0.02677,0.01675,0.30848,0.04427,0.03949,0.01573,0.00903,0.00965,0.02645,0.02463,0.00545,0.00291,0.00687,0.01848,0.00347,0.00858
0.02544,0.03556,0.09936,0.05451,0.04892,0.09973,0.05086,0.07306,0.05651,0.11131,0.09078,0.05515,0.01606,0.09127,0.02211,0.01669,0.00797,0.02194,0.01783,0.00495
0.06036,0.21830,0.06052,0.03919,0.02885,0.14292,0.03322,0.16395,0.01834,0.02900,0.03096,0.02097,0.01237,0.06143,0.00918,0.03824,0.00640,0.01425,0.00213,0.00939
0.06134,0.02018,0.05492,0.06516,0.15216,0.07408,0.05684,0.09745,0.08087,0.08367,0.02118,0.01766,0.05957,0.02206,0.01733,0.01705,0.02109,0.02474,0.02579,0.02687
0.02935,0.12511,0.29929,0.06229,0.02115,0.11993,0.07149,0.02756,0.02972,0.09726,0.01955,0.01561,0.00747,0.01554,0.01113,0.01024,0.00480,0.01700,0.00954,0.00597
0.04876,0.05608,0.02620,0.11296,0.01911,0.04104,0.12579,0.10142,0.02114,0.04064,0.10631,0.06254,0.02350,0.14671,0.02121,0.01946,0.00780,0.00705,0.00397,0.00830
0.06962,0.03466,0.07220,0.12556,0.03031,0.02367,0.18447,0.02637,0.06219,0.16843,0.02115,0.01210,0.01336,0.02463,0.05948,0.00785,0.01689,0.01357,0.01216,0.02135
0.06390,0.13565,0.09707,0.03742,0.05379,0.11033,0.02651,0.08689,0.01900,0.07431,0.07048,0.02581,0.01416,0.03239,0.07755,0.03019,0.01382,0.01323,0.00494,0.01256
0.02610,0.04087,0.08793,0.13143,0.01990,0.11516,0.15695,0.03610,0.05651,0.09692,0.07274,0.00915,0.03232,0.02575,0.02032,0.01878,0.01771,0.01041,0.01735,0.00758
0.02493,0.27558,0.02934,0.02336,0.02785,0.04089,0.03573,0.27038,0.04445,0.01959,0.04007,0.04932,0.01117,0.05199,0.01180,0.01489,0.01076,0.00916,0.00203,0.00673
0.01421,0.10731,0.01298,0.04755,0.06575,0.12922,0.02055,0.16066,0.00970,0.02764,0.04749,0.08108,0.03007,0.16113,0.02616,0.01873,0.01237,0.00722,0.00567,0.01452
0.03428,0.05697,0.17994,0.06862,0.02340,0.09809,0.04628,0.05900,0.04330,0.13623,0.06029,0.03079,0.01968,0.04005,0.03773,0.01454,0.01878,0.01291,0.00807,0.01106
0.06917,0.08824,0.07349,0.15244,0.06128,0.04525,0.14667,0.02818,0.05965,0.07206,0.04202,0.02746,0.01263,0.02397,0.01710,0.04057,0.01360,0.00909,0.00569,0.01143
0.02931,0.11080,0.01843,0.02742,0.01863,0.26664,0.03862,0.09336,0.02929,0.02399,0.22392,0.02063,0.01839,0.03243,0.00776,0.01590,0.00798,0.00843,0.00380,0.00430
0.12465,0.04296,0.04419,0.16806,0.01661,0.03708,0.18109,0.02674,0.03171,0.16466,0.02303,0.02290,0.01907,0.01119,0.01489,0.01774,0.00494,0.01284,0.01866,0.01700
0.03664,0.06046,0.02446,0.06518,0.05467,0.07620,0.14551,0.10885,0.10944,0.02797,0.02718,0.01653,0.07649,0.10412,0.01574,0.01106,0.00867,0.00801,0.00978,0.01304
0.03332,0.11187,0.05880,0.13727,0.02552,0.05624,0.15197,0.06594,0.05796,0.03728,0.03650,0.05056,0.01251,0.02554,0.00813,0.06096,0.03746,0.01196,0.01058,0.00962
0.02244,0.14756,0.02363,0.03855,0.09871,0.13361,0.04434,0.07001,0.02671,0.05348,0.03171,0.03550,0.09286,0.08323,0.03784,0.02546,0.01181,0.00719,0.00642,0.00895
0.03918,0.04911,0.07094,0.09426,0.06444,0.02817,0.11436,0.10436,0.02155,0.06614,0.07358,0.03773,0.02574,0.09762,0.01946,0.02392,0.02370,0.00990,0.00659,0.02926
0.05367,0.07760,0.10691,0.11309,0.05873,0.07446,0.09163,0.02456,0.12895,0.05404,0.03297,0.05270,0.00938,0.03565,0.02587,0.01796,0.01122,0.00794,0.00667,0.01599
