0.02303,0.39529,0.05176,0.08599,0.00909,0.12634,0.07556,0.04643,0.00059,0.00005,0.10341,0.08245
0.06912,0.25261,0.07948,0.04471,0.00017,0.23916,0.05213,0.07682,0.11932,0.00003,0.05927,0.00718
0.04855,0.22064,0.08128,0.02508,0.00027,0.00253,0.14018,0.12532,0.08419,0.00072,0.19699,0.07426
0.03267,0.13979,0.30253,0.02668,0.00000,0.02488,0.09344,0.00974,0.00000,0.00000,0.34567,0.02461
0.30213,0.15866,0.06216,0.08233,0.00003,0.00379,0.10609,0.05327,0.02754,0.00039,0.09134,0.11227
0.00187,0.30490,0.12192,0.00215,0.00000,0.02329,0.41129,0.08752,0.00070,0.00001,0.03790,0.00843
0.03534,0.38776,0.00721,0.00137,0.00001,0.05452,0.17493,0.01402,0.10236,0.04564,0.09279,0.08404
0.16690,0.29299,0.02753,0.08851,0.00000,0.05387,0.09648,0.02521,0.00371,0.00001,0.18169,0.06310
0.00994,0.32969,0.08545,0.11585,0.01898,0.06733,0.15122,0.02661,0.03202,0.00000,0.13059,0.03232
0.05832,0.21954,0.15458,0.04320,0.00000,0.00013,0.10134,0.02572,0.00507,0.01094,0.11840,0.26275
0.07965,0.24953,0.06004,0.07460,0.01192,0.04527,0.01052,0.28154,0.08734,0.00000,0.04779,0.05182
0.00265,0.48110,0.06926,0.05855,0.00050,0.09197,0.03785,0.11373,0.00703,0.00001,0.13488,0.00249
0.12391,0.39761,0.15818,0.00737,0.00049,0.01484,0.01934,0.11267,0.05165,0.00000,0.03252,0.08142
0.23277,0.19755,0.14234,0.03097,0.00055,0.01941,0.16498,0.12467,0.00012,0.00000,0.06223,0.02443
0.00648,0.21782,0.10373,0.09630,0.00000,0.02609,0.20322,0.04791,0.00410,0.00000,0.22371,0.07063
0.04440,0.44568,0.02539,0.05337,0.00000,0.00450,0.16228,0.00915,0.12785,0.00015,0.06046,0.06677
0.05895,0.17168,0.02032,0.10520,0.00070,0.04781,0.18997,0.22289,0.01175,0.00039,0.05722,0.11312
0.08211,0.28734,0.06660,0.04307,0.00000,0.00463,0.08084,0.03103,0.00206,0.00004,0.38295,0.01934
0.03893,0.32602,0.05143,0.24844,0.00156,0.02337,0.12967,0.08254,0.00574,0.00001,0.08916,0.00312
0.06995,0.16388,0.15505,0.07923,0.00000,0.05984,0.15697,0.03433,0.03695,0.00358,0.06028,0.17993
0.03445,0.40048,0.00902,0.02464,0.03435,0.10651,0.24098,0.02675,0.00211,0.00000,0.09920,0.02150
0.08919,0.07464,0.09342,0.12546,0.00000,0.02600,0.17827,0.04283,0.00273,0.00000,0.27832,0.08916
0.05784,0.37699,0.07639,0.01478,0.00000,0.01193,0.23515,0.17250,0.00046,0.00010,0.03674,0.01712
0.00096,0.34611,0.02766,0.19312,0.00005,0.01145,0.09132,0.04389,0.00007,0.00000,0.22450,0.06088
0.12943,0.14256,0.12587,0.10791,0.00000,0.04526,0.05613,0.05830,0.00001,0.00000,0.30873,0.02579
0.05499,0.30842,0.09116,0.08408,0.00004,0.02827,0.07483,0.00216,0.00152,0.03052,0.30977,0.01424
0.01159,0.24767,0.02400,0.11707,0.00016,0.00557,0.23220,0.13480,0.01301,0.00000,0.16260,0.05132
0.01162,0.48885,0.01565,0.02459,0.00558,0.03964,0.21646,0.05509,0.00556,0.00000,0.07098,0.06596
0.08373,0.08367,0.02316,0.02364,0.00421,0.10646,0.08664,0.27768,0.00047,0.00073,0.26622,0.04339
0.24291,0.20011,0.01154,0.06505,0.00711,0.02560,0.20647,0.03302,0.00001,0.00000,0.17955,0.02864
0.17323,0.31060,0.19102,0.04870,0.00085,0.01541,0.11767,0.01348,0.00054,0.00000,0.09468,0.03382
0.01849,0.44626,0.09724,0.11244,0.00008,0.00707,0.13916,0.01721,0.00188,0.07717,0.04870,0.03430
0.11770,0.47009,0.00211,0.10795,0.00000,0.02072,0.13596,0.01618,0.02619,0.00000,0.01151,0.09159
0.02129,0.18661,0.07938,0.01995,0.00009,0.13403,0.13525,0.01705,0.01875,0.00000,0.23052,0.15709
0.01855,0.13327,0.17391,0.01151,0.00001,0.03839,0.35560,0.01455,0.05030,0.01423,0.09888,0.09080
0.00011,0.22329,0.04623,0.04300,0.06003,0.00114,0.06333,0.00347,0.03150,0.00001,0.45290,0.07499
0.01157,0.21126,0.14997,0.26315,0.00000,0.04390,0.11807,0.07890,0.04276,0.00107,0.06096,0.01840
0.00780,0.23447,0.08930,0.26875,0.01385,0.10336,0.06086,0.07098,0.00249,0.00000,0.13222,0.01592
0.03473,0.20666,0.02316,0.09597,0.00004,0.03176,0.10970,0.24799,0.00026,0.07334,0.13801,0.03838
0.11158,0.10685,0.03259,0.21600,0.00001,0.07274,0.10831,0.13643,0.09521,0.00000,0.09193,0.02835
0.00087,0.18697,0.04807,0.00714,0.00596,0.16433,0.11746,0.00546,0.00168,0.00010,0.09673,0.36522
0.02393,0.31082,0.15574,0.10311,0.00002,0.04886,0.05543,0.13684,0.02849,0.00001,0.06775,0.06900
0.00346,0.26744,0.04102,0.05015,0.11639,0.01635,0.03235,0.21923,0.03965,0.00000,0.20020,0.01376
0.03042,0.48230,0.06572,0.03623,0.00000,0.01466,0.12521,0.02761,0.10616,0.00000,0.06011,0.05158
0.06154,0.26694,0.08139,0.00397,0.00068,0.12062,0.07039,0.08644,0.04269,0.00000,0.21669,0.04865
0.01220,0.12746,0.11831,0.07466,0.00002,0.00502,0.28139,0.21364,0.00404,0.00148,0.02639,0.13540
0.04359,0.14481,0.09956,0.16744,0.00000,0.00173,0.14543,0.00634,0.09807,0.04872,0.16403,0.08028
0.02165,0.43765,0.09827,0.02471,0.00002,0.05569,0.06104,0.11282,0.00160,0.00000,0.12462,0.06193
0.02074,0.55469,0.00309,0.18856,0.00588,0.02268,0.04911,0.01688,0.01973,0.00005,0.10586,0.01273
0.01153,0.12762,0.04339,0.00771,0.00197,0.01229,0.26489,0.27632,0.04854,0.00000,0.13530,0.07044
0.12844,0.13067,0.12973,0.05269,0.00000,0.24542,0.13680,0.12318,0.01173,0.00000,0.02946,0.01188
0.14302,0.14854,0.27680,0.07799,0.00002,0.01173,0.13690,0.03721,0.00132,0.00000,0.16131,0.00516
0.09614,0.04234,0.25726,0.11114,0.09856,0.10898,0.09729,0.06533,0.01282,0.00000,0.09303,0.01712
0.00898,0.36760,0.01999,0.00383,0.00000,0.01649,0.19236,0.03962,0.18279,0.00001,0.08228,0.08607
0.03212,0.18682,0.24190,0.07207,0.00003,0.08320,0.14296,0.03802,0.00607,0.00015,0.18714,0.00951
0.26090,0.24054,0.01335,0.03937,0.00000,0.01512,0.20655,0.10516,0.07096,0.00000,0.00521,0.04284
0.04030,0.32720,0.06544,0.01090,0.00014,0.01953,0.23318,0.20410,0.00009,0.00000,0.09633,0.00281
0.05009,0.08640,0.23615,0.15540,0.00002,0.00185,0.14229,0.06089,0.08342,0.00000,0.13555,0.04795
0.12070,0.34806,0.05372,0.03880,0.01989,0.08485,0.09046,0.04613,0.08275,0.03170,0.01529,0.06765
0.04789,0.13759,0.23733,0.03754,0.01043,0.07643,0.28551,0.01749,0.00010,0.00000,0.11086,0.03882
0.00442,0.35111,0.01724,0.05798,0.00000,0.00763,0.03277,0.12255,0.05267,0.00004,0.16280,0.19078
0.07007,0.25562,0.05658,0.04397,0.00569,0.06232,0.17187,0.12380,0.00001,0.00000,0.19434,0.01573
0.00284,0.15747,0.07248,0.07820,0.15466,0.00420,0.14559,0.08302,0.01542,0.00000,0.10628,0.17983
0.09754,0.27751,0.00692,0.05172,0.00172,0.09749,0.29620,0.05172,0.01251,0.00000,0.09339,0.01329
0.06176,0.43092,0.09338,0.08075,0.00065,0.00668,0.16504,0.04328,0.01244,0.00000,0.10206,0.00304
0.16576,0.33896,0.00081,0.04423,0.00015,0.09533,0.03212,0.04421,0.16146,0.00000,0.04007,0.07687
0.01692,0.19613,0.10954,0.10484,0.00002,0.00567,0.23548,0.13713,0.00507,0.00596,0.15147,0.03179
0.21714,0.17713,0.08407,0.01347,0.00384,0.13602,0.23403,0.09570,0.00914,0.00024,0.02554,0.00367
0.07388,0.37369,0.01345,0.14973,0.00000,0.00210,0.10149,0.00392,0.06745,0.13249,0.07652,0.00528
0.04502,0.37111,0.02349,0.04975,0.00001,0.01486,0.31012,0.02968,0.00037,0.00000,0.15267,0.00292
0.00838,0.26293,0.08756,0.04968,0.00163,0.20248,0.07197,0.07866,0.00191,0.04799,0.09774,0.08908
0.08138,0.22841,0.14175,0.13777,0.00234,0.05751,0.22718,0.02970,0.00801,0.00000,0.07252,0.01343
0.02943,0.25623,0.20965,0.00725,0.00000,0.06366,0.08270,0.15242,0.01867,0.00009,0.13299,0.04693
0.00445,0.08127,0.15198,0.00862,0.00512,0.04761,0.17634,0.04227,0.04027,0.15955,0.22236,0.06016
0.02970,0.36790,0.03252,0.00895,0.00000,0.02674,0.18941,0.05013,0.03826,0.00000,0.22528,0.03110
0.05582,0.12460,0.11037,0.10099,0.00074,0.00731,0.16169,0.17214,0.01200,0.00000,0.24574,0.00861
0.00554,0.23346,0.15596,0.02658,0.12816,0.09154,0.12808,0.04643,0.00122,0.00006,0.13743,0.04554
0.03525,0.48859,0.07707,0.14789,0.00155,0.00082,0.06727,0.06918,0.00083,0.00028,0.07199,0.03929
0.11434,0.34856,0.18652,0.09367,0.00004,0.00021,0.07393,0.03894,0.00208,0.00000,0.10759,0.03413
0.06760,0.23981,0.07563,0.13513,0.00347,0.04569,0.08007,0.16512,0.06420,0.00142,0.09651,0.02535
0.01206,0.33948,0.23073,0.07881,0.00079,0.01317,0.07938,0.02025,0.00056,0.00000,0.17285,0.05193
0.14851,0.27050,0.09206,0.00603,0.01701,0.03015,0.21625,0.01467,0.04432,0.00000,0.13644,0.02407
0.06385,0.41177,0.01333,0.01229,0.00000,0.04097,0.06232,0.27609,0.05735,0.00000,0.04260,0.01943
0.06015,0.23586,0.22225,0.22722,0.00044,0.00476,0.01448,0.12184,0.02994,0.00000,0.04954,0.03352
0.00800,0.17108,0.11378,0.05388,0.03884,0.05574,0.10005,0.24582,0.00076,0.00024,0.16945,0.04235
0.07116,0.26809,0.29980,0.03884,0.01184,0.05018,0.10867,0.00216,0.00637,0.03338,0.06289,0.04662
0.10169,0.29944,0.14236,0.03336,0.00190,0.03888,0.15375,0.06048,0.03778,0.00008,0.06963,0.06062
0.11135,0.17349,0.19407,0.00638,0.00968,0.09750,0.15819,0.18237,0.00546,0.00111,0.04002,0.02039
0.14944,0.36963,0.09738,0.01176,0.00005,0.15253,0.11128,0.00900,0.02634,0.00044,0.03869,0.03347
0.01394,0.36528,0.10585,0.15219,0.03471,0.00734,0.14096,0.03125,0.00160,0.00000,0.05433,0.09255
0.04559,0.18774,0.06852,0.10121,0.01895,0.22649,0.09554,0.06701,0.00009,0.00000,0.16051,0.02836
0.02389,0.40629,0.01736,0.07637,0.00000,0.01471,0.18253,0.01786,0.00378,0.00702,0.06463,0.18555
0.04185,0.44013,0.19252,0.05334,0.09197,0.01109,0.03759,0.02057,0.00448,0.00000,0.03196,0.07450
0.03362,0.21274,0.03565,0.06706,0.00324,0.16791,0.25214,0.04332,0.01262,0.00000,0.08497,0.08674
0.24516,0.22064,0.05117,0.14899,0.00444,0.00028,0.05785,0.10150,0.01261,0.01917,0.11912,0.01907
0.07220,0.23201,0.05577,0.16374,0.00009,0.06304,0.18486,0.00812,0.01317,0.00089,0.06250,0.14362
0.33573,0.29464,0.07333,0.00203,0.00000,0.00887,0.14333,0.04470,0.00090,0.00000,0.08783,0.00864
0.13844,0.16446,0.06681,0.00932,0.15664,0.25824,0.08313,0.07264,0.00001,0.00000,0.03725,0.01307
0.12286,0.28646,0.04745,0.04166,0.00002,0.13892,0.06876,0.02897,0.00009,0.00000,0.25125,0.01356
0.06834,0.17393,0.02883,0.05407,0.00062,0.15745,0.41363,0.00713,0.00011,0.00000,0.08139,0.01449
0.04414,0.31432,0.04595,0.10356,0.00043,0.14470,0.07094,0.02728,0.17856,0.00000,0.06959,0.00054
0.06947,0.33070,0.04837,0.15953,0.00000,0.03010,0.05896,0.09522,0.00067,0.00415,0.15782,0.04500
0.08614,0.40617,0.05846,0.01309,0.00000,0.03401,0.08176,0.11877,0.05733,0.01161,0.09562,0.03703
0.00631,0.33466,0.18150,0.10579,0.00003,0.00573,0.08247,0.07524,0.00366,0.00637,0.10687,0.09135
0.04780,0.33705,0.19287,0.03916,0.00733,0.00089,0.11502,0.09491,0.00043,0.00232,0.09489,0.06733
0.07278,0.30043,0.07945,0.02212,0.00000,0.03812,0.08769,0.05425,0.05852,0.00000,0.18706,0.09957
0.01219,0.14310,0.06924,0.06228,0.00018,0.04500,0.32960,0.18355,0.01024,0.01605,0.03292,0.09567
0.00817,0.24032,0.09646,0.10028,0.00024,0.06312,0.15586,0.02222,0.02377,0.00000,0.09052,0.19904
0.00888,0.27990,0.03349,0.01683,0.00082,0.01720,0.26693,0.17210,0.00263,0.00069,0.15483,0.04572
0.06155,0.25956,0.01333,0.06318,0.00000,0.02380,0.12126,0.18464,0.00001,0.00000,0.01664,0.25603
0.22356,0.25329,0.01070,0.01114,0.00000,0.04384,0.14229,0.09688,0.00003,0.00000,0.18479,0.03348
0.03957,0.43577,0.10608,0.04346,0.00000,0.00173,0.07353,0.07538,0.00186,0.00424,0.15929,0.05908
0.03328,0.37199,0.12337,0.00172,0.02445,0.02961,0.12690,0.15267,0.04622,0.00731,0.04254,0.03994
0.02046,0.31208,0.12245,0.14777,0.00000,0.03909,0.13238,0.01670,0.00125,0.00001,0.09930,0.10851
0.08018,0.13891,0.29888,0.01324,0.00251,0.02899,0.10133,0.04812,0.00000,0.00000,0.11480,0.17305
0.06002,0.11670,0.04635,0.07308,0.00008,0.09978,0.14774,0.05932,0.10130,0.00147,0.22253,0.07162
0.08143,0.38343,0.07884,0.00535,0.00000,0.02690,0.14825,0.07070,0.00165,0.00001,0.05408,0.14934
0.09243,0.32896,0.03153,0.15177,0.02642,0.01789,0.10075,0.04878,0.00001,0.00000,0.11705,0.08441
0.00384,0.25043,0.09764,0.00283,0.00000,0.07742,0.08723,0.22691,0.00728,0.00003,0.23814,0.00826
0.08656,0.18042,0.02164,0.12957,0.00458,0.00214,0.14340,0.17586,0.00000,0.00028,0.13225,0.12330
0.00460,0.26907,0.16153,0.03361,0.00018,0.05325,0.08648,0.12342,0.05512,0.00001,0.14302,0.06972
0.07296,0.20492,0.02527,0.20479,0.05973,0.04642,0.06770,0.08212,0.00699,0.05717,0.10253,0.06939
0.05233,0.21709,0.30012,0.01814,0.00000,0.04155,0.15257,0.10504,0.00313,0.00122,0.08400,0.02479
0.03206,0.37701,0.03525,0.04901,0.00000,0.02746,0.18162,0.05807,0.02049,0.00000,0.15475,0.06427
0.00148,0.10805,0.12413,0.01899,0.00062,0.17370,0.25062,0.07916,0.00232,0.00000,0.21875,0.02217
0.02957,0.29726,0.11761,0.01355,0.00084,0.00009,0.16572,0.01835,0.00158,0.00000,0.18012,0.17531
0.07622,0.25603,0.14219,0.08677,0.00541,0.10438,0.10842,0.00575,0.05418,0.00000,0.10426,0.05640
0.05981,0.32820,0.08294,0.00521,0.00000,0.01434,0.17321,0.08560,0.02392,0.00000,0.19520,0.03158
0.03659,0.31722,0.20952,0.01035,0.00017,0.07820,0.06314,0.05716,0.04690,0.00000,0.03394,0.14681
0.02689,0.34050,0.17835,0.01368,0.00001,0.05580,0.09043,0.00221,0.01212,0.00000,0.24916,0.03085
0.05268,0.34308,0.07754,0.20390,0.00000,0.07017,0.17698,0.00090,0.00053,0.00000,0.04151,0.03273
0.02017,0.28007,0.11181,0.04380,0.00000,0.00227,0.07037,0.17494,0.07565,0.00000,0.16540,0.05552
0.03654,0.41851,0.10453,0.11157,0.00000,0.04702,0.03839,0.06058,0.00001,0.00000,0.18171,0.00116
0.07390,0.42216,0.00276,0.00265,0.00442,0.00685,0.03127,0.08497,0.00001,0.00000,0.27393,0.09707
0.04689,0.16672,0.13448,0.11140,0.03367,0.04121,0.12331,0.10837,0.01878,0.00071,0.10345,0.11102
0.01684,0.21161,0.04590,0.01644,0.01551,0.00853,0.09267,0.11390,0.00169,0.00000,0.06793,0.40897
0.03331,0.38884,0.03425,0.13224,0.00017,0.02244,0.08418,0.18120,0.03920,0.00000,0.01363,0.07054
0.16123,0.27699,0.13282,0.03855,0.01144,0.09396,0.12502,0.03949,0.00101,0.01108,0.09230,0.01610
0.00028,0.19664,0.06686,0.09848,0.00000,0.04593,0.10419,0.10009,0.05473,0.00305,0.31306,0.01668
0.04508,0.10987,0.03562,0.16257,0.00003,0.07636,0.19306,0.06812,0.03137,0.01888,0.17197,0.08706
0.11004,0.31613,0.06536,0.14690,0.00000,0.03610,0.11388,0.01712,0.00919,0.01533,0.09602,0.07393
0.06429,0.19100,0.07692,0.13717,0.00000,0.10691,0.24099,0.04674,0.00147,0.00153,0.11560,0.01736
0.09050,0.44647,0.06932,0.01545,0.00206,0.04046,0.03081,0.08189,0.00001,0.00000,0.07792,0.14511
0.04083,0.31147,0.27164,0.07764,0.00000,0.00586,0.12766,0.09185,0.00508,0.02060,0.03476,0.01261
0.01066,0.27444,0.02005,0.02634,0.00163,0.00148,0.33129,0.05334,0.00044,0.00004,0.18344,0.09684
0.01757,0.39565,0.06700,0.04892,0.00000,0.00606,0.29594,0.01818,0.00026,0.00000,0.08607,0.06434
0.02676,0.23120,0.02184,0.19736,0.00000,0.09430,0.22130,0.16156,0.01405,0.00000,0.01184,0.01980
0.05028,0.20170,0.13213,0.00325,0.00098,0.04395,0.09255,0.12655,0.10729,0.05407,0.14112,0.04611
0.01467,0.29185,0.01612,0.01281,0.00041,0.08673,0.14330,0.08806,0.00071,0.00000,0.08619,0.25914
0.03118,0.15989,0.09440,0.16367,0.03188,0.02120,0.10332,0.05561,0.00223,0.00000,0.21305,0.12358
0.09465,0.21685,0.12276,0.11863,0.00000,0.06374,0.19955,0.06629,0.00073,0.00001,0.10478,0.01201
0.00637,0.17875,0.02089,0.06751,0.00033,0.09102,0.24111,0.12239,0.03739,0.00000,0.10498,0.12926
0.00559,0.31093,0.00858,0.18618,0.00090,0.20565,0.09604,0.01303,0.00034,0.00000,0.15533,0.01743
0.01134,0.26689,0.17044,0.00241,0.00010,0.00802,0.10414,0.01814,0.17729,0.00001,0.10902,0.13221
0.09471,0.24683,0.11711,0.05294,0.00000,0.10611,0.01000,0.03692,0.02578,0.00376,0.23146,0.07438
0.01440,0.37653,0.07758,0.07012,0.00000,0.04887,0.04138,0.01038,0.08777,0.00073,0.09020,0.18205
0.01604,0.42094,0.14792,0.00183,0.01320,0.02221,0.02670,0.23684,0.02567,0.00125,0.04758,0.03982
0.10639,0.31271,0.07637,0.06217,0.00000,0.05300,0.27501,0.02665,0.00283,0.00303,0.02549,0.05634
0.01134,0.15946,0.07320,0.07662,0.00238,0.00067,0.18853,0.17230,0.14732,0.00002,0.13180,0.03635
0.08259,0.23830,0.03198,0.19909,0.00080,0.01219,0.13523,0.05699,0.00339,0.00003,0.14033,0.09907
0.16715,0.36301,0.09046,0.00719,0.00400,0.06264,0.02958,0.02671,0.02979,0.00000,0.16030,0.05918
0.00146,0.28929,0.09815,0.15504,0.04282,0.00983,0.12549,0.12629,0.00003,0.00000,0.09690,0.05470
0.09293,0.20185,0.05929,0.21342,0.00463,0.00098,0.26404,0.09758,0.01449,0.00000,0.00814,0.04265
0.00124,0.30768,0.00338,0.13088,0.00002,0.05316,0.22445,0.03833,0.05442,0.00008,0.06344,0.12292
0.14237,0.17232,0.06599,0.17919,0.00000,0.05149,0.12245,0.18730,0.03303,0.00912,0.03130,0.00544
0.02474,0.26281,0.15567,0.01142,0.00000,0.09971,0.07052,0.17527,0.03722,0.00000,0.12456,0.03807
0.00864,0.16086,0.17594,0.10758,0.00283,0.11123,0.20881,0.03920,0.07260,0.00000,0.09659,0.01571
0.08960,0.09016,0.08677,0.06823,0.00004,0.06209,0.25894,0.15579,0.09301,0.00059,0.01662,0.07818
0.03116,0.32197,0.07213,0.11285,0.00002,0.01609,0.10331,0.00892,0.06462,0.00001,0.24094,0.02798
0.08756,0.19700,0.05095,0.42447,0.00000,0.04721,0.07532,0.03048,0.00805,0.00000,0.03147,0.04748
0.03127,0.37553,0.09683,0.10408,0.00000,0.03067,0.16421,0.03103,0.02503,0.00000,0.08918,0.05218
0.00702,0.35779,0.01231,0.03497,0.02735,0.01115,0.17791,0.13355,0.00265,0.00038,0.21702,0.01791
0.03082,0.14725,0.04789,0.12441,0.00014,0.09604,0.17283,0.06946,0.01180,0.00000,0.14104,0.15830
0.11961,0.21431,0.07138,0.07964,0.00025,0.01791,0.06207,0.17937,0.07377,0.00001,0.15959,0.02211
0.00057,0.37565,0.03109,0.27329,0.00033,0.04145,0.03611,0.02959,0.06992,0.00000,0.13484,0.00716
0.01492,0.39211,0.16579,0.03454,0.00004,0.10935,0.17390,0.02333,0.01402,0.00000,0.03724,0.03476
0.01777,0.29319,0.10928,0.01694,0.01945,0.13743,0.18114,0.01261,0.11814,0.01603,0.05637,0.02164
0.03121,0.16738,0.22823,0.13226,0.00011,0.02113,0.06120,0.03042,0.13994,0.00003,0.08672,0.10138
0.02321,0.53736,0.12290,0.12410,0.00011,0.02130,0.04434,0.06031,0.00016,0.00595,0.04682,0.01344
0.00194,0.23570,0.16961,0.03310,0.01498,0.02872,0.05098,0.05233,0.00129,0.00000,0.32598,0.08537
0.10060,0.31228,0.12362,0.09486,0.00000,0.04580,0.08440,0.08939,0.01317,0.00000,0.09245,0.04343
0.12012,0.10183,0.16133,0.07759,0.00346,0.04286,0.29074,0.01516,0.02562,0.00000,0.11881,0.04249
0.09447,0.30945,0.02061,0.10849,0.00521,0.01704,0.11371,0.11226,0.10238,0.00107,0.08436,0.03096
0.00760,0.20457,0.00765,0.04094,0.02273,0.06476,0.10348,0.21884,0.01451,0.00000,0.14950,0.16542
0.00206,0.21476,0.08771,0.02609,0.00000,0.01962,0.07399,0.34234,0.00033,0.00000,0.18690,0.04619
0.01605,0.17392,0.08902,0.10647,0.00138,0.05806,0.09606,0.06513,0.03461,0.00050,0.25860,0.10018
0.11605,0.20307,0.07215,0.03386,0.00709,0.04751,0.10054,0.22806,0.00000,0.00010,0.08761,0.10396
0.09452,0.22854,0.07388,0.02063,0.00000,0.07498,0.12547,0.17552,0.04655,0.00000,0.13978,0.02013
0.27811,0.26070,0.02169,0.04342,0.01983,0.00102,0.07219,0.12336,0.06337,0.00000,0.05693,0.05939
0.03458,0.31314,0.01176,0.00916,0.00132,0.00501,0.26381,0.06531,0.00298,0.00287,0.28297,0.00710
0.06876,0.34635,0.03459,0.05642,0.00034,0.03280,0.12075,0.00772,0.00022,0.00018,0.15354,0.17834
0.08087,0.33031,0.02909,0.07623,0.00004,0.14560,0.11685,0.10422,0.00002,0.00058,0.10700,0.00918
0.00475,0.12504,0.17481,0.04587,0.00543,0.01402,0.04594,0.07585,0.00299,0.00008,0.09891,0.40631
0.02862,0.34785,0.10976,0.00995,0.00001,0.01167,0.18602,0.00089,0.04348,0.00396,0.23389,0.02390
0.06394,0.37753,0.00652,0.06622,0.00001,0.03425,0.07892,0.01972,0.00005,0.00000,0.29381,0.05903
0.02291,0.28637,0.00926,0.07985,0.03146,0.05831,0.08419,0.02544,0.06244,0.00000,0.18497,0.15479
0.06683,0.45443,0.04553,0.09462,0.00483,0.01509,0.06862,0.04731,0.02412,0.04459,0.06593,0.06811
0.02194,0.41602,0.02698,0.12837,0.05205,0.03010,0.02063,0.04300,0.02336,0.00002,0.12018,0.11733
0.00615,0.31880,0.10659,0.06006,0.00043,0.09622,0.10195,0.11504,0.05627,0.00000,0.03594,0.10255
0.12086,0.24967,0.11684,0.01892,0.00007,0.07714,0.08561,0.04144,0.06056,0.00000,0.09542,0.13347
0.03544,0.35122,0.13021,0.00924,0.02557,0.00070,0.03816,0.09660,0.00049,0.00000,0.14920,0.16317
0.05824,0.09636,0.08709,0.05392,0.00000,0.02223,0.20513,0.03777,0.00176,0.00015,0.35907,0.07829
0.02250,0.25453,0.00176,0.17775,0.00000,0.11377,0.12328,0.08373,0.01082,0.01031,0.12954,0.07203
0.04586,0.17776,0.00922,0.08774,0.02164,0.14442,0.12903,0.05937,0.01996,0.01572,0.20232,0.08696
0.02390,0.19247,0.10874,0.06601,0.00014,0.05038,0.20455,0.11643,0.00033,0.00000,0.07031,0.16674
0.04803,0.19835,0.07593,0.00668,0.00028,0.26623,0.19761,0.05094,0.00032,0.00056,0.09325,0.06183
0.07117,0.42640,0.03936,0.00218,0.00000,0.20438,0.11182,0.05259,0.02132,0.00000,0.06559,0.00520
0.11147,0.15265,0.02523,0.26003,0.00000,0.01044,0.07243,0.08855,0.01476,0.00000,0.02935,0.23509
0.03154,0.37481,0.12542,0.00768,0.03026,0.16149,0.11067,0.03170,0.00143,0.00170,0.08458,0.03872
0.16602,0.13466,0.01659,0.00370,0.00002,0.13708,0.17391,0.10913,0.00366,0.00000,0.19799,0.05725
0.01274,0.12671,0.11277,0.15627,0.00000,0.02084,0.13923,0.24184,0.07718,0.00000,0.05021,0.06221
0.14089,0.14239,0.08149,0.10125,0.00003,0.06096,0.18817,0.05499,0.03357,0.00000,0.06769,0.12857
0.02482,0.19395,0.04480,0.02962,0.01142,0.03351,0.14009,0.09398,0.03758,0.00000,0.27665,0.11357
0.06596,0.30108,0.09866,0.06327,0.00005,0.00345,0.12803,0.09128,0.00372,0.00000,0.24380,0.00070
0.03563,0.11894,0.00612,0.21232,0.00000,0.00524,0.17946,0.06175,0.00619,0.00000,0.22129,0.15307
0.00053,0.35549,0.03054,0.09875,0.00012,0.13196,0.02904,0.06458,0.00226,0.00000,0.21236,0.07437
0.07996,0.27575,0.03199,0.06622,0.00004,0.03093,0.17912,0.09104,0.06351,0.00003,0.10424,0.07717
0.01483,0.20094,0.20334,0.06716,0.00008,0.06897,0.01105,0.09688,0.14279,0.00236,0.18739,0.00421
0.00577,0.24192,0.13675,0.11660,0.00065,0.04552,0.26853,0.09358,0.00199,0.00000,0.07143,0.01727
0.07852,0.23559,0.22828,0.01399,0.00086,0.00071,0.19280,0.05776,0.01377,0.02186,0.09956,0.05630
0.04926,0.23476,0.00818,0.17635,0.00000,0.02632,0.10586,0.02595,0.13345,0.00000,0.14039,0.09947
0.12081,0.53935,0.02018,0.07531,0.00073,0.01450,0.07534,0.02935,0.00736,0.00000,0.06501,0.05208
0.00755,0.29426,0.01844,0.05246,0.00082,0.08627,0.08371,0.29830,0.00384,0.00000,0.11814,0.03621
0.05350,0.21726,0.10549,0.02243,0.00081,0.06756,0.13084,0.14672,0.00045,0.00000,0.20139,0.05354
0.02547,0.17799,0.11852,0.00360,0.00002,0.14658,0.17981,0.11699,0.00002,0.00035,0.08480,0.14584
0.01009,0.16582,0.28351,0.00399,0.08089,0.12500,0.09857,0.06312,0.00218,0.00000,0.15290,0.01394
0.11479,0.17888,0.03392,0.07978,0.00008,0.06984,0.03434,0.16426,0.01452,0.00039,0.14452,0.16467
0.08308,0.23996,0.11568,0.13684,0.00641,0.11494,0.04272,0.05235,0.00481,0.00000,0.10304,0.10017
0.01797,0.33430,0.03876,0.03339,0.00056,0.03600,0.21360,0.12695,0.01116,0.00229,0.16294,0.02209
0.05705,0.24974,0.04722,0.02619,0.00000,0.03357,0.17897,0.15071,0.11910,0.00001,0.02761,0.10984
0.04430,0.39890,0.02194,0.04783,0.00000,0.02879,0.02838,0.08781,0.00492,0.00000,0.32694,0.01021
0.02902,0.26520,0.03685,0.10896,0.00010,0.10763,0.18849,0.01223,0.02291,0.03590,0.11647,0.07625
0.05085,0.25281,0.02719,0.19453,0.00313,0.01754,0.32534,0.05376,0.02187,0.00000,0.03138,0.02161
0.02186,0.26366,0.05718,0.03000,0.00805,0.05446,0.17447,0.00514,0.05929,0.07731,0.23920,0.00938
0.04390,0.18169,0.26498,0.14885,0.00597,0.02557,0.12910,0.03175,0.05245,0.00000,0.07744,0.03831
0.10742,0.23605,0.00347,0.06895,0.06290,0.03723,0.13113,0.08263,0.05678,0.00005,0.09501,0.11840
0.07343,0.19975,0.05072,0.06097,0.06481,0.00406,0.02282,0.26326,0.08316,0.00000,0.15784,0.01919
0.29894,0.21609,0.01563,0.06318,0.01156,0.06164,0.11801,0.13907,0.03723,0.00000,0.02176,0.01689
0.10380,0.36676,0.02360,0.05139,0.04638,0.00016,0.23698,0.06863,0.00307,0.02045,0.05420,0.02458
0.00773,0.15485,0.12056,0.15683,0.00000,0.09025,0.03625,0.13704,0.02980,0.00002,0.22527,0.04139
0.03453,0.25555,0.14476,0.01551,0.00001,0.12226,0.05277,0.07126,0.04618,0.00000,0.12900,0.12818
0.02519,0.20619,0.09552,0.07555,0.00000,0.09946,0.11138,0.08890,0.02946,0.00049,0.20343,0.06443
0.18103,0.38092,0.03929,0.03017,0.00046,0.00453,0.10332,0.01945,0.00203,0.00000,0.11414,0.12466
0.02369,0.47928,0.01551,0.00138,0.00007,0.06282,0.06873,0.10934,0.00000,0.00207,0.20392,0.03318
0.01151,0.15330,0.13078,0.00519,0.00002,0.02461,0.04866,0.53063,0.00084,0.01864,0.06144,0.01436
0.00556,0.19783,0.11282,0.00005,0.00126,0.03796,0.12704,0.04004,0.00101,0.00005,0.33168,0.14469
0.02107,0.17824,0.13638,0.07683,0.00000,0.06588,0.09398,0.16391,0.04065,0.00000,0.21420,0.00886
0.09798,0.33065,0.00941,0.03819,0.00540,0.06363,0.12308,0.00813,0.01767,0.00014,0.28696,0.01876
0.03836,0.21411,0.00085,0.05678,0.01127,0.04668,0.29204,0.11928,0.00782,0.00110,0.19610,0.01561
0.00792,0.22011,0.06015,0.01066,0.00210,0.00368,0.24678,0.15370,0.01009,0.00000,0.15673,0.12810
0.00506,0.30691,0.10225,0.02482,0.01921,0.04685,0.08810,0.19741,0.03032,0.01122,0.10643,0.06142
0.07893,0.38218,0.03128,0.04607,0.00739,0.02206,0.12165,0.07072,0.18381,0.00278,0.05275,0.00038
0.15888,0.06537,0.04908,0.00836,0.05178,0.00991,0.04199,0.17680,0.02105,0.00012,0.29438,0.12230
0.03012,0.27186,0.07380,0.00896,0.00000,0.05196,0.14404,0.06545,0.01544,0.00006,0.33699,0.00132
0.01128,0.37057,0.02092,0.09141,0.00506,0.07418,0.11529,0.02372,0.00497,0.00049,0.23881,0.04333
0.02139,0.24459,0.13230,0.06931,0.00000,0.24773,0.05627,0.00736,0.03768,0.00231,0.15710,0.02396
0.09885,0.41694,0.06890,0.17248,0.00071,0.02042,0.01456,0.11840,0.03472,0.03358,0.01718,0.00327
0.09102,0.26597,0.05469,0.01918,0.00000,0.02104,0.09820,0.25716,0.00010,0.00000,0.09405,0.09859
0.06115,0.16828,0.07316,0.05713,0.00001,0.01650,0.13585,0.11987,0.09139,0.00000,0.22031,0.05635
0.06859,0.45173,0.15379,0.01565,0.00059,0.04295,0.16402,0.02490,0.00841,0.00000,0.00919,0.06018
0.18737,0.25037,0.03712,0.00695,0.00610,0.00423,0.09582,0.09725,0.01146,0.00004,0.21921,0.08409
0.04897,0.25433,0.02247,0.01908,0.00000,0.27769,0.07329,0.07632,0.03898,0.00000,0.05576,0.13309
0.14419,0.22690,0.07238,0.17103,0.00000,0.03221,0.05379,0.09121,0.01632,0.00000,0.07509,0.11689
0.01850,0.49360,0.12071,0.04809,0.00000,0.04953,0.04799,0.04875,0.04067,0.00000,0.05417,0.07799
0.02854,0.35726,0.03039,0.04747,0.00000,0.06339,0.12620,0.07316,0.04335,0.00005,0.16495,0.06525
0.02817,0.21075,0.08630,0.06919,0.00585,0.08519,0.18382,0.05057,0.00003,0.00199,0.03802,0.24012
0.16666,0.50642,0.02205,0.00826,0.00001,0.04339,0.06664,0.06212,0.00091,0.00376,0.06944,0.05033
0.07571,0.13937,0.06703,0.00522,0.18835,0.02496,0.25555,0.07965,0.00322,0.00000,0.07253,0.08839
0.04983,0.18288,0.11444,0.04307,0.00002,0.04637,0.19569,0.05611,0.08592,0.01066,0.16857,0.04645
0.19701,0.17723,0.17448,0.00065,0.00000,0.07795,0.14035,0.00653,0.03204,0.00019,0.18520,0.00837
0.01365,0.29099,0.15878,0.06603,0.00215,0.04781,0.05156,0.08175,0.05296,0.02640,0.11162,0.09629
0.20801,0.28149,0.09416,0.03759,0.00000,0.00475,0.05895,0.05955,0.03403,0.00000,0.11019,0.11130
0.13211,0.17938,0.05188,0.16223,0.00290,0.02277,0.14560,0.09537,0.02176,0.00000,0.14306,0.04292
0.09891,0.21163,0.00392,0.08197,0.02248,0.03448,0.17974,0.02270,0.08488,0.00463,0.17240,0.08226
0.06761,0.12826,0.36992,0.01455,0.03698,0.10788,0.02980,0.02820,0.11071,0.00002,0.01594,0.09012
0.00375,0.29260,0.02450,0.05152,0.00000,0.00099,0.11609,0.16844,0.08667,0.03864,0.19213,0.02467
0.08292,0.16718,0.11817,0.00982,0.00217,0.03917,0.14182,0.28987,0.05225,0.00001,0.09035,0.00627
0.08966,0.20656,0.00494,0.03539,0.00106,0.22341,0.18777,0.06869,0.00062,0.00000,0.16357,0.01832
0.00258,0.32914,0.11192,0.06194,0.01722,0.04381,0.07253,0.16676,0.03173,0.00000,0.14870,0.01368
0.00394,0.41764,0.00995,0.04807,0.00000,0.02720,0.01072,0.02688,0.00090,0.00000,0.40693,0.04777
0.09868,0.22619,0.02007,0.11541,0.00205,0.15778,0.24410,0.01024,0.00672,0.01086,0.09782,0.01006
0.01952,0.14218,0.06159,0.07527,0.02882,0.10371,0.28449,0.07081,0.12535,0.00013,0.02816,0.05997
0.00105,0.40933,0.15491,0.04662,0.00000,0.04655,0.15366,0.02024,0.00158,0.00000,0.12310,0.04297
0.07945,0.28123,0.12382,0.02923,0.00028,0.00120,0.24038,0.04418,0.05223,0.05400,0.05853,0.03547
0.00886,0.21315,0.10911,0.23270,0.00000,0.07217,0.08954,0.07595,0.00012,0.00000,0.04011,0.15829
0.14509,0.26734,0.08621,0.06742,0.00002,0.00283,0.15915,0.09714,0.03619,0.00621,0.07429,0.05812
0.01143,0.34105,0.03068,0.24113,0.00000,0.01621,0.06393,0.09982,0.07211,0.00025,0.11844,0.00495
0.17033,0.21585,0.18829,0.00111,0.00004,0.00478,0.10944,0.05819,0.00835,0.00000,0.20989,0.03373
0.00181,0.39707,0.10231,0.04819,0.00000,0.00924,0.25071,0.04406,0.03935,0.02087,0.07225,0.01415
0.04562,0.37687,0.12319,0.05054,0.01393,0.13338,0.05808,0.02282,0.00596,0.00120,0.14266,0.02575
0.07262,0.16866,0.02287,0.06147,0.00469,0.01848,0.46848,0.14341,0.01793,0.00000,0.00697,0.01443
0.13107,0.10856,0.06064,0.05276,0.00001,0.00838,0.41913,0.11751,0.03410,0.00029,0.06199,0.00556
0.10110,0.17336,0.01028,0.12931,0.07219,0.01884,0.27928,0.03238,0.00032,0.00000,0.15121,0.03173
0.17284,0.22306,0.11161,0.09333,0.00001,0.01940,0.04663,0.02912,0.00003,0.00000,0.28782,0.01617
0.10152,0.35079,0.01905,0.14709,0.00015,0.01004,0.12779,0.01548,0.00031,0.00000,0.17214,0.05564
0.00759,0.34154,0.22370,0.14840,0.00006,0.05498,0.10143,0.02156,0.00260,0.00000,0.07652,0.02162
0.06230,0.25638,0.09982,0.04724,0.00000,0.03904,0.09078,0.04924,0.04045,0.00000,0.19679,0.11795
0.00521,0.29988,0.07762,0.01950,0.00296,0.03330,0.01432,0.07012,0.02306,0.00001,0.21618,0.23784
0.02970,0.22484,0.02982,0.14902,0.08341,0.00630,0.22010,0.14146,0.00016,0.00000,0.08222,0.03298
0.02820,0.43043,0.01590,0.07700,0.00001,0.02633,0.01016,0.12560,0.00430,0.00000,0.09561,0.18648
