0.18616,0.15922,0.01051,0.05790,0.03066,0.17875,0.00976,0.02348,0.01550,0.01164,0.02246,0.02941,0.01480,0.03864,0.19092,0.00261,0.00394,0.00983,0.00124,0.00257
0.14862,0.13693,0.00944,0.00957,0.07475,0.01867,0.04031,0.00876,0.01113,0.01900,0.09907,0.08641,0.04919,0.04927,0.07694,0.01723,0.02581,0.06873,0.02471,0.02545
0.41090,0.00802,0.01028,0.00747,0.00641,0.41847,0.03286,0.03257,0.00375,0.01023,0.00679,0.00168,0.00278,0.00393,0.00682,0.02594,0.00370,0.00112,0.00093,0.00535
0.29000,0.01881,0.00766,0.00792,0.00824,0.24893,0.14526,0.02225,0.01295,0.01159,0.00826,0.00775,0.01320,0.01675,0.00432,0.04659,0.03933,0.00201,0.05602,0.03215
0.00521,0.02648,0.03158,0.02145,0.01662,0.02197,0.01279,0.02092,0.01496,0.04040,0.01344,0.07119,0.08483,0.01962,0.27313,0.00771,0.01529,0.24883,0.04860,0.00496
0.01367,0.11528,0.01498,0.01735,0.01137,0.01517,0.01302,0.01083,0.14438,0.13518,0.00346,0.01771,0.02267,0.02616,0.13743,0.02153,0.14239,0.01296,0.00568,0.11879
0.01858,0.01794,0.03293,0.03145,0.01179,0.02601,0.02792,0.02155,0.02576,0.00590,0.04481,0.34190,0.02190,0.33648,0.00367,0.00786,0.01306,0.00128,0.00709,0.00210
0.03429,0.02202,0.01362,0.01834,0.02690,0.03165,0.09955,0.01222,0.13354,0.14839,0.05570,0.10739,0.09640,0.00301,0.01922,0.03714,0.05118,0.01186,0.01167,0.06592
0.02310,0.11132,0.01023,0.02271,0.06523,0.00794,0.12451,0.00924,0.00820,0.01577,0.01844,0.17541,0.01702,0.17904,0.07625,0.10429,0.01090,0.01342,0.00187,0.00512
0.20773,0.15836,0.02604,0.01076,0.02393,0.01612,0.01190,0.02170,0.00663,0.02153,0.17849,0.03321,0.04157,0.03288,0.15512,0.03082,0.00484,0.00903,0.00518,0.00416
0.23114,0.02982,0.01080,0.05888,0.00353,0.19560,0.17019,0.01341,0.03561,0.00938,0.02516,0.00819,0.00934,0.01186,0.03491,0.00984,0.00404,0.00344,0.13109,0.00379
0.02125,0.00748,0.00552,0.03421,0.39748,0.35687,0.03687,0.01427,0.01180,0.00640,0.01316,0.01326,0.01748,0.02262,0.00127,0.02191,0.00366,0.00266,0.00047,0.01134
0.24524,0.07547,0.01761,0.02546,0.09705,0.24323,0.01711,0.03410,0.02097,0.00910,0.02342,0.04584,0.05308,0.00553,0.04406,0.01163,0.01249,0.00867,0.00417,0.00578
0.02209,0.03786,0.28585,0.02068,0.06278,0.01662,0.02457,0.01488,0.01015,0.24463,0.00641,0.08582,0.08213,0.01162,0.01031,0.02019,0.02069,0.00345,0.00955,0.00973
0.02196,0.22767,0.00471,0.00690,0.01571,0.01765,0.01706,0.00977,0.03630,0.02469,0.00533,0.15440,0.04153,0.12634,0.23576,0.01607,0.00475,0.01896,0.00093,0.01351
0.01789,0.07685,0.21879,0.05613,0.04853,0.03364,0.01412,0.00300,0.00696,0.21922,0.05498,0.07199,0.07623,0.01072,0.04265,0.03558,0.00527,0.00427,0.00146,0.00171
0.00531,0.04799,0.01264,0.01020,0.25708,0.20883,0.01555,0.08397,0.00402,0.02660,0.00923,0.00569,0.00708,0.05072,0.09082,0.05493,0.03162,0.00396,0.01589,0.05787
0.18189,0.10212,0.00453,0.04421,0.00533,0.01038,0.05600,0.01649,0.03735,0.02426,0.19262,0.07964,0.08291,0.01230,0.09874,0.00557,0.02000,0.01381,0.00565,0.00618
0.05310,0.13330,0.00651,0.01172,0.03283,0.03185,0.01512,0.02025,0.02303,0.00596,0.01949,0.08823,0.07528,0.00665,0.24595,0.00796,0.01766,0.18754,0.00304,0.01452
0.00282,0.06919,0.02086,0.00906,0.03548,0.00759,0.03656,0.00642,0.24600,0.28777,0.00444,0.07062,0.03270,0.02651,0.05530,0.00775,0.02039,0.04204,0.00618,0.01234
0.02019,0.02092,0.31503,0.01361,0.02519,0.04944,0.00392,0.03023,0.00775,0.26730,0.01270,0.09391,0.06383,0.01487,0.01775,0.02571,0.00250,0.00523,0.00627,0.00364
0.01033,0.05565,0.30848,0.01732,0.01353,0.02634,0.02506,0.31407,0.01160,0.01301,0.00365,0.05573,0.05664,0.01737,0.03370,0.01054,0.00914,0.00337,0.00842,0.00605
0.01949,0.02359,0.02230,0.04891,0.00742,0.00625,0.02858,0.00297,0.05766,0.01216,0.03050,0.02013,0.02558,0.00837,0.33641,0.01426,0.00327,0.32176,0.00532,0.00505
0.04814,0.01699,0.00658,0.01217,0.05126,0.02863,0.01640,0.01340,0.25376,0.26679,0.06375,0.08387,0.10277,0.00662,0.01179,0.00427,0.00498,0.00222,0.00311,0.00252
0.01208,0.14752,0.02036,0.03520,0.00735,0.02127,0.00667,0.04303,0.01431,0.02424,0.00489,0.00526,0.02499,0.00466,0.37536,0.00658,0.00529,0.22503,0.00300,0.01291
0.01671,0.11376,0.02291,0.01235,0.07168,0.03664,0.02063,0.04336,0.24593,0.24495,0.01608,0.01419,0.00631,0.00819,0.09822,0.01261,0.00196,0.00261,0.00698,0.00394
0.01467,0.03230,0.01587,0.01268,0.04102,0.00682,0.04565,0.02332,0.14442,0.09978,0.05128,0.14845,0.15561,0.01533,0.01761,0.05412,0.07051,0.00813,0.00257,0.03985
0.28330,0.02798,0.05349,0.00823,0.03618,0.01485,0.05554,0.04374,0.00915,0.01311,0.27686,0.02261,0.01100,0.01651,0.01252,0.02629,0.03105,0.00680,0.00333,0.04747
0.11023,0.26701,0.01142,0.03061,0.00910,0.01166,0.01497,0.01307,0.02878,0.04135,0.10919,0.01877,0.00906,0.01398,0.24654,0.02335,0.01720,0.01739,0.00275,0.00357
0.01893,0.02835,0.32437,0.01649,0.00850,0.01520,0.04008,0.01252,0.00595,0.30038,0.00808,0.08486,0.05557,0.04459,0.01597,0.00834,0.00412,0.00293,0.00127,0.00350
0.03322,0.00390,0.02282,0.00888,0.24447,0.23025,0.02806,0.01562,0.00423,0.00973,0.04800,0.15224,0.13292,0.00740,0.00727,0.03370,0.00494,0.00690,0.00241,0.00306
0.32212,0.04371,0.01629,0.01425,0.01335,0.29772,0.04447,0.02329,0.02099,0.03092,0.02127,0.00188,0.01455,0.00535,0.03533,0.05054,0.00446,0.01170,0.01133,0.01647
0.05846,0.10661,0.02291,0.07106,0.05526,0.08226,0.03545,0.07136,0.00625,0.00919,0.05361,0.14687,0.14768,0.00680,0.07435,0.00822,0.01358,0.00377,0.00710,0.01921
0.02663,0.00442,0.00662,0.00840,0.04529,0.04972,0.01146,0.01270,0.00481,0.00862,0.10841,0.05596,0.08566,0.01568,0.26256,0.03337,0.00250,0.25300,0.00310,0.00112
0.04989,0.01485,0.00864,0.02483,0.11239,0.12800,0.01090,0.23812,0.01825,0.00635,0.05097,0.00978,0.02423,0.00901,0.02630,0.01445,0.00352,0.02570,0.00284,0.22096
0.21371,0.02366,0.00969,0.02287,0.01107,0.02741,0.01486,0.01560,0.00537,0.01619,0.18877,0.18003,0.18313,0.00425,0.00636,0.01288,0.01758,0.03455,0.00139,0.01062
0.01246,0.10014,0.19256,0.02064,0.03559,0.06561,0.02376,0.00661,0.01725,0.18807,0.01097,0.01809,0.13966,0.02025,0.03331,0.06856,0.00363,0.03257,0.00453,0.00573
0.24500,0.00839,0.00884,0.02059,0.01250,0.22260,0.14606,0.01120,0.00781,0.00375,0.01260,0.02289,0.01904,0.00450,0.00671,0.00693,0.08715,0.00345,0.11281,0.03718
0.05024,0.08775,0.00928,0.01886,0.02068,0.01532,0.05477,0.03053,0.01218,0.01739,0.05199,0.10419,0.06142,0.05637,0.20443,0.01102,0.03568,0.13592,0.01397,0.00800
0.01492,0.04958,0.00540,0.03341,0.19364,0.17951,0.01760,0.00667,0.00492,0.00458,0.04006,0.14532,0.17915,0.00781,0.01754,0.07923,0.01097,0.00279,0.00257,0.00430
0.03574,0.08368,0.06920,0.06919,0.06520,0.02998,0.03214,0.08430,0.01040,0.06312,0.00695,0.07670,0.21192,0.00958,0.03899,0.02025,0.03606,0.01516,0.00372,0.03772
0.01304,0.00854,0.00569,0.00683,0.42847,0.40219,0.02223,0.01974,0.02323,0.01393,0.00420,0.00578,0.01146,0.00531,0.00452,0.00477,0.01357,0.00281,0.00212,0.00157
0.01167,0.16865,0.02698,0.04198,0.01912,0.01403,0.05832,0.02191,0.00463,0.02499,0.00600,0.20083,0.14254,0.05903,0.13666,0.00997,0.00375,0.00703,0.03525,0.00666
0.29314,0.09995,0.01866,0.00913,0.04379,0.32579,0.01576,0.00807,0.01154,0.00983,0.01822,0.00753,0.00767,0.00485,0.09334,0.00859,0.00300,0.00146,0.00548,0.01418
0.19517,0.13490,0.00864,0.01030,0.01033,0.20035,0.11495,0.00937,0.01467,0.00703,0.01018,0.10682,0.07483,0.00230,0.06003,0.02347,0.00452,0.00151,0.00209,0.00852
0.02714,0.02067,0.01078,0.03469,0.02579,0.02581,0.01107,0.01872,0.02095,0.01316,0.02987,0.00641,0.03989,0.03114,0.31429,0.01437,0.02629,0.30787,0.01618,0.00491
0.01273,0.01892,0.01975,0.02278,0.29429,0.26684,0.01578,0.03045,0.02265,0.01187,0.01388,0.07363,0.09167,0.02691,0.01067,0.03665,0.00873,0.00515,0.00730,0.00936
0.00243,0.09916,0.02459,0.01653,0.04133,0.00909,0.07029,0.05153,0.16681,0.19531,0.00867,0.05792,0.05665,0.01274,0.11420,0.06415,0.00349,0.00301,0.00114,0.00096
0.01540,0.07938,0.00600,0.00529,0.00824,0.01058,0.02244,0.02072,0.01282,0.00844,0.03004,0.29228,0.05314,0.28677,0.05145,0.06744,0.00186,0.01635,0.00490,0.00646
0.01149,0.01589,0.41256,0.00997,0.00704,0.00446,0.00949,0.00293,0.03023,0.44389,0.03370,0.00271,0.00396,0.00417,0.00291,0.00118,0.00084,0.00115,0.00073,0.00072
0.01268,0.01927,0.00878,0.02409,0.33608,0.29276,0.00913,0.09255,0.01295,0.01009,0.00282,0.00537,0.00782,0.00486,0.00477,0.00994,0.01035,0.00403,0.00151,0.13012
0.01381,0.06665,0.23411,0.02006,0.01953,0.02182,0.07214,0.00686,0.02728,0.24756,0.01604,0.06232,0.05088,0.03151,0.04514,0.02992,0.00647,0.00214,0.01932,0.00643
0.01521,0.11411,0.22601,0.01461,0.01934,0.01344,0.04698,0.26505,0.01472,0.01130,0.03804,0.01241,0.01794,0.03030,0.12118,0.00631,0.00935,0.00473,0.00457,0.01442
0.01021,0.12028,0.28017,0.01143,0.05447,0.00773,0.02003,0.00961,0.01604,0.25596,0.00911,0.00959,0.02265,0.00639,0.03256,0.09719,0.02032,0.00732,0.00216,0.00680
0.00832,0.06034,0.21545,0.02066,0.01411,0.01754,0.03328,0.01547,0.01708,0.18748,0.00971,0.15932,0.15247,0.01576,0.00572,0.04509,0.00569,0.00271,0.00339,0.01040
0.00980,0.19742,0.01001,0.02503,0.03788,0.02532,0.01234,0.00924,0.05671,0.04709,0.00313,0.16462,0.14198,0.01216,0.20886,0.02202,0.00168,0.00442,0.00564,0.00464
0.01326,0.09849,0.02164,0.11242,0.01045,0.00769,0.07906,0.01311,0.23449,0.22448,0.01133,0.01679,0.02231,0.02371,0.08774,0.00411,0.00844,0.00868,0.00037,0.00142
0.01302,0.01059,0.02568,0.31810,0.01525,0.00852,0.04526,0.01442,0.30293,0.01801,0.07045,0.06413,0.05914,0.00854,0.00310,0.00954,0.00315,0.00224,0.00482,0.00311
0.01564,0.00927,0.02317,0.01837,0.00888,0.01936,0.05457,0.01082,0.01282,0.01209,0.01513,0.36844,0.16802,0.18379,0.00877,0.03695,0.00395,0.02477,0.00037,0.00482
0.02008,0.04696,0.00803,0.00672,0.02207,0.00689,0.02086,0.00807,0.38311,0.40698,0.00533,0.00495,0.00189,0.01383,0.00602,0.00722,0.00678,0.01104,0.01124,0.00196
0.03196,0.01995,0.38428,0.04535,0.00312,0.02401,0.00819,0.36928,0.01501,0.00567,0.00706,0.00577,0.03963,0.00823,0.00560,0.01240,0.00407,0.00490,0.00117,0.00436
0.00905,0.02343,0.22088,0.01621,0.03206,0.01259,0.04686,0.01644,0.01867,0.19533,0.02929,0.11497,0.11833,0.03706,0.01528,0.08779,0.00280,0.00101,0.00102,0.00093
0.01271,0.04688,0.03655,0.37359,0.03306,0.01775,0.02145,0.01157,0.34836,0.00940,0.00348,0.02595,0.00757,0.01397,0.01354,0.00270,0.00541,0.00782,0.00301,0.00523
0.02776,0.04042,0.01149,0.01498,0.25627,0.23749,0.00868,0.08903,0.00838,0.01528,0.09379,0.01912,0.03859,0.03194,0.02772,0.00077,0.00556,0.00117,0.00054,0.07101
0.15198,0.22535,0.03235,0.04575,0.00877,0.00854,0.03347,0.02046,0.01528,0.01200,0.13112,0.00465,0.04946,0.01302,0.21041,0.00847,0.01032,0.00542,0.00753,0.00565
0.02369,0.10854,0.01189,0.01358,0.01517,0.01353,0.03969,0.02148,0.19481,0.19374,0.00498,0.01362,0.06831,0.03125,0.11621,0.05068,0.02692,0.00358,0.02687,0.02146
0.01089,0.05899,0.00757,0.05451,0.00280,0.01360,0.05908,0.00330,0.02820,0.02489,0.02602,0.01324,0.02605,0.00533,0.13609,0.01832,0.19757,0.09093,0.21808,0.00457
0.00516,0.01742,0.42343,0.00729,0.03241,0.02504,0.00275,0.41996,0.00376,0.00534,0.00528,0.00726,0.00869,0.01222,0.00555,0.00286,0.00620,0.00168,0.00609,0.00161
0.01159,0.15033,0.01548,0.01059,0.05498,0.00897,0.03494,0.01700,0.08055,0.11462,0.02142,0.12469,0.11021,0.00913,0.13872,0.00666,0.04132,0.00508,0.00716,0.03658
0.00886,0.00534,0.00580,0.00495,0.02664,0.03379,0.00494,0.00361,0.01460,0.01256,0.05471,0.00496,0.00954,0.00479,0.17337,0.01022,0.22937,0.16451,0.22194,0.00551
0.01303,0.13656,0.24137,0.01756,0.00692,0.02587,0.01613,0.03432,0.02357,0.21966,0.01328,0.01345,0.00408,0.05070,0.13448,0.01342,0.00974,0.00472,0.01874,0.00241
0.03631,0.13787,0.01928,0.02485,0.01015,0.02712,0.02849,0.01344,0.12679,0.13653,0.04068,0.07482,0.04294,0.02218,0.13587,0.01339,0.04527,0.00657,0.03533,0.02214
0.28033,0.06077,0.01298,0.00880,0.03108,0.03338,0.03365,0.00900,0.00326,0.00888,0.22269,0.09924,0.07186,0.03738,0.01240,0.00941,0.04511,0.00197,0.01527,0.00253
0.37663,0.02876,0.00445,0.02169,0.03435,0.01842,0.01016,0.02790,0.00903,0.01677,0.37532,0.02036,0.01464,0.00567,0.01027,0.00909,0.00073,0.00075,0.00200,0.01302
0.38823,0.00318,0.01720,0.02563,0.01099,0.39467,0.04425,0.01248,0.00460,0.01603,0.00638,0.01042,0.00821,0.00953,0.00422,0.02204,0.00492,0.00400,0.00476,0.00828
0.02447,0.02227,0.00708,0.02109,0.00569,0.01784,0.04327,0.02221,0.00679,0.00755,0.02046,0.00784,0.01402,0.00750,0.34123,0.00941,0.05040,0.34093,0.00161,0.02833
0.15396,0.08166,0.01644,0.00898,0.02392,0.12946,0.14710,0.02588,0.02043,0.03113,0.00738,0.03515,0.03035,0.04620,0.07508,0.03211,0.01327,0.01437,0.09567,0.01144
0.01782,0.03887,0.01888,0.01589,0.36865,0.34636,0.10742,0.01861,0.00573,0.00435,0.00456,0.00538,0.01781,0.00636,0.00860,0.00467,0.00441,0.00283,0.00148,0.00133
0.04190,0.01070,0.25071,0.01161,0.00957,0.04507,0.08531,0.01827,0.01962,0.23285,0.01239,0.09723,0.10554,0.01787,0.00767,0.00899,0.01590,0.00402,0.00437,0.00044
0.01837,0.09149,0.03212,0.04837,0.13840,0.11920,0.02222,0.03454,0.01259,0.01700,0.02935,0.15422,0.14223,0.03142,0.06654,0.00407,0.01808,0.00260,0.00188,0.01529
0.01188,0.01311,0.05167,0.01314,0.01308,0.01053,0.06391,0.01001,0.25623,0.24649,0.01636,0.09550,0.10300,0.04736,0.01117,0.00770,0.00988,0.00652,0.00214,0.01032
0.18488,0.16948,0.02461,0.03202,0.02607,0.04149,0.01699,0.00602,0.00046,0.02210,0.19232,0.03687,0.02132,0.01651,0.15168,0.01120,0.01628,0.01005,0.00245,0.01720
0.03766,0.05078,0.11911,0.08187,0.05987,0.02730,0.08298,0.03803,0.03905,0.15747,0.01700,0.10265,0.13142,0.01192,0.00705,0.01750,0.00723,0.00655,0.00153,0.00303
0.22997,0.03397,0.03594,0.01081,0.01686,0.01936,0.01575,0.00629,0.00736,0.02315,0.18594,0.10854,0.08357,0.03354,0.01656,0.01118,0.02895,0.11023,0.00994,0.01208
0.00785,0.05179,0.02576,0.01380,0.01696,0.01464,0.01191,0.02618,0.01475,0.02299,0.01139,0.01286,0.02233,0.00272,0.38542,0.00409,0.00673,0.31974,0.00252,0.02558
0.36568,0.05687,0.00733,0.01873,0.01559,0.36600,0.00695,0.00885,0.00141,0.01011,0.00645,0.02097,0.00850,0.03823,0.05359,0.00275,0.00206,0.00634,0.00186,0.00173
0.24877,0.04495,0.05293,0.00413,0.00649,0.03908,0.02400,0.04478,0.02260,0.01290,0.23471,0.07776,0.09357,0.01597,0.02417,0.03420,0.00934,0.00729,0.00100,0.00137
0.00486,0.00726,0.00556,0.00835,0.43838,0.40276,0.01322,0.00975,0.00619,0.01947,0.00651,0.00917,0.01411,0.00288,0.01226,0.00324,0.00165,0.00952,0.02202,0.00284
0.26262,0.07930,0.01986,0.04286,0.02893,0.28711,0.02100,0.01976,0.04790,0.01212,0.01150,0.01734,0.04153,0.01534,0.05709,0.00250,0.01446,0.00110,0.00642,0.01124
0.23165,0.08462,0.02502,0.09215,0.01227,0.22582,0.01908,0.01608,0.09688,0.02842,0.01588,0.01256,0.02491,0.00722,0.06955,0.00629,0.00940,0.00627,0.00524,0.01069
0.01383,0.02862,0.02249,0.00602,0.00807,0.02886,0.00731,0.01683,0.08437,0.11043,0.01825,0.00831,0.01030,0.02144,0.00603,0.01037,0.29055,0.00756,0.01195,0.28841
0.28246,0.09675,0.01234,0.01403,0.02983,0.29630,0.02434,0.01796,0.00231,0.00357,0.03698,0.02982,0.02280,0.02727,0.05895,0.02202,0.00436,0.00199,0.00655,0.00938
0.01780,0.08009,0.31093,0.02644,0.04618,0.01213,0.02038,0.00578,0.00819,0.29772,0.02517,0.05569,0.04353,0.00604,0.02407,0.00838,0.00120,0.00425,0.00450,0.00154
0.02149,0.10676,0.30467,0.01456,0.00665,0.01316,0.01546,0.32858,0.00656,0.00858,0.01066,0.01691,0.00700,0.01093,0.08434,0.01004,0.02179,0.00641,0.00044,0.00500
0.13349,0.31693,0.00282,0.00412,0.33365,0.02381,0.01361,0.00980,0.00258,0.00555,0.08960,0.00844,0.00847,0.01370,0.00668,0.00612,0.00505,0.01012,0.00259,0.00289
0.04329,0.01497,0.18916,0.02114,0.01169,0.00829,0.02527,0.01615,0.01398,0.19481,0.06036,0.16005,0.15920,0.00717,0.01632,0.00670,0.03369,0.00857,0.00368,0.00552
0.01974,0.03766,0.00358,0.27125,0.02885,0.03910,0.01633,0.00554,0.26827,0.00334,0.00110,0.08387,0.01800,0.10912,0.05208,0.01143,0.00934,0.00847,0.00445,0.00847
0.38171,0.00983,0.00340,0.00646,0.01410,0.39458,0.03732,0.02144,0.00221,0.00490,0.00491,0.03816,0.02208,0.02370,0.00408,0.01666,0.00436,0.00372,0.00139,0.00501
0.35749,0.01985,0.02117,0.05757,0.00814,0.33606,0.01730,0.03943,0.00514,0.00472,0.01113,0.03500,0.01318,0.01513,0.01157,0.00455,0.00475,0.00215,0.02663,0.00904
0.00780,0.08782,0.28310,0.03976,0.00555,0.01124,0.02633,0.02770,0.01106,0.29255,0.01901,0.03670,0.03109,0.00577,0.06756,0.00098,0.00594,0.00401,0.02055,0.01549
0.15983,0.14428,0.02932,0.03095,0.02402,0.16047,0.02059,0.04405,0.00694,0.03179,0.04367,0.08304,0.08658,0.00687,0.10891,0.00525,0.00316,0.00296,0.00615,0.00116
0.01016,0.01575,0.02832,0.05376,0.02926,0.04144,0.01448,0.02129,0.00596,0.01341,0.01285,0.01444,0.00408,0.00565,0.36146,0.01345,0.00195,0.34643,0.00091,0.00495
0.01259,0.02220,0.00565,0.03329,0.36856,0.33558,0.00724,0.01402,0.01633,0.01182,0.00905,0.04417,0.03713,0.04096,0.00841,0.01644,0.00170,0.00376,0.00591,0.00519
0.00604,0.02799,0.39563,0.00378,0.05824,0.01522,0.01825,0.01831,0.02133,0.37960,0.01913,0.00645,0.00954,0.00649,0.00222,0.00399,0.00130,0.00114,0.00222,0.00314
0.05458,0.02818,0.04473,0.02003,0.02525,0.02957,0.03706,0.07212,0.28877,0.29271,0.00964,0.03226,0.01749,0.01306,0.01040,0.00933,0.00296,0.00649,0.00022,0.00514
0.01055,0.03908,0.04079,0.01041,0.04263,0.01216,0.06135,0.01110,0.01720,0.01815,0.02163,0.27232,0.05782,0.22615,0.00645,0.08128,0.03824,0.00640,0.01038,0.01591
0.21069,0.17826,0.02311,0.02026,0.02110,0.00622,0.02448,0.01597,0.00979,0.02062,0.19641,0.03014,0.03225,0.00514,0.18141,0.00626,0.00203,0.00961,0.00559,0.00067
0.23344,0.07735,0.01726,0.02834,0.03479,0.24970,0.07644,0.03375,0.01211,0.01620,0.02140,0.03429,0.04549,0.02098,0.06176,0.00305,0.01404,0.00719,0.00144,0.01097
0.01223,0.01947,0.00192,0.01006,0.01200,0.00594,0.02737,0.00453,0.37626,0.38637,0.02631,0.00561,0.02490,0.00401,0.01447,0.04335,0.01493,0.00219,0.00544,0.00266
0.33843,0.06358,0.00552,0.02350,0.00338,0.32878,0.00836,0.01830,0.00245,0.01627,0.00183,0.04966,0.01133,0.05420,0.04790,0.00603,0.00437,0.00698,0.00445,0.00467
0.02167,0.02229,0.01657,0.02282,0.00640,0.02601,0.06511,0.01424,0.01021,0.00527,0.02281,0.33821,0.07121,0.29714,0.01296,0.01486,0.01886,0.00243,0.00681,0.00413
0.03394,0.04695,0.00671,0.00859,0.01239,0.03894,0.03197,0.02715,0.25030,0.26386,0.01885,0.07135,0.07485,0.00609,0.01372,0.00465,0.04657,0.00020,0.00053,0.04237
0.04915,0.07129,0.02924,0.04177,0.02259,0.06567,0.01462,0.00964,0.01889,0.02306,0.01436,0.00380,0.03001,0.03718,0.29887,0.00252,0.00249,0.24641,0.01401,0.00442
0.02833,0.07469,0.00613,0.01783,0.01813,0.01313,0.00526,0.01253,0.00954,0.00781,0.02066,0.31230,0.12802,0.26626,0.06073,0.00472,0.00483,0.00199,0.00305,0.00408
0.01808,0.02870,0.01533,0.01925,0.05059,0.02109,0.02253,0.03444,0.03536,0.02798,0.01371,0.29908,0.01150,0.28595,0.04099,0.05366,0.00699,0.00521,0.00466,0.00491
0.00847,0.12467,0.28059,0.01321,0.01192,0.01191,0.00642,0.00590,0.00497,0.26362,0.01851,0.02178,0.05525,0.02018,0.09966,0.02853,0.00978,0.00622,0.00130,0.00710
0.00343,0.11385,0.01892,0.00962,0.00748,0.00906,0.01283,0.09408,0.20123,0.20178,0.04393,0.01331,0.00249,0.01809,0.13375,0.03326,0.00082,0.00443,0.00994,0.06771
0.01953,0.00517,0.01535,0.09641,0.00397,0.00631,0.04239,0.04268,0.01002,0.02094,0.00295,0.01943,0.02539,0.01064,0.34209,0.00627,0.00399,0.32201,0.00101,0.00343
0.16116,0.10510,0.00792,0.01296,0.12999,0.01846,0.06374,0.01539,0.02712,0.01032,0.14826,0.10307,0.10857,0.00831,0.05250,0.01893,0.00297,0.00157,0.00280,0.00085
0.01623,0.01379,0.01360,0.01020,0.04076,0.01360,0.04223,0.01433,0.35187,0.37662,0.00915,0.00738,0.01372,0.00455,0.01115,0.00301,0.03752,0.00304,0.00833,0.00894
0.16671,0.00941,0.03578,0.07319,0.02440,0.01016,0.03938,0.00808,0.01494,0.00979,0.27257,0.11610,0.14395,0.02862,0.00630,0.01461,0.00808,0.01390,0.00187,0.00217
0.00708,0.00929,0.01669,0.08196,0.00809,0.00708,0.06459,0.02669,0.27530,0.26868,0.03420,0.07934,0.06001,0.01489,0.00603,0.01573,0.01423,0.00431,0.00124,0.00456
0.01171,0.01168,0.07524,0.01213,0.01248,0.01227,0.02201,0.04552,0.02282,0.01354,0.01374,0.35983,0.00527,0.35837,0.00495,0.00289,0.01086,0.00168,0.00102,0.00200
0.06116,0.03275,0.03534,0.00468,0.01841,0.05439,0.01235,0.00687,0.29746,0.31953,0.03021,0.01545,0.04032,0.01320,0.01588,0.00819,0.01356,0.00924,0.00362,0.00736
0.03316,0.04913,0.01414,0.01724,0.03585,0.01821,0.02579,0.01417,0.14033,0.13976,0.02640,0.06381,0.06386,0.00374,0.01246,0.02078,0.15500,0.00036,0.00677,0.15905
0.01483,0.08302,0.00991,0.01382,0.01973,0.01398,0.08135,0.02603,0.26063,0.25767,0.00327,0.02293,0.01512,0.01716,0.06553,0.06948,0.01015,0.00602,0.00617,0.00319
0.01678,0.09742,0.01578,0.00366,0.02361,0.01111,0.07156,0.03844,0.01607,0.00696,0.00696,0.30053,0.04544,0.24699,0.06864,0.01033,0.00151,0.00448,0.00282,0.01092
0.00998,0.12913,0.02135,0.01011,0.01143,0.02093,0.00978,0.01533,0.01418,0.01813,0.02410,0.25690,0.00819,0.28062,0.11576,0.02476,0.01835,0.00218,0.00462,0.00417
0.02953,0.12163,0.11600,0.02066,0.02419,0.02573,0.02807,0.03910,0.03543,0.14334,0.02492,0.08338,0.08181,0.00761,0.10904,0.03743,0.00992,0.00354,0.03245,0.02622
0.01022,0.03270,0.01516,0.02220,0.01257,0.00828,0.00525,0.00615,0.24239,0.26095,0.01466,0.03826,0.01429,0.01786,0.02022,0.00597,0.13846,0.01006,0.00096,0.12339
0.02416,0.10242,0.02313,0.01853,0.00319,0.00296,0.03519,0.00695,0.01694,0.00901,0.02373,0.26412,0.02610,0.29332,0.09398,0.01766,0.01475,0.01751,0.00350,0.00284
0.05149,0.01914,0.30734,0.01223,0.02415,0.03463,0.01607,0.00891,0.00207,0.29677,0.03094,0.04290,0.02132,0.04126,0.03242,0.04100,0.00246,0.00390,0.00159,0.00941
0.00480,0.01200,0.00700,0.04372,0.01432,0.01607,0.17072,0.03930,0.02095,0.02294,0.00394,0.21512,0.00410,0.23345,0.01204,0.15261,0.00781,0.00672,0.00077,0.01161
0.23263,0.10756,0.00490,0.00916,0.03620,0.02026,0.02043,0.04122,0.00655,0.00654,0.20835,0.05083,0.02870,0.03479,0.12805,0.01182,0.00650,0.00312,0.02213,0.02027
0.03653,0.02510,0.08357,0.03139,0.02207,0.01287,0.04691,0.13043,0.01819,0.01143,0.03616,0.20556,0.18547,0.01305,0.02444,0.03695,0.01605,0.04430,0.00979,0.00972
0.03207,0.15543,0.17801,0.04540,0.03962,0.01936,0.00903,0.00536,0.00223,0.17723,0.04131,0.05955,0.05864,0.00992,0.15177,0.00428,0.00367,0.00212,0.00184,0.00316
0.00975,0.05378,0.00311,0.01940,0.46240,0.37446,0.00250,0.01183,0.00496,0.00418,0.00486,0.00394,0.00803,0.00115,0.01092,0.00385,0.00324,0.00291,0.00920,0.00555
0.30536,0.02887,0.03715,0.01174,0.00394,0.29120,0.06303,0.01658,0.03568,0.02973,0.02037,0.01303,0.02606,0.03270,0.03321,0.01895,0.00641,0.01224,0.01177,0.00198
0.01379,0.04567,0.00731,0.01940,0.01077,0.01880,0.01206,0.02122,0.04265,0.01136,0.00316,0.35902,0.29492,0.08908,0.03176,0.01293,0.00237,0.00008,0.00232,0.00135
0.01874,0.07996,0.27538,0.00383,0.00532,0.00886,0.02594,0.00905,0.00905,0.24920,0.00986,0.01029,0.08427,0.01320,0.09883,0.07301,0.00309,0.00900,0.00489,0.00823
0.02507,0.09179,0.14850,0.02285,0.01173,0.00463,0.11737,0.13971,0.00416,0.00773,0.02879,0.08591,0.10914,0.01047,0.07445,0.08110,0.00291,0.02783,0.00532,0.00054
0.11910,0.21702,0.03159,0.02924,0.03322,0.14466,0.01623,0.01877,0.00578,0.04039,0.01768,0.00266,0.00770,0.02035,0.23068,0.02882,0.01059,0.01469,0.00063,0.01020
0.03288,0.13278,0.00626,0.10032,0.00596,0.01227,0.03918,0.01433,0.01010,0.03111,0.03327,0.16066,0.17302,0.00645,0.16976,0.00220,0.00588,0.05065,0.00959,0.00333
0.01051,0.02473,0.38364,0.01102,0.02492,0.00757,0.01720,0.02494,0.00296,0.39268,0.03646,0.01684,0.01135,0.00282,0.00426,0.00315,0.00867,0.01268,0.00068,0.00291
0.31333,0.01103,0.01975,0.02109,0.00522,0.01410,0.06469,0.01043,0.02049,0.02633,0.28678,0.08067,0.07898,0.01194,0.00264,0.01932,0.00433,0.00252,0.00089,0.00549
0.02778,0.07327,0.03966,0.02189,0.06503,0.02901,0.04995,0.06779,0.00760,0.03944,0.02563,0.17799,0.01416,0.17700,0.04915,0.06242,0.01664,0.03713,0.00530,0.01315
0.27110,0.04684,0.01805,0.01908,0.00768,0.02303,0.05457,0.05063,0.01881,0.00492,0.24561,0.05454,0.06262,0.02165,0.04217,0.00459,0.00698,0.03694,0.00004,0.01014
0.41470,0.02177,0.03691,0.00912,0.01826,0.41482,0.00449,0.01414,0.00237,0.01260,0.00290,0.00805,0.00747,0.00416,0.01369,0.00581,0.00487,0.00041,0.00044,0.00301
0.02576,0.04075,0.02966,0.05302,0.02677,0.06185,0.02341,0.03827,0.01075,0.00647,0.01556,0.00945,0.01141,0.01067,0.32200,0.00392,0.00827,0.28552,0.00679,0.00969
0.01431,0.01895,0.01691,0.09608,0.03474,0.01407,0.17789,0.00484,0.00690,0.00856,0.02035,0.20996,0.01072,0.22151,0.00322,0.12197,0.00958,0.00249,0.00379,0.00313
0.20079,0.13318,0.00517,0.09288,0.01631,0.01422,0.03146,0.03167,0.01099,0.00402,0.18768,0.01328,0.06338,0.00532,0.13091,0.04458,0.00251,0.00531,0.00129,0.00505
0.01145,0.06544,0.00999,0.00864,0.01010,0.01740,0.01195,0.00851,0.05150,0.00801,0.01261,0.27762,0.09266,0.25104,0.08798,0.02663,0.01672,0.02682,0.00362,0.00129
0.01841,0.01368,0.03071,0.00714,0.00633,0.01303,0.03553,0.01805,0.09370,0.10651,0.01866,0.02501,0.03872,0.00307,0.00302,0.01030,0.27840,0.01573,0.00428,0.25970
0.00258,0.00127,0.00170,0.01959,0.39579,0.40659,0.01084,0.00472,0.02883,0.00406,0.00336,0.00672,0.06870,0.03419,0.00295,0.00194,0.00186,0.00213,0.00091,0.00128
0.00342,0.00911,0.02621,0.01199,0.01970,0.01146,0.00513,0.05008,0.40045,0.40973,0.00775,0.00569,0.00311,0.00621,0.00938,0.00467,0.00216,0.00913,0.00295,0.00167
0.17980,0.08163,0.00903,0.02757,0.05442,0.15394,0.01942,0.03124,0.01641,0.02792,0.02764,0.06314,0.16996,0.06556,0.03862,0.01523,0.00547,0.00643,0.00445,0.00211
0.37087,0.00494,0.01613,0.02273,0.00562,0.00976,0.02165,0.03364,0.02201,0.01441,0.40196,0.02222,0.01269,0.02124,0.00586,0.00327,0.00219,0.00301,0.00186,0.00394
0.03316,0.04154,0.03856,0.02712,0.02246,0.01971,0.05670,0.02746,0.17646,0.21155,0.01683,0.12134,0.10854,0.01573,0.01550,0.01652,0.02009,0.00775,0.01439,0.00860
0.01734,0.00894,0.03044,0.01846,0.01142,0.01251,0.03464,0.00667,0.04289,0.04685,0.03309,0.29117,0.19813,0.13542,0.01167,0.05117,0.01744,0.00491,0.00561,0.02122
0.20402,0.02580,0.00957,0.04575,0.02574,0.01715,0.03235,0.01235,0.02806,0.00630,0.19484,0.13808,0.14056,0.04418,0.02445,0.02863,0.00370,0.00700,0.00802,0.00345
0.31994,0.01565,0.03596,0.00963,0.00358,0.02691,0.11717,0.03166,0.01017,0.02292,0.29260,0.02007,0.00957,0.01105,0.00695,0.04081,0.00507,0.00252,0.00876,0.00901
0.01530,0.05638,0.02120,0.05577,0.13205,0.14911,0.01174,0.19281,0.00263,0.01450,0.00897,0.01456,0.01591,0.02132,0.06641,0.04858,0.00795,0.00265,0.00213,0.16002
0.34515,0.00946,0.01191,0.01254,0.03278,0.33224,0.09707,0.00341,0.00406,0.00851,0.00626,0.02388,0.01917,0.00917,0.00327,0.03269,0.01187,0.01542,0.01840,0.00274
0.00900,0.05748,0.01072,0.01611,0.02238,0.00706,0.13751,0.02834,0.17717,0.20227,0.01373,0.01235,0.01482,0.00869,0.01487,0.01596,0.12370,0.00230,0.00097,0.12459
0.22673,0.17069,0.00963,0.01950,0.02770,0.19431,0.04006,0.00791,0.01057,0.01086,0.03170,0.00993,0.01694,0.00545,0.12578,0.03773,0.00806,0.02687,0.00678,0.01281
0.17354,0.19184,0.01153,0.04398,0.02422,0.03691,0.02588,0.01269,0.00853,0.00594,0.14800,0.04033,0.01701,0.02643,0.19474,0.00773,0.01753,0.00371,0.00411,0.00536
0.01259,0.04190,0.00614,0.21542,0.03147,0.00432,0.01762,0.00841,0.19516,0.00755,0.02454,0.20636,0.19061,0.00532,0.00677,0.01057,0.00159,0.00761,0.00175,0.00429
0.02856,0.00809,0.00569,0.00410,0.01130,0.00972,0.01320,0.01367,0.00529,0.00296,0.13368,0.09112,0.10789,0.00230,0.23508,0.01889,0.05828,0.23241,0.01083,0.00694
0.02819,0.02604,0.00935,0.02767,0.36226,0.28593,0.00730,0.02852,0.00644,0.00977,0.00422,0.05672,0.07077,0.01991,0.01738,0.01059,0.02176,0.00391,0.00086,0.00240
0.00749,0.03248,0.41036,0.00438,0.00957,0.01135,0.02041,0.02456,0.00483,0.38008,0.00897,0.01417,0.02143,0.00325,0.01728,0.00540,0.01160,0.00690,0.00192,0.00355
0.36823,0.02498,0.02482,0.01941,0.03332,0.36595,0.01352,0.00769,0.01848,0.01942,0.01986,0.00901,0.01315,0.00822,0.02278,0.01808,0.00386,0.00608,0.00142,0.00171
0.00973,0.08361,0.02263,0.01324,0.01583,0.01592,0.01593,0.01014,0.01684,0.02661,0.01743,0.27902,0.24970,0.15017,0.05018,0.00532,0.00659,0.00504,0.00463,0.00145
0.05591,0.34597,0.01265,0.01444,0.02624,0.02333,0.02950,0.00720,0.00703,0.02148,0.04912,0.00480,0.02234,0.01544,0.30766,0.01678,0.01994,0.00818,0.00812,0.00387
0.34604,0.00452,0.01763,0.09805,0.01035,0.31485,0.02144,0.00800,0.03578,0.04488,0.02611,0.00904,0.02937,0.01284,0.00609,0.00172,0.00643,0.00086,0.00276,0.00324
0.23747,0.02222,0.00410,0.00918,0.04919,0.03098,0.00811,0.01217,0.00163,0.00798,0.20759,0.17959,0.15607,0.02345,0.01684,0.01345,0.00617,0.00547,0.00600,0.00234
0.21501,0.13082,0.05435,0.02344,0.02270,0.20706,0.04943,0.05401,0.00760,0.01962,0.00679,0.01641,0.01381,0.01925,0.12748,0.00698,0.00367,0.00986,0.00317,0.00855
0.17635,0.25390,0.00366,0.00480,0.29031,0.00426,0.04607,0.00128,0.00521,0.00350,0.14015,0.00528,0.00792,0.00329,0.00818,0.00606,0.00266,0.00140,0.03271,0.00303
0.00659,0.01218,0.17014,0.00620,0.00990,0.00546,0.00531,0.02131,0.00820,0.21990,0.19124,0.13210,0.19641,0.00374,0.00553,0.00103,0.00132,0.00266,0.00051,0.00027
0.00915,0.03020,0.24355,0.02826,0.00842,0.02952,0.02030,0.01049,0.02047,0.23254,0.00340,0.15682,0.13686,0.02279,0.01741,0.00919,0.00654,0.00160,0.00241,0.01006
0.34054,0.04483,0.01346,0.00390,0.00786,0.01719,0.04082,0.00762,0.02274,0.03508,0.33311,0.00412,0.00556,0.01855,0.05090,0.00512,0.00607,0.03462,0.00311,0.00479
0.06349,0.26285,0.01592,0.03176,0.00312,0.03008,0.03737,0.04835,0.01836,0.01908,0.05600,0.02235,0.03684,0.00661,0.27866,0.02415,0.00923,0.01121,0.01773,0.00682
0.01831,0.06483,0.03551,0.00336,0.01065,0.02080,0.01663,0.00748,0.12742,0.15124,0.03774,0.18476,0.15870,0.01295,0.05724,0.03805,0.02949,0.02060,0.00222,0.00201
0.03045,0.13429,0.21584,0.00623,0.01565,0.05424,0.01298,0.00358,0.00815,0.20025,0.00599,0.02718,0.02226,0.00881,0.15214,0.01665,0.03827,0.00374,0.00898,0.03433
0.02903,0.02040,0.28343,0.04613,0.00425,0.03190,0.01618,0.02063,0.05300,0.27460,0.01468,0.04866,0.04034,0.03709,0.03282,0.00545,0.02045,0.00647,0.00859,0.00590
0.04796,0.04074,0.22781,0.07440,0.02451,0.04849,0.03963,0.01937,0.00473,0.22067,0.03286,0.00924,0.11261,0.02665,0.02234,0.01816,0.00828,0.00408,0.01096,0.00653
0.01345,0.01953,0.01175,0.00789,0.02317,0.00679,0.00843,0.06090,0.01161,0.00498,0.01171,0.00369,0.00864,0.00872,0.21330,0.01174,0.17104,0.20327,0.17439,0.02500
0.03143,0.02490,0.04455,0.01664,0.02670,0.05179,0.01619,0.02841,0.29343,0.28324,0.01865,0.02923,0.03594,0.02792,0.01052,0.01211,0.04179,0.00175,0.00017,0.00465
0.00510,0.00522,0.39905,0.05710,0.00450,0.00447,0.01740,0.04280,0.00606,0.40309,0.01975,0.00859,0.00440,0.00468,0.00328,0.00149,0.00245,0.00087,0.00155,0.00816
0.01068,0.16532,0.00735,0.01761,0.01137,0.01036,0.05799,0.07737,0.14944,0.14481,0.01061,0.04992,0.02230,0.01743,0.15531,0.00702,0.01962,0.01004,0.00476,0.05066
0.00466,0.02018,0.37543,0.03952,0.01106,0.01418,0.02251,0.02241,0.03997,0.37498,0.00972,0.00746,0.01483,0.00781,0.01298,0.00486,0.00595,0.00540,0.00343,0.00268
0.03333,0.01316,0.02226,0.01763,0.02722,0.01492,0.04447,0.02315,0.01335,0.03431,0.03887,0.00757,0.02871,0.01536,0.28378,0.02876,0.03525,0.27076,0.02376,0.02338
0.17630,0.08287,0.00442,0.01789,0.00345,0.18464,0.04168,0.03784,0.02161,0.00457,0.04688,0.06184,0.04172,0.13549,0.09529,0.00555,0.00767,0.00223,0.00176,0.02631
0.39731,0.00793,0.02605,0.02452,0.00310,0.01309,0.01461,0.04329,0.02903,0.01738,0.38165,0.00499,0.00168,0.00448,0.00297,0.00094,0.00903,0.00679,0.00168,0.00950
0.01593,0.04093,0.02426,0.01315,0.01093,0.04081,0.02996,0.02106,0.01023,0.03362,0.00661,0.01122,0.01484,0.00577,0.28884,0.00526,0.06813,0.24273,0.11305,0.00267
0.01883,0.01687,0.00888,0.02182,0.03204,0.02654,0.06755,0.01464,0.02288,0.01639,0.00933,0.01997,0.00893,0.00476,0.32020,0.01479,0.02683,0.33497,0.01017,0.00361
0.01611,0.00617,0.35506,0.00556,0.03671,0.05321,0.02709,0.01456,0.00558,0.32011,0.00995,0.03213,0.02123,0.03859,0.01174,0.01831,0.01232,0.00250,0.00545,0.00763
0.13034,0.25477,0.01729,0.03961,0.09773,0.04145,0.00434,0.00543,0.01661,0.00329,0.09369,0.00612,0.01944,0.00884,0.22448,0.02467,0.00358,0.00188,0.00400,0.00245
0.02367,0.01493,0.00682,0.00367,0.02246,0.00823,0.08191,0.00807,0.33847,0.35993,0.01519,0.00443,0.00856,0.00226,0.01129,0.01928,0.01795,0.01318,0.03265,0.00706
0.01168,0.00508,0.05244,0.01225,0.00726,0.00392,0.01694,0.01014,0.01071,0.00156,0.02009,0.39953,0.03928,0.38277,0.00335,0.00465,0.00821,0.00223,0.00580,0.00211
0.01578,0.00247,0.01187,0.02151,0.29566,0.26648,0.03529,0.01709,0.03451,0.01355,0.00830,0.05111,0.05516,0.11481,0.00556,0.01313,0.01946,0.00961,0.00477,0.00388
0.19689,0.01504,0.03373,0.00600,0.01738,0.18401,0.01952,0.06129,0.00326,0.00643,0.01523,0.16475,0.13581,0.02064,0.00615,0.01250,0.03447,0.00281,0.00848,0.05561
0.00313,0.02507,0.37994,0.04130,0.01886,0.00623,0.03725,0.01921,0.00704,0.37930,0.01113,0.01948,0.00864,0.01553,0.00528,0.00119,0.01117,0.00522,0.00290,0.00211
0.35953,0.04696,0.02120,0.01937,0.00984,0.00531,0.01499,0.01689,0.00846,0.03024,0.34908,0.01602,0.01559,0.01665,0.04946,0.00642,0.00449,0.00051,0.00417,0.00480
0.03141,0.08228,0.00931,0.00282,0.41129,0.31054,0.00878,0.00920,0.01073,0.01181,0.01285,0.02345,0.02912,0.00745,0.02492,0.00778,0.00161,0.00174,0.00119,0.00169
0.00870,0.07374,0.01871,0.01002,0.01640,0.00198,0.03608,0.01739,0.00426,0.00771,0.01400,0.34844,0.01228,0.34388,0.05031,0.02109,0.00513,0.00156,0.00047,0.00785
0.02681,0.02756,0.01972,0.02533,0.01840,0.01268,0.02442,0.01702,0.00295,0.00864,0.02982,0.30627,0.02853,0.33029,0.04226,0.06656,0.00463,0.00369,0.00138,0.00305
0.24110,0.15910,0.00974,0.04317,0.01354,0.23081,0.01908,0.03768,0.01107,0.00287,0.01456,0.00574,0.00841,0.01411,0.14603,0.01380,0.01378,0.00545,0.00374,0.00620
0.22420,0.02845,0.00826,0.01206,0.01374,0.19475,0.02080,0.01286,0.00610,0.00754,0.02256,0.16764,0.18071,0.00572,0.01237,0.02303,0.01718,0.00206,0.03585,0.00412
0.01461,0.06079,0.00572,0.01000,0.00548,0.01413,0.05121,0.01980,0.01007,0.00819,0.04389,0.31501,0.28086,0.03688,0.05041,0.04371,0.00612,0.00951,0.00872,0.00489
0.14666,0.01869,0.02546,0.01546,0.01347,0.12819,0.11826,0.03541,0.00716,0.01679,0.02506,0.12682,0.13969,0.02681,0.01050,0.01965,0.01672,0.00788,0.07929,0.02204
0.00499,0.02923,0.00683,0.01563,0.35688,0.32089,0.00189,0.07788,0.02300,0.00447,0.00205,0.00451,0.00262,0.00429,0.02375,0.00599,0.03642,0.02042,0.00103,0.05724
0.01377,0.13348,0.00714,0.02894,0.03658,0.01224,0.05346,0.01954,0.00365,0.00345,0.01101,0.23498,0.04218,0.19306,0.13744,0.02760,0.00343,0.02706,0.00328,0.00771
0.28549,0.03155,0.00184,0.01015,0.01449,0.27849,0.03722,0.01430,0.00803,0.00791,0.02475,0.10780,0.10083,0.01229,0.01317,0.03005,0.00669,0.00593,0.00127,0.00773
0.01446,0.02125,0.00918,0.01033,0.33694,0.31234,0.02487,0.07206,0.00990,0.01346,0.01463,0.00717,0.01768,0.02720,0.01918,0.04008,0.00287,0.00329,0.00157,0.04154
0.01165,0.08690,0.02381,0.05413,0.01054,0.01339,0.02586,0.03259,0.02181,0.00571,0.01620,0.23285,0.03384,0.28157,0.08841,0.03846,0.00481,0.00781,0.00593,0.00372
0.01463,0.02692,0.01280,0.02503,0.23764,0.20943,0.05234,0.04045,0.02163,0.01267,0.03097,0.11118,0.12788,0.01600,0.01135,0.04134,0.00146,0.00136,0.00476,0.00017
0.00987,0.01413,0.00824,0.03462,0.36219,0.35710,0.02596,0.02322,0.01267,0.01464,0.01742,0.02723,0.02926,0.02267,0.00415,0.02422,0.00501,0.00273,0.00092,0.00375
0.38833,0.01074,0.02749,0.00656,0.00951,0.00427,0.01435,0.02099,0.00668,0.00544,0.34838,0.01291,0.00699,0.01972,0.01783,0.00862,0.01475,0.06023,0.01328,0.00292
0.01638,0.02746,0.00793,0.00854,0.09125,0.09480,0.04230,0.24922,0.01683,0.01158,0.02152,0.02602,0.04240,0.00933,0.01554,0.03250,0.00884,0.02408,0.00199,0.25148
0.02414,0.01422,0.26259,0.02724,0.00587,0.02524,0.00517,0.00681,0.01042,0.25212,0.01799,0.15060,0.12673,0.02094,0.00633,0.02184,0.00504,0.00913,0.00308,0.00449
0.02825,0.12125,0.01937,0.01986,0.04643,0.00921,0.03949,0.02724,0.00926,0.00903,0.01760,0.07090,0.05609,0.00487,0.22506,0.01209,0.04387,0.16547,0.05436,0.02030
0.30944,0.02608,0.01137,0.01143,0.05316,0.01874,0.01915,0.01774,0.00659,0.02097,0.29617,0.02422,0.02200,0.04956,0.00664,0.04404,0.04145,0.00219,0.00940,0.00963
0.01798,0.04562,0.01483,0.03597,0.02871,0.01105,0.02302,0.01378,0.26760,0.27945,0.02306,0.00620,0.00419,0.00484,0.02332,0.02875,0.08307,0.00305,0.00186,0.08366
0.02148,0.03058,0.01487,0.01212,0.02133,0.01535,0.05752,0.03088,0.20426,0.23641,0.02032,0.13716,0.12970,0.00544,0.01565,0.00901,0.00871,0.00303,0.00102,0.02515
0.02289,0.04241,0.30923,0.06843,0.03278,0.01125,0.01940,0.30976,0.01784,0.00926,0.04984,0.01312,0.02808,0.00640,0.03252,0.01412,0.00220,0.00446,0.00180,0.00423
0.02233,0.03364,0.02488,0.07641,0.05317,0.02214,0.05591,0.01185,0.02812,0.04164,0.06323,0.16712,0.09745,0.08121,0.01459,0.16101,0.00902,0.00110,0.00648,0.02869
0.01242,0.03327,0.02099,0.01408,0.03599,0.01142,0.09842,0.00985,0.24179,0.25610,0.01812,0.05393,0.03678,0.02963,0.05052,0.01119,0.01268,0.04328,0.00054,0.00899
0.28236,0.00602,0.01242,0.05012,0.05747,0.02704,0.02669,0.03401,0.01349,0.00751,0.27672,0.07373,0.09351,0.00394,0.00604,0.01190,0.00321,0.00340,0.00412,0.00630
0.00798,0.01680,0.02302,0.06431,0.03708,0.01090,0.05677,0.00618,0.01418,0.01352,0.01147,0.33315,0.02619,0.32642,0.00223,0.02924,0.00525,0.00345,0.00380,0.00806
0.22955,0.13455,0.02463,0.04534,0.01813,0.00856,0.01691,0.02174,0.01306,0.01277,0.21025,0.01382,0.01838,0.04254,0.14879,0.01988,0.00216,0.01478,0.00105,0.00312
0.00667,0.07709,0.01056,0.00461,0.00397,0.01327,0.03633,0.01392,0.01053,0.00205,0.00829,0.25367,0.07983,0.37416,0.08353,0.00196,0.00619,0.00536,0.00668,0.00132
0.02423,0.02110,0.00961,0.00820,0.01371,0.01511,0.01870,0.02822,0.16551,0.17098,0.03298,0.14825,0.21832,0.05182,0.02776,0.01820,0.01738,0.00304,0.00330,0.00358
0.30435,0.04160,0.02494,0.04894,0.00625,0.31311,0.02210,0.04013,0.02355,0.02590,0.00894,0.02312,0.03817,0.03071,0.03180,0.00263,0.00083,0.00420,0.00251,0.00621
0.02306,0.05588,0.01843,0.00481,0.00877,0.02306,0.01089,0.02202,0.01511,0.01759,0.00432,0.07440,0.07165,0.01714,0.28127,0.02411,0.03691,0.26745,0.01266,0.01048
0.01053,0.05015,0.03039,0.00988,0.04703,0.01148,0.06223,0.02976,0.01117,0.01280,0.00987,0.27701,0.02584,0.28457,0.01179,0.05058,0.03537,0.00191,0.00616,0.02148
0.26629,0.13294,0.00526,0.01500,0.15657,0.01601,0.03742,0.00592,0.01698,0.02068,0.24109,0.00789,0.00900,0.00523,0.01724,0.01712,0.00398,0.00637,0.00009,0.01890
0.25000,0.00861,0.03428,0.02346,0.03597,0.05644,0.01854,0.03071,0.02815,0.01112,0.26758,0.09636,0.07144,0.03432,0.00731,0.01496,0.00273,0.00656,0.00106,0.00039
0.02631,0.07055,0.03801,0.00784,0.01298,0.01841,0.00647,0.01863,0.01076,0.01952,0.03614,0.29839,0.00437,0.30132,0.08916,0.02015,0.00300,0.01306,0.00296,0.00199
0.02542,0.04614,0.00675,0.31775,0.02426,0.01313,0.01708,0.02239,0.32086,0.01668,0.01960,0.02423,0.01347,0.04866,0.04819,0.00542,0.00562,0.01032,0.00518,0.00883
0.00943,0.01853,0.00784,0.00505,0.00943,0.01838,0.02928,0.07267,0.17950,0.17698,0.03166,0.09526,0.09632,0.02076,0.04886,0.02655,0.01411,0.03633,0.00649,0.09659
0.02142,0.05798,0.27681,0.01361,0.00429,0.02149,0.03574,0.01305,0.01245,0.27433,0.01241,0.08547,0.09942,0.00636,0.00559,0.01098,0.01161,0.01513,0.01407,0.00779
0.00813,0.00665,0.00592,0.01664,0.00674,0.00576,0.03682,0.00744,0.00809,0.00453,0.00876,0.31534,0.20384,0.33172,0.00454,0.01329,0.00196,0.00220,0.00261,0.00902
0.00583,0.03006,0.00956,0.07371,0.36637,0.31749,0.00661,0.07488,0.00143,0.00409,0.01887,0.01979,0.00484,0.00891,0.00383,0.01265,0.01445,0.00028,0.00323,0.02311
0.19776,0.02714,0.02696,0.01326,0.01555,0.16623,0.21071,0.01627,0.00905,0.00883,0.01750,0.00891,0.01297,0.01176,0.01991,0.03118,0.00506,0.01613,0.18445,0.00036
0.03271,0.08263,0.00442,0.02932,0.34920,0.30734,0.02403,0.00451,0.00807,0.00484,0.01800,0.01564,0.01252,0.00489,0.07738,0.00713,0.00629,0.00106,0.00119,0.00884
0.01611,0.23793,0.02614,0.01453,0.00396,0.01328,0.01214,0.02492,0.01398,0.00615,0.00821,0.15113,0.06398,0.09317,0.23751,0.07031,0.00312,0.00110,0.00075,0.00159
0.42376,0.02213,0.01735,0.00892,0.02297,0.42134,0.00648,0.00700,0.00265,0.00625,0.01761,0.00609,0.00709,0.00526,0.00911,0.00872,0.00178,0.00312,0.00175,0.00062
0.00852,0.04031,0.00624,0.03929,0.00256,0.00928,0.02626,0.00766,0.36572,0.36731,0.00780,0.01315,0.01834,0.01473,0.03277,0.02571,0.00120,0.00767,0.00080,0.00468
0.00871,0.12890,0.00713,0.22559,0.04935,0.00719,0.01514,0.01316,0.23941,0.01382,0.01015,0.05167,0.05819,0.00978,0.11788,0.02898,0.00528,0.00254,0.00274,0.00439
0.26009,0.05633,0.01661,0.03709,0.04146,0.31460,0.01596,0.00751,0.00803,0.01558,0.07848,0.02787,0.04534,0.00918,0.03067,0.01244,0.00716,0.00796,0.00295,0.00468
