0.03153,0.18739,0.09273,0.02900,0.05611,0.03603,0.03441,0.20469,0.02803,0.03239,0.01765,0.08788,0.01561,0.02163,0.02419,0.01662,0.01755,0.02553,0.01393,0.02709
0.24061,0.04265,0.07826,0.02501,0.04531,0.02618,0.07989,0.03125,0.06301,0.04891,0.03893,0.07705,0.01839,0.03520,0.03140,0.01677,0.01691,0.03810,0.01737,0.02880
0.03187,0.08623,0.07565,0.04335,0.06069,0.04068,0.06567,0.08913,0.04057,0.04987,0.04400,0.07365,0.03246,0.03796,0.03984,0.02330,0.04075,0.05136,0.02431,0.04866
0.24490,0.08934,0.04907,0.03232,0.03493,0.05890,0.03447,0.06313,0.06886,0.06672,0.02186,0.04772,0.01526,0.02455,0.02436,0.01786,0.01590,0.04018,0.01396,0.03570
0.06515,0.05468,0.06921,0.02300,0.04389,0.02598,0.18188,0.03285,0.08339,0.06757,0.05210,0.06994,0.01655,0.06377,0.03534,0.01665,0.01658,0.03723,0.01826,0.02597
0.12623,0.06963,0.06294,0.03707,0.04352,0.04908,0.06395,0.06112,0.06393,0.07674,0.03311,0.07521,0.02169,0.02855,0.03757,0.01983,0.01756,0.04947,0.01797,0.04484
0.24383,0.13837,0.07720,0.02252,0.01896,0.04047,0.03093,0.06925,0.04209,0.03750,0.01878,0.09397,0.01543,0.02241,0.02525,0.01386,0.01393,0.03515,0.01230,0.02781
0.10502,0.09939,0.04237,0.03348,0.03864,0.03920,0.06205,0.10481,0.06317,0.04535,0.03603,0.04575,0.02735,0.04162,0.04274,0.02096,0.02643,0.06854,0.02181,0.03528
0.08445,0.08053,0.14770,0.02162,0.03807,0.02961,0.05911,0.06883,0.05209,0.04444,0.02243,0.17128,0.01439,0.02987,0.02929,0.01407,0.01686,0.03641,0.01510,0.02384
0.14685,0.04029,0.13793,0.02066,0.03339,0.02303,0.05533,0.03583,0.05080,0.03444,0.03604,0.17139,0.01836,0.04041,0.03452,0.01825,0.01628,0.03748,0.02089,0.02782
0.07860,0.09673,0.05234,0.05826,0.03824,0.07426,0.04050,0.06703,0.06695,0.05390,0.03295,0.05432,0.02487,0.05032,0.03789,0.02663,0.03152,0.04197,0.02163,0.05108
0.08885,0.09742,0.07870,0.02993,0.02420,0.03704,0.09614,0.07065,0.07158,0.04406,0.03546,0.08232,0.01949,0.04414,0.03836,0.01948,0.02299,0.04876,0.01915,0.03127
0.25021,0.05588,0.03657,0.02374,0.03732,0.03317,0.08432,0.04933,0.07140,0.07511,0.03112,0.04148,0.01688,0.03575,0.02912,0.01402,0.01655,0.04844,0.01485,0.03475
0.31424,0.05625,0.14533,0.01578,0.01624,0.02761,0.02358,0.05439,0.02915,0.02619,0.01686,0.13381,0.01360,0.01835,0.02245,0.01263,0.01435,0.02876,0.01196,0.01848
0.08677,0.10147,0.08448,0.02733,0.12303,0.03156,0.05366,0.13197,0.03154,0.03612,0.02224,0.07835,0.01908,0.02989,0.02673,0.01598,0.02172,0.02762,0.02114,0.02932
0.12257,0.04441,0.16929,0.02139,0.03931,0.02547,0.04446,0.04209,0.03683,0.03185,0.02704,0.18932,0.02045,0.03845,0.03139,0.01920,0.01668,0.03497,0.01987,0.02497
0.03688,0.08397,0.04451,0.04013,0.05085,0.05103,0.07721,0.19251,0.05810,0.04917,0.03356,0.04298,0.02526,0.03582,0.03179,0.01951,0.02557,0.03889,0.01964,0.04263
0.03870,0.06053,0.07093,0.03109,0.15002,0.02851,0.09824,0.07544,0.03917,0.04119,0.04363,0.07358,0.02400,0.04086,0.03652,0.02359,0.02382,0.03736,0.02642,0.03639
0.03563,0.08925,0.05364,0.02836,0.15672,0.03740,0.08642,0.11074,0.04907,0.04164,0.02851,0.05933,0.02014,0.03111,0.03365,0.01643,0.02471,0.03983,0.02137,0.03606
0.04042,0.12212,0.12010,0.02832,0.03653,0.02925,0.04164,0.15087,0.02846,0.02835,0.02766,0.13573,0.02692,0.02924,0.03438,0.02220,0.02024,0.02619,0.02026,0.03114
0.05002,0.13782,0.06374,0.03396,0.11175,0.04224,0.03935,0.18032,0.03322,0.04012,0.01988,0.06990,0.01752,0.02327,0.02335,0.01747,0.02030,0.02761,0.01586,0.03229
0.11404,0.07162,0.06746,0.04522,0.08934,0.04405,0.04257,0.10012,0.04437,0.05085,0.02552,0.09058,0.02572,0.02791,0.03070,0.02303,0.02407,0.03091,0.01851,0.03341
0.17062,0.11966,0.06788,0.02300,0.04850,0.02713,0.05380,0.20463,0.02960,0.03793,0.02000,0.05345,0.01364,0.02143,0.02391,0.01205,0.01442,0.02748,0.01136,0.01953
0.04131,0.07202,0.05099,0.03120,0.14461,0.03564,0.03533,0.26897,0.03045,0.03076,0.01852,0.04899,0.02050,0.02080,0.02540,0.01720,0.02491,0.03599,0.01592,0.03048
0.05002,0.08780,0.07610,0.03097,0.12776,0.02765,0.03689,0.26416,0.02250,0.02495,0.02083,0.06996,0.01759,0.02024,0.02335,0.01641,0.01856,0.02400,0.01717,0.02309
0.03870,0.06089,0.04626,0.03484,0.13276,0.04336,0.08145,0.11514,0.04284,0.05297,0.04094,0.04752,0.02852,0.04054,0.03088,0.02519,0.02755,0.04135,0.02347,0.04482
0.03311,0.05309,0.26123,0.02512,0.03703,0.02413,0.03330,0.05603,0.02844,0.03800,0.02120,0.22305,0.01541,0.02825,0.02517,0.01706,0.01615,0.02470,0.01694,0.02260
0.05784,0.09789,0.09938,0.03578,0.08312,0.03707,0.06247,0.11444,0.04190,0.04951,0.02617,0.10182,0.01797,0.02735,0.02828,0.01801,0.01738,0.03055,0.01674,0.03632
0.13112,0.15180,0.03631,0.02519,0.02251,0.04131,0.04463,0.21730,0.04017,0.04604,0.02516,0.04178,0.01326,0.02300,0.02729,0.01437,0.01595,0.03742,0.01552,0.02989
0.13534,0.08500,0.05500,0.03147,0.02324,0.03997,0.04785,0.19436,0.04174,0.03555,0.03096,0.05941,0.01969,0.03153,0.03295,0.02031,0.02183,0.04265,0.02000,0.03116
0.03613,0.05060,0.10915,0.06719,0.05820,0.05470,0.03574,0.06017,0.03454,0.04947,0.02513,0.14655,0.03431,0.03235,0.03230,0.03226,0.02994,0.04404,0.02438,0.04284
0.03357,0.21366,0.05952,0.02196,0.04442,0.03617,0.12573,0.07804,0.06160,0.05578,0.02380,0.06887,0.01330,0.02564,0.02691,0.01172,0.01500,0.04396,0.01110,0.02926
0.05523,0.11684,0.07457,0.03486,0.07702,0.04170,0.06639,0.13370,0.04086,0.06343,0.02555,0.07390,0.01529,0.03158,0.02985,0.01481,0.01937,0.03634,0.01568,0.03301
0.05645,0.06082,0.06602,0.02771,0.13271,0.02921,0.04597,0.25299,0.03146,0.02754,0.02450,0.06915,0.02356,0.02563,0.02300,0.01783,0.01887,0.02562,0.01669,0.02426
0.05634,0.06245,0.07422,0.02908,0.10663,0.03402,0.05550,0.19424,0.03081,0.04053,0.02626,0.08493,0.02440,0.02913,0.03323,0.01909,0.01972,0.03283,0.01923,0.02738
0.10424,0.08509,0.04163,0.03126,0.04404,0.04276,0.05283,0.24531,0.04361,0.04626,0.02580,0.03932,0.01827,0.02710,0.02352,0.01712,0.02037,0.04190,0.01605,0.03352
0.27667,0.10508,0.02999,0.02270,0.02555,0.03519,0.04622,0.18948,0.03493,0.04103,0.01873,0.02933,0.01320,0.02017,0.02187,0.01382,0.01544,0.02426,0.01384,0.02250
0.03045,0.05550,0.20596,0.02231,0.03331,0.02944,0.03621,0.04824,0.04174,0.03486,0.02306,0.27771,0.01403,0.02447,0.02626,0.01329,0.01327,0.02948,0.01357,0.02684
0.10724,0.05313,0.02523,0.03749,0.02637,0.04328,0.10434,0.02820,0.08915,0.09466,0.05491,0.02629,0.02434,0.05814,0.03746,0.02340,0.02297,0.06722,0.02368,0.05251
0.03079,0.04526,0.05326,0.03264,0.26209,0.04400,0.05192,0.05663,0.05112,0.06157,0.02808,0.05553,0.02365,0.03274,0.02710,0.02040,0.02354,0.04142,0.01917,0.03910
0.04975,0.09726,0.05441,0.03068,0.03457,0.03136,0.15813,0.03616,0.07729,0.05020,0.05012,0.07958,0.01747,0.05943,0.04652,0.01781,0.02007,0.03827,0.01962,0.03130
0.14061,0.15482,0.06452,0.02748,0.02850,0.03002,0.07968,0.05016,0.06092,0.04372,0.04008,0.05444,0.01762,0.03378,0.03498,0.01718,0.01969,0.04464,0.02179,0.03540
0.04839,0.08490,0.09262,0.03588,0.04619,0.06431,0.02935,0.21689,0.03994,0.04533,0.02140,0.09357,0.01844,0.01833,0.02172,0.01699,0.01950,0.03086,0.01724,0.03815
0.03768,0.09687,0.06065,0.03967,0.08563,0.05029,0.05161,0.13950,0.04879,0.05142,0.02937,0.06938,0.02657,0.03245,0.02989,0.02254,0.02977,0.03843,0.02271,0.03679
0.02621,0.10339,0.04704,0.02990,0.09802,0.04172,0.03959,0.27422,0.03300,0.03927,0.02066,0.05285,0.01930,0.02262,0.02755,0.01954,0.02166,0.03168,0.01842,0.03337
0.02693,0.06118,0.09748,0.04445,0.17581,0.03887,0.03503,0.05609,0.03298,0.04213,0.02501,0.13489,0.02752,0.02796,0.03420,0.02440,0.02479,0.03852,0.01835,0.03341
0.04438,0.14130,0.04813,0.02658,0.18545,0.03047,0.06445,0.16632,0.02715,0.03152,0.02052,0.04666,0.01775,0.02143,0.02374,0.01447,0.01687,0.03105,0.01619,0.02556
0.03538,0.05747,0.03576,0.04484,0.23610,0.04312,0.05838,0.06712,0.03779,0.06010,0.03505,0.03514,0.02936,0.02964,0.03133,0.02704,0.02695,0.04445,0.02302,0.04196
0.12660,0.07050,0.07585,0.03775,0.04084,0.04330,0.05642,0.06962,0.05723,0.06003,0.03047,0.08314,0.02231,0.04695,0.03731,0.02250,0.02357,0.04280,0.01916,0.03366
0.15115,0.07281,0.10464,0.02815,0.04494,0.03721,0.04221,0.08917,0.04815,0.06481,0.02321,0.11287,0.01482,0.02577,0.02913,0.01610,0.01569,0.03597,0.01463,0.02855
0.04431,0.04254,0.06119,0.04197,0.27074,0.04162,0.04417,0.05590,0.03681,0.05331,0.02625,0.06388,0.02462,0.02978,0.02800,0.02230,0.02133,0.03599,0.02032,0.03498
0.19483,0.11108,0.05244,0.02904,0.02341,0.04609,0.04722,0.11276,0.04987,0.03770,0.02846,0.04762,0.01943,0.02978,0.02974,0.01895,0.02622,0.04420,0.01889,0.03228
0.03060,0.05654,0.06441,0.03769,0.20088,0.04242,0.04840,0.09638,0.04083,0.04851,0.03448,0.06465,0.02489,0.02822,0.02908,0.02027,0.03261,0.03851,0.02250,0.03814
0.17388,0.05632,0.04770,0.03451,0.03739,0.05333,0.05976,0.04040,0.10581,0.08769,0.03088,0.04802,0.01762,0.03555,0.02315,0.01834,0.01652,0.05571,0.01584,0.04156
0.02196,0.05155,0.05612,0.06355,0.06840,0.09372,0.03767,0.05197,0.06717,0.06262,0.03456,0.06071,0.03375,0.03105,0.03244,0.03543,0.03428,0.06110,0.02926,0.07268
0.04953,0.07174,0.07363,0.02525,0.21378,0.02735,0.04792,0.16668,0.02753,0.02667,0.02418,0.08150,0.01817,0.02422,0.02321,0.01492,0.01721,0.02678,0.01640,0.02335
0.05971,0.08041,0.04258,0.04919,0.03765,0.06191,0.04588,0.10780,0.04424,0.04232,0.04645,0.04218,0.04284,0.03708,0.04101,0.03374,0.04788,0.04943,0.03788,0.04983
0.04941,0.06523,0.13959,0.03724,0.10548,0.03389,0.04314,0.12135,0.03220,0.03754,0.02179,0.10122,0.02573,0.02872,0.03098,0.02345,0.02095,0.03606,0.02071,0.02530
0.01903,0.03587,0.06578,0.02996,0.39513,0.03602,0.03174,0.05996,0.02838,0.03987,0.02062,0.07062,0.01932,0.01964,0.02111,0.01596,0.01783,0.02478,0.01718,0.03120
0.09900,0.08197,0.03258,0.03053,0.07411,0.03944,0.15188,0.04481,0.07220,0.08125,0.03208,0.03525,0.01697,0.04387,0.03363,0.01656,0.01866,0.04734,0.01572,0.03217
0.12787,0.06526,0.07071,0.03218,0.07638,0.04629,0.04963,0.07146,0.07193,0.05944,0.03044,0.07792,0.02164,0.03090,0.02965,0.02223,0.02162,0.04106,0.01924,0.03417
0.02378,0.05262,0.14950,0.04028,0.06403,0.04364,0.03911,0.09353,0.03349,0.04079,0.02750,0.15611,0.03135,0.02462,0.02666,0.02481,0.02480,0.04180,0.02186,0.03972
0.02019,0.09725,0.06968,0.02699,0.08531,0.03886,0.07098,0.19990,0.03966,0.04276,0.02884,0.07767,0.02328,0.02390,0.03453,0.01576,0.01975,0.03951,0.01511,0.03007
0.15315,0.13178,0.05882,0.02756,0.03836,0.02887,0.08153,0.08740,0.04039,0.04417,0.03806,0.05755,0.02030,0.03469,0.03631,0.01833,0.01883,0.03304,0.02032,0.03054
0.03406,0.09589,0.15728,0.02212,0.03336,0.03245,0.03789,0.17839,0.03742,0.03281,0.02150,0.12659,0.02346,0.02829,0.02564,0.01645,0.01819,0.03419,0.01821,0.02580
0.12413,0.18528,0.03045,0.02296,0.02449,0.03223,0.11937,0.08741,0.06594,0.04365,0.03038,0.03506,0.01608,0.02893,0.03081,0.01337,0.01823,0.04620,0.01363,0.03141
0.02920,0.10507,0.07507,0.03069,0.04248,0.04432,0.10509,0.12460,0.07204,0.05964,0.02531,0.08786,0.01934,0.02705,0.02612,0.01414,0.01668,0.04205,0.01280,0.04046
0.06510,0.07941,0.09733,0.04947,0.06011,0.06558,0.03852,0.06318,0.05041,0.07256,0.02899,0.08790,0.02473,0.03166,0.03695,0.02614,0.02426,0.03650,0.02426,0.03692
0.21818,0.06231,0.05205,0.03549,0.03867,0.05114,0.05283,0.07199,0.06011,0.05193,0.02677,0.05163,0.01946,0.02757,0.03156,0.02166,0.02077,0.04742,0.01993,0.03854
0.17754,0.09460,0.05443,0.02762,0.02367,0.05049,0.03612,0.13110,0.05256,0.04847,0.03074,0.05013,0.02227,0.02799,0.03279,0.01851,0.01844,0.04538,0.01821,0.03895
0.03691,0.05755,0.17946,0.02425,0.07127,0.02748,0.05886,0.04524,0.04287,0.03517,0.02765,0.20410,0.01826,0.02641,0.02737,0.01589,0.01915,0.03510,0.01805,0.02895
0.04967,0.05034,0.06654,0.02605,0.17398,0.02789,0.04993,0.22057,0.02734,0.02883,0.02652,0.06953,0.02238,0.02758,0.02548,0.01825,0.02127,0.02639,0.01704,0.02441
0.28321,0.06493,0.06611,0.03365,0.03943,0.04009,0.04328,0.07100,0.03481,0.04227,0.02490,0.05968,0.02046,0.02460,0.02826,0.02083,0.01890,0.02694,0.02060,0.03603
0.02942,0.09467,0.04424,0.04153,0.12886,0.06758,0.05056,0.13367,0.04653,0.06674,0.02246,0.05066,0.02089,0.02472,0.03007,0.01655,0.02404,0.04914,0.01674,0.04093
0.07875,0.04917,0.14790,0.04541,0.07318,0.03311,0.02707,0.06933,0.02872,0.03750,0.02308,0.16885,0.02732,0.02502,0.02783,0.03062,0.02086,0.02562,0.02493,0.03572
0.06854,0.07646,0.03833,0.04453,0.03681,0.05161,0.06638,0.04594,0.07123,0.10596,0.03989,0.04578,0.02483,0.05271,0.03885,0.02661,0.02830,0.05663,0.02343,0.05716
0.18415,0.10492,0.06547,0.03486,0.03469,0.04429,0.04095,0.08753,0.04358,0.05304,0.02946,0.05949,0.02034,0.03096,0.03403,0.02463,0.02182,0.03400,0.01943,0.03238
0.10925,0.07352,0.06768,0.05062,0.03770,0.05583,0.04793,0.06659,0.06180,0.06401,0.03398,0.07131,0.02112,0.04468,0.03584,0.02421,0.02284,0.04158,0.02521,0.04431
0.06905,0.07936,0.14052,0.02945,0.08823,0.02802,0.04235,0.12211,0.02493,0.02949,0.02197,0.16292,0.01970,0.02318,0.02373,0.01573,0.01723,0.02339,0.01560,0.02304
0.07995,0.09541,0.16505,0.02876,0.05435,0.03040,0.04794,0.06008,0.03398,0.04722,0.02240,0.15607,0.01553,0.02725,0.02735,0.01547,0.01688,0.03222,0.01494,0.02876
0.25236,0.13629,0.05064,0.02634,0.02298,0.03092,0.04557,0.08285,0.03829,0.03421,0.02828,0.05565,0.01752,0.03216,0.03213,0.01927,0.01701,0.03179,0.01587,0.02987
0.07685,0.12166,0.03488,0.05035,0.05226,0.09313,0.04102,0.10399,0.05361,0.06053,0.02777,0.03759,0.02012,0.02899,0.03102,0.02382,0.02464,0.03332,0.01992,0.06452
0.03920,0.06265,0.07474,0.05395,0.13980,0.04486,0.05079,0.07205,0.04209,0.04476,0.03567,0.07120,0.03377,0.03233,0.03864,0.02544,0.03035,0.03669,0.02832,0.04270
0.08847,0.11803,0.07212,0.02224,0.04061,0.04028,0.05266,0.24800,0.04407,0.03827,0.01707,0.06100,0.01307,0.02210,0.02537,0.01269,0.01419,0.03248,0.01268,0.02458
0.14643,0.18751,0.03731,0.03092,0.03844,0.03478,0.07432,0.08371,0.04392,0.04081,0.03104,0.04092,0.01653,0.03709,0.02906,0.01737,0.01943,0.03844,0.01755,0.03442
0.13304,0.09508,0.03435,0.02791,0.10704,0.03668,0.08605,0.10694,0.06233,0.05004,0.02740,0.03572,0.01805,0.02626,0.03082,0.01623,0.01731,0.04522,0.01467,0.02887
0.02075,0.08668,0.15440,0.03274,0.04722,0.03911,0.02968,0.13266,0.03172,0.03419,0.01843,0.20094,0.01921,0.01991,0.02119,0.01731,0.01693,0.02971,0.01403,0.03319
0.24505,0.07108,0.05173,0.03088,0.03468,0.03176,0.06055,0.05360,0.05702,0.03921,0.03296,0.05483,0.02345,0.03782,0.03026,0.01984,0.02355,0.03889,0.02283,0.04002
0.07186,0.03470,0.04765,0.06025,0.28211,0.05114,0.03061,0.04286,0.03296,0.05253,0.02366,0.05330,0.02498,0.02193,0.02877,0.02509,0.01955,0.03005,0.02137,0.04464
0.04441,0.05104,0.09772,0.02628,0.24770,0.02363,0.07546,0.07747,0.02623,0.03167,0.03205,0.08176,0.01902,0.03442,0.02950,0.01691,0.01747,0.02771,0.01739,0.02217
0.12984,0.04705,0.09383,0.03169,0.03268,0.03405,0.05852,0.03584,0.04998,0.04614,0.04001,0.09149,0.02966,0.06214,0.04885,0.02304,0.03051,0.05006,0.02809,0.03652
0.02411,0.06985,0.17981,0.02690,0.04074,0.03913,0.04356,0.07201,0.04796,0.04524,0.02807,0.16711,0.02129,0.02987,0.03119,0.01717,0.02087,0.04100,0.01928,0.03483
0.05035,0.03913,0.22940,0.03061,0.08121,0.03179,0.03436,0.04230,0.03111,0.03566,0.02088,0.21391,0.01580,0.01785,0.02081,0.01627,0.01714,0.02697,0.01517,0.02928
0.05230,0.07196,0.04036,0.04725,0.13800,0.05371,0.06451,0.13778,0.04199,0.05239,0.03087,0.03939,0.02110,0.02529,0.03153,0.02062,0.02076,0.04320,0.01754,0.04947
0.04995,0.08348,0.05307,0.04102,0.03003,0.06315,0.05305,0.06481,0.07064,0.06867,0.04246,0.06017,0.03061,0.04725,0.04554,0.02855,0.02877,0.06182,0.02193,0.05501
0.21757,0.03569,0.04657,0.04278,0.03254,0.03591,0.04709,0.02505,0.06557,0.05009,0.03960,0.05146,0.02712,0.05090,0.04438,0.03617,0.02981,0.04247,0.03120,0.04806
0.11669,0.07546,0.06395,0.03649,0.02965,0.05028,0.04178,0.12940,0.04704,0.04188,0.03283,0.07392,0.03115,0.03170,0.03694,0.02305,0.02714,0.04304,0.02446,0.04315
0.08980,0.08547,0.05349,0.05703,0.03558,0.05640,0.04695,0.07179,0.04538,0.05801,0.03959,0.05039,0.03688,0.04276,0.04019,0.03384,0.03089,0.04401,0.03791,0.04365
0.03362,0.07977,0.22797,0.02229,0.04591,0.02785,0.03884,0.11128,0.02582,0.03181,0.02017,0.19310,0.01527,0.02070,0.02289,0.01196,0.01292,0.02317,0.01149,0.02318
0.03608,0.03459,0.13719,0.03205,0.27920,0.02713,0.03388,0.06832,0.02579,0.03102,0.02122,0.10444,0.01880,0.02359,0.02101,0.01837,0.02019,0.02557,0.01753,0.02402
