0.02912,0.10615,0.01878,0.02916,0.33186,0.03136,0.02538,0.02119,0.02426,0.02246,0.03579,0.02452,0.02109,0.02422,0.02553,0.09662,0.03528,0.03652,0.02989,0.03081
0.03087,0.12774,0.01272,0.10389,0.03421,0.13010,0.12510,0.02002,0.02221,0.03415,0.02256,0.03890,0.02687,0.02350,0.04427,0.04564,0.03338,0.03688,0.03650,0.05046
0.02270,0.06295,0.01949,0.04006,0.02297,0.05073,0.06028,0.02661,0.03273,0.02301,0.02565,0.19273,0.03415,0.02410,0.02886,0.04832,0.02605,0.03448,0.03002,0.19409
0.04242,0.06990,0.01689,0.04242,0.14416,0.03820,0.05404,0.02369,0.05196,0.07144,0.01550,0.03789,0.03075,0.02177,0.06210,0.07995,0.01941,0.07161,0.05737,0.04852
0.02880,0.05377,0.04326,0.03572,0.03462,0.13467,0.13556,0.04652,0.04249,0.03445,0.05413,0.03187,0.03477,0.02342,0.03542,0.04731,0.04774,0.05547,0.04050,0.03951
0.17794,0.05341,0.01439,0.03469,0.02384,0.03744,0.03677,0.02559,0.03296,0.03483,0.02681,0.02296,0.03140,0.17089,0.04489,0.05778,0.03269,0.05756,0.04924,0.03392
0.04266,0.15404,0.05991,0.13846,0.00851,0.05256,0.05183,0.02864,0.03133,0.03009,0.07424,0.02970,0.03056,0.03788,0.03953,0.03423,0.03585,0.04158,0.03685,0.04155
0.22171,0.02980,0.01977,0.03232,0.00882,0.02317,0.03365,0.02729,0.05090,0.03185,0.02488,0.03721,0.05195,0.21306,0.02667,0.03542,0.03743,0.03640,0.03077,0.02691
0.04407,0.14292,0.05054,0.14449,0.02914,0.02797,0.03530,0.02531,0.04782,0.04757,0.04921,0.04211,0.03734,0.01696,0.05105,0.03513,0.02580,0.05429,0.05111,0.04187
0.04976,0.03372,0.02927,0.02123,0.34070,0.04064,0.04607,0.03249,0.03116,0.03466,0.03596,0.02207,0.03588,0.04005,0.03095,0.03422,0.03362,0.03998,0.03090,0.03666
0.04615,0.15350,0.01849,0.06412,0.02626,0.04191,0.04628,0.01911,0.02878,0.06090,0.02168,0.03511,0.04268,0.03966,0.04198,0.14937,0.03340,0.05109,0.04028,0.03928
0.02367,0.03772,0.24399,0.02030,0.01823,0.02761,0.02867,0.23801,0.02210,0.02813,0.03147,0.03492,0.02359,0.02607,0.02628,0.04044,0.02676,0.03482,0.02865,0.03856
0.07779,0.04593,0.02352,0.03868,0.01762,0.09912,0.11021,0.04590,0.05324,0.03452,0.03649,0.02678,0.06411,0.05988,0.05785,0.04254,0.03727,0.04728,0.04745,0.03383
0.02665,0.20272,0.04094,0.08465,0.02344,0.02552,0.02519,0.03557,0.03762,0.03833,0.03482,0.02960,0.04770,0.02208,0.03501,0.16755,0.03231,0.03690,0.02816,0.02524
0.05724,0.12060,0.05239,0.10698,0.03106,0.02717,0.02760,0.06536,0.05484,0.04226,0.01387,0.04775,0.03258,0.03763,0.05394,0.04651,0.01677,0.05854,0.04816,0.05875
0.05195,0.15758,0.04557,0.15912,0.02137,0.02652,0.04302,0.02843,0.03327,0.04676,0.03334,0.04612,0.03972,0.03351,0.04171,0.02546,0.01980,0.06070,0.04151,0.04457
0.04042,0.02631,0.07305,0.02380,0.02596,0.02620,0.02234,0.02241,0.03712,0.02991,0.06542,0.18515,0.02490,0.02040,0.03699,0.02853,0.02201,0.04877,0.04052,0.19980
0.07722,0.03139,0.02388,0.03171,0.05388,0.03289,0.04345,0.02277,0.02815,0.05292,0.12868,0.03055,0.03095,0.06144,0.03821,0.03340,0.13084,0.05435,0.05170,0.04164
0.17111,0.05712,0.06890,0.05385,0.03412,0.02194,0.02300,0.03501,0.02789,0.03342,0.05780,0.02902,0.02689,0.16093,0.03302,0.02750,0.02646,0.04552,0.03623,0.03027
0.05117,0.08408,0.10143,0.02979,0.01305,0.04432,0.03259,0.02935,0.04417,0.04676,0.10656,0.03147,0.04006,0.04043,0.04745,0.08291,0.03133,0.05561,0.03977,0.04768
0.04642,0.15230,0.04774,0.14722,0.01654,0.03641,0.04545,0.04449,0.02821,0.03312,0.04229,0.04539,0.02190,0.05092,0.04091,0.02534,0.02765,0.04632,0.04446,0.05692
0.07781,0.22093,0.00903,0.02442,0.02702,0.01860,0.02213,0.01306,0.02062,0.02574,0.00940,0.05451,0.02761,0.07011,0.02077,0.23110,0.01522,0.03109,0.02571,0.05512
0.11194,0.04535,0.02956,0.03569,0.02236,0.04715,0.05171,0.02514,0.03042,0.05490,0.06926,0.02877,0.02989,0.10071,0.04689,0.03179,0.06682,0.06816,0.04964,0.05383
0.03405,0.04781,0.03813,0.03703,0.30379,0.03844,0.04035,0.02157,0.02808,0.03827,0.04380,0.03797,0.02989,0.03994,0.03562,0.03805,0.02458,0.04600,0.03711,0.03954
0.04274,0.16104,0.02253,0.15277,0.02025,0.03065,0.04420,0.02012,0.03264,0.05621,0.02599,0.04176,0.03012,0.06441,0.03977,0.03180,0.02283,0.05958,0.05052,0.05007
0.03861,0.04962,0.19023,0.02289,0.06007,0.02376,0.03137,0.17447,0.03417,0.03743,0.03977,0.01870,0.02258,0.02302,0.04060,0.05476,0.01837,0.04722,0.04354,0.02881
0.02895,0.06464,0.16962,0.03666,0.04398,0.03811,0.03220,0.16482,0.03313,0.04053,0.01710,0.02755,0.03139,0.02143,0.03863,0.04814,0.02014,0.05596,0.04537,0.04165
0.03089,0.07281,0.03004,0.04660,0.02776,0.19678,0.19268,0.03335,0.03228,0.03156,0.01924,0.02917,0.02486,0.02207,0.03627,0.05953,0.01953,0.03437,0.03203,0.02817
0.03893,0.05031,0.04134,0.02868,0.03116,0.02782,0.03226,0.03922,0.03464,0.03424,0.03282,0.16535,0.03384,0.03879,0.03739,0.05363,0.03284,0.04054,0.03556,0.17066
0.05386,0.02938,0.02908,0.02600,0.07202,0.04225,0.04797,0.04212,0.04349,0.03338,0.10518,0.04590,0.03125,0.05804,0.04235,0.04571,0.10603,0.04799,0.05009,0.04789
0.05058,0.06640,0.10420,0.03243,0.03644,0.04874,0.04504,0.09839,0.04141,0.04078,0.02950,0.04606,0.02830,0.03220,0.04698,0.08177,0.02071,0.05348,0.04267,0.05393
0.06820,0.06281,0.02821,0.04901,0.19454,0.02459,0.03909,0.02227,0.03487,0.05084,0.02572,0.04164,0.03330,0.05756,0.03491,0.03230,0.02582,0.06817,0.05250,0.05364
0.03234,0.05641,0.01827,0.05156,0.34363,0.02729,0.03312,0.02585,0.03765,0.04027,0.01017,0.03415,0.03897,0.01972,0.03723,0.04343,0.02126,0.05003,0.04004,0.03862
0.13971,0.02774,0.04071,0.03391,0.02391,0.04439,0.04559,0.02092,0.05225,0.04389,0.04674,0.03803,0.03274,0.12958,0.05796,0.02901,0.03055,0.06291,0.05443,0.04502
0.07947,0.16271,0.01600,0.15125,0.02909,0.04416,0.04640,0.02200,0.02651,0.02802,0.01381,0.07044,0.02282,0.06709,0.02933,0.02793,0.01836,0.03818,0.03065,0.07579
0.05946,0.03053,0.02363,0.02360,0.04007,0.03440,0.05263,0.03053,0.04967,0.05643,0.02143,0.11757,0.03444,0.01899,0.05667,0.04054,0.03110,0.07120,0.07303,0.13408
0.05661,0.03958,0.02538,0.02437,0.02097,0.02308,0.05205,0.01643,0.03833,0.07727,0.09327,0.03722,0.03476,0.06858,0.04904,0.05215,0.08974,0.07879,0.06530,0.05708
0.03385,0.03301,0.02067,0.03723,0.26873,0.02781,0.02719,0.03301,0.04668,0.04572,0.02298,0.05669,0.04500,0.02455,0.03592,0.05416,0.03361,0.05437,0.04209,0.05673
0.04183,0.18286,0.01703,0.13131,0.00937,0.02578,0.03217,0.02052,0.04146,0.03743,0.01538,0.05926,0.03411,0.04000,0.04027,0.07463,0.01823,0.05930,0.05186,0.06721
0.02519,0.04853,0.03845,0.02189,0.04814,0.03427,0.03695,0.04195,0.01979,0.02464,0.19174,0.03813,0.02668,0.02941,0.02360,0.05419,0.19463,0.03347,0.02945,0.03889
0.05208,0.04150,0.13050,0.02555,0.03297,0.03922,0.03732,0.03181,0.03763,0.04345,0.13532,0.03839,0.03141,0.03458,0.05624,0.05249,0.02854,0.05269,0.04611,0.05220
0.03234,0.17727,0.02428,0.03618,0.01521,0.03685,0.02509,0.03743,0.04258,0.04606,0.01614,0.03849,0.04110,0.02948,0.04509,0.20650,0.02320,0.04959,0.03578,0.04137
0.02614,0.13875,0.04100,0.06221,0.03169,0.03491,0.02486,0.04961,0.04348,0.05876,0.01656,0.04025,0.06074,0.01727,0.04422,0.17534,0.03191,0.03998,0.03192,0.03039
0.02232,0.19673,0.04312,0.18605,0.07434,0.03125,0.03227,0.03172,0.03596,0.02479,0.03786,0.03278,0.02478,0.03452,0.03167,0.02783,0.02258,0.03318,0.03919,0.03706
0.03198,0.08211,0.15699,0.05344,0.02544,0.03000,0.03496,0.15477,0.03699,0.03631,0.04411,0.02202,0.03169,0.01657,0.03531,0.05485,0.03628,0.04658,0.04004,0.02955
0.03482,0.16928,0.04138,0.02726,0.01624,0.03384,0.03279,0.04798,0.03754,0.04212,0.02881,0.02788,0.04316,0.02756,0.04587,0.19968,0.02932,0.04409,0.04065,0.02973
0.03293,0.04741,0.17570,0.03000,0.03967,0.03773,0.04586,0.03379,0.03327,0.04037,0.16938,0.03128,0.02832,0.02825,0.03633,0.05051,0.02281,0.04538,0.04251,0.02851
0.03096,0.19076,0.01871,0.19129,0.02272,0.02643,0.03054,0.02877,0.04533,0.04035,0.02416,0.04319,0.03440,0.03124,0.04002,0.04128,0.02885,0.04491,0.04210,0.04398
0.02921,0.06934,0.01269,0.06514,0.01663,0.04158,0.04283,0.02140,0.04103,0.04509,0.15194,0.03509,0.04385,0.02980,0.03768,0.03900,0.16264,0.04134,0.03417,0.03954
0.04350,0.03375,0.15377,0.02945,0.00861,0.04882,0.03688,0.15095,0.04346,0.04421,0.03233,0.03802,0.03537,0.02365,0.05077,0.04235,0.04295,0.04972,0.04648,0.04496
0.18588,0.08377,0.03661,0.07210,0.03240,0.01952,0.02528,0.02513,0.03116,0.02610,0.03854,0.03245,0.03330,0.17578,0.03196,0.03163,0.02142,0.03116,0.02829,0.03752
0.04030,0.04384,0.04043,0.03189,0.01528,0.03009,0.03423,0.04547,0.03587,0.03240,0.02196,0.17558,0.04480,0.04178,0.03193,0.04010,0.02873,0.04644,0.03916,0.17971
0.03395,0.09397,0.02560,0.07515,0.03700,0.03515,0.03876,0.02573,0.02374,0.03571,0.02104,0.14864,0.02741,0.03174,0.03511,0.03676,0.02446,0.04804,0.04687,0.15517
0.04619,0.04963,0.03386,0.03601,0.02421,0.02908,0.02961,0.02474,0.06440,0.05186,0.11697,0.03916,0.05647,0.02883,0.05955,0.05991,0.10679,0.05598,0.04179,0.04497
0.06915,0.03923,0.15373,0.03663,0.01402,0.03395,0.03267,0.14994,0.02874,0.03351,0.04070,0.03374,0.03790,0.06432,0.03930,0.02846,0.04319,0.04065,0.03788,0.04229
0.05585,0.03612,0.01964,0.03619,0.15982,0.01809,0.03743,0.02036,0.04046,0.05475,0.07190,0.03716,0.02379,0.04657,0.04588,0.02746,0.08082,0.07377,0.06298,0.05096
0.04830,0.14311,0.01641,0.03720,0.01038,0.05602,0.06246,0.02791,0.03623,0.04816,0.02598,0.03880,0.05469,0.04326,0.03487,0.15688,0.03465,0.04716,0.04075,0.03678
0.12790,0.04808,0.03348,0.03144,0.01048,0.03428,0.04577,0.02148,0.04612,0.04334,0.05948,0.04229,0.03387,0.11450,0.04290,0.05208,0.04834,0.06174,0.05185,0.05060
0.03026,0.07105,0.06093,0.02085,0.02521,0.02118,0.02184,0.03478,0.02657,0.02303,0.21168,0.02575,0.02748,0.03627,0.02226,0.07465,0.17649,0.03367,0.03024,0.02582
0.03849,0.04008,0.09931,0.02659,0.01715,0.05377,0.04430,0.02600,0.03491,0.04779,0.12051,0.06821,0.03793,0.03356,0.04171,0.04410,0.03994,0.05379,0.04716,0.08471
0.04046,0.05132,0.02745,0.02450,0.25742,0.05519,0.05675,0.02829,0.03453,0.04401,0.01998,0.02824,0.04382,0.02755,0.03920,0.05641,0.02461,0.05039,0.04432,0.04555
0.04533,0.05338,0.02125,0.04167,0.30173,0.02331,0.02672,0.02674,0.03550,0.03132,0.03522,0.04574,0.04167,0.03661,0.03413,0.05790,0.03990,0.03234,0.02763,0.04191
0.03303,0.04424,0.02291,0.02870,0.40265,0.02886,0.03741,0.02078,0.03174,0.03604,0.02539,0.02334,0.02734,0.02518,0.03467,0.05111,0.02191,0.04210,0.03560,0.02699
0.03736,0.14389,0.01782,0.03400,0.03938,0.03272,0.04809,0.02763,0.03713,0.05667,0.02105,0.02473,0.04304,0.03351,0.05554,0.14839,0.02450,0.07310,0.06137,0.04009
0.03631,0.05365,0.03321,0.02578,0.04115,0.12839,0.12776,0.04688,0.03110,0.03409,0.02998,0.07059,0.02790,0.02795,0.03578,0.05726,0.03722,0.04093,0.03734,0.07674
0.04332,0.07897,0.15136,0.02619,0.01867,0.03337,0.03819,0.02011,0.03118,0.03664,0.16609,0.02858,0.02358,0.03210,0.03423,0.07484,0.03074,0.04719,0.04531,0.03936
0.04413,0.04697,0.03414,0.04181,0.35341,0.02291,0.03259,0.03115,0.03737,0.03468,0.02555,0.03180,0.02135,0.03267,0.03482,0.04651,0.02177,0.04209,0.03117,0.03312
0.06600,0.03868,0.01888,0.01865,0.00861,0.03102,0.04107,0.02809,0.04412,0.04179,0.01853,0.15334,0.03607,0.04080,0.04514,0.04460,0.02256,0.06696,0.06235,0.17276
0.04657,0.18250,0.01142,0.03467,0.01823,0.03518,0.03757,0.02020,0.04194,0.03119,0.03145,0.03087,0.02743,0.05819,0.03673,0.17966,0.03299,0.06073,0.04232,0.04017
0.03002,0.04671,0.04865,0.03499,0.02878,0.17319,0.17256,0.03685,0.03198,0.03068,0.04882,0.03617,0.03918,0.02332,0.04052,0.03542,0.02026,0.04227,0.03776,0.04190
0.04470,0.02901,0.17120,0.02552,0.01532,0.02842,0.04055,0.05984,0.04325,0.03949,0.14600,0.03088,0.03835,0.02935,0.04958,0.03974,0.02764,0.05754,0.04643,0.03719
0.03884,0.10448,0.12941,0.04204,0.03964,0.03248,0.03772,0.12396,0.03267,0.03391,0.02732,0.03438,0.03043,0.03023,0.04038,0.08767,0.02058,0.03759,0.03048,0.04577
0.16010,0.02400,0.03499,0.02535,0.01038,0.04424,0.04463,0.02721,0.04616,0.03531,0.05643,0.04075,0.03311,0.15057,0.04632,0.02834,0.04015,0.05121,0.04968,0.05105
0.02829,0.04587,0.04447,0.03045,0.01490,0.03650,0.02828,0.03240,0.03561,0.03638,0.03087,0.20066,0.03009,0.01865,0.03447,0.03538,0.01969,0.04284,0.03558,0.21861
0.03971,0.04167,0.11895,0.03133,0.02576,0.03704,0.03842,0.02871,0.04325,0.04459,0.13014,0.06590,0.03670,0.02808,0.04346,0.04078,0.03512,0.05619,0.04514,0.06905
0.04845,0.19292,0.02398,0.14871,0.04166,0.02470,0.03478,0.02395,0.03152,0.04600,0.02126,0.02533,0.02941,0.03022,0.04387,0.07845,0.02084,0.05178,0.04641,0.03576
0.05524,0.04537,0.01894,0.04113,0.24282,0.04989,0.04495,0.03028,0.04098,0.05132,0.01886,0.02714,0.03316,0.02777,0.05471,0.05789,0.02695,0.05005,0.04933,0.03319
0.04774,0.01695,0.01833,0.01799,0.34348,0.02439,0.04591,0.01498,0.03641,0.07198,0.02014,0.02183,0.02524,0.01916,0.04600,0.02421,0.02131,0.07134,0.06284,0.04975
0.16243,0.08633,0.05189,0.06111,0.03168,0.02489,0.02743,0.02834,0.02453,0.03254,0.03746,0.02608,0.02359,0.15262,0.03138,0.04497,0.02334,0.04920,0.04171,0.03849
0.04256,0.05067,0.17231,0.04075,0.02358,0.03605,0.03923,0.04253,0.03478,0.04203,0.15525,0.02776,0.03370,0.03055,0.04761,0.04848,0.02411,0.04230,0.03735,0.02840
0.03459,0.04923,0.05173,0.04450,0.02652,0.03390,0.03323,0.06377,0.03379,0.03421,0.14075,0.02368,0.03881,0.03297,0.05674,0.02735,0.13978,0.05228,0.04554,0.03662
0.03123,0.05872,0.15217,0.04535,0.02723,0.03435,0.03213,0.03110,0.05128,0.03873,0.15818,0.02579,0.04636,0.02012,0.03818,0.04609,0.03326,0.04968,0.04401,0.03602
0.04861,0.05977,0.04592,0.02794,0.01943,0.03264,0.02582,0.02982,0.02348,0.02867,0.20289,0.02317,0.02607,0.03616,0.02828,0.06146,0.19078,0.03293,0.02909,0.02707
0.07401,0.05658,0.01794,0.04898,0.01930,0.02823,0.02901,0.02911,0.03973,0.02815,0.13717,0.04263,0.04357,0.07197,0.03050,0.03997,0.14533,0.03878,0.03455,0.04449
0.02925,0.07742,0.01398,0.04456,0.33205,0.02467,0.02465,0.01133,0.02884,0.04032,0.04570,0.01864,0.02905,0.01935,0.03457,0.05767,0.04819,0.04663,0.03978,0.03336
0.05304,0.05430,0.11363,0.03030,0.01087,0.03005,0.05006,0.10763,0.04148,0.06236,0.02320,0.03444,0.03105,0.04422,0.04863,0.05816,0.02278,0.07442,0.06117,0.04820
0.01882,0.04640,0.02227,0.04269,0.01366,0.03135,0.02838,0.03994,0.05036,0.02960,0.04964,0.17373,0.06992,0.01882,0.02656,0.03575,0.06607,0.02935,0.02955,0.17715
0.03988,0.05728,0.01270,0.04467,0.01302,0.03977,0.03167,0.01863,0.03471,0.03814,0.01702,0.18680,0.03526,0.03349,0.04231,0.03288,0.02646,0.04978,0.03740,0.20815
0.03035,0.27319,0.01439,0.20833,0.01029,0.03174,0.03450,0.02067,0.02545,0.02672,0.02239,0.02255,0.03317,0.02112,0.02701,0.08893,0.02563,0.03120,0.02817,0.02421
0.03954,0.03472,0.01598,0.03034,0.01327,0.16572,0.17516,0.02796,0.05912,0.04085,0.02646,0.02841,0.03576,0.04105,0.04991,0.04397,0.02929,0.05934,0.05344,0.02972
0.05622,0.02999,0.08578,0.03900,0.01739,0.03668,0.04421,0.03162,0.04775,0.05973,0.08197,0.04911,0.04451,0.08366,0.06090,0.03465,0.02788,0.06645,0.05699,0.04554
0.03855,0.05873,0.16165,0.05697,0.02526,0.05304,0.03614,0.15542,0.02827,0.03122,0.05231,0.02711,0.02755,0.03280,0.03512,0.03924,0.04831,0.03449,0.03265,0.02519
0.03760,0.08315,0.02415,0.07640,0.03901,0.10061,0.10029,0.02802,0.02778,0.05834,0.02346,0.04140,0.03379,0.06904,0.04976,0.03345,0.02095,0.05238,0.05215,0.04829
0.09271,0.08520,0.07846,0.01749,0.02124,0.04081,0.02610,0.08533,0.03071,0.03300,0.04189,0.03089,0.02750,0.08163,0.03774,0.09198,0.04858,0.04287,0.03988,0.04601
0.02465,0.22942,0.02925,0.02083,0.02990,0.03164,0.04364,0.01788,0.02186,0.03985,0.02977,0.02305,0.02491,0.01675,0.03034,0.23754,0.02640,0.04382,0.03757,0.04094
0.03428,0.03353,0.03147,0.02892,0.03525,0.16772,0.16754,0.02645,0.02305,0.06116,0.02893,0.03507,0.02911,0.03835,0.05054,0.04039,0.02392,0.05587,0.05044,0.03801
0.03224,0.05433,0.16269,0.03561,0.01675,0.04383,0.03958,0.01933,0.03092,0.03450,0.18040,0.02863,0.03780,0.04061,0.03869,0.04230,0.03247,0.04601,0.04046,0.04285
0.02846,0.06688,0.04583,0.03130,0.02263,0.13184,0.14137,0.06796,0.04328,0.03372,0.03254,0.02661,0.05158,0.01877,0.04443,0.06749,0.03525,0.04018,0.04383,0.02607
0.08309,0.05238,0.04026,0.05181,0.04986,0.03228,0.02915,0.02918,0.06138,0.06406,0.03777,0.04064,0.05664,0.07667,0.06060,0.08018,0.02695,0.05747,0.04168,0.02795
0.04093,0.05200,0.02737,0.03171,0.03162,0.02041,0.02078,0.02234,0.02521,0.02587,0.03842,0.21394,0.02172,0.03119,0.02673,0.04797,0.03285,0.03558,0.03014,0.22322
0.03484,0.18415,0.01571,0.05195,0.01650,0.03453,0.03279,0.02521,0.04758,0.03384,0.02711,0.04613,0.04797,0.02710,0.03010,0.16537,0.03472,0.05705,0.04120,0.04615
0.03868,0.14073,0.04469,0.03207,0.01327,0.04429,0.04122,0.05296,0.03701,0.03287,0.04632,0.01885,0.05418,0.04077,0.07965,0.15401,0.01754,0.04736,0.04106,0.02247
0.05327,0.03455,0.02247,0.03217,0.19914,0.03292,0.03919,0.01992,0.03914,0.04884,0.03091,0.05875,0.03071,0.02811,0.05165,0.05476,0.02886,0.06519,0.05717,0.07227
0.03494,0.02580,0.02091,0.02890,0.02154,0.16218,0.15948,0.03653,0.03673,0.04577,0.01542,0.06366,0.04434,0.02860,0.04847,0.02480,0.02671,0.04782,0.05013,0.07728
0.04955,0.03094,0.03091,0.02883,0.16940,0.06205,0.08028,0.03545,0.04682,0.06460,0.02130,0.02819,0.04006,0.02991,0.05087,0.03833,0.03034,0.06402,0.05745,0.04071
0.03983,0.06368,0.01918,0.05503,0.27010,0.03122,0.02852,0.02584,0.02839,0.04431,0.01758,0.04789,0.03051,0.03458,0.03697,0.05997,0.02557,0.04685,0.04413,0.04984
0.19921,0.04138,0.09210,0.03060,0.00403,0.02848,0.01815,0.02221,0.02169,0.02635,0.09542,0.02180,0.02145,0.18934,0.02803,0.02600,0.02325,0.03815,0.03448,0.03785
0.13703,0.05262,0.04382,0.03218,0.01167,0.03642,0.03809,0.04286,0.03851,0.04696,0.03058,0.03448,0.04097,0.14997,0.03562,0.05724,0.03628,0.05197,0.04368,0.03903
0.02905,0.03008,0.05052,0.03088,0.02670,0.05341,0.04774,0.05265,0.02446,0.02874,0.02230,0.20435,0.02649,0.02264,0.03285,0.03581,0.02114,0.03245,0.03056,0.19717
0.06935,0.02425,0.14229,0.03108,0.00841,0.05849,0.02360,0.13654,0.05249,0.06518,0.02064,0.01499,0.02871,0.01908,0.07850,0.06608,0.01370,0.06082,0.05855,0.02726
0.02757,0.02051,0.02702,0.02889,0.08215,0.01920,0.02292,0.02505,0.02849,0.02776,0.03523,0.22543,0.02347,0.02946,0.02814,0.02417,0.02587,0.03239,0.03288,0.23342
0.03207,0.02864,0.04177,0.03020,0.30896,0.04536,0.03325,0.03225,0.03859,0.03791,0.05405,0.03232,0.03076,0.02802,0.03749,0.02435,0.03988,0.04150,0.03792,0.04471
0.13423,0.05083,0.03251,0.04856,0.09281,0.03135,0.02973,0.03021,0.03053,0.03960,0.02427,0.03022,0.03187,0.14552,0.05132,0.03317,0.03325,0.04874,0.04127,0.04002
0.04819,0.16432,0.03026,0.02300,0.05288,0.02952,0.02614,0.02081,0.02493,0.03705,0.04087,0.05892,0.02416,0.04160,0.03376,0.17077,0.02619,0.04314,0.03351,0.06998
0.05005,0.04192,0.15086,0.04007,0.01603,0.03802,0.04368,0.13444,0.03054,0.03598,0.04818,0.03479,0.02746,0.07951,0.03679,0.03514,0.03171,0.04305,0.04712,0.03465
0.03905,0.05074,0.13200,0.03736,0.01408,0.03376,0.04380,0.04069,0.04145,0.04951,0.12078,0.03093,0.03581,0.04513,0.05411,0.04312,0.02533,0.06977,0.05593,0.03664
0.02999,0.03607,0.02324,0.03268,0.05920,0.02688,0.02299,0.02751,0.03719,0.03326,0.01932,0.21079,0.02985,0.02107,0.03884,0.02754,0.02727,0.03750,0.03284,0.22596
0.02926,0.05269,0.02873,0.05087,0.02364,0.16762,0.15231,0.03399,0.03425,0.04222,0.02912,0.04611,0.04395,0.03423,0.03541,0.03074,0.04044,0.04062,0.03497,0.04883
0.04452,0.04806,0.02113,0.02721,0.02238,0.03449,0.03772,0.02382,0.04432,0.05914,0.05542,0.08300,0.04098,0.02516,0.06786,0.06204,0.07112,0.06869,0.06387,0.09907
0.03238,0.06371,0.09111,0.06365,0.02643,0.03948,0.03362,0.02990,0.04984,0.04578,0.10459,0.04602,0.04893,0.02975,0.04146,0.04014,0.04838,0.06449,0.04213,0.05819
0.02918,0.18486,0.02806,0.01997,0.01898,0.02172,0.02862,0.03177,0.03774,0.04474,0.02932,0.04212,0.04319,0.03055,0.03898,0.21248,0.02960,0.04723,0.03766,0.04322
0.04743,0.13035,0.02046,0.12095,0.01812,0.07849,0.08010,0.02308,0.02738,0.04206,0.01578,0.06185,0.03029,0.04517,0.03996,0.02659,0.02048,0.05536,0.04554,0.07056
0.03775,0.02651,0.06807,0.01706,0.36972,0.02491,0.02252,0.04452,0.02278,0.02482,0.04463,0.05050,0.02367,0.03521,0.02704,0.03301,0.01960,0.02896,0.02537,0.05335
0.03287,0.03616,0.13061,0.04494,0.01255,0.02266,0.02860,0.14070,0.08132,0.04569,0.01834,0.04784,0.03805,0.02789,0.05733,0.06446,0.02643,0.05658,0.04788,0.03911
0.03629,0.03423,0.02555,0.02934,0.03787,0.16071,0.15523,0.02771,0.03084,0.04728,0.03000,0.04982,0.03635,0.03866,0.04232,0.03125,0.02688,0.04844,0.04671,0.06451
0.03523,0.04021,0.11601,0.03907,0.01291,0.03648,0.03581,0.02517,0.03535,0.05856,0.12417,0.04908,0.04719,0.06343,0.05995,0.03560,0.02857,0.05936,0.04786,0.05000
0.04022,0.19794,0.02066,0.03433,0.01547,0.03864,0.02995,0.02348,0.03568,0.03433,0.02651,0.04446,0.03210,0.03593,0.03204,0.20118,0.02495,0.04501,0.03074,0.05637
0.03318,0.03545,0.16934,0.03924,0.01981,0.02538,0.02647,0.03983,0.07334,0.04584,0.15084,0.03687,0.02669,0.01874,0.06077,0.04284,0.02408,0.05249,0.04371,0.03510
0.02649,0.06476,0.16370,0.03099,0.02060,0.03460,0.03716,0.17118,0.03880,0.03520,0.02866,0.03407,0.02923,0.02440,0.04276,0.06366,0.03264,0.04154,0.03993,0.03963
0.03787,0.03307,0.04518,0.02278,0.02311,0.05966,0.06787,0.05088,0.02519,0.03026,0.01531,0.20093,0.02349,0.03087,0.02821,0.03381,0.01871,0.02556,0.02472,0.20250
0.04003,0.19199,0.01813,0.16704,0.03787,0.03344,0.03194,0.02043,0.03728,0.03912,0.03590,0.02192,0.03123,0.03392,0.04038,0.04719,0.03787,0.04423,0.04044,0.04966
0.03107,0.22526,0.05306,0.20046,0.01809,0.02486,0.02521,0.05424,0.02501,0.03068,0.02037,0.03364,0.02557,0.03267,0.02766,0.04771,0.02229,0.03569,0.03073,0.03573
0.04663,0.16914,0.03447,0.03252,0.01220,0.03556,0.02968,0.04360,0.03971,0.03643,0.02186,0.04518,0.03354,0.04296,0.03841,0.17509,0.02141,0.05067,0.03907,0.05189
0.04143,0.05863,0.02379,0.02928,0.00904,0.05017,0.05785,0.02109,0.02401,0.02803,0.16937,0.05479,0.02891,0.03096,0.02956,0.06014,0.16637,0.03247,0.03146,0.05268
0.04304,0.11838,0.07717,0.01740,0.04298,0.02897,0.04086,0.04023,0.03262,0.04316,0.06574,0.04270,0.03361,0.03604,0.04196,0.12993,0.02467,0.05002,0.04080,0.04973
0.05417,0.03673,0.16742,0.03380,0.02576,0.04695,0.03876,0.16426,0.03309,0.03217,0.02289,0.05084,0.03020,0.03977,0.03858,0.03041,0.02584,0.03619,0.03194,0.06024
0.03869,0.03088,0.01961,0.03230,0.01895,0.02983,0.03135,0.02582,0.03742,0.02623,0.01921,0.22434,0.04679,0.02726,0.02859,0.02464,0.03045,0.04510,0.03768,0.22486
0.02166,0.05893,0.02369,0.05197,0.13145,0.02636,0.02184,0.02554,0.03609,0.03430,0.15041,0.04566,0.03018,0.01912,0.02841,0.03162,0.14530,0.03691,0.02585,0.05469
0.03498,0.08553,0.02931,0.06842,0.09464,0.04322,0.04060,0.03122,0.02274,0.03007,0.01700,0.13804,0.02332,0.02875,0.03039,0.03402,0.02082,0.04255,0.03735,0.14702
0.04387,0.03495,0.06570,0.03479,0.02477,0.12282,0.12498,0.02314,0.04501,0.03914,0.07570,0.03343,0.03006,0.03868,0.04378,0.03073,0.03291,0.05980,0.05562,0.04013
0.03404,0.22541,0.02705,0.01867,0.00810,0.04040,0.03414,0.03089,0.02436,0.02543,0.04736,0.02461,0.03567,0.03498,0.02851,0.23346,0.04176,0.03225,0.02678,0.02613
0.01777,0.17813,0.04150,0.04731,0.03761,0.04050,0.03702,0.03663,0.03294,0.03410,0.04311,0.04206,0.04511,0.01429,0.04080,0.17545,0.02944,0.03411,0.02968,0.04244
0.15131,0.07376,0.02383,0.04578,0.04758,0.05423,0.04625,0.02715,0.02748,0.03211,0.02766,0.03393,0.03230,0.14705,0.03013,0.05966,0.03084,0.03584,0.03251,0.04061
0.04356,0.20074,0.01508,0.18520,0.00794,0.03150,0.03235,0.02015,0.04071,0.04423,0.01680,0.03067,0.03333,0.02435,0.04062,0.03883,0.02681,0.06408,0.04652,0.05653
0.04076,0.14824,0.06826,0.03647,0.00508,0.03232,0.03044,0.06327,0.05830,0.03757,0.03625,0.02858,0.02969,0.02955,0.04842,0.16074,0.01854,0.05434,0.04272,0.03043
0.04604,0.18846,0.05953,0.18059,0.01880,0.02123,0.02649,0.02284,0.02722,0.02157,0.07218,0.02419,0.01827,0.08001,0.02368,0.02728,0.02642,0.04338,0.04691,0.02492
0.15762,0.06595,0.03921,0.03696,0.02928,0.03912,0.03333,0.02427,0.02644,0.03344,0.04256,0.04480,0.03290,0.15086,0.03716,0.04709,0.02705,0.04393,0.03479,0.05326
0.02908,0.19665,0.02175,0.05308,0.02216,0.02302,0.03412,0.02381,0.03201,0.05014,0.01812,0.03369,0.04315,0.02518,0.03541,0.20883,0.02726,0.04843,0.04017,0.03392
0.08214,0.01933,0.01761,0.01814,0.03143,0.02130,0.02210,0.02131,0.02821,0.02526,0.20648,0.03296,0.02176,0.06664,0.02564,0.02335,0.21599,0.03883,0.03840,0.04314
0.03640,0.02574,0.15911,0.02232,0.01418,0.04690,0.05398,0.04802,0.03273,0.02378,0.19860,0.02420,0.06405,0.03944,0.04050,0.03195,0.05123,0.03110,0.03188,0.02386
0.04261,0.02406,0.17117,0.02555,0.00910,0.04710,0.03926,0.16409,0.04252,0.04506,0.02941,0.03107,0.04454,0.04631,0.04354,0.03000,0.02070,0.04748,0.03855,0.05787
0.07762,0.06719,0.01403,0.05030,0.01800,0.11524,0.11433,0.03018,0.03909,0.03465,0.02410,0.04507,0.04114,0.07119,0.04305,0.04261,0.03115,0.04898,0.03978,0.05229
0.03448,0.15283,0.02689,0.12248,0.03012,0.06078,0.08005,0.02061,0.02283,0.05879,0.01664,0.05038,0.02987,0.03407,0.03382,0.05416,0.01809,0.05337,0.04427,0.05545
0.05777,0.03496,0.02953,0.02752,0.01257,0.02572,0.03144,0.03138,0.04445,0.04785,0.02418,0.15513,0.02537,0.01867,0.05209,0.04460,0.02874,0.06523,0.06548,0.17733
0.15365,0.03514,0.06667,0.02584,0.02277,0.02985,0.03148,0.04408,0.04170,0.03885,0.05271,0.03531,0.04349,0.14126,0.04327,0.04828,0.02627,0.04455,0.03693,0.03790
0.04730,0.04583,0.04897,0.02690,0.04517,0.01758,0.02751,0.01662,0.04246,0.03654,0.04979,0.16508,0.03422,0.03542,0.04561,0.04739,0.02538,0.03814,0.03545,0.16865
0.02447,0.04929,0.04536,0.04535,0.29265,0.03702,0.04079,0.02638,0.03799,0.02902,0.06057,0.04111,0.02556,0.02444,0.02973,0.03315,0.03748,0.04395,0.03722,0.03849
0.03333,0.06520,0.02653,0.02384,0.01314,0.16650,0.17710,0.03133,0.03581,0.03852,0.02072,0.03921,0.02899,0.02999,0.04003,0.07374,0.01988,0.04669,0.04463,0.04484
0.05222,0.04716,0.03635,0.03670,0.28572,0.02114,0.02026,0.04375,0.04177,0.04377,0.02024,0.03252,0.03751,0.03564,0.04113,0.06821,0.02687,0.04333,0.03478,0.03093
0.03035,0.21130,0.02908,0.05300,0.01237,0.02850,0.02974,0.03291,0.03167,0.03366,0.02018,0.06172,0.02667,0.02134,0.02973,0.18777,0.02180,0.04190,0.03076,0.06553
0.12305,0.02704,0.03516,0.03840,0.03218,0.03956,0.03923,0.06202,0.05994,0.04419,0.02254,0.04023,0.05295,0.11006,0.06357,0.05020,0.03354,0.04693,0.04715,0.03204
0.03182,0.02993,0.19539,0.03425,0.02724,0.03609,0.03758,0.19826,0.02898,0.02760,0.02939,0.04588,0.03221,0.03429,0.03883,0.02015,0.02817,0.03729,0.03525,0.05139
0.02942,0.08847,0.01857,0.04611,0.01633,0.03488,0.04019,0.04665,0.05410,0.05910,0.03318,0.04536,0.08533,0.01914,0.05286,0.13166,0.05593,0.05250,0.04712,0.04312
0.04967,0.03587,0.02908,0.03778,0.29220,0.03819,0.03532,0.03197,0.02096,0.04422,0.01975,0.04954,0.03903,0.05279,0.04350,0.03338,0.02175,0.04148,0.03376,0.04974
0.21193,0.04153,0.02289,0.03071,0.02590,0.02653,0.02646,0.02274,0.03234,0.03645,0.03486,0.03262,0.02505,0.19347,0.04016,0.04383,0.02903,0.04515,0.03832,0.04003
0.04394,0.02838,0.02952,0.02198,0.37722,0.02280,0.03072,0.02980,0.03089,0.03803,0.02992,0.02675,0.03005,0.03387,0.03062,0.02747,0.03080,0.05255,0.04376,0.04093
0.04641,0.05551,0.17000,0.05034,0.02681,0.02012,0.02680,0.02776,0.03001,0.04621,0.16322,0.02354,0.02850,0.04172,0.04078,0.03575,0.02087,0.05861,0.05427,0.03279
0.03842,0.03482,0.12551,0.03759,0.01466,0.02963,0.03098,0.06174,0.04939,0.04716,0.12614,0.03530,0.04583,0.03926,0.04595,0.04926,0.06313,0.05032,0.04221,0.03268
0.05717,0.04627,0.19262,0.02378,0.05399,0.02251,0.02687,0.18551,0.02654,0.03311,0.02558,0.02519,0.02437,0.05272,0.02928,0.04524,0.02197,0.04158,0.03404,0.03166
0.03749,0.16879,0.01702,0.02692,0.01691,0.02643,0.03007,0.02335,0.04503,0.04965,0.02232,0.05053,0.04550,0.02838,0.04702,0.20607,0.03157,0.04290,0.03457,0.04950
0.03704,0.03083,0.14837,0.03722,0.02001,0.04825,0.05297,0.17052,0.04993,0.02834,0.02459,0.02990,0.04289,0.04739,0.04696,0.03026,0.03214,0.04892,0.04833,0.02513
0.05584,0.05118,0.07628,0.03880,0.03216,0.03412,0.04464,0.02455,0.04324,0.06103,0.08458,0.03796,0.03169,0.03586,0.05203,0.06083,0.03284,0.07959,0.07240,0.05039
0.03012,0.06865,0.16365,0.04200,0.03890,0.04536,0.04130,0.15717,0.02155,0.03997,0.02491,0.03102,0.02996,0.02179,0.03692,0.05621,0.03070,0.04050,0.03876,0.04053
0.03054,0.18378,0.03026,0.08514,0.03756,0.03314,0.03460,0.03799,0.02870,0.03216,0.04018,0.02651,0.05083,0.02603,0.04184,0.12801,0.03278,0.04514,0.04028,0.03452
0.07286,0.04474,0.01952,0.03391,0.03245,0.02750,0.02556,0.02604,0.04798,0.04175,0.10324,0.05511,0.03084,0.06017,0.05178,0.04555,0.10753,0.06008,0.04672,0.06666
0.03456,0.15529,0.04179,0.08121,0.01425,0.03261,0.03235,0.04300,0.03512,0.05613,0.03044,0.02996,0.04555,0.02287,0.04197,0.14075,0.03643,0.05138,0.04073,0.03359
0.04363,0.01799,0.02103,0.04215,0.04015,0.03056,0.03687,0.04839,0.08379,0.05221,0.05896,0.05038,0.05699,0.03191,0.07805,0.04129,0.07111,0.07325,0.06645,0.05483
0.03673,0.03951,0.01653,0.02375,0.03008,0.01784,0.02697,0.01502,0.04136,0.04435,0.04003,0.18629,0.03267,0.01703,0.04075,0.06004,0.03970,0.05393,0.04448,0.19294
0.03480,0.02972,0.16309,0.03751,0.02762,0.03356,0.03777,0.16234,0.04288,0.02910,0.04174,0.04633,0.04149,0.04294,0.03447,0.02930,0.03872,0.03894,0.03894,0.04876
0.18223,0.05074,0.02667,0.04501,0.04979,0.01941,0.03285,0.02568,0.03444,0.04063,0.01953,0.03988,0.03302,0.17238,0.03303,0.03302,0.02563,0.05130,0.03869,0.04604
0.04204,0.06542,0.03582,0.05332,0.33977,0.02411,0.02568,0.03657,0.02599,0.03154,0.02303,0.03868,0.03158,0.03467,0.02828,0.03961,0.02252,0.03051,0.02578,0.04508
0.03219,0.22362,0.02817,0.04846,0.02814,0.02414,0.02537,0.02955,0.02894,0.03200,0.03671,0.02709,0.02907,0.03129,0.04208,0.20444,0.02840,0.04017,0.03192,0.02824
0.02621,0.04636,0.15094,0.02391,0.02570,0.03008,0.03405,0.14507,0.03051,0.03879,0.05421,0.04867,0.03905,0.02762,0.04254,0.04954,0.04763,0.04120,0.03843,0.05949
0.04659,0.02901,0.02901,0.02299,0.03134,0.02492,0.03748,0.02705,0.02930,0.04687,0.17147,0.03318,0.02873,0.03306,0.03682,0.03807,0.18317,0.05458,0.05005,0.04631
0.06484,0.02723,0.19199,0.02620,0.03963,0.03901,0.02301,0.15551,0.02892,0.04041,0.05086,0.02265,0.02768,0.05831,0.04194,0.05624,0.01762,0.03391,0.03046,0.02357
0.02872,0.10501,0.12137,0.04035,0.07550,0.05037,0.04956,0.02899,0.02037,0.02506,0.11422,0.04196,0.02900,0.02292,0.02819,0.08522,0.01996,0.03403,0.02911,0.05008
0.04518,0.12408,0.05591,0.02500,0.01240,0.02737,0.03436,0.06619,0.03778,0.04098,0.04049,0.03911,0.05595,0.04299,0.04951,0.13529,0.03403,0.04254,0.04354,0.04727
0.04672,0.05099,0.03080,0.03248,0.01018,0.05741,0.05650,0.02460,0.04087,0.05317,0.04760,0.09968,0.04762,0.04439,0.04955,0.04907,0.04505,0.05660,0.05141,0.10532
0.04869,0.04265,0.04453,0.03691,0.33543,0.02217,0.03691,0.02561,0.02790,0.03696,0.03974,0.03951,0.02463,0.03387,0.02923,0.02736,0.02025,0.04748,0.03536,0.04480
0.01732,0.04357,0.23166,0.03031,0.01515,0.03501,0.03218,0.04033,0.02187,0.02382,0.22717,0.04128,0.03017,0.01922,0.02779,0.03471,0.03453,0.02616,0.02496,0.04279
0.06365,0.09796,0.13611,0.08671,0.01584,0.02320,0.02359,0.01921,0.03290,0.03178,0.15162,0.02845,0.02953,0.04851,0.03287,0.03081,0.03244,0.04719,0.03436,0.03328
0.03666,0.17808,0.01845,0.04073,0.02421,0.02861,0.02506,0.01878,0.03613,0.06098,0.02845,0.02741,0.04557,0.01147,0.04969,0.21843,0.03268,0.04899,0.04254,0.02709
0.02582,0.15547,0.03096,0.05938,0.04993,0.01851,0.02423,0.03734,0.03732,0.05739,0.02351,0.03806,0.06386,0.01901,0.03224,0.17510,0.03963,0.04674,0.03160,0.03391
0.02391,0.05810,0.18686,0.04421,0.13628,0.02801,0.02188,0.02446,0.02345,0.02941,0.18357,0.02427,0.02577,0.02680,0.02862,0.02715,0.02028,0.02798,0.02463,0.03435
0.02805,0.04933,0.16491,0.03396,0.01263,0.03156,0.03385,0.16261,0.03634,0.03246,0.02591,0.07525,0.04126,0.02012,0.02873,0.04558,0.03363,0.04388,0.03738,0.06258
0.14405,0.03670,0.05934,0.01972,0.01924,0.03974,0.02997,0.04287,0.03168,0.03810,0.04139,0.04312,0.02771,0.13122,0.04515,0.04509,0.03074,0.05792,0.05073,0.06553
0.06317,0.02728,0.03694,0.02509,0.30220,0.02654,0.03054,0.02916,0.03548,0.03887,0.03121,0.04453,0.03273,0.04462,0.03881,0.02865,0.02553,0.04550,0.04354,0.04960
0.03953,0.03894,0.02222,0.05927,0.01594,0.03309,0.04106,0.04270,0.07597,0.03178,0.03546,0.12147,0.12924,0.02717,0.01582,0.04352,0.07749,0.02972,0.02879,0.09082
0.04557,0.04288,0.17841,0.03878,0.02597,0.02324,0.02922,0.02548,0.04337,0.03757,0.17842,0.02926,0.03845,0.03948,0.04098,0.03763,0.02428,0.04507,0.04378,0.03216
0.04777,0.04761,0.01182,0.03938,0.03342,0.02955,0.06404,0.02550,0.05273,0.07691,0.01620,0.07320,0.03471,0.04038,0.06359,0.05021,0.03237,0.09187,0.07695,0.09176
0.15099,0.02630,0.04752,0.03410,0.01216,0.02762,0.03577,0.04124,0.06039,0.04514,0.04479,0.02449,0.03246,0.12865,0.06170,0.04378,0.03145,0.06611,0.05654,0.02880
0.03762,0.12854,0.02491,0.13007,0.01720,0.04093,0.04130,0.02385,0.04227,0.04677,0.03055,0.07350,0.04214,0.04660,0.04628,0.02495,0.02881,0.05181,0.04193,0.07999
0.06544,0.07434,0.03274,0.04718,0.02706,0.01938,0.02784,0.01965,0.03081,0.03105,0.06291,0.12145,0.03452,0.06066,0.02795,0.05477,0.05138,0.04469,0.03647,0.12969
0.04010,0.04586,0.02188,0.04349,0.07628,0.03914,0.03726,0.02317,0.04193,0.04321,0.11357,0.04416,0.03637,0.02962,0.04512,0.04274,0.12169,0.05037,0.04766,0.05637
0.05531,0.08180,0.05801,0.07488,0.01970,0.02371,0.04649,0.02371,0.03579,0.07454,0.05814,0.05101,0.05225,0.05843,0.04336,0.04855,0.03077,0.05927,0.04873,0.05555
0.06522,0.03491,0.04436,0.02691,0.03219,0.03737,0.04110,0.05364,0.02640,0.02559,0.03821,0.15118,0.02923,0.05768,0.03460,0.02908,0.04152,0.03505,0.03344,0.16233
0.03548,0.03848,0.02417,0.04101,0.01261,0.02013,0.02529,0.02339,0.04719,0.03880,0.18978,0.03490,0.03694,0.03277,0.04601,0.04499,0.18847,0.04707,0.03886,0.03367
0.04765,0.05042,0.01722,0.02823,0.01671,0.03082,0.03406,0.01723,0.02249,0.03693,0.04515,0.18322,0.02771,0.04777,0.03321,0.05360,0.05158,0.03869,0.03374,0.18357
0.05407,0.05107,0.18207,0.04034,0.01156,0.04416,0.04364,0.16494,0.03671,0.03166,0.04074,0.02020,0.02537,0.04433,0.03551,0.03866,0.02219,0.04126,0.04019,0.03135
0.04272,0.05157,0.01438,0.05287,0.07555,0.05143,0.04691,0.02232,0.02969,0.04077,0.02523,0.12662,0.03495,0.05378,0.04585,0.04584,0.02738,0.04889,0.04169,0.12156
0.04737,0.05413,0.02315,0.03239,0.03993,0.02819,0.04182,0.02954,0.05448,0.05262,0.08503,0.03502,0.03847,0.02981,0.04393,0.05032,0.09999,0.08986,0.06919,0.05475
0.13097,0.03047,0.04052,0.02979,0.01800,0.05012,0.04990,0.02602,0.04156,0.04500,0.07449,0.02639,0.04183,0.11109,0.05680,0.06110,0.05783,0.04219,0.04352,0.02240
0.02246,0.07286,0.22569,0.04708,0.00976,0.02253,0.02648,0.02541,0.02029,0.03121,0.21739,0.04225,0.01743,0.01825,0.03229,0.03889,0.01955,0.03405,0.02755,0.04857
0.04198,0.12961,0.01586,0.12279,0.01565,0.08464,0.08749,0.03556,0.04614,0.03194,0.02480,0.04175,0.04214,0.03352,0.04993,0.03446,0.03167,0.04694,0.03850,0.04465
0.02490,0.05491,0.01910,0.03553,0.23034,0.05292,0.03515,0.03059,0.03735,0.04227,0.04129,0.05164,0.03341,0.02220,0.03975,0.05059,0.05328,0.03860,0.03369,0.07251
0.04580,0.04620,0.22198,0.02210,0.03261,0.02817,0.02913,0.22401,0.02483,0.02459,0.01327,0.03367,0.02682,0.03614,0.03003,0.04889,0.01401,0.02889,0.03067,0.03823
0.02452,0.04322,0.02477,0.04432,0.31290,0.04242,0.04646,0.03193,0.02721,0.03563,0.03408,0.04036,0.04424,0.02607,0.03436,0.02607,0.03787,0.04081,0.03597,0.04681
0.03216,0.09494,0.01292,0.08499,0.02955,0.15460,0.16264,0.01806,0.02711,0.03096,0.03564,0.03203,0.02001,0.03603,0.03101,0.03278,0.03505,0.04262,0.05243,0.03448
0.03188,0.03563,0.03577,0.03202,0.02316,0.03274,0.03875,0.03507,0.02977,0.02844,0.21714,0.02221,0.02848,0.02456,0.03639,0.02806,0.21629,0.03886,0.03499,0.02981
0.05729,0.20603,0.03809,0.18766,0.01189,0.03289,0.03514,0.04221,0.01963,0.03020,0.01506,0.03632,0.02209,0.04586,0.02923,0.03032,0.02542,0.04457,0.03746,0.05265
0.02908,0.02275,0.03411,0.03122,0.02676,0.08341,0.09648,0.04734,0.04163,0.02976,0.13976,0.03107,0.03596,0.02881,0.04066,0.02783,0.13739,0.04382,0.04451,0.02763
0.20797,0.03339,0.06982,0.02704,0.01971,0.01670,0.01855,0.06986,0.03344,0.02464,0.01999,0.04791,0.02284,0.20514,0.03292,0.02839,0.01759,0.03295,0.02448,0.04667
0.04331,0.05450,0.02645,0.05560,0.01261,0.17701,0.18566,0.02921,0.04170,0.03757,0.02304,0.03404,0.02603,0.02981,0.05321,0.03598,0.02701,0.03905,0.03789,0.03033
0.02828,0.03171,0.16920,0.02729,0.04424,0.03871,0.03034,0.17207,0.04040,0.04179,0.02649,0.03508,0.04455,0.02187,0.04132,0.05352,0.03462,0.04019,0.03629,0.04203
0.02825,0.18027,0.05343,0.04324,0.01225,0.02631,0.02982,0.06088,0.03691,0.03261,0.01736,0.04417,0.03262,0.03736,0.03297,0.17954,0.02319,0.04666,0.04141,0.04073
0.03040,0.14954,0.06184,0.02297,0.01692,0.03074,0.02880,0.06512,0.03535,0.03182,0.03040,0.04243,0.03943,0.02516,0.04769,0.16503,0.02764,0.05749,0.04170,0.04953
0.03286,0.07619,0.02591,0.06564,0.02010,0.03439,0.04058,0.02425,0.03849,0.03681,0.02112,0.17747,0.02622,0.01510,0.03821,0.04597,0.01852,0.04532,0.04001,0.17684
0.04358,0.03873,0.10841,0.03789,0.04642,0.03375,0.03373,0.10617,0.05406,0.03963,0.03673,0.03756,0.03668,0.06233,0.04469,0.05331,0.03175,0.05283,0.05679,0.04496
0.02979,0.03561,0.03993,0.02701,0.01792,0.05125,0.04515,0.04316,0.03184,0.03530,0.15186,0.03177,0.03995,0.03165,0.05361,0.04256,0.15088,0.05016,0.05122,0.03938
0.02131,0.21560,0.05045,0.15736,0.02033,0.02986,0.02077,0.04254,0.03162,0.02960,0.05469,0.03119,0.03014,0.01869,0.02752,0.08374,0.03638,0.02956,0.02767,0.04096
0.02996,0.19347,0.03764,0.17803,0.01566,0.02780,0.02499,0.02499,0.04265,0.03631,0.04301,0.04430,0.04630,0.02397,0.03808,0.04714,0.03069,0.04157,0.03057,0.04287
0.05036,0.06807,0.02193,0.04451,0.11323,0.06527,0.06875,0.03611,0.03366,0.04527,0.03096,0.03322,0.04509,0.03823,0.05497,0.04606,0.03615,0.05891,0.05936,0.04986
0.03849,0.09634,0.01499,0.02738,0.02360,0.13497,0.14652,0.02162,0.03197,0.04524,0.01480,0.02501,0.03045,0.04439,0.05392,0.11271,0.01578,0.04437,0.04648,0.03096
0.04409,0.18600,0.01418,0.18232,0.00853,0.04032,0.04911,0.01928,0.03422,0.04036,0.01798,0.05845,0.02729,0.02726,0.04221,0.02798,0.02295,0.04809,0.04039,0.06898
0.01713,0.23254,0.02390,0.21210,0.05892,0.06552,0.06446,0.01865,0.01803,0.02396,0.04055,0.01933,0.02467,0.01487,0.02866,0.02855,0.03194,0.03092,0.02683,0.01848
0.18551,0.04811,0.03751,0.03786,0.01828,0.02829,0.04092,0.02404,0.03140,0.04428,0.02757,0.02779,0.02896,0.16858,0.04116,0.04674,0.01976,0.05577,0.04979,0.03767
0.05274,0.08430,0.16747,0.03083,0.01366,0.03362,0.02522,0.14659,0.02246,0.03311,0.04179,0.02547,0.02976,0.04458,0.03491,0.08060,0.01975,0.03930,0.03587,0.03796
0.03686,0.06503,0.16113,0.04033,0.04102,0.02563,0.03033,0.15827,0.03241,0.04451,0.01936,0.03081,0.04194,0.02272,0.04022,0.06629,0.02658,0.04262,0.04085,0.03312
0.03930,0.04349,0.03816,0.04165,0.01792,0.02960,0.03120,0.02336,0.04409,0.04841,0.15221,0.03218,0.04005,0.03388,0.05130,0.03854,0.14170,0.05658,0.05142,0.04495
0.07018,0.04518,0.04215,0.05015,0.01085,0.14599,0.15175,0.02654,0.03238,0.02923,0.03660,0.03918,0.02047,0.06789,0.04444,0.02418,0.01850,0.04532,0.05304,0.04598
0.06651,0.03308,0.02958,0.04452,0.01732,0.08722,0.10756,0.03678,0.05335,0.04796,0.01453,0.03054,0.02589,0.07705,0.05698,0.03971,0.01934,0.07716,0.09602,0.03889
0.17439,0.06763,0.03106,0.02843,0.02344,0.05570,0.05735,0.02400,0.02506,0.03038,0.03512,0.02218,0.02575,0.16357,0.03522,0.05900,0.02575,0.04503,0.04051,0.03043
0.03533,0.15787,0.07951,0.14064,0.00909,0.03103,0.04157,0.03023,0.02329,0.04813,0.06400,0.04342,0.02238,0.02649,0.04493,0.02783,0.01990,0.04901,0.04215,0.06318
0.03419,0.12889,0.05846,0.04084,0.02094,0.03075,0.03033,0.07149,0.04474,0.03060,0.02214,0.05918,0.03790,0.03791,0.03616,0.12535,0.02575,0.06349,0.04041,0.06047
0.05127,0.13339,0.01457,0.14178,0.01043,0.03196,0.04569,0.02838,0.07246,0.04800,0.01848,0.03789,0.03260,0.03916,0.07659,0.04189,0.02303,0.06532,0.04954,0.03758
0.02585,0.21790,0.04400,0.02172,0.01554,0.03469,0.02654,0.02594,0.02502,0.02783,0.05091,0.03383,0.03180,0.02467,0.02844,0.21789,0.03040,0.04246,0.03315,0.04144
0.04644,0.03679,0.11089,0.03831,0.02363,0.04891,0.05837,0.11978,0.04424,0.03345,0.01858,0.05458,0.02829,0.06334,0.05090,0.04923,0.01816,0.04727,0.05671,0.05213
0.01719,0.08545,0.04269,0.02073,0.01143,0.19864,0.19089,0.02125,0.01845,0.03074,0.07382,0.02072,0.01989,0.01489,0.02512,0.08441,0.04532,0.02578,0.02485,0.02775
0.04137,0.03308,0.02075,0.02893,0.01715,0.19490,0.18681,0.02574,0.04620,0.03734,0.03390,0.03663,0.03785,0.03847,0.04102,0.03274,0.03172,0.04259,0.03403,0.03877
0.05890,0.01822,0.02535,0.02495,0.00856,0.04371,0.06252,0.02839,0.03582,0.06979,0.08435,0.04957,0.03530,0.06856,0.04903,0.02975,0.09570,0.07470,0.06984,0.06699
