0.01972,0.05756,0.12552,0.26152,0.22236,0.00000,0.11153,0.06343,0.04209,0.02680,0.00325,0.00001,0.00131,0.00032,0.06456
0.20317,0.07762,0.11726,0.00065,0.27070,0.00000,0.10581,0.03183,0.03865,0.10151,0.00962,0.00078,0.01392,0.02675,0.00172
0.03757,0.20851,0.01138,0.00040,0.27406,0.00570,0.03435,0.22035,0.00008,0.12176,0.00020,0.00646,0.04790,0.02954,0.00173
0.03720,0.37777,0.06480,0.00080,0.30621,0.00000,0.02910,0.04189,0.02819,0.04012,0.01478,0.04925,0.00952,0.00037,0.00000
0.06691,0.13638,0.09811,0.01105,0.27254,0.00000,0.26561,0.05293,0.00059,0.01840,0.00222,0.06097,0.01413,0.00001,0.00015
0.10887,0.24305,0.11347,0.00001,0.23489,0.00000,0.03314,0.09565,0.02309,0.08530,0.00002,0.00000,0.02242,0.04010,0.00000
0.09695,0.09041,0.19025,0.00100,0.17467,0.00000,0.10774,0.01258,0.07758,0.08438,0.01643,0.00519,0.13285,0.00045,0.00951
0.11690,0.05825,0.43046,0.00060,0.06644,0.00000,0.03204,0.06747,0.00005,0.02557,0.00014,0.00153,0.12396,0.00402,0.07258
0.05459,0.29932,0.05815,0.05230,0.17708,0.00000,0.00802,0.01451,0.02665,0.27447,0.02497,0.00000,0.00737,0.00243,0.00014
0.13984,0.18418,0.20596,0.02788,0.04119,0.00000,0.00360,0.06544,0.08185,0.01367,0.00057,0.08349,0.13586,0.01634,0.00013
0.19254,0.14023,0.28923,0.00075,0.20054,0.00000,0.08219,0.02424,0.00136,0.04707,0.00106,0.01752,0.00323,0.00005,0.00000
0.05236,0.37394,0.08135,0.00154,0.07618,0.00001,0.05796,0.22922,0.01208,0.04726,0.00104,0.04014,0.01571,0.00292,0.00829
0.04721,0.15475,0.19222,0.00808,0.28782,0.00000,0.10235,0.05760,0.04117,0.09275,0.00152,0.00007,0.00618,0.00003,0.00821
0.29445,0.18563,0.09384,0.00491,0.16978,0.00040,0.11642,0.08604,0.01597,0.01842,0.00208,0.00000,0.00002,0.00002,0.01201
0.14349,0.45848,0.01482,0.00517,0.11680,0.00000,0.11785,0.01166,0.00584,0.06267,0.00002,0.04342,0.01947,0.00030,0.00001
0.03968,0.49035,0.06805,0.02113,0.05468,0.00000,0.03572,0.00836,0.08771,0.03341,0.00133,0.02193,0.03944,0.00007,0.09812
0.05499,0.06241,0.15536,0.01717,0.35483,0.00000,0.16238,0.05717,0.04791,0.03400,0.00005,0.00740,0.02920,0.00001,0.01713
0.07902,0.21721,0.07968,0.00280,0.15421,0.00000,0.02573,0.04042,0.01146,0.18839,0.00047,0.00001,0.16712,0.00123,0.03225
0.03664,0.25847,0.00491,0.01563,0.31800,0.00000,0.08758,0.12405,0.01825,0.10119,0.01347,0.00861,0.01098,0.00001,0.00221
0.00972,0.20408,0.00105,0.00005,0.50013,0.00309,0.09905,0.13372,0.00070,0.02253,0.00001,0.00023,0.00856,0.00066,0.01641
0.01236,0.15418,0.02237,0.00519,0.38083,0.00000,0.07886,0.06261,0.06878,0.06697,0.00000,0.08270,0.05387,0.00546,0.00581
0.01284,0.22068,0.04739,0.00004,0.17635,0.00000,0.02585,0.18427,0.02233,0.14811,0.01363,0.00073,0.14406,0.00000,0.00370
0.07489,0.10650,0.15835,0.00015,0.44104,0.00010,0.06068,0.05913,0.00836,0.05122,0.01036,0.00000,0.00479,0.00002,0.02440
0.23110,0.20047,0.11711,0.00000,0.16661,0.00000,0.08988,0.01338,0.00679,0.02073,0.00412,0.01075,0.08051,0.05856,0.00000
0.08174,0.12910,0.22200,0.04674,0.09757,0.00000,0.09255,0.21935,0.03366,0.06908,0.00289,0.00010,0.00007,0.00006,0.00510
0.16926,0.10159,0.06488,0.02166,0.19252,0.00283,0.07313,0.00488,0.00018,0.14493,0.00000,0.00825,0.00001,0.03079,0.18508
0.11255,0.08121,0.17897,0.00133,0.17485,0.00002,0.07791,0.02771,0.00002,0.07556,0.04148,0.09609,0.02029,0.11191,0.00012
0.04797,0.24064,0.17626,0.01092,0.14826,0.00000,0.08335,0.08574,0.00339,0.15116,0.03686,0.00840,0.00705,0.00000,0.00001
0.00555,0.11970,0.24322,0.00037,0.24421,0.00000,0.05226,0.10251,0.01970,0.09312,0.00042,0.06718,0.01592,0.02018,0.01568
0.00773,0.25305,0.08008,0.01906,0.18797,0.00102,0.07304,0.10972,0.02180,0.12725,0.04229,0.02295,0.02744,0.02438,0.00223
0.04930,0.12948,0.06664,0.24568,0.23465,0.00000,0.02742,0.04298,0.02724,0.08910,0.00214,0.02357,0.05244,0.00904,0.00032
0.03134,0.32490,0.01701,0.00227,0.12021,0.00554,0.04253,0.00269,0.02541,0.19870,0.00465,0.21415,0.00000,0.00861,0.00198
0.03713,0.22780,0.12006,0.00805,0.25480,0.00000,0.08971,0.00665,0.04730,0.06681,0.00271,0.02162,0.11268,0.00265,0.00204
0.02376,0.04791,0.21311,0.00030,0.09587,0.00000,0.18418,0.04097,0.00000,0.24669,0.00009,0.00312,0.04209,0.09027,0.01162
0.09032,0.05301,0.07042,0.00017,0.28970,0.00000,0.13270,0.22291,0.02402,0.00734,0.00137,0.00858,0.02502,0.07433,0.00011
0.05594,0.12568,0.22288,0.00131,0.11875,0.00000,0.02566,0.09577,0.01343,0.09526,0.00091,0.18856,0.00004,0.00260,0.05322
0.11961,0.06872,0.10958,0.00020,0.19920,0.00000,0.08965,0.09230,0.00901,0.12937,0.00000,0.00073,0.04259,0.13864,0.00039
0.24557,0.03247,0.11682,0.01336,0.17879,0.06873,0.00157,0.08850,0.09916,0.13340,0.00000,0.02131,0.00004,0.00027,0.00000
0.00610,0.14377,0.30714,0.01790,0.23846,0.00000,0.04969,0.08380,0.00168,0.14704,0.00163,0.00000,0.00036,0.00005,0.00238
0.06528,0.08034,0.03131,0.01069,0.32646,0.00000,0.03005,0.01028,0.14178,0.21389,0.01289,0.01031,0.03533,0.00000,0.03139
0.04214,0.12638,0.18074,0.00000,0.05706,0.00000,0.10011,0.07169,0.02678,0.15114,0.04931,0.01122,0.15183,0.00014,0.03146
0.23506,0.23484,0.02863,0.01173,0.08497,0.00000,0.11255,0.02281,0.00530,0.23489,0.00047,0.00004,0.02869,0.00001,0.00001
0.12354,0.16198,0.05977,0.00154,0.09337,0.01521,0.26957,0.02315,0.00479,0.01733,0.00000,0.00475,0.21935,0.00001,0.00564
0.03989,0.10564,0.03835,0.04328,0.32670,0.01195,0.01817,0.05728,0.01782,0.19818,0.02191,0.00487,0.11046,0.00271,0.00278
0.06368,0.38761,0.07770,0.04588,0.07975,0.00002,0.03559,0.05849,0.03833,0.14300,0.00000,0.00005,0.03016,0.00688,0.03285
0.09917,0.06800,0.15602,0.00000,0.17802,0.00000,0.06972,0.02641,0.00887,0.31269,0.07740,0.00021,0.00176,0.00171,0.00003
0.02476,0.11342,0.01592,0.12295,0.28899,0.00000,0.07200,0.09915,0.00095,0.18346,0.00000,0.02169,0.01140,0.00021,0.04508
0.20077,0.19314,0.08317,0.05157,0.18364,0.05661,0.00485,0.09319,0.08084,0.00949,0.02925,0.00019,0.01326,0.00005,0.00000
0.10370,0.32725,0.05348,0.01235,0.20709,0.00000,0.06896,0.00068,0.00652,0.17778,0.00730,0.00691,0.02522,0.00029,0.00246
0.00666,0.12195,0.06802,0.00001,0.18289,0.00000,0.11957,0.09952,0.00162,0.37133,0.00026,0.00248,0.00026,0.02544,0.00000
0.13128,0.10560,0.15540,0.00925,0.21999,0.00000,0.17079,0.04301,0.02350,0.09478,0.00000,0.00007,0.03827,0.00000,0.00805
0.11011,0.12820,0.08336,0.03241,0.26981,0.00000,0.10022,0.00991,0.01601,0.11041,0.01609,0.08947,0.02400,0.00084,0.00915
0.12800,0.13487,0.03006,0.00032,0.30368,0.00000,0.10452,0.02073,0.00896,0.01733,0.01910,0.12810,0.06164,0.02877,0.01391
0.04606,0.09364,0.03434,0.01024,0.46891,0.00000,0.02257,0.15645,0.00597,0.08278,0.02518,0.01083,0.01002,0.02617,0.00683
0.14065,0.15520,0.19931,0.01922,0.18652,0.00000,0.04952,0.02740,0.00080,0.09695,0.00061,0.00025,0.12328,0.00029,0.00000
0.16270,0.26176,0.07123,0.00087,0.19070,0.00000,0.03024,0.01186,0.03035,0.23177,0.00000,0.00044,0.00331,0.00476,0.00002
0.06076,0.34803,0.16357,0.04397,0.09725,0.00000,0.16741,0.04217,0.00153,0.02376,0.00003,0.01307,0.03836,0.00002,0.00007
0.01084,0.21064,0.23624,0.00841,0.32553,0.00000,0.01129,0.00120,0.05482,0.11582,0.00000,0.01243,0.00883,0.00025,0.00370
0.05123,0.10463,0.07630,0.26058,0.27456,0.00000,0.04880,0.03194,0.03726,0.05468,0.00000,0.05017,0.00985,0.00001,0.00000
0.02206,0.25714,0.16830,0.05131,0.17695,0.00005,0.18839,0.04095,0.00006,0.05507,0.00000,0.00307,0.00190,0.03377,0.00101
0.02649,0.12738,0.03358,0.07812,0.21300,0.00093,0.25752,0.01661,0.03439,0.15090,0.05743,0.00001,0.00289,0.00001,0.00073
0.01183,0.15608,0.03450,0.03410,0.51867,0.00000,0.02180,0.00101,0.15555,0.02758,0.01705,0.00561,0.01608,0.00001,0.00011
0.13217,0.26567,0.17326,0.00008,0.08700,0.00000,0.09787,0.02896,0.00871,0.02843,0.16345,0.00010,0.01429,0.00000,0.00002
0.24380,0.05971,0.15913,0.00021,0.17862,0.03387,0.06480,0.08221,0.00002,0.12428,0.01867,0.01523,0.01927,0.00014,0.00004
0.00345,0.09012,0.05720,0.00014,0.35734,0.00245,0.00889,0.16320,0.06999,0.14152,0.02829,0.00008,0.06857,0.00874,0.00000
0.00876,0.11944,0.18094,0.00324,0.20873,0.00000,0.05539,0.13988,0.00699,0.25759,0.00257,0.00375,0.01275,0.00000,0.00000
0.01160,0.32850,0.00153,0.11721,0.27507,0.00000,0.19560,0.02517,0.00137,0.02280,0.01080,0.00899,0.00022,0.00027,0.00088
0.01960,0.16541,0.05457,0.00129,0.26850,0.00000,0.05051,0.00540,0.00504,0.16254,0.03585,0.10406,0.12493,0.00230,0.00000
0.15965,0.08249,0.21447,0.00015,0.09565,0.00000,0.00422,0.12216,0.01249,0.01597,0.00002,0.06795,0.22464,0.00000,0.00014
0.01987,0.02824,0.02950,0.00012,0.27946,0.00002,0.21575,0.04112,0.00184,0.35246,0.00017,0.00003,0.00056,0.00109,0.02977
0.13789,0.31122,0.13622,0.00138,0.10547,0.00008,0.11198,0.07005,0.08040,0.01436,0.00000,0.01948,0.00052,0.00558,0.00535
0.11057,0.04439,0.01022,0.00121,0.21157,0.40571,0.01571,0.13959,0.00073,0.04088,0.00208,0.01498,0.00233,0.00000,0.00002
0.09382,0.12449,0.03434,0.00073,0.08359,0.00001,0.02413,0.25588,0.01814,0.30953,0.01170,0.00023,0.04270,0.00000,0.00069
0.10060,0.15770,0.09542,0.02933,0.13843,0.00000,0.01159,0.10874,0.00000,0.05361,0.00092,0.08938,0.14132,0.02627,0.04670
0.03171,0.25569,0.09537,0.04149,0.24726,0.00000,0.08119,0.08926,0.01228,0.09408,0.00174,0.03203,0.00485,0.01298,0.00007
0.00266,0.27096,0.01802,0.00015,0.21621,0.00000,0.03257,0.05075,0.01095,0.08111,0.28387,0.00379,0.00224,0.00026,0.02645
0.26255,0.07563,0.01172,0.10456,0.33378,0.00000,0.07526,0.03497,0.00244,0.04515,0.01875,0.02537,0.00792,0.00000,0.00189
0.06767,0.11195,0.06525,0.00000,0.12893,0.00584,0.08142,0.28754,0.09598,0.06515,0.00267,0.00027,0.07603,0.00549,0.00580
0.02331,0.20014,0.03719,0.00006,0.16296,0.00000,0.03996,0.00539,0.00400,0.10923,0.02229,0.21261,0.00254,0.03579,0.14453
0.00255,0.19586,0.13104,0.01462,0.16530,0.01352,0.11488,0.00427,0.01071,0.18127,0.00065,0.11023,0.00543,0.00391,0.04576
0.01916,0.18867,0.04825,0.01067,0.27700,0.00000,0.20292,0.05799,0.00381,0.12332,0.00004,0.00000,0.00019,0.00003,0.06794
0.18469,0.18028,0.09809,0.00921,0.29659,0.00000,0.11110,0.03242,0.02151,0.01940,0.02388,0.00000,0.00767,0.00158,0.01357
0.05372,0.22068,0.07232,0.10221,0.32016,0.00001,0.05128,0.02176,0.01316,0.13465,0.00000,0.00029,0.00004,0.00000,0.00970
0.00444,0.21863,0.13181,0.00206,0.34217,0.00000,0.01503,0.04561,0.00307,0.11835,0.00045,0.07394,0.00300,0.00027,0.04117
0.02909,0.22289,0.09173,0.00373,0.28437,0.00018,0.03372,0.02032,0.02004,0.17171,0.09350,0.02540,0.00002,0.00000,0.00330
0.04875,0.26737,0.04366,0.01066,0.16799,0.00016,0.09250,0.01938,0.00103,0.17842,0.00623,0.00272,0.10930,0.04990,0.00195
0.05497,0.06317,0.07763,0.00228,0.43705,0.00000,0.10762,0.02060,0.01412,0.02446,0.00000,0.00000,0.11999,0.00051,0.07760
0.01002,0.20865,0.01350,0.00000,0.27039,0.00000,0.12200,0.04522,0.08277,0.23409,0.00871,0.00102,0.00293,0.00037,0.00032
0.03579,0.12034,0.06100,0.04205,0.18512,0.00000,0.12866,0.26088,0.00001,0.09370,0.01638,0.04131,0.00007,0.01448,0.00021
0.19378,0.13926,0.17680,0.07586,0.16729,0.00000,0.00400,0.03317,0.00400,0.09148,0.00070,0.00005,0.09444,0.00000,0.01917
0.01689,0.12276,0.21388,0.04782,0.03115,0.00000,0.06536,0.22128,0.03130,0.20490,0.01964,0.00069,0.01564,0.00862,0.00006
0.06998,0.22138,0.08417,0.00003,0.34912,0.00060,0.09370,0.05441,0.00002,0.02500,0.00002,0.00000,0.07087,0.00459,0.02612
0.16497,0.10164,0.27371,0.05598,0.16179,0.00000,0.04581,0.06954,0.00017,0.08110,0.00000,0.00030,0.04487,0.00000,0.00011
0.02028,0.19564,0.15992,0.01569,0.25115,0.00000,0.00875,0.04725,0.00033,0.13783,0.15223,0.00079,0.00760,0.00008,0.00246
0.20274,0.22536,0.21958,0.00198,0.14459,0.00000,0.00635,0.05478,0.00202,0.11401,0.00000,0.01105,0.01277,0.00000,0.00476
0.10190,0.14450,0.17778,0.01410,0.27233,0.00000,0.04628,0.00786,0.00006,0.15195,0.03886,0.01845,0.02375,0.00000,0.00217
0.24218,0.06362,0.08066,0.00001,0.35324,0.00000,0.08609,0.02124,0.11869,0.00514,0.00749,0.01210,0.00402,0.00000,0.00550
0.03143,0.12284,0.19603,0.00000,0.19788,0.00006,0.01196,0.25446,0.05969,0.03382,0.00006,0.00786,0.00306,0.04483,0.03603
0.07817,0.28460,0.03535,0.07556,0.14564,0.00000,0.17977,0.04501,0.00205,0.07703,0.01704,0.02239,0.00044,0.00098,0.03598
0.03493,0.04035,0.16871,0.00006,0.37367,0.00000,0.14238,0.01384,0.01170,0.12456,0.02087,0.00235,0.05318,0.00491,0.00850
0.01985,0.35437,0.03101,0.00033,0.18222,0.00000,0.03448,0.15777,0.00104,0.15241,0.00000,0.00000,0.00682,0.05922,0.00047
0.04798,0.14981,0.15689,0.00069,0.15656,0.00000,0.05652,0.04557,0.06026,0.32061,0.00000,0.00073,0.00434,0.00003,0.00001
0.06701,0.14650,0.14520,0.00113,0.12109,0.00396,0.05407,0.04627,0.00036,0.30559,0.00529,0.00042,0.07766,0.00887,0.01657
0.20019,0.18378,0.14680,0.00242,0.18812,0.00000,0.06194,0.04687,0.00670,0.13297,0.02329,0.00022,0.00112,0.00552,0.00007
0.02449,0.29254,0.01284,0.19245,0.04363,0.00066,0.34196,0.01138,0.00027,0.04501,0.00260,0.00393,0.01916,0.00046,0.00861
0.34092,0.18480,0.04412,0.00000,0.15749,0.00028,0.08231,0.01576,0.10800,0.01596,0.00019,0.02849,0.02016,0.00000,0.00154
0.05502,0.27780,0.17721,0.00710,0.19591,0.02798,0.06368,0.14125,0.00856,0.01158,0.01849,0.00109,0.00800,0.00626,0.00005
0.01248,0.13835,0.18713,0.00021,0.28425,0.02055,0.04816,0.14555,0.01837,0.06245,0.00001,0.00000,0.06055,0.02185,0.00008
0.01190,0.18799,0.05787,0.04560,0.26567,0.00000,0.02163,0.11794,0.00000,0.24370,0.03396,0.00005,0.00000,0.00000,0.01368
0.11800,0.08393,0.18831,0.01264,0.31130,0.00000,0.15046,0.02870,0.02934,0.03007,0.02559,0.00413,0.00018,0.00000,0.01736
0.08470,0.20952,0.19283,0.00288,0.26181,0.00000,0.08736,0.03039,0.00115,0.07318,0.00023,0.00014,0.01573,0.03529,0.00480
0.00480,0.10016,0.08290,0.01051,0.14835,0.00000,0.05689,0.18793,0.18529,0.11139,0.00265,0.01385,0.05895,0.03632,0.00000
0.20516,0.22930,0.03953,0.00056,0.17744,0.00000,0.05557,0.11855,0.00698,0.16039,0.00079,0.00288,0.00080,0.00088,0.00119
0.14922,0.32495,0.00858,0.00355,0.27775,0.00000,0.00637,0.00704,0.00648,0.17982,0.00001,0.00017,0.03048,0.00485,0.00073
0.01813,0.20954,0.11635,0.00011,0.39103,0.00000,0.13306,0.06197,0.00000,0.01882,0.01276,0.02303,0.01483,0.00000,0.00036
0.02893,0.31612,0.09231,0.04303,0.26733,0.00001,0.01773,0.05363,0.00092,0.13831,0.00287,0.02924,0.00855,0.00021,0.00082
0.04113,0.09279,0.11249,0.04451,0.08036,0.00000,0.18841,0.10755,0.00099,0.29969,0.00000,0.00795,0.00000,0.02190,0.00223
0.03697,0.08031,0.12220,0.00540,0.24197,0.00000,0.13087,0.04987,0.03328,0.11252,0.00017,0.00007,0.11996,0.00028,0.06611
0.01345,0.05186,0.01741,0.18242,0.35968,0.00001,0.15242,0.12142,0.02162,0.01468,0.00002,0.00635,0.00515,0.05342,0.00010
0.04033,0.13563,0.14262,0.02281,0.27291,0.00009,0.16204,0.11226,0.03262,0.04246,0.01585,0.00018,0.02013,0.00006,0.00000
0.07511,0.15975,0.10918,0.26658,0.03981,0.00072,0.06129,0.02065,0.01523,0.15043,0.01874,0.00000,0.07353,0.00898,0.00000
0.26076,0.33771,0.03395,0.00174,0.08469,0.00000,0.03133,0.16030,0.00391,0.07126,0.00001,0.00510,0.00000,0.00261,0.00663
0.03674,0.30266,0.04413,0.01873,0.08118,0.00000,0.11427,0.02424,0.04431,0.28612,0.00000,0.00421,0.00101,0.04209,0.00031
0.01205,0.09611,0.00676,0.06596,0.11562,0.00000,0.07759,0.30099,0.01707,0.21973,0.02749,0.00590,0.03065,0.00252,0.02159
0.04825,0.17067,0.01918,0.02058,0.12202,0.00000,0.07203,0.05013,0.00016,0.42368,0.00063,0.01046,0.05245,0.00000,0.00974
0.07623,0.23301,0.05085,0.00125,0.15236,0.00000,0.15660,0.11942,0.01150,0.02579,0.02825,0.00001,0.00003,0.00915,0.13555
0.01771,0.20970,0.07621,0.00003,0.20414,0.00000,0.07993,0.03370,0.10201,0.07750,0.08312,0.04639,0.01874,0.05057,0.00026
0.09375,0.09607,0.08246,0.08069,0.25535,0.00000,0.18366,0.10525,0.00574,0.05462,0.00140,0.00705,0.01654,0.00000,0.01740
0.10365,0.25282,0.06515,0.02368,0.16378,0.00000,0.02722,0.07060,0.02882,0.18568,0.00750,0.00338,0.05482,0.01198,0.00092
0.07160,0.06320,0.02073,0.01855,0.51273,0.00000,0.04955,0.06674,0.00059,0.11607,0.00170,0.00105,0.00916,0.00000,0.06831
0.00549,0.09820,0.14007,0.00180,0.09797,0.00131,0.32298,0.10732,0.05329,0.14399,0.00000,0.02305,0.00252,0.00178,0.00021
0.03958,0.21570,0.02808,0.00572,0.31583,0.00000,0.09498,0.07596,0.01925,0.20345,0.00001,0.00007,0.00001,0.00128,0.00007
0.04039,0.15959,0.17592,0.00014,0.36784,0.00000,0.12249,0.01609,0.02039,0.02830,0.00192,0.00157,0.04127,0.00019,0.02389
0.04397,0.12611,0.09081,0.04300,0.05913,0.00000,0.46207,0.06062,0.00010,0.10203,0.00403,0.00042,0.00002,0.00128,0.00642
0.03238,0.10109,0.02657,0.00010,0.42625,0.00000,0.18615,0.12599,0.00147,0.08126,0.00996,0.00473,0.00205,0.00064,0.00136
0.09942,0.35100,0.07208,0.00037,0.19847,0.00000,0.07733,0.00938,0.09860,0.04666,0.00001,0.00027,0.00177,0.04388,0.00077
0.02599,0.37487,0.04219,0.04986,0.21288,0.00000,0.06373,0.07671,0.00603,0.06384,0.00000,0.00010,0.05797,0.00009,0.02575
0.00403,0.10034,0.06698,0.10900,0.15187,0.00000,0.26454,0.06917,0.00360,0.06482,0.00009,0.06246,0.02351,0.07800,0.00160
0.09071,0.23990,0.19642,0.17935,0.09126,0.00000,0.01719,0.00213,0.00003,0.17408,0.00013,0.00000,0.00009,0.00000,0.00873
0.00670,0.03542,0.16135,0.00001,0.32666,0.00000,0.01223,0.06987,0.05036,0.14610,0.00000,0.10637,0.02860,0.05633,0.00000
0.12763,0.02727,0.08677,0.04427,0.21988,0.00000,0.07490,0.16027,0.03340,0.04281,0.06517,0.06141,0.00181,0.03738,0.01703
0.06112,0.21723,0.02793,0.05837,0.24431,0.00000,0.07915,0.05111,0.20108,0.01906,0.02914,0.00001,0.00774,0.00371,0.00004
0.00367,0.31746,0.02328,0.03798,0.11642,0.00000,0.06288,0.04231,0.00025,0.21624,0.00000,0.02319,0.11033,0.00091,0.04509
0.02284,0.09739,0.23501,0.05517,0.14818,0.00167,0.10490,0.10685,0.03018,0.02336,0.00004,0.00318,0.09000,0.00004,0.08119
0.03020,0.29398,0.09705,0.00162,0.19111,0.00008,0.09514,0.07289,0.05968,0.09355,0.00000,0.00003,0.03019,0.00078,0.03369
0.03225,0.25906,0.05438,0.00000,0.23430,0.00000,0.01191,0.00895,0.00135,0.04638,0.00253,0.03778,0.29918,0.00996,0.00196
0.01132,0.38657,0.03299,0.02962,0.19553,0.00000,0.10239,0.14277,0.00044,0.02166,0.02063,0.00726,0.04834,0.00000,0.00048
0.16497,0.10584,0.06884,0.05006,0.18619,0.00000,0.04399,0.05258,0.00164,0.15110,0.00000,0.01222,0.04883,0.11375,0.00000
0.00565,0.08867,0.23068,0.09906,0.27161,0.00000,0.01746,0.17366,0.00007,0.06494,0.00260,0.03936,0.00000,0.00190,0.00433
0.02107,0.10032,0.09666,0.05402,0.34767,0.00000,0.04382,0.03420,0.13959,0.04079,0.00456,0.00338,0.05186,0.04861,0.01346
0.20198,0.07088,0.14352,0.01216,0.09833,0.01821,0.03684,0.00525,0.00242,0.23055,0.00003,0.00000,0.00877,0.00017,0.17088
0.06204,0.17796,0.03870,0.00051,0.27974,0.00000,0.05560,0.07485,0.00072,0.17823,0.02677,0.00000,0.00547,0.09927,0.00015
0.12817,0.05917,0.08669,0.00144,0.27740,0.00000,0.03931,0.08185,0.02162,0.18229,0.04510,0.00001,0.07612,0.00000,0.00081
0.02540,0.26454,0.01242,0.00289,0.23962,0.00000,0.04466,0.07360,0.07115,0.06074,0.00748,0.06574,0.13085,0.00090,0.00000
0.16045,0.32388,0.11392,0.00200,0.05500,0.00018,0.01364,0.16753,0.00616,0.13830,0.00000,0.00350,0.00155,0.01349,0.00041
0.00398,0.22227,0.03196,0.00000,0.16035,0.00000,0.21027,0.04012,0.16840,0.06497,0.02821,0.04418,0.00837,0.01682,0.00009
0.01656,0.10901,0.16167,0.00045,0.31621,0.00000,0.08149,0.05697,0.00553,0.13569,0.00411,0.00196,0.09326,0.00002,0.01709
0.04730,0.23355,0.18440,0.00006,0.15433,0.03118,0.00700,0.04912,0.00037,0.14409,0.07867,0.01631,0.00127,0.04524,0.00712
0.07605,0.13736,0.17781,0.06125,0.18695,0.00000,0.11180,0.04507,0.00224,0.09848,0.00001,0.00000,0.06594,0.01933,0.01771
0.12723,0.22925,0.03762,0.01151,0.09509,0.00000,0.02155,0.05354,0.00049,0.21923,0.01352,0.18927,0.00010,0.00000,0.00158
0.22420,0.04408,0.06706,0.01613,0.34349,0.00010,0.11079,0.03575,0.00069,0.06182,0.00001,0.00000,0.00469,0.00836,0.08283
0.00642,0.57595,0.01001,0.00704,0.10894,0.00000,0.16862,0.06679,0.00041,0.02742,0.00480,0.00018,0.01772,0.00551,0.00020
0.12577,0.13532,0.01957,0.00782,0.17313,0.00001,0.18880,0.01214,0.03098,0.10834,0.01939,0.04408,0.11827,0.00042,0.01597
0.04967,0.21186,0.25495,0.00451,0.19169,0.00005,0.04453,0.03453,0.04864,0.13542,0.00027,0.00114,0.02273,0.00000,0.00000
0.02692,0.08882,0.04280,0.00803,0.22521,0.00000,0.12729,0.12065,0.04555,0.24854,0.00402,0.00049,0.03956,0.01272,0.00941
0.02802,0.03213,0.11806,0.00002,0.45865,0.00015,0.09209,0.11261,0.00985,0.11081,0.00759,0.00553,0.00605,0.01196,0.00648
0.09936,0.12919,0.11593,0.05655,0.24230,0.00000,0.06589,0.06147,0.00666,0.04582,0.07572,0.00798,0.00142,0.04361,0.04810
0.07728,0.24666,0.03746,0.00858,0.29310,0.00000,0.02936,0.14138,0.00308,0.06247,0.00472,0.00902,0.07578,0.00000,0.01111
0.03991,0.11675,0.01908,0.00021,0.29946,0.00022,0.16463,0.09458,0.00831,0.25420,0.00001,0.00000,0.00191,0.00070,0.00002
0.09573,0.11397,0.17870,0.00219,0.16789,0.00000,0.12984,0.02805,0.01847,0.17714,0.07544,0.00124,0.00246,0.00005,0.00885
0.24722,0.15270,0.08803,0.00007,0.28705,0.00000,0.01427,0.00534,0.00011,0.09803,0.02258,0.00001,0.02529,0.05536,0.00394
0.04911,0.35442,0.04345,0.01357,0.23257,0.00000,0.02594,0.09591,0.00136,0.10455,0.00000,0.06010,0.01776,0.00008,0.00117
0.02250,0.09662,0.11872,0.01150,0.38847,0.00001,0.03957,0.08549,0.00001,0.03724,0.00678,0.01291,0.16754,0.01264,0.00000
0.02668,0.14956,0.06643,0.00092,0.09022,0.00000,0.03509,0.26695,0.04625,0.07843,0.00010,0.23388,0.00482,0.00065,0.00001
0.13642,0.09276,0.03682,0.00001,0.25853,0.02786,0.13118,0.05636,0.00815,0.20496,0.00000,0.03052,0.00232,0.00099,0.01313
0.22777,0.05556,0.20593,0.00310,0.18425,0.00000,0.12940,0.04333,0.01449,0.05549,0.00034,0.00013,0.07663,0.00019,0.00339
0.22116,0.03654,0.00940,0.01922,0.22443,0.00288,0.02066,0.07628,0.07220,0.24713,0.00742,0.00805,0.04615,0.00000,0.00848
0.00219,0.21512,0.16879,0.00457,0.19247,0.00000,0.14657,0.01448,0.00002,0.18531,0.01058,0.00331,0.04800,0.00023,0.00837
0.11513,0.17082,0.02871,0.00000,0.35322,0.00000,0.06360,0.00775,0.00178,0.21152,0.00002,0.01546,0.03125,0.00014,0.00059
0.02112,0.17673,0.10122,0.00506,0.29423,0.00000,0.01307,0.13987,0.00097,0.15931,0.08820,0.00017,0.00001,0.00000,0.00003
0.14119,0.13719,0.09316,0.00000,0.26566,0.00009,0.00805,0.07220,0.00047,0.12982,0.00000,0.00067,0.03941,0.00026,0.11184
0.07962,0.33639,0.03830,0.02145,0.10143,0.00000,0.07878,0.03736,0.01569,0.24808,0.01997,0.00001,0.00884,0.01347,0.00060
0.00629,0.11340,0.01698,0.00504,0.40436,0.00000,0.25778,0.05348,0.04180,0.06937,0.00135,0.02961,0.00030,0.00021,0.00002
0.13291,0.08981,0.09890,0.03771,0.30845,0.00000,0.02373,0.03080,0.03224,0.05433,0.08422,0.04269,0.00373,0.05975,0.00074
0.03897,0.32214,0.05420,0.00144,0.10773,0.00000,0.16824,0.10266,0.00398,0.14613,0.00606,0.02605,0.02204,0.00038,0.00000
0.02104,0.52895,0.10040,0.00883,0.15425,0.00000,0.05589,0.03965,0.03236,0.03900,0.00001,0.00142,0.01764,0.00056,0.00000
0.11659,0.06808,0.03803,0.00002,0.33921,0.00000,0.16030,0.18423,0.00021,0.03545,0.00003,0.00124,0.00105,0.00112,0.05445
0.12882,0.14065,0.04028,0.00003,0.39112,0.00000,0.04591,0.04462,0.05727,0.11381,0.00022,0.00175,0.03172,0.00049,0.00331
0.07834,0.25178,0.13266,0.00122,0.11331,0.00000,0.05663,0.19177,0.00013,0.08716,0.00002,0.00145,0.03297,0.05253,0.00002
0.19379,0.08599,0.06476,0.07389,0.15312,0.00007,0.05914,0.17551,0.00001,0.09069,0.00001,0.02422,0.07825,0.00053,0.00001
0.00699,0.25502,0.25224,0.04063,0.13912,0.00060,0.02532,0.10319,0.00040,0.14474,0.00358,0.00012,0.02491,0.00067,0.00247
0.05051,0.26941,0.03896,0.00259,0.23503,0.00001,0.14419,0.00425,0.04109,0.05358,0.01935,0.08464,0.00804,0.00106,0.04729
0.01383,0.45767,0.05776,0.00943,0.11588,0.00000,0.08740,0.03227,0.07408,0.11365,0.01389,0.00000,0.01138,0.01197,0.00078
0.00394,0.20097,0.17973,0.00000,0.16149,0.00000,0.02484,0.10641,0.00071,0.28798,0.00000,0.00631,0.01179,0.00749,0.00835
0.05089,0.16434,0.10383,0.00004,0.26993,0.00000,0.09794,0.12399,0.02215,0.15135,0.00000,0.01018,0.00200,0.00336,0.00000
0.07271,0.20771,0.06442,0.01375,0.17285,0.00000,0.04742,0.05805,0.03450,0.10612,0.00001,0.22062,0.00065,0.00026,0.00093
0.12344,0.32584,0.15774,0.03823,0.10841,0.00000,0.00383,0.03587,0.00160,0.16658,0.00284,0.00175,0.00750,0.00003,0.02633
0.10875,0.20123,0.02286,0.06533,0.17949,0.00000,0.03699,0.02778,0.00002,0.06748,0.00000,0.03224,0.04608,0.00000,0.21173
0.01651,0.31923,0.05236,0.00838,0.28355,0.00000,0.06497,0.01756,0.00288,0.20301,0.02682,0.00146,0.00138,0.00005,0.00185
0.14833,0.11012,0.29858,0.00002,0.21961,0.00003,0.08970,0.02027,0.00019,0.01157,0.00000,0.04190,0.02260,0.02858,0.00850
0.01307,0.24340,0.08511,0.00354,0.35184,0.00000,0.09228,0.02679,0.03152,0.02218,0.10534,0.00052,0.01219,0.00033,0.01189
0.07567,0.27585,0.17585,0.01652,0.14003,0.01074,0.01106,0.09854,0.02042,0.16580,0.00020,0.00479,0.00343,0.00000,0.00111
0.00737,0.20806,0.08594,0.02080,0.23301,0.00000,0.01730,0.04164,0.00004,0.21638,0.00000,0.09700,0.00230,0.01603,0.05415
0.11853,0.16204,0.03451,0.00222,0.12867,0.00001,0.03894,0.00938,0.00000,0.06833,0.21921,0.03949,0.03778,0.13896,0.00194
0.12133,0.05512,0.22969,0.00362,0.17370,0.00000,0.04705,0.12718,0.07798,0.01978,0.08572,0.03326,0.02420,0.00133,0.00004
0.04534,0.03275,0.10974,0.05593,0.13342,0.00000,0.11622,0.07824,0.00588,0.16280,0.00348,0.02723,0.01774,0.20814,0.00309
0.03783,0.11753,0.20619,0.02221,0.24803,0.00008,0.24049,0.04004,0.00150,0.06557,0.00918,0.00699,0.00048,0.00096,0.00292
0.08946,0.20292,0.03580,0.09504,0.25019,0.00000,0.02348,0.09495,0.00000,0.15946,0.00481,0.00595,0.03728,0.00000,0.00065
0.03195,0.16261,0.16730,0.01200,0.21320,0.00000,0.11506,0.18069,0.00000,0.06355,0.00733,0.01278,0.00001,0.00101,0.03252
0.03623,0.15666,0.22753,0.00035,0.13054,0.01230,0.02062,0.24228,0.00022,0.04589,0.00221,0.00051,0.10121,0.01877,0.00469
0.07326,0.15200,0.03307,0.00058,0.30426,0.00000,0.11262,0.10124,0.06831,0.14091,0.00000,0.00052,0.01322,0.00001,0.00000
0.04555,0.26392,0.22208,0.00012,0.09263,0.00000,0.02403,0.08839,0.06011,0.08313,0.04171,0.00145,0.03758,0.00864,0.03067
0.05772,0.05489,0.27328,0.06605,0.31495,0.01937,0.02994,0.10812,0.01190,0.00312,0.00107,0.00106,0.01749,0.00332,0.03773
0.06221,0.06896,0.13905,0.01283,0.42432,0.00000,0.11786,0.00277,0.00533,0.08021,0.01316,0.01369,0.00069,0.05889,0.00003
0.05304,0.11173,0.05702,0.01536,0.27658,0.00026,0.05269,0.00126,0.07746,0.25949,0.02373,0.00898,0.06052,0.00102,0.00086
0.01649,0.19775,0.08381,0.00433,0.49115,0.00014,0.03318,0.03046,0.01931,0.08048,0.00000,0.01000,0.00775,0.00071,0.02444
0.12008,0.25589,0.00633,0.01380,0.20056,0.00000,0.17938,0.01561,0.00000,0.10222,0.00127,0.03461,0.00205,0.06789,0.00031
0.05428,0.09737,0.10674,0.02830,0.20560,0.00000,0.10417,0.04775,0.03620,0.04283,0.00068,0.19120,0.06487,0.01992,0.00009
0.15185,0.08454,0.09629,0.01667,0.37159,0.00002,0.02725,0.01860,0.04229,0.11198,0.00003,0.03742,0.00684,0.01510,0.01953
0.13369,0.17782,0.06903,0.00491,0.16572,0.00000,0.05390,0.01649,0.00000,0.05239,0.02494,0.05705,0.15943,0.00040,0.08423
0.05193,0.06451,0.05983,0.03210,0.03995,0.00000,0.31189,0.02718,0.00881,0.19765,0.11113,0.00027,0.06437,0.02395,0.00640
0.07548,0.09413,0.03388,0.01327,0.43083,0.00000,0.00728,0.17058,0.10036,0.05196,0.00416,0.00228,0.00577,0.00120,0.00883
0.12079,0.33109,0.09621,0.00112,0.14861,0.01410,0.02651,0.09581,0.00932,0.09003,0.01630,0.00527,0.04125,0.00250,0.00108
0.09802,0.22775,0.01926,0.01897,0.21279,0.00000,0.10035,0.06511,0.00094,0.19197,0.00388,0.00233,0.04487,0.00001,0.01376
0.13776,0.02866,0.22576,0.03431,0.20815,0.00074,0.02803,0.01807,0.00259,0.21709,0.06848,0.00017,0.01801,0.00995,0.00221
0.03422,0.13551,0.10945,0.00788,0.15365,0.00002,0.09902,0.01482,0.07027,0.10354,0.00466,0.02166,0.24344,0.00180,0.00005
0.08349,0.26411,0.05417,0.00170,0.25325,0.00000,0.03453,0.05425,0.04696,0.17642,0.00000,0.00167,0.00024,0.00001,0.02921
0.10169,0.15780,0.21505,0.01580,0.29146,0.00000,0.03074,0.04221,0.04522,0.06151,0.00106,0.00140,0.01959,0.01500,0.00147
0.16844,0.27878,0.02725,0.00033,0.17284,0.03906,0.07725,0.01871,0.00112,0.05959,0.00016,0.08453,0.01120,0.02991,0.03085
0.00398,0.10175,0.03647,0.00000,0.31416,0.00114,0.13373,0.06054,0.00108,0.21730,0.00004,0.00000,0.00015,0.00000,0.12963
0.04687,0.14065,0.27101,0.00569,0.13794,0.00000,0.07931,0.15334,0.08448,0.02853,0.00243,0.00000,0.00745,0.02717,0.01511
0.13089,0.12255,0.10057,0.00759,0.17808,0.00000,0.03027,0.01239,0.29026,0.06653,0.01917,0.02684,0.00782,0.00147,0.00555
0.12980,0.06498,0.06037,0.00051,0.28245,0.00000,0.23153,0.02769,0.06646,0.08460,0.01598,0.02536,0.00739,0.00000,0.00289
0.07757,0.06154,0.08090,0.00856,0.34712,0.00000,0.18941,0.04958,0.01406,0.02657,0.04163,0.00776,0.03671,0.00177,0.05681
0.01072,0.09951,0.31218,0.00160,0.06322,0.00885,0.02350,0.08233,0.00957,0.10735,0.11455,0.06661,0.03218,0.05066,0.01717
0.01188,0.38680,0.11710,0.00030,0.08349,0.00002,0.08675,0.05572,0.00015,0.06383,0.00376,0.17372,0.01402,0.00000,0.00243
0.06901,0.13445,0.06411,0.00005,0.25231,0.00000,0.15482,0.01400,0.00044,0.09315,0.13314,0.00010,0.02684,0.05440,0.00318
0.02851,0.05848,0.09823,0.00227,0.37518,0.00000,0.05197,0.02853,0.00245,0.30538,0.00717,0.00737,0.00006,0.01211,0.02230
0.05664,0.08186,0.22272,0.00034,0.07883,0.00000,0.18242,0.03369,0.00000,0.07279,0.00010,0.00562,0.13537,0.06853,0.06110
0.06438,0.15443,0.08155,0.01168,0.26951,0.00000,0.04601,0.11502,0.09583,0.14769,0.00210,0.00007,0.00745,0.00213,0.00215
0.03474,0.10168,0.04853,0.00290,0.07074,0.00689,0.06939,0.02540,0.00549,0.17414,0.19126,0.02365,0.01188,0.19704,0.03627
0.00742,0.11745,0.08271,0.01565,0.33642,0.00000,0.00555,0.02864,0.17323,0.11063,0.03595,0.01497,0.06874,0.00131,0.00131
0.07717,0.06873,0.25454,0.02899,0.21285,0.00001,0.05419,0.00196,0.00188,0.19457,0.09685,0.00008,0.00399,0.00000,0.00418
0.00726,0.19806,0.07272,0.03984,0.27443,0.00000,0.02489,0.00094,0.03899,0.02064,0.14377,0.02766,0.15032,0.00044,0.00006
0.01357,0.01143,0.22521,0.13920,0.11392,0.00000,0.29368,0.11815,0.01301,0.03228,0.00104,0.00002,0.03848,0.00000,0.00000
0.02471,0.09302,0.19122,0.00455,0.29146,0.00429,0.13147,0.03795,0.00224,0.08713,0.10230,0.00090,0.00116,0.02759,0.00001
0.08123,0.32251,0.11765,0.00568,0.25529,0.00000,0.01340,0.04012,0.00011,0.07039,0.00188,0.00000,0.04371,0.01532,0.03273
0.28543,0.10644,0.01950,0.00354,0.24111,0.00000,0.08149,0.04151,0.00114,0.08542,0.00772,0.07925,0.04700,0.00001,0.00044
0.29450,0.10456,0.15534,0.01658,0.18163,0.00000,0.04975,0.10145,0.00307,0.05920,0.00006,0.02468,0.00716,0.00000,0.00202
0.02590,0.05553,0.15118,0.00000,0.17027,0.00000,0.18057,0.15836,0.00180,0.18504,0.00171,0.00040,0.06279,0.00008,0.00636
0.09183,0.20453,0.00515,0.00170,0.26528,0.00010,0.22193,0.02284,0.00750,0.14514,0.00000,0.02872,0.00523,0.00000,0.00004
0.07497,0.02262,0.04000,0.01512,0.37967,0.00058,0.14470,0.03166,0.00000,0.07445,0.00345,0.00029,0.00611,0.00058,0.20581
0.02907,0.31286,0.13741,0.10498,0.07887,0.00001,0.13480,0.03227,0.03802,0.04185,0.01175,0.00306,0.06849,0.00008,0.00648
0.05965,0.40964,0.11368,0.00054,0.06743,0.00000,0.11961,0.08807,0.00131,0.09438,0.00000,0.00001,0.04118,0.00304,0.00147
0.11876,0.14335,0.09772,0.00911,0.32627,0.00003,0.02767,0.00640,0.06239,0.14829,0.01472,0.00282,0.01266,0.01088,0.01892
0.00127,0.15859,0.09392,0.01621,0.34965,0.00000,0.03740,0.11953,0.00849,0.09546,0.00000,0.00003,0.03288,0.08656,0.00001
0.06840,0.05782,0.11438,0.00018,0.20955,0.00000,0.07929,0.11591,0.00311,0.12396,0.04896,0.00125,0.05709,0.01678,0.10332
0.03926,0.34031,0.19490,0.00005,0.11396,0.00003,0.00786,0.07975,0.02216,0.08786,0.02456,0.00125,0.02250,0.05674,0.00882
0.09783,0.12223,0.03947,0.00001,0.31094,0.00000,0.07228,0.01212,0.00257,0.22228,0.00000,0.00096,0.00135,0.10170,0.01627
0.14544,0.09842,0.11684,0.00163,0.16825,0.00000,0.15387,0.06938,0.00111,0.04591,0.00154,0.15246,0.01274,0.02770,0.00470
0.05018,0.34499,0.03828,0.00000,0.20377,0.00028,0.08293,0.05979,0.05460,0.10822,0.00000,0.03032,0.02097,0.00534,0.00034
0.12310,0.06064,0.14670,0.00068,0.08933,0.00006,0.23105,0.07069,0.00000,0.03653,0.00166,0.06484,0.11298,0.06175,0.00000
0.20217,0.10239,0.11119,0.00368,0.19813,0.00000,0.01607,0.03201,0.00322,0.32296,0.00000,0.00026,0.00061,0.00185,0.00547
0.14435,0.04095,0.03041,0.00074,0.30379,0.00000,0.14247,0.08131,0.02012,0.11872,0.00034,0.00025,0.09505,0.02136,0.00013
0.03847,0.07490,0.15924,0.02302,0.06114,0.00019,0.12028,0.01931,0.00004,0.20304,0.10965,0.09343,0.04022,0.02554,0.03153
0.10192,0.04620,0.00910,0.00016,0.31472,0.00000,0.03087,0.01634,0.02249,0.31508,0.06466,0.06914,0.00811,0.00122,0.00000
0.01861,0.07275,0.14787,0.02744,0.32184,0.00000,0.06756,0.01368,0.00086,0.18241,0.00067,0.04447,0.06215,0.02739,0.01230
0.01810,0.38149,0.12579,0.00527,0.23708,0.00000,0.01018,0.01340,0.04175,0.06493,0.00000,0.00038,0.00363,0.07910,0.01890
0.00137,0.24760,0.14341,0.00176,0.16326,0.00000,0.07344,0.03889,0.08355,0.19161,0.00098,0.04804,0.00567,0.00000,0.00042
0.05759,0.25558,0.13950,0.00186,0.03715,0.00001,0.08466,0.16395,0.00344,0.11706,0.00003,0.01504,0.04092,0.08322,0.00000
0.03329,0.18451,0.15025,0.04774,0.14836,0.01152,0.01090,0.12089,0.04680,0.16401,0.00180,0.00030,0.07010,0.00878,0.00074
0.17128,0.24575,0.08186,0.00304,0.09381,0.00041,0.16449,0.04718,0.00180,0.03207,0.00021,0.01303,0.14191,0.00171,0.00145
0.10606,0.26351,0.09497,0.00000,0.25153,0.00200,0.02840,0.05514,0.00129,0.07968,0.01001,0.02932,0.05915,0.01892,0.00000
0.11063,0.44061,0.12288,0.00356,0.04714,0.00000,0.08242,0.10700,0.00330,0.04789,0.00687,0.00672,0.02046,0.00052,0.00000
0.01193,0.16205,0.04705,0.04560,0.13681,0.00000,0.00665,0.13000,0.00000,0.20353,0.00013,0.02778,0.01671,0.19050,0.02126
0.00984,0.13598,0.13204,0.00232,0.08389,0.00000,0.08965,0.01990,0.42833,0.08382,0.00083,0.00574,0.00741,0.00001,0.00025
0.03995,0.30059,0.06576,0.02773,0.23079,0.00000,0.01605,0.03349,0.04165,0.15642,0.01737,0.00350,0.06360,0.00283,0.00025
0.00131,0.25784,0.06163,0.02419,0.23869,0.00000,0.00651,0.12381,0.00036,0.00601,0.21067,0.00117,0.05259,0.00771,0.00752
0.13933,0.23211,0.03824,0.02827,0.28319,0.00000,0.09660,0.06935,0.00014,0.04270,0.00108,0.03965,0.02315,0.00520,0.00098
0.09978,0.08522,0.11641,0.00000,0.34884,0.00000,0.00955,0.00926,0.00191,0.13640,0.00007,0.14952,0.04154,0.00016,0.00135
0.04693,0.16919,0.30367,0.00137,0.11935,0.00000,0.01022,0.06551,0.06762,0.15153,0.00000,0.04110,0.00004,0.00009,0.02339
0.04708,0.04577,0.34965,0.00304,0.13161,0.00004,0.02745,0.01105,0.00007,0.12752,0.00000,0.18480,0.07143,0.00046,0.00000
0.02903,0.10243,0.13387,0.00602,0.13721,0.00042,0.02255,0.15017,0.09119,0.18768,0.03371,0.01432,0.02825,0.02209,0.04108
0.05134,0.21640,0.07352,0.00016,0.18668,0.00000,0.02606,0.05950,0.01959,0.32408,0.00348,0.00000,0.00001,0.01360,0.02559
0.04008,0.27206,0.05978,0.09684,0.40467,0.00000,0.02803,0.00446,0.01057,0.04196,0.00322,0.01007,0.02023,0.00799,0.00002
0.08408,0.17731,0.02007,0.00084,0.26042,0.00000,0.03206,0.16494,0.13243,0.05107,0.00072,0.02633,0.03557,0.00001,0.01414
0.14210,0.10982,0.04825,0.00002,0.13460,0.06508,0.02362,0.00324,0.04619,0.33724,0.05468,0.00539,0.00057,0.01094,0.01824
0.00118,0.32203,0.30686,0.00494,0.08314,0.01706,0.07406,0.11853,0.00456,0.04382,0.00019,0.00086,0.02237,0.00031,0.00009
0.03135,0.21845,0.15853,0.00404,0.26377,0.00000,0.00832,0.14486,0.03584,0.11910,0.00091,0.00035,0.01319,0.00070,0.00059
0.10538,0.14567,0.10801,0.00459,0.19577,0.00000,0.00272,0.07065,0.10544,0.22801,0.00257,0.01679,0.00108,0.00289,0.01043
0.13402,0.12329,0.19007,0.23629,0.17248,0.00003,0.01170,0.00948,0.09062,0.02292,0.00461,0.00193,0.00123,0.00127,0.00008
0.02003,0.42247,0.09287,0.01218,0.09983,0.00011,0.04368,0.00173,0.09597,0.11163,0.00012,0.00015,0.03735,0.06187,0.00001
0.06833,0.24749,0.05077,0.07280,0.12444,0.00000,0.13259,0.11905,0.00068,0.05150,0.00129,0.07817,0.00492,0.00008,0.04790
0.03458,0.24642,0.02106,0.00004,0.32286,0.00000,0.00126,0.08165,0.00000,0.17652,0.02324,0.02180,0.00483,0.04312,0.02261
0.11187,0.06547,0.10123,0.00127,0.20209,0.05690,0.15539,0.19220,0.00014,0.00559,0.00383,0.01488,0.08635,0.00279,0.00000
0.02641,0.18416,0.16323,0.03424,0.07686,0.00000,0.05179,0.16925,0.00001,0.09424,0.00001,0.02789,0.12215,0.04959,0.00018
0.00112,0.20222,0.07365,0.00083,0.35075,0.00000,0.11517,0.08691,0.01314,0.07155,0.00083,0.00375,0.06081,0.00044,0.01883
0.02230,0.19649,0.06142,0.00088,0.13330,0.00000,0.01051,0.23321,0.00487,0.12199,0.00693,0.04533,0.06401,0.03892,0.05983
0.02725,0.23252,0.04131,0.00325,0.35892,0.00000,0.02494,0.22754,0.00003,0.06814,0.00224,0.01252,0.00132,0.00000,0.00000
0.10993,0.11735,0.01163,0.01264,0.61302,0.00000,0.06878,0.01870,0.00245,0.02952,0.00001,0.00456,0.00842,0.00029,0.00270
