0.28465,0.09429,0.26458,0.35648
0.24115,0.03414,0.36281,0.36189
0.07448,0.14710,0.37123,0.40719
0.14155,0.11672,0.19466,0.54706
0.04827,0.02978,0.23574,0.68621
0.22554,0.16359,0.39918,0.21169
0.07275,0.33842,0.23226,0.35657
0.07697,0.07266,0.17565,0.67472
0.29021,0.08601,0.28133,0.34245
0.22587,0.15413,0.30629,0.31370
0.10424,0.18279,0.32634,0.38663
0.20741,0.18197,0.41286,0.19776
0.04607,0.52742,0.14645,0.28006
0.13291,0.08668,0.46670,0.31371
0.15688,0.15564,0.15911,0.52837
0.30330,0.17980,0.17017,0.34673
0.38589,0.07748,0.12951,0.40713
0.26626,0.20854,0.18851,0.33670
0.19711,0.03839,0.20820,0.55630
0.23251,0.10786,0.27288,0.38676
0.13328,0.07828,0.16261,0.62583
0.13153,0.08268,0.28254,0.50325
0.14149,0.06625,0.28156,0.51070
0.20231,0.10145,0.22441,0.47183
0.24798,0.04711,0.41861,0.28630
0.05349,0.13712,0.20722,0.60217
0.28708,0.26040,0.15409,0.29843
0.07102,0.16138,0.23611,0.53149
0.14297,0.15097,0.33876,0.36730
0.11929,0.13336,0.22844,0.51891
0.11028,0.06687,0.09289,0.72996
0.13333,0.08867,0.35146,0.42654
0.24935,0.16225,0.15432,0.43408
0.17270,0.09986,0.50670,0.22074
0.19753,0.07607,0.36854,0.35786
0.23568,0.09412,0.19458,0.47562
0.27437,0.14254,0.33929,0.24381
0.21256,0.12624,0.22423,0.43697
0.20833,0.05489,0.13736,0.59943
0.07475,0.45229,0.17719,0.29577
0.30782,0.06002,0.33528,0.29688
0.12036,0.04580,0.38311,0.45073
0.30357,0.13868,0.27382,0.28393
0.06242,0.04026,0.35421,0.54311
0.07232,0.14730,0.33283,0.44755
0.14259,0.05902,0.38924,0.40916
0.23077,0.04461,0.54564,0.17898
0.09832,0.23146,0.27373,0.39650
0.10794,0.05341,0.19369,0.64497
0.08874,0.02212,0.44438,0.44476
0.18971,0.20833,0.22713,0.37483
0.15794,0.07528,0.12233,0.64445
0.12808,0.03039,0.41966,0.42187
0.27778,0.11922,0.12779,0.47521
0.08812,0.18894,0.37703,0.34591
0.04455,0.05443,0.33330,0.56772
0.10179,0.24323,0.10460,0.55037
0.09604,0.15933,0.39783,0.34681
0.17075,0.07877,0.40150,0.34897
0.18633,0.09546,0.52795,0.19026
0.09510,0.09658,0.27724,0.53107
0.27528,0.12791,0.24465,0.35215
0.17847,0.03094,0.53066,0.25993
0.30779,0.03661,0.46361,0.19200
0.07841,0.20225,0.18477,0.53456
0.17376,0.13105,0.33172,0.36346
0.10333,0.14165,0.29647,0.45856
0.06029,0.12758,0.38094,0.43119
0.07535,0.04989,0.61674,0.25802
0.13134,0.20935,0.31123,0.34809
0.20267,0.09276,0.12287,0.58170
0.26209,0.15644,0.28156,0.29991
0.15453,0.18140,0.36585,0.29822
0.28204,0.22935,0.23687,0.25173
0.04030,0.03610,0.24030,0.68330
0.36828,0.03825,0.07570,0.51776
0.22074,0.27397,0.14159,0.36371
0.21168,0.03865,0.30801,0.44166
0.33088,0.20706,0.22530,0.23676
0.17206,0.18728,0.28953,0.35112
0.05399,0.12936,0.38615,0.43050
0.19793,0.23153,0.22469,0.34586
0.06155,0.04402,0.44512,0.44931
0.09604,0.14587,0.22329,0.53480
0.25551,0.13637,0.19734,0.41077
0.08359,0.14091,0.36681,0.40869
0.26494,0.08170,0.29966,0.35370
0.19099,0.15133,0.13876,0.51893
0.09033,0.04427,0.32440,0.54100
0.46884,0.03365,0.29265,0.20486
0.28192,0.06438,0.16003,0.49367
0.09233,0.11151,0.32413,0.47204
0.06151,0.02318,0.53141,0.38390
0.08400,0.06611,0.40240,0.44749
0.22422,0.05254,0.33563,0.38761
0.27112,0.16038,0.38438,0.18412
0.09287,0.07574,0.30783,0.52356
0.39066,0.02462,0.22685,0.35788
0.20784,0.03236,0.35954,0.40026
0.30242,0.06404,0.20864,0.42490
