0.04216,0.06266,0.04434,0.05259,0.05435,0.06482,0.06109,0.05226,0.49298,0.07275
0.08564,0.12241,0.07945,0.09987,0.11055,0.11295,0.07755,0.08453,0.14336,0.08369
0.05666,0.08517,0.07782,0.08221,0.07277,0.12220,0.14818,0.08419,0.11645,0.15435
0.07783,0.12485,0.09642,0.10760,0.09884,0.05513,0.07115,0.04682,0.23675,0.08461
0.05222,0.07345,0.05670,0.06340,0.06128,0.08174,0.08434,0.07353,0.34939,0.10395
0.08451,0.10415,0.07799,0.08641,0.09306,0.10072,0.09181,0.08739,0.15808,0.11586
0.05873,0.06657,0.04787,0.05580,0.05752,0.05732,0.06799,0.05608,0.45612,0.07601
0.06439,0.09956,0.08287,0.08296,0.09017,0.13407,0.08443,0.10169,0.15369,0.10616
0.04794,0.06016,0.04556,0.05287,0.05556,0.09089,0.08362,0.07148,0.39619,0.09573
0.05917,0.08242,0.09544,0.07247,0.07669,0.08005,0.13576,0.05197,0.17201,0.17404
0.04249,0.07405,0.05414,0.06015,0.08091,0.23000,0.09001,0.12907,0.13724,0.10194
0.09761,0.13758,0.10921,0.12391,0.14094,0.07395,0.08151,0.05528,0.09227,0.08775
0.08346,0.11228,0.08045,0.10013,0.09523,0.06067,0.12047,0.04171,0.16879,0.13680
0.07443,0.09598,0.05543,0.07005,0.08434,0.13609,0.08861,0.14347,0.13481,0.11680
0.06978,0.10475,0.08390,0.08462,0.08662,0.07682,0.07133,0.06546,0.27063,0.08609
0.08629,0.10551,0.06818,0.08183,0.08724,0.07385,0.06182,0.07388,0.27986,0.08154
0.06426,0.09592,0.10011,0.08631,0.08462,0.10520,0.08531,0.08538,0.20191,0.09097
0.06315,0.11041,0.11626,0.09565,0.09866,0.10615,0.10747,0.08494,0.08536,0.13196
0.04645,0.07150,0.06814,0.06332,0.06017,0.06782,0.08381,0.06577,0.37580,0.09722
0.07799,0.09481,0.07463,0.07821,0.07442,0.07661,0.14623,0.06888,0.14329,0.16493
0.06568,0.10815,0.16963,0.10361,0.08800,0.05755,0.06094,0.05403,0.21949,0.07292
0.07037,0.12176,0.10383,0.10261,0.09125,0.05849,0.08807,0.04262,0.21024,0.11076
0.05847,0.08692,0.08039,0.07660,0.08450,0.07680,0.08498,0.06087,0.28580,0.10468
0.05403,0.07762,0.06327,0.06879,0.05535,0.08353,0.15293,0.06298,0.19865,0.18284
0.05139,0.06309,0.04588,0.05293,0.06532,0.20665,0.08829,0.17036,0.14173,0.11435
0.05397,0.08341,0.08435,0.07644,0.07552,0.08096,0.06581,0.08701,0.30847,0.08405
0.05134,0.06632,0.05974,0.06352,0.05363,0.07575,0.13664,0.05483,0.27982,0.15840
0.05426,0.10297,0.13373,0.08753,0.08641,0.08225,0.07460,0.06939,0.21842,0.09044
0.05467,0.06787,0.06285,0.05768,0.05631,0.22717,0.10409,0.13825,0.11966,0.11144
0.07672,0.11864,0.09098,0.08987,0.09468,0.06696,0.05625,0.06935,0.26626,0.07028
0.05606,0.09105,0.08697,0.07930,0.08256,0.11806,0.07837,0.09448,0.21280,0.10035
0.05625,0.07710,0.05202,0.06009,0.07997,0.17295,0.06101,0.10342,0.26017,0.07702
0.04330,0.06406,0.05697,0.05763,0.05496,0.08000,0.11377,0.05879,0.34113,0.12939
0.06971,0.12317,0.10724,0.10121,0.08186,0.09147,0.09018,0.08090,0.14691,0.10735
0.06411,0.09950,0.13144,0.09292,0.08684,0.07852,0.10001,0.08336,0.15954,0.10375
0.07724,0.11141,0.06858,0.08567,0.10611,0.12856,0.07039,0.08100,0.18591,0.08514
0.06460,0.08038,0.05612,0.06704,0.07038,0.08983,0.14323,0.06696,0.17315,0.18831
0.05922,0.08933,0.07005,0.07705,0.06803,0.11500,0.09227,0.15199,0.14730,0.12976
0.05747,0.08038,0.05930,0.06654,0.07411,0.09557,0.05702,0.06949,0.36939,0.07073
0.05719,0.07882,0.07147,0.07787,0.07334,0.06274,0.09083,0.04605,0.34485,0.09685
0.04918,0.07149,0.05677,0.05947,0.04947,0.11432,0.18062,0.14229,0.10281,0.17358
0.06222,0.09970,0.08610,0.08475,0.08937,0.14802,0.09207,0.09649,0.13765,0.10363
0.08016,0.11470,0.10591,0.10265,0.09953,0.09052,0.11092,0.08080,0.09305,0.12175
0.05839,0.08417,0.10460,0.08188,0.07707,0.07606,0.09467,0.07995,0.24231,0.10090
0.10864,0.16649,0.11471,0.13657,0.13353,0.05703,0.05694,0.05274,0.10105,0.07231
0.05062,0.07723,0.06614,0.06528,0.07206,0.17684,0.09883,0.11371,0.16535,0.11394
0.06323,0.07338,0.05843,0.06695,0.06992,0.10798,0.13929,0.08619,0.19268,0.14194
0.06565,0.11121,0.08591,0.08718,0.09994,0.14964,0.08592,0.09636,0.11329,0.10489
0.05780,0.09992,0.08939,0.09031,0.07447,0.08631,0.10112,0.06800,0.22017,0.11252
0.08427,0.10882,0.07357,0.10213,0.09917,0.06200,0.08691,0.04859,0.24496,0.08960
0.04832,0.06345,0.04771,0.05395,0.05130,0.12111,0.22278,0.08624,0.08046,0.22468
0.09092,0.14661,0.12379,0.13536,0.11536,0.05312,0.05350,0.05174,0.16062,0.06897
0.04928,0.06177,0.06796,0.05902,0.05295,0.08125,0.18558,0.05211,0.16657,0.22351
0.07473,0.09890,0.08903,0.08814,0.08419,0.07028,0.09093,0.05378,0.25439,0.09563
0.05140,0.06003,0.05882,0.05687,0.05506,0.05699,0.06503,0.06075,0.45155,0.08352
0.06831,0.09997,0.08335,0.09008,0.08102,0.08210,0.07623,0.06443,0.26738,0.08715
0.07306,0.10191,0.07673,0.08144,0.08663,0.08347,0.08709,0.07077,0.23527,0.10363
0.05853,0.09767,0.06237,0.07928,0.12134,0.19623,0.08094,0.11614,0.08491,0.10259
0.05896,0.08727,0.08661,0.08487,0.06761,0.10813,0.12230,0.07254,0.16454,0.14717
0.05323,0.06503,0.06319,0.05498,0.05363,0.11853,0.16206,0.10195,0.16461,0.16279
0.04171,0.05262,0.04031,0.04741,0.04643,0.07636,0.09581,0.06517,0.42909,0.10509
0.06140,0.08623,0.07912,0.07169,0.06816,0.07646,0.05454,0.07143,0.35679,0.07419
0.05054,0.06525,0.06488,0.05713,0.05682,0.09196,0.14143,0.07358,0.24576,0.15264
0.07911,0.10875,0.10108,0.09259,0.10975,0.11826,0.07160,0.10251,0.12258,0.09379
0.07415,0.07966,0.07852,0.06925,0.09944,0.13452,0.06635,0.09474,0.21752,0.08585
0.09200,0.11991,0.10271,0.11262,0.10262,0.07801,0.10950,0.07111,0.07959,0.13194
0.13121,0.08284,0.09729,0.11137,0.20245,0.07027,0.07769,0.06055,0.07588,0.09044
0.06476,0.10810,0.10351,0.09594,0.08985,0.11270,0.09741,0.08258,0.13363,0.11152
0.07587,0.13334,0.09667,0.09623,0.08314,0.09086,0.05382,0.07598,0.22672,0.06738
0.05780,0.08364,0.08391,0.07736,0.07757,0.09837,0.15959,0.05720,0.12771,0.17685
0.06113,0.10017,0.07867,0.08327,0.07135,0.09320,0.09364,0.08412,0.23804,0.09641
0.05277,0.08369,0.05978,0.06683,0.08173,0.14545,0.07712,0.09476,0.25423,0.08364
0.05826,0.08611,0.05465,0.07331,0.07890,0.10476,0.06764,0.09629,0.29264,0.08744
0.06757,0.11271,0.09838,0.10316,0.09831,0.07460,0.10815,0.06045,0.14562,0.13103
0.07430,0.10213,0.06394,0.08716,0.08961,0.07805,0.12043,0.04782,0.20195,0.13461
0.07612,0.12795,0.10612,0.10537,0.11989,0.12248,0.06995,0.09185,0.10287,0.07740
0.06600,0.10808,0.10567,0.09311,0.08517,0.06358,0.07619,0.05183,0.26848,0.08188
0.03608,0.05713,0.04402,0.04953,0.05419,0.06346,0.03975,0.04939,0.56250,0.04394
0.04543,0.06401,0.05075,0.05618,0.06167,0.11125,0.06425,0.13503,0.32151,0.08992
0.07717,0.10838,0.09172,0.09197,0.10374,0.07948,0.07801,0.07233,0.19903,0.09818
0.04390,0.05908,0.06168,0.05912,0.05312,0.04935,0.08322,0.04496,0.44593,0.09964
0.06702,0.07127,0.07765,0.07767,0.08819,0.12493,0.10698,0.09896,0.17367,0.11368
0.06719,0.10001,0.08438,0.08908,0.09729,0.08686,0.06688,0.11683,0.20170,0.08977
0.05757,0.07523,0.09201,0.07563,0.06974,0.09916,0.09660,0.07508,0.24518,0.11380
0.04692,0.06408,0.05942,0.05915,0.05477,0.13046,0.11660,0.16470,0.13812,0.16579
0.07027,0.10043,0.06204,0.07934,0.09641,0.09756,0.11326,0.05900,0.19039,0.13130
0.07162,0.08211,0.04602,0.06978,0.07059,0.08876,0.12121,0.06539,0.25104,0.13347
0.05314,0.07419,0.06581,0.06247,0.06811,0.06575,0.06826,0.05376,0.40035,0.08816
0.06048,0.10693,0.11016,0.09346,0.09172,0.07298,0.13600,0.04230,0.12738,0.15858
0.04456,0.06306,0.04984,0.05183,0.05887,0.11924,0.06366,0.08169,0.39302,0.07423
0.05181,0.06819,0.05937,0.05841,0.06255,0.12893,0.09328,0.16390,0.19611,0.11745
0.05029,0.06461,0.07845,0.06401,0.05890,0.11369,0.11943,0.16201,0.14723,0.14136
0.06105,0.08394,0.07858,0.07492,0.07808,0.11878,0.12410,0.10968,0.14292,0.12796
0.05857,0.11434,0.15372,0.10164,0.08682,0.08093,0.08227,0.07933,0.13794,0.10444
0.06008,0.08393,0.06325,0.06880,0.07017,0.06469,0.06832,0.05459,0.38520,0.08097
0.06284,0.07903,0.05679,0.07552,0.06870,0.08387,0.09985,0.05901,0.30050,0.11389
0.04932,0.06314,0.05550,0.05367,0.05176,0.16050,0.09336,0.12926,0.23280,0.11070
0.04989,0.08499,0.07826,0.07108,0.07790,0.11701,0.09028,0.07804,0.25117,0.10137
0.04432,0.06683,0.05784,0.05958,0.05420,0.05720,0.06698,0.04800,0.47120,0.07383
0.05599,0.07743,0.07767,0.06650,0.07043,0.15268,0.08816,0.12506,0.18765,0.09843
0.06157,0.08495,0.07400,0.07797,0.07771,0.11557,0.06413,0.07929,0.28564,0.07916
0.06577,0.08654,0.06263,0.07860,0.07740,0.11300,0.08739,0.11734,0.20259,0.10875
0.07567,0.13144,0.10361,0.10884,0.08494,0.07557,0.07563,0.06441,0.19325,0.08661
0.11134,0.16304,0.10197,0.13568,0.14945,0.07148,0.05810,0.04864,0.09264,0.06767
0.06843,0.09028,0.07879,0.08224,0.09007,0.11977,0.09774,0.09636,0.16656,0.10975
0.04158,0.06356,0.05488,0.05905,0.05329,0.09223,0.19543,0.04206,0.15391,0.24401
0.06205,0.09023,0.06684,0.08060,0.08334,0.12984,0.11587,0.08889,0.15432,0.12803
0.07288,0.11083,0.11139,0.09876,0.09714,0.06655,0.07546,0.06006,0.22691,0.08003
0.09242,0.10177,0.12950,0.10914,0.09111,0.05634,0.10431,0.05384,0.14105,0.12053
0.07036,0.09848,0.06411,0.08077,0.07878,0.11432,0.09639,0.09084,0.20273,0.10322
0.07713,0.12299,0.08243,0.10868,0.11889,0.11082,0.07589,0.08631,0.11332,0.10354
0.05530,0.08438,0.07534,0.08105,0.07972,0.09994,0.05569,0.07320,0.33262,0.06277
0.05154,0.07449,0.06640,0.06572,0.06381,0.12661,0.11286,0.13380,0.17251,0.13225
0.06482,0.08657,0.05992,0.07745,0.07331,0.07949,0.11590,0.05641,0.25243,0.13368
0.05241,0.06715,0.05607,0.06118,0.05991,0.08330,0.10562,0.07534,0.31918,0.11984
0.05887,0.10089,0.08579,0.08648,0.09404,0.13714,0.07736,0.11528,0.14478,0.09938
0.05637,0.08556,0.06620,0.07192,0.06978,0.05940,0.07246,0.04509,0.39577,0.07746
0.05315,0.07045,0.08575,0.06622,0.06848,0.11490,0.15089,0.11876,0.08017,0.19123
0.06800,0.11870,0.08397,0.09182,0.11019,0.17040,0.07570,0.10706,0.08526,0.08890
0.05852,0.08424,0.08009,0.07130,0.07290,0.08889,0.10399,0.06908,0.23923,0.13174
0.05090,0.07695,0.06655,0.06740,0.06674,0.07671,0.08613,0.07006,0.33403,0.10454
0.04559,0.06652,0.05389,0.05848,0.06450,0.08665,0.06384,0.05619,0.43334,0.07101
0.06131,0.09021,0.07802,0.08217,0.08031,0.09679,0.08867,0.06433,0.26254,0.09565
0.05060,0.06193,0.05581,0.05692,0.06203,0.12645,0.15522,0.12821,0.15719,0.14563
0.07139,0.08215,0.05933,0.07176,0.06205,0.07409,0.08684,0.06755,0.31353,0.11131
0.07224,0.11469,0.08804,0.09504,0.09022,0.07302,0.06469,0.06232,0.26466,0.07509
0.06626,0.09351,0.05913,0.07328,0.08382,0.11243,0.08859,0.11565,0.19500,0.11234
0.06798,0.09940,0.08560,0.08799,0.08589,0.07661,0.10504,0.05987,0.20710,0.12451
0.06108,0.09030,0.09225,0.08523,0.08259,0.08729,0.08901,0.07607,0.23526,0.10092
0.05404,0.07049,0.06634,0.06685,0.06729,0.07852,0.15309,0.04976,0.20831,0.18530
0.07863,0.14657,0.12220,0.11279,0.11491,0.06226,0.07144,0.04792,0.15634,0.08694
0.05487,0.07884,0.05646,0.06419,0.06685,0.11108,0.09694,0.11769,0.22815,0.12494
0.06586,0.08803,0.08465,0.07970,0.08003,0.08087,0.06706,0.09246,0.27301,0.08833
0.10705,0.10196,0.09934,0.10218,0.16375,0.08239,0.05357,0.06511,0.15899,0.06566
0.07043,0.12702,0.10960,0.10864,0.10961,0.08490,0.06603,0.06391,0.18226,0.07759
0.04560,0.06476,0.05787,0.05635,0.05700,0.06321,0.06706,0.06348,0.43403,0.09066
0.05474,0.07120,0.05915,0.06570,0.05647,0.11539,0.15494,0.13209,0.11693,0.17339
0.04854,0.07060,0.08416,0.06513,0.06215,0.13886,0.10592,0.18992,0.09842,0.13629
0.06485,0.09356,0.07964,0.08616,0.08695,0.09676,0.09914,0.07708,0.20328,0.11257
0.06789,0.08556,0.06395,0.07582,0.07526,0.09692,0.13178,0.08076,0.18933,0.13272
0.04419,0.05071,0.05743,0.05735,0.05015,0.07205,0.06514,0.05266,0.48506,0.06525
0.06533,0.09469,0.06139,0.08461,0.07305,0.05603,0.07310,0.04719,0.35318,0.09143
0.04322,0.05711,0.05077,0.05505,0.05203,0.14625,0.15152,0.10804,0.16790,0.16811
0.08197,0.11170,0.08080,0.08934,0.09160,0.05554,0.06558,0.03924,0.30842,0.07582
0.07122,0.09749,0.06571,0.07947,0.08149,0.11389,0.11031,0.08481,0.17052,0.12511
0.08484,0.13940,0.14791,0.12346,0.10806,0.04598,0.06768,0.04378,0.16790,0.07099
0.07050,0.09417,0.08582,0.08654,0.09849,0.06094,0.13450,0.03254,0.17572,0.16077
0.06051,0.06559,0.04972,0.06342,0.06115,0.10327,0.15609,0.08508,0.19814,0.15703
0.04673,0.05476,0.08567,0.05466,0.05486,0.12588,0.11369,0.17554,0.12396,0.16425
0.05222,0.06576,0.06657,0.05819,0.05997,0.09569,0.21903,0.04918,0.08522,0.24818
0.06107,0.11484,0.11641,0.09971,0.09552,0.08091,0.10572,0.06037,0.13084,0.13462
0.09697,0.16632,0.13166,0.12049,0.13039,0.05664,0.07231,0.06926,0.07288,0.08307
0.06412,0.09048,0.08613,0.08543,0.08078,0.10232,0.08966,0.07061,0.22532,0.10515
0.05850,0.08743,0.07092,0.07131,0.07695,0.11058,0.07479,0.10360,0.25860,0.08733
0.06089,0.10334,0.07195,0.08342,0.09709,0.10305,0.12144,0.05765,0.15798,0.14319
0.06838,0.09429,0.07348,0.08247,0.08512,0.10979,0.11833,0.09333,0.12612,0.14868
0.07413,0.09893,0.10154,0.08915,0.07908,0.07658,0.09231,0.08095,0.19508,0.11225
0.07554,0.12658,0.10358,0.10619,0.11666,0.10465,0.07174,0.06505,0.15378,0.07623
0.05126,0.08286,0.06291,0.06900,0.08764,0.16286,0.06464,0.11279,0.22778,0.07827
0.05455,0.06681,0.04805,0.06110,0.06268,0.10619,0.18383,0.06108,0.14628,0.20943
0.06216,0.07682,0.06320,0.06465,0.06787,0.07643,0.06780,0.07483,0.36536,0.08088
0.07573,0.09849,0.07993,0.08911,0.08362,0.07463,0.07428,0.06750,0.26195,0.09475
0.04956,0.06462,0.05175,0.06458,0.06661,0.16051,0.09087,0.18771,0.14019,0.12360
0.06508,0.09307,0.08612,0.08338,0.09110,0.14699,0.11043,0.13380,0.06390,0.12613
0.04130,0.06984,0.05592,0.05845,0.04969,0.12425,0.09599,0.13063,0.26068,0.11326
0.08285,0.13196,0.08841,0.11041,0.10875,0.07764,0.08803,0.05031,0.16044,0.10121
0.04870,0.07179,0.06330,0.06645,0.07259,0.23918,0.07721,0.16570,0.09772,0.09736
0.04836,0.08503,0.07863,0.09554,0.06727,0.07707,0.18734,0.04303,0.11957,0.19815
0.06242,0.08161,0.05324,0.06588,0.06654,0.06003,0.08547,0.05667,0.35948,0.10866
0.05260,0.07590,0.06891,0.06785,0.06034,0.04464,0.06035,0.03915,0.46123,0.06905
0.02980,0.03838,0.03326,0.03558,0.03553,0.10453,0.26234,0.03746,0.09316,0.32995
0.08296,0.15456,0.12565,0.11924,0.11839,0.07695,0.04784,0.06455,0.14919,0.06066
0.04401,0.06648,0.06000,0.05927,0.05838,0.08878,0.06591,0.07376,0.40627,0.07715
0.04239,0.05952,0.05024,0.05036,0.05438,0.13303,0.15769,0.11788,0.11806,0.21645
0.11817,0.10221,0.09991,0.10625,0.17656,0.07116,0.04931,0.05832,0.16114,0.05697
0.03997,0.05946,0.05451,0.05340,0.04381,0.10652,0.15889,0.08248,0.23013,0.17084
0.06400,0.09971,0.12326,0.08675,0.08146,0.10537,0.08706,0.10499,0.15225,0.09515
0.06255,0.08583,0.07203,0.07740,0.07487,0.16631,0.11531,0.10893,0.12598,0.11079
0.05013,0.06086,0.05836,0.05507,0.06389,0.12160,0.14303,0.11701,0.15131,0.17873
0.09446,0.17049,0.17572,0.13748,0.13197,0.05079,0.05007,0.04463,0.08118,0.06321
0.07750,0.13725,0.14400,0.11690,0.11423,0.05577,0.08501,0.03883,0.12897,0.10153
0.05464,0.08363,0.10071,0.07831,0.07270,0.06960,0.07611,0.05274,0.33024,0.08133
0.07877,0.11921,0.11428,0.09847,0.09345,0.07125,0.09286,0.06619,0.16543,0.10009
0.07089,0.11435,0.10101,0.09697,0.09299,0.08508,0.10250,0.05903,0.16021,0.11698
0.07487,0.10814,0.09714,0.10248,0.10537,0.10362,0.06228,0.06624,0.20341,0.07644
0.03357,0.04308,0.03973,0.03772,0.03672,0.05654,0.06313,0.03932,0.58009,0.07011
0.04083,0.06166,0.05228,0.05411,0.05606,0.07356,0.06900,0.05962,0.45351,0.07936
0.04681,0.05462,0.04505,0.05069,0.05561,0.10772,0.06838,0.11223,0.37313,0.08577
0.06424,0.08372,0.08897,0.08241,0.07570,0.08030,0.07219,0.06479,0.29787,0.08982
0.05180,0.06426,0.07099,0.06316,0.06202,0.07492,0.10038,0.06862,0.32988,0.11396
0.03733,0.04725,0.04159,0.04023,0.03887,0.09833,0.20402,0.05589,0.17039,0.26610
0.06442,0.06711,0.07170,0.06271,0.05822,0.11654,0.17093,0.15227,0.06939,0.16671
0.07048,0.11946,0.11800,0.09935,0.09909,0.04450,0.07023,0.04107,0.26044,0.07738
0.05357,0.06975,0.06191,0.06865,0.06424,0.07362,0.08937,0.05763,0.36640,0.09486
0.07177,0.12813,0.12302,0.10648,0.11529,0.09754,0.07256,0.08938,0.10419,0.09163
0.05156,0.07569,0.07590,0.06550,0.06144,0.10897,0.08467,0.13459,0.22921,0.11247
0.06514,0.08077,0.05414,0.07323,0.07854,0.13098,0.15284,0.08879,0.11229,0.16327
0.07095,0.13048,0.11965,0.10451,0.11058,0.09187,0.04559,0.08189,0.18395,0.06052
0.06426,0.11483,0.15217,0.10663,0.09711,0.06230,0.10405,0.04007,0.13565,0.12293
0.06109,0.09461,0.10089,0.07995,0.08331,0.08245,0.10599,0.06322,0.20039,0.12809
0.05216,0.07185,0.05554,0.06262,0.06788,0.13765,0.17000,0.07860,0.10603,0.19767
0.05901,0.09758,0.08980,0.08710,0.07750,0.12867,0.12027,0.08571,0.11080,0.14356
0.05043,0.06471,0.05859,0.06168,0.05830,0.05084,0.08762,0.04394,0.42217,0.10170
0.04900,0.06731,0.06344,0.06103,0.06432,0.13690,0.12125,0.19394,0.09504,0.14775
0.06301,0.07408,0.07545,0.07739,0.06570,0.08786,0.16651,0.05727,0.13642,0.19632
0.06542,0.07869,0.06823,0.07237,0.06254,0.07593,0.12181,0.07985,0.24733,0.12784
0.03239,0.04168,0.03736,0.04247,0.03658,0.05051,0.05694,0.04097,0.60055,0.06054
0.09573,0.09713,0.09298,0.09614,0.14960,0.04735,0.06679,0.04380,0.21639,0.09409
0.05063,0.08188,0.06525,0.06578,0.06221,0.10247,0.13010,0.11388,0.15701,0.17078
0.05989,0.12553,0.12924,0.10159,0.10861,0.13711,0.08015,0.08629,0.08837,0.08323
0.11146,0.14990,0.09094,0.12001,0.13107,0.09067,0.05977,0.06003,0.11222,0.07392
0.08586,0.10211,0.07884,0.08607,0.08121,0.07222,0.08360,0.06475,0.24120,0.10414
0.05878,0.07688,0.06036,0.06971,0.07235,0.10876,0.11732,0.08759,0.21621,0.13203
0.07445,0.09974,0.06731,0.08276,0.08524,0.10332,0.08346,0.09286,0.21237,0.09849
0.05256,0.07309,0.06049,0.06528,0.06469,0.14523,0.14264,0.13026,0.11972,0.14603
0.06635,0.11582,0.14150,0.10146,0.09568,0.08396,0.06572,0.07364,0.17864,0.07723
0.04230,0.06067,0.06523,0.05455,0.05408,0.06884,0.11598,0.04989,0.34034,0.14812
0.05479,0.06944,0.08009,0.06555,0.06446,0.06404,0.12551,0.05211,0.27302,0.15099
0.08855,0.13698,0.12517,0.12916,0.11228,0.07033,0.07536,0.05999,0.12990,0.07228
0.07215,0.12610,0.10049,0.09408,0.09393,0.08142,0.07273,0.08980,0.17341,0.09589
0.07988,0.09763,0.09238,0.08956,0.08751,0.07928,0.05050,0.06444,0.30089,0.05793
0.04897,0.07009,0.06883,0.07090,0.06611,0.12851,0.07560,0.08979,0.29354,0.08764
0.06111,0.10667,0.07529,0.08212,0.06212,0.08097,0.05680,0.09501,0.30738,0.07252
0.06470,0.09691,0.10689,0.08730,0.08292,0.06017,0.08244,0.06076,0.26302,0.09490
0.06558,0.10499,0.19737,0.10829,0.09418,0.04518,0.05997,0.03803,0.21684,0.06957
0.07278,0.10060,0.08653,0.08366,0.08249,0.09349,0.09455,0.09831,0.17630,0.11128
0.07337,0.12426,0.17299,0.10915,0.10043,0.05617,0.07680,0.05309,0.14752,0.08621
0.07056,0.10138,0.08034,0.08537,0.09858,0.14889,0.07461,0.09679,0.15375,0.08973
0.04887,0.06746,0.05393,0.05778,0.06010,0.09441,0.06903,0.07125,0.40087,0.07630
0.06123,0.08314,0.04976,0.06971,0.07038,0.10103,0.14081,0.08344,0.17741,0.16309
0.09437,0.12247,0.06870,0.09357,0.08890,0.05519,0.04972,0.04816,0.31784,0.06108
0.06425,0.08816,0.05855,0.07250,0.08088,0.14450,0.10708,0.09124,0.17901,0.11383
0.05500,0.07757,0.06515,0.06225,0.06593,0.12396,0.08519,0.15682,0.19018,0.11796
0.08942,0.11257,0.10019,0.09707,0.09736,0.09751,0.09601,0.08832,0.11036,0.11120
0.08410,0.10196,0.06446,0.09479,0.08946,0.06253,0.13414,0.04246,0.18356,0.14254
0.07225,0.07960,0.15305,0.09064,0.07889,0.09457,0.12544,0.09479,0.09102,0.11975
0.05243,0.08418,0.07829,0.07275,0.07338,0.13470,0.07655,0.08773,0.24807,0.09193
0.06193,0.09120,0.09445,0.07686,0.07939,0.14207,0.11201,0.11582,0.10193,0.12433
0.07496,0.09591,0.06676,0.07936,0.07573,0.05668,0.06901,0.04773,0.35062,0.08324
0.04577,0.06300,0.05321,0.05442,0.05669,0.11558,0.10465,0.10123,0.28769,0.11776
0.03649,0.04770,0.04399,0.04050,0.04053,0.18027,0.15768,0.14360,0.16329,0.14596
0.06786,0.08983,0.05559,0.06977,0.08699,0.11143,0.05846,0.07975,0.30363,0.07668
0.06807,0.08152,0.06292,0.07590,0.08462,0.13808,0.13924,0.09618,0.10722,0.14626
0.10420,0.07833,0.09182,0.10359,0.13702,0.08637,0.10046,0.06256,0.12880,0.10685
0.06760,0.12301,0.09222,0.09219,0.10191,0.08377,0.14419,0.07824,0.07161,0.14525
0.07120,0.10372,0.09669,0.09114,0.09636,0.10595,0.09109,0.11691,0.11344,0.11352
0.06025,0.08419,0.06761,0.07521,0.07307,0.07864,0.08026,0.06229,0.32625,0.09221
0.04425,0.05458,0.04900,0.04758,0.05381,0.10950,0.10840,0.08278,0.33652,0.11357
0.05786,0.07435,0.05572,0.06791,0.05285,0.08637,0.12017,0.08429,0.26700,0.13349
0.05037,0.07905,0.07280,0.07321,0.07080,0.14712,0.11384,0.14947,0.11690,0.12644
0.07139,0.12882,0.12167,0.10999,0.08835,0.11330,0.07731,0.10674,0.09536,0.08705
0.05404,0.09702,0.06524,0.07655,0.10135,0.20768,0.07422,0.11487,0.12339,0.08563
0.05849,0.10127,0.08206,0.09424,0.09999,0.12976,0.11202,0.07999,0.11279,0.12939
0.05599,0.11573,0.13105,0.09851,0.09671,0.09402,0.06214,0.07093,0.20551,0.06941
0.05055,0.08270,0.07106,0.06934,0.06796,0.04493,0.03909,0.03638,0.49392,0.04407
0.07055,0.09669,0.08455,0.07915,0.08152,0.05750,0.06314,0.05123,0.34345,0.07221
0.06702,0.11507,0.10662,0.09740,0.09635,0.08817,0.12631,0.06310,0.08669,0.15327
0.05824,0.08602,0.05284,0.06819,0.08511,0.15979,0.07741,0.09691,0.22191,0.09358
0.03661,0.04413,0.04494,0.04361,0.04532,0.19315,0.18099,0.15762,0.06931,0.18432
0.08191,0.12322,0.09633,0.11012,0.11563,0.07915,0.09378,0.06232,0.12856,0.10898
0.08363,0.12032,0.07990,0.10042,0.09618,0.06870,0.08824,0.05258,0.20392,0.10611
0.05874,0.08541,0.07942,0.07735,0.07369,0.06386,0.14180,0.04115,0.20863,0.16995
0.04349,0.06428,0.05619,0.06071,0.06456,0.15952,0.13940,0.08634,0.18176,0.14375
0.05516,0.06678,0.07745,0.06434,0.06642,0.09267,0.09814,0.09284,0.25678,0.12943
0.06655,0.08424,0.05933,0.07855,0.07795,0.06938,0.07870,0.05684,0.33698,0.09149
0.06502,0.08618,0.05976,0.07911,0.07881,0.10743,0.09104,0.07883,0.25590,0.09793
0.07174,0.11151,0.09103,0.08642,0.08825,0.04019,0.04063,0.03690,0.38568,0.04767
0.05160,0.06914,0.06646,0.06223,0.06857,0.12568,0.12785,0.09776,0.18949,0.14123
0.05379,0.07928,0.05325,0.07090,0.07184,0.07818,0.07222,0.06814,0.37311,0.07929
0.07116,0.09470,0.07848,0.07825,0.08143,0.07715,0.08438,0.07172,0.25805,0.10470
0.05048,0.06936,0.06345,0.06492,0.06006,0.15596,0.15032,0.10499,0.13595,0.14450
0.06927,0.12222,0.10363,0.09638,0.10698,0.11161,0.05777,0.08484,0.17240,0.07490
0.05498,0.08518,0.08228,0.07382,0.07603,0.12690,0.13223,0.07852,0.14233,0.14774
0.06638,0.10310,0.08247,0.08439,0.08603,0.08846,0.06759,0.08365,0.25300,0.08494
0.04345,0.07405,0.06067,0.06125,0.04678,0.11595,0.14088,0.10281,0.18021,0.17395
0.07813,0.11718,0.13608,0.10262,0.09702,0.06812,0.10471,0.06202,0.12005,0.11407
0.04404,0.06440,0.07282,0.06076,0.05558,0.09788,0.12086,0.11740,0.23255,0.13373
0.09523,0.09018,0.08522,0.08529,0.14332,0.07893,0.09931,0.07760,0.10559,0.13934
0.08616,0.14338,0.12311,0.12098,0.11453,0.06959,0.06635,0.06576,0.12920,0.08094
0.05426,0.07838,0.05221,0.06708,0.06615,0.07026,0.07747,0.05997,0.38764,0.08658
0.09041,0.15091,0.12387,0.13312,0.10420,0.09535,0.07825,0.06689,0.07749,0.07952
0.04449,0.05583,0.05054,0.05188,0.04823,0.13488,0.12976,0.17579,0.13823,0.17038
0.05705,0.07833,0.06640,0.07025,0.06219,0.07821,0.08632,0.07150,0.33038,0.09936
0.05887,0.08100,0.05723,0.07019,0.06480,0.07810,0.13793,0.05066,0.23347,0.16776
0.05114,0.07611,0.05383,0.06499,0.07441,0.11271,0.18826,0.05984,0.07129,0.24743
0.07283,0.10160,0.07712,0.08972,0.09946,0.14201,0.08888,0.08923,0.14152,0.09762
0.06406,0.08560,0.07190,0.07518,0.07194,0.09151,0.08550,0.11956,0.22665,0.10809
0.07358,0.09685,0.07226,0.07390,0.08020,0.08842,0.09707,0.09145,0.22139,0.10487
0.04665,0.06012,0.05732,0.05332,0.05312,0.14020,0.10163,0.19886,0.13808,0.15070
0.07740,0.14412,0.10423,0.11578,0.12009,0.06360,0.04567,0.05002,0.22370,0.05539
0.06132,0.07842,0.07837,0.07202,0.06092,0.07133,0.06877,0.07962,0.34573,0.08352
0.05740,0.08456,0.07418,0.07984,0.06757,0.05756,0.05968,0.05493,0.39491,0.06938
0.03078,0.04388,0.03862,0.03784,0.03504,0.06712,0.12951,0.03866,0.40928,0.16927
0.07677,0.12283,0.12839,0.10536,0.09864,0.07682,0.06502,0.08338,0.16639,0.07641
0.05338,0.08128,0.06246,0.07158,0.07129,0.09244,0.06077,0.08132,0.35416,0.07132
0.06473,0.09104,0.08210,0.07600,0.07856,0.06067,0.08403,0.04777,0.31675,0.09834
0.04981,0.07296,0.06207,0.06370,0.06350,0.09659,0.09169,0.06143,0.33111,0.10713
0.05482,0.08174,0.07571,0.07184,0.06494,0.07521,0.10331,0.08321,0.25812,0.13111
0.05129,0.07631,0.07808,0.07116,0.07053,0.13375,0.09675,0.09242,0.22374,0.10597
0.04878,0.07038,0.05429,0.06413,0.07124,0.13698,0.08903,0.11080,0.25034,0.10403
