0.34307,0.29735,0.17698,0.18260
0.43760,0.28370,0.13997,0.13873
0.35305,0.24277,0.19492,0.20926
0.32013,0.27558,0.17500,0.22929
0.44796,0.28554,0.15403,0.11247
0.43831,0.19647,0.17395,0.19126
0.25601,0.22733,0.19760,0.31907
0.36421,0.32792,0.15465,0.15322
0.23261,0.36550,0.20053,0.20136
0.22295,0.24656,0.24726,0.28323
0.35493,0.25167,0.16876,0.22464
0.23020,0.31967,0.21990,0.23023
0.26937,0.18034,0.25109,0.29920
0.23220,0.17741,0.24096,0.34943
0.28749,0.31473,0.16048,0.23730
0.32954,0.35829,0.14501,0.16715
0.34448,0.27550,0.17061,0.20941
0.34338,0.24687,0.17606,0.23369
0.27125,0.22673,0.21387,0.28815
0.29878,0.26872,0.20781,0.22469
0.24271,0.23497,0.19180,0.33052
0.30648,0.25635,0.17158,0.26559
0.27194,0.16210,0.24636,0.31960
0.22649,0.35364,0.20138,0.21849
0.30505,0.26613,0.16692,0.26190
0.34291,0.29313,0.18011,0.18385
0.36850,0.28738,0.14686,0.19726
0.31243,0.23254,0.19226,0.26277
0.36320,0.26502,0.15170,0.22007
0.46570,0.22255,0.12767,0.18407
0.29496,0.36961,0.15783,0.17760
0.26649,0.26901,0.21189,0.25261
0.42946,0.32754,0.12857,0.11443
0.26397,0.23412,0.23934,0.26258
0.34654,0.28032,0.18548,0.18765
0.30898,0.24785,0.19543,0.24774
0.30910,0.19725,0.19954,0.29412
0.43577,0.28001,0.14783,0.13638
0.34791,0.27281,0.17258,0.20670
0.29580,0.24319,0.21713,0.24388
0.22511,0.27464,0.18506,0.31519
0.28566,0.28208,0.17454,0.25772
0.40842,0.20937,0.17314,0.20907
0.34678,0.28232,0.17192,0.19897
0.45944,0.28027,0.11857,0.14172
0.32585,0.26268,0.17635,0.23512
0.25889,0.24356,0.26268,0.23487
0.30656,0.24052,0.20974,0.24318
0.30174,0.27148,0.16038,0.26640
0.45100,0.23064,0.15343,0.16493
0.34908,0.24325,0.20456,0.20310
0.41785,0.22453,0.18365,0.17396
0.16871,0.51246,0.14171,0.17713
0.32580,0.30468,0.16030,0.20921
0.40972,0.19289,0.21431,0.18308
0.42907,0.28804,0.12823,0.15466
0.26649,0.25420,0.24213,0.23718
0.15863,0.46558,0.17522,0.20056
0.33287,0.28491,0.20328,0.17893
0.25857,0.22835,0.24706,0.26603
0.31704,0.25089,0.19693,0.23514
0.32236,0.25984,0.18122,0.23657
0.18355,0.36384,0.18359,0.26901
0.24539,0.25710,0.24806,0.24944
0.26645,0.22216,0.28695,0.22445
0.23634,0.17340,0.23759,0.35268
0.36553,0.30581,0.14042,0.18825
0.37684,0.30159,0.15507,0.16650
0.29379,0.34225,0.17300,0.19097
0.34046,0.26025,0.20776,0.19153
0.27545,0.26918,0.23539,0.21998
0.35318,0.24246,0.17723,0.22713
0.36459,0.29030,0.17794,0.16716
0.32375,0.31360,0.17700,0.18565
0.28769,0.24334,0.22120,0.24777
0.32314,0.24470,0.16528,0.26688
0.41000,0.32618,0.13838,0.12544
0.39898,0.27364,0.15336,0.17402
0.37880,0.20070,0.20436,0.21613
0.27977,0.20910,0.23030,0.28083
0.27703,0.26275,0.21314,0.24708
0.20266,0.16765,0.27186,0.35784
0.34186,0.26791,0.20415,0.18608
0.33256,0.19213,0.25404,0.22127
0.33505,0.26333,0.16260,0.23903
0.25992,0.21056,0.19326,0.33626
0.39911,0.23344,0.19694,0.17051
0.42681,0.25623,0.15042,0.16655
0.35866,0.25399,0.18950,0.19785
0.42320,0.18706,0.15508,0.23466
0.31327,0.22185,0.20962,0.25526
0.38961,0.26137,0.17145,0.17756
0.44813,0.22877,0.15576,0.16735
0.39551,0.28313,0.15646,0.16491
0.38197,0.29857,0.18089,0.13857
0.37716,0.25877,0.15700,0.20706
0.40191,0.27098,0.17005,0.15705
0.34817,0.26165,0.17260,0.21758
0.36939,0.34254,0.12394,0.16413
0.13862,0.47172,0.15866,0.23101
