0.48997,0.01953,0.45365,0.03685
0.01283,0.01246,0.20338,0.77133
0.22719,0.19780,0.53162,0.04339
0.01265,0.01589,0.64602,0.32545
0.35702,0.00691,0.55453,0.08154
0.08090,0.01121,0.85291,0.05498
0.27769,0.26675,0.31994,0.13562
0.16470,0.40919,0.41400,0.01210
0.44506,0.41008,0.12230,0.02256
0.46306,0.47130,0.06054,0.00510
0.22859,0.25845,0.44138,0.07159
0.01712,0.20084,0.76959,0.01244
0.01497,0.00728,0.95980,0.01794
0.01503,0.00357,0.96955,0.01185
0.34937,0.34706,0.27254,0.03103
0.03941,0.02433,0.91397,0.02229
0.04691,0.30799,0.60722,0.03787
0.18246,0.00679,0.80534,0.00540
0.04244,0.86111,0.07531,0.02114
0.06729,0.56398,0.34039,0.02833
0.04224,0.04350,0.88785,0.02641
0.06746,0.53355,0.38948,0.00950
0.00493,0.00232,0.98938,0.00338
0.03469,0.11549,0.80257,0.04725
0.31826,0.28949,0.19596,0.19629
0.44000,0.41909,0.02909,0.11182
0.00616,0.01738,0.95935,0.01712
0.09849,0.03279,0.85777,0.01095
0.02604,0.05880,0.89296,0.02221
0.08376,0.12398,0.76612,0.02613
0.00706,0.00532,0.97894,0.00868
0.02141,0.02192,0.05386,0.90281
0.29121,0.08482,0.61356,0.01042
0.01798,0.03307,0.91468,0.03427
0.35978,0.26798,0.36388,0.00836
0.53065,0.01334,0.42336,0.03265
0.09297,0.01222,0.88512,0.00969
0.04911,0.13913,0.72931,0.08246
0.34437,0.00881,0.62610,0.02072
0.94022,0.00667,0.03482,0.01829
0.30868,0.30333,0.37946,0.00853
0.76289,0.16564,0.05500,0.01648
0.37306,0.36232,0.25878,0.00584
0.01296,0.00788,0.93274,0.04642
0.21675,0.55192,0.21993,0.01140
0.06108,0.03188,0.89666,0.01038
0.01964,0.01861,0.80871,0.15304
0.01127,0.65022,0.30079,0.03772
0.04710,0.04360,0.89691,0.01239
0.54779,0.17149,0.26756,0.01316
0.35708,0.32416,0.23631,0.08245
0.35839,0.32322,0.31296,0.00544
0.03909,0.02655,0.02856,0.90580
0.39024,0.33936,0.13900,0.13140
0.21114,0.01795,0.76042,0.01048
0.84171,0.06064,0.08718,0.01047
0.31063,0.30109,0.36963,0.01864
0.54962,0.19366,0.24609,0.01063
0.34265,0.01661,0.63004,0.01071
0.20068,0.01113,0.75217,0.03602
0.00693,0.00533,0.98129,0.00646
0.86808,0.06286,0.05457,0.01450
0.07857,0.34502,0.56995,0.00646
0.37862,0.35894,0.25049,0.01195
0.03954,0.02465,0.93195,0.00387
0.24121,0.01175,0.73912,0.00792
0.41225,0.37054,0.18697,0.03024
0.01192,0.00654,0.59114,0.39041
0.10611,0.00834,0.86371,0.02183
0.13000,0.11016,0.73350,0.02634
0.17620,0.15510,0.65379,0.01491
0.47098,0.46153,0.05610,0.01139
0.87149,0.01206,0.10935,0.00709
0.08977,0.06228,0.80753,0.04043
0.11036,0.09147,0.78467,0.01350
0.25261,0.02432,0.70949,0.01357
0.05186,0.03085,0.57094,0.34636
0.04467,0.00805,0.92573,0.02156
0.55418,0.36494,0.06426,0.01663
0.01984,0.00795,0.95383,0.01838
0.22150,0.00502,0.74418,0.02931
0.22773,0.01918,0.66716,0.08593
0.28893,0.10225,0.59509,0.01373
0.03311,0.05072,0.83847,0.07770
0.18847,0.17457,0.55546,0.08150
0.10580,0.21741,0.65187,0.02492
0.42018,0.39089,0.17721,0.01172
0.02156,0.01135,0.75587,0.21122
0.01715,0.00327,0.97287,0.00671
0.01536,0.09830,0.29309,0.59325
0.41619,0.40834,0.16617,0.00930
0.01442,0.00919,0.96913,0.00726
0.03578,0.00863,0.95103,0.00456
0.25218,0.22773,0.51097,0.00912
0.12965,0.83592,0.03043,0.00400
0.01003,0.07006,0.89566,0.02425
0.07845,0.05511,0.23708,0.62936
0.04166,0.03511,0.89297,0.03026
0.44340,0.42366,0.10376,0.02919
0.03415,0.02254,0.65544,0.28787
0.88885,0.04891,0.05325,0.00899
0.01951,0.01197,0.96025,0.00827
0.01729,0.01262,0.61943,0.35065
0.01836,0.00726,0.81408,0.16030
0.18697,0.16302,0.63745,0.01256
0.13616,0.13145,0.71171,0.02068
0.40292,0.05958,0.52092,0.01658
0.02460,0.01153,0.93292,0.03095
0.08853,0.07663,0.14661,0.68824
0.47932,0.45702,0.04173,0.02193
0.13487,0.14258,0.11686,0.60569
0.02422,0.38181,0.49450,0.09947
0.08624,0.02505,0.67051,0.21820
0.35492,0.33074,0.30566,0.00868
0.23417,0.21623,0.11767,0.43193
0.02798,0.07143,0.22576,0.67483
0.02177,0.01850,0.93871,0.02102
0.01034,0.84827,0.08678,0.05460
0.13820,0.02491,0.81219,0.02470
0.77460,0.13571,0.07298,0.01672
0.01020,0.01317,0.95584,0.02078
0.01945,0.05376,0.91160,0.01519
0.28106,0.27859,0.42089,0.01945
0.23582,0.21206,0.41132,0.14080
0.04399,0.03148,0.70432,0.22021
0.00654,0.00584,0.98088,0.00674
0.28533,0.26304,0.44426,0.00736
0.10972,0.02331,0.84346,0.02352
0.45618,0.40530,0.07935,0.05917
0.10327,0.20435,0.68502,0.00737
0.07954,0.06483,0.27168,0.58395
0.02807,0.01151,0.95174,0.00868
0.32307,0.30386,0.36855,0.00452
0.16758,0.17009,0.58063,0.08170
0.03346,0.59017,0.17770,0.19866
0.08536,0.17306,0.40418,0.33740
0.34226,0.33664,0.29769,0.02340
0.82597,0.05244,0.05506,0.06653
0.59124,0.12870,0.09380,0.18626
0.02024,0.13237,0.82920,0.01819
0.39176,0.14001,0.09586,0.37237
0.35221,0.01007,0.49054,0.14718
0.05236,0.32170,0.62178,0.00416
0.02503,0.01767,0.93835,0.01895
0.32176,0.00700,0.66468,0.00655
0.01326,0.00806,0.97620,0.00248
0.02617,0.00803,0.93428,0.03151
0.11780,0.10474,0.76543,0.01204
0.46493,0.47000,0.02212,0.04295
0.29000,0.49558,0.20820,0.00621
0.01412,0.01322,0.96306,0.00960
0.35287,0.35833,0.26593,0.02287
0.79423,0.05899,0.13320,0.01357
0.01926,0.13277,0.46172,0.38625
0.17600,0.13403,0.67414,0.01584
0.03478,0.02093,0.92582,0.01847
0.13267,0.13055,0.15267,0.58411
0.03035,0.01031,0.90576,0.05358
0.01581,0.01114,0.83738,0.13567
0.62969,0.04179,0.31182,0.01671
0.31439,0.03862,0.56093,0.08606
0.03131,0.07826,0.87631,0.01412
0.40375,0.00883,0.31199,0.27544
0.30623,0.30087,0.37455,0.01835
0.14112,0.00715,0.09283,0.75890
0.03921,0.00878,0.91893,0.03308
0.46585,0.43718,0.09153,0.00545
0.22829,0.24777,0.11376,0.41018
0.83292,0.03787,0.10794,0.02126
0.01366,0.91128,0.04720,0.02787
0.01155,0.11643,0.86625,0.00577
0.62492,0.19289,0.13870,0.04348
0.01640,0.00332,0.96853,0.01176
0.29196,0.27734,0.42570,0.00500
0.05839,0.01804,0.89919,0.02439
0.06246,0.14182,0.39180,0.40392
0.73212,0.00859,0.15793,0.10137
0.43309,0.00829,0.26507,0.29355
0.02808,0.52155,0.36961,0.08077
0.03144,0.01251,0.95006,0.00598
0.42352,0.05777,0.50209,0.01661
0.16567,0.14130,0.12879,0.56424
0.02158,0.01517,0.85205,0.11120
0.00982,0.00422,0.98103,0.00493
0.03726,0.01269,0.92070,0.02935
0.00434,0.00879,0.97819,0.00867
0.24119,0.08275,0.57039,0.10567
0.46898,0.46151,0.01605,0.05346
0.02358,0.01742,0.95046,0.00855
0.02258,0.03912,0.93073,0.00758
0.00931,0.00595,0.82291,0.16182
0.09980,0.28083,0.60605,0.01332
0.39048,0.10791,0.48590,0.01571
0.02500,0.05212,0.85455,0.06833
0.23583,0.21497,0.46872,0.08047
0.84820,0.00625,0.03232,0.11323
0.45234,0.03423,0.50089,0.01254
0.71078,0.01181,0.26462,0.01279
0.03014,0.01919,0.78943,0.16125
0.09819,0.09918,0.79591,0.00672
0.50868,0.06900,0.41581,0.00651
0.05930,0.03426,0.89635,0.01009
0.24208,0.22875,0.52263,0.00655
0.30959,0.01491,0.67009,0.00541
0.45477,0.45878,0.07907,0.00737
0.10430,0.08462,0.35992,0.45116
0.24067,0.30143,0.40782,0.05008
0.08809,0.02853,0.64998,0.23339
0.03913,0.05081,0.90661,0.00345
0.52919,0.03139,0.42705,0.01238
0.14472,0.14098,0.68752,0.02678
0.00620,0.00945,0.88737,0.09698
0.04137,0.01007,0.77994,0.16862
0.47851,0.47806,0.03833,0.00510
0.09074,0.09896,0.51300,0.29730
0.78592,0.00799,0.02983,0.17626
0.02065,0.37298,0.60117,0.00520
0.38623,0.35362,0.19749,0.06266
0.03228,0.01118,0.24938,0.70716
0.00755,0.00503,0.97366,0.01376
0.19477,0.01295,0.79015,0.00212
0.65212,0.19770,0.14086,0.00932
0.02715,0.01179,0.86512,0.09594
0.59897,0.13237,0.20205,0.06661
0.31723,0.01591,0.59409,0.07276
0.34540,0.32768,0.31415,0.01277
0.11135,0.09601,0.39197,0.40067
0.05764,0.86750,0.03055,0.04431
0.09472,0.05666,0.83633,0.01230
0.79203,0.01904,0.18221,0.00673
0.49606,0.02240,0.47437,0.00718
0.11725,0.09226,0.73856,0.05193
0.03837,0.02168,0.91374,0.02620
0.00893,0.10031,0.78849,0.10228
0.50122,0.00419,0.48132,0.01327
0.04071,0.02963,0.90686,0.02280
0.41896,0.41204,0.15455,0.01444
0.76127,0.02306,0.09948,0.11620
0.00653,0.49840,0.47726,0.01781
0.40693,0.41232,0.17018,0.01056
0.06188,0.34611,0.58234,0.00967
0.22243,0.21167,0.55588,0.01001
0.08186,0.07328,0.82167,0.02319
0.44966,0.44994,0.03551,0.06488
0.15093,0.13540,0.69871,0.01496
0.18015,0.16236,0.60170,0.05580
0.00611,0.96007,0.02622,0.00760
0.01716,0.20429,0.65502,0.12352
0.10648,0.10340,0.78542,0.00469
0.01645,0.04011,0.64414,0.29931
0.31813,0.29737,0.35650,0.02800
0.02916,0.76377,0.20198,0.00508
0.01356,0.22618,0.39671,0.36354
0.51164,0.00943,0.47492,0.00401
0.03964,0.01491,0.92714,0.01830
0.79529,0.01716,0.17989,0.00766
0.10601,0.01788,0.86216,0.01395
0.00993,0.01757,0.96590,0.00660
0.41338,0.40711,0.04644,0.13306
0.92016,0.02502,0.04452,0.01030
0.00762,0.01566,0.96461,0.01211
0.01626,0.02431,0.94385,0.01558
0.44155,0.42001,0.12118,0.01726
0.10621,0.10037,0.01955,0.77388
0.02204,0.00451,0.94162,0.03184
0.07573,0.04583,0.86058,0.01786
0.15485,0.13786,0.70102,0.00626
0.06783,0.02581,0.55668,0.34968
0.52148,0.03027,0.42242,0.02582
0.01509,0.01444,0.38507,0.58540
0.19192,0.19178,0.25244,0.36386
0.39046,0.38713,0.21422,0.00818
0.05103,0.05495,0.27992,0.61410
0.00651,0.15956,0.03218,0.80175
0.15386,0.13409,0.66782,0.04423
0.10280,0.09687,0.41126,0.38907
0.22904,0.21214,0.46287,0.09595
0.58426,0.00268,0.40966,0.00340
0.86843,0.05752,0.03825,0.03580
0.11268,0.09876,0.77240,0.01616
0.36550,0.34606,0.22515,0.06329
0.14990,0.11779,0.69137,0.04094
0.05450,0.04623,0.88105,0.01822
0.22832,0.36760,0.38828,0.01580
0.01707,0.01288,0.93749,0.03255
0.05116,0.02628,0.91436,0.00821
0.06145,0.05200,0.85615,0.03040
0.45019,0.10498,0.43616,0.00868
0.12946,0.12057,0.73598,0.01399
0.22921,0.20939,0.50807,0.05333
0.19600,0.16607,0.62005,0.01788
0.03887,0.01812,0.92420,0.01881
0.09130,0.01194,0.88135,0.01541
0.26417,0.24120,0.48819,0.00644
0.19751,0.20256,0.59381,0.00612
0.34328,0.48337,0.16168,0.01167
0.21037,0.14750,0.62770,0.01442
0.27486,0.02728,0.68155,0.01631
0.05053,0.03676,0.72802,0.18469
0.26099,0.04912,0.66731,0.02259
