0.02607,0.01788,0.02227,0.02285,0.03221,0.01951,0.01533,0.01558,0.02933,0.02327,0.03454,0.01747,0.03377,0.03619,0.04691,0.04289,0.02837,0.02711,0.48865,0.01980
0.02095,0.02581,0.02429,0.02205,0.02162,0.02072,0.02083,0.02188,0.02663,0.02506,0.01696,0.02390,0.02097,0.02024,0.03514,0.03410,0.03692,0.02058,0.28248,0.27887
0.01556,0.01419,0.02310,0.02272,0.01780,0.01770,0.01396,0.01369,0.01614,0.02513,0.02164,0.01417,0.01621,0.01652,0.03097,0.03422,0.04864,0.01817,0.59449,0.02498
0.01159,0.01259,0.01279,0.01223,0.01400,0.00935,0.01284,0.01303,0.01694,0.01318,0.01947,0.01817,0.01277,0.01326,0.02764,0.02579,0.02873,0.01276,0.69857,0.01430
0.01504,0.01233,0.01230,0.01146,0.01130,0.01237,0.01140,0.01120,0.01333,0.01493,0.01113,0.01109,0.01511,0.01526,0.02379,0.02425,0.01480,0.01283,0.72216,0.02391
0.02318,0.01547,0.01957,0.01682,0.50949,0.01977,0.02445,0.02221,0.01501,0.01656,0.02560,0.01065,0.02360,0.02483,0.02591,0.02537,0.02460,0.02540,0.11509,0.01643
0.01487,0.02428,0.01572,0.01350,0.01623,0.01243,0.01319,0.01296,0.01699,0.01733,0.01373,0.01627,0.01598,0.01637,0.02619,0.02806,0.01937,0.01297,0.67499,0.01857
0.03424,0.03592,0.02044,0.01663,0.02811,0.02417,0.02515,0.02362,0.02554,0.02120,0.03232,0.03655,0.05633,0.05156,0.10429,0.09460,0.02303,0.02234,0.08462,0.23937
0.02529,0.01452,0.02045,0.01973,0.01638,0.54955,0.02345,0.02201,0.02053,0.01940,0.01770,0.03536,0.03589,0.03983,0.01821,0.01856,0.01720,0.02715,0.04198,0.01680
0.01481,0.02415,0.02225,0.01903,0.01717,0.02055,0.01823,0.01935,0.02141,0.02028,0.02386,0.03404,0.02416,0.02307,0.02836,0.02834,0.05346,0.02172,0.53480,0.03097
0.01222,0.01543,0.01716,0.01382,0.01400,0.01658,0.01308,0.01367,0.01546,0.01706,0.01647,0.02182,0.02150,0.02212,0.02572,0.02473,0.01898,0.01768,0.66510,0.01742
0.01557,0.02201,0.02088,0.01998,0.02113,0.02524,0.01324,0.01303,0.02788,0.01243,0.45085,0.01998,0.02797,0.02543,0.04200,0.04431,0.03156,0.01829,0.12146,0.02675
0.02036,0.01836,0.01626,0.01493,0.01368,0.01472,0.01555,0.01557,0.02075,0.02767,0.01637,0.01650,0.01684,0.01684,0.02548,0.02621,0.02540,0.01944,0.64014,0.01893
0.01010,0.01217,0.01574,0.01166,0.01101,0.00976,0.01139,0.01092,0.01501,0.01454,0.01157,0.01692,0.01378,0.01338,0.03518,0.03627,0.01694,0.01506,0.69765,0.02097
0.01674,0.03409,0.02423,0.02486,0.02206,0.04778,0.03370,0.03050,0.02743,0.02601,0.02820,0.05035,0.01926,0.01971,0.03233,0.03012,0.01975,0.01862,0.46882,0.02543
0.01507,0.02063,0.01841,0.01676,0.01344,0.01297,0.01372,0.01338,0.02561,0.01780,0.02834,0.01752,0.01655,0.01667,0.02578,0.02324,0.02645,0.01369,0.62544,0.03853
0.02055,0.01582,0.03317,0.02324,0.25454,0.03135,0.01962,0.02119,0.01733,0.01590,0.01859,0.01480,0.02385,0.02547,0.02670,0.02507,0.02469,0.07239,0.29064,0.02506
0.01841,0.01368,0.02073,0.01929,0.25079,0.01997,0.02038,0.01923,0.01795,0.01952,0.01184,0.01362,0.02078,0.01915,0.02464,0.02402,0.01695,0.02264,0.40576,0.02066
0.01036,0.01562,0.01967,0.01487,0.01505,0.01343,0.01360,0.01403,0.01156,0.01345,0.01590,0.01520,0.01739,0.01808,0.02603,0.02597,0.02154,0.01804,0.68254,0.01765
0.01865,0.01563,0.01645,0.01554,0.03658,0.03595,0.02524,0.02325,0.01988,0.01646,0.03169,0.01266,0.02607,0.02537,0.02908,0.02704,0.01962,0.02104,0.57135,0.01246
0.01845,0.04173,0.02565,0.02028,0.03141,0.02434,0.02053,0.02155,0.02646,0.01963,0.02579,0.02717,0.10475,0.10887,0.02885,0.02845,0.03582,0.02691,0.13433,0.22903
0.01568,0.01667,0.01569,0.01506,0.01732,0.01355,0.02123,0.02019,0.01933,0.01849,0.01287,0.01915,0.01514,0.01612,0.02363,0.02304,0.02162,0.01779,0.65179,0.02562
0.03677,0.01718,0.04698,0.03485,0.03256,0.03103,0.02079,0.01913,0.01725,0.02525,0.04356,0.03548,0.01952,0.02248,0.03320,0.03433,0.16583,0.24573,0.09579,0.02228
0.01946,0.05057,0.02347,0.01778,0.01420,0.04728,0.40671,0.14987,0.02120,0.03780,0.01855,0.03371,0.01764,0.01656,0.01443,0.01431,0.02008,0.03240,0.02367,0.02030
0.02971,0.02899,0.03185,0.03434,0.02260,0.03337,0.02656,0.02726,0.07598,0.02380,0.08460,0.05193,0.02510,0.02434,0.03219,0.03167,0.03560,0.02736,0.30412,0.04863
0.01596,0.01307,0.01524,0.01232,0.02084,0.01021,0.01072,0.00991,0.01104,0.01695,0.01336,0.00965,0.02260,0.02254,0.02223,0.02058,0.02099,0.01607,0.70043,0.01531
0.01507,0.02526,0.01944,0.02457,0.01161,0.03352,0.01225,0.01315,0.05335,0.31620,0.03088,0.01483,0.01963,0.01885,0.02398,0.02255,0.01107,0.01546,0.27793,0.04040
0.01740,0.08495,0.02220,0.01451,0.04565,0.09858,0.32270,0.14033,0.01597,0.02130,0.01815,0.03412,0.01866,0.01929,0.01589,0.01620,0.01451,0.03883,0.03097,0.00979
0.02147,0.01316,0.02212,0.02379,0.01810,0.02762,0.01929,0.01938,0.01899,0.02617,0.02082,0.02099,0.01796,0.01721,0.02559,0.02423,0.01888,0.02381,0.59446,0.02596
0.01834,0.02163,0.03172,0.02984,0.03425,0.02911,0.05884,0.06145,0.02529,0.03628,0.02027,0.01661,0.02433,0.02614,0.02869,0.02914,0.03808,0.03019,0.41680,0.02298
0.02822,0.04120,0.02792,0.02580,0.03648,0.02623,0.26991,0.19475,0.02765,0.02776,0.01856,0.07367,0.01945,0.02071,0.02289,0.02663,0.02262,0.03519,0.02386,0.03050
0.01977,0.01963,0.02921,0.02718,0.01914,0.01984,0.01942,0.01963,0.02894,0.15854,0.02078,0.01662,0.02611,0.02588,0.02914,0.02752,0.01725,0.02348,0.42331,0.02861
0.01383,0.02021,0.03299,0.02116,0.02687,0.04268,0.02479,0.02518,0.02191,0.03135,0.01902,0.02935,0.14775,0.13946,0.02611,0.02737,0.03339,0.02962,0.23070,0.05624
0.03884,0.04751,0.03207,0.02839,0.03884,0.03884,0.07834,0.07816,0.01882,0.03841,0.02890,0.07603,0.02904,0.02769,0.02744,0.02744,0.02387,0.03334,0.25521,0.03283
0.01939,0.02267,0.02286,0.01814,0.02903,0.02431,0.03194,0.03222,0.02082,0.03178,0.01608,0.02641,0.02289,0.02185,0.03396,0.03674,0.02160,0.02303,0.52088,0.02341
0.02187,0.02385,0.02899,0.02351,0.02892,0.01867,0.01739,0.01606,0.02395,0.02375,0.01673,0.03054,0.05161,0.04537,0.02632,0.02731,0.02652,0.01509,0.49397,0.03958
0.01281,0.01238,0.02109,0.02002,0.02491,0.01790,0.01487,0.01475,0.01696,0.02407,0.02098,0.01694,0.01882,0.01943,0.02037,0.01970,0.23198,0.02819,0.42509,0.01873
0.02499,0.04918,0.02531,0.01719,0.02227,0.05377,0.25494,0.14038,0.01980,0.04240,0.01374,0.09020,0.02498,0.02843,0.01574,0.01581,0.02188,0.03261,0.07455,0.03182
0.02351,0.02727,0.02788,0.02531,0.02979,0.03132,0.02386,0.02156,0.01865,0.02475,0.02596,0.02188,0.02628,0.02797,0.02363,0.02398,0.02614,0.10851,0.03511,0.42664
0.02707,0.03748,0.02148,0.02444,0.04053,0.02785,0.01875,0.01807,0.02227,0.01227,0.03137,0.01498,0.02302,0.02096,0.02677,0.02518,0.04573,0.45439,0.03358,0.07383
0.01790,0.02181,0.02820,0.02348,0.02679,0.01573,0.02209,0.02326,0.02768,0.03890,0.01869,0.03204,0.02680,0.02538,0.03026,0.02875,0.05376,0.02624,0.40257,0.10966
0.02613,0.03183,0.02704,0.02623,0.02848,0.03229,0.03216,0.02806,0.05046,0.02312,0.01748,0.01830,0.20410,0.23882,0.03656,0.03633,0.01673,0.03111,0.07059,0.02418
0.01539,0.01566,0.02368,0.02396,0.02104,0.02822,0.01999,0.01877,0.03143,0.01815,0.30245,0.04543,0.02520,0.02358,0.03009,0.03073,0.03849,0.02542,0.23850,0.02383
0.01697,0.02171,0.02348,0.02479,0.01223,0.02158,0.01809,0.01949,0.05355,0.26199,0.02014,0.01916,0.02403,0.02203,0.02955,0.02748,0.01490,0.01783,0.33441,0.01658
0.01631,0.02124,0.03661,0.02367,0.02621,0.03037,0.02260,0.02279,0.04936,0.03394,0.02138,0.02878,0.16486,0.13270,0.03069,0.02901,0.06854,0.01854,0.16766,0.05473
0.01201,0.01228,0.01299,0.01115,0.01393,0.00964,0.01130,0.01116,0.01425,0.01669,0.01091,0.01390,0.01377,0.01345,0.03032,0.03268,0.02226,0.01403,0.70477,0.01850
0.02383,0.02533,0.02931,0.02882,0.03018,0.02394,0.20438,0.17877,0.03161,0.03667,0.02465,0.04094,0.02338,0.02569,0.03682,0.04026,0.03505,0.03533,0.08479,0.04026
0.01671,0.01773,0.01877,0.01410,0.02154,0.01220,0.01954,0.01873,0.01796,0.01612,0.01600,0.01564,0.02008,0.02092,0.02571,0.02469,0.03197,0.02295,0.62797,0.02067
0.01635,0.02636,0.01939,0.01555,0.01536,0.01677,0.02240,0.02291,0.01857,0.01560,0.01666,0.24365,0.01860,0.01893,0.02570,0.02711,0.02141,0.02427,0.39013,0.02429
0.02051,0.01344,0.01950,0.01838,0.22577,0.02141,0.01860,0.01814,0.02067,0.01410,0.02050,0.01587,0.02027,0.01968,0.02903,0.03176,0.03118,0.03565,0.36769,0.03784
0.01930,0.02567,0.02015,0.01902,0.01673,0.03754,0.02145,0.02084,0.18167,0.02597,0.01751,0.02119,0.02296,0.02201,0.04412,0.04441,0.01561,0.02039,0.38652,0.01696
0.01857,0.01869,0.02060,0.02160,0.01941,0.04035,0.02136,0.02023,0.02141,0.16615,0.02927,0.01980,0.03950,0.04101,0.01662,0.01778,0.01688,0.01622,0.13888,0.29566
0.02295,0.01630,0.02319,0.02233,0.02750,0.02978,0.11770,0.14208,0.02330,0.04822,0.01716,0.04225,0.02738,0.03038,0.02280,0.02607,0.02910,0.02047,0.15651,0.15453
0.01595,0.01749,0.02294,0.01918,0.02454,0.01970,0.01943,0.01968,0.01695,0.02573,0.01793,0.02463,0.02147,0.02056,0.03046,0.03044,0.02899,0.02705,0.55840,0.03848
0.01596,0.01441,0.01675,0.01387,0.02212,0.02174,0.01694,0.01498,0.01601,0.01269,0.01919,0.01576,0.01999,0.02074,0.02564,0.02590,0.01894,0.02856,0.64179,0.01800
0.02598,0.02273,0.01983,0.01797,0.02458,0.02034,0.01449,0.01524,0.01901,0.03901,0.01903,0.02167,0.09421,0.10718,0.02742,0.02912,0.01663,0.01806,0.41749,0.03001
0.01331,0.01718,0.02078,0.01564,0.01985,0.01479,0.01376,0.01259,0.01461,0.02078,0.02082,0.02828,0.01385,0.01368,0.02351,0.02262,0.11277,0.02237,0.55458,0.02421
0.02247,0.01672,0.01707,0.01614,0.01768,0.01555,0.01691,0.01611,0.02329,0.01709,0.01513,0.01411,0.02267,0.02303,0.02625,0.02854,0.02636,0.02356,0.62233,0.01899
0.01551,0.02119,0.02313,0.02047,0.03242,0.01644,0.01878,0.01844,0.02148,0.02324,0.01669,0.03131,0.02071,0.02014,0.03076,0.03040,0.05148,0.02278,0.44028,0.12434
0.01517,0.01602,0.01983,0.01709,0.02791,0.02095,0.01463,0.01324,0.02045,0.01455,0.06908,0.02267,0.01800,0.01612,0.04664,0.04706,0.02885,0.02303,0.52170,0.02701
0.01012,0.01333,0.02292,0.01859,0.01654,0.01367,0.01387,0.01284,0.01546,0.01229,0.01733,0.01794,0.01663,0.01587,0.01901,0.01851,0.02418,0.01930,0.67858,0.02304
0.01660,0.01723,0.02053,0.02042,0.02135,0.02254,0.01955,0.01937,0.02116,0.02649,0.03014,0.02809,0.02051,0.02062,0.02628,0.02502,0.16012,0.02263,0.37591,0.08545
0.02955,0.01637,0.02595,0.02366,0.05339,0.02022,0.10622,0.10292,0.01985,0.02937,0.02020,0.01802,0.02415,0.02651,0.03425,0.03415,0.03170,0.02518,0.32205,0.03631
0.01330,0.01194,0.01396,0.01383,0.01048,0.01296,0.01157,0.01072,0.01649,0.01837,0.01260,0.01580,0.01398,0.01234,0.02922,0.03092,0.01764,0.01269,0.69910,0.02209
0.01593,0.01893,0.01922,0.01854,0.02248,0.01467,0.01582,0.01506,0.01611,0.02436,0.01133,0.01370,0.02251,0.02340,0.03472,0.03826,0.02077,0.01643,0.62198,0.01577
0.01097,0.01450,0.01475,0.01419,0.01263,0.01145,0.01614,0.01599,0.02299,0.01815,0.02662,0.02953,0.01433,0.01487,0.02897,0.02732,0.03256,0.01264,0.64501,0.01639
0.02550,0.01584,0.02332,0.01833,0.02629,0.01828,0.02550,0.02530,0.02579,0.01293,0.02123,0.03092,0.02127,0.02248,0.02852,0.02831,0.18775,0.05095,0.37413,0.01734
0.01043,0.01081,0.01609,0.01499,0.01148,0.01486,0.01291,0.01245,0.01216,0.01832,0.01180,0.01463,0.01384,0.01392,0.02099,0.01977,0.02041,0.01562,0.70904,0.02547
0.01658,0.02449,0.02465,0.02109,0.02014,0.01509,0.01724,0.01669,0.01804,0.02514,0.01704,0.02003,0.02240,0.02480,0.01930,0.01998,0.09090,0.02568,0.21106,0.34966
0.01859,0.02409,0.02011,0.01603,0.01889,0.02186,0.01454,0.01351,0.01310,0.01239,0.19350,0.02317,0.02270,0.02222,0.03547,0.03751,0.02133,0.01864,0.43522,0.01712
0.01471,0.01539,0.02451,0.01914,0.01599,0.01623,0.01369,0.01554,0.01969,0.02476,0.01696,0.01879,0.01814,0.01719,0.02688,0.02495,0.05332,0.01901,0.58980,0.03530
0.01922,0.01810,0.02385,0.02292,0.01675,0.03031,0.01815,0.01703,0.04309,0.03908,0.04343,0.02634,0.02237,0.02465,0.04403,0.04388,0.03307,0.02936,0.46325,0.02114
0.01970,0.01814,0.02697,0.02499,0.02065,0.02318,0.01819,0.01866,0.02660,0.03695,0.01941,0.02105,0.04523,0.04923,0.02560,0.02503,0.03092,0.01944,0.24740,0.28266
0.01534,0.02062,0.02415,0.02400,0.01517,0.02795,0.01664,0.01762,0.02870,0.02347,0.02406,0.02153,0.04954,0.05102,0.03520,0.03298,0.02800,0.01612,0.50089,0.02702
0.01172,0.01407,0.01638,0.01277,0.02286,0.02737,0.02477,0.02347,0.01233,0.01475,0.01531,0.01604,0.01456,0.01530,0.01614,0.01583,0.51189,0.01832,0.15941,0.03669
0.01424,0.01405,0.01734,0.01957,0.01688,0.02407,0.01363,0.01328,0.02006,0.02921,0.02840,0.01108,0.01184,0.01233,0.05001,0.04182,0.02111,0.01441,0.61220,0.01446
0.01785,0.01962,0.02106,0.01434,0.01854,0.01714,0.01714,0.01631,0.01690,0.02352,0.01257,0.02562,0.09460,0.08745,0.01482,0.01538,0.05213,0.01767,0.03458,0.46274
0.03426,0.01799,0.02826,0.02535,0.03538,0.02911,0.01633,0.01571,0.02148,0.01188,0.02004,0.01334,0.01918,0.01867,0.02611,0.02376,0.02713,0.28390,0.30751,0.02459
0.02273,0.02628,0.02497,0.01801,0.03319,0.02205,0.01861,0.01679,0.02159,0.01523,0.04323,0.03924,0.03972,0.03914,0.11118,0.13506,0.02871,0.01708,0.23059,0.09661
0.01918,0.02042,0.02282,0.01889,0.02482,0.02505,0.02391,0.02351,0.02172,0.02312,0.01692,0.01927,0.04115,0.04131,0.02573,0.02501,0.03076,0.02521,0.02782,0.52339
0.00933,0.01141,0.01554,0.01249,0.02016,0.01102,0.01242,0.01168,0.01355,0.01346,0.02009,0.01294,0.01485,0.01418,0.02714,0.02602,0.02648,0.01459,0.69904,0.01361
0.00914,0.01042,0.01259,0.01116,0.01219,0.01223,0.01056,0.01077,0.02048,0.01662,0.01597,0.01169,0.01401,0.01366,0.02456,0.02283,0.02683,0.01058,0.72163,0.01208
0.01747,0.03720,0.02813,0.02290,0.01595,0.03622,0.06002,0.05940,0.02185,0.04210,0.01604,0.04759,0.04087,0.03610,0.01717,0.01642,0.03640,0.02397,0.07706,0.34713
0.02484,0.03312,0.02366,0.02148,0.02884,0.02192,0.02235,0.02419,0.02938,0.02561,0.01633,0.02674,0.15292,0.18434,0.02093,0.02101,0.04685,0.02111,0.05208,0.20229
0.02505,0.03106,0.02293,0.01823,0.02112,0.02865,0.02090,0.01899,0.02499,0.02095,0.02884,0.02800,0.02956,0.02673,0.17287,0.22337,0.01544,0.02052,0.19947,0.02233
0.01995,0.01663,0.03463,0.02409,0.03177,0.03085,0.02828,0.02896,0.03242,0.02665,0.02137,0.03934,0.08383,0.08749,0.02196,0.02071,0.07847,0.03336,0.04732,0.29192
0.01251,0.01723,0.01950,0.01627,0.01400,0.01625,0.01475,0.01463,0.01560,0.01749,0.01734,0.02178,0.01784,0.01764,0.02249,0.02345,0.02085,0.02015,0.65809,0.02216
0.01367,0.01682,0.02537,0.01853,0.01280,0.01842,0.01478,0.01414,0.01534,0.01509,0.02567,0.02318,0.01856,0.01775,0.03241,0.03506,0.02509,0.01811,0.61927,0.01995
0.00847,0.00998,0.00953,0.00897,0.01077,0.01355,0.01286,0.01267,0.01069,0.01494,0.00884,0.00981,0.01061,0.01064,0.01053,0.01049,0.76016,0.01903,0.03175,0.01570
0.00975,0.01006,0.00920,0.00812,0.00814,0.00806,0.01059,0.01009,0.01320,0.01049,0.00974,0.01285,0.01214,0.01215,0.01877,0.01885,0.02147,0.00965,0.77321,0.01349
0.01275,0.02140,0.02205,0.02095,0.02565,0.02067,0.01841,0.01731,0.02940,0.02185,0.01875,0.01982,0.02168,0.02097,0.03029,0.03017,0.02618,0.01851,0.57759,0.02560
0.02260,0.01718,0.02497,0.01695,0.02894,0.01943,0.01509,0.01563,0.01714,0.01792,0.03053,0.02473,0.02367,0.02342,0.03894,0.03543,0.12635,0.06748,0.40988,0.02373
0.03404,0.02750,0.03877,0.02692,0.04530,0.03456,0.01903,0.01964,0.02360,0.02448,0.01842,0.02089,0.22466,0.14620,0.03709,0.03413,0.03805,0.02754,0.12604,0.03316
0.02121,0.02540,0.01862,0.01478,0.01892,0.03895,0.01606,0.01594,0.02526,0.01793,0.38990,0.03793,0.02933,0.02867,0.03336,0.03504,0.03546,0.01691,0.12625,0.05407
0.02162,0.03282,0.02716,0.02088,0.02020,0.02380,0.06722,0.07273,0.03027,0.02750,0.02245,0.07309,0.02415,0.02552,0.03553,0.03846,0.02436,0.02789,0.34977,0.03457
0.02106,0.03267,0.02394,0.02147,0.02136,0.02240,0.02323,0.02332,0.04707,0.22611,0.02220,0.01963,0.03571,0.03610,0.02686,0.02750,0.01805,0.02391,0.28758,0.03982
0.01832,0.01392,0.01911,0.01688,0.01395,0.01841,0.01626,0.01510,0.01485,0.03238,0.02028,0.01361,0.03735,0.03381,0.02720,0.02856,0.01853,0.01537,0.61088,0.01525
0.01235,0.01057,0.01368,0.01118,0.02825,0.01139,0.01315,0.01222,0.01307,0.01933,0.01124,0.01002,0.01934,0.01868,0.02907,0.03029,0.02202,0.01381,0.68250,0.01785
0.01547,0.01809,0.01972,0.01982,0.01147,0.01561,0.01562,0.01528,0.01690,0.02647,0.01710,0.01565,0.01722,0.01688,0.02871,0.02729,0.01445,0.02062,0.64637,0.02127
0.03076,0.03406,0.02627,0.01334,0.02747,0.07172,0.29189,0.15450,0.01777,0.03570,0.01652,0.04671,0.03878,0.03885,0.01286,0.01185,0.02747,0.06518,0.01852,0.01978
