0.02014,0.23271,0.13551,0.25750,0.10191,0.07584,0.09821,0.07819
0.09071,0.09542,0.27704,0.05815,0.10436,0.13543,0.12419,0.11470
0.04479,0.10513,0.26773,0.08242,0.14363,0.13303,0.11026,0.11301
0.04228,0.13621,0.10690,0.16342,0.07903,0.10578,0.11871,0.24768
0.30583,0.11170,0.12270,0.08784,0.06478,0.12798,0.09427,0.08490
0.02811,0.18387,0.09573,0.19299,0.05644,0.15979,0.15450,0.12858
0.07090,0.09079,0.18740,0.13612,0.17761,0.09823,0.09862,0.14033
0.04861,0.19368,0.15338,0.08719,0.10195,0.15183,0.07749,0.18590
0.03289,0.08616,0.29064,0.08801,0.14641,0.10145,0.11228,0.14216
0.04079,0.13135,0.20768,0.11578,0.14018,0.12548,0.11080,0.12795
0.04749,0.11311,0.32590,0.06663,0.14487,0.12281,0.09041,0.08877
0.03348,0.13577,0.21967,0.11730,0.14265,0.12592,0.10697,0.11824
0.03001,0.07346,0.28742,0.08869,0.15259,0.06890,0.09674,0.20220
0.07378,0.07472,0.25971,0.09478,0.14504,0.07707,0.09727,0.17763
0.02864,0.10423,0.33107,0.07323,0.14933,0.12059,0.12119,0.07173
0.04329,0.16258,0.20131,0.06182,0.10091,0.15989,0.08811,0.18209
0.05835,0.25064,0.08716,0.05787,0.04882,0.22994,0.10266,0.16457
0.05078,0.13854,0.19110,0.09507,0.11489,0.15522,0.13337,0.12104
0.04961,0.05173,0.06951,0.06253,0.04817,0.14422,0.11771,0.45654
0.05517,0.23227,0.15883,0.19957,0.10555,0.08395,0.06779,0.09688
0.08150,0.18002,0.11617,0.20833,0.07392,0.09090,0.12129,0.12788
0.08988,0.13548,0.21968,0.08657,0.12528,0.12633,0.11403,0.10275
0.05126,0.12258,0.21698,0.09003,0.13653,0.10142,0.05719,0.22402
0.02520,0.06630,0.37859,0.05685,0.12600,0.10973,0.12201,0.11532
0.03445,0.08105,0.25945,0.11424,0.12506,0.10879,0.16224,0.11471
0.33137,0.11741,0.13748,0.05571,0.08777,0.10591,0.07903,0.08531
0.29584,0.11151,0.16667,0.11203,0.10610,0.07140,0.08550,0.05095
0.05093,0.20277,0.15293,0.21660,0.12158,0.08872,0.09363,0.07283
0.02252,0.19118,0.13561,0.17260,0.07965,0.09362,0.07905,0.22576
0.20483,0.10554,0.19204,0.08816,0.14355,0.07660,0.05127,0.13802
0.02500,0.13940,0.24090,0.05171,0.11112,0.19440,0.13442,0.10304
0.07337,0.12239,0.14485,0.09874,0.07788,0.11270,0.08851,0.28158
0.26846,0.07961,0.11392,0.07324,0.09800,0.08079,0.06336,0.22262
0.06533,0.13924,0.15868,0.08716,0.11575,0.17744,0.13082,0.12559
0.04822,0.09115,0.18139,0.17236,0.17916,0.11052,0.13691,0.08029
0.03739,0.06622,0.24206,0.12398,0.17573,0.07969,0.11419,0.16075
0.06460,0.11747,0.13552,0.09268,0.08979,0.17757,0.13157,0.19080
0.08143,0.13540,0.18368,0.11709,0.12715,0.11570,0.11950,0.12006
0.02274,0.08731,0.27817,0.09638,0.13802,0.06903,0.07755,0.23080
0.07483,0.09577,0.19569,0.07957,0.11386,0.19338,0.14846,0.09843
0.10607,0.07701,0.14466,0.13123,0.09636,0.14349,0.20083,0.10035
0.02136,0.23675,0.16330,0.25463,0.13525,0.06606,0.08592,0.03671
0.07674,0.11500,0.13907,0.12858,0.10703,0.10534,0.11332,0.21492
0.31447,0.06842,0.18830,0.04686,0.11188,0.08333,0.06631,0.12042
0.10816,0.15143,0.12541,0.10178,0.08794,0.09568,0.06899,0.26061
0.04489,0.06775,0.20438,0.13528,0.16234,0.12183,0.13717,0.12635
0.03199,0.07604,0.27711,0.07303,0.13324,0.08818,0.08542,0.23499
0.04314,0.04932,0.14567,0.06451,0.08903,0.12675,0.10756,0.37402
0.06570,0.08918,0.18337,0.09912,0.09811,0.12045,0.11856,0.22552
0.06096,0.06982,0.28623,0.09122,0.14367,0.10379,0.16870,0.07561
0.09688,0.21038,0.09165,0.15447,0.11671,0.12413,0.07320,0.13256
0.12106,0.07234,0.16636,0.07355,0.09536,0.11558,0.09303,0.26271
0.05721,0.19384,0.17816,0.09466,0.11651,0.17361,0.11784,0.06817
0.11113,0.15799,0.12638,0.11360,0.11708,0.11054,0.06739,0.19589
0.04266,0.04858,0.15384,0.07695,0.06867,0.20925,0.20589,0.19417
0.02375,0.07324,0.29635,0.04486,0.11018,0.14272,0.11963,0.18928
0.09071,0.14989,0.13369,0.09201,0.07319,0.17568,0.16245,0.12240
0.21563,0.17371,0.13389,0.11568,0.10285,0.10684,0.07305,0.07834
0.10257,0.10695,0.21716,0.07035,0.09883,0.09457,0.08181,0.22776
0.02923,0.09905,0.28828,0.10197,0.16582,0.10395,0.11650,0.09521
0.11810,0.08196,0.22167,0.11216,0.12506,0.07572,0.09623,0.16910
0.05844,0.03167,0.11987,0.10499,0.08241,0.19086,0.21965,0.19210
0.04528,0.10576,0.27311,0.08430,0.12985,0.12317,0.13491,0.10361
0.05153,0.27015,0.12763,0.15451,0.09768,0.15753,0.08184,0.05914
0.07131,0.09561,0.22012,0.08598,0.16770,0.07664,0.04604,0.23661
0.05862,0.07816,0.24954,0.15214,0.18028,0.07299,0.12901,0.07927
0.13786,0.10804,0.17897,0.15895,0.16808,0.06694,0.08604,0.09512
0.05726,0.20803,0.13231,0.21447,0.11101,0.09179,0.12198,0.06314
0.03156,0.17513,0.14920,0.17275,0.08337,0.10590,0.10362,0.17846
0.15886,0.13325,0.12055,0.13173,0.11120,0.11827,0.10977,0.11637
0.09978,0.17718,0.17438,0.06962,0.08879,0.16599,0.10090,0.12336
0.03320,0.06730,0.33212,0.07445,0.16034,0.07168,0.08076,0.18016
0.05492,0.19099,0.15487,0.18009,0.10730,0.06577,0.06909,0.17697
0.32345,0.06057,0.10702,0.09058,0.09121,0.10955,0.10039,0.11724
0.04754,0.21362,0.14408,0.17879,0.09523,0.11292,0.08485,0.12297
0.08047,0.12324,0.22439,0.07989,0.11260,0.16050,0.14425,0.07465
0.04616,0.21346,0.11736,0.21902,0.09509,0.06091,0.05231,0.19570
0.06453,0.08288,0.22237,0.09860,0.10414,0.11906,0.14595,0.16247
0.04720,0.12970,0.28975,0.11869,0.13007,0.08710,0.11140,0.08610
0.05004,0.11224,0.22194,0.09818,0.13754,0.10284,0.09651,0.18070
0.03038,0.14304,0.22570,0.12104,0.13693,0.08882,0.06681,0.18729
0.07191,0.09205,0.25028,0.09118,0.15599,0.09902,0.08948,0.15009
0.11437,0.10957,0.13180,0.13424,0.10966,0.09354,0.11411,0.19270
0.19482,0.04317,0.12094,0.08867,0.10681,0.05595,0.08663,0.30301
0.04669,0.11552,0.11966,0.18183,0.09319,0.13347,0.17385,0.13578
0.08872,0.09405,0.18080,0.08202,0.09818,0.13638,0.11906,0.20080
0.11831,0.07091,0.12140,0.09593,0.10641,0.17314,0.14194,0.17195
0.11204,0.10962,0.16518,0.11587,0.09226,0.11772,0.16751,0.11980
0.04037,0.10419,0.22268,0.12423,0.17408,0.12387,0.12720,0.08338
0.04175,0.07254,0.34310,0.06188,0.20693,0.09463,0.08819,0.09099
0.06593,0.07008,0.25111,0.06091,0.13732,0.13898,0.11664,0.15904
0.03465,0.18716,0.23907,0.19743,0.12717,0.05999,0.07126,0.08327
0.05103,0.14249,0.13562,0.13117,0.08486,0.13480,0.11496,0.20508
0.07150,0.05736,0.38533,0.06468,0.16168,0.07381,0.08594,0.09970
0.40420,0.05299,0.06934,0.09882,0.05729,0.09876,0.11308,0.10552
0.06161,0.18215,0.14495,0.18782,0.09803,0.08529,0.08659,0.15356
0.12107,0.08351,0.13345,0.09340,0.07504,0.12859,0.10807,0.25688
0.07126,0.18332,0.09295,0.20242,0.07547,0.07858,0.09834,0.19767
0.04097,0.14090,0.09178,0.14535,0.06140,0.10904,0.08598,0.32458
0.05355,0.10290,0.31458,0.08410,0.14457,0.11580,0.12127,0.06323
0.03755,0.12673,0.29816,0.10556,0.15664,0.08789,0.09748,0.09000
0.30890,0.07649,0.14326,0.08772,0.11655,0.07670,0.08209,0.10829
0.03833,0.10104,0.33260,0.08841,0.17612,0.09863,0.10598,0.05888
0.04436,0.26054,0.10489,0.23762,0.08175,0.07321,0.05738,0.14025
0.33916,0.08113,0.10786,0.07052,0.08135,0.10097,0.07188,0.14713
0.02731,0.04217,0.23688,0.04487,0.08986,0.14094,0.12049,0.29748
0.09142,0.09368,0.13054,0.09114,0.08889,0.13640,0.11691,0.25102
0.09460,0.06190,0.09638,0.12158,0.06034,0.13344,0.19731,0.23445
0.02322,0.21400,0.13447,0.22439,0.08011,0.08203,0.09943,0.14235
0.25109,0.06242,0.09911,0.11353,0.08756,0.12558,0.12739,0.13332
0.07844,0.11862,0.14840,0.13987,0.12323,0.14164,0.14228,0.10751
0.02041,0.03774,0.23576,0.04126,0.11437,0.07831,0.08649,0.38566
0.02750,0.25234,0.14794,0.25528,0.14714,0.05816,0.07138,0.04027
0.10289,0.07320,0.20941,0.14331,0.12607,0.08936,0.14011,0.11566
0.03224,0.08403,0.22414,0.14588,0.15292,0.13953,0.15836,0.06289
0.04604,0.12745,0.29464,0.12031,0.15462,0.09084,0.09513,0.07097
0.18010,0.10337,0.12104,0.09838,0.10464,0.10600,0.08927,0.19720
0.12490,0.15530,0.13439,0.14339,0.10642,0.10725,0.10310,0.12524
0.04933,0.14141,0.18717,0.21726,0.19022,0.04199,0.08562,0.08699
0.07879,0.07050,0.15821,0.10463,0.09782,0.10219,0.12810,0.25976
0.05952,0.06849,0.25066,0.12199,0.18712,0.05840,0.09749,0.15633
0.07661,0.08761,0.27524,0.11380,0.16921,0.07291,0.10366,0.10095
0.03529,0.17521,0.18072,0.20563,0.13592,0.04739,0.05635,0.16348
0.05432,0.06033,0.14524,0.07824,0.08993,0.18478,0.14534,0.24182
0.21576,0.10831,0.13578,0.12805,0.08580,0.06005,0.09306,0.17319
0.05832,0.12386,0.17194,0.10517,0.08920,0.17513,0.18155,0.09485
0.03515,0.13520,0.29856,0.10536,0.12321,0.11271,0.11852,0.07128
0.02842,0.13927,0.09628,0.09774,0.05823,0.14187,0.11821,0.31998
0.12900,0.06878,0.23602,0.11870,0.14088,0.07306,0.11909,0.11446
0.03353,0.05327,0.33673,0.05843,0.16601,0.07230,0.08114,0.19860
0.02729,0.11410,0.16565,0.10966,0.09552,0.15644,0.13808,0.19326
0.12265,0.04910,0.23595,0.08829,0.13437,0.08390,0.10444,0.18131
0.02504,0.06724,0.39396,0.04895,0.16010,0.08574,0.08301,0.13595
0.03514,0.03896,0.16417,0.06113,0.09307,0.14492,0.12931,0.33330
0.01929,0.05624,0.27438,0.08147,0.12308,0.15997,0.15102,0.13456
0.04571,0.07049,0.17494,0.05604,0.08451,0.08190,0.06474,0.42167
0.03068,0.08773,0.08219,0.07725,0.05125,0.14372,0.11498,0.41219
0.10349,0.09296,0.27551,0.07152,0.12425,0.10164,0.12678,0.10384
0.07868,0.12568,0.13799,0.08959,0.09003,0.09268,0.06231,0.32304
0.03531,0.12679,0.18327,0.09682,0.09618,0.19130,0.16158,0.10875
0.04863,0.19921,0.11716,0.15437,0.08870,0.11619,0.07462,0.20111
0.04062,0.10607,0.28443,0.10796,0.12517,0.10203,0.09511,0.13862
0.27006,0.04244,0.18331,0.06627,0.11552,0.05476,0.07639,0.19124
0.23290,0.06550,0.08979,0.09743,0.06327,0.10833,0.10460,0.23818
0.06727,0.10745,0.26878,0.14304,0.18115,0.06050,0.10218,0.06964
0.06226,0.09771,0.20528,0.10168,0.09223,0.14276,0.15659,0.14148
0.04529,0.13375,0.27159,0.10681,0.11659,0.12405,0.12353,0.07837
0.13628,0.09002,0.19872,0.10099,0.11991,0.12339,0.12023,0.11045
0.08981,0.08934,0.13710,0.11325,0.12424,0.13164,0.14368,0.17094
0.05205,0.07149,0.33760,0.08107,0.17531,0.08201,0.09456,0.10591
0.08910,0.11972,0.14428,0.09978,0.08168,0.10717,0.09779,0.26049
0.03627,0.08082,0.21831,0.11926,0.10281,0.15868,0.19326,0.09058
0.15881,0.12429,0.13445,0.13724,0.11706,0.10503,0.13565,0.08747
0.23293,0.09883,0.09966,0.10873,0.08569,0.06767,0.05831,0.24819
0.07853,0.05782,0.18883,0.06315,0.10119,0.11030,0.09113,0.30905
0.06546,0.09984,0.19321,0.12351,0.11891,0.13618,0.15343,0.10947
0.01829,0.17059,0.14207,0.17666,0.08333,0.10213,0.09375,0.21318
0.06055,0.19255,0.16655,0.20973,0.08281,0.07516,0.08450,0.12815
0.05547,0.06626,0.24662,0.11883,0.15767,0.08156,0.12665,0.14693
0.06931,0.06603,0.23651,0.07252,0.14429,0.08563,0.08305,0.24266
0.04159,0.06955,0.17273,0.13991,0.11848,0.13118,0.18895,0.13761
0.05251,0.28479,0.08841,0.14814,0.10465,0.18533,0.07727,0.05890
0.07976,0.07412,0.24001,0.10455,0.20842,0.09543,0.09116,0.10657
0.29520,0.08493,0.10949,0.06821,0.08820,0.07233,0.04945,0.23220
0.06448,0.08115,0.19624,0.12065,0.12717,0.09348,0.13910,0.17774
0.10930,0.08461,0.24059,0.08027,0.10473,0.12720,0.16179,0.09153
0.07132,0.12720,0.18857,0.12997,0.11188,0.11635,0.12403,0.13067
0.05433,0.08445,0.32426,0.06081,0.14967,0.08573,0.07539,0.16536
0.23257,0.18511,0.09970,0.14249,0.05804,0.10323,0.06833,0.11053
0.37212,0.09469,0.09486,0.05968,0.05769,0.09720,0.06244,0.16131
0.44339,0.03444,0.10314,0.06094,0.06453,0.06048,0.09555,0.13753
0.05485,0.12250,0.13099,0.18287,0.13066,0.09914,0.12955,0.14943
0.04485,0.11300,0.23200,0.13440,0.11889,0.09468,0.10528,0.15689
0.02866,0.03802,0.31416,0.05439,0.13609,0.14700,0.14512,0.13657
0.07962,0.11328,0.16113,0.08510,0.08692,0.16835,0.13807,0.16752
0.05474,0.10667,0.33052,0.10933,0.18253,0.06366,0.06073,0.09181
0.16104,0.13572,0.10305,0.12165,0.07575,0.08108,0.06663,0.25509
0.08020,0.14028,0.26242,0.06177,0.11881,0.15398,0.10835,0.07418
0.06228,0.09625,0.21207,0.10985,0.12528,0.15979,0.15918,0.07531
0.06760,0.19337,0.17124,0.20507,0.12101,0.04716,0.06163,0.13292
0.08227,0.11692,0.24840,0.09366,0.13967,0.11143,0.12928,0.07838
0.16587,0.15775,0.08852,0.05297,0.07382,0.18864,0.09796,0.17447
0.03884,0.07686,0.29938,0.08119,0.14168,0.14448,0.14876,0.06880
0.09377,0.13380,0.09863,0.13425,0.07172,0.07722,0.09321,0.29739
0.03456,0.08372,0.24542,0.07438,0.10459,0.12636,0.15186,0.17911
0.05366,0.08745,0.20332,0.10802,0.10468,0.16116,0.18221,0.09950
0.04420,0.16520,0.22282,0.09755,0.11220,0.12721,0.08828,0.14254
0.16903,0.22758,0.06986,0.19950,0.06874,0.10083,0.08254,0.08190
0.06762,0.07351,0.21214,0.09834,0.13014,0.08869,0.14220,0.18735
0.06163,0.05378,0.16928,0.08063,0.08685,0.10148,0.12692,0.31944
0.08305,0.15910,0.21579,0.12091,0.11221,0.11720,0.10177,0.08996
0.04336,0.18421,0.13395,0.22011,0.11607,0.10166,0.09835,0.10229
0.11609,0.12141,0.07754,0.06856,0.05755,0.10674,0.05090,0.40122
0.22766,0.05882,0.17083,0.08986,0.15674,0.05824,0.06481,0.17304
0.17223,0.08286,0.13647,0.13810,0.14627,0.08635,0.13130,0.10641
0.03818,0.08369,0.38235,0.06022,0.14602,0.11472,0.12418,0.05066
0.03012,0.22611,0.14112,0.23520,0.10960,0.05483,0.05952,0.14351
0.03085,0.14495,0.28259,0.09868,0.16292,0.11681,0.09229,0.07091
0.08299,0.17330,0.07171,0.17644,0.05169,0.07472,0.08292,0.28622
0.05595,0.17174,0.12910,0.19565,0.10808,0.05602,0.07095,0.21251
0.28599,0.10113,0.10450,0.09150,0.07381,0.09897,0.07891,0.16519
0.05566,0.30019,0.08859,0.27500,0.06629,0.06804,0.06352,0.08271
0.06973,0.21649,0.11670,0.21455,0.11565,0.09825,0.07674,0.09188
0.05505,0.12669,0.22776,0.04817,0.10957,0.14921,0.09525,0.18831
0.27532,0.05352,0.16773,0.09558,0.14197,0.05391,0.08790,0.12407
0.04821,0.22373,0.12045,0.23901,0.08372,0.10231,0.11459,0.06798
0.02192,0.21663,0.12114,0.22274,0.08977,0.09949,0.09616,0.13214
0.02587,0.24002,0.10921,0.22304,0.06481,0.13881,0.12838,0.06985
0.06115,0.11712,0.24858,0.13225,0.19583,0.09102,0.10040,0.05365
0.04592,0.07899,0.33230,0.06958,0.12098,0.12687,0.14675,0.07860
0.05960,0.06436,0.10699,0.09619,0.09218,0.08542,0.07899,0.41629
0.05802,0.16550,0.10471,0.15583,0.04884,0.20389,0.19384,0.06937
0.07984,0.19124,0.13131,0.19860,0.10853,0.08736,0.08898,0.11413
0.06544,0.14644,0.15878,0.07826,0.12567,0.12253,0.08496,0.21792
0.07391,0.12798,0.13951,0.14100,0.10617,0.13784,0.15947,0.11411
0.03814,0.25835,0.12686,0.24785,0.08149,0.07000,0.07218,0.10513
0.05572,0.06716,0.36547,0.07495,0.14678,0.10296,0.13493,0.05202
0.06013,0.25543,0.05311,0.25236,0.04109,0.09789,0.15492,0.08507
0.14771,0.09305,0.25440,0.08084,0.11553,0.08919,0.08700,0.13228
0.02921,0.05889,0.31752,0.08241,0.15417,0.10088,0.11085,0.14607
0.14129,0.20829,0.12725,0.09895,0.09569,0.16476,0.09537,0.06840
0.06760,0.11205,0.19110,0.11140,0.13053,0.06873,0.06007,0.25852
0.09153,0.13951,0.13176,0.16378,0.07897,0.11651,0.12105,0.15688
0.05672,0.06729,0.21437,0.12041,0.11132,0.15326,0.19017,0.08646
0.07647,0.12667,0.19082,0.14566,0.11519,0.11100,0.15469,0.07949
0.23736,0.09742,0.18834,0.09752,0.11710,0.07069,0.06412,0.12744
0.08530,0.05517,0.20019,0.10584,0.16827,0.07717,0.08073,0.22733
0.03479,0.06572,0.23471,0.12010,0.20420,0.12286,0.11314,0.10449
0.05308,0.13828,0.08914,0.13081,0.07673,0.05779,0.03805,0.41612
0.06568,0.09880,0.18336,0.10354,0.08107,0.14139,0.13529,0.19087
0.03247,0.09101,0.26816,0.05256,0.11437,0.09943,0.07415,0.26785
0.37260,0.10422,0.10898,0.07282,0.06291,0.10001,0.07336,0.10510
0.28641,0.09198,0.13695,0.06272,0.08198,0.07323,0.05706,0.20967
0.09621,0.21981,0.13920,0.25345,0.10013,0.04701,0.07265,0.07154
0.07509,0.11585,0.13619,0.15269,0.11198,0.12644,0.14021,0.14155
0.02986,0.11394,0.27537,0.06389,0.11435,0.14338,0.11564,0.14357
0.04183,0.10896,0.19483,0.11662,0.13035,0.13510,0.13634,0.13597
0.08246,0.10924,0.21808,0.13353,0.16358,0.09105,0.11354,0.08852
0.39572,0.10909,0.06777,0.09355,0.05462,0.09381,0.09040,0.09504
0.28786,0.11241,0.12277,0.11946,0.11255,0.07881,0.07659,0.08955
0.07080,0.08254,0.35143,0.07060,0.19642,0.08364,0.08394,0.06063
0.08856,0.08225,0.18814,0.08218,0.14109,0.11842,0.08434,0.21502
0.11807,0.11756,0.23303,0.12095,0.14704,0.08346,0.08588,0.09400
0.09624,0.07372,0.21479,0.07060,0.14112,0.09535,0.07818,0.23001
0.14532,0.16017,0.10282,0.21026,0.06804,0.09313,0.13497,0.08528
0.01345,0.02619,0.22728,0.03893,0.09405,0.18047,0.14499,0.27465
0.30235,0.08587,0.11035,0.10154,0.09174,0.09567,0.10065,0.11182
0.05972,0.07417,0.16344,0.13447,0.12120,0.12206,0.14621,0.17873
0.04267,0.25162,0.06986,0.26851,0.04543,0.09320,0.12922,0.09950
0.08038,0.07625,0.16387,0.09876,0.08949,0.11613,0.14149,0.23363
0.04775,0.05290,0.08698,0.05125,0.06556,0.09594,0.05887,0.54076
0.06457,0.05617,0.24845,0.03680,0.10712,0.11823,0.09320,0.27546
0.07235,0.14477,0.17983,0.07139,0.12432,0.15683,0.09201,0.15850
0.05280,0.09393,0.23941,0.08160,0.11952,0.10279,0.09196,0.21798
0.01646,0.06939,0.26182,0.06995,0.12174,0.13890,0.11475,0.20700
0.02896,0.09098,0.22651,0.07489,0.11094,0.07855,0.06765,0.32151
0.06655,0.10513,0.21876,0.16257,0.18418,0.07479,0.11242,0.07560
0.46215,0.07970,0.12045,0.04932,0.07609,0.07451,0.06907,0.06871
0.07510,0.12320,0.16755,0.16549,0.15716,0.08164,0.11070,0.11915
0.09313,0.06829,0.12821,0.13616,0.11376,0.12236,0.16017,0.17791
0.38437,0.07073,0.12695,0.08518,0.09684,0.06621,0.06658,0.10314
0.03392,0.06621,0.18191,0.20303,0.15667,0.07151,0.22153,0.06523
0.03194,0.13587,0.20874,0.07449,0.09458,0.20394,0.17848,0.07196
0.15364,0.09171,0.11294,0.13703,0.07860,0.10682,0.14079,0.17847
0.02614,0.10962,0.15026,0.07703,0.07502,0.21205,0.14934,0.20053
0.08483,0.14473,0.18069,0.11321,0.13168,0.13381,0.14302,0.06803
0.05067,0.08443,0.12927,0.13810,0.09040,0.14666,0.18796,0.17251
0.03464,0.07528,0.28203,0.11246,0.13624,0.09698,0.16281,0.09957
0.08142,0.16967,0.09453,0.09423,0.05226,0.17373,0.13230,0.20185
0.03843,0.17240,0.22749,0.10455,0.14183,0.13445,0.11859,0.06227
0.05787,0.20916,0.11224,0.19499,0.08969,0.07285,0.06697,0.19623
0.03696,0.23940,0.13884,0.24574,0.08357,0.08708,0.09883,0.06958
0.14362,0.10489,0.09224,0.12783,0.08694,0.07245,0.07244,0.29959
0.03969,0.08383,0.30281,0.09462,0.17339,0.07154,0.07012,0.16400
0.06991,0.09138,0.13693,0.16004,0.09619,0.12095,0.18173,0.14287
0.02358,0.08317,0.27840,0.07237,0.12496,0.09202,0.08321,0.24230
0.21198,0.08992,0.10107,0.14711,0.07900,0.06942,0.13552,0.16599
0.04958,0.10002,0.12166,0.07801,0.07029,0.15574,0.11615,0.30855
0.08060,0.10831,0.14064,0.08548,0.08525,0.13717,0.10922,0.25333
0.06501,0.10837,0.13897,0.11790,0.11320,0.17630,0.15002,0.13024
0.06107,0.10790,0.12900,0.09595,0.08544,0.10939,0.08376,0.32749
0.05985,0.20776,0.18179,0.21871,0.11307,0.06500,0.09585,0.05797
0.08221,0.10553,0.21531,0.17630,0.14100,0.06840,0.14442,0.06683
0.02622,0.10129,0.26120,0.05504,0.11116,0.15336,0.11951,0.17222
0.06786,0.09364,0.27275,0.06114,0.13733,0.10651,0.07175,0.18903
0.03830,0.05644,0.35575,0.04994,0.16884,0.11322,0.10456,0.11295
0.05043,0.08828,0.24327,0.06259,0.13495,0.10374,0.08989,0.22685
0.04070,0.28367,0.12298,0.28001,0.12018,0.03702,0.03989,0.07554
0.05901,0.09023,0.27926,0.08313,0.14674,0.09587,0.09666,0.14910
0.02709,0.04790,0.36439,0.04051,0.14482,0.11069,0.09777,0.16682
0.02995,0.05747,0.29843,0.12412,0.19428,0.06320,0.13316,0.09938
0.04269,0.24367,0.13132,0.21771,0.13664,0.08008,0.06958,0.07831
0.04317,0.07160,0.13829,0.11022,0.10104,0.12941,0.11381,0.29246
0.10145,0.19710,0.06115,0.15623,0.05717,0.09506,0.06780,0.26403
0.04663,0.09995,0.20813,0.07538,0.11454,0.16259,0.12301,0.16976
0.03089,0.15815,0.23905,0.11306,0.12288,0.11542,0.11169,0.10886
0.07391,0.10029,0.21226,0.09566,0.11228,0.11902,0.13272,0.15385
0.26909,0.15149,0.10577,0.19815,0.08420,0.05088,0.09649,0.04392
0.28386,0.07177,0.18755,0.08969,0.12067,0.07182,0.10154,0.07308
0.31207,0.09925,0.13075,0.07946,0.09705,0.09871,0.07418,0.10852
