0.01284,0.01262,0.16969,0.01964,0.01410,0.17164,0.09123,0.21047,0.24700,0.05076
0.01939,0.01383,0.13564,0.02452,0.02056,0.24753,0.02110,0.25192,0.08240,0.18311
0.02368,0.02026,0.17312,0.02958,0.02817,0.38000,0.02564,0.14373,0.13665,0.03916
0.01665,0.01527,0.11836,0.01930,0.02113,0.43071,0.04497,0.14182,0.16527,0.02654
0.05266,0.04620,0.06832,0.05165,0.04248,0.33483,0.07918,0.12521,0.16392,0.03556
0.01895,0.01510,0.07988,0.02569,0.02414,0.57338,0.04341,0.08416,0.10986,0.02544
0.04609,0.02930,0.24934,0.05598,0.06081,0.14613,0.06477,0.13728,0.18302,0.02728
0.03849,0.03581,0.22156,0.05929,0.04958,0.27830,0.03748,0.12849,0.08033,0.07066
0.02456,0.02007,0.26924,0.03162,0.03184,0.21986,0.09337,0.10825,0.17222,0.02898
0.02753,0.01902,0.07765,0.03080,0.02219,0.11230,0.04147,0.32221,0.29600,0.05081
0.03063,0.02574,0.08255,0.03698,0.02399,0.12368,0.18779,0.14610,0.30783,0.03470
0.02685,0.02436,0.08947,0.03495,0.03016,0.45115,0.06439,0.10205,0.14192,0.03470
0.02093,0.01990,0.13065,0.02450,0.02896,0.16622,0.07926,0.22287,0.25792,0.04879
0.01989,0.01620,0.08463,0.02378,0.02252,0.23295,0.09783,0.19719,0.23151,0.07350
0.03427,0.02648,0.11462,0.04206,0.04209,0.19228,0.03375,0.24106,0.24660,0.02681
0.06276,0.05175,0.19667,0.11653,0.08690,0.21151,0.06304,0.07194,0.09981,0.03910
0.01630,0.01421,0.07133,0.01955,0.02092,0.04420,0.02965,0.38277,0.32614,0.07493
0.01957,0.02262,0.08464,0.02435,0.03304,0.08152,0.02597,0.34531,0.30992,0.05306
0.03840,0.03921,0.22570,0.06415,0.09809,0.08854,0.08836,0.13117,0.18083,0.04555
0.01828,0.01943,0.02781,0.02242,0.02124,0.20998,0.22291,0.11769,0.27947,0.06078
0.02717,0.02834,0.02091,0.02570,0.03224,0.07981,0.29788,0.08573,0.35736,0.04486
0.02931,0.03460,0.08907,0.03461,0.03694,0.12670,0.05789,0.26001,0.28995,0.04092
0.01833,0.01883,0.05543,0.01879,0.02218,0.17213,0.16803,0.16907,0.26367,0.09353
0.02461,0.02390,0.23714,0.03361,0.02994,0.33937,0.07460,0.07923,0.12451,0.03308
0.04632,0.04743,0.10998,0.06289,0.05444,0.17344,0.05851,0.19865,0.11040,0.13794
0.04634,0.04995,0.12095,0.05784,0.06252,0.16264,0.06739,0.18164,0.11051,0.14022
0.02085,0.02418,0.04928,0.02587,0.02589,0.28905,0.20099,0.06934,0.24770,0.04685
0.01604,0.01631,0.11705,0.02944,0.02134,0.10425,0.02159,0.32863,0.17294,0.17242
0.04035,0.02884,0.05430,0.04521,0.03478,0.32111,0.12507,0.10993,0.15117,0.08926
0.08007,0.03937,0.21745,0.07183,0.07724,0.10110,0.05600,0.14828,0.16847,0.04020
0.02901,0.02334,0.10135,0.03409,0.03244,0.39599,0.03878,0.15586,0.14960,0.03956
0.02822,0.02505,0.20258,0.03170,0.03468,0.54241,0.03542,0.03910,0.03652,0.02431
0.01272,0.01039,0.06022,0.01839,0.01690,0.09104,0.11502,0.26855,0.25837,0.14840
0.02913,0.02590,0.06292,0.03057,0.03071,0.19161,0.03981,0.27480,0.27450,0.04004
0.02854,0.02896,0.18924,0.03715,0.04113,0.04885,0.03520,0.27668,0.29357,0.02069
0.05520,0.04419,0.26425,0.08422,0.07846,0.34415,0.02685,0.04192,0.04247,0.01830
0.01990,0.01383,0.13654,0.02464,0.02593,0.38934,0.02045,0.17080,0.17639,0.02218
0.02356,0.02204,0.02010,0.02686,0.02667,0.52556,0.04490,0.13643,0.10605,0.06782
0.02767,0.02018,0.16540,0.02739,0.03019,0.41465,0.05539,0.09417,0.13153,0.03342
0.02755,0.02393,0.18282,0.04401,0.03544,0.12223,0.07160,0.21232,0.15915,0.12094
0.03065,0.01829,0.27956,0.04624,0.04199,0.06399,0.06095,0.19073,0.20612,0.06149
0.01290,0.00860,0.05002,0.01409,0.01619,0.72921,0.02861,0.05117,0.06555,0.02365
0.02810,0.03002,0.11743,0.03603,0.03322,0.35872,0.08895,0.09411,0.15593,0.05748
0.01568,0.01394,0.05519,0.01978,0.01661,0.31335,0.03678,0.24634,0.23269,0.04965
0.02270,0.01895,0.04259,0.02426,0.02725,0.34879,0.05247,0.20398,0.22642,0.03257
0.10188,0.01518,0.30169,0.10466,0.04320,0.27191,0.04726,0.03555,0.06188,0.01677
0.02822,0.02519,0.16771,0.04478,0.04287,0.12519,0.05650,0.21747,0.10899,0.18309
0.02123,0.01725,0.08766,0.03378,0.02690,0.08264,0.13206,0.22074,0.33282,0.04491
0.02334,0.02563,0.11716,0.02590,0.02877,0.06729,0.04615,0.31638,0.30980,0.03956
0.01514,0.01399,0.17955,0.02045,0.01627,0.19751,0.13778,0.14116,0.25044,0.02772
0.04703,0.03463,0.18844,0.06395,0.06504,0.11408,0.07173,0.17098,0.21079,0.03333
0.01649,0.01483,0.05838,0.01912,0.01721,0.28382,0.10024,0.17852,0.22025,0.09115
0.02869,0.01687,0.07950,0.03475,0.03143,0.12145,0.03363,0.31078,0.31320,0.02969
0.02413,0.01951,0.07808,0.03341,0.03053,0.19744,0.17723,0.12605,0.27237,0.04126
0.02587,0.02236,0.07668,0.02808,0.02634,0.10203,0.21350,0.14636,0.31324,0.04554
0.02141,0.01145,0.26344,0.02064,0.02310,0.29157,0.02140,0.16354,0.15557,0.02789
0.03568,0.02653,0.32773,0.05056,0.05552,0.10632,0.10018,0.09162,0.15723,0.04863
0.01568,0.01501,0.05195,0.01996,0.01684,0.22264,0.21363,0.11522,0.29891,0.03016
0.02798,0.02361,0.13847,0.03373,0.03686,0.25169,0.02797,0.21384,0.20928,0.03658
0.05077,0.03745,0.04587,0.03607,0.03401,0.37099,0.12022,0.09521,0.17288,0.03653
0.02097,0.01537,0.08203,0.02525,0.02463,0.12324,0.05941,0.29573,0.31180,0.04158
0.02347,0.01738,0.11223,0.02940,0.03069,0.13266,0.04885,0.27505,0.30727,0.02300
0.01144,0.00898,0.14024,0.01189,0.01249,0.35026,0.03982,0.18541,0.20222,0.03723
0.03349,0.02589,0.09004,0.03823,0.03005,0.11751,0.19184,0.13362,0.25085,0.08849
0.02056,0.01530,0.44576,0.02892,0.02919,0.07480,0.06144,0.13134,0.11104,0.08164
0.03162,0.02833,0.20131,0.04770,0.03778,0.21313,0.12528,0.09293,0.17709,0.04484
0.01536,0.01196,0.03889,0.01831,0.01683,0.15564,0.04851,0.32716,0.13540,0.23194
0.01770,0.01647,0.05325,0.02247,0.02114,0.31147,0.04607,0.22581,0.23485,0.05078
0.01882,0.01210,0.06392,0.01705,0.02176,0.19892,0.04462,0.29658,0.21150,0.11473
0.02645,0.01777,0.08731,0.03449,0.03584,0.08639,0.11545,0.23874,0.31427,0.04329
0.02106,0.01810,0.19264,0.03501,0.03281,0.06574,0.04722,0.26720,0.29235,0.02787
0.01294,0.01302,0.05289,0.01712,0.01888,0.27799,0.05449,0.24660,0.27166,0.03440
0.01785,0.01197,0.18333,0.02606,0.02783,0.03677,0.09048,0.26096,0.31633,0.02842
0.02829,0.02879,0.05981,0.03775,0.03814,0.45129,0.02900,0.14903,0.13169,0.04622
0.05687,0.05223,0.08174,0.09106,0.08531,0.13081,0.02847,0.22151,0.20334,0.04866
0.03035,0.03113,0.09460,0.04453,0.05208,0.31501,0.03241,0.17387,0.17169,0.05432
0.04164,0.03641,0.07491,0.04699,0.03679,0.24839,0.06006,0.18931,0.13216,0.13334
0.03711,0.02719,0.24475,0.05041,0.06856,0.23253,0.03958,0.12356,0.06763,0.10868
0.01994,0.01465,0.08491,0.02513,0.02714,0.27152,0.02269,0.26137,0.19102,0.08163
0.02638,0.01811,0.08285,0.03017,0.03203,0.14965,0.17088,0.15865,0.28301,0.04826
0.01965,0.01896,0.20548,0.04431,0.02577,0.16889,0.15451,0.09904,0.22017,0.04322
0.03796,0.02822,0.34204,0.05401,0.04670,0.08954,0.09477,0.10738,0.15839,0.04099
0.01912,0.01579,0.09996,0.02411,0.02768,0.27450,0.10176,0.16773,0.22615,0.04320
0.03450,0.03584,0.10922,0.04523,0.04208,0.24818,0.03552,0.20496,0.19374,0.05073
0.03368,0.03097,0.11745,0.05131,0.04614,0.31147,0.05805,0.14120,0.14885,0.06087
0.02221,0.01496,0.09401,0.03042,0.03002,0.13256,0.12002,0.21926,0.30697,0.02958
0.02671,0.01998,0.23628,0.02503,0.03822,0.09242,0.11778,0.13457,0.22511,0.08390
0.02382,0.02163,0.09584,0.02734,0.02472,0.30596,0.06796,0.18533,0.20384,0.04356
0.02135,0.01541,0.13852,0.02714,0.03361,0.16970,0.02337,0.27615,0.26808,0.02667
0.01030,0.00930,0.04713,0.01566,0.01534,0.05836,0.18691,0.23517,0.39820,0.02363
0.03321,0.03126,0.07448,0.03509,0.04445,0.25259,0.12477,0.14218,0.21714,0.04483
0.02156,0.01544,0.14910,0.02358,0.02535,0.14959,0.24538,0.06107,0.28476,0.02417
0.03552,0.02352,0.24308,0.04343,0.05682,0.14335,0.06786,0.15646,0.18367,0.04629
0.01400,0.01106,0.13642,0.01936,0.02339,0.25321,0.05034,0.22113,0.24919,0.02191
0.00937,0.00672,0.06570,0.01520,0.01107,0.28064,0.02066,0.28756,0.28498,0.01809
0.01975,0.02154,0.09785,0.03400,0.06069,0.24510,0.07580,0.17140,0.21053,0.06334
0.01145,0.00928,0.02170,0.01390,0.01369,0.21762,0.04680,0.31206,0.13291,0.22059
0.04192,0.03971,0.10880,0.04649,0.04937,0.39013,0.05856,0.10177,0.10913,0.05413
0.07333,0.03020,0.12522,0.09337,0.06703,0.12121,0.06222,0.17942,0.21737,0.03063
0.01588,0.01453,0.06632,0.02191,0.01927,0.31977,0.02144,0.25232,0.22587,0.04270
0.02111,0.01639,0.06485,0.02173,0.02341,0.26405,0.06868,0.22158,0.20006,0.09814
0.03870,0.02707,0.06351,0.04413,0.03161,0.24581,0.02485,0.25277,0.24712,0.02442
0.03940,0.03694,0.07771,0.04266,0.04361,0.29018,0.03434,0.19319,0.20344,0.03854
0.01319,0.01026,0.04629,0.01639,0.01910,0.05342,0.10687,0.31719,0.39041,0.02687
0.05259,0.04785,0.11463,0.05058,0.07011,0.26094,0.04324,0.16099,0.14992,0.04915
0.03614,0.02619,0.17591,0.04177,0.05701,0.10737,0.09801,0.17635,0.24402,0.03724
0.02607,0.02249,0.14453,0.03531,0.03412,0.07000,0.12111,0.21783,0.24374,0.08480
0.04600,0.03931,0.09318,0.04322,0.05486,0.26428,0.06300,0.16823,0.19703,0.03090
0.04227,0.03343,0.05771,0.04766,0.04752,0.31790,0.06871,0.14899,0.13075,0.10507
0.05267,0.06363,0.25791,0.06409,0.07663,0.05573,0.04759,0.16264,0.09944,0.11966
0.02954,0.02584,0.07650,0.03798,0.03803,0.10944,0.09002,0.25202,0.26695,0.07367
0.04068,0.03780,0.26790,0.05480,0.06906,0.18233,0.09641,0.06332,0.13554,0.05216
0.01932,0.01877,0.12819,0.04006,0.06857,0.20909,0.09445,0.15664,0.20509,0.05982
0.04303,0.02774,0.35570,0.05946,0.05497,0.17589,0.06288,0.07681,0.11025,0.03328
0.01712,0.01430,0.09280,0.02180,0.02256,0.08399,0.02406,0.35298,0.31013,0.06026
0.03411,0.02504,0.25542,0.04835,0.04836,0.08735,0.03481,0.21628,0.21254,0.03775
0.03237,0.03878,0.07229,0.04401,0.04107,0.15477,0.06629,0.22752,0.25149,0.07140
0.05236,0.04175,0.14608,0.06201,0.08275,0.33606,0.02329,0.11689,0.10959,0.02924
0.02684,0.02321,0.12932,0.03524,0.03653,0.13004,0.02208,0.28594,0.28279,0.02801
0.02540,0.02236,0.22783,0.02270,0.02821,0.15032,0.12128,0.14739,0.20299,0.05151
0.07572,0.06614,0.11538,0.07596,0.11076,0.20341,0.07302,0.08935,0.11978,0.07048
0.02162,0.02073,0.03803,0.02563,0.03201,0.25293,0.03057,0.27287,0.26608,0.03952
0.02725,0.02425,0.05716,0.03576,0.02774,0.55048,0.07129,0.06664,0.10625,0.03319
0.01590,0.01321,0.03789,0.01700,0.02077,0.60515,0.03275,0.10911,0.12251,0.02571
0.03486,0.02727,0.14859,0.03984,0.04087,0.14674,0.08272,0.19375,0.23876,0.04660
0.02589,0.02399,0.21958,0.03559,0.03742,0.35657,0.04454,0.09851,0.11360,0.04431
0.03085,0.02282,0.10433,0.03880,0.03515,0.39204,0.05827,0.12645,0.15271,0.03859
0.01708,0.01883,0.04996,0.02255,0.01995,0.40477,0.02381,0.21154,0.16049,0.07101
0.01486,0.01290,0.08888,0.02557,0.04234,0.13429,0.11477,0.21417,0.30756,0.04466
0.03355,0.03209,0.26736,0.04711,0.04560,0.33858,0.04311,0.07822,0.07201,0.04237
0.01971,0.01955,0.04367,0.03087,0.02590,0.24744,0.14967,0.15261,0.24968,0.06090
0.01974,0.01894,0.03917,0.02265,0.02912,0.22069,0.04578,0.26974,0.26737,0.06680
0.03654,0.02354,0.13775,0.03919,0.04001,0.04313,0.18466,0.16163,0.22375,0.10981
0.03393,0.02490,0.13785,0.04215,0.04692,0.39429,0.08553,0.07400,0.13754,0.02288
0.02646,0.01987,0.12965,0.03316,0.02850,0.34001,0.02119,0.18838,0.17975,0.03303
0.02698,0.03126,0.21229,0.04980,0.03754,0.22417,0.06839,0.14816,0.15999,0.04142
0.00904,0.00948,0.03521,0.01159,0.01173,0.10083,0.01539,0.40187,0.36287,0.04197
0.03769,0.03229,0.21354,0.04670,0.04438,0.20036,0.06599,0.15347,0.11868,0.08689
0.00990,0.01046,0.02544,0.01181,0.01241,0.06248,0.06556,0.36497,0.41576,0.02122
0.02754,0.02264,0.14828,0.03443,0.03891,0.33090,0.02978,0.16811,0.17462,0.02479
0.02167,0.01405,0.08273,0.02777,0.04185,0.08825,0.13863,0.21934,0.34005,0.02567
0.02707,0.02388,0.16103,0.03465,0.02954,0.24705,0.02248,0.21843,0.11859,0.11727
0.07607,0.07823,0.14221,0.08568,0.10165,0.17162,0.05692,0.11844,0.12565,0.04353
0.01425,0.01085,0.09334,0.01383,0.01450,0.44725,0.13599,0.06967,0.16727,0.03305
0.02761,0.01753,0.24999,0.04166,0.03562,0.18987,0.09548,0.10993,0.16751,0.06481
0.05292,0.04395,0.09299,0.06605,0.07129,0.12275,0.21618,0.06119,0.23748,0.03519
0.02114,0.01912,0.07695,0.02629,0.02788,0.17295,0.02570,0.30327,0.30100,0.02570
0.01154,0.00804,0.06631,0.01216,0.01464,0.11525,0.14210,0.23851,0.34139,0.05007
0.02091,0.01378,0.07568,0.02425,0.02666,0.16996,0.20500,0.12935,0.31097,0.02343
0.02100,0.01809,0.08757,0.03051,0.02577,0.30029,0.08733,0.16338,0.12924,0.13681
0.07206,0.06922,0.13996,0.10403,0.12355,0.12561,0.05872,0.12494,0.15709,0.02481
0.03685,0.02502,0.43439,0.05353,0.05552,0.10957,0.08623,0.05479,0.12186,0.02223
0.03223,0.03520,0.07608,0.03760,0.03947,0.11095,0.11170,0.21872,0.14572,0.19232
0.06909,0.04969,0.20268,0.08516,0.11836,0.13347,0.04186,0.12725,0.12990,0.04252
0.01582,0.01227,0.35690,0.02953,0.02157,0.35819,0.01785,0.07999,0.08701,0.02087
0.02350,0.01972,0.07285,0.02946,0.02455,0.15040,0.05496,0.28354,0.13995,0.20107
0.01941,0.01747,0.06948,0.02210,0.02731,0.35189,0.03665,0.20432,0.19868,0.05268
0.02396,0.02119,0.10607,0.02862,0.03218,0.13095,0.15972,0.16726,0.29849,0.03157
0.03865,0.01912,0.12068,0.04506,0.04054,0.34341,0.06657,0.12563,0.15916,0.04120
0.01146,0.01059,0.02008,0.01068,0.01317,0.52009,0.03838,0.16866,0.16622,0.04067
0.05037,0.03966,0.14304,0.06458,0.05607,0.24974,0.11651,0.07250,0.15906,0.04847
0.05802,0.05175,0.15013,0.06565,0.07934,0.11748,0.04282,0.19609,0.19892,0.03981
0.03248,0.04136,0.06711,0.05513,0.04489,0.07216,0.03568,0.31035,0.31751,0.02332
0.01528,0.01410,0.07757,0.02149,0.02047,0.29635,0.05449,0.21576,0.23713,0.04736
0.01323,0.01136,0.07841,0.01525,0.01307,0.25816,0.12525,0.17710,0.27938,0.02879
0.01870,0.01484,0.17519,0.02137,0.02258,0.10786,0.16201,0.15654,0.28162,0.03928
0.02851,0.03436,0.06065,0.04188,0.04185,0.11559,0.11381,0.22917,0.25339,0.08079
0.01513,0.01665,0.03619,0.01881,0.02060,0.43436,0.05838,0.16690,0.18804,0.04494
0.02214,0.02074,0.05023,0.02701,0.02774,0.15781,0.17737,0.15695,0.31419,0.04581
0.02487,0.02149,0.07222,0.02899,0.02502,0.07613,0.19840,0.16998,0.31789,0.06499
0.01798,0.01807,0.02345,0.01888,0.02027,0.68144,0.02705,0.08440,0.08556,0.02290
0.01245,0.00945,0.04791,0.01318,0.01430,0.59900,0.06631,0.08305,0.12535,0.02901
0.01720,0.01719,0.06940,0.02225,0.02165,0.37313,0.03123,0.21339,0.17207,0.06248
0.01981,0.01696,0.05871,0.02321,0.02438,0.35238,0.03590,0.21975,0.09917,0.14972
0.01908,0.01491,0.05814,0.02551,0.02639,0.16259,0.04201,0.31023,0.25906,0.08208
0.03559,0.04470,0.08041,0.06116,0.04109,0.17909,0.03605,0.25775,0.16292,0.10124
0.06505,0.05049,0.40243,0.06222,0.08533,0.04216,0.04422,0.09807,0.12485,0.02519
0.02998,0.02750,0.08304,0.03635,0.04329,0.09040,0.11801,0.22654,0.27756,0.06733
0.03357,0.03115,0.15991,0.05067,0.05150,0.29786,0.09754,0.08737,0.14916,0.04126
0.03199,0.03374,0.17821,0.04326,0.03780,0.40336,0.03399,0.10443,0.10066,0.03256
0.14839,0.02358,0.31506,0.13299,0.02532,0.04909,0.02018,0.13234,0.12712,0.02593
0.04623,0.03633,0.21907,0.05285,0.04656,0.15144,0.05768,0.16831,0.16652,0.05500
0.02099,0.02457,0.08798,0.03008,0.03701,0.16883,0.14031,0.16395,0.19441,0.13186
0.02757,0.01936,0.19430,0.03000,0.03736,0.05895,0.09523,0.21652,0.15967,0.16105
0.02191,0.01854,0.03618,0.02270,0.02908,0.06212,0.06448,0.33602,0.17826,0.23070
0.02095,0.01271,0.26062,0.01662,0.01617,0.10390,0.05210,0.23566,0.24520,0.03607
0.06026,0.06463,0.06884,0.10346,0.06999,0.08707,0.10755,0.16875,0.21049,0.05895
0.02043,0.01924,0.04792,0.03038,0.02215,0.54831,0.03564,0.11187,0.11701,0.04706
0.02367,0.01753,0.21164,0.02300,0.02309,0.39966,0.04897,0.10084,0.10604,0.04555
0.02694,0.02872,0.16288,0.06550,0.03473,0.13399,0.02503,0.24452,0.24579,0.03191
0.01235,0.01201,0.04284,0.01824,0.01888,0.09918,0.02132,0.37736,0.12467,0.27314
0.02360,0.02195,0.05594,0.02538,0.03082,0.39778,0.07122,0.14846,0.14839,0.07645
0.01849,0.02140,0.06917,0.02431,0.02497,0.36957,0.05700,0.18164,0.20142,0.03202
0.02666,0.02497,0.09414,0.03935,0.03227,0.03095,0.19431,0.18539,0.35389,0.01806
0.01363,0.01407,0.06557,0.01912,0.02348,0.61794,0.02143,0.10418,0.07155,0.04902
0.05196,0.03850,0.11234,0.06647,0.06612,0.05558,0.03258,0.27689,0.28154,0.01802
0.13312,0.00888,0.28566,0.12509,0.01037,0.14260,0.01634,0.13116,0.12931,0.01748
0.03223,0.02313,0.21138,0.04189,0.04634,0.19635,0.04787,0.18088,0.19342,0.02651
0.01359,0.01086,0.15392,0.01855,0.02080,0.23120,0.01511,0.26752,0.16853,0.09992
0.05854,0.04990,0.11140,0.07197,0.05241,0.14218,0.04790,0.21676,0.20622,0.04272
0.01194,0.01019,0.03739,0.01761,0.01900,0.36712,0.22500,0.04135,0.24757,0.02284
0.02387,0.01404,0.25921,0.02008,0.02331,0.16375,0.08271,0.16705,0.22191,0.02407
0.02037,0.01428,0.17583,0.03110,0.02604,0.10029,0.08521,0.21890,0.27739,0.05059
0.09522,0.03718,0.28339,0.11980,0.08900,0.20050,0.02689,0.06174,0.04398,0.04230
0.09451,0.06028,0.08510,0.24318,0.11775,0.09037,0.07619,0.07658,0.12065,0.03538
0.00948,0.00962,0.02876,0.01140,0.01114,0.26503,0.01268,0.31947,0.31608,0.01634
0.05309,0.05124,0.05176,0.07632,0.06251,0.17416,0.11731,0.15350,0.22991,0.03020
0.03821,0.02861,0.10983,0.04734,0.04288,0.18843,0.03841,0.23151,0.22249,0.05230
0.06450,0.08888,0.07037,0.05175,0.07958,0.05770,0.02910,0.26970,0.27090,0.01753
0.02969,0.02351,0.14281,0.03737,0.03695,0.13243,0.05398,0.24430,0.27065,0.02831
0.01677,0.01734,0.03284,0.02219,0.02226,0.27225,0.06011,0.25596,0.23291,0.06738
0.03149,0.02233,0.32614,0.03397,0.03014,0.08647,0.04253,0.19457,0.20390,0.02846
0.01560,0.01622,0.06681,0.02025,0.02004,0.11122,0.04516,0.32986,0.30863,0.06620
0.04898,0.06455,0.35105,0.06202,0.06442,0.10535,0.03625,0.11462,0.12241,0.03036
0.01796,0.01583,0.04797,0.03252,0.03050,0.33080,0.02136,0.24299,0.22477,0.03530
0.01841,0.02153,0.05105,0.02552,0.02695,0.10385,0.17693,0.19423,0.32615,0.05537
0.01999,0.01548,0.10185,0.02530,0.02842,0.09459,0.06231,0.29440,0.30758,0.05007
0.03409,0.02368,0.06194,0.03487,0.03735,0.26876,0.04648,0.22235,0.22076,0.04973
0.03932,0.02753,0.15317,0.04113,0.04176,0.12916,0.17784,0.10506,0.22810,0.05693
0.02752,0.01766,0.18629,0.03626,0.03782,0.33439,0.02820,0.14943,0.15577,0.02665
0.03070,0.01942,0.10737,0.03497,0.03722,0.23181,0.04134,0.22792,0.24874,0.02049
0.02585,0.02160,0.13297,0.03554,0.03323,0.30354,0.03423,0.19203,0.16128,0.05974
0.01498,0.01258,0.02577,0.01697,0.01694,0.46067,0.02281,0.19986,0.18138,0.04804
0.02270,0.01799,0.12629,0.03667,0.03455,0.17886,0.13497,0.15190,0.24578,0.05030
0.03512,0.02690,0.09843,0.03462,0.04320,0.36342,0.05687,0.14533,0.15284,0.04328
0.05797,0.04638,0.13164,0.05813,0.06122,0.03645,0.19739,0.10977,0.26876,0.03228
0.02179,0.01471,0.06056,0.02461,0.02513,0.14788,0.05434,0.30342,0.24365,0.10390
0.03284,0.02156,0.25237,0.04133,0.04254,0.13005,0.03373,0.20203,0.21238,0.03117
0.02228,0.01921,0.21067,0.02762,0.02970,0.16980,0.10103,0.15258,0.22215,0.04495
0.02822,0.01895,0.10987,0.04160,0.03871,0.53520,0.02538,0.09033,0.05733,0.05440
0.02590,0.01957,0.18816,0.04080,0.04553,0.45612,0.09509,0.02095,0.09116,0.01670
0.03806,0.03722,0.24380,0.06781,0.04919,0.16162,0.07340,0.11244,0.14358,0.07289
0.05601,0.05683,0.13700,0.07485,0.07195,0.12769,0.03970,0.19736,0.20386,0.03475
0.02068,0.01571,0.13545,0.02640,0.02760,0.16039,0.01687,0.29214,0.28497,0.01979
0.03178,0.03412,0.16836,0.04345,0.04412,0.26657,0.03948,0.16828,0.17432,0.02952
0.02134,0.01852,0.07497,0.03358,0.02764,0.39034,0.13908,0.08353,0.17019,0.04080
0.02988,0.01891,0.17353,0.04108,0.04132,0.07785,0.13943,0.16520,0.27133,0.04147
0.04276,0.02349,0.17901,0.06142,0.06737,0.40501,0.02446,0.08615,0.09059,0.01975
0.02297,0.01856,0.07705,0.02967,0.02816,0.24457,0.04991,0.23659,0.18316,0.10936
0.02018,0.01705,0.07274,0.02566,0.02285,0.10441,0.16420,0.19330,0.33887,0.04073
0.02875,0.02790,0.10350,0.02410,0.03966,0.07932,0.03511,0.31753,0.30571,0.03842
0.01884,0.01743,0.08385,0.02913,0.03133,0.46202,0.03796,0.13534,0.14070,0.04340
0.01523,0.01401,0.05152,0.01839,0.01878,0.03444,0.27746,0.13930,0.41238,0.01850
0.01480,0.01596,0.04628,0.01539,0.01564,0.07673,0.03859,0.37197,0.29949,0.10517
0.03923,0.04224,0.06188,0.06711,0.05027,0.33336,0.08459,0.12637,0.10069,0.09428
0.02354,0.01443,0.21570,0.03233,0.03396,0.28508,0.02028,0.17946,0.16336,0.03187
0.08570,0.06101,0.11433,0.09596,0.08824,0.07576,0.04108,0.19417,0.19559,0.04817
0.02038,0.01817,0.22617,0.04445,0.03309,0.03807,0.03202,0.27765,0.28740,0.02262
0.01093,0.01139,0.05658,0.01914,0.02132,0.37551,0.06157,0.19474,0.20266,0.04616
0.03722,0.04263,0.06529,0.03721,0.04396,0.15624,0.12875,0.18618,0.15999,0.14253
0.02091,0.02166,0.14508,0.03699,0.08296,0.08752,0.18662,0.10713,0.27120,0.03992
0.06242,0.05328,0.05828,0.09138,0.09611,0.41219,0.02325,0.09206,0.06463,0.04641
0.00944,0.01400,0.21084,0.05167,0.15500,0.19750,0.03238,0.13681,0.13755,0.05480
0.02582,0.02154,0.23193,0.03555,0.02951,0.26834,0.08153,0.11633,0.14640,0.04304
0.04658,0.03350,0.09971,0.06030,0.04794,0.13805,0.05653,0.22907,0.24573,0.04259
0.06518,0.05167,0.09516,0.11822,0.08853,0.11514,0.04431,0.18476,0.18767,0.04936
0.01326,0.01847,0.25487,0.05022,0.02547,0.31307,0.02320,0.13916,0.13075,0.03154
0.03500,0.03462,0.19671,0.05080,0.04816,0.45653,0.03949,0.04897,0.06323,0.02649
0.01316,0.01264,0.06729,0.01798,0.01897,0.23639,0.07010,0.24894,0.27187,0.04266
0.01997,0.01644,0.07059,0.02520,0.02160,0.17123,0.08547,0.24633,0.30301,0.04016
0.02933,0.02579,0.10534,0.03474,0.03375,0.20096,0.05058,0.22916,0.20597,0.08438
0.01013,0.00851,0.02785,0.01205,0.01291,0.24953,0.04831,0.27148,0.14273,0.21650
0.01534,0.01041,0.09920,0.02006,0.02176,0.07818,0.04369,0.33128,0.35901,0.02105
0.03558,0.02357,0.15977,0.04236,0.04812,0.20444,0.13976,0.09429,0.15907,0.09303
0.01748,0.01449,0.10728,0.02592,0.02578,0.19868,0.05915,0.24772,0.08686,0.21665
0.02824,0.02865,0.38058,0.07825,0.04835,0.08589,0.05078,0.12364,0.10251,0.07312
0.06274,0.04071,0.22393,0.08602,0.06525,0.15589,0.04176,0.13726,0.14879,0.03765
0.03127,0.02573,0.04240,0.02859,0.03358,0.47682,0.03759,0.14816,0.13606,0.03981
0.02115,0.01680,0.08055,0.03096,0.02628,0.44007,0.04032,0.15129,0.16827,0.02430
0.01591,0.01351,0.04750,0.01609,0.01657,0.13520,0.09755,0.27421,0.24369,0.13977
0.08651,0.08704,0.07253,0.05606,0.07552,0.20363,0.07642,0.15072,0.13612,0.05544
0.03693,0.03345,0.05866,0.03892,0.03656,0.15817,0.02455,0.30092,0.29068,0.02116
0.02055,0.01692,0.38126,0.02849,0.02985,0.22963,0.03176,0.11503,0.12390,0.02261
0.03965,0.03597,0.20204,0.04679,0.04736,0.18907,0.07281,0.14534,0.11141,0.10957
0.02602,0.02428,0.09740,0.03214,0.03887,0.37227,0.03370,0.17613,0.15971,0.03949
0.02663,0.02202,0.04277,0.02914,0.02869,0.62833,0.02772,0.08141,0.08330,0.02999
0.09796,0.10745,0.10494,0.10286,0.09660,0.14140,0.04423,0.13466,0.10846,0.06144
0.02673,0.02235,0.07084,0.04055,0.03451,0.13353,0.07544,0.26083,0.29166,0.04356
0.02928,0.02343,0.09047,0.03171,0.03575,0.13493,0.27305,0.05760,0.29349,0.03028
0.02941,0.02565,0.10159,0.03629,0.03685,0.16665,0.16794,0.13002,0.22682,0.07877
0.03375,0.02053,0.10128,0.07410,0.04798,0.08658,0.02475,0.29362,0.29854,0.01888
0.03989,0.03611,0.09308,0.05053,0.05716,0.36975,0.08587,0.09441,0.09962,0.07357
0.03208,0.02263,0.11686,0.03225,0.03572,0.15246,0.13742,0.16192,0.23967,0.06898
0.04215,0.03895,0.12760,0.04822,0.05737,0.31738,0.08713,0.10502,0.11545,0.06072
0.03735,0.04704,0.06850,0.03797,0.03449,0.22862,0.11009,0.16324,0.20674,0.06597
0.02155,0.02135,0.13883,0.02562,0.03072,0.09001,0.04970,0.28196,0.28235,0.05790
0.05960,0.02605,0.18593,0.05603,0.05886,0.30374,0.05266,0.10982,0.07104,0.07627
0.02467,0.02232,0.08926,0.03160,0.03270,0.16530,0.13705,0.15472,0.27077,0.07160
0.13452,0.01923,0.28041,0.12185,0.02183,0.09322,0.02565,0.14286,0.12711,0.03333
0.02270,0.01586,0.26450,0.02110,0.01920,0.11795,0.08938,0.17234,0.23256,0.04442
0.04272,0.03622,0.16242,0.06471,0.06082,0.21890,0.02745,0.17993,0.16720,0.03963
0.02982,0.03289,0.05706,0.03609,0.03643,0.23216,0.04787,0.24612,0.24300,0.03854
0.04488,0.03549,0.19439,0.04878,0.04867,0.12053,0.13023,0.12638,0.21991,0.03074
0.07804,0.08172,0.08985,0.07466,0.07546,0.06770,0.07707,0.18872,0.22536,0.04142
0.03786,0.02404,0.34245,0.02489,0.03252,0.08763,0.04684,0.18239,0.20139,0.01998
0.09546,0.03212,0.26589,0.07960,0.08664,0.14431,0.03813,0.11273,0.09826,0.04685
0.03275,0.03552,0.08831,0.04592,0.04211,0.08903,0.05406,0.25845,0.26637,0.08748
0.01976,0.02149,0.16905,0.04464,0.07215,0.20183,0.07400,0.15743,0.21173,0.02792
0.01714,0.01732,0.13338,0.03151,0.02527,0.30112,0.07640,0.15562,0.18557,0.05667
0.03644,0.04261,0.06507,0.04009,0.03911,0.07431,0.10707,0.23706,0.27478,0.08346
