0.01045,0.00118,0.48945,0.49892
0.00456,0.55013,0.00669,0.43862
0.94853,0.00653,0.02152,0.02342
0.05847,0.00194,0.44952,0.49008
0.43390,0.41260,0.02767,0.12582
0.88502,0.01066,0.06454,0.03978
0.00505,0.00871,0.75892,0.22731
0.00275,0.52736,0.01609,0.45381
0.00427,0.42919,0.06947,0.49706
0.88161,0.00183,0.06293,0.05362
0.28152,0.02051,0.20339,0.49458
0.00152,0.53866,0.00772,0.45209
0.02442,0.02449,0.46745,0.48364
0.79111,0.05287,0.08605,0.06997
0.81330,0.05055,0.06038,0.07577
0.95247,0.00956,0.02011,0.01786
0.48701,0.00263,0.00640,0.50396
0.04479,0.11294,0.41125,0.43102
0.01334,0.00635,0.74177,0.23854
0.96615,0.00079,0.01258,0.02049
0.03140,0.00413,0.67265,0.29181
0.44017,0.00783,0.03115,0.52085
0.47155,0.00672,0.02426,0.49748
0.01220,0.54016,0.01094,0.43670
0.61786,0.19109,0.02630,0.16475
0.00113,0.00283,0.49719,0.49885
0.44745,0.42802,0.03714,0.08738
0.00347,0.01321,0.72632,0.25700
0.49793,0.45477,0.03427,0.01302
0.00100,0.98490,0.00375,0.01035
0.00783,0.45056,0.38503,0.15659
0.40378,0.34498,0.15214,0.09910
0.77201,0.02277,0.13530,0.06992
0.48931,0.46880,0.02007,0.02182
0.40805,0.01761,0.07000,0.50434
0.00648,0.00061,0.49290,0.50001
0.22165,0.03061,0.36445,0.38330
0.00613,0.48571,0.35768,0.15048
0.00080,0.00204,0.76510,0.23207
0.49237,0.48954,0.00819,0.00989
0.87195,0.00685,0.06347,0.05773
0.00254,0.48784,0.37131,0.13830
0.01289,0.37690,0.41540,0.19481
0.90009,0.03680,0.02652,0.03660
0.00282,0.93897,0.02403,0.03417
0.95197,0.00613,0.02424,0.01765
0.27582,0.04721,0.32281,0.35416
0.49976,0.00104,0.00207,0.49712
0.92123,0.00482,0.05079,0.02315
0.00547,0.43231,0.06267,0.49955
0.04569,0.00244,0.45664,0.49523
0.46859,0.42064,0.05279,0.05798
0.07078,0.26368,0.20010,0.46543
0.97683,0.00218,0.01528,0.00571
0.04975,0.16616,0.40797,0.37612
0.49160,0.00227,0.00556,0.50057
0.00280,0.00247,0.75537,0.23936
0.00109,0.49381,0.40082,0.10428
0.90195,0.01048,0.04664,0.04092
0.00212,0.55234,0.00242,0.44311
0.00443,0.95203,0.02002,0.02352
0.06213,0.37905,0.02770,0.53112
0.05636,0.24873,0.37031,0.32461
0.40245,0.38946,0.08924,0.11886
0.00845,0.52984,0.02198,0.43973
0.47670,0.41000,0.08351,0.02980
0.00529,0.54032,0.01651,0.43787
0.02671,0.00660,0.47677,0.48992
0.79769,0.12969,0.01775,0.05487
0.47977,0.43541,0.04015,0.04467
0.02152,0.19732,0.39191,0.38925
0.75199,0.01268,0.09262,0.14271
0.38547,0.00696,0.13462,0.47295
0.86458,0.01255,0.06930,0.05357
0.97909,0.00482,0.01018,0.00592
0.04688,0.08259,0.43783,0.43270
0.98608,0.00145,0.00870,0.00378
0.72242,0.07173,0.12286,0.08300
0.43522,0.39254,0.10973,0.06251
0.00961,0.00745,0.49125,0.49168
0.48439,0.00251,0.01097,0.50213
0.00500,0.48812,0.37128,0.13560
0.89173,0.00473,0.07674,0.02679
0.08181,0.40163,0.27791,0.23865
0.47806,0.40877,0.06179,0.05138
0.11619,0.73032,0.09564,0.05785
0.49129,0.00178,0.00761,0.49932
0.00184,0.49131,0.37670,0.13015
0.00237,0.53844,0.01098,0.44821
0.96498,0.00098,0.02099,0.01305
0.05468,0.45381,0.01203,0.47948
0.00799,0.00104,0.49364,0.49733
0.46080,0.02138,0.02030,0.49751
0.00918,0.38940,0.09261,0.50881
0.00901,0.00241,0.49144,0.49713
0.91489,0.00755,0.01777,0.05979
0.38420,0.38919,0.10957,0.11704
0.89585,0.01101,0.04346,0.04968
0.47607,0.44400,0.04671,0.03322
0.96478,0.00319,0.01736,0.01468
0.49149,0.48720,0.00430,0.01700
0.96677,0.00583,0.01489,0.01250
0.94607,0.00281,0.03699,0.01413
0.00324,0.54347,0.01637,0.43692
0.84838,0.00704,0.09608,0.04849
0.00198,0.48390,0.39358,0.12054
0.89174,0.05648,0.02626,0.02551
0.01715,0.00396,0.43061,0.54828
0.05677,0.37093,0.09577,0.47652
0.00211,0.48331,0.38903,0.12556
0.15072,0.61437,0.12564,0.10927
0.00693,0.48401,0.39557,0.11349
0.01376,0.00511,0.56477,0.41636
0.35889,0.05155,0.07491,0.51465
0.48627,0.00170,0.00971,0.50231
0.00623,0.00249,0.49204,0.49924
0.89080,0.00619,0.07646,0.02656
0.01618,0.00340,0.48236,0.49807
0.00042,0.98629,0.00363,0.00966
0.05055,0.02037,0.45643,0.47264
0.97587,0.00122,0.00818,0.01472
0.00769,0.00966,0.49027,0.49237
0.94210,0.00176,0.04505,0.01108
0.00163,0.00094,0.49806,0.49938
0.00840,0.00414,0.47592,0.51154
0.10128,0.17395,0.32932,0.39545
0.02100,0.34014,0.15256,0.48630
0.30853,0.12884,0.14647,0.41616
0.00390,0.00095,0.49622,0.49893
0.04189,0.00389,0.76017,0.19404
0.03986,0.00509,0.47510,0.47995
0.01075,0.00135,0.48928,0.49861
0.49626,0.47818,0.01832,0.00724
0.00209,0.47287,0.37602,0.14902
0.49964,0.24593,0.02506,0.22938
0.05337,0.01293,0.44967,0.48402
0.00624,0.01812,0.45277,0.52287
0.57144,0.01333,0.30135,0.11388
0.02740,0.00281,0.62832,0.34146
0.00453,0.00849,0.48189,0.50509
0.49370,0.47969,0.01199,0.01462
0.46113,0.04210,0.01635,0.48042
0.00091,0.98985,0.00206,0.00718
0.00356,0.45580,0.41121,0.12942
0.93274,0.00920,0.01617,0.04189
0.48195,0.45965,0.03384,0.02456
0.00411,0.00435,0.48406,0.50749
0.02551,0.00721,0.47366,0.49362
0.00456,0.00624,0.49206,0.49714
0.47605,0.00204,0.01974,0.50216
0.13507,0.01909,0.40831,0.43753
0.52010,0.00968,0.29796,0.17226
0.05039,0.36909,0.34582,0.23469
0.49059,0.46547,0.03236,0.01158
0.04277,0.27593,0.20424,0.47706
0.00286,0.00063,0.82915,0.16736
0.43052,0.41871,0.08326,0.06751
0.93438,0.00630,0.03870,0.02062
0.48171,0.45654,0.04125,0.02049
0.00812,0.48849,0.00876,0.49463
0.01333,0.00520,0.48994,0.49152
0.00690,0.51421,0.04520,0.43369
0.00532,0.00083,0.49398,0.49987
0.01909,0.01046,0.74281,0.22764
0.00797,0.00264,0.49060,0.49879
0.02358,0.93988,0.02119,0.01535
0.46613,0.00250,0.02729,0.50409
0.65045,0.20518,0.01237,0.13200
0.90154,0.04925,0.02575,0.02345
0.47827,0.00213,0.01545,0.50415
0.00922,0.05134,0.44818,0.49126
0.80412,0.04235,0.05235,0.10119
0.49499,0.48085,0.01362,0.01054
0.08630,0.02633,0.43534,0.45203
0.01660,0.00119,0.79790,0.18431
0.88829,0.03583,0.01647,0.05941
0.04807,0.01848,0.44979,0.48366
0.00715,0.47263,0.02744,0.49278
0.04578,0.77195,0.12670,0.05557
0.47309,0.00373,0.02312,0.50006
0.01749,0.34685,0.30343,0.33223
0.36024,0.02598,0.37592,0.23786
0.35109,0.36672,0.19743,0.08477
0.00354,0.92930,0.02969,0.03747
0.48523,0.00219,0.01427,0.49831
0.94653,0.00319,0.03262,0.01766
0.56098,0.09061,0.10467,0.24374
0.01908,0.00861,0.47974,0.49257
0.04856,0.00840,0.71870,0.22433
0.02672,0.00823,0.47399,0.49106
0.91155,0.00490,0.05881,0.02474
0.00306,0.55183,0.01248,0.43262
0.00298,0.00360,0.48955,0.50386
0.38621,0.27139,0.03318,0.30922
0.06594,0.80486,0.04287,0.08633
0.47197,0.39767,0.07367,0.05669
0.49352,0.48743,0.00831,0.01073
0.42364,0.02145,0.06283,0.49208
0.00612,0.52391,0.01936,0.45061
0.00476,0.00552,0.49381,0.49592
0.02485,0.00425,0.47348,0.49742
0.15810,0.65596,0.11699,0.06895
0.02138,0.53765,0.01233,0.42863
0.03435,0.44334,0.03799,0.48433
0.59770,0.07288,0.14996,0.17946
0.50557,0.44849,0.00779,0.03815
0.45273,0.01604,0.04313,0.48810
0.00180,0.00697,0.48102,0.51021
0.39080,0.03545,0.28632,0.28743
0.01664,0.94012,0.00960,0.03365
0.86271,0.00818,0.10066,0.02845
0.17280,0.12848,0.31125,0.38747
0.00392,0.00173,0.49309,0.50126
0.00625,0.55663,0.01085,0.42626
0.74886,0.02555,0.10977,0.11581
0.07975,0.00672,0.42725,0.48628
0.00108,0.00104,0.79212,0.20577
0.01165,0.00464,0.47391,0.50980
0.91189,0.04334,0.01540,0.02937
0.00438,0.91694,0.05698,0.02170
0.00204,0.00080,0.49589,0.50127
0.38031,0.16863,0.07036,0.38071
0.00513,0.00104,0.49460,0.49922
0.94121,0.01512,0.01337,0.03030
0.02078,0.26405,0.22966,0.48551
0.94973,0.00735,0.02973,0.01320
0.10568,0.01351,0.43477,0.44603
0.01651,0.33530,0.15632,0.49188
0.00317,0.53729,0.00378,0.45576
0.00582,0.00200,0.49566,0.49652
0.03073,0.01362,0.46694,0.48871
0.00479,0.00201,0.49253,0.50067
0.35417,0.36198,0.19903,0.08482
0.01208,0.44885,0.05063,0.48844
0.03201,0.02874,0.44938,0.48986
0.00600,0.48614,0.38395,0.12392
0.48974,0.47982,0.01287,0.01757
0.01314,0.35441,0.13716,0.49529
0.83334,0.00316,0.10939,0.05411
0.00921,0.21870,0.24132,0.53076
0.97112,0.00263,0.01484,0.01141
0.00333,0.81618,0.11219,0.06830
0.48926,0.46796,0.01769,0.02509
0.46852,0.00220,0.01970,0.50957
0.00694,0.48222,0.38421,0.12663
0.00283,0.47705,0.01976,0.50036
0.03731,0.12160,0.39009,0.45100
0.01392,0.11630,0.39300,0.47678
0.59687,0.31083,0.03754,0.05476
0.01545,0.90740,0.04072,0.03643
0.00217,0.00130,0.43522,0.56131
0.47811,0.40288,0.08540,0.03362
0.44593,0.01054,0.03803,0.50549
0.46253,0.40671,0.09160,0.03916
0.94777,0.00281,0.03147,0.01794
0.00174,0.92804,0.03563,0.03459
0.00300,0.49036,0.37050,0.13614
0.00882,0.17805,0.34113,0.47199
0.42970,0.00412,0.02184,0.54434
0.00207,0.95968,0.00466,0.03359
0.98721,0.00299,0.00412,0.00568
0.04100,0.43857,0.03489,0.48554
0.05302,0.00243,0.45428,0.49027
0.41830,0.34186,0.01982,0.22002
0.49404,0.47777,0.01883,0.00936
0.94599,0.00291,0.01751,0.03359
0.88228,0.02909,0.02235,0.06628
0.04808,0.44206,0.37890,0.13096
0.00312,0.00369,0.49098,0.50221
0.22558,0.03046,0.24423,0.49974
0.00424,0.53887,0.00314,0.45375
0.49466,0.47645,0.02172,0.00717
0.49034,0.47824,0.01680,0.01462
0.15107,0.06615,0.37394,0.40885
0.92445,0.00576,0.04711,0.02269
0.00084,0.96150,0.02147,0.01619
0.00451,0.54122,0.00294,0.45133
0.08576,0.27972,0.17876,0.45575
0.32000,0.35034,0.00915,0.32051
0.48025,0.46806,0.03409,0.01759
0.00235,0.00378,0.75895,0.23491
0.07882,0.02190,0.63913,0.26015
0.04466,0.00340,0.46002,0.49192
0.00854,0.00034,0.49333,0.49779
0.02104,0.00694,0.48201,0.49000
0.10513,0.33335,0.03464,0.52688
0.01588,0.56764,0.18561,0.23086
0.08189,0.45493,0.04244,0.42074
0.46729,0.41788,0.07060,0.04423
0.48522,0.00151,0.00737,0.50590
0.94596,0.00460,0.03070,0.01874
0.00469,0.53008,0.02096,0.44427
0.01489,0.00735,0.48569,0.49208
0.04137,0.00815,0.46274,0.48775
0.15511,0.00439,0.64209,0.19842
0.03803,0.00989,0.45306,0.49901
0.04987,0.00431,0.45264,0.49318
0.76232,0.02286,0.08924,0.12557
0.48780,0.45192,0.02303,0.03726
0.00325,0.00864,0.46121,0.52691
