0.16355,0.09293,0.31014,0.12510,0.12055,0.04001,0.02338,0.03304,0.03805,0.05325
0.21750,0.07659,0.05651,0.13687,0.38213,0.03785,0.02669,0.01688,0.02237,0.02662
0.19997,0.06810,0.08803,0.06748,0.12484,0.04852,0.15139,0.07884,0.03356,0.13928
0.18261,0.15323,0.07331,0.10624,0.15898,0.08067,0.03452,0.04266,0.07905,0.08873
0.29250,0.12009,0.18319,0.19708,0.09380,0.02013,0.01952,0.02182,0.01723,0.03465
0.18281,0.20564,0.09232,0.18660,0.23993,0.01436,0.02575,0.01644,0.01556,0.02059
0.25029,0.08696,0.26784,0.18227,0.13425,0.01454,0.01184,0.01757,0.01672,0.01773
0.20722,0.10646,0.21853,0.16468,0.16440,0.04188,0.02277,0.02042,0.02965,0.02399
0.23596,0.09118,0.26113,0.13867,0.12398,0.03211,0.03846,0.03317,0.01822,0.02712
0.16317,0.22001,0.09447,0.13244,0.12832,0.04820,0.07435,0.05174,0.03768,0.04961
0.27750,0.10641,0.15036,0.21274,0.15565,0.02213,0.01709,0.02156,0.01697,0.01960
0.15654,0.19566,0.16892,0.14516,0.12861,0.04161,0.04732,0.03147,0.05233,0.03239
0.12153,0.21284,0.13929,0.19205,0.19121,0.03750,0.02955,0.01949,0.03815,0.01839
0.19328,0.09910,0.20953,0.15782,0.25612,0.02214,0.01007,0.01284,0.01539,0.02371
0.42528,0.05610,0.10300,0.12389,0.14071,0.03299,0.04810,0.02605,0.01785,0.02603
0.21048,0.35530,0.04532,0.06672,0.23381,0.01724,0.01517,0.01233,0.01332,0.03031
0.22191,0.14455,0.19656,0.14563,0.22295,0.01334,0.02163,0.01066,0.00879,0.01399
0.29343,0.15069,0.18576,0.10219,0.15555,0.02495,0.02393,0.02023,0.02345,0.01982
0.21489,0.11228,0.08883,0.29013,0.12671,0.03811,0.04182,0.02349,0.02772,0.03602
0.16968,0.17116,0.09978,0.16499,0.14113,0.04779,0.03742,0.03520,0.03705,0.09580
0.21964,0.13553,0.23597,0.11386,0.13462,0.03347,0.03680,0.03124,0.03586,0.02300
0.07261,0.11030,0.21720,0.20024,0.13701,0.05806,0.02387,0.03132,0.06387,0.08553
0.21303,0.09454,0.07176,0.14954,0.26211,0.06283,0.02485,0.02768,0.04702,0.04663
0.06192,0.12013,0.34361,0.15365,0.18455,0.02127,0.03666,0.01985,0.02166,0.03670
0.30416,0.10023,0.10565,0.25080,0.14679,0.02654,0.01388,0.01328,0.02180,0.01688
0.16476,0.13443,0.12354,0.26688,0.17011,0.02322,0.03180,0.02914,0.02818,0.02793
0.15822,0.13642,0.13689,0.18368,0.15231,0.03491,0.09254,0.03153,0.02445,0.04905
0.13845,0.10833,0.13550,0.09664,0.10970,0.05150,0.06138,0.05552,0.04115,0.20182
0.39961,0.11218,0.22132,0.07392,0.08445,0.01760,0.02913,0.01878,0.01243,0.03059
0.19504,0.13862,0.12462,0.14202,0.20767,0.04688,0.01901,0.04177,0.03040,0.05398
0.41334,0.13259,0.06901,0.11152,0.15349,0.02146,0.02115,0.02553,0.01612,0.03579
0.16308,0.09198,0.12365,0.19016,0.26206,0.03664,0.04255,0.02413,0.02904,0.03672
0.11442,0.11822,0.22741,0.14847,0.15616,0.08269,0.02783,0.02873,0.05837,0.03770
0.21623,0.17060,0.12987,0.20225,0.17044,0.02393,0.01568,0.01940,0.02074,0.03086
0.20020,0.12013,0.14208,0.10541,0.28222,0.03425,0.01815,0.02956,0.03371,0.03429
0.23723,0.17625,0.08909,0.16440,0.13474,0.04159,0.03240,0.03254,0.02745,0.06432
0.13105,0.14499,0.27605,0.14269,0.20372,0.02494,0.02163,0.01800,0.01765,0.01928
0.30456,0.21274,0.06992,0.15137,0.11242,0.04412,0.03610,0.01682,0.03181,0.02014
0.08228,0.11446,0.10175,0.20618,0.12773,0.07515,0.06352,0.04682,0.08493,0.09717
0.44383,0.04542,0.10454,0.09141,0.06520,0.03709,0.08786,0.04038,0.02363,0.06062
0.14385,0.18913,0.05610,0.07601,0.44386,0.02089,0.02342,0.01409,0.01640,0.01625
0.12032,0.13434,0.10577,0.08823,0.10680,0.06665,0.26596,0.02993,0.05959,0.02241
0.05683,0.26800,0.07194,0.25709,0.10753,0.05989,0.05029,0.03704,0.04299,0.04842
0.46725,0.07577,0.18396,0.05973,0.05741,0.02101,0.02460,0.03062,0.01568,0.06397
0.34344,0.41922,0.09590,0.03753,0.06354,0.00950,0.00583,0.00703,0.00728,0.01074
0.23696,0.07815,0.17548,0.13452,0.11379,0.07977,0.06189,0.02663,0.06331,0.02950
0.19617,0.18985,0.26025,0.13655,0.10856,0.02328,0.03465,0.01810,0.01432,0.01829
0.23076,0.08130,0.15341,0.15353,0.26238,0.02145,0.02197,0.02330,0.01840,0.03349
0.16161,0.12725,0.12154,0.12617,0.14176,0.04415,0.09981,0.06210,0.03850,0.07710
0.15177,0.34061,0.08974,0.06009,0.10618,0.06368,0.02498,0.03613,0.05917,0.06765
0.13692,0.10231,0.14612,0.12047,0.11724,0.11406,0.05595,0.06134,0.08784,0.05775
0.18437,0.13623,0.08727,0.16450,0.27107,0.03641,0.02026,0.02520,0.02570,0.04898
0.13682,0.17963,0.15649,0.25098,0.12202,0.03097,0.03890,0.02459,0.03748,0.02212
0.36068,0.07646,0.12923,0.13115,0.20157,0.01514,0.02209,0.02169,0.01712,0.02487
0.29073,0.07949,0.11620,0.07543,0.13206,0.05061,0.03020,0.04239,0.04411,0.13879
0.05596,0.25441,0.13729,0.37405,0.08079,0.02342,0.01854,0.01460,0.02059,0.02034
0.11100,0.22749,0.20026,0.09442,0.16146,0.04161,0.04602,0.03106,0.04586,0.04082
0.16225,0.12876,0.25396,0.06640,0.10282,0.03162,0.03475,0.04145,0.02602,0.15198
0.32893,0.12053,0.09550,0.10949,0.23010,0.01938,0.02175,0.02938,0.01503,0.02992
0.16464,0.34846,0.12389,0.05702,0.10422,0.07284,0.03261,0.03122,0.03391,0.03120
0.23426,0.11340,0.15937,0.13509,0.23990,0.02618,0.03467,0.02122,0.01714,0.01877
0.15670,0.16176,0.25904,0.07002,0.11901,0.03951,0.03284,0.03898,0.02950,0.09265
0.29710,0.08557,0.12690,0.17142,0.14447,0.05330,0.03005,0.03446,0.03078,0.02595
0.20978,0.19413,0.08884,0.10467,0.29060,0.02306,0.02921,0.01989,0.01839,0.02143
0.23490,0.19025,0.08399,0.24407,0.07754,0.04217,0.02597,0.02784,0.04103,0.03224
0.19981,0.11451,0.11423,0.12131,0.18850,0.02791,0.11755,0.03125,0.02616,0.05878
0.17350,0.14552,0.15060,0.15646,0.17216,0.05192,0.04088,0.03438,0.05043,0.02413
0.16887,0.18335,0.19443,0.07969,0.07674,0.06806,0.05535,0.05543,0.05857,0.05951
0.21870,0.10604,0.11728,0.11480,0.15307,0.04923,0.11446,0.03299,0.03572,0.05770
0.49326,0.10162,0.08670,0.08720,0.14175,0.01989,0.01671,0.01679,0.01478,0.02130
0.25285,0.06563,0.11982,0.17360,0.12286,0.05489,0.07902,0.02485,0.05197,0.05452
0.16219,0.10530,0.18379,0.25827,0.10801,0.04253,0.04360,0.03500,0.03329,0.02802
0.23536,0.26611,0.16111,0.08093,0.09378,0.02430,0.04955,0.03600,0.01920,0.03366
0.45338,0.05680,0.24216,0.07802,0.12171,0.01033,0.01204,0.00785,0.00855,0.00917
0.14084,0.10540,0.14103,0.11625,0.35687,0.02629,0.03436,0.02663,0.02016,0.03218
0.12899,0.12333,0.12821,0.25370,0.20440,0.03924,0.03201,0.02491,0.03292,0.03228
0.11076,0.07614,0.05878,0.22163,0.39545,0.03278,0.03310,0.02175,0.02311,0.02649
0.27856,0.08640,0.25637,0.11929,0.15979,0.01950,0.01734,0.01892,0.01702,0.02681
0.11530,0.11566,0.10865,0.21817,0.16248,0.06087,0.03938,0.06822,0.05390,0.05736
0.09675,0.15782,0.12337,0.25420,0.12322,0.06523,0.02552,0.03963,0.04599,0.06827
0.29963,0.14584,0.12273,0.09718,0.25076,0.01843,0.01588,0.01281,0.01377,0.02296
0.14733,0.13754,0.29807,0.06255,0.18403,0.03624,0.04036,0.02812,0.03400,0.03176
0.22981,0.24000,0.08533,0.20196,0.14337,0.02032,0.02624,0.01556,0.02016,0.01725
0.13384,0.11358,0.17751,0.22713,0.11423,0.05393,0.03644,0.05361,0.04395,0.04578
0.21795,0.14908,0.18068,0.13482,0.16503,0.02065,0.06490,0.02023,0.01502,0.03164
0.17986,0.10588,0.12440,0.21196,0.30343,0.01598,0.01028,0.01422,0.01418,0.01982
0.29792,0.15068,0.12409,0.13064,0.16646,0.02832,0.02383,0.02675,0.02202,0.02930
0.38995,0.07436,0.06949,0.19028,0.10993,0.02235,0.05557,0.02604,0.01652,0.04551
0.20613,0.10295,0.15405,0.12366,0.18011,0.04674,0.03626,0.06295,0.03357,0.05359
0.36225,0.05882,0.08438,0.24290,0.12597,0.01970,0.01968,0.02335,0.01963,0.04332
0.43917,0.05079,0.16172,0.14983,0.05428,0.02648,0.01879,0.03261,0.02695,0.03938
0.13279,0.24995,0.16951,0.18614,0.13162,0.03078,0.01666,0.02528,0.02440,0.03288
0.22864,0.11113,0.18943,0.16798,0.23226,0.01496,0.01318,0.01087,0.01347,0.01807
0.33053,0.10554,0.16910,0.13028,0.19054,0.01569,0.01281,0.01174,0.01561,0.01817
0.14000,0.14319,0.19782,0.09382,0.25632,0.04023,0.03313,0.02663,0.03362,0.03524
0.22358,0.22479,0.13792,0.05940,0.19686,0.03803,0.02722,0.02437,0.02587,0.04195
0.16660,0.25574,0.12548,0.17378,0.16104,0.02696,0.02142,0.02218,0.02151,0.02529
0.07468,0.10765,0.08339,0.14545,0.12242,0.12665,0.02800,0.04489,0.20626,0.06061
0.29270,0.07304,0.07976,0.15009,0.19933,0.04057,0.05803,0.03212,0.02906,0.04530
0.38342,0.12960,0.09492,0.08618,0.15880,0.03299,0.02879,0.02358,0.02685,0.03487
