0.17663,0.06065,0.07080,0.15877,0.06004,0.10497,0.04823,0.05544,0.02361,0.07101,0.03299,0.01646,0.01071,0.01486,0.01447,0.01224,0.02971,0.01477,0.00914,0.01451
0.17051,0.05542,0.06836,0.17941,0.06024,0.11372,0.05006,0.05081,0.02464,0.06407,0.03303,0.01305,0.01061,0.01323,0.01405,0.01257,0.02791,0.01545,0.01031,0.01254
0.10162,0.05336,0.05285,0.25459,0.05194,0.05763,0.04427,0.04428,0.03043,0.06053,0.04982,0.02177,0.01872,0.02463,0.02063,0.02201,0.03895,0.02047,0.01207,0.01944
0.12379,0.06663,0.07209,0.20681,0.04903,0.11576,0.05483,0.05300,0.02430,0.07512,0.03993,0.01275,0.00938,0.01184,0.01036,0.01023,0.03457,0.01102,0.00775,0.01080
0.17392,0.05911,0.07713,0.15498,0.05283,0.11336,0.05774,0.04788,0.02215,0.05883,0.03950,0.01569,0.01084,0.01331,0.01477,0.01253,0.03499,0.01481,0.00948,0.01614
0.14746,0.05183,0.06397,0.14436,0.05946,0.09413,0.04739,0.05473,0.02614,0.05579,0.06685,0.02045,0.01264,0.01970,0.01719,0.01748,0.05886,0.01462,0.01072,0.01623
0.17860,0.05002,0.08186,0.16645,0.05073,0.10419,0.05295,0.04915,0.02217,0.06264,0.05001,0.01240,0.01022,0.01018,0.01175,0.01009,0.04146,0.01291,0.00919,0.01306
0.16079,0.05686,0.07993,0.14779,0.06061,0.09690,0.06067,0.06006,0.02573,0.06684,0.04089,0.01404,0.01290,0.01462,0.01752,0.01301,0.03425,0.01434,0.00987,0.01236
0.15055,0.05609,0.07710,0.13375,0.06206,0.10263,0.05597,0.06411,0.02843,0.07345,0.04050,0.01760,0.01270,0.01528,0.01580,0.01515,0.03735,0.01587,0.01150,0.01410
0.28492,0.04584,0.06431,0.16530,0.04432,0.10254,0.04327,0.04377,0.01777,0.04853,0.02663,0.01181,0.01115,0.01241,0.01251,0.01072,0.02260,0.01106,0.00799,0.01255
0.13392,0.05779,0.07499,0.17223,0.05108,0.10158,0.05746,0.04800,0.02813,0.07043,0.05045,0.01866,0.01277,0.01680,0.01414,0.01363,0.03891,0.01560,0.00980,0.01365
0.14255,0.05706,0.07150,0.19414,0.04416,0.12007,0.04560,0.04442,0.02279,0.06123,0.05765,0.01323,0.00872,0.01135,0.01055,0.01075,0.05358,0.01026,0.00846,0.01194
0.15135,0.05746,0.07483,0.16272,0.06049,0.11693,0.04776,0.05722,0.02727,0.05972,0.04150,0.01506,0.01197,0.01377,0.01476,0.01335,0.03723,0.01440,0.00922,0.01298
0.13791,0.06559,0.07639,0.16712,0.06818,0.09884,0.06287,0.06091,0.02810,0.06842,0.02844,0.01621,0.01326,0.01600,0.01399,0.01476,0.02536,0.01522,0.00936,0.01306
0.15180,0.06344,0.07377,0.13964,0.06874,0.10764,0.05180,0.07275,0.03188,0.06727,0.02890,0.01642,0.01313,0.01500,0.01654,0.01428,0.02673,0.01678,0.00998,0.01354
0.13040,0.05670,0.07865,0.11739,0.05561,0.09189,0.05718,0.05732,0.02948,0.06468,0.04894,0.02881,0.01561,0.02256,0.02143,0.02289,0.04404,0.02118,0.01455,0.02071
0.17972,0.04571,0.07731,0.16704,0.04965,0.13464,0.04556,0.04809,0.02386,0.05756,0.03940,0.01332,0.00882,0.01373,0.01277,0.01113,0.03828,0.01237,0.00991,0.01113
0.10157,0.05205,0.05645,0.13593,0.04983,0.08197,0.05083,0.04615,0.02684,0.06538,0.12970,0.01681,0.01071,0.01439,0.01286,0.01469,0.09809,0.01423,0.00890,0.01261
0.12073,0.06244,0.08301,0.14148,0.05412,0.09333,0.06631,0.05251,0.03082,0.07310,0.05576,0.01626,0.01560,0.01697,0.01637,0.01538,0.04337,0.01598,0.01193,0.01452
0.13978,0.05491,0.06642,0.18386,0.05735,0.10678,0.05357,0.04851,0.02663,0.05531,0.03959,0.01863,0.01614,0.02000,0.01875,0.01759,0.02872,0.01810,0.01284,0.01651
0.15017,0.05507,0.07470,0.15887,0.05840,0.11117,0.04577,0.05017,0.02477,0.05903,0.05436,0.01697,0.01213,0.01490,0.01343,0.01348,0.04966,0.01396,0.00962,0.01337
0.13619,0.06066,0.07571,0.15041,0.06049,0.09927,0.06807,0.05883,0.02789,0.06590,0.04013,0.01605,0.01331,0.01673,0.01564,0.01614,0.03657,0.01560,0.01040,0.01600
0.16364,0.05124,0.06330,0.17254,0.04968,0.10522,0.04636,0.05197,0.02155,0.06090,0.05206,0.02019,0.01250,0.01692,0.01494,0.01709,0.03877,0.01756,0.00944,0.01413
0.15824,0.05172,0.06679,0.15649,0.05187,0.09822,0.05002,0.04810,0.02181,0.06363,0.06951,0.01464,0.01138,0.01419,0.01357,0.01321,0.06008,0.01436,0.00926,0.01290
0.14454,0.05259,0.07682,0.13753,0.06266,0.10743,0.04330,0.05986,0.02437,0.06851,0.05404,0.01451,0.01285,0.01529,0.01444,0.01426,0.05836,0.01418,0.01056,0.01390
0.18701,0.04728,0.06106,0.21113,0.04220,0.11323,0.04756,0.04622,0.02001,0.05271,0.04253,0.01594,0.01010,0.01253,0.01236,0.01272,0.03363,0.01115,0.00799,0.01263
0.20897,0.04594,0.06746,0.22340,0.04864,0.10548,0.04461,0.04566,0.02067,0.04882,0.02980,0.01201,0.01057,0.01098,0.01172,0.01131,0.02419,0.01050,0.00731,0.01195
0.17676,0.04473,0.08238,0.17821,0.04885,0.12171,0.04626,0.05347,0.02198,0.05695,0.03419,0.01310,0.01021,0.01439,0.01401,0.01267,0.03450,0.01346,0.00905,0.01313
0.12419,0.05251,0.05925,0.25348,0.04592,0.08181,0.04401,0.03983,0.02713,0.06141,0.05850,0.01328,0.00918,0.01425,0.01185,0.01257,0.05471,0.01288,0.00998,0.01328
0.16509,0.06163,0.07883,0.14641,0.05668,0.09910,0.05180,0.06635,0.02903,0.06538,0.03555,0.01582,0.01446,0.01413,0.01416,0.01425,0.03223,0.01466,0.01070,0.01373
0.16004,0.05990,0.08020,0.16387,0.05625,0.10727,0.05555,0.05471,0.02957,0.06149,0.03409,0.01491,0.01203,0.01640,0.01349,0.01340,0.02774,0.01522,0.01093,0.01296
0.14609,0.04853,0.07459,0.14648,0.06026,0.10652,0.05827,0.05321,0.02717,0.06646,0.03882,0.01927,0.01512,0.01901,0.01955,0.01983,0.03175,0.01882,0.01272,0.01753
0.25850,0.04322,0.05934,0.19874,0.04055,0.10475,0.03772,0.04493,0.01776,0.04991,0.03458,0.01259,0.00914,0.01084,0.01140,0.01088,0.02891,0.01056,0.00657,0.00912
0.12805,0.07106,0.08907,0.14985,0.05865,0.09495,0.05811,0.05947,0.03096,0.07291,0.03308,0.01849,0.01248,0.01734,0.01541,0.01670,0.02871,0.01777,0.01077,0.01620
0.18344,0.04991,0.06492,0.22498,0.05316,0.12851,0.04681,0.04788,0.01934,0.05723,0.02392,0.01202,0.00876,0.01138,0.01071,0.00931,0.01997,0.01028,0.00732,0.01016
0.16552,0.05337,0.08195,0.15641,0.05038,0.10690,0.04604,0.05763,0.02596,0.05884,0.04187,0.01699,0.01343,0.01774,0.01621,0.01410,0.03675,0.01580,0.01051,0.01358
0.11126,0.05720,0.06371,0.15853,0.06213,0.10431,0.06264,0.04942,0.03492,0.08321,0.03705,0.02108,0.01781,0.01826,0.01706,0.01598,0.03755,0.01661,0.01252,0.01875
0.12017,0.05672,0.06880,0.14150,0.05334,0.09731,0.05323,0.04530,0.02887,0.06803,0.06220,0.02037,0.01396,0.01882,0.02121,0.02063,0.06265,0.01745,0.01220,0.01725
0.18566,0.05020,0.08501,0.15516,0.07093,0.10922,0.04135,0.04792,0.02251,0.06344,0.04206,0.01343,0.00908,0.01302,0.01233,0.01283,0.03365,0.01232,0.00832,0.01154
0.14858,0.05265,0.07212,0.13497,0.05215,0.09279,0.05944,0.04967,0.02588,0.06551,0.06804,0.01915,0.01198,0.01687,0.01651,0.01655,0.05388,0.01803,0.01047,0.01475
0.18083,0.05761,0.06312,0.13101,0.05764,0.11645,0.05078,0.05866,0.02941,0.05583,0.04028,0.01649,0.01562,0.01917,0.01523,0.01744,0.03114,0.01682,0.01166,0.01481
0.20171,0.05094,0.07324,0.16861,0.04816,0.11522,0.04658,0.05091,0.02242,0.06325,0.03022,0.01394,0.01109,0.01344,0.01440,0.01311,0.02753,0.01292,0.00907,0.01325
0.16478,0.04957,0.07619,0.16802,0.04972,0.09669,0.04810,0.05722,0.02385,0.06044,0.04984,0.01598,0.01218,0.01595,0.01399,0.01389,0.04816,0.01399,0.00918,0.01225
0.16629,0.04734,0.06454,0.17189,0.05076,0.08044,0.04358,0.04121,0.02611,0.05779,0.08712,0.01380,0.01055,0.01348,0.01309,0.01211,0.06394,0.01426,0.00880,0.01292
0.16747,0.04860,0.07614,0.17557,0.03912,0.10835,0.04049,0.04096,0.02062,0.05630,0.08699,0.01151,0.00884,0.01034,0.01093,0.01051,0.05964,0.01134,0.00706,0.00922
0.16230,0.05657,0.07475,0.17478,0.05356,0.10317,0.05116,0.05367,0.02676,0.06766,0.03215,0.01730,0.01190,0.01521,0.01507,0.01532,0.03005,0.01449,0.01011,0.01401
0.10869,0.05886,0.07024,0.16041,0.07074,0.11558,0.06177,0.06129,0.02935,0.07831,0.03700,0.01586,0.01412,0.01726,0.01593,0.01547,0.03104,0.01357,0.01046,0.01406
0.19102,0.05190,0.06569,0.19792,0.05103,0.11218,0.04573,0.04734,0.02201,0.06310,0.03235,0.01294,0.00954,0.01351,0.01149,0.01344,0.02825,0.01147,0.00768,0.01140
0.15863,0.04517,0.07235,0.14555,0.07747,0.08406,0.05020,0.05235,0.02741,0.05768,0.04294,0.02361,0.01499,0.01989,0.01910,0.01692,0.03720,0.01745,0.01190,0.02513
0.16025,0.05627,0.07788,0.17870,0.06245,0.09646,0.05714,0.05322,0.02372,0.06573,0.03246,0.01582,0.01117,0.01348,0.01659,0.01440,0.02995,0.01337,0.00816,0.01279
0.18015,0.04741,0.06397,0.20625,0.05216,0.09888,0.04375,0.05169,0.02079,0.06723,0.03019,0.01591,0.01170,0.01688,0.01543,0.01512,0.02569,0.01274,0.00919,0.01489
0.15179,0.05145,0.08806,0.14899,0.05295,0.09259,0.04949,0.05120,0.02260,0.06127,0.05360,0.01833,0.01439,0.02157,0.01966,0.01725,0.04026,0.01991,0.00934,0.01531
0.19826,0.04844,0.06666,0.22399,0.04507,0.11387,0.04468,0.04752,0.02033,0.05223,0.03242,0.01178,0.00883,0.01069,0.00945,0.01089,0.02693,0.01082,0.00719,0.00994
0.16396,0.04975,0.07979,0.12890,0.05212,0.11322,0.05290,0.05596,0.02509,0.05520,0.05809,0.01552,0.01117,0.01369,0.01298,0.01270,0.05967,0.01541,0.00997,0.01393
0.15042,0.04763,0.07008,0.13694,0.05800,0.10373,0.05096,0.05225,0.02612,0.06516,0.05762,0.01696,0.01517,0.01730,0.01736,0.01971,0.04828,0.01771,0.01182,0.01679
0.16492,0.04467,0.07728,0.17863,0.04703,0.10966,0.04152,0.04831,0.01869,0.05628,0.06604,0.01318,0.00961,0.01166,0.01319,0.01161,0.05467,0.01217,0.00818,0.01269
0.17826,0.06065,0.07266,0.16528,0.05456,0.11610,0.04979,0.05335,0.02867,0.06209,0.03307,0.01337,0.01185,0.01075,0.01349,0.01171,0.02858,0.01431,0.00855,0.01291
0.14110,0.05793,0.06650,0.10329,0.05645,0.10527,0.05260,0.05414,0.02552,0.06117,0.08789,0.01533,0.01257,0.01443,0.01297,0.01309,0.07956,0.01473,0.01070,0.01477
0.17340,0.05775,0.08244,0.09460,0.06582,0.13237,0.05983,0.05776,0.02775,0.06868,0.03476,0.01584,0.01334,0.01559,0.01435,0.01435,0.02903,0.01590,0.01227,0.01415
0.19676,0.04640,0.07254,0.18488,0.05143,0.10824,0.04742,0.04644,0.01987,0.05805,0.04424,0.01103,0.00948,0.01073,0.01078,0.01164,0.04213,0.01136,0.00664,0.00993
0.13406,0.06273,0.08734,0.17886,0.06439,0.11141,0.05589,0.05174,0.02640,0.07764,0.02999,0.01376,0.01009,0.01083,0.01302,0.01031,0.03027,0.01187,0.00739,0.01199
0.16687,0.04932,0.07606,0.17142,0.05656,0.10870,0.04919,0.05373,0.02703,0.05895,0.03871,0.01555,0.01243,0.01357,0.01336,0.01517,0.03672,0.01390,0.01012,0.01264
0.14115,0.05721,0.06917,0.22651,0.05012,0.08646,0.04906,0.05061,0.02774,0.06562,0.03976,0.01440,0.01173,0.01426,0.01410,0.01346,0.03069,0.01465,0.01026,0.01303
0.15573,0.05933,0.08150,0.15735,0.05487,0.09680,0.05195,0.06033,0.02450,0.05902,0.04646,0.01662,0.01271,0.01775,0.01402,0.01502,0.03736,0.01512,0.01008,0.01349
0.13203,0.04006,0.05951,0.12825,0.03881,0.09508,0.03590,0.04122,0.01658,0.05321,0.15210,0.00994,0.00845,0.00865,0.00857,0.00823,0.13896,0.00934,0.00684,0.00828
0.13217,0.05566,0.07648,0.12559,0.05992,0.09558,0.05873,0.05672,0.03021,0.06375,0.05943,0.01785,0.01488,0.01952,0.01770,0.01659,0.05127,0.01942,0.01237,0.01617
0.17057,0.04851,0.06515,0.16936,0.05287,0.08989,0.04124,0.04738,0.02364,0.06997,0.05907,0.01589,0.01187,0.01576,0.01402,0.01443,0.05298,0.01456,0.00944,0.01339
0.15499,0.05600,0.06659,0.16102,0.05269,0.11606,0.04543,0.05200,0.02765,0.06945,0.05181,0.01291,0.01151,0.01339,0.01454,0.01301,0.04464,0.01509,0.00918,0.01204
0.13961,0.05979,0.06412,0.14814,0.05923,0.11527,0.05578,0.05528,0.03000,0.05863,0.04778,0.01614,0.01299,0.01649,0.01543,0.01654,0.04387,0.01639,0.01113,0.01741
0.14689,0.05646,0.07007,0.15880,0.05823,0.10471,0.05169,0.05663,0.02422,0.06900,0.04163,0.01791,0.01457,0.01708,0.01714,0.01577,0.03531,0.01548,0.01152,0.01691
0.10922,0.05448,0.07155,0.11261,0.04761,0.08337,0.05683,0.05359,0.02698,0.05941,0.08831,0.02513,0.01756,0.02040,0.02465,0.01926,0.07304,0.02290,0.01137,0.02174
0.15895,0.05524,0.06873,0.18064,0.04541,0.10937,0.05049,0.05415,0.02447,0.06940,0.03791,0.01428,0.01216,0.01461,0.01513,0.01473,0.03730,0.01503,0.00929,0.01271
0.11506,0.06233,0.08219,0.13796,0.05653,0.11007,0.05789,0.05039,0.02779,0.07206,0.05207,0.01666,0.01261,0.01656,0.01580,0.01535,0.05749,0.01601,0.01071,0.01444
0.20961,0.04565,0.06590,0.19047,0.05341,0.13016,0.04077,0.05000,0.02027,0.06024,0.02473,0.01244,0.00993,0.01017,0.01233,0.01069,0.02107,0.01163,0.00827,0.01226
0.14060,0.05218,0.08878,0.14980,0.05804,0.09047,0.06069,0.05734,0.02721,0.07233,0.03325,0.02231,0.01675,0.01718,0.01678,0.01549,0.02975,0.01987,0.01276,0.01841
0.17126,0.04840,0.06001,0.26867,0.04771,0.13006,0.03953,0.04123,0.01868,0.05513,0.02756,0.00980,0.00825,0.00959,0.00890,0.00934,0.02166,0.00910,0.00554,0.00959
0.12766,0.04258,0.06246,0.12186,0.04638,0.08432,0.04273,0.04463,0.02105,0.05285,0.13432,0.01454,0.01142,0.01364,0.01426,0.01276,0.11657,0.01458,0.00837,0.01303
0.12315,0.06705,0.08300,0.13590,0.05418,0.09007,0.06329,0.04648,0.02944,0.07463,0.05384,0.01953,0.01214,0.01779,0.01625,0.01661,0.05330,0.01642,0.01145,0.01548
0.15410,0.05512,0.07361,0.18026,0.04678,0.10749,0.05280,0.05258,0.02772,0.07258,0.03824,0.01481,0.01198,0.01429,0.01390,0.01378,0.03372,0.01369,0.00929,0.01325
0.18007,0.05974,0.06929,0.15505,0.05148,0.08786,0.04672,0.05970,0.02526,0.06020,0.04625,0.01494,0.01225,0.01547,0.01436,0.01679,0.04556,0.01500,0.01001,0.01403
0.15888,0.05982,0.08282,0.15245,0.04991,0.11836,0.04719,0.05260,0.02477,0.06662,0.04741,0.01250,0.01114,0.01192,0.01327,0.01121,0.04611,0.01286,0.00882,0.01136
0.17855,0.04671,0.06198,0.16769,0.04603,0.11803,0.04659,0.05499,0.02248,0.05938,0.03455,0.01857,0.01464,0.01733,0.01855,0.01724,0.03104,0.01807,0.01097,0.01661
0.14918,0.04809,0.06954,0.17216,0.05040,0.09787,0.04447,0.05619,0.02844,0.05606,0.07256,0.01468,0.01218,0.01367,0.01527,0.01158,0.05150,0.01395,0.00834,0.01388
0.13604,0.05215,0.08603,0.15697,0.05623,0.09407,0.04936,0.05894,0.02579,0.05399,0.05223,0.02068,0.01389,0.01682,0.01706,0.01587,0.04922,0.01639,0.01139,0.01688
0.18372,0.04777,0.06620,0.23697,0.04800,0.09797,0.04569,0.04505,0.02333,0.05898,0.03414,0.01157,0.00922,0.01126,0.01007,0.01218,0.02708,0.01076,0.00781,0.01220
0.14874,0.05527,0.07199,0.13654,0.06515,0.12032,0.05920,0.05965,0.02974,0.07048,0.02472,0.01858,0.01536,0.01871,0.01727,0.01771,0.02332,0.01870,0.01289,0.01566
0.21566,0.05454,0.07041,0.17429,0.04436,0.12128,0.04354,0.04693,0.02140,0.05665,0.02411,0.01449,0.01172,0.01372,0.01356,0.01312,0.02488,0.01275,0.00957,0.01302
0.19005,0.05469,0.06881,0.16728,0.05484,0.09082,0.05009,0.05365,0.02324,0.06806,0.02517,0.01812,0.01276,0.01946,0.01754,0.01755,0.02426,0.01735,0.00960,0.01665
0.12995,0.05511,0.08146,0.12933,0.05397,0.10519,0.05741,0.06682,0.02807,0.07528,0.05219,0.01476,0.01216,0.01493,0.01544,0.01277,0.05313,0.01528,0.01246,0.01429
0.15347,0.04876,0.07141,0.15117,0.05030,0.10784,0.04955,0.05456,0.02487,0.06003,0.05330,0.02061,0.01307,0.01586,0.01730,0.01781,0.04891,0.01538,0.01042,0.01537
0.31255,0.04074,0.07150,0.10379,0.04730,0.14249,0.03954,0.04689,0.01729,0.04562,0.02953,0.01071,0.00849,0.00917,0.01004,0.00830,0.03043,0.00974,0.00660,0.00928
0.16981,0.04999,0.08080,0.17592,0.05185,0.11137,0.04560,0.04808,0.02121,0.06805,0.04603,0.01259,0.01122,0.01443,0.01317,0.01208,0.03615,0.01146,0.00860,0.01158
0.21771,0.04440,0.06391,0.18586,0.05572,0.11968,0.04443,0.05178,0.02025,0.05244,0.03282,0.01350,0.00990,0.01098,0.01211,0.01103,0.02544,0.01100,0.00692,0.01013
0.15902,0.05310,0.08553,0.10527,0.05396,0.16195,0.05499,0.05535,0.02534,0.07325,0.03689,0.01534,0.01024,0.01491,0.01307,0.01303,0.03494,0.01263,0.00916,0.01203
0.10445,0.06638,0.07351,0.13361,0.07111,0.11163,0.06576,0.05558,0.03617,0.06766,0.02918,0.02286,0.01929,0.01949,0.02182,0.01969,0.02532,0.01850,0.01735,0.02063
0.19531,0.04453,0.07132,0.13259,0.05217,0.10589,0.05040,0.05289,0.02638,0.05316,0.05506,0.01548,0.01406,0.01410,0.01566,0.01435,0.04513,0.01565,0.01154,0.01431
0.15877,0.05529,0.07688,0.10640,0.05601,0.12920,0.05383,0.05525,0.02533,0.05705,0.05516,0.01700,0.01284,0.01448,0.01587,0.01535,0.05395,0.01684,0.01039,0.01409
0.12081,0.06069,0.07458,0.10336,0.04960,0.10089,0.05396,0.05777,0.02843,0.06766,0.08729,0.01709,0.01390,0.01415,0.01465,0.01552,0.07682,0.01569,0.01065,0.01647
0.13440,0.06333,0.08443,0.14761,0.06096,0.11585,0.05980,0.05195,0.03067,0.06876,0.03816,0.01470,0.01146,0.01291,0.01366,0.01370,0.03820,0.01546,0.00927,0.01472
0.12205,0.05148,0.08353,0.13136,0.06073,0.09933,0.04970,0.05816,0.03032,0.06414,0.05241,0.02451,0.01455,0.02337,0.01610,0.02057,0.04500,0.02373,0.01186,0.01712
