0.14883,0.05451,0.07769,0.16850,0.05795,0.10975,0.05186,0.05847,0.02432,0.06291,0.04128,0.01448,0.01122,0.01587,0.01586,0.01246,0.03601,0.01438,0.00903,0.01462
0.15125,0.04994,0.07668,0.16091,0.05660,0.10685,0.04990,0.05585,0.02417,0.06236,0.05403,0.01673,0.01219,0.01584,0.01444,0.01333,0.04416,0.01310,0.00894,0.01271
0.13659,0.06361,0.07432,0.14773,0.05123,0.10085,0.05874,0.05197,0.02759,0.06575,0.05268,0.01796,0.01346,0.01791,0.01552,0.01583,0.04595,0.01746,0.01026,0.01457
0.14150,0.05792,0.08398,0.14663,0.06008,0.10109,0.05369,0.04967,0.02701,0.06490,0.05498,0.01584,0.01199,0.01621,0.01484,0.01305,0.04571,0.01537,0.00992,0.01562
0.15206,0.04843,0.07715,0.15825,0.05078,0.10183,0.04933,0.05400,0.02539,0.05870,0.05936,0.01573,0.01306,0.01553,0.01614,0.01384,0.05341,0.01413,0.00887,0.01401
0.14420,0.05255,0.07662,0.14582,0.05751,0.10276,0.05049,0.05968,0.03115,0.06315,0.03756,0.02045,0.01400,0.02104,0.01926,0.01725,0.03346,0.01992,0.01333,0.01981
0.13155,0.05120,0.06806,0.13285,0.04928,0.09548,0.04653,0.05236,0.02721,0.05925,0.06960,0.02289,0.01890,0.01839,0.02200,0.02201,0.06040,0.01974,0.01369,0.01862
0.13982,0.05410,0.07197,0.14093,0.05857,0.09104,0.05410,0.05466,0.02885,0.06371,0.06042,0.01632,0.01534,0.01724,0.01562,0.01773,0.05402,0.01688,0.01204,0.01662
0.14060,0.05160,0.07134,0.15298,0.05656,0.09957,0.05330,0.05367,0.02574,0.06259,0.04933,0.02160,0.01509,0.02010,0.01687,0.01762,0.04146,0.02093,0.01271,0.01632
0.13109,0.05404,0.07446,0.14085,0.05534,0.10503,0.05414,0.05373,0.02755,0.06439,0.06037,0.01986,0.01393,0.01632,0.01832,0.01723,0.05152,0.01719,0.01043,0.01420
0.14810,0.05693,0.08362,0.14114,0.05830,0.10167,0.05480,0.06019,0.02781,0.07057,0.04336,0.01568,0.01430,0.01584,0.01442,0.01559,0.03874,0.01398,0.01099,0.01398
0.13034,0.06017,0.07757,0.12649,0.05417,0.09483,0.05618,0.05167,0.03025,0.07525,0.05981,0.01976,0.01530,0.01946,0.01507,0.01616,0.05331,0.01765,0.01078,0.01578
0.13562,0.05897,0.06973,0.14718,0.05979,0.10319,0.05443,0.05627,0.03075,0.06660,0.04527,0.01982,0.01208,0.01663,0.01826,0.01701,0.04025,0.01752,0.01316,0.01749
0.12437,0.04216,0.05700,0.11831,0.04958,0.09232,0.04011,0.04894,0.02356,0.05495,0.12155,0.01530,0.01418,0.01585,0.01414,0.01455,0.11255,0.01464,0.01026,0.01568
0.12345,0.05995,0.07242,0.13598,0.06283,0.10532,0.05379,0.05395,0.03349,0.07251,0.04901,0.01928,0.01640,0.01697,0.01774,0.01785,0.04484,0.01642,0.01192,0.01586
0.13334,0.05222,0.07303,0.18249,0.06723,0.11432,0.05276,0.05025,0.02776,0.07153,0.03820,0.01407,0.01170,0.01428,0.01416,0.01306,0.03363,0.01291,0.00929,0.01377
0.14991,0.05103,0.07751,0.14650,0.04927,0.09693,0.04921,0.05452,0.02215,0.05963,0.07606,0.01392,0.01049,0.01371,0.01261,0.01139,0.07118,0.01287,0.00847,0.01264
0.14227,0.04991,0.07641,0.14461,0.05470,0.10672,0.05143,0.05486,0.02602,0.06061,0.05875,0.01797,0.01385,0.01594,0.01604,0.01592,0.05298,0.01479,0.01062,0.01561
0.13252,0.06664,0.07720,0.17886,0.05484,0.09858,0.05710,0.05154,0.02881,0.07641,0.02539,0.01765,0.01567,0.01783,0.01735,0.01675,0.02120,0.01805,0.01089,0.01673
0.16535,0.05278,0.07795,0.17349,0.06118,0.11344,0.05069,0.05233,0.02447,0.06023,0.03021,0.01647,0.01240,0.01514,0.01582,0.01547,0.02471,0.01450,0.01032,0.01307
0.13569,0.06115,0.08182,0.13654,0.05568,0.10110,0.05580,0.05467,0.02615,0.07508,0.04366,0.02164,0.01537,0.01908,0.01572,0.01885,0.03545,0.01854,0.01235,0.01567
0.13957,0.05694,0.07762,0.15012,0.05762,0.10325,0.05739,0.05572,0.02569,0.06432,0.04816,0.01775,0.01508,0.01621,0.01755,0.01606,0.03976,0.01605,0.01055,0.01456
0.10919,0.06060,0.06992,0.11146,0.05918,0.08718,0.06007,0.05438,0.03712,0.07124,0.04966,0.02788,0.01823,0.02376,0.02545,0.02636,0.04357,0.02404,0.01693,0.02378
0.13840,0.04880,0.07890,0.15234,0.06013,0.10778,0.04893,0.05784,0.02622,0.06770,0.04618,0.01994,0.01375,0.01815,0.01599,0.01665,0.03987,0.01744,0.00947,0.01551
0.15083,0.05277,0.07247,0.16069,0.05652,0.11069,0.05358,0.05518,0.02685,0.06339,0.03766,0.02020,0.01403,0.01669,0.01702,0.01712,0.03113,0.01624,0.01082,0.01612
0.14542,0.05499,0.06671,0.13901,0.05245,0.10205,0.05259,0.05310,0.02628,0.06771,0.05396,0.01916,0.01643,0.01854,0.01974,0.01599,0.04970,0.01675,0.01191,0.01752
0.13759,0.06507,0.07990,0.14699,0.05414,0.09940,0.05986,0.05342,0.02987,0.06815,0.04550,0.01734,0.01160,0.01606,0.01632,0.01609,0.03922,0.01749,0.01070,0.01528
0.10803,0.04861,0.06601,0.11607,0.04558,0.08708,0.04908,0.05181,0.02533,0.06137,0.10431,0.01894,0.01347,0.01561,0.02012,0.01807,0.10182,0.01664,0.01205,0.02000
0.12994,0.05680,0.06953,0.14021,0.05700,0.10925,0.05579,0.05810,0.03225,0.06543,0.03900,0.02183,0.01688,0.02210,0.02013,0.01934,0.03371,0.02097,0.01389,0.01785
0.12371,0.05923,0.06511,0.12214,0.05413,0.09749,0.05299,0.05655,0.03181,0.06759,0.06925,0.01796,0.01454,0.01903,0.01851,0.01677,0.06285,0.01934,0.01294,0.01806
0.14315,0.05740,0.07309,0.14759,0.05929,0.10496,0.05897,0.05476,0.03019,0.06757,0.03697,0.01860,0.01598,0.01776,0.01783,0.01821,0.03061,0.01794,0.01300,0.01613
0.14263,0.05765,0.07859,0.13958,0.06008,0.10406,0.05713,0.05603,0.02823,0.06914,0.03875,0.01996,0.01380,0.01758,0.01726,0.01657,0.03164,0.01940,0.01368,0.01824
0.14780,0.05806,0.07942,0.14682,0.05587,0.11106,0.04995,0.06003,0.02974,0.06467,0.03934,0.01767,0.01304,0.01750,0.01618,0.01469,0.03369,0.01583,0.01249,0.01613
0.16683,0.04695,0.07588,0.16251,0.06138,0.11645,0.04737,0.05894,0.01966,0.06253,0.04525,0.01475,0.01079,0.01521,0.01329,0.01266,0.03658,0.01221,0.00894,0.01183
0.14546,0.06035,0.06104,0.15096,0.05094,0.09972,0.05144,0.04828,0.02566,0.06592,0.05818,0.01780,0.01507,0.01574,0.02024,0.01625,0.04925,0.01349,0.01306,0.02114
0.11859,0.06118,0.07481,0.11672,0.05950,0.09393,0.06150,0.05742,0.03436,0.06895,0.03379,0.02876,0.01922,0.02349,0.02590,0.02391,0.02955,0.02191,0.02090,0.02560
0.16841,0.05482,0.08101,0.16964,0.05800,0.11448,0.05286,0.05211,0.02384,0.06564,0.02937,0.01418,0.01233,0.01366,0.01427,0.01459,0.02267,0.01457,0.01050,0.01304
0.15343,0.05297,0.07982,0.16634,0.05934,0.11377,0.05287,0.05900,0.02383,0.06916,0.03991,0.01337,0.00952,0.01346,0.01186,0.01214,0.03531,0.01290,0.00874,0.01227
0.13597,0.06130,0.07419,0.15156,0.05157,0.09165,0.04810,0.04846,0.02721,0.06407,0.06826,0.01555,0.01229,0.01651,0.01526,0.01483,0.06115,0.01676,0.01060,0.01470
0.12597,0.06283,0.07642,0.12976,0.05428,0.09906,0.05576,0.05372,0.02966,0.06557,0.05232,0.02108,0.01670,0.02134,0.02014,0.01932,0.04322,0.01886,0.01368,0.02032
0.16850,0.05264,0.08021,0.19089,0.05384,0.10622,0.04735,0.05538,0.02238,0.05725,0.03123,0.01621,0.01251,0.01441,0.01522,0.01434,0.02597,0.01304,0.00951,0.01292
0.10766,0.05787,0.06370,0.11038,0.05683,0.09117,0.05340,0.05868,0.03503,0.06895,0.05687,0.02943,0.02106,0.02762,0.02142,0.02462,0.04831,0.02616,0.01753,0.02332
0.12515,0.06332,0.07904,0.11662,0.05969,0.11908,0.06275,0.05991,0.03069,0.06640,0.03525,0.02350,0.01761,0.01942,0.02121,0.01871,0.02906,0.01904,0.01428,0.01928
0.13956,0.05516,0.07488,0.14356,0.05525,0.10165,0.05621,0.05254,0.02921,0.06481,0.06127,0.01759,0.01104,0.01535,0.01456,0.01531,0.05432,0.01395,0.01011,0.01369
0.16990,0.05401,0.07930,0.17573,0.06318,0.12162,0.05226,0.05799,0.02424,0.06721,0.02562,0.01172,0.01071,0.01199,0.01135,0.01142,0.02291,0.01032,0.00736,0.01115
0.13177,0.05870,0.08053,0.13856,0.06020,0.10711,0.06302,0.05694,0.03246,0.07094,0.04307,0.01762,0.01282,0.01670,0.01575,0.01645,0.03413,0.01693,0.01160,0.01471
0.14873,0.05527,0.07554,0.15042,0.05947,0.10323,0.05036,0.05623,0.02644,0.06155,0.04425,0.02042,0.01495,0.01736,0.01633,0.01818,0.03597,0.01827,0.01127,0.01575
0.16225,0.05467,0.07734,0.16189,0.05764,0.11471,0.04888,0.05834,0.02469,0.06273,0.03106,0.01653,0.01449,0.01659,0.01638,0.01421,0.02571,0.01643,0.01047,0.01500
0.14284,0.05110,0.07308,0.14740,0.05448,0.09993,0.05130,0.05803,0.02722,0.06035,0.04933,0.01959,0.01468,0.01878,0.02012,0.02007,0.04443,0.01974,0.01192,0.01562
0.16775,0.05239,0.07438,0.16494,0.06012,0.11320,0.05159,0.05801,0.02432,0.06308,0.03566,0.01344,0.01123,0.01384,0.01510,0.01221,0.03108,0.01453,0.00963,0.01350
0.15596,0.05104,0.07935,0.17313,0.05464,0.10716,0.04904,0.05612,0.02310,0.05526,0.05456,0.01407,0.01007,0.01240,0.01158,0.01182,0.04781,0.01188,0.00842,0.01258
0.14922,0.04821,0.07346,0.14786,0.05723,0.10830,0.05331,0.05232,0.02229,0.06527,0.06384,0.01457,0.01209,0.01457,0.01193,0.01319,0.05812,0.01349,0.00940,0.01133
0.16965,0.05920,0.08420,0.13237,0.05210,0.10240,0.05653,0.06151,0.02337,0.06152,0.04175,0.01737,0.01316,0.01559,0.01534,0.01620,0.03575,0.01576,0.01072,0.01550
0.13607,0.04996,0.06392,0.13890,0.05337,0.09762,0.04485,0.05046,0.02377,0.05839,0.09320,0.01406,0.01114,0.01360,0.01485,0.01283,0.08748,0.01341,0.00861,0.01351
0.10894,0.05817,0.06939,0.14188,0.06547,0.09819,0.05334,0.05083,0.03262,0.06618,0.04898,0.02319,0.01796,0.02376,0.02056,0.02382,0.04019,0.02059,0.01532,0.02061
0.09663,0.06686,0.06594,0.10638,0.05908,0.07994,0.06196,0.05687,0.03300,0.06741,0.05428,0.02981,0.02371,0.02775,0.02773,0.02813,0.04972,0.02483,0.01765,0.02232
0.14618,0.05742,0.07413,0.16254,0.05846,0.11039,0.05990,0.05276,0.02903,0.06484,0.03243,0.01784,0.01525,0.01653,0.01678,0.01467,0.02754,0.01743,0.01174,0.01414
0.15971,0.05367,0.08588,0.10144,0.06943,0.13779,0.06194,0.06858,0.02493,0.06368,0.03206,0.01661,0.01352,0.01529,0.01577,0.01410,0.02669,0.01520,0.00964,0.01408
0.12919,0.06750,0.07590,0.13799,0.05487,0.09657,0.06060,0.05659,0.03178,0.06724,0.04174,0.01884,0.01460,0.01871,0.02193,0.01859,0.03706,0.01872,0.01390,0.01765
0.16463,0.05381,0.07880,0.17693,0.05797,0.10900,0.05288,0.05709,0.02624,0.06148,0.03234,0.01572,0.01128,0.01336,0.01355,0.01246,0.02654,0.01366,0.00872,0.01354
0.13829,0.05934,0.07231,0.13675,0.05649,0.10505,0.05997,0.05800,0.03083,0.06574,0.03658,0.02286,0.01556,0.01951,0.02003,0.02095,0.03259,0.01857,0.01402,0.01657
0.12769,0.07060,0.08083,0.13767,0.05655,0.09960,0.06034,0.05320,0.03388,0.07090,0.04189,0.01939,0.01284,0.01704,0.01739,0.01648,0.03894,0.01682,0.01273,0.01520
0.15850,0.05801,0.07675,0.16713,0.05732,0.11068,0.05837,0.05741,0.02772,0.06774,0.02458,0.01742,0.01189,0.01396,0.01503,0.01660,0.02011,0.01674,0.01067,0.01337
0.14920,0.05719,0.07379,0.16044,0.06007,0.10201,0.05389,0.05565,0.02609,0.06390,0.04150,0.01676,0.01371,0.01584,0.01757,0.01485,0.03534,0.01647,0.01110,0.01462
0.13861,0.06122,0.07190,0.19333,0.04985,0.09176,0.05083,0.04838,0.02679,0.07213,0.03918,0.01697,0.01268,0.01746,0.01632,0.01598,0.03122,0.01673,0.01183,0.01683
0.10738,0.05467,0.06128,0.10924,0.04974,0.09015,0.05148,0.05266,0.03407,0.06077,0.08192,0.02498,0.01870,0.02353,0.02187,0.02327,0.07055,0.02369,0.01740,0.02265
0.14447,0.05564,0.07542,0.14702,0.05478,0.10171,0.04920,0.05442,0.02501,0.05985,0.05797,0.01833,0.01283,0.01702,0.01555,0.01521,0.05055,0.01761,0.01110,0.01633
0.13903,0.05973,0.06588,0.14330,0.05726,0.10497,0.05080,0.05404,0.02833,0.06556,0.03676,0.02390,0.01671,0.02276,0.02125,0.02230,0.02768,0.02271,0.01644,0.02059
0.14379,0.05615,0.07507,0.14876,0.05713,0.10292,0.05397,0.05359,0.02828,0.06508,0.04784,0.01783,0.01396,0.01643,0.01657,0.01805,0.04337,0.01602,0.01100,0.01418
0.15095,0.05936,0.08364,0.16135,0.06042,0.11400,0.05137,0.05748,0.02653,0.06842,0.03423,0.01445,0.01123,0.01500,0.01406,0.01176,0.02843,0.01476,0.01012,0.01244
0.14350,0.05636,0.07684,0.15129,0.05755,0.10618,0.05258,0.05946,0.02645,0.07027,0.05032,0.01426,0.01066,0.01294,0.01465,0.01382,0.04691,0.01351,0.01006,0.01240
0.16737,0.05223,0.07973,0.16479,0.05967,0.10850,0.05634,0.05528,0.02536,0.06494,0.02995,0.01612,0.01026,0.01604,0.01521,0.01386,0.02427,0.01474,0.01112,0.01423
0.13596,0.06801,0.07787,0.13391,0.05864,0.10032,0.05732,0.06061,0.03309,0.06898,0.04488,0.01745,0.01470,0.01465,0.01778,0.01401,0.03965,0.01518,0.01080,0.01617
0.10706,0.05961,0.06505,0.10907,0.05406,0.08626,0.05693,0.05310,0.03254,0.06325,0.07561,0.02343,0.01878,0.02258,0.02442,0.02224,0.06665,0.02249,0.01491,0.02195
0.14864,0.05274,0.07222,0.15972,0.05751,0.11261,0.05498,0.05311,0.02519,0.06637,0.04735,0.01398,0.01165,0.01455,0.01575,0.01418,0.04183,0.01417,0.00990,0.01354
0.12105,0.06067,0.08050,0.14446,0.06015,0.09014,0.07283,0.05583,0.02485,0.07366,0.04095,0.02228,0.01682,0.01917,0.01848,0.01606,0.03701,0.01926,0.01039,0.01543
0.14026,0.05780,0.07821,0.14334,0.05781,0.10458,0.05338,0.05965,0.02891,0.06664,0.03750,0.02083,0.01684,0.01774,0.01913,0.01661,0.03102,0.01886,0.01325,0.01763
0.12667,0.05863,0.07383,0.13286,0.05479,0.09184,0.05116,0.05549,0.02951,0.06538,0.05675,0.02337,0.01717,0.02265,0.02160,0.01785,0.05029,0.01975,0.01248,0.01792
0.16643,0.04694,0.07872,0.15919,0.05538,0.10356,0.05417,0.05033,0.02390,0.06368,0.05422,0.01317,0.01090,0.01300,0.01214,0.01167,0.04788,0.01273,0.00962,0.01236
0.13761,0.05920,0.07566,0.15097,0.06259,0.11024,0.05856,0.05677,0.02671,0.07085,0.03796,0.01811,0.01368,0.01631,0.01678,0.01519,0.03066,0.01527,0.01164,0.01523
0.14015,0.05951,0.07438,0.14077,0.05828,0.10394,0.05808,0.05933,0.03007,0.07081,0.04031,0.01865,0.01286,0.01872,0.01809,0.01736,0.03525,0.01653,0.01048,0.01642
0.14471,0.05654,0.07920,0.13662,0.04871,0.09578,0.05491,0.05254,0.02826,0.06697,0.05024,0.02050,0.01572,0.01912,0.01945,0.01948,0.04306,0.01907,0.01242,0.01670
0.16450,0.05285,0.07417,0.18045,0.05711,0.09776,0.05073,0.05338,0.02639,0.06472,0.03281,0.01661,0.01397,0.01530,0.01631,0.01411,0.02934,0.01473,0.01047,0.01427
0.14845,0.05115,0.07118,0.13054,0.05743,0.10659,0.05095,0.06100,0.02774,0.06314,0.05655,0.01732,0.01462,0.01488,0.01712,0.01722,0.05223,0.01477,0.01112,0.01600
0.16877,0.04911,0.07665,0.12886,0.06279,0.10965,0.05755,0.06357,0.02417,0.05751,0.04395,0.01625,0.01303,0.01538,0.01687,0.01389,0.04045,0.01485,0.01051,0.01617
0.13612,0.07314,0.08132,0.13028,0.05824,0.10003,0.05805,0.06140,0.03341,0.07425,0.03820,0.01791,0.01283,0.01597,0.01537,0.01516,0.02912,0.01766,0.01505,0.01650
0.13629,0.05613,0.07568,0.13978,0.05742,0.09680,0.05333,0.05761,0.03032,0.06625,0.04456,0.02056,0.01487,0.01942,0.02138,0.01915,0.03923,0.01966,0.01353,0.01801
0.16035,0.05405,0.07834,0.16598,0.06175,0.11238,0.05247,0.05695,0.02437,0.06759,0.03480,0.01374,0.01266,0.01457,0.01258,0.01204,0.02966,0.01441,0.00863,0.01268
0.14088,0.06396,0.07852,0.14587,0.05964,0.10319,0.05881,0.05986,0.02618,0.06890,0.02821,0.02315,0.01566,0.01865,0.01850,0.01693,0.02540,0.01570,0.01120,0.02078
0.16775,0.04986,0.08035,0.17178,0.05563,0.11384,0.04901,0.05282,0.02073,0.06427,0.03618,0.01587,0.01136,0.01337,0.01283,0.01440,0.03084,0.01517,0.00999,0.01394
0.12625,0.05915,0.07155,0.13480,0.06237,0.10092,0.05890,0.05205,0.03336,0.06611,0.05855,0.01767,0.01374,0.01558,0.01677,0.01794,0.05209,0.01544,0.01104,0.01572
0.14364,0.04866,0.07342,0.11519,0.06112,0.10305,0.05172,0.05493,0.02623,0.05895,0.07326,0.01711,0.01302,0.01596,0.01739,0.01604,0.06825,0.01616,0.01112,0.01479
0.14141,0.05907,0.08041,0.13137,0.06168,0.10854,0.06003,0.05966,0.03217,0.07074,0.03667,0.01709,0.01575,0.01860,0.01634,0.01553,0.03268,0.01549,0.01119,0.01558
0.11697,0.05215,0.06954,0.12209,0.05539,0.09060,0.05246,0.05238,0.02948,0.06196,0.09252,0.01874,0.01163,0.01716,0.01439,0.01511,0.08783,0.01589,0.01028,0.01344
0.12337,0.05503,0.07132,0.12882,0.05416,0.08965,0.05640,0.05217,0.03063,0.06386,0.06924,0.02012,0.01518,0.01825,0.01837,0.01854,0.06271,0.01796,0.01433,0.01991
0.12428,0.05560,0.06907,0.12525,0.05294,0.09284,0.05707,0.05278,0.02918,0.06153,0.06799,0.01982,0.01579,0.02126,0.02113,0.01926,0.05902,0.02078,0.01485,0.01955
0.13500,0.06033,0.07730,0.10804,0.06200,0.11051,0.06212,0.06063,0.03085,0.06652,0.04826,0.02044,0.01456,0.01804,0.01703,0.01799,0.04141,0.01859,0.01182,0.01856
0.12947,0.05477,0.07462,0.13464,0.05723,0.10115,0.05269,0.05056,0.02759,0.06633,0.05869,0.02247,0.01616,0.01864,0.02088,0.01907,0.04590,0.01854,0.01182,0.01876
0.14834,0.06361,0.08505,0.15153,0.06323,0.10247,0.05893,0.06450,0.02886,0.07050,0.02670,0.01639,0.01202,0.01401,0.01594,0.01533,0.02207,0.01503,0.01134,0.01411
0.14783,0.05610,0.08342,0.14872,0.05205,0.10086,0.05269,0.05541,0.02701,0.06499,0.04231,0.01950,0.01684,0.01733,0.01681,0.01687,0.03710,0.01752,0.01086,0.01580
0.13879,0.05948,0.07407,0.14650,0.05804,0.10237,0.05535,0.05763,0.02959,0.06503,0.04093,0.01875,0.01544,0.01710,0.01910,0.01865,0.03595,0.01779,0.01192,0.01752
0.16150,0.05678,0.07567,0.15700,0.06459,0.10900,0.05491,0.05511,0.02560,0.06958,0.03482,0.01577,0.01044,0.01628,0.01388,0.01264,0.02984,0.01512,0.00880,0.01266
0.14969,0.05396,0.07021,0.23286,0.04666,0.07577,0.04354,0.04129,0.02413,0.06318,0.04567,0.01538,0.01265,0.01780,0.01561,0.01328,0.03757,0.01645,0.00991,0.01440
0.14683,0.05771,0.07254,0.15489,0.06195,0.11518,0.05760,0.05977,0.02888,0.06882,0.03722,0.01723,0.01153,0.01323,0.01467,0.01490,0.03066,0.01339,0.00916,0.01384
0.14943,0.05793,0.08466,0.15706,0.05764,0.10906,0.05603,0.05483,0.02475,0.06747,0.03968,0.01535,0.01240,0.01565,0.01397,0.01349,0.03322,0.01521,0.00941,0.01274
0.13969,0.05984,0.07703,0.14417,0.05894,0.11138,0.05752,0.05717,0.02908,0.06672,0.03927,0.01849,0.01389,0.01577,0.01619,0.01467,0.03695,0.01625,0.01115,0.01581
0.12330,0.05787,0.07207,0.12230,0.05502,0.10194,0.05790,0.05598,0.03139,0.06343,0.05598,0.02200,0.02126,0.02077,0.02099,0.01804,0.04637,0.02052,0.01488,0.01800
0.12942,0.06700,0.07659,0.13237,0.05902,0.10277,0.06259,0.06445,0.03937,0.07263,0.03067,0.01973,0.01521,0.01860,0.01761,0.01714,0.02697,0.01841,0.01077,0.01867
0.11725,0.05125,0.06678,0.14055,0.05553,0.09564,0.04652,0.05061,0.02977,0.06075,0.08014,0.01930,0.01475,0.01860,0.01869,0.01539,0.07474,0.01623,0.01148,0.01603
0.15382,0.05517,0.07544,0.17625,0.06144,0.11591,0.05518,0.05579,0.02543,0.06847,0.02240,0.01713,0.01318,0.01298,0.01601,0.01411,0.02081,0.01451,0.01086,0.01512
0.16151,0.05637,0.07895,0.16349,0.06036,0.11547,0.04940,0.05748,0.02412,0.06385,0.04138,0.01410,0.01107,0.01147,0.01286,0.01156,0.03481,0.01230,0.00842,0.01105
0.14221,0.05621,0.07111,0.13984,0.05535,0.10245,0.05444,0.05732,0.02676,0.06303,0.04931,0.01946,0.01506,0.01846,0.01849,0.01916,0.04424,0.01776,0.01232,0.01700
0.15989,0.05134,0.07896,0.16673,0.06206,0.10439,0.05411,0.05520,0.02679,0.06752,0.03619,0.01627,0.01083,0.01478,0.01354,0.01400,0.03049,0.01286,0.00978,0.01427
0.13972,0.05921,0.07446,0.14790,0.05813,0.09939,0.05903,0.05366,0.03053,0.07000,0.03540,0.01950,0.01727,0.01978,0.02067,0.01798,0.02994,0.01764,0.01309,0.01669
0.16310,0.05726,0.07568,0.15462,0.06305,0.11337,0.05061,0.05777,0.02709,0.06081,0.02900,0.01791,0.01411,0.01698,0.01712,0.01534,0.02330,0.01654,0.01031,0.01600
0.13734,0.06909,0.07809,0.12440,0.06131,0.10404,0.06275,0.06050,0.02998,0.08004,0.03898,0.01788,0.01461,0.01694,0.01497,0.01459,0.03323,0.01605,0.01053,0.01469
0.14271,0.05658,0.07095,0.19662,0.04739,0.09432,0.05226,0.05000,0.02875,0.07171,0.03991,0.01639,0.01220,0.01519,0.01398,0.01440,0.03720,0.01531,0.00938,0.01474
0.15326,0.06089,0.07960,0.15702,0.06005,0.11249,0.05160,0.06040,0.02773,0.06653,0.03354,0.01448,0.01333,0.01376,0.01495,0.01333,0.03062,0.01357,0.00985,0.01300
0.12828,0.06002,0.07038,0.17035,0.05036,0.08127,0.05402,0.04847,0.02854,0.07105,0.05473,0.01984,0.01413,0.01799,0.01601,0.01877,0.04833,0.01971,0.01181,0.01594
0.13342,0.06104,0.07193,0.13224,0.05946,0.09887,0.05661,0.05827,0.03147,0.06888,0.03746,0.02097,0.01792,0.02294,0.02223,0.02062,0.03086,0.02023,0.01533,0.01925
0.16450,0.05046,0.07776,0.18094,0.05778,0.11041,0.05178,0.05753,0.02491,0.06428,0.03170,0.01424,0.01078,0.01414,0.01395,0.01359,0.02625,0.01249,0.00893,0.01357
0.13737,0.05377,0.07452,0.14971,0.05727,0.10049,0.05104,0.05361,0.02677,0.06315,0.05220,0.02393,0.01174,0.01877,0.01946,0.01605,0.04258,0.01829,0.01146,0.01781
0.15655,0.05796,0.08205,0.16448,0.05907,0.11754,0.05055,0.06168,0.02514,0.06467,0.03623,0.01336,0.01022,0.01259,0.01143,0.01209,0.03070,0.01273,0.00926,0.01172
0.14648,0.04312,0.07147,0.21078,0.06324,0.11509,0.04688,0.05107,0.02122,0.05706,0.02587,0.02007,0.01541,0.01601,0.01599,0.01401,0.02181,0.01918,0.01128,0.01396
0.15105,0.05105,0.07688,0.15467,0.05586,0.10474,0.05273,0.05338,0.02286,0.06529,0.04950,0.01589,0.01194,0.01662,0.01658,0.01632,0.04492,0.01561,0.00977,0.01433
0.10804,0.04754,0.05859,0.12558,0.04145,0.07505,0.04829,0.04186,0.02269,0.05815,0.13984,0.01413,0.01113,0.01314,0.01394,0.01262,0.13386,0.01255,0.00895,0.01260
0.14815,0.05649,0.07683,0.14755,0.05321,0.10462,0.05230,0.05688,0.02569,0.06966,0.04293,0.01793,0.01499,0.01867,0.01721,0.01854,0.03694,0.01387,0.01179,0.01573
0.11804,0.06107,0.07388,0.12417,0.05795,0.09079,0.05106,0.05516,0.03076,0.06595,0.06674,0.02069,0.01483,0.02007,0.01886,0.01861,0.05956,0.01936,0.01304,0.01941
0.15138,0.05548,0.08042,0.16076,0.05736,0.11638,0.05551,0.05876,0.02630,0.07240,0.03128,0.01659,0.01291,0.01383,0.01404,0.01430,0.02602,0.01489,0.00925,0.01214
0.12189,0.05387,0.07037,0.18116,0.06904,0.10774,0.05399,0.05038,0.03171,0.06572,0.04134,0.01637,0.01374,0.01588,0.01713,0.01519,0.03383,0.01491,0.01143,0.01433
0.12534,0.05448,0.06608,0.13394,0.05764,0.09976,0.05408,0.05404,0.02999,0.06609,0.06041,0.02119,0.01399,0.01906,0.02089,0.01781,0.05532,0.01963,0.01320,0.01706
0.15324,0.05894,0.07839,0.16165,0.06221,0.10525,0.05178,0.05617,0.02853,0.07036,0.03569,0.01456,0.01324,0.01513,0.01351,0.01381,0.03046,0.01323,0.00931,0.01455
0.14134,0.05413,0.07541,0.15530,0.05700,0.09676,0.04923,0.05367,0.02597,0.06321,0.04459,0.02351,0.01560,0.01873,0.01782,0.01909,0.04032,0.01858,0.01130,0.01842
0.11878,0.05905,0.06960,0.11952,0.05726,0.09684,0.06041,0.05996,0.03896,0.06512,0.04463,0.02420,0.02081,0.02442,0.02267,0.02056,0.03704,0.02317,0.01626,0.02074
0.13213,0.06264,0.07751,0.13795,0.05918,0.10778,0.05874,0.06138,0.03159,0.07224,0.03441,0.01986,0.01527,0.01883,0.01772,0.01737,0.02856,0.01825,0.01259,0.01600
0.14413,0.05849,0.07988,0.15513,0.05969,0.10886,0.05567,0.05842,0.02579,0.06621,0.03398,0.01812,0.01395,0.01599,0.01712,0.01656,0.02960,0.01591,0.01231,0.01419
0.15858,0.05130,0.08046,0.17068,0.05630,0.10196,0.04537,0.05383,0.02280,0.06302,0.04975,0.01423,0.01113,0.01331,0.01437,0.01294,0.04470,0.01357,0.01022,0.01149
0.14910,0.05657,0.07518,0.17624,0.05320,0.10797,0.04910,0.05829,0.02769,0.07051,0.04211,0.01458,0.01085,0.01361,0.01286,0.01364,0.03432,0.01269,0.00936,0.01213
0.14436,0.05724,0.07997,0.14844,0.06049,0.10097,0.05653,0.05845,0.02794,0.06175,0.03816,0.01956,0.01554,0.01748,0.01768,0.01695,0.03302,0.01733,0.01163,0.01654
0.15262,0.05473,0.07825,0.15086,0.05880,0.11170,0.04980,0.06187,0.02774,0.06568,0.02883,0.01958,0.01670,0.01732,0.01690,0.01606,0.02490,0.01607,0.01334,0.01824
0.14729,0.05887,0.07661,0.20302,0.05111,0.09720,0.05259,0.05168,0.02642,0.06581,0.03375,0.01538,0.01261,0.01470,0.01334,0.01298,0.02953,0.01377,0.00944,0.01392
0.13440,0.05757,0.06586,0.13273,0.05727,0.10092,0.05659,0.05576,0.02902,0.06664,0.05687,0.01923,0.01541,0.01978,0.01871,0.01874,0.04679,0.01763,0.01343,0.01665
0.12559,0.05816,0.06681,0.12681,0.05332,0.09212,0.05541,0.05448,0.02961,0.06392,0.07316,0.01801,0.01596,0.01780,0.01734,0.01790,0.06832,0.01659,0.01167,0.01701
0.14201,0.05979,0.07873,0.14341,0.05909,0.10608,0.05598,0.05939,0.02999,0.06681,0.05062,0.01445,0.01103,0.01248,0.01452,0.01351,0.04617,0.01303,0.01066,0.01225
0.18089,0.05172,0.07258,0.21073,0.05586,0.10520,0.04434,0.04806,0.02088,0.06230,0.02958,0.01490,0.00932,0.01364,0.01163,0.01152,0.02448,0.01157,0.00856,0.01225
0.14956,0.05344,0.07133,0.14631,0.06537,0.10839,0.05280,0.05729,0.02942,0.06621,0.04194,0.01774,0.01449,0.01714,0.01613,0.01591,0.03576,0.01650,0.01049,0.01379
0.14921,0.05812,0.07583,0.15602,0.05839,0.10552,0.05678,0.05419,0.03033,0.06961,0.02909,0.01770,0.01375,0.01778,0.02048,0.01901,0.02354,0.01688,0.01080,0.01696
0.12594,0.06520,0.07539,0.13945,0.05871,0.09935,0.05953,0.06336,0.03345,0.07093,0.04307,0.01969,0.01457,0.01883,0.01806,0.01572,0.03665,0.01550,0.01101,0.01558
0.18512,0.04489,0.07905,0.10997,0.06760,0.11429,0.05165,0.06331,0.02188,0.05274,0.06055,0.01373,0.00969,0.01231,0.01064,0.01200,0.05938,0.01175,0.00725,0.01221
0.14078,0.05737,0.07226,0.15351,0.05425,0.10707,0.05531,0.05381,0.02888,0.06610,0.04611,0.01739,0.01449,0.01685,0.01730,0.01520,0.04169,0.01652,0.01094,0.01416
0.16471,0.04990,0.07448,0.17120,0.05372,0.11088,0.04283,0.05200,0.02045,0.05751,0.05175,0.01691,0.01134,0.01353,0.01558,0.01314,0.04245,0.01261,0.01006,0.01494
0.11596,0.06802,0.07660,0.11037,0.06093,0.10875,0.05778,0.05668,0.03421,0.06712,0.04144,0.02446,0.02019,0.02460,0.02168,0.02162,0.03366,0.02241,0.01448,0.01906
0.15607,0.05690,0.07637,0.16294,0.05830,0.11753,0.04752,0.05180,0.03135,0.06094,0.03358,0.01974,0.01136,0.01634,0.01403,0.01507,0.02840,0.01690,0.01028,0.01460
0.12120,0.05287,0.07530,0.13820,0.05079,0.08631,0.05345,0.05211,0.02615,0.06155,0.07423,0.01967,0.01628,0.01912,0.01910,0.01730,0.06842,0.01724,0.01403,0.01667
0.16649,0.04589,0.07374,0.17108,0.05298,0.10909,0.05113,0.05329,0.02512,0.06019,0.04834,0.01568,0.01079,0.01437,0.01370,0.01199,0.04114,0.01369,0.00892,0.01237
0.13957,0.05568,0.07499,0.14936,0.06100,0.10463,0.05551,0.05474,0.03002,0.06669,0.04217,0.01790,0.01407,0.01449,0.01925,0.01914,0.03600,0.01742,0.01134,0.01605
0.16804,0.05916,0.07825,0.16733,0.06071,0.10935,0.05756,0.05436,0.02699,0.07125,0.02681,0.01501,0.01188,0.01313,0.01331,0.01137,0.02234,0.01227,0.00826,0.01264
0.16600,0.05276,0.07944,0.16997,0.05775,0.11184,0.05117,0.05901,0.02348,0.06657,0.02977,0.01469,0.01183,0.01357,0.01487,0.01368,0.02648,0.01436,0.00893,0.01383
0.13649,0.05450,0.07034,0.14618,0.05503,0.09601,0.05152,0.04850,0.02474,0.06142,0.06614,0.01980,0.01503,0.01825,0.01734,0.01667,0.05838,0.01587,0.01108,0.01672
0.13933,0.05329,0.07679,0.16484,0.06665,0.10967,0.05492,0.05625,0.02978,0.06445,0.03238,0.01855,0.01313,0.01680,0.01641,0.01660,0.02335,0.01849,0.01206,0.01628
0.16032,0.04731,0.07409,0.13439,0.06181,0.09827,0.04784,0.05759,0.02673,0.05479,0.05529,0.02054,0.01388,0.01892,0.01731,0.01592,0.04670,0.01706,0.01328,0.01796
0.16748,0.04487,0.07476,0.18959,0.05334,0.12264,0.04868,0.04628,0.02140,0.05904,0.03600,0.01711,0.01153,0.01315,0.01550,0.01425,0.03088,0.01343,0.00845,0.01161
0.16761,0.05169,0.07007,0.15626,0.05848,0.10747,0.04973,0.06087,0.02499,0.06246,0.04007,0.01649,0.01387,0.01557,0.01596,0.01457,0.03488,0.01415,0.01041,0.01439
0.13967,0.05959,0.08475,0.13246,0.05892,0.10428,0.05540,0.06288,0.03111,0.07058,0.03298,0.02279,0.01728,0.01831,0.01804,0.01521,0.02628,0.01685,0.01266,0.01997
0.12131,0.06546,0.07269,0.11372,0.06405,0.10262,0.06126,0.06007,0.03315,0.06976,0.04289,0.02166,0.01796,0.02009,0.02112,0.02094,0.03805,0.02046,0.01502,0.01771
0.15006,0.05607,0.07474,0.15581,0.05444,0.10771,0.05393,0.05420,0.02396,0.06242,0.04976,0.01695,0.01193,0.01554,0.01575,0.01406,0.04174,0.01606,0.01051,0.01435
0.12286,0.06335,0.07220,0.13518,0.05752,0.10176,0.05714,0.05739,0.02875,0.07289,0.05345,0.01863,0.01328,0.01810,0.01680,0.01820,0.04574,0.01660,0.01298,0.01717
0.12999,0.05919,0.07320,0.13642,0.05549,0.09312,0.05271,0.05595,0.02870,0.06704,0.05931,0.01907,0.01423,0.01851,0.01884,0.01718,0.05742,0.01633,0.01048,0.01683
0.13458,0.05770,0.06978,0.13399,0.05850,0.09980,0.05197,0.05707,0.02790,0.06608,0.05059,0.02422,0.01618,0.02178,0.01958,0.01731,0.04394,0.01883,0.01251,0.01770
0.13785,0.04992,0.07458,0.15138,0.04938,0.10371,0.05079,0.05051,0.02383,0.06133,0.07076,0.01711,0.01032,0.01791,0.01505,0.01472,0.06191,0.01411,0.01040,0.01442
0.12625,0.05745,0.06889,0.12248,0.05850,0.10088,0.05956,0.05898,0.03568,0.06821,0.05267,0.02125,0.01503,0.01887,0.01756,0.01975,0.04595,0.01832,0.01421,0.01950
0.15217,0.05285,0.07720,0.15501,0.05885,0.10568,0.05366,0.05675,0.02940,0.06957,0.03720,0.01700,0.01422,0.01570,0.01500,0.01483,0.03346,0.01618,0.01098,0.01429
0.16028,0.05863,0.07853,0.16945,0.05556,0.11067,0.05278,0.06163,0.02591,0.06714,0.03323,0.01292,0.01055,0.01312,0.01280,0.01232,0.02843,0.01292,0.00928,0.01386
0.14068,0.05389,0.08260,0.14376,0.05810,0.10697,0.05781,0.05598,0.02806,0.06789,0.04084,0.01748,0.01359,0.01745,0.01582,0.01659,0.03553,0.01758,0.01221,0.01717
0.18307,0.05143,0.08613,0.16430,0.05145,0.10220,0.05290,0.06083,0.02328,0.05960,0.03358,0.01444,0.01169,0.01427,0.01350,0.01328,0.02838,0.01401,0.00841,0.01328
0.12787,0.05761,0.07578,0.12093,0.05247,0.09723,0.05083,0.05409,0.03007,0.06358,0.07807,0.01554,0.01282,0.01590,0.01400,0.01492,0.07379,0.01668,0.01199,0.01583
0.15879,0.05503,0.07583,0.16093,0.05337,0.10818,0.05355,0.05646,0.02521,0.06710,0.03876,0.01660,0.01158,0.01507,0.01550,0.01485,0.03441,0.01462,0.01035,0.01381
0.13773,0.05874,0.07269,0.13867,0.05512,0.10305,0.05370,0.05504,0.02731,0.06731,0.05276,0.02141,0.01358,0.01746,0.01916,0.01628,0.04477,0.01655,0.01189,0.01678
0.14669,0.04972,0.06844,0.14727,0.04806,0.10308,0.04538,0.05206,0.02253,0.06031,0.08818,0.01192,0.00917,0.01110,0.00983,0.01047,0.08646,0.01110,0.00749,0.01073
0.15416,0.05545,0.07408,0.15548,0.05402,0.10888,0.05222,0.05683,0.02867,0.06459,0.05023,0.01473,0.01163,0.01292,0.01233,0.01247,0.04418,0.01512,0.00933,0.01265
0.13888,0.05979,0.07661,0.13889,0.06157,0.10576,0.05701,0.05924,0.02958,0.07039,0.04339,0.01732,0.01282,0.01585,0.01700,0.01486,0.03751,0.01585,0.01225,0.01543
0.13544,0.06285,0.07235,0.13997,0.06342,0.09850,0.05818,0.05403,0.03017,0.06579,0.03629,0.02277,0.01580,0.02378,0.02139,0.01841,0.02929,0.01987,0.01325,0.01845
0.13797,0.05577,0.07226,0.13201,0.05817,0.09838,0.05883,0.05679,0.02949,0.06817,0.05891,0.01713,0.01241,0.01510,0.01554,0.01641,0.05501,0.01568,0.01105,0.01493
0.15415,0.05487,0.07945,0.15756,0.06263,0.10291,0.05382,0.05586,0.02264,0.06438,0.04483,0.01494,0.01204,0.01591,0.01537,0.01352,0.03781,0.01531,0.00938,0.01261
0.17174,0.05011,0.08022,0.16289,0.06306,0.11516,0.05299,0.05561,0.02439,0.06408,0.03444,0.01322,0.01017,0.01416,0.01261,0.01214,0.03017,0.01283,0.00849,0.01153
0.13708,0.05442,0.07612,0.14209,0.05674,0.10330,0.05988,0.05701,0.02987,0.06887,0.03479,0.02048,0.01717,0.01975,0.02053,0.01956,0.03000,0.02143,0.01341,0.01751
0.14470,0.05794,0.08603,0.15446,0.05814,0.10707,0.05455,0.04697,0.02644,0.06542,0.05320,0.01362,0.00908,0.01341,0.01409,0.01276,0.04691,0.01382,0.00789,0.01350
0.14700,0.05060,0.06651,0.12948,0.05798,0.08630,0.05308,0.05629,0.02810,0.06043,0.05730,0.02175,0.01768,0.01982,0.02055,0.02271,0.04842,0.01990,0.01543,0.02067
0.15442,0.05659,0.06861,0.17852,0.05526,0.10561,0.06094,0.04688,0.02524,0.06202,0.03070,0.01890,0.01338,0.01886,0.01626,0.01533,0.02728,0.01858,0.01019,0.01643
0.14559,0.05486,0.07794,0.16021,0.05640,0.11019,0.05194,0.06048,0.03060,0.06950,0.04034,0.01472,0.01157,0.01468,0.01456,0.01274,0.03356,0.01489,0.00996,0.01526
0.14573,0.05810,0.07374,0.15139,0.05421,0.10120,0.05689,0.05541,0.02880,0.06576,0.04449,0.01992,0.01351,0.01600,0.01637,0.01628,0.04092,0.01610,0.01071,0.01446
0.14854,0.05192,0.08132,0.16878,0.06075,0.10890,0.05225,0.05540,0.02594,0.06122,0.03800,0.01733,0.01319,0.01614,0.01591,0.01559,0.02933,0.01540,0.00927,0.01481
0.17209,0.05463,0.08219,0.16675,0.05222,0.10361,0.05216,0.05809,0.02249,0.06042,0.03504,0.01675,0.01124,0.01663,0.01448,0.01452,0.02756,0.01589,0.00915,0.01408
0.17337,0.05486,0.08408,0.16213,0.05443,0.10816,0.05176,0.06050,0.02308,0.06295,0.03915,0.01319,0.01019,0.01252,0.01152,0.01151,0.03367,0.01243,0.00858,0.01194
0.14749,0.05240,0.08224,0.16013,0.05802,0.10414,0.05504,0.05504,0.02612,0.06543,0.03946,0.01785,0.01096,0.01646,0.01533,0.01542,0.03512,0.01643,0.01108,0.01585
0.14744,0.05570,0.08640,0.16025,0.05818,0.10410,0.05666,0.05935,0.03110,0.06456,0.03896,0.01639,0.01138,0.01396,0.01432,0.01243,0.03158,0.01403,0.00902,0.01420
0.13667,0.06056,0.07938,0.12571,0.05964,0.12214,0.06058,0.05881,0.03045,0.06836,0.03035,0.02204,0.01590,0.02077,0.01872,0.01635,0.02654,0.01761,0.01289,0.01653
0.10542,0.04472,0.05391,0.12332,0.04231,0.07604,0.04142,0.04090,0.02397,0.04999,0.14056,0.01758,0.01326,0.01829,0.01504,0.01445,0.13846,0.01623,0.01054,0.01357
0.13208,0.05099,0.06902,0.14427,0.05448,0.09981,0.04767,0.05573,0.02477,0.06388,0.07320,0.01591,0.01411,0.01579,0.01700,0.01568,0.06582,0.01505,0.01024,0.01450
0.12854,0.05288,0.07380,0.13840,0.05018,0.09370,0.05457,0.05365,0.02559,0.06577,0.08105,0.01653,0.01207,0.01396,0.01559,0.01232,0.07444,0.01412,0.00988,0.01295
0.13408,0.04918,0.07215,0.14558,0.05313,0.09689,0.04721,0.05068,0.02734,0.06182,0.06908,0.02175,0.01336,0.01996,0.01859,0.01769,0.05544,0.01854,0.01055,0.01697
0.13491,0.06037,0.07508,0.11679,0.05043,0.09819,0.06148,0.05897,0.02961,0.07176,0.04537,0.02200,0.01695,0.02130,0.02016,0.01994,0.04002,0.02007,0.01414,0.02248
0.13956,0.05279,0.07366,0.15212,0.05476,0.09693,0.05301,0.05420,0.02893,0.06183,0.05350,0.01865,0.01484,0.01710,0.01743,0.01801,0.04576,0.01794,0.01167,0.01733
0.13770,0.04952,0.06791,0.15078,0.05400,0.10377,0.04775,0.04863,0.02284,0.06055,0.07761,0.01566,0.01209,0.01441,0.01495,0.01297,0.06949,0.01506,0.00949,0.01482
0.18390,0.04915,0.07339,0.18794,0.05351,0.10873,0.05456,0.05352,0.02255,0.06185,0.02999,0.01361,0.01068,0.01276,0.01299,0.01235,0.02520,0.01341,0.00830,0.01161
0.14699,0.05664,0.07748,0.15573,0.05602,0.10670,0.05352,0.05555,0.02744,0.06347,0.04274,0.01694,0.01427,0.01592,0.01673,0.01574,0.03715,0.01567,0.01115,0.01416
0.12686,0.05157,0.06637,0.12693,0.04974,0.09347,0.05040,0.05113,0.02301,0.05877,0.10143,0.01374,0.01108,0.01407,0.01351,0.01417,0.09761,0.01318,0.00926,0.01370
0.14448,0.05868,0.07810,0.13073,0.05790,0.10217,0.05981,0.06233,0.02961,0.06682,0.03818,0.02133,0.01589,0.02015,0.01928,0.01700,0.03110,0.01799,0.01248,0.01597
0.12281,0.06037,0.07610,0.12547,0.05828,0.09971,0.05934,0.05793,0.03593,0.07009,0.03322,0.02671,0.02012,0.02022,0.02522,0.02160,0.02789,0.02126,0.01652,0.02123
0.14627,0.05584,0.07637,0.14080,0.05795,0.10235,0.05037,0.05749,0.03002,0.06416,0.04742,0.01592,0.01401,0.01675,0.01785,0.01714,0.04325,0.01792,0.01158,0.01656
0.14058,0.04880,0.07037,0.14074,0.05060,0.09691,0.04941,0.05330,0.02297,0.06039,0.07849,0.01608,0.01252,0.01579,0.01405,0.01518,0.07411,0.01620,0.01035,0.01317
0.14057,0.06308,0.07689,0.11725,0.05161,0.09659,0.05587,0.06093,0.03189,0.07252,0.04762,0.02004,0.01634,0.01766,0.01985,0.01900,0.04497,0.01722,0.01250,0.01760
0.14700,0.06063,0.07474,0.15637,0.06070,0.10386,0.05796,0.05498,0.02695,0.06929,0.04267,0.01467,0.01286,0.01472,0.01423,0.01329,0.03591,0.01635,0.00920,0.01363
0.15017,0.05712,0.07632,0.16742,0.05985,0.11117,0.05620,0.05401,0.02978,0.06962,0.02778,0.01682,0.01279,0.01601,0.01520,0.01546,0.02338,0.01526,0.01119,0.01444
0.16455,0.04673,0.07552,0.15239,0.05801,0.11019,0.04853,0.05738,0.02326,0.06485,0.04638,0.01603,0.01429,0.01675,0.01451,0.01244,0.04019,0.01380,0.01016,0.01406
0.13044,0.05494,0.07415,0.13890,0.05385,0.09076,0.05400,0.05799,0.02721,0.06311,0.05031,0.02282,0.01647,0.01996,0.02294,0.01954,0.04512,0.02146,0.01555,0.02047
0.14966,0.05597,0.07514,0.15754,0.05702,0.10427,0.05482,0.05353,0.02594,0.06275,0.04713,0.01665,0.01268,0.01564,0.01406,0.01448,0.04346,0.01537,0.00858,0.01531
0.14225,0.05501,0.07402,0.14290,0.05699,0.10349,0.05455,0.05613,0.02721,0.06306,0.04573,0.01955,0.01612,0.01838,0.01832,0.01829,0.03627,0.02172,0.01238,0.01763
0.14126,0.05359,0.06774,0.15631,0.05217,0.09765,0.04909,0.04947,0.02419,0.06691,0.05983,0.02083,0.01430,0.01670,0.01701,0.01615,0.05286,0.01753,0.01065,0.01575
0.15605,0.05386,0.08208,0.16685,0.05460,0.10764,0.05521,0.05636,0.02506,0.06719,0.03091,0.01753,0.01443,0.01641,0.01580,0.01532,0.02492,0.01396,0.01089,0.01493
0.11681,0.04911,0.06035,0.12682,0.05096,0.08831,0.04858,0.04633,0.02539,0.05661,0.09637,0.02246,0.01251,0.02214,0.02076,0.01865,0.08797,0.01904,0.01317,0.01767
0.18444,0.04433,0.07302,0.17931,0.06027,0.12150,0.04740,0.06566,0.02088,0.06172,0.02670,0.01398,0.01114,0.01239,0.01263,0.01135,0.02205,0.01200,0.00784,0.01139
0.16647,0.05040,0.07414,0.16763,0.06032,0.11584,0.04753,0.05736,0.02345,0.06339,0.03720,0.01580,0.01167,0.01414,0.01296,0.01364,0.03009,0.01438,0.00931,0.01429
0.13103,0.05629,0.07288,0.13841,0.05554,0.09900,0.05857,0.05359,0.02724,0.07231,0.05717,0.01719,0.01325,0.01842,0.01641,0.01713,0.05331,0.01472,0.01200,0.01555
0.15727,0.06296,0.07656,0.16437,0.05536,0.10168,0.05687,0.05322,0.02773,0.07022,0.03055,0.01567,0.01206,0.01681,0.01464,0.01570,0.02902,0.01493,0.00952,0.01485
0.15043,0.05367,0.08037,0.13500,0.06295,0.11381,0.05309,0.05699,0.02665,0.05920,0.04303,0.01794,0.01411,0.01575,0.01590,0.01500,0.03933,0.01759,0.01231,0.01688
0.13379,0.04842,0.07027,0.14868,0.05134,0.09933,0.04895,0.05121,0.02513,0.05730,0.08837,0.01423,0.01132,0.01320,0.01349,0.01155,0.08256,0.01124,0.00845,0.01116
0.15035,0.05903,0.07946,0.16214,0.06099,0.11489,0.05785,0.05547,0.02764,0.06712,0.02972,0.01539,0.01210,0.01434,0.01440,0.01467,0.02568,0.01437,0.01006,0.01435
0.13985,0.06702,0.07409,0.14849,0.05673,0.09982,0.05953,0.05755,0.03017,0.06966,0.03045,0.02046,0.01524,0.01887,0.01815,0.01783,0.02477,0.01877,0.01357,0.01898
0.14355,0.05690,0.07265,0.14329,0.05273,0.10921,0.05340,0.05853,0.03408,0.06870,0.03984,0.01767,0.01471,0.01712,0.01561,0.01756,0.03431,0.01827,0.01284,0.01904
0.11479,0.06178,0.07301,0.12336,0.05874,0.09556,0.05569,0.05554,0.03206,0.06730,0.03842,0.02999,0.02104,0.02727,0.02402,0.02486,0.03232,0.02490,0.01477,0.02456
0.14797,0.04658,0.06806,0.15424,0.04990,0.09034,0.04717,0.05094,0.02267,0.05866,0.08567,0.01421,0.01114,0.01255,0.01338,0.01201,0.08094,0.01333,0.00922,0.01101
0.15750,0.05624,0.07497,0.15446,0.05638,0.10668,0.05186,0.05832,0.02834,0.06699,0.03728,0.01687,0.01397,0.01455,0.01659,0.01580,0.03170,0.01609,0.01099,0.01444
0.12461,0.05595,0.06836,0.14067,0.05418,0.10080,0.05170,0.05116,0.03014,0.06469,0.05209,0.02431,0.01745,0.02436,0.02101,0.01950,0.04403,0.02137,0.01295,0.02067
0.12808,0.05653,0.07305,0.14118,0.05561,0.09698,0.05115,0.05488,0.02967,0.06720,0.06326,0.01840,0.01520,0.01505,0.01717,0.01505,0.05979,0.01562,0.01030,0.01584
0.15310,0.05535,0.07956,0.14363,0.05474,0.10066,0.05521,0.05686,0.02766,0.05942,0.05241,0.01606,0.01157,0.01656,0.01448,0.01517,0.04831,0.01481,0.01052,0.01393
0.14255,0.05966,0.07794,0.14691,0.05804,0.10423,0.05147,0.05427,0.02906,0.06575,0.03363,0.02109,0.01686,0.02014,0.01884,0.02039,0.02735,0.01706,0.01388,0.02090
0.15278,0.05836,0.07039,0.15362,0.05524,0.10560,0.05235,0.05520,0.02788,0.06349,0.04008,0.02070,0.01453,0.01637,0.01814,0.01681,0.03423,0.01635,0.01179,0.01609
0.15629,0.05428,0.07819,0.16172,0.05909,0.11557,0.05217,0.05734,0.02678,0.06764,0.03658,0.01566,0.01133,0.01537,0.01342,0.01138,0.03137,0.01339,0.00843,0.01400
0.13346,0.06819,0.08896,0.11238,0.06503,0.15300,0.06508,0.06718,0.02762,0.06930,0.02466,0.01378,0.01109,0.01338,0.01398,0.01460,0.02293,0.01343,0.00923,0.01272
0.16372,0.05706,0.07604,0.23652,0.04855,0.08468,0.04843,0.04664,0.02319,0.06644,0.03288,0.01339,0.00930,0.01111,0.01102,0.01226,0.02707,0.01266,0.00727,0.01177
0.16286,0.05719,0.08514,0.16545,0.05958,0.10450,0.04902,0.05876,0.02258,0.06372,0.03759,0.01543,0.01171,0.01393,0.01376,0.01298,0.03161,0.01287,0.00837,0.01293
0.15531,0.05123,0.07698,0.15856,0.05634,0.11116,0.05102,0.05261,0.02767,0.06293,0.04091,0.01833,0.01302,0.01550,0.01658,0.01676,0.03384,0.01472,0.01143,0.01510
0.14175,0.06056,0.07685,0.15724,0.06231,0.11202,0.05606,0.05777,0.02835,0.06748,0.03565,0.01648,0.01292,0.01534,0.01469,0.01484,0.02992,0.01524,0.01089,0.01365
0.14652,0.06048,0.07792,0.14379,0.06213,0.10511,0.05735,0.06010,0.02788,0.06484,0.04512,0.01618,0.01312,0.01393,0.01510,0.01384,0.03985,0.01336,0.00965,0.01372
0.12003,0.05189,0.07043,0.13219,0.05276,0.09258,0.05227,0.05409,0.03065,0.06275,0.06722,0.02133,0.01591,0.02154,0.02210,0.01958,0.06262,0.01992,0.01366,0.01648
0.16710,0.05208,0.07988,0.16181,0.05936,0.10887,0.05006,0.06111,0.02870,0.06501,0.03514,0.01394,0.01236,0.01285,0.01353,0.01234,0.02964,0.01305,0.01002,0.01316
0.14979,0.05979,0.07838,0.16335,0.06127,0.11003,0.05758,0.06340,0.02978,0.06337,0.02629,0.01568,0.01438,0.01495,0.01480,0.01518,0.02161,0.01468,0.01016,0.01554
0.15384,0.05427,0.08006,0.13016,0.05013,0.09841,0.05112,0.05467,0.02204,0.06279,0.05942,0.01746,0.01457,0.01634,0.01798,0.01660,0.05356,0.01748,0.01229,0.01681
0.13851,0.05862,0.07578,0.15403,0.05918,0.10613,0.05597,0.05833,0.03382,0.06936,0.03562,0.01740,0.01205,0.01574,0.01660,0.01616,0.03025,0.01768,0.01146,0.01731
