0.00875,0.00479,0.13638,0.16771,0.11703,0.07143,0.03704,0.03697,0.12051,0.09598,0.09075,0.03266,0.01994,0.01392,0.00320,0.01915,0.00530,0.00127,0.00136,0.01589
0.01376,0.00495,0.24725,0.10502,0.13799,0.05234,0.05340,0.04893,0.06973,0.06279,0.02607,0.02935,0.05867,0.01035,0.01299,0.04522,0.00501,0.00113,0.00294,0.01212
0.01461,0.04090,0.04859,0.25693,0.08198,0.04810,0.01282,0.09812,0.05348,0.07080,0.01353,0.08637,0.07460,0.00918,0.00732,0.03504,0.00765,0.00517,0.00088,0.03393
0.02252,0.00919,0.07006,0.16916,0.04965,0.04389,0.04712,0.08519,0.23933,0.09795,0.02439,0.03194,0.01852,0.01918,0.00475,0.04599,0.00745,0.00161,0.00206,0.01005
0.00661,0.00475,0.08676,0.15517,0.15733,0.02819,0.02368,0.01321,0.12658,0.16045,0.01112,0.04766,0.07690,0.00389,0.01161,0.04610,0.00328,0.02762,0.00137,0.00773
0.02327,0.00420,0.10445,0.14657,0.14685,0.02842,0.02791,0.01739,0.06964,0.15318,0.03606,0.05352,0.03122,0.00708,0.01463,0.10687,0.00296,0.00250,0.00412,0.01917
0.02012,0.00438,0.22393,0.09092,0.11692,0.01646,0.01970,0.04356,0.11938,0.06803,0.01689,0.16928,0.01472,0.00650,0.00302,0.04321,0.00653,0.00301,0.00222,0.01123
0.02299,0.00771,0.09976,0.16509,0.16351,0.06163,0.05144,0.02801,0.19590,0.04138,0.00927,0.05963,0.02316,0.00980,0.00449,0.03456,0.00861,0.00176,0.00214,0.00916
0.01630,0.01734,0.14660,0.11317,0.17868,0.04844,0.01461,0.04332,0.11534,0.06390,0.03049,0.05599,0.03463,0.00631,0.00774,0.03378,0.00232,0.00343,0.01092,0.05668
0.01591,0.02965,0.12131,0.09541,0.10672,0.02736,0.02574,0.01984,0.30853,0.09998,0.03008,0.02322,0.03021,0.01188,0.00599,0.02670,0.00680,0.00498,0.00162,0.00806
0.03254,0.00950,0.11177,0.23202,0.10109,0.07384,0.09401,0.06656,0.08620,0.05562,0.01224,0.03149,0.02351,0.01162,0.00369,0.03016,0.00520,0.00952,0.00073,0.00869
0.01395,0.00877,0.19562,0.07260,0.31341,0.02518,0.01350,0.06374,0.06288,0.02939,0.00970,0.10606,0.01584,0.00639,0.00482,0.04914,0.00240,0.00141,0.00075,0.00445
0.01147,0.00588,0.15125,0.13437,0.18413,0.02925,0.03788,0.06729,0.08396,0.13398,0.01538,0.03693,0.01862,0.00483,0.00854,0.04026,0.01855,0.00128,0.00295,0.01319
0.01164,0.02606,0.08095,0.18293,0.26788,0.02451,0.04745,0.04891,0.12439,0.05267,0.01652,0.02470,0.02820,0.00719,0.00633,0.02677,0.01046,0.00221,0.00213,0.00810
0.01183,0.00826,0.15771,0.08668,0.18431,0.01935,0.04436,0.03098,0.07248,0.18343,0.01265,0.10601,0.02889,0.01299,0.00476,0.01609,0.00763,0.00196,0.00147,0.00815
0.01384,0.00994,0.11156,0.10286,0.07972,0.06709,0.09668,0.02586,0.10020,0.05986,0.10511,0.10456,0.04938,0.00624,0.00945,0.03216,0.00493,0.00365,0.00609,0.01082
0.01148,0.00470,0.16063,0.10657,0.17675,0.03929,0.02733,0.02198,0.13957,0.10470,0.01299,0.03698,0.01338,0.06507,0.01064,0.03513,0.00366,0.00176,0.00152,0.02588
0.01155,0.00810,0.08279,0.17673,0.07682,0.03688,0.12744,0.01936,0.09780,0.06101,0.02465,0.04529,0.04403,0.01225,0.00369,0.15575,0.00365,0.00404,0.00100,0.00720
0.03699,0.07898,0.07589,0.13402,0.11900,0.05289,0.02631,0.04071,0.13533,0.10383,0.03185,0.06669,0.02041,0.00659,0.01083,0.02416,0.00866,0.00146,0.00548,0.01989
0.02362,0.00581,0.07704,0.16780,0.11129,0.04644,0.02899,0.07022,0.19765,0.07334,0.01474,0.03737,0.05282,0.00780,0.00404,0.03572,0.01206,0.00171,0.00350,0.02803
0.01925,0.00724,0.13828,0.12099,0.21751,0.02548,0.02301,0.04373,0.08422,0.06622,0.01764,0.13052,0.01946,0.01032,0.00561,0.04802,0.00478,0.00441,0.00119,0.01210
0.02137,0.00558,0.12074,0.10239,0.10819,0.05673,0.06873,0.02935,0.13944,0.10972,0.02773,0.04394,0.04315,0.00590,0.00501,0.03868,0.00392,0.00265,0.00119,0.06559
0.03287,0.01061,0.20745,0.12702,0.17825,0.04516,0.00953,0.06517,0.04756,0.10103,0.03751,0.03402,0.02589,0.00414,0.00672,0.04798,0.00717,0.00255,0.00107,0.00829
0.04035,0.01811,0.12789,0.20244,0.06024,0.11078,0.04837,0.04031,0.06337,0.10660,0.02180,0.02734,0.02659,0.00937,0.00352,0.07476,0.00524,0.00133,0.00501,0.00657
0.01530,0.00475,0.14214,0.09744,0.11445,0.03735,0.05126,0.03615,0.10323,0.08332,0.04301,0.05557,0.08905,0.01426,0.00720,0.08144,0.01153,0.00254,0.00174,0.00827
0.02788,0.00690,0.11302,0.28403,0.13054,0.01370,0.02417,0.01695,0.06237,0.11120,0.02858,0.07144,0.01746,0.01056,0.00712,0.05855,0.00468,0.00190,0.00128,0.00767
0.00996,0.01085,0.12524,0.07629,0.39609,0.01588,0.02630,0.07265,0.06505,0.08516,0.00582,0.02773,0.01941,0.00848,0.00391,0.03488,0.00395,0.00230,0.00259,0.00747
0.02069,0.02528,0.12516,0.11715,0.18604,0.03580,0.02567,0.02164,0.20491,0.07257,0.03631,0.04391,0.02432,0.00643,0.00889,0.02725,0.00385,0.00460,0.00310,0.00643
0.01618,0.00600,0.07365,0.24123,0.12650,0.02949,0.03032,0.05625,0.14834,0.08154,0.01587,0.08054,0.01061,0.00947,0.00275,0.05546,0.00327,0.00138,0.00201,0.00913
0.01462,0.02585,0.23319,0.12293,0.12651,0.05108,0.03655,0.02905,0.10295,0.06417,0.02572,0.04922,0.04237,0.01003,0.01021,0.03124,0.01441,0.00270,0.00086,0.00634
0.02190,0.00666,0.17003,0.14642,0.06039,0.03393,0.01902,0.05508,0.12162,0.08806,0.02369,0.03788,0.13888,0.01049,0.00828,0.03410,0.00260,0.00412,0.00595,0.01089
0.04255,0.00609,0.13112,0.19427,0.13795,0.08729,0.03401,0.03974,0.07408,0.03997,0.01149,0.04329,0.03661,0.02354,0.00664,0.03829,0.03178,0.00218,0.00375,0.01534
0.01498,0.00327,0.17456,0.12549,0.15484,0.01517,0.02979,0.03261,0.16797,0.08818,0.03137,0.02031,0.06498,0.00775,0.00528,0.04434,0.00884,0.00123,0.00067,0.00837
0.03352,0.00483,0.12985,0.10496,0.07369,0.06914,0.05354,0.12454,0.07021,0.12261,0.03185,0.03949,0.04737,0.02704,0.00416,0.02716,0.00946,0.00237,0.00196,0.02222
0.01072,0.02519,0.22114,0.15736,0.18475,0.02776,0.02309,0.02880,0.12825,0.05769,0.02343,0.02277,0.03091,0.01154,0.00550,0.02155,0.00676,0.00248,0.00087,0.00946
0.01423,0.00379,0.21640,0.10360,0.08676,0.05130,0.02072,0.15344,0.08449,0.09022,0.06271,0.02142,0.01974,0.01293,0.00350,0.04023,0.00318,0.00118,0.00270,0.00744
0.03942,0.00967,0.08152,0.11420,0.14582,0.08967,0.02737,0.05284,0.07507,0.12349,0.09089,0.03224,0.03596,0.01340,0.00501,0.03007,0.00854,0.00312,0.00115,0.02055
0.01771,0.01118,0.12003,0.10467,0.09656,0.08783,0.02529,0.02933,0.07779,0.11144,0.01300,0.12920,0.02485,0.01863,0.01417,0.06793,0.03035,0.00658,0.00698,0.00649
0.02305,0.00417,0.23450,0.11422,0.13425,0.01741,0.03870,0.03022,0.11902,0.03337,0.02481,0.13890,0.02328,0.00396,0.00618,0.03932,0.00325,0.00101,0.00131,0.00909
0.01460,0.01416,0.07996,0.10033,0.07358,0.05171,0.05294,0.04698,0.11394,0.18952,0.01762,0.08437,0.03093,0.00916,0.00990,0.06263,0.01631,0.00553,0.00328,0.02252
0.02077,0.00886,0.15892,0.30272,0.05434,0.01518,0.06383,0.03030,0.04370,0.12488,0.02092,0.04543,0.01226,0.00465,0.00351,0.03911,0.03762,0.00318,0.00113,0.00868
0.01994,0.00327,0.14338,0.14238,0.21587,0.04824,0.07472,0.02616,0.10330,0.07739,0.02587,0.03383,0.02727,0.00500,0.00533,0.03491,0.00432,0.00194,0.00272,0.00418
0.00968,0.00592,0.23720,0.09378,0.09373,0.05059,0.07232,0.02147,0.15459,0.08106,0.02335,0.03873,0.02574,0.01106,0.00386,0.02960,0.01520,0.00488,0.00207,0.02517
0.07132,0.00902,0.23187,0.17238,0.07413,0.06725,0.02508,0.01659,0.06312,0.05893,0.02395,0.03476,0.01428,0.00722,0.00972,0.09804,0.00193,0.00202,0.00157,0.01680
0.00772,0.00501,0.08433,0.33876,0.09304,0.08000,0.01484,0.02013,0.11212,0.06526,0.01584,0.02181,0.01509,0.00398,0.00736,0.10037,0.00754,0.00125,0.00089,0.00468
0.00640,0.00566,0.15173,0.24896,0.13918,0.03344,0.02239,0.02635,0.09890,0.12324,0.02504,0.02780,0.02346,0.00698,0.00695,0.03978,0.00615,0.00187,0.00169,0.00402
0.02988,0.00686,0.15594,0.15831,0.15707,0.04390,0.04718,0.06934,0.05021,0.08213,0.08072,0.02469,0.02175,0.00390,0.00857,0.03956,0.00478,0.00283,0.00144,0.01093
0.01342,0.01036,0.27125,0.10605,0.17196,0.02197,0.02817,0.05705,0.12830,0.05174,0.01195,0.02847,0.01378,0.00439,0.02339,0.03099,0.01121,0.00174,0.00119,0.01264
0.06756,0.00413,0.18783,0.09244,0.09986,0.03001,0.01413,0.03851,0.07756,0.06126,0.01117,0.01788,0.17631,0.00407,0.01822,0.07479,0.00859,0.00174,0.00153,0.01240
0.07588,0.00582,0.07776,0.19602,0.12958,0.06218,0.07665,0.02028,0.08870,0.13166,0.02097,0.02848,0.02049,0.00496,0.00936,0.02820,0.01107,0.00150,0.00131,0.00911
0.01238,0.00580,0.27183,0.06413,0.22918,0.02754,0.02333,0.04098,0.06233,0.06905,0.04545,0.01986,0.04409,0.00732,0.00378,0.04388,0.00397,0.00922,0.00101,0.01488
0.01183,0.02642,0.13028,0.13503,0.10705,0.01722,0.04249,0.04748,0.13663,0.07833,0.07033,0.01642,0.06951,0.01045,0.00592,0.06974,0.00554,0.01226,0.00162,0.00547
0.01198,0.00755,0.17760,0.06432,0.15717,0.05404,0.02307,0.02928,0.25035,0.11295,0.02892,0.01841,0.01121,0.00739,0.00408,0.02190,0.00781,0.00169,0.00250,0.00777
0.01941,0.01940,0.13499,0.10286,0.13827,0.07988,0.05641,0.03460,0.11935,0.06388,0.01219,0.06586,0.02427,0.00828,0.00830,0.08837,0.01048,0.00226,0.00151,0.00943
0.01020,0.00766,0.15475,0.11765,0.10014,0.02347,0.02233,0.04970,0.16282,0.05891,0.00965,0.06178,0.07026,0.00807,0.00866,0.10256,0.00954,0.00225,0.00256,0.01706
0.01531,0.00555,0.17599,0.06805,0.28524,0.02475,0.03596,0.02660,0.12119,0.03591,0.02514,0.02392,0.01522,0.00642,0.01016,0.10958,0.00446,0.00297,0.00094,0.00664
0.01460,0.01218,0.13946,0.16610,0.16536,0.05056,0.03568,0.03481,0.08645,0.14354,0.01133,0.02827,0.02015,0.01562,0.00557,0.04904,0.00649,0.00771,0.00232,0.00477
0.01023,0.00453,0.13936,0.09543,0.08597,0.06136,0.05368,0.03296,0.05217,0.18576,0.02249,0.08943,0.03654,0.01860,0.01090,0.04719,0.00200,0.00372,0.00129,0.04637
0.01750,0.02861,0.27613,0.10991,0.12622,0.03227,0.03964,0.02724,0.08044,0.07849,0.01383,0.06391,0.03381,0.01295,0.00515,0.02172,0.00473,0.00135,0.01194,0.01416
0.02289,0.00684,0.13434,0.04615,0.17525,0.11741,0.04018,0.04355,0.15251,0.10585,0.03681,0.04202,0.01261,0.00371,0.01007,0.03603,0.00440,0.00327,0.00111,0.00498
0.01263,0.02245,0.12994,0.15804,0.11384,0.01848,0.03460,0.07913,0.11365,0.16265,0.01609,0.04006,0.01224,0.00394,0.00495,0.01858,0.05190,0.00101,0.00087,0.00496
0.04224,0.03985,0.10301,0.14409,0.17427,0.04667,0.03167,0.01712,0.20305,0.03980,0.00870,0.03354,0.02331,0.00954,0.00737,0.04652,0.00513,0.00585,0.00207,0.01620
0.04011,0.00431,0.09917,0.29911,0.07589,0.05534,0.02924,0.02559,0.05811,0.15341,0.01557,0.01990,0.01532,0.03613,0.00361,0.04251,0.00799,0.00916,0.00327,0.00626
0.01357,0.01279,0.10358,0.18307,0.09222,0.02627,0.06184,0.05214,0.18850,0.07094,0.01056,0.08451,0.01543,0.00606,0.00827,0.04505,0.00772,0.00686,0.00154,0.00906
0.01833,0.00410,0.12359,0.06519,0.13151,0.02167,0.07818,0.04111,0.12312,0.03068,0.01867,0.06602,0.00887,0.00697,0.00844,0.24296,0.00251,0.00154,0.00103,0.00553
0.01806,0.00951,0.17339,0.11158,0.11963,0.02515,0.07986,0.04818,0.06835,0.06378,0.01412,0.08000,0.02973,0.01916,0.01065,0.09489,0.00906,0.00338,0.00301,0.01850
0.01945,0.01321,0.10242,0.24595,0.16775,0.01737,0.07830,0.01938,0.06603,0.07947,0.01923,0.04417,0.02980,0.00426,0.00995,0.06175,0.00534,0.00471,0.00280,0.00867
0.01089,0.01388,0.09948,0.14053,0.15173,0.04040,0.05530,0.07942,0.09336,0.12466,0.03951,0.03517,0.01818,0.00946,0.00643,0.06428,0.00609,0.00110,0.00313,0.00698
0.02402,0.01631,0.09009,0.16426,0.18380,0.04962,0.02783,0.04231,0.10457,0.09801,0.02688,0.07263,0.01371,0.00900,0.01917,0.03554,0.00985,0.00144,0.00092,0.01002
0.02648,0.00654,0.09020,0.11334,0.23604,0.02022,0.03346,0.04627,0.13921,0.08793,0.02644,0.04958,0.06439,0.00284,0.00761,0.03058,0.00648,0.00126,0.00140,0.00972
0.03893,0.01035,0.07476,0.10861,0.06787,0.03621,0.03385,0.11133,0.10690,0.04654,0.01588,0.06873,0.03620,0.00501,0.00633,0.11571,0.10116,0.00225,0.00145,0.01193
0.02245,0.00567,0.14475,0.10301,0.13648,0.06550,0.03860,0.01739,0.07607,0.23331,0.02554,0.03138,0.02117,0.00973,0.00950,0.03890,0.00983,0.00147,0.00143,0.00781
0.01804,0.00531,0.04964,0.09175,0.17088,0.03974,0.01685,0.03839,0.18597,0.07691,0.01082,0.04335,0.12401,0.01119,0.00345,0.09173,0.00212,0.00307,0.00520,0.01158
0.03472,0.00634,0.31405,0.11458,0.13523,0.03016,0.02693,0.03375,0.07273,0.10580,0.00849,0.01962,0.03519,0.00298,0.00699,0.03481,0.00575,0.00099,0.00187,0.00902
0.01720,0.00544,0.14236,0.13349,0.05719,0.03063,0.09863,0.07305,0.07912,0.09287,0.01668,0.05042,0.11657,0.02737,0.00626,0.02318,0.01519,0.00217,0.00108,0.01110
0.01565,0.00399,0.11889,0.26027,0.12059,0.01322,0.02126,0.02041,0.23311,0.06512,0.04214,0.02728,0.01724,0.00605,0.00324,0.01444,0.00450,0.00131,0.00187,0.00942
0.01368,0.00970,0.11045,0.16528,0.08920,0.02348,0.04646,0.01977,0.16405,0.07238,0.03098,0.02327,0.01910,0.00847,0.01983,0.15751,0.00479,0.00231,0.00152,0.01776
0.01440,0.11794,0.06687,0.08327,0.10221,0.03371,0.05134,0.10704,0.12283,0.12031,0.02133,0.04792,0.02236,0.00785,0.00664,0.05075,0.00621,0.00404,0.00474,0.00826
0.01162,0.00711,0.19027,0.14151,0.09595,0.03716,0.01975,0.11438,0.13389,0.05195,0.01723,0.05943,0.03726,0.00487,0.01015,0.04953,0.00393,0.00312,0.00320,0.00772
0.04265,0.01111,0.15372,0.17377,0.27887,0.01588,0.01588,0.01777,0.04387,0.09310,0.02959,0.02944,0.01803,0.00419,0.00466,0.05678,0.00462,0.00135,0.00068,0.00403
0.05174,0.01146,0.15672,0.07133,0.11563,0.02498,0.03416,0.02478,0.17531,0.11208,0.02275,0.06825,0.01829,0.01058,0.04136,0.03907,0.01427,0.00192,0.00066,0.00466
0.03000,0.01519,0.18745,0.21549,0.16531,0.02996,0.01638,0.02927,0.05337,0.08612,0.02340,0.02229,0.01598,0.00553,0.00509,0.02574,0.05788,0.00228,0.00816,0.00512
0.02869,0.00356,0.16813,0.11050,0.12051,0.05620,0.05671,0.03151,0.13478,0.05089,0.03256,0.06598,0.01174,0.02237,0.00485,0.07442,0.00968,0.00161,0.00190,0.01339
0.03236,0.00266,0.23633,0.11939,0.10238,0.03135,0.01884,0.02789,0.06659,0.11546,0.01110,0.04743,0.04367,0.07953,0.00842,0.03856,0.00391,0.00186,0.00163,0.01065
0.01277,0.00511,0.37538,0.12340,0.16013,0.02716,0.01929,0.01661,0.04345,0.02287,0.01046,0.02383,0.02475,0.06880,0.00703,0.04165,0.00326,0.00441,0.00229,0.00736
0.01585,0.00895,0.15656,0.14562,0.14273,0.08886,0.02680,0.04306,0.07869,0.05834,0.01734,0.03148,0.09166,0.04319,0.00439,0.02254,0.00811,0.00247,0.00176,0.01159
0.00910,0.07406,0.06993,0.19484,0.13717,0.02637,0.01718,0.01753,0.09982,0.10837,0.02381,0.01498,0.15684,0.00445,0.00433,0.02915,0.00326,0.00262,0.00105,0.00515
0.03026,0.00335,0.18606,0.24824,0.07658,0.09502,0.04261,0.01320,0.04675,0.06446,0.07072,0.02688,0.05661,0.00447,0.00335,0.01812,0.00349,0.00194,0.00157,0.00633
0.02007,0.00924,0.18456,0.06156,0.09840,0.02871,0.04050,0.03701,0.30090,0.06251,0.01115,0.04898,0.01357,0.00351,0.00579,0.05937,0.00467,0.00112,0.00265,0.00574
0.01651,0.01486,0.20451,0.13313,0.14731,0.02821,0.05013,0.01870,0.14899,0.07804,0.01810,0.02537,0.02239,0.00759,0.01482,0.05062,0.01060,0.00258,0.00197,0.00555
0.01455,0.00697,0.27350,0.08529,0.14910,0.06069,0.02010,0.03204,0.14842,0.06956,0.01943,0.01720,0.01826,0.00602,0.00753,0.05439,0.00570,0.00196,0.00204,0.00725
0.00895,0.00929,0.13962,0.26164,0.06603,0.01895,0.02029,0.03109,0.08071,0.08011,0.02575,0.03467,0.07384,0.00512,0.08923,0.04338,0.00492,0.00118,0.00168,0.00355
0.02113,0.00621,0.18370,0.24204,0.06917,0.03137,0.01524,0.02254,0.07866,0.18989,0.01614,0.05665,0.02088,0.00669,0.00402,0.02052,0.00476,0.00254,0.00122,0.00661
0.02031,0.00357,0.23775,0.16678,0.07797,0.03675,0.02301,0.02353,0.07891,0.16268,0.01920,0.03811,0.02421,0.00504,0.00803,0.06017,0.00232,0.00259,0.00297,0.00610
0.03231,0.00365,0.04271,0.12797,0.16997,0.07858,0.05798,0.04635,0.11487,0.15929,0.02530,0.04636,0.01830,0.02993,0.01036,0.01310,0.00990,0.00126,0.00164,0.01016
0.02244,0.00668,0.22649,0.10827,0.19550,0.03316,0.02117,0.03659,0.06676,0.10957,0.01780,0.04842,0.01301,0.00453,0.02358,0.04800,0.00519,0.00236,0.00185,0.00864
0.01404,0.00653,0.16839,0.12462,0.07738,0.10071,0.13272,0.03398,0.10813,0.06407,0.01982,0.04434,0.01364,0.00804,0.00471,0.04972,0.00541,0.00992,0.00132,0.01250
0.01305,0.01053,0.09860,0.12621,0.23880,0.03132,0.02136,0.04704,0.07931,0.04264,0.03769,0.04105,0.01559,0.01625,0.00959,0.15420,0.00560,0.00205,0.00150,0.00762
0.01570,0.00551,0.07805,0.14589,0.21304,0.02641,0.09389,0.02958,0.21095,0.04609,0.02053,0.03487,0.02095,0.00373,0.00854,0.02321,0.00736,0.00107,0.00122,0.01340
0.01955,0.00998,0.10830,0.15753,0.10171,0.05657,0.04982,0.06310,0.06159,0.09944,0.04256,0.05849,0.06243,0.03450,0.00687,0.03736,0.00261,0.00618,0.00380,0.01761
