0.03063,0.02519,0.03505,0.02524,0.05237,0.01969,0.06411,0.02095,0.02965,0.12045,0.17866,0.02761,0.30442,0.06599
0.03508,0.03926,0.02603,0.02620,0.02498,0.03238,0.02211,0.03327,0.02446,0.04414,0.03557,0.02807,0.07389,0.55458
0.03444,0.03615,0.04466,0.02689,0.07050,0.02943,0.09409,0.02945,0.03560,0.14073,0.10546,0.03896,0.26251,0.05112
0.01794,0.02097,0.01692,0.01836,0.01553,0.02229,0.01392,0.02081,0.01974,0.02719,0.01757,0.02321,0.04632,0.71923
0.04288,0.02585,0.04388,0.03808,0.11496,0.03074,0.09191,0.02970,0.03578,0.10476,0.19078,0.02650,0.19269,0.03149
0.05689,0.04618,0.05062,0.04102,0.05213,0.05817,0.05636,0.11483,0.04039,0.09285,0.08346,0.04432,0.16088,0.10190
0.03147,0.03203,0.03062,0.03128,0.02647,0.02929,0.02905,0.02806,0.02696,0.05722,0.03772,0.03558,0.06429,0.53997
0.02368,0.02330,0.02258,0.02535,0.02163,0.03030,0.02289,0.02668,0.02426,0.02751,0.02490,0.02673,0.04454,0.65566
0.05162,0.04352,0.05441,0.07229,0.04075,0.07657,0.05549,0.09681,0.07946,0.04628,0.04311,0.07632,0.06292,0.20047
0.05687,0.08773,0.07268,0.05111,0.06346,0.11535,0.05310,0.05864,0.10337,0.09432,0.05814,0.07769,0.07491,0.03265
0.04807,0.06477,0.03905,0.04389,0.02931,0.05219,0.02986,0.05725,0.03887,0.08045,0.04733,0.04862,0.08368,0.33666
0.02340,0.02534,0.01859,0.02101,0.01669,0.02146,0.01765,0.02239,0.01674,0.03513,0.02491,0.01682,0.05593,0.68395
0.06694,0.08041,0.07587,0.07547,0.06123,0.06825,0.06120,0.06983,0.06837,0.08802,0.06659,0.06852,0.07646,0.07283
0.03552,0.03444,0.02968,0.04800,0.02574,0.04090,0.03156,0.05241,0.04969,0.04417,0.03781,0.04339,0.06932,0.45736
0.04358,0.04184,0.05316,0.04081,0.08216,0.10518,0.07745,0.14494,0.07883,0.08431,0.05620,0.05355,0.10400,0.03399
0.02015,0.02095,0.01761,0.02228,0.01728,0.02402,0.01904,0.02304,0.02403,0.02914,0.02223,0.02437,0.04910,0.68676
0.08803,0.14210,0.05409,0.07016,0.03550,0.05373,0.03770,0.04965,0.04693,0.08895,0.06981,0.04959,0.08313,0.13065
0.03829,0.03466,0.03093,0.03878,0.02455,0.03337,0.02841,0.03268,0.03546,0.04109,0.03644,0.03248,0.07492,0.51795
0.02273,0.02453,0.02308,0.02632,0.02009,0.02208,0.02338,0.02351,0.02456,0.05113,0.03009,0.02920,0.07659,0.60271
0.05062,0.04266,0.04768,0.03703,0.04200,0.04403,0.04854,0.06218,0.04667,0.10472,0.05393,0.05025,0.11835,0.25133
0.05988,0.07673,0.04933,0.05680,0.03844,0.06604,0.04142,0.08171,0.04823,0.10575,0.05785,0.04710,0.08729,0.18344
0.03501,0.03483,0.02941,0.04566,0.02563,0.03355,0.03163,0.03121,0.03313,0.03595,0.04277,0.03231,0.06092,0.52800
0.06270,0.07828,0.05006,0.05710,0.03676,0.05661,0.03631,0.05134,0.05686,0.15431,0.05455,0.04647,0.09149,0.16715
0.05579,0.07743,0.05079,0.03830,0.04024,0.03221,0.04029,0.03194,0.03532,0.09178,0.06284,0.04881,0.09023,0.30402
0.02531,0.02202,0.03115,0.02107,0.05719,0.01995,0.06331,0.02066,0.02657,0.09084,0.15026,0.02693,0.20746,0.23727
0.02073,0.02742,0.01909,0.02512,0.01461,0.02369,0.01996,0.02627,0.02093,0.02977,0.02399,0.02267,0.05673,0.66904
0.02315,0.02456,0.02327,0.02257,0.02316,0.02829,0.02125,0.02223,0.02689,0.03299,0.02304,0.03163,0.05565,0.64133
0.02319,0.02457,0.01847,0.02313,0.01598,0.02199,0.01903,0.02272,0.02161,0.03156,0.02516,0.02123,0.05160,0.67976
0.03493,0.04120,0.07307,0.09322,0.05252,0.09379,0.07150,0.11520,0.09344,0.04495,0.02704,0.16788,0.06371,0.02757
0.02840,0.03131,0.02528,0.02252,0.02623,0.02747,0.01865,0.02231,0.02382,0.03906,0.03021,0.03102,0.06743,0.60629
0.04772,0.04258,0.04809,0.03567,0.05105,0.05104,0.05161,0.04077,0.03157,0.07203,0.06052,0.04021,0.09772,0.32943
0.06559,0.04564,0.03839,0.05289,0.03955,0.05283,0.04239,0.07224,0.04099,0.07480,0.08286,0.03682,0.11806,0.23694
0.07463,0.06927,0.03462,0.04776,0.02781,0.03809,0.03081,0.03220,0.02772,0.03583,0.04841,0.02808,0.06173,0.44305
0.03737,0.05116,0.02762,0.03086,0.02116,0.03996,0.02090,0.03557,0.02406,0.04653,0.02995,0.02714,0.06056,0.54717
0.02061,0.02115,0.01979,0.02383,0.01910,0.02420,0.02192,0.01974,0.02331,0.03204,0.02304,0.02616,0.05226,0.67286
0.02276,0.02889,0.01975,0.02314,0.01616,0.03077,0.01634,0.02626,0.02477,0.03280,0.01852,0.03040,0.05695,0.65250
0.06060,0.06664,0.04523,0.04390,0.03580,0.05247,0.03683,0.06796,0.03701,0.08308,0.06203,0.05340,0.13199,0.22304
0.04583,0.04152,0.03862,0.03881,0.03280,0.05069,0.03892,0.08475,0.04114,0.09227,0.06102,0.04254,0.11396,0.27713
0.05523,0.07442,0.07239,0.06984,0.05416,0.05745,0.05173,0.05943,0.07460,0.08599,0.05417,0.09495,0.11719,0.07844
0.02097,0.02280,0.02417,0.02302,0.02558,0.02853,0.02029,0.01973,0.03554,0.08484,0.02027,0.03258,0.60854,0.03312
0.03306,0.03241,0.04763,0.03735,0.04251,0.03233,0.04093,0.02835,0.03264,0.08822,0.05191,0.04338,0.07764,0.41162
0.04947,0.06066,0.03820,0.04047,0.03207,0.06227,0.03070,0.06287,0.03483,0.26095,0.07715,0.03348,0.13263,0.08424
0.03749,0.04028,0.04896,0.06924,0.04209,0.07840,0.04706,0.06105,0.08297,0.04504,0.03669,0.10587,0.06716,0.23769
0.01316,0.01480,0.01235,0.01435,0.01081,0.01661,0.01346,0.01530,0.01375,0.02078,0.01531,0.01399,0.04483,0.78049
0.07272,0.07471,0.05168,0.05573,0.05776,0.06537,0.04145,0.04826,0.06032,0.13562,0.07511,0.06144,0.09850,0.10134
0.03267,0.02420,0.03587,0.02414,0.06031,0.02236,0.06614,0.02666,0.03293,0.13988,0.17966,0.03067,0.26944,0.05507
0.07425,0.07880,0.04979,0.05351,0.03587,0.07089,0.03838,0.08292,0.04661,0.06626,0.05639,0.04801,0.07277,0.22554
0.05430,0.04283,0.04141,0.06657,0.05341,0.04365,0.03307,0.03676,0.03410,0.09520,0.11653,0.03388,0.28825,0.06003
0.04082,0.03364,0.04934,0.03119,0.04990,0.02186,0.06073,0.02472,0.03650,0.16199,0.12650,0.03491,0.25182,0.07609
0.03769,0.04707,0.03012,0.03407,0.02563,0.03691,0.02461,0.03193,0.02564,0.04867,0.03550,0.02700,0.06567,0.52952
0.04452,0.04161,0.04741,0.04311,0.05235,0.03914,0.05095,0.03469,0.03920,0.06722,0.05735,0.04523,0.10096,0.33627
0.06978,0.07203,0.03990,0.04211,0.03627,0.10435,0.03064,0.16176,0.03713,0.12515,0.06423,0.03388,0.12327,0.05951
0.03122,0.03302,0.08127,0.07857,0.06352,0.04845,0.07741,0.06593,0.28911,0.03580,0.02533,0.08435,0.06603,0.01998
0.05581,0.07070,0.05855,0.07276,0.05023,0.06937,0.04800,0.07611,0.06100,0.06124,0.05193,0.09493,0.08173,0.14766
0.07249,0.15912,0.04325,0.04746,0.02708,0.08561,0.02756,0.08056,0.03977,0.16580,0.04668,0.03705,0.09132,0.07626
0.04119,0.04835,0.03398,0.03372,0.02942,0.05149,0.02954,0.04914,0.03295,0.05375,0.03394,0.04864,0.10971,0.40418
0.11006,0.05244,0.04479,0.05998,0.05599,0.04622,0.05978,0.04365,0.06658,0.05257,0.08965,0.05154,0.11633,0.15040
0.03210,0.02636,0.02858,0.02118,0.04104,0.02185,0.03598,0.02272,0.02492,0.08296,0.07652,0.03304,0.31600,0.23674
0.04167,0.02960,0.04837,0.03755,0.09960,0.04374,0.10970,0.06539,0.04183,0.10378,0.16565,0.03218,0.15366,0.02727
0.04307,0.02994,0.03629,0.02917,0.07597,0.05353,0.07472,0.04377,0.03358,0.07391,0.09553,0.03209,0.23010,0.14834
0.04980,0.05918,0.05365,0.04915,0.04350,0.05434,0.04142,0.05190,0.04529,0.08770,0.05175,0.05775,0.07813,0.27645
0.03551,0.03799,0.03219,0.02161,0.02821,0.03503,0.02192,0.03279,0.03883,0.20205,0.03712,0.03382,0.32287,0.12007
0.03309,0.03451,0.11309,0.08521,0.07577,0.06137,0.10428,0.11052,0.11557,0.04263,0.03267,0.09418,0.07573,0.02139
0.03686,0.04451,0.08870,0.08641,0.06084,0.07925,0.06948,0.10709,0.13471,0.04010,0.02737,0.14678,0.05748,0.02042
0.02443,0.02674,0.02214,0.01963,0.01987,0.02334,0.01811,0.02120,0.01899,0.04716,0.02686,0.02725,0.06311,0.64115
0.04770,0.03960,0.05752,0.03967,0.07834,0.04148,0.08932,0.04640,0.05170,0.14707,0.15301,0.04057,0.11510,0.05252
0.05413,0.05295,0.04413,0.03622,0.05091,0.03646,0.04044,0.03389,0.03432,0.08414,0.09970,0.03706,0.09108,0.30458
0.01479,0.01427,0.01952,0.01363,0.04995,0.01671,0.05802,0.01645,0.02451,0.05850,0.07878,0.01860,0.59889,0.01736
0.00696,0.00532,0.00734,0.01056,0.00775,0.01227,0.00813,0.01327,0.00797,0.01704,0.01103,0.00731,0.88095,0.00411
0.04420,0.04798,0.05374,0.03209,0.05056,0.03270,0.04488,0.03556,0.03965,0.07569,0.05532,0.06638,0.12085,0.30041
0.08458,0.10066,0.04518,0.07518,0.03318,0.05015,0.03423,0.04710,0.04259,0.05575,0.06429,0.03763,0.08014,0.24934
0.02516,0.02570,0.02735,0.03089,0.02399,0.02962,0.02679,0.02915,0.02675,0.05484,0.03195,0.03222,0.06332,0.57228
0.04390,0.04970,0.03214,0.05440,0.02544,0.03804,0.02724,0.03849,0.03900,0.04499,0.04382,0.02930,0.07610,0.45743
0.05543,0.04495,0.03884,0.03072,0.05416,0.04729,0.04708,0.04519,0.03075,0.19284,0.14835,0.03161,0.17518,0.05761
0.02649,0.03278,0.02662,0.03573,0.02026,0.03074,0.02406,0.02818,0.03079,0.03784,0.02643,0.02980,0.06261,0.58768
0.05399,0.04176,0.06171,0.05650,0.06729,0.03780,0.07612,0.04645,0.04762,0.08606,0.12203,0.04188,0.09773,0.16307
0.06018,0.04303,0.05505,0.05541,0.05607,0.03473,0.06138,0.04253,0.03974,0.08415,0.15026,0.03490,0.09890,0.18367
0.01626,0.01706,0.01312,0.01933,0.01406,0.02058,0.01718,0.02298,0.02323,0.02092,0.01983,0.02005,0.05138,0.72403
0.03953,0.03414,0.05017,0.03325,0.10166,0.04815,0.07392,0.05148,0.05132,0.12409,0.10796,0.05486,0.16696,0.06250
0.07559,0.08215,0.05768,0.05802,0.04423,0.05213,0.04360,0.06047,0.04094,0.19118,0.07360,0.04064,0.11198,0.06780
0.03687,0.04646,0.03176,0.03438,0.02380,0.03573,0.02645,0.04199,0.02991,0.05269,0.03202,0.03679,0.06151,0.50963
0.06211,0.05058,0.06041,0.07275,0.05791,0.04632,0.05020,0.04528,0.04982,0.08222,0.12063,0.04422,0.14217,0.11537
0.06649,0.04620,0.03616,0.05200,0.04041,0.03487,0.03639,0.03714,0.03396,0.10899,0.16727,0.03326,0.12735,0.17951
0.04543,0.03155,0.03446,0.04721,0.05098,0.04079,0.03328,0.03662,0.03084,0.08425,0.09542,0.03529,0.40039,0.03349
0.01238,0.01570,0.01337,0.01472,0.01075,0.01629,0.01283,0.01533,0.01306,0.02306,0.01493,0.01521,0.05030,0.77209
0.02224,0.02419,0.02181,0.02587,0.01893,0.02821,0.02226,0.02590,0.02894,0.03952,0.02230,0.03246,0.05845,0.62891
0.04673,0.07960,0.03500,0.04967,0.02405,0.04709,0.02622,0.04174,0.03621,0.07408,0.04277,0.03015,0.10152,0.36518
0.02819,0.02870,0.02812,0.02782,0.02426,0.03422,0.02321,0.03042,0.02911,0.04471,0.02958,0.03725,0.06721,0.56719
0.03969,0.03356,0.02850,0.03567,0.04337,0.05382,0.03655,0.04172,0.07303,0.03287,0.03461,0.05104,0.05773,0.43785
0.01663,0.01974,0.01857,0.01951,0.01391,0.01827,0.01747,0.01752,0.01643,0.03621,0.02173,0.02451,0.05032,0.70918
0.03988,0.03005,0.07060,0.07575,0.05367,0.08091,0.07745,0.08344,0.14476,0.03258,0.02977,0.15265,0.06116,0.06734
0.10433,0.06594,0.05406,0.10641,0.03975,0.04249,0.04804,0.04371,0.04855,0.05881,0.10458,0.04527,0.11141,0.12666
0.01723,0.01931,0.01821,0.01786,0.01684,0.02005,0.01632,0.01623,0.01693,0.03458,0.01957,0.02368,0.04900,0.71419
0.04947,0.03751,0.03563,0.03000,0.05282,0.05255,0.04469,0.06123,0.04502,0.13436,0.06839,0.03303,0.23062,0.12467
0.04375,0.07865,0.05821,0.06261,0.03451,0.07754,0.03604,0.07075,0.06580,0.09503,0.04081,0.06851,0.08444,0.18334
0.04604,0.04192,0.04224,0.03646,0.04397,0.05533,0.03593,0.04819,0.04485,0.04780,0.03769,0.05261,0.06697,0.40000
0.03305,0.02902,0.03586,0.02881,0.03119,0.02662,0.03657,0.03427,0.02524,0.10472,0.04515,0.04737,0.15040,0.37175
0.01409,0.01508,0.01441,0.01770,0.01179,0.01500,0.01352,0.01554,0.01808,0.02504,0.01694,0.01856,0.04669,0.75757
0.04227,0.04743,0.04167,0.05303,0.03324,0.03924,0.03788,0.03995,0.03689,0.07037,0.06347,0.04431,0.11112,0.33913
0.03451,0.03887,0.03844,0.03423,0.03094,0.03929,0.03078,0.03545,0.03151,0.05151,0.03279,0.04669,0.08402,0.47096
