0.04373,0.05145,0.29402,0.61080
0.09290,0.09248,0.29736,0.51726
0.16981,0.43715,0.13408,0.25897
0.09503,0.12740,0.30560,0.47197
0.16352,0.24688,0.21622,0.37338
0.12584,0.16651,0.23467,0.47298
0.16761,0.16113,0.20169,0.46957
0.13900,0.32892,0.16901,0.36306
0.17104,0.06807,0.33407,0.42682
0.20216,0.22574,0.22179,0.35031
0.10015,0.08760,0.30688,0.50538
0.07261,0.07089,0.27499,0.58151
0.04270,0.10587,0.28857,0.56286
0.06907,0.07999,0.27331,0.57763
0.20027,0.05879,0.27858,0.46236
0.07143,0.05961,0.25300,0.61596
0.10591,0.11062,0.25842,0.52505
0.14140,0.29766,0.24081,0.32013
0.06370,0.38305,0.21208,0.34117
0.02058,0.44108,0.19906,0.33929
0.02998,0.02791,0.28331,0.65880
0.13803,0.17662,0.20004,0.48531
0.03529,0.04216,0.28669,0.63585
0.17208,0.19196,0.23617,0.39979
0.11573,0.15513,0.21635,0.51280
0.06539,0.07038,0.26091,0.60332
0.10477,0.09841,0.23517,0.56165
0.07658,0.05662,0.29765,0.56915
0.06340,0.05837,0.33154,0.54669
0.04691,0.45284,0.13931,0.36094
0.17870,0.19370,0.21979,0.40781
0.08824,0.22926,0.27658,0.40593
0.02313,0.01759,0.43079,0.52850
0.22309,0.07719,0.25684,0.44287
0.30796,0.13861,0.20609,0.34734
0.09233,0.07619,0.30008,0.53139
0.03524,0.20979,0.22343,0.53154
0.03482,0.04961,0.33395,0.58162
0.09033,0.10635,0.33105,0.47228
0.30307,0.10088,0.20303,0.39303
0.08978,0.25919,0.24834,0.40268
0.08209,0.10318,0.28857,0.52616
0.25514,0.29796,0.16098,0.28592
0.14497,0.18771,0.22365,0.44367
0.06198,0.05013,0.27734,0.61055
0.26066,0.34626,0.14817,0.24491
0.05362,0.06511,0.33542,0.54585
0.29795,0.28127,0.13962,0.28116
0.03314,0.03345,0.30356,0.62985
0.06755,0.11037,0.30599,0.51609
0.09447,0.13037,0.23793,0.53723
0.07476,0.05822,0.17808,0.68893
0.04882,0.08384,0.25327,0.61408
0.08177,0.09082,0.30610,0.52131
0.04181,0.34529,0.26106,0.35184
0.06549,0.14560,0.25426,0.53465
0.03585,0.18087,0.19116,0.59212
0.41180,0.13642,0.17330,0.27847
0.13693,0.20628,0.20122,0.45557
0.01181,0.01387,0.29901,0.67531
0.06753,0.07884,0.22880,0.62483
0.19913,0.14687,0.25295,0.40105
0.07192,0.06718,0.36416,0.49675
0.11092,0.23463,0.22280,0.43165
0.24986,0.32237,0.14572,0.28205
0.04724,0.23569,0.25204,0.46503
0.21304,0.20540,0.20530,0.37627
0.09120,0.09862,0.34996,0.46023
0.12863,0.10232,0.31837,0.45068
0.13172,0.12273,0.28858,0.45696
0.02756,0.24668,0.26827,0.45749
0.14124,0.35532,0.20065,0.30279
0.14662,0.17445,0.26662,0.41230
0.05862,0.07406,0.25682,0.61050
0.14298,0.18915,0.26881,0.39906
0.49569,0.20861,0.10994,0.18576
0.02695,0.03840,0.19252,0.74213
0.06934,0.17275,0.26754,0.49037
0.04929,0.06455,0.23462,0.65154
0.06148,0.06835,0.33078,0.53940
0.06133,0.05896,0.40522,0.47450
0.13758,0.14868,0.29632,0.41742
0.04052,0.03226,0.37837,0.54885
0.07008,0.12270,0.27117,0.53606
0.10012,0.11663,0.28587,0.49738
0.10160,0.14219,0.30732,0.44889
0.34273,0.14756,0.18404,0.32568
0.16092,0.24604,0.22630,0.36674
0.02247,0.02480,0.33984,0.61288
0.04648,0.25864,0.21178,0.48311
0.06447,0.07067,0.28366,0.58119
0.21036,0.15505,0.24019,0.39440
0.02523,0.62979,0.11645,0.22853
0.15792,0.06526,0.25251,0.52431
0.34342,0.10097,0.22950,0.32611
0.14726,0.41519,0.15279,0.28477
0.29627,0.34051,0.14846,0.21476
0.01972,0.02190,0.32462,0.63377
0.13462,0.14377,0.20968,0.51194
0.16944,0.08988,0.24632,0.49436
