0.04136,0.04290,0.03930,0.04214,0.04527,0.04516,0.04000,0.04037,0.03994,0.05272,0.04597,0.04368,0.04344,0.04666,0.05417,0.04152,0.04218,0.03959,0.10798,0.10565
0.04431,0.04580,0.04301,0.04491,0.04374,0.04518,0.04626,0.04325,0.04375,0.04977,0.04776,0.04736,0.05075,0.05126,0.05139,0.04423,0.04734,0.04503,0.08547,0.07943
0.05388,0.05833,0.05018,0.04899,0.04617,0.04804,0.04530,0.04627,0.04600,0.06025,0.04711,0.04942,0.05388,0.05287,0.03856,0.05850,0.04146,0.04514,0.05350,0.05612
0.04521,0.04536,0.04777,0.04937,0.04989,0.05136,0.04242,0.04434,0.04133,0.05407,0.04583,0.04589,0.05045,0.05028,0.04212,0.04549,0.04715,0.04433,0.08071,0.07661
0.04433,0.04554,0.04892,0.05019,0.05371,0.05316,0.04225,0.04577,0.04391,0.05882,0.04841,0.04437,0.04996,0.05067,0.04578,0.05446,0.04823,0.04666,0.06294,0.06190
0.04471,0.04706,0.04850,0.04859,0.04571,0.04727,0.04280,0.04767,0.04252,0.05830,0.05074,0.04968,0.04995,0.05047,0.05626,0.04676,0.04403,0.04165,0.06950,0.06783
0.04366,0.04441,0.04617,0.04541,0.04590,0.04811,0.04969,0.05199,0.05041,0.04879,0.04857,0.04859,0.04555,0.04647,0.06260,0.04666,0.04645,0.04904,0.06690,0.06463
0.04584,0.04222,0.04171,0.04427,0.04159,0.04311,0.05613,0.04373,0.04951,0.04325,0.05543,0.05774,0.05312,0.05144,0.04870,0.04812,0.05476,0.05646,0.05850,0.06437
0.04497,0.04794,0.04603,0.04470,0.04562,0.04616,0.04520,0.04273,0.05515,0.03746,0.04719,0.04562,0.04883,0.04923,0.06103,0.03936,0.05324,0.04786,0.07784,0.07383
0.04991,0.05027,0.04948,0.05067,0.04739,0.04962,0.05151,0.05002,0.04417,0.05209,0.04806,0.04764,0.05201,0.05147,0.04353,0.04832,0.04687,0.04810,0.06055,0.05829
0.04431,0.04689,0.04406,0.04351,0.04296,0.04472,0.04550,0.04250,0.04887,0.04189,0.04715,0.04606,0.05120,0.04934,0.05052,0.04227,0.05191,0.04829,0.08583,0.08222
0.04423,0.04304,0.04125,0.04120,0.04494,0.04754,0.04507,0.04668,0.04087,0.04683,0.04624,0.04376,0.04801,0.04574,0.05406,0.03999,0.05016,0.04615,0.09375,0.09051
0.04047,0.04150,0.04226,0.04314,0.04519,0.04704,0.04571,0.04736,0.03659,0.06110,0.04594,0.04421,0.04897,0.04759,0.04536,0.04746,0.04329,0.04331,0.09576,0.08776
0.04484,0.04540,0.04550,0.04502,0.04433,0.04483,0.04436,0.04059,0.03782,0.04876,0.04930,0.04713,0.04725,0.04543,0.05890,0.04197,0.04761,0.04462,0.09003,0.08631
0.04250,0.04485,0.04315,0.04383,0.04249,0.04729,0.04681,0.04397,0.05790,0.04077,0.05053,0.04889,0.05016,0.05011,0.06397,0.03885,0.05096,0.04676,0.07498,0.07123
0.03788,0.03714,0.04300,0.04456,0.03989,0.04118,0.04495,0.04761,0.04136,0.04533,0.04541,0.04392,0.04314,0.04198,0.06580,0.03891,0.04963,0.04603,0.10338,0.09892
0.04376,0.04414,0.04256,0.04399,0.04643,0.04865,0.05061,0.05060,0.04557,0.04904,0.04784,0.04803,0.05003,0.04864,0.04673,0.03958,0.04563,0.04902,0.08086,0.07826
0.05136,0.04594,0.05079,0.05205,0.04689,0.04531,0.04952,0.04431,0.04141,0.05463,0.04933,0.05150,0.05167,0.05181,0.04257,0.05483,0.04688,0.04935,0.06140,0.05845
0.04769,0.04472,0.04628,0.04663,0.05002,0.04764,0.04794,0.04617,0.03792,0.06966,0.05100,0.04881,0.05183,0.05215,0.04211,0.05327,0.04526,0.04581,0.06235,0.06276
0.04139,0.03901,0.04415,0.04402,0.04766,0.04901,0.04742,0.04827,0.03184,0.08614,0.04811,0.04579,0.04566,0.04728,0.03983,0.05776,0.04262,0.04828,0.07274,0.07304
0.03555,0.03664,0.04016,0.04119,0.03909,0.04127,0.03736,0.03521,0.04153,0.04338,0.04187,0.04145,0.04175,0.04332,0.04719,0.04072,0.04676,0.04344,0.13437,0.12776
0.04637,0.05322,0.04573,0.04557,0.04642,0.04756,0.04199,0.04348,0.05218,0.05637,0.04900,0.04737,0.04958,0.05064,0.05133,0.04747,0.04564,0.04417,0.06766,0.06826
0.03787,0.03866,0.04031,0.04120,0.04108,0.04076,0.04349,0.04535,0.03033,0.04739,0.04427,0.04278,0.04330,0.04427,0.05611,0.03957,0.04623,0.04255,0.12096,0.11351
0.04656,0.04871,0.04967,0.05080,0.05059,0.05152,0.04890,0.04570,0.05049,0.04752,0.04723,0.04532,0.04693,0.04700,0.05522,0.04633,0.04988,0.04892,0.06293,0.05979
0.04676,0.04601,0.04689,0.04890,0.04788,0.04888,0.04677,0.04926,0.03871,0.05119,0.04850,0.04542,0.04875,0.04894,0.05273,0.04926,0.05148,0.04617,0.06956,0.06794
0.04598,0.04555,0.04174,0.04294,0.04464,0.04400,0.04422,0.04437,0.03660,0.05009,0.04814,0.04605,0.04754,0.04932,0.05313,0.04110,0.04717,0.04452,0.09451,0.08839
0.04286,0.04240,0.04328,0.04443,0.04644,0.04809,0.04669,0.04772,0.04746,0.04643,0.04836,0.04587,0.04708,0.04718,0.06059,0.03908,0.04982,0.04974,0.07795,0.07855
0.04100,0.04139,0.04459,0.04686,0.04095,0.04291,0.04554,0.04378,0.03737,0.04829,0.04593,0.04465,0.04221,0.04332,0.06293,0.04173,0.04800,0.04634,0.10026,0.09195
0.04245,0.04611,0.04585,0.04406,0.04210,0.04168,0.04186,0.04054,0.04686,0.04246,0.04583,0.04421,0.04668,0.04797,0.05191,0.04250,0.04830,0.04348,0.10005,0.09510
0.04535,0.04420,0.04455,0.04685,0.05094,0.05109,0.05083,0.05560,0.03600,0.07434,0.05138,0.05098,0.04451,0.04424,0.03897,0.05628,0.04142,0.05146,0.05951,0.06149
0.04860,0.05152,0.04170,0.04330,0.05032,0.04963,0.04956,0.04716,0.04912,0.04858,0.04903,0.04929,0.05355,0.05417,0.04841,0.04463,0.04837,0.04750,0.06286,0.06270
0.04583,0.04253,0.04550,0.04683,0.04971,0.04941,0.04680,0.04625,0.03941,0.05926,0.04977,0.04846,0.04881,0.04883,0.04518,0.05289,0.04906,0.05134,0.06766,0.06648
0.03276,0.03377,0.03981,0.03989,0.03671,0.03753,0.03591,0.03237,0.03922,0.03520,0.03890,0.03672,0.03628,0.03778,0.05649,0.03329,0.03861,0.03659,0.17714,0.14503
0.04480,0.04704,0.04468,0.04595,0.04543,0.04548,0.04817,0.04496,0.05776,0.04565,0.04809,0.04759,0.04897,0.05082,0.05683,0.04309,0.05043,0.04634,0.06991,0.06799
0.04540,0.04433,0.04719,0.04745,0.04384,0.04578,0.04804,0.05041,0.05844,0.03877,0.04863,0.04819,0.04889,0.04924,0.06592,0.04109,0.05520,0.05140,0.06129,0.06050
0.04365,0.04273,0.04508,0.04606,0.04520,0.04596,0.04635,0.04525,0.04759,0.04312,0.04493,0.04482,0.04838,0.04943,0.05108,0.04007,0.05089,0.04656,0.08980,0.08304
0.04236,0.04113,0.04367,0.04462,0.04459,0.04386,0.04713,0.04834,0.03397,0.07132,0.04920,0.04760,0.04642,0.04666,0.04448,0.05139,0.04118,0.04501,0.08471,0.08237
0.03784,0.03992,0.04217,0.04193,0.04320,0.04497,0.03954,0.04046,0.03648,0.05431,0.04531,0.04363,0.04597,0.04489,0.04321,0.04218,0.04420,0.04291,0.11900,0.10788
0.04492,0.04707,0.04710,0.04730,0.04831,0.04808,0.04395,0.04469,0.04037,0.04868,0.04960,0.04757,0.04789,0.04641,0.05124,0.04524,0.04647,0.04574,0.08371,0.07565
0.04010,0.03986,0.04371,0.04507,0.04870,0.04929,0.04582,0.04478,0.05544,0.04196,0.04849,0.04631,0.04719,0.04846,0.07377,0.04228,0.05633,0.05066,0.06488,0.06689
0.04776,0.04734,0.04719,0.04779,0.04940,0.04830,0.05022,0.04862,0.03983,0.05614,0.04816,0.04713,0.04743,0.04866,0.04319,0.05459,0.04777,0.05035,0.06516,0.06496
0.04542,0.04674,0.04076,0.04161,0.04300,0.04511,0.04731,0.04553,0.04332,0.05766,0.04640,0.04620,0.05220,0.05202,0.04325,0.04608,0.04434,0.04255,0.08814,0.08235
0.04953,0.04785,0.04907,0.04900,0.05224,0.05445,0.04949,0.04998,0.04573,0.04825,0.04918,0.05037,0.05010,0.04998,0.05221,0.04723,0.05256,0.04970,0.05076,0.05233
0.04480,0.04708,0.04834,0.05034,0.04718,0.04781,0.04774,0.04618,0.04565,0.05241,0.05079,0.05037,0.04957,0.04848,0.04951,0.04976,0.04614,0.04767,0.06626,0.06391
0.04149,0.04267,0.04236,0.04272,0.04293,0.04355,0.04242,0.03860,0.03598,0.05203,0.04862,0.04506,0.04541,0.04634,0.06128,0.03973,0.04711,0.04191,0.10171,0.09808
0.04945,0.04612,0.04622,0.04653,0.04336,0.04258,0.05349,0.04204,0.05220,0.03840,0.05359,0.05678,0.05051,0.05109,0.05310,0.04931,0.05924,0.05723,0.05363,0.05512
0.04149,0.04291,0.04374,0.04334,0.04509,0.04569,0.04350,0.04305,0.04042,0.04679,0.04641,0.04507,0.04820,0.04708,0.04644,0.04310,0.04665,0.04703,0.10163,0.09237
0.04878,0.05096,0.04561,0.04811,0.04607,0.04495,0.05134,0.04769,0.04616,0.04945,0.05622,0.05381,0.04753,0.04657,0.05748,0.04694,0.04858,0.04750,0.05754,0.05869
0.03747,0.03673,0.04067,0.04214,0.04221,0.04347,0.04238,0.04144,0.03456,0.04463,0.04306,0.04079,0.04269,0.04312,0.05708,0.03536,0.04387,0.04214,0.12916,0.11703
0.04590,0.04664,0.04323,0.04454,0.04533,0.04644,0.04428,0.04449,0.03888,0.05468,0.04613,0.04632,0.05115,0.05023,0.04144,0.04964,0.04483,0.04405,0.08754,0.08424
0.04622,0.04755,0.04917,0.05011,0.04600,0.04527,0.04266,0.04190,0.03669,0.05772,0.05447,0.05070,0.04485,0.04434,0.04227,0.04656,0.04526,0.04812,0.08100,0.07913
0.04122,0.04227,0.03799,0.03874,0.04136,0.04257,0.04913,0.05027,0.03277,0.05504,0.04741,0.04573,0.04510,0.04399,0.06873,0.03737,0.04460,0.04343,0.09521,0.09709
0.04268,0.04936,0.04479,0.04528,0.04518,0.04662,0.03585,0.03737,0.04399,0.05350,0.04593,0.04692,0.04568,0.04932,0.04867,0.03946,0.04141,0.03993,0.10128,0.09677
0.03873,0.03751,0.04359,0.04560,0.04756,0.04697,0.04724,0.04537,0.04092,0.05168,0.04819,0.04573,0.04674,0.04676,0.05833,0.04294,0.04925,0.04776,0.08690,0.08222
0.04899,0.04702,0.04647,0.04761,0.05060,0.05046,0.04744,0.04693,0.03387,0.07340,0.04949,0.05200,0.04753,0.04890,0.03425,0.05663,0.03811,0.04481,0.06835,0.06716
0.04424,0.04162,0.04127,0.04209,0.04410,0.04651,0.04798,0.04620,0.04039,0.06063,0.04751,0.04535,0.05278,0.05164,0.04434,0.05144,0.04674,0.04517,0.08075,0.07925
0.04312,0.04766,0.04466,0.04510,0.04314,0.04487,0.04046,0.04399,0.03830,0.07191,0.04688,0.04639,0.04511,0.04654,0.04713,0.04582,0.04141,0.04222,0.08858,0.08670
0.04728,0.04915,0.04727,0.04810,0.04232,0.04311,0.05000,0.04934,0.06221,0.03897,0.05053,0.04829,0.05082,0.05216,0.06375,0.04274,0.05858,0.04908,0.05304,0.05329
0.04629,0.04916,0.04944,0.05185,0.04882,0.04911,0.04295,0.04502,0.04468,0.05625,0.04467,0.04539,0.05372,0.05312,0.04154,0.05113,0.04648,0.04667,0.06644,0.06726
0.03398,0.03434,0.02921,0.02924,0.03123,0.03293,0.03317,0.02991,0.03097,0.03496,0.03366,0.03288,0.03967,0.03933,0.03193,0.03538,0.03847,0.03662,0.20676,0.18537
0.04136,0.04232,0.04221,0.04345,0.04889,0.05068,0.04421,0.04271,0.04083,0.04644,0.04776,0.04482,0.04585,0.04574,0.05750,0.03717,0.04987,0.04844,0.09098,0.08876
0.04814,0.04469,0.04401,0.04545,0.04586,0.04652,0.04683,0.04166,0.04830,0.04124,0.05033,0.04923,0.05174,0.04984,0.05250,0.04593,0.05696,0.05270,0.07009,0.06800
0.04301,0.04360,0.04402,0.04296,0.04571,0.04662,0.04465,0.04162,0.04301,0.04178,0.04594,0.04684,0.04870,0.04759,0.05879,0.03834,0.04965,0.04302,0.09474,0.08942
0.04654,0.04374,0.04346,0.04435,0.04774,0.04955,0.05080,0.05525,0.03800,0.05735,0.04648,0.04696,0.04918,0.05061,0.04274,0.05079,0.05031,0.05274,0.06761,0.06579
0.04681,0.04614,0.04767,0.04876,0.04122,0.04129,0.05178,0.04836,0.06233,0.04346,0.04580,0.04703,0.04848,0.04849,0.06321,0.04626,0.05795,0.05726,0.05263,0.05506
0.04792,0.04582,0.04560,0.04752,0.05048,0.05211,0.04424,0.04493,0.03628,0.06592,0.04901,0.04680,0.04781,0.04808,0.03817,0.05337,0.04209,0.04470,0.07442,0.07474
0.04811,0.04667,0.04366,0.04845,0.04532,0.04737,0.05043,0.05132,0.05518,0.05316,0.04686,0.04638,0.05392,0.05324,0.04720,0.04927,0.04569,0.04613,0.06064,0.06102
0.04393,0.04630,0.04473,0.04478,0.05104,0.05165,0.04405,0.04158,0.04321,0.04422,0.04860,0.04635,0.04739,0.04716,0.05306,0.04240,0.04865,0.04715,0.08396,0.07980
0.04425,0.04304,0.04519,0.04551,0.04691,0.04628,0.04350,0.04289,0.05142,0.03805,0.04576,0.04538,0.05499,0.05289,0.05179,0.04474,0.05063,0.04399,0.08436,0.07841
0.04675,0.04682,0.04935,0.04933,0.05069,0.05115,0.04052,0.04114,0.04848,0.04075,0.04831,0.04742,0.04952,0.04765,0.04974,0.04695,0.05069,0.04646,0.07509,0.07316
0.04342,0.04541,0.04256,0.04386,0.04677,0.04767,0.04590,0.04724,0.03126,0.07360,0.04949,0.04766,0.04901,0.04806,0.04626,0.04606,0.04136,0.04067,0.08276,0.08100
0.05012,0.04750,0.05229,0.04949,0.04951,0.04892,0.04950,0.05431,0.04619,0.05764,0.04698,0.04680,0.05227,0.05181,0.04604,0.05479,0.04371,0.04495,0.05372,0.05345
0.04650,0.05180,0.04470,0.04587,0.04633,0.04711,0.04425,0.04372,0.05131,0.04868,0.04984,0.04946,0.05443,0.05417,0.04925,0.04544,0.04448,0.04197,0.07206,0.06862
0.04347,0.04438,0.03988,0.04076,0.04566,0.04561,0.04465,0.04616,0.03520,0.05093,0.04746,0.04397,0.05117,0.05003,0.04937,0.04242,0.04603,0.04473,0.09716,0.09095
0.04502,0.04611,0.05210,0.05238,0.05035,0.05008,0.04511,0.04495,0.04414,0.05112,0.04945,0.04644,0.04479,0.04512,0.05507,0.04790,0.04614,0.04472,0.07281,0.06620
0.05186,0.04470,0.04468,0.04733,0.04257,0.04094,0.05213,0.04000,0.04906,0.03608,0.05453,0.05867,0.05220,0.05079,0.04622,0.04922,0.07041,0.06148,0.05285,0.05429
0.04232,0.04450,0.03932,0.03784,0.04070,0.04241,0.03897,0.03752,0.04073,0.04125,0.04198,0.04261,0.04706,0.04650,0.03950,0.04792,0.04097,0.03855,0.12485,0.12452
0.04870,0.04885,0.04134,0.04365,0.04238,0.04382,0.04287,0.03819,0.04145,0.05720,0.04321,0.04214,0.05591,0.05669,0.03182,0.05963,0.04403,0.04192,0.09058,0.08562
0.04394,0.04311,0.04516,0.04679,0.04543,0.04472,0.04235,0.03965,0.03643,0.04352,0.04871,0.04842,0.04127,0.04193,0.04998,0.04077,0.04758,0.04832,0.10188,0.10003
0.04145,0.04026,0.04440,0.04475,0.04399,0.04418,0.04441,0.04683,0.04295,0.04498,0.04926,0.04757,0.04886,0.04973,0.04936,0.04189,0.04461,0.04212,0.09926,0.08914
0.04182,0.04057,0.04159,0.04340,0.04492,0.04539,0.04381,0.04500,0.04103,0.04521,0.04827,0.04681,0.04703,0.04719,0.05761,0.03601,0.04472,0.04137,0.10540,0.09284
0.04858,0.04919,0.04523,0.04653,0.04964,0.04998,0.04698,0.04470,0.04616,0.05129,0.04764,0.04626,0.05207,0.05427,0.04952,0.04495,0.04368,0.04457,0.07081,0.06795
0.03928,0.04083,0.03939,0.04120,0.03733,0.03826,0.03922,0.03988,0.04731,0.03669,0.04192,0.04139,0.04761,0.04607,0.05219,0.03516,0.04747,0.04055,0.13318,0.11507
0.04484,0.05195,0.04570,0.04575,0.04623,0.04684,0.04193,0.04516,0.04097,0.05335,0.04826,0.04898,0.04765,0.04974,0.04927,0.04650,0.04161,0.04190,0.08411,0.07925
0.04599,0.04373,0.04855,0.04938,0.05129,0.04845,0.04453,0.03990,0.04065,0.05439,0.04831,0.04835,0.04873,0.04902,0.04242,0.04647,0.04447,0.04867,0.08101,0.07570
0.04478,0.04689,0.05074,0.05200,0.04495,0.04515,0.04390,0.04566,0.04466,0.05407,0.04690,0.04769,0.04834,0.04879,0.04820,0.04837,0.04237,0.04294,0.07864,0.07496
0.04488,0.04548,0.04733,0.04766,0.04619,0.04572,0.04993,0.05099,0.04714,0.04314,0.04830,0.04460,0.04595,0.04497,0.07212,0.04693,0.05908,0.04975,0.06048,0.05935
0.04418,0.04326,0.05192,0.05379,0.04903,0.05100,0.04790,0.05158,0.04847,0.05401,0.04760,0.04709,0.04859,0.04751,0.05002,0.04807,0.04449,0.04743,0.06257,0.06148
0.03567,0.03370,0.03623,0.03792,0.04087,0.04082,0.04074,0.03681,0.03333,0.04615,0.04185,0.04033,0.04386,0.04273,0.04701,0.03869,0.04135,0.04004,0.14943,0.13247
0.04812,0.05287,0.04324,0.04482,0.04509,0.04656,0.04356,0.04375,0.03760,0.07264,0.05311,0.05049,0.05087,0.05102,0.03916,0.05184,0.03546,0.03936,0.07514,0.07531
0.04270,0.04602,0.04417,0.04344,0.03909,0.03951,0.04512,0.04011,0.04725,0.05141,0.04571,0.04589,0.04738,0.04836,0.04532,0.04533,0.04495,0.04391,0.09953,0.09480
0.04605,0.04568,0.04554,0.04746,0.04850,0.04766,0.05349,0.04470,0.04564,0.04149,0.04807,0.04905,0.04724,0.04694,0.06059,0.04353,0.05531,0.05106,0.06815,0.06385
0.05282,0.05505,0.04671,0.04821,0.05267,0.05216,0.03829,0.04223,0.03294,0.08929,0.05073,0.05046,0.04383,0.04614,0.03127,0.06337,0.03838,0.04533,0.05807,0.06204
0.04529,0.04443,0.04101,0.04280,0.04268,0.04503,0.04995,0.04695,0.05175,0.04003,0.04646,0.04698,0.05181,0.05058,0.06774,0.03532,0.05079,0.04614,0.07904,0.07522
0.04704,0.04682,0.04797,0.04959,0.04956,0.04900,0.04876,0.04710,0.05975,0.03935,0.04784,0.04591,0.04821,0.04895,0.06865,0.04240,0.05212,0.04691,0.05664,0.05742
0.04920,0.04919,0.04740,0.04748,0.05038,0.04942,0.05282,0.05654,0.04495,0.05230,0.04752,0.04808,0.04890,0.04700,0.04606,0.05647,0.04975,0.05313,0.05033,0.05307
0.05015,0.05256,0.05116,0.05184,0.04927,0.04875,0.05183,0.04801,0.04715,0.04566,0.05002,0.05055,0.04592,0.04629,0.05149,0.05034,0.05334,0.05426,0.05157,0.04984
0.03390,0.03405,0.03624,0.03731,0.03911,0.04158,0.03988,0.03953,0.03520,0.04473,0.03884,0.03827,0.04211,0.04073,0.04327,0.03736,0.04140,0.03886,0.15920,0.13842
0.04573,0.04620,0.04376,0.04547,0.04846,0.05100,0.04582,0.04920,0.04024,0.05292,0.04917,0.04829,0.04830,0.04899,0.06296,0.04240,0.05012,0.04712,0.06673,0.06714
0.04616,0.04660,0.04625,0.04747,0.04356,0.04324,0.04680,0.04181,0.05467,0.04193,0.04815,0.04828,0.04747,0.04797,0.06079,0.04301,0.05133,0.04829,0.07504,0.07116
