0.00471,0.00564,0.00443,0.00432,0.00479,0.00435,0.00494,0.00434,0.00368,0.00601,0.00642,0.03907,0.03160,0.01842,0.01135,0.00409,0.00905,0.46683,0.00789,0.35807
0.01886,0.02372,0.01161,0.02470,0.02047,0.01978,0.02735,0.01175,0.00987,0.02483,0.00877,0.15817,0.04440,0.10253,0.02383,0.00579,0.09732,0.11344,0.03783,0.21496
0.01977,0.01416,0.04378,0.02347,0.03510,0.04179,0.03304,0.01575,0.01518,0.06965,0.00945,0.01198,0.05025,0.04881,0.19228,0.00347,0.13081,0.05811,0.05930,0.12384
0.00363,0.00517,0.00311,0.00338,0.00368,0.00322,0.00304,0.00445,0.00422,0.00426,0.00155,0.14720,0.03181,0.00670,0.01427,0.00375,0.01087,0.00649,0.01018,0.72903
0.00270,0.00345,0.00279,0.00273,0.00304,0.00253,0.00424,0.00307,0.00241,0.00311,0.00240,0.01106,0.05367,0.00777,0.00332,0.00211,0.60771,0.00672,0.07231,0.20288
0.00372,0.00615,0.00408,0.00448,0.00444,0.00432,0.00427,0.00441,0.00528,0.00472,0.00500,0.02501,0.03013,0.01213,0.01280,0.00391,0.00881,0.00725,0.00648,0.84260
0.01192,0.02445,0.00895,0.01964,0.02192,0.00973,0.01920,0.01864,0.01460,0.01520,0.00891,0.02140,0.02968,0.03631,0.27393,0.00711,0.14533,0.01211,0.04130,0.25965
0.00349,0.00410,0.00353,0.00366,0.00385,0.00328,0.00430,0.00331,0.00274,0.00439,0.00849,0.00804,0.01538,0.00675,0.00328,0.00504,0.00498,0.89778,0.00495,0.00867
0.00357,0.00433,0.00312,0.00384,0.00395,0.00333,0.00493,0.00504,0.00347,0.00386,0.00371,0.02249,0.05134,0.01828,0.00666,0.00304,0.01833,0.00722,0.01041,0.81909
0.00531,0.00798,0.00539,0.00550,0.00737,0.00750,0.00647,0.00633,0.00540,0.00719,0.00258,0.00492,0.02397,0.01046,0.00655,0.00242,0.32679,0.31657,0.21237,0.02891
0.00489,0.00456,0.00357,0.00525,0.00440,0.00358,0.00615,0.00532,0.00392,0.00506,0.00338,0.01072,0.01592,0.00617,0.00680,0.00361,0.01242,0.87075,0.00806,0.01546
0.02590,0.02149,0.03484,0.03288,0.02389,0.01873,0.01754,0.01912,0.02109,0.02291,0.01255,0.01600,0.03690,0.02676,0.02848,0.00655,0.33430,0.21287,0.04516,0.04205
0.00245,0.00368,0.00305,0.00387,0.00357,0.00300,0.00432,0.00397,0.00344,0.00305,0.00703,0.00912,0.04368,0.04898,0.01808,0.00299,0.01158,0.00866,0.01008,0.80540
0.00710,0.00782,0.00870,0.00875,0.00511,0.00636,0.00530,0.03222,0.01226,0.00661,0.44691,0.00212,0.04490,0.00304,0.03310,0.24259,0.00665,0.02271,0.00767,0.09008
0.00995,0.01113,0.00959,0.00758,0.00724,0.01028,0.00958,0.00838,0.00864,0.01162,0.00580,0.01585,0.03471,0.00438,0.06711,0.00855,0.08951,0.52786,0.11853,0.03370
0.00512,0.00629,0.00500,0.00474,0.00573,0.00420,0.00653,0.00559,0.00421,0.00656,0.00506,0.00637,0.01511,0.00883,0.00578,0.00325,0.05056,0.78654,0.04736,0.01717
0.00564,0.00586,0.00495,0.00590,0.00626,0.00432,0.00730,0.00798,0.00608,0.00630,0.00481,0.01519,0.04481,0.03918,0.01877,0.00413,0.26023,0.01118,0.03099,0.51010
0.00679,0.00752,0.00537,0.00551,0.00530,0.00777,0.20613,0.00621,0.00516,0.00716,0.00882,0.14860,0.04214,0.03496,0.07163,0.00572,0.01005,0.33847,0.00962,0.06707
0.02073,0.02039,0.03042,0.01995,0.01820,0.01768,0.01223,0.01730,0.02234,0.02601,0.00663,0.43967,0.02389,0.00686,0.02278,0.13194,0.01429,0.09330,0.02009,0.03531
0.01256,0.01009,0.00870,0.01164,0.01287,0.00784,0.00918,0.00891,0.00630,0.00952,0.01048,0.02400,0.04823,0.09109,0.01153,0.00365,0.00694,0.32340,0.00608,0.37697
0.00827,0.01045,0.00752,0.01047,0.00897,0.00927,0.01092,0.00878,0.00659,0.00829,0.00388,0.02361,0.02646,0.00985,0.02055,0.00403,0.02046,0.66640,0.01319,0.12204
0.00869,0.00729,0.00980,0.00723,0.00604,0.00624,0.00674,0.00579,0.00547,0.00805,0.01195,0.24333,0.01781,0.01439,0.01731,0.00994,0.00912,0.38328,0.00811,0.21342
0.01170,0.01343,0.00931,0.01072,0.01063,0.00935,0.01187,0.01391,0.00965,0.00987,0.01949,0.00981,0.02274,0.00920,0.01245,0.15446,0.02063,0.57263,0.01362,0.05455
0.02027,0.01745,0.01791,0.02135,0.02350,0.01170,0.02251,0.01175,0.01546,0.01644,0.01926,0.56594,0.02942,0.03837,0.04278,0.01227,0.01175,0.01876,0.01315,0.06997
0.01136,0.01302,0.01550,0.01207,0.01165,0.01285,0.00791,0.01648,0.01101,0.00850,0.15262,0.00280,0.13262,0.00456,0.02430,0.36487,0.01430,0.10301,0.01167,0.06889
0.02947,0.02393,0.01445,0.01023,0.02232,0.01237,0.01154,0.01570,0.01139,0.02065,0.02284,0.06018,0.04703,0.01724,0.10918,0.01013,0.00641,0.07329,0.00465,0.47701
0.01003,0.01008,0.00996,0.01014,0.01010,0.01238,0.00780,0.01246,0.00831,0.00967,0.01445,0.16157,0.01967,0.03222,0.05176,0.00767,0.03443,0.45291,0.03721,0.08719
0.00421,0.00762,0.00585,0.00500,0.00616,0.00555,0.00401,0.00438,0.00446,0.00607,0.13371,0.02856,0.01102,0.70097,0.00580,0.01036,0.00873,0.01796,0.01775,0.01180
0.00399,0.00472,0.00382,0.00501,0.00390,0.00422,0.00631,0.00487,0.00364,0.00450,0.00252,0.05039,0.02978,0.00616,0.01153,0.00383,0.00831,0.00671,0.00594,0.82984
0.00189,0.00262,0.00235,0.00269,0.00238,0.00237,0.00205,0.00294,0.00260,0.00222,0.00350,0.00252,0.02169,0.00403,0.00302,0.00227,0.00566,0.91210,0.00662,0.01445
0.00682,0.00885,0.00877,0.00795,0.00980,0.00699,0.01168,0.00916,0.00728,0.00808,0.00856,0.01102,0.05230,0.03142,0.01430,0.00428,0.00832,0.01287,0.00816,0.76340
0.00284,0.00395,0.00241,0.00335,0.00433,0.00376,0.00377,0.00317,0.00305,0.00363,0.00687,0.00361,0.01670,0.01279,0.00444,0.00225,0.23075,0.30407,0.37323,0.01104
0.00321,0.00421,0.05471,0.00426,0.00437,0.00379,0.00339,0.00436,0.73054,0.00394,0.01187,0.00464,0.02282,0.00590,0.01265,0.00759,0.00587,0.08686,0.00955,0.01547
0.02386,0.01600,0.01605,0.01620,0.01610,0.01478,0.00991,0.01411,0.01624,0.01156,0.14473,0.00617,0.08821,0.00463,0.05878,0.16047,0.00790,0.03301,0.00556,0.33576
0.00661,0.00642,0.00512,0.00635,0.00610,0.00897,0.00550,0.00777,0.00605,0.00664,0.20815,0.00239,0.04995,0.00440,0.02591,0.37141,0.01192,0.02318,0.00875,0.22841
0.00465,0.00548,0.00536,0.00535,0.00531,0.00416,0.00622,0.00459,0.00453,0.00494,0.04936,0.00782,0.01789,0.01271,0.00648,0.00942,0.01331,0.78602,0.00725,0.03916
0.01493,0.01628,0.01132,0.01165,0.01475,0.01415,0.01692,0.01345,0.00988,0.02415,0.00584,0.08561,0.03086,0.00935,0.07520,0.00986,0.02280,0.38683,0.01345,0.21271
0.01046,0.01774,0.00776,0.01253,0.00969,0.00965,0.01211,0.01072,0.00661,0.01346,0.00242,0.01678,0.04784,0.01029,0.18913,0.00491,0.01457,0.06462,0.00850,0.53021
0.00500,0.00504,0.00461,0.00455,0.00370,0.00420,0.00435,0.00565,0.00393,0.00608,0.00280,0.07437,0.02346,0.00470,0.00560,0.00664,0.00535,0.80002,0.00440,0.02555
0.00691,0.01701,0.00822,0.00933,0.00791,0.01073,0.00902,0.00945,0.00773,0.04128,0.00306,0.04325,0.11952,0.01410,0.00776,0.00206,0.22463,0.07063,0.25491,0.13247
0.00714,0.00863,0.00626,0.00681,0.00567,0.00703,0.01308,0.00749,0.00531,0.00922,0.01484,0.10308,0.02818,0.01625,0.01038,0.00765,0.03930,0.62993,0.03210,0.04166
0.00342,0.00458,0.00341,0.00416,0.00453,0.00340,0.00410,0.00442,0.00329,0.00363,0.01218,0.01004,0.01763,0.01097,0.00736,0.00712,0.03063,0.76425,0.02048,0.08042
0.00828,0.00711,0.00610,0.00968,0.00853,0.00665,0.01136,0.01042,0.00741,0.00769,0.00970,0.03668,0.03816,0.02519,0.02696,0.00629,0.00992,0.01545,0.00679,0.74164
0.00776,0.00960,0.00969,0.00873,0.00879,0.00800,0.00893,0.00757,0.00705,0.00965,0.00966,0.10889,0.02243,0.01492,0.01314,0.00943,0.36823,0.30681,0.03577,0.02494
0.00278,0.00299,0.00280,0.00239,0.00239,0.00211,0.00238,0.00263,0.00338,0.00300,0.00228,0.59911,0.01168,0.00447,0.00299,0.32719,0.00424,0.00731,0.00419,0.00969
0.01906,0.02895,0.01821,0.01710,0.03144,0.04612,0.02279,0.02452,0.02801,0.02549,0.05785,0.00499,0.08976,0.02287,0.01151,0.02084,0.34227,0.01848,0.03930,0.13046
0.01367,0.05167,0.01748,0.03021,0.01398,0.01985,0.02592,0.01737,0.01495,0.01999,0.00932,0.01846,0.02786,0.01241,0.00636,0.00531,0.09239,0.48515,0.08037,0.03727
0.00311,0.00373,0.00407,0.00369,0.00347,0.00350,0.00375,0.00519,0.00376,0.00338,0.00329,0.00550,0.03171,0.00701,0.00428,0.00283,0.82489,0.01623,0.05155,0.01506
0.02725,0.02328,0.02489,0.03232,0.01753,0.03852,0.02406,0.03411,0.01791,0.02471,0.14827,0.00571,0.05888,0.00450,0.12976,0.18656,0.01601,0.08690,0.01026,0.08857
0.00256,0.00279,0.00188,0.00269,0.00275,0.00203,0.00237,0.00242,0.00225,0.00267,0.00963,0.00348,0.02380,0.00590,0.00313,0.00452,0.01135,0.87809,0.00643,0.02925
0.00248,0.00365,0.00315,0.00325,0.00315,0.00329,0.00315,0.00301,0.00304,0.00374,0.00530,0.00516,0.01533,0.01351,0.00340,0.00312,0.64547,0.03890,0.22672,0.01119
0.00858,0.01071,0.00805,0.00954,0.01480,0.00735,0.00839,0.00753,0.00640,0.01056,0.00774,0.08841,0.03950,0.02313,0.23471,0.00741,0.01182,0.08158,0.01099,0.40281
0.00776,0.00797,0.00713,0.00878,0.00878,0.00592,0.01235,0.00944,0.00650,0.00799,0.03212,0.03660,0.01634,0.09350,0.01013,0.00637,0.02456,0.63352,0.01354,0.05070
0.00226,0.00270,0.00288,0.00280,0.00317,0.00256,0.00404,0.00245,0.00231,0.00379,0.00518,0.00489,0.01252,0.00484,0.00312,0.00244,0.27465,0.63728,0.01826,0.00787
0.00592,0.01008,0.00583,0.00675,0.00769,0.00556,0.01101,0.00884,0.00671,0.00889,0.01574,0.05702,0.05301,0.05634,0.07156,0.00813,0.03060,0.01240,0.01665,0.60126
0.00844,0.03540,0.00627,0.00917,0.01205,0.00722,0.01038,0.00962,0.00962,0.02285,0.00591,0.04542,0.14747,0.03656,0.01869,0.00861,0.05164,0.01823,0.01903,0.51741
0.00478,0.00602,0.00565,0.00635,0.00660,0.00539,0.00521,0.00649,0.00740,0.00666,0.00430,0.12936,0.01794,0.01114,0.00607,0.01170,0.62265,0.06870,0.05730,0.01027
0.00642,0.00785,0.00641,0.00867,0.00659,0.00500,0.00776,0.00679,0.00881,0.00809,0.00428,0.02006,0.05584,0.03802,0.34021,0.00382,0.02112,0.01307,0.01326,0.41793
0.00752,0.00791,0.00570,0.00903,0.00824,0.00715,0.00621,0.01006,0.00837,0.00700,0.01340,0.43606,0.04635,0.02521,0.01550,0.01118,0.00615,0.01037,0.00566,0.35294
0.00437,0.00465,0.00428,0.00444,0.00413,0.00364,0.00486,0.00478,0.00450,0.00402,0.00740,0.01086,0.01861,0.00583,0.00829,0.00339,0.07125,0.76649,0.04700,0.01718
0.00702,0.00770,0.00722,0.00668,0.00958,0.00690,0.01687,0.00749,0.00625,0.00935,0.00534,0.06079,0.06656,0.10633,0.01005,0.00467,0.37550,0.02569,0.06070,0.19928
0.00392,0.00476,0.00476,0.00424,0.00401,0.00391,0.00409,0.00461,0.00440,0.00426,0.43561,0.00177,0.02732,0.00337,0.00487,0.39662,0.00624,0.03085,0.00602,0.04437
0.01281,0.01446,0.00974,0.01275,0.00992,0.01405,0.01104,0.01319,0.01021,0.01077,0.00459,0.05280,0.01761,0.00879,0.01116,0.00700,0.01876,0.70162,0.02303,0.03572
0.00426,0.00808,0.00373,0.00506,0.00493,0.00440,0.00537,0.00508,0.00384,0.00851,0.00653,0.02316,0.01963,0.07027,0.01046,0.00483,0.01198,0.00750,0.01519,0.77717
0.00855,0.01192,0.01145,0.01409,0.01231,0.00849,0.01047,0.01118,0.01474,0.01215,0.00641,0.31349,0.03156,0.00686,0.02857,0.02549,0.17518,0.01011,0.11579,0.17116
0.00765,0.00872,0.00673,0.00940,0.00542,0.00604,0.00883,0.00674,0.00706,0.00697,0.02103,0.05590,0.04322,0.00777,0.01604,0.01431,0.00544,0.45545,0.00412,0.30317
0.00360,0.00307,0.69992,0.00337,0.00305,0.00236,0.00284,0.00315,0.05137,0.00325,0.02125,0.00498,0.01866,0.00602,0.00420,0.01583,0.00503,0.13369,0.00634,0.00803
0.00535,0.01025,0.00734,0.00587,0.00736,0.00701,0.00660,0.00653,0.00666,0.01099,0.00296,0.02671,0.01892,0.02082,0.00324,0.00241,0.56750,0.06373,0.20393,0.01583
0.00632,0.00713,0.00629,0.00931,0.00644,0.00667,0.17626,0.00771,0.00598,0.20177,0.01372,0.00910,0.02144,0.04851,0.02364,0.00390,0.01575,0.37302,0.01637,0.04068
0.00997,0.01318,0.00749,0.01108,0.01269,0.00981,0.01252,0.01059,0.00803,0.01029,0.00420,0.01969,0.02302,0.01246,0.02625,0.00442,0.12797,0.53482,0.05163,0.08990
0.00813,0.00829,0.00762,0.00898,0.00853,0.00727,0.00811,0.00851,0.00725,0.00701,0.04973,0.00456,0.01415,0.00760,0.00803,0.23162,0.01078,0.53801,0.00828,0.04752
0.00392,0.00510,0.00492,0.00440,0.00498,0.00469,0.00495,0.00661,0.00452,0.00581,0.00450,0.00552,0.02756,0.00488,0.00441,0.00291,0.46290,0.36075,0.05996,0.01670
0.00389,0.00379,0.00365,0.00337,0.00401,0.00308,0.00480,0.00380,0.00315,0.00522,0.00363,0.05205,0.03858,0.01071,0.00722,0.00720,0.00474,0.01523,0.00370,0.81820
0.00216,0.14588,0.00314,0.00329,0.00303,0.00301,0.00301,0.00339,0.00302,0.68029,0.00229,0.04574,0.04818,0.00296,0.00310,0.00395,0.00343,0.01916,0.00380,0.01717
0.00267,0.00332,0.00303,0.00251,0.00268,0.00255,0.00247,0.00292,0.00261,0.00291,0.36307,0.03783,0.00773,0.52390,0.00282,0.00305,0.00699,0.01378,0.00696,0.00618
0.05801,0.02634,0.03326,0.01698,0.01979,0.03905,0.02104,0.00968,0.01159,0.09289,0.02509,0.05827,0.03911,0.01571,0.03141,0.01621,0.00842,0.16715,0.00731,0.30268
0.00262,0.00283,0.00276,0.00272,0.00285,0.00253,0.00251,0.00292,0.00274,0.00289,0.00335,0.00616,0.01766,0.01167,0.00366,0.00186,0.27483,0.08141,0.56296,0.00906
0.01532,0.01519,0.01245,0.01313,0.01240,0.01430,0.01077,0.01337,0.01366,0.01687,0.00380,0.16886,0.02115,0.00606,0.00952,0.00905,0.01003,0.60253,0.00909,0.02246
0.01418,0.01262,0.01083,0.00995,0.01196,0.01387,0.01142,0.01374,0.00973,0.01500,0.21255,0.00326,0.04692,0.00418,0.01644,0.31463,0.04252,0.06774,0.07966,0.08879
0.00517,0.00586,0.00522,0.00602,0.00554,0.00696,0.01512,0.00634,0.00386,0.00670,0.01086,0.01579,0.02579,0.01789,0.01020,0.00300,0.14561,0.59434,0.08725,0.02247
0.00706,0.00730,0.00584,0.00749,0.00482,0.00549,0.00794,0.00715,0.00645,0.00724,0.00538,0.01788,0.02892,0.00391,0.02988,0.00543,0.00572,0.01335,0.00573,0.81702
0.01501,0.15955,0.00801,0.02056,0.02252,0.01963,0.01292,0.01281,0.00863,0.02466,0.00462,0.08415,0.03316,0.03767,0.01604,0.00883,0.00756,0.25420,0.00542,0.24407
0.01333,0.02180,0.00999,0.00923,0.01024,0.01262,0.01291,0.01015,0.01121,0.03341,0.01026,0.06248,0.03254,0.03826,0.01558,0.01000,0.50024,0.08654,0.07751,0.02170
0.00655,0.00710,0.00645,0.00736,0.00802,0.00782,0.00670,0.00617,0.00561,0.00617,0.00676,0.00607,0.02102,0.00740,0.03417,0.00434,0.05530,0.72711,0.04653,0.02332
0.00557,0.00696,0.00593,0.00609,0.00612,0.00512,0.00592,0.00657,0.00737,0.00682,0.00401,0.10104,0.05854,0.00479,0.00627,0.06059,0.53155,0.01127,0.11302,0.04645
0.00253,0.00310,0.00272,0.00364,0.00257,0.00249,0.00305,0.00336,0.00243,0.00304,0.01487,0.00270,0.01996,0.01053,0.00777,0.00338,0.13072,0.75644,0.01350,0.01121
0.00419,0.00570,0.00526,0.00522,0.00500,0.00469,0.00630,0.00477,0.00410,0.00500,0.00379,0.00516,0.01255,0.00989,0.00384,0.00333,0.76389,0.02483,0.11277,0.00973
0.00503,0.00658,0.00450,0.00493,0.00372,0.00339,0.00490,0.00394,0.00428,0.00456,0.00415,0.01372,0.02890,0.00684,0.03213,0.00430,0.01736,0.00943,0.01242,0.82491
0.00572,0.00529,0.00550,0.00577,0.00650,0.00461,0.00640,0.00707,0.00399,0.00592,0.01597,0.03997,0.03464,0.12493,0.02585,0.00366,0.01040,0.15470,0.00640,0.52670
0.00564,0.00637,0.00451,0.00579,0.00593,0.00533,0.00563,0.00552,0.00544,0.00717,0.01585,0.12304,0.03015,0.01017,0.03201,0.00708,0.00979,0.22501,0.00897,0.48062
0.00269,0.00359,0.00248,0.00335,0.00317,0.00267,0.00291,0.00302,0.00315,0.00313,0.00279,0.01414,0.02819,0.00397,0.00318,0.00656,0.55478,0.00792,0.32901,0.01933
0.00409,0.00429,0.00341,0.00345,0.00420,0.00404,0.00336,0.00470,0.00314,0.00372,0.00654,0.00670,0.02600,0.01076,0.00903,0.00421,0.02897,0.82053,0.02532,0.02355
0.01280,0.01978,0.01110,0.01449,0.01510,0.01375,0.01410,0.00977,0.00834,0.01396,0.01181,0.09747,0.02524,0.01548,0.00917,0.01091,0.03033,0.45038,0.02140,0.19463
0.00652,0.01054,0.00795,0.00764,0.00765,0.00705,0.01057,0.00927,0.00881,0.00999,0.00714,0.00939,0.05723,0.04150,0.05950,0.00473,0.26717,0.01202,0.02643,0.42890
0.00672,0.02670,0.04009,0.01045,0.00949,0.00511,0.01086,0.00729,0.06427,0.00896,0.00449,0.01498,0.02695,0.03746,0.01074,0.00362,0.02940,0.00584,0.02307,0.65353
0.00208,0.00281,0.00246,0.00198,0.00277,0.00233,0.00281,0.00242,0.00233,0.00316,0.00192,0.00668,0.01629,0.00580,0.00304,0.00227,0.79330,0.02771,0.10817,0.00969
0.01044,0.02283,0.00807,0.00820,0.01145,0.01118,0.01218,0.01169,0.01103,0.02044,0.00582,0.06261,0.01898,0.01297,0.00485,0.00764,0.54104,0.15005,0.05270,0.01583
0.00930,0.00940,0.00770,0.00600,0.00597,0.00827,0.00859,0.21744,0.13630,0.00809,0.00578,0.01934,0.06191,0.00969,0.02514,0.00467,0.04170,0.29654,0.01803,0.10013
0.01617,0.01258,0.01471,0.01267,0.01298,0.01005,0.01097,0.01233,0.01013,0.01376,0.00450,0.51007,0.05254,0.01276,0.02612,0.04918,0.01326,0.04602,0.01047,0.14873
0.00329,0.00338,0.47389,0.00368,0.00387,0.00279,0.00310,0.00306,0.06414,0.00286,0.01028,0.00347,0.01847,0.00453,0.00371,0.00430,0.00806,0.36399,0.00975,0.00940
