0.21307,0.24513,0.27140,0.27040
0.09926,0.22816,0.33843,0.33415
0.24579,0.22234,0.26796,0.26390
0.25398,0.22994,0.26020,0.25589
0.40958,0.17366,0.21099,0.20577
0.25183,0.10574,0.32435,0.31808
0.23189,0.18865,0.29099,0.28847
0.35924,0.20386,0.22079,0.21611
0.25829,0.13331,0.30675,0.30166
0.39513,0.15811,0.22506,0.22170
0.19638,0.16445,0.31962,0.31955
0.25650,0.22161,0.26174,0.26016
0.36798,0.18733,0.22288,0.22181
0.25944,0.10694,0.31897,0.31464
0.29957,0.18342,0.26066,0.25635
0.21433,0.18989,0.29910,0.29668
0.21412,0.15014,0.31927,0.31647
0.23778,0.19049,0.28804,0.28370
0.29302,0.13706,0.28766,0.28226
0.25249,0.17303,0.29001,0.28446
0.12715,0.21665,0.33054,0.32565
0.21399,0.10792,0.34103,0.33707
0.11285,0.12357,0.38505,0.37852
0.20177,0.13325,0.33620,0.32877
0.30687,0.27744,0.20932,0.20637
0.19684,0.18015,0.31157,0.31144
0.30211,0.09214,0.30359,0.30216
0.28660,0.25463,0.23020,0.22857
0.23658,0.21324,0.27600,0.27417
0.19581,0.09384,0.35658,0.35377
0.31176,0.15790,0.26599,0.26436
0.28568,0.26563,0.22671,0.22198
0.28344,0.11886,0.30083,0.29687
0.20157,0.12386,0.33987,0.33470
0.23172,0.20723,0.28111,0.27994
0.17791,0.30871,0.25682,0.25656
0.41631,0.09273,0.24562,0.24534
0.35087,0.25648,0.19730,0.19535
0.22174,0.20004,0.29156,0.28667
0.12541,0.31291,0.28274,0.27894
0.18374,0.21923,0.29917,0.29785
0.17642,0.19118,0.31765,0.31475
0.13802,0.26490,0.29971,0.29737
0.11411,0.19134,0.34877,0.34578
0.23272,0.20929,0.27999,0.27799
0.25871,0.14875,0.29857,0.29397
0.11564,0.25857,0.31522,0.31058
0.15057,0.11149,0.37190,0.36605
0.22824,0.22843,0.27275,0.27058
0.23160,0.20772,0.28364,0.27704
0.26227,0.23229,0.25322,0.25223
0.29459,0.16723,0.27092,0.26727
0.08218,0.32948,0.29518,0.29315
0.24618,0.08382,0.33666,0.33334
0.24325,0.22481,0.26793,0.26401
0.30860,0.27481,0.20980,0.20678
0.21285,0.18674,0.30174,0.29867
0.26590,0.16627,0.28245,0.28538
0.23995,0.32627,0.21878,0.21500
0.23932,0.17307,0.29413,0.29347
0.27736,0.32000,0.20257,0.20007
0.16231,0.17072,0.33527,0.33170
0.20308,0.35081,0.22382,0.22229
0.17382,0.24799,0.29178,0.28641
0.25492,0.23109,0.25789,0.25609
0.24546,0.21259,0.27219,0.26976
0.21015,0.18901,0.30138,0.29947
0.23428,0.21799,0.27568,0.27205
0.11451,0.10121,0.39453,0.38975
0.20700,0.32601,0.23399,0.23300
0.23949,0.26442,0.24987,0.24622
0.23736,0.34139,0.21104,0.21022
0.36891,0.19592,0.21974,0.21542
0.22769,0.13479,0.31909,0.31843
0.23449,0.20877,0.28000,0.27674
0.30195,0.07657,0.31312,0.30837
0.28682,0.25709,0.22988,0.22621
0.25967,0.29559,0.22273,0.22201
0.19630,0.18242,0.31408,0.30720
0.24716,0.21703,0.26949,0.26633
0.18504,0.16948,0.32586,0.31962
0.10604,0.31696,0.29085,0.28615
0.23423,0.32949,0.21850,0.21778
0.23871,0.21891,0.27362,0.26875
0.14779,0.48365,0.18696,0.18160
0.28170,0.15625,0.28285,0.27920
0.20759,0.18513,0.30570,0.30159
0.12172,0.36023,0.25885,0.25920
0.32747,0.22657,0.22496,0.22100
0.37037,0.13991,0.24506,0.24465
0.21287,0.17635,0.30642,0.30436
0.28643,0.14809,0.28231,0.28317
0.30490,0.05934,0.32093,0.31483
0.29030,0.26845,0.22157,0.21968
0.12705,0.30306,0.28657,0.28333
0.19847,0.18201,0.31182,0.30769
0.26238,0.10771,0.31660,0.31331
0.19667,0.16949,0.31799,0.31585
0.18650,0.26854,0.27403,0.27093
0.25526,0.25452,0.24615,0.24407
0.25302,0.29560,0.22658,0.22480
0.17726,0.15881,0.33420,0.32973
0.28785,0.26041,0.22753,0.22422
0.22898,0.30418,0.23381,0.23303
0.14353,0.26894,0.29319,0.29435
0.19938,0.18545,0.30939,0.30578
0.16558,0.19095,0.32299,0.32048
0.22827,0.24212,0.26652,0.26309
0.39677,0.24290,0.18112,0.17922
0.19998,0.23493,0.28536,0.27973
0.22124,0.20432,0.28807,0.28638
0.14980,0.16725,0.34185,0.34111
0.26807,0.24450,0.24462,0.24280
0.17557,0.09896,0.36579,0.35967
0.19721,0.17394,0.31550,0.31334
0.16545,0.37340,0.23312,0.22803
0.26914,0.24074,0.24655,0.24357
0.17738,0.15572,0.33533,0.33158
0.27430,0.21112,0.25894,0.25564
0.26332,0.16737,0.28659,0.28272
0.18080,0.16006,0.33037,0.32877
0.21025,0.18866,0.29985,0.30123
0.19340,0.24769,0.28051,0.27840
0.15869,0.09893,0.37238,0.37001
0.23005,0.20519,0.28461,0.28015
0.21787,0.19116,0.29623,0.29474
0.25699,0.22991,0.25721,0.25589
0.27116,0.27624,0.22685,0.22575
0.38196,0.20340,0.20805,0.20659
0.30503,0.16303,0.26813,0.26380
0.31522,0.22363,0.23091,0.23024
0.24434,0.25265,0.25259,0.25041
0.18317,0.20475,0.30812,0.30396
0.31125,0.31619,0.18600,0.18656
0.15938,0.10400,0.37060,0.36601
0.19477,0.20189,0.30438,0.29896
0.26605,0.11602,0.30860,0.30933
0.36548,0.22748,0.20477,0.20227
0.22374,0.11253,0.33315,0.33058
0.17930,0.16021,0.33087,0.32962
0.26083,0.11363,0.31500,0.31055
0.18234,0.16854,0.32671,0.32241
0.19739,0.13871,0.33428,0.32962
0.27688,0.24077,0.24191,0.24044
0.24802,0.23020,0.26075,0.26102
0.19003,0.17117,0.32090,0.31789
0.21084,0.23754,0.27859,0.27303
0.18501,0.07074,0.37385,0.37040
0.17922,0.15955,0.33284,0.32838
0.27295,0.12084,0.30323,0.30297
0.22306,0.20750,0.28675,0.28269
0.16833,0.15045,0.34001,0.34121
0.26450,0.16030,0.28974,0.28546
0.16769,0.17561,0.32954,0.32715
0.12851,0.16860,0.35313,0.34976
0.19137,0.19587,0.30660,0.30615
0.19347,0.16865,0.31900,0.31888
0.23406,0.26222,0.25271,0.25101
0.14844,0.11805,0.36708,0.36644
0.31252,0.20364,0.24220,0.24164
0.22876,0.20585,0.28430,0.28110
0.19562,0.17660,0.31471,0.31307
0.17872,0.16345,0.32856,0.32927
0.32017,0.18342,0.24838,0.24803
0.25689,0.21281,0.26647,0.26382
0.24597,0.17968,0.28905,0.28530
0.19072,0.17001,0.32122,0.31804
0.26168,0.23373,0.25264,0.25195
0.28329,0.24728,0.23659,0.23284
0.23227,0.42512,0.17265,0.16995
0.21616,0.26284,0.26372,0.25728
0.23937,0.21917,0.27312,0.26834
0.13935,0.24840,0.30874,0.30350
0.43412,0.26585,0.15129,0.14874
0.16403,0.34577,0.24580,0.24440
0.17340,0.30395,0.26351,0.25914
0.20029,0.13442,0.33242,0.33287
0.20780,0.19016,0.30294,0.29911
0.20051,0.18349,0.30747,0.30853
0.15368,0.16392,0.34186,0.34054
0.16896,0.18586,0.32509,0.32010
0.24500,0.22736,0.26488,0.26276
0.20508,0.18379,0.30784,0.30329
0.18258,0.08772,0.36640,0.36330
0.19430,0.15310,0.32963,0.32297
0.16850,0.15008,0.34381,0.33762
0.07541,0.36616,0.28124,0.27719
0.18458,0.31221,0.25250,0.25071
0.27243,0.21189,0.25819,0.25749
0.22475,0.20003,0.28681,0.28841
0.23582,0.21769,0.27521,0.27127
0.20312,0.12631,0.33804,0.33253
0.22497,0.24423,0.26590,0.26490
0.18444,0.31262,0.25246,0.25047
0.13820,0.12478,0.36976,0.36726
0.20430,0.18477,0.30813,0.30280
0.29798,0.26621,0.21823,0.21759
0.22879,0.18315,0.29656,0.29150
0.27914,0.15624,0.28344,0.28118
0.15690,0.32569,0.25958,0.25784
0.27166,0.12662,0.30111,0.30061
0.10695,0.17076,0.36283,0.35946
0.15065,0.13536,0.35965,0.35434
0.18754,0.27529,0.26974,0.26743
0.38028,0.17237,0.22672,0.22062
0.42357,0.07376,0.25502,0.24765
0.14665,0.13043,0.36407,0.35884
0.25545,0.22472,0.26243,0.25740
0.25839,0.14323,0.30048,0.29790
0.17291,0.15873,0.33629,0.33206
0.36215,0.26752,0.18580,0.18453
0.20624,0.09816,0.35043,0.34517
0.30683,0.18921,0.25249,0.25147
0.14707,0.24772,0.30478,0.30043
0.16654,0.08649,0.37557,0.37140
0.24428,0.12407,0.31717,0.31448
0.20825,0.18238,0.30646,0.30291
0.22979,0.20003,0.28694,0.28324
0.31882,0.27238,0.20607,0.20273
0.34303,0.17159,0.24549,0.23989
0.09573,0.26766,0.31932,0.31730
0.25793,0.23263,0.25572,0.25372
0.14727,0.41978,0.21741,0.21554
0.27407,0.24836,0.24140,0.23617
0.12816,0.25772,0.30856,0.30556
0.21055,0.14776,0.31997,0.32172
0.27368,0.24972,0.23940,0.23720
0.21537,0.18628,0.30200,0.29635
0.18102,0.16733,0.32851,0.32314
0.25323,0.23318,0.25742,0.25617
0.23377,0.09596,0.33596,0.33431
0.20176,0.18476,0.30727,0.30621
0.22189,0.19954,0.28997,0.28860
0.30723,0.27918,0.20679,0.20681
0.25463,0.39538,0.17609,0.17390
0.08183,0.36523,0.27847,0.27447
0.31041,0.17740,0.25853,0.25366
0.26863,0.12877,0.30386,0.29874
0.25224,0.23022,0.26039,0.25715
0.18804,0.17045,0.32094,0.32058
0.31295,0.21698,0.23726,0.23281
0.21998,0.15469,0.31192,0.31341
0.22230,0.22960,0.27487,0.27323
0.11582,0.29830,0.29283,0.29306
0.27627,0.12688,0.30015,0.29671
0.13223,0.21932,0.32543,0.32302
0.15703,0.19239,0.32820,0.32238
0.27988,0.24783,0.23787,0.23442
0.16345,0.14432,0.34643,0.34580
0.27605,0.28021,0.22330,0.22044
0.27809,0.24744,0.23831,0.23617
0.28739,0.10717,0.30391,0.30153
0.24878,0.23008,0.26179,0.25935
0.24948,0.11985,0.31731,0.31335
0.30375,0.27336,0.21212,0.21077
0.27962,0.25464,0.23349,0.23226
0.19647,0.09163,0.35966,0.35224
0.36396,0.11916,0.26106,0.25582
0.07368,0.45500,0.23559,0.23573
0.25938,0.23466,0.25353,0.25243
0.25446,0.21065,0.27004,0.26485
0.11133,0.48844,0.20125,0.19898
0.07702,0.28595,0.31917,0.31786
0.24108,0.15258,0.30298,0.30336
0.21337,0.15004,0.32037,0.31621
0.13601,0.20964,0.32888,0.32547
0.23029,0.21432,0.27918,0.27620
0.24436,0.21592,0.26985,0.26987
0.17459,0.16060,0.33431,0.33049
0.36461,0.16565,0.23394,0.23580
0.34117,0.06962,0.29712,0.29209
0.13402,0.13550,0.36768,0.36280
0.16360,0.20212,0.31812,0.31616
0.19805,0.08384,0.36217,0.35594
0.20621,0.24966,0.27191,0.27222
0.11519,0.18280,0.35263,0.34938
0.34033,0.12144,0.27038,0.26785
0.20705,0.18939,0.30425,0.29931
0.29083,0.19578,0.25634,0.25704
0.25940,0.24346,0.24960,0.24754
0.29398,0.21251,0.24821,0.24530
0.22406,0.20143,0.28604,0.28847
0.26680,0.15250,0.29111,0.28959
0.32170,0.28292,0.19755,0.19783
0.28308,0.25833,0.23025,0.22835
0.25526,0.21768,0.26477,0.26229
0.23580,0.20892,0.27964,0.27565
0.19512,0.17266,0.31866,0.31356
0.12535,0.32814,0.27597,0.27055
0.24128,0.21563,0.27109,0.27200
0.22660,0.13750,0.32074,0.31515
0.29679,0.26930,0.21832,0.21560
0.16941,0.14916,0.34149,0.33995
0.15357,0.13591,0.35562,0.35490
0.27957,0.20045,0.26086,0.25911
0.18352,0.25918,0.28192,0.27538
0.13428,0.24465,0.31159,0.30948
0.20659,0.18603,0.30463,0.30274
0.23155,0.22198,0.27551,0.27097
0.20088,0.18070,0.31111,0.30732
