0.06973,0.19558,0.03222,0.02182,0.34321,0.02535,0.24335,0.06874
0.05601,0.27977,0.03335,0.04703,0.33684,0.04081,0.17250,0.03369
0.05163,0.49423,0.03215,0.12792,0.18725,0.03856,0.03156,0.03670
0.11717,0.23920,0.03545,0.11214,0.20145,0.09224,0.16544,0.03692
0.24428,0.09333,0.02908,0.02662,0.19061,0.03372,0.35665,0.02569
0.21028,0.20859,0.15692,0.03960,0.05858,0.17528,0.11034,0.04042
0.03124,0.29465,0.18344,0.02848,0.22396,0.02095,0.02937,0.18792
0.21977,0.09361,0.01226,0.04437,0.21478,0.05729,0.34334,0.01457
0.20786,0.19134,0.03535,0.07785,0.16682,0.03655,0.25155,0.03268
0.31478,0.10795,0.04572,0.04766,0.06230,0.05821,0.34407,0.01931
0.22885,0.11915,0.06998,0.02208,0.17956,0.03320,0.29235,0.05483
0.02785,0.11015,0.04674,0.00777,0.39234,0.06514,0.33918,0.01082
0.11161,0.11919,0.12875,0.01753,0.24203,0.13610,0.20892,0.03588
0.03167,0.12134,0.01575,0.29404,0.14158,0.30004,0.08326,0.01231
0.10724,0.41575,0.01916,0.02314,0.30924,0.03096,0.07131,0.02320
0.18741,0.37429,0.04263,0.05748,0.11437,0.03638,0.10803,0.07939
0.38829,0.06257,0.03410,0.02771,0.03580,0.04759,0.36893,0.03503
0.05552,0.26506,0.09759,0.13379,0.13971,0.13532,0.07723,0.09577
0.32609,0.20038,0.09030,0.03722,0.04732,0.10013,0.15804,0.04052
0.02511,0.47447,0.01156,0.37546,0.06867,0.01450,0.01946,0.01077
0.04181,0.19427,0.04131,0.06860,0.31352,0.06050,0.23931,0.04068
0.16319,0.08627,0.22924,0.03004,0.06205,0.23268,0.17916,0.01737
0.37116,0.11284,0.02736,0.01827,0.10596,0.01992,0.28767,0.05681
0.25004,0.26112,0.06344,0.02508,0.07647,0.04706,0.06279,0.21400
0.34245,0.17617,0.01419,0.02767,0.09370,0.01012,0.30573,0.02997
0.33513,0.49435,0.00516,0.04331,0.02818,0.03719,0.02783,0.02885
0.06363,0.25172,0.03099,0.24825,0.08154,0.23792,0.04788,0.03806
0.05437,0.21617,0.20623,0.10492,0.09461,0.19147,0.09536,0.03687
0.25636,0.24525,0.06787,0.08470,0.07524,0.07520,0.16947,0.02591
0.02258,0.51514,0.01135,0.03620,0.36967,0.01161,0.02174,0.01172
0.06129,0.46128,0.01129,0.02004,0.37169,0.01558,0.02269,0.03614
0.09736,0.31636,0.02335,0.03328,0.28493,0.01958,0.20842,0.01671
0.02946,0.09449,0.01496,0.29559,0.16093,0.29191,0.09495,0.01771
0.37126,0.24708,0.06066,0.02936,0.02743,0.00589,0.07186,0.18645
0.02048,0.15990,0.08560,0.21969,0.14647,0.28196,0.06473,0.02116
0.17468,0.27007,0.02911,0.23340,0.04667,0.10172,0.13192,0.01244
0.31190,0.11373,0.01813,0.01566,0.18454,0.01806,0.28965,0.04833
0.06230,0.11550,0.18278,0.12345,0.10019,0.28887,0.07868,0.04823
0.09508,0.09618,0.02416,0.32656,0.04134,0.31833,0.07147,0.02689
0.02179,0.16394,0.28102,0.01416,0.15297,0.01920,0.06127,0.28565
0.06205,0.27233,0.10128,0.12597,0.19665,0.01672,0.10511,0.11990
0.05511,0.45644,0.00770,0.02723,0.36177,0.02443,0.04949,0.01784
0.06430,0.43035,0.04538,0.05538,0.25682,0.03568,0.05869,0.05340
0.09524,0.16294,0.02475,0.05863,0.30404,0.02142,0.31095,0.02204
0.09204,0.09824,0.01586,0.01986,0.35129,0.01631,0.36762,0.03877
0.02876,0.05884,0.01407,0.00774,0.43654,0.00758,0.42420,0.02227
0.02636,0.13487,0.33750,0.01629,0.05423,0.01996,0.04322,0.36757
0.15110,0.27503,0.01983,0.14008,0.14265,0.08682,0.13225,0.05224
0.12498,0.17101,0.18996,0.07634,0.09489,0.06209,0.03133,0.24939
0.15591,0.27501,0.01900,0.04263,0.26239,0.03216,0.18943,0.02346
0.33054,0.09492,0.02594,0.01200,0.10957,0.02144,0.32244,0.08314
0.09806,0.20762,0.08192,0.05202,0.22489,0.08795,0.20662,0.04091
0.02891,0.47105,0.02149,0.09455,0.31526,0.03459,0.02458,0.00956
0.06962,0.10077,0.05644,0.15764,0.20294,0.18718,0.19128,0.03415
0.05690,0.27421,0.16095,0.09499,0.15099,0.15800,0.08576,0.01820
0.12073,0.13215,0.09936,0.19409,0.07838,0.26429,0.08437,0.02663
0.01936,0.06994,0.02415,0.39195,0.04158,0.40526,0.02595,0.02182
0.05405,0.33020,0.11246,0.01582,0.29297,0.02766,0.04857,0.11828
0.08731,0.13166,0.31705,0.01100,0.06930,0.02819,0.01859,0.33691
0.09298,0.15974,0.18069,0.03640,0.19411,0.22645,0.09835,0.01129
0.03367,0.35549,0.09814,0.02290,0.31537,0.02357,0.04886,0.10199
0.05813,0.47822,0.01080,0.06892,0.28785,0.01356,0.02591,0.05660
0.16454,0.12817,0.02708,0.16935,0.12561,0.11127,0.24791,0.02605
0.08986,0.10910,0.19683,0.11612,0.06738,0.25153,0.08310,0.08608
0.14596,0.23350,0.18363,0.01793,0.11230,0.01889,0.04028,0.24751
0.03241,0.11841,0.34874,0.02398,0.04763,0.01692,0.04096,0.37095
0.03504,0.16458,0.30096,0.04878,0.06615,0.06565,0.01280,0.30603
0.17626,0.09511,0.03589,0.11675,0.14881,0.12155,0.26794,0.03769
0.03253,0.46870,0.03511,0.27547,0.10988,0.01821,0.02691,0.03319
0.02255,0.06911,0.40584,0.02836,0.02376,0.42297,0.01367,0.01374
0.05282,0.10641,0.22336,0.08866,0.11936,0.30539,0.07495,0.02905
0.13622,0.12027,0.02771,0.17661,0.15261,0.16779,0.18310,0.03570
0.06467,0.19916,0.01345,0.02459,0.33065,0.02732,0.27404,0.06612
0.34222,0.22214,0.01102,0.02396,0.13540,0.00717,0.21047,0.04762
0.32789,0.17207,0.03297,0.02016,0.12607,0.01735,0.22590,0.07758
0.18680,0.19791,0.09262,0.02801,0.14260,0.07147,0.20360,0.07698
0.08939,0.09994,0.33457,0.02413,0.03530,0.02146,0.03497,0.36023
0.01563,0.47931,0.08018,0.17047,0.13339,0.01061,0.02395,0.08645
0.06732,0.45705,0.03060,0.30440,0.05543,0.01105,0.03629,0.03787
0.23965,0.12937,0.03027,0.04260,0.17032,0.02192,0.34490,0.02096
0.06312,0.50127,0.01813,0.22268,0.13079,0.02561,0.02393,0.01447
0.12695,0.45123,0.01001,0.08361,0.24013,0.01571,0.05450,0.01786
0.03955,0.18832,0.25985,0.04407,0.13890,0.03962,0.03216,0.25752
0.13336,0.10217,0.02670,0.02434,0.31683,0.02913,0.33939,0.02808
0.08948,0.40435,0.03842,0.09117,0.18354,0.08564,0.06719,0.04022
0.07030,0.17212,0.23847,0.06023,0.11693,0.24751,0.07397,0.02046
0.18530,0.25300,0.03434,0.02149,0.24833,0.03967,0.17976,0.03812
0.40049,0.33195,0.00832,0.05355,0.03586,0.00936,0.14287,0.01760
0.20487,0.13454,0.03109,0.01242,0.25633,0.02973,0.26564,0.06539
0.23341,0.11455,0.02971,0.03667,0.20544,0.05272,0.30923,0.01827
0.04947,0.16285,0.19695,0.13094,0.08056,0.32640,0.02970,0.02313
0.39913,0.28028,0.02519,0.04902,0.03434,0.08457,0.07500,0.05248
0.04486,0.40368,0.06813,0.01294,0.35747,0.01099,0.03984,0.06208
0.22780,0.09683,0.05741,0.09410,0.10742,0.12831,0.26642,0.02170
0.20838,0.16701,0.07662,0.10714,0.09355,0.11018,0.17003,0.06709
0.25259,0.11107,0.05453,0.02383,0.15549,0.05380,0.32026,0.02844
0.28776,0.08716,0.06412,0.01378,0.10832,0.05510,0.20590,0.17785
0.21395,0.24678,0.05151,0.05582,0.15679,0.03985,0.19995,0.03535
0.21558,0.18464,0.09301,0.05526,0.10920,0.09729,0.21704,0.02798
0.32248,0.24398,0.02649,0.04336,0.09641,0.01300,0.19667,0.05762
0.14973,0.06639,0.01381,0.01590,0.31349,0.01824,0.40643,0.01601
0.03071,0.17050,0.04685,0.11947,0.27229,0.07727,0.22833,0.05458
0.11177,0.42171,0.04338,0.18941,0.08717,0.02788,0.04704,0.07164
0.19471,0.12295,0.05406,0.18479,0.05122,0.18912,0.15865,0.04451
0.26676,0.18078,0.03257,0.03508,0.14502,0.03059,0.17755,0.13165
0.09463,0.20190,0.24260,0.04254,0.09221,0.20737,0.09173,0.02701
0.29910,0.05934,0.03012,0.09360,0.06609,0.09718,0.32569,0.02888
0.04607,0.15057,0.17560,0.02419,0.21014,0.16939,0.19624,0.02779
0.03696,0.34811,0.11093,0.01428,0.33013,0.01074,0.04025,0.10860
0.30646,0.26265,0.05148,0.07469,0.05750,0.05332,0.11531,0.07860
0.20511,0.27130,0.07233,0.00959,0.20544,0.08538,0.11225,0.03860
0.06265,0.13336,0.16684,0.05608,0.19307,0.17902,0.19488,0.01410
0.36597,0.33016,0.02269,0.07361,0.02539,0.08635,0.05378,0.04206
0.18125,0.26782,0.02904,0.05382,0.18334,0.02764,0.22846,0.02863
0.09606,0.18675,0.02729,0.10935,0.24071,0.11075,0.20226,0.02684
0.02395,0.09342,0.14179,0.07004,0.23823,0.17527,0.19660,0.06069
0.03972,0.36771,0.13068,0.01134,0.27698,0.03113,0.02425,0.11819
0.32732,0.06651,0.01747,0.00885,0.14280,0.01810,0.40683,0.01213
0.15939,0.08324,0.01673,0.11980,0.20952,0.11667,0.27446,0.02018
0.06257,0.28192,0.14637,0.07099,0.17596,0.06200,0.01493,0.18527
0.05888,0.11382,0.01326,0.13727,0.26808,0.13744,0.25211,0.01914
0.19682,0.08656,0.07950,0.08039,0.14160,0.15774,0.23629,0.02110
0.06379,0.06450,0.01206,0.02069,0.40139,0.01789,0.39865,0.02105
0.37327,0.16639,0.04518,0.02454,0.05201,0.04102,0.24513,0.05247
0.32441,0.13456,0.01353,0.01588,0.10130,0.01159,0.10975,0.28898
0.16462,0.18841,0.20907,0.04299,0.05223,0.20938,0.11073,0.02258
0.06614,0.16612,0.05416,0.11581,0.23639,0.13518,0.19930,0.02690
0.22796,0.15502,0.01989,0.01207,0.23327,0.02596,0.30421,0.02162
0.33456,0.06629,0.02661,0.07663,0.06098,0.06329,0.33468,0.03694
0.03008,0.25483,0.21324,0.02359,0.20889,0.01935,0.03998,0.21003
0.04472,0.11219,0.02894,0.31395,0.09605,0.31828,0.06868,0.01719
0.06466,0.31441,0.18280,0.05073,0.15175,0.03654,0.01819,0.18092
0.08905,0.16561,0.03696,0.21468,0.12232,0.20365,0.13444,0.03329
0.00879,0.05456,0.05328,0.01425,0.41049,0.05907,0.39345,0.00611
0.11185,0.15389,0.01196,0.05331,0.31468,0.01815,0.31001,0.02616
0.08370,0.16363,0.28880,0.03196,0.04346,0.01671,0.04691,0.32483
0.11336,0.24492,0.17067,0.06312,0.10857,0.06938,0.03680,0.19318
0.04129,0.07558,0.30401,0.01088,0.12603,0.25824,0.10014,0.08384
0.02556,0.49016,0.02738,0.04149,0.34342,0.04122,0.01357,0.01721
0.30483,0.15960,0.01245,0.03787,0.13891,0.01673,0.31019,0.01942
0.04873,0.49087,0.02721,0.09131,0.25336,0.03983,0.02814,0.02055
0.16583,0.24471,0.19433,0.02517,0.04706,0.02080,0.01529,0.28681
0.29330,0.11751,0.03125,0.01586,0.16588,0.02433,0.32665,0.02524
0.03989,0.19858,0.15856,0.09857,0.18320,0.25441,0.05609,0.01070
0.05455,0.07208,0.03136,0.01504,0.38791,0.03663,0.38185,0.02059
0.11058,0.05968,0.11277,0.08408,0.17441,0.18521,0.25693,0.01634
0.20350,0.33264,0.01586,0.05903,0.12579,0.05432,0.12859,0.08027
0.17135,0.10000,0.01791,0.22279,0.08380,0.21563,0.16814,0.02038
0.23569,0.08074,0.01926,0.05971,0.19404,0.04090,0.35533,0.01433
0.01808,0.35566,0.13857,0.00665,0.31381,0.00642,0.03412,0.12670
0.07715,0.08582,0.02123,0.03247,0.35719,0.05701,0.35556,0.01358
0.22263,0.09754,0.16838,0.03296,0.04982,0.16462,0.18613,0.07792
0.16549,0.13870,0.12050,0.01540,0.15592,0.12566,0.19373,0.08459
0.13357,0.06607,0.10674,0.00888,0.21508,0.01420,0.20406,0.25138
0.36885,0.13385,0.02166,0.00511,0.02782,0.01947,0.02236,0.40088
0.05276,0.22831,0.21630,0.01153,0.19962,0.01791,0.07148,0.20209
0.38710,0.05862,0.09070,0.00815,0.02971,0.08814,0.29498,0.04261
0.05420,0.28291,0.06694,0.04613,0.22966,0.11579,0.18652,0.01785
0.01808,0.08002,0.25303,0.01661,0.20255,0.23720,0.16143,0.03107
0.23181,0.15427,0.09906,0.01152,0.15451,0.10343,0.23845,0.00696
0.11751,0.13521,0.03482,0.14265,0.17807,0.13750,0.21014,0.04408
0.04896,0.10087,0.01563,0.11601,0.30054,0.10406,0.29344,0.02049
0.02237,0.46079,0.02102,0.02080,0.42137,0.01154,0.01515,0.02695
0.26188,0.12948,0.02163,0.08032,0.13119,0.05277,0.28306,0.03966
0.14673,0.17647,0.02489,0.02236,0.27636,0.02153,0.26898,0.06268
0.08554,0.22631,0.21585,0.07065,0.09649,0.22775,0.04945,0.02796
0.01902,0.05573,0.05021,0.20373,0.21044,0.20198,0.18691,0.07197
0.10829,0.23370,0.09109,0.05126,0.19500,0.10956,0.17395,0.03715
0.09824,0.24525,0.16794,0.03766,0.13981,0.19226,0.07134,0.04750
0.07198,0.27238,0.17405,0.06084,0.13271,0.03862,0.03156,0.21786
0.21856,0.12183,0.08617,0.12037,0.04153,0.18121,0.20338,0.02695
0.09791,0.12856,0.00650,0.15051,0.23146,0.14270,0.23144,0.01093
0.06133,0.58030,0.00546,0.21329,0.08114,0.00830,0.03620,0.01398
0.03169,0.55207,0.01634,0.08186,0.26562,0.02235,0.01585,0.01423
0.21682,0.17288,0.11417,0.09209,0.03927,0.09492,0.24457,0.02528
0.31325,0.11093,0.11782,0.02872,0.08171,0.13741,0.17749,0.03267
0.47228,0.24925,0.01538,0.02305,0.02219,0.04069,0.15762,0.01954
0.03837,0.47257,0.03189,0.12561,0.23439,0.05192,0.02558,0.01967
0.06627,0.20235,0.04110,0.10114,0.24631,0.15779,0.14572,0.03932
0.16177,0.17471,0.08033,0.16753,0.05670,0.22004,0.08339,0.05552
0.18315,0.38104,0.03552,0.07936,0.10057,0.08062,0.08152,0.05823
0.48119,0.13279,0.01752,0.01580,0.03113,0.02187,0.25289,0.04682
0.29484,0.15874,0.01891,0.05079,0.13254,0.05204,0.22461,0.06752
0.05205,0.26751,0.17645,0.01443,0.22853,0.02450,0.03917,0.19736
0.07363,0.31138,0.11953,0.05111,0.22916,0.03453,0.05814,0.12251
0.04386,0.07511,0.36096,0.01957,0.05016,0.00963,0.05181,0.38890
0.03128,0.40570,0.03418,0.24492,0.15680,0.02287,0.06687,0.03738
0.02529,0.47235,0.00950,0.11675,0.31072,0.01916,0.03757,0.00865
0.32074,0.12523,0.02456,0.04116,0.07924,0.02140,0.35846,0.02920
0.03395,0.08170,0.02825,0.28307,0.14103,0.29508,0.12308,0.01384
0.06866,0.07364,0.01282,0.04659,0.36820,0.04289,0.36667,0.02053
0.11311,0.09325,0.02925,0.02342,0.32212,0.04042,0.35358,0.02485
0.07864,0.13683,0.08628,0.05553,0.26338,0.05219,0.24814,0.07902
0.04541,0.06491,0.38322,0.01569,0.03344,0.02447,0.04528,0.38759
0.03963,0.12092,0.34299,0.04483,0.01212,0.01412,0.03028,0.39512
0.04786,0.08219,0.07968,0.03036,0.31952,0.09533,0.30578,0.03928
0.09944,0.44904,0.03167,0.23860,0.06257,0.02806,0.03189,0.05872
0.16977,0.30155,0.08907,0.07332,0.07044,0.10950,0.09792,0.08843
0.10263,0.25422,0.07507,0.10315,0.16671,0.14889,0.10011,0.04922
0.05425,0.08375,0.01664,0.37836,0.02639,0.39578,0.02719,0.01764
0.17516,0.31399,0.01151,0.00988,0.28931,0.01486,0.17447,0.01082
0.06025,0.20408,0.18466,0.02782,0.21313,0.02890,0.09915,0.18199
0.30365,0.09573,0.04211,0.04003,0.09051,0.03681,0.35317,0.03800
0.23646,0.27046,0.03120,0.04331,0.10951,0.03012,0.06951,0.20943
0.06226,0.13169,0.31236,0.02530,0.03110,0.01326,0.07297,0.35107
0.17399,0.22983,0.02653,0.20332,0.06590,0.20604,0.06287,0.03152
0.05317,0.44660,0.01598,0.21126,0.14813,0.05702,0.04890,0.01895
0.20568,0.20307,0.01251,0.02891,0.21545,0.01522,0.29387,0.02529
0.22495,0.22466,0.03382,0.05165,0.16222,0.04294,0.22053,0.03922
0.02063,0.26077,0.19526,0.04650,0.21636,0.03390,0.02554,0.20103
0.06110,0.06035,0.16901,0.00984,0.26084,0.17264,0.25415,0.01208
0.05646,0.32453,0.16460,0.02447,0.19809,0.01230,0.03210,0.18742
0.30245,0.15408,0.06947,0.04459,0.06662,0.04289,0.28539,0.03451
0.13758,0.07563,0.01635,0.06282,0.27316,0.07736,0.34022,0.01689
0.03215,0.40974,0.02269,0.34356,0.08790,0.03501,0.05364,0.01531
0.09699,0.10910,0.10659,0.03165,0.26848,0.11314,0.25658,0.01747
0.06991,0.22129,0.14558,0.01678,0.25346,0.16121,0.10581,0.02596
0.30385,0.13179,0.02371,0.02161,0.18016,0.01559,0.28166,0.04162
0.12226,0.10098,0.27985,0.01161,0.08807,0.27616,0.09955,0.02152
0.12557,0.07961,0.02021,0.01678,0.32677,0.01780,0.38455,0.02871
0.02205,0.17010,0.30229,0.04688,0.08625,0.03782,0.01843,0.31618
0.46929,0.03252,0.00384,0.00407,0.02424,0.00394,0.45611,0.00598
0.28868,0.11001,0.03105,0.01056,0.12868,0.02506,0.15309,0.25287
0.03044,0.49620,0.02317,0.24467,0.13300,0.02783,0.02735,0.01734
0.02351,0.12182,0.12239,0.04217,0.28467,0.15961,0.23021,0.01562
0.04469,0.08324,0.32683,0.04603,0.07128,0.37185,0.03518,0.02090
0.14271,0.22042,0.03119,0.01418,0.23657,0.01151,0.20630,0.13712
0.06700,0.32608,0.14250,0.05619,0.17525,0.01666,0.05004,0.16629
0.04946,0.13054,0.03918,0.02339,0.36732,0.01908,0.32704,0.04400
0.04809,0.08093,0.38580,0.01308,0.02758,0.07874,0.02729,0.33849
0.02786,0.05265,0.00416,0.02529,0.44070,0.01596,0.42189,0.01149
0.21144,0.08519,0.10802,0.09680,0.09509,0.17341,0.19080,0.03925
0.11352,0.20314,0.11114,0.10798,0.09175,0.16998,0.06232,0.14016
0.09420,0.44722,0.01956,0.20213,0.11016,0.02784,0.08011,0.01878
0.04125,0.54724,0.01223,0.10733,0.23346,0.01125,0.03308,0.01416
0.03795,0.12655,0.02896,0.17560,0.24219,0.18363,0.19243,0.01268
0.08083,0.11771,0.31988,0.03635,0.03279,0.03074,0.03472,0.34697
0.19859,0.19477,0.12252,0.03785,0.06126,0.12169,0.13118,0.13213
0.13798,0.11781,0.11649,0.04169,0.18187,0.11603,0.25151,0.03662
0.23716,0.21829,0.06568,0.04807,0.08670,0.03593,0.02087,0.28730
0.04938,0.26182,0.03133,0.26605,0.07639,0.26879,0.02097,0.02527
0.24282,0.07098,0.10718,0.07672,0.06888,0.16733,0.24060,0.02550
0.14778,0.09377,0.02020,0.02319,0.30331,0.02103,0.36101,0.02971
0.08791,0.09199,0.32807,0.02987,0.03184,0.33443,0.01265,0.08324
0.11146,0.13119,0.30537,0.02155,0.04565,0.01641,0.03233,0.33604
0.16362,0.21882,0.02744,0.16892,0.09962,0.16978,0.10828,0.04351
0.05821,0.18486,0.06254,0.03909,0.29575,0.04868,0.23928,0.07159
0.18366,0.26386,0.03657,0.11626,0.11393,0.11435,0.10984,0.06153
0.11032,0.14117,0.01981,0.13444,0.21302,0.13225,0.22184,0.02715
0.07043,0.41437,0.02082,0.26258,0.11894,0.01059,0.07516,0.02712
0.23914,0.29834,0.02982,0.06131,0.06459,0.06665,0.22304,0.01711
0.29853,0.09625,0.05341,0.02518,0.08240,0.06082,0.31561,0.06780
0.09437,0.43005,0.01259,0.03049,0.30869,0.02795,0.02435,0.07152
0.35583,0.12489,0.02085,0.04442,0.06053,0.04718,0.32610,0.02020
0.13122,0.13266,0.03830,0.26869,0.03116,0.27797,0.06628,0.05371
0.05288,0.35706,0.20340,0.02623,0.08970,0.01035,0.01926,0.24112
0.13881,0.09564,0.03151,0.14602,0.18492,0.14548,0.21645,0.04118
0.03143,0.48581,0.01021,0.32594,0.09502,0.01324,0.02788,0.01046
0.05646,0.24700,0.21398,0.03778,0.15556,0.06410,0.03042,0.19469
0.32474,0.22888,0.01885,0.02935,0.10141,0.02956,0.23023,0.03698
0.20784,0.22003,0.08204,0.00662,0.10179,0.06481,0.01592,0.30095
0.08821,0.16442,0.11471,0.20017,0.06721,0.25804,0.06857,0.03868
0.06797,0.14971,0.03452,0.18697,0.17008,0.19046,0.14474,0.05555
0.06158,0.37995,0.06056,0.02990,0.31828,0.02912,0.06024,0.06037
0.07639,0.44214,0.03481,0.33099,0.02788,0.01980,0.02410,0.04389
0.31174,0.28094,0.07302,0.01791,0.07342,0.05573,0.08927,0.09796
0.09358,0.14102,0.03473,0.24499,0.10645,0.24160,0.08388,0.05375
0.33727,0.16278,0.01621,0.01534,0.14855,0.01218,0.29274,0.01493
0.02897,0.11207,0.05129,0.02559,0.36519,0.06901,0.32393,0.02395
0.34524,0.11678,0.02137,0.02348,0.10139,0.03006,0.33298,0.02870
0.15300,0.14236,0.07717,0.01147,0.24110,0.08698,0.23284,0.05509
0.48561,0.12864,0.02306,0.01914,0.02127,0.02465,0.22652,0.07112
0.19471,0.20052,0.14621,0.07803,0.03291,0.12853,0.20673,0.01236
0.18168,0.14902,0.19283,0.02845,0.07710,0.17967,0.13286,0.05839
0.02776,0.44726,0.05346,0.32405,0.05867,0.03902,0.03460,0.01518
0.11456,0.07271,0.16565,0.00976,0.21203,0.15476,0.24468,0.02585
0.31467,0.18243,0.03208,0.01498,0.11677,0.03424,0.26500,0.03983
0.11262,0.26078,0.00780,0.06493,0.26085,0.01232,0.26244,0.01827
0.41529,0.06933,0.05307,0.01300,0.03865,0.06308,0.31158,0.03601
0.01926,0.26981,0.20058,0.02910,0.24066,0.01751,0.01970,0.20338
0.24748,0.19852,0.05617,0.05576,0.10329,0.05274,0.17815,0.10789
0.17128,0.40951,0.02383,0.07184,0.11688,0.04300,0.13310,0.03056
0.14896,0.11829,0.03765,0.02327,0.27991,0.02323,0.33935,0.02935
0.06162,0.13030,0.01622,0.27630,0.11505,0.25399,0.08703,0.05950
0.06425,0.43949,0.03760,0.12429,0.18578,0.04537,0.07796,0.02525
0.02584,0.45178,0.04195,0.00753,0.40184,0.00431,0.02593,0.04081
0.03532,0.39797,0.03220,0.31167,0.09981,0.04855,0.04344,0.03104
0.17825,0.08685,0.04090,0.18161,0.08650,0.18872,0.21142,0.02576
0.05383,0.11253,0.03518,0.17527,0.21428,0.20378,0.18095,0.02417
0.23509,0.18151,0.03078,0.04069,0.19267,0.03303,0.23171,0.05453
0.04127,0.41526,0.06207,0.23033,0.10755,0.09089,0.03971,0.01292
0.18783,0.20084,0.01209,0.21967,0.04913,0.22156,0.06895,0.03992
0.05172,0.13971,0.34425,0.03136,0.04566,0.31722,0.03964,0.03044
0.20006,0.19270,0.01878,0.14638,0.12423,0.10274,0.19087,0.02425
0.04252,0.51674,0.01466,0.25245,0.11437,0.02526,0.02122,0.01279
0.09248,0.45979,0.03569,0.19563,0.09965,0.02278,0.01976,0.07423
0.22569,0.16642,0.15224,0.03056,0.07479,0.14775,0.06476,0.13779
0.05169,0.42779,0.04462,0.29592,0.07226,0.02947,0.02043,0.05781
0.07181,0.11525,0.26015,0.03528,0.10367,0.29761,0.09460,0.02164
0.14409,0.19066,0.18954,0.07877,0.05181,0.16859,0.14759,0.02894
