0.02910,0.45117,0.46446,0.05527
0.08183,0.43346,0.24644,0.23828
0.01379,0.97485,0.00708,0.00429
0.25815,0.70214,0.01591,0.02381
0.25726,0.55339,0.02946,0.15988
0.29156,0.37504,0.31073,0.02267
0.04852,0.87463,0.01419,0.06266
0.20143,0.38768,0.02239,0.38851
0.25112,0.47578,0.23925,0.03385
0.26986,0.27847,0.43461,0.01706
0.37178,0.53250,0.08038,0.01534
0.32533,0.61540,0.00961,0.04967
0.04912,0.63729,0.09494,0.21865
0.08864,0.64450,0.01231,0.25455
0.02669,0.33693,0.56975,0.06662
0.13086,0.55530,0.10269,0.21116
0.22863,0.50584,0.23900,0.02653
0.28888,0.18557,0.25329,0.27226
0.14221,0.30281,0.30209,0.25289
0.11267,0.70418,0.08009,0.10305
0.02009,0.69232,0.03930,0.24829
0.02298,0.63121,0.16470,0.18111
0.30804,0.61303,0.01923,0.05971
0.01758,0.67079,0.01640,0.29523
0.23131,0.38841,0.37211,0.00817
0.03173,0.68537,0.24769,0.03522
0.15455,0.29196,0.04785,0.50565
0.43910,0.43181,0.04420,0.08489
0.10378,0.21649,0.65698,0.02274
0.02101,0.74279,0.04181,0.19439
0.19475,0.39956,0.03040,0.37529
0.11625,0.75286,0.12088,0.01001
0.08252,0.21143,0.23785,0.46820
0.24623,0.53187,0.00652,0.21537
0.25723,0.50400,0.18500,0.05378
0.30528,0.18586,0.02222,0.48664
0.33632,0.47860,0.16287,0.02220
0.27624,0.62618,0.01352,0.08407
0.14223,0.31919,0.27606,0.26252
0.16267,0.30604,0.07440,0.45689
0.27055,0.19566,0.17885,0.35494
0.35074,0.62276,0.01196,0.01454
0.03576,0.17602,0.41860,0.36962
0.01526,0.74617,0.22055,0.01801
0.01244,0.51039,0.16007,0.31710
0.31206,0.64014,0.03212,0.01568
0.25059,0.47544,0.06496,0.20901
0.01639,0.51626,0.28405,0.18330
0.02035,0.77060,0.16961,0.03944
0.00760,0.98159,0.00451,0.00629
0.29732,0.68411,0.01198,0.00659
0.02674,0.61714,0.13953,0.21659
0.02321,0.46951,0.40693,0.10034
0.09977,0.75955,0.10311,0.03757
0.02128,0.50099,0.03831,0.43941
0.01006,0.10799,0.47184,0.41011
0.05893,0.64934,0.26913,0.02260
0.04486,0.58920,0.01429,0.35165
0.05643,0.48044,0.01005,0.45308
0.02799,0.95581,0.00697,0.00923
0.27361,0.69127,0.01078,0.02435
0.08531,0.54165,0.05827,0.31478
0.09873,0.71765,0.09705,0.08657
0.25610,0.53809,0.10500,0.10082
0.16088,0.20048,0.58711,0.05153
0.07329,0.56012,0.31403,0.05255
0.26207,0.51020,0.18329,0.04444
0.04083,0.89152,0.03244,0.03520
0.07700,0.24675,0.36175,0.31450
0.30636,0.65619,0.01164,0.02581
0.03362,0.58226,0.37184,0.01227
0.10365,0.32531,0.36460,0.20643
0.35047,0.34664,0.03832,0.26457
0.56458,0.40355,0.01003,0.02184
0.04697,0.93812,0.00307,0.01185
0.30534,0.63063,0.03601,0.02801
0.29811,0.37633,0.20976,0.11580
0.33515,0.57300,0.04781,0.04404
0.02668,0.64528,0.01678,0.31125
0.11618,0.23097,0.22223,0.43062
0.03273,0.60392,0.01920,0.34415
0.24525,0.25611,0.43006,0.06858
0.30801,0.34128,0.01010,0.34061
0.31318,0.31175,0.08639,0.28868
0.32316,0.53922,0.09877,0.03886
0.01724,0.86813,0.10127,0.01335
0.37105,0.28805,0.10281,0.23809
0.35803,0.62606,0.01058,0.00533
0.06892,0.66682,0.13297,0.13129
0.05613,0.60937,0.19524,0.13926
0.55877,0.33089,0.01136,0.09899
0.01429,0.73416,0.20733,0.04422
0.01351,0.77230,0.06089,0.15330
0.02552,0.61086,0.32478,0.03885
0.02320,0.88888,0.01281,0.07512
0.04007,0.46684,0.01303,0.48006
0.20431,0.49032,0.16129,0.14409
0.01499,0.94310,0.00807,0.03384
0.08091,0.83967,0.02524,0.05418
0.03048,0.69370,0.20695,0.06887
0.04340,0.40433,0.29926,0.25301
0.34367,0.61202,0.03240,0.01191
0.29286,0.58001,0.03263,0.09450
0.04420,0.93987,0.00839,0.00754
0.04516,0.79017,0.02206,0.14262
0.20433,0.56190,0.01871,0.21506
0.36062,0.14206,0.44306,0.05425
0.05515,0.59498,0.17056,0.17931
0.00410,0.94815,0.03545,0.01230
0.02599,0.83194,0.12876,0.01331
0.01543,0.73315,0.05814,0.19328
0.09328,0.64769,0.05086,0.20816
0.24358,0.53160,0.20011,0.02471
0.00818,0.55342,0.16456,0.27384
0.15216,0.72731,0.09359,0.02695
0.01873,0.65530,0.29005,0.03591
0.01117,0.56833,0.39231,0.02819
0.33193,0.60110,0.02932,0.03765
0.08599,0.42432,0.16264,0.32705
0.02064,0.93480,0.01986,0.02471
0.23936,0.27259,0.01494,0.47311
0.02361,0.72402,0.02078,0.23160
0.03039,0.93095,0.01638,0.02228
0.02026,0.80161,0.07468,0.10346
0.35430,0.43343,0.01669,0.19558
0.02685,0.74441,0.18154,0.04720
0.01701,0.63087,0.20848,0.14364
0.01812,0.67088,0.29278,0.01822
0.06650,0.30495,0.33373,0.29482
0.27851,0.65164,0.03551,0.03434
0.02804,0.66634,0.24977,0.05586
0.17397,0.73579,0.05979,0.03045
0.35023,0.61047,0.01891,0.02040
0.31499,0.28103,0.32073,0.08324
0.05945,0.22712,0.08803,0.62540
0.00863,0.42911,0.40856,0.15369
0.33035,0.65203,0.00750,0.01012
0.10520,0.76413,0.09349,0.03718
0.00698,0.18144,0.08494,0.72663
0.08706,0.66585,0.23554,0.01156
0.24895,0.24070,0.23085,0.27951
0.02913,0.34007,0.61822,0.01258
0.06573,0.17386,0.34307,0.41734
0.00862,0.94265,0.01075,0.03798
0.45115,0.32527,0.00721,0.21637
0.26916,0.50470,0.16174,0.06441
0.32047,0.38090,0.10929,0.18934
0.00869,0.97153,0.00797,0.01180
0.27929,0.55759,0.13173,0.03139
0.32270,0.60403,0.02261,0.05065
0.33564,0.22441,0.39419,0.04575
0.02976,0.60118,0.17954,0.18952
0.54629,0.33291,0.01505,0.10575
0.38408,0.59984,0.00649,0.00960
0.00712,0.97396,0.00962,0.00931
0.04135,0.48569,0.17094,0.30203
0.59265,0.38443,0.00734,0.01558
0.07586,0.48544,0.08425,0.35446
0.13070,0.31063,0.02280,0.53587
0.31463,0.28988,0.03307,0.36242
0.50050,0.41630,0.04854,0.03466
0.21767,0.45677,0.25680,0.06876
0.11927,0.82919,0.00478,0.04677
0.30630,0.55974,0.04882,0.08514
0.12462,0.48793,0.35242,0.03504
0.17264,0.22965,0.53146,0.06625
0.05698,0.32858,0.01077,0.60368
0.20820,0.48518,0.00633,0.30028
0.27412,0.55749,0.01059,0.15780
0.01190,0.91539,0.04759,0.02511
0.01717,0.88829,0.06477,0.02977
0.01287,0.30164,0.19461,0.49088
0.02171,0.17516,0.79517,0.00796
0.10253,0.78499,0.00997,0.10251
0.29519,0.26734,0.01453,0.42294
0.07409,0.55009,0.34698,0.02884
0.11158,0.85167,0.02720,0.00956
0.00819,0.45315,0.00590,0.53276
0.02236,0.56679,0.03377,0.37709
0.59255,0.28287,0.11298,0.01160
0.05824,0.13566,0.69586,0.11024
0.05838,0.33410,0.12979,0.47773
0.03796,0.53478,0.37459,0.05267
0.02715,0.70847,0.09691,0.16748
0.27644,0.56696,0.09650,0.06010
0.27809,0.62766,0.08086,0.01339
0.12420,0.73292,0.02339,0.11949
0.03139,0.94730,0.00811,0.01320
0.02723,0.38840,0.44728,0.13709
0.01909,0.91569,0.04963,0.01558
0.27541,0.59802,0.05256,0.07401
0.06595,0.49168,0.28431,0.15806
0.66222,0.31979,0.01315,0.00485
0.26247,0.59107,0.13285,0.01361
0.30746,0.62900,0.01681,0.04673
0.11183,0.85677,0.01626,0.01514
0.06982,0.29733,0.59078,0.04207
0.07977,0.88968,0.00835,0.02220
0.00800,0.92122,0.00631,0.06447
0.29262,0.50500,0.03137,0.17101
0.06630,0.45732,0.04416,0.43222
0.05318,0.92067,0.01663,0.00952
0.57582,0.32280,0.09055,0.01083
0.30189,0.53686,0.08869,0.07256
0.01276,0.85610,0.11398,0.01716
0.04014,0.81890,0.12079,0.02017
0.01380,0.59325,0.37047,0.02248
0.01608,0.50418,0.02044,0.45930
0.03248,0.04848,0.13501,0.78403
0.24678,0.33170,0.01814,0.40337
0.29515,0.64433,0.04725,0.01327
0.03402,0.49891,0.34066,0.12640
0.00816,0.65565,0.03686,0.29933
0.29799,0.61182,0.07118,0.01901
0.02322,0.67918,0.26544,0.03215
0.19106,0.42416,0.02392,0.36086
0.32028,0.59024,0.04362,0.04587
0.58914,0.37493,0.01863,0.01731
0.27207,0.49738,0.10727,0.12328
0.02783,0.61873,0.01202,0.34142
0.16703,0.37994,0.26367,0.18936
0.45889,0.42777,0.02457,0.08877
0.20407,0.73537,0.05016,0.01041
0.05526,0.52255,0.02761,0.39458
0.12657,0.62784,0.14034,0.10525
0.39667,0.22482,0.04335,0.33516
0.03314,0.68744,0.12166,0.15776
0.41411,0.34698,0.01092,0.22800
0.11890,0.83276,0.02124,0.02710
0.28473,0.36718,0.33277,0.01532
0.00634,0.63882,0.21788,0.13696
0.02769,0.39640,0.10579,0.47012
0.11206,0.74603,0.07588,0.06603
0.26632,0.54127,0.03435,0.15806
0.18266,0.73421,0.03443,0.04870
0.26133,0.65845,0.03774,0.04248
0.34258,0.35373,0.02440,0.27929
0.06791,0.74497,0.18088,0.00624
0.14158,0.63317,0.16763,0.05762
0.05441,0.47724,0.09531,0.37303
0.01936,0.67541,0.07186,0.23336
0.00610,0.64114,0.01834,0.33443
0.29694,0.61476,0.03151,0.05679
0.43161,0.48785,0.06077,0.01977
0.26685,0.49866,0.21468,0.01981
0.01388,0.20435,0.62393,0.15784
0.00971,0.96574,0.01866,0.00589
0.03658,0.93059,0.02072,0.01212
0.01546,0.46016,0.35139,0.17300
0.02589,0.68505,0.10590,0.18316
0.29648,0.66916,0.02158,0.01278
0.16456,0.78913,0.02645,0.01986
0.00904,0.82794,0.01041,0.15261
0.01413,0.68986,0.00607,0.28994
0.07061,0.47260,0.41453,0.04226
0.34108,0.20905,0.42952,0.02035
0.19635,0.37705,0.03519,0.39140
0.04179,0.79756,0.12651,0.03414
0.30981,0.46795,0.05303,0.16921
0.02716,0.23540,0.04706,0.69038
0.52161,0.36632,0.08477,0.02730
0.01413,0.43872,0.37556,0.17159
0.04606,0.49679,0.24539,0.21176
0.15900,0.47044,0.30812,0.06245
0.01855,0.95943,0.01160,0.01043
0.10271,0.84612,0.00432,0.04685
0.01565,0.63581,0.33276,0.01579
0.01331,0.65334,0.29182,0.04153
0.03532,0.90146,0.05421,0.00901
0.04579,0.36045,0.58812,0.00565
0.06644,0.76850,0.00813,0.15692
0.02676,0.80097,0.01236,0.15991
0.04153,0.29903,0.57599,0.08345
0.04363,0.79331,0.02014,0.14292
0.08415,0.57647,0.04176,0.29762
0.18460,0.37943,0.03035,0.40562
0.26464,0.50478,0.14547,0.08511
0.30510,0.55815,0.12296,0.01380
0.26191,0.43744,0.14675,0.15390
0.01635,0.81242,0.00569,0.16554
0.09510,0.67559,0.21663,0.01267
0.01006,0.76900,0.09200,0.12893
0.09116,0.57652,0.31699,0.01534
0.25742,0.49088,0.22247,0.02923
0.07319,0.43643,0.40007,0.09031
0.04142,0.16302,0.00671,0.78885
0.01098,0.66661,0.18260,0.13982
0.11330,0.85455,0.01703,0.01512
0.01249,0.93731,0.03181,0.01839
0.31003,0.61877,0.06376,0.00743
0.27885,0.57113,0.02181,0.12822
0.25012,0.53838,0.08556,0.12594
0.03837,0.66746,0.13305,0.16111
0.16399,0.76505,0.00469,0.06627
0.04033,0.80094,0.12102,0.03771
0.03608,0.67366,0.22053,0.06973
0.16772,0.38598,0.04519,0.40112
0.00664,0.97926,0.00656,0.00753
0.01711,0.45676,0.51391,0.01223
0.03270,0.91250,0.00562,0.04919
