0.00745,0.03161,0.02125,0.12045,0.04463,0.03566,0.70150,0.03745
0.11545,0.53231,0.02166,0.01084,0.03864,0.03715,0.22895,0.01500
0.05425,0.17369,0.24191,0.01252,0.14816,0.20223,0.10233,0.06491
0.12629,0.05850,0.14356,0.01833,0.10897,0.32902,0.18896,0.02638
0.09775,0.01971,0.22794,0.00907,0.40024,0.14227,0.08024,0.02277
0.13088,0.03210,0.18043,0.03875,0.27964,0.06614,0.06659,0.20547
0.10046,0.43778,0.03772,0.01584,0.03883,0.09245,0.18019,0.09674
0.02403,0.10122,0.02199,0.06397,0.13000,0.63391,0.00686,0.01803
0.09269,0.07292,0.24603,0.00727,0.01429,0.21124,0.21658,0.13900
0.05031,0.04323,0.34416,0.04341,0.21629,0.19084,0.02505,0.08672
0.05409,0.01866,0.03219,0.44092,0.09233,0.34090,0.01251,0.00840
0.11818,0.19695,0.43101,0.01443,0.12056,0.02900,0.06796,0.02192
0.02232,0.23267,0.13758,0.02898,0.36246,0.02710,0.17392,0.01496
0.03121,0.40541,0.03085,0.01560,0.25550,0.09729,0.03258,0.13155
0.02928,0.32221,0.23266,0.04009,0.04540,0.06407,0.23036,0.03593
0.05779,0.03647,0.07368,0.06549,0.68912,0.04550,0.01395,0.01799
0.10205,0.02519,0.09128,0.00863,0.05118,0.06315,0.13847,0.52005
0.06579,0.18131,0.04282,0.04353,0.51192,0.04349,0.05958,0.05156
0.30116,0.09702,0.16226,0.00821,0.02315,0.22077,0.16480,0.02263
0.10001,0.00886,0.57521,0.03527,0.10147,0.01052,0.11747,0.05119
0.17244,0.02882,0.22173,0.02245,0.28074,0.14143,0.12333,0.00906
0.10290,0.00708,0.38182,0.01364,0.37361,0.02083,0.06151,0.03862
0.02681,0.11325,0.09686,0.14752,0.23022,0.06977,0.02213,0.29344
0.03332,0.08526,0.04863,0.02901,0.36327,0.01924,0.01508,0.40619
0.17728,0.02429,0.22509,0.02956,0.21139,0.17492,0.12330,0.03418
0.15166,0.02905,0.49765,0.00651,0.03516,0.05732,0.17660,0.04606
0.24637,0.02191,0.34473,0.00628,0.03511,0.16505,0.16180,0.01874
0.03237,0.59283,0.04385,0.01121,0.02708,0.21151,0.05245,0.02870
0.13174,0.12813,0.09498,0.01720,0.08387,0.40484,0.12217,0.01706
0.09741,0.46807,0.05938,0.06810,0.07839,0.02877,0.16766,0.03222
0.10386,0.02388,0.51098,0.01168,0.06856,0.14083,0.10610,0.03412
0.03328,0.30934,0.10634,0.10548,0.01735,0.05238,0.10661,0.26921
0.24724,0.02021,0.23030,0.00881,0.25966,0.06285,0.15468,0.01625
0.03461,0.27671,0.02402,0.02269,0.22308,0.36988,0.02948,0.01953
0.04610,0.40554,0.04657,0.02748,0.38049,0.06854,0.00834,0.01694
0.06929,0.49006,0.05360,0.01227,0.02839,0.23458,0.09403,0.01778
0.09825,0.00663,0.03664,0.37048,0.02939,0.43956,0.00910,0.00994
0.03887,0.26147,0.05126,0.02763,0.53248,0.04679,0.02048,0.02102
0.15507,0.46826,0.06635,0.02446,0.09607,0.07538,0.08747,0.02694
0.17689,0.09298,0.07223,0.01449,0.13642,0.23402,0.11492,0.15806
0.04228,0.06623,0.09348,0.04891,0.45989,0.20583,0.01693,0.06644
0.04687,0.04861,0.04289,0.02461,0.57594,0.18741,0.01605,0.05763
0.13544,0.16000,0.19085,0.00716,0.02820,0.32776,0.12653,0.02406
0.03148,0.03844,0.27462,0.50812,0.03380,0.09823,0.00335,0.01196
0.11699,0.62174,0.03999,0.01792,0.05437,0.05459,0.06772,0.02669
0.07652,0.04708,0.14173,0.14453,0.08371,0.35540,0.10123,0.04980
0.04246,0.60779,0.16206,0.02651,0.01701,0.02135,0.05997,0.06286
0.07221,0.09499,0.18268,0.04497,0.30724,0.18872,0.01911,0.09008
0.14807,0.21314,0.06443,0.09688,0.24170,0.14876,0.03162,0.05539
0.22768,0.01553,0.45991,0.01615,0.04613,0.03497,0.10102,0.09861
0.21638,0.18502,0.29459,0.03018,0.08765,0.02922,0.12583,0.03113
0.05435,0.07689,0.22917,0.02970,0.42061,0.10884,0.05550,0.02494
0.26741,0.04978,0.21134,0.01840,0.05245,0.19326,0.08296,0.12440
0.02988,0.02384,0.58931,0.18129,0.03777,0.10607,0.01343,0.01841
0.37700,0.03748,0.08725,0.01151,0.11625,0.20877,0.14031,0.02143
0.01375,0.63388,0.04504,0.00806,0.03459,0.22325,0.01998,0.02145
0.00504,0.08029,0.04207,0.18326,0.04130,0.03097,0.57863,0.03844
0.23037,0.35684,0.03973,0.02334,0.14832,0.06754,0.10392,0.02995
0.30333,0.00528,0.27024,0.00781,0.14109,0.01490,0.24820,0.00915
0.06381,0.11549,0.15623,0.01420,0.49387,0.04661,0.09028,0.01951
0.26456,0.06356,0.09745,0.02384,0.14952,0.23722,0.12972,0.03413
0.05369,0.01518,0.02507,0.23239,0.45906,0.01795,0.02712,0.16955
0.15336,0.03738,0.16228,0.01709,0.05312,0.22593,0.18143,0.16941
0.02347,0.64806,0.04776,0.00897,0.02248,0.03944,0.17380,0.03602
0.03676,0.29163,0.11675,0.03452,0.09960,0.15051,0.25069,0.01955
0.07436,0.02799,0.07753,0.05518,0.17888,0.23895,0.11389,0.23321
0.06658,0.03978,0.30662,0.24664,0.06421,0.05051,0.08498,0.14067
0.30336,0.01357,0.08292,0.01556,0.03869,0.38203,0.11479,0.04908
0.06479,0.02583,0.04419,0.03446,0.73432,0.05107,0.02993,0.01540
0.09454,0.03623,0.08187,0.22107,0.09119,0.44550,0.02032,0.00927
0.47045,0.01158,0.01922,0.05999,0.03094,0.01524,0.06247,0.33011
0.05498,0.02284,0.02813,0.08044,0.63824,0.02644,0.13477,0.01415
0.11499,0.01035,0.34259,0.02718,0.02979,0.28656,0.02543,0.16311
0.06099,0.37926,0.04039,0.04151,0.06239,0.35999,0.03531,0.02017
0.05335,0.04208,0.29270,0.15306,0.09117,0.09485,0.07030,0.20249
0.17706,0.03010,0.05009,0.24269,0.33529,0.11476,0.02008,0.02993
0.01885,0.01427,0.07572,0.01735,0.02066,0.01365,0.20268,0.63682
0.07909,0.16579,0.02615,0.04696,0.55037,0.03886,0.04571,0.04706
0.04762,0.27746,0.03974,0.07715,0.05373,0.35700,0.02213,0.12518
0.21227,0.04617,0.18600,0.08794,0.31935,0.10039,0.02225,0.02563
0.37246,0.09268,0.09551,0.01722,0.02612,0.07572,0.29432,0.02596
0.02935,0.20928,0.02377,0.04958,0.42834,0.22836,0.01037,0.02095
0.14225,0.06663,0.05144,0.04262,0.53686,0.06876,0.07202,0.01940
0.04875,0.03185,0.07753,0.21879,0.07572,0.50567,0.02944,0.01224
0.04365,0.17336,0.20395,0.12797,0.14681,0.08309,0.17773,0.04343
0.16754,0.04366,0.18600,0.01098,0.05037,0.14112,0.04671,0.35363
0.00780,0.03742,0.02541,0.02473,0.36607,0.02539,0.03872,0.47445
0.10131,0.23852,0.03694,0.01628,0.20575,0.33528,0.02716,0.03877
0.03551,0.24793,0.34737,0.01402,0.09280,0.08426,0.15409,0.02402
0.09863,0.03997,0.02917,0.14569,0.20646,0.03284,0.01893,0.42831
0.14764,0.04245,0.05305,0.02164,0.58205,0.12188,0.02213,0.00915
0.12550,0.12988,0.05390,0.02797,0.25540,0.23105,0.10717,0.06914
0.13710,0.19268,0.03012,0.18949,0.22438,0.12247,0.03998,0.06378
0.58008,0.01579,0.03623,0.01039,0.04011,0.02860,0.24481,0.04399
0.04258,0.03615,0.53738,0.01497,0.22385,0.08732,0.01764,0.04012
0.29727,0.01385,0.08331,0.05934,0.22348,0.09885,0.15254,0.07135
0.31033,0.02429,0.20836,0.00665,0.03116,0.13931,0.16461,0.11528
0.20763,0.02091,0.28856,0.06131,0.12805,0.03444,0.18018,0.07892
0.19644,0.05804,0.23017,0.16346,0.10566,0.13410,0.01965,0.09248
0.03555,0.09422,0.05045,0.01036,0.05856,0.38662,0.00847,0.35576
