0.05347,0.07881,0.39256,0.07078,0.10998,0.20237,0.02795,0.06407
0.26586,0.07389,0.03970,0.10447,0.17383,0.08307,0.23033,0.02886
0.20597,0.07274,0.13892,0.08652,0.10987,0.15122,0.20363,0.03113
0.06470,0.14073,0.16713,0.06777,0.19742,0.05378,0.06450,0.24397
0.11528,0.22236,0.25172,0.06737,0.06228,0.05734,0.13780,0.08585
0.06105,0.34645,0.06213,0.02002,0.04986,0.35595,0.05011,0.05443
0.04391,0.03387,0.34236,0.05187,0.03173,0.31705,0.02608,0.15313
0.18408,0.11529,0.16044,0.02536,0.06685,0.08626,0.16574,0.19599
0.38119,0.03281,0.05114,0.01728,0.05272,0.05496,0.38775,0.02216
0.08262,0.28888,0.10613,0.03408,0.01633,0.32061,0.09533,0.05603
0.14314,0.06243,0.09056,0.07611,0.37252,0.04771,0.14812,0.05941
0.13364,0.15967,0.08310,0.04706,0.17445,0.17594,0.16423,0.06193
0.21171,0.03127,0.02125,0.15683,0.21210,0.01989,0.05705,0.28991
0.03532,0.25926,0.03059,0.02912,0.34841,0.24959,0.01191,0.03580
0.05642,0.33861,0.03154,0.01700,0.15771,0.32003,0.04125,0.03744
0.32515,0.10957,0.01963,0.02519,0.04815,0.12153,0.32968,0.02110
0.29367,0.06689,0.06462,0.10090,0.14224,0.10378,0.20390,0.02400
0.08828,0.17047,0.20201,0.03567,0.06984,0.34693,0.06187,0.02495
0.23490,0.05211,0.12935,0.15238,0.13065,0.18167,0.07871,0.04024
0.09532,0.27966,0.03297,0.10956,0.14478,0.28676,0.02489,0.02604
0.32541,0.08045,0.12616,0.02376,0.02108,0.04976,0.31344,0.05994
0.25319,0.04168,0.02854,0.22352,0.04232,0.04248,0.29153,0.07675
0.23763,0.02446,0.06498,0.30469,0.09183,0.05647,0.14620,0.07374
0.10180,0.13989,0.07332,0.04860,0.28010,0.25154,0.07806,0.02669
0.03597,0.33716,0.09516,0.03066,0.02751,0.38633,0.04712,0.04008
0.17958,0.01799,0.25802,0.03283,0.04472,0.01995,0.17579,0.27112
0.08898,0.21049,0.22157,0.06960,0.03382,0.18602,0.10614,0.08338
0.03910,0.21055,0.30886,0.05476,0.14353,0.12372,0.03189,0.08760
0.12057,0.03192,0.08642,0.32990,0.04127,0.02918,0.31193,0.04882
0.02819,0.11165,0.25784,0.02694,0.04806,0.04375,0.02102,0.46255
0.35413,0.05736,0.05124,0.03646,0.03962,0.03747,0.34145,0.08227
0.23572,0.06842,0.08089,0.02845,0.14556,0.05954,0.23289,0.14852
0.07039,0.28115,0.04993,0.05633,0.18675,0.30558,0.01228,0.03760
0.36070,0.03506,0.05798,0.30013,0.04122,0.03747,0.09411,0.07334
0.30220,0.08332,0.08514,0.11825,0.04156,0.07230,0.23857,0.05866
0.25037,0.09361,0.09622,0.05088,0.08285,0.07802,0.28483,0.06322
0.35003,0.03651,0.06061,0.03009,0.05140,0.04574,0.35793,0.06769
0.07011,0.22836,0.13068,0.04440,0.23515,0.21911,0.03789,0.03429
0.03353,0.40423,0.02414,0.05114,0.04216,0.41002,0.00985,0.02493
0.19595,0.09142,0.18530,0.03321,0.04195,0.26978,0.15514,0.02724
0.04582,0.02511,0.04789,0.05608,0.73680,0.04411,0.02066,0.02352
0.01995,0.38617,0.07734,0.01854,0.02940,0.41603,0.01099,0.04158
0.12032,0.11106,0.05829,0.12370,0.33887,0.12702,0.01803,0.10271
0.02266,0.22207,0.26359,0.20889,0.03401,0.01708,0.16257,0.06912
0.03550,0.07431,0.05031,0.11421,0.43151,0.03353,0.09150,0.16914
0.15363,0.26285,0.03963,0.02561,0.04167,0.27804,0.14914,0.04943
0.05184,0.22047,0.06142,0.03394,0.29132,0.21547,0.04407,0.08148
0.20742,0.03440,0.24761,0.09966,0.02532,0.06414,0.10104,0.22041
0.04391,0.01875,0.04769,0.26855,0.38153,0.03199,0.17454,0.03304
0.33017,0.02491,0.11098,0.19035,0.04935,0.04375,0.18251,0.06798
0.14364,0.03611,0.14829,0.13306,0.07506,0.03070,0.21784,0.21530
0.02022,0.06755,0.09149,0.33779,0.10065,0.03689,0.28971,0.05571
0.06017,0.28852,0.11890,0.04424,0.02883,0.32506,0.07771,0.05656
0.27950,0.08048,0.06304,0.27978,0.09401,0.10313,0.03740,0.06265
0.28323,0.01088,0.14142,0.32109,0.01357,0.00924,0.02887,0.19169
0.21015,0.06816,0.18111,0.04216,0.14392,0.02365,0.24708,0.08376
0.07264,0.09784,0.12021,0.05033,0.15170,0.03187,0.05127,0.42415
0.11734,0.09797,0.07611,0.09950,0.34139,0.09276,0.14008,0.03486
0.14157,0.16241,0.03062,0.08122,0.26761,0.13374,0.13710,0.04573
0.23300,0.03479,0.16765,0.05837,0.04401,0.03810,0.24331,0.18077
0.17271,0.08296,0.13633,0.16666,0.16444,0.09124,0.13852,0.04714
0.14637,0.09054,0.21800,0.03683,0.07412,0.29727,0.11433,0.02252
0.08520,0.19765,0.11880,0.10684,0.13007,0.17798,0.14322,0.04024
0.04957,0.10560,0.16842,0.11028,0.12964,0.12636,0.03292,0.27721
0.06171,0.29777,0.13714,0.01453,0.01565,0.35021,0.05930,0.06370
0.03482,0.06495,0.03988,0.06712,0.56110,0.03141,0.06694,0.13378
0.35278,0.04419,0.04334,0.12642,0.05043,0.03573,0.26064,0.08646
0.41515,0.06880,0.01082,0.40825,0.01165,0.06714,0.00409,0.01410
0.03832,0.32922,0.21731,0.02745,0.06773,0.13950,0.04072,0.13974
0.04031,0.04014,0.06709,0.03742,0.73518,0.03048,0.01379,0.03560
0.18823,0.21240,0.17985,0.03074,0.05695,0.08261,0.18055,0.06866
0.18007,0.03909,0.12314,0.15024,0.05332,0.06982,0.25927,0.12506
0.05957,0.04683,0.16315,0.12788,0.13211,0.10861,0.12182,0.24003
0.18734,0.22706,0.12034,0.03037,0.15537,0.05738,0.17030,0.05183
0.30486,0.11205,0.10367,0.08026,0.03383,0.04172,0.24794,0.07566
0.08905,0.34125,0.27931,0.02741,0.04539,0.09507,0.08489,0.03764
0.28657,0.02247,0.03671,0.12699,0.16786,0.01788,0.32472,0.01680
0.12018,0.03899,0.06394,0.07225,0.48486,0.02516,0.15306,0.04155
0.08784,0.06374,0.28476,0.05205,0.11922,0.29206,0.06320,0.03713
0.34931,0.07759,0.04002,0.02770,0.03422,0.07516,0.36676,0.02925
0.36456,0.07550,0.05036,0.02030,0.03684,0.06084,0.37483,0.01677
0.05426,0.21384,0.17976,0.02222,0.04023,0.43389,0.03037,0.02543
0.11689,0.14963,0.05923,0.10061,0.20271,0.21603,0.11714,0.03777
0.28431,0.14805,0.02847,0.26796,0.07787,0.15295,0.02038,0.02002
0.06951,0.35716,0.04498,0.02586,0.02700,0.36896,0.06435,0.04219
0.03158,0.20218,0.05545,0.21066,0.03608,0.21727,0.20171,0.04508
0.23334,0.08721,0.08641,0.06559,0.17059,0.03326,0.27503,0.04857
0.18322,0.03112,0.03741,0.02347,0.47320,0.03983,0.19381,0.01795
0.16206,0.05435,0.12057,0.04787,0.17486,0.06867,0.14640,0.22522
0.02759,0.25544,0.17300,0.03150,0.01544,0.21357,0.04948,0.23398
0.03146,0.15297,0.06252,0.05124,0.42310,0.07937,0.04348,0.15586
0.04956,0.12239,0.24043,0.03832,0.17203,0.04948,0.06396,0.26382
0.19098,0.10855,0.14026,0.16478,0.15297,0.15229,0.04825,0.04192
0.27002,0.12195,0.05798,0.02340,0.05326,0.13990,0.28001,0.05349
0.09357,0.01471,0.03879,0.11486,0.66645,0.02264,0.02884,0.02014
0.03549,0.27468,0.29219,0.02100,0.24975,0.05372,0.01821,0.05496
0.03200,0.16511,0.14942,0.14457,0.04213,0.24139,0.14075,0.08462
0.06777,0.07026,0.05859,0.16946,0.34745,0.08260,0.17945,0.02442
0.03391,0.34492,0.09754,0.03399,0.02298,0.38655,0.02677,0.05333
0.30603,0.12365,0.03029,0.01953,0.05609,0.14594,0.29886,0.01960
0.40034,0.05181,0.04295,0.02087,0.02946,0.03482,0.39977,0.01999
0.24567,0.02403,0.05117,0.02811,0.36517,0.03594,0.22388,0.02604
0.02612,0.09190,0.24875,0.06192,0.08940,0.24012,0.01648,0.22531
0.14300,0.09639,0.06899,0.03044,0.30680,0.14824,0.12809,0.07805
0.38406,0.02173,0.03468,0.04056,0.06454,0.02224,0.39239,0.03981
0.25941,0.01488,0.13803,0.11679,0.16351,0.05774,0.22747,0.02216
0.19481,0.02204,0.15339,0.09856,0.06468,0.05051,0.19662,0.21938
0.24895,0.22073,0.07577,0.01794,0.02722,0.14664,0.23012,0.03264
0.12391,0.06566,0.13975,0.18853,0.06206,0.09556,0.19896,0.12556
0.02464,0.03236,0.04085,0.08053,0.66495,0.03058,0.08671,0.03939
0.08892,0.25199,0.10577,0.02828,0.04052,0.20640,0.08296,0.19517
0.03673,0.07977,0.06298,0.08902,0.58106,0.03988,0.09769,0.01288
0.26487,0.18454,0.09118,0.21158,0.02193,0.13146,0.04979,0.04463
0.41725,0.01168,0.05099,0.02200,0.09506,0.02747,0.36302,0.01253
0.15420,0.02200,0.14579,0.13564,0.18679,0.07984,0.20956,0.06617
0.07647,0.07960,0.10484,0.18854,0.05431,0.03910,0.17813,0.27901
0.21322,0.02349,0.02622,0.42406,0.03746,0.03024,0.21971,0.02559
0.04698,0.17982,0.04461,0.21752,0.05937,0.21602,0.20495,0.03074
0.09527,0.06792,0.05391,0.11335,0.43558,0.04864,0.12617,0.05916
0.24823,0.15796,0.06163,0.19123,0.05499,0.17105,0.06391,0.05101
0.05348,0.13305,0.34008,0.02260,0.05576,0.30286,0.04577,0.04641
0.04270,0.38067,0.26289,0.02053,0.08467,0.09856,0.04259,0.06739
0.12703,0.14032,0.10524,0.10900,0.17401,0.18749,0.09169,0.06521
0.33384,0.01632,0.07636,0.01985,0.11274,0.02432,0.37281,0.04377
0.03057,0.04494,0.03547,0.03606,0.74064,0.04968,0.03439,0.02826
0.09349,0.07971,0.11704,0.26636,0.10534,0.06604,0.24841,0.02360
0.04465,0.07797,0.38853,0.01148,0.01567,0.02809,0.03174,0.40187
0.05705,0.34679,0.36787,0.04711,0.05905,0.05397,0.01582,0.05235
0.43420,0.01599,0.02717,0.43429,0.02526,0.01511,0.02091,0.02707
0.13393,0.05205,0.02755,0.13071,0.18322,0.02664,0.11983,0.32606
0.11591,0.02407,0.13004,0.11378,0.42280,0.08033,0.04900,0.06407
0.18097,0.11497,0.08034,0.07112,0.24319,0.08234,0.18835,0.03872
0.15197,0.02293,0.04507,0.24497,0.13161,0.04676,0.32831,0.02838
0.02868,0.03828,0.03659,0.03577,0.75593,0.04525,0.01328,0.04623
0.07711,0.02292,0.03369,0.06445,0.67775,0.03802,0.03817,0.04790
0.30758,0.10318,0.05560,0.02455,0.06805,0.07805,0.32318,0.03980
0.09388,0.18198,0.16600,0.06740,0.05814,0.30221,0.11440,0.01599
0.05437,0.32057,0.38052,0.07976,0.02153,0.03082,0.02326,0.08917
0.04098,0.12328,0.06378,0.02476,0.35758,0.02122,0.01253,0.35587
0.15029,0.09737,0.25072,0.02355,0.04151,0.03953,0.13478,0.26226
0.03059,0.22230,0.08386,0.05646,0.11218,0.12248,0.04242,0.32971
0.20267,0.07298,0.04127,0.18731,0.02758,0.06933,0.33494,0.06392
0.30385,0.01602,0.11235,0.04449,0.12444,0.08071,0.25735,0.06079
0.28807,0.02724,0.06089,0.02857,0.23150,0.04772,0.27701,0.03901
0.03622,0.33089,0.29581,0.04746,0.05491,0.07864,0.04696,0.10910
0.29734,0.10992,0.07979,0.01690,0.01866,0.11745,0.31363,0.04630
0.43446,0.00931,0.04415,0.40224,0.03385,0.01396,0.02272,0.03930
0.03540,0.32936,0.36095,0.03642,0.07177,0.03467,0.02016,0.11127
0.04574,0.16538,0.06529,0.06509,0.34864,0.16935,0.06336,0.07714
0.18297,0.03057,0.03667,0.12593,0.39702,0.03521,0.16423,0.02740
0.16204,0.03590,0.26075,0.05154,0.03839,0.03361,0.11198,0.30580
0.04454,0.40759,0.23576,0.02237,0.03063,0.19636,0.02431,0.03845
0.10338,0.29233,0.24347,0.03128,0.06932,0.10527,0.10451,0.05044
0.07406,0.02569,0.36404,0.03381,0.03830,0.01570,0.06347,0.38494
0.03255,0.01597,0.25179,0.26023,0.06848,0.04795,0.28551,0.03752
0.30952,0.07925,0.12440,0.28573,0.03903,0.08399,0.02029,0.05778
0.04816,0.14504,0.11094,0.17980,0.27786,0.04774,0.17333,0.01712
0.18962,0.13141,0.06306,0.11986,0.19328,0.16598,0.11582,0.02097
0.04419,0.15011,0.25094,0.05166,0.02351,0.14777,0.04963,0.28219
0.28736,0.09579,0.08012,0.02620,0.04521,0.09549,0.26492,0.10491
0.02916,0.07051,0.41873,0.05198,0.01343,0.02574,0.04927,0.34117
0.04500,0.29491,0.37159,0.02785,0.04148,0.09268,0.05349,0.07300
0.12308,0.13132,0.10165,0.09431,0.09675,0.11511,0.12428,0.21349
0.42340,0.01552,0.02750,0.01523,0.03910,0.02397,0.42958,0.02571
0.02728,0.04421,0.36508,0.01690,0.02948,0.49348,0.01513,0.00845
0.25261,0.12399,0.05687,0.05215,0.06129,0.12620,0.26862,0.05827
0.15975,0.12244,0.18720,0.05589,0.06373,0.17363,0.17403,0.06333
0.05226,0.14450,0.12070,0.14745,0.20158,0.14405,0.11296,0.07650
0.14809,0.09322,0.21628,0.13085,0.08393,0.20028,0.03626,0.09109
0.05062,0.05254,0.02960,0.03920,0.70537,0.04096,0.02763,0.05408
0.03536,0.16111,0.17109,0.04404,0.21397,0.32548,0.02961,0.01934
0.06136,0.10524,0.03237,0.02702,0.20726,0.01658,0.00760,0.54258
0.25984,0.01534,0.04401,0.16591,0.29469,0.02437,0.17364,0.02219
0.15495,0.05807,0.11131,0.09944,0.13014,0.04533,0.02925,0.37150
0.20187,0.03824,0.01860,0.24192,0.43256,0.02508,0.01700,0.02472
0.11295,0.24932,0.27717,0.04795,0.06243,0.08525,0.12621,0.03872
0.31667,0.09243,0.03717,0.29261,0.07399,0.13259,0.03947,0.01507
0.34558,0.02980,0.06428,0.06482,0.03871,0.07023,0.35628,0.03029
0.34988,0.09045,0.04928,0.05841,0.05707,0.03320,0.31361,0.04810
0.08338,0.07291,0.07187,0.01619,0.54964,0.03742,0.04936,0.11921
0.06078,0.26067,0.05412,0.08867,0.08014,0.28100,0.11415,0.06044
0.16078,0.24649,0.03860,0.02202,0.04288,0.27045,0.16746,0.05132
0.03313,0.26362,0.06500,0.06883,0.11261,0.32477,0.08308,0.04895
0.31174,0.06976,0.08084,0.06367,0.03117,0.04691,0.26874,0.12717
0.21930,0.15143,0.16355,0.03446,0.11885,0.04650,0.22031,0.04561
0.08901,0.23560,0.23047,0.06890,0.08344,0.06420,0.03684,0.19155
0.06533,0.19531,0.20531,0.20037,0.04123,0.07629,0.18329,0.03289
0.10112,0.26385,0.05051,0.14601,0.09048,0.27991,0.02023,0.04790
0.10842,0.05305,0.06375,0.33913,0.03724,0.04295,0.30222,0.05324
0.07732,0.03983,0.37849,0.01042,0.01310,0.02598,0.05541,0.39946
0.03649,0.38145,0.38530,0.03093,0.01364,0.05864,0.02786,0.06568
0.22074,0.09931,0.04774,0.04110,0.16845,0.13985,0.23060,0.05222
0.25263,0.01184,0.02101,0.02162,0.41637,0.02383,0.24561,0.00709
0.21721,0.09674,0.02256,0.08965,0.09043,0.01358,0.09395,0.37589
0.41637,0.02092,0.03216,0.01784,0.05465,0.02422,0.41275,0.02109
0.04446,0.36043,0.01832,0.01293,0.10705,0.31851,0.03077,0.10752
0.04598,0.26909,0.25508,0.01809,0.23386,0.10963,0.02850,0.03976
0.24313,0.06050,0.08090,0.22315,0.05863,0.02070,0.20605,0.10694
0.28242,0.01831,0.02891,0.20196,0.07180,0.03141,0.32395,0.04124
0.04271,0.31217,0.26268,0.04416,0.08479,0.08714,0.06204,0.10431
0.09454,0.00586,0.03269,0.09141,0.71488,0.02674,0.02211,0.01177
0.03394,0.18262,0.07117,0.08993,0.34561,0.16017,0.08189,0.03467
0.17340,0.15013,0.05858,0.11623,0.12089,0.15403,0.19592,0.03083
0.07722,0.15743,0.12056,0.07884,0.17498,0.14623,0.03860,0.20613
0.11378,0.07423,0.29776,0.01069,0.04269,0.06605,0.08879,0.30600
0.09000,0.34118,0.04025,0.02800,0.05237,0.31367,0.08356,0.05097
0.11101,0.05824,0.16901,0.08511,0.17446,0.07762,0.14489,0.17966
0.38100,0.08141,0.03422,0.01714,0.02624,0.06202,0.37760,0.02037
0.01935,0.26160,0.02206,0.02789,0.38479,0.24857,0.01058,0.02516
0.02510,0.02134,0.03964,0.04189,0.77019,0.06049,0.01541,0.02593
0.43897,0.01219,0.02573,0.02636,0.02099,0.01899,0.43952,0.01726
0.10854,0.04405,0.04419,0.19636,0.15910,0.03153,0.19872,0.21750
0.16433,0.02365,0.08405,0.07355,0.35192,0.13904,0.08342,0.08004
0.19634,0.19810,0.06357,0.18065,0.06678,0.18620,0.05024,0.05814
0.13519,0.25355,0.09235,0.03003,0.03034,0.27282,0.12573,0.06000
0.08017,0.33680,0.29900,0.01578,0.06638,0.09649,0.08510,0.02028
0.15484,0.06038,0.15986,0.11226,0.03878,0.08378,0.26347,0.12663
0.19112,0.23854,0.05586,0.14251,0.05682,0.20065,0.03208,0.08243
0.12320,0.03224,0.06347,0.13310,0.30692,0.02340,0.16615,0.15152
0.03338,0.19068,0.03294,0.03457,0.45658,0.20960,0.02381,0.01844
0.26920,0.20100,0.04656,0.01833,0.02120,0.15250,0.24696,0.04426
0.02549,0.28502,0.11245,0.02947,0.10590,0.30178,0.02523,0.11468
0.04760,0.10585,0.25380,0.09563,0.12202,0.11214,0.05004,0.21292
0.09459,0.03462,0.06061,0.13560,0.32630,0.02202,0.19162,0.13464
0.04059,0.06121,0.03938,0.08950,0.58042,0.05592,0.03479,0.09819
0.09483,0.08154,0.02141,0.08548,0.59088,0.08593,0.02193,0.01799
0.25987,0.05966,0.06042,0.04712,0.18616,0.08359,0.21934,0.08384
0.37465,0.05338,0.04047,0.02550,0.04470,0.05088,0.37401,0.03641
0.08022,0.01651,0.20913,0.02323,0.18045,0.13570,0.05279,0.30196
0.23782,0.18916,0.04837,0.14075,0.05038,0.22022,0.09107,0.02223
0.04419,0.22091,0.02569,0.02319,0.41174,0.21112,0.03275,0.03042
0.04446,0.11089,0.06734,0.02432,0.25058,0.01583,0.01428,0.47231
0.05966,0.28445,0.13870,0.05070,0.04069,0.34661,0.02650,0.05269
0.02211,0.02542,0.09292,0.40304,0.02503,0.06544,0.34669,0.01935
0.29272,0.01695,0.03675,0.36052,0.16969,0.01618,0.08387,0.02332
0.12699,0.04577,0.13442,0.20995,0.03361,0.03016,0.29169,0.12743
0.35867,0.04399,0.09028,0.03801,0.03832,0.05368,0.33971,0.03735
0.06735,0.01813,0.05472,0.10493,0.62490,0.03567,0.04368,0.05061
0.35373,0.05464,0.05332,0.06101,0.03859,0.07413,0.31514,0.04943
0.26546,0.01693,0.03365,0.02417,0.33779,0.02518,0.27322,0.02360
0.05198,0.15035,0.04376,0.13451,0.22864,0.15380,0.14625,0.09070
0.02411,0.20085,0.02224,0.03439,0.47908,0.21318,0.01178,0.01438
0.09480,0.05590,0.31391,0.14138,0.09957,0.05877,0.05052,0.18515
0.32343,0.03276,0.06912,0.30602,0.06702,0.04563,0.11449,0.04152
0.06354,0.23432,0.37425,0.01302,0.01619,0.03168,0.04835,0.21866
0.06957,0.02269,0.33374,0.06321,0.10972,0.33539,0.03184,0.03383
0.03705,0.18119,0.24123,0.06175,0.02054,0.14038,0.03517,0.28269
0.01419,0.00523,0.50757,0.02341,0.01371,0.31724,0.00686,0.11179
0.44101,0.01060,0.02202,0.01934,0.03290,0.01541,0.43805,0.02068
0.04732,0.04155,0.03539,0.38338,0.03248,0.03755,0.38016,0.04217
0.34920,0.01493,0.05456,0.02876,0.14988,0.01356,0.31984,0.06927
0.01299,0.01525,0.04071,0.01710,0.84786,0.04924,0.00855,0.00831
0.14030,0.09448,0.10961,0.16019,0.30466,0.10086,0.03905,0.05085
0.32575,0.09708,0.03467,0.01866,0.04134,0.12842,0.31706,0.03702
0.23729,0.02955,0.03613,0.17201,0.31082,0.04717,0.12077,0.04626
0.08975,0.19643,0.23241,0.07376,0.03288,0.17644,0.07940,0.11892
0.19011,0.24796,0.04341,0.02219,0.02948,0.24854,0.17087,0.04745
0.17915,0.01578,0.29402,0.04187,0.03115,0.02295,0.11978,0.29530
0.23970,0.15137,0.10347,0.04745,0.04908,0.12964,0.23639,0.04290
0.06530,0.35158,0.05513,0.04910,0.09250,0.31833,0.00725,0.06081
0.03747,0.13474,0.08893,0.07152,0.33001,0.17245,0.07124,0.09364
0.12887,0.01618,0.10265,0.07960,0.44733,0.08276,0.10834,0.03427
0.34292,0.10195,0.02966,0.01656,0.03844,0.11621,0.33024,0.02402
0.43403,0.01003,0.02515,0.09568,0.03586,0.01561,0.33263,0.05102
0.04549,0.25997,0.25735,0.06135,0.09028,0.14924,0.03886,0.09747
0.24678,0.09096,0.06746,0.05367,0.05552,0.10082,0.24333,0.14145
0.19947,0.23663,0.02846,0.01806,0.04574,0.25939,0.18562,0.02662
0.17545,0.12436,0.13033,0.16061,0.14130,0.18672,0.04332,0.03792
0.02057,0.38213,0.28773,0.01792,0.01785,0.14246,0.01116,0.12018
0.16454,0.06661,0.11520,0.03800,0.24918,0.17174,0.15460,0.04013
0.06641,0.26724,0.28063,0.05652,0.22273,0.03022,0.00685,0.06940
0.11409,0.24429,0.05606,0.03816,0.19145,0.24275,0.08253,0.03067
0.39295,0.04123,0.04503,0.31360,0.02664,0.04720,0.10015,0.03319
0.03390,0.03930,0.07064,0.01435,0.74081,0.05270,0.02774,0.02056
0.15720,0.02540,0.11468,0.14960,0.14108,0.12784,0.13157,0.15263
0.08016,0.06640,0.25375,0.09218,0.06634,0.05012,0.10767,0.28339
0.06186,0.32127,0.04411,0.09319,0.09201,0.32183,0.00669,0.05905
0.07379,0.07780,0.06316,0.10001,0.44914,0.08976,0.11118,0.03517
0.07587,0.10167,0.08042,0.03618,0.26428,0.02722,0.06218,0.35219
0.17797,0.07922,0.12903,0.20686,0.16782,0.14389,0.05193,0.04329
0.08422,0.05340,0.09284,0.11723,0.31873,0.07531,0.16195,0.09632
0.01576,0.35129,0.08191,0.02056,0.07779,0.40014,0.00860,0.04395
0.39275,0.02337,0.03620,0.01835,0.07306,0.03394,0.39400,0.02834
0.03235,0.02380,0.02162,0.43229,0.06825,0.02484,0.37769,0.01916
0.01341,0.03425,0.02969,0.39016,0.10581,0.03335,0.36813,0.02520
0.03576,0.01921,0.47273,0.01388,0.02436,0.31457,0.02654,0.09293
0.23174,0.04125,0.06739,0.08219,0.26558,0.06100,0.20886,0.04200
0.08613,0.35873,0.04143,0.01336,0.02376,0.37608,0.07653,0.02397
0.29206,0.02230,0.03804,0.03675,0.26653,0.03624,0.28255,0.02553
0.09746,0.01823,0.32248,0.14542,0.01839,0.03428,0.05102,0.31273
0.02558,0.35783,0.26582,0.03659,0.05146,0.17762,0.04221,0.04290
0.29249,0.05756,0.08755,0.06473,0.09685,0.01995,0.34051,0.04035
0.32630,0.02345,0.05499,0.08347,0.07927,0.03291,0.34565,0.05398
0.02540,0.05262,0.02573,0.37922,0.05163,0.05098,0.35456,0.05986
0.02912,0.40255,0.05112,0.02179,0.03817,0.41145,0.02085,0.02495
0.03287,0.02354,0.03164,0.40891,0.06585,0.03311,0.38022,0.02385
0.05747,0.07349,0.09774,0.05770,0.47097,0.13701,0.08490,0.02072
0.02975,0.08225,0.03368,0.03109,0.67038,0.09503,0.02361,0.03421
0.08692,0.16273,0.05741,0.02623,0.39006,0.17709,0.06681,0.03275
0.16691,0.19390,0.04988,0.05440,0.10654,0.17563,0.17270,0.08004
