0.01207,0.00689,0.00368,0.00533,0.01473,0.00676,0.07949,0.00279,0.00956,0.01048,0.03434,0.00997,0.01421,0.03421,0.33230,0.00310,0.01110,0.10933,0.00338,0.29629
0.00997,0.01080,0.38290,0.06017,0.05371,0.03489,0.01709,0.00759,0.35526,0.02182,0.00640,0.00476,0.00871,0.00041,0.00596,0.00807,0.00284,0.00422,0.00345,0.00098
0.02739,0.01264,0.01602,0.04129,0.06146,0.56642,0.03385,0.01142,0.10239,0.02353,0.02407,0.01863,0.01573,0.00614,0.01468,0.00646,0.00660,0.00252,0.00580,0.00296
0.00686,0.05489,0.01582,0.36071,0.32200,0.01148,0.04525,0.05411,0.00318,0.03138,0.00722,0.03760,0.01737,0.00424,0.00358,0.00115,0.00432,0.00971,0.00735,0.00179
0.31475,0.08374,0.01768,0.08116,0.04428,0.29561,0.05808,0.00736,0.00652,0.01929,0.01190,0.00767,0.01016,0.01558,0.00750,0.00753,0.00231,0.00447,0.00224,0.00216
0.03373,0.01627,0.00841,0.07374,0.29469,0.30325,0.01846,0.02806,0.01626,0.05419,0.03663,0.03168,0.01726,0.01524,0.00904,0.00446,0.01033,0.01240,0.00290,0.01301
0.12444,0.00452,0.04146,0.00975,0.00609,0.02559,0.02966,0.00373,0.00716,0.01219,0.01174,0.33048,0.35395,0.00172,0.01267,0.00445,0.00134,0.00850,0.00786,0.00271
0.01016,0.02563,0.37907,0.02579,0.03118,0.00946,0.02340,0.00877,0.36662,0.01063,0.02241,0.00560,0.01205,0.01133,0.01183,0.00766,0.01729,0.01352,0.00377,0.00384
0.02998,0.00690,0.00402,0.36532,0.35746,0.01698,0.00184,0.09378,0.02741,0.02265,0.01251,0.00632,0.00693,0.01000,0.01388,0.00314,0.01193,0.00567,0.00071,0.00256
0.00928,0.05092,0.01481,0.00888,0.02178,0.57411,0.01888,0.01680,0.01697,0.07023,0.02080,0.00824,0.00487,0.00745,0.09098,0.01168,0.00801,0.02386,0.01335,0.00811
0.02261,0.21310,0.06439,0.06886,0.07717,0.00525,0.16855,0.02068,0.07293,0.02679,0.06008,0.03223,0.01300,0.02888,0.02682,0.06194,0.01400,0.00334,0.00431,0.01506
0.01142,0.00505,0.36824,0.00450,0.01276,0.03603,0.01001,0.01176,0.38724,0.03953,0.01128,0.01611,0.01073,0.04302,0.01120,0.00361,0.00180,0.00417,0.00912,0.00241
0.03099,0.06319,0.09303,0.30833,0.01867,0.05253,0.05797,0.04430,0.03733,0.24780,0.00520,0.00515,0.00987,0.00069,0.00570,0.00210,0.00681,0.00176,0.00334,0.00524
0.06546,0.01773,0.02614,0.03509,0.02935,0.39462,0.02783,0.04028,0.03345,0.08782,0.00749,0.01326,0.03794,0.02457,0.01404,0.02736,0.00684,0.05694,0.05020,0.00360
0.26693,0.02590,0.01480,0.03093,0.25128,0.19094,0.00905,0.01226,0.00349,0.00775,0.02011,0.08353,0.02018,0.00352,0.01619,0.00972,0.01125,0.01744,0.00329,0.00145
0.06551,0.01423,0.02785,0.01335,0.30875,0.34621,0.01212,0.01232,0.02851,0.00621,0.02675,0.00270,0.00885,0.00823,0.08615,0.00375,0.00410,0.00471,0.00544,0.01429
0.00511,0.36083,0.00686,0.02179,0.10215,0.01703,0.32423,0.03503,0.01011,0.01354,0.03541,0.00762,0.00821,0.02049,0.00597,0.01730,0.00379,0.00179,0.00128,0.00145
0.08531,0.01808,0.08063,0.28049,0.09974,0.01770,0.25368,0.04843,0.01537,0.01894,0.01688,0.00150,0.00570,0.01774,0.02243,0.00447,0.00242,0.00368,0.00307,0.00374
0.06003,0.01592,0.02399,0.00531,0.01884,0.02835,0.05919,0.02788,0.00592,0.01898,0.03281,0.33753,0.29754,0.00639,0.00808,0.03611,0.00245,0.00616,0.00618,0.00236
0.04159,0.00968,0.00963,0.02634,0.33743,0.31172,0.01082,0.00910,0.01540,0.01506,0.01208,0.01319,0.01298,0.01653,0.04372,0.02755,0.01333,0.06926,0.00305,0.00153
0.10209,0.02083,0.00649,0.01238,0.01043,0.01305,0.02286,0.00328,0.01305,0.01525,0.14520,0.24703,0.26336,0.08797,0.00233,0.00111,0.03221,0.00044,0.00027,0.00037
0.01829,0.32236,0.01400,0.06656,0.03436,0.03100,0.32781,0.03646,0.00830,0.03256,0.02156,0.01038,0.00328,0.03896,0.00566,0.00938,0.00453,0.01003,0.00428,0.00025
0.02527,0.42745,0.04747,0.07586,0.02002,0.01243,0.32046,0.00503,0.01165,0.00744,0.00924,0.00191,0.00378,0.00818,0.00053,0.00410,0.00776,0.00794,0.00126,0.00224
0.06653,0.05394,0.33573,0.03386,0.01578,0.00592,0.04085,0.03030,0.31765,0.00925,0.02503,0.00192,0.00167,0.00630,0.01758,0.01914,0.00175,0.00529,0.00945,0.00204
0.06639,0.04955,0.06499,0.10168,0.29189,0.19068,0.04290,0.04719,0.01759,0.01476,0.00884,0.01094,0.01106,0.03160,0.00712,0.01934,0.00696,0.00848,0.00406,0.00398
0.02395,0.00748,0.01798,0.01433,0.00441,0.00550,0.01732,0.01593,0.00463,0.01127,0.02348,0.02911,0.05015,0.01157,0.36264,0.01501,0.05700,0.00361,0.00037,0.32427
0.25424,0.02797,0.08034,0.02694,0.01581,0.26332,0.02280,0.03243,0.04293,0.02730,0.01497,0.02326,0.03450,0.00565,0.02451,0.01317,0.00253,0.06068,0.02516,0.00148
0.04098,0.01629,0.02153,0.02195,0.00276,0.00929,0.01311,0.02075,0.01010,0.00934,0.10106,0.33334,0.32165,0.02503,0.02263,0.01631,0.00528,0.00365,0.00209,0.00285
0.35112,0.01910,0.01626,0.06682,0.02847,0.33937,0.05606,0.06043,0.00904,0.00773,0.00166,0.00130,0.01141,0.01599,0.00262,0.00188,0.00605,0.00235,0.00135,0.00099
0.38153,0.02636,0.04592,0.00630,0.00958,0.00192,0.00363,0.39707,0.00903,0.01108,0.01358,0.01632,0.00173,0.01865,0.00729,0.00754,0.00974,0.00629,0.00453,0.02191
0.00886,0.07598,0.30180,0.05171,0.03220,0.26506,0.02825,0.03300,0.05739,0.00540,0.06674,0.01700,0.00192,0.01743,0.00168,0.01657,0.00601,0.00906,0.00164,0.00231
0.31648,0.00315,0.00262,0.01769,0.01879,0.29397,0.01071,0.00777,0.12326,0.01538,0.11911,0.01078,0.00974,0.01278,0.00526,0.01954,0.01131,0.00151,0.00011,0.00003
0.07505,0.11415,0.05361,0.05260,0.07423,0.35049,0.04183,0.02597,0.01155,0.06911,0.00582,0.03677,0.00100,0.00510,0.01336,0.02463,0.02931,0.00795,0.00108,0.00639
0.33571,0.00461,0.05203,0.03033,0.02489,0.31946,0.04325,0.03608,0.00962,0.04118,0.00377,0.00369,0.00415,0.06773,0.00261,0.00324,0.00310,0.01051,0.00292,0.00113
0.01050,0.27063,0.01136,0.03367,0.01786,0.02438,0.24426,0.02177,0.00742,0.15330,0.07255,0.07320,0.01813,0.01588,0.00949,0.00186,0.00464,0.00655,0.00159,0.00097
0.01574,0.01964,0.01130,0.01508,0.01481,0.01319,0.00517,0.01189,0.00403,0.00789,0.01079,0.01965,0.02219,0.00877,0.40471,0.01117,0.01144,0.01585,0.00300,0.37367
0.09989,0.03999,0.01767,0.20631,0.15148,0.12561,0.01142,0.01692,0.01372,0.14238,0.02371,0.02249,0.04664,0.01854,0.01853,0.01451,0.00388,0.01715,0.00619,0.00298
0.00742,0.09758,0.33037,0.06440,0.00468,0.31525,0.02237,0.03217,0.01922,0.02858,0.00726,0.00635,0.00635,0.01111,0.01007,0.00558,0.00246,0.01223,0.00865,0.00790
0.01471,0.01442,0.00682,0.01025,0.00755,0.01825,0.03178,0.05268,0.01595,0.00387,0.03463,0.38573,0.38639,0.00399,0.00408,0.00626,0.00055,0.00049,0.00114,0.00047
0.37068,0.01209,0.00479,0.00896,0.00862,0.35879,0.01475,0.13801,0.01887,0.01347,0.01320,0.00170,0.01124,0.00736,0.00576,0.00348,0.00326,0.00115,0.00356,0.00027
0.01267,0.04935,0.03760,0.11931,0.00767,0.53987,0.02122,0.03270,0.03636,0.00640,0.02902,0.01791,0.02168,0.01628,0.00837,0.00476,0.01151,0.00794,0.00471,0.01466
0.00882,0.05673,0.38790,0.02783,0.03558,0.35305,0.00925,0.03331,0.01448,0.03664,0.00437,0.00429,0.00114,0.01242,0.00242,0.00439,0.00193,0.00336,0.00107,0.00102
0.00485,0.01781,0.30499,0.01080,0.02848,0.27992,0.03197,0.03543,0.05246,0.01199,0.04582,0.04164,0.00838,0.02305,0.00971,0.01655,0.02878,0.00180,0.02841,0.01715
0.01531,0.00502,0.04007,0.02212,0.08580,0.44026,0.12281,0.03855,0.08483,0.01263,0.00430,0.01605,0.01407,0.01728,0.04445,0.01087,0.01111,0.00816,0.00139,0.00490
0.38135,0.04335,0.02423,0.00637,0.01669,0.00204,0.02765,0.36097,0.00402,0.00457,0.00310,0.03221,0.02106,0.01102,0.01015,0.00294,0.01185,0.02388,0.00821,0.00431
0.13924,0.00687,0.03734,0.02334,0.31178,0.31604,0.02044,0.05814,0.00358,0.00321,0.01927,0.01416,0.02073,0.00632,0.00540,0.00153,0.00375,0.00305,0.00393,0.00188
0.01212,0.14847,0.03550,0.02156,0.14774,0.12324,0.08567,0.02521,0.01768,0.05108,0.03333,0.02596,0.01142,0.00393,0.10737,0.01674,0.01468,0.00584,0.00727,0.10519
0.01844,0.34446,0.00533,0.00786,0.04800,0.00796,0.30633,0.01289,0.15621,0.03265,0.00352,0.01737,0.00663,0.01437,0.00146,0.00424,0.00964,0.00101,0.00051,0.00113
0.00744,0.00801,0.03560,0.01159,0.15667,0.54837,0.01405,0.01507,0.00305,0.01020,0.07452,0.04711,0.01916,0.00809,0.00613,0.01309,0.00763,0.00140,0.00331,0.00950
0.00798,0.05936,0.01346,0.36329,0.35843,0.01013,0.02868,0.00560,0.00499,0.03418,0.02983,0.03177,0.01453,0.00489,0.00246,0.01301,0.00373,0.00627,0.00482,0.00258
0.00932,0.01148,0.01938,0.40083,0.38950,0.03565,0.02380,0.00287,0.01004,0.02059,0.00879,0.00279,0.00085,0.00844,0.02977,0.01450,0.00332,0.00376,0.00270,0.00160
0.34327,0.02814,0.13271,0.02733,0.02482,0.25564,0.02388,0.01200,0.03051,0.01303,0.00556,0.00479,0.00877,0.05073,0.01106,0.00602,0.00243,0.01180,0.00446,0.00305
0.14053,0.01242,0.00920,0.23353,0.25683,0.03310,0.03209,0.04579,0.01125,0.02017,0.02894,0.00950,0.00914,0.01156,0.04417,0.05235,0.01020,0.00761,0.00611,0.02549
0.02230,0.04280,0.02170,0.03499,0.07546,0.61564,0.05603,0.03868,0.00824,0.01030,0.01302,0.00605,0.00760,0.02811,0.00527,0.00305,0.00600,0.00054,0.00186,0.00236
0.05842,0.06992,0.13176,0.19925,0.18174,0.16436,0.02634,0.01244,0.01020,0.01502,0.06207,0.02319,0.01021,0.00487,0.00651,0.00206,0.01254,0.00366,0.00208,0.00336
0.07626,0.38906,0.03751,0.01828,0.01105,0.00819,0.33543,0.00783,0.01577,0.01166,0.01553,0.02699,0.01274,0.01620,0.00524,0.00618,0.00414,0.00075,0.00108,0.00009
0.00375,0.00450,0.00694,0.00204,0.01429,0.00097,0.00701,0.00642,0.00487,0.00165,0.19368,0.25995,0.27802,0.19069,0.00449,0.00583,0.00528,0.00542,0.00284,0.00135
0.00756,0.00646,0.41420,0.00750,0.01498,0.39284,0.00641,0.03255,0.00561,0.01377,0.01536,0.00205,0.00993,0.01019,0.00181,0.00608,0.00624,0.00070,0.04147,0.00429
0.20845,0.01650,0.01950,0.02518,0.29379,0.27796,0.02103,0.01004,0.01249,0.02795,0.03123,0.00720,0.01487,0.00909,0.00462,0.00446,0.00174,0.00138,0.00528,0.00724
0.04452,0.02858,0.36014,0.02143,0.02106,0.01723,0.01453,0.01377,0.32106,0.02149,0.00478,0.00412,0.01032,0.03114,0.04973,0.01645,0.00481,0.00165,0.00761,0.00557
0.34577,0.01201,0.01221,0.02463,0.02353,0.00513,0.01475,0.34641,0.06196,0.01051,0.03489,0.01529,0.00501,0.00851,0.02717,0.01331,0.00535,0.01708,0.00392,0.01255
0.03789,0.11476,0.07974,0.22752,0.23311,0.00835,0.02174,0.03286,0.06153,0.02615,0.03555,0.00203,0.01088,0.00513,0.02324,0.00197,0.02447,0.01307,0.01680,0.02320
0.15073,0.02269,0.06070,0.19596,0.07306,0.04141,0.17644,0.16195,0.00706,0.00778,0.01573,0.03051,0.01331,0.00697,0.00165,0.02506,0.00216,0.00166,0.00244,0.00272
0.11760,0.01118,0.11934,0.02057,0.02588,0.25053,0.04037,0.15111,0.00939,0.00711,0.02065,0.03738,0.03447,0.03307,0.02963,0.00407,0.01018,0.01556,0.04328,0.01864
0.01116,0.01570,0.33173,0.01645,0.02698,0.03432,0.03088,0.04517,0.32898,0.02622,0.00404,0.04814,0.04132,0.00619,0.00540,0.00939,0.00922,0.00183,0.00263,0.00424
0.32859,0.01890,0.01057,0.03902,0.12549,0.35409,0.01613,0.01389,0.00320,0.01640,0.03499,0.01102,0.00200,0.00895,0.00500,0.00167,0.00094,0.00063,0.00345,0.00505
0.09608,0.03838,0.33781,0.01386,0.05664,0.02806,0.02222,0.02493,0.31910,0.00224,0.00649,0.01117,0.00647,0.00399,0.00490,0.01689,0.00619,0.00102,0.00183,0.00173
0.03441,0.00909,0.02688,0.34879,0.04361,0.04320,0.03894,0.03983,0.01553,0.31145,0.03034,0.00975,0.01411,0.00480,0.00791,0.00938,0.00257,0.00106,0.00631,0.00203
0.07183,0.01867,0.06132,0.01776,0.08003,0.37795,0.01376,0.06980,0.00763,0.02173,0.03614,0.01902,0.01795,0.01542,0.00707,0.09584,0.01069,0.05184,0.00179,0.00377
0.31019,0.02610,0.09250,0.07736,0.01064,0.31143,0.02161,0.02125,0.01714,0.00947,0.01975,0.01271,0.00666,0.03696,0.00525,0.00695,0.00692,0.00505,0.00066,0.00139
0.14219,0.03393,0.02183,0.29714,0.00625,0.01343,0.25679,0.10172,0.01158,0.01417,0.01112,0.00713,0.01817,0.01892,0.02383,0.00471,0.00348,0.00755,0.00279,0.00326
0.03098,0.02579,0.01291,0.01518,0.23453,0.24035,0.02723,0.08485,0.06303,0.06384,0.05492,0.02623,0.01250,0.03879,0.02185,0.00596,0.00622,0.00589,0.02419,0.00474
0.00763,0.29191,0.01556,0.03397,0.03296,0.00797,0.23846,0.07626,0.02920,0.02076,0.04715,0.07020,0.07572,0.01147,0.02121,0.00192,0.01134,0.00305,0.00165,0.00161
0.09096,0.00438,0.02993,0.02652,0.02447,0.47890,0.01799,0.07060,0.02936,0.06703,0.00098,0.02565,0.01766,0.01395,0.03823,0.02927,0.00552,0.00662,0.01756,0.00442
0.00672,0.01456,0.08877,0.03171,0.14407,0.57193,0.01738,0.00959,0.01145,0.00890,0.03354,0.01254,0.00680,0.00852,0.00894,0.00757,0.00097,0.00276,0.00126,0.01202
0.02821,0.04632,0.05634,0.04919,0.08998,0.01040,0.00834,0.03665,0.01244,0.01472,0.01928,0.00967,0.00593,0.06941,0.23443,0.02957,0.04308,0.01858,0.00846,0.20901
0.00709,0.12698,0.00523,0.04511,0.07761,0.64318,0.00245,0.01000,0.00895,0.00778,0.00913,0.01046,0.02328,0.00410,0.00490,0.00336,0.00308,0.00095,0.00436,0.00200
0.03651,0.05446,0.02999,0.03866,0.07974,0.28618,0.01380,0.03413,0.01748,0.04263,0.09975,0.07981,0.08166,0.02252,0.01025,0.02383,0.00359,0.01744,0.00695,0.02061
0.26176,0.01514,0.10859,0.00766,0.02169,0.26008,0.02986,0.08582,0.02572,0.03089,0.05028,0.01519,0.00909,0.00810,0.01264,0.02879,0.00915,0.00492,0.00681,0.00783
0.01147,0.00569,0.01791,0.35065,0.01232,0.00970,0.36838,0.00334,0.09083,0.02307,0.00543,0.00938,0.00262,0.06976,0.00872,0.00300,0.00000,0.00115,0.00277,0.00381
0.02524,0.33551,0.00778,0.01051,0.05278,0.00527,0.31051,0.03105,0.04002,0.01219,0.03962,0.02777,0.02229,0.05124,0.00477,0.00445,0.00659,0.00826,0.00225,0.00191
0.01192,0.03918,0.34349,0.03193,0.00815,0.33524,0.01540,0.02290,0.01593,0.01872,0.04391,0.02871,0.01964,0.04284,0.00287,0.00615,0.00396,0.00523,0.00190,0.00193
0.06322,0.00325,0.05484,0.00664,0.04635,0.52534,0.06580,0.12839,0.02224,0.02590,0.00550,0.01050,0.00512,0.00822,0.00575,0.00267,0.00921,0.00365,0.00232,0.00510
0.17784,0.00998,0.05449,0.09791,0.09599,0.03244,0.13574,0.16452,0.01151,0.01438,0.04111,0.02791,0.04373,0.00511,0.02772,0.01748,0.02856,0.00484,0.00797,0.00078
0.26946,0.05148,0.03598,0.02869,0.02182,0.29516,0.02245,0.06989,0.03532,0.00907,0.03487,0.02794,0.03388,0.01483,0.00283,0.01800,0.01526,0.00507,0.00420,0.00379
0.22728,0.05562,0.12131,0.05653,0.04524,0.03033,0.08911,0.22703,0.01560,0.00138,0.00812,0.00816,0.01183,0.05788,0.03174,0.00119,0.00981,0.00095,0.00029,0.00060
0.02099,0.36214,0.01916,0.04623,0.03776,0.00499,0.35479,0.00880,0.00994,0.05546,0.00548,0.02489,0.00853,0.00627,0.00186,0.00686,0.01941,0.00421,0.00128,0.00096
0.01863,0.00977,0.35052,0.00871,0.02924,0.37138,0.03219,0.01082,0.01677,0.01365,0.02396,0.02385,0.01481,0.03065,0.01760,0.00697,0.00299,0.00749,0.00610,0.00391
0.04426,0.01869,0.31829,0.00546,0.01138,0.01505,0.00841,0.08655,0.34256,0.00294,0.02389,0.00558,0.01779,0.02736,0.02012,0.00590,0.00238,0.02615,0.00966,0.00759
0.01215,0.05126,0.00756,0.01134,0.33308,0.34612,0.06216,0.04700,0.00844,0.01754,0.00471,0.01000,0.00468,0.04253,0.00158,0.00668,0.00299,0.01904,0.00166,0.00949
0.02947,0.01575,0.00915,0.34092,0.39447,0.04813,0.01685,0.02949,0.00487,0.00892,0.02628,0.00395,0.00869,0.00190,0.02165,0.01619,0.01859,0.00287,0.00060,0.00127
0.38351,0.03849,0.02013,0.02401,0.01162,0.01073,0.01821,0.00944,0.00432,0.35844,0.01101,0.00908,0.00358,0.00431,0.00770,0.01025,0.02551,0.01550,0.02830,0.00586
0.03675,0.32345,0.01375,0.00968,0.03989,0.02628,0.29678,0.01356,0.01117,0.03695,0.03663,0.01759,0.01629,0.06260,0.01855,0.00745,0.01171,0.00430,0.01302,0.00362
0.02660,0.00180,0.28809,0.01674,0.00356,0.01333,0.05544,0.04281,0.26903,0.00945,0.09083,0.04193,0.04239,0.00357,0.00393,0.06362,0.00005,0.01518,0.00205,0.00961
0.01770,0.01215,0.02521,0.41866,0.03031,0.01134,0.38284,0.01181,0.00324,0.01088,0.01367,0.00906,0.00838,0.01300,0.01124,0.00913,0.00300,0.00260,0.00098,0.00481
0.01330,0.08037,0.01424,0.02817,0.28673,0.28791,0.02915,0.02909,0.00722,0.00938,0.03890,0.01268,0.02674,0.03034,0.02760,0.04323,0.01759,0.01381,0.00136,0.00220
0.23702,0.04577,0.13851,0.02543,0.05794,0.29389,0.02951,0.01606,0.02375,0.00612,0.05260,0.01152,0.00597,0.01545,0.00731,0.01693,0.00106,0.00852,0.00434,0.00230
0.02824,0.03402,0.03131,0.01662,0.28595,0.28939,0.09824,0.09047,0.01484,0.01135,0.00887,0.00451,0.00685,0.03114,0.00794,0.01216,0.00189,0.01317,0.00475,0.00830
0.36452,0.01264,0.00880,0.05714,0.02036,0.33944,0.00915,0.00861,0.02507,0.01121,0.02302,0.03625,0.01480,0.02142,0.00715,0.00651,0.00486,0.01156,0.00772,0.00976
0.06943,0.01121,0.01168,0.04447,0.35699,0.34862,0.01276,0.01151,0.01288,0.02548,0.01044,0.01036,0.01555,0.00536,0.00244,0.02112,0.00536,0.00223,0.00286,0.01928
0.31674,0.03718,0.04873,0.05896,0.01359,0.32879,0.01521,0.09098,0.01936,0.00933,0.01248,0.00597,0.00898,0.00181,0.00733,0.00726,0.00507,0.00703,0.00283,0.00237
0.06553,0.02402,0.01765,0.04446,0.32377,0.33572,0.05577,0.03736,0.00742,0.02330,0.00696,0.00882,0.01331,0.00982,0.00991,0.00656,0.00244,0.00192,0.00340,0.00185
0.02582,0.03215,0.01957,0.03659,0.00879,0.57861,0.05005,0.00981,0.03504,0.01559,0.06298,0.01523,0.01640,0.01471,0.02493,0.00736,0.00292,0.00205,0.00863,0.03278
0.01513,0.03367,0.35312,0.03420,0.00688,0.01380,0.06991,0.02156,0.34228,0.02621,0.01114,0.00859,0.00869,0.00827,0.00436,0.00654,0.02460,0.00329,0.00607,0.00171
0.00548,0.02907,0.04151,0.01892,0.08056,0.50889,0.02441,0.02913,0.02599,0.10059,0.02865,0.00546,0.00726,0.01269,0.03104,0.00325,0.00487,0.00876,0.02274,0.01073
0.00777,0.01204,0.44217,0.02194,0.01530,0.35009,0.00640,0.00879,0.01196,0.00209,0.00714,0.01207,0.00748,0.00808,0.00736,0.05065,0.01175,0.00757,0.00416,0.00519
0.04132,0.05950,0.00114,0.06845,0.34280,0.26915,0.04415,0.01089,0.01538,0.05854,0.01674,0.00452,0.01851,0.00350,0.00246,0.00446,0.01484,0.01101,0.00362,0.00900
0.00156,0.01154,0.05148,0.03757,0.01688,0.02684,0.03358,0.01462,0.01497,0.01599,0.00703,0.36612,0.37270,0.00843,0.00258,0.00435,0.00435,0.00841,0.00053,0.00046
0.03337,0.03515,0.05931,0.27549,0.26750,0.04262,0.03933,0.02450,0.09460,0.01951,0.01398,0.01522,0.00392,0.02770,0.00473,0.01199,0.00240,0.00599,0.00733,0.01536
0.01601,0.09427,0.35646,0.05063,0.00612,0.33751,0.00948,0.01317,0.00927,0.01629,0.00739,0.02083,0.01624,0.01998,0.00678,0.00511,0.00602,0.00391,0.00252,0.00202
0.23512,0.00426,0.01691,0.00651,0.04493,0.09864,0.01886,0.21552,0.02897,0.01481,0.08906,0.10250,0.01383,0.06150,0.01463,0.00584,0.00369,0.01334,0.01010,0.00098
0.03309,0.07055,0.35252,0.05145,0.01178,0.33797,0.00597,0.01897,0.00858,0.00821,0.02292,0.00832,0.01110,0.02046,0.00389,0.01542,0.00586,0.00813,0.00237,0.00243
0.01774,0.04050,0.05400,0.01623,0.02571,0.01635,0.01413,0.02379,0.01197,0.01085,0.07534,0.31879,0.34373,0.01837,0.00209,0.00200,0.00104,0.00310,0.00394,0.00032
0.01493,0.21172,0.02540,0.09030,0.06036,0.02991,0.20362,0.14160,0.01324,0.00130,0.06307,0.03350,0.01132,0.05099,0.00107,0.02154,0.01192,0.00404,0.00511,0.00506
0.00196,0.36505,0.02376,0.01501,0.03051,0.01063,0.31122,0.01687,0.04214,0.01467,0.11564,0.00646,0.00995,0.00383,0.00254,0.00820,0.00485,0.00503,0.00565,0.00603
0.01362,0.01957,0.01350,0.00369,0.03305,0.01507,0.01850,0.05532,0.01400,0.02434,0.00484,0.00803,0.03207,0.00825,0.37440,0.02363,0.00339,0.00545,0.00430,0.32498
0.02803,0.10392,0.05475,0.02095,0.33021,0.28557,0.01607,0.04372,0.01545,0.00787,0.02923,0.00610,0.00777,0.00714,0.00361,0.00521,0.00591,0.00169,0.01428,0.01251
0.02237,0.00551,0.00869,0.42154,0.41858,0.00237,0.03592,0.02448,0.01907,0.00229,0.00589,0.00396,0.00458,0.00449,0.00697,0.00156,0.00352,0.00411,0.00106,0.00303
0.33043,0.05273,0.09232,0.04073,0.00109,0.00132,0.05576,0.31720,0.06223,0.00269,0.00986,0.00960,0.00232,0.00214,0.00287,0.00202,0.01259,0.00049,0.00118,0.00043
0.02583,0.01228,0.00698,0.33654,0.09580,0.13284,0.03106,0.01210,0.00729,0.26245,0.02660,0.01341,0.00670,0.01042,0.00102,0.00966,0.00519,0.00202,0.00173,0.00008
0.03182,0.01654,0.01371,0.02179,0.35360,0.34557,0.01993,0.00993,0.01067,0.00854,0.01527,0.07053,0.01944,0.01581,0.01109,0.00434,0.01432,0.00605,0.00050,0.01055
0.00697,0.01336,0.04466,0.02565,0.02455,0.02694,0.01548,0.01508,0.02498,0.00892,0.01623,0.00568,0.00369,0.02029,0.34218,0.01871,0.06505,0.01003,0.00324,0.30830
0.00978,0.03872,0.00623,0.06371,0.01382,0.60903,0.00840,0.01448,0.02452,0.02278,0.02264,0.00489,0.00299,0.01244,0.07834,0.00279,0.00253,0.00276,0.00287,0.05629
0.40283,0.07173,0.00581,0.00652,0.00944,0.01255,0.01075,0.02397,0.00106,0.41264,0.01741,0.00542,0.00353,0.00372,0.00357,0.00113,0.00206,0.00156,0.00234,0.00196
0.01356,0.03364,0.02272,0.36333,0.02148,0.00793,0.03165,0.01473,0.01388,0.30866,0.06744,0.01702,0.01017,0.01817,0.02054,0.02103,0.00274,0.00219,0.00715,0.00198
0.01749,0.16047,0.19585,0.03057,0.02765,0.18533,0.14293,0.00629,0.01321,0.01629,0.01887,0.05273,0.03711,0.05015,0.01508,0.00177,0.00929,0.00200,0.00869,0.00823
0.08248,0.02605,0.00866,0.28707,0.29461,0.06175,0.03021,0.02773,0.00817,0.03045,0.00806,0.05106,0.04410,0.00834,0.01360,0.00591,0.00419,0.00218,0.00432,0.00105
0.15296,0.19302,0.06917,0.01789,0.02050,0.12801,0.17040,0.00415,0.03011,0.03313,0.05099,0.02247,0.01581,0.04949,0.00135,0.01357,0.01747,0.00552,0.00075,0.00323
0.42575,0.00513,0.01242,0.00710,0.05310,0.01485,0.00908,0.00924,0.01200,0.39893,0.01879,0.00502,0.00278,0.01121,0.00487,0.00058,0.00346,0.00142,0.00228,0.00199
0.03004,0.02952,0.01253,0.02957,0.03355,0.02064,0.04073,0.01578,0.01493,0.01664,0.01963,0.32342,0.31594,0.02464,0.01168,0.03352,0.01188,0.00965,0.00068,0.00502
0.01080,0.01154,0.00658,0.02966,0.00569,0.00998,0.01172,0.00737,0.09221,0.06805,0.03047,0.02250,0.01783,0.00767,0.32957,0.00115,0.01297,0.00825,0.02393,0.29207
0.37251,0.01244,0.01249,0.00921,0.02598,0.03028,0.01300,0.00675,0.00729,0.35554,0.01772,0.02196,0.02926,0.02281,0.02266,0.01811,0.01175,0.00426,0.00247,0.00351
0.37963,0.02462,0.01294,0.04295,0.04671,0.36491,0.01457,0.01863,0.01210,0.00501,0.03272,0.01126,0.01164,0.00706,0.00805,0.00131,0.00106,0.00148,0.00191,0.00144
0.01991,0.01711,0.33557,0.01625,0.03664,0.36994,0.03212,0.01098,0.00655,0.01279,0.03448,0.03610,0.02065,0.00946,0.01619,0.00426,0.00227,0.01065,0.00390,0.00417
0.01260,0.02639,0.13867,0.03603,0.17944,0.15005,0.01680,0.06908,0.10977,0.01476,0.02603,0.03830,0.02578,0.02014,0.00419,0.10241,0.02359,0.00224,0.00191,0.00183
0.01810,0.05729,0.00556,0.33181,0.33372,0.01399,0.05685,0.00758,0.03617,0.01472,0.02180,0.00976,0.00242,0.05614,0.00878,0.00247,0.00505,0.01041,0.00389,0.00350
0.01106,0.02343,0.00831,0.00586,0.00224,0.00436,0.39438,0.00608,0.02908,0.03085,0.01735,0.00595,0.00552,0.01100,0.02624,0.00827,0.00566,0.38989,0.00830,0.00616
0.04662,0.01595,0.12702,0.01883,0.05077,0.15982,0.06635,0.07761,0.06004,0.02218,0.01536,0.06751,0.06612,0.04631,0.01068,0.06894,0.04212,0.01051,0.00702,0.02025
0.01814,0.01738,0.02925,0.06160,0.11073,0.01256,0.00347,0.01189,0.02388,0.01776,0.03307,0.26760,0.24413,0.01278,0.00215,0.08015,0.01217,0.00222,0.01549,0.02360
0.02673,0.01842,0.02104,0.37474,0.01012,0.02453,0.03094,0.03850,0.00821,0.33932,0.01204,0.00795,0.01929,0.00688,0.03133,0.00829,0.00954,0.00341,0.00726,0.00144
0.35843,0.01945,0.01774,0.01513,0.04245,0.33470,0.03837,0.02122,0.04437,0.00573,0.04339,0.00777,0.01462,0.02048,0.00317,0.00055,0.00517,0.00569,0.00065,0.00091
0.05485,0.27504,0.08269,0.02500,0.08838,0.03117,0.24582,0.03169,0.01385,0.02725,0.01281,0.00650,0.00580,0.02242,0.00941,0.00697,0.03554,0.01005,0.00165,0.01307
0.40062,0.01009,0.01536,0.00179,0.03178,0.00190,0.04267,0.41790,0.01262,0.00544,0.00939,0.01670,0.00722,0.00450,0.00346,0.00145,0.00274,0.00102,0.00949,0.00386
0.01889,0.02669,0.36473,0.02451,0.02478,0.33157,0.01758,0.04563,0.02426,0.01369,0.05499,0.00454,0.00819,0.00928,0.00529,0.01363,0.00773,0.00015,0.00289,0.00098
0.10236,0.03277,0.03971,0.01355,0.26121,0.30990,0.11499,0.01120,0.00450,0.01292,0.01474,0.01126,0.01765,0.01696,0.00544,0.00302,0.01325,0.00100,0.00530,0.00827
0.34631,0.01772,0.01805,0.04738,0.00438,0.31238,0.03985,0.00484,0.04288,0.04190,0.01939,0.00564,0.01926,0.02535,0.00603,0.00656,0.02629,0.00724,0.00350,0.00505
0.00277,0.02234,0.01418,0.40049,0.01103,0.03112,0.01102,0.01292,0.02085,0.36709,0.00633,0.00911,0.03410,0.00473,0.01320,0.02250,0.00278,0.00232,0.00544,0.00569
0.02616,0.10285,0.03198,0.39416,0.35486,0.01159,0.00259,0.00795,0.00512,0.00567,0.02021,0.00877,0.00403,0.01103,0.00072,0.00203,0.00308,0.00154,0.00066,0.00500
0.00951,0.04858,0.01197,0.36258,0.00697,0.02610,0.03564,0.00858,0.04391,0.33840,0.00434,0.00629,0.00932,0.04065,0.03021,0.00663,0.00185,0.00607,0.00072,0.00168
0.02816,0.36799,0.03701,0.01798,0.02894,0.00804,0.30952,0.02261,0.02157,0.02055,0.03148,0.00526,0.01650,0.00391,0.00937,0.03286,0.01354,0.00453,0.01991,0.00026
0.02162,0.05174,0.00488,0.25893,0.27786,0.00858,0.04707,0.02667,0.09059,0.03573,0.03250,0.04666,0.03482,0.01335,0.00980,0.01519,0.00928,0.00488,0.00266,0.00720
0.06588,0.11310,0.03003,0.01354,0.19107,0.18588,0.08559,0.01495,0.01716,0.00354,0.03982,0.10333,0.10318,0.00975,0.00995,0.00643,0.00227,0.00166,0.00082,0.00205
0.02534,0.09305,0.27271,0.02092,0.01607,0.23714,0.06151,0.01535,0.01594,0.02679,0.00231,0.04352,0.00284,0.01481,0.00445,0.09111,0.01139,0.03682,0.00415,0.00377
0.42471,0.02468,0.01256,0.03933,0.01023,0.35047,0.01144,0.01068,0.01489,0.00973,0.01878,0.00201,0.00805,0.01058,0.00656,0.00541,0.01041,0.01953,0.00792,0.00202
0.04922,0.02481,0.08670,0.23735,0.24850,0.02573,0.01219,0.03126,0.04014,0.00175,0.08067,0.02132,0.00739,0.03648,0.01802,0.02923,0.03492,0.00656,0.00329,0.00447
0.00453,0.00073,0.00720,0.01045,0.01071,0.01026,0.01623,0.00241,0.00712,0.00817,0.01575,0.43168,0.37151,0.01181,0.00091,0.07038,0.00329,0.00946,0.00652,0.00090
0.27965,0.08880,0.00907,0.01449,0.01229,0.26492,0.00229,0.04200,0.06048,0.02567,0.14654,0.02247,0.00565,0.00496,0.00277,0.00894,0.00151,0.00254,0.00497,0.00001
0.03466,0.01585,0.00639,0.04057,0.32216,0.33360,0.03407,0.02311,0.00640,0.00293,0.01839,0.05565,0.03546,0.03417,0.00735,0.01082,0.00820,0.00285,0.00252,0.00486
0.36487,0.05503,0.01458,0.09170,0.01274,0.30702,0.01582,0.02261,0.00495,0.00768,0.01077,0.00855,0.01777,0.02572,0.01339,0.00874,0.01017,0.00193,0.00303,0.00292
0.02295,0.02610,0.00551,0.38064,0.38679,0.01477,0.01677,0.02890,0.00437,0.03015,0.01441,0.01063,0.00616,0.00386,0.03306,0.00046,0.00195,0.00394,0.00615,0.00243
0.00691,0.03166,0.03069,0.39867,0.01710,0.01696,0.34866,0.02242,0.01521,0.01139,0.02157,0.00762,0.00299,0.01625,0.01563,0.00758,0.00535,0.01428,0.00210,0.00698
0.01869,0.02902,0.33096,0.01852,0.00657,0.01277,0.08500,0.03091,0.33721,0.01378,0.02775,0.01997,0.01906,0.00239,0.01681,0.00583,0.00480,0.00510,0.00322,0.01164
0.01347,0.01307,0.00866,0.00988,0.02751,0.00703,0.01127,0.01655,0.02855,0.01745,0.01519,0.02550,0.00389,0.00993,0.36916,0.00787,0.07009,0.00250,0.00563,0.33680
0.02111,0.01590,0.01999,0.00537,0.03698,0.01040,0.00676,0.03123,0.01741,0.01562,0.00520,0.34938,0.38541,0.04970,0.00672,0.01029,0.00190,0.00309,0.00264,0.00489
0.40444,0.04557,0.02567,0.01372,0.04165,0.01066,0.01389,0.01446,0.01159,0.36014,0.01247,0.01285,0.00987,0.00713,0.00244,0.00827,0.00323,0.00079,0.00064,0.00052
0.34843,0.02381,0.01580,0.03157,0.01083,0.04377,0.01092,0.36117,0.01897,0.01119,0.03415,0.01895,0.00977,0.01265,0.02429,0.00766,0.00805,0.00282,0.00328,0.00191
0.03202,0.38548,0.02714,0.02570,0.03123,0.02616,0.34754,0.04027,0.02544,0.00223,0.02457,0.00343,0.00095,0.00163,0.00555,0.01078,0.00269,0.00199,0.00069,0.00453
0.05294,0.02397,0.08400,0.06845,0.23309,0.22423,0.04707,0.03568,0.06949,0.02972,0.04347,0.01287,0.01390,0.02062,0.01426,0.00304,0.00255,0.00285,0.00012,0.01769
0.02139,0.03023,0.02272,0.02979,0.22576,0.35024,0.19131,0.02098,0.02930,0.00502,0.01973,0.00960,0.00847,0.00692,0.00809,0.00128,0.01295,0.00266,0.00239,0.00116
0.01035,0.29850,0.00718,0.01547,0.09427,0.00816,0.30318,0.01656,0.01739,0.01059,0.10833,0.00741,0.00263,0.02596,0.05014,0.00891,0.00493,0.00462,0.00171,0.00372
0.10719,0.01651,0.06759,0.00482,0.01291,0.01595,0.01801,0.01227,0.07927,0.04617,0.01864,0.03151,0.00815,0.01715,0.25995,0.01533,0.00351,0.00005,0.03366,0.23136
0.02263,0.17647,0.07336,0.01490,0.27281,0.20506,0.00855,0.07400,0.01098,0.00728,0.01640,0.01104,0.00591,0.01025,0.02218,0.02573,0.00461,0.00751,0.00046,0.02984
0.35304,0.07499,0.02451,0.07147,0.01771,0.32878,0.01396,0.03169,0.00262,0.00732,0.01176,0.01267,0.00800,0.00667,0.00485,0.01562,0.00550,0.00372,0.00224,0.00289
0.00960,0.00895,0.05351,0.30011,0.07608,0.08836,0.02994,0.02288,0.01358,0.20562,0.01948,0.01131,0.00637,0.03586,0.02188,0.04922,0.02199,0.01443,0.00427,0.00655
0.14514,0.00352,0.00449,0.00784,0.01094,0.01530,0.02425,0.01669,0.02335,0.01823,0.01122,0.33020,0.37168,0.00385,0.00268,0.00239,0.00352,0.00116,0.00320,0.00035
0.02339,0.02279,0.01448,0.04626,0.29399,0.23724,0.02314,0.01976,0.06817,0.03029,0.00865,0.02049,0.01427,0.04338,0.02562,0.04565,0.00670,0.03518,0.01105,0.00949
0.01195,0.07345,0.02972,0.02073,0.11548,0.00995,0.01514,0.01003,0.06972,0.01602,0.04375,0.01440,0.02128,0.00758,0.28264,0.00834,0.00510,0.01018,0.00941,0.22511
0.00919,0.06610,0.00968,0.36658,0.38872,0.01432,0.01667,0.02521,0.00596,0.01830,0.00944,0.02863,0.01002,0.00582,0.00451,0.00698,0.00520,0.00383,0.00125,0.00361
0.30953,0.02577,0.03057,0.00754,0.03498,0.08161,0.01582,0.31000,0.00291,0.01026,0.00704,0.03873,0.03124,0.01017,0.00582,0.01547,0.00695,0.01874,0.02706,0.00979
0.00891,0.36964,0.03965,0.03947,0.05768,0.02018,0.31101,0.01358,0.01661,0.03831,0.00499,0.02061,0.00605,0.01150,0.00218,0.00638,0.01097,0.00641,0.01436,0.00151
0.30701,0.01919,0.07774,0.09681,0.02880,0.01416,0.00640,0.16226,0.05936,0.11751,0.02529,0.00868,0.02422,0.01215,0.00944,0.01999,0.00045,0.00622,0.00056,0.00374
0.02707,0.04516,0.02068,0.06563,0.01564,0.09558,0.01840,0.01961,0.02559,0.03683,0.03517,0.20909,0.20003,0.04982,0.05368,0.01698,0.00235,0.02554,0.00811,0.02904
0.19807,0.04696,0.16373,0.04623,0.09636,0.26082,0.02304,0.00862,0.00345,0.01352,0.02221,0.02012,0.00188,0.02640,0.01067,0.02425,0.01533,0.00832,0.00459,0.00544
0.32000,0.01366,0.06642,0.01270,0.07335,0.00607,0.04064,0.31588,0.06911,0.01281,0.01703,0.01405,0.00180,0.00704,0.00399,0.01644,0.00066,0.00539,0.00287,0.00010
0.03100,0.34483,0.01229,0.01155,0.08662,0.00946,0.32066,0.00714,0.01338,0.00577,0.01296,0.02473,0.00423,0.02770,0.00951,0.03038,0.04127,0.00162,0.00404,0.00087
0.05573,0.01641,0.01576,0.01390,0.35768,0.34058,0.01936,0.00997,0.01867,0.02092,0.03291,0.02777,0.00570,0.00931,0.01560,0.00496,0.01232,0.00950,0.01100,0.00193
0.06875,0.03561,0.00601,0.13465,0.30533,0.19861,0.02929,0.01172,0.01564,0.03491,0.04670,0.00486,0.01150,0.00448,0.04901,0.00679,0.00416,0.01268,0.01504,0.00426
0.31941,0.00990,0.06289,0.01307,0.11177,0.02217,0.02607,0.01311,0.06262,0.29320,0.00773,0.00467,0.00577,0.01372,0.00205,0.00452,0.01595,0.00627,0.00211,0.00300
0.03113,0.03455,0.02724,0.04070,0.01559,0.01321,0.03037,0.01079,0.01627,0.02437,0.01490,0.29825,0.29883,0.03315,0.02152,0.02105,0.01006,0.04324,0.00480,0.00999
0.03475,0.00288,0.00571,0.41938,0.35915,0.01563,0.00189,0.01115,0.02144,0.02831,0.02584,0.00812,0.00720,0.01097,0.00950,0.00955,0.00724,0.00915,0.00638,0.00578
0.05380,0.02651,0.03677,0.02812,0.09311,0.59292,0.01352,0.00996,0.04383,0.04214,0.01624,0.00663,0.00548,0.00833,0.00408,0.00787,0.00321,0.00173,0.00080,0.00495
0.01801,0.00937,0.41834,0.01403,0.02093,0.01607,0.04417,0.01914,0.35403,0.02169,0.00766,0.00533,0.00558,0.00547,0.00096,0.00941,0.01408,0.00591,0.00307,0.00674
0.00965,0.02692,0.01048,0.38879,0.00861,0.02333,0.00767,0.00392,0.01053,0.38117,0.04915,0.01043,0.03071,0.00472,0.00632,0.01217,0.00629,0.00430,0.00288,0.00194
0.04652,0.08492,0.23488,0.00983,0.14439,0.11924,0.01385,0.02645,0.21646,0.01547,0.03883,0.01076,0.01645,0.00096,0.00550,0.00583,0.00734,0.00209,0.00021,0.00004
0.30480,0.01082,0.05331,0.03831,0.01736,0.03991,0.03729,0.27001,0.00940,0.06717,0.06039,0.00726,0.01034,0.01222,0.02003,0.00560,0.01055,0.01710,0.00239,0.00576
0.27060,0.03605,0.03418,0.02183,0.10787,0.29983,0.02555,0.02275,0.06245,0.01166,0.01195,0.00779,0.01201,0.01158,0.00144,0.03694,0.00166,0.01048,0.00470,0.00867
0.39383,0.04209,0.01737,0.00686,0.00379,0.41456,0.02669,0.01087,0.00987,0.01377,0.00471,0.01205,0.00627,0.01045,0.00503,0.00753,0.00152,0.00461,0.00252,0.00563
0.01439,0.25511,0.00717,0.01476,0.04650,0.01174,0.26237,0.14371,0.00536,0.00192,0.06549,0.02413,0.00806,0.03471,0.02947,0.01051,0.01918,0.00545,0.01241,0.02755
0.01475,0.01058,0.35044,0.02872,0.02723,0.01525,0.07326,0.06257,0.33878,0.01328,0.00536,0.02476,0.00866,0.00254,0.00299,0.00108,0.00895,0.00756,0.00120,0.00206
0.03591,0.00673,0.04146,0.01768,0.01092,0.02095,0.01690,0.01051,0.00674,0.01229,0.03251,0.01129,0.00636,0.04639,0.29250,0.05354,0.00001,0.04171,0.00622,0.32937
0.00810,0.02830,0.00915,0.37366,0.01042,0.04685,0.35892,0.02140,0.01425,0.00815,0.01110,0.00755,0.00405,0.01176,0.03245,0.00655,0.01074,0.00439,0.00174,0.03047
0.23733,0.02028,0.07151,0.14980,0.03219,0.03300,0.09147,0.19441,0.02248,0.05064,0.01445,0.01592,0.00855,0.01844,0.01906,0.00292,0.00216,0.00828,0.00270,0.00441
0.03420,0.05267,0.32200,0.01163,0.01443,0.01624,0.03300,0.03128,0.30055,0.01748,0.02557,0.00641,0.00769,0.00773,0.06236,0.01925,0.00334,0.00657,0.01628,0.01131
0.02595,0.00910,0.01197,0.36827,0.36716,0.03789,0.03464,0.00502,0.01493,0.01843,0.01247,0.01820,0.01859,0.02610,0.00906,0.00822,0.00285,0.00452,0.00555,0.00108
0.15085,0.08903,0.02363,0.02865,0.16655,0.20540,0.01468,0.02241,0.03210,0.09930,0.05398,0.01132,0.00673,0.02985,0.01055,0.00744,0.00567,0.00212,0.03776,0.00197
0.33234,0.03251,0.02368,0.01278,0.04013,0.32546,0.03299,0.01001,0.01828,0.03482,0.01719,0.00153,0.00589,0.00959,0.00606,0.02261,0.05678,0.01083,0.00188,0.00462
0.00899,0.28174,0.05346,0.04004,0.02909,0.00977,0.30736,0.02066,0.03010,0.01902,0.06007,0.03422,0.01848,0.03887,0.00318,0.01020,0.01081,0.01667,0.00344,0.00384
0.00825,0.03651,0.00745,0.37511,0.00623,0.00472,0.01562,0.02015,0.01042,0.34335,0.03167,0.04174,0.01368,0.00831,0.01374,0.02171,0.02789,0.00603,0.00400,0.00342
0.17291,0.02522,0.05342,0.05973,0.02138,0.24000,0.03872,0.03457,0.02747,0.14153,0.02321,0.02395,0.02462,0.00902,0.00760,0.03974,0.00533,0.02969,0.01248,0.00939
0.35093,0.01919,0.04881,0.00952,0.03800,0.01271,0.03869,0.31764,0.04578,0.00576,0.02737,0.01119,0.01813,0.00672,0.03299,0.00725,0.00301,0.00206,0.00111,0.00313
0.06881,0.02882,0.01427,0.04206,0.31408,0.26832,0.02947,0.01425,0.02196,0.03700,0.01529,0.06452,0.02780,0.01087,0.00896,0.01433,0.00625,0.01141,0.00048,0.00104
0.14611,0.01829,0.03080,0.22961,0.23615,0.15454,0.01402,0.03176,0.01591,0.01933,0.00348,0.01508,0.02132,0.02292,0.00879,0.00766,0.00645,0.00620,0.00484,0.00675
0.38502,0.03669,0.01221,0.04345,0.00724,0.01122,0.07282,0.00339,0.00509,0.35831,0.01327,0.01512,0.00575,0.01367,0.00723,0.00157,0.00000,0.00764,0.00018,0.00013
0.04150,0.00756,0.34075,0.04890,0.05932,0.01868,0.03060,0.03141,0.32833,0.02422,0.00696,0.00948,0.01062,0.02179,0.00951,0.00224,0.00172,0.00312,0.00268,0.00061
0.08946,0.01654,0.04157,0.00692,0.06257,0.41718,0.09465,0.03192,0.01102,0.07608,0.05334,0.01045,0.01936,0.02229,0.01521,0.02066,0.00525,0.00297,0.00138,0.00121
0.01634,0.07079,0.00796,0.35202,0.29762,0.00404,0.03413,0.01092,0.01153,0.01523,0.01940,0.04628,0.04453,0.01925,0.01803,0.00884,0.00972,0.00850,0.00319,0.00168
0.13006,0.00466,0.00386,0.01033,0.01471,0.00410,0.04533,0.00594,0.00709,0.00521,0.00654,0.40237,0.32850,0.01398,0.00136,0.00416,0.00321,0.00207,0.00365,0.00287
0.00691,0.05549,0.04155,0.35772,0.01118,0.01551,0.34318,0.01416,0.00922,0.01999,0.02597,0.01167,0.01237,0.01719,0.01385,0.00954,0.01978,0.00478,0.00480,0.00513
0.03670,0.08007,0.01495,0.04462,0.30336,0.30061,0.02786,0.01947,0.02867,0.00789,0.01867,0.00881,0.01986,0.02866,0.01058,0.01495,0.00650,0.01465,0.00497,0.00814
0.36841,0.01914,0.05962,0.04457,0.02047,0.00841,0.01033,0.37096,0.03453,0.00504,0.01220,0.01548,0.00294,0.00662,0.00505,0.00739,0.00085,0.00524,0.00127,0.00146
0.41694,0.01468,0.02944,0.01887,0.02298,0.00318,0.00296,0.00708,0.00237,0.39325,0.00413,0.00715,0.00631,0.00783,0.00642,0.01837,0.02246,0.00954,0.00299,0.00305
0.11043,0.21363,0.03460,0.01988,0.01451,0.11985,0.18434,0.04883,0.00784,0.02845,0.00408,0.03048,0.05430,0.00942,0.06510,0.01660,0.01150,0.00873,0.00684,0.01058
0.07582,0.02299,0.01498,0.01431,0.00742,0.02603,0.03017,0.00679,0.01397,0.01007,0.01708,0.00741,0.01241,0.01104,0.35571,0.00425,0.00932,0.00114,0.00706,0.35203
0.02323,0.18103,0.01204,0.01127,0.04710,0.49630,0.04410,0.01844,0.00722,0.03202,0.02778,0.00838,0.01238,0.01151,0.00544,0.00424,0.04061,0.00272,0.01101,0.00318
0.01020,0.01418,0.04435,0.36891,0.31008,0.02075,0.00788,0.02688,0.05147,0.03042,0.03750,0.00806,0.02607,0.01829,0.00442,0.00356,0.01032,0.00260,0.00305,0.00101
0.03969,0.05607,0.00699,0.03795,0.33875,0.32000,0.01547,0.01977,0.01698,0.03116,0.00910,0.01131,0.01362,0.06267,0.00557,0.00398,0.00046,0.00650,0.00159,0.00237
0.12130,0.01530,0.03366,0.24448,0.07742,0.08302,0.03675,0.02144,0.02040,0.23421,0.02828,0.00892,0.00741,0.03126,0.00350,0.01678,0.00486,0.00173,0.00296,0.00631
0.02055,0.01188,0.02097,0.36249,0.34761,0.01386,0.00446,0.02934,0.00184,0.02534,0.01576,0.04142,0.04581,0.00284,0.00039,0.02383,0.00372,0.01538,0.00619,0.00632
0.06005,0.03237,0.33072,0.02062,0.00938,0.00878,0.09113,0.01704,0.30509,0.01057,0.05715,0.01241,0.00599,0.01428,0.00659,0.00753,0.00309,0.00082,0.00260,0.00377
0.00482,0.03720,0.02094,0.39948,0.00604,0.01949,0.34792,0.01081,0.04415,0.00963,0.00727,0.04828,0.01549,0.01262,0.00406,0.00090,0.00260,0.00330,0.00221,0.00278
0.02696,0.00758,0.04042,0.38793,0.38641,0.06813,0.00421,0.00919,0.01546,0.00383,0.01216,0.00384,0.00617,0.00658,0.00647,0.00469,0.00121,0.00298,0.00263,0.00313
0.03112,0.03321,0.00938,0.02565,0.02558,0.01041,0.01469,0.01366,0.01279,0.01587,0.04519,0.00978,0.00505,0.01096,0.32667,0.02566,0.00457,0.02414,0.00595,0.34966
0.19075,0.04930,0.07798,0.03882,0.08820,0.32092,0.01956,0.01199,0.00545,0.01752,0.01930,0.06580,0.03123,0.01162,0.00345,0.01691,0.00232,0.00752,0.01913,0.00223
0.01498,0.02412,0.27434,0.06720,0.05914,0.05315,0.08959,0.02740,0.25847,0.00853,0.04703,0.01214,0.02422,0.01425,0.00478,0.00744,0.01195,0.00015,0.00013,0.00096
0.04087,0.02596,0.02160,0.18088,0.16207,0.02570,0.01450,0.04022,0.01764,0.01668,0.02102,0.01680,0.02833,0.00777,0.17342,0.00535,0.01183,0.00220,0.00394,0.18322
0.01983,0.01884,0.38675,0.01509,0.02694,0.36764,0.02320,0.03389,0.01620,0.01654,0.00512,0.02956,0.00287,0.00580,0.00416,0.00945,0.00880,0.00677,0.00186,0.00068
0.36874,0.01736,0.01140,0.02980,0.01244,0.34293,0.02716,0.02274,0.01879,0.01025,0.00457,0.01162,0.03699,0.01683,0.01970,0.01446,0.00714,0.01457,0.00964,0.00288
0.03786,0.03978,0.03461,0.30958,0.32492,0.02669,0.02894,0.05853,0.02363,0.03492,0.00927,0.01647,0.00271,0.02558,0.00404,0.00687,0.00638,0.00259,0.00493,0.00169
0.02831,0.02129,0.00772,0.04785,0.28576,0.27973,0.03194,0.07244,0.02092,0.00837,0.01789,0.03790,0.00898,0.01999,0.02027,0.03839,0.01037,0.03371,0.00440,0.00375
0.07754,0.01037,0.22131,0.10768,0.00848,0.00516,0.12493,0.01500,0.19320,0.04399,0.10005,0.00878,0.02616,0.00878,0.00660,0.00790,0.00875,0.00392,0.00564,0.01578
0.00887,0.16298,0.04913,0.03813,0.02073,0.54595,0.05013,0.01043,0.05755,0.01314,0.00868,0.01185,0.00800,0.00314,0.00389,0.00080,0.00315,0.00143,0.00114,0.00088
0.34964,0.01559,0.02102,0.02220,0.01520,0.02077,0.01876,0.40939,0.01049,0.00410,0.00810,0.01481,0.02370,0.02318,0.01626,0.00650,0.00568,0.00507,0.00151,0.00802
0.36561,0.00793,0.00196,0.06376,0.03862,0.30718,0.05070,0.00602,0.00153,0.03162,0.00312,0.00663,0.00405,0.06670,0.00662,0.00789,0.00183,0.02466,0.00164,0.00193
0.01480,0.38543,0.01143,0.02208,0.04566,0.00929,0.32144,0.01760,0.03014,0.07523,0.00502,0.01581,0.01037,0.01173,0.00601,0.00427,0.00484,0.00712,0.00053,0.00121
0.02569,0.00577,0.37217,0.00867,0.02172,0.34722,0.00792,0.00531,0.06553,0.01496,0.01055,0.01756,0.00451,0.01461,0.01634,0.02186,0.01623,0.00857,0.01212,0.00269
0.03868,0.00544,0.43618,0.00939,0.00837,0.02047,0.00771,0.02103,0.39821,0.00491,0.01339,0.00081,0.00980,0.01324,0.00134,0.00589,0.00081,0.00016,0.00175,0.00241
0.00915,0.02962,0.14907,0.20307,0.19974,0.15920,0.04955,0.04881,0.01031,0.02857,0.00180,0.01716,0.01815,0.00635,0.00129,0.02114,0.01112,0.01058,0.00102,0.02429
0.00846,0.02520,0.00417,0.38369,0.19831,0.01018,0.04852,0.02618,0.01798,0.16175,0.00868,0.00872,0.01072,0.03679,0.00472,0.00620,0.02074,0.01643,0.00084,0.00172
0.07791,0.05767,0.03729,0.08787,0.06764,0.20486,0.01708,0.06628,0.05038,0.02122,0.02656,0.01104,0.04396,0.01492,0.01015,0.07074,0.09441,0.01795,0.00512,0.01694
0.37320,0.00777,0.02722,0.01459,0.03357,0.01565,0.00674,0.35073,0.01561,0.02021,0.03109,0.00470,0.01247,0.02042,0.04431,0.00405,0.00294,0.00221,0.00672,0.00579
