0.03103,0.02169,0.05180,0.04080,0.14041,0.60861,0.05297,0.02833,0.00502,0.01934
0.02917,0.01547,0.11381,0.03106,0.01370,0.30344,0.08481,0.25515,0.01579,0.13761
0.01227,0.02176,0.07330,0.01041,0.01804,0.59630,0.13650,0.11484,0.00665,0.00993
0.00195,0.13697,0.00281,0.00318,0.18845,0.65760,0.00329,0.00243,0.00161,0.00170
0.19192,0.00754,0.00593,0.34881,0.00272,0.42732,0.00410,0.00536,0.00163,0.00468
0.35169,0.03492,0.20999,0.08342,0.05216,0.23633,0.00419,0.02073,0.00289,0.00367
0.10750,0.04384,0.02605,0.07855,0.01294,0.62503,0.02865,0.05990,0.00784,0.00970
0.00776,0.18082,0.15294,0.00578,0.02626,0.56362,0.00592,0.04590,0.00339,0.00759
0.00521,0.04688,0.26457,0.15520,0.01660,0.47047,0.00816,0.01333,0.00487,0.01472
0.00245,0.00217,0.00155,0.00213,0.00167,0.53238,0.10692,0.00103,0.00054,0.34916
0.01129,0.17981,0.02755,0.00662,0.00674,0.71902,0.00178,0.04390,0.00130,0.00200
0.00257,0.00546,0.29584,0.00695,0.05820,0.48604,0.04953,0.05795,0.00153,0.03595
0.01629,0.10068,0.00891,0.31000,0.02591,0.48564,0.02846,0.00611,0.00358,0.01442
0.49690,0.03118,0.00737,0.01090,0.09931,0.33238,0.00413,0.00646,0.00206,0.00931
0.18743,0.00257,0.00565,0.17077,0.00364,0.51607,0.00721,0.01203,0.00243,0.09220
0.00080,0.00082,0.00076,0.00107,0.00047,0.67026,0.05902,0.00052,0.00035,0.26593
0.28296,0.03516,0.00238,0.01278,0.02535,0.61277,0.00367,0.01775,0.00541,0.00178
0.01226,0.23091,0.03419,0.01669,0.02464,0.28571,0.07333,0.01870,0.00765,0.29592
0.01388,0.02702,0.00425,0.07765,0.46185,0.39492,0.00584,0.00235,0.00302,0.00923
0.05025,0.00224,0.07663,0.13809,0.14963,0.56173,0.00715,0.00604,0.00191,0.00633
0.08550,0.00304,0.21525,0.00735,0.02235,0.37586,0.06526,0.00266,0.00238,0.22036
0.20385,0.00393,0.00191,0.00240,0.04448,0.73681,0.00214,0.00232,0.00127,0.00090
0.00422,0.16764,0.00390,0.08041,0.10772,0.62403,0.00225,0.00356,0.00450,0.00176
0.01336,0.27951,0.14343,0.21044,0.00431,0.09473,0.00833,0.06707,0.00315,0.17569
0.00443,0.00575,0.00499,0.00224,0.00264,0.97150,0.00107,0.00148,0.00144,0.00446
0.06345,0.05949,0.01285,0.03309,0.00986,0.49740,0.15115,0.02046,0.00922,0.14302
0.01395,0.01990,0.01990,0.02253,0.02640,0.85710,0.01526,0.00508,0.00351,0.01638
0.00381,0.00241,0.05764,0.00506,0.14411,0.77601,0.00574,0.00231,0.00093,0.00198
0.01062,0.02139,0.04175,0.01000,0.79242,0.06779,0.00249,0.04598,0.00484,0.00274
0.00974,0.03134,0.17741,0.02386,0.00222,0.73882,0.00341,0.00227,0.00195,0.00898
0.00514,0.00252,0.11229,0.00477,0.14563,0.71712,0.00649,0.00121,0.00172,0.00312
0.03529,0.02812,0.02904,0.02263,0.08169,0.74608,0.00171,0.04252,0.00879,0.00414
0.00288,0.09949,0.00519,0.10489,0.00330,0.60192,0.00485,0.00123,0.00090,0.17535
0.00553,0.31778,0.00823,0.04355,0.01590,0.35695,0.12814,0.00268,0.00604,0.11519
0.38039,0.02002,0.11385,0.00611,0.00940,0.42425,0.00919,0.00687,0.01815,0.01177
0.00602,0.00288,0.00456,0.00555,0.00280,0.50423,0.14272,0.00220,0.00124,0.32780
0.18152,0.03461,0.09322,0.12400,0.00729,0.46965,0.01125,0.06266,0.00642,0.00938
0.03468,0.32448,0.01920,0.01470,0.03247,0.46557,0.00379,0.00876,0.08728,0.00906
0.01326,0.01504,0.02129,0.02261,0.03784,0.85647,0.00673,0.00657,0.00287,0.01732
0.26773,0.00304,0.11023,0.00200,0.00307,0.59122,0.01287,0.00332,0.00123,0.00528
0.03895,0.01076,0.52470,0.01142,0.01359,0.36969,0.00990,0.01630,0.00284,0.00185
0.00687,0.00875,0.02683,0.00487,0.00982,0.47278,0.07970,0.16556,0.00128,0.22355
0.18610,0.00470,0.00306,0.00416,0.13549,0.50890,0.04720,0.02872,0.00333,0.07834
0.00828,0.01602,0.00993,0.00480,0.01190,0.37031,0.01523,0.29648,0.00501,0.26204
0.00775,0.00627,0.32097,0.06427,0.00497,0.45662,0.06991,0.04799,0.00214,0.01910
0.02207,0.42544,0.01487,0.01335,0.01316,0.46470,0.00771,0.00589,0.02892,0.00389
0.00769,0.01338,0.02773,0.11273,0.18438,0.17686,0.00566,0.44090,0.01772,0.01294
0.00866,0.11989,0.19874,0.02741,0.00581,0.44360,0.02884,0.01996,0.00275,0.14434
0.00271,0.01322,0.15254,0.09724,0.01657,0.70528,0.00299,0.00432,0.00300,0.00213
0.04733,0.02830,0.01987,0.02906,0.00989,0.72450,0.00697,0.00300,0.00162,0.12945
0.04543,0.00395,0.14268,0.00201,0.00874,0.56556,0.02913,0.00317,0.00205,0.19728
0.21729,0.00144,0.14897,0.00120,0.00194,0.62104,0.00196,0.00295,0.00064,0.00256
0.01962,0.10015,0.00786,0.17700,0.02901,0.64942,0.00404,0.00745,0.00201,0.00343
0.00488,0.00325,0.48982,0.01267,0.08270,0.36673,0.01044,0.01764,0.00249,0.00940
0.00557,0.00838,0.01462,0.00255,0.60444,0.28483,0.01455,0.01525,0.00778,0.04202
0.09479,0.00091,0.00178,0.28197,0.00141,0.61274,0.00099,0.00415,0.00054,0.00071
0.01768,0.00400,0.16575,0.09773,0.01721,0.66560,0.00916,0.01180,0.00527,0.00579
0.01045,0.07131,0.07180,0.00606,0.00744,0.80838,0.00163,0.01819,0.00222,0.00253
0.01476,0.00422,0.00375,0.00198,0.22034,0.74874,0.00221,0.00110,0.00064,0.00226
0.11751,0.00666,0.01275,0.24062,0.01359,0.57326,0.00270,0.02622,0.00131,0.00539
0.00114,0.00116,0.00110,0.00120,0.00090,0.54242,0.16730,0.00067,0.00052,0.28358
0.00844,0.18387,0.05132,0.15027,0.00300,0.48508,0.03439,0.02390,0.00331,0.05641
0.20312,0.00568,0.02085,0.00650,0.00334,0.69984,0.03978,0.00189,0.00299,0.01600
0.00132,0.00091,0.00126,0.00128,0.00100,0.52301,0.18502,0.00047,0.00040,0.28534
0.19470,0.00458,0.21691,0.00191,0.00385,0.55413,0.00704,0.00272,0.00491,0.00925
0.09189,0.00461,0.12218,0.03115,0.02592,0.68462,0.01060,0.00558,0.01095,0.01251
0.01049,0.03593,0.01432,0.01358,0.01611,0.84374,0.00323,0.05375,0.00476,0.00410
0.01041,0.03271,0.16198,0.02841,0.01227,0.50753,0.01879,0.00540,0.04860,0.17390
0.00934,0.00331,0.01173,0.01749,0.00727,0.53358,0.08845,0.00185,0.00279,0.32420
0.13957,0.00785,0.05102,0.09666,0.08265,0.54823,0.04964,0.00189,0.01731,0.00517
0.00717,0.00236,0.13162,0.00900,0.11193,0.72694,0.00349,0.00161,0.00215,0.00375
0.00722,0.13971,0.23328,0.10601,0.01534,0.47409,0.00172,0.01344,0.00329,0.00589
0.15431,0.26059,0.00944,0.00953,0.00439,0.49769,0.01427,0.01124,0.00392,0.03461
0.00443,0.40341,0.01213,0.00952,0.11494,0.40458,0.00817,0.00318,0.00206,0.03758
0.00908,0.00838,0.01521,0.00627,0.00609,0.63850,0.11518,0.01593,0.00255,0.18281
0.06178,0.02878,0.02901,0.05414,0.03378,0.36148,0.07559,0.00343,0.01009,0.34192
0.09077,0.01893,0.01313,0.00788,0.54499,0.29943,0.01034,0.00091,0.00745,0.00616
0.22560,0.00451,0.00522,0.00697,0.00618,0.64137,0.00498,0.00224,0.09813,0.00480
0.04014,0.13167,0.05071,0.08704,0.01283,0.65489,0.00370,0.00762,0.00394,0.00746
0.00624,0.00378,0.00424,0.01942,0.00312,0.95499,0.00105,0.00215,0.00248,0.00250
0.01831,0.01358,0.01392,0.04093,0.00642,0.61179,0.00351,0.11414,0.16518,0.01222
0.46451,0.03035,0.01164,0.04429,0.01149,0.22802,0.04011,0.00308,0.00317,0.16335
0.04771,0.11036,0.00366,0.01653,0.00366,0.76418,0.00779,0.03533,0.00223,0.00857
0.22108,0.00393,0.14086,0.00303,0.00798,0.61274,0.00385,0.00227,0.00226,0.00201
0.00089,0.09441,0.00113,0.14757,0.00108,0.75299,0.00043,0.00075,0.00038,0.00037
0.00359,0.06762,0.01463,0.09059,0.06366,0.67686,0.00443,0.00435,0.00414,0.07012
0.00140,0.08255,0.00354,0.05594,0.00269,0.85102,0.00058,0.00099,0.00063,0.00065
0.00939,0.05639,0.00688,0.03260,0.25938,0.57886,0.00865,0.00414,0.01437,0.02935
0.01893,0.00315,0.00412,0.18957,0.00477,0.61821,0.15714,0.00136,0.00168,0.00107
0.00392,0.00370,0.30661,0.08788,0.00143,0.58711,0.00263,0.00239,0.00138,0.00295
0.00220,0.00224,0.00273,0.00232,0.00201,0.49662,0.14713,0.00145,0.00084,0.34247
0.01428,0.37519,0.06996,0.00636,0.00530,0.51374,0.00546,0.00260,0.00486,0.00226
0.11757,0.00434,0.32436,0.00169,0.00431,0.53839,0.00131,0.00275,0.00296,0.00233
0.01511,0.00590,0.01009,0.00841,0.01040,0.35014,0.00231,0.56939,0.00159,0.02664
0.00367,0.00545,0.00167,0.15016,0.28601,0.54589,0.00274,0.00209,0.00127,0.00103
0.00817,0.25755,0.15195,0.00265,0.01963,0.52077,0.01228,0.01491,0.00601,0.00608
0.04132,0.20175,0.00995,0.03737,0.02657,0.52758,0.04533,0.02311,0.00607,0.08094
0.03129,0.00597,0.00493,0.22054,0.04627,0.64222,0.00305,0.03919,0.00307,0.00347
0.00392,0.21597,0.01338,0.10197,0.00398,0.65594,0.00116,0.00158,0.00135,0.00074
0.00719,0.02607,0.04511,0.02378,0.01209,0.86943,0.00455,0.00356,0.00285,0.00536
