0.17351,0.12844,0.08995,0.19601,0.11453,0.10073,0.07499,0.00821,0.03179,0.08182
0.34023,0.01081,0.03058,0.22374,0.15498,0.19929,0.00513,0.00479,0.02032,0.01013
0.28839,0.01308,0.12718,0.14652,0.25364,0.10681,0.01587,0.00634,0.02420,0.01796
0.03189,0.05092,0.02738,0.04737,0.05034,0.74626,0.01152,0.00589,0.01234,0.01609
0.01298,0.00921,0.09253,0.02361,0.09071,0.04795,0.29018,0.11265,0.00828,0.31190
0.00542,0.00978,0.00734,0.03124,0.00385,0.34505,0.00763,0.52597,0.05038,0.01333
0.00404,0.00402,0.00988,0.01354,0.00505,0.60600,0.00237,0.00519,0.33540,0.01451
0.39392,0.00497,0.09230,0.43565,0.03041,0.01601,0.01087,0.00548,0.00410,0.00629
0.01236,0.00379,0.01639,0.43507,0.01121,0.04227,0.45133,0.00165,0.00681,0.01913
0.00832,0.39860,0.01829,0.43814,0.00873,0.11250,0.00395,0.00275,0.00683,0.00190
0.03458,0.04040,0.00711,0.42359,0.43474,0.02665,0.00571,0.01344,0.00898,0.00481
0.11248,0.05193,0.08724,0.07881,0.09850,0.47108,0.02977,0.01636,0.03761,0.01623
0.06486,0.07102,0.08138,0.02547,0.36971,0.06256,0.14092,0.01191,0.00509,0.16710
0.36211,0.01571,0.01529,0.39520,0.02723,0.13907,0.00301,0.01199,0.00749,0.02291
0.28305,0.01168,0.13091,0.02959,0.06765,0.12829,0.00837,0.15757,0.16488,0.01801
0.02358,0.01998,0.03583,0.01483,0.77440,0.11624,0.00455,0.00331,0.00507,0.00222
0.00730,0.19809,0.19284,0.00213,0.17201,0.02167,0.00397,0.39168,0.00464,0.00568
0.19607,0.25067,0.22141,0.19695,0.05170,0.05179,0.00805,0.00328,0.00717,0.01290
0.15853,0.05796,0.38397,0.01704,0.28563,0.04821,0.01545,0.01976,0.00586,0.00759
0.42862,0.00628,0.00427,0.42474,0.00771,0.11476,0.00698,0.00146,0.00226,0.00293
0.01836,0.34973,0.02981,0.01170,0.39736,0.05830,0.00550,0.11586,0.00338,0.01000
0.27293,0.00692,0.26725,0.29896,0.01863,0.07691,0.04929,0.00270,0.00141,0.00499
0.19253,0.20951,0.12701,0.12343,0.04124,0.26863,0.00492,0.00848,0.01919,0.00505
0.00802,0.03438,0.03465,0.01386,0.01161,0.88358,0.01021,0.00218,0.00053,0.00098
0.01747,0.01176,0.01867,0.00286,0.01218,0.08071,0.34374,0.07992,0.03307,0.39964
0.03977,0.43094,0.40240,0.00541,0.05406,0.02844,0.01379,0.00612,0.01379,0.00528
0.43294,0.02093,0.46393,0.01193,0.00528,0.03929,0.00615,0.00626,0.01036,0.00293
0.20957,0.21059,0.17788,0.23843,0.03052,0.08661,0.02538,0.00315,0.01288,0.00498
0.02999,0.14455,0.12809,0.13127,0.12893,0.03351,0.18373,0.02607,0.00776,0.18611
0.09706,0.29499,0.02814,0.11030,0.07579,0.33498,0.01929,0.01691,0.00289,0.01965
0.01695,0.50343,0.00728,0.01519,0.00795,0.09782,0.12772,0.06625,0.00913,0.14829
0.03339,0.24827,0.00403,0.24480,0.03475,0.42783,0.00165,0.00079,0.00282,0.00166
0.28462,0.02467,0.02351,0.03242,0.27246,0.05926,0.10193,0.02484,0.07762,0.09866
0.00525,0.00573,0.04035,0.00678,0.01759,0.10147,0.00350,0.78310,0.01410,0.02213
0.00483,0.01064,0.00477,0.66252,0.01715,0.26382,0.01303,0.00137,0.00710,0.01478
0.21468,0.03083,0.23399,0.05681,0.10727,0.22537,0.02796,0.05829,0.01935,0.02545
0.02540,0.06014,0.06398,0.41022,0.38706,0.03203,0.01198,0.00243,0.00141,0.00535
0.09199,0.31851,0.28376,0.15015,0.04314,0.06375,0.00642,0.00452,0.02796,0.00980
0.01764,0.01136,0.01414,0.00667,0.43999,0.49148,0.00939,0.00185,0.00174,0.00573
0.46604,0.00856,0.00291,0.00558,0.00296,0.04570,0.00395,0.00910,0.45001,0.00519
0.35316,0.07402,0.08113,0.31596,0.06619,0.06903,0.00491,0.00721,0.01145,0.01695
0.02495,0.04001,0.17419,0.16251,0.17368,0.07181,0.19950,0.01049,0.05898,0.08389
0.06484,0.11602,0.22617,0.10609,0.05040,0.39884,0.00312,0.02001,0.00594,0.00857
0.23375,0.01749,0.22523,0.11140,0.02394,0.09160,0.07892,0.11069,0.01329,0.09370
0.02281,0.02889,0.05924,0.00686,0.11803,0.04671,0.02292,0.65574,0.01552,0.02329
0.01917,0.06812,0.04501,0.07856,0.05229,0.70877,0.00287,0.00355,0.01779,0.00388
0.00756,0.07986,0.16456,0.30895,0.04907,0.31756,0.00699,0.04380,0.01270,0.00896
0.47059,0.01380,0.46684,0.00472,0.00935,0.01252,0.00510,0.01320,0.00158,0.00230
0.01046,0.01738,0.16264,0.42684,0.27646,0.05299,0.00846,0.00922,0.03329,0.00227
0.10318,0.30192,0.27826,0.13658,0.01442,0.09413,0.02793,0.00671,0.01037,0.02650
0.21563,0.06258,0.26547,0.00479,0.01305,0.28333,0.02449,0.00985,0.01025,0.11055
0.13405,0.03308,0.27518,0.04661,0.19504,0.07147,0.08448,0.04151,0.01271,0.10586
0.00994,0.22322,0.18194,0.02152,0.26526,0.05824,0.11191,0.00402,0.00468,0.11927
0.44101,0.01142,0.41843,0.00498,0.04096,0.05969,0.00986,0.00128,0.00796,0.00442
0.02501,0.00859,0.01079,0.01642,0.01542,0.49250,0.00978,0.03365,0.00373,0.38410
0.03203,0.04159,0.01779,0.25260,0.00556,0.07123,0.24011,0.02254,0.06820,0.24835
0.37788,0.01013,0.06723,0.41845,0.01562,0.06286,0.01567,0.00230,0.02535,0.00452
0.04342,0.02774,0.09784,0.10729,0.04791,0.47232,0.08096,0.00180,0.02865,0.09206
0.17506,0.22736,0.01254,0.14160,0.00617,0.29103,0.02390,0.09192,0.02445,0.00598
0.07274,0.01218,0.36521,0.38541,0.06663,0.06027,0.01209,0.01427,0.00557,0.00563
0.00325,0.00297,0.00153,0.00496,0.07586,0.90136,0.00211,0.00102,0.00196,0.00499
0.13322,0.01286,0.30967,0.15771,0.28915,0.04291,0.00900,0.02214,0.00926,0.01408
0.00674,0.00384,0.24886,0.00807,0.25118,0.02946,0.00783,0.43559,0.00432,0.00413
0.01363,0.30773,0.00892,0.29766,0.02744,0.05129,0.07745,0.03486,0.00775,0.17327
0.02770,0.32675,0.04248,0.03841,0.35978,0.05968,0.02766,0.01676,0.07550,0.02528
0.13992,0.05658,0.04954,0.10159,0.01386,0.34563,0.00590,0.10098,0.01155,0.17446
0.02625,0.01865,0.32132,0.26939,0.00486,0.09674,0.12256,0.00823,0.00984,0.12214
0.04960,0.03549,0.06890,0.06164,0.07214,0.62285,0.05341,0.01429,0.01742,0.00426
0.09501,0.11785,0.01095,0.01110,0.00972,0.17221,0.25460,0.01573,0.01111,0.30172
0.41787,0.00500,0.39332,0.05060,0.00389,0.04867,0.06876,0.00380,0.00400,0.00410
0.02119,0.65686,0.07769,0.03583,0.09404,0.08532,0.00891,0.00997,0.00408,0.00610
0.40296,0.03039,0.39170,0.02703,0.02568,0.05867,0.02246,0.02183,0.00796,0.01132
0.08799,0.32382,0.09925,0.33840,0.00494,0.10079,0.00356,0.01449,0.00361,0.02314
0.05753,0.01148,0.04738,0.51766,0.00340,0.02487,0.15574,0.01470,0.01092,0.15632
0.33884,0.02274,0.30838,0.01456,0.10235,0.04439,0.07108,0.00423,0.00364,0.08978
0.08955,0.09322,0.04054,0.01134,0.00521,0.71931,0.00738,0.00541,0.02157,0.00648
0.01576,0.00552,0.01179,0.36535,0.01310,0.17546,0.37937,0.02609,0.00551,0.00206
0.31749,0.01179,0.32874,0.02207,0.04809,0.23353,0.01236,0.00933,0.00250,0.01409
0.15491,0.00983,0.01387,0.00834,0.17236,0.12518,0.07952,0.33365,0.02053,0.08181
0.23580,0.11927,0.01226,0.39844,0.00920,0.11306,0.00562,0.00467,0.00770,0.09399
0.10445,0.13851,0.01974,0.03772,0.01451,0.28900,0.01038,0.35916,0.01187,0.01466
0.02829,0.02441,0.27663,0.35715,0.13012,0.08809,0.06934,0.00299,0.00853,0.01445
0.19500,0.13979,0.21049,0.13276,0.26439,0.03994,0.00990,0.00317,0.00149,0.00306
0.04854,0.02362,0.02627,0.01864,0.28592,0.55380,0.00631,0.00698,0.00819,0.02173
0.13439,0.12941,0.09158,0.17192,0.03789,0.29192,0.02627,0.03602,0.06409,0.01652
0.16860,0.25463,0.15260,0.26058,0.01822,0.07520,0.01587,0.00372,0.03786,0.01274
0.10862,0.29342,0.01989,0.38030,0.01128,0.13442,0.02498,0.01006,0.00729,0.00976
0.19622,0.01525,0.02063,0.19318,0.06451,0.40008,0.06131,0.00112,0.02327,0.02442
0.01149,0.01368,0.02760,0.01237,0.65082,0.04891,0.09291,0.04389,0.01010,0.08823
0.47216,0.00108,0.00295,0.46401,0.00818,0.03310,0.00569,0.00918,0.00204,0.00161
0.00294,0.05166,0.05222,0.00484,0.03151,0.21175,0.30211,0.00720,0.00620,0.32957
0.08797,0.24793,0.01357,0.23538,0.20813,0.18877,0.00669,0.00712,0.00152,0.00292
0.44841,0.02042,0.19334,0.01898,0.00620,0.03629,0.00281,0.01109,0.25984,0.00262
0.19748,0.10021,0.06140,0.05999,0.11050,0.29315,0.01191,0.00492,0.14738,0.01306
0.10521,0.13584,0.16437,0.16273,0.06006,0.34670,0.00526,0.00628,0.00863,0.00492
0.04713,0.00363,0.30281,0.05559,0.25185,0.27899,0.03514,0.00614,0.00397,0.01476
0.43925,0.00621,0.45148,0.01013,0.00535,0.06989,0.00616,0.00322,0.00319,0.00512
0.01106,0.00766,0.02338,0.00219,0.02135,0.02515,0.00175,0.89733,0.00878,0.00135
0.03021,0.12322,0.13119,0.02006,0.00756,0.02940,0.01617,0.61431,0.01018,0.01770
0.02044,0.05784,0.03658,0.05574,0.01735,0.36356,0.20281,0.01980,0.00965,0.21623
0.23254,0.01159,0.14496,0.20914,0.12563,0.23352,0.00115,0.00248,0.03303,0.00597
0.03304,0.22600,0.18614,0.01972,0.12262,0.19566,0.02792,0.00768,0.01267,0.16855
0.07825,0.10035,0.06115,0.09792,0.01054,0.10466,0.13983,0.21398,0.05132,0.14199
0.02914,0.00834,0.02095,0.73103,0.05682,0.10085,0.01130,0.01369,0.00809,0.01979
0.23820,0.18709,0.13455,0.05318,0.02129,0.02824,0.15843,0.00859,0.00839,0.16204
0.01461,0.38730,0.03846,0.02694,0.36845,0.12441,0.01343,0.01030,0.01283,0.00329
0.42445,0.02657,0.42035,0.01205,0.00863,0.07261,0.00886,0.01378,0.00451,0.00818
0.01019,0.08225,0.16993,0.12763,0.01720,0.57452,0.00710,0.00321,0.00241,0.00555
0.29329,0.01501,0.01205,0.29780,0.01562,0.02750,0.15628,0.01494,0.00801,0.15949
0.00858,0.24126,0.22263,0.00159,0.01289,0.04970,0.21544,0.01226,0.00865,0.22698
0.02931,0.45392,0.45409,0.00397,0.00531,0.03172,0.00159,0.01049,0.00331,0.00630
0.11453,0.19673,0.01664,0.15917,0.17623,0.05845,0.01703,0.24808,0.00484,0.00831
0.04192,0.05710,0.23096,0.41265,0.17050,0.03733,0.02300,0.00568,0.00130,0.01955
0.01868,0.00501,0.04058,0.11614,0.00812,0.31985,0.00491,0.43187,0.01343,0.04140
0.00680,0.43245,0.01153,0.02700,0.44050,0.04497,0.03130,0.00282,0.00152,0.00110
0.01800,0.01618,0.00421,0.38118,0.42530,0.11082,0.00390,0.00173,0.03554,0.00314
0.03819,0.01717,0.02987,0.00919,0.00564,0.86075,0.00857,0.00583,0.01698,0.00781
0.00763,0.01448,0.01130,0.01016,0.69917,0.03578,0.01595,0.19483,0.00831,0.00239
0.04602,0.03322,0.32173,0.31515,0.00909,0.08396,0.08982,0.00172,0.00288,0.09641
0.01610,0.28442,0.00713,0.01052,0.00496,0.04741,0.00630,0.59357,0.02293,0.00666
0.00323,0.00658,0.00764,0.00813,0.00992,0.07716,0.42349,0.00336,0.00761,0.45287
0.12285,0.01598,0.32614,0.13322,0.30794,0.03150,0.02402,0.00966,0.01507,0.01361
0.00266,0.47025,0.05416,0.43189,0.00191,0.02362,0.00497,0.00285,0.00537,0.00232
0.00142,0.00597,0.00457,0.00621,0.94385,0.02660,0.00233,0.00243,0.00327,0.00336
0.01334,0.35643,0.16049,0.01893,0.16063,0.14050,0.01231,0.12786,0.00296,0.00655
0.13769,0.02461,0.23237,0.39203,0.01937,0.18521,0.00286,0.00124,0.00110,0.00353
0.09778,0.32499,0.12550,0.30990,0.01666,0.03432,0.00348,0.07722,0.00702,0.00314
0.03322,0.16862,0.01393,0.15256,0.02036,0.05399,0.00585,0.50906,0.03087,0.01154
0.02710,0.41620,0.42329,0.03079,0.00862,0.06446,0.01126,0.00889,0.00511,0.00428
0.31398,0.08445,0.37195,0.04955,0.00858,0.05288,0.02456,0.04676,0.00719,0.04010
0.26479,0.05907,0.01021,0.05714,0.01689,0.24770,0.01728,0.04179,0.27257,0.01256
0.26218,0.02784,0.01391,0.13607,0.18212,0.32501,0.01296,0.01901,0.00843,0.01249
0.02820,0.10486,0.08396,0.07792,0.00857,0.11783,0.29433,0.00201,0.00187,0.28043
0.34864,0.06462,0.03798,0.35909,0.01719,0.03647,0.03869,0.01214,0.01822,0.06697
0.31395,0.01510,0.35136,0.08028,0.01092,0.12348,0.00508,0.03162,0.04242,0.02578
0.01714,0.01643,0.04536,0.05796,0.02197,0.45597,0.09236,0.00326,0.14174,0.14781
0.01352,0.18401,0.21718,0.01975,0.24679,0.08874,0.00833,0.18883,0.00409,0.02876
0.01115,0.31934,0.31537,0.03127,0.05439,0.05019,0.00121,0.20725,0.00146,0.00836
0.31166,0.01261,0.11758,0.32907,0.11644,0.02657,0.04000,0.01550,0.00577,0.02480
0.20037,0.03173,0.21928,0.00899,0.02275,0.05972,0.19489,0.00615,0.00761,0.24851
0.00706,0.46113,0.22191,0.24504,0.01364,0.03260,0.00790,0.00340,0.00179,0.00553
0.02734,0.10235,0.01053,0.00994,0.09545,0.71134,0.00582,0.02491,0.00385,0.00848
0.08190,0.32659,0.37234,0.04288,0.02908,0.10860,0.00966,0.01507,0.00327,0.01061
0.02285,0.02166,0.04586,0.04872,0.01306,0.05073,0.35675,0.01028,0.00600,0.42410
0.39506,0.06780,0.46750,0.00956,0.00497,0.03732,0.00725,0.00197,0.00516,0.00341
0.01431,0.22968,0.19735,0.24672,0.19525,0.04129,0.01011,0.03382,0.00840,0.02307
0.00439,0.04150,0.05167,0.00635,0.00553,0.71474,0.07051,0.00591,0.02369,0.07572
0.30833,0.04354,0.03217,0.02220,0.25570,0.29422,0.00585,0.00698,0.01187,0.01915
0.06988,0.05805,0.12927,0.05259,0.12742,0.27859,0.11461,0.00702,0.00470,0.15786
0.22439,0.02107,0.19779,0.00987,0.01060,0.21882,0.14082,0.00224,0.01529,0.15909
0.23130,0.01439,0.01215,0.26221,0.04195,0.14924,0.09152,0.00382,0.08807,0.10534
0.01209,0.01730,0.01667,0.03791,0.03776,0.10340,0.28601,0.15516,0.00447,0.32923
0.01820,0.01360,0.07933,0.01911,0.08340,0.04188,0.00505,0.69018,0.04209,0.00716
0.40782,0.04731,0.41756,0.04987,0.00692,0.02013,0.01476,0.00711,0.00643,0.02208
0.00591,0.40390,0.01950,0.01009,0.42788,0.09291,0.01016,0.00868,0.01119,0.00977
0.01569,0.00093,0.01453,0.00665,0.80087,0.07256,0.03411,0.00404,0.01006,0.04056
0.00728,0.00915,0.13016,0.08277,0.14510,0.03366,0.30886,0.00191,0.00744,0.27367
0.43508,0.00719,0.01371,0.46178,0.00817,0.06159,0.00648,0.00196,0.00069,0.00334
0.40779,0.03628,0.04576,0.39224,0.03009,0.02664,0.00640,0.03379,0.00951,0.01150
0.02275,0.03096,0.02279,0.14456,0.02213,0.03803,0.41560,0.00266,0.00731,0.29320
0.20131,0.00495,0.17382,0.07561,0.09233,0.41933,0.00728,0.02045,0.00302,0.00190
0.14865,0.17727,0.12854,0.10454,0.01858,0.20082,0.09375,0.00822,0.00509,0.11454
0.00263,0.00682,0.00650,0.00335,0.00204,0.95217,0.00683,0.00216,0.01536,0.00215
0.41698,0.01084,0.00413,0.44079,0.00801,0.03821,0.01064,0.05474,0.00868,0.00698
0.11979,0.15879,0.11886,0.17430,0.16203,0.19322,0.02124,0.03219,0.01009,0.00949
0.08881,0.01201,0.04775,0.08986,0.06946,0.57456,0.05118,0.00742,0.02326,0.03568
0.01573,0.05123,0.05218,0.20981,0.00244,0.63514,0.01426,0.00439,0.00292,0.01191
0.38165,0.01995,0.06081,0.05183,0.04723,0.02851,0.02628,0.00114,0.36103,0.02160
0.06474,0.03576,0.09972,0.01790,0.56249,0.02724,0.07535,0.03781,0.00787,0.07114
0.44883,0.47133,0.00598,0.00712,0.00356,0.04120,0.00302,0.00934,0.00601,0.00361
0.15370,0.07630,0.11028,0.04363,0.49509,0.05698,0.01506,0.00457,0.00950,0.03488
0.01168,0.02135,0.00494,0.36168,0.34998,0.06528,0.01819,0.10469,0.05290,0.00931
0.01343,0.45632,0.46955,0.01743,0.01322,0.01499,0.00249,0.00444,0.00482,0.00332
0.11677,0.05518,0.29619,0.31365,0.07165,0.07218,0.02093,0.01528,0.01565,0.02251
0.32606,0.30665,0.06780,0.01945,0.03139,0.14312,0.01805,0.01552,0.02628,0.04567
0.10363,0.28204,0.08460,0.00632,0.30895,0.13299,0.02155,0.00304,0.04445,0.01245
0.18204,0.02559,0.16687,0.25639,0.00859,0.04477,0.14590,0.00679,0.00709,0.15597
0.38610,0.01519,0.02388,0.38708,0.04974,0.05553,0.03239,0.00321,0.00765,0.03921
0.02625,0.03287,0.02449,0.04253,0.01708,0.04843,0.01430,0.78065,0.00466,0.00874
0.11426,0.25328,0.30012,0.00588,0.27033,0.03823,0.00717,0.00385,0.00292,0.00396
0.03981,0.03665,0.00883,0.01289,0.02520,0.03586,0.41576,0.00219,0.00613,0.41667
0.09562,0.01856,0.01051,0.06600,0.00895,0.12837,0.29576,0.00791,0.00923,0.35909
0.04342,0.34412,0.15467,0.04675,0.26692,0.10402,0.01889,0.00686,0.00287,0.01149
0.23745,0.20929,0.07085,0.36229,0.01126,0.07534,0.02244,0.00600,0.00178,0.00329
0.08132,0.03505,0.09304,0.19364,0.02874,0.28326,0.01045,0.21787,0.05441,0.00221
0.37708,0.05557,0.33627,0.08566,0.01076,0.03435,0.00930,0.02732,0.04738,0.01632
0.01323,0.04980,0.04568,0.02480,0.00501,0.77116,0.02821,0.02814,0.02150,0.01247
0.35165,0.01528,0.28809,0.01797,0.02189,0.26738,0.00586,0.00806,0.01897,0.00486
0.24523,0.02097,0.16308,0.09088,0.01365,0.37007,0.03357,0.00571,0.02720,0.02964
0.22243,0.04947,0.21709,0.22484,0.01270,0.06114,0.19494,0.00798,0.00217,0.00723
0.38645,0.40148,0.03808,0.02296,0.03604,0.06129,0.00701,0.02027,0.00911,0.01731
0.39509,0.06069,0.00872,0.19710,0.27231,0.03243,0.00625,0.00555,0.01417,0.00768
0.20955,0.02384,0.29391,0.21419,0.10181,0.04979,0.03341,0.00783,0.02615,0.03952
0.06499,0.76548,0.04045,0.03481,0.03590,0.03119,0.00813,0.00193,0.00674,0.01038
0.13345,0.26418,0.01448,0.11795,0.23716,0.20560,0.00395,0.01192,0.00759,0.00373
0.01082,0.00916,0.00756,0.01647,0.04590,0.88795,0.00644,0.00593,0.00535,0.00443
0.08939,0.01483,0.07636,0.04386,0.14121,0.56585,0.02683,0.00176,0.03488,0.00502
0.07853,0.14986,0.10267,0.07256,0.06441,0.23114,0.01925,0.16094,0.09034,0.03031
0.34935,0.00655,0.31585,0.06240,0.02086,0.05333,0.11961,0.01580,0.00885,0.04741
0.07623,0.06922,0.17199,0.30895,0.22096,0.11002,0.01556,0.00684,0.00600,0.01424
0.29204,0.03452,0.01628,0.27443,0.01104,0.02460,0.01374,0.31641,0.00290,0.01404
0.02354,0.00756,0.02062,0.01175,0.42207,0.49509,0.00627,0.00301,0.00073,0.00937
0.00680,0.00553,0.01157,0.89141,0.00692,0.06631,0.00175,0.00511,0.00262,0.00199
0.01119,0.11280,0.10023,0.01046,0.01204,0.04153,0.34395,0.00195,0.00377,0.36208
0.01682,0.02239,0.03352,0.20750,0.16625,0.03219,0.06120,0.40068,0.01355,0.04590
0.00917,0.40888,0.01198,0.41740,0.01816,0.07186,0.02455,0.00354,0.00242,0.03204
0.02879,0.01354,0.14819,0.28672,0.15751,0.02261,0.29023,0.04127,0.00452,0.00660
0.02169,0.04396,0.25122,0.23226,0.00572,0.38849,0.01470,0.00416,0.00400,0.03380
0.06409,0.06711,0.04169,0.09067,0.05899,0.61971,0.01701,0.02280,0.00519,0.01273
0.07633,0.01234,0.03588,0.03084,0.05676,0.25322,0.22723,0.02792,0.01145,0.26804
0.02320,0.01178,0.45360,0.46267,0.00165,0.03716,0.00482,0.00146,0.00189,0.00177
0.05913,0.41193,0.39815,0.07223,0.00444,0.04413,0.00245,0.00170,0.00252,0.00331
0.02480,0.01576,0.02084,0.01306,0.02602,0.44857,0.12098,0.02113,0.14290,0.16594
0.00471,0.06519,0.12585,0.00528,0.10313,0.59801,0.03240,0.00274,0.01598,0.04671
0.09679,0.18676,0.12778,0.10820,0.00712,0.42197,0.01751,0.01682,0.00535,0.01171
0.03865,0.03493,0.19695,0.31816,0.20169,0.11372,0.05435,0.00765,0.02420,0.00970
0.01474,0.02386,0.00964,0.04589,0.00479,0.10953,0.33527,0.03391,0.05123,0.37113
0.33279,0.01309,0.19782,0.15687,0.11880,0.08046,0.01161,0.02054,0.02927,0.03875
0.07189,0.01504,0.04543,0.03906,0.07604,0.70829,0.01741,0.00422,0.00657,0.01605
0.15659,0.01640,0.16534,0.01970,0.15042,0.04837,0.00752,0.36558,0.02457,0.04552
0.08854,0.27412,0.14071,0.28679,0.06441,0.12443,0.00381,0.00309,0.00623,0.00789
0.17197,0.02287,0.09281,0.25439,0.02090,0.39396,0.01699,0.00358,0.00434,0.01819
0.03013,0.04657,0.02630,0.03479,0.04089,0.07106,0.32022,0.03238,0.00373,0.39393
0.01669,0.00655,0.05088,0.00785,0.01571,0.06926,0.40069,0.00353,0.00574,0.42311
0.00666,0.01528,0.01049,0.05638,0.00521,0.59370,0.12487,0.07144,0.00245,0.11352
0.36851,0.00819,0.07742,0.35536,0.09541,0.04992,0.01220,0.01387,0.01221,0.00691
0.34768,0.03326,0.02660,0.22626,0.17373,0.02254,0.01131,0.12179,0.00831,0.02853
0.14411,0.17587,0.00916,0.02042,0.56372,0.07103,0.00459,0.00195,0.00322,0.00594
0.05110,0.04389,0.04690,0.04143,0.25211,0.36947,0.01286,0.00713,0.00280,0.17229
0.01270,0.14242,0.34272,0.01993,0.44150,0.01897,0.00673,0.00645,0.00462,0.00396
0.00375,0.00498,0.00388,0.47897,0.47780,0.01964,0.00339,0.00329,0.00114,0.00315
0.03280,0.05378,0.17799,0.02956,0.16400,0.50733,0.00255,0.01151,0.01530,0.00517
0.46851,0.00380,0.00515,0.00379,0.00856,0.04168,0.00793,0.00233,0.45335,0.00490
0.06312,0.14140,0.04780,0.31807,0.26946,0.10771,0.01539,0.01597,0.00772,0.01337
0.06629,0.38863,0.25079,0.02527,0.18363,0.05989,0.00431,0.00427,0.01177,0.00516
0.02190,0.23145,0.21378,0.06430,0.02602,0.02529,0.00838,0.39814,0.00330,0.00745
0.07624,0.06005,0.07645,0.10797,0.29240,0.26226,0.03677,0.00542,0.04369,0.03876
0.40428,0.43414,0.01250,0.03403,0.01753,0.07808,0.00641,0.00650,0.00214,0.00439
0.06465,0.08225,0.30571,0.08045,0.28251,0.16485,0.00268,0.01106,0.00492,0.00093
0.07075,0.26056,0.27151,0.04025,0.01596,0.04166,0.02163,0.27345,0.00227,0.00196
0.02241,0.01135,0.36192,0.04502,0.39348,0.04206,0.02400,0.00090,0.08994,0.00893
0.00656,0.01004,0.22699,0.00880,0.20171,0.08604,0.06626,0.33124,0.00514,0.05723
0.01735,0.01813,0.17050,0.04242,0.16348,0.09900,0.07738,0.27221,0.07094,0.06860
0.27250,0.25622,0.09479,0.06369,0.01887,0.17937,0.04684,0.01709,0.00337,0.04727
0.01269,0.03426,0.06675,0.10735,0.03805,0.04941,0.34328,0.00379,0.00134,0.34307
0.03231,0.07676,0.07132,0.07171,0.05291,0.15601,0.00303,0.52380,0.00955,0.00261
0.00909,0.59075,0.12070,0.01640,0.08387,0.14446,0.00412,0.01610,0.00773,0.00677
0.05375,0.06268,0.01851,0.16288,0.01819,0.52907,0.11297,0.00064,0.03617,0.00512
0.02954,0.04954,0.00599,0.08312,0.06731,0.08773,0.22733,0.18374,0.01690,0.24881
0.01248,0.01625,0.19390,0.01327,0.19205,0.24512,0.11564,0.00588,0.07593,0.12947
0.45334,0.01396,0.01696,0.47227,0.00929,0.01525,0.00221,0.00339,0.01199,0.00134
0.03133,0.00400,0.02914,0.02446,0.00778,0.04930,0.41448,0.02583,0.00295,0.41073
0.28189,0.31236,0.00637,0.01639,0.27118,0.02438,0.00485,0.07607,0.00368,0.00283
0.03425,0.42272,0.42571,0.00746,0.01624,0.08045,0.00285,0.00303,0.00156,0.00572
0.28344,0.12540,0.26128,0.17372,0.01625,0.03513,0.08411,0.00693,0.00299,0.01074
0.16276,0.18963,0.17016,0.20381,0.00857,0.09974,0.04299,0.06967,0.01814,0.03453
0.03004,0.08773,0.00941,0.08734,0.01378,0.25693,0.17420,0.00363,0.11039,0.22655
0.01567,0.39660,0.45857,0.06884,0.01077,0.01548,0.00513,0.00221,0.00489,0.02185
0.03719,0.05924,0.04907,0.05215,0.03716,0.04833,0.01799,0.67628,0.00857,0.01403
0.43163,0.01563,0.02473,0.42652,0.01703,0.07327,0.00279,0.00607,0.00077,0.00154
0.01245,0.02327,0.00658,0.00677,0.03038,0.83290,0.04422,0.00360,0.00256,0.03727
0.02098,0.03361,0.04383,0.07931,0.05072,0.26802,0.22658,0.00334,0.01427,0.25933
0.00943,0.00920,0.45907,0.46893,0.00571,0.02127,0.00680,0.01050,0.00565,0.00342
0.01622,0.15719,0.16444,0.01803,0.00240,0.62465,0.00408,0.00360,0.00426,0.00513
0.00982,0.03189,0.04135,0.23053,0.00352,0.63684,0.00572,0.00340,0.00862,0.02832
0.01285,0.08301,0.25916,0.02341,0.26741,0.07766,0.08828,0.00304,0.07967,0.10551
0.00299,0.00381,0.00207,0.00736,0.00247,0.01724,0.47662,0.00099,0.00113,0.48531
0.02114,0.01326,0.04511,0.24010,0.11343,0.02813,0.20475,0.06080,0.01747,0.25581
0.02903,0.00148,0.00145,0.04729,0.00307,0.01320,0.44608,0.00825,0.00111,0.44904
0.02060,0.04077,0.01208,0.01727,0.01559,0.04262,0.38062,0.05856,0.02098,0.39092
0.18631,0.06520,0.27497,0.02212,0.01849,0.18348,0.01668,0.00672,0.06733,0.15870
0.46524,0.06929,0.38651,0.02103,0.00579,0.03621,0.00514,0.00093,0.00268,0.00718
0.11334,0.30950,0.36159,0.12305,0.00856,0.05920,0.00893,0.00628,0.00387,0.00568
0.45433,0.00440,0.46905,0.00686,0.00260,0.01790,0.00170,0.02516,0.01501,0.00299
0.01563,0.05581,0.03156,0.03262,0.01160,0.19356,0.28780,0.01399,0.05388,0.30355
0.01091,0.02016,0.04655,0.18323,0.59072,0.08197,0.02069,0.01166,0.00644,0.02766
0.04076,0.01346,0.02968,0.12046,0.63314,0.07917,0.03419,0.00320,0.00380,0.04214
0.04193,0.00250,0.00395,0.04637,0.00257,0.01689,0.43679,0.00162,0.00193,0.44547
0.00662,0.37623,0.36897,0.00428,0.01444,0.18426,0.00404,0.02589,0.00875,0.00652
0.02519,0.00668,0.41942,0.45990,0.00446,0.06458,0.00376,0.00826,0.00224,0.00550
0.00792,0.35717,0.04501,0.12805,0.25339,0.09316,0.02908,0.05126,0.00282,0.03215
0.09191,0.25103,0.14729,0.11534,0.16747,0.13060,0.00964,0.05300,0.01718,0.01656
0.40019,0.11065,0.33337,0.04243,0.04453,0.04131,0.00409,0.00442,0.00889,0.01013
0.02773,0.00686,0.01396,0.02066,0.00369,0.02347,0.44012,0.00809,0.00365,0.45177
0.01328,0.03613,0.02636,0.16430,0.02323,0.03599,0.33666,0.00421,0.01607,0.34376
0.00410,0.49707,0.00697,0.00952,0.00397,0.02330,0.00245,0.44245,0.00623,0.00395
0.07030,0.08407,0.25643,0.25448,0.01871,0.20932,0.00452,0.08296,0.00584,0.01338
0.04418,0.04392,0.01437,0.06396,0.00269,0.03902,0.01168,0.71813,0.05604,0.00601
0.20530,0.01666,0.19171,0.02305,0.01794,0.09807,0.01868,0.39953,0.02254,0.00652
0.34158,0.25993,0.09194,0.12316,0.00264,0.04639,0.00441,0.11269,0.01267,0.00459
0.00745,0.25293,0.28166,0.01110,0.01581,0.06901,0.00706,0.33883,0.00383,0.01233
0.08370,0.00883,0.01436,0.09356,0.00562,0.07101,0.10206,0.50074,0.00448,0.11563
0.02459,0.44749,0.01068,0.05039,0.01284,0.09317,0.16543,0.00277,0.00304,0.18960
0.00806,0.01674,0.01674,0.02198,0.02371,0.89378,0.00145,0.01622,0.00056,0.00077
0.47407,0.00314,0.47391,0.00609,0.00390,0.01347,0.00406,0.00766,0.00473,0.00897
0.00895,0.01473,0.00366,0.03456,0.02621,0.71423,0.03606,0.03594,0.03074,0.09492
0.05067,0.03910,0.33674,0.05211,0.25591,0.19224,0.01731,0.00454,0.03373,0.01766
0.18513,0.03668,0.17995,0.08318,0.01202,0.04727,0.11011,0.17262,0.05082,0.12221
0.13274,0.26878,0.12826,0.10015,0.20739,0.08550,0.01826,0.02813,0.00870,0.02209
0.28791,0.00295,0.26064,0.00561,0.01639,0.07030,0.15920,0.02520,0.00265,0.16916
