0.00617,0.02659,0.00611,0.03963,0.04018,0.01922,0.13783,0.02946,0.09894,0.16277,0.03423,0.01673,0.00893,0.13575,0.23747
0.01176,0.02596,0.01234,0.05037,0.13786,0.11272,0.03690,0.02645,0.03640,0.05469,0.14364,0.23735,0.00902,0.02429,0.08024
0.02024,0.04208,0.02569,0.04663,0.07895,0.04826,0.06370,0.09105,0.07607,0.29074,0.02624,0.04669,0.01237,0.02054,0.11074
0.00791,0.02273,0.00706,0.03988,0.17225,0.06259,0.03981,0.02816,0.05170,0.18379,0.01244,0.08379,0.01026,0.01181,0.26582
0.01335,0.01884,0.01458,0.03019,0.03644,0.02119,0.22357,0.09854,0.18445,0.10883,0.10379,0.02152,0.00770,0.01235,0.10465
0.01048,0.02142,0.01035,0.11456,0.14807,0.02525,0.04722,0.02428,0.05609,0.19130,0.03152,0.02996,0.01452,0.09820,0.17679
0.01150,0.04416,0.01021,0.08812,0.23455,0.03730,0.06987,0.03594,0.09546,0.09330,0.04163,0.05061,0.01356,0.01611,0.15770
0.00516,0.01572,0.00508,0.02979,0.36254,0.07138,0.05168,0.01638,0.07934,0.08739,0.01106,0.15585,0.00849,0.01481,0.08532
0.00709,0.06393,0.00785,0.11490,0.06688,0.02175,0.04643,0.03203,0.03683,0.04227,0.15164,0.01876,0.00710,0.01446,0.36807
0.01724,0.05316,0.01695,0.04601,0.10641,0.08738,0.06484,0.04936,0.06232,0.22234,0.02110,0.08485,0.00996,0.03445,0.12364
0.01129,0.02784,0.01228,0.05663,0.45237,0.02629,0.15171,0.02471,0.08888,0.05817,0.01600,0.02337,0.00579,0.02198,0.02271
0.00803,0.01578,0.00814,0.02174,0.03685,0.17701,0.04536,0.16496,0.04175,0.26307,0.01754,0.15087,0.00524,0.02161,0.02207
0.01192,0.02266,0.01367,0.03357,0.03546,0.05265,0.08562,0.03323,0.10504,0.13771,0.04110,0.05641,0.01234,0.03157,0.32703
0.05392,0.03114,0.04853,0.05965,0.13840,0.03565,0.09215,0.03760,0.11464,0.04413,0.03074,0.04046,0.02151,0.00910,0.24240
0.00919,0.01471,0.01232,0.16194,0.09995,0.01328,0.09445,0.01876,0.15831,0.18819,0.01060,0.01471,0.00950,0.01448,0.17961
0.00457,0.01426,0.00432,0.02916,0.12883,0.01932,0.10809,0.02422,0.17432,0.11063,0.02561,0.01897,0.01037,0.01546,0.31187
0.01556,0.05185,0.01553,0.07342,0.06966,0.02086,0.15906,0.03221,0.18809,0.19583,0.01727,0.01721,0.01416,0.03026,0.09903
0.01048,0.01678,0.01047,0.03331,0.20362,0.03850,0.07521,0.04586,0.07969,0.18769,0.02190,0.04302,0.01136,0.02180,0.20031
0.01087,0.02094,0.01180,0.02737,0.04254,0.02710,0.13665,0.12725,0.14301,0.18590,0.04612,0.02305,0.01109,0.12270,0.06360
0.02840,0.04525,0.04123,0.07834,0.14126,0.07833,0.06040,0.03109,0.06354,0.06870,0.03470,0.07668,0.01597,0.01885,0.21725
0.01250,0.02361,0.01178,0.02616,0.04455,0.02542,0.11231,0.02775,0.08307,0.26708,0.03843,0.01697,0.00771,0.05085,0.25179
0.01413,0.06426,0.01783,0.04012,0.10768,0.02662,0.06186,0.20165,0.05201,0.23322,0.02992,0.02446,0.00585,0.09883,0.02156
0.01554,0.03031,0.01759,0.06492,0.13954,0.02389,0.08598,0.06395,0.09620,0.07993,0.21293,0.02526,0.01800,0.01538,0.11060
0.01444,0.03876,0.01409,0.07074,0.19883,0.03486,0.14055,0.14328,0.07972,0.13225,0.02113,0.02708,0.00994,0.03768,0.03665
0.00957,0.01517,0.01109,0.03271,0.05042,0.02543,0.18871,0.02251,0.20673,0.08929,0.07332,0.02349,0.00623,0.04339,0.20192
0.03975,0.01858,0.04996,0.10346,0.08295,0.07870,0.11762,0.03765,0.11410,0.21135,0.01445,0.05859,0.00757,0.01372,0.05157
0.02557,0.04719,0.03048,0.09179,0.09179,0.02287,0.06966,0.16526,0.06329,0.06928,0.06453,0.02030,0.02509,0.01620,0.19670
0.01602,0.02758,0.01838,0.08886,0.12947,0.01652,0.05206,0.07328,0.04034,0.09836,0.18887,0.01486,0.01548,0.01858,0.20135
0.02721,0.02504,0.03778,0.17288,0.08488,0.01600,0.09390,0.09525,0.09549,0.13565,0.07339,0.01442,0.01470,0.04699,0.06642
0.01053,0.01481,0.01027,0.13647,0.08203,0.01155,0.30307,0.04240,0.21425,0.07712,0.02681,0.01050,0.00767,0.01831,0.03420
0.00986,0.02250,0.00982,0.02092,0.03621,0.03723,0.14902,0.15264,0.10819,0.33705,0.01943,0.03312,0.00689,0.01766,0.03946
0.01383,0.01380,0.01458,0.04956,0.04079,0.02948,0.27615,0.04275,0.20196,0.07936,0.05998,0.02498,0.01211,0.02244,0.11824
0.00538,0.03927,0.00618,0.05663,0.08535,0.05244,0.06548,0.02084,0.14644,0.11671,0.01751,0.10268,0.01452,0.01522,0.25534
0.01745,0.03377,0.01985,0.04957,0.10234,0.02330,0.05817,0.18374,0.04542,0.17474,0.10890,0.02033,0.01170,0.07044,0.08029
0.00718,0.01555,0.00713,0.03825,0.10198,0.02897,0.19108,0.03357,0.29536,0.04847,0.10811,0.02905,0.00812,0.01261,0.07459
0.01710,0.02908,0.01815,0.05214,0.08889,0.09739,0.09041,0.05439,0.07819,0.11537,0.05489,0.08044,0.01381,0.09965,0.11011
0.01410,0.01995,0.01364,0.03375,0.08677,0.03710,0.19214,0.02851,0.14034,0.16138,0.01679,0.02903,0.01109,0.02759,0.18785
0.01571,0.03686,0.01498,0.05333,0.08736,0.02011,0.06794,0.32574,0.04895,0.03888,0.10475,0.01867,0.00745,0.00742,0.15185
0.00967,0.01612,0.01388,0.11191,0.10251,0.00846,0.11400,0.05395,0.08492,0.07785,0.07415,0.00705,0.00716,0.28840,0.02998
0.02094,0.03713,0.02420,0.07822,0.11783,0.04248,0.12099,0.10595,0.10427,0.14322,0.07391,0.03701,0.00868,0.03164,0.05355
0.00979,0.02066,0.01427,0.04022,0.05790,0.25519,0.05742,0.03245,0.06243,0.15045,0.02346,0.18654,0.00695,0.02828,0.05397
0.00933,0.03157,0.01139,0.05896,0.32468,0.04393,0.11998,0.01694,0.16781,0.05438,0.02456,0.04225,0.00606,0.02100,0.06716
0.02480,0.02969,0.02688,0.13404,0.14789,0.01546,0.06885,0.03486,0.06079,0.11292,0.06817,0.01249,0.00857,0.19501,0.05958
0.01640,0.01960,0.01748,0.04496,0.04998,0.02342,0.15651,0.08330,0.13672,0.14315,0.12126,0.01971,0.00858,0.10435,0.05457
0.00589,0.02187,0.00633,0.04937,0.32385,0.09549,0.05232,0.02276,0.04821,0.09345,0.01947,0.13174,0.00689,0.01454,0.10782
0.00526,0.02635,0.00522,0.03419,0.03879,0.02711,0.06710,0.02538,0.06749,0.39104,0.01496,0.02622,0.00825,0.02322,0.23941
0.01463,0.02747,0.01943,0.09647,0.22832,0.02360,0.06944,0.04006,0.05755,0.10995,0.09192,0.01763,0.01277,0.11149,0.07928
0.02368,0.02810,0.03237,0.04133,0.04564,0.02118,0.19378,0.04007,0.11867,0.21623,0.03218,0.01830,0.01297,0.04458,0.13092
0.01811,0.05783,0.02156,0.08809,0.13621,0.04777,0.05394,0.03486,0.07224,0.08728,0.03326,0.06500,0.02600,0.01814,0.23973
0.02534,0.02528,0.02265,0.04398,0.18481,0.11136,0.04613,0.07692,0.03911,0.07785,0.03539,0.07470,0.02752,0.01568,0.19329
0.00844,0.02737,0.01018,0.04602,0.06453,0.01101,0.14629,0.20331,0.26944,0.11252,0.01900,0.01215,0.00904,0.00936,0.05134
0.00809,0.11369,0.00847,0.14242,0.32009,0.01878,0.02899,0.17839,0.02778,0.05270,0.02360,0.02044,0.01223,0.02021,0.02412
0.01655,0.02012,0.01545,0.02823,0.04424,0.01542,0.10904,0.05349,0.09242,0.15256,0.10390,0.01221,0.00957,0.24313,0.08366
0.00717,0.01018,0.00632,0.04214,0.03324,0.01120,0.14126,0.01344,0.19249,0.09489,0.01573,0.01278,0.00621,0.04319,0.36975
0.01046,0.02095,0.01170,0.03943,0.06009,0.16964,0.03297,0.02379,0.03339,0.04833,0.21105,0.13480,0.01272,0.09895,0.09173
0.00479,0.06449,0.00547,0.12342,0.20430,0.02966,0.04246,0.24209,0.05733,0.12991,0.01164,0.03155,0.01031,0.01058,0.03199
0.06789,0.04178,0.06262,0.07227,0.09526,0.05983,0.10059,0.12896,0.09001,0.09276,0.05699,0.05197,0.01190,0.02748,0.03969
0.00949,0.15722,0.01115,0.13922,0.04255,0.05828,0.04839,0.04025,0.06063,0.08434,0.04781,0.08448,0.03158,0.02515,0.15946
0.01669,0.01560,0.01541,0.03613,0.04730,0.01053,0.09606,0.17247,0.10878,0.16083,0.10829,0.01025,0.01008,0.14806,0.04352
0.00872,0.01136,0.00988,0.04887,0.03276,0.02492,0.06670,0.11020,0.07351,0.43042,0.02451,0.02869,0.00816,0.02338,0.09792
0.02347,0.02671,0.02133,0.16748,0.14023,0.02656,0.02307,0.22098,0.02255,0.24541,0.01366,0.02275,0.00713,0.01163,0.02704
0.01147,0.09223,0.01199,0.26170,0.12918,0.03870,0.06938,0.06981,0.07359,0.10557,0.02648,0.04161,0.01456,0.02691,0.02682
0.00910,0.05114,0.00995,0.08974,0.10018,0.06315,0.08002,0.04375,0.09359,0.25030,0.01966,0.07165,0.01194,0.04631,0.05953
0.01529,0.02184,0.01459,0.14473,0.11288,0.02436,0.10782,0.04178,0.09084,0.14159,0.02518,0.02055,0.00866,0.02164,0.20823
0.00524,0.00842,0.00646,0.01628,0.01934,0.13118,0.07859,0.05384,0.09369,0.22174,0.01648,0.28459,0.00533,0.01858,0.04024
0.01172,0.02524,0.01340,0.04656,0.09596,0.02861,0.07804,0.12664,0.07527,0.14688,0.05446,0.02326,0.01207,0.01713,0.24474
0.01354,0.03020,0.01518,0.05537,0.11665,0.04017,0.26884,0.01799,0.11190,0.02857,0.06296,0.02971,0.00849,0.01630,0.18412
0.00652,0.04218,0.00626,0.10068,0.40427,0.04064,0.08617,0.03401,0.09937,0.05159,0.01962,0.04880,0.00827,0.01403,0.03757
0.00762,0.02138,0.00810,0.02658,0.05703,0.01953,0.03438,0.38523,0.03780,0.30430,0.01953,0.01889,0.00576,0.03139,0.02247
0.01143,0.03495,0.01188,0.03479,0.04825,0.01539,0.06961,0.21308,0.10395,0.32588,0.03263,0.01658,0.00998,0.01606,0.05552
0.01801,0.01632,0.01563,0.02763,0.05210,0.03997,0.04284,0.15932,0.03185,0.20582,0.09719,0.02816,0.00794,0.18381,0.07342
0.01707,0.09695,0.01727,0.03209,0.10832,0.06026,0.04493,0.10701,0.05195,0.04900,0.21984,0.08812,0.01421,0.01618,0.07680
0.01052,0.01667,0.01029,0.02579,0.03404,0.02045,0.29977,0.05236,0.22421,0.15534,0.03154,0.01789,0.00734,0.02108,0.07273
0.01004,0.03955,0.01082,0.05247,0.30982,0.01624,0.16442,0.02893,0.12082,0.08934,0.03321,0.01387,0.00635,0.06518,0.03893
0.00941,0.01196,0.01145,0.04808,0.05450,0.00759,0.33726,0.02239,0.30641,0.04988,0.05074,0.00755,0.00617,0.02433,0.05230
0.01280,0.01562,0.01247,0.23404,0.08965,0.01129,0.09000,0.04002,0.05791,0.11805,0.07131,0.00957,0.01002,0.06586,0.16138
0.03351,0.07833,0.04508,0.07802,0.14040,0.01714,0.16355,0.12190,0.09728,0.08754,0.04589,0.01202,0.00804,0.03587,0.03543
0.00890,0.01624,0.01007,0.02990,0.06295,0.05380,0.10443,0.03908,0.07080,0.23669,0.04786,0.03570,0.00729,0.13738,0.13892
0.01074,0.01625,0.00960,0.03087,0.15596,0.15626,0.06702,0.02866,0.07174,0.16407,0.01685,0.13699,0.00541,0.01151,0.11810
0.11083,0.01826,0.06772,0.03434,0.19103,0.03053,0.07481,0.04886,0.05453,0.06522,0.03851,0.02346,0.01405,0.03757,0.19029
0.01389,0.01645,0.01560,0.04211,0.05099,0.14483,0.08012,0.24835,0.06733,0.08081,0.04208,0.09080,0.01071,0.06724,0.02870
0.01060,0.01662,0.01167,0.24026,0.15640,0.01138,0.10205,0.07443,0.07597,0.09709,0.10322,0.01136,0.00918,0.01626,0.06351
0.01180,0.03582,0.01707,0.07909,0.20621,0.03211,0.05888,0.13064,0.06713,0.11122,0.05508,0.03809,0.01069,0.11296,0.03322
0.00761,0.02423,0.00833,0.03355,0.12756,0.00854,0.18578,0.03483,0.22642,0.09684,0.05138,0.00897,0.00567,0.13443,0.04585
0.02248,0.02080,0.02460,0.16636,0.11206,0.01828,0.14324,0.08617,0.14845,0.13281,0.03047,0.01823,0.01352,0.02789,0.03465
0.01620,0.02142,0.02173,0.14263,0.08363,0.09618,0.07800,0.08045,0.07280,0.17656,0.04535,0.05254,0.01224,0.04083,0.05946
0.03326,0.03060,0.03153,0.04365,0.09940,0.02004,0.13272,0.03948,0.10360,0.26409,0.02059,0.01580,0.01452,0.02159,0.12913
0.01226,0.01847,0.01384,0.08056,0.07116,0.06789,0.10391,0.05134,0.10857,0.19047,0.05727,0.05611,0.00876,0.11460,0.04481
0.02435,0.10338,0.02970,0.02738,0.06073,0.02351,0.11811,0.27626,0.08290,0.08732,0.08479,0.01948,0.00668,0.01610,0.03931
0.01581,0.02131,0.01397,0.03405,0.04335,0.01684,0.06721,0.04140,0.07278,0.24103,0.01691,0.01662,0.01218,0.01060,0.37592
0.00880,0.02641,0.01227,0.06400,0.28765,0.02435,0.04344,0.02538,0.04103,0.11227,0.02506,0.02293,0.00632,0.08021,0.21989
0.02142,0.05589,0.02363,0.07417,0.13567,0.02969,0.10486,0.10236,0.11332,0.14749,0.05025,0.02434,0.01072,0.03403,0.07217
0.00918,0.02167,0.00921,0.03525,0.23979,0.04886,0.05405,0.24894,0.08160,0.11936,0.01439,0.07210,0.00839,0.01035,0.02686
0.01413,0.01990,0.01825,0.43384,0.14231,0.02179,0.03847,0.02293,0.04300,0.09415,0.01648,0.01935,0.01112,0.02403,0.08026
0.00745,0.01514,0.00863,0.13997,0.13013,0.02137,0.03051,0.05793,0.02969,0.30487,0.04588,0.01821,0.00777,0.05450,0.12795
0.01470,0.19896,0.01139,0.02526,0.08435,0.03732,0.02607,0.19587,0.02611,0.24020,0.02351,0.03346,0.00809,0.02013,0.05458
0.00728,0.01155,0.00804,0.03283,0.03439,0.01958,0.06962,0.14290,0.06896,0.19729,0.26957,0.01820,0.00610,0.04644,0.06727
0.02331,0.02085,0.02820,0.04248,0.03340,0.11723,0.10237,0.10148,0.08648,0.20710,0.03184,0.08670,0.01475,0.04154,0.06227
0.01789,0.02006,0.02080,0.02161,0.03285,0.03228,0.07714,0.07393,0.09303,0.46213,0.01217,0.02806,0.01369,0.01192,0.08245
0.01117,0.02118,0.01272,0.02497,0.03779,0.01928,0.03278,0.49181,0.02987,0.14551,0.08752,0.01782,0.00632,0.02052,0.04073
