0.01851,0.04340,0.01876,0.04986,0.10061,0.04486,0.12784,0.05265,0.12549,0.18437,0.01464,0.04442,0.01397,0.01317,0.14744
0.01158,0.02645,0.01430,0.07303,0.10529,0.02649,0.17984,0.08523,0.18013,0.11025,0.05201,0.03038,0.01056,0.03832,0.05616
0.04703,0.05589,0.04746,0.10368,0.15250,0.03581,0.13139,0.03508,0.13220,0.05170,0.06462,0.03350,0.01649,0.05716,0.03548
0.01180,0.01491,0.01125,0.06093,0.07205,0.03944,0.23183,0.03284,0.22813,0.10164,0.03127,0.03915,0.01079,0.02962,0.08434
0.00724,0.06797,0.00828,0.10653,0.12449,0.01966,0.04603,0.19788,0.04742,0.23456,0.02726,0.02185,0.01621,0.02040,0.05420
0.01915,0.02820,0.02186,0.03798,0.06461,0.07666,0.06215,0.12706,0.06152,0.21081,0.04638,0.08049,0.01822,0.01933,0.12557
0.03213,0.02390,0.03306,0.03694,0.07183,0.01709,0.09674,0.06844,0.08884,0.16855,0.10865,0.01652,0.00941,0.08398,0.14394
0.00994,0.09250,0.01026,0.14306,0.18106,0.02834,0.10629,0.03890,0.10298,0.09669,0.04249,0.02889,0.00895,0.02365,0.08601
0.01291,0.04057,0.01306,0.07728,0.13078,0.00926,0.07028,0.07933,0.06502,0.15138,0.12415,0.00795,0.00967,0.11547,0.09289
0.01164,0.01683,0.01270,0.05369,0.06603,0.01038,0.21073,0.10700,0.20353,0.14636,0.04176,0.01076,0.01163,0.02051,0.07644
0.01565,0.01883,0.01507,0.02866,0.12764,0.08975,0.06240,0.14754,0.05582,0.18408,0.04237,0.08634,0.01936,0.03058,0.07591
0.04150,0.04173,0.04286,0.05818,0.06951,0.02622,0.13507,0.04360,0.13705,0.07918,0.08681,0.03296,0.05117,0.05949,0.09468
0.03057,0.08852,0.02582,0.04625,0.14153,0.01793,0.13892,0.12014,0.13911,0.13658,0.01819,0.01729,0.02149,0.02165,0.03601
0.03276,0.04065,0.03451,0.05051,0.08478,0.01898,0.17007,0.09543,0.16774,0.11402,0.06067,0.01954,0.01285,0.05683,0.04066
0.01110,0.04183,0.01213,0.07265,0.14283,0.12662,0.09960,0.05389,0.09669,0.08641,0.03515,0.12193,0.01085,0.02298,0.06533
0.01693,0.03095,0.01971,0.03067,0.05356,0.01973,0.13435,0.15170,0.13085,0.16946,0.09077,0.01838,0.01042,0.04518,0.07733
0.01656,0.02801,0.01840,0.08165,0.12376,0.02662,0.02546,0.22924,0.02590,0.28232,0.01630,0.02792,0.01192,0.01123,0.07471
0.01145,0.01402,0.01058,0.01930,0.03071,0.02451,0.21052,0.18951,0.20792,0.19541,0.01696,0.02372,0.01043,0.01340,0.02157
0.01833,0.03565,0.01889,0.06369,0.12228,0.01431,0.09729,0.09489,0.09559,0.17967,0.06796,0.01467,0.01107,0.05021,0.11550
0.02878,0.03560,0.02590,0.11616,0.14808,0.02502,0.09795,0.05595,0.09294,0.08658,0.09219,0.02068,0.02162,0.05441,0.09815
0.02039,0.04367,0.01746,0.04249,0.08895,0.02392,0.13367,0.03977,0.13476,0.08619,0.11434,0.03142,0.03470,0.02698,0.16129
0.00883,0.20178,0.00913,0.24033,0.09686,0.01822,0.03988,0.07930,0.03970,0.12679,0.02244,0.01617,0.01489,0.01980,0.06588
0.01046,0.06970,0.00992,0.09427,0.08781,0.01437,0.07881,0.18071,0.07672,0.20040,0.05560,0.01465,0.01345,0.04095,0.05216
0.02298,0.04113,0.03325,0.09934,0.15138,0.10220,0.06192,0.08051,0.06270,0.08425,0.05559,0.10545,0.01570,0.02140,0.06222
0.08087,0.04362,0.09579,0.10793,0.11815,0.06310,0.02694,0.13249,0.03307,0.14354,0.01873,0.06436,0.02282,0.02036,0.02822
0.01529,0.04719,0.01754,0.13743,0.19539,0.02374,0.06823,0.12100,0.07003,0.12855,0.05428,0.01905,0.01953,0.02609,0.05665
0.02524,0.02206,0.02801,0.06858,0.07856,0.07606,0.03652,0.08697,0.03856,0.15283,0.09871,0.07499,0.02087,0.09233,0.09971
0.01163,0.05069,0.01046,0.14712,0.23310,0.01386,0.06368,0.05097,0.06282,0.10230,0.07774,0.01616,0.01496,0.07815,0.06635
0.01637,0.10316,0.02015,0.06921,0.19510,0.09240,0.04537,0.08178,0.04312,0.12839,0.01772,0.08823,0.01114,0.01791,0.06994
0.01166,0.01548,0.01370,0.03657,0.04846,0.05415,0.25055,0.06082,0.24640,0.07712,0.04886,0.05234,0.00865,0.04297,0.03226
0.01611,0.04218,0.01962,0.08345,0.13540,0.04835,0.08117,0.06043,0.08146,0.10184,0.10586,0.04920,0.01538,0.03689,0.12266
0.00985,0.01455,0.01028,0.03085,0.04455,0.02332,0.05237,0.08536,0.04378,0.21601,0.14016,0.01908,0.00978,0.03366,0.26639
0.02050,0.19487,0.02317,0.04676,0.26103,0.02954,0.03666,0.03955,0.03674,0.06696,0.08381,0.02544,0.01055,0.04759,0.07682
0.13078,0.01451,0.12819,0.02474,0.08657,0.02236,0.04662,0.11384,0.04634,0.18299,0.03783,0.02452,0.01149,0.02385,0.10536
0.02736,0.05094,0.02648,0.07679,0.12354,0.03852,0.06391,0.03904,0.08008,0.11962,0.07168,0.06129,0.04720,0.05532,0.11823
0.01574,0.02416,0.01664,0.08073,0.10966,0.03798,0.12200,0.10786,0.12053,0.17555,0.03168,0.03637,0.01010,0.01814,0.09286
0.01011,0.03629,0.01008,0.07002,0.17444,0.03347,0.06206,0.04754,0.05518,0.18089,0.06498,0.02919,0.01139,0.02945,0.18490
0.01466,0.06671,0.01636,0.11804,0.21996,0.01464,0.02747,0.01867,0.02673,0.14365,0.08449,0.01404,0.01034,0.08540,0.13886
0.02678,0.03379,0.02437,0.07918,0.10735,0.01862,0.07652,0.08581,0.07236,0.09958,0.15770,0.02025,0.00923,0.13228,0.05616
0.01501,0.07325,0.01435,0.02053,0.08485,0.09046,0.06720,0.20826,0.06978,0.21110,0.01209,0.09171,0.01315,0.01070,0.01755
0.02717,0.10830,0.02686,0.04757,0.15897,0.02009,0.04838,0.07223,0.04695,0.16759,0.06193,0.01730,0.01417,0.06370,0.11877
0.01627,0.02273,0.01617,0.02364,0.04063,0.06454,0.14292,0.09285,0.13923,0.12926,0.08631,0.06238,0.01503,0.06556,0.08250
0.02035,0.02041,0.02079,0.07168,0.08458,0.05506,0.05132,0.04258,0.04810,0.19093,0.06836,0.04782,0.02127,0.07705,0.17971
0.01462,0.03106,0.01519,0.06318,0.09643,0.01886,0.06121,0.06714,0.05806,0.15614,0.14098,0.01715,0.01367,0.10108,0.14524
0.01593,0.03435,0.02436,0.05298,0.09142,0.05922,0.05419,0.12190,0.05066,0.21919,0.03347,0.06330,0.01707,0.03480,0.12717
0.00896,0.01231,0.00825,0.06196,0.08216,0.01054,0.13304,0.03116,0.12906,0.22118,0.03748,0.01264,0.01091,0.01765,0.22268
0.00748,0.01639,0.00870,0.03645,0.13566,0.02222,0.10756,0.09079,0.10015,0.23680,0.02694,0.01872,0.00793,0.01663,0.16758
0.01620,0.01440,0.01820,0.12493,0.13552,0.03738,0.12212,0.08741,0.11687,0.15423,0.02683,0.03850,0.00748,0.02236,0.07756
0.06166,0.01253,0.05941,0.02216,0.10388,0.01586,0.12451,0.13934,0.11902,0.16109,0.05733,0.01319,0.01088,0.02154,0.07757
0.02422,0.04929,0.03181,0.11356,0.17913,0.03610,0.03289,0.04748,0.03183,0.18137,0.03252,0.03989,0.01475,0.02302,0.16216
0.05942,0.06319,0.06617,0.13736,0.19657,0.03062,0.05939,0.04112,0.05830,0.10843,0.02836,0.03147,0.01229,0.02693,0.08037
0.02722,0.03399,0.02534,0.05823,0.08800,0.04843,0.13252,0.04561,0.12954,0.09179,0.09693,0.04512,0.01596,0.01607,0.14526
0.02191,0.07153,0.01965,0.10475,0.19709,0.01835,0.03857,0.06914,0.04015,0.10089,0.10579,0.02055,0.02374,0.04788,0.12003
0.01025,0.02467,0.00956,0.04122,0.04615,0.01956,0.07542,0.07062,0.06986,0.28522,0.04465,0.02075,0.01073,0.03067,0.24068
0.01008,0.01939,0.01023,0.03828,0.05754,0.04183,0.05471,0.02862,0.05090,0.13211,0.18985,0.04092,0.01274,0.10328,0.20953
0.02038,0.02478,0.02142,0.03129,0.02405,0.01337,0.05458,0.30119,0.05228,0.31466,0.04604,0.01081,0.00727,0.02247,0.05541
0.01971,0.01597,0.01867,0.02703,0.07023,0.05147,0.03704,0.21786,0.03627,0.23275,0.09045,0.04972,0.01048,0.03824,0.08411
0.03438,0.04383,0.03296,0.10010,0.14067,0.01715,0.04606,0.03139,0.04395,0.19364,0.05016,0.01674,0.01669,0.01639,0.21589
0.03475,0.09227,0.03230,0.13543,0.24885,0.01628,0.04024,0.12569,0.04368,0.12980,0.01964,0.02219,0.01566,0.01699,0.02625
0.01783,0.06430,0.02025,0.08030,0.05309,0.02891,0.07731,0.15545,0.07581,0.22734,0.03323,0.02775,0.01241,0.03395,0.09207
0.03561,0.10193,0.03179,0.03704,0.12316,0.04382,0.11102,0.04795,0.10936,0.09335,0.07485,0.04300,0.01261,0.01673,0.11777
0.01065,0.01743,0.01081,0.03437,0.15904,0.01204,0.11868,0.10302,0.11618,0.20581,0.03073,0.01304,0.01273,0.02389,0.13157
0.03074,0.05005,0.03181,0.09525,0.14503,0.02024,0.05216,0.05001,0.05111,0.08554,0.14201,0.01843,0.02353,0.11803,0.08605
0.02381,0.03054,0.02074,0.04977,0.07489,0.02745,0.15373,0.06442,0.15532,0.08672,0.11552,0.03106,0.01928,0.10985,0.03689
0.02462,0.05775,0.02636,0.07895,0.09633,0.05963,0.07292,0.12686,0.08577,0.15524,0.02207,0.07614,0.03989,0.02524,0.05224
0.01942,0.08381,0.02004,0.10177,0.07444,0.12814,0.06611,0.03720,0.07358,0.06696,0.05319,0.13552,0.03769,0.05151,0.05060
0.01787,0.02672,0.01594,0.12929,0.16765,0.01059,0.17458,0.05550,0.17495,0.09795,0.02503,0.01339,0.01063,0.01622,0.06370
0.02013,0.13758,0.02452,0.16306,0.09492,0.01865,0.08357,0.05563,0.08567,0.13077,0.02036,0.02582,0.02414,0.01849,0.09668
0.01116,0.03858,0.01202,0.09288,0.28357,0.02641,0.09038,0.04810,0.09437,0.11253,0.02290,0.03018,0.03313,0.02047,0.08334
0.02285,0.02383,0.02264,0.10596,0.12668,0.04491,0.03363,0.04845,0.03154,0.10946,0.13970,0.04608,0.01710,0.05217,0.17500
0.01032,0.02360,0.00914,0.08976,0.13178,0.00826,0.06395,0.19365,0.06068,0.27113,0.01621,0.00948,0.00657,0.01100,0.09446
0.01330,0.05075,0.01376,0.02761,0.08039,0.04960,0.05291,0.14970,0.04842,0.19897,0.09766,0.04299,0.00970,0.07471,0.08953
0.01557,0.17452,0.01680,0.03511,0.22931,0.01732,0.02716,0.03731,0.02666,0.16405,0.03864,0.01506,0.01259,0.02766,0.16224
0.02290,0.11927,0.02334,0.05314,0.17849,0.04163,0.06648,0.06434,0.06423,0.11166,0.06806,0.04075,0.01307,0.02690,0.10573
0.02400,0.02464,0.02672,0.05219,0.06867,0.04636,0.15393,0.04502,0.14952,0.11635,0.07008,0.04653,0.01142,0.02518,0.13939
0.01986,0.10993,0.02168,0.07292,0.20181,0.02445,0.05440,0.10208,0.05041,0.12650,0.06321,0.02176,0.01384,0.03397,0.08318
0.02568,0.02272,0.02363,0.06106,0.07325,0.01556,0.06356,0.16615,0.05937,0.22495,0.07115,0.01460,0.02412,0.04779,0.10642
0.01612,0.02080,0.01812,0.04916,0.07300,0.01154,0.17692,0.09302,0.17486,0.15075,0.05577,0.01494,0.01246,0.03036,0.10220
0.02184,0.04961,0.02357,0.06027,0.11388,0.04238,0.11929,0.07164,0.11651,0.08918,0.09620,0.04358,0.01742,0.03017,0.10447
0.03166,0.15307,0.03492,0.04983,0.20178,0.03154,0.05165,0.06075,0.05155,0.11916,0.03945,0.03001,0.01911,0.04357,0.08194
0.01240,0.06390,0.01304,0.08736,0.11302,0.02576,0.05224,0.08685,0.04657,0.22099,0.03440,0.01977,0.02648,0.03546,0.16176
0.01193,0.01370,0.01245,0.02189,0.05396,0.02558,0.14245,0.01810,0.13696,0.14455,0.11874,0.02198,0.01393,0.01992,0.24386
0.01211,0.01687,0.01957,0.07960,0.08544,0.01579,0.18677,0.12281,0.17906,0.13073,0.04122,0.01365,0.01843,0.03922,0.03874
0.01155,0.02064,0.01268,0.04403,0.17809,0.09600,0.02921,0.09463,0.02897,0.14388,0.08297,0.08930,0.01548,0.08268,0.06990
0.01643,0.05479,0.01646,0.06065,0.02725,0.01547,0.18631,0.13010,0.18782,0.14806,0.03632,0.02384,0.02348,0.02910,0.04391
0.02060,0.03303,0.02292,0.10116,0.13780,0.08345,0.04241,0.03006,0.04447,0.12595,0.06248,0.08740,0.02816,0.06430,0.11580
0.01579,0.05668,0.01904,0.05867,0.12747,0.04181,0.12821,0.03682,0.12960,0.10447,0.07227,0.04731,0.01151,0.01533,0.13503
0.02799,0.03834,0.02911,0.11407,0.15623,0.04801,0.06673,0.08300,0.06223,0.11751,0.06396,0.04726,0.02127,0.06021,0.06409
0.00706,0.01237,0.00797,0.02739,0.03667,0.01288,0.15274,0.04500,0.14625,0.26723,0.01579,0.01277,0.00826,0.01524,0.23238
0.04710,0.06999,0.04089,0.09040,0.05561,0.03300,0.10980,0.12023,0.10405,0.12449,0.06130,0.02685,0.02392,0.04447,0.04790
0.01665,0.02178,0.01851,0.02737,0.04246,0.03227,0.22357,0.06131,0.21867,0.13898,0.03426,0.02979,0.01280,0.02336,0.09822
0.01422,0.01592,0.01313,0.07768,0.09341,0.14654,0.06944,0.11027,0.07029,0.13449,0.02801,0.14260,0.01685,0.02344,0.04370
0.02591,0.04011,0.02602,0.17934,0.22332,0.03887,0.08881,0.03737,0.08760,0.06072,0.04727,0.03639,0.01907,0.03412,0.05506
0.02008,0.11167,0.01904,0.03684,0.15174,0.03069,0.03402,0.05483,0.03319,0.07966,0.17380,0.02586,0.01104,0.01896,0.19858
0.00631,0.01212,0.00603,0.06631,0.07848,0.00905,0.12752,0.05971,0.12006,0.10106,0.17440,0.00943,0.00547,0.16569,0.05838
0.02258,0.02533,0.02397,0.19275,0.22039,0.01647,0.02176,0.07417,0.02263,0.16338,0.03743,0.01460,0.01511,0.03585,0.11358
0.02040,0.03728,0.02077,0.05579,0.11550,0.01551,0.16612,0.08093,0.16479,0.11397,0.05832,0.01585,0.02170,0.04578,0.06729
0.01575,0.05272,0.01507,0.06683,0.04027,0.05978,0.03567,0.11404,0.02787,0.18974,0.10640,0.05273,0.01560,0.10397,0.10356
0.01419,0.03777,0.01673,0.12395,0.17863,0.01782,0.05349,0.09983,0.05262,0.17394,0.05814,0.02072,0.01064,0.01509,0.12646
0.02070,0.14621,0.02601,0.18086,0.12747,0.02253,0.10442,0.03019,0.10281,0.07084,0.03846,0.02189,0.01587,0.02828,0.06346
0.03320,0.03678,0.02949,0.05427,0.07433,0.06150,0.09161,0.10544,0.09276,0.13646,0.05819,0.06416,0.03887,0.04427,0.07867
0.02273,0.04204,0.02298,0.13584,0.19094,0.04945,0.07786,0.05450,0.07757,0.08284,0.05596,0.05592,0.02693,0.04020,0.06423
0.01860,0.02175,0.01531,0.10311,0.12514,0.02637,0.11604,0.05459,0.11281,0.13552,0.06123,0.02371,0.01852,0.01952,0.14779
0.02015,0.04576,0.01885,0.08993,0.14562,0.01761,0.04549,0.05006,0.04378,0.24749,0.01990,0.01651,0.01049,0.01253,0.21582
0.01819,0.05063,0.01946,0.05133,0.10675,0.02439,0.02624,0.12588,0.02403,0.21121,0.09534,0.02766,0.01256,0.02349,0.18284
0.01763,0.05104,0.01690,0.11469,0.18157,0.02044,0.07302,0.06241,0.07427,0.13227,0.05759,0.01947,0.03045,0.02224,0.12600
0.03757,0.11219,0.03630,0.12952,0.25058,0.01605,0.07967,0.03465,0.07656,0.06403,0.03972,0.01400,0.02075,0.03347,0.05494
0.02233,0.03101,0.02277,0.07715,0.10980,0.02853,0.04550,0.07922,0.04011,0.15408,0.13318,0.02644,0.00976,0.12258,0.09754
0.03537,0.13758,0.03348,0.05003,0.19671,0.02472,0.08040,0.04678,0.07993,0.07271,0.08571,0.02249,0.00977,0.02677,0.09754
0.03858,0.02259,0.03813,0.05315,0.22143,0.01520,0.12657,0.05556,0.12063,0.08873,0.07425,0.01385,0.00765,0.06995,0.05371
0.01041,0.02807,0.01145,0.07384,0.11839,0.01724,0.20588,0.06630,0.20216,0.11987,0.02710,0.01688,0.00944,0.02155,0.07142
0.02067,0.05531,0.02351,0.12148,0.19031,0.05899,0.05167,0.08444,0.05800,0.09496,0.05553,0.06712,0.03033,0.03205,0.05562
0.01429,0.01586,0.01517,0.02254,0.03154,0.06197,0.15451,0.11974,0.15089,0.19296,0.02960,0.06053,0.01170,0.02750,0.09119
0.01568,0.02968,0.01970,0.09411,0.12928,0.05034,0.13932,0.06216,0.13822,0.10590,0.04616,0.05008,0.01217,0.02334,0.08386
0.01578,0.05548,0.01696,0.10551,0.22832,0.02692,0.08418,0.07393,0.07696,0.13160,0.04155,0.02224,0.00828,0.01735,0.09494
0.01169,0.01211,0.01189,0.02026,0.13977,0.01524,0.13568,0.01932,0.12919,0.22444,0.01887,0.01469,0.01083,0.01929,0.21673
0.01668,0.03008,0.01836,0.07241,0.10977,0.02536,0.19294,0.03821,0.18699,0.06154,0.08337,0.02355,0.01469,0.05986,0.06618
0.01205,0.10377,0.01363,0.13121,0.06356,0.05019,0.03522,0.11535,0.03678,0.19844,0.03768,0.05688,0.01193,0.01381,0.11952
0.01221,0.03223,0.01683,0.06179,0.10393,0.04556,0.06638,0.15250,0.06590,0.21512,0.04515,0.04659,0.01077,0.03896,0.08608
0.03119,0.05181,0.03215,0.08191,0.13826,0.04322,0.05180,0.06215,0.06281,0.15136,0.02637,0.05102,0.06757,0.03493,0.11345
0.00606,0.02690,0.00667,0.08544,0.49139,0.01955,0.01927,0.03268,0.01939,0.12117,0.01757,0.01999,0.01020,0.01190,0.11182
0.03232,0.03162,0.02907,0.15009,0.17454,0.01972,0.06530,0.03834,0.06491,0.11164,0.06449,0.01958,0.03467,0.03126,0.13244
0.02341,0.06476,0.02413,0.06889,0.14104,0.04510,0.06889,0.07921,0.06763,0.10804,0.09645,0.04642,0.01745,0.02301,0.12558
0.04033,0.02839,0.03805,0.03864,0.04664,0.08855,0.09530,0.11713,0.09256,0.17673,0.02925,0.08241,0.01793,0.02371,0.08440
0.02078,0.02436,0.01978,0.03859,0.05932,0.04661,0.04824,0.09515,0.04585,0.17551,0.12151,0.04733,0.02541,0.03522,0.19633
0.03966,0.03675,0.03824,0.05320,0.07130,0.06544,0.16978,0.02835,0.16220,0.09045,0.03949,0.06316,0.02028,0.01888,0.10282
0.01390,0.02208,0.01190,0.15004,0.18355,0.00961,0.03452,0.07893,0.03179,0.18714,0.06769,0.01082,0.00749,0.03554,0.15502
0.01387,0.05937,0.01711,0.04410,0.10949,0.02599,0.10676,0.03444,0.10823,0.10143,0.13256,0.02522,0.01208,0.01646,0.19290
0.01961,0.02511,0.01999,0.12234,0.14910,0.01383,0.07062,0.14580,0.06751,0.18207,0.05601,0.01261,0.01267,0.02207,0.08067
0.01678,0.03261,0.01805,0.05926,0.10263,0.04726,0.16338,0.06044,0.16252,0.10332,0.06140,0.04893,0.01133,0.02912,0.08297
0.03273,0.03068,0.03403,0.09170,0.10480,0.02805,0.12646,0.04819,0.12605,0.10575,0.06871,0.03330,0.02502,0.06750,0.07703
0.01245,0.06109,0.01128,0.03486,0.10024,0.02067,0.04868,0.11147,0.04611,0.19862,0.11182,0.02321,0.01071,0.09028,0.11850
0.02213,0.05454,0.02604,0.08100,0.13871,0.01796,0.06500,0.04366,0.06112,0.15262,0.08544,0.01695,0.02231,0.03481,0.17771
0.03535,0.04159,0.03614,0.08986,0.26526,0.03210,0.03120,0.10928,0.02989,0.12168,0.06781,0.03119,0.01112,0.02004,0.07749
0.01445,0.03112,0.01702,0.05029,0.10256,0.07172,0.09399,0.16202,0.09245,0.16355,0.04543,0.06544,0.01546,0.02578,0.04873
0.01176,0.02201,0.01095,0.04734,0.22080,0.02705,0.15425,0.08247,0.14929,0.09521,0.05706,0.02236,0.00964,0.01884,0.07094
0.01099,0.05824,0.01254,0.07015,0.15178,0.05254,0.04372,0.06301,0.04489,0.18689,0.04481,0.05748,0.01432,0.03656,0.15208
0.02056,0.02488,0.02299,0.03851,0.06148,0.02032,0.04118,0.10305,0.03697,0.23667,0.10201,0.01472,0.01582,0.01925,0.24160
0.01752,0.01714,0.01635,0.13635,0.15562,0.01931,0.07100,0.06840,0.06524,0.19879,0.03065,0.01968,0.01140,0.02693,0.14561
0.03898,0.05450,0.04265,0.05649,0.09795,0.06970,0.03032,0.13748,0.02915,0.21091,0.02758,0.06399,0.01551,0.02194,0.10285
0.02536,0.04828,0.02723,0.24034,0.31222,0.01582,0.01931,0.04551,0.02083,0.08526,0.03784,0.01687,0.01056,0.03921,0.05535
0.02953,0.03979,0.03224,0.05641,0.07645,0.04236,0.09529,0.05653,0.09609,0.13602,0.08852,0.04177,0.01809,0.07309,0.11783
0.01034,0.02366,0.00997,0.03809,0.05697,0.01383,0.09816,0.05024,0.09261,0.15418,0.15139,0.01306,0.01049,0.14700,0.13001
0.01612,0.04514,0.01780,0.02672,0.07090,0.05091,0.14557,0.05644,0.14214,0.18000,0.02515,0.04895,0.01012,0.01396,0.15008
0.01475,0.07272,0.01622,0.02862,0.10699,0.02239,0.08800,0.20800,0.08937,0.21697,0.03798,0.02118,0.01575,0.03261,0.02845
0.01952,0.02105,0.02291,0.07989,0.09655,0.01395,0.18126,0.09663,0.17572,0.10237,0.06953,0.01229,0.01497,0.01480,0.07856
0.06120,0.02739,0.06106,0.03754,0.06184,0.16880,0.04053,0.05617,0.04019,0.09086,0.05508,0.17206,0.01869,0.03291,0.07569
0.04499,0.06139,0.04334,0.08450,0.14777,0.02622,0.13206,0.02729,0.14003,0.05749,0.03876,0.04150,0.06106,0.01619,0.07742
0.02158,0.02344,0.01882,0.12569,0.15511,0.04736,0.06208,0.12953,0.04970,0.16745,0.03902,0.03913,0.01433,0.04305,0.06371
0.04093,0.02522,0.04371,0.05160,0.05784,0.02632,0.07943,0.20034,0.07576,0.24378,0.02480,0.02136,0.01493,0.01743,0.07657
0.01975,0.02419,0.01416,0.03690,0.07727,0.06742,0.08291,0.10816,0.07252,0.13361,0.10777,0.05870,0.01987,0.02997,0.14680
0.01636,0.06699,0.01614,0.02769,0.08602,0.03067,0.07105,0.20976,0.07022,0.22439,0.04605,0.02863,0.01801,0.05173,0.03628
0.01522,0.01599,0.01434,0.07478,0.08733,0.03080,0.05183,0.08277,0.04581,0.14721,0.15196,0.02820,0.01175,0.10870,0.13331
0.01371,0.03304,0.02610,0.11258,0.16526,0.01773,0.02596,0.09157,0.02504,0.22574,0.03450,0.01677,0.01231,0.03432,0.16538
0.02463,0.09716,0.02295,0.04749,0.14606,0.06026,0.07621,0.06763,0.07606,0.10825,0.07024,0.06123,0.01372,0.02603,0.10209
0.01818,0.02854,0.02359,0.07492,0.11047,0.02446,0.02210,0.14257,0.02399,0.28580,0.02287,0.02475,0.00803,0.01352,0.17620
0.01369,0.04221,0.02360,0.14179,0.21432,0.02646,0.06026,0.03476,0.05628,0.09062,0.09241,0.02754,0.01155,0.08486,0.07966
0.00838,0.02022,0.00982,0.07392,0.10495,0.00872,0.13247,0.06205,0.12549,0.11906,0.12303,0.01092,0.00922,0.03658,0.15515
0.03541,0.04512,0.04024,0.06688,0.15365,0.03567,0.04423,0.12265,0.03973,0.17077,0.03641,0.02853,0.03637,0.04183,0.10251
0.04163,0.04820,0.04049,0.07974,0.12000,0.04225,0.04284,0.10190,0.04064,0.10935,0.12310,0.03515,0.01976,0.03037,0.12457
0.00754,0.01835,0.00825,0.03482,0.08632,0.03160,0.16949,0.04675,0.16687,0.14598,0.06697,0.03125,0.00928,0.01451,0.16203
0.01572,0.04445,0.02172,0.04179,0.08819,0.06012,0.07539,0.06343,0.07008,0.08284,0.16671,0.06257,0.00956,0.16258,0.03485
0.02439,0.08813,0.02477,0.02981,0.10434,0.04871,0.09216,0.05095,0.08456,0.12507,0.09022,0.04018,0.01148,0.02798,0.15725
0.01989,0.01661,0.01813,0.05848,0.06838,0.04773,0.18092,0.04958,0.19655,0.08160,0.04412,0.06232,0.05714,0.02049,0.07807
0.01134,0.01518,0.01229,0.05281,0.06620,0.04294,0.13508,0.02897,0.13022,0.19471,0.04088,0.04373,0.00984,0.01508,0.20075
0.00729,0.01333,0.00735,0.03747,0.35340,0.03910,0.07007,0.06981,0.06605,0.15476,0.02047,0.03479,0.00677,0.00883,0.11050
0.00943,0.01999,0.01046,0.02502,0.04282,0.01394,0.11135,0.22464,0.10845,0.26867,0.03845,0.01595,0.01256,0.02244,0.07583
0.01237,0.01458,0.01324,0.07991,0.09650,0.01850,0.09317,0.05083,0.09288,0.21054,0.04018,0.02173,0.03672,0.03235,0.18651
0.01241,0.02491,0.01276,0.04824,0.08095,0.01291,0.01791,0.15316,0.01710,0.31660,0.04700,0.01281,0.01169,0.01527,0.21628
0.01245,0.02122,0.01361,0.03244,0.05232,0.05647,0.03938,0.18041,0.04349,0.22530,0.09021,0.06480,0.01943,0.01596,0.13252
0.03437,0.03613,0.03686,0.05502,0.09868,0.02778,0.05485,0.17397,0.04545,0.21275,0.04462,0.02023,0.03375,0.03006,0.09548
0.01853,0.02334,0.01705,0.02053,0.03570,0.08789,0.06730,0.13933,0.06198,0.21730,0.05303,0.08300,0.01732,0.03181,0.12587
0.03804,0.03310,0.04091,0.17009,0.21030,0.05268,0.02771,0.08411,0.02536,0.13466,0.02860,0.05246,0.01115,0.01244,0.07840
0.00925,0.02777,0.00898,0.04874,0.07844,0.01089,0.24898,0.10137,0.24427,0.12705,0.02213,0.01189,0.00572,0.01884,0.03568
0.07421,0.09699,0.05670,0.04937,0.09542,0.04314,0.07656,0.13607,0.07912,0.15380,0.01432,0.03689,0.02381,0.02283,0.04078
0.04324,0.05399,0.03640,0.05876,0.05845,0.06923,0.07373,0.07544,0.07266,0.17271,0.02464,0.06947,0.02662,0.02642,0.13824
0.01658,0.02780,0.01649,0.06078,0.19757,0.04259,0.04390,0.04115,0.04222,0.16919,0.06855,0.04756,0.01154,0.01317,0.20094
0.01121,0.02968,0.01350,0.07120,0.30955,0.09570,0.04175,0.02537,0.04237,0.08406,0.04449,0.09207,0.01708,0.01768,0.10429
0.17456,0.07750,0.17632,0.08564,0.03196,0.02143,0.04793,0.03549,0.04413,0.10897,0.03985,0.01808,0.01117,0.01529,0.11167
0.01401,0.04511,0.01557,0.07235,0.07252,0.10208,0.07734,0.12724,0.07269,0.16010,0.03934,0.10142,0.01109,0.01504,0.07409
0.00867,0.01879,0.00977,0.04740,0.23164,0.04109,0.04089,0.07259,0.04097,0.17130,0.07164,0.03871,0.01372,0.06874,0.12409
0.01404,0.02165,0.01385,0.04545,0.07343,0.11810,0.07912,0.05187,0.07203,0.14629,0.05906,0.11650,0.01142,0.03766,0.13953
0.02736,0.03589,0.02751,0.07326,0.11787,0.09593,0.08823,0.03290,0.09519,0.07240,0.07182,0.10324,0.03062,0.02198,0.10580
0.05037,0.07167,0.04373,0.08148,0.13979,0.02890,0.12572,0.06509,0.11824,0.10669,0.03140,0.02189,0.01730,0.02273,0.07501
0.01123,0.07976,0.01347,0.09716,0.04606,0.07762,0.07643,0.04462,0.07339,0.10132,0.10706,0.07995,0.01152,0.04069,0.13974
0.02022,0.11011,0.02024,0.11092,0.03660,0.03408,0.05836,0.07848,0.06847,0.17110,0.03515,0.05307,0.05057,0.02592,0.12671
0.01606,0.02052,0.01644,0.03493,0.05329,0.05222,0.03960,0.18650,0.03759,0.25930,0.06701,0.04701,0.00929,0.03825,0.12200
0.02876,0.02767,0.02919,0.04062,0.17659,0.03627,0.14119,0.07828,0.14260,0.12775,0.02019,0.03411,0.02197,0.02160,0.07319
0.01821,0.02185,0.01939,0.05354,0.27294,0.01795,0.11722,0.08332,0.11354,0.09379,0.06562,0.01675,0.01366,0.03023,0.06200
0.01616,0.03842,0.01621,0.16701,0.23107,0.01108,0.03198,0.03331,0.02866,0.07335,0.14136,0.00976,0.00900,0.01657,0.17605
0.00903,0.01636,0.00879,0.03153,0.07998,0.01863,0.04140,0.07937,0.03937,0.08794,0.27082,0.01495,0.00624,0.02139,0.27419
0.03619,0.06235,0.03813,0.07438,0.04108,0.03058,0.12469,0.08596,0.12275,0.11336,0.09030,0.03014,0.01447,0.02996,0.10566
0.02178,0.13689,0.02085,0.18669,0.20858,0.03350,0.06654,0.04099,0.06321,0.06242,0.03787,0.03013,0.01567,0.03133,0.04355
0.01667,0.02935,0.01546,0.05812,0.09586,0.01257,0.12422,0.13445,0.12144,0.17052,0.07370,0.01210,0.00903,0.02753,0.09898
0.01506,0.16253,0.01493,0.17304,0.05205,0.03667,0.04927,0.03089,0.04452,0.08227,0.10769,0.03539,0.01695,0.08287,0.09588
0.01250,0.02598,0.01318,0.04275,0.07002,0.06997,0.12984,0.09984,0.12755,0.15477,0.04281,0.06709,0.02356,0.02621,0.09393
0.01685,0.03661,0.01771,0.04267,0.08228,0.02322,0.15917,0.04303,0.15524,0.15972,0.04979,0.02267,0.01235,0.02284,0.15585
0.02327,0.04999,0.03367,0.05094,0.09634,0.05942,0.12387,0.09816,0.12137,0.13428,0.02892,0.05143,0.02155,0.02634,0.08046
0.01967,0.02972,0.01912,0.16504,0.20663,0.01911,0.05994,0.06241,0.06083,0.15986,0.02107,0.02183,0.02178,0.01534,0.11764
0.03818,0.03126,0.04171,0.17620,0.19325,0.02047,0.02955,0.03923,0.02938,0.07697,0.12194,0.01905,0.01292,0.01357,0.15632
0.01424,0.04860,0.01713,0.06308,0.11769,0.03965,0.10854,0.06271,0.13288,0.12905,0.03447,0.05769,0.05580,0.02355,0.09492
0.04292,0.02757,0.04339,0.03412,0.12425,0.02805,0.06297,0.06028,0.06214,0.05917,0.18146,0.02188,0.02692,0.12237,0.10251
0.01281,0.01657,0.01725,0.03855,0.04398,0.03508,0.11966,0.07869,0.11549,0.19284,0.07658,0.03235,0.01270,0.05734,0.15011
0.02208,0.02781,0.01621,0.06547,0.29598,0.02421,0.03867,0.14075,0.03560,0.15990,0.03999,0.02355,0.01657,0.04306,0.05015
0.02160,0.01746,0.02123,0.02650,0.07200,0.01029,0.09287,0.18907,0.08621,0.28256,0.02170,0.00846,0.01179,0.01494,0.12332
0.01928,0.04509,0.01958,0.02859,0.06869,0.04894,0.14365,0.07339,0.14173,0.12393,0.07674,0.05028,0.01773,0.06289,0.07950
0.01474,0.06198,0.01642,0.03865,0.10963,0.01843,0.05607,0.13714,0.05310,0.23259,0.06236,0.01851,0.00807,0.05495,0.11735
0.01723,0.02897,0.01876,0.05099,0.18319,0.08028,0.06315,0.02760,0.06614,0.13597,0.04232,0.07715,0.03139,0.03356,0.14329
0.06249,0.04832,0.07079,0.06594,0.06818,0.02738,0.05316,0.09992,0.05092,0.20973,0.03128,0.02470,0.02072,0.02283,0.14365
0.01440,0.03538,0.01478,0.06813,0.13834,0.02203,0.09982,0.03602,0.09050,0.11781,0.11720,0.02230,0.01015,0.02199,0.19116
0.02408,0.05464,0.02532,0.13918,0.20008,0.05664,0.07519,0.05992,0.07705,0.08880,0.03432,0.05909,0.01645,0.02851,0.06073
0.01367,0.06290,0.01552,0.06902,0.14863,0.07668,0.04810,0.08182,0.05180,0.17177,0.02910,0.07690,0.01763,0.01593,0.12053
0.01776,0.04668,0.01627,0.07018,0.07223,0.10325,0.17238,0.02560,0.16807,0.04176,0.05769,0.10134,0.01964,0.03485,0.05233
0.01507,0.05781,0.01710,0.09613,0.21220,0.02861,0.11296,0.08702,0.11157,0.10080,0.03906,0.03056,0.02088,0.02502,0.04523
0.05438,0.02821,0.05410,0.13508,0.13582,0.01873,0.10755,0.10803,0.10480,0.12957,0.02605,0.01872,0.01654,0.01569,0.04673
0.01105,0.01301,0.01118,0.02116,0.03028,0.08766,0.09798,0.02535,0.09592,0.04690,0.21014,0.08981,0.01244,0.01776,0.22936
0.02020,0.03303,0.02333,0.03607,0.06021,0.02419,0.14037,0.03375,0.13568,0.06082,0.17656,0.02256,0.01551,0.01451,0.20319
0.01784,0.06443,0.01999,0.04611,0.11715,0.03863,0.03784,0.05757,0.05126,0.19919,0.04392,0.05310,0.03863,0.02261,0.19175
0.03662,0.07332,0.04118,0.05359,0.12175,0.06853,0.08644,0.06596,0.06775,0.09933,0.06181,0.05200,0.01997,0.05835,0.09340
0.01657,0.04297,0.01845,0.05071,0.09150,0.09010,0.11199,0.06676,0.11133,0.09077,0.07176,0.09216,0.02350,0.04532,0.07611
0.01353,0.02156,0.01300,0.03536,0.08208,0.01524,0.11024,0.08361,0.10868,0.10762,0.17464,0.01253,0.00934,0.01387,0.19872
0.01717,0.03772,0.01524,0.03386,0.07376,0.01514,0.16449,0.02005,0.16105,0.14482,0.07752,0.01372,0.01186,0.01536,0.19825
0.01179,0.06367,0.01215,0.10444,0.13827,0.02496,0.15986,0.09039,0.15268,0.09805,0.04231,0.02222,0.01029,0.01413,0.05479
0.02886,0.08378,0.02527,0.09577,0.20163,0.04459,0.07497,0.07489,0.07174,0.12575,0.02214,0.04358,0.01008,0.01660,0.08033
0.02089,0.07481,0.02064,0.06697,0.15951,0.00920,0.15981,0.07354,0.15882,0.12762,0.02034,0.01066,0.01257,0.02084,0.06378
0.01443,0.06560,0.01544,0.03166,0.10327,0.03310,0.03807,0.14188,0.03814,0.27489,0.02670,0.02950,0.01042,0.02397,0.15293
0.04603,0.06904,0.04447,0.05394,0.08997,0.02737,0.13017,0.05865,0.12564,0.10112,0.04401,0.02423,0.05410,0.04350,0.08776
0.01975,0.04702,0.02115,0.04754,0.09909,0.02540,0.12844,0.08475,0.12116,0.10673,0.10537,0.02588,0.02076,0.06657,0.08040
0.01569,0.02502,0.01982,0.08670,0.11485,0.04726,0.09381,0.06109,0.11083,0.11571,0.05104,0.06183,0.06662,0.05382,0.07591
0.02223,0.02849,0.02255,0.06501,0.08448,0.02531,0.13276,0.11837,0.13300,0.16606,0.03784,0.02910,0.02430,0.02781,0.08268
0.01498,0.14095,0.01611,0.18934,0.19852,0.02223,0.04190,0.02703,0.04244,0.07740,0.04636,0.03088,0.03346,0.02193,0.09646
0.01878,0.02385,0.02012,0.04055,0.19439,0.01448,0.18268,0.02117,0.17935,0.12315,0.02252,0.01362,0.00772,0.01307,0.12455
0.01198,0.06132,0.01240,0.08962,0.10578,0.02683,0.12609,0.14091,0.13862,0.15492,0.01531,0.03629,0.03474,0.01392,0.03126
0.03831,0.04218,0.03467,0.09738,0.13510,0.02959,0.05112,0.08878,0.04894,0.18872,0.03416,0.02707,0.02305,0.02223,0.13871
0.01837,0.04804,0.02072,0.04703,0.10128,0.03114,0.04599,0.05304,0.04220,0.17029,0.12271,0.02900,0.01377,0.02887,0.22756
0.01044,0.02024,0.01335,0.14317,0.17879,0.02722,0.07745,0.10359,0.07691,0.13985,0.05919,0.02991,0.01245,0.02442,0.08302
0.02025,0.03369,0.01946,0.05293,0.13391,0.02853,0.11775,0.03871,0.11140,0.10573,0.09888,0.02756,0.01683,0.09204,0.10231
0.00925,0.03182,0.01089,0.07649,0.25154,0.06077,0.13394,0.07632,0.13476,0.08805,0.01281,0.06143,0.01741,0.01138,0.02313
0.02378,0.04426,0.02189,0.06708,0.11638,0.07115,0.06662,0.06373,0.07235,0.15566,0.03515,0.07735,0.03703,0.02967,0.11788
0.04246,0.04531,0.03718,0.09383,0.13154,0.02780,0.12196,0.04880,0.12016,0.09464,0.04605,0.02948,0.03471,0.03362,0.09243
0.01267,0.02387,0.01385,0.09157,0.11806,0.10018,0.07278,0.08445,0.06714,0.14229,0.04041,0.09951,0.01323,0.03835,0.08164
0.02434,0.01736,0.02560,0.03405,0.11244,0.05543,0.04490,0.06139,0.04657,0.16939,0.10458,0.05502,0.01955,0.02678,0.20259
0.03113,0.16221,0.03295,0.08729,0.27211,0.01570,0.06307,0.03794,0.06703,0.06941,0.03502,0.01854,0.02583,0.02006,0.06170
0.00932,0.20986,0.01114,0.22594,0.06485,0.01447,0.05496,0.05396,0.06477,0.11026,0.02213,0.03629,0.03326,0.01430,0.07449
0.01989,0.06094,0.02093,0.11167,0.19371,0.01981,0.09282,0.06151,0.08911,0.14707,0.02538,0.01811,0.01092,0.01894,0.10920
0.01036,0.08530,0.00896,0.12241,0.11543,0.02678,0.05831,0.15777,0.05797,0.18753,0.04730,0.02578,0.00956,0.01089,0.07565
0.01838,0.02865,0.01576,0.06228,0.09572,0.01450,0.03925,0.12606,0.04341,0.27162,0.03183,0.02485,0.02723,0.02845,0.17201
0.01823,0.02366,0.01926,0.03885,0.05462,0.02471,0.08628,0.21949,0.08222,0.25092,0.04375,0.02296,0.01382,0.04416,0.05708
0.02234,0.04219,0.02606,0.07656,0.13035,0.02440,0.06225,0.16791,0.05973,0.22346,0.03020,0.02063,0.01452,0.02188,0.07752
0.00868,0.01268,0.01010,0.22480,0.24287,0.01088,0.07622,0.05073,0.07542,0.12488,0.02757,0.01188,0.00883,0.02758,0.08686
0.01545,0.01684,0.01669,0.03857,0.16559,0.17429,0.04683,0.04171,0.04423,0.08564,0.05695,0.17325,0.00777,0.05961,0.05659
0.01474,0.03471,0.01569,0.13850,0.19247,0.01110,0.14476,0.09538,0.14290,0.11135,0.02070,0.01178,0.01302,0.01682,0.03608
0.01396,0.01640,0.01443,0.11364,0.12791,0.04288,0.04645,0.10025,0.04283,0.17382,0.07462,0.04556,0.01803,0.06034,0.10888
0.01114,0.03056,0.01427,0.13070,0.18355,0.01380,0.11288,0.03997,0.10946,0.12180,0.05209,0.01942,0.01526,0.03187,0.11324
0.04570,0.03439,0.04949,0.06823,0.13137,0.03521,0.11648,0.03311,0.13623,0.06413,0.04046,0.04962,0.09837,0.02447,0.07273
0.01223,0.04678,0.01344,0.11464,0.18226,0.02043,0.05787,0.18040,0.05965,0.19783,0.02489,0.02173,0.01177,0.01888,0.03721
0.00608,0.02097,0.00567,0.05789,0.16021,0.02013,0.03016,0.25275,0.02569,0.29460,0.02353,0.01769,0.00461,0.01341,0.06664
0.06239,0.07653,0.05784,0.06736,0.11394,0.04038,0.11411,0.03621,0.10824,0.10784,0.03400,0.04128,0.01294,0.02040,0.10653
0.01660,0.02187,0.01747,0.11672,0.13874,0.01277,0.05154,0.08199,0.04786,0.19422,0.07000,0.01358,0.01474,0.06267,0.13923
0.11618,0.05049,0.11630,0.07242,0.10892,0.01278,0.09522,0.08377,0.09352,0.10508,0.03942,0.01488,0.01345,0.01912,0.05846
0.01839,0.04627,0.01923,0.03476,0.08144,0.02028,0.15964,0.04829,0.15773,0.06554,0.13362,0.02103,0.02036,0.02273,0.15069
0.02163,0.03983,0.01945,0.08217,0.21023,0.01611,0.17221,0.06881,0.16984,0.08157,0.03576,0.01561,0.01083,0.02648,0.02946
0.02190,0.07081,0.02147,0.07090,0.15857,0.01474,0.04171,0.13025,0.04039,0.16676,0.09204,0.01171,0.01261,0.05350,0.09265
0.01114,0.04493,0.01924,0.08403,0.14669,0.13311,0.02429,0.04661,0.02408,0.13298,0.04210,0.13585,0.01253,0.01912,0.12329
0.02397,0.01681,0.02250,0.05134,0.05523,0.09187,0.10367,0.09052,0.11860,0.16034,0.01652,0.10599,0.04194,0.01531,0.08537
0.01375,0.02044,0.01458,0.03715,0.05824,0.04822,0.11798,0.04748,0.11720,0.18330,0.05767,0.05025,0.02223,0.05981,0.15169
0.03880,0.06065,0.03952,0.04546,0.10133,0.03235,0.07053,0.08294,0.07282,0.21089,0.02410,0.03100,0.01971,0.02667,0.14325
0.05935,0.06269,0.06537,0.07232,0.03671,0.01887,0.07420,0.05374,0.07166,0.15956,0.07706,0.02004,0.02169,0.04575,0.16099
0.01532,0.04095,0.01648,0.02156,0.05917,0.01870,0.11094,0.11284,0.10493,0.21542,0.07035,0.01707,0.01362,0.03276,0.14988
0.01188,0.01276,0.01161,0.09243,0.10048,0.01455,0.04334,0.12494,0.04152,0.19377,0.12258,0.01446,0.00848,0.04285,0.16435
0.01530,0.05850,0.01328,0.08261,0.08165,0.03301,0.04366,0.19053,0.03974,0.25743,0.03080,0.03031,0.00997,0.01627,0.09694
0.01905,0.01859,0.01803,0.02715,0.07321,0.01350,0.15832,0.06609,0.15531,0.15879,0.08102,0.01241,0.01117,0.07854,0.10882
0.01207,0.02738,0.01165,0.04719,0.11505,0.06392,0.08294,0.03330,0.07948,0.16357,0.07175,0.06492,0.01112,0.01783,0.19783
0.01026,0.01623,0.01033,0.02664,0.02958,0.01354,0.06269,0.09552,0.05539,0.22925,0.13846,0.01400,0.00786,0.01409,0.27614
0.03397,0.02496,0.03147,0.10667,0.10970,0.02462,0.19128,0.05374,0.18572,0.07885,0.03679,0.02242,0.02081,0.02599,0.05300
0.03623,0.05052,0.03886,0.05984,0.04868,0.01729,0.09254,0.09317,0.08772,0.11166,0.13996,0.01485,0.02064,0.07832,0.10970
0.03052,0.02470,0.03609,0.04346,0.15099,0.03297,0.16403,0.05777,0.16065,0.09712,0.05186,0.03093,0.01277,0.02701,0.07914
0.12870,0.02531,0.12852,0.03157,0.03651,0.03177,0.05867,0.05813,0.05590,0.08349,0.13691,0.03048,0.01715,0.03338,0.14352
0.05357,0.05837,0.04914,0.10086,0.14149,0.11729,0.03032,0.05107,0.02432,0.07035,0.06471,0.11028,0.01711,0.02084,0.09031
0.00824,0.01501,0.00810,0.03359,0.12375,0.07494,0.03773,0.14012,0.03754,0.17805,0.09864,0.07689,0.01362,0.09935,0.05443
0.03430,0.02573,0.04435,0.17446,0.19501,0.08974,0.06467,0.02839,0.06191,0.07466,0.02387,0.09162,0.01156,0.01368,0.06605
0.01616,0.06572,0.01500,0.08653,0.08468,0.03621,0.10214,0.06793,0.09905,0.12091,0.09452,0.03839,0.01338,0.09123,0.06816
0.03791,0.11119,0.03852,0.05703,0.17971,0.02014,0.03021,0.08290,0.02958,0.20467,0.02206,0.01926,0.01081,0.01992,0.13609
0.00969,0.01388,0.01142,0.01902,0.02269,0.04191,0.16376,0.07956,0.15917,0.21881,0.02356,0.04225,0.01526,0.01968,0.15933
0.01261,0.04803,0.01380,0.11834,0.40780,0.03071,0.03837,0.06281,0.03620,0.10704,0.01580,0.02860,0.00945,0.01312,0.05731
0.01885,0.03075,0.01863,0.05824,0.09297,0.01660,0.05030,0.06713,0.04655,0.22709,0.08616,0.01568,0.01024,0.05655,0.20426
0.00995,0.01828,0.00998,0.02736,0.03476,0.04004,0.12408,0.22289,0.12150,0.25165,0.01958,0.03626,0.01219,0.01835,0.05315
0.02001,0.07039,0.01966,0.02759,0.09120,0.04156,0.03582,0.08649,0.03502,0.13232,0.15395,0.03681,0.01546,0.07095,0.16277
0.04299,0.07881,0.03803,0.09286,0.17002,0.01555,0.08609,0.04338,0.08319,0.10841,0.06495,0.01516,0.01350,0.03650,0.11056
0.02412,0.05813,0.02694,0.05240,0.10896,0.04797,0.14867,0.09065,0.14531,0.10831,0.04871,0.04608,0.01199,0.01708,0.06468
0.02395,0.03282,0.02253,0.04756,0.07488,0.13888,0.05601,0.08525,0.05108,0.16248,0.02557,0.13668,0.01568,0.01889,0.10773
0.03269,0.03568,0.03756,0.02269,0.04307,0.05319,0.07833,0.11047,0.07910,0.17211,0.09933,0.05208,0.01015,0.09946,0.07409
0.01430,0.02280,0.01542,0.04567,0.06843,0.10157,0.02922,0.08052,0.02626,0.22470,0.04493,0.10192,0.01499,0.01243,0.19683
0.01574,0.01348,0.01571,0.11112,0.12056,0.02107,0.08515,0.08923,0.08197,0.21612,0.02530,0.01825,0.01285,0.02331,0.15014
0.00960,0.07416,0.00870,0.11233,0.10889,0.14646,0.04516,0.10188,0.04397,0.11743,0.01806,0.14800,0.01247,0.01520,0.03770
0.01749,0.02096,0.01787,0.03857,0.21036,0.01995,0.04864,0.04369,0.04931,0.13836,0.11963,0.02002,0.02027,0.02967,0.20520
0.15464,0.02062,0.15243,0.04080,0.18060,0.01125,0.04734,0.06842,0.04413,0.11779,0.03565,0.01018,0.01209,0.03000,0.07407
0.02043,0.02873,0.02562,0.06426,0.09579,0.16769,0.04519,0.02846,0.04631,0.06942,0.08197,0.17237,0.01524,0.01962,0.11889
0.01439,0.07251,0.01556,0.11289,0.16763,0.02741,0.03300,0.12886,0.03243,0.17628,0.06163,0.02622,0.01115,0.01463,0.10539
0.01852,0.09077,0.01876,0.05071,0.14996,0.07073,0.09163,0.03976,0.09620,0.07650,0.06840,0.07899,0.02522,0.04885,0.07499
