0.12266,0.06445,0.01471,0.43665,0.02135,0.02302,0.31715
0.12352,0.10992,0.02879,0.30195,0.07765,0.07672,0.28144
0.11770,0.10353,0.01777,0.46020,0.02903,0.02499,0.24677
0.08274,0.07583,0.01394,0.46303,0.02203,0.01975,0.32268
0.05509,0.05850,0.01093,0.51832,0.01788,0.02201,0.31727
0.04671,0.04325,0.01262,0.50388,0.01599,0.01762,0.35993
0.13435,0.11026,0.03489,0.37090,0.09904,0.04510,0.20546
0.05353,0.04481,0.01619,0.56096,0.01555,0.01462,0.29434
0.04597,0.04386,0.01521,0.49566,0.03002,0.02945,0.33983
0.12046,0.10676,0.03557,0.42449,0.02749,0.02689,0.25835
0.05012,0.04555,0.05810,0.48674,0.01919,0.02151,0.31879
0.06168,0.06011,0.02420,0.47401,0.03466,0.03154,0.31379
0.04055,0.03867,0.02501,0.58625,0.01898,0.01740,0.27315
0.04279,0.03675,0.01621,0.54054,0.01852,0.01807,0.32713
0.07195,0.07091,0.02949,0.54673,0.01906,0.01569,0.24617
0.08801,0.07079,0.02200,0.56003,0.01811,0.01777,0.22328
0.09211,0.08905,0.07055,0.39445,0.08162,0.04109,0.23113
0.14790,0.13840,0.01509,0.35010,0.01712,0.01965,0.31173
0.10855,0.09303,0.01372,0.45990,0.03362,0.02464,0.26655
0.03413,0.02818,0.00677,0.38722,0.00771,0.01062,0.52537
0.10754,0.06585,0.01638,0.46042,0.02055,0.02244,0.30681
0.16489,0.17281,0.02976,0.30513,0.02636,0.02818,0.27287
0.07589,0.06655,0.01536,0.34888,0.02958,0.04182,0.42191
0.04183,0.03350,0.01215,0.62343,0.01566,0.01361,0.25982
0.12718,0.13284,0.05551,0.36297,0.06060,0.04100,0.21990
0.03912,0.03279,0.01142,0.47992,0.01539,0.01590,0.40547
0.05003,0.04167,0.01242,0.62396,0.01121,0.01038,0.25033
0.14038,0.11082,0.04274,0.44477,0.03506,0.02534,0.20089
0.13521,0.12857,0.02206,0.48377,0.01284,0.01318,0.20435
0.03947,0.04269,0.02179,0.49468,0.01638,0.01725,0.36776
0.18099,0.16231,0.02739,0.25395,0.06559,0.06698,0.24280
0.23798,0.20849,0.04814,0.20002,0.04773,0.04361,0.21404
0.02761,0.02618,0.01243,0.60564,0.01147,0.01174,0.30492
0.03346,0.02893,0.01068,0.61538,0.00895,0.01044,0.29215
0.08221,0.06436,0.01658,0.45995,0.01902,0.02135,0.33653
0.08883,0.09218,0.02672,0.48060,0.02771,0.02724,0.25672
0.05110,0.04738,0.00861,0.49954,0.01851,0.01956,0.35529
0.04938,0.04559,0.02009,0.42433,0.01690,0.01876,0.42494
0.10816,0.09893,0.02547,0.35009,0.02385,0.03088,0.36261
0.08349,0.09626,0.02729,0.42410,0.04901,0.03759,0.28227
0.14113,0.12361,0.01935,0.40487,0.03587,0.02909,0.24607
0.28577,0.07881,0.02186,0.32846,0.01657,0.02016,0.24837
0.14097,0.13124,0.02884,0.32600,0.05329,0.04838,0.27129
0.08612,0.08146,0.02075,0.42516,0.01347,0.01442,0.35862
0.11946,0.11426,0.05044,0.40201,0.02871,0.03398,0.25114
0.06906,0.05545,0.02275,0.42696,0.03782,0.03409,0.35386
0.15999,0.13869,0.01452,0.38560,0.02629,0.02358,0.25133
0.06988,0.05731,0.04822,0.53744,0.02631,0.02138,0.23946
0.10145,0.09047,0.01950,0.37105,0.04108,0.04060,0.33585
0.01924,0.01895,0.00730,0.58513,0.00973,0.00981,0.34983
0.06707,0.05949,0.01518,0.43272,0.01538,0.01699,0.39316
0.02763,0.02400,0.00830,0.53804,0.01091,0.01357,0.37755
0.05552,0.05162,0.02871,0.49173,0.01718,0.01858,0.33666
0.03376,0.02851,0.01600,0.61531,0.01461,0.01386,0.27795
0.11658,0.11282,0.04045,0.28405,0.14488,0.09698,0.20425
0.04497,0.03982,0.01075,0.61671,0.01933,0.01507,0.25335
0.01706,0.01578,0.00926,0.60852,0.00875,0.00908,0.33156
0.05712,0.05040,0.01909,0.57187,0.02003,0.02002,0.26148
0.07169,0.08147,0.02020,0.49179,0.03658,0.03022,0.26805
0.08152,0.07505,0.03301,0.39891,0.01544,0.01768,0.37840
0.08585,0.14931,0.02458,0.49528,0.01660,0.01635,0.21203
0.17020,0.14973,0.01157,0.43236,0.01350,0.01411,0.20854
0.08509,0.07574,0.00979,0.45619,0.01596,0.01627,0.34095
0.09494,0.09480,0.03638,0.30769,0.04826,0.06982,0.34811
0.04549,0.04090,0.01121,0.53332,0.01489,0.01574,0.33845
0.09022,0.06300,0.03755,0.35816,0.04461,0.06047,0.34599
0.05016,0.04311,0.01532,0.55318,0.01270,0.01476,0.31075
0.10920,0.09894,0.02934,0.35078,0.03144,0.03779,0.34251
0.02262,0.02056,0.01027,0.65321,0.00985,0.00875,0.27475
0.12525,0.11165,0.02382,0.34049,0.03634,0.04403,0.31843
0.04292,0.03665,0.01127,0.63084,0.01537,0.01339,0.24956
0.13610,0.15621,0.02030,0.38154,0.02829,0.02722,0.25034
0.06651,0.06133,0.01962,0.42113,0.02789,0.03671,0.36681
0.07738,0.07017,0.02341,0.39879,0.04363,0.04167,0.34495
0.17449,0.17902,0.02542,0.30075,0.02676,0.02789,0.26568
0.10677,0.09840,0.03590,0.42896,0.03903,0.03269,0.25825
0.02310,0.02165,0.01351,0.69644,0.01215,0.01213,0.22102
0.07886,0.06815,0.01299,0.50997,0.01034,0.01107,0.30861
0.06141,0.05743,0.02058,0.47431,0.05100,0.04516,0.29011
0.08394,0.09286,0.01888,0.53934,0.01260,0.01167,0.24072
0.08136,0.07742,0.01091,0.50528,0.02174,0.02230,0.28098
0.18770,0.08651,0.01952,0.27308,0.03192,0.06546,0.33581
0.11448,0.10283,0.03367,0.42449,0.03437,0.03142,0.25873
0.04573,0.04274,0.01782,0.48666,0.01515,0.01783,0.37407
0.13127,0.11890,0.01499,0.32595,0.06835,0.06849,0.27205
0.16766,0.16169,0.02557,0.39797,0.02888,0.02708,0.19114
0.04213,0.03876,0.01050,0.56104,0.01359,0.01623,0.31776
0.07701,0.07950,0.03284,0.47682,0.03124,0.02352,0.27908
0.08491,0.07905,0.01546,0.42281,0.03464,0.03637,0.32677
0.07781,0.06157,0.01213,0.39411,0.01139,0.01383,0.42916
0.02849,0.02856,0.01169,0.56008,0.01258,0.01357,0.34502
0.13905,0.10501,0.03748,0.42159,0.02277,0.02136,0.25274
0.02002,0.01748,0.00757,0.68107,0.01032,0.01013,0.25340
0.06192,0.06240,0.01636,0.47979,0.02107,0.02245,0.33603
0.06006,0.05190,0.01074,0.53338,0.00874,0.00936,0.32582
0.07806,0.07715,0.02061,0.46815,0.02206,0.02170,0.31226
0.11567,0.10407,0.02518,0.35232,0.06751,0.05393,0.28133
0.04239,0.04145,0.01362,0.47233,0.01355,0.01727,0.39939
0.06289,0.04963,0.01432,0.59837,0.02801,0.01873,0.22806
0.16787,0.18835,0.03961,0.28943,0.04121,0.04218,0.23134
