0.33469,0.09719,0.34275,0.22537
0.47191,0.27526,0.21715,0.03568
0.11706,0.09025,0.39280,0.39989
0.02744,0.03752,0.46560,0.46943
0.15686,0.33885,0.06035,0.44395
0.09526,0.42268,0.42691,0.05515
0.25082,0.32601,0.39874,0.02443
0.00704,0.46832,0.06496,0.45968
0.41437,0.04303,0.45047,0.09213
0.03168,0.45857,0.01977,0.48998
0.01980,0.22880,0.48876,0.26264
0.02363,0.18402,0.49289,0.29946
0.07842,0.30705,0.18788,0.42665
0.01346,0.23248,0.53660,0.21746
0.01539,0.44973,0.10983,0.42505
0.33900,0.23398,0.28784,0.13917
0.53051,0.01811,0.22978,0.22160
0.89564,0.01605,0.06086,0.02744
0.09255,0.08501,0.42359,0.39886
0.04411,0.37645,0.48071,0.09873
0.00654,0.01105,0.48237,0.50003
0.01259,0.33630,0.47704,0.17407
0.01516,0.29854,0.51101,0.17529
0.01914,0.39281,0.49636,0.09169
0.13801,0.02206,0.47693,0.36300
0.80755,0.01462,0.05149,0.12635
0.36550,0.01721,0.48682,0.13048
0.00596,0.46085,0.50236,0.03084
0.46279,0.42355,0.05061,0.06305
0.14245,0.00764,0.42426,0.42566
0.09606,0.39247,0.45284,0.05864
0.41655,0.10441,0.42959,0.04945
0.42489,0.10833,0.41075,0.05603
0.02469,0.38568,0.44276,0.14687
0.12353,0.23379,0.38741,0.25528
0.17427,0.17790,0.32527,0.32255
0.01025,0.34658,0.11642,0.52675
0.08101,0.14404,0.37844,0.39651
0.06410,0.39968,0.03393,0.50229
0.49419,0.49305,0.00565,0.00711
0.06389,0.04606,0.43218,0.45787
0.43470,0.18019,0.36434,0.02078
0.43625,0.12948,0.40856,0.02571
0.06093,0.41881,0.47343,0.04684
0.05703,0.24764,0.17535,0.51997
0.10297,0.29155,0.19525,0.41023
0.51634,0.20045,0.20969,0.07353
0.00526,0.48546,0.01066,0.49862
0.44358,0.42323,0.06721,0.06598
0.03122,0.20852,0.50219,0.25806
0.83953,0.03258,0.08029,0.04761
0.40033,0.01020,0.51201,0.07746
0.09291,0.32043,0.42842,0.15825
0.01749,0.44342,0.50132,0.03776
0.03109,0.24959,0.18653,0.53279
0.01090,0.02644,0.40947,0.55319
0.01079,0.04158,0.50230,0.44533
0.07043,0.39884,0.48152,0.04921
0.20853,0.19552,0.18253,0.41342
0.45122,0.37774,0.10501,0.06603
0.01711,0.01942,0.46683,0.49663
0.47249,0.43112,0.06586,0.03053
0.29417,0.03802,0.46107,0.20674
0.06875,0.37874,0.46627,0.08624
0.00712,0.01193,0.48244,0.49851
0.05494,0.03620,0.45629,0.45256
0.32491,0.05094,0.11346,0.51069
0.02910,0.43772,0.49444,0.03873
0.00128,0.00238,0.49711,0.49923
0.03014,0.19732,0.48497,0.28758
0.01089,0.09578,0.49928,0.39404
0.09864,0.14870,0.36982,0.38284
0.43640,0.11966,0.01863,0.42530
0.00483,0.29278,0.50175,0.20064
0.45390,0.41654,0.05333,0.07624
0.44241,0.02584,0.49972,0.03203
0.22803,0.22892,0.26454,0.27851
0.04092,0.33693,0.48879,0.13337
0.05359,0.43157,0.05473,0.46011
0.22389,0.20030,0.30294,0.27287
0.21862,0.45715,0.29052,0.03372
0.00934,0.24814,0.49783,0.24469
0.41697,0.01953,0.51561,0.04789
0.30501,0.29405,0.19811,0.20283
0.43582,0.02599,0.48051,0.05768
0.25872,0.23582,0.25353,0.25193
0.59355,0.09176,0.15333,0.16136
0.00662,0.01114,0.48195,0.50028
0.01848,0.07461,0.48326,0.42365
0.41630,0.05395,0.04112,0.48863
0.15845,0.01406,0.50639,0.32110
0.41165,0.23316,0.08447,0.27072
0.01011,0.12351,0.47811,0.38827
0.43630,0.03090,0.49304,0.03977
0.00542,0.02461,0.48510,0.48487
0.38170,0.01064,0.50671,0.10094
0.23096,0.28205,0.09144,0.39555
0.38474,0.08797,0.44083,0.08646
0.32531,0.44576,0.16672,0.06220
0.35863,0.35755,0.13699,0.14684
0.22132,0.05485,0.39580,0.32803
0.34234,0.14408,0.37005,0.14353
0.00807,0.32579,0.51643,0.14971
0.01234,0.09980,0.47696,0.41090
0.00563,0.33586,0.17712,0.48139
0.25854,0.01391,0.51274,0.21480
0.43315,0.06189,0.44493,0.06004
0.42781,0.01532,0.51320,0.04367
0.01105,0.43579,0.49712,0.05605
0.36998,0.03763,0.52327,0.06912
0.02286,0.01025,0.47312,0.49377
0.31326,0.04786,0.49710,0.14177
0.47308,0.45550,0.04445,0.02698
0.64238,0.09317,0.15809,0.10636
0.24052,0.11035,0.41728,0.23186
0.24351,0.27151,0.08649,0.39850
0.02070,0.23142,0.28179,0.46609
0.00671,0.00584,0.49443,0.49302
0.33370,0.18743,0.02446,0.45441
0.27888,0.24526,0.15354,0.32232
0.01580,0.25309,0.49532,0.23580
0.30096,0.02325,0.50475,0.17104
0.12880,0.28268,0.22367,0.36485
0.08791,0.14652,0.27801,0.48756
0.03807,0.39795,0.51647,0.04750
0.07086,0.17307,0.46879,0.28728
0.40226,0.42594,0.05291,0.11889
0.05158,0.36021,0.46876,0.11945
0.00460,0.10304,0.50354,0.38882
0.17401,0.20404,0.28170,0.34024
0.01441,0.01011,0.48924,0.48624
0.15422,0.34830,0.04489,0.45259
0.20816,0.23161,0.29678,0.26346
0.27726,0.39879,0.11802,0.20593
0.69376,0.04984,0.08968,0.16672
0.01675,0.42102,0.50446,0.05776
0.53132,0.12378,0.19490,0.15000
0.24760,0.02582,0.18080,0.54578
0.44595,0.35918,0.16465,0.03023
0.40881,0.06405,0.42550,0.10163
0.02377,0.03194,0.46557,0.47871
0.01724,0.36898,0.51762,0.09616
0.05813,0.42724,0.47619,0.03844
0.21162,0.34019,0.32036,0.12783
0.03467,0.16005,0.47499,0.33030
0.31448,0.01638,0.51747,0.15167
0.46216,0.04045,0.20985,0.28755
0.13427,0.44868,0.04563,0.37141
0.30263,0.04896,0.46823,0.18018
0.11358,0.02334,0.31955,0.54353
0.01725,0.02251,0.45158,0.50866
0.09553,0.38812,0.03449,0.48186
0.14750,0.13890,0.34287,0.37072
0.45536,0.36144,0.03064,0.15256
0.31107,0.01347,0.53525,0.14020
0.10786,0.01837,0.50848,0.36529
0.02729,0.15509,0.46145,0.35617
0.00414,0.44750,0.51008,0.03828
0.01733,0.41998,0.49636,0.06634
0.00771,0.03736,0.49997,0.45496
0.00637,0.00905,0.48698,0.49760
0.15321,0.02165,0.47461,0.35053
0.09032,0.09240,0.42211,0.39517
0.45078,0.01740,0.50733,0.02449
0.02288,0.01489,0.44778,0.51445
0.11418,0.48198,0.01349,0.39036
0.48028,0.00383,0.49998,0.01591
0.01316,0.48255,0.01587,0.48841
0.03856,0.04800,0.35580,0.55764
0.00947,0.48477,0.01071,0.49505
0.29617,0.02167,0.44702,0.23514
0.14731,0.12942,0.35536,0.36791
0.47131,0.02777,0.46602,0.03489
0.38302,0.36359,0.09873,0.15465
0.14095,0.14000,0.35731,0.36174
0.03695,0.02713,0.41232,0.52359
0.01691,0.14379,0.43802,0.40128
0.26043,0.23394,0.21903,0.28660
0.33944,0.02395,0.10932,0.52729
0.02922,0.07499,0.46350,0.43228
0.01861,0.40921,0.47345,0.09873
0.00300,0.20181,0.17794,0.61725
0.04556,0.39516,0.46934,0.08994
0.42694,0.03425,0.49305,0.04575
0.04955,0.35503,0.13612,0.45929
0.02990,0.12130,0.26560,0.58321
0.01988,0.42043,0.48375,0.07594
0.01928,0.29307,0.51158,0.17607
0.01249,0.08853,0.39384,0.50514
0.15348,0.32134,0.43094,0.09424
0.42090,0.38512,0.03943,0.15454
0.41883,0.01285,0.27350,0.29482
0.07797,0.26339,0.23285,0.42579
0.04130,0.04424,0.42933,0.48514
0.05577,0.15233,0.39400,0.39790
0.42246,0.40188,0.06114,0.11452
0.39301,0.05568,0.46633,0.08499
0.03621,0.24157,0.43977,0.28245
0.12069,0.38680,0.09350,0.39900
0.16532,0.08254,0.30671,0.44542
0.00770,0.44640,0.50423,0.04167
0.37421,0.33517,0.05466,0.23596
0.17424,0.12376,0.36666,0.33534
0.42057,0.21811,0.33015,0.03117
0.03346,0.42474,0.50185,0.03995
0.20781,0.02295,0.43085,0.33839
0.23068,0.06371,0.46275,0.24286
0.22297,0.10227,0.11602,0.55874
0.01584,0.47078,0.49847,0.01491
0.00609,0.27006,0.50692,0.21693
0.10393,0.27457,0.40398,0.21753
0.05175,0.42998,0.04215,0.47612
0.38945,0.14918,0.11600,0.34538
0.45534,0.24555,0.26417,0.03493
0.33866,0.28416,0.09052,0.28666
0.00503,0.46261,0.50352,0.02884
0.46077,0.42059,0.04447,0.07417
0.26489,0.35284,0.23147,0.15080
0.02172,0.24083,0.40742,0.33004
0.74220,0.09889,0.06485,0.09405
0.06081,0.11401,0.37585,0.44932
0.01211,0.07556,0.48205,0.43028
0.14774,0.28583,0.21550,0.35094
0.47505,0.44884,0.02456,0.05156
0.42755,0.07387,0.45670,0.04187
0.07710,0.15134,0.44399,0.32756
0.00228,0.49260,0.00631,0.49881
0.08548,0.39279,0.08915,0.43258
0.28350,0.20486,0.18807,0.32356
0.01862,0.02929,0.41827,0.53382
0.01028,0.42826,0.06446,0.49701
0.47652,0.00998,0.02264,0.49086
0.56873,0.17905,0.21303,0.03920
0.05740,0.00955,0.50416,0.42890
0.85237,0.02945,0.07104,0.04714
0.33987,0.20900,0.30875,0.14238
0.29706,0.09763,0.17156,0.43374
0.32786,0.09579,0.43134,0.14501
0.43323,0.25080,0.27432,0.04166
0.01978,0.40827,0.16635,0.40560
0.43628,0.34636,0.19227,0.02508
0.00571,0.19141,0.51370,0.28918
0.41116,0.28901,0.22547,0.07436
0.48435,0.19652,0.29420,0.02494
0.00288,0.49220,0.00620,0.49871
0.14771,0.17273,0.38899,0.29056
0.04881,0.38650,0.34991,0.21479
0.14130,0.08966,0.44178,0.32726
0.02501,0.46812,0.49123,0.01564
0.08240,0.13425,0.44071,0.34264
0.00428,0.00316,0.49448,0.49808
0.02467,0.31801,0.48932,0.16800
0.37183,0.04390,0.42079,0.16348
0.31202,0.09407,0.11921,0.47469
0.19289,0.08138,0.42390,0.30184
0.02656,0.33857,0.12712,0.50775
0.45242,0.03292,0.48878,0.02588
0.02286,0.00751,0.49185,0.47778
0.10029,0.03195,0.47515,0.39262
0.26768,0.34919,0.22754,0.15559
0.23797,0.07720,0.45549,0.22934
0.29015,0.23041,0.27426,0.20519
0.35110,0.08287,0.42092,0.14510
0.01349,0.10461,0.39064,0.49125
0.29812,0.25365,0.14753,0.30070
0.01438,0.14714,0.47898,0.35950
0.43691,0.02496,0.48924,0.04889
0.30710,0.27209,0.20211,0.21870
0.47283,0.48602,0.01309,0.02805
0.43133,0.01998,0.06899,0.47971
0.23043,0.03041,0.51160,0.22756
0.34179,0.41908,0.11653,0.12260
0.14622,0.22269,0.40455,0.22655
0.14705,0.00502,0.52225,0.32567
0.01892,0.12130,0.48008,0.37969
0.47843,0.47664,0.01921,0.02572
0.04462,0.44048,0.06067,0.45424
0.21495,0.34912,0.34034,0.09560
0.10914,0.02706,0.48174,0.38207
0.01198,0.02794,0.45278,0.50730
0.43724,0.02436,0.49916,0.03924
0.10494,0.10725,0.38529,0.40252
0.01888,0.11507,0.36619,0.49986
0.40702,0.27727,0.20030,0.11541
0.45132,0.41872,0.01913,0.11082
0.01535,0.46256,0.49480,0.02729
0.36317,0.01154,0.51176,0.11353
0.03400,0.09827,0.48808,0.37964
0.01955,0.21658,0.50774,0.25613
0.29944,0.13413,0.37566,0.19078
0.04640,0.04419,0.44879,0.46063
0.22066,0.16244,0.40096,0.21595
0.05780,0.02726,0.50370,0.41124
0.01283,0.44884,0.50550,0.03283
0.05046,0.29230,0.47586,0.18138
0.34806,0.28720,0.12694,0.23780
0.43445,0.05553,0.46881,0.04122
0.44517,0.02390,0.47996,0.05096
0.06338,0.00600,0.46370,0.46691
0.62680,0.19215,0.12635,0.05469
