0.01532,0.01532,0.01069,0.01707,0.01682,0.02090,0.02322,0.02634,0.01687,0.01892,0.02049,0.02416,0.01106,0.01531,0.01882,0.01080,0.01899,0.01735,0.15829,0.52328
0.01302,0.01651,0.02302,0.02946,0.01293,0.01928,0.01815,0.01822,0.01304,0.01423,0.01514,0.01599,0.01186,0.01179,0.01182,0.01821,0.01337,0.01256,0.53839,0.17300
0.03958,0.06376,0.13821,0.06118,0.03600,0.03631,0.02451,0.04540,0.02920,0.03849,0.04029,0.03979,0.05404,0.03451,0.10600,0.05078,0.03908,0.03728,0.03724,0.04834
0.05989,0.01824,0.04153,0.08100,0.02009,0.09576,0.01963,0.01537,0.04633,0.06798,0.03737,0.02615,0.03842,0.01471,0.03572,0.07170,0.02401,0.05196,0.17154,0.06260
0.01150,0.01851,0.01586,0.00945,0.01059,0.01063,0.00743,0.01296,0.00908,0.01126,0.01081,0.01887,0.00808,0.01064,0.01090,0.00895,0.66482,0.05191,0.01702,0.08074
0.10544,0.03551,0.02549,0.07748,0.03118,0.07733,0.05427,0.02520,0.02245,0.06559,0.03556,0.02023,0.07880,0.03171,0.02046,0.08956,0.02629,0.04451,0.09267,0.04027
0.01559,0.01773,0.01923,0.08073,0.01213,0.01416,0.01116,0.01963,0.00822,0.01416,0.00998,0.01138,0.01009,0.01254,0.01372,0.01176,0.01950,0.01009,0.15117,0.53701
0.58858,0.06755,0.01905,0.01679,0.01508,0.01479,0.01128,0.01172,0.01049,0.01289,0.01052,0.01904,0.01030,0.01229,0.01354,0.01082,0.01923,0.01433,0.03300,0.08872
0.01743,0.03814,0.08531,0.03537,0.03445,0.01647,0.01570,0.04278,0.02447,0.01788,0.04363,0.05479,0.02230,0.08554,0.01588,0.02045,0.06354,0.01864,0.05171,0.29552
0.00675,0.00739,0.00600,0.00914,0.00697,0.00785,0.00935,0.00850,0.00766,0.00757,0.00946,0.01195,0.00704,0.00752,0.00601,0.00592,0.00815,0.00951,0.13473,0.72254
0.12080,0.02487,0.02282,0.08006,0.02192,0.22191,0.02689,0.02097,0.02069,0.06276,0.04163,0.03246,0.07617,0.01802,0.02123,0.07880,0.01599,0.03164,0.03144,0.02893
0.13254,0.02088,0.02198,0.07395,0.04251,0.05831,0.07204,0.03857,0.03950,0.05525,0.05676,0.03011,0.06957,0.04197,0.02150,0.03134,0.04695,0.08570,0.03481,0.02576
0.54430,0.08479,0.02301,0.01517,0.01970,0.01826,0.01402,0.01632,0.00936,0.01715,0.01716,0.05834,0.01339,0.01552,0.01682,0.01106,0.02447,0.01678,0.02064,0.04373
0.06959,0.02705,0.01634,0.04856,0.03190,0.03431,0.02191,0.02063,0.02052,0.02886,0.30879,0.04000,0.10096,0.04989,0.01698,0.03515,0.02375,0.02976,0.04393,0.03114
0.01923,0.02117,0.01294,0.02926,0.22427,0.03466,0.02229,0.02587,0.02276,0.01772,0.01715,0.02143,0.01210,0.01544,0.02670,0.01797,0.01791,0.01441,0.12254,0.30417
0.02878,0.02923,0.02284,0.02946,0.02204,0.02283,0.01579,0.02371,0.01746,0.01920,0.01764,0.02269,0.02009,0.01801,0.02371,0.01693,0.21609,0.14468,0.09089,0.19792
0.03837,0.18480,0.19915,0.04186,0.02770,0.03380,0.02107,0.03013,0.01959,0.04246,0.03016,0.06000,0.03049,0.03583,0.04959,0.03536,0.03419,0.02069,0.02484,0.03993
0.02000,0.06032,0.46698,0.02237,0.01530,0.01647,0.01768,0.02865,0.00863,0.01885,0.01720,0.02195,0.01389,0.01422,0.01436,0.01609,0.02216,0.02037,0.05239,0.13213
0.03148,0.04986,0.04976,0.03967,0.04382,0.03206,0.02820,0.03389,0.01373,0.03162,0.03715,0.02566,0.04940,0.13737,0.02504,0.05171,0.04763,0.06025,0.10529,0.10641
0.02431,0.06515,0.29539,0.06243,0.02174,0.03906,0.01931,0.02760,0.01788,0.04146,0.02949,0.06539,0.03891,0.02269,0.05851,0.04501,0.02292,0.02043,0.03062,0.05168
0.03993,0.01708,0.01846,0.09101,0.01678,0.02361,0.03520,0.03322,0.02442,0.02197,0.02773,0.02708,0.03702,0.03761,0.01459,0.01503,0.04857,0.03642,0.26661,0.16765
0.05460,0.02238,0.02243,0.11897,0.03251,0.06584,0.03695,0.03256,0.03608,0.06798,0.05926,0.02838,0.13558,0.03848,0.01866,0.05033,0.04036,0.03179,0.06398,0.04287
0.10818,0.02736,0.02225,0.07195,0.03245,0.07394,0.02192,0.02579,0.02903,0.03867,0.07973,0.03786,0.11562,0.03894,0.02416,0.04158,0.02526,0.02652,0.09998,0.05880
0.16042,0.03271,0.02649,0.06446,0.03817,0.06370,0.02723,0.02364,0.03255,0.06676,0.04064,0.03292,0.09061,0.03552,0.02998,0.04093,0.03412,0.06043,0.05069,0.04805
0.04813,0.01926,0.01896,0.10276,0.02331,0.14343,0.04448,0.01756,0.02147,0.08862,0.05728,0.03005,0.06306,0.01727,0.01992,0.05688,0.02055,0.09452,0.07986,0.03262
0.05313,0.01407,0.01728,0.04252,0.02368,0.13609,0.02761,0.00967,0.01321,0.07442,0.04135,0.02705,0.09796,0.02291,0.01287,0.06136,0.01084,0.03655,0.22478,0.05263
0.03182,0.03072,0.04906,0.04315,0.09384,0.03179,0.03863,0.03325,0.01582,0.03805,0.02850,0.01972,0.05794,0.22892,0.01599,0.03905,0.10243,0.03187,0.03558,0.03388
0.06356,0.02629,0.01951,0.03780,0.04522,0.05768,0.01661,0.01837,0.08496,0.06452,0.07212,0.05640,0.15501,0.04270,0.03212,0.03484,0.03275,0.02338,0.05301,0.06315
0.18281,0.02026,0.01562,0.13863,0.02155,0.05144,0.01563,0.01180,0.01389,0.03644,0.04276,0.02110,0.06321,0.01968,0.01174,0.02493,0.01649,0.04165,0.19340,0.05696
0.06790,0.03754,0.13144,0.05399,0.03478,0.05108,0.02167,0.03014,0.05431,0.03232,0.05911,0.07079,0.03789,0.02825,0.03119,0.05147,0.05010,0.09023,0.03323,0.03257
0.01205,0.02576,0.02236,0.01705,0.01701,0.01008,0.01358,0.01956,0.01243,0.01035,0.06511,0.18614,0.01306,0.02569,0.01129,0.01421,0.02086,0.01237,0.03397,0.45705
0.22854,0.01795,0.02128,0.05000,0.02199,0.12845,0.03008,0.01400,0.02389,0.05292,0.07314,0.03122,0.09668,0.02448,0.01268,0.04902,0.01212,0.03529,0.04803,0.02825
0.01947,0.01690,0.01066,0.02664,0.02724,0.02141,0.01297,0.02198,0.02578,0.01525,0.02379,0.07764,0.30299,0.25672,0.02475,0.01636,0.02918,0.01620,0.01476,0.03931
0.07812,0.02543,0.02260,0.04499,0.03760,0.03204,0.03485,0.03812,0.04401,0.04819,0.04556,0.02516,0.03842,0.03416,0.02869,0.03039,0.09710,0.21516,0.04541,0.03401
0.00645,0.00854,0.00738,0.00858,0.00941,0.00802,0.00758,0.01058,0.00791,0.00689,0.00662,0.00896,0.00567,0.00750,0.00620,0.00603,0.00957,0.00714,0.07579,0.78518
0.06857,0.01860,0.02720,0.05287,0.01663,0.04842,0.02977,0.02308,0.05186,0.04190,0.04765,0.02949,0.04971,0.01993,0.01900,0.02912,0.02139,0.02913,0.32272,0.05295
0.07113,0.01959,0.01669,0.10763,0.03728,0.04572,0.01691,0.02082,0.06346,0.02723,0.04457,0.03084,0.16961,0.08346,0.02502,0.03745,0.02674,0.01996,0.08059,0.05530
0.12111,0.04078,0.02832,0.07805,0.02206,0.04541,0.01481,0.01885,0.06723,0.04518,0.04298,0.05270,0.14202,0.02872,0.02926,0.03421,0.03521,0.03047,0.05248,0.07014
0.01060,0.01044,0.02712,0.02684,0.01362,0.08743,0.01532,0.00495,0.00481,0.02267,0.02252,0.00903,0.26448,0.01639,0.00646,0.04330,0.00663,0.07309,0.29930,0.03497
0.10250,0.01844,0.01480,0.05061,0.02495,0.08487,0.04823,0.01487,0.02757,0.08681,0.19306,0.02647,0.08600,0.02422,0.01552,0.03904,0.01655,0.04304,0.05469,0.02779
0.13609,0.02290,0.01840,0.05388,0.02613,0.05507,0.02462,0.01921,0.22339,0.04436,0.03854,0.02674,0.04870,0.02030,0.03282,0.03889,0.02402,0.05681,0.05878,0.03035
0.02648,0.02393,0.02165,0.04393,0.01548,0.01573,0.01693,0.02484,0.00976,0.01535,0.01219,0.01380,0.01346,0.01327,0.01234,0.01252,0.02804,0.02481,0.20263,0.45286
0.01554,0.01438,0.01623,0.02348,0.01240,0.01741,0.01551,0.02380,0.02607,0.01652,0.01589,0.03854,0.01190,0.01209,0.01981,0.01250,0.02767,0.01884,0.15631,0.50511
0.12604,0.01669,0.01760,0.04195,0.02146,0.19183,0.03879,0.01339,0.01752,0.04927,0.04937,0.01973,0.06711,0.01545,0.01396,0.04788,0.01340,0.08190,0.12947,0.02719
0.02724,0.02338,0.04781,0.06331,0.03828,0.02440,0.01806,0.03333,0.01666,0.02508,0.04352,0.02334,0.06377,0.08636,0.01710,0.02706,0.06244,0.02684,0.22413,0.10790
0.12359,0.03661,0.02215,0.03096,0.02509,0.02437,0.01780,0.02339,0.01442,0.02367,0.02016,0.01989,0.01929,0.02260,0.01653,0.01683,0.02120,0.01977,0.38274,0.11894
0.03057,0.01699,0.01602,0.07157,0.03049,0.05748,0.02144,0.02779,0.01994,0.03317,0.02840,0.02462,0.06450,0.02102,0.01867,0.01972,0.03210,0.02110,0.36926,0.07514
0.02182,0.01631,0.01410,0.04358,0.02122,0.03887,0.01590,0.01612,0.02130,0.02630,0.01428,0.04960,0.01366,0.02057,0.32588,0.03206,0.01834,0.01265,0.03375,0.24369
0.05894,0.02806,0.02735,0.06944,0.02455,0.09194,0.02192,0.02212,0.03021,0.29533,0.02814,0.02062,0.03871,0.01678,0.04662,0.04808,0.02513,0.02638,0.04122,0.03847
0.02959,0.02350,0.01622,0.04264,0.02633,0.03626,0.03555,0.03465,0.16699,0.02484,0.02751,0.03179,0.02790,0.02132,0.02112,0.02315,0.04164,0.03367,0.26114,0.07418
0.04004,0.03580,0.03596,0.05341,0.02460,0.02630,0.02083,0.02491,0.03129,0.02657,0.08979,0.04908,0.04807,0.03121,0.02278,0.03814,0.03781,0.04831,0.23667,0.07843
0.12730,0.02364,0.02092,0.10671,0.02538,0.13922,0.04048,0.01654,0.03134,0.08785,0.05889,0.03290,0.04308,0.02208,0.01524,0.03684,0.02678,0.05063,0.05900,0.03518
0.03395,0.05772,0.26182,0.02788,0.04782,0.04109,0.03875,0.03214,0.02275,0.03067,0.04149,0.02789,0.02550,0.01946,0.03050,0.08076,0.02545,0.03576,0.07055,0.04804
0.04979,0.02949,0.01659,0.05661,0.09398,0.06052,0.03667,0.05448,0.05124,0.04275,0.04041,0.05383,0.02283,0.02787,0.02337,0.02716,0.02995,0.02683,0.07093,0.18470
0.17256,0.02174,0.02561,0.03670,0.03480,0.11364,0.07000,0.01899,0.01806,0.04342,0.11759,0.03076,0.07201,0.02333,0.01507,0.04929,0.01576,0.03756,0.05873,0.02439
0.01061,0.02609,0.03132,0.40912,0.02428,0.01390,0.01633,0.04712,0.01460,0.01298,0.01373,0.01785,0.01705,0.03134,0.02239,0.01342,0.02985,0.01058,0.02325,0.21419
0.00842,0.01244,0.01842,0.01320,0.01142,0.00726,0.01045,0.01328,0.00834,0.00877,0.01142,0.01263,0.00802,0.01333,0.00774,0.00888,0.01919,0.01306,0.06649,0.72726
0.02013,0.02599,0.02839,0.04466,0.02592,0.01833,0.01372,0.02345,0.01414,0.02197,0.02394,0.02611,0.04896,0.04998,0.01898,0.02081,0.30516,0.04675,0.08555,0.13706
0.10870,0.04315,0.03210,0.04804,0.01976,0.04738,0.03679,0.02385,0.01786,0.05362,0.03044,0.03228,0.05065,0.02188,0.01990,0.03808,0.02364,0.05813,0.23008,0.06366
0.03814,0.02584,0.03141,0.03714,0.03150,0.03870,0.01887,0.04941,0.03575,0.02660,0.01555,0.02716,0.02363,0.02408,0.02980,0.01958,0.04825,0.02567,0.19661,0.25633
0.04912,0.01715,0.02077,0.04438,0.02127,0.11917,0.03051,0.01290,0.01214,0.13704,0.06882,0.02996,0.11668,0.01933,0.01311,0.03893,0.01746,0.06051,0.12270,0.04806
0.07410,0.02532,0.01952,0.14767,0.03824,0.09529,0.02665,0.02112,0.07207,0.04470,0.03437,0.02493,0.04183,0.02449,0.02085,0.08619,0.02897,0.05247,0.07817,0.04305
0.02363,0.02290,0.01908,0.02766,0.02019,0.02709,0.01816,0.02814,0.02125,0.02385,0.02336,0.10284,0.02178,0.01810,0.02960,0.01266,0.04838,0.02777,0.04487,0.43869
0.00522,0.00792,0.00715,0.00793,0.00841,0.00730,0.00906,0.01459,0.01269,0.00643,0.00938,0.01365,0.00669,0.00892,0.00617,0.00679,0.01060,0.00795,0.07617,0.76698
0.01390,0.01361,0.01458,0.02367,0.01793,0.01498,0.01749,0.01683,0.02585,0.01719,0.01955,0.02411,0.02906,0.04009,0.01150,0.01495,0.55424,0.06432,0.02789,0.03824
0.07924,0.01508,0.01713,0.04901,0.01911,0.18682,0.02766,0.01275,0.01925,0.08492,0.04268,0.02012,0.05652,0.01652,0.01453,0.05788,0.01427,0.06024,0.16173,0.04455
0.09904,0.02100,0.02031,0.14316,0.02403,0.07776,0.03585,0.02183,0.06225,0.06739,0.04320,0.02311,0.05759,0.02635,0.02125,0.05491,0.03214,0.07068,0.06746,0.03068
0.02571,0.03923,0.03573,0.30349,0.03047,0.04283,0.02105,0.03006,0.02385,0.03614,0.02481,0.02566,0.08063,0.02995,0.05451,0.08182,0.02764,0.03011,0.02437,0.03195
0.01344,0.01453,0.01202,0.01540,0.01905,0.01799,0.01054,0.01214,0.67527,0.01535,0.01781,0.02402,0.01816,0.02228,0.01873,0.01934,0.01458,0.01374,0.01822,0.02736
0.01057,0.02186,0.02305,0.61233,0.01279,0.01157,0.01308,0.02808,0.01174,0.01185,0.00943,0.01170,0.01405,0.01885,0.01347,0.01200,0.02481,0.01141,0.03393,0.09343
0.01537,0.01875,0.01263,0.01570,0.02991,0.06967,0.02942,0.04413,0.02828,0.11429,0.02010,0.10472,0.01555,0.02430,0.05547,0.01395,0.03792,0.01651,0.02227,0.31107
0.01211,0.01177,0.01345,0.01783,0.01273,0.01246,0.01145,0.01655,0.02031,0.01145,0.01486,0.01793,0.01361,0.01488,0.01024,0.00978,0.03238,0.01562,0.29277,0.43781
0.02946,0.01719,0.02154,0.05048,0.02138,0.28796,0.03047,0.00918,0.01010,0.03522,0.02766,0.01620,0.10385,0.02369,0.00986,0.05318,0.01185,0.05715,0.15343,0.03014
0.04413,0.02051,0.02361,0.09665,0.02873,0.07051,0.04625,0.01834,0.02543,0.06180,0.08685,0.03213,0.14051,0.03460,0.01695,0.06652,0.02146,0.04282,0.08665,0.03554
0.02559,0.02267,0.01655,0.01434,0.02759,0.14019,0.04515,0.13869,0.03284,0.08812,0.02093,0.08013,0.01445,0.02052,0.15247,0.01689,0.02796,0.01862,0.02003,0.07629
0.01626,0.02819,0.03777,0.02966,0.06444,0.02497,0.01434,0.04035,0.02917,0.02007,0.02815,0.03537,0.02997,0.11836,0.04242,0.03278,0.04041,0.02041,0.05010,0.29682
0.39473,0.05187,0.02976,0.02255,0.03220,0.02504,0.01515,0.02080,0.05805,0.03013,0.02677,0.03687,0.01946,0.02302,0.02143,0.02134,0.02962,0.01974,0.05099,0.07050
0.07555,0.01980,0.01719,0.03821,0.02462,0.16443,0.02723,0.01102,0.01207,0.04886,0.15628,0.02168,0.13771,0.02381,0.01039,0.03206,0.01335,0.05394,0.08617,0.02563
0.01255,0.01581,0.01392,0.01098,0.01330,0.01221,0.01458,0.01876,0.01685,0.01199,0.01530,0.02290,0.01033,0.01306,0.01183,0.00985,0.02212,0.01936,0.13378,0.60052
0.02345,0.02384,0.02287,0.04166,0.02560,0.02300,0.01889,0.02845,0.02433,0.01995,0.01692,0.02723,0.01751,0.02075,0.02226,0.01896,0.03740,0.02245,0.40614,0.15833
0.02359,0.02334,0.02431,0.03551,0.01937,0.02160,0.01260,0.02025,0.02844,0.02186,0.02304,0.03185,0.02289,0.02379,0.02096,0.01361,0.04349,0.02425,0.31565,0.24960
0.07885,0.03389,0.02610,0.16927,0.02961,0.03781,0.02828,0.02706,0.09373,0.04711,0.03604,0.02389,0.03708,0.02936,0.01962,0.02242,0.06206,0.05642,0.09014,0.05125
0.01226,0.01716,0.01665,0.01146,0.02537,0.01567,0.00996,0.01860,0.32414,0.01110,0.01392,0.02603,0.01070,0.02190,0.01574,0.01428,0.03610,0.01896,0.04487,0.33512
0.09639,0.01898,0.02367,0.14927,0.02553,0.08769,0.04162,0.01742,0.01941,0.05353,0.04138,0.01653,0.08621,0.02223,0.02031,0.04956,0.02253,0.05810,0.11546,0.03414
0.13713,0.03368,0.01998,0.10416,0.06107,0.06293,0.02201,0.02616,0.02491,0.09470,0.02361,0.02800,0.03591,0.05056,0.07098,0.02742,0.02879,0.02543,0.05561,0.06695
0.00359,0.00589,0.00448,0.00677,0.00702,0.00562,0.00678,0.01032,0.01628,0.00486,0.00785,0.01151,0.00525,0.00642,0.00394,0.00468,0.00751,0.00786,0.09474,0.77862
0.00912,0.00964,0.01030,0.00987,0.00976,0.01035,0.00893,0.01401,0.01723,0.00998,0.01251,0.02366,0.00791,0.00926,0.00908,0.00754,0.01356,0.01015,0.27839,0.51875
0.01563,0.02961,0.01624,0.01666,0.01212,0.01016,0.01126,0.01774,0.00844,0.01081,0.01270,0.01399,0.01125,0.01696,0.01150,0.00996,0.02167,0.01527,0.11130,0.62673
0.05888,0.05052,0.03050,0.13452,0.12756,0.11171,0.02257,0.02592,0.02462,0.03091,0.02567,0.03719,0.02164,0.01885,0.05755,0.07333,0.01851,0.01932,0.06161,0.04863
0.03580,0.02458,0.01989,0.05125,0.02082,0.04441,0.02395,0.03779,0.02451,0.03404,0.03242,0.06484,0.02437,0.01696,0.03788,0.02022,0.04719,0.03487,0.19665,0.20759
0.05014,0.04710,0.06165,0.06353,0.03116,0.04915,0.02698,0.02321,0.03249,0.05514,0.03744,0.03345,0.04929,0.02982,0.08907,0.12003,0.03741,0.05286,0.06009,0.04999
0.01790,0.08079,0.04886,0.01530,0.03104,0.01991,0.02074,0.03968,0.02282,0.01860,0.02109,0.05580,0.02058,0.05610,0.25038,0.08272,0.03964,0.01788,0.02754,0.11264
0.07488,0.02219,0.02297,0.06857,0.02831,0.12521,0.05551,0.02346,0.01885,0.08189,0.05316,0.02887,0.13528,0.04519,0.02019,0.04254,0.02731,0.03152,0.05672,0.03735
0.16388,0.01914,0.02044,0.15061,0.02565,0.11707,0.02146,0.01268,0.03655,0.05064,0.06179,0.02415,0.04953,0.01865,0.01882,0.04195,0.02155,0.04547,0.06818,0.03179
0.02171,0.04855,0.14730,0.02274,0.04203,0.02369,0.02016,0.02919,0.01061,0.04003,0.03409,0.04522,0.01786,0.02425,0.01744,0.01740,0.03779,0.02460,0.05139,0.32396
0.17056,0.01771,0.01723,0.11404,0.02230,0.07622,0.04075,0.01922,0.04637,0.05298,0.05230,0.02182,0.07435,0.02215,0.01910,0.03013,0.02710,0.07251,0.07366,0.02951
0.05892,0.03046,0.04450,0.05531,0.06991,0.04464,0.01722,0.02420,0.04635,0.03034,0.04932,0.02137,0.07327,0.06895,0.01906,0.03766,0.06568,0.05339,0.12800,0.06143
0.07688,0.02400,0.01795,0.05826,0.02844,0.06780,0.04606,0.02160,0.01552,0.04260,0.06280,0.02764,0.24904,0.04335,0.01932,0.04477,0.01962,0.03277,0.07027,0.03132
0.02882,0.01747,0.01694,0.11121,0.18550,0.12472,0.01999,0.02973,0.05109,0.03782,0.04222,0.03001,0.04557,0.02549,0.03698,0.03311,0.03353,0.02676,0.06486,0.03818
0.61787,0.14205,0.01823,0.01461,0.01152,0.01360,0.00821,0.01197,0.01190,0.01034,0.01021,0.01757,0.00908,0.01319,0.01514,0.01075,0.01908,0.01088,0.01262,0.02116
