0.15888,0.19954,0.14790,0.15436,0.22649,0.01824,0.02015,0.03158,0.02361,0.01924
0.24480,0.19843,0.21631,0.04516,0.17495,0.01763,0.01628,0.01825,0.01994,0.04825
0.11240,0.23623,0.10329,0.10512,0.27730,0.03559,0.01210,0.02365,0.03859,0.05573
0.13818,0.23005,0.08481,0.08975,0.14571,0.01886,0.03150,0.02941,0.03134,0.20039
0.16640,0.28214,0.13110,0.06530,0.19135,0.01784,0.01990,0.02341,0.02377,0.07877
0.16164,0.26516,0.21594,0.05987,0.22461,0.01290,0.01471,0.01030,0.01600,0.01886
0.20472,0.24866,0.14118,0.07970,0.21796,0.01689,0.01973,0.02382,0.03069,0.01665
0.16185,0.26264,0.14893,0.09577,0.15828,0.02445,0.06038,0.05163,0.01937,0.01671
0.15197,0.25964,0.16646,0.08119,0.18345,0.02145,0.02909,0.02700,0.02785,0.05188
0.12140,0.18748,0.20983,0.08576,0.32145,0.00768,0.00985,0.01695,0.01363,0.02596
0.17536,0.23047,0.12927,0.10542,0.19096,0.02529,0.03305,0.03834,0.04541,0.02644
0.05233,0.48629,0.06697,0.04866,0.25242,0.02293,0.01027,0.01263,0.03643,0.01106
0.13451,0.29064,0.14640,0.15367,0.16861,0.01895,0.01422,0.01912,0.01953,0.03436
0.10827,0.28965,0.10003,0.06015,0.21427,0.02665,0.04690,0.02742,0.02052,0.10615
0.14074,0.33452,0.13832,0.06972,0.24793,0.01116,0.00885,0.01301,0.01303,0.02272
0.05615,0.33816,0.08445,0.22537,0.22859,0.00946,0.01216,0.01007,0.01218,0.02340
0.13346,0.41085,0.12951,0.04443,0.23372,0.00817,0.01072,0.00788,0.01275,0.00851
0.24550,0.20285,0.22928,0.04069,0.13281,0.02208,0.02613,0.03711,0.02495,0.03860
0.13793,0.18139,0.11824,0.09575,0.37513,0.01767,0.01424,0.02063,0.02709,0.01194
0.09631,0.34904,0.19186,0.06188,0.16063,0.02006,0.03149,0.02588,0.02412,0.03873
0.19903,0.24373,0.20487,0.05540,0.16500,0.02520,0.04745,0.02162,0.02694,0.01076
0.14860,0.31768,0.13667,0.08553,0.22231,0.01593,0.01964,0.01361,0.01871,0.02132
0.23964,0.18896,0.15662,0.07815,0.17559,0.03319,0.03902,0.02503,0.05136,0.01245
0.12351,0.29470,0.12639,0.06053,0.28934,0.01742,0.01852,0.01876,0.02382,0.02701
0.23078,0.13236,0.16368,0.17506,0.22271,0.01346,0.01008,0.00974,0.01132,0.03081
0.11081,0.23453,0.11048,0.07799,0.32891,0.02795,0.04180,0.02023,0.02865,0.01866
0.13461,0.38337,0.12647,0.07513,0.16618,0.02000,0.02219,0.02940,0.02693,0.01572
0.18661,0.20477,0.18284,0.10980,0.16731,0.03607,0.03186,0.03061,0.03333,0.01681
0.11925,0.27906,0.13476,0.09419,0.28486,0.01465,0.02232,0.01602,0.01181,0.02307
0.13848,0.31223,0.20884,0.09863,0.17264,0.01349,0.01632,0.01722,0.01161,0.01055
0.07719,0.42829,0.11180,0.04728,0.25672,0.01403,0.01028,0.01332,0.01481,0.02629
0.15674,0.27726,0.13049,0.06974,0.14094,0.05024,0.06873,0.03677,0.03249,0.03660
0.06645,0.24847,0.17499,0.12998,0.26743,0.01699,0.01826,0.04594,0.02108,0.01041
0.22947,0.19000,0.14627,0.11401,0.20275,0.02222,0.04277,0.01864,0.02130,0.01257
0.15065,0.25476,0.11856,0.18386,0.21589,0.01396,0.02417,0.01180,0.01213,0.01422
0.17639,0.25031,0.14372,0.13118,0.18350,0.02750,0.02184,0.02315,0.02337,0.01903
0.14516,0.31236,0.16352,0.07927,0.16628,0.01510,0.02171,0.01953,0.01758,0.05948
0.12248,0.37000,0.14181,0.06524,0.25088,0.00883,0.00950,0.01045,0.01342,0.00739
0.07021,0.19354,0.07054,0.04234,0.21467,0.08122,0.24190,0.04022,0.01689,0.02846
0.25728,0.29677,0.16264,0.04013,0.19648,0.00784,0.01010,0.01025,0.00843,0.01008
0.11666,0.27778,0.11341,0.12440,0.28318,0.01502,0.00938,0.02288,0.02132,0.01598
0.31657,0.15555,0.19065,0.09174,0.17650,0.01252,0.02190,0.01342,0.01315,0.00801
0.19036,0.25038,0.16451,0.07081,0.21408,0.02730,0.02322,0.01834,0.02379,0.01721
0.25828,0.26005,0.26225,0.07285,0.06049,0.02150,0.01345,0.01294,0.02094,0.01724
0.11060,0.25760,0.12206,0.04579,0.38800,0.01872,0.01467,0.01107,0.02219,0.00930
0.20944,0.21102,0.11881,0.07735,0.28746,0.01652,0.02086,0.01859,0.03156,0.00839
0.20013,0.28428,0.14965,0.09113,0.12673,0.02031,0.01779,0.02605,0.03052,0.05342
0.14222,0.31065,0.17242,0.05880,0.23123,0.01534,0.03371,0.01529,0.01192,0.00844
0.09983,0.39771,0.14442,0.06177,0.26248,0.00605,0.00638,0.00784,0.00690,0.00662
0.12959,0.28612,0.14322,0.09907,0.17316,0.02943,0.02744,0.02885,0.03960,0.04353
0.11403,0.30331,0.11438,0.10117,0.23866,0.01437,0.01498,0.03619,0.01619,0.04673
0.07736,0.23647,0.11679,0.24308,0.19235,0.01754,0.03246,0.02249,0.04281,0.01864
0.08413,0.35147,0.11448,0.11337,0.25424,0.01433,0.01485,0.01373,0.01695,0.02244
0.12791,0.28619,0.13046,0.08493,0.26067,0.01907,0.03482,0.01519,0.01852,0.02224
0.13824,0.16166,0.23986,0.08627,0.26640,0.01500,0.01654,0.03718,0.02352,0.01533
0.13150,0.34730,0.14111,0.07297,0.24015,0.01065,0.01492,0.01100,0.01635,0.01404
0.16616,0.31726,0.18360,0.09831,0.16376,0.00969,0.01138,0.02360,0.01410,0.01213
0.23699,0.19998,0.10739,0.06094,0.31165,0.01631,0.01451,0.01838,0.01684,0.01700
0.16243,0.34345,0.15984,0.07611,0.13970,0.01686,0.02159,0.01653,0.02117,0.04231
0.07955,0.39184,0.11173,0.04551,0.29086,0.01215,0.01423,0.01925,0.01553,0.01934
0.21146,0.22359,0.23819,0.12868,0.13429,0.01012,0.00927,0.01967,0.01232,0.01241
0.19843,0.20216,0.13474,0.09451,0.17978,0.03466,0.02709,0.04234,0.05188,0.03441
0.15001,0.28461,0.17223,0.12965,0.12142,0.04012,0.02658,0.01969,0.03591,0.01978
0.15889,0.17012,0.23595,0.13768,0.14576,0.01735,0.01870,0.04872,0.02604,0.04079
0.17263,0.23823,0.15901,0.11878,0.22092,0.01290,0.01872,0.02374,0.01890,0.01616
0.13376,0.22849,0.11977,0.05779,0.41119,0.00924,0.00839,0.01059,0.01341,0.00736
0.16454,0.14727,0.15880,0.15842,0.19126,0.02579,0.03197,0.03056,0.02688,0.06450
0.12634,0.22717,0.14971,0.12496,0.20616,0.03561,0.03568,0.03026,0.04487,0.01923
0.12965,0.28587,0.17111,0.10466,0.23448,0.01001,0.01550,0.01248,0.01039,0.02585
0.09930,0.51085,0.08609,0.06067,0.14513,0.01553,0.01391,0.01645,0.01835,0.03372
0.17367,0.22793,0.19844,0.04293,0.23396,0.02380,0.03017,0.01476,0.03588,0.01847
0.10026,0.29575,0.13053,0.09587,0.18129,0.02844,0.01571,0.04763,0.04056,0.06395
0.11017,0.22228,0.17088,0.06053,0.33803,0.01640,0.02697,0.01871,0.01839,0.01765
0.11565,0.13381,0.19469,0.09220,0.34538,0.01586,0.03018,0.01709,0.01635,0.03879
0.11741,0.20075,0.11615,0.06117,0.20125,0.01140,0.02110,0.02094,0.02125,0.22857
0.15876,0.34188,0.10646,0.09998,0.19646,0.01754,0.02782,0.01874,0.02081,0.01155
0.14971,0.28782,0.12001,0.07915,0.20461,0.02673,0.04467,0.02993,0.04147,0.01589
0.17691,0.20885,0.14039,0.12311,0.21733,0.02371,0.03541,0.02457,0.03426,0.01547
0.13425,0.30429,0.11940,0.06590,0.30728,0.01395,0.01362,0.01220,0.01489,0.01421
0.11312,0.42290,0.12444,0.09046,0.14093,0.02077,0.02926,0.02777,0.01749,0.01286
0.13172,0.22663,0.15189,0.06627,0.27657,0.02400,0.01600,0.02750,0.02565,0.05375
0.13835,0.22184,0.11998,0.16725,0.20740,0.02810,0.04340,0.02109,0.02829,0.02431
0.14919,0.27103,0.12275,0.07055,0.27113,0.02317,0.03008,0.01940,0.01947,0.02323
0.24085,0.15277,0.14267,0.11608,0.24678,0.01503,0.01616,0.01552,0.02292,0.03123
0.09340,0.51894,0.09907,0.04948,0.14581,0.01477,0.01366,0.02474,0.02126,0.01886
0.15362,0.17493,0.21305,0.07819,0.26059,0.02516,0.02447,0.02671,0.02612,0.01717
0.21688,0.12960,0.15777,0.16117,0.18257,0.03308,0.03186,0.02516,0.03598,0.02592
0.18514,0.24219,0.12567,0.06273,0.31644,0.01211,0.01188,0.01556,0.01658,0.01172
0.14149,0.23971,0.11992,0.06379,0.28215,0.02738,0.03357,0.03342,0.02777,0.03082
0.21390,0.16625,0.14256,0.10553,0.21578,0.02364,0.03337,0.02904,0.02712,0.04283
0.08584,0.36089,0.12983,0.06839,0.29640,0.00933,0.00762,0.01101,0.01188,0.01881
0.15346,0.27721,0.17663,0.05616,0.22952,0.02304,0.04190,0.01533,0.01397,0.01277
0.12818,0.22099,0.10576,0.12459,0.19770,0.04041,0.05220,0.05436,0.06026,0.01555
0.08179,0.48668,0.10264,0.05863,0.17619,0.01484,0.01655,0.02377,0.01904,0.01987
0.09139,0.32153,0.13538,0.06514,0.24137,0.03900,0.03042,0.02767,0.03554,0.01255
0.16621,0.25144,0.17159,0.07892,0.16754,0.03748,0.03365,0.02503,0.03478,0.03335
0.11025,0.36420,0.10389,0.06036,0.24506,0.01956,0.05786,0.01432,0.00996,0.01453
0.14990,0.33495,0.13774,0.12004,0.17860,0.01499,0.01704,0.01633,0.01931,0.01110
0.14942,0.35761,0.12898,0.08340,0.19462,0.01261,0.02627,0.01914,0.01501,0.01294
0.08039,0.34859,0.12888,0.05241,0.26422,0.01449,0.02601,0.01676,0.01655,0.05171
0.09902,0.20926,0.08779,0.10026,0.42587,0.01315,0.01675,0.01405,0.01275,0.02109
0.16419,0.23445,0.14723,0.11133,0.18662,0.02280,0.02798,0.05668,0.03020,0.01852
0.10383,0.28653,0.13039,0.07236,0.28491,0.02083,0.04429,0.02492,0.02103,0.01093
0.11613,0.32167,0.16404,0.06942,0.18879,0.00983,0.01361,0.01241,0.01723,0.08687
0.11473,0.22782,0.17278,0.11776,0.22155,0.02266,0.03701,0.02555,0.03855,0.02160
0.13264,0.27650,0.17538,0.08031,0.21365,0.02252,0.02248,0.03650,0.02784,0.01218
0.21692,0.31418,0.12554,0.13807,0.12430,0.01034,0.01664,0.01114,0.01425,0.02860
0.06480,0.28387,0.11393,0.18983,0.21764,0.02556,0.02906,0.03308,0.01571,0.02651
0.07808,0.40283,0.09701,0.10404,0.19836,0.02606,0.02482,0.02082,0.02789,0.02009
0.15117,0.34032,0.09798,0.06834,0.20890,0.02138,0.01830,0.01868,0.03048,0.04447
0.15134,0.32513,0.14234,0.06391,0.17653,0.02246,0.03743,0.02527,0.02509,0.03050
0.15611,0.27484,0.15950,0.10290,0.20717,0.01614,0.01445,0.02401,0.02345,0.02142
0.15800,0.21139,0.15842,0.12045,0.19234,0.02805,0.03240,0.02668,0.03073,0.04155
0.08510,0.46843,0.10589,0.06711,0.18439,0.01724,0.02050,0.01612,0.02151,0.01372
0.15491,0.18949,0.18551,0.18132,0.15716,0.02284,0.01781,0.02977,0.02745,0.03375
0.12280,0.32501,0.14190,0.07790,0.23602,0.01322,0.01893,0.02360,0.01888,0.02174
0.10481,0.44052,0.11941,0.07943,0.19654,0.01156,0.01206,0.00953,0.01164,0.01451
0.12189,0.37081,0.08829,0.08527,0.23058,0.01489,0.01856,0.01326,0.01566,0.04078
0.16517,0.28905,0.19091,0.14253,0.12410,0.01101,0.01726,0.01237,0.01428,0.03331
0.12712,0.27279,0.12030,0.06605,0.34452,0.01299,0.01691,0.01386,0.01248,0.01298
0.12219,0.15205,0.16947,0.06935,0.13323,0.06789,0.04295,0.04449,0.07723,0.12115
0.10016,0.18973,0.17398,0.11470,0.21261,0.02832,0.03671,0.02193,0.01454,0.10734
0.20217,0.05347,0.22725,0.13476,0.22760,0.02609,0.02540,0.02969,0.02938,0.04418
0.10889,0.35948,0.09453,0.03368,0.23097,0.03946,0.02455,0.03562,0.05168,0.02114
0.18303,0.16556,0.25241,0.10796,0.20786,0.01072,0.01099,0.02872,0.01392,0.01884
0.13400,0.35491,0.10254,0.06211,0.23070,0.02413,0.01527,0.01945,0.03057,0.02631
0.13272,0.17648,0.17456,0.11525,0.22884,0.03526,0.05408,0.03307,0.02539,0.02434
0.13237,0.25972,0.15694,0.11037,0.22984,0.02305,0.02504,0.02585,0.02377,0.01304
0.17518,0.19007,0.22967,0.11933,0.19684,0.01472,0.01657,0.01368,0.02092,0.02303
0.12397,0.28255,0.14658,0.09532,0.24134,0.01659,0.01567,0.02294,0.01913,0.03592
0.10661,0.29791,0.13381,0.08051,0.28027,0.02557,0.02001,0.01828,0.02773,0.00930
0.14572,0.26474,0.14390,0.09056,0.20517,0.03302,0.05971,0.02353,0.01627,0.01737
0.09191,0.14505,0.18401,0.25709,0.20256,0.01831,0.01998,0.02470,0.02449,0.03190
0.14527,0.31166,0.17819,0.05715,0.21718,0.01613,0.02076,0.01796,0.02545,0.01024
0.11967,0.26474,0.12572,0.08265,0.26099,0.02665,0.06061,0.02252,0.02311,0.01334
0.17364,0.24558,0.16069,0.04272,0.24315,0.01801,0.02000,0.03217,0.03149,0.03256
0.21955,0.10227,0.15888,0.17439,0.18173,0.05079,0.01615,0.02083,0.06562,0.00978
0.32550,0.15647,0.23637,0.06239,0.14844,0.01209,0.01537,0.01498,0.01307,0.01532
0.13937,0.22175,0.13793,0.20440,0.09312,0.04961,0.06098,0.02793,0.02909,0.03583
0.15820,0.23340,0.15899,0.09776,0.20592,0.01936,0.03920,0.04840,0.02456,0.01421
0.19720,0.20427,0.20132,0.08825,0.21035,0.01988,0.02169,0.01734,0.01640,0.02331
0.15255,0.24442,0.25467,0.05593,0.19759,0.02077,0.01134,0.01856,0.03359,0.01058
0.15282,0.23313,0.14516,0.11472,0.22646,0.02429,0.01743,0.03051,0.02958,0.02590
0.13298,0.19939,0.14363,0.10177,0.19813,0.04298,0.07358,0.03395,0.02988,0.04372
0.15045,0.24096,0.11138,0.10209,0.26796,0.01913,0.02966,0.04473,0.01885,0.01478
0.09362,0.26610,0.14625,0.06847,0.30488,0.02728,0.02860,0.02584,0.02328,0.01570
0.09435,0.51310,0.10404,0.06469,0.16358,0.01025,0.01139,0.00943,0.01092,0.01825
0.08680,0.37128,0.08552,0.04018,0.36906,0.00684,0.00864,0.01166,0.01014,0.00989
0.14750,0.29443,0.16227,0.08985,0.23922,0.01612,0.01381,0.01120,0.01421,0.01139
0.07974,0.21247,0.06982,0.06536,0.50212,0.01008,0.01181,0.02213,0.01560,0.01088
0.24583,0.16199,0.18387,0.09581,0.20402,0.02316,0.01556,0.02368,0.02509,0.02099
0.14311,0.18039,0.15130,0.07141,0.19496,0.05353,0.10493,0.03732,0.03557,0.02748
0.12979,0.23803,0.10255,0.27479,0.16614,0.01910,0.02096,0.01595,0.02063,0.01206
0.13553,0.36508,0.20717,0.04424,0.19530,0.01061,0.01095,0.00998,0.01291,0.00822
0.16233,0.27240,0.14747,0.07463,0.25021,0.01909,0.02400,0.01535,0.01503,0.01950
0.17863,0.13936,0.20088,0.10250,0.26629,0.02008,0.03120,0.02448,0.02394,0.01265
0.20137,0.27728,0.10953,0.04540,0.18276,0.01665,0.02020,0.02437,0.02761,0.09482
0.10992,0.31301,0.10395,0.06240,0.28396,0.01872,0.03068,0.02388,0.01791,0.03556
0.12157,0.27248,0.11712,0.07593,0.28800,0.02076,0.02613,0.02764,0.03461,0.01576
0.13979,0.35888,0.14576,0.10355,0.13253,0.02304,0.02520,0.02220,0.02647,0.02259
0.12769,0.18469,0.14781,0.13101,0.18120,0.04074,0.08763,0.03317,0.03852,0.02755
0.11025,0.33789,0.13551,0.08590,0.23259,0.01891,0.03036,0.01723,0.01891,0.01245
0.11656,0.26171,0.10372,0.09462,0.33340,0.01466,0.01936,0.01998,0.02014,0.01584
0.17167,0.27811,0.10780,0.14132,0.17288,0.02083,0.03303,0.02145,0.02743,0.02547
0.12601,0.21952,0.18004,0.06323,0.18691,0.04804,0.05590,0.03917,0.05458,0.02659
0.10660,0.41601,0.08539,0.06662,0.24848,0.01048,0.01191,0.02269,0.01093,0.02089
0.18668,0.22864,0.16995,0.14708,0.17667,0.01762,0.02442,0.01651,0.01269,0.01974
0.07779,0.39365,0.09564,0.05580,0.24275,0.03395,0.02708,0.02080,0.02808,0.02446
0.14202,0.19616,0.12584,0.20967,0.22151,0.02787,0.01113,0.01536,0.02966,0.02077
0.10588,0.18672,0.11303,0.16245,0.24295,0.03094,0.05124,0.03755,0.02785,0.04138
0.07191,0.19635,0.16611,0.13041,0.24002,0.03284,0.03077,0.01868,0.03014,0.08278
0.19943,0.19894,0.16584,0.10667,0.14943,0.03089,0.04463,0.04037,0.04390,0.01990
0.10391,0.28955,0.11762,0.16879,0.20868,0.01699,0.02189,0.03430,0.02412,0.01415
0.14849,0.13420,0.18869,0.10221,0.24555,0.03423,0.08224,0.02366,0.02027,0.02045
0.12661,0.30711,0.16077,0.10291,0.16336,0.02734,0.04304,0.02589,0.02112,0.02185
0.21521,0.19626,0.17244,0.11731,0.20676,0.01274,0.01611,0.03357,0.01828,0.01132
0.17922,0.13512,0.09150,0.14571,0.22785,0.03302,0.05187,0.02774,0.07585,0.03212
0.09906,0.24436,0.10922,0.05839,0.32625,0.00874,0.00869,0.01372,0.01384,0.11774
0.09100,0.30257,0.12296,0.11125,0.25477,0.01952,0.02636,0.02236,0.01729,0.03191
0.15470,0.20799,0.16762,0.08538,0.26447,0.01672,0.03317,0.03300,0.01966,0.01730
0.10629,0.41132,0.11817,0.04771,0.17670,0.01660,0.03225,0.05691,0.01624,0.01782
0.05489,0.39690,0.07058,0.03444,0.39152,0.00808,0.00646,0.01177,0.01078,0.01457
0.16276,0.24738,0.13636,0.06537,0.24193,0.02425,0.03063,0.03076,0.03470,0.02586
0.15750,0.30309,0.14332,0.06190,0.20862,0.01418,0.02169,0.01693,0.01455,0.05821
0.15693,0.16254,0.15989,0.17891,0.18553,0.02946,0.05299,0.03326,0.02555,0.01496
0.07586,0.11300,0.32360,0.07963,0.32088,0.01668,0.01368,0.01701,0.01971,0.01996
0.29417,0.33371,0.05578,0.06800,0.15569,0.01601,0.02240,0.01326,0.02536,0.01562
0.11256,0.32037,0.16805,0.10510,0.22290,0.01192,0.01391,0.01442,0.01930,0.01147
0.08183,0.22804,0.10616,0.22707,0.26660,0.01558,0.02180,0.01745,0.01435,0.02113
0.17032,0.26621,0.15455,0.09653,0.22088,0.01847,0.02027,0.01714,0.02232,0.01330
0.12238,0.26879,0.13867,0.08358,0.17071,0.03486,0.07460,0.04621,0.03783,0.02238
0.15115,0.26891,0.16049,0.10961,0.19283,0.01678,0.02793,0.02197,0.02129,0.02903
0.12734,0.28596,0.17994,0.08197,0.21512,0.02197,0.01583,0.01693,0.02404,0.03090
0.16281,0.26637,0.15920,0.05686,0.23055,0.01832,0.02557,0.01676,0.02062,0.04295
0.07161,0.22629,0.07865,0.03062,0.52550,0.01219,0.01238,0.01155,0.01525,0.01594
0.21515,0.22881,0.13911,0.16897,0.14044,0.01508,0.01977,0.01928,0.03363,0.01977
0.26699,0.12807,0.12961,0.11592,0.25864,0.01640,0.01684,0.02035,0.01787,0.02931
0.16027,0.25988,0.21795,0.09350,0.16848,0.01729,0.01738,0.02137,0.01814,0.02574
0.25281,0.20496,0.24957,0.10469,0.08802,0.03112,0.01561,0.01611,0.02789,0.00922
0.26213,0.20551,0.13521,0.08396,0.16108,0.03262,0.02440,0.03502,0.03853,0.02155
0.12741,0.21128,0.12008,0.10615,0.30129,0.01996,0.02158,0.03514,0.02978,0.02733
0.10099,0.19484,0.10120,0.06666,0.36490,0.02687,0.02758,0.04729,0.04031,0.02937
0.10650,0.21563,0.20064,0.09609,0.28380,0.01649,0.02272,0.01900,0.02080,0.01833
0.11641,0.25768,0.12261,0.08140,0.24402,0.02588,0.02045,0.03720,0.02483,0.06951
0.12601,0.13400,0.13287,0.16289,0.22552,0.03635,0.02373,0.08153,0.04179,0.03532
0.13293,0.28924,0.11790,0.16415,0.12700,0.03869,0.02392,0.02219,0.03404,0.04993
0.09803,0.25588,0.13186,0.20183,0.22481,0.01681,0.02079,0.01579,0.01918,0.01502
0.13342,0.26115,0.15174,0.07557,0.21724,0.03262,0.04482,0.02434,0.02334,0.03577
0.14361,0.26441,0.14462,0.08209,0.22150,0.02943,0.04503,0.02045,0.02251,0.02636
0.08545,0.20029,0.13315,0.13695,0.19964,0.03410,0.02200,0.08603,0.04262,0.05977
0.15462,0.18201,0.15459,0.14751,0.17299,0.03366,0.08414,0.02994,0.02394,0.01662
0.26390,0.16888,0.17339,0.06163,0.26151,0.01105,0.01556,0.01810,0.01047,0.01551
0.25064,0.21675,0.12659,0.12391,0.15722,0.01927,0.02684,0.02648,0.02556,0.02676
0.16726,0.21199,0.12867,0.07539,0.23512,0.03069,0.04595,0.05809,0.02943,0.01739
0.11188,0.21023,0.24025,0.03095,0.30508,0.01834,0.01749,0.02723,0.02313,0.01542
0.15312,0.09801,0.09678,0.35771,0.12375,0.02856,0.03684,0.04071,0.04438,0.02015
0.13069,0.32982,0.15490,0.03216,0.28045,0.00712,0.01351,0.02962,0.01002,0.01170
0.11190,0.41970,0.08901,0.05156,0.24556,0.01537,0.01219,0.01424,0.02026,0.02020
0.05597,0.51930,0.08969,0.04150,0.18735,0.01794,0.02718,0.01790,0.02914,0.01403
0.10183,0.30067,0.12483,0.06685,0.20522,0.02164,0.03303,0.03667,0.03291,0.07635
0.14861,0.18663,0.18186,0.12349,0.17263,0.04622,0.02417,0.03016,0.06473,0.02151
0.10177,0.27990,0.15625,0.09209,0.26700,0.01958,0.01642,0.01760,0.03588,0.01351
0.11156,0.12207,0.16731,0.14599,0.22292,0.06616,0.05340,0.03261,0.05005,0.02793
0.06976,0.41383,0.18132,0.06311,0.17992,0.01746,0.03143,0.01560,0.01527,0.01231
0.13370,0.23962,0.08869,0.26414,0.20391,0.01005,0.01682,0.01549,0.01226,0.01533
0.19187,0.22447,0.19052,0.07426,0.16550,0.03367,0.04122,0.02160,0.03116,0.02573
0.08407,0.37767,0.07888,0.05251,0.24128,0.03699,0.03136,0.03200,0.05339,0.01185
0.15119,0.26198,0.18065,0.09996,0.16272,0.02628,0.03870,0.02135,0.03437,0.02281
0.21353,0.18730,0.18735,0.09601,0.24700,0.01356,0.01324,0.01490,0.01143,0.01568
0.12074,0.26295,0.18568,0.06667,0.19030,0.03127,0.04928,0.01987,0.04970,0.02355
0.17389,0.15835,0.11998,0.09317,0.20917,0.02902,0.01691,0.02847,0.03430,0.13674
0.10163,0.18505,0.13126,0.14223,0.13405,0.04975,0.09910,0.04465,0.09337,0.01890
0.13341,0.26511,0.17952,0.14397,0.20542,0.01231,0.01271,0.01815,0.02034,0.00906
0.14447,0.23475,0.11466,0.07423,0.23526,0.05364,0.01843,0.03535,0.04552,0.04367
0.11358,0.26331,0.18964,0.13048,0.21374,0.01341,0.01608,0.01541,0.01736,0.02700
0.17003,0.19621,0.16782,0.10108,0.20217,0.02770,0.03305,0.02059,0.04183,0.03953
0.11350,0.26840,0.11740,0.16991,0.16765,0.04162,0.03203,0.02034,0.02854,0.04061
0.08083,0.34628,0.09956,0.06612,0.24665,0.04215,0.02333,0.02706,0.05549,0.01254
0.06606,0.35988,0.08720,0.15536,0.29061,0.00727,0.00740,0.00646,0.00799,0.01176
0.15078,0.24559,0.15619,0.06500,0.16714,0.04218,0.07562,0.02623,0.05259,0.01869
0.10881,0.19549,0.16324,0.09226,0.07875,0.07365,0.02895,0.03521,0.05374,0.16989
0.11732,0.18731,0.13548,0.15436,0.12534,0.04782,0.07910,0.02989,0.10876,0.01463
0.09079,0.24308,0.17196,0.09065,0.24239,0.01500,0.02444,0.02346,0.02001,0.07820
0.17339,0.20195,0.23142,0.09753,0.22711,0.01433,0.01230,0.01170,0.01686,0.01341
0.07909,0.31587,0.14099,0.08629,0.22298,0.03766,0.02312,0.03376,0.02991,0.03034
0.15125,0.19059,0.16271,0.10990,0.12989,0.06351,0.06200,0.04920,0.05772,0.02324
0.13676,0.29947,0.15174,0.09662,0.24837,0.01339,0.01187,0.01158,0.01360,0.01660
0.13307,0.17080,0.20856,0.12083,0.24933,0.01918,0.01982,0.01907,0.03929,0.02007
0.21326,0.31188,0.12970,0.06602,0.11658,0.02602,0.04114,0.02771,0.02775,0.03995
0.20960,0.22296,0.17740,0.08654,0.15262,0.02356,0.03113,0.03984,0.03250,0.02384
0.15662,0.28507,0.24753,0.08981,0.14224,0.01184,0.01346,0.01839,0.01748,0.01754
0.12619,0.22706,0.13945,0.12753,0.17934,0.02956,0.02553,0.04551,0.03502,0.06480
0.18235,0.35216,0.09634,0.06654,0.19315,0.02087,0.02561,0.01975,0.02046,0.02277
0.13891,0.25728,0.15338,0.06383,0.29238,0.01489,0.01449,0.02860,0.02241,0.01382
0.05755,0.71357,0.04785,0.03676,0.08815,0.01098,0.00926,0.00877,0.01151,0.01559
0.19218,0.17775,0.14116,0.08322,0.20432,0.03928,0.04510,0.04161,0.05707,0.01831
0.14249,0.21864,0.18754,0.09003,0.11527,0.06887,0.02649,0.03679,0.09262,0.02126
0.16169,0.17434,0.12891,0.07403,0.23206,0.06761,0.04737,0.03672,0.06685,0.01041
0.22652,0.18960,0.11913,0.07561,0.28115,0.01582,0.02180,0.02103,0.01576,0.03357
0.17116,0.26677,0.17310,0.05721,0.19821,0.01991,0.02485,0.04166,0.02977,0.01738
0.07605,0.16743,0.28498,0.06665,0.34895,0.00899,0.01176,0.01089,0.01036,0.01394
0.15239,0.16147,0.13388,0.20017,0.18382,0.03409,0.03772,0.03017,0.02701,0.03928
0.12075,0.31183,0.19104,0.04461,0.24462,0.01651,0.01319,0.02413,0.02140,0.01192
0.17416,0.23731,0.18327,0.07726,0.22961,0.01673,0.02253,0.01842,0.02570,0.01501
0.11723,0.19569,0.20652,0.11322,0.20450,0.03604,0.04955,0.03119,0.03066,0.01540
0.17961,0.16414,0.15396,0.26469,0.16081,0.00929,0.01807,0.01059,0.01508,0.02376
0.19938,0.16792,0.14374,0.11905,0.23497,0.02810,0.02788,0.02478,0.03140,0.02278
0.20915,0.27067,0.22565,0.06400,0.17432,0.01014,0.01097,0.00885,0.01336,0.01291
0.12806,0.22794,0.15639,0.09157,0.24900,0.01891,0.02155,0.05365,0.02985,0.02308
0.11739,0.36569,0.11047,0.07817,0.25469,0.00821,0.01292,0.01206,0.01010,0.03030
0.06104,0.22342,0.15037,0.23691,0.22720,0.02106,0.02161,0.02275,0.01611,0.01954
0.18076,0.29678,0.18372,0.03903,0.23290,0.01328,0.01485,0.01228,0.01590,0.01051
0.15553,0.28136,0.19832,0.07077,0.22250,0.01259,0.00819,0.01071,0.01501,0.02503
0.07545,0.45798,0.11446,0.06549,0.20793,0.01471,0.01636,0.01156,0.01426,0.02180
0.18373,0.18072,0.19080,0.08160,0.20876,0.02284,0.03131,0.05201,0.03138,0.01685
0.09738,0.37711,0.10987,0.06950,0.26062,0.01273,0.01283,0.02493,0.02000,0.01503
0.19937,0.26752,0.16816,0.08679,0.19336,0.01522,0.02338,0.01796,0.01740,0.01084
0.16703,0.21502,0.15976,0.11996,0.11584,0.03257,0.03583,0.07846,0.05044,0.02509
0.21258,0.24234,0.15557,0.10568,0.19984,0.01618,0.01982,0.01680,0.01377,0.01741
0.17202,0.20210,0.11939,0.10978,0.22555,0.03194,0.06267,0.02658,0.02707,0.02290
0.30943,0.15990,0.28212,0.03634,0.11629,0.01359,0.01734,0.02766,0.01905,0.01827
0.16500,0.16722,0.12825,0.09242,0.28276,0.03043,0.04329,0.02840,0.03492,0.02732
0.21474,0.10260,0.18639,0.12466,0.29726,0.01123,0.01826,0.01476,0.01604,0.01405
0.17896,0.14767,0.10176,0.12815,0.24460,0.00908,0.01644,0.02585,0.01928,0.12822
0.20369,0.21133,0.19716,0.12588,0.17295,0.02238,0.01405,0.01568,0.02227,0.01461
0.12445,0.29204,0.16268,0.07736,0.22590,0.01490,0.01984,0.03073,0.01801,0.03408
0.10450,0.24206,0.25214,0.10472,0.17278,0.01999,0.02210,0.02231,0.02236,0.03704
0.14569,0.21094,0.16737,0.12372,0.19730,0.02494,0.04420,0.03036,0.01822,0.03728
0.15325,0.31525,0.14981,0.08093,0.20661,0.01530,0.02605,0.02097,0.01257,0.01924
0.17564,0.27334,0.21985,0.07722,0.15035,0.02185,0.03061,0.01772,0.01494,0.01848
0.15984,0.22971,0.16578,0.11520,0.20685,0.02500,0.02467,0.02942,0.02884,0.01472
0.18370,0.31538,0.08618,0.10634,0.16850,0.03058,0.03220,0.02199,0.02811,0.02702
0.10544,0.22410,0.13225,0.08476,0.18375,0.05147,0.06167,0.06674,0.05016,0.03966
0.18350,0.30352,0.12395,0.09383,0.20651,0.01800,0.02251,0.01683,0.01736,0.01400
0.12055,0.32547,0.11684,0.05687,0.24566,0.03918,0.01652,0.01914,0.04637,0.01340
0.09126,0.39570,0.07408,0.07303,0.25312,0.03195,0.02618,0.01699,0.02724,0.01044
0.14194,0.28000,0.14474,0.08751,0.25970,0.01428,0.01625,0.01953,0.01847,0.01759
0.23684,0.12668,0.17949,0.11529,0.19374,0.02783,0.04586,0.02861,0.02684,0.01884
0.17545,0.22177,0.14450,0.10027,0.23493,0.02332,0.03830,0.02640,0.02096,0.01411
0.16740,0.18133,0.14725,0.11697,0.19623,0.05421,0.04611,0.02539,0.04345,0.02166
