0.02565,0.00154,0.02132,0.02688,0.04107,0.82056,0.02113,0.00570,0.00935,0.00081,0.02573,0.00027
0.00838,0.00773,0.40375,0.00889,0.02650,0.16773,0.35453,0.00512,0.00143,0.01492,0.00102,0.00000
0.00893,0.06690,0.32543,0.12391,0.21163,0.02546,0.14258,0.02239,0.06151,0.00087,0.00058,0.00982
0.01653,0.04477,0.39555,0.11737,0.01984,0.01128,0.03211,0.17418,0.00002,0.18798,0.00003,0.00032
0.01037,0.00637,0.58704,0.33500,0.00670,0.01562,0.01934,0.00254,0.01160,0.00004,0.00009,0.00528
0.00423,0.48278,0.06825,0.35359,0.00674,0.02964,0.02048,0.01023,0.02348,0.00022,0.00011,0.00025
0.02250,0.01491,0.40799,0.03042,0.11233,0.22207,0.10072,0.00057,0.03616,0.04951,0.00223,0.00059
0.00468,0.16621,0.02654,0.05171,0.01209,0.05669,0.59787,0.08141,0.00086,0.00192,0.00000,0.00001
0.00176,0.02000,0.65821,0.00789,0.28282,0.00260,0.01876,0.00207,0.00224,0.00242,0.00093,0.00029
0.02198,0.24071,0.10677,0.04670,0.00692,0.06786,0.07034,0.17715,0.12448,0.05766,0.00284,0.07658
0.03344,0.04095,0.03696,0.22820,0.00497,0.02069,0.00477,0.60943,0.00057,0.00188,0.00496,0.01318
0.02149,0.00316,0.31221,0.00103,0.01007,0.01777,0.00931,0.00436,0.00489,0.61328,0.00000,0.00244
0.00009,0.00571,0.05707,0.28716,0.00518,0.34373,0.02634,0.00646,0.00230,0.25103,0.00210,0.01283
0.00273,0.01207,0.07266,0.13791,0.01343,0.01559,0.67923,0.00186,0.06130,0.00222,0.00000,0.00098
0.02730,0.00451,0.07274,0.02222,0.20761,0.23188,0.06603,0.00994,0.02845,0.01647,0.26260,0.05024
0.05260,0.05586,0.08989,0.69302,0.04003,0.02638,0.01845,0.01770,0.00041,0.00443,0.00121,0.00001
0.00060,0.01856,0.69314,0.02206,0.23486,0.01665,0.00612,0.00089,0.00024,0.00006,0.00599,0.00083
0.00300,0.00896,0.06050,0.63789,0.04093,0.07597,0.10347,0.00418,0.04023,0.01535,0.00059,0.00893
0.04342,0.01529,0.79233,0.01165,0.00213,0.02805,0.05334,0.05136,0.00180,0.00013,0.00048,0.00002
0.00905,0.00682,0.22746,0.05382,0.09439,0.03737,0.02943,0.02117,0.00045,0.00004,0.00128,0.51873
0.02944,0.07075,0.43814,0.36896,0.00560,0.03625,0.03116,0.00047,0.00339,0.00627,0.00000,0.00957
0.00100,0.01043,0.59175,0.37790,0.00555,0.00020,0.00351,0.00462,0.00255,0.00148,0.00002,0.00098
0.00824,0.25979,0.00548,0.02834,0.03697,0.05738,0.02466,0.04010,0.50882,0.02919,0.00005,0.00096
0.00001,0.00326,0.08149,0.12005,0.01755,0.01176,0.04222,0.01138,0.69460,0.01655,0.00046,0.00065
0.04493,0.06303,0.38970,0.09671,0.09628,0.03192,0.01398,0.20224,0.04113,0.00265,0.00330,0.01413
0.02656,0.02654,0.82346,0.01567,0.06512,0.01587,0.02053,0.00067,0.00110,0.00419,0.00003,0.00026
0.00056,0.02747,0.93716,0.00539,0.00041,0.00022,0.01677,0.00412,0.00124,0.00664,0.00003,0.00000
0.02134,0.07140,0.10479,0.00382,0.12350,0.00917,0.54524,0.02094,0.01251,0.06192,0.00181,0.02356
0.03943,0.06408,0.55498,0.02305,0.02188,0.00013,0.21899,0.05672,0.00353,0.00122,0.00095,0.01504
0.32627,0.01030,0.10986,0.08574,0.00338,0.30497,0.03435,0.00730,0.00590,0.06890,0.03444,0.00859
0.01409,0.14085,0.59137,0.06214,0.04161,0.00400,0.03071,0.11249,0.00015,0.00258,0.00000,0.00000
0.16430,0.01878,0.00630,0.00418,0.19322,0.24174,0.00946,0.00068,0.03247,0.01343,0.31544,0.00000
0.02687,0.01592,0.70514,0.18127,0.00895,0.04786,0.00532,0.00275,0.00530,0.00015,0.00009,0.00038
0.01812,0.04449,0.17828,0.22071,0.05505,0.01625,0.45219,0.01004,0.00421,0.00034,0.00013,0.00017
0.00093,0.04571,0.01257,0.37175,0.03994,0.09238,0.39320,0.01280,0.01088,0.00595,0.00012,0.01379
0.07389,0.01820,0.48673,0.05425,0.05563,0.00381,0.29680,0.00353,0.00187,0.00077,0.00449,0.00003
0.01629,0.09159,0.04129,0.04272,0.00583,0.00233,0.01319,0.78113,0.00535,0.00016,0.00000,0.00012
0.18380,0.07611,0.01746,0.39877,0.02859,0.03916,0.04559,0.01355,0.00875,0.17774,0.00002,0.01046
0.14313,0.02039,0.51157,0.05987,0.10393,0.10818,0.03024,0.01129,0.00343,0.00524,0.00149,0.00124
0.00767,0.01275,0.38182,0.23042,0.09978,0.01862,0.13948,0.00207,0.10030,0.00673,0.00035,0.00001
0.10578,0.01267,0.15320,0.40152,0.03138,0.00679,0.05562,0.04587,0.16423,0.02090,0.00203,0.00000
0.01436,0.02709,0.13455,0.56260,0.12778,0.03476,0.05032,0.00260,0.00024,0.01686,0.01536,0.01347
0.11167,0.02277,0.72435,0.01247,0.03072,0.01331,0.07999,0.00264,0.00202,0.00004,0.00000,0.00002
0.88225,0.05604,0.00523,0.03100,0.00418,0.00028,0.01849,0.00248,0.00003,0.00001,0.00001,0.00000
0.07244,0.00213,0.24488,0.10254,0.00774,0.00877,0.48672,0.01266,0.00844,0.05338,0.00010,0.00020
0.06790,0.17170,0.16589,0.02687,0.05431,0.01717,0.09933,0.18913,0.09273,0.04811,0.00066,0.06619
0.59064,0.01365,0.23404,0.00949,0.01608,0.04348,0.02884,0.00324,0.01867,0.03174,0.00662,0.00351
0.41690,0.08015,0.17411,0.09279,0.11900,0.00094,0.04585,0.00460,0.06535,0.00021,0.00005,0.00006
0.00367,0.44287,0.00594,0.09556,0.00929,0.07515,0.26640,0.00229,0.06222,0.00182,0.01481,0.01997
0.02672,0.01569,0.64604,0.00144,0.22916,0.02003,0.00678,0.04161,0.00106,0.00689,0.00114,0.00342
0.21660,0.01160,0.55463,0.12018,0.01179,0.04991,0.00130,0.00451,0.00508,0.00879,0.01103,0.00459
0.04817,0.13808,0.07420,0.31583,0.00280,0.09391,0.00788,0.02886,0.01908,0.26923,0.00179,0.00015
0.05883,0.15402,0.59449,0.03226,0.01242,0.01754,0.07194,0.04404,0.00615,0.00144,0.00565,0.00123
0.02531,0.00137,0.01065,0.01128,0.24847,0.03918,0.02868,0.52715,0.01186,0.00001,0.00583,0.09021
0.00100,0.03954,0.68558,0.14231,0.05274,0.01277,0.05345,0.00783,0.00143,0.00332,0.00002,0.00000
0.01064,0.00128,0.10510,0.00750,0.00500,0.03000,0.81208,0.00711,0.00676,0.01339,0.00113,0.00002
0.02857,0.00358,0.00825,0.00897,0.01000,0.85271,0.05836,0.00216,0.01654,0.00283,0.00665,0.00138
0.08468,0.00347,0.23865,0.14249,0.00399,0.02856,0.29761,0.01211,0.01253,0.00896,0.16522,0.00174
0.00068,0.00072,0.77670,0.19674,0.01277,0.00203,0.00069,0.00148,0.00498,0.00290,0.00030,0.00001
0.06703,0.00785,0.24561,0.46057,0.01627,0.11679,0.03669,0.00951,0.01653,0.02315,0.00000,0.00000
0.05188,0.41245,0.37787,0.05733,0.02705,0.04383,0.02527,0.00012,0.00057,0.00149,0.00037,0.00176
0.00026,0.10619,0.04840,0.57573,0.00571,0.02611,0.00151,0.02740,0.20504,0.00218,0.00148,0.00000
0.00014,0.07936,0.45134,0.12040,0.26090,0.01187,0.04973,0.00367,0.00473,0.01739,0.00004,0.00043
0.10510,0.01069,0.26763,0.00028,0.02530,0.00176,0.21271,0.00276,0.04410,0.28845,0.03652,0.00470
0.06929,0.06229,0.07132,0.10934,0.05601,0.22173,0.12372,0.05394,0.00041,0.22627,0.00000,0.00568
0.05478,0.09834,0.18905,0.00503,0.03160,0.20432,0.02120,0.00110,0.36114,0.02419,0.00007,0.00917
0.08132,0.14798,0.09261,0.07245,0.18087,0.32883,0.02219,0.01482,0.03821,0.01650,0.00065,0.00357
0.00000,0.15125,0.69899,0.08905,0.00680,0.00147,0.00952,0.04194,0.00002,0.00095,0.00000,0.00000
0.00726,0.05009,0.02434,0.80805,0.02552,0.02614,0.00573,0.00008,0.00243,0.01317,0.03431,0.00288
0.00027,0.08475,0.05298,0.07398,0.03981,0.04027,0.04684,0.62638,0.02579,0.00152,0.00422,0.00320
0.08864,0.39773,0.30335,0.15233,0.00467,0.01003,0.00435,0.01378,0.01373,0.00365,0.00604,0.00169
0.01056,0.19793,0.02695,0.57864,0.00019,0.15116,0.00206,0.00640,0.01077,0.00172,0.01221,0.00140
0.00891,0.57354,0.31044,0.03416,0.04501,0.00695,0.00536,0.00797,0.00632,0.00000,0.00048,0.00085
0.01613,0.12868,0.09041,0.01074,0.02960,0.01969,0.64709,0.01132,0.00027,0.01613,0.00716,0.02277
0.02917,0.22458,0.21513,0.15142,0.19655,0.11833,0.02783,0.00005,0.00985,0.00286,0.00000,0.02423
0.00132,0.62269,0.02716,0.20708,0.01161,0.02440,0.00851,0.00677,0.08785,0.00116,0.00013,0.00131
0.00399,0.00014,0.00766,0.15070,0.67524,0.09109,0.00677,0.01787,0.01442,0.00143,0.00000,0.03069
0.09496,0.04758,0.04092,0.49849,0.00310,0.14304,0.15037,0.00182,0.00145,0.01609,0.00000,0.00216
0.02429,0.01283,0.00661,0.01873,0.04105,0.26386,0.62236,0.01017,0.00003,0.00003,0.00003,0.00002
0.64825,0.17794,0.10987,0.04510,0.00068,0.00304,0.01503,0.00004,0.00001,0.00003,0.00000,0.00001
0.00459,0.10520,0.69863,0.01900,0.02923,0.11752,0.00014,0.00876,0.01359,0.00149,0.00024,0.00160
0.00616,0.01734,0.02939,0.46699,0.03337,0.07758,0.33567,0.01485,0.01112,0.00271,0.00483,0.00000
0.01563,0.03591,0.15438,0.68588,0.00360,0.03006,0.04308,0.00502,0.00847,0.00741,0.01044,0.00012
0.11171,0.22060,0.03143,0.00166,0.02028,0.03883,0.01227,0.52086,0.00012,0.01944,0.01730,0.00551
0.02818,0.00758,0.08244,0.03579,0.01623,0.16012,0.13765,0.30600,0.02818,0.02802,0.00001,0.16981
0.01404,0.11910,0.63915,0.01625,0.13118,0.00070,0.02232,0.00169,0.00125,0.04981,0.00105,0.00345
0.01030,0.00616,0.00594,0.11018,0.05920,0.02211,0.03388,0.03147,0.71839,0.00000,0.00105,0.00132
0.01693,0.03375,0.31979,0.09487,0.03613,0.00358,0.47668,0.01451,0.00002,0.00305,0.00068,0.00001
0.00503,0.03581,0.24718,0.08045,0.30590,0.01020,0.09480,0.15701,0.01587,0.04706,0.00067,0.00001
0.01143,0.05013,0.08703,0.01609,0.02539,0.00002,0.00746,0.05246,0.72868,0.02133,0.00000,0.00000
0.00007,0.05625,0.26196,0.60667,0.00625,0.01916,0.02395,0.01636,0.00824,0.00033,0.00047,0.00029
0.01044,0.01761,0.25959,0.26684,0.06791,0.01079,0.24109,0.02991,0.05191,0.02269,0.00258,0.01864
0.00097,0.08474,0.12805,0.38430,0.07249,0.07533,0.16932,0.01130,0.05851,0.00079,0.00823,0.00596
0.01710,0.13198,0.77633,0.02063,0.00313,0.02831,0.01535,0.00070,0.00318,0.00149,0.00000,0.00179
0.15685,0.25121,0.23548,0.07900,0.02364,0.00532,0.07040,0.07508,0.00271,0.09946,0.00024,0.00062
0.00172,0.07381,0.22872,0.13374,0.00004,0.00875,0.00123,0.25637,0.29500,0.00001,0.00057,0.00005
0.00601,0.00006,0.89014,0.02105,0.03913,0.01557,0.01699,0.00034,0.00883,0.00156,0.00034,0.00000
0.02602,0.16243,0.30415,0.22230,0.16315,0.04825,0.00664,0.01159,0.00011,0.03517,0.00000,0.02020
0.06678,0.39623,0.03882,0.25353,0.01709,0.00715,0.05707,0.14421,0.00325,0.00131,0.01446,0.00009
0.61926,0.04107,0.08490,0.03081,0.01070,0.00763,0.19367,0.00087,0.00338,0.00478,0.00204,0.00090
