0.06166,0.05546,0.04035,0.04166,0.04396,0.06556,0.06485,0.03642,0.04253,0.09436,0.04429,0.03787,0.06468,0.02834,0.05577,0.03296,0.06090,0.03034,0.04223,0.05583
0.03897,0.02457,0.06024,0.07522,0.07008,0.06462,0.05279,0.05073,0.03178,0.03104,0.05037,0.03982,0.05780,0.03772,0.10153,0.03001,0.05331,0.03640,0.03583,0.05715
0.03212,0.04392,0.09098,0.03235,0.11387,0.12724,0.02885,0.04536,0.04616,0.05770,0.04176,0.03075,0.02908,0.02257,0.03762,0.07442,0.03096,0.02979,0.04802,0.03648
0.05549,0.06685,0.04031,0.03984,0.04696,0.08178,0.03242,0.04479,0.04365,0.11498,0.04782,0.03503,0.03916,0.02840,0.04407,0.06815,0.04105,0.03830,0.04312,0.04784
0.05134,0.02639,0.03442,0.05776,0.04465,0.03172,0.05587,0.04200,0.04606,0.02533,0.06611,0.10868,0.06847,0.05151,0.08668,0.04320,0.04173,0.03921,0.03845,0.04041
0.03849,0.05537,0.03355,0.04344,0.05183,0.16031,0.02802,0.04177,0.06401,0.06160,0.08122,0.03202,0.03372,0.02676,0.04235,0.06077,0.03367,0.03063,0.04882,0.03166
0.03474,0.35235,0.04358,0.02654,0.05096,0.03929,0.03677,0.02202,0.10330,0.02725,0.02192,0.03150,0.01924,0.01961,0.03032,0.03275,0.02024,0.01901,0.03943,0.02918
0.05675,0.03522,0.02883,0.06011,0.03070,0.05181,0.05977,0.04661,0.04596,0.03263,0.03380,0.06576,0.05006,0.03327,0.11149,0.04072,0.05166,0.04076,0.04771,0.07636
0.06607,0.04174,0.01371,0.03938,0.01802,0.07932,0.05536,0.04357,0.05309,0.09497,0.03940,0.04503,0.05058,0.03940,0.06768,0.05423,0.05498,0.04004,0.04336,0.06007
0.05076,0.19157,0.05264,0.03346,0.04969,0.06330,0.03712,0.03360,0.07041,0.05044,0.02445,0.02749,0.02498,0.03005,0.03695,0.04237,0.03324,0.02815,0.06576,0.05358
0.03536,0.02905,0.06093,0.07583,0.07231,0.18106,0.03597,0.04093,0.03484,0.03233,0.03649,0.03099,0.03397,0.02744,0.07856,0.03566,0.03743,0.02587,0.04542,0.04956
0.04110,0.04147,0.11067,0.02851,0.19658,0.03917,0.03302,0.03723,0.04135,0.06959,0.06194,0.03461,0.03922,0.02972,0.03505,0.03910,0.03814,0.02623,0.02792,0.02937
0.04478,0.04926,0.02755,0.06248,0.03488,0.07561,0.03839,0.04679,0.05339,0.05828,0.06631,0.03944,0.05234,0.03312,0.06710,0.04408,0.06000,0.04367,0.04990,0.05262
0.04525,0.02787,0.06222,0.16838,0.05319,0.13375,0.05272,0.02603,0.03131,0.02879,0.02602,0.03120,0.04114,0.02427,0.05972,0.02637,0.04234,0.02367,0.03611,0.05966
0.04740,0.12025,0.19111,0.02397,0.16118,0.02406,0.02964,0.03127,0.04137,0.04280,0.02334,0.02785,0.02922,0.01922,0.02686,0.03556,0.02656,0.02126,0.03964,0.03744
0.03445,0.08387,0.05189,0.02240,0.12599,0.02830,0.02981,0.06479,0.08311,0.02992,0.06981,0.04381,0.03044,0.04062,0.04389,0.06172,0.02612,0.03869,0.06094,0.02944
0.05043,0.02782,0.07679,0.06129,0.07216,0.04263,0.04023,0.06357,0.02950,0.03230,0.03593,0.03532,0.04910,0.03010,0.09114,0.02827,0.05357,0.02698,0.02968,0.12319
0.06007,0.04692,0.04450,0.05804,0.04831,0.05603,0.06683,0.03681,0.04492,0.04756,0.03738,0.06897,0.05013,0.03632,0.05867,0.05152,0.05376,0.04270,0.04981,0.04075
0.05394,0.05979,0.06424,0.03386,0.12407,0.02384,0.07363,0.02828,0.07398,0.03726,0.06996,0.04558,0.06320,0.04159,0.04632,0.02313,0.03858,0.02858,0.03623,0.03395
0.03214,0.02409,0.04373,0.03010,0.07793,0.04362,0.03081,0.11594,0.03834,0.04675,0.10324,0.03837,0.03966,0.03829,0.05855,0.07696,0.03900,0.04518,0.03932,0.03799
0.04739,0.04441,0.07153,0.05211,0.07274,0.06911,0.04929,0.03150,0.04355,0.06607,0.04838,0.05134,0.06125,0.02953,0.04534,0.05322,0.04630,0.03256,0.04115,0.04321
0.03747,0.04978,0.10832,0.05950,0.08387,0.08120,0.04146,0.03856,0.04638,0.04240,0.03577,0.03561,0.03713,0.02690,0.06569,0.03313,0.04420,0.02870,0.04470,0.05923
0.04583,0.11983,0.01661,0.02976,0.01872,0.15260,0.03789,0.04202,0.06076,0.10988,0.02497,0.03962,0.03554,0.02101,0.04614,0.05700,0.03840,0.02311,0.04485,0.03546
0.03127,0.05368,0.02845,0.03238,0.03469,0.24285,0.02837,0.05038,0.04385,0.06976,0.03241,0.02698,0.02756,0.02074,0.04346,0.08101,0.02971,0.03013,0.05013,0.04218
0.04083,0.03224,0.14111,0.03731,0.18904,0.03108,0.02962,0.05810,0.03601,0.03111,0.04384,0.03577,0.03408,0.03192,0.04834,0.03719,0.03518,0.02864,0.03385,0.04474
0.04071,0.34671,0.06272,0.03312,0.05862,0.04628,0.03272,0.01854,0.07162,0.02972,0.01932,0.02395,0.01909,0.01970,0.02813,0.02848,0.02168,0.02319,0.04321,0.03248
0.04889,0.25550,0.04316,0.03105,0.03491,0.05433,0.04197,0.02530,0.06940,0.04892,0.02000,0.03373,0.02699,0.02426,0.03344,0.05458,0.02629,0.02946,0.05853,0.03930
0.04280,0.03446,0.02805,0.04370,0.04377,0.04606,0.04184,0.04804,0.05059,0.04336,0.08308,0.07735,0.05039,0.04632,0.07913,0.06734,0.04227,0.05434,0.04362,0.03348
0.03683,0.20810,0.03096,0.03207,0.03362,0.14476,0.03495,0.02100,0.06883,0.09459,0.02345,0.02960,0.03241,0.01892,0.03047,0.03950,0.02955,0.02120,0.04008,0.02909
0.02594,0.01456,0.04336,0.16413,0.03816,0.28471,0.03185,0.02547,0.02197,0.02538,0.02656,0.02577,0.03251,0.02325,0.06189,0.02301,0.03553,0.02349,0.02311,0.04935
0.05098,0.13963,0.03864,0.03272,0.04958,0.03390,0.04128,0.04562,0.10863,0.03475,0.03641,0.04414,0.03285,0.03302,0.04533,0.06430,0.02885,0.03781,0.06067,0.04092
0.03461,0.29064,0.05204,0.04079,0.05142,0.05795,0.03150,0.02371,0.08055,0.02097,0.02007,0.02416,0.02264,0.02413,0.03728,0.03308,0.02021,0.03280,0.06750,0.03396
0.04731,0.19328,0.04218,0.04268,0.06372,0.05362,0.03577,0.03572,0.08215,0.02774,0.03569,0.03320,0.02938,0.02782,0.04811,0.03409,0.03355,0.02783,0.07250,0.03367
0.04893,0.02917,0.03163,0.10089,0.03520,0.04768,0.08209,0.03227,0.04055,0.02948,0.03411,0.05004,0.06496,0.03571,0.08762,0.02503,0.06565,0.03336,0.03693,0.08872
0.06973,0.10116,0.03511,0.03749,0.04100,0.04159,0.05367,0.04499,0.06836,0.05066,0.03768,0.04294,0.04511,0.03536,0.04935,0.04981,0.04168,0.03358,0.06534,0.05539
0.06129,0.02685,0.05730,0.05584,0.06661,0.05444,0.03526,0.05448,0.02903,0.06453,0.05513,0.04200,0.06262,0.04408,0.05817,0.05266,0.05003,0.04219,0.02903,0.05845
0.05639,0.12803,0.05207,0.03043,0.06575,0.02190,0.05126,0.03358,0.13025,0.03681,0.04399,0.05907,0.03417,0.03773,0.03299,0.02903,0.03702,0.03210,0.04492,0.04251
0.05443,0.09613,0.09109,0.02845,0.11116,0.02839,0.04677,0.04841,0.06768,0.03965,0.03717,0.04764,0.03149,0.03276,0.03710,0.03875,0.03839,0.03027,0.05172,0.04256
0.04627,0.06257,0.04672,0.03773,0.05122,0.04271,0.03662,0.07103,0.06640,0.03146,0.03759,0.04428,0.04254,0.04031,0.07071,0.04746,0.03623,0.03894,0.06306,0.08616
0.04915,0.12155,0.09846,0.03261,0.13253,0.03469,0.03805,0.03172,0.07075,0.03828,0.03885,0.03203,0.03519,0.03120,0.04014,0.02545,0.03246,0.02824,0.04778,0.04086
0.04425,0.07603,0.04685,0.03991,0.06176,0.05188,0.05514,0.03171,0.10522,0.03598,0.04067,0.06275,0.03623,0.03828,0.06270,0.04486,0.03983,0.03590,0.05347,0.03657
0.04231,0.02146,0.06988,0.03939,0.12336,0.02809,0.05525,0.03886,0.03995,0.03583,0.08749,0.04736,0.07082,0.04339,0.06938,0.02195,0.05715,0.03934,0.02679,0.04196
0.06090,0.02691,0.03004,0.04446,0.03316,0.04121,0.05187,0.05822,0.03137,0.05450,0.04342,0.07060,0.07793,0.03543,0.07296,0.06035,0.06003,0.04458,0.03442,0.06763
0.04077,0.03828,0.05363,0.03898,0.11355,0.04264,0.03460,0.05650,0.05535,0.04126,0.10931,0.03418,0.03615,0.04014,0.05825,0.04192,0.03540,0.04445,0.04825,0.03639
0.04113,0.03016,0.04970,0.03433,0.07589,0.03359,0.06124,0.05802,0.04353,0.03808,0.06349,0.07351,0.06423,0.04705,0.05432,0.04848,0.05141,0.04793,0.04412,0.03979
0.03950,0.03461,0.04468,0.06243,0.05713,0.12526,0.03242,0.07582,0.03268,0.04028,0.03968,0.02830,0.03874,0.02148,0.10474,0.03453,0.04700,0.02378,0.04459,0.07235
0.03390,0.07016,0.12974,0.05591,0.12713,0.10969,0.03431,0.03276,0.04499,0.02964,0.02725,0.02825,0.02309,0.01925,0.04548,0.03985,0.02693,0.02172,0.05798,0.04197
0.03971,0.01990,0.07665,0.03497,0.16622,0.02230,0.04516,0.03974,0.03028,0.03244,0.10925,0.03972,0.05972,0.04696,0.05827,0.03051,0.03785,0.04403,0.02823,0.03808
0.04636,0.03494,0.03103,0.04622,0.04241,0.03931,0.06856,0.03875,0.05879,0.03287,0.08389,0.07424,0.06869,0.05328,0.07180,0.04275,0.04436,0.03794,0.04542,0.03839
0.07051,0.06188,0.11494,0.05063,0.09366,0.02365,0.08532,0.02543,0.04701,0.02338,0.02867,0.04010,0.05440,0.03715,0.04463,0.02188,0.05271,0.02273,0.03370,0.06762
0.04655,0.03466,0.05116,0.02403,0.11703,0.02255,0.03908,0.06662,0.05143,0.03888,0.08893,0.05475,0.05259,0.05390,0.04386,0.05951,0.03322,0.04501,0.03923,0.03699
0.05452,0.04899,0.04231,0.04719,0.05076,0.15583,0.04024,0.03602,0.03765,0.09704,0.03300,0.02789,0.03789,0.02481,0.05031,0.04534,0.04030,0.02866,0.04082,0.06044
0.03969,0.05970,0.04129,0.03876,0.05192,0.20168,0.02481,0.03746,0.04597,0.09970,0.04535,0.02640,0.02483,0.03247,0.03494,0.05437,0.03023,0.02942,0.04237,0.03864
0.03399,0.04999,0.12909,0.02687,0.31785,0.01849,0.04053,0.02695,0.04826,0.01846,0.04863,0.02465,0.03382,0.03165,0.03465,0.01713,0.02639,0.02123,0.02518,0.02619
0.04221,0.03879,0.02523,0.05518,0.03250,0.15656,0.03564,0.06155,0.04064,0.04085,0.03246,0.04492,0.03029,0.02981,0.07068,0.07919,0.03648,0.03534,0.05720,0.05449
0.05716,0.03276,0.07347,0.04531,0.06430,0.02842,0.07254,0.03917,0.05095,0.02650,0.04232,0.08665,0.05124,0.04516,0.07603,0.03155,0.04801,0.02963,0.03137,0.06747
0.03518,0.03752,0.05302,0.04452,0.05857,0.05757,0.04491,0.06941,0.06775,0.02886,0.03283,0.06126,0.02762,0.04470,0.09027,0.05250,0.03500,0.03489,0.05765,0.06600
0.06455,0.05214,0.06967,0.03890,0.06547,0.05201,0.04313,0.06065,0.03308,0.07560,0.03264,0.03292,0.04392,0.02127,0.05471,0.03877,0.04683,0.02391,0.04860,0.10123
0.04738,0.05181,0.12100,0.07501,0.11129,0.05686,0.04826,0.02525,0.04857,0.03982,0.04259,0.04077,0.04230,0.02412,0.04864,0.02913,0.04000,0.02895,0.04050,0.03773
0.06374,0.05297,0.03474,0.03543,0.04997,0.02542,0.05595,0.03416,0.06907,0.03456,0.05571,0.08947,0.06588,0.05799,0.05177,0.04935,0.04175,0.04886,0.04290,0.04029
0.03199,0.02234,0.01994,0.02903,0.02553,0.04258,0.03211,0.12963,0.03988,0.04122,0.03913,0.10229,0.04358,0.03128,0.05750,0.16334,0.03158,0.04154,0.03623,0.03927
0.04193,0.03708,0.08767,0.06508,0.08795,0.09294,0.04482,0.03572,0.03351,0.05423,0.03990,0.03230,0.04779,0.03292,0.05061,0.03459,0.05380,0.03151,0.04559,0.05006
0.05856,0.02830,0.04758,0.04779,0.07112,0.03501,0.04085,0.04708,0.04606,0.05000,0.08888,0.05449,0.05160,0.05648,0.05403,0.03913,0.05412,0.04962,0.03408,0.04524
0.03846,0.03621,0.02073,0.07641,0.02466,0.10154,0.04326,0.06050,0.04270,0.03502,0.04463,0.03853,0.04032,0.03957,0.11093,0.02838,0.06574,0.03206,0.04992,0.07044
0.03314,0.01808,0.06813,0.04731,0.12249,0.04358,0.03789,0.07084,0.02861,0.03027,0.06327,0.04060,0.03903,0.05445,0.10454,0.03131,0.04826,0.03506,0.03056,0.05258
0.03395,0.45634,0.01308,0.02060,0.01656,0.03459,0.02120,0.02921,0.06738,0.02350,0.02331,0.03289,0.02173,0.02176,0.03070,0.04498,0.01951,0.02673,0.03799,0.02401
0.05889,0.26535,0.03174,0.03540,0.03288,0.06357,0.03011,0.03432,0.06300,0.06014,0.02627,0.03165,0.02980,0.02107,0.03356,0.04411,0.02961,0.02206,0.04202,0.04446
0.03550,0.05177,0.03158,0.03869,0.03110,0.28893,0.02644,0.03702,0.03576,0.09734,0.02867,0.02571,0.03090,0.01922,0.03782,0.05161,0.03309,0.02518,0.03397,0.03970
0.02970,0.02877,0.04476,0.08702,0.05368,0.24812,0.02997,0.03246,0.03246,0.03000,0.03194,0.03053,0.03128,0.02302,0.08920,0.02711,0.03899,0.02651,0.04286,0.04162
0.04710,0.05996,0.01720,0.04206,0.02265,0.08179,0.04029,0.04320,0.06517,0.09998,0.05913,0.04366,0.04541,0.04652,0.05286,0.04865,0.05283,0.03608,0.05030,0.04514
0.04492,0.08834,0.03699,0.03946,0.04351,0.07872,0.03015,0.03493,0.07270,0.09237,0.05242,0.03571,0.03100,0.04243,0.04357,0.06311,0.04067,0.03945,0.04885,0.04070
0.07329,0.08154,0.09708,0.03706,0.11423,0.02045,0.04584,0.03248,0.06315,0.03039,0.05072,0.04772,0.04676,0.03600,0.04128,0.02364,0.04812,0.03079,0.03083,0.04863
0.05003,0.03354,0.04207,0.04911,0.04940,0.05437,0.07630,0.04523,0.04022,0.04126,0.04218,0.07486,0.05667,0.04097,0.07010,0.06624,0.04038,0.03973,0.04416,0.04318
0.05170,0.14308,0.04181,0.03801,0.05964,0.04181,0.04190,0.04182,0.08831,0.03211,0.04469,0.04106,0.03369,0.03353,0.04901,0.04774,0.03498,0.03457,0.06230,0.03823
0.04328,0.27950,0.04907,0.02950,0.05525,0.02225,0.03799,0.02555,0.14403,0.02311,0.02627,0.03879,0.02158,0.03076,0.03179,0.02142,0.02393,0.02014,0.04143,0.03435
0.05459,0.02213,0.04366,0.02504,0.05783,0.01646,0.04219,0.10818,0.03410,0.03979,0.05059,0.09063,0.05091,0.06625,0.04268,0.05664,0.04159,0.06837,0.02500,0.06338
0.02888,0.02292,0.04068,0.19932,0.04644,0.22660,0.03453,0.02552,0.03196,0.02253,0.02946,0.02691,0.02819,0.02485,0.05725,0.02649,0.03147,0.02845,0.02994,0.03759
0.04223,0.03972,0.02919,0.06573,0.03631,0.05852,0.04192,0.04748,0.05679,0.02990,0.06312,0.06039,0.04214,0.05208,0.09747,0.04053,0.05000,0.04003,0.05838,0.04806
0.05811,0.03234,0.05395,0.06590,0.07027,0.03288,0.06405,0.03320,0.04925,0.03110,0.05234,0.06302,0.05832,0.06209,0.06270,0.03400,0.05502,0.04109,0.03379,0.04660
0.03400,0.04057,0.02294,0.06964,0.02305,0.30874,0.03584,0.03145,0.03469,0.02973,0.02287,0.03777,0.02989,0.02600,0.06265,0.03189,0.03382,0.02543,0.05169,0.04733
0.04580,0.03301,0.02545,0.03774,0.03158,0.03281,0.06560,0.04242,0.05254,0.03695,0.03833,0.14484,0.05649,0.05446,0.05943,0.05459,0.04904,0.04830,0.04462,0.04600
0.03688,0.02505,0.02959,0.14007,0.03552,0.10902,0.03638,0.04105,0.03159,0.02814,0.03762,0.03176,0.03595,0.02791,0.13159,0.02338,0.05781,0.02716,0.03544,0.07809
0.07158,0.06440,0.04740,0.04820,0.05485,0.03772,0.04818,0.04398,0.06068,0.05358,0.06078,0.06103,0.05272,0.03833,0.05540,0.03636,0.04618,0.03033,0.04529,0.04302
0.03157,0.03476,0.12691,0.02788,0.34690,0.02607,0.02563,0.03189,0.03554,0.02676,0.04083,0.02667,0.02320,0.02458,0.03483,0.02905,0.02466,0.02415,0.02608,0.03206
0.08845,0.03071,0.02476,0.05758,0.02476,0.04723,0.07646,0.03369,0.03080,0.08526,0.03339,0.05408,0.07412,0.03057,0.06037,0.03875,0.06963,0.03344,0.02899,0.07696
0.02854,0.07175,0.03763,0.05537,0.05076,0.29054,0.03454,0.02381,0.05504,0.03699,0.03460,0.03160,0.02841,0.02126,0.03984,0.03133,0.02745,0.02419,0.04432,0.03202
0.03350,0.04662,0.10592,0.04064,0.14720,0.09678,0.02220,0.04081,0.04710,0.03307,0.04541,0.02663,0.02485,0.03628,0.05770,0.04060,0.03194,0.02837,0.05287,0.04152
0.04900,0.02374,0.04100,0.09336,0.04059,0.14094,0.03778,0.05409,0.03115,0.05164,0.03173,0.03127,0.03351,0.02757,0.08267,0.02810,0.05689,0.02366,0.03484,0.08648
0.03121,0.02178,0.05609,0.06450,0.11187,0.10551,0.03561,0.07739,0.02880,0.03853,0.05159,0.03248,0.04105,0.02824,0.08517,0.04707,0.03844,0.03249,0.02613,0.04606
0.04391,0.03813,0.05760,0.06337,0.06920,0.03841,0.05817,0.03366,0.06276,0.02441,0.04145,0.08224,0.04284,0.05016,0.05439,0.04649,0.03967,0.05058,0.05768,0.04488
0.04764,0.02190,0.02364,0.05395,0.02430,0.05570,0.02974,0.09252,0.02399,0.07280,0.04079,0.04203,0.06812,0.03851,0.07897,0.05478,0.07847,0.04794,0.03076,0.07346
0.04188,0.04812,0.02780,0.05782,0.03395,0.14894,0.03538,0.06777,0.05023,0.05991,0.04326,0.03649,0.04034,0.02505,0.07268,0.04501,0.04306,0.02866,0.04380,0.04988
0.04203,0.03178,0.04180,0.03191,0.06927,0.02788,0.05583,0.05532,0.05118,0.03659,0.07358,0.06535,0.05562,0.05968,0.06549,0.04539,0.04864,0.05538,0.03819,0.04909
0.04588,0.03089,0.02614,0.06883,0.02696,0.12583,0.05037,0.03877,0.03829,0.05438,0.03752,0.04300,0.04264,0.03771,0.08750,0.04091,0.06383,0.03844,0.03863,0.06348
0.05079,0.05990,0.06149,0.04276,0.07011,0.02432,0.05457,0.03161,0.08394,0.02394,0.04665,0.09301,0.04400,0.03681,0.06155,0.03031,0.04202,0.03979,0.06302,0.03940
0.05281,0.05843,0.02100,0.04999,0.02603,0.09004,0.04945,0.03915,0.06261,0.05438,0.04415,0.05256,0.03839,0.04702,0.07373,0.05201,0.04429,0.03691,0.05325,0.05382
0.06209,0.17745,0.07843,0.01968,0.14043,0.01750,0.03006,0.03507,0.08337,0.04142,0.04603,0.03459,0.03097,0.02889,0.02820,0.03079,0.02830,0.02508,0.02885,0.03278
0.03595,0.02712,0.02268,0.04619,0.02873,0.27369,0.03003,0.03361,0.03362,0.11147,0.04036,0.03281,0.02926,0.02265,0.03892,0.06356,0.03564,0.03069,0.02972,0.03329
0.03520,0.02011,0.03991,0.16609,0.05119,0.14613,0.03751,0.04250,0.02460,0.02819,0.02708,0.03036,0.03782,0.02033,0.09485,0.02590,0.04156,0.02588,0.03043,0.07434
0.03279,0.49350,0.03242,0.02365,0.03889,0.02402,0.02446,0.01876,0.07011,0.02259,0.02296,0.02275,0.02195,0.02072,0.02689,0.01721,0.01826,0.01468,0.02985,0.02354
