0.00829,0.26151,0.26202,0.00649,0.00852,0.01425,0.02388,0.01336,0.00527,0.02454,0.00618,0.00380,0.01387,0.15646,0.16302,0.00244,0.00643,0.00911,0.00510,0.00546
0.00260,0.00362,0.00323,0.00506,0.00296,0.00742,0.00376,0.00356,0.00348,0.00377,0.00422,0.45738,0.00494,0.01578,0.46391,0.00131,0.00364,0.00371,0.00459,0.00107
0.00573,0.05002,0.02471,0.04601,0.14738,0.18918,0.05512,0.00469,0.30076,0.00672,0.02171,0.03480,0.03122,0.01051,0.04831,0.00998,0.00650,0.00216,0.00124,0.00327
0.00477,0.00664,0.00849,0.00718,0.22747,0.00376,0.23925,0.01000,0.00537,0.00604,0.22302,0.00446,0.00254,0.00473,0.00472,0.22516,0.00217,0.00629,0.00585,0.00210
0.38289,0.01635,0.01021,0.00921,0.00521,0.38644,0.00677,0.01681,0.00579,0.01793,0.00612,0.00784,0.03546,0.03292,0.00832,0.00485,0.02981,0.00538,0.00815,0.00354
0.00723,0.01308,0.00935,0.03938,0.01540,0.01975,0.00808,0.02107,0.00709,0.01643,0.00993,0.01308,0.02980,0.05125,0.04158,0.02303,0.04155,0.23453,0.26756,0.13084
0.01038,0.00600,0.00633,0.02299,0.00900,0.14166,0.11984,0.00430,0.00346,0.00496,0.00888,0.32477,0.00451,0.00539,0.01094,0.00559,0.29896,0.00461,0.00214,0.00529
0.01272,0.06300,0.00579,0.00882,0.04936,0.03475,0.10877,0.00721,0.00776,0.01652,0.05897,0.06896,0.01296,0.00694,0.06958,0.05425,0.00645,0.01444,0.01233,0.38042
0.43878,0.00945,0.00854,0.00822,0.00427,0.43935,0.00846,0.00954,0.00474,0.00756,0.00199,0.02248,0.01227,0.00425,0.00928,0.00165,0.00071,0.00375,0.00297,0.00172
0.01488,0.02464,0.00770,0.01297,0.00539,0.00568,0.01223,0.00503,0.01421,0.00402,0.00247,0.00689,0.01201,0.40903,0.42297,0.00100,0.00365,0.01730,0.00337,0.01454
0.00669,0.23478,0.12244,0.11273,0.00523,0.00285,0.26032,0.00878,0.02192,0.04206,0.05603,0.01022,0.01564,0.00229,0.01239,0.06292,0.00168,0.00682,0.00646,0.00775
0.00116,0.16537,0.00932,0.15832,0.02417,0.02422,0.05102,0.00670,0.01151,0.00390,0.24543,0.01006,0.00734,0.00438,0.01516,0.24317,0.00456,0.00672,0.00383,0.00366
0.02225,0.01274,0.00812,0.00484,0.00328,0.01818,0.00193,0.00539,0.01198,0.00390,0.00374,0.00391,0.00406,0.43314,0.00984,0.00329,0.42079,0.01501,0.00618,0.00743
0.00692,0.00873,0.01163,0.00989,0.00404,0.01205,0.00516,0.44721,0.00564,0.43621,0.00918,0.00420,0.00296,0.00480,0.00343,0.00404,0.00448,0.00712,0.00282,0.00950
0.00360,0.00920,0.01244,0.01098,0.00828,0.01193,0.02749,0.05328,0.01214,0.01197,0.00500,0.00706,0.01001,0.27531,0.29282,0.02693,0.00471,0.10334,0.10800,0.00551
0.00440,0.31970,0.00451,0.00373,0.00495,0.00845,0.33502,0.00580,0.00275,0.00370,0.01275,0.00470,0.00237,0.13086,0.13878,0.00378,0.00573,0.00096,0.00211,0.00495
0.00840,0.21552,0.10030,0.10197,0.00852,0.00391,0.21671,0.01217,0.00875,0.00555,0.00487,0.14435,0.01419,0.00620,0.05422,0.00466,0.07940,0.00347,0.00104,0.00580
0.00556,0.00801,0.01283,0.00484,0.34601,0.00586,0.35655,0.00951,0.01289,0.01211,0.00400,0.11362,0.00264,0.00451,0.08477,0.00198,0.00689,0.00104,0.00457,0.00181
0.01167,0.00612,0.00719,0.00767,0.08356,0.00704,0.02851,0.11627,0.00884,0.01051,0.00486,0.34281,0.00363,0.00571,0.01111,0.01562,0.31384,0.00420,0.00580,0.00503
0.00665,0.01041,0.01182,0.00482,0.00342,0.01163,0.00895,0.00294,0.00694,0.00471,0.44544,0.00596,0.01441,0.00174,0.00236,0.43401,0.00481,0.00592,0.00367,0.00940
0.00991,0.06295,0.00515,0.01141,0.01401,0.00975,0.07293,0.02488,0.01184,0.01508,0.00895,0.01110,0.02481,0.04505,0.00615,0.00893,0.04948,0.00645,0.01102,0.59013
0.01324,0.00548,0.39968,0.40766,0.03334,0.00383,0.01133,0.01313,0.01032,0.00340,0.01652,0.00290,0.01211,0.00728,0.00497,0.01217,0.00270,0.00492,0.01367,0.02135
0.00882,0.11865,0.01726,0.09800,0.00587,0.01430,0.02451,0.31619,0.00520,0.32437,0.00528,0.00723,0.01574,0.00374,0.00341,0.00159,0.00338,0.01159,0.01215,0.00272
0.24020,0.02143,0.00261,0.01431,0.00728,0.33165,0.00606,0.02757,0.08060,0.01329,0.10061,0.00204,0.00157,0.00229,0.00253,0.09959,0.00514,0.03225,0.00575,0.00323
0.45493,0.00842,0.00916,0.00467,0.00189,0.45127,0.00884,0.00248,0.00390,0.00270,0.00264,0.00510,0.00181,0.00934,0.00855,0.00369,0.00119,0.01057,0.00497,0.00386
0.01587,0.05358,0.01959,0.00519,0.01023,0.17527,0.11961,0.17160,0.02732,0.00676,0.01308,0.09623,0.00775,0.07822,0.17205,0.00577,0.00455,0.00468,0.00630,0.00634
0.00972,0.00465,0.00653,0.00977,0.00267,0.00351,0.00545,0.01151,0.00797,0.00358,0.01546,0.00624,0.00489,0.00169,0.01650,0.01402,0.00334,0.01417,0.00168,0.85665
0.06746,0.00556,0.01205,0.01609,0.34916,0.01191,0.34965,0.00437,0.00516,0.01365,0.04042,0.00270,0.00522,0.00252,0.00301,0.01335,0.00087,0.06764,0.01387,0.01535
0.00126,0.00688,0.00636,0.00432,0.01024,0.00874,0.01190,0.01102,0.01894,0.00563,0.24783,0.19100,0.00561,0.00176,0.18300,0.24242,0.00285,0.00687,0.00770,0.02568
0.00848,0.01188,0.06119,0.00904,0.00310,0.13516,0.13683,0.00576,0.00907,0.00712,0.00451,0.29308,0.00728,0.00659,0.27165,0.00379,0.00371,0.00436,0.00819,0.00923
0.39270,0.00325,0.00511,0.01565,0.00394,0.39006,0.00967,0.01935,0.00256,0.00177,0.03641,0.00460,0.03378,0.01312,0.01542,0.03184,0.00653,0.00319,0.00390,0.00714
0.38948,0.00715,0.03935,0.00238,0.00965,0.38675,0.05663,0.00673,0.01626,0.00736,0.00792,0.00117,0.00226,0.01568,0.00160,0.00393,0.02657,0.00108,0.01325,0.00479
0.00560,0.01964,0.01400,0.00965,0.00198,0.00857,0.00856,0.04660,0.01402,0.01075,0.13902,0.02305,0.00607,0.00245,0.00814,0.15159,0.00188,0.00448,0.00297,0.52101
0.11376,0.04457,0.03507,0.02043,0.01826,0.13211,0.03093,0.00513,0.01668,0.02525,0.01109,0.00460,0.02318,0.01283,0.00672,0.00757,0.00496,0.24145,0.24348,0.00195
0.00453,0.08213,0.00500,0.15366,0.02729,0.01135,0.06263,0.00435,0.01833,0.00531,0.00447,0.00920,0.00487,0.00962,0.00257,0.00444,0.00626,0.00879,0.01003,0.56517
0.03370,0.31547,0.03296,0.05590,0.01085,0.02136,0.31949,0.00802,0.00762,0.00939,0.04215,0.01120,0.00731,0.01311,0.00348,0.04806,0.00574,0.00253,0.04765,0.00401
0.00430,0.00735,0.01609,0.02263,0.00839,0.00909,0.01087,0.01900,0.02271,0.00815,0.00113,0.15524,0.01590,0.00919,0.13980,0.00546,0.00516,0.27260,0.26337,0.00357
0.21603,0.00643,0.00307,0.00238,0.00299,0.28045,0.02881,0.00894,0.06392,0.07020,0.11901,0.00100,0.03717,0.00667,0.00778,0.12412,0.00164,0.00815,0.00835,0.00290
0.08892,0.00921,0.00349,0.01468,0.00227,0.09385,0.01073,0.01745,0.00548,0.00231,0.00558,0.09102,0.00454,0.11700,0.20255,0.00669,0.00807,0.00387,0.00400,0.30830
0.02667,0.01549,0.00792,0.00930,0.01150,0.00720,0.01075,0.00304,0.00826,0.00153,0.17387,0.00780,0.01183,0.01795,0.01320,0.17447,0.00205,0.04342,0.02716,0.42660
0.00245,0.00194,0.00274,0.00322,0.47242,0.00210,0.00268,0.47345,0.00304,0.00256,0.00535,0.00505,0.00593,0.00114,0.00345,0.00324,0.00106,0.00181,0.00461,0.00176
0.00471,0.00616,0.00577,0.00414,0.00406,0.00649,0.00735,0.38063,0.00687,0.37455,0.07177,0.01095,0.00145,0.00277,0.00318,0.05873,0.00533,0.01850,0.01771,0.00887
0.04517,0.05831,0.00167,0.01193,0.00845,0.03517,0.03699,0.03823,0.02337,0.00936,0.01162,0.01499,0.02861,0.00274,0.00893,0.00815,0.00497,0.18621,0.20536,0.25977
0.00866,0.00683,0.00774,0.02543,0.00490,0.00630,0.00948,0.03858,0.00401,0.00678,0.00232,0.00353,0.02339,0.42842,0.28726,0.00351,0.12093,0.00252,0.00567,0.00373
0.01384,0.03773,0.01295,0.01222,0.00533,0.00839,0.04051,0.02009,0.02177,0.00497,0.00570,0.00709,0.00300,0.38331,0.39321,0.00637,0.00803,0.00391,0.00543,0.00614
0.01210,0.02766,0.06717,0.00649,0.01048,0.35911,0.08640,0.01004,0.34421,0.00723,0.00640,0.00943,0.00519,0.00318,0.00775,0.00227,0.02000,0.00403,0.00402,0.00684
0.18304,0.01048,0.00523,0.02300,0.00722,0.10898,0.01246,0.16212,0.00405,0.00787,0.00503,0.18470,0.01686,0.02465,0.01558,0.00398,0.20140,0.00618,0.00828,0.00889
0.02651,0.06662,0.00462,0.02180,0.01099,0.25277,0.01563,0.01148,0.25051,0.03092,0.01058,0.02197,0.01258,0.00854,0.01964,0.00766,0.00857,0.09031,0.09773,0.03057
0.02525,0.36033,0.07325,0.07321,0.01203,0.00445,0.36577,0.00213,0.00407,0.00407,0.00333,0.00515,0.00349,0.01286,0.00499,0.00352,0.00862,0.00987,0.01605,0.00756
0.00783,0.00712,0.04015,0.04577,0.01467,0.02364,0.03057,0.00758,0.04511,0.00728,0.34241,0.00169,0.02876,0.01967,0.01940,0.33402,0.00807,0.00594,0.00763,0.00271
0.01518,0.02768,0.37140,0.38031,0.02166,0.04101,0.00181,0.00420,0.01330,0.01054,0.00382,0.00534,0.00282,0.04585,0.00692,0.00299,0.02164,0.00208,0.01579,0.00565
0.00254,0.21989,0.00430,0.22266,0.23138,0.00277,0.25589,0.00571,0.00241,0.00591,0.00346,0.01019,0.01534,0.00102,0.00271,0.00356,0.00133,0.00427,0.00255,0.00211
0.00372,0.00664,0.01002,0.00848,0.23672,0.02834,0.24262,0.00994,0.00742,0.02702,0.01611,0.01199,0.03464,0.08818,0.08897,0.01061,0.00394,0.08411,0.07491,0.00563
0.06112,0.02149,0.02637,0.02831,0.00799,0.05852,0.01039,0.00428,0.00504,0.00243,0.00810,0.00214,0.00326,0.03756,0.06015,0.01290,0.00670,0.30864,0.31878,0.01581
0.00239,0.00858,0.00226,0.01126,0.00184,0.00856,0.01951,0.00363,0.00693,0.00582,0.00337,0.02470,0.00564,0.43514,0.02603,0.00285,0.42009,0.00438,0.00585,0.00117
0.01047,0.00472,0.32935,0.33261,0.00493,0.01337,0.00438,0.00526,0.00142,0.00386,0.00165,0.13819,0.00717,0.00266,0.12423,0.00232,0.00198,0.00273,0.00563,0.00305
0.01838,0.09438,0.00968,0.02996,0.00220,0.34167,0.09411,0.32933,0.00588,0.01279,0.00417,0.01729,0.00437,0.00284,0.00665,0.00326,0.00886,0.00987,0.00204,0.00227
0.00880,0.01237,0.01603,0.04602,0.03674,0.00746,0.00961,0.00485,0.01092,0.00425,0.00959,0.00489,0.00749,0.05590,0.00336,0.01044,0.05676,0.34198,0.34978,0.00275
0.00477,0.00985,0.00779,0.00654,0.00778,0.01100,0.01278,0.00562,0.00650,0.00561,0.44825,0.00819,0.00381,0.00403,0.00456,0.43983,0.00431,0.00401,0.00324,0.00152
0.00372,0.00566,0.03726,0.00668,0.01679,0.32267,0.34731,0.00582,0.00244,0.00612,0.01389,0.00197,0.01346,0.08891,0.08578,0.00302,0.00294,0.02631,0.00655,0.00273
0.00386,0.00807,0.01043,0.00477,0.00840,0.00506,0.00943,0.00631,0.00329,0.00379,0.00722,0.22536,0.00787,0.22581,0.25498,0.00384,0.19430,0.00981,0.00224,0.00518
0.01180,0.01377,0.01041,0.00741,0.00610,0.00724,0.01913,0.00523,0.00456,0.00477,0.19187,0.18345,0.00335,0.07539,0.22847,0.18173,0.02843,0.00437,0.00707,0.00543
0.01462,0.00837,0.00927,0.00792,0.00773,0.01063,0.00269,0.00539,0.00417,0.00542,0.00991,0.01885,0.00332,0.43292,0.03557,0.00551,0.40810,0.00529,0.00208,0.00223
0.00941,0.00768,0.00484,0.00400,0.41125,0.00535,0.41329,0.00237,0.00573,0.00333,0.04421,0.00224,0.01325,0.00433,0.00169,0.04736,0.00382,0.00276,0.00116,0.01195
0.00282,0.02232,0.00754,0.00839,0.00619,0.00519,0.00489,0.00932,0.00880,0.00935,0.00284,0.41656,0.01651,0.00652,0.39982,0.00636,0.00490,0.00343,0.00703,0.05122
0.00300,0.00565,0.00331,0.00677,0.00199,0.00257,0.00634,0.00314,0.00624,0.00328,0.00448,0.00365,0.93670,0.00293,0.00335,0.00108,0.00069,0.00139,0.00146,0.00196
0.14873,0.00658,0.00688,0.00621,0.00918,0.14863,0.01576,0.00756,0.00160,0.00246,0.30380,0.01316,0.00264,0.00534,0.00393,0.30354,0.00432,0.00222,0.00565,0.00180
0.28251,0.00696,0.01077,0.04620,0.00409,0.27571,0.01449,0.00697,0.00365,0.01841,0.01289,0.00738,0.00727,0.03351,0.00281,0.01297,0.02018,0.11385,0.11690,0.00248
0.91337,0.00214,0.00324,0.00504,0.00480,0.00220,0.00304,0.00265,0.00210,0.00146,0.01769,0.00124,0.00407,0.00359,0.00385,0.01263,0.00270,0.00825,0.00330,0.00263
0.00578,0.00463,0.01312,0.04067,0.00330,0.00610,0.00474,0.01074,0.01430,0.00698,0.02304,0.22163,0.02547,0.00584,0.19378,0.00944,0.01576,0.19539,0.19737,0.00190
0.00198,0.01283,0.00193,0.00185,0.45766,0.00745,0.46599,0.00420,0.00144,0.00488,0.00326,0.00542,0.00297,0.00797,0.00635,0.00231,0.00356,0.00426,0.00196,0.00175
0.00867,0.21799,0.23004,0.01017,0.01508,0.02991,0.01382,0.00712,0.00573,0.01403,0.01287,0.00965,0.00982,0.06275,0.01971,0.00634,0.05105,0.14209,0.13015,0.00301
0.00379,0.00916,0.01088,0.00519,0.00707,0.00919,0.00711,0.02312,0.01153,0.02268,0.16664,0.02265,0.00895,0.25007,0.01767,0.15497,0.23753,0.01431,0.01138,0.00611
0.04785,0.00340,0.26897,0.01548,0.01301,0.06658,0.29362,0.01696,0.01055,0.00567,0.07513,0.01518,0.04945,0.00749,0.01231,0.06755,0.00691,0.00424,0.00419,0.01544
0.00136,0.46542,0.01255,0.00201,0.45012,0.00311,0.01022,0.01415,0.01161,0.00454,0.00357,0.00233,0.00248,0.00543,0.00656,0.00148,0.00095,0.00050,0.00081,0.00081
0.00593,0.05664,0.01439,0.00979,0.15445,0.00785,0.16488,0.03449,0.03338,0.02705,0.00814,0.01646,0.00525,0.02977,0.00518,0.00485,0.01550,0.20620,0.19663,0.00318
0.00392,0.02348,0.00343,0.01437,0.00252,0.00619,0.01875,0.00507,0.11450,0.00483,0.06368,0.32523,0.00859,0.00102,0.29468,0.08773,0.00394,0.00374,0.00480,0.00953
0.00767,0.00411,0.01945,0.00291,0.04560,0.37704,0.07559,0.00517,0.39029,0.00583,0.00415,0.00449,0.00749,0.00390,0.00545,0.00357,0.00426,0.00371,0.00516,0.02413
0.10739,0.00492,0.00798,0.00228,0.00268,0.00811,0.00627,0.00484,0.00986,0.00516,0.03042,0.00337,0.00961,0.02393,0.01682,0.02937,0.00484,0.10371,0.00297,0.61547
0.00562,0.00768,0.00276,0.00766,0.00554,0.00766,0.00800,0.02319,0.00426,0.01118,0.19014,0.18856,0.00481,0.07139,0.23229,0.18505,0.01860,0.00784,0.00649,0.01126
0.22045,0.00583,0.02324,0.00571,0.01197,0.20876,0.01488,0.03384,0.00475,0.00488,0.21873,0.00527,0.00164,0.00560,0.00486,0.20854,0.00239,0.00121,0.00709,0.01033
0.07073,0.06158,0.00859,0.01168,0.00450,0.01081,0.06092,0.00527,0.00373,0.01130,0.01353,0.25964,0.00215,0.00821,0.23431,0.01263,0.00976,0.02147,0.00609,0.18310
0.08978,0.24935,0.24495,0.01703,0.01118,0.03102,0.02438,0.00712,0.00996,0.01237,0.01527,0.00653,0.02817,0.00767,0.01106,0.01132,0.01153,0.00667,0.01053,0.19411
0.34730,0.00510,0.00334,0.00235,0.00296,0.01696,0.00677,0.00173,0.00400,0.00302,0.00451,0.00201,0.00179,0.00506,0.00411,0.00184,0.00215,0.47257,0.11037,0.00206
0.00542,0.01125,0.00358,0.01022,0.00466,0.00816,0.00650,0.02214,0.00859,0.00883,0.42815,0.00598,0.00550,0.02149,0.01711,0.41740,0.00111,0.00587,0.00455,0.00351
0.01889,0.22816,0.00458,0.00075,0.00741,0.00726,0.21715,0.00546,0.00656,0.00191,0.02892,0.00728,0.00394,0.01129,0.00824,0.01856,0.01812,0.05143,0.07899,0.27510
0.01538,0.40735,0.01724,0.00431,0.00962,0.00326,0.04657,0.01290,0.00234,0.42474,0.01368,0.00813,0.00339,0.00244,0.00715,0.00651,0.00508,0.00262,0.00360,0.00369
0.01636,0.01550,0.00731,0.00885,0.00298,0.38948,0.36572,0.01260,0.01306,0.00733,0.03764,0.01244,0.00340,0.00194,0.01584,0.04459,0.00255,0.00415,0.03345,0.00482
0.01106,0.01318,0.01470,0.04870,0.01256,0.01895,0.02793,0.04749,0.00922,0.01145,0.12342,0.03456,0.02065,0.20070,0.00622,0.14344,0.18802,0.00424,0.01072,0.05277
0.07807,0.36232,0.05182,0.01633,0.00823,0.01217,0.36101,0.00437,0.01855,0.00605,0.00934,0.00873,0.00322,0.01075,0.01165,0.00680,0.00817,0.00912,0.00202,0.01129
0.00559,0.00544,0.01442,0.04978,0.01387,0.12512,0.14128,0.00406,0.02427,0.09223,0.00751,0.00411,0.01590,0.05232,0.03910,0.00522,0.00551,0.00203,0.00481,0.38742
0.20390,0.00713,0.00948,0.01544,0.01499,0.22424,0.01174,0.02442,0.04526,0.01147,0.14733,0.01574,0.01499,0.01014,0.01066,0.14734,0.01959,0.02103,0.02926,0.01583
0.01371,0.42871,0.00744,0.44293,0.00402,0.00973,0.00550,0.00901,0.00734,0.01306,0.00368,0.01301,0.00610,0.00273,0.00615,0.00597,0.00135,0.00712,0.01110,0.00134
0.01294,0.04199,0.05791,0.01035,0.04934,0.03439,0.06458,0.00114,0.04565,0.04153,0.06906,0.00569,0.00296,0.11363,0.11988,0.06271,0.00452,0.14920,0.10861,0.00393
0.00457,0.00773,0.00363,0.00486,0.00956,0.01562,0.01620,0.00597,0.01335,0.00588,0.40494,0.03653,0.00189,0.01210,0.00302,0.41071,0.02466,0.01062,0.00477,0.00340
0.01847,0.17477,0.01042,0.17849,0.02647,0.01184,0.00486,0.00230,0.01386,0.00488,0.00965,0.06258,0.00151,0.02905,0.09837,0.00733,0.01421,0.15776,0.16902,0.00416
0.01679,0.06116,0.07605,0.01879,0.09577,0.03288,0.01907,0.03197,0.01069,0.02913,0.00749,0.00378,0.01109,0.28559,0.01144,0.00609,0.26652,0.00498,0.00315,0.00756
0.01123,0.04550,0.41162,0.00335,0.00829,0.00187,0.41020,0.00598,0.00967,0.01405,0.00331,0.01735,0.00771,0.01714,0.00534,0.00443,0.00904,0.00698,0.00250,0.00443
0.04316,0.05683,0.00973,0.00785,0.00431,0.36140,0.01640,0.00629,0.31914,0.00580,0.01128,0.00877,0.08488,0.00754,0.01932,0.00448,0.00476,0.00815,0.00797,0.01196
0.00849,0.00437,0.01863,0.00476,0.00914,0.00634,0.00702,0.01022,0.00550,0.00333,0.00545,0.00335,0.00169,0.44489,0.45235,0.00052,0.00258,0.00701,0.00106,0.00329
0.07262,0.01140,0.00278,0.00695,0.00531,0.01279,0.00842,0.00410,0.01936,0.00515,0.40648,0.00208,0.00123,0.00511,0.00425,0.38865,0.00288,0.01169,0.00961,0.01916
0.00290,0.00689,0.47319,0.00442,0.00710,0.46526,0.01276,0.00197,0.00218,0.00165,0.00050,0.00252,0.00146,0.00269,0.00072,0.00188,0.00350,0.00533,0.00105,0.00202
0.00483,0.00991,0.00543,0.00450,0.00764,0.00437,0.01764,0.44937,0.00454,0.46095,0.00820,0.00421,0.00408,0.00139,0.00133,0.00305,0.00129,0.00266,0.00292,0.00170
0.00516,0.00533,0.02209,0.00280,0.00805,0.02526,0.02560,0.00460,0.01915,0.00388,0.40958,0.00808,0.00567,0.00320,0.00236,0.42060,0.00464,0.01761,0.00494,0.00142
0.03661,0.00780,0.00919,0.00452,0.00623,0.02260,0.00608,0.00663,0.00809,0.00577,0.00405,0.40707,0.00329,0.02383,0.39471,0.00415,0.01479,0.00196,0.02645,0.00618
0.02338,0.03305,0.39012,0.00278,0.01150,0.02064,0.38755,0.01272,0.01047,0.00926,0.01966,0.00868,0.00090,0.01208,0.00586,0.01054,0.00713,0.00567,0.01257,0.01544
0.00219,0.01061,0.01084,0.01358,0.01663,0.00572,0.01339,0.00184,0.01324,0.01367,0.00458,0.00401,0.03775,0.00539,0.00346,0.00296,0.00254,0.00669,0.00815,0.82278
0.00518,0.02571,0.00317,0.00647,0.00258,0.00545,0.00812,0.00819,0.00437,0.00624,0.01056,0.00358,0.00744,0.04349,0.02637,0.00358,0.00461,0.00254,0.00456,0.81780
0.09722,0.00686,0.00722,0.05572,0.01191,0.00270,0.02936,0.00619,0.00672,0.00783,0.14830,0.00990,0.00303,0.21350,0.01807,0.16610,0.20056,0.00266,0.00181,0.00435
0.41235,0.00815,0.01628,0.02076,0.00786,0.41359,0.00914,0.02143,0.00428,0.00414,0.00988,0.00428,0.00385,0.00595,0.00656,0.00754,0.00214,0.02427,0.00739,0.01014
0.23512,0.00860,0.00781,0.00440,0.00652,0.23410,0.00750,0.01139,0.01012,0.01137,0.00770,0.03386,0.00412,0.00838,0.01217,0.00532,0.02354,0.16659,0.17374,0.02764
0.00604,0.00470,0.02203,0.00293,0.00208,0.01542,0.00339,0.00595,0.00288,0.00468,0.00595,0.00385,0.00319,0.01414,0.00514,0.00991,0.00342,0.40654,0.44258,0.03519
0.00173,0.00217,0.00080,0.00307,0.00381,0.47437,0.46124,0.01715,0.00326,0.00089,0.00179,0.00616,0.00417,0.00175,0.00528,0.00129,0.00499,0.00126,0.00178,0.00305
0.01026,0.00508,0.08381,0.07378,0.06124,0.11975,0.14018,0.00906,0.01308,0.01237,0.00999,0.07780,0.00463,0.13772,0.06770,0.00908,0.12684,0.01129,0.01337,0.01299
0.05041,0.00784,0.00804,0.00801,0.11130,0.00460,0.11747,0.00758,0.00750,0.00778,0.00668,0.02018,0.00392,0.27156,0.02676,0.00779,0.26574,0.03521,0.00601,0.02562
0.00677,0.00564,0.00400,0.01184,0.00967,0.03752,0.00519,0.03507,0.00550,0.00274,0.03023,0.01096,0.00496,0.39110,0.02571,0.02853,0.37201,0.00296,0.00604,0.00355
0.00442,0.00450,0.00260,0.00273,0.46608,0.00698,0.47331,0.00213,0.00508,0.00428,0.00155,0.00291,0.00408,0.00503,0.00470,0.00077,0.00332,0.00244,0.00176,0.00133
0.01064,0.01109,0.01017,0.00822,0.00521,0.00271,0.01458,0.00411,0.01547,0.00197,0.02103,0.43376,0.00410,0.01142,0.01262,0.00398,0.41671,0.00363,0.00498,0.00361
0.02648,0.02767,0.00550,0.01871,0.01636,0.02360,0.01308,0.00866,0.04081,0.01385,0.01934,0.06245,0.00512,0.00820,0.00511,0.01987,0.07703,0.29317,0.27374,0.04124
0.01927,0.01470,0.04186,0.02043,0.01570,0.02466,0.01936,0.01629,0.02523,0.00878,0.02414,0.18896,0.00618,0.02199,0.01326,0.00920,0.19598,0.14604,0.15239,0.03560
0.00778,0.01219,0.00759,0.00376,0.15243,0.19958,0.00986,0.01805,0.25601,0.28547,0.00727,0.00456,0.00613,0.00340,0.00375,0.00448,0.00767,0.00388,0.00367,0.00246
0.00649,0.32949,0.10777,0.10801,0.01004,0.00946,0.32548,0.00885,0.00952,0.01231,0.00204,0.01800,0.00813,0.00854,0.01164,0.00301,0.00878,0.00503,0.00207,0.00534
0.01195,0.00632,0.01501,0.00929,0.01696,0.00666,0.00550,0.02185,0.00448,0.01782,0.00211,0.00274,0.00224,0.00655,0.00175,0.00426,0.00167,0.41540,0.42069,0.02673
0.00522,0.00209,0.00539,0.01661,0.04640,0.43589,0.11615,0.29508,0.00301,0.01165,0.01074,0.00705,0.00695,0.00200,0.00326,0.00477,0.00645,0.00378,0.00217,0.01532
0.01764,0.00916,0.26553,0.26043,0.00795,0.00859,0.01036,0.00184,0.00661,0.00543,0.00889,0.01088,0.00436,0.17567,0.00909,0.00271,0.16850,0.00744,0.00601,0.01290
0.01244,0.02238,0.00840,0.01361,0.00265,0.00747,0.00753,0.01502,0.00250,0.00519,0.00718,0.00992,0.49447,0.17029,0.17820,0.00587,0.00750,0.01237,0.00675,0.01026
0.01984,0.13566,0.00446,0.14114,0.04309,0.10101,0.02601,0.01272,0.02066,0.01478,0.00236,0.21996,0.00517,0.01213,0.17099,0.00978,0.03893,0.01171,0.00814,0.00146
0.17797,0.03522,0.14412,0.01700,0.00299,0.04464,0.02114,0.01235,0.00486,0.02295,0.18374,0.00430,0.00417,0.06868,0.05153,0.18721,0.00432,0.00298,0.00351,0.00633
0.01754,0.45613,0.46501,0.01039,0.00329,0.00341,0.00544,0.00483,0.00278,0.00580,0.00380,0.00436,0.00131,0.00401,0.00311,0.00286,0.00249,0.00118,0.00114,0.00109
0.00445,0.02275,0.01612,0.01124,0.00457,0.00916,0.00950,0.00919,0.00724,0.01272,0.26789,0.00629,0.00353,0.00551,0.00376,0.27171,0.00505,0.16114,0.15851,0.00967
0.00516,0.00459,0.00893,0.00704,0.00601,0.02224,0.00794,0.00966,0.00400,0.00700,0.00854,0.00440,0.02628,0.30873,0.30718,0.00559,0.01024,0.00384,0.00638,0.23624
0.02057,0.02458,0.01947,0.01745,0.03623,0.03031,0.08575,0.07476,0.00852,0.02256,0.26077,0.00620,0.05894,0.02176,0.01047,0.26872,0.00326,0.00724,0.00499,0.01745
0.00759,0.01834,0.00682,0.01202,0.01865,0.32958,0.32886,0.00700,0.00504,0.00577,0.01552,0.10794,0.00409,0.00103,0.10274,0.00792,0.00375,0.00147,0.00376,0.01210
0.00366,0.00671,0.00454,0.00604,0.45844,0.00874,0.46614,0.00290,0.00564,0.00259,0.00096,0.00710,0.00133,0.00562,0.01193,0.00208,0.00138,0.00160,0.00122,0.00138
0.03165,0.01236,0.04730,0.03889,0.04180,0.01190,0.02270,0.04942,0.03204,0.01149,0.00429,0.00723,0.00639,0.01104,0.02105,0.00328,0.00514,0.31202,0.32552,0.00450
0.00483,0.00567,0.44255,0.46435,0.00974,0.00710,0.00282,0.00208,0.00281,0.00462,0.00407,0.00588,0.00758,0.00257,0.00458,0.00587,0.00242,0.00596,0.00108,0.01343
0.00468,0.22100,0.01017,0.00831,0.02415,0.01189,0.21940,0.01156,0.00494,0.01792,0.20583,0.00829,0.00260,0.00452,0.00338,0.19677,0.00298,0.01787,0.02034,0.00339
0.02328,0.00646,0.00827,0.00947,0.12721,0.00750,0.14687,0.01428,0.01609,0.03396,0.00365,0.00384,0.00497,0.29185,0.00617,0.00183,0.28453,0.00491,0.00216,0.00268
0.03715,0.00326,0.00380,0.00786,0.01558,0.01194,0.00530,0.00430,0.04632,0.00349,0.00262,0.01396,0.00590,0.38139,0.02201,0.00458,0.36604,0.00764,0.00886,0.04802
0.00761,0.20579,0.02585,0.02100,0.01480,0.07085,0.21165,0.05166,0.01878,0.00347,0.01300,0.03001,0.05282,0.10168,0.13047,0.01144,0.01136,0.00869,0.00633,0.00274
0.22436,0.01206,0.17680,0.01952,0.02337,0.20790,0.20534,0.00567,0.02591,0.00388,0.00704,0.00474,0.01548,0.00458,0.02236,0.00748,0.00328,0.00967,0.01218,0.00837
0.00871,0.16673,0.01603,0.01106,0.00645,0.01106,0.16939,0.01134,0.22874,0.24705,0.03716,0.00534,0.00976,0.02468,0.01249,0.01667,0.00303,0.00442,0.00508,0.00481
0.10221,0.32558,0.01397,0.02161,0.00805,0.01325,0.27486,0.02648,0.01045,0.01064,0.00183,0.00838,0.00733,0.05476,0.06232,0.00554,0.00902,0.00665,0.03182,0.00524
0.15048,0.03085,0.00962,0.00310,0.02341,0.15993,0.01172,0.02575,0.01301,0.00465,0.13883,0.03310,0.00601,0.01013,0.02061,0.14020,0.01045,0.00574,0.00402,0.19838
0.00290,0.00311,0.40293,0.41774,0.00229,0.00307,0.00590,0.00432,0.00540,0.00504,0.00514,0.00259,0.00415,0.00404,0.01413,0.00247,0.00251,0.05643,0.05134,0.00449
0.00429,0.24449,0.01728,0.25360,0.02354,0.03634,0.00160,0.01524,0.00350,0.01073,0.00486,0.00269,0.01392,0.03056,0.03004,0.00048,0.00121,0.00640,0.00028,0.29895
0.01557,0.00641,0.00463,0.00413,0.00800,0.04222,0.00558,0.00767,0.00386,0.00313,0.00246,0.00245,0.01230,0.00721,0.00365,0.00141,0.01162,0.41778,0.43363,0.00628
0.00464,0.00534,0.00559,0.00833,0.00342,0.00527,0.00183,0.00235,0.00631,0.00302,0.00725,0.01487,0.00304,0.45522,0.44625,0.00146,0.00443,0.01098,0.00932,0.00107
0.00236,0.13709,0.14372,0.01316,0.00413,0.02554,0.01385,0.00430,0.00731,0.00487,0.29603,0.00425,0.00357,0.00642,0.00635,0.30204,0.00673,0.00468,0.00917,0.00442
0.06826,0.02934,0.02455,0.03568,0.00797,0.01289,0.01979,0.02747,0.00763,0.00782,0.04811,0.00552,0.00575,0.30187,0.28681,0.02896,0.02327,0.00660,0.03813,0.01358
0.02725,0.33425,0.00419,0.00276,0.00369,0.01036,0.33859,0.01425,0.01075,0.00897,0.08237,0.02471,0.00552,0.00967,0.00826,0.08596,0.00648,0.00807,0.00626,0.00764
0.05407,0.19409,0.01546,0.18599,0.01094,0.00790,0.00731,0.00612,0.01067,0.00198,0.02849,0.08130,0.00422,0.00663,0.05844,0.01094,0.00819,0.10864,0.07619,0.12241
0.00149,0.00883,0.00651,0.06730,0.00816,0.00400,0.00622,0.02006,0.02193,0.00461,0.01381,0.01195,0.02541,0.00218,0.01178,0.02237,0.00425,0.37770,0.36663,0.01481
0.00786,0.01003,0.01094,0.00522,0.00523,0.00658,0.00656,0.00544,0.00570,0.00795,0.41599,0.01504,0.00708,0.02332,0.01782,0.42245,0.01217,0.00653,0.00305,0.00503
0.01339,0.22298,0.00695,0.01108,0.00345,0.01370,0.22717,0.00440,0.00594,0.00805,0.00926,0.01152,0.00435,0.00554,0.00358,0.00460,0.00698,0.21637,0.21935,0.00135
0.02187,0.00661,0.07486,0.00350,0.00833,0.04220,0.00612,0.00484,0.00762,0.00559,0.01221,0.01539,0.01511,0.00428,0.01609,0.01435,0.00893,0.35033,0.37449,0.00727
0.00788,0.01095,0.04403,0.00768,0.01852,0.22090,0.23596,0.02793,0.00538,0.00511,0.00905,0.04663,0.00174,0.00323,0.04073,0.00464,0.00335,0.13653,0.14047,0.02929
0.00237,0.00412,0.00634,0.00906,0.42512,0.01188,0.44144,0.00442,0.03005,0.00307,0.00238,0.00469,0.00400,0.02267,0.00283,0.00279,0.01655,0.00198,0.00168,0.00255
0.01288,0.00493,0.00553,0.01084,0.01370,0.00268,0.01630,0.00672,0.01133,0.02917,0.00925,0.42834,0.00538,0.00452,0.41403,0.00298,0.00937,0.00456,0.00465,0.00283
0.00583,0.00409,0.01348,0.00753,0.00107,0.00128,0.03019,0.00367,0.00294,0.00357,0.08578,0.01645,0.00139,0.00393,0.00667,0.08066,0.00337,0.00395,0.01271,0.71145
0.02791,0.00148,0.05466,0.00187,0.00145,0.00663,0.00178,0.00102,0.03833,0.00334,0.00122,0.00201,0.00431,0.00395,0.00265,0.00159,0.00285,0.41842,0.41954,0.00498
0.01232,0.23514,0.22572,0.01018,0.00971,0.00850,0.01342,0.00494,0.00550,0.00443,0.21270,0.00863,0.00950,0.00207,0.00394,0.21859,0.00528,0.00626,0.00170,0.00146
0.00181,0.00830,0.00566,0.01143,0.00582,0.38766,0.01091,0.00887,0.39425,0.00806,0.01207,0.01147,0.00703,0.01204,0.00935,0.01231,0.01470,0.03584,0.03771,0.00469
0.01157,0.00627,0.00172,0.00409,0.00291,0.01231,0.00539,0.01387,0.01283,0.00490,0.00885,0.00643,0.00697,0.30709,0.00387,0.00486,0.29332,0.02564,0.03978,0.22733
0.07150,0.01688,0.00567,0.01144,0.00682,0.01583,0.00922,0.00240,0.00459,0.00249,0.00227,0.00352,0.00351,0.03867,0.00244,0.00118,0.03368,0.06218,0.03614,0.66958
0.00270,0.01290,0.01783,0.00956,0.00722,0.00939,0.02277,0.00804,0.00675,0.00427,0.07925,0.34380,0.00404,0.00330,0.01104,0.07818,0.33932,0.02470,0.00890,0.00605
0.18085,0.00919,0.18755,0.00542,0.01725,0.01315,0.00579,0.00632,0.01206,0.00414,0.01506,0.00663,0.00454,0.24762,0.26185,0.01030,0.00180,0.00190,0.00373,0.00484
0.00900,0.00702,0.00749,0.12280,0.00898,0.16884,0.19011,0.00450,0.02201,0.02461,0.03412,0.01994,0.01502,0.00859,0.02919,0.04465,0.00889,0.12571,0.13806,0.01044
0.00591,0.01298,0.01646,0.01357,0.00363,0.00581,0.01348,0.01034,0.00334,0.00910,0.01359,0.44277,0.01215,0.00229,0.42019,0.00437,0.00432,0.00229,0.00241,0.00101
0.00411,0.00983,0.01076,0.00456,0.00251,0.00604,0.02725,0.00293,0.00392,0.00320,0.00436,0.01738,0.00468,0.43132,0.44525,0.00342,0.00720,0.00161,0.00333,0.00634
0.00268,0.00490,0.00934,0.00916,0.00365,0.01090,0.02526,0.00366,0.00925,0.00442,0.01664,0.11693,0.00350,0.00875,0.09844,0.01094,0.01378,0.01043,0.02313,0.61424
0.01034,0.01516,0.01828,0.01098,0.00678,0.00721,0.01895,0.00737,0.01086,0.00650,0.13351,0.18407,0.00522,0.06435,0.20349,0.13328,0.00796,0.08056,0.07172,0.00342
0.00646,0.00644,0.00815,0.01178,0.00523,0.00673,0.00080,0.00355,0.01593,0.00417,0.00548,0.06838,0.06490,0.35571,0.06709,0.00579,0.34289,0.00706,0.00630,0.00716
0.00637,0.00533,0.00378,0.00516,0.00914,0.00986,0.00728,0.02048,0.00747,0.01373,0.00773,0.07661,0.00862,0.06571,0.04267,0.00424,0.05697,0.00717,0.01027,0.63142
0.00693,0.00924,0.00692,0.02255,0.00822,0.00459,0.00671,0.01605,0.00373,0.00305,0.00457,0.00464,0.00517,0.23321,0.22965,0.00353,0.00618,0.20234,0.21217,0.01055
0.02984,0.05709,0.00585,0.01946,0.00770,0.00234,0.00878,0.00536,0.00625,0.00450,0.39296,0.00172,0.00937,0.00498,0.01993,0.39509,0.00336,0.01023,0.01221,0.00298
0.00838,0.00333,0.32087,0.38173,0.01364,0.02804,0.00527,0.01395,0.01594,0.01157,0.04523,0.01025,0.00490,0.01154,0.00304,0.04162,0.00347,0.06276,0.00980,0.00468
0.00487,0.00441,0.00407,0.00352,0.16074,0.00803,0.15827,0.00341,0.00271,0.00375,0.00344,0.00483,0.60903,0.00553,0.00699,0.00252,0.00133,0.00371,0.00306,0.00578
0.00477,0.01291,0.23487,0.01175,0.00744,0.19829,0.25162,0.00952,0.18145,0.00553,0.00386,0.01346,0.00299,0.00239,0.00418,0.00331,0.00549,0.00299,0.00588,0.03733
0.01652,0.02191,0.00531,0.00369,0.00374,0.38513,0.35005,0.07442,0.00646,0.00250,0.00445,0.05181,0.00405,0.00422,0.05340,0.00357,0.00261,0.00395,0.00109,0.00112
0.45764,0.01690,0.01200,0.02115,0.00472,0.40448,0.01431,0.00678,0.00425,0.01394,0.00267,0.00224,0.00238,0.00550,0.00205,0.00709,0.00613,0.00934,0.00393,0.00250
0.11810,0.10951,0.17961,0.19859,0.00979,0.11804,0.04995,0.08037,0.01046,0.00659,0.00270,0.01119,0.00346,0.00586,0.01102,0.00474,0.00264,0.03724,0.03686,0.00329
0.01066,0.00603,0.00413,0.00665,0.00532,0.00428,0.00745,0.01316,0.01839,0.00961,0.00487,0.04075,0.00862,0.41939,0.00703,0.00391,0.42010,0.00179,0.00342,0.00444
0.00373,0.00383,0.00311,0.00626,0.00551,0.42474,0.42895,0.00098,0.00846,0.00786,0.00132,0.01619,0.00202,0.04307,0.03286,0.00102,0.00136,0.00416,0.00232,0.00224
0.00945,0.00319,0.00311,0.01007,0.00398,0.00768,0.00252,0.00457,0.00968,0.00377,0.01143,0.45411,0.00540,0.00148,0.00552,0.00581,0.44438,0.00536,0.00339,0.00509
0.25517,0.03098,0.27264,0.01125,0.02365,0.06965,0.04983,0.00927,0.02219,0.00675,0.01165,0.09611,0.02334,0.00262,0.01102,0.00661,0.07495,0.00546,0.00382,0.01304
0.01097,0.03888,0.02842,0.01966,0.00056,0.01597,0.02307,0.00248,0.09551,0.00478,0.09471,0.18446,0.00356,0.03668,0.04755,0.09846,0.17554,0.05785,0.05851,0.00238
0.13464,0.10061,0.00404,0.00248,0.00577,0.04598,0.02306,0.01565,0.01015,0.01092,0.00767,0.01257,0.00544,0.00533,0.00653,0.00502,0.00462,0.00756,0.03986,0.55207
0.03032,0.01535,0.01677,0.00886,0.00320,0.01044,0.04087,0.00864,0.00314,0.02926,0.02701,0.00848,0.00986,0.38116,0.01339,0.01127,0.36968,0.00182,0.00420,0.00628
0.01338,0.44653,0.00572,0.00942,0.43224,0.00380,0.00327,0.00391,0.00321,0.00390,0.00476,0.00286,0.00996,0.00907,0.00527,0.00541,0.00096,0.00572,0.00639,0.02422
0.00511,0.00262,0.48361,0.00285,0.00121,0.00118,0.00351,0.00122,0.00159,0.48055,0.00233,0.00057,0.00146,0.00111,0.00101,0.00144,0.00184,0.00286,0.00224,0.00170
0.27042,0.01084,0.02210,0.01869,0.00630,0.27694,0.01288,0.01066,0.00868,0.01156,0.00340,0.00565,0.00868,0.03410,0.01988,0.00415,0.03020,0.10799,0.12856,0.00833
0.00542,0.01143,0.00322,0.00754,0.00164,0.01705,0.00497,0.00217,0.00347,0.00226,0.00526,0.01934,0.00235,0.43504,0.46259,0.00500,0.00105,0.00443,0.00350,0.00224
0.00906,0.00467,0.00374,0.00882,0.00959,0.03904,0.00672,0.00887,0.00281,0.00416,0.00332,0.00762,0.00180,0.00227,0.00578,0.00451,0.00449,0.43195,0.42922,0.01155
0.00699,0.01029,0.00341,0.03632,0.04621,0.41432,0.40632,0.00540,0.00686,0.01702,0.00257,0.00585,0.00528,0.01114,0.01128,0.00176,0.00167,0.00300,0.00277,0.00155
0.00336,0.02243,0.02329,0.00666,0.00815,0.00315,0.03005,0.00798,0.01370,0.00962,0.00721,0.01797,0.00112,0.38547,0.41188,0.00337,0.00995,0.00513,0.00931,0.02020
0.01864,0.32939,0.01044,0.01293,0.00974,0.00485,0.34041,0.00631,0.00878,0.00367,0.00340,0.00560,0.03537,0.04573,0.00609,0.00426,0.04278,0.00390,0.00516,0.10252
0.01316,0.00611,0.08902,0.00309,0.03291,0.00846,0.03968,0.00276,0.07372,0.00387,0.34735,0.00485,0.00259,0.00248,0.00175,0.35438,0.00538,0.00268,0.00149,0.00427
0.01517,0.00510,0.04978,0.03359,0.02675,0.01136,0.00902,0.00538,0.00526,0.01005,0.39029,0.00576,0.00363,0.00728,0.00869,0.38459,0.00440,0.00453,0.00886,0.01053
0.01210,0.01412,0.00776,0.01075,0.00482,0.01436,0.00997,0.00794,0.00960,0.00899,0.00708,0.16537,0.00554,0.27395,0.17457,0.00831,0.25749,0.00282,0.00186,0.00260
0.23740,0.00698,0.02106,0.00851,0.02066,0.22897,0.00769,0.02134,0.00893,0.00617,0.03334,0.15737,0.00847,0.01772,0.14681,0.02690,0.01326,0.00372,0.00827,0.01642
0.00777,0.16641,0.17153,0.00984,0.00497,0.27659,0.25998,0.01338,0.00548,0.00857,0.00420,0.00509,0.00377,0.00672,0.00233,0.00341,0.00491,0.02457,0.01577,0.00470
0.00568,0.00810,0.00744,0.00481,0.00339,0.00188,0.01519,0.00298,0.00433,0.00430,0.00156,0.00172,0.90354,0.00404,0.00481,0.00261,0.00315,0.01137,0.00719,0.00191
0.11484,0.02896,0.01548,0.00862,0.02150,0.36987,0.01874,0.02478,0.27146,0.01197,0.00830,0.01485,0.02509,0.01159,0.01665,0.00644,0.00768,0.00396,0.00594,0.01327
0.00282,0.00373,0.00577,0.01091,0.00342,0.24422,0.24072,0.00646,0.01319,0.00679,0.16760,0.00810,0.07368,0.01556,0.01422,0.15207,0.00460,0.00909,0.01032,0.00673
0.01352,0.04016,0.00279,0.01034,0.01043,0.01716,0.04444,0.00316,0.00685,0.00603,0.00326,0.41381,0.00358,0.00098,0.40275,0.00448,0.00371,0.00257,0.00575,0.00425
0.06790,0.01121,0.00815,0.01191,0.03689,0.09047,0.03812,0.00407,0.03586,0.00455,0.01188,0.00237,0.02545,0.00319,0.00573,0.00974,0.00326,0.30731,0.31430,0.00763
0.01217,0.02387,0.00793,0.01951,0.03538,0.00762,0.00559,0.04043,0.00472,0.01039,0.00279,0.34592,0.00348,0.01249,0.31812,0.00280,0.02396,0.00204,0.01511,0.10568
0.01006,0.01391,0.00524,0.00702,0.00842,0.00399,0.00456,0.01459,0.00542,0.01039,0.00541,0.00567,0.00670,0.34654,0.03999,0.00348,0.29125,0.07932,0.10473,0.03331
0.21881,0.03497,0.00809,0.00493,0.01170,0.20959,0.00731,0.00837,0.01960,0.01343,0.02016,0.00418,0.03890,0.07541,0.01393,0.00829,0.07537,0.00824,0.00832,0.21042
0.01930,0.01027,0.00506,0.00484,0.00641,0.02551,0.02181,0.01037,0.00293,0.00424,0.02922,0.03945,0.00196,0.39237,0.01447,0.01947,0.38499,0.00184,0.00223,0.00326
0.01175,0.00898,0.00620,0.00777,0.00366,0.00696,0.00946,0.00524,0.01114,0.00314,0.00377,0.39828,0.00307,0.02146,0.37920,0.00490,0.02653,0.05241,0.03459,0.00149
0.05634,0.00233,0.00937,0.00627,0.00550,0.02208,0.00690,0.01468,0.00659,0.00703,0.02430,0.00213,0.00538,0.01841,0.00433,0.00182,0.00992,0.00692,0.01709,0.77262
0.00232,0.00400,0.00200,0.00593,0.47812,0.00099,0.00524,0.47904,0.00239,0.00103,0.00068,0.00218,0.00315,0.00192,0.00271,0.00157,0.00115,0.00172,0.00225,0.00161
0.00351,0.00973,0.00344,0.01285,0.01958,0.01182,0.00972,0.00646,0.00813,0.00704,0.02220,0.00451,0.01480,0.01266,0.00694,0.02440,0.00246,0.32535,0.32899,0.16543
0.00991,0.44270,0.00538,0.01082,0.01230,0.00518,0.44161,0.00456,0.00523,0.00137,0.00974,0.01311,0.00326,0.00283,0.00489,0.00408,0.00154,0.01173,0.00368,0.00607
0.41915,0.02538,0.02992,0.00832,0.01824,0.40085,0.01993,0.00696,0.00668,0.00514,0.00929,0.00420,0.00321,0.00361,0.00638,0.00814,0.00193,0.00704,0.01320,0.00241
0.00363,0.00720,0.01343,0.00913,0.00625,0.00189,0.00966,0.01190,0.00287,0.00477,0.01063,0.01378,0.00192,0.05275,0.01205,0.01028,0.04899,0.00665,0.00166,0.77057
0.00475,0.00625,0.00834,0.00263,0.37751,0.00448,0.01105,0.00713,0.34738,0.00298,0.00471,0.00422,0.00686,0.08820,0.00253,0.00747,0.10569,0.00132,0.00268,0.00381
0.00871,0.00860,0.44685,0.44767,0.00838,0.01054,0.00376,0.00869,0.00273,0.01029,0.00350,0.00641,0.00549,0.00623,0.00529,0.00246,0.00300,0.00570,0.00255,0.00319
0.01424,0.00451,0.00214,0.00639,0.00141,0.00821,0.00433,0.00606,0.00501,0.00197,0.00283,0.00463,0.00205,0.00330,0.00521,0.00441,0.00415,0.11552,0.11785,0.68578
0.00330,0.02310,0.00440,0.00991,0.00230,0.00352,0.03172,0.00421,0.01260,0.00338,0.02734,0.00422,0.00278,0.00255,0.00199,0.00583,0.00509,0.41977,0.42666,0.00533
0.00823,0.08460,0.00657,0.00993,0.01754,0.01245,0.07464,0.01246,0.01016,0.01293,0.00309,0.18209,0.01194,0.18019,0.35867,0.00303,0.00236,0.00275,0.00265,0.00373
0.03022,0.05065,0.02454,0.02132,0.25390,0.03592,0.01527,0.24331,0.00696,0.01125,0.00342,0.00648,0.00469,0.07526,0.06709,0.00851,0.00389,0.05623,0.06472,0.01639
0.00490,0.01223,0.00596,0.00459,0.00555,0.36188,0.35255,0.02185,0.00484,0.00673,0.00837,0.00539,0.00694,0.00867,0.01362,0.00869,0.00669,0.01131,0.03607,0.11317
0.01143,0.01629,0.35374,0.02003,0.03367,0.00799,0.38806,0.01217,0.01099,0.01239,0.03093,0.03194,0.01648,0.00441,0.00959,0.00802,0.00375,0.00822,0.00567,0.01424
0.00465,0.00188,0.00291,0.00193,0.45937,0.46640,0.00363,0.00172,0.00214,0.00154,0.00298,0.02170,0.00352,0.00231,0.00390,0.00129,0.00234,0.00192,0.00169,0.01216
0.00634,0.00282,0.00238,0.00261,0.01767,0.00778,0.03934,0.02507,0.00416,0.01847,0.00945,0.42848,0.00319,0.00670,0.02384,0.00537,0.38811,0.00201,0.00132,0.00489
0.42201,0.01039,0.00232,0.00344,0.00952,0.44177,0.00310,0.00335,0.02792,0.00331,0.00306,0.01119,0.00750,0.02080,0.01533,0.00338,0.00155,0.00371,0.00140,0.00497
0.43206,0.00788,0.00801,0.00378,0.00504,0.03182,0.04896,0.00896,0.00799,0.00704,0.00279,0.00593,0.02581,0.09262,0.00712,0.00292,0.09918,0.01712,0.00850,0.17644
0.00787,0.02622,0.00760,0.01385,0.00367,0.00510,0.00561,0.00457,0.00570,0.00353,0.00169,0.25635,0.00711,0.03298,0.22169,0.00301,0.04561,0.00758,0.00565,0.33461
0.00730,0.01399,0.00286,0.00656,0.00170,0.01853,0.00765,0.00426,0.03889,0.00921,0.01507,0.01763,0.01053,0.40236,0.02033,0.01295,0.39596,0.00503,0.00484,0.00432
0.00374,0.01897,0.00328,0.00662,0.00269,0.00604,0.00843,0.00622,0.00379,0.00548,0.27100,0.00646,0.03296,0.15102,0.15327,0.26868,0.00165,0.00707,0.00405,0.03860
0.12958,0.00989,0.01503,0.00989,0.01120,0.11819,0.08262,0.00336,0.00754,0.02008,0.00170,0.02092,0.00812,0.01009,0.02905,0.00311,0.00896,0.24324,0.25864,0.00878
0.31220,0.00418,0.01138,0.00771,0.00689,0.32097,0.00321,0.00633,0.00507,0.00219,0.01223,0.00861,0.00562,0.01521,0.02669,0.00998,0.00332,0.11165,0.12526,0.00131
0.00529,0.00644,0.01311,0.01786,0.01851,0.14611,0.14796,0.01081,0.00484,0.00667,0.00830,0.00308,0.00727,0.00561,0.00604,0.00155,0.00297,0.16126,0.15994,0.26639
0.00787,0.00859,0.01314,0.01944,0.01605,0.03004,0.02911,0.00753,0.07578,0.02111,0.01026,0.00646,0.01524,0.21152,0.00644,0.00577,0.18628,0.16583,0.14830,0.01524
0.00311,0.05138,0.00770,0.00838,0.05854,0.06445,0.07902,0.02379,0.06651,0.01145,0.01073,0.00589,0.01154,0.04481,0.00275,0.00444,0.04194,0.00807,0.01221,0.48327
0.00328,0.01164,0.00636,0.00565,0.00833,0.00839,0.00421,0.00682,0.00643,0.01034,0.43750,0.00924,0.01301,0.00886,0.00426,0.44238,0.00722,0.00191,0.00152,0.00263
0.02440,0.03598,0.00412,0.03095,0.02758,0.29214,0.32316,0.00940,0.00529,0.01397,0.09417,0.00942,0.00258,0.00572,0.00275,0.09104,0.00625,0.00448,0.00499,0.01163
0.00690,0.42018,0.00349,0.00736,0.01034,0.00967,0.43218,0.00461,0.00811,0.00466,0.02603,0.00442,0.00156,0.00836,0.00623,0.02175,0.00691,0.00435,0.00787,0.00500
0.00707,0.08101,0.00690,0.00563,0.00904,0.00761,0.07119,0.00450,0.00535,0.00578,0.10990,0.00406,0.03081,0.00408,0.00417,0.09908,0.00649,0.00264,0.00313,0.53158
0.01160,0.01685,0.02954,0.01501,0.00279,0.02026,0.01567,0.01620,0.00333,0.02483,0.00766,0.41465,0.00333,0.00438,0.37321,0.01028,0.00253,0.01165,0.00935,0.00686
0.00695,0.00741,0.01438,0.00537,0.01043,0.03636,0.00931,0.00495,0.01359,0.00479,0.00754,0.00514,0.00376,0.24898,0.24036,0.00923,0.00367,0.00412,0.00301,0.36065
0.01007,0.41280,0.00724,0.40622,0.01580,0.00696,0.01455,0.00254,0.00499,0.00329,0.00327,0.00288,0.03109,0.02614,0.02499,0.00510,0.00630,0.00296,0.00866,0.00417
0.00457,0.00476,0.00553,0.00795,0.00537,0.41735,0.01495,0.00997,0.42375,0.00857,0.00808,0.02208,0.01140,0.01416,0.00223,0.00780,0.01125,0.00842,0.00877,0.00305
0.04406,0.01624,0.01352,0.00660,0.00733,0.02365,0.00561,0.01861,0.00245,0.00454,0.39671,0.00553,0.01535,0.00946,0.00805,0.40357,0.00331,0.00669,0.00425,0.00447
0.00529,0.01149,0.00629,0.00472,0.00501,0.02466,0.00989,0.00502,0.00712,0.00798,0.03426,0.41997,0.01400,0.00234,0.39915,0.03282,0.00248,0.00192,0.00334,0.00227
0.00786,0.01039,0.01059,0.00246,0.00433,0.30371,0.01578,0.01059,0.31645,0.00426,0.13196,0.01040,0.00810,0.00260,0.00400,0.14023,0.00285,0.00335,0.00559,0.00450
0.01580,0.35531,0.00720,0.00840,0.04335,0.02861,0.35373,0.01941,0.01096,0.00943,0.06220,0.00517,0.01126,0.00887,0.01061,0.02049,0.00309,0.01509,0.00902,0.00202
