0.02272,0.03183,0.03658,0.03832,0.02322,0.06090,0.12385,0.18750,0.29531,0.17976
0.04884,0.04612,0.06228,0.06784,0.04411,0.11093,0.16868,0.12457,0.19076,0.13587
0.04171,0.06666,0.04656,0.09633,0.04793,0.11351,0.16247,0.20352,0.07227,0.14903
0.01303,0.02032,0.02121,0.01949,0.01934,0.28701,0.14835,0.25551,0.01759,0.19814
0.02686,0.03694,0.04492,0.04896,0.02796,0.06893,0.13120,0.13312,0.34824,0.13287
0.03425,0.04839,0.04429,0.06060,0.04391,0.07175,0.10269,0.10851,0.39641,0.08917
0.06211,0.06749,0.06834,0.09309,0.06347,0.09749,0.06271,0.20126,0.12680,0.15723
0.03523,0.04283,0.08053,0.03588,0.04493,0.16866,0.03946,0.21453,0.03802,0.29993
0.01267,0.01869,0.40120,0.02605,0.01756,0.09508,0.21211,0.09785,0.04155,0.07724
0.04594,0.06190,0.10889,0.12656,0.04577,0.04766,0.04903,0.23825,0.08978,0.18622
0.01200,0.01538,0.02050,0.02146,0.01410,0.01833,0.02104,0.50925,0.04559,0.32235
0.07849,0.06474,0.11757,0.06080,0.05893,0.10210,0.06520,0.19824,0.08307,0.17086
0.02943,0.04696,0.07052,0.09440,0.04306,0.03149,0.03849,0.29557,0.12386,0.22623
0.05011,0.07896,0.06065,0.06883,0.06852,0.08218,0.06979,0.25975,0.05517,0.20603
0.05014,0.11360,0.16511,0.11003,0.06511,0.08026,0.09484,0.05252,0.22347,0.04491
0.02363,0.02698,0.03590,0.02691,0.02607,0.21674,0.04901,0.25807,0.04732,0.28935
0.01923,0.02348,0.03475,0.02478,0.02154,0.14386,0.28233,0.18916,0.07420,0.18669
0.01669,0.02539,0.03565,0.03533,0.02461,0.04055,0.06154,0.16288,0.49225,0.10512
0.10463,0.14206,0.13156,0.11832,0.11768,0.08790,0.06732,0.10694,0.03777,0.08583
0.13784,0.10630,0.12476,0.06604,0.12165,0.11881,0.04909,0.06110,0.15835,0.05606
0.02516,0.03450,0.03288,0.03096,0.03177,0.09443,0.10077,0.27985,0.10619,0.26347
0.04659,0.05530,0.10430,0.08474,0.06093,0.05613,0.03260,0.27424,0.04181,0.24336
0.02784,0.03223,0.04467,0.04119,0.03480,0.14449,0.37827,0.10485,0.08905,0.10259
0.02254,0.03253,0.03511,0.04148,0.03549,0.12521,0.09561,0.34717,0.03569,0.22917
0.03795,0.04910,0.07229,0.05767,0.04597,0.08887,0.15645,0.14239,0.23355,0.11575
0.02848,0.03972,0.05837,0.04168,0.03463,0.09670,0.19716,0.21824,0.09034,0.19468
0.03550,0.04545,0.04263,0.07820,0.05406,0.16755,0.10442,0.25672,0.03282,0.18265
0.02780,0.03202,0.04409,0.05387,0.03482,0.16973,0.19902,0.19334,0.07955,0.16576
0.03337,0.04599,0.08809,0.05791,0.04396,0.11425,0.16075,0.24075,0.05250,0.16243
0.01788,0.02464,0.02768,0.02529,0.02474,0.02462,0.02590,0.13858,0.56129,0.12940
0.03310,0.04381,0.06741,0.04058,0.03692,0.45909,0.07373,0.09691,0.03746,0.11099
0.03311,0.05170,0.05875,0.07645,0.05075,0.10089,0.20626,0.12065,0.20204,0.09939
0.01731,0.03200,0.07536,0.06661,0.03303,0.07288,0.18450,0.29386,0.04088,0.18357
0.03306,0.06796,0.09447,0.20269,0.04696,0.18296,0.05766,0.13785,0.02886,0.14755
0.03011,0.02848,0.38779,0.03402,0.02575,0.10395,0.03961,0.15173,0.03981,0.15875
0.01631,0.02854,0.03843,0.03520,0.02356,0.01644,0.01784,0.45790,0.09400,0.27178
0.02965,0.03330,0.09812,0.04619,0.03243,0.28618,0.04974,0.19329,0.02423,0.20686
0.03552,0.07560,0.02984,0.14482,0.05420,0.07475,0.13841,0.11602,0.23689,0.09396
0.01530,0.02230,0.02829,0.03121,0.02078,0.03982,0.09730,0.04975,0.65179,0.04345
0.09354,0.08521,0.20637,0.07205,0.08865,0.04552,0.03455,0.08728,0.20002,0.08683
0.03032,0.04362,0.05865,0.07538,0.04174,0.08436,0.12120,0.08700,0.37655,0.08116
0.04113,0.05954,0.08458,0.06342,0.04409,0.13634,0.26610,0.09260,0.13219,0.08001
0.03369,0.04537,0.03151,0.05530,0.03630,0.16573,0.11346,0.19343,0.12630,0.19890
0.03088,0.04660,0.03435,0.06285,0.04247,0.09885,0.13615,0.13393,0.29080,0.12314
0.04698,0.12171,0.32844,0.10292,0.08517,0.05129,0.02805,0.08688,0.04463,0.10393
0.11309,0.11858,0.20118,0.08460,0.10133,0.07949,0.05072,0.06395,0.12716,0.05989
0.04187,0.04099,0.04149,0.03566,0.03337,0.05226,0.05693,0.21259,0.26527,0.21958
0.02370,0.06131,0.02888,0.12360,0.14320,0.02828,0.04333,0.22054,0.16261,0.16456
0.04138,0.06175,0.04942,0.05663,0.05326,0.12448,0.12794,0.16440,0.15274,0.16801
0.02709,0.03706,0.05684,0.04219,0.03098,0.06393,0.14044,0.18265,0.28390,0.13492
0.01754,0.02697,0.02717,0.03344,0.02386,0.38149,0.22582,0.13217,0.02320,0.10834
0.02214,0.03130,0.03282,0.03450,0.02535,0.17017,0.12102,0.27429,0.03518,0.25323
0.01078,0.01823,0.03799,0.01926,0.01317,0.01456,0.01895,0.55728,0.10888,0.20089
0.06903,0.08683,0.12397,0.10635,0.07712,0.15033,0.19592,0.05985,0.07837,0.05223
0.01821,0.02528,0.03802,0.03754,0.02610,0.05852,0.16484,0.23168,0.22214,0.17768
0.06239,0.07705,0.06493,0.09532,0.07062,0.12964,0.06858,0.10769,0.22637,0.09741
0.03824,0.04477,0.04743,0.04961,0.04174,0.36100,0.11299,0.12740,0.04325,0.13357
0.02755,0.04262,0.03580,0.04361,0.03574,0.10137,0.10966,0.26703,0.14920,0.18741
0.02814,0.04060,0.04777,0.04457,0.03264,0.12135,0.28706,0.12898,0.14732,0.12159
0.01989,0.03056,0.03195,0.03855,0.02436,0.26613,0.08945,0.25845,0.03808,0.20258
0.03304,0.05057,0.04302,0.03971,0.04269,0.07920,0.04639,0.24344,0.16539,0.25656
0.05205,0.05575,0.08819,0.19052,0.07470,0.03580,0.02677,0.15423,0.18537,0.13662
0.07870,0.06923,0.06654,0.08517,0.07115,0.06485,0.07657,0.13885,0.22858,0.12036
0.03054,0.03173,0.03682,0.03574,0.03514,0.18951,0.29255,0.13648,0.07934,0.13216
0.03668,0.05098,0.06413,0.06036,0.04204,0.07832,0.14395,0.05234,0.42675,0.04445
0.06354,0.06524,0.05820,0.08892,0.05463,0.04245,0.06402,0.06315,0.44535,0.05450
0.05230,0.08730,0.07409,0.10151,0.10565,0.04568,0.03948,0.12645,0.24538,0.12215
0.02562,0.02956,0.03710,0.03301,0.02578,0.06642,0.07714,0.18708,0.36615,0.15215
0.06111,0.09834,0.08327,0.17032,0.16397,0.07062,0.06074,0.09283,0.12378,0.07501
0.04236,0.05572,0.05264,0.06329,0.04472,0.06600,0.07609,0.09468,0.42555,0.07897
0.02216,0.02616,0.02793,0.02652,0.02773,0.06422,0.07508,0.09006,0.55863,0.08151
0.03973,0.06133,0.03827,0.09511,0.06737,0.09594,0.08084,0.14826,0.24951,0.12364
0.01217,0.01752,0.02167,0.01974,0.01445,0.07588,0.41468,0.11454,0.20438,0.10496
0.01442,0.02105,0.02589,0.02055,0.01689,0.04785,0.06549,0.37685,0.10986,0.30112
0.02086,0.02745,0.03375,0.02684,0.02073,0.09445,0.48769,0.06793,0.15855,0.06175
0.01221,0.01680,0.02571,0.02229,0.01452,0.07246,0.18682,0.28241,0.21417,0.15262
0.01908,0.02736,0.02336,0.03379,0.02312,0.31366,0.25872,0.13274,0.03579,0.13239
0.04563,0.13271,0.42526,0.09506,0.07669,0.02279,0.01824,0.06257,0.04883,0.07222
0.01761,0.02597,0.02591,0.02948,0.02138,0.23681,0.33829,0.14113,0.04615,0.11727
0.02549,0.03470,0.04018,0.04421,0.03357,0.49624,0.13624,0.08271,0.03255,0.07410
0.06008,0.12579,0.09253,0.04397,0.08443,0.07095,0.03852,0.15179,0.14233,0.18960
0.02052,0.02965,0.06592,0.03593,0.02614,0.07136,0.18833,0.18170,0.23035,0.15010
0.03996,0.04620,0.04710,0.05032,0.04492,0.06819,0.07572,0.09600,0.44526,0.08632
0.08353,0.12664,0.09255,0.09516,0.08780,0.13390,0.08136,0.11389,0.07196,0.11321
0.02077,0.02585,0.02908,0.02547,0.02200,0.01854,0.02142,0.14588,0.54312,0.14787
0.01392,0.01636,0.02834,0.01891,0.01477,0.01581,0.01793,0.36676,0.19996,0.30723
0.01428,0.02226,0.05530,0.02529,0.01965,0.06637,0.25379,0.21538,0.14956,0.17813
0.03210,0.03499,0.05754,0.04713,0.03848,0.38254,0.05285,0.13953,0.04007,0.17477
0.03275,0.03974,0.04608,0.04293,0.03236,0.09431,0.27488,0.09698,0.23475,0.10523
0.06607,0.20266,0.05949,0.08980,0.06311,0.05197,0.07381,0.11244,0.18451,0.09612
0.04054,0.04382,0.12323,0.04307,0.04515,0.07640,0.04951,0.21190,0.12857,0.23782
0.04264,0.05359,0.05720,0.05749,0.04449,0.07616,0.09366,0.20895,0.15120,0.21462
0.03380,0.03986,0.04460,0.04043,0.04306,0.07962,0.13877,0.27620,0.10257,0.20108
0.03816,0.06323,0.07318,0.06331,0.05104,0.39518,0.15104,0.06814,0.04216,0.05457
0.05139,0.06935,0.07470,0.05578,0.05428,0.14987,0.10507,0.16010,0.14168,0.13777
0.03117,0.08040,0.04625,0.05417,0.04746,0.08959,0.17579,0.15988,0.17307,0.14222
0.03498,0.05334,0.06810,0.05501,0.03848,0.08822,0.10102,0.14752,0.30046,0.11287
0.02026,0.04037,0.03724,0.03396,0.02422,0.06352,0.11892,0.33034,0.04946,0.28169
0.02980,0.04237,0.03816,0.03805,0.03732,0.04230,0.04893,0.10479,0.52127,0.09700
0.02873,0.02875,0.03512,0.02983,0.03313,0.16744,0.16531,0.05234,0.40825,0.05110
