0.05609,0.05753,0.06119,0.06289,0.06130,0.08913,0.07922,0.20303,0.13436,0.19527
0.02603,0.03231,0.03571,0.03291,0.02931,0.06252,0.06357,0.16371,0.39312,0.16081
0.04311,0.16424,0.15030,0.16111,0.07415,0.12648,0.11978,0.07037,0.02034,0.07012
0.03219,0.02876,0.02632,0.02993,0.03668,0.16891,0.14497,0.24436,0.05852,0.22935
0.06576,0.08680,0.08101,0.07637,0.07377,0.07799,0.10339,0.07799,0.28593,0.07098
0.06467,0.07338,0.09984,0.12233,0.08012,0.02734,0.03303,0.23582,0.05875,0.20472
0.04102,0.04971,0.04317,0.03703,0.05163,0.04758,0.06004,0.12573,0.41977,0.12432
0.03805,0.14062,0.13836,0.13184,0.05388,0.05199,0.05077,0.14738,0.10494,0.14218
0.03731,0.04968,0.05847,0.05343,0.04024,0.13758,0.20336,0.13136,0.16389,0.12468
0.05697,0.05492,0.05189,0.05070,0.05799,0.11593,0.12684,0.07864,0.33238,0.07375
0.07174,0.11776,0.17666,0.08555,0.08511,0.17488,0.06627,0.08009,0.06425,0.07770
0.02153,0.02977,0.03475,0.02900,0.03142,0.18917,0.19766,0.16601,0.14782,0.15286
0.02272,0.02004,0.02885,0.08611,0.02720,0.18335,0.33100,0.09766,0.11061,0.09246
0.04649,0.11768,0.06347,0.07669,0.07239,0.07927,0.08739,0.15965,0.15046,0.14651
0.03669,0.04374,0.04741,0.07236,0.05208,0.06753,0.09943,0.22125,0.15052,0.20900
0.03280,0.03930,0.03999,0.05146,0.03960,0.27143,0.25711,0.10245,0.06469,0.10118
0.05635,0.05121,0.06610,0.07974,0.06022,0.06579,0.06091,0.16005,0.25478,0.14486
0.02647,0.03474,0.03681,0.03801,0.03377,0.03977,0.03991,0.34414,0.09237,0.31402
0.02234,0.02560,0.02441,0.03653,0.01992,0.11065,0.16573,0.25535,0.09354,0.24594
0.05493,0.06799,0.06947,0.06926,0.06716,0.08311,0.08843,0.19790,0.12212,0.17963
0.01492,0.01519,0.01824,0.01691,0.01494,0.03293,0.04165,0.41404,0.06575,0.36543
0.02473,0.03302,0.04038,0.03267,0.02564,0.05481,0.05689,0.26440,0.21300,0.25447
0.03013,0.03874,0.04456,0.04491,0.03547,0.06169,0.07177,0.28802,0.12377,0.26093
0.03175,0.03661,0.04430,0.03784,0.03093,0.05666,0.07115,0.19882,0.31036,0.18158
0.03876,0.04839,0.03034,0.03184,0.04171,0.04576,0.04958,0.15160,0.42338,0.13862
0.03695,0.03567,0.04036,0.06767,0.04411,0.09666,0.16432,0.15852,0.21630,0.13945
0.10712,0.13818,0.16745,0.15775,0.08355,0.05855,0.04565,0.09455,0.05400,0.09320
0.02085,0.02345,0.02049,0.02686,0.02587,0.32004,0.32716,0.09383,0.04904,0.09241
0.07657,0.09544,0.11752,0.12522,0.09128,0.05367,0.05151,0.09818,0.20088,0.08972
0.04321,0.07805,0.03910,0.09508,0.07546,0.13839,0.13631,0.13037,0.14547,0.11855
0.03420,0.03326,0.03880,0.04330,0.03607,0.06896,0.06470,0.26818,0.14972,0.26280
0.02942,0.04048,0.02777,0.04225,0.03829,0.13686,0.11858,0.25645,0.06319,0.24670
0.03369,0.04199,0.04544,0.04138,0.03842,0.12956,0.17107,0.15846,0.19293,0.14706
0.03984,0.05105,0.05657,0.05889,0.04857,0.11720,0.15674,0.16999,0.14823,0.15292
0.04768,0.03480,0.04015,0.03735,0.04661,0.09621,0.11295,0.23913,0.11503,0.23010
0.02647,0.03539,0.03642,0.04134,0.02877,0.04741,0.05663,0.29610,0.15379,0.27767
0.01735,0.02282,0.02243,0.03023,0.02068,0.04795,0.07375,0.31089,0.16201,0.29190
0.02689,0.02741,0.03308,0.05942,0.03193,0.17875,0.26963,0.10287,0.16786,0.10216
0.02686,0.02902,0.03185,0.02812,0.02706,0.18596,0.21141,0.11418,0.24259,0.10294
0.03685,0.04454,0.04905,0.04406,0.04441,0.12088,0.12851,0.18996,0.16495,0.17679
0.11365,0.09624,0.07531,0.10298,0.11119,0.06013,0.05512,0.07475,0.23964,0.07099
0.05753,0.10158,0.11449,0.06074,0.07177,0.20214,0.13492,0.08900,0.07508,0.09272
0.02932,0.04094,0.04497,0.03949,0.03486,0.04183,0.04816,0.30884,0.12635,0.28523
0.06740,0.07121,0.24609,0.05302,0.07806,0.09858,0.04298,0.16672,0.02584,0.15011
0.02952,0.03865,0.04601,0.03663,0.03162,0.11503,0.05468,0.31139,0.03773,0.29872
0.02159,0.03094,0.02789,0.03584,0.02854,0.12048,0.13119,0.25926,0.09663,0.24765
0.04416,0.05146,0.03798,0.05685,0.04275,0.15442,0.16527,0.16460,0.12610,0.15641
0.02386,0.02875,0.02771,0.02454,0.02634,0.18484,0.25609,0.14519,0.14578,0.13691
0.01434,0.01649,0.01722,0.01878,0.01545,0.10474,0.21094,0.04359,0.51942,0.03905
0.03458,0.04762,0.06441,0.05073,0.04143,0.04880,0.06407,0.19001,0.27702,0.18133
0.08247,0.10963,0.16657,0.15846,0.05100,0.03776,0.03442,0.16336,0.05411,0.14223
0.03143,0.03581,0.03526,0.03398,0.03539,0.07784,0.07799,0.28603,0.12286,0.26342
0.02973,0.02769,0.03345,0.04409,0.03353,0.08717,0.11172,0.24254,0.15609,0.23398
0.01930,0.02696,0.03305,0.04631,0.02269,0.21067,0.30832,0.10047,0.12957,0.10266
0.04137,0.03870,0.04266,0.03598,0.03108,0.06854,0.07766,0.25755,0.16406,0.24240
0.04471,0.05264,0.05723,0.05176,0.04753,0.16063,0.14174,0.19835,0.06468,0.18072
0.02565,0.03445,0.03499,0.04470,0.03264,0.03699,0.04915,0.30683,0.15535,0.27926
0.03088,0.04081,0.04930,0.03958,0.03556,0.17398,0.16525,0.19324,0.08207,0.18932
0.04122,0.03763,0.04475,0.05460,0.04589,0.18853,0.23160,0.09245,0.16854,0.09478
0.03404,0.04161,0.04931,0.05577,0.03839,0.03820,0.04797,0.08347,0.53151,0.07974
0.02972,0.03819,0.05130,0.04527,0.03816,0.12430,0.12534,0.21264,0.12690,0.20819
0.02311,0.05023,0.05479,0.05356,0.02605,0.06312,0.07398,0.30055,0.08114,0.27348
0.06436,0.16657,0.10358,0.11737,0.10719,0.08722,0.10261,0.09167,0.07259,0.08683
0.04889,0.07196,0.05960,0.06270,0.04558,0.08836,0.11839,0.20381,0.11324,0.18747
0.02918,0.03962,0.04222,0.04952,0.03077,0.03946,0.05809,0.23265,0.26335,0.21512
0.02151,0.03065,0.02787,0.03376,0.03114,0.03783,0.05384,0.18211,0.41081,0.17046
0.02062,0.03037,0.05223,0.04362,0.02410,0.04639,0.03152,0.34209,0.06382,0.34525
0.01980,0.02713,0.03124,0.02749,0.02686,0.31457,0.30125,0.09454,0.06436,0.09277
0.06784,0.09389,0.12823,0.11553,0.06085,0.09123,0.10926,0.10688,0.12610,0.10019
0.04067,0.05616,0.05409,0.04965,0.05161,0.14393,0.16131,0.06238,0.32186,0.05833
0.02657,0.06186,0.07174,0.05123,0.03773,0.05261,0.06919,0.12919,0.36534,0.13455
0.03550,0.05115,0.03324,0.04843,0.04429,0.06986,0.07511,0.19207,0.26327,0.18709
0.01828,0.03785,0.09417,0.05565,0.02724,0.05542,0.07327,0.28823,0.08169,0.26821
0.03701,0.04802,0.06294,0.05219,0.04687,0.26357,0.23439,0.10264,0.04850,0.10387
0.04488,0.05158,0.05048,0.04832,0.04784,0.05807,0.08889,0.08830,0.43360,0.08803
0.02181,0.03031,0.03780,0.03083,0.02525,0.07370,0.12265,0.17310,0.32329,0.16124
0.01584,0.01970,0.02371,0.02134,0.01765,0.09780,0.08202,0.34897,0.04203,0.33094
0.03234,0.04633,0.02583,0.05954,0.04639,0.09023,0.13688,0.22928,0.11568,0.21750
0.02908,0.03878,0.02993,0.03231,0.03186,0.05238,0.05855,0.26053,0.20767,0.25891
0.05122,0.06541,0.05921,0.05264,0.06372,0.14981,0.15093,0.16773,0.09032,0.14901
0.01656,0.02178,0.01931,0.02555,0.02102,0.03965,0.04583,0.38754,0.05869,0.36407
0.02219,0.03960,0.03056,0.03337,0.03043,0.11614,0.20833,0.06820,0.38914,0.06204
0.04838,0.06267,0.05581,0.05603,0.05803,0.12656,0.09765,0.19211,0.11442,0.18835
0.03987,0.04111,0.03933,0.04222,0.03061,0.13897,0.15978,0.19107,0.12494,0.19211
0.01918,0.02294,0.02257,0.02197,0.02269,0.02590,0.03453,0.35280,0.12977,0.34766
0.02831,0.04079,0.05982,0.05369,0.03644,0.17938,0.22448,0.13461,0.10677,0.13571
0.02478,0.04612,0.02363,0.05631,0.04381,0.16024,0.22537,0.17012,0.08189,0.16773
0.03887,0.04457,0.04537,0.04484,0.04594,0.05466,0.07292,0.13374,0.38078,0.13831
0.02666,0.03402,0.03630,0.04024,0.03263,0.02458,0.02622,0.33588,0.11754,0.32592
0.02772,0.02376,0.02940,0.02928,0.03123,0.04536,0.08888,0.04731,0.63861,0.03844
0.02071,0.03339,0.05944,0.03516,0.02250,0.09201,0.17148,0.10196,0.36881,0.09454
0.01256,0.01503,0.02116,0.01798,0.01632,0.08046,0.07862,0.35772,0.03984,0.36031
0.05801,0.06304,0.06724,0.06481,0.05776,0.08965,0.07913,0.23228,0.07116,0.21692
0.04313,0.05575,0.04181,0.04814,0.04831,0.04479,0.04853,0.21312,0.25990,0.19652
0.03780,0.04149,0.04784,0.05612,0.03916,0.06647,0.07145,0.25638,0.12826,0.25503
0.02744,0.03044,0.04832,0.03170,0.02700,0.15798,0.14313,0.26184,0.03047,0.24167
0.02825,0.03005,0.03424,0.02943,0.02890,0.06981,0.08872,0.14934,0.38853,0.15272
0.02179,0.07047,0.07517,0.07006,0.03013,0.04809,0.03774,0.30814,0.04923,0.28919
0.02816,0.03065,0.03638,0.03027,0.03351,0.05636,0.05969,0.22124,0.29130,0.21244
0.03000,0.03628,0.03697,0.03823,0.03464,0.16763,0.24816,0.08462,0.23996,0.08351
0.07345,0.05061,0.07782,0.14868,0.09167,0.21968,0.09163,0.10459,0.02664,0.11523
0.02245,0.01934,0.02735,0.04713,0.02197,0.17129,0.29772,0.09667,0.20920,0.08687
0.04019,0.04068,0.03908,0.04161,0.04793,0.10344,0.10036,0.23183,0.12469,0.23019
0.02278,0.02724,0.02431,0.02907,0.02609,0.12721,0.10372,0.28202,0.06578,0.29178
0.06230,0.05619,0.06051,0.05169,0.05870,0.03666,0.03901,0.17968,0.27435,0.18091
0.04199,0.05846,0.07020,0.05854,0.04699,0.14462,0.15433,0.09668,0.24082,0.08737
0.01709,0.05003,0.15742,0.07734,0.03010,0.02557,0.03703,0.27421,0.06086,0.27035
0.03684,0.06149,0.03076,0.07960,0.05478,0.15210,0.21789,0.11311,0.15443,0.09900
0.02074,0.03154,0.02879,0.02638,0.02524,0.09200,0.10554,0.18389,0.31067,0.17521
0.01807,0.02777,0.03324,0.03002,0.02066,0.03833,0.04085,0.35431,0.10396,0.33280
0.01423,0.02241,0.03390,0.02431,0.01440,0.06654,0.13612,0.11157,0.48495,0.09157
0.03012,0.03990,0.03141,0.03943,0.03383,0.19707,0.18934,0.19284,0.06440,0.18165
0.02288,0.03563,0.04140,0.03457,0.02710,0.14639,0.22901,0.09890,0.27676,0.08736
0.03988,0.05575,0.04349,0.04728,0.04934,0.06380,0.05541,0.25207,0.14815,0.24483
0.03317,0.03768,0.03662,0.03388,0.04157,0.18226,0.24495,0.13373,0.12922,0.12691
0.03639,0.04855,0.05005,0.03869,0.04402,0.11219,0.12303,0.18780,0.18045,0.17884
0.03493,0.04450,0.04357,0.04054,0.03717,0.03801,0.05185,0.14554,0.41637,0.14752
0.03381,0.03318,0.03636,0.02842,0.03254,0.09813,0.09655,0.14120,0.37549,0.12432
0.08412,0.09547,0.11639,0.11187,0.11626,0.13311,0.13310,0.07071,0.07248,0.06648
0.01659,0.02146,0.01953,0.02001,0.01677,0.23596,0.23690,0.19661,0.04586,0.19032
0.02418,0.04854,0.12282,0.06939,0.03611,0.02846,0.03550,0.25670,0.14720,0.23110
0.03713,0.03843,0.03187,0.03682,0.03237,0.16707,0.23653,0.14038,0.14352,0.13588
0.05425,0.06741,0.11262,0.06723,0.06094,0.08461,0.06759,0.16838,0.15578,0.16119
0.03148,0.03578,0.03716,0.03921,0.03234,0.04814,0.05352,0.29623,0.14344,0.28270
0.02964,0.03348,0.04021,0.03891,0.03265,0.06030,0.06606,0.28360,0.15390,0.26124
0.04812,0.06001,0.09812,0.07231,0.05524,0.10320,0.14202,0.07262,0.27337,0.07498
0.05867,0.06619,0.08394,0.08995,0.06038,0.17708,0.14434,0.13613,0.04040,0.14291
0.02242,0.02817,0.03617,0.03799,0.02181,0.07165,0.10214,0.29910,0.10810,0.27244
0.04648,0.06413,0.03390,0.07938,0.05900,0.05194,0.06413,0.27705,0.05973,0.26426
0.07389,0.06796,0.06910,0.05936,0.06561,0.02239,0.02509,0.20597,0.20419,0.20646
0.02750,0.03256,0.03382,0.02999,0.02882,0.06452,0.08149,0.29000,0.13857,0.27272
0.07146,0.05343,0.07328,0.13631,0.08386,0.16797,0.04069,0.15548,0.04437,0.17313
0.03157,0.10641,0.10200,0.08200,0.04355,0.12734,0.11868,0.18084,0.03647,0.17113
0.02002,0.04093,0.04152,0.03467,0.02664,0.03415,0.03594,0.29988,0.17481,0.29145
0.02012,0.04273,0.04900,0.03636,0.02298,0.19653,0.20297,0.18419,0.07323,0.17189
0.04599,0.05904,0.06516,0.06048,0.04418,0.11464,0.12890,0.18765,0.11225,0.18172
0.04345,0.06766,0.07666,0.09453,0.04994,0.09064,0.07041,0.23028,0.04942,0.22699
0.00922,0.01422,0.01364,0.01673,0.01085,0.04773,0.10558,0.09643,0.58936,0.09622
0.07493,0.09058,0.03918,0.08837,0.07757,0.11429,0.06036,0.18281,0.08043,0.19149
0.04577,0.06973,0.10593,0.08393,0.05477,0.05296,0.05995,0.17901,0.18355,0.16441
0.03590,0.03496,0.04935,0.03324,0.03000,0.04288,0.04693,0.23109,0.27342,0.22223
0.03712,0.05633,0.06569,0.07100,0.04660,0.05389,0.10084,0.12607,0.33887,0.10360
0.06171,0.06949,0.06825,0.07600,0.07267,0.09292,0.09643,0.14900,0.17569,0.13785
0.03396,0.04174,0.04116,0.03610,0.03345,0.11710,0.11666,0.25882,0.09254,0.22849
0.03633,0.05856,0.03826,0.06694,0.04912,0.13124,0.19854,0.08933,0.25171,0.07998
0.02709,0.03452,0.03643,0.03750,0.02599,0.08481,0.11426,0.23511,0.18336,0.22093
0.02696,0.03077,0.02934,0.04847,0.02452,0.13844,0.25237,0.08559,0.28601,0.07754
0.03183,0.07155,0.19882,0.09686,0.04954,0.07812,0.12699,0.05395,0.24267,0.04967
0.01753,0.02254,0.02453,0.02296,0.02092,0.06619,0.10957,0.24134,0.23110,0.24332
0.04210,0.04458,0.02414,0.04977,0.04406,0.08262,0.04927,0.30086,0.08275,0.27985
0.05349,0.05619,0.06037,0.05131,0.05400,0.09707,0.16735,0.10566,0.25847,0.09609
0.02902,0.02945,0.03277,0.03196,0.03127,0.04610,0.07347,0.21720,0.32053,0.18822
0.04084,0.04998,0.06280,0.04561,0.04418,0.10339,0.09931,0.17461,0.20429,0.17499
0.04040,0.03782,0.03793,0.03499,0.03121,0.04798,0.06012,0.22593,0.28151,0.20211
0.02393,0.03019,0.03484,0.03283,0.02542,0.18148,0.18959,0.18580,0.11995,0.17596
0.02666,0.03110,0.03455,0.03668,0.02989,0.09545,0.09531,0.29625,0.08189,0.27223
0.05047,0.06487,0.09412,0.10382,0.06520,0.10025,0.08959,0.19808,0.03699,0.19660
0.03616,0.04194,0.03603,0.04802,0.03949,0.13996,0.19244,0.11535,0.24900,0.10161
0.05299,0.07003,0.03249,0.07027,0.06420,0.13842,0.07665,0.22953,0.04271,0.22272
0.03911,0.06020,0.05956,0.05978,0.04259,0.07962,0.12747,0.15672,0.24215,0.13280
0.02471,0.03065,0.03040,0.02965,0.02825,0.26646,0.31879,0.06733,0.13661,0.06716
0.04534,0.03832,0.04476,0.05537,0.04551,0.16126,0.11098,0.21127,0.06359,0.22361
0.03933,0.08532,0.07827,0.06206,0.04326,0.09017,0.16016,0.13693,0.17847,0.12603
0.02924,0.04026,0.06888,0.04070,0.03328,0.20443,0.15646,0.19060,0.03820,0.19796
0.02042,0.02283,0.02655,0.02233,0.02043,0.12128,0.14063,0.09148,0.45353,0.08053
0.03677,0.03998,0.04442,0.04063,0.03922,0.21602,0.21539,0.11105,0.15397,0.10255
0.03441,0.04876,0.06316,0.05563,0.03968,0.08261,0.14278,0.14864,0.24151,0.14282
0.03547,0.03992,0.03763,0.04532,0.03440,0.09984,0.09064,0.25688,0.10245,0.25745
0.02225,0.02831,0.02983,0.03043,0.02209,0.18097,0.18580,0.19514,0.11901,0.18617
0.03814,0.04412,0.03893,0.05021,0.04239,0.13796,0.22375,0.08888,0.25634,0.07928
0.03712,0.04503,0.12124,0.03947,0.04490,0.16859,0.12446,0.18999,0.04590,0.18330
0.03133,0.07622,0.22553,0.10778,0.04775,0.04817,0.06292,0.11966,0.16595,0.11468
0.03158,0.04570,0.03984,0.03619,0.03991,0.05407,0.05555,0.26311,0.19958,0.23448
0.02669,0.05104,0.11123,0.08190,0.03743,0.04843,0.05097,0.26702,0.07402,0.25128
0.03920,0.04154,0.04332,0.03744,0.03706,0.15170,0.20974,0.16713,0.12362,0.14925
0.02684,0.03200,0.02947,0.03222,0.03003,0.20948,0.24669,0.14302,0.12074,0.12949
0.03472,0.04313,0.03477,0.04347,0.03986,0.09224,0.12744,0.15041,0.29192,0.14204
0.05983,0.06579,0.11345,0.05082,0.05327,0.11894,0.10568,0.18524,0.07600,0.17098
0.06302,0.09561,0.10535,0.06521,0.07432,0.07977,0.09392,0.09184,0.23860,0.09237
0.04461,0.04938,0.04485,0.04136,0.04745,0.05190,0.05440,0.23452,0.19797,0.23355
0.02091,0.03322,0.02613,0.03638,0.03041,0.13806,0.19146,0.20278,0.12607,0.19459
0.05092,0.04529,0.04954,0.05082,0.05780,0.16168,0.20937,0.09692,0.18388,0.09379
0.03607,0.04259,0.05260,0.05571,0.04157,0.02470,0.02375,0.33729,0.07605,0.30967
0.04661,0.06232,0.07988,0.06046,0.05058,0.12147,0.08873,0.19342,0.09954,0.19699
0.04550,0.05046,0.18434,0.03989,0.04573,0.18447,0.11533,0.12260,0.08164,0.13004
0.02472,0.04277,0.02943,0.05736,0.04389,0.25337,0.23988,0.12229,0.07474,0.11156
0.02836,0.05150,0.04435,0.03882,0.03843,0.05153,0.06421,0.20743,0.28491,0.19046
0.07829,0.09382,0.04870,0.08962,0.05973,0.06236,0.07062,0.22312,0.07842,0.19531
0.03850,0.17455,0.17712,0.13732,0.05068,0.03633,0.06664,0.11061,0.09964,0.10862
0.02062,0.05800,0.05336,0.05013,0.03604,0.28416,0.28367,0.09472,0.02893,0.09038
0.03831,0.05318,0.05323,0.04898,0.04615,0.15273,0.13060,0.17916,0.10273,0.19495
0.03210,0.08248,0.08153,0.08487,0.04101,0.04630,0.04011,0.28147,0.03599,0.27415
0.03155,0.03573,0.05214,0.06766,0.03657,0.07535,0.12355,0.20917,0.17956,0.18871
0.08119,0.07454,0.08651,0.08177,0.07652,0.04315,0.05294,0.10960,0.29889,0.09489
0.06188,0.05686,0.28651,0.04004,0.05942,0.18707,0.05839,0.08007,0.07593,0.09382
0.08123,0.08770,0.22832,0.05380,0.07985,0.10873,0.07317,0.13575,0.03399,0.11748
0.05590,0.08474,0.09686,0.07934,0.06602,0.11443,0.06917,0.20400,0.04104,0.18849
0.02258,0.03376,0.05515,0.05831,0.02539,0.14190,0.15899,0.22450,0.05103,0.22841
0.02103,0.02762,0.03002,0.02551,0.02434,0.10524,0.10214,0.30107,0.07067,0.29237
0.04890,0.04808,0.04910,0.05326,0.04974,0.07217,0.08076,0.16495,0.27874,0.15431
0.07152,0.07844,0.03893,0.07253,0.07812,0.12387,0.07939,0.16778,0.10979,0.17963
0.03882,0.04684,0.03209,0.04844,0.03958,0.10385,0.15975,0.13948,0.26354,0.12760
0.02803,0.02862,0.03868,0.02782,0.02288,0.10118,0.06146,0.32143,0.04235,0.32755
0.05273,0.05337,0.04099,0.04643,0.05436,0.04647,0.04754,0.32218,0.03671,0.29920
0.03154,0.06015,0.06361,0.06074,0.04095,0.10596,0.18483,0.07732,0.30204,0.07286
0.08882,0.07418,0.05011,0.05706,0.07302,0.04899,0.06311,0.07916,0.38497,0.08059
0.02895,0.04028,0.06006,0.06009,0.02656,0.06487,0.07539,0.29056,0.06646,0.28678
0.03646,0.06632,0.03831,0.08310,0.06619,0.17829,0.22596,0.09289,0.12509,0.08739
0.02140,0.02592,0.04311,0.03053,0.02322,0.02069,0.02009,0.35982,0.12825,0.32697
0.08687,0.11066,0.14880,0.11656,0.09344,0.07489,0.06237,0.10748,0.09527,0.10367
0.02868,0.04765,0.10277,0.07653,0.03400,0.17032,0.15851,0.16681,0.05349,0.16124
0.04402,0.06467,0.05346,0.08068,0.06605,0.07165,0.08611,0.19100,0.16387,0.17847
0.01453,0.02025,0.02554,0.01806,0.01565,0.02797,0.04724,0.13610,0.55484,0.13982
0.04113,0.04864,0.10447,0.04828,0.04876,0.09409,0.08343,0.23665,0.07699,0.21758
0.04048,0.03950,0.03745,0.04200,0.05097,0.17684,0.20698,0.10472,0.19957,0.10150
0.02760,0.05384,0.13148,0.06632,0.03534,0.12678,0.16056,0.11694,0.17641,0.10474
0.02240,0.03553,0.04224,0.03379,0.02883,0.10260,0.15209,0.24469,0.11963,0.21819
0.02963,0.03941,0.04551,0.04359,0.04026,0.15255,0.14768,0.19422,0.11505,0.19209
0.07501,0.11648,0.09318,0.10001,0.09730,0.08606,0.09203,0.13714,0.06701,0.13578
0.01535,0.01979,0.01954,0.02154,0.01672,0.16325,0.24473,0.18752,0.13730,0.17427
0.02665,0.03868,0.02446,0.03269,0.03174,0.22341,0.22088,0.18633,0.03642,0.17875
0.04177,0.05212,0.07613,0.05860,0.04953,0.07011,0.07726,0.25465,0.08230,0.23753
0.03185,0.03999,0.03809,0.04214,0.03312,0.23707,0.27065,0.11794,0.08280,0.10635
0.04407,0.05126,0.05544,0.05264,0.04961,0.08627,0.07659,0.27196,0.05508,0.25708
0.02174,0.02939,0.03424,0.02837,0.02476,0.05895,0.06010,0.33348,0.10475,0.30422
0.04927,0.04469,0.05221,0.07194,0.05847,0.07435,0.05318,0.24073,0.13699,0.21816
0.05921,0.07682,0.06029,0.06638,0.06765,0.06136,0.06085,0.14916,0.24737,0.15091
0.03839,0.05752,0.05068,0.06683,0.04313,0.10954,0.19356,0.14043,0.17438,0.12555
0.02963,0.05668,0.13891,0.09261,0.04440,0.18220,0.17103,0.11407,0.05553,0.11491
0.01816,0.02371,0.04302,0.02099,0.01905,0.02049,0.03443,0.11253,0.58768,0.11995
0.01631,0.02065,0.02270,0.02405,0.01711,0.04851,0.05510,0.36322,0.07560,0.35676
0.04850,0.08570,0.08652,0.07829,0.05889,0.14320,0.14167,0.15696,0.05538,0.14489
0.06299,0.07399,0.07025,0.08007,0.05970,0.04246,0.05634,0.20636,0.15658,0.19127
0.03298,0.04875,0.05369,0.05495,0.03974,0.21028,0.19861,0.15809,0.06253,0.14036
0.03186,0.03789,0.06215,0.03743,0.03260,0.14552,0.17714,0.19397,0.09943,0.18201
0.03075,0.07649,0.05631,0.04798,0.05141,0.05827,0.06716,0.25305,0.11846,0.24010
0.08278,0.08731,0.08847,0.09254,0.08051,0.13309,0.06205,0.14100,0.07501,0.15723
0.02587,0.04794,0.03702,0.06823,0.05310,0.19118,0.23831,0.11520,0.10913,0.11403
0.03293,0.08337,0.08087,0.07068,0.03999,0.04617,0.05141,0.24735,0.12192,0.22531
0.01323,0.01884,0.01550,0.01454,0.01420,0.03090,0.02237,0.39947,0.10569,0.36526
0.05586,0.06522,0.03832,0.04999,0.05708,0.05288,0.07117,0.09700,0.41534,0.09714
0.03345,0.04027,0.03131,0.04644,0.03612,0.10321,0.12721,0.22187,0.15640,0.20371
0.02975,0.03119,0.03184,0.03035,0.02572,0.04608,0.05245,0.23941,0.29054,0.22266
0.03195,0.04406,0.05269,0.05419,0.03186,0.04533,0.05091,0.27080,0.16614,0.25208
0.02130,0.02732,0.02621,0.02479,0.02345,0.04515,0.05067,0.36544,0.06479,0.35090
0.03423,0.06563,0.04717,0.04956,0.04610,0.06771,0.09571,0.20186,0.20366,0.18838
0.03324,0.05629,0.05541,0.04832,0.04051,0.06756,0.10582,0.18630,0.24196,0.16460
0.02382,0.03056,0.02861,0.03576,0.02818,0.15567,0.16091,0.25470,0.04175,0.24003
0.04808,0.10463,0.04256,0.17120,0.15442,0.03420,0.03537,0.18686,0.02786,0.19482
0.05406,0.06595,0.07961,0.07495,0.06330,0.13314,0.10196,0.16438,0.09410,0.16855
0.01507,0.02553,0.02891,0.03292,0.01969,0.12758,0.19193,0.24479,0.08498,0.22860
0.02820,0.05296,0.06025,0.05787,0.03854,0.05043,0.05452,0.28697,0.11362,0.25664
0.07258,0.10553,0.14118,0.14914,0.06223,0.02211,0.02688,0.20154,0.03686,0.18194
0.02051,0.03131,0.02003,0.03402,0.02702,0.12333,0.17136,0.19163,0.19632,0.18448
0.03249,0.03738,0.04366,0.03771,0.03097,0.15440,0.14642,0.21614,0.09051,0.21030
0.02406,0.02713,0.02505,0.02187,0.03150,0.06193,0.06111,0.28662,0.18897,0.27177
0.03521,0.05583,0.04683,0.04617,0.04574,0.04905,0.07862,0.09243,0.46155,0.08858
0.04640,0.06652,0.07755,0.08703,0.05541,0.07363,0.05472,0.23423,0.09262,0.21189
0.02356,0.03138,0.03368,0.02752,0.03319,0.25523,0.25223,0.10511,0.14456,0.09354
0.04375,0.05254,0.05596,0.06053,0.04698,0.12848,0.11616,0.22226,0.04887,0.22447
0.01871,0.02626,0.02833,0.02567,0.02189,0.07899,0.15163,0.08819,0.47736,0.08297
0.01900,0.02671,0.02853,0.02368,0.02334,0.17007,0.27087,0.12626,0.19600,0.11553
0.02099,0.03063,0.02933,0.02710,0.02851,0.23753,0.25904,0.09100,0.18628,0.08961
0.04778,0.07699,0.13259,0.05866,0.05877,0.22361,0.13521,0.09609,0.05150,0.11880
0.01608,0.02359,0.02655,0.03698,0.01810,0.21863,0.36934,0.06402,0.17387,0.05283
0.02882,0.03491,0.03576,0.02894,0.03494,0.07785,0.13190,0.06917,0.49484,0.06286
0.01715,0.02136,0.02680,0.02090,0.01825,0.04450,0.04568,0.30798,0.20276,0.29464
0.02083,0.03134,0.02560,0.02587,0.02763,0.29836,0.29287,0.07815,0.12352,0.07583
0.03040,0.12108,0.13037,0.11644,0.04462,0.03731,0.04081,0.20900,0.07798,0.19199
0.04452,0.05669,0.04586,0.06456,0.04777,0.10814,0.08214,0.25208,0.06384,0.23440
0.03765,0.04199,0.06043,0.03666,0.03765,0.10529,0.05477,0.27678,0.04864,0.30015
0.09401,0.12250,0.03959,0.10105,0.10370,0.16704,0.09494,0.11225,0.04298,0.12193
0.02769,0.02989,0.04108,0.03870,0.03163,0.10570,0.19892,0.07355,0.38558,0.06726
0.05109,0.07219,0.07376,0.07855,0.05322,0.08737,0.13140,0.13974,0.19157,0.12111
0.04667,0.07358,0.08075,0.08278,0.05878,0.12927,0.17468,0.09333,0.17885,0.08130
0.06730,0.14512,0.04787,0.23391,0.20691,0.04013,0.04446,0.08280,0.04927,0.08223
0.02281,0.02933,0.03324,0.05199,0.03147,0.07285,0.06777,0.32235,0.03617,0.33202
0.04107,0.05251,0.05271,0.05304,0.05239,0.16189,0.15471,0.19872,0.04661,0.18637
0.03234,0.04033,0.04272,0.03378,0.03282,0.04747,0.06854,0.18403,0.34595,0.17202
0.09200,0.08933,0.22634,0.05945,0.08309,0.08388,0.04362,0.12631,0.06424,0.13173
0.02722,0.03887,0.03384,0.04075,0.03417,0.17581,0.19360,0.15771,0.15097,0.14706
0.03882,0.05571,0.03522,0.07499,0.06738,0.17548,0.15715,0.14845,0.09861,0.14820
0.03591,0.03874,0.04161,0.04346,0.03577,0.05912,0.06594,0.21991,0.26231,0.19724
0.08366,0.08760,0.10579,0.08176,0.09029,0.09338,0.08463,0.10646,0.17037,0.09606
0.02458,0.03477,0.03357,0.02743,0.03022,0.03599,0.04967,0.16121,0.45385,0.14871
0.03479,0.05309,0.04149,0.05914,0.04929,0.11730,0.12102,0.14403,0.24674,0.13311
0.03103,0.04576,0.05132,0.04333,0.03304,0.19865,0.21540,0.13984,0.11287,0.12877
0.03660,0.03662,0.04424,0.07578,0.04126,0.12264,0.21197,0.13936,0.15231,0.13922
0.05103,0.07010,0.04274,0.05255,0.06071,0.03200,0.03643,0.17452,0.31930,0.16062
0.03105,0.03586,0.05427,0.02974,0.02955,0.32745,0.28839,0.07569,0.05322,0.07478
0.03230,0.03979,0.02275,0.02579,0.03497,0.22692,0.23116,0.09172,0.21416,0.08043
0.02833,0.04059,0.05385,0.04410,0.03755,0.06180,0.10783,0.08997,0.45120,0.08479
0.03575,0.05223,0.07079,0.06162,0.04326,0.09723,0.10717,0.19740,0.14494,0.18960
0.06947,0.05128,0.07357,0.09264,0.06754,0.09276,0.05565,0.17552,0.15066,0.17089
0.05555,0.17847,0.08413,0.10244,0.10522,0.02932,0.03631,0.17525,0.06137,0.17195
0.06297,0.06937,0.08539,0.08714,0.07146,0.05105,0.06749,0.18035,0.15962,0.16516
0.04658,0.06727,0.08685,0.07325,0.04593,0.16152,0.07868,0.18101,0.03953,0.21938
0.06030,0.08164,0.12051,0.12025,0.04962,0.08757,0.11021,0.14504,0.09225,0.13260
0.02432,0.03167,0.03840,0.03447,0.02445,0.11763,0.13285,0.23200,0.13856,0.22566
0.06113,0.08224,0.11649,0.09119,0.06857,0.13609,0.10638,0.11232,0.11089,0.11470
