0.00490,0.23668,0.05311,0.33791,0.14180,0.15240,0.07321
0.07314,0.15550,0.00708,0.19673,0.48167,0.05849,0.02739
0.07666,0.29258,0.06333,0.02329,0.46943,0.02107,0.05364
0.00262,0.00213,0.00204,0.00354,0.42373,0.56083,0.00512
0.00371,0.00390,0.00181,0.00834,0.83824,0.01345,0.13055
0.00201,0.00203,0.00147,0.00260,0.40650,0.58221,0.00318
0.12275,0.05110,0.08070,0.00993,0.52269,0.19392,0.01891
0.00410,0.00756,0.00482,0.50890,0.00290,0.00283,0.46889
0.00147,0.00171,0.00210,0.00249,0.55607,0.43132,0.00484
0.01262,0.02630,0.00381,0.01643,0.32110,0.00875,0.61099
0.00964,0.01349,0.00296,0.46845,0.00612,0.00362,0.49573
0.15410,0.04069,0.00827,0.17461,0.36650,0.01982,0.23602
0.00199,0.00302,0.00141,0.00297,0.44163,0.54482,0.00417
0.01407,0.00762,0.85137,0.01624,0.05082,0.04135,0.01854
0.00637,0.24103,0.11223,0.11808,0.07867,0.01039,0.43322
0.01353,0.04116,0.01063,0.28471,0.01054,0.00614,0.63329
0.01136,0.01174,0.01191,0.00640,0.69614,0.24396,0.01848
0.00799,0.52329,0.02003,0.31545,0.06941,0.03258,0.03126
0.05081,0.02494,0.01524,0.51711,0.04996,0.30241,0.03953
0.10899,0.07384,0.09728,0.11586,0.19417,0.32576,0.08410
0.03848,0.12464,0.00415,0.43446,0.06418,0.01734,0.31675
0.00629,0.25345,0.05751,0.41356,0.10342,0.14382,0.02195
0.00781,0.03689,0.39631,0.28049,0.03124,0.01341,0.23386
0.02969,0.37940,0.01795,0.09099,0.02287,0.44175,0.01735
0.00944,0.00937,0.74607,0.02894,0.04874,0.08224,0.07520
0.05144,0.10878,0.11666,0.02868,0.17479,0.49367,0.02599
0.03373,0.10591,0.01979,0.47770,0.21944,0.02228,0.12115
0.17697,0.46467,0.00280,0.23493,0.05004,0.04604,0.02454
0.00255,0.00220,0.00147,0.00291,0.40563,0.58153,0.00370
0.00237,0.00388,0.01064,0.38415,0.00444,0.00340,0.59112
0.00705,0.00496,0.00607,0.00368,0.45619,0.51557,0.00648
0.00808,0.01077,0.00265,0.01315,0.29048,0.00571,0.66917
0.02301,0.66268,0.09079,0.09936,0.01194,0.02256,0.08967
0.01230,0.00712,0.53207,0.01480,0.10238,0.31270,0.01864
0.00302,0.00405,0.75289,0.01048,0.06991,0.14683,0.01282
0.01974,0.12237,0.08109,0.58986,0.01762,0.00564,0.16368
0.04699,0.28105,0.02577,0.30487,0.21934,0.07111,0.05088
0.05692,0.03011,0.01142,0.02676,0.38182,0.45407,0.03889
0.01531,0.01367,0.00263,0.89070,0.01282,0.00804,0.05683
0.02400,0.04161,0.00256,0.04930,0.62377,0.02988,0.22888
0.00202,0.26670,0.03380,0.33257,0.02230,0.01006,0.33254
0.00593,0.00929,0.01417,0.51799,0.08077,0.01543,0.35644
0.00610,0.01043,0.01265,0.00388,0.37680,0.58443,0.00571
0.00881,0.13044,0.00689,0.22658,0.30968,0.01689,0.30070
0.00229,0.00168,0.00130,0.46645,0.00618,0.51537,0.00673
0.03160,0.07230,0.21838,0.01402,0.54068,0.03888,0.08414
0.07511,0.18942,0.02008,0.11823,0.10494,0.01880,0.47342
0.00277,0.00310,0.00153,0.00570,0.54776,0.00494,0.43419
0.06936,0.08636,0.53757,0.10432,0.10750,0.06183,0.03306
0.00411,0.00452,0.02958,0.54958,0.01109,0.00450,0.39662
0.00210,0.00273,0.00117,0.00562,0.44125,0.00427,0.54286
0.03920,0.18099,0.03914,0.01914,0.19203,0.45824,0.07126
0.06017,0.14810,0.09951,0.37827,0.03701,0.01278,0.26417
0.00958,0.12919,0.00952,0.04250,0.03409,0.00593,0.76918
0.01042,0.02285,0.03303,0.00597,0.44651,0.46748,0.01373
0.01479,0.02028,0.01441,0.01024,0.47968,0.43844,0.02216
0.01265,0.00543,0.00157,0.15152,0.42070,0.00968,0.39847
0.03364,0.05314,0.02735,0.01245,0.48148,0.37104,0.02089
0.10466,0.05609,0.00873,0.01256,0.03393,0.77027,0.01376
0.00395,0.04052,0.04946,0.26133,0.01937,0.00705,0.61833
0.01335,0.16701,0.00407,0.03250,0.61965,0.04428,0.11913
0.00622,0.01930,0.89064,0.03547,0.02062,0.01582,0.01192
0.00882,0.19898,0.01068,0.49646,0.02870,0.00847,0.24789
0.00377,0.00322,0.00242,0.00323,0.45124,0.53084,0.00528
0.08945,0.08457,0.00618,0.03138,0.30871,0.41393,0.06579
0.01008,0.25869,0.17898,0.34437,0.05041,0.13213,0.02533
0.00474,0.68429,0.03805,0.19058,0.00837,0.00872,0.06526
0.00733,0.00940,0.00107,0.01075,0.44399,0.00597,0.52148
0.33565,0.24635,0.00297,0.26308,0.04619,0.01898,0.08677
0.01673,0.19177,0.04162,0.26621,0.23713,0.00947,0.23706
0.00738,0.00942,0.52924,0.38495,0.01485,0.00603,0.04813
0.00951,0.01356,0.00861,0.04397,0.32048,0.00989,0.59396
0.00214,0.00262,0.00372,0.00367,0.28350,0.69785,0.00651
0.51097,0.38779,0.00247,0.02557,0.00883,0.05687,0.00750
0.08042,0.65206,0.00547,0.20795,0.00818,0.00824,0.03767
0.08840,0.16593,0.02555,0.09853,0.11628,0.41610,0.08921
0.00141,0.00201,0.00082,0.00726,0.43096,0.00439,0.55314
0.06391,0.16796,0.01880,0.65064,0.02407,0.00981,0.06483
0.01173,0.03950,0.65421,0.03844,0.13451,0.04313,0.07849
0.01423,0.15738,0.01822,0.12635,0.05495,0.01610,0.61277
0.00378,0.00441,0.02363,0.00384,0.36957,0.59012,0.00464
0.34099,0.07017,0.01082,0.23791,0.12710,0.19615,0.01686
0.07855,0.08911,0.00370,0.10881,0.39758,0.01714,0.30510
0.00850,0.01316,0.05977,0.24657,0.01821,0.01445,0.63933
0.00780,0.00762,0.00462,0.07184,0.56672,0.11060,0.23080
0.08455,0.04912,0.09358,0.08388,0.01314,0.00603,0.66970
0.00386,0.00349,0.00151,0.00767,0.51731,0.00397,0.46219
0.00192,0.00191,0.00194,0.00337,0.52002,0.46669,0.00415
0.01010,0.06326,0.13983,0.02427,0.33141,0.39015,0.04097
0.01041,0.17422,0.01516,0.07292,0.16338,0.47069,0.09322
0.00237,0.00303,0.00123,0.00589,0.64114,0.00512,0.34123
0.00262,0.00299,0.00706,0.27910,0.00750,0.00885,0.69186
0.03255,0.13660,0.00777,0.48295,0.24422,0.03290,0.06301
0.02270,0.03539,0.02152,0.00878,0.70846,0.18807,0.01506
0.01236,0.03299,0.00516,0.00355,0.53666,0.40328,0.00600
0.00171,0.00177,0.00082,0.00541,0.43917,0.00397,0.54716
0.05132,0.04730,0.00738,0.06629,0.40361,0.01004,0.41406
0.40802,0.00913,0.03619,0.06512,0.15438,0.07194,0.25522
0.01596,0.02467,0.00554,0.30683,0.03831,0.55023,0.05845
0.00451,0.53424,0.00795,0.13645,0.00763,0.00683,0.30239
