0.02846,0.00995,0.00741,0.31877,0.15481,0.35609,0.12451
0.01248,0.01284,0.00402,0.17645,0.30895,0.31218,0.17307
0.00451,0.00513,0.07855,0.24216,0.21057,0.22700,0.23209
0.01254,0.02466,0.01702,0.07749,0.39350,0.33551,0.13929
0.03853,0.03993,0.02434,0.28295,0.16350,0.03043,0.42033
0.04247,0.03967,0.00561,0.21153,0.24308,0.21298,0.24466
0.02955,0.01115,0.00910,0.05433,0.41888,0.16369,0.31330
0.02365,0.01843,0.16531,0.03796,0.35580,0.34822,0.05064
0.00951,0.02208,0.00718,0.12988,0.34973,0.34364,0.13798
0.00653,0.00640,0.01377,0.15514,0.33026,0.33756,0.15034
0.00383,0.00473,0.00451,0.15673,0.33230,0.06394,0.43395
0.02915,0.03005,0.01230,0.13413,0.32921,0.02378,0.44138
0.02142,0.38003,0.00663,0.08744,0.20676,0.08687,0.21086
0.00257,0.01522,0.00360,0.01331,0.46985,0.37690,0.11855
0.03296,0.03284,0.01709,0.03748,0.41346,0.26703,0.19914
0.00732,0.00824,0.00294,0.03863,0.44878,0.21098,0.28311
0.28477,0.28275,0.00294,0.15959,0.05515,0.04726,0.16753
0.00705,0.00780,0.00640,0.26125,0.22622,0.21673,0.27454
0.01600,0.00939,0.00567,0.44276,0.04092,0.03605,0.44920
0.04429,0.05499,0.01342,0.33832,0.10260,0.10690,0.33948
0.00360,0.00313,0.00885,0.01481,0.47757,0.47599,0.01606
0.00813,0.00725,0.00611,0.31930,0.16967,0.30460,0.18493
0.36650,0.35376,0.02305,0.04759,0.08078,0.07633,0.05198
0.00754,0.01046,0.01115,0.02014,0.46305,0.47111,0.01655
0.00775,0.00398,0.01066,0.32080,0.16848,0.16281,0.32552
0.00701,0.00506,0.02859,0.29583,0.18147,0.18577,0.29628
0.03358,0.03244,0.00420,0.17396,0.29491,0.31635,0.14456
0.04897,0.05721,0.00946,0.35416,0.08537,0.03591,0.40892
0.00504,0.00341,0.00593,0.41611,0.07626,0.08609,0.40715
0.00889,0.00784,0.03437,0.03633,0.43755,0.43079,0.04424
0.00641,0.01491,0.00488,0.23067,0.25091,0.39973,0.09249
0.04887,0.05317,0.00739,0.28630,0.15676,0.05106,0.39644
0.00646,0.00697,0.01405,0.18428,0.30135,0.29770,0.18918
0.03572,0.03896,0.00332,0.08893,0.37425,0.36525,0.09357
0.00705,0.01884,0.50291,0.06999,0.16423,0.14651,0.09047
0.01216,0.00864,0.00290,0.33091,0.15355,0.08658,0.40526
0.00221,0.00289,0.03709,0.46839,0.00926,0.00939,0.47078
0.01000,0.01716,0.00382,0.34199,0.14331,0.20661,0.27710
0.03077,0.00822,0.00516,0.12780,0.34858,0.29754,0.18193
0.00421,0.17354,0.00604,0.30685,0.10054,0.09413,0.31469
0.02667,0.02276,0.00221,0.03811,0.43056,0.08734,0.39234
0.00538,0.00506,0.01342,0.38869,0.09824,0.09569,0.39352
0.00419,0.00538,0.00747,0.01660,0.47206,0.41281,0.08150
0.85977,0.00639,0.00582,0.03560,0.02615,0.03688,0.02939
0.00600,0.00643,0.00360,0.00927,0.48006,0.45989,0.03475
0.00413,0.01445,0.00150,0.46296,0.02733,0.02712,0.46250
0.00769,0.00808,0.00307,0.04866,0.44341,0.44895,0.04013
0.01344,0.01379,0.00673,0.02908,0.45040,0.43598,0.05059
0.01484,0.01900,0.00979,0.45010,0.02976,0.38580,0.09071
0.00281,0.03677,0.01412,0.27144,0.20030,0.20029,0.27427
0.00564,0.00514,0.00400,0.42438,0.06586,0.06445,0.43053
0.00483,0.00408,0.00539,0.47323,0.01909,0.06985,0.42353
0.00839,0.62858,0.01196,0.16567,0.01262,0.01159,0.16119
0.00231,0.00468,0.00384,0.40434,0.09043,0.09117,0.40324
0.00389,0.01099,0.02101,0.40996,0.07005,0.06199,0.42211
0.00501,0.02929,0.02084,0.28914,0.17914,0.02170,0.45488
0.00855,0.00809,0.00670,0.16643,0.31938,0.28182,0.20903
0.01225,0.00688,0.00913,0.46674,0.01887,0.38194,0.10420
0.01815,0.01727,0.00597,0.01841,0.45948,0.45146,0.02926
0.02729,0.01756,0.17442,0.36755,0.02270,0.04652,0.34395
0.01763,0.01379,0.01171,0.34358,0.13463,0.12471,0.35394
0.01485,0.00350,0.02236,0.04096,0.43890,0.02897,0.45046
0.00779,0.00656,0.00398,0.27842,0.21266,0.11397,0.37662
0.01138,0.01600,0.00444,0.45008,0.03301,0.06897,0.41611
0.01300,0.01265,0.06538,0.35083,0.10326,0.09520,0.35968
0.01212,0.01248,0.01083,0.29873,0.18504,0.16007,0.32072
0.02055,0.01956,0.00626,0.43694,0.04320,0.44932,0.02417
0.00787,0.00395,0.00678,0.41655,0.07552,0.43452,0.05481
0.00786,0.00730,0.00293,0.06858,0.41812,0.41033,0.08489
0.01197,0.00983,0.09641,0.06179,0.37804,0.10499,0.33697
0.02740,0.01311,0.00488,0.02143,0.44871,0.24267,0.24179
0.00285,0.00381,0.00302,0.28585,0.20385,0.10298,0.39765
0.00439,0.00204,0.00130,0.01016,0.48466,0.45093,0.04652
0.00348,0.00300,0.00318,0.12154,0.37118,0.12010,0.37752
0.00750,0.00698,0.00651,0.01726,0.46949,0.14207,0.35019
0.00723,0.00537,0.00602,0.17624,0.31314,0.31105,0.18096
0.00554,0.07159,0.02518,0.06646,0.38169,0.38423,0.06530
0.00376,0.04583,0.00642,0.38187,0.09176,0.03692,0.43344
0.00845,0.03967,0.00713,0.32437,0.14659,0.09584,0.37794
0.00619,0.00567,0.00380,0.27610,0.21169,0.06416,0.43240
0.02473,0.01282,0.01360,0.07885,0.39400,0.22221,0.25378
0.01166,0.01292,0.00196,0.15972,0.32410,0.01154,0.47811
0.02070,0.01900,0.07516,0.36766,0.06904,0.01993,0.42850
0.01384,0.01607,0.01387,0.03294,0.44099,0.34655,0.13574
0.01972,0.01415,0.00532,0.39162,0.08546,0.06451,0.41923
0.00992,0.01305,0.00554,0.31114,0.17375,0.07072,0.41589
0.02500,0.02471,0.01425,0.32039,0.14660,0.16062,0.30842
0.00718,0.00688,0.00529,0.00777,0.47941,0.10660,0.38687
0.00606,0.00905,0.01498,0.40948,0.07355,0.02056,0.46632
0.00254,0.01016,0.02134,0.42015,0.05969,0.05493,0.43119
0.00657,0.00642,0.02412,0.08623,0.39487,0.18223,0.29956
0.00646,0.00872,0.00547,0.30777,0.18153,0.32606,0.16399
0.00578,0.00499,0.02086,0.12466,0.35830,0.34216,0.14324
0.08107,0.03159,0.01870,0.36091,0.07299,0.02803,0.40670
0.00599,0.00762,0.01729,0.09509,0.38879,0.16569,0.31953
0.10014,0.07276,0.02503,0.18913,0.21223,0.06635,0.33435
0.01196,0.01216,0.00587,0.28235,0.20003,0.19132,0.29630
0.00864,0.01464,0.02362,0.09812,0.37644,0.24813,0.23042
0.01235,0.01343,0.38347,0.07526,0.21816,0.05560,0.24173
0.01825,0.00381,0.00384,0.32819,0.16015,0.06661,0.41915
0.00707,0.00707,0.00667,0.05800,0.42946,0.18916,0.30257
0.00689,0.01557,0.00477,0.46678,0.01925,0.01953,0.46721
0.00368,0.00665,0.03287,0.01437,0.46354,0.46258,0.01630
0.01280,0.00568,0.00968,0.29287,0.19239,0.19434,0.29224
0.02044,0.01046,0.01980,0.31530,0.15842,0.15826,0.31732
0.00370,0.00374,0.15157,0.04157,0.37825,0.37892,0.04225
0.52434,0.01455,0.00825,0.02113,0.20548,0.21366,0.01259
0.01887,0.01413,0.01011,0.32343,0.15378,0.05247,0.42721
0.00357,0.00344,0.00167,0.00507,0.48855,0.41657,0.08114
0.01717,0.01670,0.01124,0.30746,0.17196,0.17069,0.30479
0.00742,0.01782,0.01057,0.01414,0.46545,0.06878,0.41581
0.01674,0.01494,0.00414,0.10956,0.36712,0.10262,0.38489
0.01658,0.01548,0.00766,0.05500,0.41894,0.03160,0.45475
0.06434,0.00424,0.02823,0.02425,0.42488,0.43340,0.02067
0.00210,0.26897,0.02224,0.23880,0.11622,0.11269,0.23898
0.00191,0.00560,0.00558,0.05757,0.43630,0.42590,0.06714
0.00986,0.01061,0.01051,0.38032,0.10571,0.19317,0.28980
0.00473,0.00427,0.01433,0.01998,0.46661,0.46650,0.02357
0.00589,0.00638,0.36033,0.22465,0.09040,0.08818,0.22418
0.00870,0.00842,0.00263,0.02979,0.45933,0.46176,0.02938
0.00557,0.00674,0.00691,0.09703,0.39320,0.29709,0.19347
0.33584,0.33605,0.00255,0.02117,0.13751,0.14967,0.01720
0.02703,0.01016,0.02149,0.12285,0.34773,0.29844,0.17232
0.01438,0.00450,0.00163,0.43690,0.05162,0.04336,0.44761
0.01967,0.01370,0.03453,0.34646,0.11840,0.10650,0.36072
0.01163,0.01971,0.16303,0.26797,0.13408,0.13536,0.26822
0.00844,0.00663,0.01106,0.15418,0.32831,0.29104,0.20034
0.00240,0.00592,0.00332,0.01567,0.47681,0.10235,0.39353
0.00408,0.00324,0.01843,0.30910,0.17295,0.09279,0.39941
0.01496,0.01599,0.00804,0.06147,0.41856,0.12920,0.35177
0.00828,0.00464,0.67755,0.13845,0.01739,0.09567,0.05802
0.00242,0.00130,0.00255,0.00541,0.49142,0.48882,0.00809
0.00486,0.00397,0.00712,0.06791,0.42394,0.41162,0.08058
0.01052,0.01028,0.00458,0.10477,0.37849,0.30223,0.18912
0.00216,0.00240,0.00669,0.01021,0.48351,0.48540,0.00963
0.01232,0.00709,0.00780,0.24752,0.23499,0.03550,0.45478
0.00659,0.00658,0.17955,0.02771,0.37628,0.37428,0.02901
0.00303,0.00277,0.00917,0.29791,0.19484,0.19690,0.29538
0.00856,0.00866,0.00490,0.12728,0.36152,0.41056,0.07853
0.00456,0.24739,0.00388,0.10621,0.26086,0.26703,0.11006
0.00625,0.01096,0.00348,0.04932,0.43934,0.18721,0.30343
0.01419,0.00865,0.77483,0.06755,0.03290,0.02723,0.07466
0.00454,0.00722,0.02366,0.44374,0.03960,0.36575,0.11549
0.00637,0.00584,0.62779,0.16026,0.01840,0.01433,0.16701
0.27587,0.27309,0.00992,0.01397,0.20098,0.18885,0.03732
0.02698,0.02953,0.00629,0.27909,0.19262,0.24912,0.21638
0.00308,0.00653,0.01055,0.08993,0.40051,0.40199,0.08742
0.01288,0.01639,0.05150,0.04877,0.41018,0.27928,0.18100
0.01472,0.00690,0.47038,0.04668,0.20823,0.20129,0.05179
0.01322,0.00517,0.00570,0.02117,0.46202,0.34174,0.15099
0.00536,0.00515,0.01681,0.16291,0.32265,0.32911,0.15801
0.00540,0.00689,0.00430,0.15127,0.33975,0.32777,0.16462
0.00952,0.00992,0.31908,0.05921,0.27381,0.26817,0.06029
0.00362,0.00436,0.71128,0.04439,0.09774,0.09294,0.04566
0.02118,0.00725,0.01184,0.17385,0.30537,0.09830,0.38220
0.00713,0.01475,0.00857,0.27248,0.21234,0.19588,0.28886
0.05428,0.06805,0.00619,0.37723,0.05633,0.01970,0.41822
0.00417,0.06280,0.68064,0.01801,0.10543,0.08992,0.03902
0.03313,0.02798,0.01675,0.25071,0.20560,0.12765,0.33819
0.00962,0.00642,0.00408,0.16278,0.32872,0.32566,0.16273
0.00916,0.00849,0.00498,0.04088,0.44107,0.38987,0.10555
0.01347,0.00452,0.00535,0.15606,0.33122,0.00929,0.48010
0.00370,0.02494,0.49646,0.15768,0.07628,0.05524,0.18569
0.00525,0.13342,0.00403,0.38325,0.04456,0.04175,0.38774
0.00379,0.00996,0.02938,0.44342,0.03412,0.25477,0.22457
0.00979,0.00620,0.03647,0.08346,0.38933,0.38186,0.09288
0.11070,0.13413,0.01129,0.31787,0.05318,0.02937,0.34347
0.02119,0.01854,0.01837,0.43176,0.03960,0.01103,0.45951
0.00334,0.01206,0.00756,0.27114,0.21385,0.02498,0.46706
0.00993,0.03234,0.00612,0.17319,0.29649,0.19138,0.29056
0.02598,0.00491,0.00581,0.03566,0.44417,0.43388,0.04959
0.01130,0.01101,0.44033,0.25039,0.01818,0.01159,0.25722
0.00640,0.01002,0.00327,0.32471,0.16286,0.01026,0.48248
0.00662,0.00472,0.00273,0.01029,0.47776,0.45128,0.04660
0.03485,0.00481,0.00140,0.43097,0.04902,0.05143,0.42752
0.00213,0.15114,0.00289,0.07389,0.34837,0.32136,0.10022
0.01094,0.00481,0.20190,0.22514,0.16246,0.01588,0.37888
0.00971,0.00618,0.52946,0.08207,0.15053,0.20162,0.02043
0.03001,0.03460,0.00780,0.39660,0.06422,0.05954,0.40722
0.01646,0.01457,0.00434,0.26927,0.21023,0.13420,0.35094
0.00616,0.00217,0.00150,0.12759,0.36552,0.35573,0.14132
0.02789,0.00790,0.23720,0.06433,0.29361,0.17139,0.19767
0.00409,0.00472,0.00325,0.36008,0.13356,0.13226,0.36203
0.00423,0.00657,0.00726,0.32949,0.16090,0.15903,0.33251
0.02467,0.00855,0.00460,0.02223,0.45895,0.43173,0.04928
0.08061,0.06719,0.04794,0.04843,0.34662,0.04322,0.36599
0.00688,0.00577,0.00303,0.09851,0.39199,0.37336,0.12046
0.21717,0.21763,0.01258,0.02140,0.24983,0.23391,0.04748
0.00985,0.00448,0.00768,0.12952,0.36132,0.35163,0.13551
0.46398,0.46243,0.00201,0.02193,0.01425,0.01126,0.02413
0.00494,0.00443,0.00249,0.02258,0.46912,0.02013,0.47632
0.00874,0.01046,0.01469,0.03988,0.44183,0.28949,0.19490
0.08551,0.09193,0.00315,0.19036,0.21751,0.19928,0.21227
0.33990,0.32207,0.01607,0.06985,0.09294,0.07773,0.08144
0.03813,0.04166,0.00696,0.42268,0.03101,0.04934,0.41022
0.31685,0.32560,0.01462,0.03945,0.12991,0.03414,0.13943
0.02182,0.01865,0.01831,0.16661,0.30384,0.30203,0.16874
0.01347,0.00488,0.00799,0.26528,0.22259,0.21667,0.26912
0.00770,0.00708,0.00985,0.33549,0.14646,0.19193,0.30149
0.00765,0.01543,0.00463,0.01928,0.46540,0.47205,0.01556
0.00966,0.00925,0.00508,0.08286,0.40236,0.33273,0.15807
0.22395,0.20584,0.00777,0.10750,0.16826,0.05218,0.23450
0.01130,0.01273,0.00874,0.36726,0.11269,0.11521,0.37206
0.03722,0.00423,0.00221,0.44257,0.03591,0.42361,0.05425
0.00604,0.00674,0.02189,0.29390,0.18762,0.31261,0.17119
0.02815,0.02140,0.00909,0.42212,0.04689,0.02580,0.44655
0.01122,0.01398,0.47785,0.03112,0.21566,0.02558,0.22459
0.02724,0.00664,0.00441,0.20774,0.27199,0.26263,0.21935
0.06431,0.06895,0.01107,0.13635,0.28981,0.28485,0.14466
0.01078,0.01421,0.00316,0.03603,0.44812,0.30014,0.18756
0.00516,0.00485,0.00630,0.05105,0.43900,0.41671,0.07693
0.01001,0.01043,0.00560,0.36440,0.12338,0.28052,0.20567
0.00533,0.00210,0.00239,0.01387,0.47726,0.48346,0.01560
0.00762,0.00697,0.00403,0.22028,0.26970,0.26976,0.22165
0.00345,0.00440,0.00626,0.00529,0.48479,0.41104,0.08477
0.00823,0.01669,0.03809,0.27459,0.19779,0.14685,0.31776
0.01310,0.09556,0.00478,0.03140,0.41082,0.41229,0.03204
0.00261,0.00358,0.00674,0.30055,0.19303,0.19094,0.30255
0.03454,0.01114,0.03672,0.09511,0.36574,0.32028,0.13646
0.01430,0.26106,0.00646,0.05667,0.29908,0.28584,0.07659
0.02198,0.02076,0.01733,0.22378,0.24278,0.08262,0.39075
0.01863,0.01245,0.00581,0.05816,0.42075,0.03399,0.45021
0.01698,0.02253,0.00282,0.03913,0.43569,0.40697,0.07588
0.00848,0.00894,0.83054,0.02819,0.04920,0.05752,0.01712
0.01172,0.01677,0.00451,0.22329,0.25800,0.39902,0.08669
0.08296,0.08841,0.01058,0.04196,0.36674,0.08741,0.32194
0.02857,0.02639,0.00927,0.11700,0.34703,0.28213,0.18961
0.00302,0.00391,0.00223,0.05144,0.44030,0.06181,0.43730
0.00680,0.00449,0.01176,0.48389,0.00437,0.00700,0.48168
0.05519,0.01014,0.02355,0.19769,0.25698,0.23432,0.22213
0.00817,0.00722,0.00263,0.01120,0.47847,0.10040,0.39191
0.00408,0.00485,0.00320,0.14237,0.35161,0.34580,0.14808
0.00398,0.00453,0.00874,0.21012,0.28054,0.27396,0.21814
0.01643,0.00823,0.00612,0.01850,0.46489,0.44989,0.03593
0.04434,0.03509,0.00809,0.37447,0.08420,0.07152,0.38228
0.03112,0.02966,0.03895,0.05554,0.39355,0.22505,0.22613
0.00546,0.00477,0.00348,0.01632,0.47625,0.00558,0.48815
0.00756,0.00890,0.01646,0.00798,0.47387,0.25027,0.23496
0.00273,0.00677,0.02178,0.23158,0.25244,0.11892,0.36578
0.03014,0.03374,0.00407,0.29086,0.17103,0.02976,0.44040
0.00610,0.00454,0.00950,0.37850,0.11063,0.09659,0.39413
0.03037,0.04244,0.00986,0.20519,0.25421,0.25519,0.20273
0.01125,0.01175,0.00663,0.41184,0.07036,0.06140,0.42676
0.02704,0.13673,0.01245,0.09683,0.31511,0.25977,0.15207
0.01031,0.00952,0.00296,0.40615,0.08045,0.41327,0.07735
0.00697,0.01997,0.00255,0.03370,0.44984,0.45506,0.03193
0.00485,0.00488,0.00234,0.01262,0.48212,0.01365,0.47953
0.02059,0.04760,0.00958,0.17675,0.28359,0.27209,0.18979
0.00854,0.00989,0.00763,0.12032,0.35876,0.32727,0.16759
0.48097,0.01817,0.02723,0.13390,0.10310,0.10078,0.13585
0.00979,0.00991,0.01213,0.32832,0.15278,0.03089,0.45619
0.01597,0.01653,0.00962,0.03529,0.44115,0.08838,0.39306
0.00680,0.00655,0.00393,0.02062,0.46551,0.27797,0.21863
0.45111,0.44476,0.00348,0.01164,0.03920,0.02918,0.02064
0.27002,0.01083,0.04512,0.27329,0.06114,0.04812,0.29147
0.01353,0.00967,0.01998,0.02061,0.45611,0.35774,0.12236
0.00913,0.01140,0.00843,0.07272,0.41459,0.46644,0.01728
0.02504,0.36946,0.00964,0.12257,0.16882,0.15026,0.15421
0.00895,0.30735,0.55194,0.04218,0.02322,0.02304,0.04333
0.00452,0.00217,0.00392,0.07363,0.41776,0.05829,0.43972
0.02029,0.01975,0.00746,0.06015,0.41229,0.31664,0.16343
0.01119,0.00792,0.00829,0.28032,0.20289,0.17755,0.31184
0.00619,0.00702,0.02440,0.39763,0.08309,0.07408,0.40759
0.00786,0.00904,0.01026,0.27365,0.21225,0.08918,0.39777
0.00519,0.00542,0.00187,0.06921,0.42388,0.41267,0.08175
0.01984,0.01741,0.00986,0.03075,0.44474,0.45618,0.02120
0.01890,0.01831,0.02073,0.02867,0.43962,0.43658,0.03719
0.00316,0.00553,0.01538,0.46966,0.01666,0.00858,0.48102
0.45330,0.00829,0.00381,0.24592,0.01972,0.01016,0.25879
0.00749,0.00712,0.07568,0.16559,0.29082,0.28804,0.16526
0.01011,0.00985,0.03703,0.28411,0.18304,0.13448,0.34139
0.06682,0.06856,0.04807,0.18823,0.22211,0.22074,0.18547
0.01780,0.01477,0.03379,0.38541,0.06624,0.12740,0.35457
0.00462,0.00466,0.90706,0.02528,0.01611,0.01556,0.02672
0.00531,0.00569,0.00707,0.44606,0.04800,0.28905,0.19883
0.01478,0.01372,0.00912,0.12462,0.35372,0.35024,0.13379
0.01369,0.01431,0.02229,0.41548,0.05711,0.01861,0.45850
0.00343,0.03260,0.02859,0.07916,0.38567,0.24578,0.22477
0.27808,0.27916,0.00345,0.06695,0.15172,0.13573,0.08491
0.00483,0.02882,0.00262,0.18163,0.29975,0.11370,0.36865
0.04303,0.03786,0.09862,0.19134,0.23397,0.30710,0.08807
0.00591,0.00340,0.00354,0.01308,0.47688,0.39651,0.10066
0.01090,0.83029,0.00962,0.03544,0.03996,0.03332,0.04048
0.56786,0.01574,0.01925,0.05493,0.14282,0.05788,0.14152
0.00838,0.00431,0.26579,0.30757,0.05083,0.01506,0.34806
0.00856,0.00727,0.03965,0.15171,0.31618,0.42517,0.05146
0.21850,0.21994,0.01729,0.03605,0.23599,0.01941,0.25283
0.00791,0.01138,0.00405,0.03466,0.45082,0.09456,0.39663
0.01047,0.01002,0.06638,0.39923,0.05619,0.04847,0.40924
0.01234,0.00708,0.06986,0.08281,0.37199,0.36608,0.08984
0.04543,0.00668,0.01461,0.36965,0.09627,0.09611,0.37125
0.01080,0.74079,0.00225,0.06994,0.04892,0.03860,0.08872
0.00191,0.01085,0.00483,0.29161,0.19623,0.41430,0.08026
0.02417,0.03679,0.00292,0.03359,0.43499,0.40602,0.06152
0.19418,0.03404,0.01659,0.28748,0.09043,0.08413,0.29314
0.03123,0.03125,0.00976,0.05743,0.40513,0.07251,0.39268
0.00275,0.00540,0.00300,0.33925,0.14861,0.01336,0.48764
0.01689,0.01698,0.02461,0.11177,0.35662,0.03642,0.43670
0.01366,0.01392,0.00901,0.03287,0.44696,0.44987,0.03370
0.27642,0.27217,0.00522,0.16368,0.06162,0.10677,0.11412
