0.14837,0.08758,0.10809,0.10869,0.19142,0.01208,0.17094,0.13973,0.01409,0.01901
0.20844,0.00922,0.03104,0.01117,0.25568,0.05415,0.16015,0.12281,0.08290,0.06444
0.24807,0.08171,0.12641,0.24800,0.21764,0.01203,0.02957,0.02509,0.00424,0.00724
0.02575,0.03844,0.19647,0.18140,0.07301,0.01143,0.27858,0.17937,0.00467,0.01088
0.02798,0.26065,0.02540,0.03570,0.31756,0.09920,0.06356,0.04495,0.02789,0.09712
0.04434,0.18701,0.27628,0.14643,0.10320,0.01860,0.15227,0.05387,0.00669,0.01132
0.05596,0.01703,0.02681,0.01684,0.04774,0.01782,0.39326,0.36096,0.05100,0.01257
0.16630,0.11785,0.11386,0.12979,0.27140,0.03662,0.05455,0.05397,0.01833,0.03732
0.07084,0.20825,0.23446,0.05544,0.11157,0.00546,0.15779,0.11636,0.00733,0.03251
0.02164,0.02451,0.02551,0.03022,0.03556,0.20627,0.27541,0.14140,0.00683,0.23266
0.09803,0.02198,0.02012,0.07387,0.11623,0.18738,0.16194,0.11640,0.01335,0.19071
0.01507,0.01716,0.04304,0.27238,0.32717,0.01343,0.18716,0.10937,0.00784,0.00738
0.02468,0.01181,0.24055,0.03605,0.29771,0.00811,0.22396,0.14125,0.00771,0.00816
0.18118,0.17166,0.05397,0.11054,0.07873,0.01122,0.24285,0.12887,0.00497,0.01600
0.15275,0.05297,0.27012,0.02177,0.35965,0.04320,0.03141,0.01937,0.00672,0.04205
0.13392,0.00948,0.20832,0.09113,0.03121,0.09488,0.18180,0.14781,0.00892,0.09253
0.01656,0.05665,0.05019,0.04242,0.04098,0.03141,0.38747,0.29987,0.03769,0.03676
0.24275,0.11265,0.17645,0.03823,0.31971,0.01854,0.05268,0.01332,0.00553,0.02014
0.05375,0.08333,0.15027,0.05450,0.11962,0.06903,0.22023,0.17816,0.01512,0.05598
0.08288,0.03433,0.31756,0.09213,0.38199,0.01061,0.03006,0.01775,0.02777,0.00492
0.05684,0.01481,0.19769,0.02511,0.24363,0.15010,0.09533,0.06630,0.00542,0.14476
0.11764,0.02130,0.09498,0.14574,0.18209,0.11548,0.10854,0.07965,0.01191,0.12267
0.12867,0.02750,0.02160,0.25233,0.33864,0.01742,0.12171,0.06016,0.01432,0.01766
0.01494,0.01398,0.02279,0.01842,0.03817,0.33337,0.12065,0.09746,0.00772,0.33250
0.02314,0.07021,0.06360,0.30613,0.37889,0.00969,0.06846,0.06391,0.00963,0.00632
0.20215,0.02933,0.04928,0.03045,0.26997,0.01876,0.21472,0.15128,0.01756,0.01650
0.04022,0.10928,0.03954,0.14919,0.19704,0.12770,0.10822,0.08331,0.01176,0.13375
0.33760,0.03002,0.01142,0.01947,0.36955,0.00605,0.12208,0.08869,0.00555,0.00956
0.16937,0.02287,0.03959,0.16385,0.12953,0.01327,0.25251,0.18343,0.01579,0.00979
0.02850,0.20103,0.03325,0.02762,0.24396,0.01228,0.25152,0.17684,0.00594,0.01906
0.03250,0.11866,0.09054,0.09721,0.08941,0.11931,0.18025,0.15277,0.01180,0.10755
0.02677,0.18342,0.03833,0.01934,0.21454,0.01631,0.25542,0.21828,0.01702,0.01057
0.04810,0.02356,0.18371,0.03855,0.23746,0.06685,0.19521,0.13572,0.01131,0.05953
0.07516,0.09111,0.08534,0.08850,0.09694,0.03117,0.26189,0.23055,0.01062,0.02871
0.04214,0.07612,0.10931,0.16784,0.13614,0.01656,0.22234,0.20290,0.00730,0.01935
0.07697,0.01725,0.01966,0.18393,0.25372,0.01590,0.23755,0.17374,0.01113,0.01016
0.04536,0.03465,0.07873,0.09389,0.05264,0.01292,0.40686,0.25260,0.00846,0.01389
0.07158,0.03977,0.17942,0.04197,0.23523,0.19149,0.03073,0.02316,0.01095,0.17571
0.03518,0.03501,0.20685,0.07645,0.25254,0.01669,0.17382,0.11366,0.02065,0.06915
0.18123,0.08747,0.21110,0.08653,0.25904,0.01998,0.09455,0.03756,0.00588,0.01666
0.04013,0.03985,0.08190,0.06614,0.25045,0.08835,0.17227,0.14186,0.01513,0.10392
0.26971,0.03443,0.05169,0.23629,0.08073,0.02051,0.15297,0.10880,0.01367,0.03121
0.16807,0.16495,0.16820,0.01189,0.23995,0.00863,0.11848,0.10521,0.00501,0.00961
0.04887,0.08102,0.06519,0.09285,0.12018,0.15944,0.13895,0.11021,0.02558,0.15771
0.02646,0.02768,0.01623,0.02402,0.02804,0.00484,0.45177,0.40753,0.00527,0.00817
0.14124,0.01949,0.01463,0.02518,0.14923,0.12957,0.19475,0.16678,0.04571,0.11342
0.03067,0.09735,0.05256,0.02968,0.13171,0.01583,0.35513,0.26825,0.01002,0.00879
0.06002,0.01640,0.01249,0.08958,0.13113,0.23747,0.12329,0.09073,0.00382,0.23506
0.00963,0.20933,0.00849,0.02515,0.23521,0.01913,0.24091,0.21625,0.01150,0.02440
0.01902,0.00882,0.00921,0.00833,0.01924,0.00726,0.50086,0.41722,0.00349,0.00656
0.10491,0.01262,0.01303,0.09942,0.16380,0.01270,0.30323,0.26771,0.01241,0.01018
0.03932,0.41559,0.01613,0.01094,0.46289,0.00504,0.02461,0.01511,0.00242,0.00795
0.03619,0.02838,0.08142,0.04443,0.08686,0.02456,0.33200,0.29852,0.02231,0.04533
0.08153,0.06583,0.04869,0.04758,0.10507,0.15299,0.16919,0.14797,0.01423,0.16691
0.25388,0.21553,0.03324,0.09486,0.13711,0.10869,0.02441,0.01958,0.00620,0.10649
0.14689,0.02206,0.11742,0.11695,0.16533,0.03024,0.22897,0.13606,0.01659,0.01948
0.19842,0.01136,0.03602,0.03743,0.24611,0.01529,0.21569,0.17134,0.05202,0.01631
0.17811,0.04329,0.15214,0.28393,0.26971,0.01005,0.01837,0.01381,0.01180,0.01878
0.16606,0.12990,0.19223,0.14772,0.20883,0.01982,0.06987,0.04112,0.01237,0.01207
0.21335,0.16494,0.21799,0.06412,0.24555,0.02631,0.02327,0.02198,0.00471,0.01778
0.06035,0.07318,0.24523,0.23395,0.10762,0.01390,0.13225,0.11309,0.00946,0.01097
0.04384,0.02285,0.06180,0.12821,0.16573,0.25832,0.02245,0.02273,0.01527,0.25881
0.10764,0.11601,0.07433,0.12222,0.11392,0.01629,0.22299,0.18663,0.02851,0.01147
0.14843,0.20261,0.20609,0.09847,0.21574,0.00863,0.06453,0.04132,0.00737,0.00682
0.38360,0.01449,0.06956,0.03839,0.42468,0.00872,0.02536,0.01920,0.00765,0.00834
0.03627,0.10878,0.13126,0.04699,0.17405,0.05285,0.21304,0.18156,0.00776,0.04743
0.01252,0.01976,0.09255,0.02056,0.11589,0.04275,0.39406,0.24562,0.00924,0.04705
0.03028,0.05698,0.01766,0.26141,0.31597,0.01094,0.15493,0.13589,0.00749,0.00845
0.06001,0.01039,0.03252,0.05417,0.08468,0.20084,0.19856,0.15234,0.00266,0.20383
0.01570,0.01195,0.02454,0.02852,0.04926,0.28991,0.16624,0.08419,0.01464,0.31504
0.06435,0.06842,0.15015,0.23829,0.35609,0.02016,0.02091,0.02458,0.02496,0.03208
0.13659,0.01594,0.01876,0.01799,0.22794,0.19283,0.09962,0.08718,0.00960,0.19354
0.23924,0.13605,0.16212,0.05248,0.28435,0.01620,0.03050,0.03114,0.01649,0.03144
0.20744,0.09026,0.24210,0.06762,0.14849,0.05352,0.08676,0.05383,0.00917,0.04081
0.09964,0.09425,0.15471,0.11506,0.15011,0.03550,0.16436,0.14098,0.01334,0.03205
0.15801,0.08266,0.14005,0.02681,0.21589,0.02949,0.15951,0.14915,0.00931,0.02912
0.03826,0.01649,0.09392,0.14581,0.15681,0.01233,0.28814,0.23611,0.00562,0.00650
0.40733,0.02388,0.05155,0.36285,0.05543,0.01714,0.02861,0.03195,0.01206,0.00920
0.03376,0.00752,0.10482,0.02544,0.17115,0.11998,0.23045,0.18982,0.01212,0.10494
0.28402,0.06816,0.05035,0.25185,0.07486,0.01397,0.14558,0.09028,0.00934,0.01159
0.35574,0.00744,0.01212,0.12377,0.42720,0.00762,0.03578,0.01703,0.00438,0.00891
0.04961,0.02025,0.05183,0.04948,0.07810,0.01504,0.37437,0.32227,0.01787,0.02117
0.04124,0.01185,0.09850,0.02255,0.02162,0.00685,0.41002,0.36174,0.00594,0.01970
0.17431,0.03100,0.05756,0.05735,0.22461,0.08707,0.19048,0.08795,0.00627,0.08340
0.33056,0.08251,0.05104,0.04793,0.37550,0.01157,0.04365,0.03419,0.01000,0.01305
0.16270,0.03531,0.01756,0.03572,0.25995,0.01348,0.24246,0.21208,0.00707,0.01367
0.27954,0.03158,0.09721,0.05669,0.35342,0.05367,0.04621,0.02341,0.00994,0.04833
0.03237,0.02382,0.08425,0.05383,0.05869,0.01681,0.40149,0.30861,0.00794,0.01219
0.05467,0.07139,0.24187,0.25350,0.13866,0.09294,0.03240,0.01853,0.00503,0.09100
0.12966,0.02586,0.18542,0.28120,0.25202,0.02061,0.05076,0.03026,0.00563,0.01858
0.07143,0.04039,0.04118,0.05600,0.05594,0.01885,0.34685,0.30296,0.05544,0.01097
0.06104,0.01082,0.04112,0.24769,0.29227,0.00806,0.17825,0.12297,0.00936,0.02840
0.01619,0.28178,0.01660,0.03800,0.31954,0.03141,0.14129,0.12548,0.00683,0.02288
0.01240,0.03648,0.03817,0.01583,0.04024,0.39373,0.03441,0.02374,0.00820,0.39680
0.08704,0.02383,0.08499,0.11648,0.15335,0.03403,0.24623,0.21050,0.00592,0.03763
0.01490,0.03258,0.01205,0.01410,0.04511,0.01106,0.42114,0.38495,0.05813,0.00598
0.06188,0.02121,0.03195,0.06788,0.08846,0.07137,0.31647,0.27533,0.00823,0.05721
0.06505,0.01704,0.02803,0.23414,0.29480,0.07002,0.12122,0.09729,0.00818,0.06423
0.03569,0.00911,0.28933,0.35906,0.20428,0.03982,0.01166,0.01225,0.00747,0.03134
0.17320,0.03403,0.11145,0.14160,0.16921,0.01491,0.19421,0.13762,0.00805,0.01573
0.15872,0.08067,0.08792,0.08868,0.18617,0.05470,0.14429,0.13401,0.01440,0.05043
0.02494,0.02464,0.11164,0.04672,0.09138,0.07888,0.25264,0.22445,0.03531,0.10941
0.02752,0.02368,0.20808,0.06187,0.26385,0.00731,0.21003,0.18233,0.00655,0.00878
0.01852,0.02575,0.04595,0.02918,0.07828,0.00480,0.40565,0.37771,0.00565,0.00852
0.03830,0.01681,0.20830,0.01721,0.26898,0.19577,0.04497,0.02828,0.00427,0.17711
0.29457,0.02075,0.08081,0.04227,0.36869,0.01703,0.07941,0.06281,0.00880,0.02486
0.06712,0.01740,0.27767,0.25755,0.12340,0.00992,0.10728,0.08723,0.00996,0.04247
0.01691,0.03613,0.12238,0.15214,0.13770,0.07100,0.20346,0.17521,0.01332,0.07174
0.05349,0.03038,0.03804,0.05352,0.06365,0.11714,0.27561,0.24621,0.01091,0.11106
0.09116,0.24925,0.08642,0.03339,0.33284,0.03723,0.06792,0.05969,0.01088,0.03122
0.05931,0.01848,0.18254,0.03880,0.23177,0.01192,0.26147,0.16995,0.01552,0.01024
0.08670,0.02745,0.30511,0.33090,0.15298,0.01141,0.03984,0.03123,0.00356,0.01083
0.02377,0.02171,0.02177,0.03600,0.04701,0.21006,0.23393,0.19770,0.00484,0.20322
0.12050,0.09784,0.12992,0.06233,0.21622,0.06986,0.10162,0.07943,0.01972,0.10257
0.02239,0.04392,0.06456,0.09614,0.15528,0.14236,0.17783,0.12406,0.01289,0.16056
0.17375,0.02030,0.02178,0.04953,0.22821,0.01963,0.24534,0.22431,0.00622,0.01092
0.04444,0.28721,0.09008,0.12367,0.36922,0.00786,0.03374,0.02414,0.00920,0.01044
0.09513,0.07677,0.11139,0.11509,0.13062,0.03865,0.21394,0.16707,0.01986,0.03148
0.24241,0.15923,0.14975,0.05738,0.27558,0.00656,0.04713,0.04178,0.01377,0.00642
0.16864,0.01198,0.02781,0.07070,0.20803,0.02011,0.23058,0.20101,0.01471,0.04643
0.33591,0.00564,0.01094,0.03005,0.37469,0.10478,0.02139,0.01536,0.00970,0.09154
0.10169,0.02429,0.10573,0.03983,0.06141,0.04773,0.35400,0.19504,0.01283,0.05745
0.01357,0.17576,0.01196,0.13118,0.21748,0.00908,0.22390,0.19520,0.00925,0.01262
0.27663,0.02958,0.06105,0.16060,0.35478,0.02086,0.04188,0.02518,0.01604,0.01339
0.01389,0.36606,0.04036,0.04934,0.43069,0.01773,0.03290,0.01854,0.01393,0.01655
0.01581,0.01587,0.18648,0.17342,0.05604,0.01995,0.25275,0.22346,0.01016,0.04608
0.14534,0.01370,0.14645,0.01835,0.02125,0.04295,0.26056,0.21273,0.12483,0.01385
0.09856,0.06159,0.04906,0.14836,0.15676,0.15258,0.08270,0.05414,0.02897,0.16727
0.10237,0.02473,0.06629,0.28827,0.32908,0.01669,0.06080,0.06313,0.01486,0.03377
0.03232,0.00566,0.24793,0.01546,0.28475,0.01636,0.19980,0.18602,0.00367,0.00802
0.15662,0.12001,0.05597,0.04023,0.06261,0.02056,0.25049,0.21392,0.02124,0.05835
0.12489,0.26270,0.09875,0.06337,0.36244,0.01153,0.02966,0.02405,0.01113,0.01148
0.25917,0.07985,0.30259,0.11506,0.15644,0.01507,0.03558,0.02012,0.00499,0.01113
0.02242,0.01899,0.06543,0.11876,0.16694,0.10903,0.20855,0.17560,0.00709,0.10720
0.12702,0.01995,0.02492,0.13085,0.21716,0.01823,0.23277,0.20032,0.01334,0.01544
0.07162,0.02197,0.07103,0.29801,0.38014,0.02662,0.05724,0.04457,0.00475,0.02405
0.14571,0.03825,0.03887,0.12832,0.03398,0.15794,0.15355,0.11834,0.02554,0.15951
0.14542,0.02837,0.03302,0.06079,0.16684,0.04214,0.22935,0.20567,0.04552,0.04288
0.13960,0.13590,0.05230,0.08815,0.11654,0.00856,0.24512,0.19065,0.00589,0.01729
0.10497,0.01263,0.02767,0.19084,0.17799,0.05788,0.21937,0.13055,0.01699,0.06110
0.03595,0.12502,0.01948,0.02704,0.19540,0.00928,0.29632,0.28047,0.00680,0.00424
0.02068,0.01047,0.07550,0.29862,0.36215,0.01155,0.11885,0.08304,0.00892,0.01021
0.15704,0.05295,0.05831,0.02266,0.19209,0.01060,0.31172,0.18458,0.00460,0.00546
0.04856,0.04984,0.12170,0.04245,0.11259,0.01869,0.35654,0.21590,0.00579,0.02794
0.03542,0.29780,0.01968,0.04827,0.36140,0.00492,0.11332,0.10390,0.01053,0.00478
0.22101,0.02507,0.04889,0.27723,0.20461,0.00497,0.13089,0.07770,0.00501,0.00461
0.03720,0.03747,0.11990,0.08412,0.06017,0.01294,0.32827,0.28776,0.02459,0.00758
0.02107,0.03304,0.02703,0.10803,0.14542,0.16248,0.17056,0.14881,0.01169,0.17188
0.08019,0.14661,0.11271,0.14477,0.23239,0.04194,0.10570,0.08416,0.00733,0.04420
0.35631,0.01110,0.01958,0.03962,0.39879,0.01031,0.08533,0.06570,0.00598,0.00728
0.05824,0.01135,0.15197,0.08214,0.27324,0.10673,0.11754,0.08189,0.02091,0.09598
0.11736,0.03372,0.06614,0.07001,0.16117,0.04105,0.31629,0.14356,0.00925,0.04145
0.05513,0.04688,0.03686,0.02843,0.04905,0.15768,0.19792,0.17851,0.12120,0.12834
0.22129,0.11824,0.21203,0.05070,0.21509,0.02064,0.07344,0.05884,0.00714,0.02258
0.25428,0.03291,0.06277,0.26453,0.13663,0.01722,0.12489,0.09222,0.00482,0.00972
0.01883,0.03793,0.02462,0.28110,0.33681,0.01616,0.14387,0.11931,0.00694,0.01443
0.09069,0.04606,0.07410,0.17505,0.25051,0.01932,0.18761,0.12551,0.01484,0.01630
0.20312,0.02241,0.04185,0.05800,0.25122,0.02670,0.18236,0.11855,0.01730,0.07850
0.04536,0.02801,0.02242,0.20998,0.24210,0.01950,0.20747,0.18154,0.01958,0.02404
0.06811,0.05459,0.03518,0.05026,0.08896,0.24679,0.10127,0.08458,0.03408,0.23619
0.02107,0.04300,0.04433,0.07928,0.10672,0.01473,0.34822,0.31364,0.01463,0.01437
0.34102,0.00629,0.00909,0.00647,0.36919,0.11710,0.00934,0.00989,0.01653,0.11509
0.20960,0.01975,0.04272,0.23114,0.17083,0.01203,0.17420,0.12160,0.01072,0.00742
0.01947,0.26282,0.02448,0.01804,0.31882,0.12273,0.04731,0.04034,0.01226,0.13374
0.13091,0.07412,0.07673,0.03798,0.16717,0.18449,0.06737,0.03897,0.01547,0.20679
0.07824,0.02247,0.01943,0.29971,0.37510,0.01051,0.09652,0.06884,0.01908,0.01008
0.07531,0.01521,0.01919,0.23571,0.25797,0.01193,0.22252,0.14600,0.00856,0.00760
0.03299,0.07872,0.07616,0.04480,0.06911,0.05915,0.30470,0.24591,0.01322,0.07524
0.03202,0.02123,0.03030,0.09581,0.12498,0.13642,0.21377,0.18895,0.01368,0.14283
0.01905,0.02344,0.28595,0.01762,0.37780,0.08688,0.05980,0.04227,0.00378,0.08342
0.05810,0.06594,0.06108,0.07156,0.08380,0.02263,0.32088,0.26934,0.01876,0.02790
0.16275,0.09180,0.03202,0.14376,0.05236,0.01845,0.29342,0.18327,0.01123,0.01093
0.15302,0.04222,0.09325,0.04110,0.20630,0.01559,0.22318,0.17316,0.01450,0.03768
0.05338,0.11221,0.08032,0.04150,0.16695,0.01473,0.29006,0.21931,0.00863,0.01292
0.18453,0.01582,0.05640,0.09483,0.24812,0.10014,0.07679,0.05234,0.01088,0.16014
0.09183,0.10734,0.18221,0.24226,0.21258,0.04703,0.03195,0.02908,0.01819,0.03753
0.07809,0.10656,0.07628,0.11883,0.10171,0.20562,0.05445,0.03576,0.00867,0.21402
0.05304,0.02004,0.04561,0.17139,0.20049,0.02998,0.22113,0.19995,0.03868,0.01969
0.06020,0.02464,0.08385,0.20660,0.30264,0.03698,0.13062,0.11572,0.00913,0.02962
0.15144,0.10441,0.10746,0.06305,0.21797,0.08515,0.11168,0.05398,0.01947,0.08540
0.02096,0.39823,0.04937,0.02147,0.45387,0.00537,0.02607,0.01606,0.00393,0.00466
0.04000,0.02680,0.07023,0.12871,0.17930,0.03622,0.25946,0.21002,0.00827,0.04100
0.10326,0.05991,0.08684,0.18285,0.19856,0.06382,0.14484,0.11708,0.01111,0.03174
0.22769,0.02790,0.04000,0.02883,0.26644,0.12676,0.07121,0.05687,0.01095,0.14336
0.19616,0.16150,0.14543,0.18761,0.18789,0.01428,0.05336,0.04049,0.00684,0.00644
0.06358,0.01680,0.06102,0.32101,0.38266,0.01907,0.05942,0.04649,0.00616,0.02380
0.07628,0.09616,0.23919,0.02720,0.31566,0.01083,0.12662,0.09228,0.00998,0.00579
0.02095,0.02557,0.02604,0.01716,0.04007,0.00538,0.43951,0.40692,0.00478,0.01362
0.10013,0.02944,0.21908,0.04977,0.29481,0.02248,0.12281,0.11167,0.02142,0.02839
0.36095,0.01259,0.03538,0.02961,0.40125,0.01253,0.08496,0.03869,0.00960,0.01444
0.10118,0.02135,0.10638,0.18820,0.04447,0.02966,0.27698,0.19586,0.01129,0.02463
0.06921,0.05131,0.12878,0.19634,0.26029,0.02694,0.07672,0.06516,0.04009,0.08517
0.15971,0.01064,0.23394,0.03989,0.02386,0.08313,0.19310,0.15190,0.00730,0.09653
0.14468,0.04171,0.12753,0.27166,0.04544,0.01699,0.17915,0.15290,0.01044,0.00950
0.01615,0.02301,0.18284,0.04797,0.21968,0.01749,0.30241,0.14452,0.03131,0.01464
0.04286,0.02090,0.01405,0.01960,0.06525,0.06535,0.32275,0.29123,0.01893,0.13908
0.04573,0.03840,0.22633,0.03668,0.27983,0.10635,0.07307,0.04555,0.02173,0.12636
0.13313,0.08232,0.08811,0.05665,0.14045,0.04829,0.19252,0.18564,0.03840,0.03448
0.07632,0.01350,0.24741,0.23866,0.08810,0.00625,0.17769,0.13359,0.00734,0.01114
0.09349,0.29149,0.06682,0.02754,0.38870,0.01050,0.04380,0.03774,0.02163,0.01829
0.25648,0.01113,0.03970,0.02418,0.28377,0.00805,0.18874,0.15839,0.02039,0.00917
0.05827,0.04920,0.15106,0.03307,0.20711,0.14022,0.12210,0.09698,0.01447,0.12753
0.06734,0.02541,0.02703,0.23576,0.29665,0.12243,0.05041,0.03810,0.01743,0.11944
0.27794,0.01134,0.01261,0.02205,0.32880,0.12349,0.06148,0.03714,0.01124,0.11391
0.01678,0.02118,0.03833,0.31588,0.39628,0.08777,0.01807,0.01299,0.00466,0.08807
0.24894,0.01174,0.03772,0.05561,0.30296,0.01016,0.19752,0.11203,0.00511,0.01822
0.05359,0.02827,0.16702,0.20633,0.14006,0.02319,0.19605,0.15767,0.01271,0.01511
0.02785,0.07763,0.10219,0.04951,0.06314,0.02720,0.33785,0.26239,0.01015,0.04209
0.14375,0.03526,0.07174,0.30439,0.30860,0.01444,0.05978,0.03968,0.01019,0.01217
0.19086,0.04954,0.06215,0.05471,0.24747,0.00939,0.22633,0.12148,0.02818,0.00988
0.03798,0.08950,0.09252,0.09090,0.14240,0.03463,0.25770,0.20456,0.00631,0.04349
0.22897,0.02504,0.01305,0.01621,0.27549,0.00818,0.25328,0.17013,0.00334,0.00631
0.08574,0.02060,0.16620,0.13684,0.07447,0.05224,0.22668,0.18463,0.02090,0.03170
0.03177,0.03078,0.04826,0.03696,0.08191,0.14618,0.25632,0.22248,0.00661,0.13874
0.18723,0.13187,0.15442,0.07883,0.24137,0.01128,0.09725,0.07187,0.00949,0.01640
0.03184,0.02343,0.03301,0.07045,0.03713,0.01881,0.38809,0.34728,0.01486,0.03509
0.32023,0.06549,0.11051,0.04794,0.38205,0.01166,0.02410,0.01503,0.00429,0.01870
0.01771,0.09848,0.04707,0.02250,0.11545,0.10303,0.26233,0.22844,0.00400,0.10100
0.03488,0.03524,0.06589,0.15824,0.25602,0.20047,0.02581,0.01354,0.00417,0.20574
0.29623,0.01366,0.02452,0.10758,0.36408,0.00519,0.10880,0.06749,0.00390,0.00854
0.27538,0.16234,0.13671,0.04730,0.24613,0.02873,0.03453,0.04490,0.00965,0.01432
0.07470,0.02710,0.31084,0.03436,0.39268,0.01322,0.07547,0.05677,0.00621,0.00864
0.03748,0.01927,0.03410,0.17937,0.23195,0.09428,0.17345,0.13046,0.00827,0.09137
0.06036,0.01568,0.09607,0.18310,0.25175,0.03361,0.17585,0.12304,0.01227,0.04828
0.09259,0.06395,0.11788,0.05136,0.14759,0.00776,0.27527,0.22671,0.00962,0.00728
0.10755,0.01989,0.08079,0.10376,0.11886,0.02523,0.24603,0.23168,0.03375,0.03246
0.04264,0.01837,0.03051,0.15260,0.21619,0.03606,0.18599,0.17949,0.02859,0.10956
0.15628,0.16606,0.06868,0.06133,0.12652,0.04648,0.21644,0.10536,0.01244,0.04041
0.03404,0.01358,0.16963,0.05506,0.21156,0.09494,0.16508,0.13418,0.01769,0.10425
0.05598,0.03730,0.03652,0.13454,0.16361,0.09673,0.16375,0.14453,0.08306,0.08398
0.04108,0.03336,0.06060,0.19283,0.22675,0.01699,0.18404,0.13585,0.01802,0.09048
0.01856,0.18309,0.01150,0.01563,0.23775,0.16889,0.13036,0.04118,0.01782,0.17522
0.05338,0.01674,0.02291,0.17868,0.23682,0.03439,0.22332,0.19457,0.00624,0.03296
0.02547,0.00946,0.08246,0.12783,0.12074,0.21349,0.13330,0.04226,0.00601,0.23899
0.10333,0.06492,0.14319,0.21929,0.22639,0.07872,0.04368,0.02967,0.00935,0.08146
0.10311,0.02172,0.04161,0.11061,0.18241,0.03621,0.25393,0.19909,0.01726,0.03407
0.01768,0.07734,0.01707,0.37119,0.43193,0.02335,0.02008,0.00876,0.00268,0.02992
0.02700,0.02439,0.07505,0.07193,0.10965,0.01177,0.35992,0.29883,0.01672,0.00474
0.03669,0.01967,0.03569,0.23666,0.28644,0.03333,0.15512,0.14706,0.00983,0.03951
0.15343,0.02070,0.17765,0.04110,0.05529,0.04010,0.26158,0.20680,0.00786,0.03549
0.03190,0.22691,0.01889,0.01642,0.31132,0.00492,0.18201,0.17018,0.00616,0.03129
0.05187,0.01685,0.21075,0.19187,0.07860,0.03562,0.16055,0.12764,0.07844,0.04781
0.11334,0.01405,0.06059,0.03224,0.13671,0.07710,0.23181,0.20405,0.03569,0.09443
0.22675,0.03804,0.10786,0.10717,0.26456,0.01004,0.11690,0.09429,0.02524,0.00916
0.04609,0.08712,0.05506,0.29216,0.36055,0.00627,0.07860,0.06018,0.00698,0.00699
0.12789,0.01968,0.08178,0.11502,0.08147,0.07392,0.23082,0.18718,0.01180,0.07044
0.11042,0.01891,0.11133,0.06508,0.18317,0.13458,0.15668,0.06899,0.00999,0.14085
0.01866,0.01524,0.17288,0.05331,0.21160,0.06669,0.21390,0.17307,0.01977,0.05488
0.07023,0.04714,0.04267,0.25911,0.29444,0.01701,0.13749,0.09461,0.01161,0.02569
0.02671,0.01106,0.02821,0.01511,0.01793,0.14129,0.27845,0.23695,0.09653,0.14775
0.16623,0.03565,0.23400,0.23715,0.14584,0.01313,0.09243,0.06064,0.00563,0.00931
0.03236,0.01966,0.02461,0.03034,0.03866,0.11192,0.29350,0.26491,0.06975,0.11429
0.18375,0.02637,0.03975,0.16857,0.05215,0.02341,0.27654,0.20134,0.01145,0.01667
0.11559,0.01304,0.13161,0.31944,0.31481,0.01496,0.05173,0.01848,0.00506,0.01529
0.15691,0.13229,0.17113,0.05243,0.25550,0.06491,0.06566,0.03533,0.01282,0.05303
0.10490,0.02725,0.03916,0.02121,0.15195,0.10788,0.23264,0.20290,0.00705,0.10504
0.03367,0.01296,0.13186,0.02780,0.16946,0.03821,0.31022,0.23128,0.01086,0.03368
0.19420,0.02767,0.27655,0.29254,0.10142,0.03016,0.01818,0.01762,0.01540,0.02627
0.18946,0.17435,0.09405,0.14564,0.22629,0.01047,0.08877,0.06081,0.00476,0.00541
0.18520,0.12544,0.07305,0.11437,0.18117,0.02331,0.12876,0.12074,0.03252,0.01545
0.06214,0.03319,0.03265,0.37689,0.41941,0.00938,0.03433,0.02258,0.00406,0.00536
0.19525,0.01828,0.07088,0.24990,0.15541,0.13130,0.01673,0.01649,0.00991,0.13585
0.03970,0.12558,0.08709,0.02557,0.15679,0.04220,0.25998,0.21576,0.00432,0.04302
0.07651,0.07824,0.03276,0.02245,0.08581,0.00922,0.35185,0.31393,0.01290,0.01634
0.09637,0.05994,0.18313,0.05538,0.25896,0.03323,0.14189,0.12899,0.01264,0.02948
0.02566,0.02498,0.02372,0.01308,0.04245,0.31331,0.12997,0.09582,0.02116,0.30986
0.02036,0.00736,0.02539,0.06235,0.03278,0.00599,0.43994,0.39821,0.00302,0.00459
0.06856,0.00558,0.04688,0.03394,0.12046,0.35041,0.00791,0.00520,0.00381,0.35725
0.03813,0.06799,0.11003,0.33618,0.36184,0.02341,0.01599,0.01048,0.01049,0.02546
0.03481,0.13932,0.08118,0.05928,0.05383,0.05332,0.27182,0.25031,0.01833,0.03779
0.21976,0.09022,0.12563,0.07301,0.24470,0.00876,0.12380,0.10304,0.00527,0.00581
0.09572,0.12189,0.16691,0.08475,0.15151,0.07579,0.12744,0.08398,0.01670,0.07530
0.01085,0.00926,0.01253,0.02637,0.01803,0.01742,0.44648,0.39014,0.01296,0.05595
0.10527,0.19776,0.11535,0.07917,0.31221,0.02939,0.07347,0.04703,0.01945,0.02089
0.01889,0.02464,0.33372,0.26388,0.05735,0.03300,0.05608,0.05285,0.11115,0.04844
0.01372,0.02711,0.03264,0.02722,0.02431,0.00807,0.47992,0.37514,0.00544,0.00644
0.19010,0.01214,0.03652,0.01927,0.23253,0.00565,0.25033,0.21840,0.00578,0.02929
0.25708,0.03001,0.03659,0.32718,0.22368,0.00840,0.06895,0.03732,0.00554,0.00524
0.03120,0.03795,0.01852,0.10751,0.14861,0.00960,0.32184,0.30575,0.00994,0.00909
0.28438,0.00863,0.04443,0.03101,0.32167,0.01124,0.15032,0.12438,0.00491,0.01903
0.16682,0.04196,0.06779,0.04984,0.20614,0.00601,0.25089,0.19366,0.00807,0.00883
0.06093,0.09941,0.21902,0.07094,0.27401,0.01128,0.13994,0.11240,0.00480,0.00727
0.27810,0.23457,0.10562,0.07795,0.21971,0.02065,0.02108,0.02042,0.00989,0.01201
0.14298,0.12505,0.19964,0.15476,0.22077,0.02583,0.06566,0.04025,0.00502,0.02005
0.15345,0.12780,0.17385,0.11288,0.24686,0.02128,0.08053,0.05429,0.00583,0.02324
0.09148,0.03831,0.05300,0.08915,0.14912,0.04584,0.26082,0.22016,0.00998,0.04215
0.04873,0.01436,0.07069,0.06443,0.10906,0.03886,0.36626,0.24348,0.01071,0.03341
0.06979,0.02592,0.21689,0.21643,0.13482,0.10388,0.06432,0.03470,0.03230,0.10095
0.01595,0.01348,0.10551,0.14218,0.20867,0.22199,0.02042,0.01947,0.02350,0.22883
0.02152,0.24146,0.31700,0.08679,0.06643,0.00613,0.16287,0.08712,0.00456,0.00612
0.03059,0.01060,0.02027,0.25526,0.33220,0.01954,0.15426,0.13636,0.03131,0.00962
0.09051,0.06641,0.09949,0.03505,0.14778,0.21414,0.06219,0.04469,0.02174,0.21799
0.04512,0.07109,0.17087,0.19635,0.12877,0.01027,0.18500,0.16517,0.01646,0.01090
0.15037,0.04410,0.04340,0.02813,0.23036,0.16286,0.08972,0.07058,0.02077,0.15971
0.02522,0.04908,0.02320,0.16530,0.19946,0.06460,0.22053,0.17982,0.01572,0.05708
0.17643,0.04362,0.02399,0.02152,0.22377,0.02261,0.22164,0.20895,0.02000,0.03748
0.06714,0.13216,0.06818,0.05498,0.17947,0.01015,0.23404,0.21067,0.01093,0.03228
0.07054,0.02359,0.04260,0.06516,0.12177,0.13212,0.20679,0.18042,0.01773,0.13928
0.15354,0.00975,0.01465,0.01786,0.17113,0.14200,0.17229,0.14393,0.02982,0.14504
0.12413,0.03963,0.03960,0.14591,0.25174,0.01298,0.19261,0.16523,0.01558,0.01261
