0.24300,0.10105,0.22605,0.42989
0.11919,0.14870,0.28018,0.45193
0.17555,0.10158,0.38475,0.33811
0.22755,0.22703,0.26288,0.28255
0.11737,0.27099,0.28626,0.32537
0.15423,0.12524,0.25336,0.46716
0.16638,0.08864,0.27270,0.47228
0.30200,0.10386,0.23063,0.36351
0.12315,0.15029,0.39227,0.33429
0.21146,0.17492,0.24053,0.37309
0.20201,0.13141,0.27080,0.39578
0.10367,0.16559,0.39735,0.33339
0.24544,0.10502,0.29243,0.35712
0.25924,0.12417,0.29498,0.32161
0.17320,0.13502,0.38695,0.30483
0.17594,0.13716,0.23734,0.44956
0.25042,0.14359,0.28223,0.32376
0.17328,0.14159,0.35357,0.33155
0.29380,0.25392,0.21526,0.23701
0.13523,0.27208,0.27206,0.32063
0.34100,0.15017,0.21756,0.29127
0.19233,0.21248,0.24024,0.35494
0.19922,0.11078,0.45037,0.23962
0.20145,0.14837,0.32935,0.32083
0.20923,0.19542,0.29856,0.29678
0.24723,0.14345,0.25842,0.35090
0.20867,0.11447,0.34911,0.32776
0.21194,0.06852,0.37450,0.34504
0.19412,0.22654,0.26829,0.31105
0.23074,0.11974,0.30239,0.34713
0.27327,0.08910,0.36667,0.27097
0.08616,0.24143,0.25585,0.41657
0.16080,0.12394,0.36803,0.34723
0.19616,0.17744,0.33091,0.29548
0.19603,0.21810,0.23348,0.35240
0.13961,0.14277,0.33506,0.38256
0.24225,0.16914,0.30166,0.28696
0.16750,0.15593,0.27790,0.39867
0.23954,0.09321,0.41811,0.24914
0.18593,0.10741,0.34318,0.36347
0.11596,0.13377,0.45161,0.29865
0.28896,0.17294,0.33030,0.20781
0.16265,0.17303,0.34382,0.32050
0.14417,0.12421,0.26573,0.46589
0.19834,0.12316,0.40271,0.27579
0.27118,0.10807,0.33854,0.28222
0.16126,0.09710,0.39701,0.34463
0.15337,0.16135,0.51565,0.16963
0.15416,0.11126,0.33663,0.39795
0.16825,0.12888,0.31517,0.38770
0.10443,0.08336,0.22346,0.58875
0.16227,0.21439,0.21660,0.40674
0.12658,0.11447,0.46367,0.29527
0.15134,0.14432,0.37862,0.32572
0.22540,0.22253,0.35656,0.19552
0.27799,0.07982,0.39513,0.24706
0.24158,0.16459,0.26107,0.33276
0.08614,0.23024,0.43036,0.25327
0.10719,0.26649,0.24085,0.38547
0.21979,0.08298,0.33879,0.35844
0.11783,0.17030,0.31227,0.39960
0.13976,0.16629,0.33388,0.36007
0.22797,0.19932,0.25938,0.31333
0.22085,0.18592,0.25689,0.33634
0.27995,0.20524,0.27376,0.24105
0.17859,0.16403,0.28802,0.36936
0.20890,0.07989,0.43078,0.28044
0.17892,0.21088,0.30362,0.30658
0.18222,0.26598,0.23415,0.31765
0.21024,0.11081,0.34112,0.33783
0.21593,0.19213,0.16085,0.43110
0.14430,0.12099,0.20084,0.53387
0.41001,0.09829,0.28415,0.20755
0.26160,0.20855,0.17353,0.35632
0.19564,0.16115,0.27161,0.37160
0.18346,0.14860,0.35468,0.31326
0.14266,0.10755,0.34517,0.40463
0.18246,0.15094,0.32866,0.33793
0.10010,0.14880,0.43256,0.31854
0.15475,0.16581,0.38018,0.29927
0.10974,0.08742,0.30259,0.50024
0.18108,0.18900,0.38255,0.24737
0.15631,0.27834,0.28116,0.28419
0.14885,0.25271,0.33341,0.26503
0.28447,0.14400,0.23184,0.33970
0.24287,0.11075,0.29576,0.35063
0.17731,0.20106,0.35049,0.27114
0.20060,0.12980,0.29590,0.37371
0.21736,0.26235,0.22547,0.29482
0.17767,0.16227,0.24595,0.41411
0.14696,0.27788,0.25234,0.32282
0.29055,0.15922,0.19562,0.35462
0.15162,0.14183,0.26840,0.43815
0.08151,0.19445,0.38619,0.33786
0.18019,0.18018,0.30368,0.33595
0.15160,0.16202,0.33680,0.34958
0.20255,0.12319,0.34634,0.32793
0.19358,0.16493,0.26279,0.37870
0.12533,0.28030,0.26239,0.33198
0.19912,0.16435,0.25112,0.38541
0.17248,0.09153,0.41652,0.31947
0.25697,0.10198,0.25691,0.38415
0.13258,0.16239,0.36671,0.33833
0.21106,0.11969,0.39029,0.27896
0.26409,0.11885,0.23748,0.37959
0.16806,0.22212,0.43890,0.17092
0.21476,0.23858,0.20973,0.33693
0.23493,0.20612,0.31795,0.24101
0.11542,0.10983,0.35464,0.42011
0.24985,0.08714,0.31769,0.34531
0.22127,0.18673,0.26120,0.33081
0.14749,0.16348,0.27941,0.40963
0.24408,0.22284,0.27306,0.26001
0.11601,0.18265,0.30170,0.39964
0.12307,0.12430,0.38126,0.37137
0.12020,0.19928,0.35837,0.32215
0.12189,0.16947,0.37509,0.33354
0.15276,0.08981,0.26139,0.49603
0.26529,0.18556,0.28398,0.26517
0.09958,0.13735,0.22909,0.53397
0.28198,0.15682,0.23535,0.32584
0.20862,0.16495,0.30860,0.31784
0.20169,0.22929,0.28469,0.28433
0.08721,0.08857,0.56770,0.25652
0.19386,0.14610,0.33821,0.32183
0.15296,0.20342,0.31989,0.32372
0.27758,0.16978,0.22706,0.32558
0.22361,0.15057,0.21933,0.40648
0.12838,0.16643,0.40889,0.29630
0.11112,0.12630,0.35286,0.40973
0.27312,0.19884,0.25232,0.27573
0.30333,0.11816,0.34976,0.22876
0.15507,0.10505,0.46622,0.27366
0.37587,0.16284,0.16393,0.29736
0.08612,0.25783,0.24850,0.40755
0.10446,0.08080,0.38299,0.43175
0.14905,0.11089,0.39980,0.34026
0.13060,0.17379,0.41168,0.28393
0.28810,0.11352,0.29515,0.30323
0.16328,0.12914,0.39708,0.31049
0.08804,0.14683,0.34837,0.41676
0.21045,0.08682,0.46651,0.23622
0.21627,0.22395,0.39495,0.16482
0.19453,0.24467,0.31851,0.24229
0.11326,0.10430,0.29587,0.48657
0.21943,0.15247,0.28692,0.34117
0.14333,0.17692,0.39914,0.28062
0.27389,0.06765,0.26598,0.39248
0.21543,0.14645,0.38127,0.25686
0.19133,0.16817,0.39926,0.24124
0.21813,0.30008,0.19826,0.28353
0.22133,0.14809,0.30986,0.32072
0.20455,0.16768,0.25075,0.37703
0.16094,0.12226,0.38440,0.33240
0.28347,0.13814,0.20245,0.37594
0.32415,0.15100,0.31137,0.21348
0.20380,0.30309,0.18389,0.30921
0.15783,0.18465,0.32097,0.33655
0.36641,0.07650,0.16642,0.39067
0.18329,0.14506,0.41254,0.25910
0.27967,0.12131,0.22042,0.37861
0.15345,0.15055,0.36197,0.33402
0.15912,0.21286,0.27741,0.35061
0.26971,0.22848,0.19947,0.30234
0.15361,0.23614,0.29909,0.31116
0.20182,0.15494,0.35404,0.28920
0.17235,0.28881,0.26539,0.27345
0.23230,0.11853,0.29621,0.35297
0.15061,0.13696,0.35221,0.36022
0.21013,0.09273,0.32258,0.37457
0.17036,0.16031,0.22506,0.44428
0.14364,0.10692,0.41735,0.33209
0.12577,0.15083,0.39500,0.32840
0.16760,0.15636,0.36922,0.30682
0.13980,0.16091,0.29299,0.40629
0.09958,0.15910,0.27734,0.46398
0.34339,0.20399,0.18258,0.27005
0.17960,0.23982,0.24845,0.33213
0.22064,0.14179,0.17852,0.45905
0.16361,0.14821,0.30791,0.38027
0.23251,0.19344,0.22060,0.35346
0.18261,0.17218,0.38576,0.25945
0.16825,0.13386,0.29884,0.39905
0.15182,0.18951,0.32209,0.33659
0.11793,0.14297,0.24561,0.49350
0.13623,0.14980,0.31613,0.39784
0.20603,0.10033,0.34718,0.34646
0.33038,0.26032,0.24056,0.16874
0.17563,0.16939,0.40103,0.25395
0.20164,0.14722,0.38294,0.26819
0.19412,0.09977,0.34864,0.35746
0.29063,0.15467,0.26644,0.28826
0.20872,0.11337,0.24571,0.43220
0.15280,0.17941,0.32849,0.33930
0.26415,0.17847,0.26634,0.29104
0.21679,0.18096,0.26284,0.33941
0.17809,0.17647,0.26946,0.37599
0.18375,0.15524,0.35977,0.30124
0.11712,0.15201,0.29539,0.43549
0.16487,0.15030,0.26166,0.42316
0.29787,0.19028,0.25587,0.25598
0.11520,0.12198,0.36880,0.39402
0.17629,0.10937,0.30166,0.41268
0.17134,0.22771,0.35709,0.24387
0.08737,0.10392,0.24453,0.56419
0.28478,0.17323,0.26157,0.28041
0.16729,0.12059,0.31882,0.39330
0.17422,0.27633,0.30784,0.24161
0.16298,0.12228,0.38432,0.33042
0.12082,0.21503,0.32581,0.33834
0.14782,0.12129,0.28309,0.44781
0.15122,0.17691,0.45512,0.21675
0.20214,0.07397,0.17912,0.54477
0.17697,0.09152,0.42919,0.30232
0.21780,0.27229,0.20002,0.30989
0.24966,0.15064,0.29420,0.30550
0.15528,0.14183,0.27834,0.42455
0.27332,0.12533,0.36738,0.23397
0.12283,0.21076,0.28407,0.38233
0.06288,0.09723,0.43138,0.40852
0.18718,0.16275,0.27065,0.37942
0.09318,0.09699,0.31112,0.49870
0.17045,0.16517,0.27195,0.39243
0.30236,0.11327,0.28729,0.29708
0.28883,0.07303,0.22017,0.41797
0.16231,0.09021,0.35954,0.38795
0.13479,0.13533,0.41180,0.31808
0.24896,0.11243,0.38163,0.25698
0.13328,0.15990,0.39482,0.31200
0.24980,0.17949,0.25131,0.31940
0.11614,0.23211,0.29425,0.35750
0.14933,0.23515,0.30288,0.31264
0.15605,0.13261,0.31867,0.39267
0.24567,0.22039,0.16318,0.37076
0.18592,0.29288,0.27368,0.24752
0.21036,0.12947,0.32815,0.33203
0.09884,0.29310,0.32381,0.28425
0.12896,0.17661,0.38358,0.31085
0.29708,0.16543,0.25841,0.27907
0.13744,0.12332,0.35967,0.37958
0.31709,0.10212,0.40063,0.18016
0.14624,0.13187,0.43041,0.29148
0.17585,0.16703,0.38070,0.27642
0.28336,0.18363,0.18130,0.35171
0.13928,0.09946,0.49030,0.27095
0.21108,0.12014,0.35894,0.30983
0.06611,0.31479,0.18388,0.43522
0.23304,0.21342,0.34801,0.20554
0.16014,0.15218,0.33334,0.35434
0.21947,0.24548,0.20488,0.33017
0.20297,0.16514,0.27431,0.35758
0.17593,0.20570,0.32933,0.28905
0.28220,0.14984,0.18579,0.38216
0.10762,0.22660,0.39385,0.27193
0.14726,0.21091,0.23029,0.41154
0.25897,0.20800,0.19004,0.34298
0.21488,0.14591,0.37114,0.26807
0.21691,0.16212,0.29999,0.32098
0.14811,0.12268,0.28068,0.44852
0.16522,0.12613,0.39510,0.31355
0.23090,0.20026,0.25902,0.30983
0.15776,0.20560,0.33556,0.30108
0.15105,0.08068,0.35448,0.41379
0.18232,0.16951,0.25297,0.39520
0.10568,0.25117,0.27556,0.36759
0.07560,0.12673,0.55249,0.24518
0.14598,0.15997,0.31746,0.37659
0.25828,0.08798,0.30350,0.35025
0.12362,0.08352,0.40219,0.39067
0.32027,0.10807,0.29760,0.27406
0.19673,0.12406,0.40221,0.27700
0.21344,0.15006,0.36154,0.27496
0.18752,0.11629,0.43254,0.26364
0.17387,0.08302,0.33144,0.41168
0.15914,0.05546,0.48113,0.30426
0.13912,0.17044,0.26592,0.42453
0.17639,0.21134,0.20864,0.40362
0.09942,0.16073,0.37645,0.36340
0.23543,0.16851,0.27131,0.32474
0.20400,0.23151,0.19870,0.36578
0.20506,0.14169,0.33214,0.32110
0.13743,0.08093,0.26191,0.51973
0.11548,0.13344,0.44260,0.30847
0.13518,0.18925,0.27344,0.40213
0.17490,0.17856,0.45575,0.19080
0.17084,0.14322,0.43635,0.24959
0.31376,0.21531,0.26283,0.20810
0.16320,0.07500,0.24660,0.51520
0.13574,0.25131,0.32432,0.28863
0.21457,0.20711,0.28269,0.29563
0.28978,0.17006,0.23120,0.30896
0.14976,0.15450,0.29579,0.39995
0.23940,0.09921,0.42766,0.23373
0.07449,0.14824,0.45054,0.32672
0.18095,0.14790,0.31304,0.35811
0.27342,0.15688,0.27696,0.29274
0.30432,0.24874,0.20000,0.24695
0.12003,0.21470,0.33147,0.33379
0.15753,0.16069,0.36250,0.31927
0.16464,0.13800,0.34498,0.35238
