0.00925,0.00953,0.01387,0.01166,0.01521,0.00842,0.00921,0.01113,0.01503,0.01043,0.09246,0.01128,0.01392,0.03466,0.01372,0.00981,0.17071,0.09774,0.00499,0.43697
0.01730,0.00871,0.01449,0.01230,0.01459,0.01594,0.00880,0.00935,0.00724,0.03959,0.33081,0.08329,0.02127,0.20967,0.00332,0.01272,0.00471,0.00361,0.05687,0.12542
0.02231,0.02500,0.09532,0.05395,0.08249,0.09898,0.08682,0.02117,0.06699,0.09584,0.02986,0.01434,0.01661,0.10871,0.01667,0.03165,0.02825,0.01476,0.07397,0.01630
0.01400,0.00936,0.02179,0.01079,0.01442,0.01388,0.01294,0.03058,0.01308,0.01604,0.05897,0.33349,0.02545,0.09962,0.00391,0.20913,0.06794,0.01069,0.01373,0.02019
0.44405,0.00211,0.00327,0.00322,0.00296,0.00260,0.00365,0.48208,0.00263,0.00243,0.01344,0.00318,0.00336,0.00574,0.00174,0.00359,0.00249,0.00237,0.00268,0.01239
0.02004,0.01006,0.01371,0.01284,0.01251,0.02330,0.01601,0.01086,0.01855,0.01844,0.10943,0.26427,0.03532,0.00986,0.11194,0.17688,0.09365,0.01474,0.00663,0.02095
0.40342,0.00735,0.02202,0.00925,0.00689,0.00930,0.00413,0.00921,0.00516,0.00642,0.14452,0.01121,0.00583,0.02552,0.00614,0.00452,0.00401,0.00403,0.00670,0.30438
0.05867,0.00229,0.00346,0.00546,0.00298,0.83605,0.00496,0.00260,0.00280,0.00303,0.02020,0.00825,0.00370,0.00417,0.00139,0.00588,0.00435,0.00218,0.00180,0.02578
0.02746,0.01406,0.03508,0.11557,0.01951,0.02395,0.10979,0.07920,0.03202,0.01601,0.06272,0.01791,0.04141,0.02942,0.29150,0.00911,0.01000,0.00460,0.01000,0.05070
0.00896,0.00578,0.03687,0.01281,0.00851,0.01565,0.01059,0.01419,0.02407,0.01262,0.29856,0.01681,0.01012,0.02338,0.00393,0.00440,0.08399,0.00903,0.00543,0.39428
0.01931,0.01167,0.02069,0.01948,0.02132,0.01516,0.01561,0.01328,0.01258,0.01525,0.02160,0.26637,0.01017,0.00806,0.00994,0.28966,0.19923,0.00861,0.00633,0.01567
0.02986,0.02188,0.03124,0.01161,0.03002,0.01973,0.01626,0.03553,0.01765,0.01918,0.03746,0.42708,0.04583,0.00644,0.03394,0.16534,0.01489,0.01905,0.00299,0.01403
0.03419,0.00319,0.00557,0.00593,0.00516,0.80452,0.00712,0.00256,0.00336,0.00358,0.01737,0.00702,0.00590,0.00844,0.00151,0.02125,0.02165,0.00795,0.00362,0.03012
0.01212,0.01419,0.01717,0.06719,0.00991,0.00887,0.37536,0.01143,0.01252,0.00421,0.02462,0.23217,0.01339,0.01039,0.00952,0.10666,0.01458,0.00655,0.00424,0.04491
0.03509,0.38070,0.01338,0.01995,0.01117,0.01092,0.01308,0.01301,0.00660,0.01072,0.03767,0.00633,0.03679,0.00700,0.00399,0.00514,0.00659,0.00875,0.00571,0.36741
0.19867,0.01486,0.02494,0.01009,0.01083,0.00946,0.02271,0.34689,0.01948,0.02532,0.06959,0.01496,0.01024,0.00780,0.00693,0.02247,0.01074,0.00736,0.00675,0.15991
0.02726,0.02158,0.03101,0.02066,0.02310,0.02118,0.03927,0.03401,0.02089,0.02455,0.02088,0.02024,0.03288,0.07421,0.00691,0.03049,0.06347,0.03124,0.44041,0.01576
0.01066,0.00794,0.01080,0.01129,0.00808,0.00785,0.00975,0.00739,0.00846,0.00784,0.08503,0.01037,0.01575,0.07166,0.00637,0.00942,0.00518,0.00297,0.63495,0.06826
0.03864,0.01056,0.01810,0.01889,0.01967,0.01422,0.01761,0.01275,0.01393,0.01456,0.07741,0.05904,0.02341,0.12257,0.26296,0.13127,0.02962,0.01765,0.01467,0.08246
0.03749,0.01427,0.02186,0.02360,0.01693,0.01546,0.01966,0.03810,0.01794,0.01775,0.02438,0.01864,0.01768,0.03988,0.00347,0.09459,0.01412,0.00855,0.53212,0.02351
0.03199,0.00971,0.02792,0.09968,0.01972,0.03709,0.01162,0.02035,0.01463,0.01189,0.11566,0.29712,0.14334,0.02496,0.00359,0.02005,0.02152,0.00980,0.00597,0.07337
0.01683,0.00837,0.01712,0.01186,0.01477,0.00940,0.01373,0.00938,0.01001,0.00803,0.02965,0.48963,0.04807,0.00460,0.10556,0.13313,0.03023,0.01081,0.00334,0.02546
0.02139,0.01319,0.01322,0.02477,0.01193,0.01209,0.01464,0.02086,0.01140,0.01125,0.02693,0.53561,0.04106,0.01025,0.01521,0.13576,0.03588,0.01048,0.00656,0.02752
0.04066,0.01256,0.03345,0.01179,0.02526,0.02459,0.02388,0.01542,0.02391,0.01865,0.02439,0.30033,0.04405,0.01469,0.04265,0.23858,0.05387,0.01990,0.00522,0.02616
0.01385,0.01211,0.02099,0.01550,0.01357,0.01205,0.01608,0.01307,0.01244,0.01029,0.09421,0.17358,0.01565,0.01507,0.00835,0.27632,0.23559,0.00775,0.00624,0.02729
0.00804,0.00510,0.00817,0.00766,0.00686,0.00699,0.00716,0.00748,0.00533,0.00792,0.18814,0.17346,0.01450,0.01410,0.00957,0.45633,0.02437,0.00885,0.00760,0.03237
0.01081,0.00762,0.01076,0.01071,0.01008,0.00909,0.00787,0.00784,0.01258,0.01293,0.02918,0.16811,0.03114,0.01109,0.43809,0.17005,0.02272,0.00760,0.00373,0.01801
0.00887,0.00720,0.01957,0.00560,0.00820,0.00689,0.01487,0.51568,0.01392,0.00749,0.01708,0.26456,0.01110,0.00601,0.00699,0.04828,0.00719,0.00427,0.00293,0.02331
0.01253,0.00655,0.01294,0.00883,0.01047,0.00745,0.01013,0.00892,0.00617,0.00606,0.05138,0.65783,0.01202,0.01227,0.00509,0.07592,0.02265,0.00614,0.00321,0.06344
0.02598,0.03050,0.04493,0.04791,0.02363,0.02245,0.05523,0.02978,0.03608,0.02471,0.01664,0.19997,0.03319,0.17161,0.00999,0.12814,0.01030,0.01001,0.06903,0.00991
0.00641,0.00492,0.00616,0.33239,0.00794,0.00544,0.35270,0.00638,0.00473,0.00482,0.04563,0.00357,0.01051,0.01716,0.00413,0.00281,0.00357,0.00212,0.00729,0.17134
0.01349,0.00699,0.00880,0.00796,0.00636,0.00801,0.00822,0.00803,0.00769,0.00721,0.05777,0.42180,0.01451,0.00644,0.00816,0.36675,0.01868,0.00454,0.00507,0.01351
0.02725,0.00609,0.00746,0.81326,0.00446,0.00379,0.00570,0.00815,0.00577,0.00695,0.00878,0.00856,0.01279,0.00341,0.00376,0.02652,0.02610,0.01088,0.00218,0.00815
0.37189,0.01201,0.01497,0.00578,0.04472,0.01213,0.01002,0.08251,0.02373,0.02697,0.04076,0.12428,0.09674,0.00553,0.00461,0.08547,0.00922,0.00695,0.00429,0.01744
0.00972,0.00766,0.01524,0.01783,0.01480,0.01396,0.00800,0.01737,0.01339,0.01023,0.05290,0.01326,0.02362,0.07000,0.01947,0.00300,0.00351,0.00298,0.01019,0.67286
0.01120,0.00841,0.01197,0.00902,0.01300,0.01158,0.01350,0.01311,0.01057,0.01049,0.17554,0.46646,0.03609,0.03100,0.00376,0.07451,0.04861,0.00817,0.02071,0.02228
0.23663,0.00838,0.01028,0.12542,0.00901,0.00712,0.00983,0.01007,0.00585,0.00706,0.02683,0.37579,0.09429,0.00408,0.00813,0.02338,0.00910,0.00544,0.00332,0.01997
0.00915,0.00794,0.04754,0.01072,0.01140,0.00710,0.02113,0.31238,0.01979,0.01571,0.01641,0.28817,0.05937,0.02180,0.00348,0.10585,0.01317,0.00377,0.00869,0.01643
0.00421,0.00269,0.00390,0.00356,0.00309,0.00286,0.00347,0.00268,0.00281,0.00253,0.28250,0.00325,0.02684,0.02489,0.01259,0.57711,0.00901,0.00154,0.01123,0.01923
0.01060,0.00734,0.01274,0.01251,0.00806,0.00817,0.02189,0.00748,0.00748,0.01160,0.03530,0.44112,0.04927,0.00768,0.00651,0.22975,0.08694,0.00664,0.00537,0.02353
0.01604,0.01059,0.00927,0.00966,0.00929,0.01228,0.16931,0.20769,0.01721,0.00785,0.05135,0.21806,0.03115,0.00381,0.00760,0.16043,0.02044,0.00740,0.00280,0.02777
0.06819,0.01656,0.06459,0.04296,0.04804,0.04193,0.02546,0.03346,0.01519,0.01096,0.07671,0.02310,0.01835,0.05521,0.01308,0.01156,0.00586,0.00427,0.01022,0.41432
0.02113,0.03724,0.01758,0.02979,0.01646,0.04429,0.02422,0.05333,0.02502,0.02344,0.17067,0.02353,0.02418,0.09638,0.00285,0.00800,0.03547,0.06040,0.01394,0.27209
0.01271,0.00813,0.00929,0.01121,0.00915,0.01091,0.01879,0.00900,0.01088,0.00985,0.21844,0.17773,0.01895,0.00512,0.01887,0.35736,0.06199,0.00571,0.00340,0.02251
0.02137,0.01511,0.02230,0.01930,0.02201,0.02001,0.02346,0.01972,0.02127,0.01400,0.17489,0.14928,0.09715,0.01874,0.24891,0.05209,0.01410,0.00901,0.00916,0.02811
0.12932,0.01612,0.01791,0.00786,0.02422,0.10698,0.06082,0.01065,0.00804,0.01342,0.18756,0.08016,0.03260,0.03235,0.00803,0.03352,0.00796,0.00571,0.00846,0.20833
0.01022,0.00923,0.01663,0.01139,0.01479,0.01213,0.01036,0.01118,0.01030,0.00933,0.07058,0.49777,0.04929,0.00923,0.00488,0.02553,0.01651,0.00679,0.00468,0.19919
0.01215,0.01673,0.02092,0.06667,0.02845,0.02336,0.00880,0.43010,0.00924,0.01305,0.01634,0.00939,0.15488,0.00431,0.00262,0.11651,0.02453,0.00707,0.00242,0.03247
0.01754,0.01158,0.06526,0.01421,0.01466,0.01512,0.01412,0.01469,0.01476,0.07250,0.01556,0.20546,0.05563,0.02472,0.00928,0.01440,0.38368,0.00921,0.01077,0.01686
0.01595,0.01094,0.00821,0.01578,0.01180,0.01472,0.03249,0.29507,0.01179,0.00597,0.20552,0.06428,0.13966,0.00709,0.00723,0.06455,0.01459,0.01083,0.00494,0.05862
0.04259,0.02235,0.07068,0.21563,0.02059,0.04264,0.04982,0.03965,0.03581,0.01094,0.12297,0.07251,0.02846,0.05006,0.00878,0.04583,0.01952,0.00551,0.01455,0.08110
0.00939,0.01037,0.01038,0.01033,0.00823,0.00835,0.00753,0.00670,0.00786,0.00480,0.05092,0.53917,0.03021,0.01278,0.00600,0.17161,0.06625,0.01300,0.00469,0.02144
0.03075,0.03204,0.02270,0.06112,0.01482,0.01527,0.01639,0.01001,0.01650,0.01483,0.09662,0.02140,0.02364,0.03183,0.00774,0.04075,0.00935,0.00506,0.48007,0.04910
0.02080,0.27483,0.02828,0.02231,0.01717,0.02378,0.05162,0.01419,0.01626,0.01508,0.01894,0.03441,0.17379,0.00472,0.00579,0.04325,0.02225,0.01237,0.00353,0.19662
0.01039,0.05346,0.00837,0.02479,0.00972,0.01592,0.01091,0.00805,0.00658,0.00619,0.07038,0.39840,0.01463,0.00966,0.00954,0.29809,0.00871,0.00354,0.00935,0.02334
0.76472,0.00620,0.02358,0.00781,0.00531,0.00643,0.00554,0.00823,0.00587,0.00579,0.02599,0.00706,0.02402,0.03017,0.01006,0.00557,0.00483,0.00456,0.00661,0.04164
0.00657,0.00511,0.00941,0.00991,0.01010,0.00832,0.00727,0.01619,0.00986,0.00502,0.20455,0.00745,0.04535,0.18690,0.17933,0.00297,0.00642,0.00338,0.01901,0.25688
0.16179,0.00624,0.00839,0.04231,0.00941,0.02901,0.00958,0.16626,0.01157,0.00855,0.07625,0.04457,0.14140,0.01318,0.16297,0.01699,0.01303,0.00686,0.00599,0.06566
0.04927,0.01518,0.01925,0.01960,0.01680,0.03024,0.02724,0.02428,0.01919,0.02175,0.18948,0.11629,0.03660,0.02203,0.01726,0.24308,0.03648,0.01227,0.01573,0.06801
0.01508,0.02873,0.03786,0.02498,0.04487,0.11444,0.03289,0.08551,0.02389,0.04656,0.05480,0.17879,0.06248,0.01388,0.00875,0.02191,0.00929,0.02361,0.00791,0.16377
0.00606,0.00466,0.00807,0.00683,0.00561,0.00523,0.00545,0.00679,0.00549,0.00543,0.09360,0.36985,0.00976,0.02649,0.00863,0.35133,0.03154,0.00828,0.00987,0.03104
0.02633,0.03561,0.02228,0.07644,0.02435,0.01194,0.02003,0.02643,0.01068,0.01029,0.03835,0.43363,0.04630,0.00888,0.02322,0.10239,0.02597,0.00920,0.00628,0.04140
0.02612,0.00851,0.01835,0.06023,0.00874,0.01023,0.01897,0.04443,0.01408,0.01929,0.04199,0.01231,0.06550,0.02722,0.00221,0.01520,0.07127,0.23739,0.01852,0.27944
0.01088,0.01442,0.01861,0.02600,0.01365,0.00989,0.01152,0.01594,0.01701,0.01244,0.11683,0.00539,0.00711,0.08363,0.01714,0.00293,0.00597,0.00295,0.01149,0.59621
0.05549,0.00340,0.00754,0.08513,0.00751,0.00520,0.00423,0.57922,0.00444,0.00520,0.02280,0.02067,0.08633,0.00398,0.05888,0.01606,0.00843,0.00748,0.00272,0.01529
0.00713,0.00590,0.00729,0.00574,0.00509,0.00558,0.00609,0.00541,0.00486,0.00481,0.12019,0.32100,0.02341,0.00396,0.02502,0.30712,0.11607,0.00596,0.00242,0.01695
0.01825,0.00935,0.02357,0.01641,0.01550,0.01114,0.01767,0.04121,0.01792,0.00963,0.04960,0.54463,0.00893,0.00962,0.02241,0.13308,0.01996,0.01043,0.00502,0.01567
0.33032,0.01429,0.05493,0.01176,0.03499,0.01480,0.00806,0.02564,0.01739,0.01215,0.01678,0.02777,0.02337,0.01990,0.05579,0.27090,0.02153,0.01082,0.01354,0.01528
0.00455,0.00419,0.00419,0.00502,0.00414,0.00340,0.04719,0.85651,0.00291,0.00439,0.01345,0.00774,0.00702,0.00357,0.00253,0.00483,0.00519,0.00347,0.00227,0.01344
0.43056,0.00340,0.32807,0.00501,0.00501,0.00469,0.00385,0.00531,0.00438,0.00491,0.08110,0.01006,0.02138,0.00567,0.04450,0.00870,0.00357,0.00248,0.00266,0.02466
0.01383,0.01734,0.01478,0.01599,0.00817,0.00621,0.00990,0.01144,0.00958,0.00658,0.02725,0.01470,0.05987,0.00587,0.00805,0.01040,0.03652,0.67348,0.00380,0.04624
0.00800,0.00866,0.01581,0.02581,0.01473,0.01982,0.01243,0.02848,0.01281,0.01117,0.10054,0.23302,0.07636,0.06705,0.00494,0.00457,0.00620,0.00359,0.00809,0.33793
0.00928,0.03600,0.01227,0.01388,0.01039,0.00830,0.01008,0.00927,0.00622,0.00686,0.20685,0.02161,0.07647,0.00763,0.01863,0.47408,0.02498,0.00355,0.00992,0.03371
0.02257,0.01246,0.01337,0.02575,0.01479,0.01060,0.01548,0.01961,0.00888,0.00845,0.10921,0.17654,0.02643,0.01656,0.10749,0.31026,0.02949,0.00788,0.01114,0.05304
0.01435,0.01319,0.01754,0.01186,0.01132,0.01335,0.01542,0.01301,0.00943,0.01190,0.01888,0.00854,0.02155,0.00926,0.00237,0.01078,0.02147,0.72200,0.00505,0.04874
0.02794,0.02392,0.02241,0.03394,0.02749,0.07256,0.01500,0.02479,0.01711,0.01211,0.04643,0.01460,0.16156,0.01707,0.26480,0.01003,0.03215,0.10102,0.01228,0.06279
0.05131,0.01881,0.02591,0.01988,0.01349,0.52521,0.03341,0.01637,0.00940,0.01072,0.01691,0.13072,0.03162,0.00989,0.01816,0.02214,0.00797,0.00413,0.00492,0.02902
0.01233,0.01256,0.00995,0.01784,0.00856,0.00710,0.02552,0.00693,0.00624,0.00671,0.17606,0.14429,0.03103,0.00683,0.02550,0.39433,0.06973,0.00457,0.00480,0.02913
0.01277,0.00632,0.02265,0.00974,0.01362,0.00918,0.01472,0.08275,0.09478,0.01542,0.15106,0.01582,0.00995,0.14049,0.00346,0.00663,0.02031,0.00816,0.03532,0.32686
0.02726,0.01714,0.03636,0.02471,0.03002,0.04007,0.01417,0.04709,0.02853,0.02395,0.15766,0.05521,0.10328,0.03920,0.00743,0.04220,0.01082,0.01045,0.01006,0.27439
0.02129,0.01672,0.03056,0.17668,0.02311,0.02865,0.02327,0.04039,0.11141,0.02043,0.17358,0.12400,0.02688,0.02872,0.00745,0.02800,0.01705,0.01018,0.00701,0.08462
0.03775,0.01606,0.09329,0.02245,0.02511,0.01235,0.03464,0.04832,0.01147,0.06229,0.03649,0.32965,0.09748,0.01891,0.00877,0.01956,0.01570,0.00741,0.00702,0.09529
0.00967,0.01577,0.00893,0.02469,0.00887,0.00417,0.01356,0.62052,0.00746,0.00915,0.08289,0.00874,0.01105,0.00448,0.01764,0.00369,0.00596,0.00507,0.00411,0.13357
0.01294,0.00693,0.01212,0.00840,0.01036,0.01090,0.01074,0.01006,0.00887,0.00897,0.11801,0.27596,0.14492,0.02265,0.03002,0.23360,0.04238,0.00619,0.00766,0.01832
0.02285,0.24910,0.02167,0.01284,0.02433,0.03057,0.02185,0.04537,0.07895,0.04066,0.03107,0.05971,0.06321,0.00431,0.04628,0.04286,0.12145,0.03460,0.00240,0.04592
0.00228,0.00294,0.01258,0.00332,0.00310,0.00273,0.00328,0.00475,0.21910,0.00377,0.22929,0.00374,0.00358,0.00679,0.00196,0.00181,0.00366,0.00234,0.00269,0.48629
0.00799,0.02017,0.01448,0.02555,0.01359,0.01282,0.01647,0.04229,0.01757,0.01989,0.19016,0.05772,0.02301,0.05453,0.00342,0.00644,0.00610,0.00544,0.00777,0.45461
0.01328,0.01031,0.02062,0.01536,0.02329,0.04875,0.02117,0.02208,0.03888,0.01669,0.13506,0.01063,0.03146,0.11987,0.01040,0.00343,0.00599,0.00336,0.05816,0.39119
0.07307,0.53637,0.00875,0.04836,0.00937,0.01025,0.01940,0.02096,0.01028,0.00871,0.04157,0.01849,0.01547,0.03232,0.00249,0.06324,0.00726,0.00952,0.01543,0.04867
0.01820,0.01391,0.02059,0.01856,0.01995,0.01717,0.02100,0.02887,0.01872,0.01520,0.08631,0.18481,0.04192,0.04593,0.00369,0.04059,0.15356,0.06298,0.00921,0.17885
0.06662,0.02560,0.08222,0.06285,0.12880,0.04030,0.01930,0.04018,0.01524,0.02550,0.03143,0.05814,0.02537,0.10295,0.01574,0.13332,0.05968,0.01489,0.02847,0.02341
0.03503,0.00980,0.01702,0.61248,0.03728,0.01446,0.00756,0.01166,0.00829,0.00916,0.02279,0.00876,0.02702,0.02776,0.06724,0.01309,0.01879,0.01866,0.01150,0.02166
0.01077,0.00692,0.01088,0.01546,0.00824,0.00718,0.00866,0.00852,0.00747,0.00725,0.03635,0.44530,0.03658,0.01395,0.02999,0.26207,0.04938,0.01264,0.00848,0.01389
0.01812,0.01010,0.01938,0.01198,0.01209,0.01028,0.01256,0.01329,0.00969,0.00959,0.04890,0.47153,0.02596,0.03079,0.00433,0.14848,0.09054,0.01037,0.01119,0.03086
0.00576,0.00693,0.47368,0.00901,0.00761,0.00392,0.00291,0.00245,0.00431,0.00449,0.01947,0.00632,0.01148,0.24081,0.00732,0.00645,0.00250,0.00221,0.01501,0.16735
0.01292,0.00751,0.01229,0.00933,0.00863,0.00818,0.00976,0.01046,0.00848,0.00749,0.05327,0.58102,0.02811,0.00721,0.00724,0.16541,0.02899,0.00964,0.00361,0.02044
0.01537,0.01091,0.01454,0.01668,0.01401,0.01207,0.01367,0.01520,0.01315,0.01115,0.06184,0.43898,0.02225,0.00843,0.23617,0.05743,0.00891,0.00511,0.00635,0.01778
0.14206,0.01274,0.01382,0.08959,0.00947,0.00886,0.01090,0.00943,0.00801,0.00729,0.10561,0.18057,0.02954,0.00866,0.01412,0.25492,0.06252,0.00868,0.00588,0.01733
0.02991,0.39611,0.01290,0.03008,0.00812,0.00804,0.01231,0.01580,0.00806,0.00741,0.01910,0.28769,0.09538,0.00528,0.00759,0.01697,0.00865,0.00552,0.00354,0.02154
0.22675,0.00222,0.00378,0.00853,0.00380,0.68689,0.00457,0.00311,0.00368,0.00294,0.00696,0.01039,0.00456,0.00657,0.00296,0.00621,0.00567,0.00212,0.00283,0.00545
