0.04740,0.06079,0.10314,0.11603,0.10306,0.05262,0.34932,0.03696,0.06428,0.06639
0.05768,0.05491,0.09764,0.10096,0.08567,0.12287,0.29400,0.02588,0.13264,0.02773
0.05815,0.06153,0.19778,0.20361,0.11378,0.02580,0.26319,0.02312,0.02360,0.02944
0.03096,0.03303,0.12422,0.19089,0.09121,0.03501,0.16881,0.13453,0.05608,0.13526
0.05248,0.05803,0.07003,0.07627,0.11105,0.04733,0.40936,0.06368,0.06814,0.04361
0.04262,0.04134,0.15351,0.17720,0.14048,0.10461,0.12742,0.05418,0.08544,0.07319
0.07882,0.05875,0.07519,0.08061,0.10125,0.01891,0.48513,0.03882,0.04165,0.02087
0.06617,0.06126,0.10357,0.11736,0.10208,0.07101,0.20789,0.09437,0.06059,0.11570
0.02833,0.02599,0.07803,0.08898,0.06537,0.20078,0.22595,0.03155,0.22166,0.03336
0.04067,0.04885,0.07942,0.09268,0.07293,0.01923,0.11567,0.25278,0.02439,0.25339
0.04293,0.04129,0.08136,0.09079,0.06955,0.06376,0.16602,0.18113,0.05341,0.20974
0.04350,0.04194,0.10935,0.11279,0.09488,0.09063,0.31082,0.03867,0.05967,0.09774
0.04498,0.05999,0.07507,0.08577,0.07685,0.07450,0.40085,0.04978,0.05092,0.08128
0.03779,0.03102,0.05359,0.06457,0.06130,0.01967,0.62466,0.04410,0.03650,0.02680
0.14987,0.17619,0.12726,0.09610,0.14609,0.04837,0.13315,0.03593,0.06005,0.02699
0.03138,0.03410,0.10341,0.10800,0.03131,0.05206,0.32475,0.13525,0.05775,0.12200
0.06059,0.04813,0.17566,0.15722,0.07800,0.03001,0.05821,0.17539,0.08516,0.13163
0.04647,0.05303,0.12980,0.15614,0.11436,0.02714,0.28867,0.07140,0.05267,0.06032
0.03705,0.04069,0.04125,0.04958,0.02613,0.04935,0.61787,0.03915,0.03813,0.06081
0.01623,0.01543,0.02535,0.02908,0.02365,0.02460,0.78704,0.02400,0.02972,0.02489
0.02216,0.02279,0.04172,0.04678,0.04064,0.04894,0.56040,0.08695,0.05503,0.07460
0.01976,0.01973,0.02444,0.02845,0.02456,0.04454,0.18473,0.30058,0.18177,0.17144
0.04279,0.08623,0.08696,0.10194,0.20208,0.02614,0.35152,0.04090,0.03362,0.02783
0.04938,0.05402,0.05643,0.05274,0.07962,0.11743,0.33463,0.09389,0.03008,0.13178
0.02956,0.02886,0.06400,0.08489,0.06021,0.03081,0.44342,0.11438,0.10577,0.03811
0.03086,0.02798,0.05191,0.05552,0.03672,0.05379,0.54853,0.06762,0.08271,0.04437
0.01666,0.01751,0.02760,0.03108,0.02929,0.03715,0.39691,0.20226,0.21804,0.02350
0.02367,0.02937,0.02714,0.04285,0.03787,0.09941,0.29655,0.16638,0.23843,0.03833
0.13155,0.12990,0.11682,0.08281,0.13927,0.03880,0.13651,0.08717,0.07327,0.06389
0.04055,0.04658,0.09805,0.12034,0.07263,0.01746,0.37604,0.09935,0.07299,0.05602
0.03959,0.04621,0.11820,0.14978,0.09514,0.04353,0.41201,0.02071,0.02240,0.05242
0.09025,0.09089,0.15089,0.18103,0.14535,0.04236,0.05697,0.09398,0.04256,0.10572
0.08462,0.07662,0.12832,0.14110,0.09164,0.09041,0.17954,0.04827,0.05009,0.10940
0.02363,0.02451,0.02993,0.03916,0.03409,0.06988,0.27409,0.21100,0.23960,0.05410
0.02649,0.02179,0.04443,0.05357,0.04674,0.32337,0.05803,0.04553,0.34903,0.03103
0.05263,0.04984,0.08049,0.09166,0.01683,0.04259,0.13030,0.22979,0.02844,0.27745
0.03332,0.02810,0.04756,0.05038,0.05309,0.03073,0.58505,0.07507,0.06877,0.02793
0.03258,0.03771,0.06801,0.07765,0.06443,0.16215,0.08329,0.14745,0.24817,0.07855
0.03374,0.03186,0.12729,0.14581,0.10621,0.06314,0.25103,0.08765,0.04626,0.10701
0.02781,0.02390,0.04047,0.04592,0.03785,0.03110,0.27325,0.24238,0.22031,0.05700
0.01482,0.01734,0.02305,0.02381,0.02476,0.13010,0.41621,0.10671,0.21299,0.03021
0.05202,0.05536,0.08651,0.09516,0.09437,0.13845,0.19378,0.06858,0.13095,0.08482
0.03078,0.02788,0.03998,0.04172,0.04508,0.02527,0.29351,0.23482,0.23361,0.02736
0.04175,0.03778,0.03771,0.03912,0.07022,0.02781,0.42278,0.14270,0.05776,0.12238
0.04133,0.03349,0.13588,0.16100,0.05262,0.02380,0.20692,0.13896,0.07947,0.12654
0.02630,0.02766,0.04703,0.05406,0.04203,0.02606,0.18018,0.27609,0.02840,0.29220
0.04646,0.06033,0.05557,0.05521,0.06952,0.01573,0.62222,0.02802,0.02453,0.02242
0.02553,0.02993,0.02990,0.03091,0.02746,0.06137,0.09810,0.30932,0.32198,0.06550
0.03997,0.03965,0.06257,0.06089,0.04387,0.07046,0.41463,0.09710,0.11132,0.05954
0.04374,0.05105,0.05031,0.06629,0.07518,0.08476,0.27953,0.12675,0.06532,0.15708
0.03945,0.07407,0.06631,0.07645,0.12721,0.04112,0.18284,0.17441,0.17926,0.03887
0.03903,0.03811,0.09701,0.12087,0.10478,0.02321,0.16160,0.18387,0.08863,0.14289
0.04822,0.06265,0.07662,0.08637,0.07457,0.02481,0.17892,0.21394,0.17313,0.06076
0.03489,0.04433,0.05286,0.05377,0.05007,0.03342,0.64279,0.02206,0.02697,0.03883
0.01662,0.01607,0.02538,0.02883,0.02617,0.02088,0.53179,0.16175,0.12647,0.04604
0.02112,0.02030,0.02573,0.03370,0.03356,0.01362,0.07228,0.37139,0.05970,0.34860
0.04041,0.04692,0.05645,0.06947,0.05990,0.06042,0.43802,0.08172,0.04934,0.09734
0.02102,0.02320,0.02649,0.03780,0.03525,0.04402,0.59343,0.08665,0.08148,0.05067
0.02187,0.02068,0.02978,0.03199,0.03080,0.03924,0.64658,0.07071,0.08130,0.02705
0.03648,0.03552,0.06059,0.06948,0.06673,0.02960,0.12858,0.26188,0.20064,0.11049
0.06811,0.06903,0.22056,0.22556,0.11002,0.02671,0.19313,0.03063,0.02740,0.02885
0.07393,0.04930,0.13311,0.12554,0.08257,0.04773,0.36464,0.04366,0.05194,0.02759
0.02399,0.02669,0.05430,0.05743,0.04209,0.03242,0.62465,0.04580,0.06040,0.03224
0.06537,0.07088,0.11901,0.12675,0.09565,0.06455,0.27520,0.05039,0.07223,0.05997
0.02445,0.02717,0.03682,0.04002,0.04055,0.02925,0.19949,0.27823,0.03588,0.28813
0.02997,0.02923,0.05887,0.08103,0.06172,0.03895,0.30293,0.17295,0.10341,0.12096
0.03707,0.03863,0.04400,0.05985,0.05641,0.05456,0.07503,0.28544,0.04627,0.30274
0.01737,0.01966,0.02554,0.02720,0.02534,0.03190,0.71948,0.04993,0.05828,0.02529
0.02418,0.02611,0.03591,0.04636,0.03553,0.01667,0.76116,0.01839,0.02070,0.01498
0.01699,0.01910,0.03916,0.05027,0.03454,0.07325,0.65608,0.01569,0.07368,0.02125
0.07364,0.07478,0.06670,0.07656,0.07585,0.07275,0.22506,0.12760,0.14527,0.06180
0.03429,0.03227,0.09564,0.10619,0.08157,0.06086,0.18505,0.16147,0.06464,0.17802
0.05908,0.05521,0.05986,0.06797,0.06576,0.03252,0.50179,0.04494,0.02377,0.08911
0.02947,0.03233,0.05282,0.04494,0.04142,0.05350,0.52899,0.07838,0.06383,0.07433
0.01128,0.01186,0.03457,0.04814,0.02894,0.02304,0.78031,0.01054,0.01719,0.03411
0.02825,0.02101,0.11685,0.18342,0.08804,0.04363,0.39111,0.04466,0.04218,0.04086
0.03762,0.03853,0.05190,0.05703,0.05778,0.04156,0.41078,0.13126,0.11343,0.06012
0.03954,0.04088,0.05216,0.04628,0.05258,0.12062,0.42216,0.06056,0.12535,0.03987
0.07390,0.05836,0.14895,0.17725,0.14051,0.02575,0.22419,0.05534,0.05637,0.03940
0.02560,0.02496,0.04243,0.05152,0.04166,0.03152,0.25253,0.24569,0.04034,0.24375
0.03545,0.02223,0.03576,0.03790,0.03017,0.05002,0.62160,0.05908,0.05252,0.05528
0.10171,0.07112,0.11117,0.10600,0.06158,0.08397,0.23677,0.06043,0.03211,0.13514
0.17010,0.10831,0.10791,0.15622,0.13931,0.01917,0.16295,0.05275,0.06037,0.02291
0.02045,0.02019,0.03868,0.04400,0.03871,0.02545,0.13078,0.32128,0.03497,0.32550
0.00875,0.01032,0.01344,0.01795,0.01622,0.38026,0.08158,0.03872,0.42137,0.01141
0.03734,0.04282,0.10563,0.12206,0.08483,0.07247,0.39527,0.02780,0.06302,0.04877
0.03472,0.04009,0.04985,0.05340,0.09175,0.06274,0.45185,0.07157,0.11358,0.03045
0.05187,0.05577,0.07733,0.08442,0.08477,0.04078,0.45530,0.05691,0.04856,0.04429
0.02941,0.03172,0.04410,0.04488,0.05636,0.06366,0.54474,0.06066,0.06674,0.05773
0.07036,0.05666,0.09073,0.10432,0.06038,0.07506,0.31682,0.07224,0.04381,0.10961
0.02417,0.02841,0.04269,0.04622,0.03976,0.15986,0.42309,0.02698,0.17214,0.03668
0.03827,0.04455,0.08481,0.08200,0.07318,0.12533,0.30289,0.06151,0.14108,0.04638
0.01935,0.02166,0.03920,0.04092,0.04002,0.03928,0.66575,0.04758,0.05858,0.02766
0.08351,0.07937,0.03493,0.04745,0.03859,0.12649,0.34676,0.05121,0.04306,0.14864
0.04422,0.04236,0.10528,0.11667,0.11144,0.01754,0.45814,0.04397,0.03451,0.02589
0.02605,0.02903,0.03927,0.03320,0.03858,0.08775,0.63037,0.02285,0.03090,0.06200
0.05179,0.05118,0.10206,0.13489,0.10961,0.03917,0.39897,0.02721,0.04816,0.03696
0.05238,0.03656,0.05447,0.05771,0.05705,0.06389,0.45509,0.07696,0.08119,0.06470
0.01418,0.01553,0.01135,0.01482,0.32416,0.01240,0.54848,0.02125,0.02129,0.01654
0.03942,0.04300,0.05841,0.06860,0.06161,0.07110,0.23577,0.15009,0.13533,0.13668
0.06229,0.07290,0.15228,0.17816,0.14090,0.02031,0.15110,0.09573,0.08199,0.04434
0.03750,0.03663,0.06643,0.07898,0.06915,0.02908,0.60873,0.01778,0.02399,0.03172
0.01592,0.01676,0.40033,0.39285,0.03044,0.01451,0.08149,0.01634,0.01262,0.01874
0.03628,0.04320,0.06115,0.06780,0.06333,0.03486,0.27544,0.19147,0.03514,0.19133
0.04209,0.04467,0.05937,0.06457,0.05580,0.06530,0.48789,0.05761,0.04908,0.07363
0.02062,0.01869,0.03171,0.03490,0.03324,0.01578,0.62644,0.09426,0.08288,0.04147
0.06101,0.05787,0.12576,0.13401,0.09334,0.05266,0.28638,0.05687,0.05013,0.08198
0.04912,0.05258,0.07564,0.07914,0.07978,0.05148,0.35289,0.10660,0.04351,0.10926
0.03428,0.04244,0.13540,0.14406,0.10488,0.04569,0.34837,0.03132,0.04801,0.06553
0.02481,0.02709,0.03484,0.04802,0.04958,0.02649,0.71202,0.02321,0.02286,0.03107
0.03399,0.03587,0.04258,0.06071,0.05639,0.05947,0.48890,0.06982,0.05812,0.09415
0.08820,0.09465,0.07777,0.07593,0.12035,0.03079,0.10779,0.17827,0.11202,0.11422
0.02285,0.01878,0.03350,0.04191,0.03251,0.07863,0.53984,0.04980,0.04712,0.13506
0.01764,0.02014,0.02293,0.02817,0.02764,0.04120,0.31538,0.24246,0.24386,0.04057
0.01159,0.01147,0.09720,0.10409,0.01981,0.02207,0.68446,0.01428,0.02026,0.01477
0.02257,0.02283,0.03036,0.03541,0.03597,0.02467,0.09474,0.35306,0.29386,0.08653
0.02499,0.02177,0.02960,0.03356,0.02954,0.02943,0.67187,0.06101,0.06867,0.02958
0.04240,0.04686,0.06747,0.08054,0.08284,0.08074,0.43176,0.04665,0.05992,0.06081
0.01584,0.01639,0.03082,0.04099,0.02836,0.02088,0.75042,0.03470,0.03528,0.02632
0.09420,0.10983,0.07981,0.10511,0.03472,0.04203,0.09545,0.16585,0.16124,0.11175
0.00744,0.00821,0.00987,0.01003,0.01293,0.00914,0.06589,0.43423,0.41884,0.02343
0.03511,0.12814,0.09646,0.12287,0.32519,0.01918,0.15803,0.04181,0.04221,0.03100
0.03492,0.03517,0.04310,0.04487,0.06911,0.04663,0.13914,0.27556,0.22515,0.08635
0.02991,0.02284,0.15989,0.25139,0.11681,0.05277,0.23745,0.03737,0.06850,0.02307
0.06962,0.06717,0.09326,0.09751,0.09890,0.03765,0.24237,0.11665,0.10486,0.07201
0.04077,0.04261,0.04276,0.03236,0.04815,0.08589,0.18063,0.22226,0.28661,0.01798
0.07430,0.07786,0.07763,0.06951,0.13488,0.04483,0.37170,0.05710,0.03858,0.05360
0.03501,0.03914,0.07059,0.07095,0.05082,0.03052,0.05781,0.28979,0.10288,0.25248
0.04432,0.04540,0.06887,0.07402,0.06678,0.03824,0.48695,0.06520,0.06313,0.04709
0.10231,0.09289,0.11058,0.13511,0.14952,0.02197,0.32777,0.01866,0.02325,0.01793
0.09457,0.08426,0.18073,0.20165,0.14305,0.02477,0.13019,0.04198,0.02447,0.07433
0.03910,0.04190,0.10750,0.12609,0.11333,0.02330,0.49998,0.01472,0.01481,0.01927
0.04131,0.05054,0.12242,0.14544,0.10069,0.02794,0.30584,0.08599,0.08073,0.03910
0.03564,0.04305,0.06663,0.07128,0.08709,0.03174,0.40394,0.11537,0.09398,0.05128
0.02755,0.02984,0.03127,0.03601,0.03452,0.02721,0.18801,0.29918,0.29059,0.03582
0.02731,0.02749,0.10509,0.14477,0.08428,0.07034,0.32481,0.07012,0.06299,0.08279
0.03922,0.04818,0.08912,0.08366,0.06574,0.02900,0.52252,0.04378,0.04533,0.03346
0.02413,0.02276,0.03410,0.03193,0.03387,0.02443,0.66337,0.07009,0.05441,0.04091
0.11775,0.07368,0.16364,0.15199,0.06394,0.04689,0.25591,0.02962,0.02173,0.07486
0.01607,0.01887,0.01958,0.01915,0.01974,0.01834,0.77675,0.04486,0.03398,0.03266
0.05840,0.07673,0.19093,0.20600,0.16311,0.04212,0.14839,0.03260,0.03167,0.05004
0.01861,0.02102,0.03143,0.03751,0.03484,0.02736,0.23745,0.28279,0.26203,0.04695
0.02812,0.02787,0.05945,0.06763,0.01261,0.08384,0.45439,0.11402,0.04356,0.10850
0.04322,0.03541,0.05452,0.05346,0.06453,0.03711,0.38019,0.14858,0.14743,0.03554
0.07793,0.08290,0.08262,0.08104,0.10555,0.04037,0.27451,0.10442,0.11616,0.03450
0.08482,0.06699,0.10498,0.09284,0.05848,0.04353,0.42917,0.02627,0.05391,0.03902
0.03427,0.03602,0.03443,0.04024,0.04444,0.03041,0.14541,0.30096,0.22327,0.11054
0.02191,0.02463,0.02829,0.03497,0.02782,0.18750,0.40061,0.02249,0.17132,0.08045
0.05423,0.05861,0.15169,0.18067,0.14018,0.03152,0.27867,0.02232,0.02780,0.05429
0.03757,0.05180,0.14763,0.15024,0.12699,0.08425,0.15349,0.07516,0.04917,0.12369
0.06694,0.06839,0.17784,0.16805,0.12372,0.03536,0.10338,0.11291,0.08064,0.06277
0.04843,0.04984,0.07965,0.08632,0.08314,0.05368,0.20372,0.15873,0.07761,0.15889
0.05260,0.05496,0.06210,0.07312,0.06886,0.08173,0.41953,0.06541,0.04282,0.07887
0.03944,0.04260,0.08763,0.09572,0.09068,0.11025,0.25839,0.07886,0.13066,0.06577
0.02283,0.03155,0.02988,0.04063,0.04737,0.05277,0.45071,0.14202,0.13109,0.05115
0.12445,0.12371,0.11495,0.13500,0.02082,0.14174,0.08313,0.04504,0.04188,0.16928
0.05257,0.05144,0.04520,0.03386,0.01673,0.25122,0.22530,0.04080,0.20945,0.07343
0.03298,0.02541,0.12841,0.20164,0.09903,0.06779,0.30349,0.03765,0.07094,0.03266
0.06041,0.05300,0.06058,0.07658,0.05961,0.06006,0.41653,0.07996,0.05046,0.08281
0.02549,0.02645,0.03432,0.03920,0.03531,0.23652,0.21632,0.06577,0.28915,0.03146
0.03248,0.03326,0.05700,0.06244,0.04757,0.07123,0.45754,0.08960,0.05040,0.09848
0.10393,0.08870,0.14551,0.14122,0.08555,0.09669,0.13614,0.04169,0.02976,0.13081
0.09446,0.06813,0.10572,0.12841,0.11852,0.02314,0.25497,0.08878,0.07071,0.04716
0.01638,0.01739,0.03048,0.03113,0.03107,0.06958,0.69743,0.01819,0.06468,0.02366
0.04521,0.04181,0.05103,0.05312,0.05187,0.03512,0.45470,0.11145,0.02365,0.13204
0.10755,0.10784,0.13821,0.14373,0.14437,0.03800,0.18793,0.02738,0.02514,0.07985
0.04097,0.03987,0.04219,0.04875,0.04635,0.08760,0.24009,0.16738,0.16700,0.11978
0.06339,0.06135,0.09501,0.08595,0.09802,0.04437,0.22125,0.14853,0.15572,0.02640
0.01988,0.01701,0.02382,0.03176,0.49523,0.02304,0.32588,0.01512,0.02654,0.02172
0.03887,0.03355,0.05447,0.05727,0.03252,0.14545,0.30328,0.09874,0.19065,0.04520
0.02251,0.02523,0.16934,0.17766,0.18230,0.02179,0.28629,0.04335,0.04522,0.02630
0.01852,0.01756,0.02063,0.02485,0.02332,0.02370,0.73917,0.05349,0.05508,0.02369
0.02328,0.02475,0.03182,0.03391,0.02958,0.02427,0.49961,0.15313,0.14783,0.03183
0.03329,0.03145,0.03928,0.04832,0.05025,0.08873,0.49535,0.05853,0.07042,0.08438
0.05859,0.05318,0.10769,0.12863,0.10277,0.04395,0.38640,0.02902,0.03675,0.05301
0.04620,0.05635,0.07248,0.08448,0.08819,0.01635,0.53752,0.03613,0.03541,0.02688
0.03943,0.02307,0.19298,0.30955,0.14217,0.05762,0.11682,0.02612,0.05490,0.03733
0.05477,0.05914,0.21151,0.25548,0.15044,0.02200,0.11480,0.04688,0.02281,0.06219
0.05349,0.05649,0.12295,0.16064,0.12426,0.08425,0.23494,0.03866,0.09384,0.03048
0.05241,0.03600,0.06615,0.05504,0.05818,0.02797,0.04765,0.30320,0.09015,0.26324
0.11631,0.12283,0.10322,0.11090,0.10517,0.06360,0.13518,0.08526,0.05364,0.10390
0.02279,0.02417,0.03917,0.04042,0.03895,0.05460,0.27641,0.22737,0.21726,0.05886
0.04274,0.04697,0.05173,0.05970,0.05433,0.13735,0.41427,0.02166,0.12645,0.04480
0.02784,0.02571,0.04181,0.04047,0.03297,0.03450,0.44546,0.15784,0.02489,0.16850
0.05236,0.05870,0.06463,0.06754,0.06769,0.05854,0.34883,0.11769,0.07693,0.08709
0.03106,0.02747,0.04764,0.05680,0.04384,0.09236,0.33494,0.13692,0.07473,0.15424
0.04232,0.05327,0.05304,0.05389,0.06547,0.09243,0.33451,0.11872,0.05328,0.13307
0.06096,0.06896,0.09931,0.09880,0.08572,0.02728,0.23695,0.14239,0.02492,0.15472
0.01009,0.00878,0.03598,0.05433,0.02940,0.04424,0.71903,0.01368,0.05684,0.02765
0.02266,0.01998,0.05983,0.06972,0.05366,0.03218,0.66446,0.01805,0.02645,0.03301
0.02088,0.02313,0.03174,0.03496,0.03357,0.04572,0.48489,0.14146,0.14711,0.03655
0.04617,0.04671,0.05771,0.03227,0.04660,0.09242,0.37563,0.10765,0.09936,0.09548
0.02218,0.02670,0.04086,0.04866,0.07837,0.19685,0.33808,0.01740,0.21430,0.01660
0.04377,0.04216,0.05639,0.03052,0.02054,0.03968,0.04705,0.33124,0.23862,0.15002
0.04027,0.05334,0.10713,0.12794,0.33429,0.01402,0.26504,0.02248,0.01584,0.01966
0.02327,0.03147,0.07473,0.09004,0.07503,0.07426,0.28716,0.14478,0.03077,0.16849
0.04982,0.06248,0.12788,0.13562,0.07281,0.06171,0.34237,0.03921,0.07111,0.03700
0.05017,0.05236,0.18003,0.19907,0.18856,0.02722,0.21168,0.03144,0.02542,0.03405
0.06538,0.05314,0.06623,0.07717,0.07914,0.04204,0.20880,0.18086,0.15857,0.06867
0.07513,0.07960,0.09217,0.10099,0.11875,0.03927,0.15990,0.13336,0.05785,0.14298
0.01814,0.02073,0.02584,0.02678,0.02415,0.13614,0.40947,0.10702,0.20685,0.02488
0.01479,0.01327,0.02621,0.02077,0.02531,0.01433,0.80454,0.03115,0.03426,0.01536
0.02828,0.03010,0.04749,0.05681,0.05244,0.19299,0.20114,0.08643,0.25473,0.04959
0.05094,0.05405,0.07535,0.08330,0.07955,0.13559,0.24426,0.06202,0.05071,0.16423
0.04792,0.06158,0.10379,0.12839,0.11096,0.03673,0.08128,0.19515,0.20870,0.02550
0.02679,0.02721,0.03970,0.04012,0.03974,0.06744,0.63872,0.01901,0.07259,0.02867
0.06417,0.07159,0.06800,0.07915,0.06748,0.06061,0.27780,0.13070,0.10149,0.07902
0.03333,0.02942,0.05354,0.06157,0.05882,0.06557,0.17348,0.22282,0.08227,0.21918
0.01775,0.01871,0.02926,0.03254,0.03475,0.01484,0.13549,0.34287,0.02362,0.35018
0.09828,0.06533,0.15908,0.15066,0.06228,0.06907,0.21496,0.04722,0.07973,0.05338
0.02194,0.02569,0.06711,0.07534,0.05579,0.03973,0.60787,0.02977,0.02833,0.04844
0.01987,0.02156,0.03118,0.03046,0.02802,0.05744,0.29938,0.22597,0.03076,0.25535
0.02001,0.01863,0.24085,0.24447,0.03410,0.03050,0.27268,0.05198,0.05729,0.02947
0.05227,0.05001,0.10712,0.11035,0.07183,0.16412,0.17596,0.03800,0.15648,0.07385
0.03906,0.03236,0.05105,0.05394,0.05657,0.17538,0.30084,0.04406,0.20504,0.04170
0.06104,0.05549,0.10687,0.10954,0.08519,0.07683,0.18265,0.13135,0.03725,0.15379
0.02175,0.02121,0.02920,0.03300,0.03184,0.04470,0.42690,0.16167,0.18636,0.04338
0.03823,0.02952,0.03604,0.03015,0.04622,0.15874,0.38946,0.05004,0.13435,0.08726
0.02872,0.03560,0.17271,0.17742,0.05499,0.02033,0.39566,0.04338,0.04269,0.02850
0.08398,0.07710,0.10360,0.12000,0.12639,0.07967,0.19425,0.06003,0.07755,0.07743
0.03301,0.04132,0.06867,0.09188,0.06552,0.16630,0.26117,0.03776,0.16986,0.06449
0.02121,0.02088,0.04040,0.03764,0.03667,0.19506,0.19638,0.13300,0.28914,0.02961
0.04235,0.03994,0.06138,0.06976,0.05678,0.15306,0.31946,0.05121,0.04396,0.16211
0.09614,0.11074,0.12079,0.13652,0.13054,0.03826,0.21391,0.05804,0.03030,0.06477
0.02271,0.01851,0.04106,0.04817,0.02369,0.03803,0.59505,0.08339,0.07366,0.05572
0.03005,0.05347,0.07119,0.08112,0.14302,0.02796,0.20891,0.17522,0.08912,0.11993
0.02806,0.02480,0.06885,0.08586,0.05678,0.08333,0.29063,0.13987,0.07713,0.14470
0.06682,0.08871,0.12728,0.15476,0.14223,0.04246,0.14506,0.07925,0.05286,0.10055
0.03173,0.02776,0.08468,0.10413,0.06386,0.02410,0.55892,0.02944,0.02874,0.04665
0.03624,0.03528,0.05817,0.05720,0.03414,0.05996,0.51078,0.06449,0.11241,0.03133
0.02238,0.02255,0.03765,0.04801,0.03683,0.12329,0.48741,0.04158,0.13758,0.04271
0.01196,0.01206,0.02072,0.02134,0.01783,0.11679,0.62580,0.02939,0.11893,0.02519
0.05981,0.08447,0.07576,0.07639,0.09751,0.02488,0.37142,0.08773,0.06494,0.05710
0.02785,0.02800,0.03644,0.04214,0.03512,0.04108,0.56272,0.09684,0.07333,0.05649
0.02627,0.02523,0.04174,0.04451,0.04007,0.01433,0.20778,0.28697,0.01702,0.29608
0.02651,0.03031,0.04882,0.05396,0.04857,0.02843,0.64518,0.04452,0.03882,0.03488
0.02246,0.02455,0.03559,0.04555,0.04533,0.01493,0.12889,0.33988,0.26079,0.08203
0.03158,0.03524,0.04299,0.04174,0.04061,0.08402,0.37961,0.13100,0.12630,0.08691
0.07891,0.07813,0.05151,0.04922,0.07041,0.25085,0.06320,0.04396,0.25271,0.06109
0.04406,0.03993,0.05529,0.04979,0.04712,0.06428,0.53829,0.04946,0.04544,0.06635
0.01844,0.02056,0.03327,0.02990,0.02947,0.03206,0.18337,0.31094,0.12325,0.21874
0.03072,0.02707,0.05531,0.05751,0.04506,0.06778,0.31160,0.16721,0.16768,0.07007
0.02718,0.03022,0.06836,0.07586,0.04114,0.01999,0.58650,0.06568,0.06315,0.02192
0.01992,0.01916,0.03301,0.03652,0.03287,0.19909,0.12312,0.17375,0.34229,0.02026
0.03004,0.02878,0.04456,0.04961,0.04313,0.04999,0.23654,0.23857,0.18399,0.09480
0.07114,0.06974,0.09683,0.10848,0.09529,0.06988,0.33696,0.03413,0.06227,0.05528
0.04623,0.03757,0.09491,0.09942,0.06071,0.08161,0.39141,0.04831,0.04902,0.09080
0.03458,0.07756,0.06558,0.08013,0.17094,0.08721,0.18815,0.10074,0.15936,0.03575
0.04341,0.04737,0.16460,0.20598,0.12715,0.03999,0.25282,0.03314,0.02224,0.06329
0.02571,0.01985,0.05086,0.05763,0.02968,0.20087,0.07972,0.16320,0.34875,0.02371
0.01807,0.02225,0.03677,0.04187,0.02688,0.06800,0.65612,0.02137,0.06965,0.03902
0.04561,0.06389,0.13613,0.13595,0.12933,0.07983,0.23645,0.04923,0.07366,0.04991
0.04233,0.04148,0.08689,0.07726,0.05213,0.03174,0.18925,0.21287,0.03817,0.22789
0.08250,0.09185,0.12559,0.16574,0.17165,0.01779,0.27378,0.02195,0.02495,0.02419
0.03503,0.03349,0.05400,0.06020,0.04835,0.05387,0.59058,0.03108,0.03334,0.06007
0.01709,0.01547,0.03394,0.04168,0.02224,0.01546,0.10114,0.35980,0.08969,0.30349
0.00974,0.01037,0.02639,0.03919,0.70877,0.01538,0.14787,0.01042,0.02018,0.01168
0.04512,0.04634,0.04570,0.04143,0.11010,0.05092,0.56903,0.01531,0.04274,0.03332
0.05321,0.05404,0.09574,0.10519,0.10098,0.05954,0.39645,0.03709,0.05198,0.04579
0.03719,0.03586,0.04373,0.05277,0.04756,0.06625,0.54498,0.04565,0.05659,0.06943
0.04123,0.03968,0.07763,0.08680,0.03248,0.09020,0.34622,0.09665,0.15173,0.03738
0.03091,0.04251,0.04730,0.05482,0.10274,0.01282,0.20910,0.23144,0.01520,0.25315
0.04159,0.04062,0.03102,0.02842,0.02410,0.08924,0.32960,0.15557,0.12000,0.13984
0.03360,0.03744,0.16620,0.17996,0.38216,0.01731,0.10416,0.02751,0.02072,0.03094
0.02783,0.03044,0.07988,0.09185,0.06939,0.14921,0.36006,0.02067,0.13627,0.03440
0.03224,0.04831,0.05292,0.06708,0.10305,0.03188,0.48922,0.06255,0.05888,0.05386
0.05990,0.06922,0.06924,0.09604,0.08779,0.10989,0.23023,0.07611,0.07354,0.12804
0.03188,0.03981,0.03852,0.05083,0.06687,0.04780,0.35549,0.15724,0.13899,0.07256
0.07394,0.08950,0.08218,0.08331,0.10196,0.03319,0.39471,0.04364,0.04123,0.05634
0.04550,0.03684,0.09003,0.08633,0.05596,0.07736,0.30842,0.10198,0.07493,0.12265
0.04269,0.05961,0.06286,0.07290,0.07015,0.02785,0.28166,0.16632,0.09728,0.11868
0.04695,0.04290,0.06537,0.07497,0.06949,0.01881,0.55360,0.05161,0.01996,0.05635
0.04132,0.03747,0.04460,0.05454,0.05639,0.26100,0.12485,0.05043,0.29335,0.03604
0.02084,0.01946,0.13222,0.13437,0.02057,0.03269,0.35969,0.12435,0.08639,0.06942
0.05015,0.06338,0.09652,0.11174,0.08248,0.02158,0.18151,0.19023,0.13343,0.06897
0.01249,0.01421,0.02463,0.02889,0.07805,0.02053,0.76190,0.01802,0.01832,0.02297
0.04294,0.04513,0.11317,0.12939,0.12847,0.04591,0.13465,0.15422,0.13563,0.07049
0.06060,0.05532,0.07822,0.08989,0.07361,0.10842,0.36340,0.03326,0.06275,0.07454
0.08595,0.09203,0.12154,0.16134,0.13143,0.03475,0.12195,0.09545,0.03097,0.12458
0.05743,0.05407,0.17846,0.16840,0.16023,0.03379,0.20454,0.05302,0.04723,0.04282
0.01407,0.01537,0.01820,0.02060,0.02115,0.02638,0.66657,0.09430,0.07832,0.04504
0.01787,0.02086,0.04297,0.04705,0.03315,0.03011,0.48137,0.14911,0.03566,0.14186
0.04423,0.05522,0.06317,0.06706,0.20868,0.06264,0.30832,0.05614,0.05379,0.08076
0.03803,0.03379,0.08884,0.09488,0.03666,0.07647,0.12672,0.20996,0.24637,0.04827
0.01342,0.01496,0.02549,0.03007,0.03102,0.02262,0.15320,0.34621,0.33569,0.02733
0.05486,0.05783,0.11571,0.11432,0.11169,0.03762,0.34034,0.05488,0.06651,0.04623
0.01671,0.01349,0.02826,0.03000,0.02087,0.01893,0.37837,0.23391,0.22301,0.03643
0.02479,0.02401,0.03067,0.02736,0.03529,0.05373,0.26926,0.24460,0.24698,0.04331
0.09719,0.11017,0.06825,0.13695,0.11958,0.09873,0.16783,0.07191,0.05183,0.07756
0.05636,0.07394,0.12530,0.15195,0.12651,0.03015,0.30939,0.04274,0.04449,0.03917
0.01959,0.01995,0.02353,0.03125,0.02817,0.03587,0.53318,0.13626,0.12810,0.04411
0.03995,0.04121,0.10847,0.12095,0.10523,0.03322,0.25472,0.12756,0.05850,0.11018
0.02203,0.02867,0.04320,0.05623,0.05100,0.03349,0.57274,0.08014,0.07785,0.03467
0.03148,0.04846,0.06757,0.07588,0.15535,0.03150,0.42916,0.06495,0.04723,0.04842
0.05168,0.05421,0.06670,0.06923,0.07071,0.03672,0.41498,0.09741,0.04678,0.09158
0.02263,0.02919,0.02749,0.03859,0.04043,0.02617,0.72670,0.02966,0.03355,0.02559
0.10163,0.11678,0.13314,0.11643,0.13939,0.02973,0.08420,0.12603,0.07182,0.08085
0.02979,0.02243,0.04890,0.06218,0.04824,0.03724,0.52552,0.08251,0.05802,0.08519
0.05731,0.08214,0.06055,0.06977,0.06806,0.06007,0.34915,0.09187,0.07812,0.08295
0.04699,0.04685,0.09665,0.10004,0.07619,0.04736,0.29505,0.11999,0.09690,0.07399
