0.04789,0.04872,0.04676,0.04546,0.03675,0.04641,0.04561,0.04369,0.05249,0.04900,0.07391,0.07227,0.05423,0.05631,0.04690,0.04457,0.04668,0.04642,0.04759,0.04834
0.07352,0.07059,0.04652,0.04643,0.05593,0.04650,0.04653,0.04819,0.04453,0.04472,0.05304,0.05134,0.03964,0.04108,0.04399,0.04436,0.04460,0.05968,0.05042,0.04837
0.09379,0.08623,0.04508,0.04517,0.04046,0.04003,0.03676,0.04032,0.03911,0.04065,0.06114,0.05521,0.04442,0.04641,0.04808,0.04727,0.05262,0.04180,0.04729,0.04816
0.04204,0.04150,0.05404,0.05399,0.05173,0.05503,0.04461,0.04911,0.04837,0.04988,0.05144,0.05402,0.05435,0.04921,0.05194,0.04961,0.03475,0.05176,0.05534,0.05728
0.03547,0.03703,0.04089,0.04058,0.04795,0.04119,0.05756,0.05421,0.05165,0.05527,0.04646,0.05038,0.05952,0.06861,0.03996,0.03803,0.05313,0.05439,0.06326,0.06448
0.03673,0.03687,0.05078,0.05118,0.04351,0.04794,0.04599,0.04829,0.04626,0.04291,0.04418,0.04724,0.07804,0.07545,0.04189,0.04179,0.06812,0.04896,0.05079,0.05309
0.05197,0.05113,0.04711,0.04633,0.04627,0.04476,0.04566,0.04405,0.04964,0.04931,0.04931,0.04758,0.04885,0.05006,0.04858,0.05114,0.07275,0.05492,0.05048,0.05012
0.04923,0.04753,0.04170,0.03960,0.03714,0.03761,0.05093,0.04332,0.03869,0.04131,0.11046,0.12344,0.03822,0.04703,0.03996,0.03771,0.03033,0.04250,0.05077,0.05251
0.03609,0.03722,0.03761,0.03958,0.05402,0.04438,0.04929,0.04675,0.05202,0.05054,0.03795,0.03850,0.05363,0.05928,0.04381,0.04467,0.11063,0.04138,0.05966,0.06300
0.04016,0.04211,0.04920,0.04925,0.05803,0.05135,0.05629,0.05426,0.04710,0.05134,0.04660,0.04810,0.05085,0.05036,0.04537,0.04671,0.04107,0.05084,0.06120,0.05981
0.04633,0.04603,0.04877,0.04818,0.07407,0.05413,0.04409,0.04603,0.04601,0.04658,0.04345,0.04528,0.04308,0.04413,0.04392,0.04215,0.05018,0.05248,0.06656,0.06852
0.03900,0.04070,0.04019,0.04414,0.04611,0.05076,0.06572,0.06958,0.05230,0.05250,0.04408,0.04948,0.05916,0.05401,0.03667,0.03721,0.04186,0.05463,0.05972,0.06216
0.04221,0.04469,0.04651,0.05089,0.05015,0.04713,0.04504,0.05776,0.04427,0.04825,0.04279,0.04640,0.04913,0.04432,0.04169,0.04057,0.03352,0.07926,0.07304,0.07236
0.03835,0.03722,0.05549,0.05692,0.07314,0.05891,0.04402,0.04236,0.04233,0.04394,0.04314,0.04466,0.04981,0.04890,0.04845,0.04719,0.04680,0.05454,0.06148,0.06236
0.06926,0.06469,0.04955,0.05048,0.04791,0.04686,0.04963,0.05162,0.04535,0.04543,0.05676,0.05560,0.04455,0.04495,0.04505,0.04362,0.04510,0.04642,0.04971,0.04746
0.03696,0.03716,0.04242,0.04237,0.04395,0.04129,0.06367,0.05527,0.05746,0.06307,0.05512,0.05543,0.05403,0.05638,0.04158,0.04243,0.03308,0.05047,0.06466,0.06319
0.03762,0.03868,0.04934,0.04814,0.04754,0.04720,0.05753,0.05423,0.05086,0.05311,0.05261,0.05865,0.05488,0.05492,0.04386,0.04496,0.03617,0.05011,0.06024,0.05935
0.04168,0.04342,0.04687,0.04507,0.05456,0.04988,0.05504,0.05405,0.05053,0.05201,0.05243,0.05549,0.04917,0.04928,0.04630,0.04611,0.04130,0.05460,0.05657,0.05565
0.04824,0.04593,0.05107,0.04820,0.07652,0.05991,0.05260,0.04787,0.03989,0.04277,0.04534,0.04975,0.04585,0.04744,0.04434,0.04466,0.04628,0.04280,0.06023,0.06031
0.04107,0.04177,0.03892,0.04311,0.04889,0.04431,0.04879,0.04953,0.04672,0.04895,0.04339,0.05037,0.06244,0.06210,0.04913,0.05042,0.05231,0.05300,0.06217,0.06263
0.03891,0.03903,0.05612,0.05545,0.05625,0.05908,0.04129,0.04020,0.04949,0.04709,0.05153,0.05231,0.05196,0.05211,0.05019,0.04565,0.05009,0.04813,0.05687,0.05825
0.03754,0.03844,0.04727,0.04648,0.05482,0.05024,0.04759,0.04703,0.05222,0.05376,0.04374,0.04441,0.05098,0.05107,0.04565,0.04450,0.05351,0.05820,0.06682,0.06573
0.05315,0.05625,0.04076,0.04332,0.04052,0.04251,0.05297,0.05288,0.05180,0.05525,0.05142,0.05272,0.05509,0.05901,0.04523,0.04636,0.04218,0.05087,0.05363,0.05408
0.03688,0.03838,0.04206,0.04126,0.02630,0.03415,0.04721,0.04449,0.04734,0.04284,0.05916,0.06254,0.11157,0.09313,0.04351,0.04475,0.03886,0.04566,0.04838,0.05152
0.04644,0.04807,0.04876,0.04848,0.08498,0.06705,0.04244,0.04482,0.03953,0.04028,0.04449,0.04488,0.04357,0.04224,0.04609,0.04534,0.04745,0.06242,0.05656,0.05612
0.03949,0.04150,0.04561,0.04606,0.04257,0.04566,0.05757,0.05227,0.04803,0.04953,0.04814,0.05102,0.06244,0.06043,0.05360,0.05446,0.04571,0.04358,0.05635,0.05598
0.04962,0.05034,0.05735,0.05811,0.05053,0.05345,0.04765,0.05063,0.04909,0.05328,0.04831,0.04963,0.05155,0.04964,0.04672,0.04568,0.04015,0.04271,0.05193,0.05364
0.04786,0.04882,0.04749,0.04666,0.04305,0.04338,0.06186,0.05478,0.04936,0.05214,0.06132,0.06481,0.04952,0.05291,0.04547,0.04357,0.03925,0.04571,0.05001,0.05203
0.04320,0.04329,0.04121,0.04151,0.04824,0.05074,0.04818,0.05149,0.05840,0.05750,0.03860,0.03924,0.05494,0.05087,0.05513,0.05713,0.05525,0.04839,0.05805,0.05865
0.05673,0.05493,0.04603,0.04839,0.04671,0.04410,0.04746,0.04919,0.04539,0.04667,0.05274,0.05547,0.04823,0.04817,0.05005,0.05108,0.04408,0.06654,0.04866,0.04938
0.07178,0.07364,0.05026,0.04831,0.04204,0.03887,0.04732,0.04631,0.04188,0.04280,0.05070,0.05347,0.04530,0.04907,0.04613,0.04459,0.04944,0.04889,0.05407,0.05513
0.04057,0.04106,0.04401,0.04496,0.04014,0.04564,0.04838,0.05441,0.05224,0.05258,0.04432,0.04876,0.06880,0.06484,0.04676,0.04414,0.04090,0.05544,0.06117,0.06088
0.04171,0.04192,0.04923,0.04830,0.04757,0.04580,0.05440,0.04813,0.04652,0.04867,0.05036,0.05472,0.04981,0.05436,0.04854,0.04929,0.04938,0.04719,0.06139,0.06272
0.04126,0.04354,0.04671,0.04492,0.05130,0.04377,0.06196,0.05287,0.04398,0.05016,0.05654,0.06191,0.05158,0.05452,0.04308,0.04143,0.03742,0.05412,0.05855,0.06038
0.03873,0.04003,0.04449,0.04442,0.04553,0.04183,0.06462,0.05602,0.04314,0.04464,0.06551,0.06871,0.04854,0.04787,0.04451,0.04353,0.02685,0.07299,0.05961,0.05844
0.03372,0.03396,0.04022,0.04075,0.06547,0.04782,0.05769,0.05599,0.05379,0.05809,0.04094,0.04351,0.05173,0.05193,0.04641,0.04558,0.04421,0.04643,0.07009,0.07166
0.03941,0.03989,0.05112,0.04942,0.05809,0.05100,0.05410,0.04872,0.04774,0.04825,0.05526,0.05376,0.05203,0.05449,0.04375,0.04510,0.04965,0.04844,0.05400,0.05576
0.04892,0.04677,0.07584,0.06682,0.05292,0.05353,0.04257,0.04782,0.04295,0.04388,0.04970,0.04857,0.04727,0.04466,0.05188,0.05084,0.03344,0.04848,0.05183,0.05131
0.04395,0.04377,0.05085,0.05173,0.04145,0.04293,0.05235,0.05065,0.04437,0.04115,0.05164,0.05503,0.06993,0.06950,0.04560,0.04330,0.04632,0.05253,0.04943,0.05350
0.03988,0.04243,0.04689,0.04456,0.04574,0.04885,0.05266,0.05414,0.04589,0.04713,0.04971,0.05343,0.06236,0.06025,0.04698,0.04655,0.03743,0.05122,0.06112,0.06280
0.04712,0.04566,0.05426,0.05373,0.05694,0.05066,0.04873,0.05036,0.04130,0.04373,0.04775,0.04830,0.05557,0.05342,0.04345,0.04348,0.04276,0.05773,0.05769,0.05737
0.03750,0.03699,0.03897,0.04152,0.04671,0.04363,0.04088,0.03915,0.04635,0.04631,0.03324,0.03251,0.05242,0.05211,0.05199,0.05196,0.14602,0.04607,0.05588,0.05976
0.04300,0.04388,0.04631,0.04871,0.04834,0.04635,0.05395,0.05246,0.04867,0.04863,0.04064,0.04495,0.06861,0.06771,0.03933,0.03935,0.05309,0.03949,0.06354,0.06298
0.03381,0.03576,0.03921,0.03925,0.04122,0.04020,0.06014,0.05288,0.04571,0.04644,0.05537,0.06124,0.06021,0.05917,0.05025,0.04825,0.03281,0.05463,0.07102,0.07244
0.02906,0.03047,0.04145,0.04400,0.06342,0.04938,0.04641,0.04686,0.05333,0.05317,0.03867,0.04490,0.04241,0.04322,0.04480,0.04396,0.04188,0.06786,0.08657,0.08819
0.03543,0.03488,0.06928,0.06124,0.04345,0.05051,0.04652,0.04050,0.04588,0.04479,0.05533,0.05769,0.05820,0.05716,0.05186,0.05337,0.03592,0.04862,0.05381,0.05559
0.04222,0.04403,0.04502,0.04528,0.04740,0.04776,0.05457,0.05031,0.04504,0.04362,0.04738,0.04938,0.06161,0.06225,0.04636,0.04663,0.05222,0.04725,0.06045,0.06120
0.04877,0.04994,0.04780,0.04939,0.04442,0.04629,0.05103,0.05143,0.04893,0.04838,0.05071,0.05489,0.05441,0.05569,0.04614,0.04647,0.04127,0.04999,0.05859,0.05547
0.04607,0.04601,0.04035,0.03880,0.04415,0.03959,0.05192,0.04564,0.04502,0.04935,0.06115,0.06827,0.04486,0.04702,0.04598,0.04287,0.04031,0.06067,0.07087,0.07110
0.04771,0.04580,0.04611,0.04757,0.06028,0.05550,0.04928,0.05275,0.05674,0.05496,0.04519,0.04411,0.04437,0.04337,0.05154,0.05238,0.03997,0.04706,0.05734,0.05794
0.04207,0.04299,0.04605,0.04609,0.05270,0.05117,0.04031,0.04161,0.05166,0.05046,0.04060,0.03767,0.05531,0.05464,0.04511,0.04470,0.09254,0.04094,0.06060,0.06278
0.04195,0.04068,0.04759,0.04833,0.03229,0.03716,0.04907,0.04345,0.04715,0.04723,0.05228,0.05664,0.07686,0.07062,0.05507,0.05385,0.04773,0.05123,0.04985,0.05099
0.03872,0.03739,0.04391,0.04461,0.05633,0.05100,0.04506,0.04456,0.04292,0.04347,0.04615,0.05137,0.05715,0.05779,0.06694,0.06575,0.04703,0.04597,0.05747,0.05641
0.04172,0.04174,0.04513,0.04903,0.05822,0.05107,0.04897,0.04748,0.04910,0.04917,0.04702,0.04708,0.05382,0.05280,0.05247,0.05430,0.06081,0.04994,0.05056,0.04956
0.03922,0.04202,0.04258,0.04462,0.05806,0.04889,0.05350,0.04954,0.04817,0.04977,0.04352,0.04471,0.05581,0.05570,0.05645,0.05841,0.05158,0.04661,0.05443,0.05640
0.04461,0.04375,0.04101,0.03900,0.04241,0.04039,0.05789,0.04662,0.03948,0.04191,0.08314,0.09347,0.04556,0.05080,0.04138,0.03940,0.02820,0.06154,0.05994,0.05952
0.03789,0.03959,0.04281,0.04342,0.04872,0.04413,0.05672,0.05264,0.04398,0.04858,0.04757,0.05155,0.06289,0.06825,0.04428,0.04403,0.04848,0.06197,0.05654,0.05596
0.05470,0.05308,0.04593,0.04592,0.04634,0.05057,0.04889,0.05154,0.05315,0.05131,0.05139,0.05562,0.05329,0.05326,0.05102,0.05410,0.04466,0.03961,0.04797,0.04764
0.04224,0.04537,0.04699,0.04601,0.04584,0.04495,0.06945,0.07014,0.04701,0.05085,0.04605,0.04817,0.05635,0.05451,0.04047,0.03849,0.03739,0.05447,0.05713,0.05810
0.03772,0.03703,0.04769,0.04596,0.06577,0.05570,0.04808,0.04414,0.04297,0.04495,0.04016,0.04192,0.05687,0.05337,0.04859,0.04912,0.06975,0.05492,0.05633,0.05897
0.04514,0.04553,0.04671,0.05426,0.05949,0.05089,0.03915,0.04959,0.05227,0.05316,0.03241,0.03307,0.04757,0.04171,0.06077,0.06015,0.05700,0.05026,0.06008,0.06077
0.03356,0.03388,0.03986,0.03995,0.04929,0.04737,0.06354,0.05731,0.04993,0.05104,0.05254,0.05982,0.05841,0.05480,0.04262,0.04150,0.03058,0.05253,0.07101,0.07044
0.04729,0.04582,0.06295,0.05760,0.04328,0.05009,0.05339,0.05011,0.04304,0.04383,0.05029,0.05077,0.05297,0.05274,0.05565,0.05359,0.04039,0.04665,0.05024,0.04931
0.04379,0.04336,0.06756,0.06642,0.05103,0.05194,0.04377,0.04313,0.04083,0.04148,0.04671,0.04592,0.05456,0.05025,0.05266,0.05058,0.04770,0.04645,0.05473,0.05714
0.04505,0.04678,0.04211,0.04171,0.03926,0.03726,0.06267,0.05380,0.04265,0.04487,0.06482,0.07684,0.04926,0.05621,0.03885,0.03877,0.03297,0.05399,0.06510,0.06703
0.08447,0.07673,0.05091,0.04824,0.05028,0.05153,0.04043,0.04277,0.04185,0.04170,0.05681,0.05367,0.04045,0.04147,0.04835,0.04754,0.05423,0.03991,0.04368,0.04499
0.04872,0.05026,0.04635,0.04830,0.04526,0.04568,0.06598,0.06643,0.05315,0.05205,0.04662,0.04686,0.05234,0.05332,0.04609,0.04593,0.03919,0.04702,0.05073,0.04972
0.03417,0.03580,0.05214,0.05114,0.04446,0.04726,0.05202,0.04790,0.04711,0.04583,0.04924,0.05207,0.07198,0.06968,0.04651,0.04569,0.05453,0.04423,0.05426,0.05396
0.03401,0.03450,0.04183,0.04272,0.05219,0.04921,0.06300,0.06063,0.04197,0.04479,0.04107,0.04502,0.07190,0.06269,0.04809,0.04943,0.03821,0.06256,0.05786,0.05833
0.04300,0.04268,0.05262,0.05025,0.05237,0.05774,0.04334,0.04658,0.04978,0.05071,0.05046,0.04820,0.05012,0.04694,0.05463,0.05281,0.04221,0.05157,0.05809,0.05589
0.03782,0.04168,0.04468,0.04592,0.05139,0.04327,0.05847,0.05790,0.05315,0.05351,0.03934,0.04048,0.05589,0.05332,0.03780,0.03687,0.04936,0.04751,0.07549,0.07615
0.05087,0.05217,0.05119,0.05138,0.05163,0.05149,0.04767,0.04771,0.04671,0.04405,0.04508,0.04501,0.05190,0.04912,0.05284,0.05296,0.06248,0.04206,0.05135,0.05234
0.05126,0.04880,0.04357,0.04161,0.04115,0.03942,0.06411,0.05325,0.04176,0.04383,0.08098,0.08955,0.04753,0.05125,0.04028,0.03953,0.02922,0.05516,0.04954,0.04822
0.04258,0.04163,0.04714,0.04700,0.04067,0.04504,0.04639,0.04753,0.06205,0.05830,0.04914,0.04945,0.05468,0.05528,0.05212,0.05650,0.06089,0.04427,0.04900,0.05036
0.04201,0.04346,0.03824,0.04171,0.04725,0.05058,0.05896,0.05995,0.04737,0.04679,0.04541,0.04771,0.06441,0.06029,0.04985,0.04993,0.04105,0.04891,0.05772,0.05840
0.04620,0.04600,0.04410,0.04286,0.03876,0.03844,0.05665,0.04733,0.04606,0.04701,0.07679,0.08594,0.04364,0.04634,0.04524,0.04399,0.02854,0.06235,0.05716,0.05662
0.04487,0.04613,0.05115,0.05007,0.04730,0.05094,0.05253,0.05098,0.05088,0.05254,0.05197,0.05053,0.05231,0.05143,0.04637,0.04768,0.04807,0.05143,0.05145,0.05137
0.05237,0.05066,0.07404,0.06902,0.05196,0.05303,0.04463,0.04417,0.03772,0.03904,0.05453,0.05140,0.05237,0.05162,0.04632,0.04441,0.03854,0.03852,0.05284,0.05282
0.07445,0.07277,0.05100,0.05068,0.04189,0.04259,0.04633,0.04871,0.04643,0.04785,0.05786,0.05524,0.04461,0.04473,0.04617,0.04516,0.04095,0.04700,0.04745,0.04815
0.04588,0.04563,0.04747,0.04918,0.04151,0.04205,0.04821,0.05055,0.05712,0.05765,0.04925,0.05084,0.05143,0.04910,0.05603,0.05430,0.04003,0.05304,0.05632,0.05442
0.04578,0.04435,0.05646,0.05939,0.05864,0.05803,0.04960,0.05624,0.04280,0.04482,0.04632,0.04558,0.04944,0.04495,0.04487,0.04380,0.03593,0.06144,0.05640,0.05518
0.03496,0.03640,0.03333,0.03428,0.05212,0.05599,0.05184,0.05587,0.04857,0.04881,0.03679,0.03735,0.05597,0.05040,0.04687,0.04426,0.04772,0.04384,0.08890,0.09572
0.04023,0.04105,0.04449,0.04279,0.04069,0.04031,0.05292,0.05346,0.07227,0.07100,0.05066,0.05250,0.05267,0.05254,0.04837,0.04853,0.04611,0.04859,0.04939,0.05142
0.03860,0.03955,0.04570,0.04752,0.04807,0.04932,0.05529,0.06233,0.04823,0.04979,0.04575,0.04826,0.06100,0.05681,0.04381,0.04248,0.03767,0.06264,0.05916,0.05805
0.04223,0.04445,0.04335,0.04383,0.04315,0.03983,0.05982,0.04989,0.04556,0.04829,0.04913,0.05358,0.06448,0.06482,0.04890,0.05081,0.05110,0.04554,0.05440,0.05686
0.04831,0.04828,0.05233,0.05416,0.05407,0.05068,0.05574,0.05071,0.04953,0.04855,0.05112,0.05065,0.04662,0.04616,0.04405,0.04367,0.04593,0.05176,0.05477,0.05290
0.03991,0.04148,0.04943,0.05249,0.04055,0.04868,0.05338,0.04993,0.04611,0.04764,0.04393,0.04999,0.07334,0.06983,0.05030,0.05088,0.04568,0.03731,0.05362,0.05554
0.03775,0.03787,0.04229,0.04122,0.04109,0.04137,0.07017,0.07988,0.04847,0.05383,0.04351,0.04743,0.05671,0.05365,0.03868,0.03712,0.03351,0.07993,0.05812,0.05741
0.04759,0.04838,0.05064,0.05293,0.04192,0.04544,0.05728,0.05459,0.04667,0.04751,0.05019,0.05414,0.06116,0.05940,0.04479,0.04580,0.04389,0.04678,0.05065,0.05023
0.04019,0.04107,0.05988,0.05609,0.04633,0.05017,0.04583,0.04452,0.05209,0.05029,0.05553,0.05572,0.05051,0.05284,0.04465,0.04428,0.04602,0.04824,0.05869,0.05707
0.03624,0.03794,0.04242,0.04428,0.04357,0.03931,0.07401,0.06268,0.05970,0.06201,0.04697,0.05222,0.05864,0.05989,0.03908,0.03919,0.03236,0.04121,0.06359,0.06469
0.03973,0.04228,0.04618,0.04645,0.05307,0.04850,0.05266,0.04890,0.04991,0.05369,0.04964,0.05107,0.05413,0.05497,0.04852,0.05032,0.04605,0.04172,0.06150,0.06070
0.04593,0.04771,0.04568,0.04574,0.06066,0.05478,0.05141,0.05142,0.04832,0.05155,0.04595,0.04408,0.04786,0.04564,0.05164,0.05080,0.04267,0.04221,0.06207,0.06388
0.04435,0.04402,0.05574,0.05535,0.05344,0.04776,0.05294,0.04747,0.03743,0.04029,0.04703,0.05128,0.06312,0.06295,0.04689,0.04645,0.04770,0.04591,0.05536,0.05452
0.04646,0.04499,0.06955,0.06408,0.04588,0.04964,0.04987,0.04666,0.04075,0.04180,0.05444,0.05659,0.05322,0.05050,0.05241,0.05015,0.03567,0.05042,0.04845,0.04848
0.04281,0.04398,0.05170,0.05118,0.05669,0.05460,0.04648,0.04402,0.04694,0.04853,0.04860,0.05040,0.04589,0.04737,0.04749,0.04626,0.05003,0.06044,0.05925,0.05734
0.04432,0.04642,0.04283,0.04220,0.04775,0.04122,0.04894,0.04843,0.06402,0.06595,0.04290,0.04496,0.04631,0.04790,0.05485,0.05467,0.04749,0.04441,0.06116,0.06326
0.12112,0.10890,0.04901,0.04340,0.04323,0.04086,0.03610,0.03763,0.03625,0.03413,0.05025,0.04591,0.04011,0.04378,0.04341,0.04271,0.04233,0.04531,0.04742,0.04813
0.03852,0.04170,0.04356,0.04489,0.06218,0.05348,0.05865,0.05992,0.05010,0.05334,0.05075,0.05253,0.05273,0.05221,0.04166,0.04129,0.03571,0.04777,0.06029,0.05872
0.03119,0.03268,0.04057,0.04147,0.05748,0.05565,0.05133,0.04964,0.04649,0.05007,0.04273,0.04722,0.06448,0.06345,0.04458,0.04432,0.04570,0.04628,0.07289,0.07177
