0.05513,0.11398,0.22168,0.03644,0.22392,0.03573,0.02724,0.02933,0.03566,0.02142,0.02517,0.02837,0.02671,0.01590,0.01967,0.01575,0.01397,0.01329,0.01200,0.02863
0.07948,0.05388,0.11123,0.07657,0.07669,0.04108,0.04642,0.07011,0.04769,0.04156,0.02410,0.04085,0.02994,0.03819,0.04164,0.03384,0.03790,0.03219,0.03398,0.04264
0.05422,0.09843,0.14685,0.03951,0.29570,0.05143,0.03176,0.03540,0.02924,0.01976,0.01333,0.04170,0.02896,0.01828,0.02203,0.01386,0.01701,0.01429,0.01137,0.01687
0.11113,0.11962,0.20068,0.03050,0.10387,0.02712,0.02518,0.02048,0.03209,0.01387,0.01534,0.07376,0.08995,0.01725,0.02549,0.01623,0.01572,0.01929,0.01690,0.02553
0.07358,0.15256,0.13126,0.09197,0.16973,0.03885,0.03545,0.03072,0.01973,0.03974,0.01059,0.05324,0.04800,0.01421,0.01504,0.01322,0.01503,0.01416,0.01349,0.01943
0.05650,0.26461,0.11299,0.03793,0.06876,0.02524,0.03233,0.04153,0.03368,0.02462,0.03672,0.05012,0.02981,0.02312,0.03327,0.02340,0.01923,0.02988,0.02076,0.03549
0.18339,0.12311,0.24732,0.03854,0.09367,0.02551,0.02851,0.02967,0.02144,0.01953,0.02293,0.01426,0.01597,0.01708,0.01605,0.01734,0.01642,0.02090,0.02519,0.02318
0.07033,0.20839,0.13846,0.04141,0.05027,0.03791,0.02609,0.01968,0.01872,0.02807,0.01256,0.12891,0.11264,0.01449,0.01467,0.01877,0.01087,0.01241,0.01605,0.01929
0.05336,0.19426,0.08394,0.03932,0.05181,0.04307,0.03389,0.02024,0.02365,0.02819,0.08696,0.05838,0.03748,0.04721,0.02309,0.02675,0.01912,0.04695,0.02606,0.05628
0.06984,0.08204,0.17242,0.04627,0.07723,0.04951,0.03825,0.04378,0.03115,0.04724,0.01913,0.06969,0.08498,0.01926,0.04536,0.02160,0.01889,0.01540,0.01800,0.02994
0.09041,0.17085,0.12981,0.05323,0.19604,0.05345,0.03725,0.02981,0.03134,0.02021,0.01428,0.02542,0.02473,0.01649,0.01446,0.02070,0.01686,0.01927,0.01531,0.02008
0.05560,0.25312,0.24930,0.03402,0.18966,0.01953,0.02043,0.01700,0.02095,0.02529,0.00967,0.01925,0.02242,0.00989,0.01021,0.00888,0.00812,0.01034,0.00658,0.00976
0.17364,0.14262,0.19018,0.03232,0.06002,0.02387,0.03436,0.02293,0.03176,0.03265,0.02105,0.02908,0.04601,0.01867,0.02067,0.04025,0.01796,0.01907,0.02006,0.02282
0.08388,0.08778,0.09620,0.05404,0.10323,0.05561,0.04513,0.03821,0.04481,0.06340,0.01540,0.05143,0.03168,0.03896,0.03931,0.01645,0.05511,0.01950,0.01931,0.04058
0.07633,0.15225,0.37808,0.02469,0.12732,0.01634,0.01672,0.01860,0.01803,0.01852,0.01524,0.03132,0.02597,0.01085,0.01313,0.01118,0.01019,0.00945,0.00894,0.01682
0.16699,0.39265,0.14286,0.01846,0.04402,0.02027,0.01294,0.01561,0.01449,0.01589,0.01122,0.03461,0.03066,0.01071,0.01273,0.01137,0.00919,0.01043,0.01072,0.01417
0.04556,0.28254,0.14168,0.05333,0.05005,0.04759,0.03802,0.03226,0.02354,0.06270,0.01153,0.04894,0.05506,0.01416,0.01779,0.01929,0.01524,0.01169,0.01049,0.01855
0.10716,0.09538,0.04921,0.03703,0.07314,0.02531,0.02264,0.03470,0.02630,0.02500,0.02009,0.24787,0.09233,0.02061,0.01563,0.02595,0.02127,0.01749,0.01891,0.02400
0.08947,0.34900,0.15504,0.04681,0.12601,0.02600,0.02717,0.01530,0.01851,0.02395,0.01365,0.01731,0.01756,0.01120,0.00959,0.01059,0.01076,0.00984,0.00794,0.01429
0.05818,0.15781,0.32467,0.02933,0.06454,0.02507,0.02167,0.02475,0.01919,0.02208,0.01232,0.06564,0.04926,0.01684,0.02207,0.01485,0.01599,0.01343,0.01419,0.02811
0.06206,0.18923,0.22008,0.04316,0.15533,0.04832,0.02801,0.04157,0.02934,0.03812,0.01579,0.01820,0.01553,0.01206,0.01767,0.01613,0.01165,0.01265,0.01013,0.01497
0.33767,0.12571,0.15174,0.02935,0.11724,0.02112,0.02176,0.01800,0.01615,0.01730,0.01388,0.01703,0.01602,0.01917,0.01007,0.00844,0.01675,0.01570,0.01083,0.01606
0.12292,0.13937,0.12267,0.05524,0.09133,0.05749,0.04472,0.05236,0.03923,0.03117,0.01503,0.05089,0.02672,0.02060,0.01549,0.01425,0.03591,0.01795,0.02034,0.02630
0.05696,0.15141,0.05087,0.01649,0.09728,0.01819,0.01085,0.01791,0.01131,0.01307,0.00824,0.27456,0.19534,0.01368,0.00875,0.00954,0.01070,0.01251,0.01055,0.01181
0.08004,0.07504,0.06708,0.05237,0.06306,0.06121,0.02843,0.03303,0.03476,0.06911,0.10534,0.04031,0.04398,0.04712,0.01607,0.02588,0.03808,0.04192,0.03292,0.04424
0.18151,0.09959,0.11295,0.05868,0.21661,0.04231,0.03554,0.02382,0.02480,0.02952,0.01827,0.02697,0.02818,0.01765,0.01406,0.01140,0.01365,0.01613,0.01312,0.01523
0.04809,0.35652,0.16240,0.03854,0.05070,0.03144,0.03182,0.02236,0.01958,0.02094,0.03047,0.02086,0.01678,0.01839,0.02079,0.01715,0.02101,0.02006,0.01467,0.03742
0.25548,0.07625,0.14336,0.01993,0.23822,0.02155,0.01423,0.01650,0.01523,0.01571,0.01342,0.03361,0.02692,0.02088,0.01512,0.01192,0.01034,0.01755,0.01446,0.01931
0.16850,0.15137,0.21631,0.02282,0.12060,0.01828,0.02387,0.02801,0.02097,0.01771,0.01065,0.07744,0.02831,0.01375,0.01379,0.01153,0.01776,0.01262,0.00930,0.01641
0.10126,0.24953,0.10144,0.02259,0.08392,0.01687,0.01331,0.01163,0.01430,0.01420,0.00787,0.12037,0.16647,0.01108,0.00853,0.01196,0.01418,0.01022,0.00933,0.01095
0.10866,0.11120,0.34108,0.01676,0.03719,0.01465,0.01546,0.01026,0.01094,0.01295,0.00841,0.09190,0.15188,0.01326,0.00762,0.00920,0.01201,0.01046,0.00668,0.00944
0.21180,0.07018,0.29025,0.04256,0.04969,0.02298,0.02186,0.02517,0.02568,0.03068,0.01622,0.02969,0.02150,0.02131,0.01628,0.01990,0.01516,0.01834,0.01724,0.03352
0.16179,0.23331,0.20453,0.02600,0.15412,0.02266,0.02116,0.01586,0.01608,0.02113,0.01569,0.01714,0.01615,0.01617,0.00824,0.01077,0.01089,0.00867,0.00762,0.01204
0.14576,0.10661,0.19164,0.03700,0.13804,0.03206,0.02499,0.02339,0.02543,0.02447,0.04130,0.02748,0.02223,0.02123,0.01730,0.03454,0.02201,0.01691,0.01265,0.03497
0.04781,0.15647,0.41379,0.02528,0.15823,0.02026,0.01488,0.01432,0.01522,0.01419,0.01247,0.01797,0.01380,0.01168,0.01186,0.00881,0.01031,0.00982,0.00890,0.01393
0.13229,0.14626,0.07328,0.05724,0.16304,0.04021,0.02991,0.04251,0.02401,0.03890,0.01931,0.03957,0.03926,0.01710,0.03107,0.01631,0.01733,0.02036,0.02216,0.02991
0.09141,0.17924,0.07729,0.05364,0.11269,0.09289,0.03568,0.03754,0.03975,0.02516,0.02447,0.03454,0.03026,0.02508,0.01608,0.01820,0.02781,0.03258,0.01728,0.02840
0.25275,0.12015,0.20783,0.02714,0.14376,0.02783,0.01752,0.01688,0.01287,0.01581,0.01246,0.03739,0.03456,0.00997,0.01130,0.00973,0.01133,0.01003,0.00766,0.01304
0.10633,0.10851,0.11301,0.05992,0.07327,0.06056,0.05326,0.03190,0.05444,0.12582,0.03262,0.01676,0.02616,0.01924,0.01758,0.01905,0.01507,0.01993,0.02641,0.02015
0.13199,0.12692,0.22019,0.02433,0.14397,0.01846,0.02581,0.01786,0.02646,0.01435,0.03133,0.03255,0.02570,0.02272,0.01884,0.01734,0.01405,0.05547,0.01150,0.02017
0.06819,0.06754,0.28976,0.10495,0.06023,0.05908,0.04711,0.04250,0.05388,0.03694,0.01510,0.01440,0.01830,0.02150,0.01545,0.01581,0.01840,0.01340,0.01950,0.01795
0.06772,0.20033,0.10082,0.03997,0.07516,0.02188,0.03720,0.02233,0.02865,0.01686,0.03235,0.03220,0.04980,0.02910,0.06056,0.04926,0.02111,0.02880,0.03532,0.05057
0.19946,0.23230,0.24334,0.02376,0.07761,0.01608,0.01977,0.01376,0.01320,0.01672,0.01697,0.01604,0.01451,0.01540,0.01063,0.01411,0.01339,0.01616,0.00880,0.01798
0.13802,0.06502,0.57482,0.01934,0.03247,0.01719,0.01763,0.01366,0.01011,0.01272,0.00847,0.01697,0.01228,0.01000,0.01021,0.00747,0.00826,0.00806,0.00716,0.01013
0.07981,0.28935,0.22165,0.02002,0.06215,0.01946,0.01647,0.01434,0.01709,0.01484,0.01606,0.06342,0.06557,0.01690,0.01084,0.01417,0.01492,0.01645,0.01053,0.01595
0.11117,0.15263,0.09277,0.02581,0.07368,0.02460,0.02033,0.01776,0.02323,0.01699,0.01844,0.10818,0.19351,0.01659,0.01460,0.01410,0.01222,0.02757,0.01758,0.01823
0.17868,0.17841,0.15847,0.02943,0.04789,0.02351,0.02926,0.01870,0.01849,0.02640,0.02423,0.04961,0.03027,0.02504,0.01765,0.02132,0.02431,0.03769,0.01875,0.04187
0.08140,0.08378,0.11694,0.08852,0.14197,0.05901,0.04510,0.04370,0.03732,0.04427,0.01465,0.06498,0.03206,0.02309,0.02147,0.01910,0.02834,0.01950,0.01109,0.02372
0.05294,0.06998,0.11350,0.05449,0.45132,0.02363,0.02568,0.02852,0.02550,0.02389,0.01372,0.01823,0.01368,0.01365,0.01017,0.01149,0.01464,0.01109,0.01052,0.01335
0.06071,0.22186,0.35169,0.01963,0.09701,0.01970,0.01842,0.01647,0.01939,0.01777,0.01158,0.02735,0.03494,0.01283,0.01003,0.01146,0.00872,0.01270,0.01080,0.01695
0.33778,0.07655,0.13731,0.02008,0.18174,0.01759,0.01707,0.01964,0.02046,0.01281,0.01375,0.01934,0.01907,0.01774,0.01338,0.01275,0.01527,0.01581,0.01093,0.02094
0.13038,0.11898,0.13349,0.04537,0.09953,0.04772,0.03022,0.02799,0.02985,0.03610,0.03641,0.03778,0.03284,0.03838,0.02737,0.02579,0.03349,0.01956,0.02398,0.02474
0.07205,0.07043,0.11872,0.03093,0.07565,0.03971,0.03136,0.02218,0.03381,0.02049,0.02338,0.17478,0.04667,0.04530,0.03307,0.01399,0.01394,0.03784,0.04042,0.05528
0.09227,0.15110,0.28492,0.02606,0.10963,0.02032,0.02042,0.02053,0.02449,0.01965,0.02465,0.02817,0.01821,0.02205,0.02486,0.02354,0.02265,0.02549,0.01557,0.02542
0.06232,0.25596,0.27617,0.03042,0.19961,0.01802,0.02032,0.01409,0.01447,0.01356,0.00743,0.01630,0.01284,0.00896,0.00903,0.00733,0.00821,0.00770,0.00565,0.01161
0.06260,0.09225,0.12085,0.02523,0.04837,0.01877,0.01601,0.01468,0.01422,0.01495,0.01308,0.29361,0.14809,0.01514,0.01515,0.01651,0.02229,0.01696,0.01112,0.02012
0.05261,0.10255,0.12852,0.09667,0.06385,0.09808,0.05115,0.04793,0.04238,0.05633,0.02759,0.01942,0.02103,0.02290,0.03091,0.02505,0.04867,0.01541,0.02292,0.02604
0.19050,0.06943,0.10908,0.01714,0.48068,0.01235,0.00937,0.01061,0.01104,0.01064,0.00725,0.01734,0.01243,0.00667,0.00499,0.00559,0.00565,0.00612,0.00456,0.00856
0.11719,0.11814,0.09809,0.04397,0.07550,0.03800,0.04198,0.02975,0.04620,0.06816,0.01368,0.10154,0.06313,0.01942,0.02437,0.02794,0.02483,0.01298,0.01468,0.02044
0.09012,0.22467,0.17585,0.03666,0.08772,0.02603,0.02653,0.02913,0.02594,0.03390,0.01691,0.02417,0.01681,0.01697,0.04776,0.02704,0.02270,0.01382,0.03233,0.02493
0.04877,0.24324,0.17525,0.03627,0.07890,0.02722,0.02518,0.02521,0.01867,0.01968,0.02809,0.05312,0.07549,0.01804,0.02122,0.02220,0.02610,0.01584,0.01492,0.02661
0.09280,0.13685,0.17803,0.03324,0.09466,0.02631,0.02307,0.02017,0.02642,0.05604,0.03602,0.06234,0.03259,0.02425,0.03182,0.01660,0.04697,0.02494,0.01652,0.02037
0.09511,0.11035,0.45738,0.02157,0.08408,0.01608,0.02398,0.01178,0.01797,0.01629,0.01409,0.02439,0.01999,0.01461,0.01390,0.01306,0.01064,0.01241,0.01029,0.01201
0.25492,0.13215,0.30133,0.02311,0.03203,0.02786,0.01552,0.02086,0.01584,0.01848,0.01112,0.02798,0.02034,0.01952,0.00905,0.01339,0.01448,0.01279,0.00895,0.02027
0.04491,0.08304,0.17636,0.03879,0.23094,0.03062,0.03225,0.02173,0.03003,0.02009,0.09627,0.02936,0.03458,0.01977,0.01411,0.01615,0.01349,0.02649,0.01184,0.02918
0.12688,0.31581,0.18853,0.02267,0.05277,0.03187,0.01760,0.02672,0.02008,0.01838,0.01058,0.02636,0.02658,0.01440,0.01505,0.02116,0.01295,0.01896,0.01132,0.02132
0.14138,0.05575,0.22960,0.03413,0.14684,0.02121,0.03710,0.01502,0.03160,0.02510,0.01518,0.05479,0.08175,0.01369,0.01696,0.01726,0.01485,0.01450,0.01499,0.01829
0.26242,0.11737,0.20092,0.02306,0.18333,0.01643,0.01687,0.01438,0.01370,0.01972,0.01048,0.02338,0.02665,0.00985,0.01094,0.01220,0.01094,0.00855,0.00867,0.01015
0.06741,0.29668,0.20078,0.01517,0.03891,0.01171,0.01283,0.01225,0.01149,0.00969,0.01595,0.13962,0.06308,0.01292,0.01548,0.01410,0.01428,0.01739,0.00804,0.02223
0.17155,0.10461,0.20451,0.01742,0.24986,0.01556,0.01548,0.01880,0.01502,0.01380,0.02004,0.02995,0.02808,0.01825,0.01347,0.01020,0.01167,0.01185,0.01059,0.01929
0.08805,0.11113,0.13340,0.02557,0.08211,0.02123,0.01952,0.02919,0.01572,0.01696,0.08617,0.01241,0.01453,0.01510,0.17380,0.06198,0.04217,0.01462,0.01770,0.01863
0.11367,0.08138,0.19937,0.03969,0.10825,0.03738,0.02675,0.02621,0.03869,0.02595,0.01267,0.10505,0.04569,0.02749,0.01388,0.01335,0.01927,0.01757,0.01963,0.02806
0.10568,0.16264,0.12650,0.05637,0.07331,0.05409,0.03445,0.05681,0.03456,0.07555,0.01890,0.01478,0.01706,0.02758,0.01832,0.02057,0.03919,0.01703,0.01942,0.02719
0.11665,0.12111,0.12679,0.08094,0.10780,0.06537,0.05706,0.03769,0.04012,0.04876,0.01953,0.02304,0.01876,0.01682,0.01871,0.01772,0.01566,0.01909,0.01955,0.02883
0.08198,0.11734,0.27183,0.03578,0.08531,0.03032,0.04443,0.03204,0.04737,0.03357,0.01102,0.02892,0.03167,0.01570,0.03013,0.03225,0.01405,0.01241,0.01247,0.03139
0.15780,0.14512,0.16392,0.03982,0.14811,0.02389,0.02249,0.03726,0.03416,0.02905,0.02874,0.01555,0.01603,0.02506,0.01804,0.01585,0.02449,0.01847,0.01328,0.02285
0.06872,0.24247,0.27660,0.02341,0.10268,0.01974,0.01584,0.01310,0.01362,0.01634,0.01686,0.05997,0.03585,0.01517,0.01205,0.01001,0.01590,0.01211,0.01011,0.01945
0.12927,0.09936,0.19966,0.02712,0.05532,0.03166,0.03682,0.02061,0.02539,0.02182,0.03239,0.05016,0.08167,0.02911,0.02204,0.04580,0.01745,0.02011,0.02249,0.03175
0.04383,0.31560,0.12425,0.01672,0.25064,0.01526,0.01173,0.01264,0.01353,0.01072,0.01264,0.05691,0.05205,0.01043,0.00971,0.00898,0.00682,0.00947,0.00704,0.01103
0.10303,0.19011,0.06877,0.03114,0.06255,0.03378,0.02258,0.01825,0.03089,0.02217,0.08914,0.05439,0.06374,0.02177,0.01916,0.03362,0.01992,0.06345,0.01916,0.03241
0.11220,0.22048,0.20622,0.04271,0.10980,0.03430,0.03311,0.02527,0.02344,0.01640,0.02100,0.01823,0.02311,0.01415,0.02060,0.01901,0.01015,0.01324,0.01366,0.02293
0.12867,0.12574,0.18018,0.03191,0.03323,0.11104,0.02307,0.03073,0.02446,0.02194,0.02518,0.03107,0.06141,0.03359,0.01293,0.02668,0.01187,0.02103,0.04856,0.01670
0.25430,0.06410,0.12918,0.03404,0.18899,0.02117,0.03018,0.02034,0.03238,0.01723,0.01090,0.04722,0.04660,0.01497,0.01506,0.01334,0.01522,0.01290,0.01388,0.01801
0.07832,0.20836,0.11880,0.03968,0.13651,0.03410,0.02480,0.04254,0.02763,0.03892,0.02618,0.04419,0.03629,0.02435,0.01727,0.01987,0.01623,0.02337,0.01337,0.02922
0.05612,0.06047,0.40165,0.02533,0.03820,0.03716,0.02857,0.02436,0.01835,0.03492,0.01535,0.08276,0.07861,0.01549,0.01291,0.01696,0.01279,0.01586,0.01028,0.01387
0.08682,0.07375,0.49619,0.02664,0.03764,0.02476,0.02104,0.01906,0.01611,0.01842,0.01604,0.02666,0.02264,0.02025,0.01180,0.01970,0.01534,0.01949,0.01125,0.01638
0.05441,0.10227,0.29150,0.03045,0.10285,0.04479,0.01941,0.02668,0.02840,0.02254,0.01492,0.04964,0.05950,0.02984,0.02484,0.02043,0.01459,0.02045,0.01421,0.02829
0.18358,0.05423,0.13387,0.01780,0.29839,0.01230,0.01411,0.01118,0.01459,0.01154,0.00851,0.06072,0.12063,0.00856,0.00731,0.00934,0.00801,0.00665,0.00640,0.01230
0.04734,0.16270,0.31473,0.01739,0.30000,0.01382,0.01127,0.01155,0.01058,0.01101,0.00775,0.02150,0.01687,0.01028,0.00519,0.00570,0.00867,0.00991,0.00519,0.00854
0.10863,0.13394,0.14781,0.07561,0.10876,0.05311,0.04325,0.05303,0.03434,0.03610,0.01662,0.01387,0.01571,0.02324,0.02960,0.03057,0.01850,0.01365,0.02224,0.02142
0.07525,0.07769,0.08681,0.03332,0.06569,0.03236,0.03059,0.02756,0.02384,0.03073,0.02270,0.19144,0.13839,0.02128,0.01580,0.01959,0.03072,0.02393,0.02154,0.03076
0.21797,0.11502,0.24754,0.05219,0.09244,0.03163,0.02030,0.02411,0.02122,0.02031,0.01259,0.03861,0.01826,0.01417,0.01047,0.01088,0.01292,0.01567,0.00855,0.01515
0.19236,0.31841,0.10007,0.01553,0.04718,0.01321,0.01283,0.01071,0.00891,0.01308,0.01300,0.10746,0.07241,0.01389,0.00914,0.00929,0.00915,0.01131,0.00865,0.01341
0.04022,0.32584,0.30014,0.03175,0.05378,0.03068,0.02696,0.03041,0.02111,0.01469,0.01019,0.02606,0.01454,0.01363,0.00768,0.00794,0.00856,0.01217,0.00753,0.01610
0.03808,0.15565,0.30938,0.04547,0.04406,0.03650,0.04365,0.03124,0.02386,0.02448,0.02904,0.03767,0.02457,0.02072,0.01629,0.02011,0.02240,0.02192,0.02086,0.03403
0.09935,0.10959,0.16860,0.03328,0.04263,0.03008,0.03280,0.03148,0.02141,0.03128,0.03293,0.03170,0.04250,0.02724,0.03357,0.04457,0.02401,0.02523,0.02404,0.11372
0.16747,0.18789,0.21594,0.03721,0.06968,0.02701,0.03719,0.02239,0.02106,0.02810,0.01766,0.03450,0.02844,0.01294,0.01094,0.01642,0.02003,0.01573,0.01206,0.01734
0.09419,0.10482,0.13335,0.02885,0.09644,0.02062,0.03094,0.02933,0.02743,0.02260,0.02334,0.09438,0.09596,0.01964,0.03410,0.02245,0.03424,0.03004,0.01889,0.03839
0.23772,0.09185,0.08262,0.02262,0.35403,0.01354,0.01505,0.01741,0.01686,0.01172,0.00833,0.02911,0.03168,0.00948,0.00780,0.00898,0.01542,0.00783,0.00759,0.01034
0.04630,0.07297,0.42073,0.02799,0.08134,0.02869,0.03059,0.02063,0.02920,0.02972,0.02234,0.02899,0.02620,0.01854,0.01681,0.01997,0.01574,0.02914,0.01274,0.02139
