0.13352,0.21018,0.16196,0.02984,0.12886,0.02829,0.02318,0.02401,0.02358,0.03023,0.01970,0.03208,0.02583,0.02151,0.01535,0.01794,0.01625,0.02009,0.01426,0.02333
0.07582,0.11632,0.16081,0.07171,0.09678,0.05199,0.05203,0.03162,0.03541,0.03829,0.02861,0.04422,0.03633,0.03800,0.01770,0.01817,0.01852,0.02284,0.01830,0.02652
0.07915,0.11757,0.15268,0.04897,0.07415,0.02996,0.03443,0.02371,0.03206,0.04307,0.02605,0.05426,0.07172,0.02597,0.03485,0.02755,0.03067,0.02198,0.03322,0.03797
0.18069,0.18828,0.18643,0.03052,0.05230,0.02647,0.03652,0.02893,0.02139,0.03856,0.01567,0.04145,0.03284,0.02207,0.01684,0.01205,0.01796,0.01817,0.01049,0.02239
0.11365,0.30087,0.10132,0.02366,0.10653,0.02416,0.02634,0.01961,0.03120,0.01665,0.01759,0.06289,0.06114,0.01586,0.01079,0.01740,0.01352,0.01174,0.01331,0.01176
0.10794,0.15664,0.13466,0.03970,0.06072,0.03791,0.02871,0.02901,0.02887,0.03133,0.05614,0.03273,0.02535,0.02720,0.03431,0.03294,0.03022,0.03803,0.02740,0.04020
0.07182,0.23349,0.20257,0.02880,0.16653,0.02119,0.02463,0.01878,0.01695,0.01967,0.01135,0.04969,0.05040,0.01194,0.01348,0.01274,0.00786,0.00999,0.01212,0.01599
0.18896,0.18805,0.23607,0.03297,0.04526,0.02543,0.04238,0.02216,0.01714,0.02156,0.00936,0.04793,0.04446,0.01367,0.00842,0.01382,0.01023,0.00957,0.00912,0.01345
0.10796,0.18741,0.22349,0.02677,0.14056,0.02485,0.02878,0.01625,0.01513,0.01820,0.02208,0.01589,0.01532,0.02018,0.02568,0.04181,0.02054,0.01859,0.01439,0.01610
0.08147,0.16449,0.27946,0.02659,0.11404,0.02885,0.02345,0.03569,0.02615,0.01647,0.01173,0.03612,0.02858,0.02769,0.01217,0.01390,0.01278,0.02146,0.01501,0.02391
0.05231,0.18237,0.11791,0.05219,0.15304,0.04248,0.04667,0.03974,0.02873,0.03043,0.02482,0.04456,0.03111,0.03710,0.01459,0.01594,0.02401,0.01892,0.01760,0.02549
0.10208,0.16714,0.21107,0.03854,0.10296,0.03614,0.04044,0.02896,0.03211,0.02543,0.02827,0.02601,0.01973,0.02555,0.02196,0.02132,0.01434,0.01700,0.01364,0.02731
0.07946,0.19925,0.19482,0.04180,0.11003,0.03987,0.03651,0.04020,0.03142,0.02361,0.02014,0.03689,0.03423,0.01625,0.01613,0.01199,0.01377,0.02162,0.01312,0.01890
0.08846,0.16971,0.22921,0.03686,0.08917,0.03539,0.02704,0.03873,0.02477,0.02565,0.03819,0.02155,0.02108,0.02646,0.02381,0.02070,0.01699,0.02287,0.01350,0.02986
0.07409,0.09518,0.21718,0.04875,0.07380,0.04845,0.04187,0.04721,0.03660,0.04892,0.02079,0.05346,0.04716,0.02007,0.01828,0.01805,0.01858,0.02368,0.02688,0.02104
0.12475,0.07361,0.11736,0.04731,0.08836,0.07348,0.04566,0.06993,0.05050,0.05333,0.01764,0.03515,0.03422,0.03349,0.02080,0.02565,0.02169,0.02062,0.01479,0.03165
0.08575,0.06588,0.35617,0.04428,0.08501,0.02371,0.03526,0.02859,0.03169,0.02458,0.02702,0.02142,0.02359,0.01943,0.02142,0.01465,0.01274,0.02132,0.01859,0.03888
0.10379,0.13529,0.09680,0.05711,0.07282,0.02970,0.04427,0.03654,0.02596,0.04483,0.05493,0.03663,0.04484,0.02068,0.03365,0.05450,0.03162,0.03106,0.01637,0.02861
0.14269,0.17751,0.22480,0.03721,0.10213,0.02928,0.02490,0.02591,0.02396,0.02959,0.01598,0.02631,0.02314,0.01530,0.01609,0.01618,0.02069,0.01268,0.01722,0.01843
0.19312,0.12296,0.08154,0.03884,0.18495,0.04392,0.04039,0.02391,0.02969,0.02331,0.01883,0.03674,0.03142,0.01413,0.02065,0.02495,0.01676,0.01393,0.02216,0.01778
0.11834,0.14695,0.07573,0.03132,0.11918,0.02335,0.03863,0.03158,0.02843,0.02754,0.05717,0.04966,0.05311,0.04193,0.01891,0.01745,0.02534,0.04072,0.01985,0.03481
0.04819,0.18886,0.14539,0.04804,0.10606,0.04116,0.04817,0.03192,0.03588,0.03489,0.03008,0.02689,0.02814,0.02749,0.03347,0.01958,0.02342,0.02826,0.01843,0.03568
0.15471,0.10416,0.23926,0.03439,0.05465,0.04075,0.02720,0.02773,0.01918,0.03095,0.01726,0.04681,0.03923,0.01727,0.03820,0.02534,0.02006,0.02163,0.01506,0.02617
0.09264,0.14609,0.16182,0.03000,0.06614,0.02245,0.02215,0.03246,0.02548,0.02214,0.00966,0.14219,0.12479,0.01326,0.01266,0.01278,0.01755,0.01502,0.01396,0.01676
0.15289,0.14721,0.22120,0.02731,0.15018,0.02421,0.01931,0.02723,0.01811,0.01602,0.02352,0.03906,0.03500,0.01226,0.01304,0.01604,0.01834,0.01222,0.01077,0.01607
0.06682,0.12110,0.15960,0.04332,0.05749,0.03983,0.02769,0.03095,0.02326,0.03583,0.02390,0.12627,0.05698,0.03190,0.02308,0.01524,0.02591,0.03390,0.02256,0.03438
0.06239,0.25950,0.30912,0.02294,0.03474,0.02558,0.01985,0.01893,0.01525,0.01893,0.01324,0.05384,0.06301,0.01106,0.01509,0.00975,0.00787,0.01194,0.01078,0.01616
0.11985,0.14915,0.19635,0.03171,0.06788,0.02749,0.02777,0.02520,0.02235,0.03369,0.06693,0.03729,0.03144,0.02476,0.02228,0.01868,0.02633,0.02463,0.01712,0.02910
0.09825,0.15366,0.13188,0.05147,0.12276,0.03539,0.03701,0.03536,0.03215,0.03005,0.02799,0.04615,0.03523,0.02491,0.02177,0.02203,0.02318,0.02637,0.01908,0.02532
0.07732,0.16296,0.17186,0.03579,0.16818,0.04578,0.04149,0.02592,0.02281,0.02120,0.01764,0.05059,0.02410,0.01940,0.01634,0.01559,0.01981,0.01972,0.00856,0.03494
0.10202,0.13135,0.25143,0.04319,0.05378,0.03758,0.04808,0.03597,0.03000,0.02279,0.01870,0.03376,0.02819,0.02462,0.02502,0.03916,0.01670,0.01574,0.01797,0.02397
0.11433,0.13597,0.23608,0.03237,0.05336,0.02829,0.03246,0.03989,0.02301,0.02109,0.01723,0.06068,0.03275,0.03177,0.01761,0.01696,0.02530,0.01612,0.03093,0.03382
0.11994,0.12525,0.25983,0.02626,0.04142,0.02114,0.03297,0.02741,0.02194,0.01867,0.01090,0.10767,0.08575,0.01236,0.01529,0.01481,0.01246,0.01249,0.01192,0.02151
0.06350,0.17075,0.16079,0.04120,0.18767,0.05742,0.02521,0.02927,0.02381,0.04525,0.01574,0.03408,0.01974,0.01974,0.01486,0.01421,0.01541,0.01546,0.01366,0.03223
0.19101,0.08485,0.18094,0.03578,0.19246,0.02921,0.01780,0.02318,0.03256,0.02275,0.01721,0.03808,0.02722,0.01786,0.01335,0.00890,0.01435,0.02597,0.01015,0.01639
0.13394,0.09678,0.12532,0.02296,0.12629,0.02237,0.02116,0.01666,0.02178,0.01755,0.01694,0.14037,0.13314,0.01810,0.01222,0.01306,0.01758,0.01180,0.01336,0.01861
0.05710,0.08651,0.20817,0.03117,0.07372,0.01812,0.02030,0.02392,0.01796,0.02528,0.02440,0.14342,0.12126,0.02324,0.02109,0.01960,0.02268,0.01916,0.01752,0.02540
0.11358,0.21217,0.26070,0.03511,0.15957,0.02174,0.02120,0.01792,0.01381,0.01609,0.01309,0.02671,0.01799,0.00909,0.00900,0.01069,0.01247,0.00795,0.00731,0.01383
0.08422,0.12225,0.29816,0.04085,0.07789,0.03192,0.02724,0.02838,0.03347,0.03020,0.02387,0.02249,0.01810,0.02301,0.01952,0.01817,0.02261,0.02268,0.02206,0.03294
0.09476,0.13252,0.15582,0.03371,0.04581,0.03528,0.03656,0.02879,0.01831,0.01957,0.01816,0.12588,0.11561,0.02576,0.02324,0.01408,0.01733,0.01993,0.01611,0.02277
0.06377,0.16770,0.17402,0.05347,0.05786,0.04826,0.04184,0.03895,0.02978,0.03171,0.01439,0.07096,0.07564,0.02241,0.01712,0.02031,0.01764,0.01726,0.01853,0.01838
0.05013,0.16720,0.18803,0.04426,0.06158,0.04846,0.03670,0.04058,0.03230,0.03682,0.01412,0.07429,0.07840,0.02099,0.01563,0.01475,0.02045,0.01680,0.01441,0.02412
0.14196,0.19247,0.14296,0.04133,0.08338,0.03428,0.04721,0.03093,0.02776,0.02332,0.02215,0.03056,0.02646,0.02548,0.02538,0.01305,0.01456,0.02883,0.01542,0.03252
0.12246,0.11077,0.14158,0.04749,0.11782,0.04433,0.03709,0.03413,0.03860,0.03138,0.01815,0.05280,0.04516,0.02502,0.01969,0.01879,0.02375,0.02600,0.01796,0.02699
0.08786,0.16347,0.25877,0.03475,0.11625,0.03013,0.02211,0.02455,0.02531,0.01797,0.02628,0.04218,0.02970,0.01447,0.01597,0.01491,0.01462,0.02013,0.01508,0.02547
0.06148,0.17499,0.16680,0.04001,0.14611,0.04761,0.03608,0.03185,0.03630,0.03155,0.01976,0.02388,0.02554,0.01855,0.02120,0.02561,0.02288,0.01528,0.02316,0.03139
0.09315,0.15269,0.20834,0.04265,0.06750,0.03138,0.02686,0.02104,0.02991,0.02447,0.02373,0.04256,0.05410,0.02778,0.02866,0.02518,0.02059,0.02265,0.02466,0.03211
0.09879,0.15370,0.22470,0.04122,0.07656,0.03211,0.03540,0.02430,0.02469,0.03824,0.01540,0.05551,0.04600,0.02079,0.01766,0.01398,0.02674,0.01740,0.01653,0.02028
0.11854,0.15735,0.18729,0.04626,0.12418,0.03775,0.02528,0.02742,0.01679,0.02722,0.02382,0.04903,0.02225,0.02231,0.02453,0.01500,0.01210,0.01756,0.01451,0.03082
0.15210,0.13571,0.20628,0.02233,0.13697,0.02309,0.02120,0.02700,0.02074,0.03044,0.01663,0.04800,0.05851,0.01224,0.01406,0.01805,0.01688,0.01213,0.01113,0.01652
0.10110,0.17063,0.20973,0.03327,0.10817,0.03568,0.01963,0.03773,0.02084,0.02967,0.01616,0.05947,0.06001,0.01558,0.01312,0.01284,0.01220,0.01548,0.01368,0.01501
0.04382,0.17822,0.08137,0.03311,0.05030,0.03343,0.02846,0.03230,0.03122,0.02175,0.02339,0.14892,0.11852,0.02711,0.02325,0.02639,0.02479,0.02835,0.01837,0.02694
0.08848,0.13842,0.18608,0.05012,0.11161,0.03743,0.04085,0.03989,0.03972,0.03080,0.02577,0.03819,0.02530,0.02075,0.01931,0.02657,0.01652,0.02607,0.01332,0.02480
0.07856,0.10429,0.07895,0.04651,0.04754,0.03662,0.03279,0.03736,0.04090,0.02675,0.03524,0.09021,0.09441,0.02727,0.04178,0.05497,0.02276,0.03003,0.01930,0.05375
0.10831,0.19093,0.21701,0.04755,0.12047,0.03638,0.02297,0.02528,0.02562,0.03073,0.01158,0.03539,0.02580,0.01475,0.01182,0.01128,0.01530,0.01769,0.01017,0.02095
0.09973,0.09208,0.06113,0.03351,0.09303,0.02422,0.02706,0.02300,0.01990,0.02145,0.02135,0.18919,0.17179,0.01497,0.01558,0.02822,0.01703,0.01615,0.01026,0.02034
0.07667,0.19762,0.07875,0.03809,0.15804,0.04409,0.02983,0.03229,0.03158,0.03271,0.02246,0.02799,0.02739,0.02593,0.03845,0.02809,0.02426,0.02457,0.02026,0.04091
0.17801,0.20753,0.12872,0.05408,0.08351,0.05371,0.03996,0.04798,0.02168,0.04317,0.01416,0.01967,0.01725,0.01097,0.01271,0.01144,0.01600,0.01214,0.01074,0.01658
0.06700,0.28022,0.12829,0.05576,0.06326,0.04804,0.03303,0.03664,0.03384,0.02762,0.02418,0.02150,0.01783,0.01869,0.02851,0.02690,0.02199,0.02016,0.02065,0.02589
0.12610,0.14042,0.20863,0.03375,0.06144,0.03341,0.03084,0.02229,0.03101,0.02886,0.02278,0.05010,0.04733,0.01932,0.02641,0.03840,0.02195,0.01860,0.01644,0.02195
0.15322,0.22177,0.26108,0.02007,0.11106,0.01827,0.01909,0.01905,0.01575,0.01664,0.01198,0.03027,0.02543,0.01461,0.00889,0.01295,0.01017,0.01149,0.00762,0.01058
0.05300,0.18132,0.11517,0.05387,0.16102,0.04576,0.05277,0.05581,0.04249,0.02753,0.02339,0.02231,0.02385,0.02255,0.02341,0.02360,0.01730,0.01600,0.01570,0.02316
0.08562,0.14540,0.15564,0.04397,0.08229,0.04817,0.03349,0.02805,0.03195,0.03753,0.02272,0.05880,0.05996,0.03983,0.01829,0.01915,0.02412,0.01726,0.01879,0.02898
0.07925,0.13626,0.17752,0.03641,0.07167,0.03407,0.02435,0.02056,0.02307,0.02156,0.02517,0.10166,0.10436,0.02523,0.01844,0.02314,0.01689,0.01686,0.01687,0.02666
0.10702,0.07796,0.29693,0.03397,0.08918,0.03813,0.03630,0.02565,0.03015,0.02618,0.02467,0.02717,0.02423,0.02442,0.02002,0.02228,0.02167,0.02670,0.02261,0.02475
0.09614,0.08755,0.45973,0.03292,0.03208,0.02145,0.02436,0.01953,0.01621,0.01732,0.01620,0.04396,0.03257,0.01738,0.01703,0.01136,0.01526,0.01378,0.00919,0.01599
0.08637,0.19242,0.06759,0.08209,0.08712,0.04775,0.03093,0.04155,0.03800,0.07793,0.01732,0.03675,0.01820,0.03251,0.02121,0.02029,0.02209,0.02985,0.01767,0.03234
0.08439,0.10514,0.12397,0.03336,0.10097,0.04765,0.03990,0.03804,0.04246,0.02996,0.02991,0.07217,0.04291,0.03312,0.02935,0.02605,0.01887,0.04486,0.02270,0.03421
0.11603,0.13805,0.21568,0.03594,0.07634,0.03200,0.03132,0.03046,0.02543,0.02486,0.01550,0.07499,0.07536,0.02204,0.01541,0.01380,0.01868,0.01388,0.01148,0.01275
0.06448,0.13468,0.18616,0.06929,0.11774,0.05268,0.03348,0.05082,0.04326,0.03029,0.01986,0.02952,0.03863,0.01648,0.01878,0.01927,0.01742,0.01559,0.02006,0.02152
0.10849,0.17632,0.11121,0.03892,0.13744,0.03567,0.03629,0.04083,0.03021,0.03001,0.02074,0.05417,0.04425,0.02153,0.01452,0.02570,0.01643,0.01796,0.01692,0.02238
0.07745,0.20148,0.26469,0.03332,0.09624,0.03142,0.02524,0.02450,0.02848,0.02438,0.01865,0.03760,0.01857,0.02029,0.01347,0.01381,0.01557,0.01727,0.01588,0.02170
0.10096,0.16614,0.22873,0.03659,0.07802,0.02851,0.03294,0.02579,0.01778,0.02039,0.01945,0.05059,0.05095,0.01953,0.01574,0.01386,0.02250,0.02527,0.01507,0.03117
0.07512,0.08741,0.24452,0.06736,0.09708,0.04542,0.04299,0.04486,0.03747,0.03521,0.02202,0.03082,0.02645,0.02962,0.01711,0.01611,0.01844,0.01904,0.01924,0.02371
0.13606,0.21616,0.21461,0.02972,0.06985,0.02406,0.02206,0.02408,0.02028,0.02166,0.02396,0.03895,0.02945,0.01970,0.01612,0.01572,0.01593,0.01918,0.01539,0.02705
0.08025,0.06923,0.33611,0.04984,0.05650,0.04388,0.04741,0.03196,0.03953,0.03035,0.01549,0.03643,0.03195,0.02045,0.01519,0.01959,0.01803,0.01751,0.01510,0.02518
0.14343,0.20537,0.08837,0.05324,0.11076,0.03413,0.03678,0.03894,0.02873,0.02655,0.02152,0.04673,0.03310,0.01887,0.01672,0.01598,0.01532,0.02270,0.01528,0.02748
0.12251,0.14266,0.11505,0.04084,0.08726,0.04635,0.04443,0.03957,0.03682,0.03856,0.03150,0.03862,0.03701,0.02823,0.02204,0.02503,0.03083,0.02427,0.02299,0.02544
0.09914,0.13517,0.18470,0.04344,0.06113,0.03813,0.03177,0.02860,0.03335,0.03334,0.01726,0.06590,0.07430,0.02498,0.01956,0.02274,0.02044,0.01805,0.02142,0.02660
0.14503,0.14509,0.26290,0.03679,0.07417,0.03443,0.02767,0.02564,0.02363,0.02180,0.01746,0.03565,0.03440,0.01592,0.01418,0.01530,0.01281,0.02060,0.01233,0.02419
0.19871,0.18027,0.27627,0.02284,0.03218,0.01825,0.01618,0.01461,0.01454,0.01460,0.02550,0.05741,0.05003,0.01063,0.00902,0.00911,0.01170,0.01310,0.00805,0.01699
0.05612,0.09578,0.13314,0.05245,0.08710,0.06270,0.04534,0.06286,0.05623,0.05103,0.03097,0.03677,0.03145,0.03076,0.02819,0.02537,0.02009,0.03637,0.02758,0.02970
0.07636,0.17708,0.31258,0.02046,0.12637,0.01936,0.01593,0.02472,0.01448,0.01913,0.01235,0.05319,0.04471,0.01368,0.01142,0.01220,0.01045,0.01051,0.01123,0.01378
0.08071,0.12106,0.14582,0.03755,0.08764,0.04322,0.03860,0.03783,0.02219,0.03965,0.03164,0.08097,0.06811,0.02234,0.02530,0.01924,0.03142,0.02416,0.01822,0.02432
0.10560,0.20029,0.30266,0.02318,0.12910,0.01969,0.01399,0.01981,0.01945,0.01157,0.00793,0.05037,0.03961,0.00733,0.00728,0.00998,0.00829,0.00670,0.00689,0.01030
0.07440,0.07513,0.29465,0.05047,0.05009,0.04168,0.04708,0.04106,0.05856,0.03708,0.02224,0.02289,0.01873,0.01940,0.03731,0.02412,0.02059,0.02412,0.01257,0.02781
0.06123,0.16194,0.17628,0.04698,0.14704,0.04041,0.02769,0.03628,0.02522,0.02364,0.02564,0.04584,0.04878,0.02129,0.02027,0.01968,0.01756,0.01462,0.01553,0.02408
0.09637,0.19566,0.07201,0.03157,0.16840,0.04728,0.02939,0.04480,0.02270,0.03224,0.01194,0.06520,0.03359,0.03009,0.01295,0.01382,0.04787,0.01037,0.01207,0.02170
0.09578,0.10736,0.27544,0.03268,0.05914,0.01983,0.01912,0.02490,0.02579,0.03281,0.02096,0.07487,0.05874,0.01882,0.02352,0.03046,0.01929,0.02083,0.01310,0.02657
0.11331,0.21730,0.32433,0.02320,0.09545,0.02153,0.02567,0.01747,0.02500,0.01885,0.01273,0.01628,0.01318,0.01238,0.01190,0.00603,0.01495,0.01280,0.00540,0.01225
0.06892,0.16094,0.19576,0.04737,0.12997,0.03768,0.03690,0.04374,0.02406,0.02961,0.01598,0.03975,0.02670,0.02142,0.01561,0.01838,0.01999,0.02014,0.01906,0.02804
0.12993,0.13323,0.16731,0.04244,0.11783,0.03545,0.02861,0.03367,0.02494,0.02592,0.02335,0.03720,0.03729,0.02764,0.01979,0.02000,0.02529,0.01787,0.02383,0.02842
0.14479,0.16732,0.22326,0.03505,0.07516,0.03125,0.04579,0.02422,0.02563,0.03167,0.01296,0.03671,0.02683,0.01684,0.01911,0.01372,0.02197,0.01391,0.00965,0.02416
0.06826,0.13493,0.18668,0.03160,0.09343,0.03229,0.02829,0.03666,0.03636,0.03001,0.02014,0.08960,0.06807,0.02873,0.02533,0.01752,0.01867,0.01726,0.01290,0.02327
0.05935,0.07372,0.48379,0.02981,0.05093,0.02586,0.01743,0.02251,0.02059,0.02122,0.01681,0.02883,0.02019,0.02324,0.01507,0.01297,0.01559,0.01480,0.02060,0.02670
0.08075,0.09542,0.11296,0.06138,0.06453,0.06649,0.07168,0.09158,0.02407,0.03951,0.01797,0.05572,0.02246,0.02458,0.02604,0.01866,0.02420,0.02231,0.01361,0.06605
0.17944,0.19088,0.36184,0.02431,0.05226,0.01937,0.01402,0.01757,0.01382,0.01283,0.00945,0.01896,0.01264,0.01386,0.00888,0.01025,0.01007,0.00905,0.00831,0.01216
0.08171,0.10501,0.46026,0.02848,0.03712,0.01863,0.02426,0.02036,0.01682,0.02772,0.02219,0.02409,0.02743,0.01494,0.01162,0.02625,0.01390,0.01476,0.00830,0.01614
0.08233,0.16493,0.12912,0.05143,0.15156,0.04916,0.03478,0.04971,0.03575,0.03527,0.02233,0.03742,0.02687,0.01835,0.01835,0.02073,0.01705,0.01980,0.01091,0.02416
0.09000,0.12510,0.13758,0.05070,0.10371,0.05891,0.03759,0.06616,0.03956,0.04336,0.01664,0.03892,0.02263,0.02601,0.01905,0.01797,0.02001,0.01435,0.03048,0.04126
0.05433,0.09216,0.10013,0.05596,0.06045,0.04168,0.03386,0.04119,0.04540,0.03377,0.05742,0.02998,0.03854,0.04193,0.07147,0.05239,0.03332,0.03509,0.03971,0.04123
0.16069,0.10506,0.15232,0.03983,0.14485,0.03271,0.03426,0.02548,0.02791,0.02314,0.02983,0.03493,0.03436,0.02290,0.01785,0.02081,0.02232,0.02882,0.01330,0.02864
0.08143,0.11951,0.15357,0.05162,0.06790,0.04085,0.03774,0.03762,0.04516,0.02826,0.01698,0.09788,0.09583,0.02085,0.01048,0.02193,0.01905,0.01995,0.01189,0.02150
0.21408,0.07612,0.16935,0.03362,0.21520,0.02749,0.02242,0.02618,0.02043,0.02254,0.01896,0.02825,0.02779,0.01448,0.01463,0.01376,0.01389,0.01463,0.00901,0.01718
0.08428,0.24334,0.22025,0.02394,0.20352,0.01691,0.01371,0.01706,0.01548,0.01332,0.00824,0.03955,0.03026,0.01217,0.00949,0.01266,0.00850,0.01071,0.00700,0.00962
0.06249,0.12250,0.22723,0.03051,0.12426,0.02307,0.01592,0.02170,0.02052,0.01580,0.02478,0.09216,0.09120,0.02373,0.01572,0.01509,0.01398,0.01702,0.01868,0.02362
0.06528,0.09530,0.30978,0.03136,0.06382,0.02924,0.01744,0.02419,0.02088,0.02460,0.01897,0.10859,0.08563,0.01844,0.01523,0.01562,0.01165,0.01722,0.00975,0.01701
0.08316,0.16289,0.17624,0.04338,0.10843,0.02427,0.02360,0.02560,0.01956,0.02460,0.01673,0.09521,0.08558,0.02094,0.01122,0.01356,0.01429,0.01718,0.01459,0.01895
0.10120,0.12038,0.17860,0.04340,0.09116,0.03515,0.02789,0.03825,0.02214,0.03986,0.03275,0.05740,0.02285,0.03663,0.01847,0.01759,0.02468,0.03197,0.01434,0.04528
0.25004,0.25090,0.09305,0.03525,0.05589,0.02872,0.02384,0.02178,0.02311,0.03025,0.01558,0.03514,0.02365,0.01611,0.01303,0.01489,0.01693,0.01506,0.01601,0.02078
0.08759,0.22443,0.26143,0.04451,0.05832,0.03567,0.03349,0.03655,0.03310,0.02683,0.01376,0.02648,0.01896,0.01546,0.01409,0.01321,0.01101,0.01384,0.01069,0.02057
0.06010,0.21615,0.21351,0.03263,0.09631,0.02961,0.04761,0.03696,0.03078,0.02122,0.02054,0.02729,0.01900,0.02906,0.01474,0.01830,0.01981,0.02000,0.01981,0.02660
0.10041,0.18080,0.21104,0.03798,0.11031,0.02717,0.02538,0.02203,0.01869,0.02226,0.01273,0.07174,0.07053,0.01743,0.01296,0.00783,0.01002,0.01278,0.01224,0.01566
0.16130,0.18914,0.14899,0.04637,0.08137,0.03207,0.06530,0.02698,0.01997,0.02654,0.01502,0.03568,0.02633,0.01915,0.02392,0.01500,0.02192,0.01441,0.00873,0.02182
0.13947,0.22986,0.27352,0.02442,0.07691,0.04262,0.01933,0.02093,0.02208,0.01442,0.01017,0.03112,0.02432,0.01039,0.01028,0.00930,0.01020,0.00915,0.00755,0.01394
0.10049,0.18358,0.22208,0.03906,0.11563,0.02852,0.03281,0.02439,0.02088,0.02482,0.01873,0.03796,0.03405,0.01788,0.01938,0.01319,0.01596,0.02013,0.01095,0.01949
0.06714,0.15753,0.15903,0.04760,0.08750,0.03795,0.02895,0.03392,0.02890,0.03861,0.02277,0.07097,0.05818,0.03124,0.01726,0.01753,0.02048,0.02414,0.01976,0.03055
0.07315,0.10688,0.16781,0.03275,0.08337,0.02791,0.02188,0.01833,0.02708,0.02534,0.01665,0.14056,0.12631,0.02138,0.01998,0.02009,0.01658,0.01757,0.01872,0.01766
0.17206,0.17216,0.32722,0.01866,0.04831,0.01288,0.01799,0.02101,0.01344,0.01727,0.01381,0.05385,0.04618,0.01055,0.00838,0.00753,0.00798,0.00957,0.00773,0.01343
0.13007,0.21863,0.20876,0.02973,0.09778,0.03750,0.02229,0.02444,0.02571,0.02130,0.01651,0.02866,0.02603,0.01668,0.01927,0.01654,0.01376,0.01296,0.01692,0.01647
0.06685,0.24391,0.08724,0.03327,0.20274,0.04200,0.03149,0.02445,0.02602,0.02138,0.02276,0.03762,0.02736,0.02649,0.01288,0.01188,0.01600,0.02001,0.01691,0.02876
0.08139,0.12633,0.07310,0.07766,0.14736,0.07535,0.04979,0.05432,0.04610,0.03928,0.01585,0.03111,0.01644,0.02463,0.02764,0.01476,0.03035,0.02078,0.02305,0.02470
0.06851,0.16685,0.29743,0.04794,0.06354,0.02604,0.03468,0.03007,0.03124,0.02881,0.01497,0.03882,0.03892,0.01677,0.01578,0.01783,0.01567,0.01250,0.01329,0.02035
0.06100,0.26465,0.14842,0.04062,0.05323,0.03518,0.03199,0.02794,0.02359,0.02511,0.01387,0.07322,0.06987,0.01800,0.02115,0.02391,0.01934,0.01666,0.01320,0.01904
0.12937,0.24462,0.16228,0.03377,0.11543,0.03843,0.02729,0.01869,0.01904,0.02647,0.01903,0.02251,0.01995,0.01996,0.01556,0.02387,0.01886,0.01549,0.01099,0.01840
0.07757,0.23584,0.28117,0.04077,0.06193,0.03758,0.03001,0.02478,0.02323,0.02251,0.01605,0.01947,0.01941,0.01578,0.02036,0.01568,0.01542,0.01409,0.01017,0.01821
0.17154,0.16862,0.26230,0.04123,0.09934,0.02074,0.01991,0.02037,0.02312,0.01832,0.02151,0.01938,0.01519,0.01643,0.00967,0.01148,0.01403,0.01819,0.01132,0.01730
0.09837,0.18268,0.17398,0.03452,0.10307,0.03427,0.03191,0.02479,0.02764,0.02603,0.02822,0.03725,0.03045,0.02388,0.01669,0.02230,0.01479,0.02885,0.03016,0.03016
0.16642,0.06577,0.14681,0.05209,0.16087,0.04068,0.03609,0.03633,0.02527,0.03320,0.01861,0.04458,0.04464,0.02656,0.01374,0.01551,0.01595,0.01962,0.01343,0.02384
0.07806,0.09126,0.11885,0.03154,0.09092,0.03234,0.02658,0.03535,0.02962,0.02794,0.02371,0.12980,0.13352,0.02541,0.02549,0.01974,0.01858,0.01821,0.01777,0.02529
0.07260,0.14216,0.25001,0.03970,0.10992,0.04668,0.03054,0.04721,0.02709,0.02893,0.01507,0.03867,0.03484,0.02211,0.01427,0.01976,0.01727,0.01268,0.01419,0.01631
0.05832,0.06964,0.37460,0.03017,0.05981,0.02627,0.03237,0.02701,0.02944,0.03054,0.02916,0.04187,0.04048,0.01878,0.02273,0.02173,0.01689,0.02631,0.01480,0.02908
0.15381,0.20866,0.14927,0.03713,0.07390,0.03071,0.02743,0.01897,0.02397,0.03139,0.02635,0.02274,0.01814,0.01921,0.02125,0.03112,0.02768,0.03545,0.01901,0.02381
0.09881,0.21464,0.25197,0.04349,0.06092,0.02686,0.02111,0.02874,0.01971,0.01904,0.01897,0.03066,0.02272,0.01964,0.03135,0.02164,0.01532,0.01486,0.01128,0.02828
0.09192,0.15383,0.24219,0.04764,0.05302,0.03389,0.02877,0.02077,0.02376,0.02919,0.02090,0.04191,0.04342,0.02212,0.01908,0.02269,0.01601,0.03230,0.01783,0.03877
0.08781,0.12479,0.26389,0.02895,0.05840,0.03369,0.02470,0.03172,0.02434,0.02395,0.00833,0.09232,0.08246,0.01749,0.01445,0.01667,0.01734,0.01001,0.01787,0.02082
0.06741,0.13069,0.14653,0.06726,0.06717,0.05175,0.04981,0.02959,0.03080,0.04306,0.01532,0.08319,0.07566,0.02529,0.01651,0.02125,0.02358,0.01933,0.01275,0.02306
0.08250,0.19784,0.23716,0.04161,0.14453,0.03316,0.03107,0.02190,0.01861,0.02022,0.01692,0.03077,0.02270,0.01448,0.01422,0.01004,0.01301,0.01794,0.01169,0.01961
0.08946,0.08637,0.14259,0.04263,0.08764,0.03113,0.02534,0.03030,0.02043,0.03143,0.10416,0.03305,0.02467,0.04063,0.02677,0.02142,0.03389,0.04930,0.02855,0.05026
0.04604,0.18192,0.08030,0.04497,0.16293,0.03324,0.03551,0.03358,0.04363,0.04503,0.01740,0.03453,0.04760,0.03576,0.01997,0.03092,0.03207,0.02137,0.02404,0.02918
0.10110,0.13494,0.17105,0.05364,0.08144,0.04653,0.05840,0.03574,0.02521,0.05128,0.02943,0.02239,0.02182,0.02413,0.01939,0.02303,0.02190,0.02405,0.02554,0.02900
0.13901,0.12674,0.18336,0.04768,0.11730,0.02821,0.03827,0.03777,0.03339,0.02716,0.01266,0.06473,0.05435,0.01822,0.01120,0.01260,0.01304,0.01211,0.00767,0.01453
0.14479,0.24868,0.16122,0.03588,0.10709,0.02947,0.02169,0.02591,0.01619,0.01795,0.01045,0.04371,0.03595,0.01449,0.01070,0.01650,0.01311,0.01346,0.01439,0.01837
0.10645,0.22983,0.29759,0.02538,0.08614,0.02106,0.02094,0.01197,0.01707,0.01747,0.01472,0.02072,0.02798,0.01632,0.01109,0.01126,0.01447,0.01773,0.01176,0.02006
0.05544,0.06925,0.50906,0.02503,0.04861,0.02394,0.02349,0.02557,0.01966,0.02151,0.01716,0.02130,0.01587,0.01798,0.02353,0.01254,0.01400,0.01714,0.01469,0.02424
0.11459,0.12802,0.17693,0.04462,0.10718,0.04078,0.03020,0.03333,0.02680,0.03292,0.03018,0.03140,0.02849,0.03731,0.02171,0.02116,0.02197,0.03154,0.01669,0.02418
0.13639,0.23798,0.10146,0.03532,0.20159,0.02669,0.02738,0.03057,0.02029,0.02515,0.01185,0.04172,0.03585,0.01111,0.00819,0.01004,0.01001,0.01117,0.00665,0.01057
0.08084,0.06063,0.22413,0.04437,0.06669,0.03281,0.03144,0.02758,0.02588,0.03097,0.04805,0.04770,0.04194,0.03766,0.02400,0.02318,0.02732,0.04403,0.03198,0.04880
0.12444,0.17107,0.19386,0.03274,0.09477,0.03545,0.02414,0.02961,0.02975,0.02782,0.02485,0.03804,0.02036,0.02330,0.01958,0.01580,0.01849,0.02058,0.01332,0.04204
0.04341,0.23505,0.07353,0.04112,0.23618,0.02329,0.02093,0.02351,0.02187,0.02745,0.02752,0.04754,0.04660,0.01928,0.01640,0.01835,0.02137,0.01983,0.01369,0.02309
0.10514,0.19001,0.24354,0.03951,0.08681,0.03227,0.03630,0.02583,0.03427,0.02368,0.01557,0.02988,0.02970,0.01712,0.01552,0.01757,0.01207,0.01558,0.01032,0.01931
0.07947,0.11860,0.09470,0.07311,0.07052,0.06214,0.04903,0.03714,0.03503,0.03854,0.02734,0.09541,0.06940,0.02624,0.02528,0.01514,0.01692,0.02433,0.01591,0.02575
0.18381,0.14302,0.24637,0.03872,0.10468,0.03410,0.01993,0.03716,0.02032,0.02492,0.01053,0.02158,0.02711,0.01203,0.01324,0.01431,0.01234,0.01267,0.00851,0.01464
0.13456,0.21720,0.24496,0.02606,0.12033,0.01887,0.02115,0.01694,0.01333,0.01515,0.01688,0.02319,0.01435,0.02589,0.01545,0.00961,0.01372,0.01992,0.00915,0.02328
0.04405,0.17353,0.17375,0.03842,0.06421,0.02596,0.03104,0.01996,0.02271,0.02208,0.01628,0.12957,0.10675,0.02544,0.01537,0.01543,0.01620,0.02014,0.01391,0.02520
0.05572,0.10736,0.31664,0.04721,0.04946,0.03514,0.02117,0.03572,0.03005,0.02772,0.03329,0.03048,0.02580,0.02459,0.02752,0.01687,0.01904,0.02641,0.01970,0.05014
0.06817,0.06832,0.13792,0.05446,0.05607,0.07459,0.04752,0.05095,0.05249,0.03996,0.02266,0.05480,0.06079,0.02712,0.03040,0.03281,0.02878,0.02833,0.02883,0.03505
0.05760,0.10956,0.12551,0.05845,0.07419,0.05597,0.04339,0.03999,0.03125,0.03647,0.03392,0.06788,0.06412,0.03953,0.02527,0.02606,0.02245,0.03303,0.02169,0.03366
0.16273,0.18061,0.17387,0.03413,0.04873,0.03080,0.03285,0.02936,0.02951,0.03167,0.02234,0.02771,0.01878,0.02494,0.02133,0.02339,0.03462,0.02046,0.02109,0.03106
0.21951,0.13736,0.09266,0.02973,0.21408,0.02292,0.01851,0.01922,0.02026,0.01465,0.01289,0.05983,0.05741,0.01727,0.01203,0.00895,0.01079,0.00984,0.00892,0.01318
0.07201,0.07538,0.36019,0.06183,0.05251,0.05561,0.03328,0.04297,0.03178,0.02981,0.01676,0.02609,0.01510,0.01184,0.01662,0.01593,0.01588,0.01793,0.01215,0.03633
0.06747,0.16853,0.31727,0.02668,0.12758,0.02750,0.02208,0.02514,0.02015,0.01647,0.01241,0.05012,0.04529,0.00972,0.00929,0.01258,0.01153,0.00932,0.00956,0.01131
0.10285,0.13077,0.15584,0.04483,0.10288,0.03804,0.03225,0.03683,0.02674,0.04581,0.02232,0.05407,0.05008,0.02721,0.02692,0.02123,0.01868,0.01997,0.01629,0.02640
0.07812,0.19202,0.23157,0.04490,0.05826,0.04645,0.03676,0.03083,0.02550,0.03866,0.01725,0.03695,0.03274,0.02603,0.01519,0.01555,0.01792,0.01617,0.01896,0.02018
0.10356,0.15198,0.31300,0.02738,0.09005,0.02620,0.02839,0.02109,0.02112,0.01757,0.01398,0.04591,0.02588,0.01701,0.01446,0.00977,0.01956,0.01681,0.01412,0.02215
0.11103,0.13298,0.17927,0.04823,0.09246,0.04411,0.03725,0.04044,0.02675,0.03369,0.01509,0.05638,0.05387,0.01605,0.01570,0.02570,0.01837,0.01485,0.01471,0.02305
0.12529,0.19662,0.21950,0.03456,0.09890,0.03132,0.02715,0.02011,0.02330,0.02195,0.01444,0.03740,0.03405,0.02165,0.01485,0.01464,0.01780,0.01176,0.01402,0.02068
0.05248,0.27208,0.22269,0.05073,0.03647,0.04366,0.02250,0.02804,0.02253,0.02161,0.01280,0.03422,0.03850,0.02583,0.01457,0.02726,0.01506,0.01654,0.02668,0.01575
0.05662,0.11089,0.09738,0.05043,0.06040,0.03415,0.04482,0.03457,0.03401,0.04615,0.03221,0.07770,0.10372,0.02365,0.04032,0.03417,0.02246,0.01827,0.03431,0.04377
0.06658,0.14578,0.18141,0.02860,0.05200,0.02820,0.02131,0.01972,0.01872,0.02220,0.01231,0.14299,0.15363,0.01555,0.01452,0.01442,0.01251,0.02198,0.01127,0.01629
0.10128,0.11698,0.15159,0.04928,0.09521,0.05400,0.04334,0.03388,0.03755,0.02873,0.02409,0.06773,0.05525,0.02647,0.01547,0.02158,0.01955,0.01882,0.01299,0.02622
0.05680,0.22456,0.19869,0.03689,0.11029,0.04374,0.04564,0.05120,0.03476,0.02666,0.01926,0.01966,0.01672,0.02019,0.01982,0.01480,0.01354,0.01652,0.00983,0.02045
0.06032,0.12004,0.39637,0.02635,0.04819,0.02274,0.02658,0.02376,0.01735,0.02090,0.02019,0.04554,0.04844,0.01742,0.02201,0.01421,0.01483,0.01798,0.01733,0.01945
0.09587,0.06296,0.21497,0.03752,0.10389,0.03025,0.03208,0.03541,0.03767,0.02664,0.03314,0.07096,0.03727,0.02839,0.02546,0.01751,0.02160,0.02571,0.02049,0.04221
0.07481,0.15886,0.13889,0.04073,0.11338,0.03384,0.02579,0.01851,0.02146,0.02597,0.02137,0.09721,0.10466,0.02419,0.01538,0.01546,0.01628,0.01753,0.01545,0.02022
0.09271,0.13605,0.26223,0.04100,0.09622,0.02639,0.02938,0.03468,0.02538,0.03458,0.02025,0.03683,0.02762,0.02089,0.03119,0.02508,0.01730,0.01573,0.01128,0.01523
0.06223,0.10404,0.13550,0.04065,0.07799,0.03186,0.03683,0.03716,0.02713,0.02260,0.03246,0.09236,0.08278,0.04156,0.02368,0.02810,0.02357,0.01995,0.03127,0.04828
0.05371,0.07368,0.16138,0.03891,0.04655,0.03837,0.04771,0.07385,0.03536,0.04290,0.04378,0.08161,0.03032,0.03171,0.04096,0.02077,0.02740,0.03412,0.02477,0.05213
0.08916,0.14032,0.15578,0.04277,0.10689,0.03224,0.02964,0.03173,0.02626,0.03198,0.04720,0.04160,0.03434,0.02949,0.02540,0.02234,0.02188,0.03447,0.01920,0.03732
0.11942,0.13171,0.14288,0.04689,0.10972,0.04479,0.03587,0.04948,0.03574,0.03452,0.01353,0.07916,0.06461,0.01413,0.01403,0.01269,0.01458,0.01086,0.00768,0.01772
0.06486,0.13374,0.24566,0.04697,0.06647,0.04658,0.03018,0.02842,0.02532,0.03413,0.03482,0.05362,0.03583,0.02589,0.02130,0.01447,0.02342,0.02452,0.01551,0.02829
0.07308,0.20314,0.15351,0.04149,0.13303,0.03630,0.03090,0.03495,0.03314,0.03018,0.02165,0.03302,0.03160,0.02240,0.01929,0.01885,0.03024,0.01780,0.01592,0.01950
0.09969,0.20014,0.27845,0.03114,0.07606,0.02798,0.02248,0.03512,0.02000,0.02081,0.01820,0.03320,0.03296,0.01439,0.01241,0.01167,0.01798,0.01222,0.01223,0.02285
0.07209,0.14066,0.22400,0.03232,0.10723,0.02937,0.03207,0.03187,0.02543,0.02525,0.01560,0.05667,0.04678,0.02462,0.02125,0.01866,0.02202,0.01871,0.02236,0.03305
0.04383,0.15486,0.18924,0.02033,0.03576,0.02529,0.01715,0.01952,0.01477,0.01719,0.02185,0.14540,0.14756,0.02041,0.02930,0.01972,0.01872,0.01931,0.01537,0.02441
0.16247,0.12182,0.22075,0.04909,0.07544,0.04101,0.02778,0.03570,0.03459,0.02585,0.01770,0.03302,0.03477,0.01672,0.01870,0.01948,0.01500,0.01519,0.01452,0.02042
0.08766,0.11400,0.09928,0.04662,0.08446,0.04627,0.03512,0.04053,0.04592,0.04912,0.03007,0.04340,0.04570,0.02229,0.03283,0.03141,0.03152,0.04043,0.04000,0.03338
0.08815,0.11695,0.13590,0.03852,0.11427,0.03450,0.03688,0.02878,0.03532,0.03140,0.03253,0.06617,0.02975,0.04367,0.01688,0.02122,0.02627,0.02600,0.03744,0.03938
0.07952,0.37247,0.14877,0.03269,0.07770,0.02760,0.01923,0.01628,0.01890,0.03002,0.01248,0.03917,0.02657,0.01231,0.01184,0.01517,0.01591,0.01807,0.00841,0.01687
0.05703,0.14682,0.15278,0.03752,0.06112,0.03600,0.02976,0.03372,0.02724,0.02760,0.02402,0.10913,0.11503,0.02441,0.01686,0.01892,0.01903,0.02136,0.01406,0.02760
0.08224,0.15047,0.22997,0.03431,0.12081,0.04097,0.02963,0.03103,0.02881,0.03120,0.01581,0.05551,0.03997,0.01399,0.01127,0.01542,0.01866,0.01594,0.01486,0.01912
0.06540,0.18531,0.24710,0.02948,0.08878,0.04721,0.03376,0.02033,0.03418,0.02804,0.02217,0.03834,0.03948,0.02027,0.01408,0.01613,0.01813,0.01340,0.01696,0.02147
0.10300,0.16133,0.11436,0.05069,0.05763,0.07096,0.03052,0.03443,0.03096,0.03018,0.01322,0.09080,0.09039,0.02031,0.01746,0.01527,0.01450,0.01528,0.01713,0.02157
0.08096,0.11138,0.15816,0.04056,0.09247,0.04057,0.02961,0.02765,0.03873,0.03613,0.03732,0.04783,0.04351,0.03550,0.02507,0.02934,0.02838,0.03199,0.02741,0.03744
0.07029,0.12401,0.19626,0.04527,0.09944,0.04692,0.03565,0.04326,0.05069,0.03030,0.03148,0.03134,0.02380,0.02326,0.03133,0.02675,0.01796,0.01893,0.02132,0.03175
0.09495,0.07000,0.18293,0.05129,0.08704,0.05889,0.04298,0.03622,0.03550,0.03949,0.02513,0.03712,0.03654,0.03789,0.02466,0.03065,0.02719,0.02533,0.01766,0.03856
0.15732,0.25041,0.08276,0.02589,0.06903,0.07274,0.02520,0.02481,0.02584,0.02147,0.01847,0.03961,0.02205,0.02887,0.02144,0.01805,0.01527,0.02084,0.01555,0.04437
0.10943,0.17372,0.18750,0.02289,0.09415,0.01894,0.01765,0.01635,0.01847,0.01310,0.01580,0.11011,0.10071,0.02029,0.01124,0.01177,0.01368,0.01564,0.00954,0.01902
0.12099,0.11599,0.20906,0.06243,0.11647,0.03934,0.03731,0.03053,0.03278,0.03384,0.01830,0.02903,0.03466,0.01875,0.01453,0.01617,0.02048,0.01620,0.01340,0.01972
0.06914,0.09606,0.09912,0.06739,0.06741,0.06659,0.03417,0.06049,0.05144,0.03770,0.03267,0.02786,0.02970,0.02789,0.05508,0.03520,0.02776,0.03806,0.03635,0.03993
0.04093,0.28570,0.29962,0.02392,0.04265,0.02817,0.03005,0.01710,0.01881,0.01599,0.01691,0.03154,0.03050,0.02137,0.01555,0.01487,0.01633,0.01588,0.01433,0.01976
0.20138,0.21496,0.14126,0.02596,0.05483,0.02881,0.02126,0.02382,0.02400,0.02670,0.01913,0.04785,0.04395,0.02176,0.01714,0.01512,0.02038,0.01751,0.01536,0.01882
0.08119,0.08230,0.43427,0.02690,0.04018,0.02944,0.02050,0.01867,0.01942,0.02581,0.01410,0.05715,0.05049,0.01840,0.01267,0.00975,0.01598,0.01237,0.01095,0.01946
0.08682,0.15462,0.18437,0.04026,0.10347,0.02833,0.03069,0.02776,0.02495,0.03553,0.01748,0.06507,0.05551,0.02349,0.01609,0.02051,0.02273,0.01705,0.01422,0.03107
0.05514,0.20990,0.22673,0.04393,0.05181,0.03970,0.05955,0.04503,0.02969,0.02661,0.01771,0.03048,0.02631,0.02535,0.01559,0.01441,0.01513,0.02230,0.01523,0.02940
0.22845,0.07957,0.29883,0.03444,0.05536,0.04242,0.03030,0.03025,0.02513,0.02311,0.01649,0.02216,0.01905,0.01634,0.01490,0.01313,0.01162,0.01265,0.00971,0.01610
0.07913,0.07867,0.27978,0.04214,0.06275,0.06463,0.04437,0.05808,0.03119,0.04597,0.01701,0.03473,0.03470,0.02201,0.01396,0.01989,0.01949,0.01691,0.01254,0.02206
0.12221,0.21594,0.16004,0.03438,0.17271,0.03153,0.02580,0.02307,0.02415,0.02737,0.01047,0.02961,0.02143,0.01266,0.01112,0.01291,0.01677,0.01841,0.01001,0.01939
0.05447,0.11111,0.19684,0.03044,0.05498,0.03290,0.03166,0.02617,0.03074,0.02157,0.07544,0.03836,0.03495,0.03305,0.03796,0.03144,0.03345,0.04471,0.03555,0.04420
0.08324,0.16074,0.09581,0.04321,0.17099,0.04748,0.03737,0.03303,0.03520,0.03734,0.01785,0.05646,0.03682,0.02766,0.01218,0.01565,0.01829,0.02833,0.01402,0.02835
0.14805,0.08914,0.14477,0.03301,0.13185,0.03302,0.02456,0.02730,0.02419,0.02407,0.02273,0.06785,0.05994,0.04198,0.01531,0.01683,0.02625,0.02123,0.01649,0.03142
0.08487,0.06580,0.33413,0.02925,0.07537,0.03219,0.02603,0.03122,0.02067,0.02092,0.02660,0.05809,0.05445,0.01888,0.01886,0.02686,0.01562,0.01694,0.02017,0.02308
0.07037,0.09526,0.23509,0.03934,0.06745,0.05392,0.03660,0.04142,0.04580,0.03304,0.02848,0.04228,0.02607,0.03454,0.02150,0.02910,0.02037,0.02194,0.02287,0.03457
0.08548,0.18514,0.16784,0.04980,0.08968,0.04311,0.03236,0.03414,0.03115,0.04312,0.02584,0.02997,0.02323,0.02075,0.02352,0.03107,0.02030,0.02307,0.02034,0.02009
0.10140,0.17263,0.06527,0.03123,0.12835,0.01756,0.02008,0.01724,0.02040,0.02068,0.01886,0.14943,0.12891,0.01634,0.01438,0.01844,0.01890,0.01260,0.01015,0.01714
0.11678,0.16220,0.09150,0.03166,0.10500,0.02500,0.03009,0.02224,0.02344,0.02146,0.02435,0.10059,0.10735,0.02401,0.01495,0.01668,0.01791,0.02201,0.02016,0.02262
0.07185,0.16363,0.22811,0.05076,0.12587,0.04036,0.02221,0.03293,0.03367,0.03021,0.01441,0.04188,0.03866,0.01527,0.01262,0.01328,0.01697,0.01633,0.01345,0.01753
0.11675,0.10901,0.12231,0.04506,0.12634,0.03543,0.03938,0.02889,0.02877,0.03293,0.03212,0.05889,0.05474,0.02702,0.02838,0.02192,0.02499,0.02089,0.01612,0.03006
0.08899,0.10017,0.11542,0.07202,0.12154,0.06585,0.05278,0.03504,0.05125,0.05895,0.02382,0.05288,0.05406,0.01667,0.01780,0.01520,0.01475,0.01275,0.01270,0.01737
0.13414,0.19677,0.05591,0.02511,0.08224,0.02648,0.02127,0.02005,0.02213,0.02018,0.02757,0.11528,0.11862,0.01752,0.01588,0.01892,0.02169,0.01738,0.01612,0.02674
0.08535,0.13459,0.14558,0.03434,0.07670,0.03224,0.02688,0.02246,0.02331,0.02352,0.01858,0.12953,0.12200,0.01833,0.01384,0.01521,0.01597,0.01908,0.01582,0.02667
0.06720,0.08990,0.20266,0.03414,0.05857,0.03327,0.02465,0.03462,0.02410,0.02409,0.02418,0.11150,0.07122,0.03275,0.03059,0.01970,0.02623,0.02329,0.02206,0.04526
0.05869,0.09605,0.10857,0.07159,0.07504,0.05581,0.04549,0.03551,0.03381,0.04625,0.03115,0.08682,0.07314,0.04521,0.01532,0.02082,0.02051,0.02911,0.02078,0.03033
0.10911,0.14238,0.13992,0.05083,0.14675,0.04953,0.04326,0.02840,0.03483,0.03734,0.01963,0.04294,0.03707,0.01998,0.01584,0.01780,0.01419,0.01438,0.01288,0.02294
0.11666,0.08982,0.18497,0.02869,0.04884,0.02868,0.02492,0.02204,0.02339,0.02661,0.02553,0.10356,0.10160,0.02785,0.01930,0.03098,0.02115,0.02592,0.02002,0.02948
0.04916,0.12362,0.07052,0.03230,0.11443,0.02926,0.02267,0.02499,0.01878,0.02065,0.01536,0.16473,0.16232,0.04203,0.01359,0.02717,0.02575,0.01341,0.01191,0.01735
0.26341,0.09862,0.32398,0.03395,0.05796,0.01842,0.01314,0.01294,0.01485,0.02140,0.01090,0.02826,0.02375,0.01328,0.01085,0.00966,0.01158,0.01064,0.00752,0.01488
0.09689,0.14084,0.17570,0.03503,0.15159,0.02838,0.03259,0.02740,0.02425,0.02902,0.02551,0.05053,0.05335,0.02059,0.01593,0.01695,0.01747,0.02164,0.01684,0.01950
0.12305,0.12380,0.17514,0.04949,0.13787,0.03631,0.03361,0.03056,0.02982,0.03295,0.02095,0.04582,0.02940,0.01932,0.01942,0.01519,0.01558,0.01877,0.01569,0.02726
0.10269,0.16270,0.21446,0.05026,0.09851,0.04874,0.02982,0.03867,0.02606,0.02985,0.01893,0.02230,0.02220,0.02414,0.01709,0.02676,0.01799,0.01630,0.01606,0.01646
0.16189,0.18241,0.23899,0.02733,0.13709,0.01931,0.02424,0.02531,0.02159,0.01925,0.01285,0.02331,0.02361,0.01320,0.00912,0.01305,0.01395,0.01252,0.00925,0.01172
0.06469,0.07725,0.32065,0.03582,0.06092,0.03204,0.04078,0.03010,0.02374,0.04243,0.01715,0.05201,0.03755,0.02449,0.02020,0.02687,0.02211,0.02379,0.02585,0.02153
0.05834,0.12849,0.15817,0.05972,0.13613,0.03613,0.02611,0.04352,0.03226,0.02256,0.02241,0.05882,0.06563,0.02381,0.02620,0.02253,0.02005,0.01436,0.02261,0.02217
0.05951,0.18418,0.18065,0.04803,0.15949,0.03725,0.03371,0.04429,0.02588,0.02686,0.01650,0.03853,0.02646,0.01967,0.01664,0.01874,0.01706,0.01370,0.01349,0.01937
0.04974,0.12694,0.36789,0.02963,0.09571,0.03899,0.02994,0.05329,0.01676,0.03177,0.01493,0.03013,0.02261,0.01440,0.01445,0.01191,0.00927,0.01351,0.01042,0.01770
0.04871,0.15920,0.14255,0.04198,0.07765,0.04698,0.04272,0.03449,0.03341,0.02634,0.02518,0.06768,0.05859,0.03713,0.01863,0.02491,0.02325,0.03963,0.01698,0.03398
0.09524,0.13276,0.15245,0.05790,0.11136,0.03868,0.03515,0.03606,0.02951,0.03764,0.01641,0.07084,0.06400,0.01510,0.01943,0.02135,0.01663,0.01893,0.01202,0.01851
0.09498,0.11695,0.29520,0.03722,0.07729,0.03275,0.04662,0.03142,0.04174,0.03248,0.01469,0.02446,0.01913,0.02358,0.02032,0.01620,0.01442,0.01931,0.01640,0.02484
0.07223,0.24915,0.18755,0.03166,0.18840,0.02737,0.03453,0.02042,0.01926,0.02049,0.01353,0.01537,0.01473,0.02972,0.00939,0.01094,0.01942,0.01078,0.01033,0.01472
0.19104,0.23634,0.11953,0.02629,0.09549,0.02260,0.02170,0.02463,0.02285,0.02254,0.01205,0.04230,0.04374,0.01630,0.01117,0.01551,0.01889,0.01343,0.02533,0.01828
0.18555,0.08559,0.22358,0.03480,0.05745,0.03487,0.03234,0.03018,0.03711,0.02438,0.04011,0.03164,0.01980,0.02206,0.01888,0.01859,0.02374,0.03114,0.02086,0.02733
0.05702,0.21543,0.21548,0.05192,0.04303,0.03297,0.02761,0.05929,0.03799,0.02835,0.01852,0.04425,0.03223,0.02174,0.01666,0.01869,0.02838,0.01041,0.01699,0.02303
0.08234,0.14580,0.16992,0.05898,0.11248,0.04600,0.03391,0.05533,0.02872,0.03440,0.02345,0.03758,0.03690,0.02271,0.01867,0.01442,0.01999,0.01889,0.01803,0.02149
0.13382,0.16299,0.10387,0.04537,0.13660,0.03736,0.04708,0.03977,0.03168,0.03386,0.01412,0.03882,0.03519,0.01718,0.02427,0.01941,0.02103,0.01817,0.01407,0.02533
0.05882,0.11900,0.12213,0.04897,0.09857,0.04452,0.03507,0.02864,0.04152,0.03193,0.03858,0.03128,0.03582,0.03930,0.04694,0.03287,0.03212,0.03917,0.03292,0.04185
0.12351,0.16309,0.13595,0.05716,0.07894,0.03799,0.04753,0.03278,0.03007,0.05632,0.01333,0.04102,0.03311,0.02264,0.01588,0.02065,0.03549,0.01578,0.01264,0.02611
0.05373,0.08934,0.12101,0.03604,0.07451,0.03445,0.03680,0.03600,0.02795,0.03609,0.02325,0.12379,0.11551,0.02975,0.02722,0.02897,0.02710,0.01720,0.02717,0.03412
0.06788,0.10665,0.13071,0.09375,0.07743,0.06390,0.05867,0.06848,0.04536,0.05649,0.01986,0.03923,0.02830,0.01757,0.02090,0.01212,0.02701,0.02568,0.01551,0.02451
0.09507,0.16892,0.24045,0.02619,0.14513,0.02216,0.01886,0.02142,0.01943,0.02144,0.01121,0.05939,0.05071,0.01427,0.01119,0.01824,0.01314,0.01605,0.01162,0.01512
0.09472,0.16933,0.12852,0.06753,0.08987,0.03975,0.04025,0.02923,0.02330,0.03287,0.02593,0.04184,0.04796,0.02526,0.02255,0.01806,0.03029,0.03039,0.01667,0.02566
