0.00589,0.01853,0.02810,0.01152,0.01511,0.02966,0.01767,0.02068,0.01167,0.02967,0.04610,0.02173,0.73430,0.00936
0.02344,0.01061,0.03241,0.01622,0.06284,0.01251,0.01250,0.01727,0.03069,0.02532,0.02088,0.02556,0.01634,0.69341
0.50279,0.05548,0.06096,0.02399,0.03760,0.02665,0.02585,0.04282,0.05938,0.03299,0.01536,0.03310,0.03203,0.05098
0.00872,0.00864,0.00828,0.00763,0.87083,0.00989,0.00603,0.00846,0.00787,0.01183,0.01304,0.00949,0.00793,0.02134
0.03219,0.02967,0.03363,0.03124,0.12464,0.11689,0.01594,0.02156,0.01281,0.02368,0.03850,0.04464,0.12980,0.34481
0.02984,0.01993,0.02646,0.02951,0.00573,0.01324,0.02051,0.75607,0.02800,0.01939,0.01387,0.01452,0.01051,0.01243
0.01796,0.02304,0.37900,0.03460,0.01746,0.02220,0.01559,0.01981,0.01760,0.03377,0.02505,0.03575,0.33191,0.02625
0.03430,0.08287,0.03562,0.02641,0.01110,0.02969,0.01794,0.64548,0.02316,0.02155,0.01612,0.02089,0.01668,0.01820
0.02315,0.03227,0.08196,0.04299,0.02283,0.05396,0.06569,0.38924,0.03143,0.02112,0.03877,0.07393,0.08965,0.03300
0.00610,0.02897,0.03191,0.01880,0.01131,0.02301,0.02435,0.01997,0.00847,0.02331,0.05901,0.02742,0.70661,0.01076
0.01346,0.01256,0.00719,0.02099,0.01574,0.01860,0.01217,0.82470,0.01968,0.00920,0.01189,0.01211,0.00651,0.01520
0.00526,0.01321,0.00924,0.01063,0.02015,0.02050,0.01176,0.01092,0.01252,0.02564,0.02174,0.78442,0.03868,0.01533
0.02795,0.57424,0.03621,0.03790,0.01264,0.03226,0.03840,0.03756,0.01689,0.02729,0.03585,0.03437,0.04192,0.04653
0.02510,0.02470,0.03302,0.01942,0.00906,0.01696,0.01281,0.76532,0.02167,0.01778,0.01211,0.01533,0.01151,0.01522
0.03123,0.02738,0.04894,0.03354,0.01279,0.01606,0.01546,0.02019,0.52414,0.13894,0.04886,0.01845,0.01577,0.04825
0.01323,0.02684,0.07149,0.03287,0.03215,0.03761,0.03957,0.02596,0.02125,0.03314,0.05514,0.06813,0.45652,0.08610
0.01015,0.02044,0.02168,0.01842,0.04039,0.02371,0.03136,0.02929,0.01169,0.02599,0.49150,0.08824,0.16250,0.02464
0.01410,0.03492,0.03689,0.02800,0.02529,0.09195,0.35568,0.02360,0.03000,0.04825,0.02645,0.04546,0.22359,0.01583
0.00937,0.01935,0.03485,0.01805,0.04565,0.05663,0.02483,0.02440,0.01500,0.03233,0.11675,0.19065,0.39241,0.01975
0.01640,0.02348,0.01160,0.08803,0.56124,0.05176,0.01617,0.02305,0.01587,0.03010,0.04409,0.02459,0.03649,0.05714
0.01653,0.02160,0.04650,0.02334,0.02858,0.05694,0.35118,0.27594,0.02905,0.04100,0.03321,0.02773,0.02822,0.02018
0.01556,0.02400,0.05190,0.01804,0.10017,0.02811,0.02261,0.01994,0.49097,0.12971,0.01931,0.01951,0.03442,0.02573
0.08254,0.02792,0.02362,0.05489,0.01381,0.03918,0.04244,0.55467,0.02955,0.02043,0.02637,0.02496,0.02087,0.03877
0.02525,0.04382,0.03595,0.02699,0.04365,0.05141,0.03216,0.02486,0.01654,0.02551,0.02623,0.14277,0.05542,0.44945
0.01474,0.06085,0.15622,0.02308,0.01939,0.02445,0.02063,0.01865,0.01600,0.03050,0.01961,0.02605,0.55327,0.01656
0.01617,0.02937,0.01308,0.09032,0.32960,0.13843,0.04632,0.06032,0.02193,0.02942,0.05556,0.04919,0.04478,0.07550
0.01502,0.00829,0.01629,0.04077,0.01409,0.21168,0.02153,0.01681,0.01049,0.01201,0.02062,0.11328,0.42872,0.07039
0.00983,0.01129,0.01188,0.02746,0.01479,0.01682,0.01441,0.01101,0.00893,0.01244,0.01484,0.81904,0.01937,0.00788
0.02183,0.02152,0.02151,0.02790,0.09419,0.06946,0.02859,0.03502,0.09968,0.21115,0.02445,0.02141,0.30611,0.01717
0.02175,0.01238,0.00714,0.01155,0.82795,0.02238,0.01219,0.01008,0.00861,0.02237,0.01265,0.01061,0.00627,0.01408
0.04105,0.05503,0.02508,0.05285,0.01302,0.02422,0.26869,0.34183,0.04219,0.04810,0.02497,0.02730,0.01804,0.01763
0.02330,0.07038,0.03557,0.07273,0.02083,0.07732,0.18717,0.13328,0.03891,0.02655,0.03127,0.15998,0.08836,0.03436
0.03822,0.03514,0.01478,0.02530,0.11289,0.31777,0.05215,0.04338,0.10663,0.09272,0.04655,0.05369,0.01825,0.04252
0.02187,0.01243,0.00964,0.01640,0.78930,0.01819,0.01354,0.01250,0.01051,0.01991,0.02776,0.01362,0.01178,0.02256
0.01047,0.02529,0.02436,0.01812,0.01587,0.05125,0.67436,0.02301,0.01265,0.02832,0.03754,0.02827,0.02739,0.02313
0.00330,0.01521,0.00958,0.00711,0.01043,0.02035,0.01255,0.01051,0.00615,0.01669,0.01524,0.02689,0.83290,0.01309
0.00802,0.03567,0.03611,0.02283,0.00921,0.73294,0.01109,0.02416,0.01177,0.01472,0.02530,0.02130,0.03201,0.01485
0.02575,0.03682,0.05241,0.02751,0.02372,0.02835,0.01860,0.01921,0.01434,0.02340,0.03995,0.05279,0.56053,0.07662
0.01228,0.01645,0.01413,0.02235,0.06148,0.02235,0.02118,0.01740,0.02781,0.03247,0.68526,0.02286,0.02294,0.02103
0.01444,0.03067,0.03520,0.03930,0.05217,0.04646,0.07540,0.03600,0.05946,0.10068,0.05017,0.03511,0.41034,0.01460
0.01883,0.01618,0.02481,0.02112,0.03695,0.01464,0.04435,0.02017,0.25789,0.03989,0.04526,0.02305,0.01088,0.42597
0.01077,0.02577,0.01605,0.03450,0.02464,0.02994,0.02855,0.02176,0.01679,0.02743,0.06061,0.60852,0.06864,0.02601
0.00692,0.00688,0.01322,0.01211,0.02268,0.01433,0.00949,0.01214,0.01872,0.81753,0.01128,0.02342,0.01443,0.01687
0.02512,0.05371,0.01726,0.06002,0.01718,0.03679,0.06512,0.59262,0.03576,0.02057,0.02638,0.01916,0.01535,0.01497
0.01698,0.02121,0.01293,0.04716,0.03592,0.05057,0.01784,0.02432,0.02941,0.02824,0.02274,0.22224,0.04637,0.42404
0.00264,0.00737,0.01309,0.00476,0.00973,0.00987,0.00710,0.00855,0.00716,0.02841,0.01025,0.03071,0.85101,0.00936
0.01816,0.06128,0.03571,0.06432,0.01338,0.04364,0.20308,0.26037,0.01839,0.06113,0.10895,0.04983,0.03633,0.02544
0.00733,0.03786,0.01889,0.03387,0.02163,0.03093,0.08870,0.01966,0.02401,0.07771,0.02058,0.03962,0.54944,0.02978
0.01140,0.01174,0.01473,0.01145,0.02016,0.01303,0.01324,0.01718,0.00986,0.01278,0.01408,0.01878,0.01323,0.81834
0.02010,0.02342,0.71821,0.01491,0.02138,0.01347,0.01664,0.01683,0.02006,0.01763,0.02477,0.03079,0.01051,0.05130
0.01656,0.01948,0.05341,0.01536,0.03888,0.01562,0.02096,0.01576,0.01655,0.02242,0.00920,0.04105,0.69363,0.02110
0.01976,0.01853,0.02287,0.02882,0.03212,0.04732,0.02734,0.01814,0.53203,0.14879,0.02085,0.02331,0.03310,0.02703
0.01679,0.03380,0.04474,0.07369,0.08425,0.06042,0.03219,0.02611,0.02314,0.03963,0.35681,0.04204,0.14062,0.02575
0.02048,0.01514,0.00726,0.02998,0.00939,0.75504,0.02388,0.01803,0.01484,0.01753,0.01823,0.02632,0.01847,0.02542
0.04197,0.03544,0.03826,0.03307,0.05278,0.06076,0.45099,0.04317,0.02381,0.05421,0.02236,0.06899,0.04469,0.02949
0.00618,0.00913,0.01688,0.00874,0.01190,0.01986,0.01216,0.01608,0.01745,0.79754,0.04389,0.01772,0.01270,0.00976
0.00807,0.01401,0.02226,0.01372,0.02153,0.01990,0.01448,0.02168,0.01344,0.02393,0.02664,0.75840,0.02756,0.01439
0.01271,0.03764,0.01481,0.02110,0.71108,0.03008,0.01265,0.01458,0.02000,0.03295,0.03095,0.01925,0.01905,0.02314
0.00596,0.00864,0.00971,0.00840,0.01298,0.01129,0.00854,0.01516,0.01401,0.86396,0.01195,0.01327,0.00672,0.00940
0.01995,0.02881,0.03318,0.04381,0.19859,0.02975,0.02326,0.03134,0.01805,0.05496,0.02783,0.02254,0.42811,0.03982
0.01878,0.03510,0.01764,0.02249,0.01080,0.01600,0.02439,0.74577,0.02542,0.03069,0.01275,0.01592,0.01021,0.01404
0.03931,0.05186,0.01727,0.02746,0.31878,0.10769,0.02527,0.02428,0.06926,0.03837,0.03040,0.10886,0.04095,0.10025
0.02963,0.01296,0.01153,0.04820,0.02999,0.02629,0.04829,0.01964,0.36763,0.27792,0.01486,0.04144,0.03988,0.03173
0.01332,0.02294,0.01973,0.01955,0.54681,0.01821,0.02201,0.01355,0.01405,0.02521,0.02185,0.01904,0.19857,0.04516
0.03608,0.03799,0.01708,0.02188,0.03923,0.02862,0.08633,0.51371,0.04303,0.08206,0.02233,0.02693,0.01960,0.02514
0.01726,0.01462,0.03635,0.01718,0.01076,0.01874,0.01697,0.00787,0.79514,0.01182,0.01503,0.01134,0.01738,0.00954
0.02435,0.01593,0.02576,0.03154,0.01318,0.02026,0.04681,0.69606,0.02195,0.01884,0.02260,0.02659,0.01873,0.01741
0.56292,0.03888,0.09056,0.01451,0.01679,0.03864,0.03714,0.03067,0.02939,0.04905,0.01150,0.02361,0.02210,0.03426
0.02300,0.02182,0.02152,0.03673,0.03339,0.03468,0.07794,0.58579,0.03530,0.02603,0.02058,0.03095,0.01757,0.03471
0.01921,0.03508,0.03966,0.03379,0.03235,0.03752,0.23025,0.36157,0.02263,0.05948,0.04340,0.03919,0.02852,0.01736
0.02603,0.02608,0.02101,0.02079,0.01977,0.02764,0.03006,0.69691,0.02319,0.03018,0.03052,0.01682,0.01320,0.01780
0.01271,0.01327,0.01124,0.01868,0.01685,0.01346,0.01007,0.00759,0.83149,0.01234,0.01522,0.01241,0.00902,0.01566
0.00792,0.01623,0.02608,0.01412,0.03886,0.03716,0.01761,0.01490,0.01810,0.04621,0.20933,0.48285,0.04378,0.02687
0.01930,0.06006,0.02915,0.02670,0.02446,0.04353,0.49322,0.03479,0.03161,0.03931,0.04103,0.05940,0.05782,0.03961
0.02899,0.03510,0.02424,0.06445,0.02043,0.03345,0.04525,0.58761,0.03508,0.02077,0.02004,0.03925,0.02749,0.01785
0.02770,0.02538,0.11630,0.02519,0.02664,0.02446,0.01517,0.01356,0.44664,0.11879,0.01567,0.03344,0.06442,0.04664
0.01242,0.01433,0.00622,0.04694,0.62141,0.08876,0.01565,0.01598,0.01926,0.02340,0.02537,0.05831,0.02684,0.02511
0.01636,0.02002,0.02021,0.02107,0.01471,0.02190,0.03433,0.70220,0.05980,0.02523,0.01422,0.02260,0.00881,0.01854
0.01625,0.01557,0.04750,0.02674,0.01607,0.03143,0.03366,0.02348,0.07807,0.59084,0.03396,0.02042,0.03132,0.03468
0.06401,0.04250,0.47973,0.05572,0.03743,0.02825,0.02292,0.02411,0.03596,0.05500,0.01389,0.03368,0.06590,0.04091
0.00919,0.01584,0.02609,0.01662,0.03086,0.02319,0.06433,0.03237,0.02029,0.02462,0.21287,0.48903,0.01919,0.01552
0.02219,0.01248,0.01700,0.02811,0.62848,0.02472,0.02386,0.01513,0.01438,0.01882,0.04179,0.03383,0.08954,0.02967
0.02069,0.02809,0.05939,0.03043,0.05063,0.04164,0.34100,0.11004,0.09530,0.03739,0.05983,0.04399,0.06575,0.01585
0.03224,0.05326,0.01648,0.07138,0.02408,0.09419,0.02833,0.09312,0.02892,0.03523,0.02911,0.38926,0.04557,0.05883
0.01635,0.01753,0.03005,0.01716,0.01919,0.02319,0.01905,0.00853,0.76854,0.01264,0.01512,0.01403,0.02588,0.01273
0.00316,0.00933,0.00798,0.00746,0.01512,0.01416,0.01082,0.00980,0.00671,0.02825,0.02470,0.82646,0.02958,0.00648
0.01056,0.01902,0.02278,0.01387,0.32012,0.02192,0.01377,0.01306,0.01412,0.02536,0.01683,0.01464,0.46162,0.03232
0.02015,0.01176,0.01394,0.03057,0.03325,0.02263,0.04365,0.02412,0.08213,0.60048,0.02342,0.03052,0.01713,0.04626
0.01800,0.02504,0.04216,0.03607,0.07492,0.04106,0.07950,0.03956,0.12681,0.17883,0.02995,0.04293,0.23172,0.03344
0.00899,0.00992,0.01049,0.02081,0.04358,0.03457,0.01518,0.01005,0.01419,0.01842,0.02060,0.65448,0.10824,0.03048
0.01120,0.02140,0.02194,0.04674,0.01532,0.02901,0.01687,0.01991,0.01318,0.01791,0.02428,0.07570,0.65888,0.02765
0.00804,0.02090,0.02243,0.01721,0.01367,0.02604,0.02452,0.01364,0.00903,0.01306,0.01388,0.02602,0.73985,0.05171
0.01679,0.03210,0.02964,0.02066,0.11948,0.06097,0.04259,0.02688,0.06417,0.07038,0.02195,0.11486,0.18429,0.19523
0.02648,0.01983,0.00847,0.05746,0.59084,0.06428,0.01834,0.02405,0.02882,0.02675,0.01953,0.04150,0.02631,0.04734
0.00404,0.01156,0.01285,0.00848,0.01235,0.01862,0.01276,0.01192,0.00792,0.01884,0.01418,0.02630,0.82639,0.01379
0.03456,0.03360,0.01899,0.04379,0.01314,0.03642,0.04652,0.62240,0.03294,0.02768,0.03306,0.01924,0.01570,0.02195
0.00936,0.02417,0.01408,0.01606,0.03672,0.04024,0.02371,0.01710,0.01648,0.03836,0.01899,0.25183,0.46509,0.02782
0.01764,0.08341,0.04979,0.02562,0.01850,0.06793,0.48299,0.02222,0.02786,0.04392,0.03182,0.02536,0.06681,0.03613
0.01726,0.02258,0.03435,0.03514,0.03426,0.04172,0.04424,0.02582,0.02693,0.02385,0.59591,0.04554,0.03065,0.02175
0.00918,0.00852,0.00504,0.01599,0.85811,0.01354,0.00898,0.00837,0.00572,0.01051,0.01458,0.01053,0.01246,0.01847
0.02542,0.02384,0.03114,0.05122,0.01770,0.03093,0.57356,0.06660,0.01362,0.02510,0.03642,0.05270,0.03300,0.01875
0.01916,0.02198,0.01629,0.01901,0.02686,0.01747,0.01275,0.01134,0.77078,0.01949,0.01733,0.01746,0.01155,0.01854
0.01330,0.01345,0.02186,0.01755,0.01328,0.01283,0.01621,0.01415,0.81848,0.01062,0.01309,0.01246,0.01025,0.01247
0.01436,0.07612,0.03190,0.05207,0.02720,0.04166,0.27091,0.02635,0.02478,0.04810,0.04119,0.09514,0.18933,0.06089
0.03776,0.02674,0.02401,0.02918,0.04299,0.03014,0.24798,0.03039,0.03247,0.04261,0.04154,0.03070,0.02270,0.36079
0.01230,0.02018,0.03665,0.02365,0.02443,0.01963,0.02907,0.01927,0.04090,0.02968,0.10042,0.03643,0.01628,0.59110
0.00799,0.01995,0.00788,0.02383,0.02193,0.01713,0.01755,0.00664,0.81133,0.01025,0.02180,0.01119,0.01054,0.01200
0.01398,0.00802,0.01986,0.02246,0.04774,0.01844,0.01233,0.01217,0.01109,0.01102,0.75579,0.01786,0.02450,0.02475
0.01773,0.02706,0.03033,0.04480,0.02661,0.05355,0.03402,0.02843,0.03013,0.06797,0.55546,0.02736,0.02766,0.02889
0.01904,0.03255,0.03714,0.09263,0.04291,0.09392,0.04031,0.05042,0.02606,0.04536,0.09387,0.25446,0.14097,0.03036
0.03786,0.02563,0.00881,0.01593,0.00954,0.02599,0.00833,0.80438,0.01377,0.00711,0.00900,0.01171,0.00750,0.01445
0.03075,0.51180,0.05546,0.02340,0.02236,0.02633,0.01795,0.02487,0.02019,0.07232,0.01507,0.02903,0.07060,0.07987
0.03674,0.03896,0.03207,0.03604,0.01664,0.03418,0.52748,0.11394,0.01734,0.02510,0.04640,0.02719,0.02548,0.02244
0.01956,0.03569,0.03513,0.04730,0.03364,0.08041,0.03036,0.05368,0.02623,0.05067,0.05072,0.17519,0.31651,0.04491
0.01368,0.02482,0.10757,0.03557,0.02404,0.02672,0.10898,0.03337,0.01499,0.02416,0.01616,0.03350,0.30188,0.23455
0.00561,0.00855,0.01010,0.01272,0.02501,0.01354,0.01718,0.00859,0.00854,0.01408,0.02078,0.83036,0.01377,0.01117
0.05095,0.04602,0.19196,0.18131,0.02441,0.03175,0.06868,0.09288,0.03159,0.06298,0.03587,0.04527,0.07173,0.06461
0.00931,0.01235,0.01356,0.02466,0.04067,0.02709,0.03069,0.01487,0.01210,0.02426,0.22833,0.50263,0.02564,0.03385
0.01110,0.01970,0.02871,0.01771,0.02082,0.02389,0.02317,0.03496,0.01955,0.05057,0.51716,0.18518,0.02119,0.02630
0.02559,0.02540,0.04846,0.02358,0.02656,0.04300,0.59160,0.02062,0.01746,0.02343,0.03008,0.04702,0.05510,0.02211
0.00645,0.02879,0.03464,0.01222,0.01423,0.03560,0.02604,0.01606,0.01704,0.03429,0.07758,0.07331,0.60215,0.02159
0.04935,0.05591,0.51842,0.08485,0.01244,0.02983,0.01563,0.03756,0.02640,0.05178,0.03365,0.02683,0.02446,0.03290
0.02154,0.02266,0.02873,0.01504,0.00804,0.72027,0.01754,0.02504,0.02238,0.02373,0.03083,0.02581,0.01792,0.02047
0.02073,0.02354,0.02240,0.01589,0.00801,0.71410,0.06132,0.02207,0.02134,0.02097,0.02587,0.01563,0.01725,0.01088
0.04695,0.00782,0.02774,0.02741,0.02406,0.01315,0.01122,0.01433,0.13839,0.59166,0.01741,0.02574,0.01769,0.03642
0.01855,0.01201,0.01905,0.03781,0.02437,0.01871,0.02786,0.03493,0.11936,0.52658,0.01562,0.01917,0.01883,0.10714
0.01343,0.03542,0.01143,0.03959,0.04571,0.03820,0.03542,0.02589,0.52106,0.11338,0.02816,0.03176,0.02386,0.03669
0.02252,0.02666,0.01964,0.03179,0.24695,0.03014,0.02045,0.02990,0.02358,0.03465,0.02132,0.03098,0.02914,0.43229
0.02074,0.02791,0.05002,0.02019,0.49269,0.03308,0.01904,0.06611,0.01846,0.03186,0.05966,0.02676,0.01551,0.11797
0.02707,0.04882,0.03667,0.02871,0.03163,0.06448,0.02747,0.02475,0.51427,0.07518,0.02488,0.03204,0.03925,0.02478
0.03188,0.01562,0.02168,0.03127,0.05133,0.01544,0.01905,0.01921,0.17977,0.51234,0.01833,0.02164,0.02094,0.04150
0.01414,0.02167,0.02904,0.03116,0.02874,0.05235,0.04151,0.01561,0.01815,0.02470,0.05588,0.12278,0.50256,0.04169
0.03671,0.04638,0.04378,0.02435,0.03117,0.03074,0.03339,0.54313,0.03845,0.04947,0.03120,0.03569,0.02009,0.03545
0.00693,0.01323,0.02070,0.01741,0.01346,0.01768,0.02290,0.02788,0.01746,0.01583,0.03401,0.75440,0.02623,0.01189
0.01489,0.03000,0.03085,0.01369,0.02915,0.01980,0.67198,0.01555,0.01079,0.02426,0.02187,0.01551,0.01473,0.08694
0.01310,0.01175,0.01438,0.00897,0.81249,0.01548,0.00768,0.01381,0.00729,0.01423,0.01111,0.00931,0.01723,0.04316
0.01926,0.01881,0.01994,0.04915,0.02938,0.04050,0.02080,0.03866,0.02816,0.03019,0.21718,0.39958,0.03702,0.05138
0.00483,0.01867,0.01168,0.00828,0.02254,0.03028,0.01824,0.01568,0.01346,0.22853,0.02389,0.02922,0.56569,0.00903
0.02516,0.01433,0.04728,0.05351,0.04313,0.02543,0.02702,0.02774,0.04571,0.03639,0.03593,0.05486,0.46352,0.09998
0.01870,0.00732,0.01854,0.01293,0.01054,0.00987,0.01310,0.01499,0.02179,0.80608,0.01002,0.01418,0.01081,0.03114
0.00787,0.01013,0.00283,0.02444,0.85204,0.01929,0.00898,0.01195,0.01032,0.00944,0.00713,0.01098,0.00993,0.01467
0.01645,0.03573,0.01545,0.02780,0.04740,0.02327,0.01963,0.03411,0.39665,0.27513,0.04547,0.02427,0.01587,0.02275
0.00527,0.01955,0.01253,0.00842,0.00950,0.02208,0.01100,0.01455,0.01608,0.79896,0.02970,0.02614,0.01643,0.00980
0.01803,0.01670,0.01244,0.01820,0.45558,0.02720,0.01256,0.01349,0.01014,0.01919,0.02696,0.03986,0.01813,0.31152
0.01618,0.02997,0.03273,0.01410,0.00712,0.72335,0.01796,0.01685,0.01634,0.02308,0.02114,0.02734,0.03966,0.01418
0.01039,0.01850,0.01473,0.01992,0.02810,0.02140,0.02116,0.01209,0.74308,0.01809,0.02222,0.02235,0.02875,0.01922
0.03101,0.02198,0.04219,0.08134,0.05690,0.02728,0.02739,0.02072,0.02581,0.03026,0.27625,0.03939,0.06694,0.25254
0.08286,0.06170,0.04787,0.04247,0.01569,0.04712,0.02247,0.47949,0.02768,0.02648,0.03464,0.03225,0.02066,0.05864
0.02467,0.65556,0.02774,0.03201,0.01243,0.02755,0.03780,0.03349,0.01611,0.02602,0.02698,0.02498,0.02804,0.02662
0.02434,0.02530,0.00443,0.07882,0.19074,0.42803,0.01171,0.03468,0.02652,0.02499,0.01231,0.05653,0.01326,0.06835
0.01219,0.01475,0.03285,0.00741,0.03945,0.01381,0.01424,0.01481,0.01998,0.79488,0.00834,0.00850,0.00878,0.01002
0.01009,0.01112,0.01661,0.02020,0.03466,0.01658,0.01625,0.02534,0.70077,0.06625,0.02219,0.01940,0.01563,0.02492
0.36526,0.06064,0.03946,0.03645,0.04229,0.03839,0.02030,0.02779,0.02318,0.02967,0.01757,0.05425,0.14624,0.09850
0.01769,0.08225,0.01069,0.02748,0.02635,0.03873,0.03362,0.60595,0.04419,0.03483,0.02064,0.02247,0.00998,0.02514
0.02605,0.01577,0.03498,0.02148,0.03348,0.02701,0.02255,0.02129,0.68956,0.01767,0.03147,0.02106,0.01546,0.02215
0.01208,0.01808,0.03077,0.01515,0.01658,0.02025,0.75874,0.01615,0.01047,0.01366,0.02809,0.01882,0.01620,0.02496
0.03755,0.01931,0.02034,0.04979,0.03177,0.05783,0.03122,0.04554,0.14546,0.44818,0.02973,0.02611,0.02307,0.03409
0.01335,0.01133,0.01297,0.02650,0.05774,0.01678,0.01923,0.01487,0.01070,0.01614,0.69662,0.01454,0.02280,0.06640
0.01447,0.01423,0.03140,0.01501,0.11605,0.01329,0.01730,0.02768,0.02098,0.02618,0.01265,0.02044,0.01650,0.65383
0.00944,0.02693,0.05656,0.02071,0.01870,0.02676,0.02864,0.01720,0.01635,0.02027,0.02077,0.13490,0.54364,0.05913
0.01420,0.01190,0.01992,0.01394,0.00441,0.83923,0.00813,0.01159,0.00816,0.01047,0.01464,0.01601,0.01468,0.01273
0.00260,0.00745,0.01012,0.00524,0.00791,0.01400,0.00732,0.00921,0.00553,0.01752,0.01483,0.03385,0.85571,0.00871
0.63873,0.03841,0.02302,0.03659,0.01559,0.03852,0.01740,0.03105,0.03240,0.02542,0.02638,0.02201,0.02099,0.03349
0.01145,0.01600,0.00300,0.03003,0.38757,0.43625,0.00829,0.01437,0.01529,0.01197,0.00810,0.02595,0.01683,0.01490
0.01017,0.03145,0.07914,0.04481,0.03031,0.06796,0.11320,0.33856,0.01674,0.04533,0.03975,0.04211,0.11612,0.02436
0.02797,0.03092,0.04142,0.52345,0.02472,0.05069,0.02518,0.03576,0.03265,0.05707,0.06038,0.02799,0.03829,0.02351
0.03181,0.00941,0.03356,0.02634,0.01699,0.04880,0.03823,0.02569,0.54540,0.10148,0.01893,0.03455,0.04499,0.02382
0.00745,0.01416,0.01386,0.02629,0.04195,0.03256,0.02525,0.02430,0.34512,0.27492,0.01941,0.03347,0.03531,0.10595
0.01661,0.01132,0.00522,0.02431,0.77891,0.04353,0.01166,0.01257,0.01059,0.01262,0.01518,0.01966,0.01484,0.02299
0.01487,0.02231,0.01887,0.02716,0.04828,0.03772,0.03078,0.02195,0.39127,0.27081,0.01835,0.02347,0.04228,0.03188
0.02406,0.04144,0.08138,0.02800,0.06029,0.05448,0.03987,0.02248,0.19628,0.18759,0.02273,0.03033,0.18235,0.02872
0.00314,0.01731,0.01210,0.00805,0.01223,0.02106,0.01240,0.01776,0.00907,0.29167,0.01665,0.03133,0.53689,0.01033
0.01496,0.01240,0.00954,0.02771,0.02235,0.03427,0.01415,0.02705,0.07955,0.68949,0.01493,0.02259,0.01652,0.01448
0.04068,0.04881,0.04052,0.04964,0.02375,0.03950,0.28137,0.28376,0.03952,0.03186,0.04350,0.03351,0.02423,0.01936
0.02467,0.01982,0.01929,0.04326,0.01713,0.03665,0.01705,0.69273,0.03419,0.01482,0.02106,0.02755,0.01539,0.01640
0.08365,0.06454,0.04532,0.02238,0.03473,0.03718,0.04411,0.50612,0.04449,0.03275,0.02348,0.02181,0.02045,0.01899
0.01099,0.02358,0.02552,0.01143,0.19509,0.03516,0.02043,0.01548,0.02248,0.04639,0.02756,0.05248,0.49583,0.01759
0.00416,0.01368,0.02083,0.00825,0.01815,0.02829,0.01941,0.01481,0.02012,0.55371,0.02507,0.03732,0.22416,0.01204
0.01648,0.03160,0.02601,0.09053,0.02264,0.04778,0.38387,0.21514,0.03320,0.03182,0.01922,0.03804,0.01906,0.02463
0.02438,0.00840,0.00660,0.01696,0.80749,0.01710,0.00780,0.00908,0.01222,0.01702,0.01203,0.02253,0.00775,0.03063
0.00471,0.01010,0.02314,0.00526,0.01209,0.01340,0.00864,0.01286,0.00933,0.86774,0.00835,0.00826,0.00867,0.00743
0.00703,0.04014,0.01464,0.01531,0.02285,0.02171,0.03116,0.01220,0.01741,0.03304,0.02114,0.64664,0.10435,0.01239
0.00542,0.02183,0.01081,0.01386,0.01194,0.02660,0.01446,0.01624,0.00942,0.01932,0.01754,0.78223,0.04099,0.00932
0.02207,0.05098,0.02503,0.01488,0.00858,0.70949,0.01867,0.02619,0.01628,0.01929,0.02825,0.01672,0.01867,0.02492
0.00809,0.01179,0.00770,0.01465,0.01835,0.03183,0.01469,0.01039,0.01347,0.01736,0.01855,0.80162,0.01943,0.01209
0.03284,0.04132,0.02453,0.02946,0.00938,0.03322,0.04581,0.63963,0.02709,0.02331,0.03291,0.02221,0.01423,0.02407
0.00895,0.01047,0.01455,0.01376,0.02957,0.02582,0.03190,0.02295,0.02710,0.69741,0.01347,0.03898,0.04486,0.02019
0.03345,0.01738,0.01399,0.05155,0.03973,0.13772,0.01689,0.02566,0.03774,0.02954,0.03177,0.09781,0.02761,0.43914
0.01918,0.02753,0.00594,0.06882,0.50484,0.19088,0.02884,0.02461,0.01722,0.02117,0.01480,0.03497,0.01536,0.02584
0.00535,0.01312,0.01769,0.00654,0.01399,0.01086,0.00765,0.00982,0.01454,0.85136,0.00967,0.01888,0.00889,0.01166
0.24529,0.16693,0.09995,0.04626,0.01914,0.04208,0.04018,0.05098,0.02707,0.03827,0.03434,0.06075,0.08928,0.03949
0.00473,0.01675,0.01169,0.01070,0.01309,0.02379,0.01906,0.01602,0.01028,0.02431,0.02201,0.04067,0.77591,0.01100
0.00505,0.00935,0.01657,0.00893,0.01574,0.02301,0.01492,0.01478,0.01327,0.03137,0.04110,0.08664,0.70895,0.01033
0.01985,0.03275,0.03507,0.03106,0.04432,0.03385,0.02026,0.03277,0.03717,0.07247,0.55340,0.03707,0.02062,0.02933
0.06852,0.03248,0.02364,0.04126,0.03199,0.04341,0.02006,0.02637,0.47212,0.11581,0.05012,0.02570,0.01842,0.03011
0.02672,0.02873,0.02927,0.03860,0.03723,0.04868,0.34792,0.18727,0.05992,0.03307,0.03902,0.03120,0.03864,0.05373
0.00796,0.00659,0.01065,0.01814,0.01861,0.02193,0.01131,0.01027,0.00853,0.01143,0.02819,0.82180,0.01353,0.01105
0.02067,0.02697,0.03008,0.04966,0.03382,0.04164,0.38260,0.09883,0.02747,0.04871,0.11819,0.07391,0.03138,0.01608
0.02294,0.01914,0.01820,0.02445,0.03147,0.02921,0.03195,0.01216,0.68810,0.02944,0.02123,0.02183,0.02957,0.02032
0.02169,0.03330,0.01102,0.05154,0.03205,0.04220,0.08971,0.49196,0.02095,0.05475,0.01558,0.03269,0.01499,0.08756
0.01448,0.01379,0.01251,0.01027,0.81192,0.01633,0.01133,0.01244,0.00901,0.02122,0.01675,0.01046,0.01403,0.02548
0.02263,0.01306,0.01983,0.01908,0.02769,0.03656,0.02400,0.02516,0.53381,0.19669,0.02181,0.02124,0.02356,0.01487
0.03800,0.05226,0.13760,0.03025,0.04250,0.02618,0.05778,0.05632,0.05229,0.04000,0.08926,0.07089,0.01997,0.28670
0.00752,0.02048,0.01601,0.03470,0.02393,0.04342,0.13057,0.01456,0.01513,0.02593,0.02442,0.01979,0.57800,0.04554
0.01565,0.03630,0.00958,0.07587,0.04842,0.44277,0.02208,0.04054,0.04216,0.05794,0.02352,0.05627,0.11387,0.01501
0.02284,0.02213,0.00932,0.02398,0.00909,0.01447,0.01378,0.81029,0.02227,0.00938,0.00857,0.01294,0.00662,0.01431
0.01228,0.01297,0.01832,0.02144,0.02545,0.03327,0.01614,0.01138,0.01269,0.01554,0.01878,0.08884,0.27254,0.44037
0.01852,0.04213,0.04528,0.56548,0.01015,0.02360,0.02470,0.10596,0.02499,0.04031,0.02954,0.02018,0.03152,0.01764
0.02571,0.02688,0.03561,0.04245,0.03919,0.03744,0.05094,0.11577,0.07705,0.04269,0.04850,0.05598,0.02320,0.37859
0.02321,0.05744,0.02074,0.02536,0.01485,0.02754,0.03557,0.66924,0.03284,0.02661,0.01535,0.02135,0.01208,0.01782
0.04366,0.03316,0.03104,0.05613,0.06389,0.04360,0.06268,0.01810,0.35291,0.02168,0.05900,0.04127,0.08052,0.09235
0.01395,0.02691,0.00805,0.02132,0.02745,0.63582,0.01647,0.01364,0.02156,0.03664,0.02814,0.05059,0.04844,0.05101
0.02405,0.01338,0.03275,0.02927,0.04044,0.02442,0.03748,0.03920,0.03537,0.02182,0.59074,0.05122,0.02102,0.03884
0.04411,0.02406,0.01519,0.03317,0.02733,0.50159,0.01928,0.02616,0.05196,0.02822,0.02939,0.05258,0.02376,0.12321
0.02130,0.01900,0.02110,0.02570,0.01737,0.02129,0.01887,0.01270,0.73966,0.02899,0.02041,0.01674,0.02174,0.01512
0.01167,0.01355,0.01483,0.02215,0.74975,0.02213,0.01279,0.01490,0.01154,0.02709,0.02425,0.01198,0.02188,0.04149
0.04320,0.02548,0.02282,0.05484,0.01496,0.02813,0.36154,0.27966,0.02250,0.03492,0.03413,0.03472,0.01908,0.02400
0.01172,0.01757,0.01009,0.01439,0.78627,0.02708,0.01799,0.01437,0.01211,0.02550,0.01506,0.01261,0.01314,0.02209
0.03516,0.01875,0.02484,0.02168,0.01222,0.02522,0.09878,0.63186,0.02423,0.01834,0.03221,0.01822,0.01904,0.01945
0.00857,0.01440,0.00736,0.01987,0.78441,0.02067,0.01157,0.01889,0.01403,0.01553,0.01632,0.01299,0.02614,0.02925
0.02649,0.01678,0.01615,0.04230,0.05017,0.04279,0.04012,0.01907,0.41773,0.16156,0.01553,0.03360,0.05174,0.06598
0.01475,0.03708,0.00815,0.02751,0.26692,0.38467,0.04364,0.06567,0.01267,0.03453,0.01744,0.03984,0.02595,0.02118
0.02114,0.01071,0.02190,0.03301,0.10058,0.01718,0.01588,0.01373,0.01685,0.02407,0.61942,0.03298,0.03082,0.04174
0.01657,0.01355,0.00642,0.02379,0.00988,0.80027,0.00821,0.01319,0.02431,0.01596,0.01421,0.01542,0.01940,0.01881
0.00753,0.01648,0.01838,0.01500,0.01383,0.05135,0.01143,0.01867,0.01616,0.02392,0.02376,0.58375,0.16665,0.03310
0.00991,0.00968,0.02174,0.01445,0.01228,0.01096,0.00927,0.02201,0.02342,0.82056,0.01057,0.01318,0.00844,0.01354
0.02114,0.02500,0.00879,0.06977,0.21625,0.10550,0.01590,0.01949,0.01873,0.02811,0.03100,0.19185,0.03213,0.21634
0.03372,0.04340,0.01654,0.06325,0.05365,0.11635,0.20179,0.29149,0.03701,0.03413,0.03099,0.03533,0.01854,0.02380
0.02125,0.04639,0.02130,0.03665,0.01317,0.02390,0.06374,0.61291,0.02677,0.04033,0.03215,0.02741,0.01689,0.01715
0.00951,0.03701,0.02511,0.01625,0.01906,0.02196,0.02476,0.01404,0.02176,0.02698,0.01752,0.51310,0.23752,0.01542
0.01226,0.01096,0.00976,0.02867,0.03425,0.04956,0.01373,0.01330,0.01612,0.02668,0.02147,0.69184,0.05599,0.01540
0.00854,0.00997,0.02543,0.01151,0.02869,0.01257,0.01347,0.01094,0.01730,0.01435,0.01597,0.01704,0.01660,0.79762
0.01636,0.01267,0.03983,0.02341,0.02526,0.03118,0.03721,0.02615,0.02200,0.02648,0.62413,0.04597,0.01922,0.05014
0.01392,0.01825,0.04936,0.03363,0.01636,0.03042,0.08848,0.02119,0.01264,0.01726,0.02182,0.01980,0.63559,0.02128
0.01242,0.02287,0.02193,0.04957,0.03592,0.02472,0.03609,0.04336,0.02422,0.04473,0.57965,0.02278,0.04082,0.04093
0.01587,0.03888,0.01664,0.11880,0.02490,0.08095,0.08743,0.39193,0.04169,0.04040,0.02849,0.03715,0.02869,0.04817
0.01849,0.01961,0.01647,0.01081,0.02762,0.01882,0.00919,0.01532,0.02128,0.79873,0.01396,0.01178,0.00693,0.01101
0.01316,0.01851,0.03199,0.01588,0.08635,0.03638,0.02059,0.01794,0.33704,0.06720,0.01390,0.02733,0.28150,0.03221
0.01134,0.02411,0.06281,0.01127,0.01614,0.01292,0.74826,0.01646,0.01109,0.02140,0.02280,0.01921,0.01002,0.01218
0.02814,0.72054,0.04319,0.03030,0.00970,0.01308,0.01071,0.03331,0.01859,0.02585,0.00953,0.01742,0.01797,0.02168
0.02221,0.00956,0.02035,0.02941,0.02442,0.01615,0.03573,0.01576,0.01656,0.01842,0.70690,0.02426,0.01262,0.04765
0.02026,0.01575,0.01445,0.01294,0.78230,0.01608,0.01143,0.01538,0.01255,0.02897,0.01287,0.01070,0.01142,0.03491
0.00939,0.01056,0.01523,0.01849,0.02247,0.02099,0.01879,0.02796,0.04957,0.72953,0.01258,0.01807,0.02908,0.01729
0.00762,0.02154,0.01631,0.01417,0.01796,0.02515,0.01678,0.02297,0.01889,0.68905,0.01134,0.05079,0.06171,0.02572
0.00850,0.05070,0.01439,0.01505,0.02251,0.63066,0.02512,0.01497,0.01496,0.03715,0.01836,0.04225,0.07601,0.02936
0.01432,0.01556,0.75233,0.02203,0.01203,0.01671,0.01627,0.02055,0.03546,0.02411,0.01934,0.01634,0.02065,0.01430
0.01578,0.02066,0.02237,0.02877,0.08454,0.02064,0.04434,0.01715,0.01668,0.02639,0.03774,0.43984,0.03886,0.18623
0.00765,0.01192,0.00519,0.01586,0.83633,0.01911,0.00707,0.01359,0.00722,0.01128,0.01284,0.01397,0.01145,0.02651
0.03242,0.03216,0.01420,0.02932,0.02026,0.02136,0.01433,0.02216,0.25864,0.44999,0.01254,0.02852,0.02052,0.04359
0.01951,0.02466,0.01559,0.01940,0.67700,0.03856,0.01635,0.02304,0.01855,0.02709,0.02795,0.02718,0.02371,0.04140
0.01826,0.03397,0.02941,0.04864,0.02163,0.06612,0.53017,0.05062,0.02744,0.06308,0.02225,0.02860,0.03779,0.02202
0.03312,0.06297,0.02766,0.04603,0.02732,0.05708,0.39012,0.11336,0.02884,0.05440,0.01966,0.06980,0.03945,0.03020
0.02103,0.01460,0.02045,0.02560,0.05578,0.02747,0.02836,0.02948,0.06829,0.56012,0.01429,0.02857,0.02520,0.08077
0.03478,0.02502,0.04888,0.02352,0.01577,0.58742,0.02203,0.02863,0.03749,0.03145,0.03975,0.03283,0.02832,0.04410
0.01962,0.02454,0.00906,0.03739,0.60590,0.07022,0.02275,0.03367,0.01954,0.02353,0.02314,0.03152,0.02566,0.05347
0.01600,0.03491,0.06301,0.02258,0.04510,0.06769,0.47686,0.03134,0.02965,0.06066,0.04429,0.04325,0.04435,0.02030
0.11140,0.03646,0.05645,0.06179,0.02607,0.06240,0.02436,0.16615,0.03314,0.04397,0.03098,0.08418,0.03482,0.22783
0.01958,0.02941,0.02548,0.03294,0.01778,0.03219,0.32142,0.30972,0.02875,0.06835,0.03183,0.02648,0.02509,0.03096
0.01114,0.01643,0.01328,0.73694,0.01731,0.03695,0.01849,0.04493,0.01392,0.01325,0.02011,0.02497,0.02058,0.01172
0.02555,0.04986,0.01609,0.03355,0.01916,0.50193,0.03419,0.02312,0.03032,0.04584,0.02228,0.05682,0.09947,0.04181
0.03845,0.02120,0.02672,0.03389,0.01903,0.03010,0.03229,0.61137,0.07832,0.01909,0.03231,0.02068,0.01414,0.02241
0.00822,0.01184,0.01987,0.01242,0.69602,0.01324,0.01365,0.01230,0.04497,0.01686,0.03433,0.02339,0.01508,0.07781
0.00856,0.03050,0.02249,0.01583,0.02060,0.02219,0.02864,0.02733,0.01888,0.26567,0.05752,0.06431,0.40057,0.01689
0.01964,0.02773,0.01653,0.02283,0.03594,0.01693,0.01074,0.02594,0.02226,0.67228,0.00738,0.04078,0.02868,0.05235
0.03275,0.03373,0.03639,0.04139,0.02756,0.03209,0.32975,0.20457,0.04053,0.05346,0.05119,0.04365,0.04038,0.03254
0.00502,0.01125,0.01771,0.00957,0.01227,0.01271,0.01108,0.01256,0.00815,0.01911,0.01268,0.82342,0.03872,0.00575
0.00674,0.02210,0.01969,0.01285,0.01786,0.02145,0.02301,0.01316,0.00940,0.01704,0.03415,0.03971,0.74323,0.01961
0.02724,0.03627,0.02535,0.02193,0.01447,0.02241,0.03951,0.70878,0.01808,0.01888,0.01977,0.01900,0.01290,0.01540
0.03881,0.04183,0.13271,0.07044,0.04072,0.04680,0.05862,0.16979,0.02950,0.03779,0.02913,0.05822,0.19559,0.05004
0.02243,0.06139,0.03274,0.04312,0.03544,0.05885,0.09769,0.04214,0.02086,0.04804,0.06725,0.21358,0.17646,0.08002
0.06214,0.03801,0.62842,0.03141,0.02616,0.01910,0.01447,0.02082,0.01737,0.02119,0.01857,0.02393,0.03758,0.04082
0.00498,0.00528,0.01935,0.00705,0.01631,0.00847,0.00890,0.00796,0.00839,0.00793,0.01053,0.01392,0.01031,0.87062
0.45796,0.13880,0.04069,0.03357,0.04179,0.04098,0.01633,0.04671,0.02466,0.03386,0.01698,0.02761,0.02718,0.05288
0.01471,0.04010,0.02710,0.49478,0.01764,0.06835,0.02466,0.05182,0.02045,0.03322,0.03059,0.09566,0.06442,0.01650
0.00704,0.01137,0.00885,0.00999,0.02222,0.01266,0.01416,0.00813,0.00950,0.01556,0.01585,0.83757,0.01325,0.01385
0.05917,0.04306,0.03031,0.08084,0.03661,0.04580,0.25873,0.10999,0.04213,0.09295,0.05384,0.06108,0.03885,0.04666
0.02630,0.04360,0.01788,0.05427,0.12329,0.11131,0.03793,0.03227,0.03969,0.04042,0.02664,0.06801,0.17085,0.20755
0.01788,0.04758,0.02010,0.68092,0.01638,0.02032,0.01823,0.02165,0.01778,0.03082,0.01230,0.04025,0.04451,0.01126
0.02385,0.04417,0.02422,0.02972,0.06963,0.13100,0.03235,0.04326,0.02928,0.03679,0.09372,0.34802,0.05143,0.04257
0.01202,0.04016,0.02094,0.60487,0.02853,0.01774,0.02787,0.02795,0.01553,0.06075,0.01945,0.03154,0.05867,0.03397
0.01026,0.01956,0.01322,0.01949,0.18401,0.02121,0.02449,0.01653,0.01330,0.02493,0.56809,0.03422,0.02389,0.02679
0.00851,0.02473,0.01974,0.01826,0.07984,0.04909,0.02647,0.02361,0.02133,0.14042,0.41139,0.09357,0.05588,0.02717
0.02842,0.01837,0.02776,0.02646,0.03005,0.01767,0.03845,0.01620,0.04004,0.02795,0.59727,0.05089,0.01761,0.06286
0.00637,0.02471,0.03097,0.01457,0.02383,0.02658,0.03285,0.01715,0.02001,0.02849,0.03506,0.43566,0.26899,0.03477
0.01236,0.00966,0.00823,0.01603,0.03094,0.03016,0.01699,0.01485,0.59667,0.20816,0.01563,0.01446,0.01158,0.01428
0.01139,0.01755,0.02656,0.02745,0.09452,0.04188,0.06011,0.03119,0.02272,0.02720,0.32551,0.22709,0.06897,0.01786
0.00882,0.00865,0.01675,0.01863,0.01057,0.01249,0.01196,0.01993,0.02392,0.81114,0.01179,0.01301,0.01217,0.02017
0.01487,0.07201,0.04976,0.01868,0.09431,0.24633,0.02702,0.05192,0.02027,0.11585,0.03652,0.07198,0.09402,0.08647
0.02173,0.02131,0.00381,0.04612,0.45564,0.31510,0.00943,0.01534,0.01128,0.01275,0.00973,0.03720,0.01404,0.02652
0.01756,0.02380,0.00898,0.02782,0.48537,0.15799,0.02526,0.08775,0.02453,0.03541,0.01510,0.02466,0.02500,0.04076
0.02696,0.03393,0.03684,0.04264,0.03230,0.03361,0.16251,0.37187,0.06406,0.03666,0.02853,0.09098,0.02704,0.01206
0.03335,0.01902,0.03101,0.03512,0.02814,0.03988,0.09389,0.46724,0.03855,0.03933,0.02556,0.05766,0.02853,0.06272
0.00563,0.01966,0.02647,0.01154,0.01374,0.02480,0.01913,0.01457,0.00845,0.01984,0.01706,0.65508,0.15223,0.01181
0.02768,0.02152,0.04198,0.01635,0.03528,0.03746,0.01814,0.01934,0.10949,0.03697,0.02748,0.02833,0.02308,0.55690
0.01193,0.03515,0.01779,0.02543,0.05271,0.02584,0.02356,0.01178,0.01901,0.02499,0.02591,0.34486,0.35746,0.02358
0.02720,0.02277,0.02566,0.03009,0.01602,0.02028,0.03441,0.01906,0.71806,0.01662,0.02372,0.01262,0.02100,0.01249
0.02238,0.01720,0.01705,0.03590,0.01953,0.67117,0.01852,0.02302,0.02081,0.02125,0.03974,0.03583,0.02793,0.02968
0.01886,0.02561,0.01998,0.02759,0.03313,0.03027,0.09028,0.58139,0.04647,0.03492,0.03053,0.01955,0.01658,0.02485
0.03770,0.08183,0.43818,0.03038,0.04518,0.03768,0.02057,0.02728,0.02676,0.03633,0.01640,0.04850,0.11142,0.04178
0.01943,0.01052,0.00889,0.02407,0.68196,0.03711,0.00952,0.01172,0.02746,0.01392,0.02408,0.05803,0.01647,0.05682
0.01908,0.02212,0.00947,0.00793,0.83358,0.01234,0.00570,0.01049,0.00773,0.01979,0.00477,0.00927,0.01360,0.02412
0.00563,0.01387,0.01175,0.01038,0.02887,0.01234,0.01563,0.01244,0.00827,0.01584,0.01614,0.03071,0.79773,0.02040
0.01096,0.01189,0.01402,0.01239,0.06459,0.01241,0.00960,0.01463,0.00921,0.01451,0.01775,0.01997,0.01072,0.77735
0.02757,0.01472,0.02314,0.04352,0.06567,0.04511,0.03070,0.01369,0.05170,0.02426,0.47972,0.06991,0.02754,0.08275
0.00723,0.00784,0.01994,0.01177,0.02653,0.00861,0.01152,0.01503,0.01205,0.01541,0.01506,0.01647,0.00958,0.82295
0.03904,0.02846,0.05216,0.02642,0.01514,0.02056,0.56299,0.04411,0.02387,0.03289,0.09055,0.02086,0.01894,0.02402
0.01938,0.01301,0.02477,0.01610,0.02822,0.01153,0.00873,0.01988,0.02651,0.76192,0.02487,0.02148,0.00725,0.01635
0.03642,0.64930,0.02732,0.02622,0.01864,0.04101,0.02568,0.04700,0.01869,0.01942,0.01306,0.02595,0.02673,0.02457
0.01727,0.02760,0.01862,0.02013,0.00809,0.01727,0.07028,0.69896,0.01716,0.04562,0.01458,0.01878,0.01007,0.01556
0.04483,0.01726,0.01833,0.04473,0.06873,0.03041,0.02236,0.01755,0.23072,0.24672,0.03270,0.04516,0.02855,0.15195
0.04920,0.04565,0.03877,0.04397,0.07731,0.09623,0.02998,0.04069,0.01760,0.03400,0.18512,0.18828,0.04659,0.10662
0.02466,0.02431,0.02533,0.02415,0.04769,0.17415,0.02011,0.02325,0.03737,0.04249,0.02089,0.04569,0.46488,0.02501
0.01231,0.03694,0.03435,0.03141,0.01942,0.03780,0.02971,0.01836,0.01816,0.03729,0.01600,0.03896,0.47116,0.19813
0.00718,0.02028,0.01970,0.01733,0.01523,0.02448,0.01770,0.01561,0.01065,0.02705,0.03776,0.71061,0.06630,0.01010
0.02857,0.05628,0.05392,0.02969,0.06684,0.06228,0.03389,0.45092,0.03637,0.02604,0.02200,0.05404,0.05177,0.02738
0.02366,0.03400,0.00646,0.06010,0.52493,0.12508,0.02654,0.03080,0.01980,0.03192,0.01776,0.04083,0.01662,0.04151
0.01535,0.01360,0.02342,0.02310,0.03590,0.02365,0.03353,0.01638,0.02725,0.01637,0.71120,0.01398,0.01731,0.02896
0.01697,0.04049,0.02671,0.03455,0.02344,0.35161,0.04579,0.02012,0.01727,0.02637,0.03774,0.03138,0.29710,0.03048
0.03377,0.01846,0.01238,0.03061,0.02995,0.02375,0.01786,0.03496,0.55199,0.16733,0.01196,0.02549,0.01083,0.03066
0.01445,0.01553,0.01987,0.02466,0.03003,0.02427,0.02051,0.01707,0.02050,0.03317,0.70245,0.01705,0.03928,0.02117
0.01960,0.01069,0.00773,0.01554,0.79711,0.03322,0.01104,0.01248,0.01042,0.01781,0.01877,0.01729,0.00922,0.01907
0.00668,0.01847,0.01661,0.01774,0.02010,0.02652,0.02620,0.02407,0.01051,0.03564,0.06672,0.65276,0.06093,0.01705
0.09859,0.48780,0.07513,0.01645,0.02260,0.02052,0.01695,0.05349,0.01938,0.05916,0.00879,0.03525,0.03426,0.05163
0.00756,0.02323,0.03988,0.01365,0.02420,0.03463,0.02323,0.01586,0.04255,0.21272,0.02821,0.02118,0.50005,0.01306
0.00759,0.01006,0.02118,0.00925,0.02507,0.00849,0.00934,0.01147,0.00924,0.00853,0.01458,0.01423,0.01145,0.83952
0.01167,0.01164,0.00932,0.01188,0.79639,0.01974,0.00943,0.01764,0.00819,0.01062,0.02394,0.01113,0.01218,0.04625
0.01435,0.03261,0.02490,0.03769,0.02716,0.04252,0.05916,0.05341,0.02381,0.04929,0.52251,0.05119,0.02949,0.03192
0.01687,0.01642,0.04711,0.02025,0.02325,0.02592,0.04541,0.57392,0.05308,0.02831,0.04165,0.03955,0.05302,0.01526
0.01392,0.03175,0.02305,0.02304,0.10385,0.03030,0.01833,0.01543,0.58609,0.05007,0.02556,0.01820,0.03695,0.02346
0.41917,0.27381,0.04037,0.02161,0.02177,0.01697,0.01679,0.02899,0.02355,0.03837,0.01263,0.02118,0.03044,0.03434
0.02638,0.03020,0.02329,0.02019,0.52367,0.02309,0.01674,0.01980,0.01359,0.03493,0.02375,0.01947,0.19546,0.02943
0.04041,0.03090,0.05790,0.29462,0.02915,0.05791,0.03562,0.04701,0.05222,0.04332,0.12604,0.03483,0.03651,0.11357
0.03902,0.02463,0.72932,0.01526,0.02857,0.01458,0.01054,0.01950,0.02470,0.02121,0.01261,0.01887,0.01481,0.02640
0.00447,0.01492,0.01292,0.00892,0.01751,0.01952,0.01505,0.01517,0.01459,0.09982,0.03799,0.02511,0.70545,0.00856
0.02218,0.01193,0.02608,0.01631,0.06883,0.02048,0.01596,0.01650,0.09295,0.63631,0.01147,0.01712,0.01813,0.02574
0.02318,0.01176,0.01858,0.02324,0.01850,0.01723,0.01494,0.04358,0.02134,0.72288,0.01441,0.02086,0.01314,0.03637
0.02320,0.02849,0.02527,0.15530,0.03330,0.04438,0.04723,0.02134,0.03095,0.04338,0.27122,0.04981,0.04267,0.18348
0.01254,0.05646,0.02410,0.03757,0.02747,0.03861,0.06803,0.04355,0.02065,0.05804,0.41147,0.06498,0.11711,0.01942
0.03090,0.04741,0.01822,0.03584,0.01857,0.06577,0.44430,0.17494,0.01891,0.03267,0.02179,0.03397,0.02588,0.03081
0.01931,0.03550,0.02693,0.07190,0.01317,0.03219,0.48487,0.12179,0.02069,0.03818,0.04491,0.02809,0.03153,0.03093
0.01517,0.04979,0.01092,0.01837,0.01438,0.02327,0.02280,0.76964,0.01517,0.01675,0.01213,0.01268,0.00827,0.01065
0.05691,0.02907,0.03466,0.05510,0.01782,0.02417,0.04403,0.56249,0.04287,0.02933,0.02942,0.02701,0.02640,0.02072
0.01531,0.01229,0.00890,0.03300,0.06312,0.02274,0.02248,0.01648,0.02519,0.02453,0.02275,0.66175,0.02496,0.04649
0.01963,0.04429,0.01767,0.02894,0.02309,0.02916,0.03217,0.65370,0.03327,0.02792,0.02592,0.02304,0.01377,0.02741
0.04062,0.03175,0.09140,0.02722,0.03672,0.02385,0.01537,0.01484,0.04056,0.03832,0.55704,0.02818,0.02250,0.03162
0.01495,0.01249,0.01654,0.01009,0.80744,0.01563,0.00830,0.01165,0.00899,0.01572,0.01859,0.01202,0.00936,0.03822
0.00824,0.01306,0.01568,0.01423,0.08968,0.01177,0.02020,0.02257,0.01594,0.01312,0.03569,0.01945,0.00915,0.71122
0.00721,0.02356,0.01540,0.01816,0.01024,0.62283,0.02094,0.01767,0.01450,0.02447,0.01959,0.04968,0.13830,0.01745
0.00872,0.04574,0.03174,0.02014,0.02156,0.03002,0.06477,0.02548,0.01636,0.03900,0.10686,0.51846,0.04540,0.02575
0.02506,0.01564,0.03475,0.02554,0.02618,0.01619,0.01872,0.01407,0.72236,0.02256,0.01771,0.01957,0.02337,0.01828
0.01337,0.02626,0.00957,0.05214,0.60320,0.05261,0.04457,0.01748,0.02102,0.03522,0.02774,0.03506,0.02772,0.03404
0.00930,0.02467,0.05849,0.03277,0.01764,0.03760,0.24523,0.02950,0.01125,0.01520,0.04012,0.03660,0.37043,0.07121
0.01331,0.02255,0.01522,0.02071,0.63130,0.02182,0.01829,0.01373,0.01098,0.02992,0.02366,0.01925,0.04779,0.11146
0.02974,0.01733,0.00744,0.03977,0.62549,0.09291,0.01475,0.02179,0.01662,0.02835,0.02064,0.03476,0.01413,0.03628
0.02674,0.05575,0.00891,0.04830,0.35802,0.14721,0.03682,0.02842,0.01630,0.02980,0.02912,0.13619,0.03412,0.04432
0.01666,0.04485,0.00888,0.03291,0.30729,0.23617,0.02146,0.02829,0.01461,0.02975,0.01816,0.04999,0.05060,0.14039
0.00674,0.00916,0.01016,0.00841,0.01060,0.01540,0.00997,0.01395,0.01443,0.85244,0.01823,0.01283,0.00884,0.00886
