0.00000,0.00000,0.00000,0.00000,0.00000,0.00000,0.00000,0.00000,0.00005,0.99995,0.00000,0.00000,0.00000,0.00000,0.00000
0.00000,0.00000,0.00000,0.00015,0.00000,0.00000,0.00000,0.00000,0.12584,0.00000,0.00000,0.87303,0.00000,0.00000,0.00098
0.00000,0.00000,0.17185,0.00000,0.00000,0.00000,0.00000,0.00000,0.00000,0.00000,0.00000,0.82815,0.00000,0.00000,0.00000
0.00000,0.00000,0.00000,0.00000,0.00000,0.00000,0.96491,0.00000,0.03509,0.00000,0.00000,0.00000,0.00000,0.00000,0.00000
0.00000,0.00000,0.00000,0.00000,0.00000,0.00002,0.00000,0.00000,0.00022,0.00000,0.00000,0.11880,0.88095,0.00000,0.00000
0.00000,0.00000,0.00000,0.00000,0.00000,0.00000,0.00000,0.00000,0.00000,0.00000,0.00000,1.00000,0.00000,0.00000,0.00000
0.03262,0.00000,0.00000,0.00000,0.00000,0.01076,0.00000,0.00000,0.00000,0.00000,0.00000,0.95662,0.00000,0.00000,0.00000
0.00000,0.00000,0.00000,0.00000,0.00000,0.99986,0.00000,0.00000,0.00000,0.00001,0.00000,0.00013,0.00000,0.00000,0.00000
0.00000,0.00000,0.00000,0.00000,0.00000,0.00000,0.00000,0.00000,0.01962,0.00000,0.00000,0.98038,0.00000,0.00000,0.00000
0.00000,0.00000,0.00000,0.00000,0.00000,0.00000,0.00000,0.00000,0.99098,0.00899,0.00000,0.00003,0.00000,0.00000,0.00000
0.00000,0.00000,0.00000,0.00000,0.00000,0.00000,0.00000,0.00000,0.95248,0.00000,0.00000,0.00000,0.04752,0.00000,0.00000
0.00174,0.00000,0.00000,0.00000,0.00000,0.00000,0.00000,0.00000,0.99825,0.00001,0.00000,0.00000,0.00000,0.00000,0.00000
0.00000,0.00000,0.00000,0.00000,0.00000,0.00000,0.00000,0.00000,0.00076,0.00000,0.00000,0.99924,0.00000,0.00000,0.00000
0.00000,0.00000,0.00000,0.90800,0.00000,0.00000,0.00000,0.00000,0.00000,0.00000,0.00000,0.09200,0.00000,0.00000,0.00000
0.00000,0.00000,0.00000,0.00000,0.00000,0.00000,0.00000,0.00000,0.00000,0.99377,0.00000,0.00621,0.00001,0.00000,0.00000
0.00000,0.00000,0.00000,0.42546,0.00000,0.00000,0.00000,0.00000,0.00593,0.56861,0.00000,0.00000,0.00000,0.00000,0.00000
0.00000,0.00000,0.00000,0.00000,0.93548,0.00000,0.00000,0.00000,0.06452,0.00000,0.00000,0.00000,0.00000,0.00000,0.00000
0.00000,0.00000,0.00000,0.03767,0.00000,0.00000,0.00000,0.00000,0.00103,0.00000,0.00000,0.96129,0.00000,0.00000,0.00000
0.00000,0.00000,0.00921,0.98948,0.00000,0.00000,0.00000,0.00000,0.00000,0.00000,0.00000,0.00131,0.00000,0.00000,0.00000
0.00000,0.00000,0.00000,0.78585,0.00000,0.00000,0.00000,0.00000,0.00000,0.21415,0.00000,0.00000,0.00000,0.00000,0.00000
0.00000,0.00000,0.00000,0.78002,0.00000,0.00000,0.00000,0.00000,0.00023,0.00000,0.00000,0.21899,0.00075,0.00000,0.00000
0.00000,0.00000,0.00000,0.00024,0.00000,0.00000,0.00000,0.00000,0.00000,0.00008,0.00000,0.00000,0.00000,0.00000,0.99968
0.00000,0.00000,0.00000,0.00000,0.00000,0.00000,0.00000,0.00000,0.00000,1.00000,0.00000,0.00000,0.00000,0.00000,0.00000
0.00000,0.00000,0.00000,0.00012,0.00000,0.00000,0.00000,0.00000,0.00000,0.97740,0.00000,0.00133,0.00000,0.00000,0.02115
0.00000,0.00000,0.00000,0.00000,0.00000,0.00000,0.00000,0.00000,0.00214,0.00000,0.00000,0.99786,0.00000,0.00000,0.00000
0.00000,0.00000,0.00000,0.00000,0.00000,0.00000,0.00000,0.00000,0.00000,0.00000,0.00000,0.99999,0.00001,0.00000,0.00000
0.00000,0.00000,0.00000,0.06574,0.00000,0.00000,0.00000,0.00000,0.93426,0.00000,0.00000,0.00000,0.00000,0.00000,0.00000
0.00000,0.00000,0.00000,0.00000,0.00000,0.00000,0.00000,0.00000,0.00000,0.00009,0.00000,0.99881,0.00110,0.00000,0.00000
0.00000,0.00000,0.00000,0.91890,0.00000,0.00000,0.00000,0.00000,0.03884,0.00000,0.00000,0.00000,0.04226,0.00000,0.00000
0.00000,0.00000,0.00000,0.00000,0.00000,0.00000,0.00000,0.00000,1.00000,0.00000,0.00000,0.00000,0.00000,0.00000,0.00000
0.00000,0.00000,0.00000,0.00000,0.00000,0.00000,0.00000,0.00000,0.00000,0.00000,0.00000,0.00000,0.00000,0.00000,1.00000
0.00000,0.00000,0.00000,0.00000,0.00000,0.00000,0.00000,0.00000,0.99999,0.00001,0.00000,0.00000,0.00000,0.00000,0.00000
0.00000,0.00000,0.00000,0.11694,0.00000,0.00000,0.88196,0.00000,0.00000,0.00001,0.00000,0.00109,0.00000,0.00000,0.00000
0.00000,0.00000,0.00000,0.99552,0.00000,0.00000,0.00000,0.00000,0.00000,0.00000,0.00000,0.00448,0.00000,0.00000,0.00000
0.00000,0.00000,0.00000,0.00000,0.00000,0.00003,0.00000,0.00000,0.00000,0.00000,0.00000,0.23301,0.00000,0.00000,0.76696
0.00000,0.00000,0.00002,0.00000,0.00000,0.00000,0.00000,0.00000,0.99998,0.00000,0.00000,0.00000,0.00000,0.00000,0.00000
0.00000,0.00000,0.00000,0.00000,0.00000,0.00000,0.00000,0.00000,0.99916,0.00000,0.00000,0.00000,0.00000,0.00084,0.00000
0.00000,0.00000,0.00000,0.00000,0.00000,0.00001,0.00000,0.00000,0.00000,0.99999,0.00000,0.00000,0.00000,0.00000,0.00000
0.00000,0.00000,0.00000,0.00000,0.77688,0.00000,0.00000,0.00000,0.00012,0.00000,0.00000,0.00000,0.00000,0.00000,0.22299
0.00000,0.00000,0.00000,0.00000,0.00000,0.00000,0.00000,0.00000,0.00076,0.99915,0.00000,0.00009,0.00000,0.00000,0.00000
0.00000,0.00000,0.38962,0.00000,0.00000,0.17056,0.00000,0.00000,0.00085,0.00000,0.00000,0.43897,0.00000,0.00000,0.00000
0.00000,0.00000,0.00000,0.27100,0.00000,0.00000,0.00000,0.00000,0.00000,0.00234,0.64987,0.00000,0.00000,0.00000,0.07679
0.00000,0.00000,0.00000,0.99894,0.00000,0.00000,0.00000,0.00000,0.00106,0.00000,0.00000,0.00000,0.00000,0.00000,0.00000
0.00000,0.00000,0.00000,0.00000,0.00000,0.00000,0.00000,0.00000,0.00000,0.64026,0.00000,0.35769,0.00205,0.00000,0.00000
0.00000,0.00000,0.00000,0.30043,0.00000,0.00000,0.00000,0.00000,0.00000,0.00000,0.00000,0.18567,0.00000,0.00000,0.51390
0.00000,0.00000,0.00000,0.00000,0.00000,0.00000,0.00000,0.00000,0.00000,0.00091,0.00000,0.99909,0.00000,0.00000,0.00000
0.00000,0.00000,0.00000,0.00000,0.00000,0.00000,0.00000,0.00000,0.00000,0.00000,0.00000,1.00000,0.00000,0.00000,0.00000
0.00000,0.00000,0.00000,0.00000,0.00000,0.00000,0.00000,0.00000,0.00000,0.00345,0.00000,0.19288,0.00000,0.00000,0.80367
0.00000,0.00000,0.00000,0.00000,0.00000,0.00000,0.00000,0.00000,0.00000,0.00001,0.00000,0.99999,0.00000,0.00000,0.00000
0.00000,0.00000,0.00000,0.00000,0.00000,0.11360,0.00000,0.00000,0.00049,0.00004,0.00000,0.88587,0.00000,0.00000,0.00000
0.00000,0.00000,0.00000,0.00033,0.00000,0.04838,0.01683,0.00000,0.70510,0.00000,0.00000,0.00109,0.22827,0.00000,0.00000
0.00000,0.00000,0.00000,0.00000,0.00000,0.00000,0.00000,0.00000,0.00000,0.88599,0.00000,0.00055,0.11346,0.00000,0.00000
0.32439,0.00000,0.67561,0.00000,0.00000,0.00000,0.00000,0.00000,0.00000,0.00000,0.00000,0.00000,0.00000,0.00000,0.00000
0.00000,0.00000,0.00000,0.00000,0.00000,0.00000,0.00000,0.00000,0.99999,0.00000,0.00000,0.00000,0.00000,0.00000,0.00001
0.00000,0.00000,0.00000,0.00000,0.00000,0.00000,0.00000,0.00000,0.99867,0.00000,0.00000,0.00000,0.00000,0.00000,0.00133
0.00202,0.00000,0.00000,0.99784,0.00000,0.00000,0.00000,0.00000,0.00013,0.00000,0.00000,0.00000,0.00000,0.00000,0.00000
0.00000,0.00000,0.00000,0.00024,0.00000,0.00000,0.00000,0.00000,0.00030,0.97394,0.00000,0.01534,0.00000,0.00984,0.00033
0.76624,0.00000,0.00000,0.03747,0.00000,0.00000,0.00000,0.00000,0.00000,0.19629,0.00000,0.00000,0.00000,0.00000,0.00000
0.00000,0.00000,0.00000,0.00000,0.00000,0.00000,0.00000,0.00000,0.00000,0.00000,0.00000,0.00000,1.00000,0.00000,0.00000
0.00000,0.00000,0.00000,0.00000,0.99986,0.00014,0.00000,0.00000,0.00000,0.00000,0.00000,0.00000,0.00000,0.00000,0.00000
0.00000,0.00000,0.00000,0.00000,0.00000,0.00000,0.00000,0.00000,0.99958,0.00000,0.00000,0.00042,0.00000,0.00000,0.00000
0.00000,0.00000,0.00000,0.14659,0.00000,0.00000,0.00000,0.00000,0.00000,0.00000,0.00000,0.85341,0.00000,0.00000,0.00000
0.00000,0.00000,0.00000,0.97088,0.00000,0.00001,0.00000,0.00000,0.00019,0.02892,0.00000,0.00000,0.00000,0.00000,0.00000
0.00000,0.00000,0.00000,0.61603,0.00000,0.00004,0.00000,0.00000,0.00000,0.00000,0.00000,0.00000,0.38393,0.00000,0.00000
0.00000,0.00000,0.00000,0.00000,0.00000,0.00000,0.00000,0.00000,0.99993,0.00000,0.00000,0.00007,0.00000,0.00000,0.00000
0.00000,0.00000,0.00000,0.00000,0.00000,0.00795,0.00000,0.00000,0.99205,0.00000,0.00000,0.00000,0.00000,0.00000,0.00000
0.00000,0.00000,0.00006,0.99992,0.00000,0.00000,0.00000,0.00000,0.00000,0.00002,0.00000,0.00000,0.00000,0.00000,0.00000
0.00000,0.00000,0.00000,0.00000,0.00000,0.00000,0.00000,0.00000,0.02485,0.00000,0.00000,0.97515,0.00000,0.00000,0.00000
0.78897,0.00000,0.00000,0.00000,0.00000,0.00000,0.00000,0.00000,0.00000,0.00000,0.00000,0.21103,0.00000,0.00000,0.00000
0.00000,0.00000,0.00000,0.00000,0.00000,0.00000,0.00000,0.00000,0.01197,0.98795,0.00000,0.00008,0.00000,0.00000,0.00000
0.00000,0.00000,0.00000,0.00000,0.00000,0.00000,0.00000,0.00000,0.49410,0.29454,0.00000,0.00035,0.00000,0.00000,0.21100
0.00000,0.00000,0.00000,0.00086,0.00000,0.00000,0.00000,0.00000,0.00000,0.00000,0.00000,0.99909,0.00005,0.00000,0.00000
0.00000,0.00000,0.52356,0.34103,0.00000,0.13540,0.00000,0.00000,0.00000,0.00000,0.00000,0.00000,0.00000,0.00000,0.00000
0.00000,0.00000,0.00000,0.00000,0.00000,0.00000,0.00000,0.00000,0.00000,1.00000,0.00000,0.00000,0.00000,0.00000,0.00000
0.00000,0.00000,0.00000,0.00000,0.00000,0.00000,0.00000,0.00000,0.00000,0.00000,0.00000,0.99989,0.00011,0.00000,0.00000
0.00648,0.00000,0.00000,0.98762,0.00000,0.00000,0.00000,0.00000,0.00589,0.00000,0.00000,0.00000,0.00000,0.00000,0.00000
0.00000,0.00000,0.00045,0.06174,0.00000,0.00872,0.00000,0.00000,0.87760,0.00000,0.00000,0.00845,0.04301,0.00000,0.00002
0.00000,0.00000,0.70777,0.00018,0.00000,0.00000,0.00000,0.00000,0.25819,0.00000,0.00000,0.02830,0.00000,0.00000,0.00554
0.99157,0.00000,0.00000,0.00000,0.00000,0.00000,0.00000,0.00000,0.00835,0.00000,0.00000,0.00008,0.00000,0.00000,0.00000
0.00000,0.00000,0.00000,0.00000,0.00000,0.00000,0.00000,0.00000,0.00188,0.00000,0.00000,0.99812,0.00000,0.00000,0.00000
0.00000,0.00000,0.00000,0.00000,0.36102,0.00000,0.00000,0.00000,0.00000,0.00000,0.00000,0.63898,0.00000,0.00000,0.00000
0.00000,0.00000,0.00000,0.00000,0.00000,0.00000,0.00000,0.00000,1.00000,0.00000,0.00000,0.00000,0.00000,0.00000,0.00000
0.00000,0.00000,0.00000,0.99976,0.00000,0.00000,0.00000,0.00000,0.00024,0.00000,0.00000,0.00000,0.00000,0.00000,0.00000
0.00000,0.00000,0.00000,0.00000,0.99992,0.00000,0.00000,0.00000,0.00000,0.00006,0.00000,0.00002,0.00000,0.00000,0.00000
0.00000,0.00000,0.08050,0.00000,0.00000,0.00000,0.00000,0.00000,0.00000,0.91950,0.00000,0.00000,0.00000,0.00000,0.00000
0.00000,0.99668,0.00000,0.00000,0.00000,0.00000,0.00000,0.00000,0.00000,0.00331,0.00000,0.00000,0.00000,0.00000,0.00000
0.00000,0.00000,0.09392,0.00640,0.00000,0.00000,0.00000,0.00000,0.89968,0.00000,0.00000,0.00000,0.00000,0.00000,0.00000
0.00137,0.00000,0.00000,0.00000,0.00000,0.00000,0.00000,0.00000,0.99861,0.00001,0.00000,0.00000,0.00000,0.00000,0.00000
0.00000,0.00000,0.00000,0.00000,0.00000,0.00000,0.00000,0.00000,0.00000,0.00000,0.00000,1.00000,0.00000,0.00000,0.00000
0.00000,0.00000,0.00000,0.00000,0.00000,0.24102,0.00000,0.00000,0.00000,0.00000,0.00000,0.00000,0.00000,0.00000,0.75898
0.00000,0.00000,0.00000,0.00000,0.00000,0.00000,0.00000,0.00000,0.00000,0.95287,0.00000,0.04187,0.00526,0.00000,0.00000
0.00000,0.00000,0.00000,0.00000,0.00000,0.00000,0.00000,0.00000,0.00150,0.00000,0.00000,0.99850,0.00000,0.00000,0.00000
0.00000,0.00000,0.00000,0.80545,0.00000,0.00000,0.00000,0.00000,0.19455,0.00000,0.00000,0.00000,0.00000,0.00000,0.00000
0.00000,0.00000,0.00000,0.00000,0.00000,0.00004,0.00000,0.00000,0.00000,0.00000,0.00000,0.00000,0.00000,0.99996,0.00000
0.00000,0.00000,0.00000,0.00000,0.00000,0.00000,0.00000,0.00000,0.00000,0.00000,0.00000,1.00000,0.00000,0.00000,0.00000
0.00000,0.00000,0.00000,0.00000,0.00000,0.00000,0.00000,0.00000,0.00036,0.00619,0.00000,0.00006,0.99340,0.00000,0.00000
0.00000,0.00000,0.00000,0.00030,0.00000,0.00000,0.00000,0.00000,0.00000,0.00000,0.00000,0.00000,0.99970,0.00000,0.00000
0.00000,0.00000,0.00000,1.00000,0.00000,0.00000,0.00000,0.00000,0.00000,0.00000,0.00000,0.00000,0.00000,0.00000,0.00000
0.00000,0.00000,0.00000,0.00000,0.00486,0.00000,0.00000,0.00000,0.99411,0.00102,0.00000,0.00001,0.00000,0.00000,0.00000
0.00000,0.00000,0.00000,0.00000,0.00000,0.00000,0.00000,0.00000,0.00023,0.00000,0.00000,0.99851,0.00000,0.00000,0.00126
0.00000,0.00000,0.00000,0.00000,0.00000,0.00000,0.00000,0.00000,0.00001,0.99998,0.00000,0.00001,0.00000,0.00000,0.00000
0.00000,0.00000,0.00000,0.00000,0.00000,0.00000,0.00000,0.00000,0.00000,0.99992,0.00000,0.00000,0.00008,0.00000,0.00000
0.00000,0.00000,0.00000,0.00000,0.00000,0.00000,0.00000,0.00000,0.00017,0.00000,0.00000,0.99983,0.00000,0.00000,0.00000
0.00000,0.00000,0.00000,0.00000,0.00000,0.00000,0.00000,0.00000,0.00000,0.00102,0.00000,0.99898,0.00000,0.00000,0.00000
0.00000,0.00000,0.00000,0.00000,0.00000,0.00000,0.00000,0.00000,0.84689,0.00000,0.00000,0.15311,0.00000,0.00000,0.00000
0.00000,0.00000,0.00000,0.00000,0.00000,0.00000,0.00000,0.00000,0.00002,0.00000,0.00000,0.04710,0.00123,0.00000,0.95165
0.00000,0.00000,0.00000,0.99953,0.00000,0.00000,0.00000,0.00000,0.00000,0.00000,0.00000,0.00047,0.00000,0.00000,0.00000
0.00000,0.00000,0.70371,0.00000,0.00000,0.00151,0.00000,0.00000,0.29380,0.00072,0.00000,0.00027,0.00000,0.00000,0.00000
0.00000,0.00000,0.00000,0.00000,0.00000,0.00000,0.00000,0.00000,1.00000,0.00000,0.00000,0.00000,0.00000,0.00000,0.00000
0.00000,0.00000,0.00000,0.99892,0.00000,0.00000,0.00000,0.00000,0.00000,0.00104,0.00000,0.00004,0.00000,0.00000,0.00000
0.00000,0.03088,0.00000,0.00000,0.00000,0.00000,0.45562,0.00000,0.00002,0.00001,0.00000,0.51347,0.00000,0.00000,0.00000
0.00000,0.00000,0.00000,0.00000,0.00000,0.02753,0.00000,0.00000,0.07999,0.00000,0.00000,0.89248,0.00000,0.00000,0.00000
0.00000,0.00000,0.00000,0.00000,0.00000,0.00000,0.00000,0.00000,0.00000,0.00000,0.00000,0.00000,0.00000,0.00000,1.00000
0.00000,0.00000,0.00000,0.00000,0.26222,0.00000,0.00000,0.00000,0.00026,0.00112,0.00000,0.12992,0.60563,0.00000,0.00085
0.00000,0.00000,0.00000,0.00000,0.00000,0.00000,0.00000,0.00000,0.00000,0.00000,0.00000,0.99998,0.00002,0.00000,0.00000
0.00000,0.00000,0.00000,0.00000,0.00000,0.00000,0.00000,0.00000,0.00000,0.00000,0.00000,1.00000,0.00000,0.00000,0.00000
0.00000,0.00000,0.00000,0.00000,0.00000,0.00000,0.00000,0.00000,0.00000,0.00000,0.00000,0.00000,0.00000,0.00000,1.00000
0.00000,0.00000,0.00000,0.00005,0.00000,0.00000,0.00000,0.00000,0.99995,0.00000,0.00000,0.00000,0.00000,0.00000,0.00000
0.00000,0.00000,0.98416,0.00000,0.00000,0.00000,0.00000,0.00000,0.00000,0.00000,0.00000,0.01584,0.00000,0.00000,0.00000
0.00000,0.00000,0.00000,0.99965,0.00000,0.00035,0.00000,0.00000,0.00000,0.00000,0.00000,0.00000,0.00000,0.00000,0.00000
0.00000,0.00000,0.00000,0.02973,0.00000,0.00000,0.00000,0.00000,0.00000,0.89586,0.00000,0.07441,0.00000,0.00000,0.00000
0.00000,0.00000,0.00000,0.00000,0.00000,0.00000,0.00000,0.00000,0.00000,1.00000,0.00000,0.00000,0.00000,0.00000,0.00000
0.00000,0.00000,0.00000,1.00000,0.00000,0.00000,0.00000,0.00000,0.00000,0.00000,0.00000,0.00000,0.00000,0.00000,0.00000
0.00000,0.00000,0.00000,0.02983,0.00000,0.00000,0.00000,0.00000,0.00000,0.97017,0.00000,0.00000,0.00000,0.00000,0.00000
0.00000,0.00000,0.21460,0.00000,0.00000,0.00000,0.00000,0.00000,0.77374,0.00027,0.01139,0.00000,0.00000,0.00000,0.00000
0.00000,0.00000,0.00000,0.84273,0.00000,0.00000,0.00000,0.00000,0.00000,0.00000,0.00000,0.00003,0.15724,0.00000,0.00000
0.00000,0.00000,0.00000,0.00000,0.00000,0.00000,0.00000,0.00000,0.00000,0.20857,0.00000,0.79143,0.00000,0.00000,0.00000
0.00000,0.00000,0.00000,0.51728,0.00000,0.00000,0.00000,0.00000,0.00000,0.00000,0.00000,0.48272,0.00000,0.00000,0.00000
0.02716,0.00000,0.00000,0.00003,0.00001,0.00000,0.00000,0.00000,0.97280,0.00000,0.00000,0.00000,0.00000,0.00000,0.00000
0.00000,0.00000,0.00000,0.99559,0.00000,0.00000,0.00000,0.00000,0.00000,0.00000,0.00000,0.00441,0.00000,0.00000,0.00000
0.00000,0.00000,0.00000,0.00000,0.00000,0.00000,0.56593,0.00000,0.00000,0.00000,0.00000,0.33629,0.09778,0.00000,0.00000
0.00000,0.00000,0.00000,0.00000,0.00000,0.00000,0.00000,0.00000,0.00000,0.00009,0.00000,0.00000,0.00000,0.00000,0.99991
0.00000,0.00000,0.00000,0.19787,0.00000,0.00000,0.33734,0.00000,0.46479,0.00000,0.00000,0.00000,0.00000,0.00000,0.00000
0.00000,0.00000,0.00000,0.00000,0.00000,0.23892,0.00000,0.00000,0.05267,0.61967,0.00000,0.08875,0.00000,0.00000,0.00000
0.00000,0.00000,0.00000,0.99606,0.00000,0.00001,0.00000,0.00000,0.00000,0.00000,0.00000,0.00394,0.00000,0.00000,0.00000
0.00000,0.00000,0.00000,0.00000,0.00000,0.00000,0.00000,0.00000,1.00000,0.00000,0.00000,0.00000,0.00000,0.00000,0.00000
0.00000,0.00000,0.00000,0.00000,0.00000,0.00000,0.00000,0.00000,0.00000,1.00000,0.00000,0.00000,0.00000,0.00000,0.00000
0.00000,0.00000,0.00000,0.00000,0.00000,0.00000,0.00000,0.00000,0.00023,0.99739,0.00000,0.00237,0.00000,0.00000,0.00000
0.00000,0.00000,0.00000,0.00000,0.00000,0.00000,0.00000,0.00000,0.00425,0.00000,0.00000,0.98054,0.00000,0.00000,0.01522
0.00000,0.00000,0.00000,0.00000,0.00000,0.00000,0.00000,0.00000,0.00002,0.99998,0.00000,0.00000,0.00000,0.00000,0.00000
0.00000,0.00000,0.00000,0.07068,0.00000,0.00000,0.00006,0.00000,0.02970,0.00000,0.00000,0.89956,0.00000,0.00000,0.00000
0.00000,0.00000,0.00000,0.00000,0.00000,0.00027,0.00000,0.00000,0.70149,0.00014,0.00000,0.29810,0.00000,0.00000,0.00000
0.00000,0.00000,0.00041,0.00000,0.00000,0.00000,0.00000,0.00000,0.00000,0.00000,0.00000,0.99959,0.00000,0.00000,0.00000
0.00000,0.00000,0.00000,0.00000,0.00000,0.00000,0.00000,0.00000,0.00000,1.00000,0.00000,0.00000,0.00000,0.00000,0.00000
0.00000,0.00000,0.00000,0.00003,0.00000,0.00000,0.84935,0.00000,0.00010,0.00000,0.00000,0.15051,0.00001,0.00000,0.00000
0.00000,0.00000,0.00000,0.00000,0.00619,0.00000,0.00000,0.00000,0.00000,0.00000,0.00000,0.99076,0.00000,0.00000,0.00305
0.00000,0.00000,0.00000,0.00000,0.00000,0.00000,0.00000,0.00000,0.00000,0.00000,0.00000,0.00008,0.00000,0.00000,0.99992
0.00000,0.00000,0.00000,0.52478,0.00000,0.00000,0.00000,0.00000,0.00344,0.47178,0.00000,0.00000,0.00000,0.00000,0.00000
0.00000,0.00000,0.00000,0.98313,0.00000,0.00000,0.01687,0.00000,0.00000,0.00000,0.00000,0.00000,0.00000,0.00000,0.00000
0.00000,0.00000,0.00000,1.00000,0.00000,0.00000,0.00000,0.00000,0.00000,0.00000,0.00000,0.00000,0.00000,0.00000,0.00000
0.00000,0.00000,0.97693,0.00000,0.00000,0.00000,0.00000,0.00000,0.02177,0.00000,0.00000,0.00130,0.00000,0.00000,0.00000
0.00000,0.00000,0.00000,0.60589,0.00000,0.00000,0.00000,0.00000,0.00714,0.38680,0.00000,0.00017,0.00000,0.00000,0.00000
0.00000,0.00000,0.00000,0.00000,0.00000,0.99997,0.00000,0.00000,0.00000,0.00000,0.00000,0.00003,0.00000,0.00000,0.00000
0.00000,0.00000,0.00000,0.46938,0.00000,0.53062,0.00000,0.00000,0.00000,0.00000,0.00000,0.00000,0.00000,0.00000,0.00000
0.00000,0.00000,0.00000,0.00000,0.00000,0.01519,0.00000,0.00000,0.00000,0.00016,0.00000,0.98465,0.00000,0.00000,0.00000
0.00000,0.00000,0.00000,0.70286,0.00000,0.00000,0.00041,0.00000,0.00000,0.00000,0.00000,0.29673,0.00000,0.00000,0.00000
0.00000,0.00000,0.00000,0.07179,0.00000,0.00000,0.00000,0.00000,0.88458,0.00000,0.00000,0.04243,0.00000,0.00000,0.00119
0.00000,0.00000,0.00000,0.00007,0.00000,0.00000,0.00000,0.00000,0.99993,0.00000,0.00000,0.00000,0.00000,0.00000,0.00000
0.00000,0.00000,0.00000,0.54831,0.00000,0.00015,0.43745,0.00000,0.01379,0.00029,0.00000,0.00000,0.00000,0.00000,0.00000
0.00000,0.20517,0.00000,0.00000,0.00000,0.00000,0.00000,0.00000,0.25358,0.54123,0.00000,0.00001,0.00000,0.00000,0.00001
0.00000,0.00000,0.00000,0.00000,0.00000,0.00000,0.00000,0.00000,0.00007,0.99985,0.00000,0.00008,0.00000,0.00000,0.00000
0.00000,0.00000,0.00000,0.00000,0.00000,0.00000,0.00000,0.00000,0.00000,1.00000,0.00000,0.00000,0.00000,0.00000,0.00000
0.00000,0.00000,0.00000,0.00000,0.00000,0.00000,0.00000,0.00000,0.08719,0.91281,0.00000,0.00000,0.00000,0.00000,0.00000
0.00000,0.00000,0.00000,0.00000,0.00000,0.00000,0.00000,0.00000,0.00549,0.99451,0.00000,0.00000,0.00000,0.00000,0.00000
0.00000,0.00000,0.00000,0.99481,0.00000,0.00000,0.00000,0.00000,0.00337,0.00000,0.00000,0.00143,0.00040,0.00000,0.00000
0.00000,0.00000,0.00000,0.00000,0.00000,1.00000,0.00000,0.00000,0.00000,0.00000,0.00000,0.00000,0.00000,0.00000,0.00000
0.00000,0.00000,0.00000,0.00000,0.00000,0.07744,0.00000,0.00000,0.00473,0.82410,0.00000,0.00000,0.09374,0.00000,0.00000
0.00000,0.00000,0.00000,1.00000,0.00000,0.00000,0.00000,0.00000,0.00000,0.00000,0.00000,0.00000,0.00000,0.00000,0.00000
0.00000,0.00000,0.00000,0.92341,0.00000,0.00000,0.00049,0.00000,0.07609,0.00000,0.00000,0.00000,0.00000,0.00000,0.00000
0.00000,0.00000,0.00000,0.00000,0.00000,0.00000,0.00000,0.00000,0.00000,0.00059,0.00000,0.99941,0.00000,0.00000,0.00000
0.00001,0.00000,0.00000,0.00000,0.00000,0.00000,0.00000,0.00000,0.00319,0.99680,0.00000,0.00000,0.00000,0.00000,0.00000
0.00000,0.00000,0.00000,0.00000,0.00000,0.00000,0.00000,0.00000,0.00001,0.99549,0.00000,0.00450,0.00000,0.00000,0.00000
0.00000,0.00000,0.00000,0.00000,0.00000,0.00000,0.00002,0.00000,0.00000,0.00000,0.00000,0.99330,0.00000,0.00000,0.00669
0.00000,0.00000,0.00000,0.00000,0.00000,0.00000,0.00000,0.00000,0.00000,0.00000,0.00000,1.00000,0.00000,0.00000,0.00000
0.00000,0.00000,0.00000,0.99997,0.00000,0.00000,0.00000,0.00000,0.00000,0.00000,0.00000,0.00003,0.00000,0.00000,0.00000
0.00000,0.00000,0.00000,0.00365,0.00000,0.00000,0.00760,0.00000,0.86759,0.00000,0.00000,0.12116,0.00000,0.00000,0.00000
0.00000,0.00000,0.00000,1.00000,0.00000,0.00000,0.00000,0.00000,0.00000,0.00000,0.00000,0.00000,0.00000,0.00000,0.00000
0.00000,0.00000,0.00000,0.00000,0.00000,0.00000,0.00000,0.00000,0.00000,0.00000,0.00000,0.99901,0.00099,0.00000,0.00000
0.00000,0.00000,0.00000,0.00058,0.00000,0.00000,0.00000,0.00000,0.99810,0.00132,0.00000,0.00000,0.00000,0.00000,0.00000
0.00000,0.00000,0.00000,0.00000,0.00000,0.00000,0.00008,0.00000,0.99992,0.00000,0.00000,0.00000,0.00000,0.00000,0.00000
0.00000,0.00203,0.00000,0.06327,0.00000,0.47134,0.00000,0.00000,0.33938,0.00000,0.00000,0.12398,0.00000,0.00000,0.00000
0.00000,0.00000,0.00000,0.00000,0.00000,0.00000,0.00000,0.00000,0.00000,0.00000,0.00000,1.00000,0.00000,0.00000,0.00000
0.00000,0.00000,0.00000,0.00000,0.00000,0.00000,0.00000,0.00000,0.58431,0.00000,0.00000,0.12978,0.28591,0.00000,0.00000
0.00000,0.00000,0.00000,0.19732,0.00000,0.00024,0.00000,0.00000,0.00000,0.00000,0.00000,0.80244,0.00000,0.00000,0.00000
0.00000,0.00000,0.00000,0.00000,0.00000,0.00000,0.00000,0.00000,0.99708,0.00000,0.00000,0.00000,0.00000,0.00000,0.00292
0.00000,0.00000,0.00000,0.00000,0.00000,0.00000,0.19060,0.00000,0.01460,0.00000,0.00000,0.09508,0.00000,0.00000,0.69972
0.00000,0.00000,0.00000,0.00000,0.00000,0.00000,0.00000,0.00000,0.00000,0.00000,0.00000,0.00001,0.00000,0.99999,0.00000
0.00178,0.00000,0.00000,0.17241,0.00000,0.00000,0.00000,0.00000,0.00000,0.79330,0.00000,0.02483,0.00769,0.00000,0.00000
0.00000,0.00000,0.00000,0.01601,0.00000,0.00000,0.00000,0.00000,0.00004,0.98395,0.00000,0.00000,0.00000,0.00000,0.00000
0.00000,0.00000,0.00000,0.00035,0.00000,0.00000,0.00000,0.00000,0.99965,0.00000,0.00000,0.00000,0.00000,0.00000,0.00000
0.00000,0.00017,0.00000,0.99983,0.00000,0.00000,0.00000,0.00000,0.00000,0.00000,0.00000,0.00000,0.00000,0.00000,0.00000
0.00000,0.00000,0.00000,0.00000,0.00000,0.00000,0.00000,0.00000,0.00000,0.99996,0.00000,0.00004,0.00000,0.00000,0.00000
0.00000,0.00000,0.00000,0.00109,0.00000,0.00000,0.00000,0.00000,0.00000,0.00000,0.00000,0.00000,0.00000,0.00000,0.99891
0.00000,0.00000,0.00000,0.00000,0.00000,0.00000,0.00000,0.00000,0.00000,0.00000,0.00000,1.00000,0.00000,0.00000,0.00000
0.00000,0.00000,0.00097,0.00001,0.00000,0.00000,0.00000,0.00000,0.99877,0.00000,0.00000,0.00000,0.00026,0.00000,0.00000
0.00000,0.00000,0.00000,0.00000,0.00000,0.00088,0.00026,0.00000,0.99886,0.00000,0.00000,0.00000,0.00000,0.00000,0.00000
0.00000,0.00000,0.00000,0.00510,0.00000,0.00000,0.00000,0.00000,0.99489,0.00000,0.00000,0.00000,0.00000,0.00000,0.00001
0.00000,0.00000,0.00000,0.00000,0.00000,0.00000,0.00000,0.00000,0.14119,0.00000,0.00000,0.00000,0.85881,0.00000,0.00000
0.00000,0.00000,0.00000,0.00000,0.00000,0.00000,0.00000,0.00000,0.76791,0.16020,0.00000,0.07189,0.00000,0.00000,0.00000
0.00704,0.02967,0.00000,0.00000,0.00000,0.04605,0.90972,0.00000,0.00000,0.00752,0.00000,0.00000,0.00000,0.00000,0.00000
0.00000,0.00000,0.00000,0.00000,0.00000,0.00000,0.00000,0.00000,0.00003,0.00049,0.00000,0.00000,0.99948,0.00000,0.00000
0.00000,0.00000,0.00000,0.00000,0.00000,0.00000,0.00000,0.00000,0.98755,0.01245,0.00000,0.00000,0.00000,0.00000,0.00000
0.00000,0.00000,0.00000,0.00000,0.00000,0.00000,0.00000,0.00000,1.00000,0.00000,0.00000,0.00000,0.00000,0.00000,0.00000
0.00000,0.00000,0.00000,0.07246,0.00000,0.00000,0.00000,0.00000,0.00000,0.92754,0.00000,0.00000,0.00000,0.00000,0.00000
0.00000,0.00000,0.00000,0.00000,0.00000,0.00000,0.00000,0.00000,0.57188,0.42811,0.00000,0.00001,0.00000,0.00000,0.00000
0.00000,0.00000,0.00000,0.00000,0.00000,0.00000,0.00000,0.00000,0.10138,0.89862,0.00000,0.00000,0.00000,0.00000,0.00000
0.00000,0.00000,0.00000,0.92072,0.00000,0.00000,0.00000,0.00000,0.00094,0.01840,0.00000,0.00284,0.00033,0.05677,0.00000
0.00000,0.00000,0.00000,0.00000,0.00000,0.70295,0.00000,0.00000,0.29234,0.00000,0.00000,0.00000,0.00000,0.00000,0.00470
0.00000,0.05523,0.00000,0.94307,0.00000,0.00000,0.00000,0.00000,0.00008,0.00000,0.00000,0.00162,0.00000,0.00000,0.00000
0.00018,0.00000,0.00000,0.00000,0.00000,0.00000,0.00000,0.00000,0.00000,0.00000,0.00000,0.00008,0.00000,0.00000,0.99974
0.00000,0.00000,0.00000,0.00492,0.00000,0.00000,0.00000,0.00000,0.00000,0.00026,0.00000,0.00124,0.00000,0.00000,0.99358
0.00000,0.00000,0.00000,0.99067,0.00000,0.00043,0.00000,0.00000,0.00249,0.00595,0.00000,0.00046,0.00000,0.00000,0.00000
0.00000,0.00000,0.00000,0.00000,0.00000,0.00000,0.00000,0.00000,0.00579,0.00235,0.00000,0.99186,0.00000,0.00000,0.00000
0.00000,0.00000,0.00000,0.99957,0.00000,0.00000,0.00000,0.00000,0.00000,0.00000,0.00000,0.00000,0.00000,0.00043,0.00000
0.00000,0.00000,0.00000,0.00000,0.00000,0.00000,0.00000,0.00000,0.00000,0.00006,0.00000,0.99994,0.00000,0.00000,0.00000
0.00000,0.00000,0.92026,0.07156,0.00000,0.00000,0.00000,0.00000,0.00000,0.00000,0.00000,0.00817,0.00000,0.00000,0.00000
0.00000,0.00000,0.00000,0.08045,0.00000,0.91698,0.00000,0.00000,0.00257,0.00000,0.00000,0.00000,0.00000,0.00000,0.00000
0.00000,0.00000,0.00000,0.00000,0.00000,0.00000,0.00000,0.00000,0.00000,0.12964,0.47655,0.39271,0.00000,0.00110,0.00000
0.00000,0.00000,0.00000,0.00000,0.00000,0.00000,0.00000,0.00000,0.02731,0.00000,0.00000,0.00059,0.97210,0.00000,0.00000
0.00000,0.00000,0.00535,0.00000,0.00000,0.00000,0.00000,0.00000,0.34955,0.00252,0.64258,0.00000,0.00000,0.00000,0.00000
0.00000,0.00000,0.00000,0.00000,0.00000,0.99973,0.00000,0.00000,0.00027,0.00000,0.00000,0.00000,0.00000,0.00000,0.00000
0.00000,0.00000,0.00000,0.73250,0.00000,0.00000,0.00000,0.00000,0.26600,0.00002,0.00000,0.00000,0.00148,0.00000,0.00000
0.00000,0.00003,0.00037,0.35739,0.00000,0.00000,0.00000,0.00000,0.00000,0.00000,0.00000,0.00003,0.00000,0.00000,0.64219
0.00000,0.00000,0.00000,0.00000,0.00000,0.00000,0.00000,0.00000,0.21411,0.00000,0.78589,0.00000,0.00000,0.00000,0.00000
0.00000,0.00000,0.00000,0.00000,0.00000,0.00000,0.00000,0.00000,0.00000,0.00000,0.00000,0.00000,0.00001,0.00000,0.99999
0.00000,0.00000,0.00000,0.47304,0.00000,0.00000,0.00000,0.00000,0.52575,0.00121,0.00000,0.00000,0.00000,0.00000,0.00000
0.00000,0.00000,0.00001,0.00000,0.00000,0.00000,0.00000,0.00000,0.00000,0.00000,0.00000,0.99930,0.00000,0.00000,0.00069
0.00000,0.00000,0.00000,0.00000,0.00000,0.00000,0.00000,0.00000,0.98496,0.01500,0.00000,0.00004,0.00000,0.00000,0.00000
0.00000,0.00000,0.99955,0.00000,0.00002,0.00000,0.00000,0.00000,0.00000,0.00001,0.00000,0.00041,0.00000,0.00000,0.00000
0.00000,0.00043,0.00000,0.00000,0.00000,0.00000,0.38824,0.00000,0.61124,0.00000,0.00000,0.00009,0.00000,0.00000,0.00000
0.00000,0.00000,0.00000,0.99993,0.00000,0.00000,0.00000,0.00000,0.00000,0.00007,0.00000,0.00000,0.00000,0.00000,0.00000
0.00000,0.00000,0.00000,0.20882,0.00000,0.00000,0.00000,0.00000,0.04791,0.00000,0.00000,0.74327,0.00000,0.00000,0.00000
0.00000,0.00000,0.00000,0.00000,0.00000,0.00000,0.00000,0.00000,0.00000,0.00000,0.00000,0.93352,0.06648,0.00000,0.00000
0.00000,0.00000,0.00000,0.47153,0.00000,0.00000,0.00000,0.00000,0.00000,0.00000,0.00000,0.52847,0.00000,0.00000,0.00000
0.00000,0.00000,0.00000,0.71029,0.00000,0.00000,0.00000,0.00000,0.00003,0.28968,0.00000,0.00000,0.00000,0.00000,0.00000
0.00000,0.00000,0.00000,0.00000,0.00000,0.00000,0.00000,0.00000,0.82951,0.00000,0.00000,0.17042,0.00000,0.00007,0.00000
0.00000,0.00000,0.00000,0.04762,0.00000,0.00000,0.00000,0.00000,0.00000,0.00000,0.00000,0.92787,0.02450,0.00000,0.00000
0.00000,0.00000,0.00000,0.00000,0.00000,0.00000,0.00000,0.00000,0.00013,0.99987,0.00000,0.00000,0.00000,0.00000,0.00000
0.00000,0.00000,0.00000,0.00471,0.00000,0.00000,0.99525,0.00000,0.00000,0.00000,0.00000,0.00004,0.00000,0.00000,0.00000
0.00000,0.00000,0.00000,0.00000,0.00000,0.00000,0.00000,0.00000,0.00024,0.00000,0.00000,0.99976,0.00000,0.00000,0.00000
0.00000,0.00000,0.00000,0.00000,0.99939,0.00000,0.00000,0.00000,0.00000,0.00061,0.00000,0.00000,0.00000,0.00000,0.00000
0.00000,0.00000,0.13808,0.00002,0.00000,0.00000,0.00000,0.00000,0.86112,0.00000,0.00000,0.00000,0.00078,0.00000,0.00000
0.99414,0.00000,0.00000,0.00000,0.00000,0.00000,0.00000,0.00000,0.00000,0.00586,0.00000,0.00000,0.00000,0.00000,0.00000
0.00000,0.00000,0.00000,0.00000,0.00000,0.00000,0.00000,0.00000,0.00000,1.00000,0.00000,0.00000,0.00000,0.00000,0.00000
0.00000,0.00000,0.00000,0.00001,0.00000,0.00000,0.00000,0.00000,0.89626,0.00000,0.00000,0.10334,0.00000,0.00000,0.00039
0.00000,0.00000,0.00000,0.00000,0.00000,0.00000,0.00000,0.00000,0.00000,0.00000,0.00000,1.00000,0.00000,0.00000,0.00000
0.00000,0.00000,0.00000,0.00017,0.00000,0.02453,0.00000,0.00000,0.97530,0.00000,0.00000,0.00000,0.00000,0.00000,0.00000
0.00000,0.97574,0.00000,0.01772,0.00001,0.00000,0.00000,0.00000,0.00003,0.00000,0.00000,0.00650,0.00000,0.00000,0.00000
0.00000,0.00000,0.00000,0.00000,0.00000,0.00000,0.00000,0.00000,0.04270,0.00089,0.00000,0.95640,0.00000,0.00000,0.00000
0.00000,0.00000,0.00000,0.00046,0.00901,0.00000,0.00000,0.00000,0.00368,0.00000,0.00000,0.98678,0.00000,0.00000,0.00008
0.00000,0.00000,0.00000,0.00033,0.00000,0.79031,0.00000,0.00000,0.00005,0.18605,0.00000,0.02325,0.00000,0.00000,0.00000
0.00000,0.00000,0.00000,0.00000,0.00000,0.00000,0.00000,0.00000,0.00000,1.00000,0.00000,0.00000,0.00000,0.00000,0.00000
0.00000,0.00000,0.00000,0.00000,0.00000,0.00000,0.00000,0.00000,0.00000,0.00000,0.05888,0.94112,0.00000,0.00000,0.00000
0.00000,0.00000,0.56782,0.00709,0.00000,0.00000,0.00000,0.00000,0.00063,0.00000,0.00000,0.42447,0.00000,0.00000,0.00000
0.00000,0.00000,0.00000,0.00000,0.00000,0.00000,0.00000,0.00000,0.00000,0.00000,0.00000,1.00000,0.00000,0.00000,0.00000
0.00000,0.00000,0.00000,0.00004,0.00002,0.00000,0.00000,0.00000,0.00000,0.00059,0.00000,0.99774,0.00000,0.00000,0.00161
0.00000,0.00000,0.23033,0.00000,0.00000,0.00000,0.00000,0.00000,0.00000,0.00000,0.00000,0.00622,0.00000,0.00000,0.76345
0.00000,0.00000,0.00000,0.00000,0.00000,0.59711,0.00000,0.00000,0.00000,0.00000,0.00000,0.40287,0.00001,0.00000,0.00000
0.00000,0.00000,0.00000,0.00001,0.00000,0.00000,0.00000,0.00000,0.00000,0.00000,0.99999,0.00000,0.00000,0.00000,0.00000
0.00000,0.00000,0.00000,0.00000,0.00000,0.00000,0.00000,0.00000,0.06811,0.00000,0.00000,0.93189,0.00000,0.00000,0.00000
0.00000,0.89177,0.00000,0.00000,0.00000,0.00000,0.00000,0.00000,0.00000,0.00000,0.00000,0.00000,0.10823,0.00000,0.00000
0.00000,0.00000,0.00000,0.99882,0.00000,0.00000,0.00000,0.00000,0.00116,0.00000,0.00000,0.00000,0.00002,0.00000,0.00000
0.00000,0.00000,0.00000,0.00000,0.00000,0.00000,0.00000,0.00000,0.00000,0.00000,0.00000,1.00000,0.00000,0.00000,0.00000
0.00000,0.00000,0.00000,0.35976,0.00000,0.00000,0.00000,0.00000,0.64024,0.00000,0.00000,0.00000,0.00000,0.00000,0.00000
0.00000,0.00000,0.00000,0.01664,0.00000,0.00000,0.00000,0.00000,0.00000,0.98333,0.00000,0.00003,0.00000,0.00000,0.00000
0.00000,0.00000,0.00000,0.99994,0.00000,0.00000,0.00000,0.00000,0.00006,0.00000,0.00000,0.00000,0.00000,0.00000,0.00000
0.00000,0.00000,0.00000,0.00000,0.00000,0.00000,0.00000,0.00000,0.99957,0.00000,0.00000,0.00000,0.00043,0.00000,0.00000
0.00000,0.00000,0.00000,0.00000,0.00000,0.00000,0.00000,0.00000,0.00000,0.82007,0.00000,0.17993,0.00000,0.00000,0.00000
0.00000,0.01955,0.00000,0.00000,0.00000,0.00000,0.00000,0.00000,0.00021,0.00000,0.00000,0.45966,0.41643,0.00000,0.10415
0.00000,0.00000,0.00008,0.00000,0.00000,0.00000,0.00000,0.00000,0.24299,0.00404,0.00000,0.00000,0.75289,0.00000,0.00000
0.00000,0.00076,0.00000,0.72778,0.00000,0.00000,0.00000,0.00000,0.25010,0.00000,0.00000,0.02136,0.00000,0.00000,0.00000
0.00000,0.00000,0.00000,0.00000,0.00000,0.00000,0.00000,0.00000,0.99931,0.00000,0.00000,0.00069,0.00000,0.00000,0.00000
0.00000,0.00000,0.00000,0.00000,0.00000,0.00000,0.00000,0.00000,0.00000,0.00000,0.00000,0.00000,1.00000,0.00000,0.00000
0.00000,0.00000,0.00000,0.00000,0.00000,0.00000,0.00000,0.00000,0.99999,0.00000,0.00001,0.00000,0.00000,0.00000,0.00000
0.00000,0.00000,1.00000,0.00000,0.00000,0.00000,0.00000,0.00000,0.00000,0.00000,0.00000,0.00000,0.00000,0.00000,0.00000
0.00000,0.00000,0.00000,0.98943,0.00000,0.00000,0.00000,0.00000,0.00000,0.00000,0.00000,0.01057,0.00000,0.00000,0.00000
0.00000,0.00000,0.00000,0.00000,0.00000,0.00000,0.00000,0.00000,0.95895,0.00000,0.00000,0.00000,0.04105,0.00000,0.00000
0.00000,0.00000,0.00000,0.00000,0.00000,0.00000,0.00000,0.00000,0.00000,0.77461,0.22539,0.00000,0.00000,0.00000,0.00000
0.00000,0.00000,0.00000,0.00293,0.00000,0.00000,0.00000,0.00000,0.00000,0.00000,0.00000,0.00000,0.99705,0.00000,0.00001
0.00000,0.00000,0.00000,0.59345,0.00000,0.00000,0.00000,0.00000,0.00000,0.00000,0.00000,0.40655,0.00000,0.00000,0.00000
0.00000,0.00000,0.00000,0.99999,0.00000,0.00000,0.00000,0.00000,0.00001,0.00000,0.00000,0.00000,0.00000,0.00000,0.00000
0.00000,0.00000,0.00000,0.00000,0.00000,0.00000,0.00000,0.00000,0.00000,0.00002,0.00000,0.99997,0.00000,0.00000,0.00000
0.00000,0.00000,0.00000,0.00006,0.00000,0.00000,0.00000,0.00000,0.00000,0.00000,0.00000,0.99994,0.00000,0.00000,0.00000
0.00000,0.00000,0.00000,0.00000,0.00000,0.00000,1.00000,0.00000,0.00000,0.00000,0.00000,0.00000,0.00000,0.00000,0.00000
0.00000,0.00000,0.00000,0.00029,0.00000,0.00000,0.00000,0.00000,0.99970,0.00000,0.00000,0.00000,0.00000,0.00000,0.00001
0.00000,0.00000,0.00000,0.00000,0.00000,0.00000,0.00000,0.00000,0.01323,0.98665,0.00000,0.00000,0.00000,0.00000,0.00012
0.00000,0.00000,0.00000,0.00000,0.47647,0.00000,0.00034,0.00000,0.00000,0.21466,0.00000,0.30853,0.00000,0.00000,0.00000
0.00000,0.00000,0.00000,0.00000,0.00000,0.00000,0.00000,0.00000,0.00005,0.00000,0.00000,0.99903,0.00000,0.00000,0.00092
0.00000,0.00000,0.00000,0.00000,0.00000,0.00069,0.00000,0.00000,0.47169,0.00000,0.00000,0.52762,0.00000,0.00000,0.00000
0.00000,0.00000,0.00000,0.00043,0.00645,0.71075,0.00000,0.00000,0.00000,0.00000,0.00000,0.00000,0.00000,0.28236,0.00000
0.00000,0.00000,0.00000,0.00000,0.00000,0.89442,0.00000,0.00000,0.09842,0.00000,0.00000,0.00000,0.00000,0.00000,0.00717
0.00000,0.00000,0.00000,0.00000,0.00000,0.00000,0.00000,0.00000,0.96643,0.00000,0.00000,0.00005,0.00000,0.03352,0.00000
0.00000,0.00000,0.00000,0.00172,0.00000,0.00000,0.00000,0.00000,0.00000,0.99828,0.00000,0.00000,0.00000,0.00000,0.00001
0.00000,0.00000,0.00000,0.03302,0.00000,0.00000,0.00000,0.00000,0.00000,0.00000,0.00000,0.00000,0.00210,0.00000,0.96489
0.00000,0.00000,0.62750,0.00000,0.00000,0.00000,0.00000,0.00000,0.00000,0.35596,0.00000,0.01654,0.00000,0.00000,0.00000
0.00000,0.00000,0.00000,0.00000,0.00000,0.00000,0.00000,0.00000,0.00000,0.00000,0.00000,1.00000,0.00000,0.00000,0.00000
0.25737,0.00000,0.00000,0.00000,0.00000,0.00000,0.00000,0.00000,0.00027,0.73892,0.00000,0.00003,0.00341,0.00000,0.00000
0.00000,0.00000,0.00000,0.00000,0.00000,0.00000,0.00000,0.00000,0.00000,0.14832,0.00000,0.85166,0.00002,0.00000,0.00000
0.00000,0.00000,0.00000,0.00000,0.00000,0.00000,0.00000,0.00000,0.00000,0.00002,0.99998,0.00000,0.00000,0.00000,0.00000
0.00000,0.00000,0.00000,0.00000,0.16203,0.00000,0.00000,0.00000,0.00000,0.00000,0.00000,0.00000,0.00000,0.00000,0.83797
