0.14277,0.15912,0.35244,0.34568
0.23141,0.21519,0.28189,0.27152
0.24002,0.50004,0.13090,0.12905
0.04698,0.26496,0.34736,0.34070
0.11374,0.31382,0.29120,0.28124
0.28025,0.26776,0.23034,0.22165
0.26159,0.24369,0.25199,0.24272
0.18280,0.19750,0.31607,0.30362
0.17376,0.16510,0.33724,0.32390
0.44889,0.11267,0.22111,0.21733
0.20793,0.26303,0.26703,0.26201
0.14630,0.35711,0.25460,0.24199
0.32925,0.26368,0.20512,0.20196
0.10838,0.55177,0.17620,0.16364
0.52367,0.11011,0.18627,0.17995
0.39807,0.37778,0.11295,0.11120
0.38506,0.15834,0.23120,0.22540
0.27745,0.24737,0.24201,0.23316
0.38900,0.28085,0.16810,0.16205
0.25569,0.16270,0.29265,0.28896
0.15629,0.48210,0.18460,0.17701
0.31641,0.28108,0.20457,0.19795
0.32422,0.30497,0.18995,0.18086
0.16054,0.36713,0.23917,0.23317
0.36122,0.33384,0.15346,0.15148
0.38282,0.16487,0.22740,0.22490
0.35812,0.15290,0.24754,0.24145
0.28060,0.26303,0.23253,0.22385
0.16693,0.15494,0.34246,0.33567
0.39488,0.22547,0.19226,0.18739
0.14326,0.43237,0.21392,0.21044
0.12401,0.37690,0.24952,0.24957
0.09692,0.43174,0.23609,0.23525
0.30944,0.29223,0.20239,0.19594
0.34999,0.12996,0.26073,0.25932
0.22610,0.05292,0.36126,0.35972
0.19087,0.17756,0.31767,0.31390
0.27951,0.26431,0.22990,0.22628
0.17142,0.33527,0.24795,0.24536
0.36249,0.30340,0.16892,0.16519
0.35273,0.33990,0.15758,0.14978
0.29286,0.28051,0.21706,0.20956
0.44815,0.14444,0.20425,0.20316
0.11093,0.42444,0.23201,0.23262
0.13779,0.35903,0.25587,0.24731
0.28180,0.25887,0.22817,0.23116
0.26678,0.16282,0.29176,0.27864
0.34340,0.41547,0.11890,0.12223
0.17325,0.35648,0.23407,0.23620
0.17764,0.16878,0.33061,0.32297
0.27725,0.53803,0.09362,0.09110
0.47597,0.17632,0.17445,0.17326
0.19190,0.45232,0.18220,0.17357
0.16082,0.14887,0.34781,0.34251
0.24038,0.07838,0.34599,0.33526
0.22935,0.21410,0.28263,0.27391
0.21238,0.33873,0.22614,0.22275
0.27196,0.39000,0.16922,0.16882
0.24255,0.22917,0.26831,0.25996
0.22783,0.21226,0.28140,0.27851
0.07295,0.33052,0.30227,0.29427
0.39134,0.35760,0.12723,0.12383
0.36385,0.34819,0.14595,0.14200
0.21270,0.20121,0.29730,0.28880
0.22361,0.44961,0.16516,0.16162
0.35746,0.42378,0.11129,0.10747
0.49569,0.15220,0.17980,0.17232
0.27204,0.25978,0.23880,0.22937
0.18556,0.09429,0.36230,0.35786
0.31037,0.18219,0.25731,0.25013
0.29095,0.28256,0.21733,0.20917
0.30175,0.11091,0.29800,0.28933
0.13733,0.11608,0.37324,0.37334
0.40354,0.37956,0.11176,0.10513
0.26631,0.24857,0.24658,0.23854
0.36038,0.33892,0.15346,0.14724
0.47714,0.30846,0.11015,0.10425
0.34758,0.32504,0.16583,0.16155
0.37647,0.02980,0.29767,0.29607
0.36355,0.33851,0.15530,0.14264
0.37363,0.08368,0.27084,0.27185
0.08207,0.17099,0.37488,0.37206
0.58293,0.06169,0.18034,0.17504
0.09727,0.56037,0.17238,0.16998
0.24616,0.22968,0.26782,0.25635
0.17115,0.15790,0.33736,0.33359
0.27725,0.06782,0.33095,0.32398
0.10562,0.09469,0.40686,0.39283
0.32239,0.29895,0.19108,0.18757
0.36687,0.35174,0.14364,0.13775
0.42207,0.41092,0.08565,0.08136
0.13479,0.24128,0.31491,0.30902
0.28412,0.26407,0.22977,0.22204
0.18325,0.13328,0.34419,0.33928
0.09908,0.09260,0.41035,0.39797
0.23754,0.43035,0.16686,0.16526
0.22504,0.21088,0.28233,0.28176
0.05840,0.39578,0.27554,0.27028
0.09267,0.34073,0.28557,0.28102
0.15309,0.14419,0.35486,0.34787
0.27964,0.11326,0.30547,0.30163
0.19201,0.16947,0.31940,0.31911
0.14717,0.13372,0.36301,0.35611
0.14376,0.05640,0.40544,0.39441
0.21658,0.22895,0.28172,0.27275
0.21917,0.23319,0.27375,0.27389
0.25776,0.24182,0.25510,0.24532
0.13469,0.11441,0.37909,0.37181
0.05457,0.07492,0.44096,0.42955
0.10330,0.09925,0.40259,0.39486
0.22314,0.15952,0.31239,0.30495
0.04326,0.51348,0.22625,0.21701
0.28047,0.40383,0.15978,0.15593
0.37743,0.07098,0.27721,0.27438
0.10932,0.31166,0.29509,0.28394
0.12556,0.25970,0.31618,0.29856
0.10320,0.16003,0.37511,0.36166
0.41924,0.07537,0.25633,0.24906
0.30578,0.12454,0.28802,0.28166
0.40708,0.17253,0.21336,0.20703
0.59221,0.13153,0.13840,0.13787
0.65166,0.17881,0.08649,0.08304
0.38884,0.36532,0.12302,0.12282
0.22767,0.34459,0.21744,0.21030
0.08847,0.17248,0.37116,0.36789
0.17393,0.19664,0.31722,0.31220
0.39326,0.36693,0.11901,0.12080
0.23488,0.52880,0.12173,0.11459
0.50147,0.06055,0.22152,0.21646
0.23939,0.22457,0.26951,0.26654
0.24744,0.38096,0.18974,0.18186
0.09382,0.32881,0.28986,0.28751
0.16442,0.15016,0.34665,0.33878
0.26366,0.24524,0.24778,0.24332
0.14025,0.25501,0.30582,0.29893
0.20670,0.37337,0.21325,0.20668
0.26143,0.24468,0.24998,0.24391
0.38181,0.12711,0.24739,0.24369
0.38127,0.16903,0.22717,0.22254
0.25971,0.32274,0.20923,0.20832
0.48396,0.16114,0.17889,0.17601
0.08710,0.57862,0.17174,0.16254
0.08749,0.33180,0.29473,0.28598
0.24452,0.14161,0.30825,0.30561
0.33764,0.08443,0.28936,0.28857
0.23573,0.18256,0.29543,0.28629
0.26579,0.20921,0.26526,0.25975
0.25163,0.14256,0.30334,0.30246
0.17397,0.39908,0.21507,0.21187
0.23409,0.31068,0.23070,0.22453
0.29453,0.17343,0.26960,0.26244
0.25471,0.13907,0.30191,0.30431
0.34239,0.33094,0.16778,0.15889
0.17410,0.09387,0.36642,0.36561
0.20413,0.16543,0.31598,0.31447
0.21168,0.24198,0.27468,0.27166
0.46643,0.07125,0.23551,0.22681
0.25305,0.18289,0.28228,0.28179
0.21395,0.20169,0.29762,0.28674
0.19100,0.04304,0.38866,0.37731
0.16229,0.13323,0.35407,0.35040
0.13371,0.12198,0.37480,0.36951
0.20220,0.06183,0.37129,0.36467
0.41312,0.21254,0.18820,0.18614
0.12047,0.17412,0.35948,0.34593
0.35776,0.33496,0.15417,0.15311
0.17808,0.44748,0.18932,0.18512
0.07136,0.17243,0.38596,0.37026
0.36103,0.14165,0.24949,0.24783
0.74725,0.08759,0.08431,0.08085
0.41014,0.17121,0.21406,0.20459
0.26600,0.17562,0.27937,0.27902
0.19578,0.13112,0.33942,0.33368
0.29663,0.27468,0.21655,0.21214
0.38043,0.35326,0.13460,0.13171
0.19369,0.17857,0.31711,0.31064
0.26147,0.24423,0.25177,0.24252
0.30462,0.11135,0.29251,0.29152
0.25047,0.16423,0.29007,0.29523
0.40927,0.27609,0.15951,0.15512
0.24800,0.25481,0.25104,0.24614
0.28460,0.26325,0.22968,0.22247
0.27438,0.18036,0.27715,0.26811
0.24673,0.19094,0.28511,0.27721
0.58368,0.09349,0.16222,0.16061
0.25412,0.24051,0.25227,0.25309
0.36957,0.34519,0.14584,0.13940
0.32709,0.25222,0.21380,0.20689
0.31058,0.18253,0.25612,0.25078
0.27095,0.25755,0.23830,0.23321
0.20332,0.58512,0.10810,0.10346
0.19143,0.45631,0.17769,0.17457
0.18608,0.17196,0.32433,0.31763
0.19069,0.34249,0.23573,0.23109
0.35743,0.40007,0.12265,0.11985
0.21584,0.20065,0.29518,0.28832
0.27952,0.24988,0.23926,0.23133
0.30760,0.27537,0.20815,0.20888
0.13066,0.12081,0.37746,0.37107
0.41059,0.31668,0.13983,0.13290
0.19070,0.15283,0.32922,0.32725
0.12448,0.30963,0.28343,0.28246
0.27056,0.44482,0.14331,0.14132
0.12713,0.39491,0.24091,0.23705
0.30772,0.18523,0.25532,0.25173
0.60290,0.18580,0.10802,0.10329
0.14447,0.38187,0.23886,0.23479
0.05580,0.31024,0.32171,0.31225
0.56402,0.29286,0.07405,0.06907
0.22369,0.21116,0.28877,0.27638
0.15882,0.23405,0.31028,0.29685
0.28620,0.11904,0.30209,0.29266
0.15549,0.52577,0.15961,0.15913
0.21059,0.67002,0.06032,0.05908
0.31054,0.14697,0.27199,0.27051
0.24515,0.11187,0.32263,0.32035
0.07431,0.49078,0.21733,0.21759
0.22974,0.21959,0.27642,0.27425
0.35379,0.32567,0.16154,0.15900
0.18865,0.39911,0.21007,0.20216
0.14161,0.29663,0.28433,0.27743
0.21397,0.31560,0.23724,0.23319
0.43428,0.25077,0.15874,0.15621
0.23502,0.16126,0.30433,0.29940
0.61089,0.16914,0.11338,0.10659
0.36351,0.24688,0.19474,0.19486
0.30465,0.28524,0.20778,0.20233
0.35236,0.06084,0.29320,0.29360
0.20680,0.19064,0.30188,0.30067
0.06029,0.12689,0.41096,0.40186
0.27880,0.25791,0.23549,0.22780
0.41796,0.14361,0.22291,0.21552
0.66233,0.13981,0.10103,0.09683
0.34598,0.18840,0.23640,0.22921
0.23409,0.28939,0.24352,0.23300
0.32082,0.29757,0.19361,0.18800
0.28232,0.27327,0.22713,0.21728
0.29679,0.28552,0.21080,0.20690
0.13417,0.12410,0.36938,0.37234
0.19323,0.33998,0.23655,0.23023
0.24793,0.29033,0.23189,0.22984
0.38444,0.35816,0.13183,0.12557
0.11537,0.10573,0.39145,0.38744
0.06618,0.13978,0.40038,0.39366
0.25062,0.23583,0.26193,0.25162
0.30006,0.25746,0.22470,0.21778
0.39736,0.27681,0.16483,0.16099
0.21977,0.28035,0.25386,0.24602
0.32618,0.32432,0.17416,0.17534
0.19994,0.06480,0.36811,0.36715
0.20791,0.12673,0.33947,0.32589
0.26989,0.25533,0.24011,0.23467
0.19259,0.18618,0.31810,0.30314
0.22092,0.22755,0.27729,0.27424
0.28323,0.53078,0.09332,0.09267
0.27190,0.26088,0.23475,0.23247
0.20303,0.22330,0.29018,0.28349
0.14981,0.38572,0.23412,0.23036
0.19606,0.13484,0.33961,0.32949
0.41491,0.38872,0.09900,0.09737
0.13674,0.15176,0.35742,0.35408
0.17614,0.34866,0.24165,0.23355
0.20278,0.19049,0.30578,0.30095
0.47739,0.13795,0.19187,0.19278
0.31899,0.29534,0.19608,0.18959
0.23915,0.28857,0.23668,0.23560
0.28657,0.19063,0.26368,0.25911
0.33190,0.30299,0.18583,0.17928
0.25765,0.23948,0.25473,0.24815
0.18838,0.26209,0.28093,0.26861
0.27494,0.18444,0.27141,0.26921
0.56041,0.14982,0.14772,0.14206
0.35859,0.28256,0.18196,0.17689
0.10749,0.17233,0.36072,0.35946
0.30590,0.18170,0.25767,0.25472
0.55668,0.12979,0.16080,0.15273
0.38807,0.11303,0.25514,0.24376
0.34057,0.32193,0.17234,0.16517
0.07553,0.05152,0.43695,0.43600
0.28531,0.42182,0.14804,0.14483
0.47610,0.23874,0.14535,0.13981
0.18759,0.46287,0.17583,0.17370
0.18578,0.17321,0.32420,0.31681
0.20262,0.09697,0.35926,0.34115
0.28344,0.26900,0.23103,0.21654
0.32221,0.15766,0.26217,0.25797
0.29219,0.27053,0.21981,0.21747
0.39857,0.36827,0.11659,0.11657
0.20767,0.18271,0.31010,0.29953
0.30339,0.38578,0.15770,0.15314
0.22584,0.20765,0.28457,0.28194
0.08702,0.43099,0.24487,0.23712
0.17738,0.40540,0.21437,0.20285
0.36979,0.20200,0.21674,0.21147
0.44006,0.16644,0.19964,0.19385
0.24332,0.23565,0.26494,0.25608
0.27715,0.26299,0.23726,0.22261
0.39027,0.36751,0.12294,0.11928
0.29632,0.27957,0.21576,0.20835
0.23376,0.34979,0.21105,0.20541
