0.10646,0.03432,0.17782,0.10701,0.08953,0.06102,0.07618,0.06174,0.15762,0.05488,0.03871,0.03471
0.12513,0.05931,0.12420,0.07185,0.08682,0.10382,0.05681,0.13092,0.02904,0.02789,0.04874,0.13547
0.13509,0.01904,0.23098,0.01845,0.14863,0.15212,0.01339,0.05356,0.16169,0.01673,0.01866,0.03166
0.16643,0.08815,0.11336,0.07911,0.07563,0.05229,0.05190,0.13901,0.06157,0.06486,0.04771,0.05997
0.40035,0.03633,0.07522,0.05396,0.12005,0.09739,0.04476,0.05505,0.03857,0.03160,0.01771,0.02900
0.16486,0.03696,0.02621,0.03988,0.18107,0.28642,0.03545,0.02496,0.02273,0.12711,0.01428,0.04006
0.11299,0.07822,0.07916,0.05852,0.14361,0.10929,0.05365,0.07989,0.10522,0.05456,0.04930,0.07559
0.05481,0.11497,0.09876,0.07153,0.14726,0.11715,0.08417,0.08187,0.04183,0.03583,0.09518,0.05663
0.63115,0.02234,0.05010,0.02116,0.07024,0.07590,0.01711,0.02624,0.03496,0.01505,0.01271,0.02306
0.06715,0.01634,0.04343,0.02044,0.36683,0.33592,0.01676,0.02807,0.03122,0.01838,0.02459,0.03086
0.49528,0.03302,0.07720,0.07548,0.02926,0.02983,0.06535,0.05444,0.03176,0.02814,0.02685,0.05340
0.21216,0.05360,0.11922,0.06205,0.12019,0.12097,0.05241,0.09402,0.05675,0.03295,0.02400,0.05167
0.32365,0.06676,0.03629,0.14175,0.08643,0.04675,0.10707,0.04717,0.02082,0.02159,0.02869,0.07304
0.16331,0.03820,0.14343,0.03672,0.16459,0.15034,0.03001,0.07823,0.08918,0.02687,0.02159,0.05753
0.05722,0.15269,0.09428,0.05067,0.04308,0.06848,0.03194,0.12429,0.18024,0.09921,0.03345,0.06446
0.06869,0.02941,0.05642,0.03098,0.32452,0.33059,0.01914,0.04414,0.02729,0.02976,0.01413,0.02493
0.36322,0.04266,0.07688,0.11399,0.07633,0.04627,0.07781,0.05676,0.06356,0.02247,0.01981,0.04024
0.18085,0.05760,0.07579,0.17746,0.05443,0.04092,0.16341,0.08374,0.03361,0.03336,0.02770,0.07111
0.36982,0.01643,0.05074,0.02908,0.19425,0.21723,0.02251,0.02036,0.03479,0.01747,0.01091,0.01640
0.30531,0.02050,0.06406,0.09982,0.14400,0.10355,0.06206,0.04677,0.03569,0.04390,0.03892,0.03543
0.13112,0.03792,0.03281,0.24535,0.19789,0.05579,0.13471,0.02112,0.03576,0.02389,0.04546,0.03819
0.59748,0.01525,0.02257,0.08105,0.05048,0.03588,0.08299,0.02696,0.01317,0.02643,0.01612,0.03162
0.32254,0.17306,0.13712,0.01819,0.03480,0.03449,0.01137,0.03694,0.19362,0.01101,0.00848,0.01838
0.57737,0.03001,0.06457,0.04254,0.03884,0.03206,0.02788,0.07698,0.02345,0.02426,0.02240,0.03963
0.56762,0.01499,0.07091,0.02262,0.07539,0.07700,0.01638,0.02412,0.04975,0.02247,0.02715,0.03160
0.16071,0.07112,0.12773,0.08665,0.11341,0.10845,0.06012,0.07083,0.07577,0.04433,0.04381,0.03708
0.26921,0.01293,0.02683,0.06280,0.23470,0.17583,0.04990,0.01417,0.02038,0.01914,0.04275,0.07137
0.17735,0.02145,0.02642,0.02075,0.09126,0.31334,0.01809,0.01460,0.02443,0.24845,0.01677,0.02708
0.47458,0.03534,0.04193,0.02902,0.08393,0.10926,0.04303,0.02267,0.03779,0.05380,0.02774,0.04090
0.05468,0.05407,0.08878,0.04068,0.12085,0.10956,0.03103,0.19581,0.06667,0.14577,0.02943,0.06268
0.07196,0.04540,0.08183,0.15344,0.11755,0.10322,0.12732,0.02627,0.05385,0.01752,0.07826,0.12337
0.62306,0.02373,0.03549,0.04282,0.06011,0.03521,0.03221,0.02835,0.02117,0.02245,0.02908,0.04632
0.10019,0.05283,0.06125,0.14548,0.11462,0.11534,0.13265,0.06709,0.03581,0.06244,0.04386,0.06846
0.17641,0.01835,0.06685,0.03842,0.09417,0.08258,0.03281,0.14299,0.04084,0.13183,0.07702,0.09774
0.13970,0.03433,0.06767,0.06554,0.09632,0.08470,0.05952,0.20880,0.02840,0.12487,0.02514,0.06501
0.09737,0.03931,0.04031,0.06082,0.28913,0.28466,0.05729,0.03570,0.02142,0.01639,0.02790,0.02969
0.07690,0.02147,0.03929,0.05387,0.23543,0.21356,0.05057,0.08646,0.02806,0.06522,0.04043,0.08874
0.09156,0.01876,0.03211,0.11807,0.21465,0.06791,0.11545,0.02688,0.01699,0.03242,0.11009,0.15512
0.40029,0.01642,0.05402,0.09649,0.13385,0.11749,0.04723,0.03332,0.02898,0.02176,0.01425,0.03590
0.17282,0.03132,0.12866,0.02459,0.06693,0.20482,0.01887,0.07633,0.04690,0.15944,0.02589,0.04342
0.22031,0.05965,0.10717,0.13736,0.12817,0.06942,0.06382,0.06150,0.08365,0.02595,0.01648,0.02651
0.47567,0.01288,0.04399,0.13233,0.03822,0.05430,0.12022,0.02391,0.02669,0.01651,0.01631,0.03897
0.35595,0.02602,0.06136,0.02581,0.19837,0.19453,0.01875,0.03239,0.03518,0.01544,0.01394,0.02227
0.18014,0.06967,0.05569,0.10355,0.08501,0.12319,0.09781,0.02766,0.04845,0.07137,0.05867,0.07877
0.16546,0.07168,0.10405,0.05765,0.05718,0.17657,0.05215,0.05953,0.05108,0.12917,0.03908,0.03641
0.19675,0.04744,0.05548,0.17089,0.06900,0.08577,0.14132,0.05226,0.02940,0.05502,0.04202,0.05466
0.19762,0.09099,0.10887,0.09331,0.03818,0.04782,0.07699,0.12391,0.03249,0.04947,0.05947,0.08087
0.05597,0.05569,0.05173,0.04223,0.18844,0.18464,0.03452,0.12989,0.06814,0.11505,0.02720,0.04650
0.04050,0.05931,0.06535,0.09429,0.10343,0.22235,0.09804,0.04508,0.03819,0.14986,0.04313,0.04047
0.13124,0.03527,0.20014,0.04001,0.13190,0.14487,0.03461,0.02866,0.18381,0.02226,0.01746,0.02978
0.33081,0.05911,0.06122,0.06135,0.08301,0.06411,0.05733,0.07101,0.05402,0.07171,0.02949,0.05683
0.16479,0.19515,0.05040,0.09053,0.05792,0.03852,0.06499,0.07609,0.11693,0.02916,0.04958,0.06594
0.08428,0.01851,0.03684,0.29583,0.05908,0.05426,0.28329,0.06343,0.01463,0.01670,0.01684,0.05629
0.28441,0.02630,0.07100,0.08437,0.07647,0.13391,0.05941,0.02352,0.04873,0.07408,0.06527,0.05252
0.08822,0.10399,0.09665,0.13543,0.10130,0.04465,0.09220,0.09368,0.06029,0.04981,0.03148,0.10229
0.20670,0.08021,0.05117,0.08418,0.10648,0.07601,0.06842,0.10818,0.03764,0.09047,0.03847,0.05207
0.08075,0.03939,0.20042,0.03145,0.17661,0.17353,0.02986,0.07704,0.10199,0.01683,0.01692,0.05520
0.12981,0.05178,0.21348,0.06800,0.07752,0.07088,0.05398,0.03838,0.19228,0.02805,0.03513,0.04070
0.38538,0.05760,0.06558,0.03995,0.11298,0.11119,0.03336,0.02250,0.07038,0.02492,0.03257,0.04359
0.54552,0.04085,0.03477,0.04755,0.07002,0.06553,0.04125,0.05133,0.02084,0.02309,0.02290,0.03634
0.08709,0.03873,0.04370,0.15922,0.16347,0.16178,0.14401,0.03592,0.02791,0.02023,0.04929,0.06864
0.12224,0.03509,0.03279,0.04174,0.30646,0.26558,0.03013,0.02126,0.04811,0.01658,0.02962,0.05040
0.26901,0.04071,0.05377,0.07521,0.10269,0.16057,0.06094,0.04739,0.03262,0.08136,0.02499,0.05073
0.21486,0.03672,0.09061,0.05516,0.18294,0.18564,0.04442,0.06218,0.04609,0.01746,0.02069,0.04323
0.23770,0.03966,0.15200,0.05092,0.06349,0.06468,0.06033,0.08198,0.07947,0.04933,0.04512,0.07534
0.51077,0.01879,0.11943,0.01728,0.07995,0.09548,0.01382,0.02340,0.06623,0.02172,0.01711,0.01603
0.14560,0.12731,0.06857,0.02564,0.08965,0.10379,0.02107,0.08685,0.18049,0.08051,0.02886,0.04165
0.17772,0.01749,0.04890,0.24001,0.18110,0.06716,0.13107,0.03626,0.02864,0.02141,0.01497,0.03525
0.15753,0.06726,0.08158,0.03807,0.21057,0.22016,0.04168,0.05422,0.03293,0.02355,0.03354,0.03892
0.07164,0.04847,0.08227,0.05028,0.22968,0.24752,0.06093,0.02550,0.06580,0.04077,0.04262,0.03452
0.28800,0.03736,0.11623,0.09805,0.09707,0.08442,0.07466,0.03217,0.08220,0.02247,0.03512,0.03224
0.18320,0.12380,0.10528,0.13129,0.06263,0.03453,0.11483,0.05702,0.04067,0.02080,0.10021,0.02574
0.21581,0.03985,0.13708,0.02905,0.04055,0.04163,0.02284,0.25213,0.04642,0.09800,0.02435,0.05228
0.39168,0.03675,0.08001,0.07719,0.02831,0.03183,0.06995,0.08680,0.04204,0.04617,0.03420,0.07506
0.12395,0.05581,0.07442,0.07308,0.18127,0.19692,0.06577,0.04721,0.03609,0.04184,0.04311,0.06052
0.26349,0.03245,0.04661,0.09698,0.18052,0.08969,0.06907,0.01902,0.04898,0.02351,0.06017,0.06951
0.19838,0.10242,0.10473,0.06294,0.06447,0.05140,0.05243,0.14645,0.02404,0.05832,0.07682,0.05760
0.09008,0.07635,0.15709,0.04321,0.11851,0.10445,0.04449,0.06237,0.15962,0.03532,0.04899,0.05951
0.42164,0.01228,0.04077,0.07059,0.15644,0.14590,0.04076,0.02149,0.02274,0.02333,0.01675,0.02731
0.21894,0.09490,0.09575,0.07141,0.10471,0.07794,0.06299,0.05153,0.11610,0.01748,0.03476,0.05348
0.17822,0.02996,0.06869,0.04471,0.24293,0.19608,0.03655,0.03840,0.05222,0.02867,0.03771,0.04586
0.08064,0.05788,0.18660,0.06839,0.05128,0.04773,0.06003,0.12854,0.10140,0.03141,0.04065,0.14544
0.13703,0.04582,0.16461,0.08963,0.04594,0.07458,0.07184,0.02522,0.15521,0.04466,0.06660,0.07886
0.14495,0.02173,0.05307,0.10257,0.11273,0.09262,0.08718,0.09214,0.03211,0.10281,0.06543,0.09266
0.02551,0.19627,0.03912,0.03536,0.11061,0.07058,0.04835,0.02374,0.21068,0.01572,0.07267,0.15139
0.16709,0.07732,0.06571,0.03772,0.20751,0.18509,0.02621,0.05039,0.09120,0.03168,0.02296,0.03712
0.09320,0.10478,0.06187,0.12257,0.13064,0.06263,0.08262,0.08322,0.11552,0.05223,0.04516,0.04557
0.48303,0.04095,0.03412,0.07399,0.09232,0.07051,0.05235,0.02355,0.02867,0.02357,0.02721,0.04974
0.11397,0.05906,0.11634,0.17579,0.13724,0.06789,0.12256,0.03320,0.10022,0.02349,0.02556,0.02469
0.46641,0.04649,0.10894,0.03682,0.05046,0.06169,0.03378,0.05365,0.05848,0.02032,0.02274,0.04021
0.28223,0.08531,0.11054,0.04784,0.07742,0.08869,0.04192,0.10802,0.03629,0.02047,0.03942,0.06185
0.40096,0.01924,0.07629,0.09228,0.12548,0.10314,0.03947,0.02423,0.04907,0.02258,0.01598,0.03128
0.24647,0.03856,0.05576,0.03822,0.18967,0.21273,0.04217,0.03102,0.02840,0.04018,0.03860,0.03821
0.06778,0.01327,0.03154,0.01839,0.38084,0.38926,0.01646,0.01111,0.02126,0.01047,0.01204,0.02758
0.71626,0.02063,0.04590,0.01850,0.03971,0.04049,0.01607,0.01658,0.03375,0.02044,0.01359,0.01806
0.20764,0.03108,0.03167,0.19684,0.16408,0.10275,0.09129,0.03359,0.04118,0.04693,0.01347,0.03947
0.13404,0.02880,0.22339,0.03603,0.13144,0.11739,0.02760,0.04760,0.17288,0.02687,0.02338,0.03058
0.26608,0.01343,0.04605,0.15612,0.16746,0.05140,0.10031,0.02589,0.02753,0.04193,0.05152,0.05227
0.08309,0.03504,0.03635,0.11720,0.26389,0.22334,0.09194,0.03852,0.02518,0.02315,0.02827,0.03405
0.15311,0.08091,0.10301,0.06572,0.05335,0.02670,0.04441,0.23896,0.04723,0.12807,0.03122,0.02729
0.16553,0.09154,0.16199,0.08146,0.08921,0.09271,0.06084,0.05417,0.11466,0.01315,0.02669,0.04805
0.07192,0.04744,0.27318,0.05932,0.02667,0.08839,0.04553,0.03220,0.24786,0.05025,0.01873,0.03850
0.09815,0.04319,0.04096,0.11562,0.23743,0.21158,0.09898,0.03167,0.03350,0.02056,0.02059,0.04777
0.28605,0.09387,0.07226,0.06152,0.10649,0.09669,0.04391,0.05210,0.10178,0.02477,0.02703,0.03353
0.16687,0.03921,0.24578,0.03969,0.03157,0.03940,0.03150,0.06442,0.18422,0.04582,0.05658,0.05492
0.38261,0.02435,0.04962,0.10376,0.09611,0.11602,0.06625,0.02240,0.02335,0.05669,0.02179,0.03706
0.19907,0.06225,0.10704,0.06495,0.14854,0.11904,0.04652,0.08597,0.06701,0.01621,0.02675,0.05665
0.05932,0.09538,0.05051,0.03409,0.24451,0.23934,0.03015,0.05041,0.11177,0.02812,0.02243,0.03397
0.17533,0.00807,0.03151,0.02490,0.33006,0.31392,0.01455,0.01452,0.02660,0.01259,0.02121,0.02675
0.18375,0.01798,0.11245,0.07045,0.24010,0.19165,0.03194,0.01921,0.05948,0.01020,0.03188,0.03091
0.17365,0.02805,0.19262,0.02347,0.10383,0.09671,0.01798,0.02120,0.13555,0.03332,0.10302,0.07059
0.31912,0.04839,0.10234,0.02424,0.10891,0.08585,0.03063,0.06552,0.03213,0.03922,0.06840,0.07524
0.05852,0.02808,0.03783,0.04124,0.21466,0.30814,0.03757,0.02235,0.04923,0.13377,0.02216,0.04645
0.30696,0.03845,0.07950,0.04949,0.15070,0.13591,0.04465,0.04557,0.04110,0.02560,0.03119,0.05088
0.06727,0.06792,0.21422,0.09505,0.08585,0.06770,0.06581,0.01748,0.23010,0.03026,0.03139,0.02695
0.30471,0.04992,0.05762,0.07889,0.12599,0.11694,0.05071,0.04723,0.03080,0.03872,0.04236,0.05610
0.21176,0.01863,0.04789,0.09178,0.06567,0.20185,0.07327,0.01537,0.04241,0.14842,0.03245,0.05049
0.20371,0.04965,0.07588,0.06717,0.20213,0.16488,0.05470,0.04829,0.06621,0.02059,0.01906,0.02773
0.33137,0.03681,0.15808,0.03819,0.09462,0.09563,0.02924,0.03753,0.11792,0.01862,0.01513,0.02686
0.42912,0.01786,0.03168,0.03222,0.18206,0.19008,0.02506,0.01671,0.01741,0.02399,0.01235,0.02144
0.14311,0.04685,0.07711,0.08340,0.06315,0.14314,0.07930,0.07264,0.07396,0.11993,0.02115,0.07626
0.13507,0.04691,0.03942,0.16756,0.11258,0.10089,0.14626,0.06675,0.05015,0.06047,0.02944,0.04449
0.17480,0.02011,0.03924,0.15848,0.18860,0.10376,0.07295,0.02618,0.03127,0.06384,0.06194,0.05883
0.37101,0.02178,0.07413,0.09406,0.12317,0.09318,0.05307,0.03393,0.04652,0.03907,0.02081,0.02926
0.41795,0.03886,0.04364,0.06946,0.10684,0.12994,0.04182,0.03354,0.03134,0.04204,0.01866,0.02592
0.34068,0.05751,0.07010,0.07974,0.11540,0.08555,0.06368,0.05129,0.03481,0.02367,0.02564,0.05193
0.24484,0.04264,0.03489,0.14408,0.13919,0.07884,0.10248,0.03023,0.06054,0.03273,0.02503,0.06451
0.27334,0.03689,0.08802,0.05207,0.10183,0.16143,0.03914,0.03547,0.07469,0.08157,0.01685,0.03870
0.20764,0.04086,0.17112,0.03820,0.11113,0.11773,0.03143,0.03632,0.12457,0.03855,0.04210,0.04036
0.19635,0.03224,0.15783,0.07973,0.09825,0.06752,0.07034,0.04386,0.12718,0.03724,0.05252,0.03695
0.36789,0.02936,0.03516,0.04939,0.17696,0.17529,0.03889,0.02714,0.02395,0.02233,0.02261,0.03103
0.22416,0.03966,0.12622,0.03955,0.08548,0.09035,0.03178,0.11064,0.08915,0.05501,0.03670,0.07131
0.17748,0.01427,0.02137,0.22842,0.13635,0.05044,0.18618,0.03992,0.01185,0.02192,0.05032,0.06148
0.08528,0.00960,0.03963,0.02483,0.35392,0.36475,0.02065,0.01432,0.02152,0.01909,0.01368,0.03274
0.18809,0.02944,0.09614,0.04513,0.17464,0.17930,0.03187,0.06743,0.06237,0.06661,0.02143,0.03755
0.11446,0.06351,0.07415,0.07738,0.13090,0.12595,0.07278,0.10709,0.04364,0.08369,0.04218,0.06426
0.05433,0.04264,0.17906,0.04625,0.12172,0.13529,0.03226,0.13367,0.09066,0.06885,0.03540,0.05989
0.09483,0.02245,0.09035,0.09941,0.23961,0.21932,0.06971,0.02792,0.07244,0.01964,0.01965,0.02468
0.46125,0.00906,0.04039,0.06500,0.08631,0.14562,0.03839,0.01324,0.02186,0.06451,0.02117,0.03320
0.05245,0.05373,0.05234,0.02859,0.32931,0.32261,0.03650,0.01862,0.03091,0.01193,0.03890,0.02411
0.18351,0.03855,0.04688,0.07789,0.06668,0.05700,0.07323,0.19519,0.01367,0.15653,0.04553,0.04533
0.07700,0.08042,0.18594,0.06780,0.07323,0.09834,0.04761,0.06350,0.12654,0.03171,0.04289,0.10502
0.29791,0.06627,0.13010,0.02896,0.08371,0.10353,0.02873,0.09385,0.06120,0.02920,0.03280,0.04371
0.11181,0.03507,0.07345,0.08478,0.14626,0.21202,0.07414,0.02357,0.08068,0.08339,0.03651,0.03830
0.13891,0.06759,0.06406,0.16132,0.09442,0.10991,0.12521,0.06549,0.02430,0.03953,0.04747,0.06179
0.34556,0.04874,0.07841,0.08031,0.06996,0.09401,0.06627,0.04547,0.06116,0.04036,0.02477,0.04499
0.25712,0.04404,0.09050,0.02928,0.17208,0.18255,0.02606,0.05374,0.04274,0.03275,0.03311,0.03603
0.49067,0.02658,0.04728,0.04142,0.11802,0.10913,0.03260,0.04107,0.02818,0.02414,0.01680,0.02409
0.09091,0.09464,0.15828,0.03352,0.14541,0.16451,0.03106,0.06695,0.11188,0.03152,0.02373,0.04762
0.30641,0.04157,0.06518,0.03863,0.12849,0.12466,0.02857,0.09756,0.04291,0.05872,0.02523,0.04207
0.16904,0.04734,0.06688,0.12140,0.12687,0.10743,0.08581,0.09136,0.04077,0.05181,0.01865,0.07263
0.55871,0.02769,0.06183,0.02858,0.10471,0.08435,0.02485,0.02014,0.03795,0.01075,0.01699,0.02344
0.28366,0.04698,0.02518,0.08314,0.10479,0.18524,0.05512,0.02349,0.02510,0.11978,0.02034,0.02718
0.18960,0.07589,0.10537,0.10118,0.08652,0.09731,0.08240,0.07736,0.05354,0.02448,0.05482,0.05153
0.09843,0.06191,0.09868,0.05000,0.16568,0.14803,0.04758,0.03350,0.10981,0.03691,0.06606,0.08340
0.26560,0.06412,0.09398,0.03657,0.13509,0.15316,0.02397,0.04930,0.07956,0.02858,0.02363,0.04643
0.40084,0.02270,0.04448,0.04179,0.14939,0.14238,0.03322,0.05217,0.01786,0.02778,0.02526,0.04213
0.15488,0.02589,0.05031,0.20682,0.18610,0.07320,0.11077,0.06739,0.02084,0.03857,0.02094,0.04429
0.67185,0.00964,0.03459,0.02959,0.08158,0.09026,0.01646,0.01427,0.01916,0.01145,0.00728,0.01387
0.06217,0.22616,0.04835,0.11438,0.03454,0.05459,0.08202,0.03393,0.24040,0.02540,0.03002,0.04803
0.07619,0.03179,0.03234,0.26728,0.03358,0.10288,0.25302,0.02353,0.04337,0.07018,0.03085,0.03499
0.12501,0.04517,0.05251,0.07398,0.06472,0.24746,0.05316,0.03687,0.05871,0.18531,0.02155,0.03555
0.13872,0.04438,0.12570,0.03589,0.13463,0.16437,0.02728,0.03899,0.10287,0.07515,0.05165,0.06037
0.22431,0.03170,0.07917,0.04120,0.18546,0.18638,0.03667,0.03973,0.06071,0.03197,0.02239,0.06031
0.23075,0.05902,0.10871,0.10013,0.11393,0.07222,0.06036,0.06158,0.07921,0.04326,0.02577,0.04506
0.23483,0.05452,0.05404,0.13468,0.15128,0.09544,0.06849,0.06746,0.02828,0.03229,0.02135,0.05735
0.37183,0.01615,0.06187,0.08667,0.16500,0.13792,0.05499,0.01662,0.04311,0.00811,0.01711,0.02061
0.17046,0.08606,0.07218,0.03440,0.21539,0.19943,0.03007,0.04785,0.02210,0.04968,0.01726,0.05512
0.46142,0.04587,0.04998,0.07668,0.06392,0.07217,0.05226,0.02814,0.03375,0.02181,0.04313,0.05086
0.14525,0.04248,0.28915,0.02714,0.04849,0.05749,0.01806,0.06393,0.22745,0.03675,0.01702,0.02681
0.13986,0.03898,0.16005,0.07073,0.07472,0.06423,0.07963,0.04029,0.12905,0.03289,0.07297,0.09659
0.07992,0.03816,0.19703,0.04237,0.10364,0.08124,0.02859,0.10278,0.14370,0.06660,0.05606,0.05990
0.35544,0.06474,0.08237,0.03792,0.08863,0.08037,0.04246,0.09379,0.04855,0.02178,0.04431,0.03965
0.10603,0.02911,0.05096,0.03124,0.26607,0.25834,0.02722,0.07538,0.02909,0.05024,0.02366,0.05265
0.43043,0.02866,0.04962,0.11637,0.07946,0.04291,0.08217,0.03264,0.03056,0.02111,0.03084,0.05522
0.50199,0.03727,0.06127,0.03592,0.04331,0.06496,0.02756,0.07454,0.03216,0.06442,0.02262,0.03398
0.15157,0.02687,0.05651,0.18003,0.19690,0.07999,0.10527,0.05608,0.03251,0.04638,0.02979,0.03809
0.11171,0.05348,0.07480,0.05174,0.21773,0.19792,0.05214,0.09725,0.03656,0.04350,0.02603,0.03716
0.11036,0.03826,0.28007,0.04475,0.05079,0.04536,0.03677,0.04423,0.26345,0.02670,0.02887,0.03041
0.09962,0.02310,0.02703,0.27507,0.03662,0.12412,0.24879,0.02301,0.02425,0.07097,0.01652,0.03089
0.04250,0.04787,0.06891,0.04306,0.24021,0.18054,0.04176,0.04174,0.06665,0.03531,0.07399,0.11744
0.20739,0.05117,0.12556,0.04733,0.12875,0.12727,0.03718,0.07212,0.10465,0.03571,0.02295,0.03992
0.05848,0.02238,0.05473,0.10254,0.28548,0.27223,0.09462,0.01488,0.03189,0.02026,0.02605,0.01647
0.36001,0.11401,0.12214,0.03168,0.05149,0.04003,0.02370,0.06623,0.11469,0.02391,0.02183,0.03027
0.09807,0.01642,0.29747,0.01702,0.09664,0.10451,0.01184,0.01317,0.28825,0.01990,0.01922,0.01750
0.14211,0.03853,0.24817,0.03593,0.05089,0.07830,0.02443,0.03253,0.24048,0.03907,0.02335,0.04623
0.25465,0.03212,0.14841,0.04426,0.03805,0.03170,0.04623,0.15400,0.07238,0.06864,0.02379,0.08578
0.47642,0.04900,0.07281,0.02944,0.07401,0.05928,0.02160,0.06425,0.03936,0.04960,0.02228,0.04196
0.30999,0.11384,0.13852,0.03163,0.05783,0.06674,0.03233,0.06441,0.11273,0.02625,0.01918,0.02655
0.09377,0.06188,0.07702,0.12941,0.14340,0.10456,0.09481,0.07728,0.06073,0.06262,0.03419,0.06031
0.65065,0.02716,0.07768,0.01916,0.01974,0.02965,0.01443,0.03561,0.05801,0.02982,0.01744,0.02064
0.32404,0.08618,0.08972,0.05862,0.06541,0.06252,0.05191,0.10223,0.04919,0.03838,0.03151,0.04028
0.23906,0.04233,0.09908,0.06386,0.06239,0.12903,0.04869,0.07183,0.05242,0.09315,0.03139,0.06677
0.14914,0.08650,0.15531,0.04302,0.08903,0.09384,0.03176,0.16204,0.05474,0.03449,0.04009,0.06003
0.54432,0.02320,0.05004,0.04336,0.07540,0.08311,0.03203,0.04587,0.02725,0.03087,0.01681,0.02773
0.10824,0.06484,0.07493,0.20021,0.07656,0.05402,0.17527,0.05093,0.07507,0.03090,0.03751,0.05150
0.13313,0.05601,0.12081,0.04225,0.20912,0.19148,0.03163,0.05787,0.06509,0.03187,0.02237,0.03838
0.31470,0.07279,0.08014,0.04347,0.12414,0.10807,0.05122,0.05965,0.03969,0.02249,0.04947,0.03417
0.08474,0.05411,0.11437,0.06701,0.09166,0.09650,0.06464,0.09306,0.05507,0.08625,0.10059,0.09200
0.07549,0.02416,0.21202,0.06271,0.15933,0.12825,0.04883,0.02987,0.19382,0.01403,0.02426,0.02724
0.23194,0.04183,0.22114,0.03537,0.05854,0.04508,0.02405,0.07917,0.16651,0.02530,0.02903,0.04204
0.05130,0.08376,0.11180,0.19299,0.11352,0.06544,0.15244,0.03673,0.05597,0.02863,0.08081,0.02661
0.13011,0.06620,0.18544,0.04278,0.10123,0.09381,0.03077,0.05830,0.15664,0.03902,0.03365,0.06205
0.06104,0.02194,0.03833,0.25114,0.18559,0.04926,0.15121,0.05897,0.02087,0.04953,0.03022,0.08191
0.37089,0.05765,0.09062,0.04945,0.06664,0.07914,0.04244,0.05653,0.06080,0.04350,0.03742,0.04492
0.27515,0.04205,0.18552,0.04858,0.04911,0.04001,0.03888,0.08333,0.13303,0.04438,0.02519,0.03475
0.13111,0.01923,0.03312,0.23247,0.24145,0.10664,0.12187,0.02818,0.02204,0.02334,0.01494,0.02562
0.43449,0.01690,0.03756,0.02355,0.19258,0.19433,0.01961,0.02065,0.01703,0.00803,0.01201,0.02328
0.41663,0.02627,0.07900,0.02720,0.06613,0.05784,0.02109,0.10274,0.05544,0.07973,0.02532,0.04259
0.41826,0.04540,0.04833,0.06210,0.11356,0.09868,0.04242,0.04645,0.03578,0.01970,0.01908,0.05026
0.38094,0.04870,0.07449,0.02334,0.12343,0.11375,0.01761,0.05370,0.09337,0.02228,0.01930,0.02908
0.30573,0.12125,0.06279,0.05048,0.07156,0.14265,0.03589,0.05454,0.03753,0.06677,0.01751,0.03330
0.49852,0.03270,0.03736,0.03004,0.12840,0.10358,0.02385,0.02429,0.04667,0.02889,0.01755,0.02816
0.08848,0.02440,0.03022,0.03907,0.18481,0.33988,0.04666,0.01728,0.02227,0.15778,0.02110,0.02806
0.10469,0.02963,0.12787,0.03067,0.19332,0.23740,0.02971,0.03864,0.09215,0.06060,0.02207,0.03324
0.63932,0.01506,0.03528,0.04436,0.09095,0.05835,0.03196,0.01507,0.01669,0.01241,0.01662,0.02393
0.20593,0.03999,0.14040,0.04183,0.09170,0.16665,0.03623,0.04214,0.09709,0.07478,0.02446,0.03879
0.31949,0.03103,0.05655,0.06900,0.12469,0.10426,0.06057,0.05669,0.03172,0.05107,0.03168,0.06323
0.06571,0.15239,0.06451,0.06349,0.09059,0.11397,0.06474,0.05102,0.13978,0.06469,0.05935,0.06977
0.53780,0.03116,0.04226,0.04170,0.09270,0.06838,0.03445,0.02672,0.04946,0.00936,0.03293,0.03307
0.08308,0.07217,0.08558,0.08724,0.13998,0.11489,0.06510,0.09085,0.08575,0.06205,0.03583,0.07749
0.16669,0.10308,0.06659,0.08885,0.16363,0.12401,0.06775,0.04227,0.10555,0.02157,0.02145,0.02857
0.29676,0.04632,0.09289,0.07964,0.11627,0.07923,0.06009,0.07654,0.05088,0.03763,0.02886,0.03489
0.15924,0.05696,0.08275,0.06924,0.19806,0.19252,0.07445,0.03218,0.04529,0.01847,0.03489,0.03596
0.08441,0.03675,0.04972,0.15317,0.24533,0.09365,0.09335,0.02627,0.06642,0.02514,0.06017,0.06561
0.16700,0.04056,0.03457,0.18456,0.13560,0.12638,0.17440,0.03959,0.01215,0.02111,0.01698,0.04710
0.49715,0.03886,0.06710,0.02092,0.07077,0.06955,0.01859,0.08086,0.03195,0.04811,0.03127,0.02486
0.24059,0.07732,0.16977,0.04447,0.05937,0.06754,0.04155,0.06448,0.13878,0.01924,0.03180,0.04509
0.12042,0.02623,0.03661,0.22007,0.24616,0.10276,0.13033,0.02063,0.03526,0.01293,0.02414,0.02448
0.05683,0.03541,0.05675,0.25064,0.10369,0.02948,0.20984,0.04693,0.04385,0.03713,0.06522,0.06422
0.19805,0.12486,0.12855,0.07111,0.06315,0.07015,0.05773,0.06000,0.13424,0.01887,0.02429,0.04900
0.07982,0.06151,0.10436,0.05716,0.06261,0.07501,0.04401,0.19936,0.08349,0.13077,0.02602,0.07589
0.09784,0.03558,0.07711,0.04952,0.26129,0.25339,0.03524,0.04158,0.05167,0.03594,0.02117,0.03967
0.28369,0.07317,0.04440,0.08670,0.13898,0.11013,0.06261,0.03941,0.02534,0.03584,0.03520,0.06452
0.06237,0.02061,0.04044,0.03911,0.25888,0.34508,0.03854,0.03104,0.01840,0.10156,0.02162,0.02234
0.18585,0.18643,0.08949,0.03649,0.08650,0.06392,0.03316,0.04982,0.18586,0.02461,0.02405,0.03380
0.52725,0.02803,0.07917,0.03710,0.05565,0.04022,0.03335,0.05910,0.04323,0.02885,0.03269,0.03535
0.08029,0.06858,0.07358,0.11613,0.15868,0.15715,0.09305,0.08910,0.03585,0.05056,0.02427,0.05275
0.12857,0.04382,0.08192,0.12469,0.14121,0.06803,0.09374,0.11528,0.05409,0.06554,0.02557,0.05755
0.13889,0.05481,0.15844,0.03031,0.13133,0.11407,0.03634,0.07806,0.10795,0.04170,0.04527,0.06283
0.06360,0.01894,0.07887,0.02200,0.05913,0.32147,0.01708,0.02667,0.05888,0.27915,0.02382,0.03038
0.19578,0.04363,0.10021,0.03977,0.15842,0.12664,0.03113,0.09020,0.05916,0.06081,0.03559,0.05867
0.22611,0.02252,0.09066,0.02653,0.21211,0.20596,0.02488,0.06046,0.05278,0.03250,0.02024,0.02525
0.25587,0.06267,0.07491,0.14262,0.04850,0.05042,0.13185,0.04622,0.05832,0.04281,0.03726,0.04856
0.16879,0.02699,0.04851,0.07274,0.17462,0.21736,0.05966,0.02148,0.04411,0.09915,0.02315,0.04343
0.15415,0.02678,0.03798,0.27401,0.03521,0.03499,0.25860,0.04616,0.02942,0.02959,0.01690,0.05622
0.37413,0.01928,0.03966,0.04040,0.14728,0.18274,0.03353,0.02626,0.02863,0.06031,0.01903,0.02875
0.07520,0.08671,0.06321,0.10715,0.15921,0.14692,0.08641,0.05156,0.09947,0.02588,0.04651,0.05177
0.18383,0.03050,0.11113,0.09002,0.11397,0.08683,0.05095,0.06245,0.08586,0.05787,0.06759,0.05901
0.12618,0.06451,0.08683,0.03351,0.21648,0.20911,0.03634,0.05305,0.04159,0.03115,0.05139,0.04985
0.09092,0.03577,0.20657,0.04718,0.05343,0.04113,0.02944,0.18437,0.13671,0.11386,0.02233,0.03829
0.21206,0.12054,0.09603,0.03344,0.09861,0.07878,0.03764,0.03685,0.14682,0.03699,0.04719,0.05503
0.48017,0.02293,0.04308,0.03126,0.14408,0.13624,0.02996,0.02973,0.02490,0.01543,0.01216,0.03006
0.19273,0.03002,0.06752,0.14000,0.16278,0.08300,0.08381,0.07362,0.04864,0.05499,0.02266,0.04023
0.05975,0.04529,0.07621,0.23971,0.05881,0.07289,0.22560,0.05359,0.03894,0.02829,0.03385,0.06708
0.09853,0.10441,0.04088,0.06894,0.04677,0.19913,0.05694,0.02940,0.12088,0.18165,0.01982,0.03266
0.18252,0.10991,0.08798,0.06503,0.11170,0.08717,0.08295,0.03840,0.02793,0.02900,0.11546,0.06195
0.46938,0.02745,0.06014,0.05225,0.10530,0.09823,0.03216,0.03002,0.04034,0.02699,0.02917,0.02857
0.07638,0.03453,0.05698,0.22416,0.11378,0.09940,0.19990,0.02891,0.05107,0.02131,0.03589,0.05769
0.06271,0.05393,0.10452,0.05317,0.04170,0.03225,0.04636,0.28438,0.03708,0.18329,0.03455,0.06606
0.15705,0.05885,0.13917,0.05263,0.08254,0.09130,0.04388,0.12663,0.05524,0.03787,0.06442,0.09041
0.49954,0.02382,0.05371,0.04621,0.09144,0.09268,0.03272,0.03796,0.02608,0.02950,0.02190,0.04444
0.67951,0.01663,0.01600,0.08361,0.02203,0.02314,0.05793,0.02133,0.00915,0.01607,0.02066,0.03396
0.35573,0.04639,0.10919,0.03078,0.07733,0.07457,0.02676,0.12040,0.04190,0.03349,0.02381,0.05966
0.08749,0.02856,0.06245,0.03680,0.28576,0.27389,0.03282,0.04886,0.04989,0.01711,0.02231,0.05406
0.16169,0.02181,0.12231,0.03121,0.23773,0.22538,0.02713,0.02677,0.08238,0.01234,0.01821,0.03303
0.11888,0.03574,0.02003,0.06412,0.27570,0.23425,0.05691,0.01933,0.02205,0.01502,0.05171,0.08625
0.22506,0.01938,0.04222,0.09603,0.13960,0.16542,0.08758,0.02111,0.01806,0.07483,0.04361,0.06709
0.25213,0.04445,0.03485,0.15370,0.08495,0.06715,0.13642,0.03752,0.09872,0.02441,0.02925,0.03645
0.15698,0.01987,0.04664,0.05950,0.24761,0.26198,0.04073,0.02524,0.03021,0.02577,0.03536,0.05010
0.11213,0.05763,0.11216,0.11599,0.13384,0.06869,0.08619,0.05615,0.11797,0.03516,0.05249,0.05160
0.30359,0.03421,0.09757,0.10239,0.05011,0.05465,0.10474,0.06148,0.05882,0.03277,0.02858,0.07109
0.11965,0.06641,0.18269,0.10516,0.03848,0.06655,0.09137,0.03130,0.13777,0.03567,0.04827,0.07668
0.65585,0.01553,0.02918,0.02680,0.08448,0.08072,0.01976,0.02356,0.02187,0.01112,0.01195,0.01918
0.08821,0.02187,0.05055,0.22241,0.09454,0.05390,0.20628,0.04052,0.02949,0.02693,0.06422,0.10109
0.11469,0.03544,0.03765,0.22147,0.20372,0.06302,0.14000,0.03094,0.02653,0.02652,0.05208,0.04795
0.18889,0.04723,0.09118,0.15630,0.09512,0.04892,0.11541,0.05640,0.06731,0.03166,0.05463,0.04695
0.10992,0.03109,0.02751,0.05288,0.29003,0.15923,0.05404,0.02827,0.04931,0.02737,0.07098,0.09937
0.29468,0.03470,0.07268,0.06770,0.12545,0.09447,0.04437,0.09149,0.03337,0.06283,0.02312,0.05514
0.51904,0.03978,0.07041,0.03139,0.07433,0.06540,0.02183,0.05798,0.04184,0.02343,0.02083,0.03375
0.15680,0.04093,0.12725,0.04713,0.15641,0.14654,0.03323,0.08140,0.08189,0.05869,0.02979,0.03994
0.28653,0.11521,0.09616,0.03362,0.03425,0.07470,0.02217,0.12262,0.04407,0.07382,0.06669,0.03016
0.04848,0.29518,0.05735,0.02995,0.07296,0.06339,0.02173,0.04283,0.29152,0.02038,0.02048,0.03575
0.07824,0.02153,0.17452,0.02752,0.09682,0.08910,0.01787,0.13020,0.13668,0.09706,0.06124,0.06922
0.45707,0.02428,0.05365,0.02287,0.13192,0.14460,0.02254,0.03868,0.02723,0.02106,0.02375,0.03238
0.20088,0.06978,0.12409,0.07984,0.08385,0.08303,0.06485,0.08419,0.09910,0.02032,0.03224,0.05784
0.23884,0.03549,0.09554,0.06373,0.09139,0.08169,0.06143,0.08818,0.06342,0.06406,0.04128,0.07495
0.07084,0.09750,0.23321,0.06140,0.04014,0.03932,0.04807,0.10456,0.13716,0.02269,0.05082,0.09429
0.09036,0.04378,0.28482,0.03758,0.08158,0.06876,0.02501,0.07386,0.20470,0.02745,0.02308,0.03902
0.22716,0.01714,0.03796,0.03883,0.04775,0.27360,0.03191,0.02222,0.02347,0.24024,0.01645,0.02329
0.18591,0.05596,0.14081,0.06451,0.07393,0.11481,0.05281,0.05608,0.10349,0.05843,0.04123,0.05202
0.06181,0.01191,0.04296,0.09446,0.34071,0.27091,0.05319,0.02665,0.02028,0.01805,0.02035,0.03871
0.30179,0.05873,0.12695,0.02065,0.12930,0.14474,0.02026,0.04332,0.09441,0.02154,0.01478,0.02354
0.30318,0.03510,0.08185,0.03374,0.16849,0.17672,0.02745,0.06086,0.04065,0.01871,0.01471,0.03853
0.06545,0.06497,0.12424,0.09783,0.05735,0.07189,0.09075,0.11616,0.09591,0.08357,0.03336,0.09852
0.08412,0.02530,0.03366,0.04675,0.08570,0.31343,0.03772,0.03611,0.01789,0.26275,0.02814,0.02844
0.24392,0.05892,0.14804,0.05110,0.07417,0.05656,0.04172,0.07183,0.10430,0.03750,0.05946,0.05248
0.36743,0.14703,0.05877,0.04586,0.04738,0.02483,0.02776,0.04594,0.15110,0.01742,0.02627,0.04021
0.17108,0.03766,0.19405,0.04736,0.07797,0.07695,0.04348,0.07401,0.12931,0.05256,0.02816,0.06739
0.30951,0.04486,0.04123,0.04433,0.18204,0.20391,0.03253,0.03484,0.02616,0.02841,0.01832,0.03388
