0.09958,0.21154,0.35783,0.33105
0.09109,0.09569,0.42390,0.38933
0.10330,0.10357,0.41638,0.37676
0.25345,0.25374,0.26038,0.23244
0.19666,0.07934,0.37673,0.34727
0.27619,0.22985,0.26098,0.23298
0.23252,0.23501,0.28350,0.24897
0.33723,0.33268,0.17624,0.15385
0.10898,0.42538,0.24797,0.21766
0.12981,0.31032,0.29829,0.26157
0.09812,0.23650,0.34694,0.31844
0.06746,0.06661,0.45507,0.41085
0.19269,0.18832,0.32766,0.29133
0.30088,0.35946,0.17856,0.16110
0.13130,0.12421,0.39198,0.35251
0.04441,0.23892,0.37059,0.34608
0.17750,0.17477,0.34725,0.30049
0.15575,0.15192,0.36073,0.33161
0.11584,0.36543,0.26968,0.24905
0.19017,0.19601,0.32286,0.29096
0.10644,0.10926,0.40970,0.37459
0.23771,0.23721,0.27637,0.24871
0.23884,0.24272,0.27944,0.23901
0.28704,0.28502,0.22765,0.20029
0.12823,0.12744,0.38957,0.35476
0.09235,0.08629,0.42787,0.39350
0.16777,0.16433,0.35808,0.30982
0.22122,0.22386,0.29356,0.26136
0.02185,0.03802,0.49047,0.44966
0.18045,0.13266,0.36361,0.32329
0.20504,0.20249,0.31179,0.28068
0.10967,0.11234,0.41357,0.36441
0.37271,0.16560,0.23715,0.22454
0.15990,0.14909,0.36248,0.32853
0.19565,0.19660,0.32515,0.28259
0.26830,0.41905,0.16337,0.14929
0.22641,0.09747,0.35128,0.32484
0.07116,0.14355,0.41459,0.37069
0.20140,0.20141,0.31677,0.28042
0.31496,0.31212,0.19655,0.17637
0.27472,0.26921,0.24282,0.21326
0.18389,0.25939,0.29355,0.26316
0.06543,0.06373,0.45519,0.41565
0.10631,0.10766,0.40961,0.37643
0.13168,0.26035,0.31842,0.28955
0.21483,0.21418,0.30217,0.26882
0.12560,0.03480,0.44355,0.39605
0.14632,0.20271,0.34293,0.30803
0.05555,0.06725,0.45916,0.41804
0.10347,0.27822,0.32946,0.28885
0.08222,0.20882,0.37651,0.33245
0.30115,0.09918,0.31988,0.27979
0.31123,0.05584,0.32317,0.30975
0.14631,0.27245,0.30392,0.27732
0.29844,0.34187,0.19132,0.16836
0.09160,0.26311,0.33907,0.30621
0.47845,0.08653,0.23243,0.20258
0.03162,0.05219,0.48031,0.43588
0.07969,0.07871,0.44270,0.39890
0.22153,0.05741,0.37684,0.34422
0.29808,0.29472,0.21430,0.19290
0.20906,0.20736,0.30856,0.27501
0.11509,0.10876,0.41257,0.36358
0.24919,0.24296,0.26990,0.23795
0.13179,0.13174,0.39366,0.34281
0.08787,0.04381,0.45423,0.41409
0.18181,0.18180,0.33405,0.30234
0.12870,0.13166,0.38788,0.35176
0.11656,0.11915,0.40153,0.36276
0.08862,0.08666,0.43229,0.39243
0.19237,0.18729,0.32735,0.29299
0.08242,0.18779,0.38277,0.34702
0.18437,0.15705,0.34888,0.30970
0.24072,0.24396,0.26859,0.24673
0.11325,0.19830,0.36230,0.32616
0.13252,0.13156,0.38600,0.34991
0.30414,0.07018,0.32418,0.30151
0.15022,0.14754,0.37136,0.33087
0.11093,0.11174,0.41188,0.36545
0.05836,0.05528,0.46943,0.41692
0.26552,0.12232,0.32172,0.29045
0.15587,0.15611,0.36477,0.32325
0.26239,0.26591,0.24867,0.22304
0.17626,0.18627,0.33618,0.30129
0.20193,0.20129,0.31491,0.28186
0.19300,0.19324,0.32317,0.29059
0.19531,0.19332,0.31621,0.29516
0.33470,0.07805,0.31263,0.27462
0.03302,0.02331,0.49588,0.44779
0.05678,0.09426,0.44452,0.40444
0.17179,0.20227,0.32626,0.29968
0.12229,0.11462,0.40125,0.36183
0.05723,0.13768,0.42277,0.38232
0.20905,0.20652,0.30911,0.27532
0.13308,0.27354,0.30875,0.28462
0.09782,0.09538,0.42292,0.38388
0.17164,0.17294,0.34727,0.30815
0.12762,0.12743,0.39352,0.35143
0.18880,0.36691,0.23479,0.20951
0.17230,0.17485,0.34209,0.31076
0.05986,0.05966,0.46045,0.42004
0.20566,0.21036,0.31758,0.26639
0.26117,0.25781,0.25615,0.22487
0.15016,0.05369,0.42156,0.37460
0.06515,0.33403,0.31488,0.28594
0.20586,0.14598,0.33997,0.30819
0.16066,0.08841,0.39581,0.35512
0.15619,0.13657,0.36763,0.33961
0.15862,0.15339,0.36166,0.32634
0.14106,0.12985,0.39488,0.33421
0.08152,0.07708,0.44634,0.39507
0.10803,0.10751,0.41596,0.36851
0.11130,0.20020,0.35942,0.32909
0.34060,0.05241,0.32808,0.27891
0.18615,0.17791,0.34555,0.29038
0.22050,0.12972,0.34086,0.30892
0.02399,0.02293,0.50151,0.45157
0.14139,0.07188,0.40719,0.37954
0.24603,0.24535,0.26547,0.24315
0.16034,0.16068,0.35616,0.32281
0.19419,0.25185,0.29173,0.26223
0.21815,0.21866,0.30347,0.25972
0.06121,0.19738,0.38777,0.35365
0.19804,0.17421,0.33248,0.29528
0.12033,0.11475,0.40331,0.36161
0.02613,0.34400,0.34255,0.28732
0.34957,0.35210,0.15821,0.14012
0.23507,0.07202,0.36551,0.32741
0.13978,0.09434,0.40373,0.36216
0.10044,0.17386,0.38143,0.34428
0.27456,0.27116,0.23930,0.21497
0.05485,0.07002,0.45620,0.41893
0.08047,0.05847,0.44860,0.41246
0.16831,0.06858,0.39860,0.36451
0.14348,0.08971,0.40104,0.36577
0.28864,0.28675,0.22904,0.19558
0.34842,0.04784,0.32378,0.27996
0.29822,0.29743,0.21195,0.19239
0.05559,0.21501,0.38619,0.34320
0.31114,0.32268,0.19359,0.17260
0.07876,0.13338,0.41046,0.37741
0.41177,0.08370,0.27381,0.23072
0.14554,0.14048,0.37647,0.33750
0.22829,0.22337,0.28957,0.25878
0.20079,0.20387,0.30930,0.28604
0.30590,0.11917,0.30137,0.27356
0.18980,0.10500,0.36882,0.33638
0.09017,0.08491,0.43022,0.39470
0.08362,0.08473,0.43436,0.39728
0.08364,0.12980,0.41262,0.37394
0.07232,0.09932,0.43505,0.39331
0.24188,0.25933,0.26314,0.23564
0.14570,0.13884,0.38195,0.33351
0.15339,0.14999,0.36957,0.32705
0.09608,0.16853,0.38688,0.34850
0.07152,0.09213,0.43482,0.40154
0.18649,0.06574,0.39643,0.35134
0.27405,0.01889,0.35893,0.34813
0.30097,0.29580,0.21262,0.19061
0.16692,0.05998,0.41378,0.35931
0.07704,0.07527,0.44749,0.40020
0.22059,0.21815,0.29651,0.26476
0.05325,0.05127,0.47338,0.42210
0.08490,0.08284,0.43531,0.39695
0.09975,0.09743,0.42046,0.38236
0.34510,0.15816,0.26063,0.23611
0.15163,0.11255,0.38760,0.34822
0.16149,0.23880,0.31878,0.28093
0.04037,0.17392,0.41168,0.37403
0.35649,0.10485,0.28578,0.25288
0.16667,0.16255,0.35242,0.31836
0.24913,0.24634,0.26984,0.23469
0.27913,0.27277,0.24003,0.20807
0.14109,0.13687,0.38554,0.33651
0.14049,0.06478,0.41935,0.37538
0.13360,0.18671,0.35935,0.32034
0.13151,0.08748,0.41032,0.37068
0.23350,0.12733,0.34020,0.29897
0.13994,0.14207,0.37774,0.34025
0.21950,0.22157,0.29401,0.26492
0.25574,0.08975,0.34865,0.30586
0.11064,0.26147,0.32609,0.30180
0.17567,0.25217,0.30218,0.26998
0.13360,0.12980,0.38517,0.35142
0.10679,0.10624,0.41876,0.36821
0.13529,0.23299,0.33717,0.29455
0.15535,0.15693,0.36334,0.32437
0.33070,0.30563,0.19066,0.17301
0.13311,0.12869,0.39187,0.34633
0.13944,0.13518,0.38785,0.33754
0.19651,0.19703,0.32034,0.28613
0.18516,0.32972,0.25460,0.23053
0.04755,0.04666,0.47199,0.43380
0.06421,0.06078,0.46324,0.41176
0.18637,0.05351,0.40740,0.35272
0.07301,0.13497,0.41651,0.37551
0.10813,0.10737,0.40458,0.37992
0.06912,0.30221,0.32957,0.29910
0.26934,0.26576,0.24517,0.21973
0.20075,0.19709,0.31722,0.28494
0.12934,0.12934,0.39700,0.34433
0.07060,0.07025,0.45066,0.40849
0.35128,0.13794,0.26367,0.24711
0.04708,0.04679,0.47097,0.43516
0.19950,0.18919,0.32061,0.29070
0.18110,0.18853,0.33225,0.29812
0.44360,0.16604,0.21037,0.17999
0.06577,0.27471,0.35148,0.30804
0.18913,0.18540,0.32782,0.29765
0.19456,0.19023,0.32987,0.28534
0.16963,0.24178,0.30901,0.27957
0.17640,0.17374,0.34346,0.30640
0.11065,0.16090,0.38292,0.34553
0.18324,0.18289,0.33670,0.29717
0.13501,0.13169,0.38662,0.34668
0.35902,0.35852,0.14747,0.13499
0.08481,0.11803,0.41522,0.38194
0.12675,0.03193,0.44076,0.40056
0.15230,0.15618,0.36438,0.32714
0.14920,0.14433,0.38203,0.32444
0.11180,0.11232,0.41035,0.36553
0.19645,0.19270,0.32050,0.29035
0.17901,0.17783,0.33868,0.30447
0.10995,0.16661,0.37887,0.34456
0.37402,0.09883,0.28269,0.24446
0.19112,0.19010,0.32745,0.29133
0.35515,0.04701,0.32032,0.27753
0.14095,0.06589,0.41195,0.38121
0.04433,0.04609,0.47420,0.43538
0.12520,0.13171,0.39281,0.35028
0.16268,0.15984,0.35447,0.32301
0.35268,0.22855,0.21903,0.19975
0.15850,0.02995,0.42304,0.38851
0.05893,0.05828,0.46113,0.42167
0.21220,0.17801,0.31911,0.29069
0.05526,0.06775,0.46043,0.41657
0.21730,0.21767,0.30311,0.26191
0.02713,0.06002,0.47446,0.43839
0.59150,0.08716,0.17808,0.14327
0.27862,0.26950,0.23858,0.21329
0.02385,0.05407,0.47826,0.44382
0.18557,0.18951,0.33394,0.29097
0.20068,0.11890,0.35786,0.32256
0.02382,0.17040,0.43158,0.37420
0.01956,0.01953,0.49273,0.46819
0.09265,0.09620,0.42610,0.38505
0.02892,0.05603,0.47700,0.43805
0.05411,0.03548,0.47880,0.43162
0.10553,0.10424,0.40426,0.38597
0.33076,0.33332,0.17772,0.15820
0.13762,0.13260,0.38095,0.34883
0.23656,0.23352,0.28110,0.24882
0.12041,0.12554,0.39751,0.35655
0.16137,0.15941,0.35741,0.32181
0.25501,0.07321,0.35757,0.31421
0.22024,0.22532,0.29314,0.26131
0.12932,0.18970,0.35767,0.32331
0.19461,0.18917,0.33008,0.28614
0.19526,0.19227,0.32656,0.28591
0.12991,0.13362,0.38605,0.35042
0.11734,0.10561,0.41621,0.36084
0.08318,0.44998,0.24455,0.22228
0.15322,0.16535,0.35924,0.32219
0.07593,0.07431,0.45105,0.39872
0.08488,0.08169,0.43663,0.39680
0.19567,0.19536,0.32097,0.28799
0.14547,0.14046,0.38198,0.33209
0.02803,0.02849,0.49278,0.45071
0.20676,0.20447,0.31235,0.27642
0.08881,0.14954,0.39737,0.36427
0.20009,0.19860,0.32236,0.27894
0.10039,0.25056,0.34300,0.30604
0.13576,0.04418,0.43145,0.38861
0.21005,0.04345,0.39214,0.35435
0.23511,0.22683,0.28545,0.25261
0.10949,0.10868,0.40705,0.37478
0.09160,0.02860,0.46194,0.41785
0.12869,0.23070,0.33140,0.30921
0.11571,0.16385,0.38054,0.33991
0.12017,0.14753,0.38207,0.35023
0.11217,0.29016,0.31161,0.28606
0.14995,0.15234,0.36289,0.33482
0.05865,0.14666,0.41254,0.38215
0.06755,0.09469,0.44025,0.39751
0.21917,0.08597,0.37056,0.32430
0.03905,0.03998,0.47851,0.44247
0.13287,0.36193,0.27296,0.23224
0.19187,0.19348,0.32741,0.28724
0.07292,0.07263,0.44719,0.40726
0.19118,0.26238,0.28784,0.25860
0.28008,0.27832,0.23267,0.20893
0.18927,0.18862,0.32517,0.29694
0.27623,0.27477,0.24191,0.20710
0.05424,0.04976,0.47620,0.41981
0.15850,0.15863,0.36298,0.31989
0.05816,0.05502,0.46164,0.42517
0.10515,0.10204,0.42264,0.37017
0.13132,0.10603,0.39611,0.36655
0.03800,0.12483,0.44559,0.39158
0.05637,0.37935,0.29248,0.27181
