0.02122,0.01569,0.02156,0.00461,0.07181,0.09619,0.21002,0.00106,0.00807,0.02869,0.03292,0.00064,0.36549,0.05506,0.02702,0.02570,0.00893,0.00340,0.00046,0.00145
0.08651,0.00214,0.04146,0.02058,0.00221,0.07256,0.07894,0.02446,0.03477,0.00211,0.01006,0.24082,0.03760,0.03370,0.00389,0.00587,0.01133,0.29082,0.00018,0.00000
0.15985,0.02257,0.02467,0.00239,0.02624,0.50477,0.02085,0.00648,0.01340,0.01090,0.06234,0.00113,0.02115,0.07757,0.02217,0.00262,0.00941,0.00625,0.00117,0.00406
0.02083,0.03445,0.01029,0.00015,0.01348,0.09703,0.00260,0.03097,0.05154,0.02936,0.00348,0.10739,0.01203,0.00065,0.15531,0.00336,0.42423,0.00115,0.00157,0.00008
0.05325,0.00283,0.01277,0.00715,0.00167,0.03308,0.01781,0.01944,0.10738,0.00371,0.02043,0.00624,0.12901,0.03566,0.02922,0.00051,0.04371,0.46018,0.01592,0.00000
0.04315,0.00453,0.00877,0.04813,0.02605,0.02495,0.01345,0.01499,0.06636,0.00008,0.03627,0.00345,0.16046,0.00302,0.00157,0.04294,0.45402,0.04275,0.00387,0.00120
0.02346,0.01557,0.00347,0.04627,0.02808,0.02669,0.01190,0.04447,0.14835,0.20876,0.03798,0.01053,0.04257,0.00724,0.11859,0.00293,0.05360,0.16955,0.00000,0.00000
0.01812,0.01605,0.00000,0.02600,0.51923,0.13026,0.03940,0.00366,0.00508,0.00474,0.03164,0.01455,0.04296,0.02539,0.06994,0.00719,0.03423,0.00370,0.00516,0.00271
0.06077,0.00287,0.27986,0.04026,0.00521,0.13170,0.00074,0.02580,0.02399,0.00089,0.00234,0.00072,0.00688,0.31648,0.02968,0.03396,0.00700,0.00150,0.00251,0.02686
0.00855,0.00729,0.00582,0.00004,0.27258,0.16411,0.02153,0.01444,0.05390,0.00024,0.10214,0.03211,0.00898,0.00023,0.00110,0.00465,0.27732,0.01055,0.00196,0.01246
0.07662,0.02802,0.16568,0.00966,0.03459,0.02681,0.01539,0.00565,0.00152,0.07675,0.10355,0.03900,0.04968,0.07714,0.10858,0.01199,0.14804,0.01559,0.00530,0.00045
0.01172,0.02340,0.06215,0.00097,0.00923,0.03702,0.04273,0.18144,0.21201,0.02310,0.22061,0.00175,0.01513,0.01091,0.05592,0.02076,0.06296,0.00672,0.00132,0.00018
0.00538,0.06767,0.13992,0.00027,0.31769,0.07918,0.01341,0.18386,0.01800,0.01756,0.05277,0.00107,0.00050,0.00542,0.04746,0.01235,0.01634,0.00444,0.01665,0.00008
0.03315,0.02839,0.29398,0.00243,0.03008,0.02979,0.00385,0.01234,0.48106,0.00073,0.02063,0.00204,0.01016,0.01060,0.01915,0.00303,0.01620,0.00055,0.00002,0.00183
0.24577,0.09090,0.00955,0.01362,0.04160,0.16971,0.01946,0.08520,0.02294,0.01035,0.06037,0.03191,0.02099,0.00135,0.03414,0.00351,0.10946,0.00561,0.01532,0.00823
0.00962,0.01270,0.00040,0.00394,0.12316,0.02457,0.07643,0.00384,0.05025,0.06785,0.07709,0.00691,0.01897,0.01182,0.00370,0.00025,0.33614,0.11915,0.05172,0.00147
0.01458,0.02638,0.01208,0.00724,0.00762,0.05603,0.30966,0.36440,0.06456,0.00134,0.01592,0.01599,0.03895,0.00977,0.00071,0.00318,0.04408,0.00241,0.00446,0.00067
0.06681,0.00869,0.01013,0.00853,0.00203,0.09325,0.00928,0.00704,0.20936,0.00238,0.02728,0.01215,0.00491,0.00824,0.40024,0.01883,0.08833,0.01801,0.00366,0.00085
0.14407,0.00820,0.02057,0.00246,0.39859,0.01574,0.02640,0.08780,0.05824,0.01874,0.01652,0.00358,0.13007,0.01198,0.01802,0.00141,0.01865,0.01440,0.00115,0.00342
0.01735,0.00159,0.00562,0.08081,0.02723,0.13261,0.03829,0.02825,0.09412,0.10835,0.01455,0.05132,0.09998,0.00577,0.23264,0.02570,0.01132,0.02213,0.00181,0.00055
0.00122,0.04356,0.01202,0.02029,0.07613,0.24787,0.01453,0.01176,0.00240,0.04013,0.09269,0.00000,0.06971,0.06026,0.08079,0.04286,0.10613,0.05746,0.00173,0.01847
0.02627,0.14011,0.01697,0.13005,0.03336,0.36727,0.02125,0.00680,0.19766,0.00044,0.01536,0.00001,0.00374,0.01434,0.00091,0.00502,0.01030,0.00863,0.00087,0.00064
0.00366,0.02860,0.05048,0.02953,0.24048,0.38517,0.01090,0.06122,0.05407,0.00968,0.01155,0.00001,0.00566,0.06578,0.01095,0.00291,0.01425,0.01353,0.00022,0.00136
0.00199,0.00203,0.27959,0.01935,0.02740,0.01397,0.00753,0.02560,0.01868,0.00000,0.01583,0.01529,0.00817,0.03503,0.01469,0.00455,0.08300,0.42232,0.00411,0.00086
0.04496,0.02194,0.00229,0.00453,0.55367,0.06101,0.00645,0.00350,0.01474,0.00176,0.03399,0.00816,0.06882,0.02970,0.01496,0.00378,0.03261,0.09088,0.00090,0.00133
0.00372,0.08113,0.01192,0.01177,0.05043,0.14411,0.03485,0.03128,0.14784,0.00224,0.21555,0.00650,0.00993,0.03139,0.12565,0.03459,0.02765,0.01713,0.01218,0.00016
0.00928,0.00083,0.00433,0.00329,0.01844,0.01664,0.00854,0.01855,0.00445,0.00040,0.01881,0.00001,0.01663,0.16027,0.01411,0.00005,0.67424,0.02285,0.00452,0.00375
0.75996,0.00280,0.01128,0.00517,0.01373,0.03093,0.00715,0.00004,0.02962,0.00223,0.10228,0.00444,0.00636,0.00600,0.00080,0.00053,0.01207,0.00382,0.00080,0.00000
0.03990,0.01394,0.00268,0.05441,0.07499,0.03767,0.02549,0.01044,0.07727,0.00000,0.02911,0.00632,0.09418,0.00397,0.00588,0.00272,0.51542,0.00483,0.00055,0.00025
0.05611,0.08445,0.01809,0.02610,0.03855,0.05800,0.08276,0.03304,0.12046,0.08460,0.31019,0.00099,0.01808,0.00640,0.00881,0.00062,0.04923,0.00188,0.00085,0.00077
0.03529,0.01791,0.00042,0.07087,0.05567,0.05632,0.01175,0.02378,0.00112,0.00204,0.17659,0.02783,0.10639,0.01268,0.01484,0.00004,0.38260,0.00348,0.00037,0.00003
0.01733,0.00162,0.02534,0.04233,0.01229,0.15917,0.00977,0.00061,0.29213,0.00437,0.13661,0.00642,0.00448,0.16124,0.02338,0.00000,0.04358,0.04791,0.01113,0.00028
0.32560,0.00068,0.00401,0.00479,0.05024,0.33751,0.02098,0.04022,0.01439,0.00059,0.02660,0.00401,0.02114,0.00692,0.00682,0.00626,0.02102,0.10622,0.00128,0.00073
0.04927,0.00608,0.05113,0.01023,0.01726,0.02590,0.02349,0.12219,0.03710,0.00388,0.15834,0.01353,0.10595,0.10965,0.10352,0.00599,0.12992,0.02655,0.00000,0.00002
0.03696,0.00781,0.06083,0.02710,0.03533,0.01492,0.01669,0.01688,0.06217,0.07098,0.07102,0.00295,0.22817,0.03385,0.16015,0.01037,0.12222,0.00011,0.02142,0.00007
0.01090,0.00002,0.00839,0.00296,0.00618,0.04367,0.00519,0.02283,0.08782,0.01565,0.38095,0.01063,0.03589,0.00067,0.01779,0.01503,0.33376,0.00160,0.00002,0.00005
0.00740,0.02086,0.01841,0.00022,0.09689,0.04197,0.00166,0.00853,0.03026,0.02944,0.03836,0.03743,0.01918,0.01879,0.03209,0.00657,0.58164,0.00954,0.00071,0.00005
0.00742,0.00189,0.04475,0.02812,0.02667,0.06824,0.02147,0.02383,0.00477,0.05580,0.02459,0.26780,0.31712,0.01653,0.02911,0.00420,0.04004,0.01035,0.00335,0.00395
0.25293,0.00696,0.09030,0.00400,0.00535,0.18539,0.03280,0.01458,0.08817,0.01812,0.01077,0.01597,0.01965,0.00598,0.00090,0.00943,0.01657,0.20893,0.00981,0.00343
0.24032,0.03462,0.01957,0.00940,0.01418,0.05361,0.07806,0.01956,0.02882,0.00728,0.09747,0.00164,0.10117,0.05145,0.02450,0.00133,0.09062,0.05137,0.01719,0.05783
0.00106,0.02123,0.06194,0.00182,0.05496,0.02429,0.00574,0.02725,0.07952,0.00129,0.01549,0.00150,0.00473,0.00710,0.34228,0.03039,0.01825,0.29487,0.00001,0.00629
0.00626,0.03182,0.00158,0.00079,0.02405,0.02446,0.01288,0.01938,0.00373,0.01168,0.01951,0.03318,0.46449,0.00078,0.02354,0.28921,0.02658,0.00385,0.00172,0.00050
0.02547,0.00006,0.00150,0.01106,0.01900,0.02966,0.23700,0.38901,0.00177,0.00325,0.05988,0.00037,0.15901,0.00802,0.00385,0.00048,0.04337,0.00021,0.00279,0.00423
0.03733,0.00205,0.00483,0.02414,0.14695,0.03162,0.01537,0.32221,0.19661,0.00058,0.03751,0.00847,0.01890,0.04481,0.00515,0.01328,0.05060,0.00476,0.03386,0.00098
0.00876,0.00295,0.07882,0.00026,0.11881,0.03671,0.01101,0.05343,0.01260,0.00151,0.13156,0.00222,0.12259,0.02750,0.00481,0.02156,0.33840,0.02551,0.00091,0.00009
0.38060,0.01404,0.00759,0.00953,0.01098,0.05862,0.02590,0.05234,0.11575,0.00665,0.23494,0.02452,0.01244,0.02458,0.00796,0.00144,0.01075,0.00114,0.00010,0.00012
0.01890,0.00081,0.01442,0.00748,0.00824,0.05016,0.01385,0.03371,0.00989,0.00118,0.23716,0.02582,0.56011,0.00034,0.01164,0.00253,0.00137,0.00210,0.00012,0.00017
0.13768,0.09983,0.01311,0.00022,0.03003,0.31611,0.06952,0.00683,0.02875,0.00723,0.07904,0.07233,0.00836,0.03037,0.00056,0.00010,0.07573,0.02088,0.00249,0.00083
0.01819,0.03674,0.04447,0.02307,0.16193,0.02346,0.04539,0.00634,0.08025,0.00034,0.07375,0.02575,0.03099,0.37140,0.01083,0.00110,0.02564,0.01838,0.00002,0.00197
0.00079,0.01366,0.02112,0.00700,0.40176,0.14081,0.00533,0.04370,0.07044,0.00539,0.07256,0.00036,0.02019,0.07782,0.07511,0.00489,0.03030,0.00860,0.00017,0.00000
0.14527,0.01143,0.09629,0.00001,0.02204,0.02242,0.04748,0.00251,0.04941,0.01655,0.19612,0.03191,0.05590,0.00799,0.05866,0.03582,0.02552,0.14136,0.03287,0.00042
0.00759,0.00499,0.04755,0.01816,0.19539,0.16389,0.09769,0.00104,0.02124,0.00105,0.07007,0.00768,0.01145,0.02472,0.28395,0.00835,0.02141,0.00192,0.00513,0.00673
0.00946,0.00085,0.00247,0.08017,0.03530,0.01338,0.02972,0.00118,0.01764,0.00336,0.09057,0.00134,0.22993,0.01327,0.07933,0.00150,0.05936,0.20842,0.06801,0.05475
0.00402,0.00033,0.29672,0.01022,0.00345,0.01069,0.01121,0.07410,0.00463,0.00352,0.45555,0.00413,0.03396,0.04441,0.01483,0.00013,0.00510,0.02223,0.00051,0.00025
0.01431,0.00539,0.07491,0.04847,0.24389,0.06958,0.00686,0.00363,0.07488,0.04922,0.14197,0.05400,0.00952,0.00846,0.08035,0.04660,0.01625,0.04900,0.00106,0.00165
0.10975,0.00028,0.02039,0.02113,0.16554,0.00948,0.01226,0.01250,0.02663,0.06053,0.01883,0.12639,0.03739,0.02938,0.00526,0.13699,0.15846,0.03077,0.00345,0.01458
0.06369,0.03250,0.00123,0.01553,0.29520,0.11031,0.03450,0.01101,0.01546,0.01218,0.00309,0.01457,0.08310,0.02150,0.04346,0.00552,0.20415,0.01282,0.01478,0.00542
0.45646,0.02592,0.00108,0.02516,0.00839,0.01719,0.00226,0.04368,0.01196,0.01010,0.09394,0.01081,0.21156,0.02352,0.01078,0.02505,0.01808,0.00123,0.00003,0.00282
0.01772,0.00823,0.00406,0.00296,0.14261,0.05431,0.04954,0.03753,0.03753,0.00712,0.00428,0.03385,0.03025,0.04622,0.00596,0.01436,0.30770,0.19505,0.00070,0.00002
0.00129,0.00330,0.00144,0.01448,0.00709,0.02833,0.02301,0.03764,0.03831,0.11290,0.02355,0.50272,0.13295,0.01749,0.00994,0.02923,0.00574,0.00833,0.00001,0.00222
0.02969,0.00222,0.00813,0.01136,0.05093,0.34209,0.00201,0.00383,0.04138,0.01049,0.38286,0.00843,0.03019,0.00114,0.02305,0.04226,0.00673,0.00178,0.00004,0.00139
0.00878,0.00572,0.00918,0.03048,0.01466,0.04012,0.03491,0.00615,0.01868,0.00436,0.54974,0.00313,0.00293,0.00776,0.02547,0.00179,0.20073,0.03474,0.00001,0.00065
0.01756,0.00000,0.00162,0.00551,0.15839,0.12180,0.04235,0.01298,0.41108,0.00160,0.09226,0.00204,0.01118,0.04816,0.00695,0.00036,0.04903,0.00686,0.00647,0.00381
0.06253,0.02159,0.01974,0.02049,0.00844,0.03949,0.00605,0.00059,0.00437,0.00057,0.05237,0.00045,0.00786,0.01952,0.01716,0.04116,0.65960,0.01759,0.00043,0.00000
0.01785,0.04267,0.02272,0.00929,0.03733,0.08409,0.00732,0.00094,0.01886,0.00941,0.09183,0.00008,0.01939,0.01257,0.00425,0.00044,0.60505,0.01546,0.00013,0.00031
0.00651,0.04131,0.00360,0.00370,0.00973,0.03303,0.60956,0.02226,0.01124,0.00182,0.03163,0.03914,0.04373,0.00285,0.01673,0.00634,0.05836,0.05255,0.00452,0.00141
0.06738,0.01016,0.05413,0.00247,0.05161,0.02232,0.02121,0.02301,0.00217,0.00142,0.03565,0.00126,0.04204,0.62169,0.02228,0.00087,0.01281,0.00635,0.00044,0.00073
0.01421,0.00239,0.00105,0.01283,0.35296,0.03060,0.26739,0.00653,0.22474,0.00934,0.00956,0.00148,0.01689,0.02195,0.00159,0.00455,0.00482,0.00259,0.00445,0.01006
0.04874,0.03252,0.04148,0.04836,0.04697,0.04315,0.01081,0.00356,0.01888,0.00317,0.05424,0.00092,0.10751,0.00505,0.46318,0.00390,0.04898,0.01319,0.00527,0.00011
0.20320,0.12923,0.00812,0.02137,0.09586,0.01701,0.02034,0.00583,0.01976,0.00113,0.08629,0.00090,0.02490,0.29628,0.00806,0.00332,0.00643,0.03470,0.01569,0.00155
0.00667,0.05396,0.00738,0.00662,0.04415,0.45439,0.01366,0.00291,0.18423,0.00359,0.01522,0.00705,0.01157,0.00114,0.01477,0.00225,0.04047,0.12167,0.00596,0.00234
0.00104,0.10900,0.00351,0.00129,0.01313,0.39071,0.01069,0.00293,0.00091,0.07641,0.14305,0.00993,0.17326,0.02813,0.00974,0.00488,0.00843,0.00283,0.01013,0.00000
0.01125,0.01462,0.06315,0.00673,0.03236,0.07997,0.00903,0.00003,0.00574,0.00649,0.32023,0.00152,0.06023,0.00562,0.01267,0.00308,0.31571,0.03845,0.01265,0.00047
0.03507,0.05565,0.08632,0.00384,0.00561,0.20486,0.05425,0.05826,0.07287,0.01694,0.02418,0.01383,0.02856,0.09105,0.02165,0.00690,0.20591,0.00846,0.00048,0.00531
0.00211,0.00407,0.10019,0.00477,0.00896,0.23765,0.02746,0.07391,0.03726,0.01876,0.01447,0.03061,0.01961,0.00430,0.29677,0.01636,0.09104,0.00527,0.00642,0.00001
0.00134,0.05946,0.03396,0.03609,0.02677,0.26867,0.08884,0.00722,0.02455,0.00024,0.10588,0.00804,0.01186,0.01604,0.16328,0.02366,0.01942,0.09125,0.00703,0.00641
0.05265,0.00321,0.01325,0.00032,0.08276,0.05794,0.00182,0.03189,0.00411,0.00691,0.00559,0.00710,0.04054,0.00325,0.00334,0.00040,0.02940,0.64358,0.00740,0.00455
0.02517,0.02725,0.00831,0.03661,0.02083,0.05840,0.02260,0.09031,0.49085,0.00102,0.06660,0.00044,0.03185,0.05774,0.00869,0.02329,0.00879,0.02115,0.00006,0.00004
0.00560,0.00478,0.01619,0.05201,0.08741,0.06468,0.04992,0.03034,0.03588,0.08001,0.00101,0.30198,0.02128,0.01542,0.01934,0.00001,0.21347,0.00049,0.00000,0.00018
0.02093,0.20192,0.00480,0.17688,0.08102,0.07725,0.00766,0.00654,0.03754,0.00056,0.05518,0.00333,0.03791,0.02211,0.12416,0.02370,0.11672,0.00140,0.00004,0.00033
0.12381,0.03750,0.04404,0.00791,0.40987,0.16035,0.00323,0.01816,0.00857,0.00793,0.08757,0.00644,0.02443,0.01115,0.01125,0.00300,0.03086,0.00198,0.00007,0.00187
0.00299,0.00005,0.15043,0.00086,0.00313,0.02721,0.26214,0.00745,0.16417,0.00007,0.06242,0.02145,0.17528,0.00789,0.03835,0.04327,0.00771,0.00812,0.00931,0.00768
0.04371,0.03139,0.02230,0.01722,0.05151,0.41054,0.00521,0.00375,0.01775,0.00677,0.22640,0.00014,0.02479,0.02429,0.00728,0.01837,0.08297,0.00460,0.00067,0.00034
0.05377,0.01706,0.04258,0.00032,0.03963,0.13437,0.48981,0.00412,0.06057,0.00645,0.02168,0.02723,0.04127,0.01041,0.00431,0.00158,0.03439,0.00954,0.00026,0.00065
0.01637,0.02074,0.00415,0.00468,0.00907,0.03029,0.00879,0.00693,0.04373,0.00121,0.03554,0.01973,0.00642,0.01877,0.21454,0.11918,0.43165,0.00802,0.00007,0.00012
0.00330,0.00331,0.05625,0.01632,0.00968,0.03204,0.03938,0.01828,0.54096,0.00115,0.02999,0.17135,0.01203,0.00381,0.01254,0.01797,0.01840,0.01040,0.00004,0.00280
0.12813,0.01232,0.01751,0.00160,0.05723,0.03073,0.02995,0.01333,0.06556,0.00045,0.02656,0.03923,0.41438,0.05316,0.03576,0.00016,0.05427,0.01937,0.00031,0.00000
0.03409,0.01512,0.01366,0.02852,0.00431,0.06079,0.05528,0.00325,0.43970,0.00711,0.03467,0.00298,0.04866,0.00400,0.01997,0.00045,0.02387,0.19238,0.00391,0.00730
0.00132,0.01251,0.00915,0.00215,0.10706,0.63070,0.00294,0.00401,0.01387,0.00148,0.00367,0.00339,0.00352,0.15399,0.00734,0.00474,0.03401,0.00076,0.00013,0.00327
0.11005,0.00369,0.01470,0.00757,0.15139,0.15694,0.00831,0.01840,0.33548,0.01705,0.05049,0.00242,0.03247,0.00258,0.00421,0.00439,0.01671,0.04780,0.00882,0.00653
0.05113,0.04168,0.04384,0.00536,0.11433,0.10162,0.02500,0.01283,0.14548,0.00234,0.21276,0.14329,0.00741,0.03244,0.01916,0.00385,0.01766,0.00171,0.01789,0.00024
0.00456,0.03264,0.02799,0.00010,0.00451,0.01686,0.06250,0.00970,0.02751,0.00980,0.03258,0.00059,0.04908,0.08378,0.00447,0.02239,0.15354,0.45728,0.00009,0.00003
0.02032,0.00862,0.01451,0.00230,0.02086,0.05420,0.02301,0.00413,0.00533,0.00005,0.36422,0.00955,0.02110,0.00291,0.19739,0.00857,0.23792,0.00501,0.00000,0.00000
0.01478,0.01206,0.34427,0.00040,0.03973,0.01753,0.01071,0.02877,0.01543,0.00157,0.04036,0.03182,0.13673,0.01182,0.03209,0.00592,0.21336,0.04244,0.00016,0.00004
0.01255,0.00004,0.00327,0.00874,0.00751,0.04456,0.04333,0.02295,0.31240,0.00596,0.00539,0.01620,0.10812,0.00508,0.00537,0.00074,0.39344,0.00408,0.00026,0.00001
0.04896,0.00769,0.01465,0.00609,0.00978,0.34337,0.11894,0.08019,0.00180,0.02253,0.00206,0.00558,0.27733,0.00561,0.00164,0.02303,0.00129,0.01361,0.01400,0.00183
0.02962,0.00100,0.02752,0.00599,0.11315,0.50064,0.00765,0.02463,0.04286,0.05013,0.01393,0.00848,0.00569,0.07413,0.04102,0.01071,0.01894,0.02335,0.00000,0.00055
0.01076,0.00439,0.01250,0.00168,0.01568,0.59098,0.02222,0.00001,0.00358,0.00812,0.02188,0.05281,0.10939,0.02128,0.08108,0.00330,0.03102,0.00659,0.00057,0.00217
0.01290,0.00126,0.01105,0.00154,0.23708,0.07355,0.00168,0.00211,0.00002,0.00557,0.02213,0.00007,0.01490,0.05868,0.00365,0.00039,0.54809,0.00365,0.00166,0.00001
0.13468,0.03596,0.21872,0.00207,0.02329,0.03080,0.47258,0.01227,0.02207,0.00415,0.01358,0.00385,0.00479,0.00597,0.00114,0.00161,0.01150,0.00082,0.00003,0.00012
