0.13728,0.11401,0.18417,0.03113,0.13709,0.02650,0.02712,0.05228,0.03599,0.07248,0.03702,0.01496,0.01084,0.01686,0.01882,0.01903,0.01630,0.01434,0.01281,0.02096
0.28751,0.02619,0.02233,0.01563,0.33281,0.01853,0.01119,0.01836,0.01230,0.02510,0.00722,0.00994,0.01023,0.07776,0.00894,0.07958,0.00962,0.00840,0.00877,0.00958
0.41446,0.01413,0.01561,0.01273,0.35583,0.01316,0.01029,0.01440,0.00949,0.01948,0.01053,0.00960,0.00931,0.02470,0.00952,0.02063,0.00767,0.00828,0.00747,0.01272
0.10699,0.09655,0.10829,0.03747,0.12197,0.03335,0.02873,0.03861,0.02860,0.06072,0.01879,0.03393,0.02801,0.04259,0.03752,0.05338,0.04803,0.02649,0.02424,0.02575
0.24934,0.03421,0.04427,0.02521,0.27745,0.03020,0.02657,0.03493,0.02615,0.03587,0.03318,0.01846,0.02060,0.02511,0.01836,0.02345,0.01767,0.01387,0.01534,0.02975
0.29656,0.02743,0.03677,0.02315,0.31771,0.02479,0.02301,0.02820,0.01962,0.03752,0.01684,0.00921,0.00869,0.03412,0.01411,0.03538,0.01189,0.01103,0.00908,0.01486
0.13703,0.02678,0.02867,0.02684,0.13509,0.02257,0.02034,0.02979,0.01939,0.03080,0.04668,0.02365,0.02416,0.14126,0.02169,0.16289,0.01854,0.02070,0.02138,0.04173
0.34390,0.01288,0.01521,0.01023,0.43332,0.01014,0.00922,0.01159,0.00824,0.01409,0.01100,0.00850,0.01162,0.02646,0.00991,0.02612,0.00802,0.00782,0.00831,0.01343
0.31483,0.02018,0.02103,0.01373,0.37309,0.01535,0.01414,0.01829,0.01345,0.02139,0.02304,0.01403,0.01884,0.02782,0.01286,0.02280,0.00961,0.01162,0.01028,0.02361
0.18827,0.03228,0.04685,0.03609,0.18212,0.02915,0.02672,0.03645,0.03484,0.03371,0.01409,0.04823,0.05910,0.03777,0.03138,0.03109,0.05346,0.02994,0.02754,0.02091
0.22743,0.07869,0.09421,0.02124,0.29921,0.01910,0.01788,0.02630,0.02093,0.04407,0.01208,0.01002,0.00780,0.02372,0.01087,0.04038,0.01405,0.01052,0.00948,0.01202
0.19085,0.06157,0.07534,0.03840,0.16790,0.03654,0.03264,0.04148,0.02769,0.05043,0.02107,0.01636,0.01615,0.06226,0.01873,0.07658,0.01284,0.01608,0.01669,0.02038
0.26590,0.01827,0.02489,0.01743,0.22233,0.01552,0.01451,0.01998,0.01683,0.02054,0.00810,0.03897,0.14867,0.04176,0.01977,0.02871,0.02232,0.01585,0.02203,0.01761
0.27286,0.02733,0.02385,0.02062,0.23593,0.02446,0.02101,0.02485,0.02004,0.03062,0.01183,0.02191,0.03216,0.07336,0.02336,0.05199,0.02168,0.02150,0.02065,0.02000
0.42051,0.01329,0.01728,0.01342,0.33880,0.01269,0.01234,0.01238,0.01226,0.01531,0.01105,0.01082,0.01285,0.02680,0.00944,0.02207,0.00860,0.00849,0.00874,0.01285
0.29909,0.02532,0.03753,0.02841,0.28403,0.02290,0.01705,0.02945,0.01794,0.04310,0.01341,0.01680,0.01572,0.03323,0.01635,0.03275,0.01682,0.01716,0.01653,0.01642
0.13981,0.04592,0.05803,0.03018,0.15423,0.04436,0.03369,0.03977,0.02805,0.04573,0.03914,0.02799,0.03588,0.05963,0.02889,0.06113,0.02859,0.02889,0.03112,0.03896
0.24101,0.02686,0.02833,0.02293,0.20131,0.02426,0.01958,0.02548,0.02990,0.03179,0.03448,0.03479,0.03846,0.03341,0.03349,0.02514,0.02807,0.02806,0.03514,0.05752
0.25063,0.03195,0.04581,0.02524,0.22069,0.03185,0.02573,0.03097,0.02228,0.03411,0.02286,0.02850,0.03498,0.03867,0.02472,0.03291,0.02394,0.02062,0.02253,0.03100
0.13562,0.04716,0.06281,0.03768,0.14988,0.03712,0.03269,0.04018,0.02465,0.04327,0.02121,0.02317,0.02268,0.11396,0.02159,0.10474,0.01778,0.02278,0.01735,0.02368
0.24043,0.02113,0.02732,0.01967,0.23973,0.02387,0.02015,0.02432,0.01709,0.02675,0.02310,0.01882,0.02679,0.09607,0.01826,0.07731,0.01695,0.01724,0.01594,0.02908
0.24565,0.02014,0.02628,0.02253,0.24979,0.01827,0.01938,0.02394,0.01715,0.02081,0.02292,0.02215,0.01971,0.06458,0.02568,0.07913,0.02559,0.02676,0.02012,0.02942
0.10416,0.03728,0.03639,0.02361,0.11420,0.02468,0.02113,0.03162,0.02036,0.03176,0.26740,0.02173,0.02355,0.04098,0.02200,0.03904,0.02463,0.02016,0.02307,0.07226
0.32987,0.02118,0.02435,0.01788,0.32184,0.02063,0.01733,0.02395,0.01657,0.02221,0.01262,0.01573,0.01643,0.02707,0.01977,0.02892,0.01934,0.01694,0.01080,0.01658
0.18738,0.02529,0.03319,0.02535,0.18478,0.02574,0.02295,0.02603,0.02094,0.03685,0.02077,0.02420,0.02723,0.12892,0.01820,0.11172,0.01754,0.01752,0.01719,0.02821
0.21174,0.03722,0.04531,0.03418,0.23159,0.03523,0.02962,0.04278,0.02527,0.04072,0.02272,0.02390,0.02612,0.03285,0.02696,0.03081,0.02991,0.02031,0.02050,0.03226
0.13736,0.03396,0.04026,0.03064,0.13339,0.03246,0.02976,0.03044,0.02282,0.03369,0.10682,0.04485,0.03875,0.04413,0.03323,0.03772,0.02750,0.02518,0.02966,0.08736
0.25969,0.04286,0.04766,0.02687,0.28551,0.02553,0.01926,0.02879,0.02586,0.04011,0.02434,0.01598,0.01438,0.02562,0.01807,0.02893,0.01799,0.01558,0.01531,0.02165
0.19039,0.01144,0.01344,0.00796,0.16704,0.00888,0.00898,0.00874,0.00741,0.00959,0.44855,0.01070,0.01147,0.01283,0.01154,0.01105,0.01088,0.00998,0.00981,0.02931
0.28699,0.02971,0.03530,0.02503,0.26262,0.02394,0.02368,0.03019,0.02418,0.02933,0.02922,0.02049,0.01853,0.03020,0.01935,0.03232,0.01430,0.01362,0.01712,0.03389
0.16618,0.03215,0.02993,0.03357,0.16794,0.03072,0.03013,0.03655,0.03007,0.03498,0.03207,0.04559,0.04988,0.05757,0.03280,0.05020,0.03075,0.02545,0.03658,0.04690
0.30354,0.01929,0.01856,0.01491,0.24137,0.01585,0.01355,0.01886,0.01570,0.02295,0.01329,0.03316,0.05444,0.05385,0.02704,0.04064,0.02690,0.01716,0.02347,0.02548
0.17785,0.05725,0.11032,0.03482,0.15218,0.02494,0.02837,0.04000,0.03461,0.05912,0.08571,0.01512,0.01295,0.02369,0.02135,0.03219,0.02062,0.02098,0.01545,0.03248
0.30060,0.02078,0.02813,0.01825,0.26305,0.01739,0.01367,0.02123,0.01539,0.02327,0.00817,0.01738,0.03033,0.08950,0.01635,0.05263,0.01626,0.01291,0.01634,0.01837
0.27877,0.02265,0.02346,0.01853,0.27247,0.02155,0.02009,0.01920,0.01504,0.03095,0.01582,0.01934,0.02332,0.07244,0.01677,0.06468,0.01574,0.01471,0.01488,0.01962
0.37405,0.01023,0.01232,0.01164,0.32616,0.01300,0.01017,0.01130,0.00941,0.01436,0.01117,0.01213,0.02325,0.06644,0.01070,0.03812,0.00926,0.00807,0.00915,0.01908
0.34722,0.02089,0.02421,0.01726,0.32931,0.01527,0.01523,0.01650,0.01664,0.02273,0.01277,0.01854,0.01987,0.02164,0.01760,0.02110,0.01835,0.01235,0.01446,0.01805
0.15575,0.02610,0.03015,0.02356,0.15084,0.02939,0.02010,0.02351,0.01705,0.03766,0.29730,0.02043,0.02258,0.01833,0.01481,0.01653,0.01654,0.01699,0.01663,0.04578
0.30010,0.01253,0.01499,0.01449,0.23898,0.01683,0.01562,0.01365,0.01372,0.01476,0.07679,0.02585,0.03348,0.03946,0.01605,0.03185,0.01637,0.01408,0.01785,0.07256
0.24438,0.02742,0.04002,0.02195,0.24368,0.02422,0.01866,0.02427,0.02256,0.03476,0.02423,0.01924,0.02203,0.05772,0.02242,0.05437,0.02451,0.02097,0.02036,0.03224
0.18095,0.03457,0.03696,0.02705,0.16638,0.02796,0.02569,0.02805,0.02687,0.03757,0.03735,0.03966,0.04670,0.06392,0.02425,0.05849,0.02362,0.02275,0.03495,0.05629
0.25325,0.02271,0.03016,0.03057,0.20151,0.02713,0.02393,0.02733,0.02127,0.03364,0.10831,0.02316,0.01647,0.02744,0.02439,0.03090,0.01848,0.02363,0.01888,0.03684
0.25009,0.01979,0.02118,0.02100,0.25569,0.02344,0.02096,0.01977,0.01974,0.02610,0.02586,0.02021,0.02302,0.07298,0.02059,0.06999,0.01775,0.01798,0.02183,0.03206
0.19549,0.02429,0.02607,0.02588,0.21035,0.02367,0.02136,0.02470,0.01904,0.03193,0.03154,0.03771,0.08357,0.05367,0.02635,0.03276,0.02386,0.02043,0.02394,0.06338
0.26395,0.03186,0.03385,0.02946,0.23071,0.02779,0.02616,0.02660,0.02355,0.03065,0.03718,0.02681,0.02721,0.03225,0.02136,0.03446,0.02427,0.01810,0.02004,0.03374
0.13964,0.04387,0.07402,0.04010,0.14754,0.05911,0.03497,0.03182,0.02829,0.04686,0.02141,0.03154,0.04167,0.04820,0.03144,0.03697,0.04444,0.03116,0.03293,0.03403
0.19343,0.02692,0.02757,0.02047,0.20966,0.02757,0.02247,0.02421,0.02044,0.02987,0.02823,0.04607,0.07799,0.04127,0.02993,0.04203,0.03155,0.02702,0.03124,0.04205
0.11476,0.01806,0.02125,0.02011,0.10654,0.02071,0.01652,0.02105,0.01664,0.02083,0.01442,0.05677,0.14231,0.14966,0.03951,0.09242,0.04037,0.02181,0.03317,0.03308
0.15372,0.03063,0.03135,0.02856,0.14954,0.03038,0.02278,0.02504,0.02305,0.03163,0.02853,0.03928,0.04562,0.10178,0.03784,0.07791,0.03796,0.03015,0.02714,0.04711
0.22809,0.02921,0.03604,0.02804,0.22443,0.02809,0.02112,0.02836,0.02239,0.03094,0.02039,0.03147,0.03307,0.04715,0.02962,0.04257,0.03361,0.02564,0.02568,0.03409
0.26117,0.02586,0.03293,0.02407,0.25385,0.02311,0.02079,0.02323,0.02483,0.02764,0.07246,0.02275,0.01858,0.02029,0.01945,0.02162,0.01948,0.01989,0.01832,0.04969
0.23335,0.02995,0.03275,0.01849,0.32599,0.02165,0.01434,0.01840,0.01608,0.03468,0.01162,0.01046,0.01153,0.06462,0.01388,0.09393,0.01119,0.01071,0.01067,0.01569
0.23713,0.03088,0.03120,0.02327,0.27513,0.02550,0.01995,0.02363,0.02643,0.03713,0.01617,0.03266,0.04891,0.03489,0.02110,0.02684,0.02267,0.01771,0.02447,0.02434
0.28773,0.02914,0.04044,0.02837,0.25814,0.02281,0.02199,0.02609,0.02059,0.04617,0.00764,0.01761,0.02326,0.04679,0.01677,0.04409,0.01913,0.01188,0.01780,0.01356
0.26105,0.02841,0.03634,0.02566,0.28095,0.02614,0.02200,0.03279,0.02292,0.03396,0.02063,0.01969,0.02416,0.03510,0.01830,0.03084,0.01962,0.01670,0.01665,0.02806
0.16353,0.05363,0.06023,0.03685,0.16316,0.03653,0.03609,0.04233,0.02684,0.05999,0.02194,0.02048,0.02266,0.07175,0.02300,0.07730,0.01983,0.01631,0.02016,0.02738
0.15164,0.03639,0.04177,0.02795,0.16552,0.03573,0.03044,0.03464,0.03525,0.05464,0.04236,0.04178,0.02940,0.05152,0.03339,0.05679,0.03321,0.02916,0.02779,0.04065
0.19312,0.01912,0.02073,0.01575,0.18349,0.01728,0.01410,0.01688,0.01462,0.02396,0.30873,0.01738,0.01786,0.01980,0.01691,0.02016,0.01380,0.01437,0.01353,0.03840
0.10220,0.04632,0.04805,0.02393,0.10650,0.02442,0.02083,0.03185,0.02059,0.03818,0.02215,0.02099,0.02179,0.11975,0.02859,0.23179,0.02515,0.02282,0.01918,0.02491
0.15666,0.04239,0.04281,0.04323,0.14815,0.04924,0.03625,0.03945,0.03421,0.05636,0.06897,0.03849,0.03254,0.03370,0.02210,0.02976,0.02412,0.01824,0.02286,0.06050
0.18356,0.03539,0.05309,0.04085,0.16081,0.03573,0.03563,0.03892,0.02974,0.05651,0.03954,0.03170,0.02827,0.04598,0.02699,0.04031,0.02360,0.03168,0.02181,0.03989
0.13217,0.04935,0.05546,0.03656,0.14870,0.03683,0.02611,0.04237,0.02882,0.09632,0.02219,0.02848,0.05013,0.06419,0.02520,0.04263,0.02574,0.02107,0.02864,0.03905
0.13253,0.02779,0.03186,0.02111,0.12556,0.02087,0.02260,0.02415,0.01803,0.02334,0.00964,0.02382,0.04473,0.23396,0.02758,0.11880,0.02194,0.02159,0.02905,0.02104
0.18838,0.02794,0.03327,0.02106,0.16839,0.02659,0.02089,0.02620,0.02060,0.02993,0.02006,0.01976,0.02326,0.14644,0.01970,0.12323,0.01737,0.02097,0.01998,0.02600
0.18794,0.01687,0.01803,0.02077,0.17308,0.02297,0.01889,0.02006,0.01758,0.01945,0.05267,0.05078,0.10302,0.05563,0.02167,0.04171,0.02529,0.01797,0.03008,0.08555
0.29521,0.02434,0.02621,0.01918,0.34105,0.01938,0.01678,0.02008,0.01818,0.02857,0.02231,0.01619,0.01919,0.02525,0.01545,0.02078,0.01424,0.01634,0.01651,0.02474
0.11023,0.03018,0.03916,0.02329,0.10745,0.02005,0.02430,0.02891,0.02182,0.03023,0.06345,0.02459,0.02829,0.14540,0.02203,0.15823,0.02456,0.02575,0.02268,0.04940
0.29688,0.02217,0.02584,0.01842,0.29092,0.01728,0.01711,0.02015,0.01862,0.02483,0.10708,0.01373,0.01146,0.01862,0.01410,0.01625,0.01263,0.01183,0.01090,0.03118
0.25537,0.02819,0.02977,0.02270,0.22229,0.02351,0.02108,0.02303,0.01912,0.02695,0.01793,0.03201,0.05168,0.05429,0.02807,0.03863,0.02223,0.02646,0.02640,0.03029
0.27985,0.02872,0.03453,0.02906,0.24684,0.02513,0.02017,0.02520,0.02549,0.03956,0.02067,0.02543,0.02878,0.03116,0.02164,0.02422,0.02287,0.02026,0.02012,0.03030
0.27883,0.02098,0.02712,0.01634,0.25715,0.01768,0.01396,0.01896,0.01558,0.02220,0.01215,0.01870,0.04582,0.10697,0.01442,0.04750,0.01386,0.01321,0.01602,0.02255
0.18901,0.01981,0.01907,0.01832,0.15520,0.01559,0.01540,0.01582,0.01327,0.02005,0.04782,0.06282,0.09248,0.08446,0.02322,0.06242,0.02573,0.02118,0.02476,0.07356
0.13001,0.02481,0.02551,0.02077,0.12472,0.02356,0.02022,0.02341,0.02088,0.02735,0.04519,0.06609,0.15489,0.05208,0.02942,0.03852,0.03288,0.02407,0.03236,0.08327
0.08459,0.02546,0.02657,0.02057,0.08746,0.01979,0.02026,0.01928,0.01573,0.02712,0.01627,0.02049,0.02489,0.21202,0.02115,0.28718,0.01761,0.01593,0.01530,0.02233
0.17061,0.02017,0.02710,0.01970,0.16062,0.02010,0.01722,0.02492,0.01547,0.02086,0.01183,0.01688,0.01894,0.18505,0.01740,0.18518,0.01681,0.01685,0.01503,0.01924
0.12660,0.02794,0.02840,0.02746,0.12228,0.02505,0.02263,0.02804,0.02186,0.03127,0.04276,0.03539,0.04491,0.16612,0.02202,0.10957,0.02029,0.01748,0.02189,0.05804
0.26403,0.02244,0.02855,0.02255,0.24050,0.02211,0.01947,0.02331,0.01886,0.03193,0.05566,0.03561,0.03682,0.01848,0.02318,0.01671,0.02792,0.01624,0.02027,0.05535
0.39302,0.01150,0.01566,0.00991,0.42123,0.00936,0.00998,0.01037,0.00753,0.01120,0.01315,0.00826,0.01078,0.01533,0.00711,0.01257,0.00603,0.00672,0.00698,0.01330
0.21144,0.02818,0.03677,0.02050,0.22873,0.02045,0.01990,0.02885,0.02103,0.02936,0.02511,0.02470,0.02717,0.08882,0.01880,0.07873,0.01806,0.01580,0.02024,0.03737
0.23350,0.02532,0.03069,0.03016,0.21668,0.02610,0.02435,0.02993,0.02364,0.03410,0.05922,0.03038,0.02746,0.03194,0.02713,0.02823,0.02577,0.02381,0.02421,0.04738
0.43265,0.01215,0.01365,0.01294,0.27890,0.01656,0.01083,0.01178,0.00955,0.01332,0.00925,0.01287,0.01360,0.05378,0.01035,0.04439,0.01113,0.00965,0.00984,0.01281
0.18167,0.02377,0.02736,0.02159,0.20200,0.02098,0.01745,0.02310,0.01667,0.02921,0.05335,0.02507,0.03060,0.09313,0.02253,0.09655,0.01895,0.02281,0.02487,0.04835
0.26917,0.02335,0.03335,0.02548,0.25408,0.02536,0.02082,0.02594,0.01802,0.02295,0.03675,0.02629,0.03649,0.03005,0.02165,0.02896,0.02103,0.01706,0.02079,0.04241
0.25679,0.03206,0.05560,0.03165,0.24339,0.03505,0.03136,0.02761,0.02035,0.03373,0.01111,0.02315,0.02922,0.03733,0.01925,0.03217,0.02460,0.01943,0.01796,0.01818
0.16322,0.02180,0.02609,0.02967,0.12855,0.02899,0.02743,0.02465,0.02248,0.02630,0.01387,0.05815,0.07990,0.12740,0.02716,0.07644,0.02920,0.02877,0.03647,0.02346
0.13513,0.04341,0.06005,0.03472,0.13633,0.04247,0.02905,0.04233,0.02849,0.05389,0.03420,0.03757,0.04048,0.04135,0.03262,0.04276,0.04672,0.04007,0.03298,0.04539
0.24952,0.02235,0.03128,0.02139,0.25616,0.02296,0.01926,0.02300,0.01858,0.02739,0.07419,0.02882,0.03540,0.02155,0.01706,0.01554,0.01837,0.01662,0.01905,0.06149
0.21953,0.02461,0.02463,0.01948,0.21052,0.02255,0.01634,0.02073,0.01900,0.02843,0.25212,0.01653,0.01353,0.01692,0.01363,0.01528,0.01093,0.01256,0.01152,0.03116
0.19114,0.04101,0.04475,0.02753,0.18213,0.03439,0.02787,0.03073,0.02443,0.03606,0.01920,0.01616,0.01965,0.10421,0.02099,0.09437,0.01834,0.02215,0.02125,0.02362
0.14547,0.03403,0.04430,0.03710,0.14605,0.03063,0.02503,0.03897,0.02692,0.03913,0.02320,0.04081,0.04926,0.09983,0.02542,0.08115,0.03121,0.02943,0.02429,0.02778
0.12644,0.04277,0.04358,0.03073,0.11742,0.02703,0.02812,0.03664,0.03098,0.03525,0.02821,0.03783,0.03333,0.10322,0.03757,0.12111,0.02982,0.02445,0.03126,0.03424
0.21240,0.02933,0.03236,0.02230,0.22100,0.02822,0.02175,0.02844,0.02302,0.03502,0.08156,0.03002,0.02362,0.03311,0.02313,0.03129,0.01733,0.02188,0.02179,0.06241
0.27653,0.02669,0.02847,0.02295,0.33491,0.02404,0.01913,0.02370,0.01642,0.02693,0.01002,0.01342,0.01428,0.04228,0.01840,0.04648,0.01362,0.01412,0.01308,0.01453
0.22264,0.04243,0.05620,0.03719,0.19964,0.04016,0.03519,0.04822,0.03136,0.04841,0.02475,0.02154,0.01735,0.04025,0.01969,0.03633,0.02200,0.01962,0.01463,0.02241
0.33439,0.02529,0.02335,0.01804,0.33962,0.01837,0.01397,0.02022,0.01672,0.02881,0.01477,0.01478,0.01817,0.02707,0.01215,0.02084,0.01184,0.01036,0.01139,0.01986
0.07901,0.06007,0.12837,0.04252,0.07320,0.02984,0.04196,0.06192,0.04394,0.06125,0.06868,0.03478,0.02631,0.02811,0.04371,0.03365,0.03661,0.02916,0.03461,0.04228
0.18221,0.03333,0.03907,0.02790,0.22644,0.03304,0.02498,0.02562,0.02526,0.03909,0.01950,0.05102,0.05748,0.03835,0.02651,0.03262,0.03102,0.02666,0.03014,0.02977
0.18289,0.03100,0.03226,0.02690,0.20740,0.02683,0.01944,0.02740,0.02260,0.03544,0.18790,0.02287,0.01844,0.01602,0.02464,0.01555,0.01936,0.02062,0.01865,0.04380
0.32143,0.02217,0.02514,0.01730,0.28008,0.01738,0.01734,0.01948,0.01700,0.02420,0.02585,0.01747,0.01551,0.02894,0.02638,0.03829,0.02261,0.01712,0.01803,0.02828
0.20208,0.02203,0.02460,0.02911,0.17678,0.02839,0.02356,0.02584,0.02373,0.02992,0.09955,0.03216,0.03449,0.04521,0.02105,0.03675,0.02424,0.02733,0.02216,0.07101
