0.11037,0.00464,0.09905,0.05549,0.21771,0.08041,0.17236,0.06499,0.17987,0.01510
0.03303,0.00293,0.35973,0.00137,0.23402,0.06973,0.13477,0.02036,0.12902,0.01503
0.20233,0.01053,0.10361,0.00457,0.04421,0.14354,0.44625,0.01887,0.02128,0.00482
0.03936,0.00597,0.23529,0.00169,0.11795,0.26863,0.19169,0.00347,0.02648,0.10947
0.29505,0.00520,0.10764,0.00391,0.06042,0.41132,0.08682,0.00409,0.01697,0.00859
0.06034,0.00204,0.12971,0.00139,0.18862,0.52716,0.04545,0.01010,0.02740,0.00778
0.03723,0.01268,0.07398,0.00285,0.06271,0.21401,0.28552,0.02624,0.28070,0.00408
0.01945,0.00243,0.49526,0.00298,0.03309,0.27029,0.16033,0.00353,0.00826,0.00439
0.12313,0.00253,0.16269,0.00117,0.25739,0.23562,0.14838,0.04546,0.01809,0.00554
0.14433,0.00183,0.07053,0.00219,0.37550,0.14091,0.13804,0.01763,0.10163,0.00740
0.04383,0.00710,0.23940,0.00308,0.24778,0.22280,0.17317,0.01761,0.03826,0.00697
0.15045,0.00860,0.10145,0.05593,0.09218,0.39646,0.11787,0.01174,0.05739,0.00793
0.02700,0.28386,0.11493,0.00523,0.26379,0.04792,0.11913,0.00637,0.11985,0.01192
0.33945,0.00280,0.02914,0.00165,0.03447,0.07515,0.29073,0.21047,0.01106,0.00508
0.02904,0.00351,0.16145,0.00342,0.05320,0.45652,0.20781,0.00511,0.06975,0.01020
0.02616,0.00551,0.10144,0.00575,0.48384,0.12362,0.20418,0.00440,0.01913,0.02597
0.07815,0.00374,0.35211,0.00274,0.25036,0.04643,0.03884,0.01041,0.20957,0.00765
0.45130,0.00259,0.26307,0.00149,0.16184,0.03703,0.05076,0.00366,0.02136,0.00690
0.18813,0.00348,0.23918,0.00394,0.12645,0.24258,0.08801,0.01314,0.08535,0.00974
0.09180,0.00241,0.22530,0.00148,0.19532,0.06304,0.38805,0.00847,0.02077,0.00336
0.06931,0.00404,0.07452,0.00259,0.10216,0.14138,0.17057,0.34824,0.01841,0.06879
0.05699,0.00489,0.41058,0.00065,0.10863,0.08970,0.24673,0.00568,0.06850,0.00765
0.05300,0.00508,0.05268,0.00243,0.12191,0.23699,0.44764,0.05216,0.01969,0.00842
0.02264,0.31357,0.04310,0.00317,0.15647,0.26510,0.08504,0.02298,0.08255,0.00538
0.17442,0.00218,0.03750,0.00328,0.18873,0.20363,0.31255,0.04664,0.01913,0.01195
0.22781,0.00179,0.08341,0.00122,0.52778,0.06066,0.04720,0.01096,0.01580,0.02337
0.03300,0.00236,0.03534,0.00225,0.03436,0.31876,0.11634,0.01937,0.43427,0.00395
0.08605,0.00578,0.03750,0.00289,0.30144,0.10073,0.13994,0.19244,0.11779,0.01545
0.03350,0.00356,0.43489,0.00264,0.01941,0.23318,0.21256,0.03973,0.00918,0.01134
0.35357,0.00365,0.02843,0.10120,0.06834,0.08530,0.21365,0.00610,0.12898,0.01078
0.04995,0.00521,0.11689,0.00183,0.06801,0.27464,0.40927,0.03901,0.02873,0.00646
0.07986,0.00481,0.12161,0.00326,0.05022,0.28866,0.25286,0.07425,0.07033,0.05413
0.02289,0.00099,0.50491,0.00560,0.07059,0.05839,0.19926,0.00580,0.09902,0.03254
0.15732,0.01694,0.40907,0.00311,0.09912,0.06526,0.16453,0.00900,0.05441,0.02124
0.09951,0.00476,0.28761,0.00515,0.20922,0.10662,0.22665,0.01650,0.02568,0.01830
0.00547,0.00089,0.02925,0.00188,0.88801,0.04552,0.01107,0.00402,0.01016,0.00373
0.04859,0.00456,0.18057,0.00273,0.32046,0.06335,0.31081,0.03630,0.03004,0.00258
0.04471,0.00157,0.65659,0.00261,0.04783,0.03010,0.17347,0.02020,0.00927,0.01365
0.32852,0.00342,0.18316,0.00084,0.19457,0.04855,0.02410,0.04509,0.14979,0.02198
0.04984,0.00702,0.25894,0.00122,0.03901,0.36924,0.15114,0.00942,0.09892,0.01525
0.02808,0.00147,0.29474,0.00197,0.32942,0.04234,0.22333,0.00731,0.02539,0.04595
0.16575,0.00318,0.23191,0.00278,0.11364,0.10804,0.01505,0.01042,0.33255,0.01670
0.30108,0.01103,0.06033,0.00836,0.05852,0.34318,0.17437,0.02182,0.01830,0.00302
0.13414,0.01757,0.07154,0.00282,0.08580,0.08797,0.11998,0.01392,0.43591,0.03035
0.01232,0.00194,0.04472,0.00252,0.48899,0.25445,0.05899,0.02069,0.01121,0.10417
0.05197,0.00360,0.17597,0.00264,0.04898,0.36612,0.05635,0.04584,0.23147,0.01706
0.03155,0.02235,0.32681,0.00712,0.26314,0.10671,0.04787,0.02412,0.05749,0.11285
0.67147,0.00242,0.02374,0.00117,0.06744,0.05343,0.14675,0.00321,0.02314,0.00723
0.02040,0.00668,0.18266,0.00320,0.17020,0.42332,0.02305,0.01570,0.14846,0.00632
0.09610,0.01634,0.21936,0.00264,0.09752,0.10358,0.13541,0.02125,0.16931,0.13848
0.49848,0.00196,0.08445,0.00208,0.20236,0.06373,0.04317,0.00359,0.07558,0.02461
0.08883,0.00153,0.06975,0.00263,0.18738,0.03943,0.39818,0.00710,0.18923,0.01594
0.14755,0.00790,0.13240,0.00133,0.24446,0.23780,0.12656,0.01323,0.07920,0.00957
0.01969,0.25503,0.03440,0.00106,0.15236,0.19076,0.03387,0.00641,0.28232,0.02411
0.08191,0.02865,0.14828,0.00263,0.29731,0.12597,0.04458,0.01213,0.23021,0.02832
0.19776,0.01798,0.08612,0.00210,0.33782,0.13866,0.01520,0.06017,0.13970,0.00449
0.02029,0.01270,0.38467,0.01424,0.27790,0.10821,0.05693,0.03575,0.05290,0.03641
0.11678,0.01761,0.21943,0.00145,0.18794,0.20324,0.17046,0.05023,0.02624,0.00663
0.05607,0.03211,0.11810,0.00457,0.09783,0.17004,0.09822,0.00843,0.39731,0.01732
0.16956,0.00143,0.30411,0.00408,0.01722,0.22584,0.04080,0.21627,0.01196,0.00872
0.14611,0.00305,0.40353,0.00457,0.29731,0.06855,0.03750,0.01512,0.01232,0.01195
0.01649,0.00318,0.06473,0.00384,0.53388,0.13709,0.03134,0.00956,0.18786,0.01205
0.47572,0.01898,0.09763,0.00175,0.09179,0.07563,0.13860,0.01223,0.03125,0.05643
0.02816,0.00236,0.43473,0.00368,0.25676,0.04065,0.19430,0.00811,0.02384,0.00740
0.33985,0.00530,0.08635,0.00675,0.23224,0.02707,0.17288,0.00614,0.09008,0.03334
0.03547,0.00730,0.28206,0.02804,0.11063,0.31174,0.17886,0.00823,0.02756,0.01011
0.02513,0.00188,0.62826,0.00142,0.25033,0.04042,0.01624,0.00207,0.01977,0.01448
0.05386,0.02484,0.19942,0.00232,0.26179,0.12775,0.02150,0.03804,0.24227,0.02823
0.29610,0.00706,0.12414,0.00991,0.18233,0.11749,0.03080,0.00535,0.03169,0.19515
0.13335,0.00196,0.30629,0.00135,0.04272,0.41609,0.02082,0.01161,0.05820,0.00760
0.03191,0.00828,0.24167,0.00611,0.04175,0.42709,0.20313,0.01559,0.01461,0.00987
0.13792,0.01321,0.43022,0.00420,0.14047,0.07211,0.15699,0.00434,0.02099,0.01954
0.10123,0.00242,0.05165,0.00711,0.17440,0.08740,0.37483,0.03093,0.15859,0.01144
0.02704,0.00283,0.08831,0.00303,0.05088,0.09058,0.50267,0.02135,0.20538,0.00794
0.07388,0.00719,0.28576,0.00237,0.18956,0.10823,0.01907,0.00710,0.06448,0.24235
0.07341,0.00514,0.02339,0.00261,0.35254,0.07456,0.26853,0.01503,0.17723,0.00757
0.01272,0.00180,0.16937,0.00142,0.06412,0.06689,0.02028,0.01126,0.02566,0.62649
0.06987,0.00256,0.24746,0.00377,0.20233,0.09592,0.06468,0.00362,0.02543,0.28438
0.01011,0.00288,0.57288,0.00295,0.14344,0.03146,0.12217,0.00655,0.01283,0.09473
0.05921,0.00272,0.02747,0.00190,0.42130,0.41305,0.02521,0.01500,0.01882,0.01531
0.17188,0.00316,0.02967,0.00517,0.39533,0.19513,0.07623,0.01300,0.10258,0.00785
0.02539,0.00264,0.03029,0.00302,0.34420,0.09121,0.05140,0.00708,0.44116,0.00361
0.14718,0.00344,0.15257,0.00200,0.19547,0.12795,0.19255,0.09561,0.07677,0.00646
0.04810,0.00588,0.74426,0.00065,0.05593,0.01967,0.01587,0.06808,0.03710,0.00447
0.03163,0.01032,0.07547,0.00161,0.11660,0.09446,0.16715,0.04268,0.45728,0.00281
0.01540,0.01452,0.27903,0.00442,0.08138,0.37718,0.02303,0.15471,0.04239,0.00793
0.17490,0.00221,0.21673,0.00368,0.03262,0.04078,0.02580,0.00247,0.49828,0.00254
0.02364,0.00315,0.34650,0.00225,0.29179,0.26068,0.02041,0.01313,0.02569,0.01277
0.05398,0.00489,0.07117,0.00242,0.02750,0.25217,0.50525,0.00950,0.05212,0.02101
0.23751,0.00412,0.04268,0.03150,0.13221,0.14712,0.29911,0.01954,0.08324,0.00297
0.02229,0.00305,0.12274,0.00328,0.04357,0.50006,0.06209,0.01594,0.22208,0.00490
0.11319,0.00388,0.04733,0.00596,0.10359,0.46695,0.05371,0.15919,0.02793,0.01827
0.01999,0.00302,0.05731,0.00205,0.33025,0.24752,0.30542,0.00691,0.01698,0.01056
0.08258,0.00210,0.16837,0.00235,0.22159,0.04262,0.20953,0.24770,0.01086,0.01229
0.02975,0.00123,0.59572,0.00213,0.17250,0.06608,0.08684,0.00691,0.03131,0.00754
0.31552,0.00272,0.23916,0.00337,0.01415,0.32345,0.04635,0.00487,0.03503,0.01539
0.03819,0.00194,0.06772,0.00196,0.30418,0.12496,0.11665,0.25750,0.06518,0.02172
0.02391,0.00626,0.48292,0.00502,0.03421,0.23294,0.06133,0.11537,0.02859,0.00944
0.53057,0.00083,0.05583,0.00155,0.12705,0.02760,0.01670,0.00259,0.23479,0.00248
0.01425,0.00142,0.03937,0.00086,0.30762,0.17724,0.32452,0.06541,0.06576,0.00355
