0.11359,0.01414,0.02444,0.01730,0.02231,0.01616,0.01086,0.42708,0.33992,0.01419
0.12455,0.02789,0.05031,0.03323,0.03935,0.06656,0.02769,0.33172,0.26294,0.03574
0.04959,0.03113,0.04717,0.03990,0.09591,0.01766,0.01463,0.26426,0.42141,0.01834
0.06504,0.01547,0.03317,0.02315,0.03750,0.01669,0.01292,0.40436,0.37603,0.01567
0.04881,0.01006,0.01864,0.01514,0.02015,0.01678,0.01153,0.44134,0.40419,0.01336
0.03909,0.00952,0.01654,0.01370,0.01496,0.01349,0.01091,0.47368,0.39584,0.01226
0.12930,0.03600,0.06185,0.04555,0.04407,0.03403,0.02057,0.30346,0.29522,0.02996
0.03818,0.01310,0.02181,0.01705,0.02231,0.01212,0.01111,0.29355,0.55810,0.01267
0.04518,0.01335,0.01875,0.01504,0.01892,0.01830,0.01471,0.46282,0.37423,0.01871
0.10752,0.02629,0.04265,0.04019,0.04002,0.01881,0.01678,0.30188,0.38619,0.01967
0.04834,0.01998,0.02809,0.02425,0.02617,0.01538,0.05513,0.18626,0.56191,0.03449
0.05761,0.01772,0.02864,0.02484,0.02703,0.02301,0.01836,0.31119,0.46549,0.02610
0.02546,0.01334,0.02320,0.01760,0.02582,0.01416,0.01569,0.27242,0.57506,0.01725
0.05444,0.01147,0.01764,0.01389,0.01334,0.01312,0.01085,0.39565,0.45707,0.01253
0.07215,0.01571,0.02857,0.02238,0.02729,0.01226,0.01773,0.24531,0.54095,0.01767
0.12084,0.01465,0.02652,0.01967,0.02190,0.01443,0.01264,0.26716,0.48866,0.01353
0.09925,0.03776,0.05507,0.04477,0.04075,0.02781,0.03518,0.24175,0.37112,0.04653
0.15021,0.01945,0.04602,0.02947,0.04762,0.01884,0.01505,0.30745,0.35079,0.01510
0.05118,0.02147,0.03957,0.02415,0.04438,0.02134,0.01000,0.47053,0.30466,0.01271
0.02708,0.00529,0.00937,0.00641,0.00973,0.00721,0.00510,0.62912,0.29475,0.00595
0.10863,0.01037,0.02375,0.01534,0.02084,0.01665,0.01304,0.37464,0.39917,0.01757
0.11544,0.03786,0.07358,0.06210,0.10876,0.02225,0.02562,0.21866,0.31068,0.02507
0.05005,0.01792,0.03208,0.02400,0.03333,0.02992,0.01959,0.48064,0.29030,0.02217
0.03556,0.00837,0.01357,0.01111,0.01356,0.01110,0.00731,0.37282,0.51706,0.00953
0.11310,0.03944,0.06351,0.05241,0.06035,0.02651,0.04097,0.21216,0.34514,0.04642
0.04035,0.00837,0.01399,0.01162,0.01375,0.01185,0.00982,0.44276,0.43631,0.01119
0.03114,0.01215,0.01773,0.01426,0.01896,0.00897,0.00700,0.32099,0.56027,0.00852
0.19496,0.02305,0.03982,0.02841,0.02887,0.01821,0.01512,0.24104,0.38867,0.02184
0.14715,0.02134,0.03819,0.02778,0.03712,0.01020,0.01236,0.17733,0.51642,0.01211
0.03437,0.01406,0.01963,0.01681,0.02257,0.01262,0.01486,0.34130,0.50828,0.01551
0.16766,0.03395,0.07082,0.04898,0.07268,0.04517,0.02932,0.28363,0.21314,0.03465
0.12607,0.04915,0.10973,0.08583,0.20443,0.02417,0.02922,0.16063,0.17580,0.03498
0.03056,0.00700,0.01146,0.00915,0.01047,0.00884,0.00758,0.29925,0.60632,0.00937
0.02926,0.00716,0.01191,0.00836,0.01054,0.00765,0.00572,0.36537,0.54726,0.00678
0.04380,0.02015,0.03348,0.02632,0.04655,0.01687,0.01242,0.32836,0.45849,0.01355
0.06547,0.02569,0.04558,0.03103,0.04636,0.02028,0.01868,0.29213,0.43296,0.02182
0.02558,0.01126,0.02088,0.01345,0.02978,0.01311,0.00924,0.45745,0.40770,0.01155
0.05756,0.01284,0.01816,0.01700,0.01807,0.01618,0.01686,0.33955,0.48717,0.01662
0.04646,0.02479,0.06488,0.03819,0.08331,0.02083,0.02450,0.34657,0.32629,0.02418
0.09212,0.02507,0.04428,0.03245,0.03580,0.02781,0.01950,0.32059,0.37373,0.02864
0.08589,0.02481,0.05981,0.04510,0.07794,0.02262,0.01813,0.27636,0.36724,0.02210
0.30957,0.01466,0.02832,0.01964,0.02447,0.01554,0.01453,0.26086,0.29487,0.01756
0.10195,0.02864,0.05296,0.03977,0.08003,0.03951,0.01880,0.34787,0.26528,0.02519
0.09378,0.01688,0.02560,0.02170,0.02630,0.01310,0.01514,0.27311,0.49581,0.01858
0.14436,0.02013,0.03796,0.03096,0.03341,0.02790,0.03714,0.26062,0.37179,0.03573
0.06921,0.01472,0.02623,0.02233,0.02328,0.02420,0.02856,0.35426,0.40310,0.03412
0.17506,0.01752,0.04211,0.02227,0.04440,0.01912,0.01020,0.38342,0.27319,0.01272
0.06298,0.01673,0.03169,0.02295,0.03126,0.01590,0.01862,0.20530,0.57030,0.02427
0.14868,0.01223,0.02609,0.01788,0.02343,0.02907,0.01886,0.43573,0.26338,0.02465
0.01767,0.00549,0.00886,0.00710,0.00925,0.00814,0.00649,0.42709,0.50189,0.00802
0.06958,0.00965,0.01699,0.01428,0.01720,0.01145,0.00997,0.50990,0.32895,0.01204
0.01984,0.00560,0.01024,0.00717,0.01045,0.00846,0.00639,0.46242,0.46162,0.00782
0.18086,0.00771,0.01382,0.01027,0.00960,0.01163,0.01282,0.27333,0.46480,0.01515
0.03143,0.00786,0.01185,0.01088,0.01104,0.01041,0.00863,0.33508,0.56260,0.01022
0.15275,0.03437,0.04640,0.03854,0.04156,0.09879,0.03503,0.23663,0.26472,0.05121
0.03355,0.00957,0.01667,0.01270,0.01609,0.01249,0.01072,0.34002,0.53366,0.01452
0.01788,0.00552,0.00815,0.00686,0.00828,0.00755,0.00632,0.26460,0.66663,0.00820
0.06226,0.01027,0.01956,0.01461,0.01690,0.01609,0.01274,0.35408,0.47838,0.01510
0.06853,0.01896,0.03154,0.02489,0.03481,0.02585,0.01731,0.32606,0.42835,0.02370
0.04995,0.02637,0.04063,0.03015,0.06716,0.01497,0.03196,0.19909,0.51501,0.02471
0.09338,0.02454,0.04609,0.03313,0.05349,0.01326,0.01150,0.23678,0.47170,0.01613
0.22142,0.01136,0.02555,0.01846,0.02563,0.01090,0.00829,0.29193,0.37689,0.00957
0.04891,0.00963,0.02089,0.01446,0.02811,0.01275,0.00748,0.51368,0.33586,0.00824
0.05040,0.02800,0.05461,0.03725,0.06740,0.04050,0.06719,0.29866,0.29523,0.06075
0.03277,0.00921,0.01510,0.01184,0.01710,0.01199,0.00870,0.39266,0.49049,0.01014
0.07927,0.01632,0.02941,0.02066,0.02971,0.03873,0.02538,0.44280,0.28087,0.03686
0.04089,0.01086,0.02144,0.01429,0.01991,0.01130,0.01136,0.25232,0.60489,0.01274
0.09776,0.02694,0.04572,0.03645,0.04060,0.03070,0.02745,0.34977,0.31965,0.02496
0.01851,0.00583,0.00931,0.00737,0.00885,0.00673,0.00658,0.30686,0.62292,0.00704
0.11377,0.02453,0.04112,0.03434,0.04789,0.03360,0.02393,0.37818,0.27474,0.02790
0.03066,0.00871,0.01619,0.01172,0.01618,0.01038,0.00745,0.40882,0.48106,0.00884
0.10284,0.02436,0.07058,0.03774,0.07529,0.01991,0.01849,0.24773,0.38111,0.02195
0.05783,0.01775,0.02899,0.02693,0.02973,0.02721,0.02446,0.34857,0.41065,0.02786
0.07410,0.02285,0.03491,0.02525,0.03296,0.02699,0.02464,0.35641,0.37144,0.03045
0.07777,0.03414,0.09821,0.04921,0.15727,0.01873,0.02102,0.22678,0.29580,0.02106
0.14459,0.02239,0.03003,0.02890,0.02886,0.02269,0.02094,0.29663,0.37831,0.02667
0.02019,0.00681,0.01051,0.00953,0.01031,0.00865,0.00774,0.24546,0.67135,0.00943
0.07331,0.01244,0.02479,0.01631,0.02234,0.00869,0.00795,0.31240,0.51358,0.00818
0.04711,0.02413,0.03458,0.02645,0.03935,0.03041,0.01946,0.36735,0.38681,0.02433
0.11277,0.01520,0.02139,0.02061,0.02463,0.01008,0.01117,0.20319,0.56974,0.01124
0.05170,0.01393,0.03023,0.02025,0.02950,0.01617,0.00791,0.46203,0.35789,0.01039
0.18768,0.01489,0.03205,0.02105,0.02685,0.04889,0.02299,0.42148,0.20164,0.02249
0.17953,0.01861,0.03026,0.02419,0.02391,0.02054,0.01770,0.31189,0.35283,0.02054
0.04113,0.01334,0.02023,0.01615,0.02250,0.01422,0.01449,0.34834,0.49545,0.01416
0.04127,0.03299,0.05180,0.05092,0.14840,0.03533,0.01408,0.37288,0.22925,0.02307
0.21155,0.02284,0.04258,0.03191,0.04949,0.02143,0.01296,0.26488,0.32293,0.01944
0.03245,0.00795,0.01415,0.01056,0.01353,0.01206,0.00718,0.54667,0.34578,0.00967
0.04753,0.02510,0.04625,0.03002,0.05529,0.01698,0.02430,0.27080,0.45259,0.03113
0.04297,0.01445,0.03636,0.02215,0.04214,0.02369,0.01467,0.49555,0.28947,0.01854
0.08856,0.01100,0.02004,0.01529,0.01967,0.01098,0.00969,0.38902,0.42411,0.01163
0.02783,0.00750,0.01221,0.01081,0.01125,0.00974,0.00778,0.41332,0.49069,0.00887
0.24285,0.01453,0.02642,0.01948,0.01850,0.01417,0.01332,0.27696,0.35738,0.01638
0.01584,0.00472,0.00787,0.00614,0.00698,0.00744,0.00522,0.39863,0.53960,0.00757
0.06185,0.01419,0.02305,0.01790,0.02456,0.01854,0.01689,0.35929,0.44370,0.02004
0.04698,0.01128,0.02123,0.01610,0.02301,0.00747,0.00643,0.36400,0.49666,0.00684
0.06775,0.01866,0.03665,0.02812,0.04340,0.01812,0.01926,0.28571,0.46369,0.01863
0.09272,0.02389,0.04609,0.03609,0.05943,0.03445,0.03747,0.31143,0.30223,0.05621
0.03808,0.00980,0.01711,0.01417,0.01888,0.01324,0.01367,0.39711,0.46333,0.01461
0.05097,0.01115,0.01814,0.01470,0.01602,0.01346,0.01031,0.39966,0.44976,0.01583
0.17030,0.04537,0.06816,0.05740,0.07307,0.03153,0.02483,0.27215,0.22714,0.03004
