0.14546,0.00000,0.21818,0.09249,0.23541,0.00000,0.00918,0.00000,0.08376,0.00000,0.16672,0.00012,0.00000,0.00490,0.04378
0.01444,0.00000,0.28673,0.01099,0.15147,0.00000,0.29937,0.00000,0.10326,0.00000,0.00382,0.00000,0.00367,0.11734,0.00892
0.17608,0.00000,0.01373,0.00048,0.14870,0.00064,0.49525,0.00000,0.14008,0.00088,0.00236,0.00000,0.00199,0.00516,0.01466
0.00855,0.00000,0.09182,0.00310,0.03614,0.00000,0.03916,0.00016,0.25716,0.00002,0.09702,0.00021,0.00000,0.00145,0.46522
0.00829,0.09770,0.20673,0.00564,0.00075,0.00000,0.13965,0.00977,0.33771,0.00586,0.09926,0.00000,0.00000,0.00000,0.08864
0.00004,0.00014,0.49891,0.01273,0.02305,0.00000,0.33271,0.00000,0.07161,0.00456,0.03458,0.00004,0.00045,0.02105,0.00012
0.00110,0.02591,0.00317,0.00183,0.00088,0.00000,0.40561,0.00000,0.22759,0.00000,0.02189,0.00000,0.00000,0.26339,0.04863
0.00267,0.00000,0.26475,0.19727,0.00455,0.00445,0.17741,0.00000,0.20544,0.00429,0.00012,0.00000,0.00594,0.00001,0.13311
0.00281,0.00000,0.19146,0.05964,0.00773,0.00000,0.36528,0.00004,0.08314,0.00223,0.00730,0.00000,0.00001,0.00023,0.28015
0.32095,0.00000,0.08616,0.03761,0.01167,0.00000,0.12548,0.00079,0.38021,0.00003,0.00056,0.00003,0.00001,0.00000,0.03651
0.00508,0.00000,0.23377,0.29587,0.01783,0.00000,0.21055,0.00000,0.04131,0.00410,0.10106,0.05288,0.00000,0.00238,0.03518
0.12424,0.03259,0.16740,0.04867,0.34005,0.00000,0.04742,0.00000,0.19106,0.00003,0.00147,0.00000,0.00008,0.04399,0.00300
0.05113,0.00000,0.05441,0.01899,0.00003,0.00000,0.39076,0.00000,0.30550,0.00000,0.01095,0.00000,0.00012,0.06577,0.10234
0.01367,0.00002,0.02620,0.08595,0.00038,0.00000,0.05904,0.00814,0.67466,0.00000,0.01772,0.00317,0.00478,0.08408,0.02218
0.01354,0.00224,0.13942,0.06495,0.00641,0.01649,0.47721,0.00000,0.05089,0.03702,0.00583,0.03653,0.00052,0.12225,0.02671
0.03508,0.00000,0.00701,0.00385,0.06472,0.00000,0.68664,0.00001,0.16480,0.00040,0.00010,0.00009,0.00000,0.03564,0.00167
0.20112,0.00000,0.00849,0.01649,0.12934,0.00000,0.45597,0.00671,0.13355,0.00191,0.02009,0.00000,0.00080,0.00020,0.02533
0.02671,0.00000,0.13793,0.00106,0.10180,0.00000,0.27290,0.00054,0.15903,0.10953,0.12221,0.00000,0.00003,0.06188,0.00639
0.00016,0.01427,0.18784,0.00094,0.18027,0.00000,0.36838,0.04864,0.18767,0.00004,0.00333,0.00000,0.00000,0.00001,0.00847
0.00023,0.02142,0.10260,0.05658,0.04408,0.00000,0.29743,0.02589,0.18460,0.01800,0.20067,0.02910,0.00000,0.00000,0.01941
0.00285,0.00000,0.13067,0.03948,0.21715,0.00000,0.08000,0.00000,0.44548,0.00005,0.02337,0.00127,0.00000,0.05967,0.00000
0.03268,0.01008,0.02657,0.00101,0.26625,0.00209,0.32730,0.00000,0.29084,0.00000,0.01248,0.00000,0.03054,0.00017,0.00000
0.01430,0.00000,0.04946,0.07260,0.01137,0.00000,0.43585,0.00000,0.34424,0.00217,0.00000,0.00005,0.00000,0.06951,0.00044
0.04485,0.00001,0.27390,0.00597,0.06807,0.00002,0.07016,0.00021,0.34047,0.00001,0.03047,0.00000,0.00000,0.15656,0.00929
0.00005,0.00000,0.26519,0.00000,0.01608,0.00000,0.25875,0.00000,0.39918,0.04284,0.00036,0.00000,0.00000,0.01402,0.00354
0.00160,0.00695,0.07957,0.09041,0.08938,0.00000,0.36474,0.00000,0.19288,0.01979,0.03876,0.00129,0.00000,0.11161,0.00301
0.40305,0.00000,0.08552,0.00994,0.01757,0.03124,0.11717,0.00000,0.27078,0.00981,0.00171,0.03507,0.00001,0.00005,0.01808
0.01432,0.00000,0.20261,0.12892,0.00073,0.00000,0.12903,0.00000,0.25778,0.26324,0.00001,0.00000,0.00000,0.00014,0.00324
0.01105,0.00000,0.26290,0.00100,0.14523,0.00067,0.05578,0.07085,0.20429,0.00001,0.00031,0.00000,0.00000,0.24304,0.00488
0.00811,0.00000,0.08235,0.01189,0.17444,0.00001,0.57015,0.00256,0.08402,0.04035,0.00552,0.00000,0.00077,0.00216,0.01767
0.30047,0.00000,0.11943,0.00018,0.02233,0.00000,0.43089,0.00000,0.03096,0.00242,0.02413,0.00910,0.00000,0.00001,0.06009
0.00001,0.00000,0.26416,0.04146,0.31925,0.00000,0.32747,0.00000,0.01779,0.00010,0.02286,0.00000,0.00009,0.00615,0.00067
0.07277,0.00000,0.10010,0.03427,0.13378,0.00000,0.11523,0.00000,0.47123,0.00000,0.02265,0.00001,0.00000,0.00004,0.04992
0.00002,0.00011,0.12361,0.17720,0.09196,0.00000,0.45917,0.00000,0.03914,0.00034,0.06692,0.02839,0.00000,0.01305,0.00010
0.01737,0.00000,0.02068,0.19223,0.03465,0.00000,0.32006,0.00004,0.26971,0.04096,0.00018,0.10064,0.00000,0.00030,0.00319
0.02646,0.00000,0.03541,0.15674,0.01409,0.00059,0.06566,0.00081,0.30068,0.00051,0.31047,0.00000,0.00000,0.08388,0.00470
0.00150,0.00000,0.15824,0.05415,0.00184,0.00000,0.34767,0.00000,0.08663,0.00067,0.00019,0.00381,0.04470,0.30008,0.00052
0.02310,0.00389,0.01540,0.11099,0.13269,0.00000,0.45650,0.04515,0.07677,0.02073,0.00426,0.00000,0.00000,0.00810,0.10243
0.00002,0.00276,0.06722,0.05461,0.11325,0.00000,0.04800,0.00371,0.50510,0.00119,0.00000,0.00000,0.00000,0.01688,0.18727
0.02650,0.00000,0.10400,0.00586,0.23632,0.00000,0.39802,0.00000,0.22505,0.00124,0.00207,0.00000,0.00000,0.00092,0.00003
0.00141,0.00079,0.25649,0.04629,0.02358,0.00067,0.34841,0.00000,0.29825,0.00000,0.02092,0.00000,0.00002,0.00007,0.00310
0.31954,0.00000,0.24269,0.03937,0.00143,0.00000,0.18721,0.00000,0.15962,0.00005,0.00614,0.00012,0.00000,0.00064,0.04318
0.01109,0.05517,0.08652,0.00341,0.07878,0.00000,0.61102,0.00000,0.07643,0.00004,0.01750,0.01310,0.00000,0.04685,0.00008
0.28946,0.00016,0.00060,0.00551,0.22807,0.00000,0.02273,0.00058,0.43550,0.00000,0.00000,0.00000,0.00000,0.01504,0.00234
0.00335,0.00000,0.24584,0.03072,0.15766,0.00000,0.13249,0.02756,0.35978,0.00011,0.00174,0.00000,0.00000,0.04073,0.00000
0.01024,0.00000,0.49491,0.12752,0.04548,0.00000,0.17411,0.00000,0.09199,0.00003,0.02785,0.01658,0.01115,0.00012,0.00002
0.00742,0.00001,0.05781,0.01431,0.40684,0.00000,0.37185,0.00000,0.02014,0.07825,0.03876,0.00000,0.00000,0.00456,0.00005
0.00000,0.00000,0.25386,0.00355,0.00396,0.00037,0.21302,0.00000,0.40432,0.00059,0.07552,0.02603,0.00000,0.01663,0.00214
0.01111,0.00000,0.11107,0.03562,0.04305,0.04004,0.21277,0.00000,0.14356,0.34192,0.00013,0.00000,0.00001,0.00000,0.06072
0.07520,0.07082,0.11521,0.06377,0.02326,0.00000,0.22828,0.00000,0.09187,0.09443,0.21405,0.00000,0.00000,0.02277,0.00035
0.00042,0.00570,0.04148,0.00010,0.07781,0.00010,0.62029,0.00000,0.25233,0.00092,0.00003,0.00000,0.00000,0.00000,0.00082
0.00126,0.08228,0.03411,0.00322,0.00129,0.00982,0.54410,0.00781,0.14211,0.00044,0.00949,0.01621,0.00000,0.00004,0.14783
0.01251,0.00006,0.04841,0.03773,0.01552,0.00000,0.40006,0.00000,0.47077,0.01254,0.00216,0.00016,0.00000,0.00003,0.00005
0.04089,0.00001,0.05981,0.29811,0.42828,0.00000,0.11413,0.00000,0.00833,0.00001,0.00048,0.01982,0.00000,0.00696,0.02317
0.00021,0.00000,0.08922,0.01006,0.20162,0.00000,0.36449,0.00000,0.03977,0.00000,0.00002,0.00000,0.00474,0.28662,0.00325
0.00065,0.07863,0.29976,0.00001,0.00296,0.00007,0.50118,0.00015,0.03869,0.00002,0.00000,0.00000,0.00000,0.01782,0.06005
0.05619,0.00000,0.13429,0.04687,0.20145,0.00000,0.40559,0.00000,0.12892,0.00000,0.00103,0.00000,0.00000,0.00039,0.02527
0.00685,0.00000,0.01111,0.00945,0.24463,0.00000,0.44006,0.01433,0.18592,0.00001,0.05752,0.00001,0.00019,0.02904,0.00088
0.00071,0.00000,0.23581,0.01431,0.01607,0.00000,0.52500,0.00000,0.12037,0.00127,0.02414,0.00000,0.00000,0.00009,0.06225
0.00011,0.00777,0.32231,0.06600,0.02170,0.00000,0.25789,0.00016,0.16384,0.05195,0.09264,0.00000,0.00000,0.00023,0.01541
0.00179,0.00000,0.22260,0.07818,0.00247,0.00181,0.38231,0.00000,0.00711,0.00581,0.00000,0.00001,0.00019,0.26263,0.03510
0.06571,0.00000,0.07628,0.08454,0.00217,0.00000,0.39436,0.00000,0.36273,0.00831,0.00016,0.00000,0.00000,0.00066,0.00507
0.00009,0.00193,0.04039,0.04047,0.02564,0.00043,0.09059,0.00000,0.66357,0.00339,0.00090,0.00000,0.10793,0.00039,0.02429
0.00000,0.00000,0.02892,0.00771,0.01025,0.00050,0.08790,0.00848,0.49700,0.00554,0.00191,0.00044,0.00000,0.09745,0.25390
0.00208,0.00573,0.05060,0.00003,0.14330,0.00000,0.10696,0.00000,0.49895,0.03029,0.00001,0.00000,0.06698,0.00008,0.09499
0.00544,0.00000,0.05978,0.00429,0.00000,0.00000,0.53869,0.01511,0.31889,0.00000,0.02475,0.00377,0.00000,0.00029,0.02899
0.01141,0.00000,0.05453,0.00620,0.03438,0.06242,0.19180,0.00002,0.58118,0.00000,0.04915,0.00000,0.00000,0.00000,0.00890
0.24041,0.02326,0.01284,0.00059,0.06968,0.00270,0.34570,0.00000,0.15550,0.11790,0.00261,0.00000,0.00000,0.00603,0.02276
0.00588,0.00000,0.03774,0.00419,0.00964,0.00000,0.01630,0.00000,0.14078,0.12286,0.21700,0.14060,0.00000,0.06095,0.24406
0.21415,0.00002,0.01847,0.02711,0.04629,0.00000,0.30618,0.00000,0.16773,0.06997,0.13629,0.00000,0.00000,0.00396,0.00983
0.00529,0.00000,0.00121,0.03681,0.00153,0.16565,0.42500,0.00097,0.25055,0.00000,0.06490,0.00000,0.00122,0.01095,0.03591
0.15293,0.00000,0.05950,0.15268,0.04013,0.00000,0.28934,0.00028,0.14276,0.00000,0.01911,0.00000,0.00001,0.02358,0.11967
0.05054,0.00000,0.16692,0.00083,0.06462,0.00000,0.06629,0.00000,0.14847,0.00027,0.11212,0.01992,0.00001,0.21092,0.15910
0.00000,0.09282,0.02482,0.00388,0.01759,0.00000,0.35370,0.00125,0.43010,0.00007,0.00430,0.00000,0.00000,0.00015,0.07131
0.15548,0.00000,0.10426,0.02408,0.02754,0.00000,0.24680,0.00127,0.21294,0.20132,0.01850,0.00000,0.00000,0.00684,0.00096
0.01161,0.00003,0.13951,0.10278,0.02435,0.00000,0.46805,0.00000,0.21990,0.00002,0.00029,0.00000,0.00000,0.00652,0.02693
0.00940,0.00000,0.00417,0.00030,0.00986,0.00000,0.39754,0.00000,0.48018,0.05066,0.00043,0.00001,0.00000,0.04258,0.00486
0.00003,0.00000,0.05196,0.01442,0.23827,0.00000,0.54715,0.00000,0.11825,0.01867,0.00567,0.00373,0.00001,0.00132,0.00053
0.45681,0.00000,0.03946,0.00082,0.02906,0.00002,0.01665,0.00012,0.44588,0.00000,0.00007,0.00000,0.00007,0.01100,0.00004
0.13687,0.00207,0.01482,0.00996,0.03120,0.01195,0.44540,0.00000,0.32038,0.00000,0.00712,0.00000,0.00000,0.00027,0.01996
0.00138,0.00000,0.14845,0.02580,0.02910,0.00000,0.02784,0.33721,0.40126,0.00003,0.00416,0.00014,0.00000,0.02441,0.00022
0.32168,0.00000,0.37910,0.03081,0.00881,0.00000,0.10454,0.00000,0.08056,0.01142,0.00571,0.00000,0.00000,0.02949,0.02790
0.02012,0.00000,0.14148,0.08369,0.05270,0.00000,0.54699,0.00000,0.01445,0.00000,0.00005,0.00000,0.00003,0.14049,0.00000
0.00374,0.00000,0.01883,0.00456,0.05059,0.00000,0.17919,0.00000,0.56573,0.00068,0.01868,0.00000,0.00000,0.06169,0.09631
0.00000,0.00000,0.19249,0.00362,0.25354,0.00000,0.31466,0.00000,0.02843,0.06138,0.00430,0.00204,0.00490,0.01706,0.11760
0.01086,0.00001,0.02322,0.13126,0.12115,0.00000,0.38786,0.00000,0.02107,0.00000,0.07488,0.00003,0.00000,0.00970,0.21996
0.04368,0.00000,0.41910,0.00005,0.03294,0.00000,0.29937,0.00000,0.00840,0.01023,0.00162,0.00000,0.04012,0.00017,0.14430
0.29242,0.00000,0.00560,0.09213,0.01433,0.00011,0.17390,0.00000,0.11634,0.15046,0.11425,0.00000,0.01588,0.00710,0.01749
0.00007,0.00001,0.18405,0.00002,0.00475,0.00000,0.43750,0.00000,0.24719,0.00459,0.00010,0.00000,0.00179,0.00250,0.11744
0.01229,0.02575,0.12906,0.00146,0.00396,0.00000,0.65167,0.00000,0.16839,0.00187,0.00000,0.00000,0.00000,0.00467,0.00087
0.00320,0.00000,0.02335,0.00033,0.01708,0.00001,0.43832,0.00000,0.50909,0.00337,0.00069,0.00125,0.00000,0.00031,0.00301
0.01482,0.00000,0.18842,0.11776,0.37661,0.00000,0.18977,0.00188,0.00858,0.00000,0.00005,0.00000,0.00000,0.00049,0.10160
0.00074,0.00003,0.30287,0.10968,0.00218,0.00000,0.40137,0.09583,0.08007,0.00000,0.00578,0.00134,0.00000,0.00011,0.00001
0.06550,0.00000,0.04184,0.06133,0.00200,0.00000,0.09362,0.00000,0.14710,0.00000,0.03622,0.00000,0.00000,0.00022,0.55216
0.15386,0.00000,0.39717,0.00352,0.01244,0.00000,0.11585,0.00004,0.00326,0.03799,0.00004,0.09177,0.00000,0.09277,0.09127
0.00252,0.00008,0.13504,0.01871,0.00571,0.00000,0.46953,0.00000,0.23205,0.00000,0.05430,0.00000,0.00000,0.06306,0.01899
0.00021,0.00038,0.13088,0.00493,0.06435,0.00000,0.22579,0.00500,0.19599,0.00001,0.01574,0.00000,0.00592,0.03411,0.31668
0.00479,0.00000,0.35178,0.00067,0.01052,0.00000,0.43730,0.00011,0.03581,0.00001,0.00015,0.00383,0.00000,0.09771,0.05731
0.00237,0.00000,0.01324,0.01727,0.00199,0.00000,0.39731,0.00005,0.08427,0.00000,0.01902,0.00000,0.46044,0.00388,0.00016
0.19006,0.03830,0.06187,0.01675,0.00018,0.00343,0.31377,0.00038,0.04180,0.13140,0.00003,0.00000,0.00000,0.04978,0.15224
0.00185,0.00028,0.18984,0.25326,0.00163,0.00024,0.14431,0.00000,0.31119,0.00010,0.00212,0.00000,0.07051,0.00065,0.02402
0.00178,0.07514,0.06646,0.47621,0.00727,0.00005,0.19513,0.00001,0.14312,0.00107,0.00416,0.00003,0.00000,0.02954,0.00003
0.03314,0.00000,0.46658,0.05331,0.02129,0.00004,0.26418,0.00016,0.03776,0.05321,0.00386,0.00001,0.00000,0.00353,0.06294
0.00037,0.00000,0.59699,0.18025,0.10337,0.00000,0.07398,0.00000,0.01046,0.03451,0.00000,0.00000,0.00000,0.00000,0.00007
0.00834,0.00000,0.04285,0.02712,0.06408,0.00000,0.27025,0.03679,0.20660,0.15007,0.02616,0.00079,0.00000,0.01085,0.15610
0.00039,0.00000,0.32422,0.00708,0.00158,0.00000,0.20060,0.00001,0.17923,0.00001,0.28143,0.00000,0.00000,0.00544,0.00000
0.17072,0.00000,0.10787,0.11656,0.20843,0.01576,0.11761,0.00001,0.11632,0.00063,0.03596,0.00020,0.00000,0.10989,0.00004
0.21938,0.00000,0.04689,0.02204,0.19273,0.00000,0.04099,0.00001,0.11607,0.00000,0.00000,0.00002,0.00000,0.10885,0.25301
0.00110,0.00007,0.07849,0.00331,0.07112,0.00000,0.04660,0.00037,0.01712,0.00000,0.41117,0.00000,0.00441,0.00535,0.36091
0.12143,0.00000,0.00088,0.11536,0.02391,0.00000,0.15603,0.00338,0.13378,0.01852,0.00002,0.41440,0.00000,0.00000,0.01229
0.00024,0.00001,0.01030,0.31550,0.12382,0.00000,0.16545,0.00000,0.12158,0.00015,0.02387,0.01330,0.00061,0.00074,0.22445
0.00237,0.00000,0.01968,0.01895,0.07324,0.00000,0.00824,0.00000,0.54329,0.00114,0.00138,0.00083,0.00224,0.31781,0.01082
0.00179,0.00000,0.12450,0.00020,0.05604,0.00000,0.25271,0.00000,0.41938,0.00018,0.12946,0.00001,0.00006,0.01567,0.00000
0.04425,0.01555,0.37182,0.00480,0.02039,0.00000,0.42043,0.00001,0.04080,0.00540,0.00198,0.00000,0.00000,0.01591,0.05865
0.01261,0.00197,0.03782,0.19822,0.06714,0.00000,0.07523,0.00000,0.27080,0.12752,0.04784,0.08914,0.00000,0.00000,0.07169
0.00027,0.00823,0.00843,0.22062,0.06390,0.00000,0.00991,0.01214,0.29002,0.20193,0.00003,0.00001,0.00500,0.09562,0.08389
0.01651,0.00000,0.24319,0.02843,0.18831,0.00000,0.08215,0.00000,0.08359,0.02037,0.08466,0.00002,0.00000,0.22802,0.02475
0.00008,0.00004,0.19288,0.27349,0.00182,0.00000,0.37482,0.00000,0.01055,0.08263,0.00329,0.00003,0.00000,0.02551,0.03485
0.00153,0.00001,0.00769,0.01349,0.13676,0.00000,0.20602,0.06849,0.38968,0.00062,0.01836,0.00226,0.15490,0.00001,0.00019
0.06528,0.00000,0.18148,0.00023,0.06195,0.00000,0.42604,0.00000,0.11653,0.00002,0.00003,0.00000,0.00000,0.02099,0.12745
0.00000,0.00000,0.00610,0.00024,0.01356,0.09228,0.20359,0.00000,0.65831,0.00009,0.02318,0.00000,0.00000,0.00262,0.00004
0.00007,0.00007,0.09168,0.01837,0.00200,0.00000,0.73720,0.00001,0.12448,0.01156,0.00001,0.00013,0.00000,0.00510,0.00933
0.00001,0.00000,0.05362,0.00061,0.00055,0.01118,0.68164,0.00000,0.19707,0.00002,0.00854,0.00046,0.00000,0.04424,0.00206
0.00010,0.00000,0.02916,0.22255,0.12391,0.00000,0.13979,0.00313,0.40001,0.00036,0.00000,0.04195,0.00001,0.03880,0.00022
0.00208,0.00000,0.34634,0.13698,0.03098,0.00000,0.11202,0.00000,0.06634,0.00001,0.02949,0.00354,0.00019,0.18696,0.08507
0.00878,0.00000,0.31633,0.12571,0.09700,0.00000,0.14772,0.00000,0.10275,0.01687,0.00633,0.13203,0.00000,0.00000,0.04650
0.00000,0.00000,0.02051,0.00266,0.00340,0.00000,0.60445,0.00000,0.24295,0.04183,0.02070,0.00000,0.00000,0.00424,0.05926
0.00630,0.00000,0.01018,0.01296,0.01215,0.00000,0.29339,0.00064,0.58809,0.00013,0.00448,0.00000,0.07168,0.00000,0.00000
0.03365,0.00200,0.03861,0.22235,0.18127,0.00000,0.49328,0.00000,0.02617,0.00000,0.00000,0.00000,0.00000,0.00000,0.00267
0.00028,0.00000,0.12394,0.07586,0.04035,0.00000,0.21904,0.00000,0.21878,0.09699,0.00066,0.09538,0.00000,0.00000,0.12872
0.15147,0.00000,0.06494,0.05793,0.01126,0.00000,0.43559,0.00000,0.12814,0.10176,0.01724,0.00091,0.00000,0.00029,0.03047
0.02661,0.00000,0.50740,0.03803,0.03459,0.00000,0.27727,0.00000,0.05317,0.00150,0.00290,0.00004,0.00000,0.05778,0.00071
0.03115,0.00042,0.01236,0.02793,0.05732,0.00000,0.04963,0.00000,0.17201,0.18902,0.04037,0.00000,0.24915,0.08136,0.08928
0.00197,0.00000,0.11080,0.02855,0.03605,0.00000,0.09859,0.00000,0.38855,0.00286,0.13341,0.00000,0.00095,0.19604,0.00223
0.00875,0.00000,0.34232,0.02806,0.16087,0.00000,0.14791,0.00000,0.06317,0.02542,0.07113,0.00058,0.00000,0.00059,0.15120
0.00617,0.00000,0.06565,0.21273,0.01409,0.00000,0.21668,0.00000,0.43129,0.00000,0.00684,0.00013,0.00451,0.04188,0.00004
0.02998,0.00000,0.00259,0.02394,0.48192,0.00000,0.13863,0.00034,0.16277,0.15185,0.00271,0.00000,0.00000,0.00060,0.00466
0.00253,0.00000,0.19983,0.06492,0.07265,0.00004,0.28010,0.00000,0.14870,0.00001,0.02587,0.00000,0.00006,0.00000,0.20528
0.00178,0.00000,0.03270,0.00438,0.16877,0.00000,0.18003,0.00023,0.51457,0.02533,0.05247,0.00000,0.00226,0.01743,0.00004
0.01665,0.00001,0.16030,0.01264,0.04057,0.16999,0.10544,0.00022,0.36659,0.00130,0.02053,0.00000,0.00000,0.00003,0.10573
0.19524,0.00000,0.02503,0.06378,0.00286,0.00000,0.53953,0.00000,0.11867,0.02025,0.00001,0.03462,0.00000,0.00000,0.00001
0.00972,0.00000,0.08108,0.00011,0.03347,0.00031,0.03519,0.00000,0.66797,0.00230,0.01052,0.00000,0.00000,0.00064,0.15870
0.21370,0.00003,0.06982,0.00106,0.00669,0.00000,0.08424,0.01115,0.33450,0.00001,0.15945,0.10837,0.00000,0.00277,0.00820
0.06999,0.00910,0.12467,0.14781,0.02877,0.00000,0.29163,0.00000,0.20724,0.00000,0.03132,0.00000,0.00000,0.06172,0.02775
0.26051,0.00038,0.00666,0.01028,0.05988,0.00000,0.06659,0.00000,0.27542,0.08160,0.14751,0.00000,0.00000,0.06847,0.02271
0.05739,0.00000,0.00759,0.42020,0.03544,0.00000,0.22746,0.01868,0.19766,0.00000,0.03525,0.00004,0.00000,0.00029,0.00000
0.00068,0.00000,0.08408,0.00003,0.00028,0.00023,0.24008,0.00000,0.21827,0.01585,0.43795,0.00000,0.00000,0.00030,0.00225
0.00210,0.00000,0.04758,0.51847,0.01793,0.00000,0.14069,0.00000,0.19384,0.01284,0.05654,0.00000,0.00830,0.00168,0.00001
0.01055,0.00000,0.02051,0.11109,0.00072,0.00000,0.19706,0.00000,0.38247,0.09669,0.00002,0.00001,0.00000,0.17189,0.00898
0.00007,0.00002,0.15416,0.00776,0.00420,0.10299,0.20036,0.00000,0.42690,0.00280,0.00066,0.00006,0.00000,0.07714,0.02288
0.03061,0.00000,0.13164,0.08239,0.00115,0.00000,0.37238,0.00002,0.15283,0.00005,0.01515,0.00000,0.00000,0.00130,0.21248
0.01211,0.00002,0.23098,0.00500,0.00001,0.00000,0.23892,0.00000,0.15163,0.08437,0.16001,0.06016,0.00000,0.04235,0.01444
0.00056,0.00000,0.12911,0.00054,0.08802,0.00000,0.37397,0.00000,0.37973,0.00006,0.00898,0.00000,0.00000,0.00107,0.01797
0.00945,0.00000,0.16203,0.57151,0.00006,0.00000,0.09992,0.01933,0.05046,0.05913,0.00000,0.00704,0.00000,0.01825,0.00282
0.00267,0.00000,0.13901,0.02488,0.09885,0.00127,0.08131,0.00000,0.07648,0.26657,0.25372,0.00444,0.00000,0.00011,0.05068
0.01870,0.00000,0.45132,0.09964,0.02703,0.00000,0.12061,0.00071,0.08504,0.16212,0.00000,0.00000,0.00000,0.03472,0.00012
0.00003,0.00076,0.01384,0.01624,0.01542,0.00000,0.15337,0.00000,0.57003,0.00000,0.04732,0.00287,0.00011,0.08098,0.09901
0.00095,0.00000,0.01380,0.02121,0.30557,0.00000,0.22057,0.00000,0.11444,0.00213,0.20743,0.02576,0.01093,0.07556,0.00165
0.00283,0.00000,0.48084,0.01441,0.05036,0.00000,0.28182,0.01000,0.07459,0.05043,0.00426,0.00000,0.00000,0.00002,0.03045
0.00318,0.00000,0.00098,0.01627,0.07568,0.00049,0.09900,0.00409,0.15148,0.00001,0.50203,0.00000,0.02320,0.10220,0.02138
0.00001,0.00000,0.01856,0.00474,0.11970,0.00000,0.19249,0.00046,0.14222,0.02986,0.00279,0.26348,0.05526,0.16995,0.00050
0.37114,0.07091,0.13063,0.00330,0.03997,0.00000,0.05327,0.00000,0.13631,0.18590,0.00600,0.00000,0.00000,0.00099,0.00158
0.00020,0.00000,0.18118,0.31741,0.29001,0.00000,0.09562,0.00000,0.08211,0.00296,0.02993,0.00028,0.00000,0.00022,0.00010
0.00000,0.05420,0.48455,0.00808,0.02522,0.00000,0.29497,0.00000,0.11538,0.00945,0.00762,0.00000,0.00000,0.00000,0.00054
0.07718,0.00338,0.27565,0.07569,0.07229,0.00000,0.11016,0.01186,0.03264,0.00002,0.00837,0.00000,0.00000,0.29925,0.03351
0.07575,0.00000,0.00258,0.01363,0.00528,0.00000,0.51158,0.00246,0.25499,0.09197,0.00037,0.02688,0.00000,0.00329,0.01120
0.14337,0.06011,0.10510,0.00116,0.13674,0.00049,0.47573,0.00000,0.03994,0.00002,0.00000,0.00000,0.00000,0.03693,0.00041
0.01880,0.00000,0.00841,0.03780,0.24608,0.00000,0.00226,0.00000,0.18559,0.19378,0.00028,0.00000,0.00000,0.00453,0.30246
0.17772,0.00000,0.21750,0.01370,0.01223,0.00003,0.15638,0.00000,0.28208,0.00245,0.10924,0.02867,0.00000,0.00001,0.00000
0.01425,0.00054,0.18354,0.00087,0.06369,0.00000,0.69643,0.00000,0.03496,0.00002,0.00000,0.00000,0.00043,0.00001,0.00525
0.10014,0.00000,0.13861,0.01077,0.02045,0.00000,0.11563,0.00000,0.48701,0.08701,0.00263,0.03061,0.00002,0.00134,0.00577
0.09627,0.00021,0.06646,0.01525,0.34385,0.06860,0.06845,0.00000,0.27136,0.01974,0.04211,0.00000,0.00000,0.00768,0.00000
0.00002,0.00021,0.10012,0.01029,0.12725,0.00000,0.11227,0.00000,0.21117,0.07440,0.03479,0.02617,0.00010,0.12955,0.17366
0.07005,0.00002,0.19210,0.07479,0.02462,0.00000,0.18258,0.03179,0.35595,0.02179,0.02932,0.00000,0.01668,0.00032,0.00000
0.01569,0.00694,0.08592,0.02540,0.00831,0.00000,0.39318,0.00000,0.34944,0.00608,0.07694,0.00647,0.00000,0.02563,0.00000
0.11410,0.00000,0.28759,0.00226,0.01611,0.00000,0.29785,0.00001,0.09508,0.00002,0.10551,0.00003,0.00004,0.08094,0.00046
0.04632,0.00000,0.03294,0.00493,0.10599,0.04400,0.53660,0.00000,0.01416,0.00020,0.00001,0.00000,0.00000,0.04222,0.17263
0.00044,0.00000,0.06426,0.00125,0.64044,0.00000,0.17752,0.00000,0.06530,0.00004,0.00306,0.00000,0.00535,0.03847,0.00386
0.00487,0.00000,0.21052,0.03346,0.00048,0.00000,0.25538,0.00000,0.10624,0.11655,0.00642,0.00000,0.00000,0.00000,0.26607
0.00000,0.00018,0.04778,0.09017,0.07692,0.00000,0.40349,0.00000,0.24930,0.00000,0.05807,0.00000,0.00000,0.00000,0.07411
0.00350,0.00000,0.35735,0.22260,0.03831,0.00000,0.10806,0.00000,0.21453,0.00000,0.00000,0.00000,0.00000,0.02433,0.03131
0.02292,0.00113,0.28772,0.00786,0.00766,0.00000,0.35747,0.00000,0.24014,0.02671,0.00069,0.00014,0.00000,0.00397,0.04358
0.00001,0.00000,0.12603,0.22183,0.00468,0.00000,0.18500,0.00000,0.13683,0.00163,0.05962,0.10511,0.00459,0.06433,0.09032
0.00347,0.00154,0.00353,0.00016,0.19999,0.00003,0.30149,0.00000,0.26433,0.00170,0.11928,0.03817,0.00000,0.00244,0.06386
0.04802,0.00000,0.12590,0.02924,0.00257,0.00000,0.61198,0.00000,0.02747,0.00001,0.13783,0.00000,0.00093,0.00955,0.00650
0.00141,0.00001,0.04891,0.00831,0.19433,0.00011,0.46265,0.00000,0.04322,0.00085,0.00451,0.00481,0.00000,0.00319,0.22769
0.01664,0.00000,0.19937,0.04733,0.06094,0.00223,0.27443,0.00000,0.37324,0.00000,0.01092,0.00000,0.00000,0.00459,0.01031
0.00260,0.12607,0.02428,0.01252,0.01252,0.00000,0.25499,0.00000,0.22893,0.17867,0.11050,0.00416,0.00084,0.03745,0.00647
0.02106,0.00000,0.17099,0.02085,0.07558,0.00000,0.35657,0.09007,0.16349,0.00000,0.00385,0.00000,0.08243,0.00876,0.00633
0.07387,0.00000,0.04416,0.12813,0.00164,0.00000,0.20108,0.02498,0.37415,0.00005,0.00000,0.00000,0.00000,0.00348,0.14845
0.06326,0.00008,0.00991,0.00023,0.00741,0.00000,0.28506,0.00012,0.55501,0.01034,0.02460,0.00098,0.00000,0.00336,0.03963
0.00822,0.00000,0.00721,0.00687,0.07773,0.03272,0.24170,0.00001,0.46326,0.00000,0.00049,0.00000,0.00000,0.02567,0.13612
0.06442,0.00014,0.01075,0.00405,0.18274,0.00000,0.13828,0.13613,0.08766,0.19203,0.06859,0.05526,0.00000,0.00461,0.05533
0.00000,0.00000,0.10681,0.20657,0.15407,0.00000,0.09111,0.00000,0.33189,0.01281,0.06783,0.01626,0.00005,0.01253,0.00007
0.00000,0.00000,0.03387,0.03991,0.03527,0.00000,0.43822,0.00000,0.27187,0.10960,0.04999,0.00000,0.00000,0.00105,0.02021
0.00004,0.00000,0.00121,0.04475,0.31545,0.00000,0.23764,0.00004,0.01805,0.00000,0.02282,0.31631,0.01390,0.00000,0.02980
0.00253,0.00000,0.10106,0.00010,0.06787,0.00012,0.41186,0.10658,0.17066,0.00000,0.08201,0.00000,0.00000,0.05722,0.00000
0.24385,0.00000,0.06576,0.07073,0.00020,0.00000,0.33029,0.00033,0.28117,0.00000,0.00001,0.00000,0.00178,0.00334,0.00256
0.06207,0.00000,0.24226,0.06706,0.00378,0.22654,0.10189,0.00000,0.03998,0.00000,0.22377,0.00000,0.00000,0.01804,0.01461
0.07253,0.00000,0.16130,0.00766,0.00154,0.00000,0.36365,0.00000,0.32352,0.00000,0.00362,0.06602,0.00000,0.00000,0.00016
0.01967,0.00008,0.09110,0.12982,0.04543,0.00000,0.19884,0.00000,0.22440,0.00187,0.00373,0.00007,0.00000,0.24596,0.03902
0.00000,0.00000,0.19353,0.00034,0.06221,0.00028,0.04371,0.00000,0.34023,0.11262,0.02327,0.00000,0.00382,0.21487,0.00513
0.11699,0.00000,0.09674,0.02137,0.05880,0.00000,0.49907,0.00000,0.11527,0.00134,0.00007,0.00000,0.00203,0.06280,0.02551
0.00376,0.24168,0.01632,0.00202,0.07382,0.00335,0.45333,0.00000,0.00382,0.00263,0.03345,0.00000,0.00568,0.15968,0.00046
0.04319,0.00000,0.02242,0.41648,0.01202,0.00000,0.21607,0.00000,0.17835,0.00000,0.00002,0.00001,0.00918,0.03872,0.06354
0.01159,0.00000,0.03686,0.00445,0.02106,0.00004,0.61837,0.00000,0.29966,0.00000,0.00011,0.00009,0.00618,0.00103,0.00057
0.00003,0.00000,0.15191,0.14484,0.01737,0.00000,0.11268,0.00000,0.52571,0.00004,0.00270,0.00000,0.02237,0.01610,0.00625
0.00008,0.00001,0.00005,0.00015,0.00489,0.00000,0.10100,0.00000,0.40573,0.00050,0.05090,0.00000,0.08416,0.34884,0.00369
0.00052,0.00000,0.02427,0.01757,0.00550,0.00000,0.60493,0.00000,0.33012,0.00537,0.00867,0.00000,0.00000,0.00001,0.00303
0.04959,0.00018,0.17248,0.00000,0.00185,0.00000,0.47232,0.00000,0.14911,0.00000,0.00065,0.00000,0.00000,0.10161,0.05220
0.19708,0.00023,0.00166,0.02987,0.20184,0.00000,0.18760,0.00813,0.14077,0.00000,0.00001,0.00183,0.00000,0.00000,0.23098
0.01140,0.00000,0.26844,0.10326,0.00154,0.00000,0.27422,0.00000,0.04035,0.00572,0.00000,0.00000,0.00000,0.24506,0.05001
0.00000,0.00002,0.00855,0.00043,0.00018,0.00000,0.19286,0.00000,0.52077,0.00426,0.26661,0.00000,0.00000,0.00625,0.00007
0.00330,0.00073,0.03814,0.00484,0.00376,0.00000,0.76286,0.03875,0.13885,0.00005,0.00000,0.00240,0.00000,0.00615,0.00019
0.12996,0.00000,0.18196,0.12681,0.02106,0.00000,0.31369,0.00000,0.10468,0.02016,0.04926,0.00131,0.00000,0.04747,0.00364
0.45201,0.00000,0.00293,0.00197,0.01236,0.00000,0.23527,0.00000,0.07513,0.00019,0.09958,0.00000,0.05696,0.00453,0.05906
0.17599,0.01854,0.34886,0.07507,0.00419,0.00000,0.02217,0.00000,0.34808,0.00000,0.00202,0.00225,0.00000,0.00278,0.00006
0.15581,0.00002,0.25395,0.04965,0.02417,0.00000,0.01129,0.00030,0.29222,0.00013,0.00013,0.00000,0.16205,0.02338,0.02690
0.00008,0.00000,0.05838,0.14968,0.07291,0.00000,0.44702,0.00000,0.17409,0.03788,0.00299,0.00000,0.00000,0.05695,0.00002
0.03777,0.00846,0.00061,0.02531,0.24136,0.00000,0.40423,0.00000,0.05527,0.13314,0.01290,0.00015,0.00000,0.05008,0.03073
0.00834,0.01741,0.02447,0.03090,0.17518,0.00051,0.33047,0.00000,0.10023,0.03206,0.26751,0.00000,0.00006,0.00000,0.01286
0.00009,0.00000,0.01172,0.00201,0.02376,0.00000,0.42971,0.00002,0.17843,0.01177,0.23338,0.00004,0.00002,0.10842,0.00061
0.00015,0.00000,0.00230,0.00307,0.10674,0.00006,0.49570,0.14720,0.19224,0.02631,0.00007,0.00000,0.00001,0.02589,0.00027
0.20041,0.00001,0.29595,0.01774,0.04286,0.00000,0.10084,0.00000,0.24448,0.08080,0.00000,0.00000,0.00317,0.00277,0.01098
0.01535,0.00000,0.04585,0.00238,0.02875,0.00045,0.17933,0.00007,0.68907,0.01092,0.00035,0.00000,0.00907,0.00019,0.01822
0.08790,0.25884,0.00851,0.00500,0.02466,0.03391,0.35777,0.00000,0.19148,0.00997,0.00823,0.00097,0.00000,0.00001,0.01275
0.02952,0.07441,0.03453,0.06358,0.12433,0.00000,0.12102,0.01383,0.41556,0.00000,0.06408,0.01882,0.00000,0.00214,0.03820
0.00188,0.00000,0.02902,0.33463,0.00148,0.00000,0.48630,0.02049,0.05053,0.00028,0.05892,0.00000,0.00000,0.00568,0.01080
0.00162,0.00213,0.02660,0.55610,0.03261,0.00000,0.26911,0.00000,0.06078,0.00695,0.03139,0.01211,0.00000,0.00006,0.00053
0.11587,0.00000,0.13251,0.27474,0.03115,0.00000,0.03413,0.00009,0.07323,0.00000,0.00001,0.00022,0.00000,0.25795,0.08009
0.00157,0.00056,0.20716,0.01126,0.03048,0.00003,0.25626,0.06526,0.38756,0.00000,0.02596,0.01386,0.00000,0.00000,0.00002
0.00001,0.00000,0.00273,0.19501,0.25594,0.00000,0.36374,0.00000,0.11829,0.00002,0.00005,0.00000,0.00000,0.00010,0.06412
0.00145,0.00000,0.02988,0.00102,0.01040,0.09109,0.82741,0.00000,0.02186,0.00000,0.00000,0.00002,0.00000,0.01682,0.00004
0.00008,0.00000,0.23791,0.00086,0.02026,0.00000,0.37343,0.00105,0.14731,0.21228,0.00390,0.00003,0.00012,0.00216,0.00061
0.10764,0.00000,0.23974,0.05068,0.06688,0.00000,0.16909,0.00000,0.11431,0.14894,0.06120,0.00000,0.00668,0.02659,0.00825
0.06077,0.00000,0.13687,0.00006,0.02834,0.00000,0.18669,0.00000,0.44540,0.01702,0.12279,0.00000,0.00000,0.00202,0.00004
0.00236,0.00117,0.10988,0.04028,0.00907,0.00000,0.62230,0.00000,0.09968,0.06218,0.01401,0.00000,0.00000,0.00052,0.03855
0.09333,0.00000,0.01000,0.06605,0.02350,0.00000,0.47043,0.00026,0.20670,0.00000,0.02480,0.00000,0.00000,0.06170,0.04323
0.07137,0.00000,0.10172,0.67123,0.00604,0.00000,0.09014,0.00085,0.03256,0.01240,0.00000,0.00000,0.00008,0.00327,0.01033
0.00030,0.00001,0.12609,0.00224,0.00634,0.00000,0.20684,0.00000,0.37090,0.00613,0.10870,0.00168,0.00002,0.05438,0.11634
0.01276,0.08735,0.28370,0.14541,0.03054,0.00000,0.22264,0.00000,0.18380,0.00001,0.00022,0.00000,0.03121,0.00002,0.00234
0.00028,0.00003,0.17339,0.00193,0.07050,0.00000,0.47305,0.00003,0.26113,0.00000,0.00000,0.00000,0.00000,0.01306,0.00659
0.00097,0.00000,0.05208,0.03736,0.00096,0.00000,0.07339,0.00000,0.01082,0.19386,0.38303,0.03330,0.05452,0.01581,0.14388
0.00031,0.00689,0.13961,0.03891,0.02290,0.00000,0.02566,0.00000,0.10995,0.15924,0.02113,0.00001,0.00000,0.18466,0.29072
0.01884,0.06608,0.01799,0.00027,0.00717,0.00000,0.47052,0.00000,0.06276,0.00000,0.01492,0.00000,0.04374,0.29768,0.00003
0.00059,0.00000,0.09207,0.00669,0.38401,0.00000,0.26066,0.00000,0.18681,0.00020,0.00556,0.02405,0.00000,0.02488,0.01448
0.03692,0.00000,0.10192,0.00683,0.20706,0.00000,0.36204,0.00389,0.26522,0.00083,0.00000,0.00000,0.00000,0.01511,0.00019
0.07761,0.00000,0.12661,0.22437,0.17094,0.03950,0.08429,0.00000,0.13836,0.03045,0.00001,0.05971,0.00518,0.02175,0.02121
0.01030,0.00000,0.77479,0.00000,0.08150,0.00000,0.03852,0.00000,0.09223,0.00000,0.00002,0.00000,0.00000,0.00263,0.00000
0.00000,0.00000,0.13524,0.60888,0.00397,0.00000,0.18480,0.00023,0.03426,0.00103,0.00414,0.00620,0.00000,0.02123,0.00000
0.00286,0.00044,0.05104,0.24099,0.01350,0.00000,0.25954,0.00000,0.13519,0.00000,0.00019,0.00000,0.00000,0.00290,0.29336
0.00038,0.00000,0.07742,0.00063,0.12991,0.00000,0.21714,0.00000,0.39983,0.00226,0.05358,0.00000,0.00000,0.00767,0.11117
0.09165,0.00001,0.05089,0.00205,0.00689,0.00002,0.46384,0.00000,0.11664,0.00270,0.00000,0.00000,0.00000,0.25872,0.00660
0.06440,0.24913,0.01548,0.11774,0.02121,0.00000,0.25233,0.00000,0.16092,0.00021,0.00472,0.00027,0.00015,0.11325,0.00019
0.00002,0.00239,0.03692,0.00381,0.00041,0.00000,0.37887,0.00000,0.52842,0.00388,0.00337,0.00025,0.00000,0.00014,0.04151
0.16977,0.00001,0.02068,0.28503,0.00092,0.00000,0.12185,0.00000,0.29617,0.00000,0.00900,0.07992,0.01643,0.00021,0.00001
0.02072,0.00008,0.25975,0.13021,0.03649,0.00000,0.02585,0.00093,0.34812,0.00219,0.00126,0.00000,0.00196,0.17130,0.00115
0.30436,0.00232,0.31217,0.00002,0.01538,0.00000,0.26736,0.00005,0.05857,0.00309,0.01215,0.00773,0.00000,0.01487,0.00194
0.07127,0.00000,0.45161,0.09466,0.00128,0.00000,0.16489,0.00001,0.12691,0.00000,0.02352,0.06016,0.00000,0.00288,0.00281
0.00475,0.00002,0.04647,0.01475,0.11638,0.00000,0.34979,0.00000,0.45053,0.00000,0.00002,0.00025,0.00000,0.00026,0.01678
0.00769,0.00000,0.14062,0.09882,0.16072,0.00732,0.05266,0.00000,0.07745,0.01507,0.43622,0.00000,0.00221,0.00101,0.00020
0.02111,0.00071,0.47650,0.00000,0.07210,0.00000,0.05570,0.03950,0.22855,0.00000,0.00304,0.00006,0.00210,0.00217,0.09847
0.06997,0.00001,0.20841,0.02886,0.00045,0.00067,0.27747,0.00000,0.18657,0.00126,0.00006,0.08172,0.00000,0.12001,0.02455
0.00437,0.00000,0.00845,0.11950,0.01665,0.00000,0.23139,0.08457,0.45823,0.00000,0.02821,0.00000,0.00000,0.03773,0.01090
0.01072,0.00000,0.00748,0.03065,0.31632,0.00000,0.33998,0.00336,0.18918,0.01135,0.03406,0.01984,0.00000,0.00203,0.03503
0.14110,0.00000,0.22149,0.01103,0.12529,0.00000,0.29009,0.00000,0.17874,0.01012,0.00261,0.00000,0.00001,0.01183,0.00769
0.05736,0.00000,0.33465,0.00164,0.08769,0.00000,0.25995,0.00000,0.20627,0.01771,0.01636,0.00000,0.00000,0.01664,0.00173
0.03486,0.00000,0.00067,0.00097,0.13988,0.00000,0.28700,0.00000,0.26200,0.16467,0.02585,0.00388,0.00000,0.00569,0.07452
0.00064,0.05550,0.20958,0.00007,0.10571,0.08970,0.12384,0.00003,0.30340,0.00062,0.00940,0.00000,0.00000,0.00133,0.10018
0.00690,0.00000,0.21399,0.22467,0.01945,0.00000,0.08184,0.00313,0.27840,0.00181,0.00002,0.04750,0.00000,0.12193,0.00035
0.16824,0.00000,0.00983,0.15441,0.04188,0.00000,0.34296,0.00000,0.11398,0.00877,0.00077,0.00000,0.00000,0.00001,0.15914
0.00812,0.00006,0.00626,0.02367,0.08781,0.00000,0.69318,0.00000,0.09583,0.00477,0.00000,0.00000,0.00024,0.00018,0.07989
0.00576,0.09399,0.03385,0.04776,0.09052,0.00000,0.28960,0.00000,0.41948,0.00001,0.00012,0.00028,0.00000,0.01170,0.00691
0.00880,0.00000,0.11240,0.06747,0.00980,0.00000,0.16114,0.00001,0.00305,0.00000,0.41632,0.09137,0.00000,0.12290,0.00675
0.08815,0.00000,0.39451,0.00276,0.00216,0.01661,0.34256,0.00000,0.08194,0.04448,0.02078,0.00014,0.00000,0.00162,0.00429
0.00346,0.00000,0.03091,0.10519,0.00235,0.00000,0.53916,0.00000,0.20963,0.04992,0.03222,0.00000,0.00090,0.00054,0.02573
0.00001,0.00002,0.17343,0.15953,0.00003,0.00047,0.47740,0.00000,0.13828,0.03857,0.00089,0.00000,0.00005,0.01034,0.00099
0.01380,0.00000,0.02303,0.04121,0.14627,0.00000,0.55857,0.00000,0.11429,0.00000,0.09815,0.00000,0.00000,0.00399,0.00071
0.01986,0.00000,0.02707,0.11704,0.04861,0.00000,0.03341,0.00000,0.08510,0.00017,0.00133,0.00000,0.00457,0.00000,0.66283
0.00056,0.00000,0.02520,0.17965,0.00168,0.00000,0.55071,0.06931,0.10324,0.00000,0.05702,0.00004,0.00000,0.01260,0.00001
0.00574,0.12695,0.00909,0.00042,0.11882,0.02697,0.53390,0.00000,0.15950,0.00000,0.00008,0.01613,0.00000,0.00183,0.00057
0.19051,0.00023,0.46384,0.00039,0.00124,0.00000,0.10207,0.00014,0.21753,0.00002,0.00099,0.00000,0.02299,0.00003,0.00001
0.01129,0.00000,0.35507,0.00004,0.05593,0.00000,0.28089,0.00000,0.06778,0.00000,0.09920,0.00000,0.04177,0.07197,0.01605
0.11752,0.00000,0.00226,0.01188,0.00000,0.00000,0.11038,0.07982,0.18175,0.00479,0.06362,0.00009,0.00001,0.00885,0.41902
0.00506,0.00001,0.23742,0.00101,0.00074,0.00000,0.40496,0.00000,0.05378,0.13103,0.03545,0.00289,0.00000,0.00057,0.12708
0.00056,0.04865,0.09089,0.13822,0.02861,0.00000,0.36377,0.00551,0.14998,0.03518,0.06567,0.00000,0.00004,0.01812,0.05480
0.03847,0.00012,0.09076,0.20945,0.04761,0.00017,0.10372,0.00000,0.27330,0.00001,0.00000,0.02114,0.00147,0.02207,0.19170
0.00582,0.00013,0.03281,0.18478,0.01746,0.00000,0.28427,0.00000,0.47243,0.00010,0.00002,0.00000,0.00000,0.00000,0.00217
0.01535,0.06552,0.07837,0.27751,0.01605,0.00000,0.20060,0.00000,0.11338,0.01807,0.00000,0.00000,0.00001,0.12237,0.09278
0.01051,0.04731,0.21021,0.07259,0.00628,0.00000,0.22442,0.00019,0.34729,0.00000,0.01157,0.00070,0.00398,0.00026,0.06470
0.04697,0.00000,0.39396,0.00077,0.08571,0.00000,0.05439,0.01244,0.29524,0.03607,0.07423,0.00000,0.00000,0.00023,0.00000
0.02075,0.00000,0.32067,0.01178,0.05253,0.00308,0.42646,0.00001,0.05582,0.00032,0.00206,0.00000,0.00000,0.02016,0.08636
0.02405,0.00000,0.00315,0.03360,0.10097,0.00000,0.10048,0.09293,0.50856,0.06935,0.00021,0.01316,0.00000,0.00046,0.05308
0.00008,0.00090,0.01324,0.02167,0.22670,0.00000,0.40634,0.00001,0.12537,0.00166,0.01094,0.00000,0.02728,0.16351,0.00231
0.02515,0.00000,0.00622,0.13637,0.01845,0.00000,0.16939,0.00000,0.48154,0.00000,0.03825,0.09229,0.00000,0.00036,0.03198
0.00002,0.01669,0.03051,0.06115,0.03149,0.00000,0.36713,0.00000,0.30834,0.03893,0.00509,0.00000,0.00000,0.00416,0.13648
0.00052,0.00006,0.02821,0.00020,0.33875,0.00005,0.13106,0.00000,0.28668,0.00009,0.01366,0.00043,0.00000,0.05580,0.14449
0.00005,0.00000,0.01751,0.07880,0.10627,0.00000,0.52553,0.00004,0.23813,0.00035,0.00002,0.03068,0.00000,0.00261,0.00000
0.00813,0.00075,0.03981,0.01656,0.00662,0.00000,0.64299,0.00006,0.07837,0.00279,0.10598,0.00014,0.04081,0.03066,0.02633
0.16372,0.00000,0.27855,0.00060,0.01273,0.00000,0.09101,0.00939,0.25000,0.08328,0.00016,0.00002,0.00000,0.00001,0.11052
