0.04737,0.05361,0.14340,0.00647,0.27238,0.15577,0.16181,0.04695,0.01262,0.03963,0.03568,0.02432
0.06195,0.07599,0.15977,0.01003,0.16060,0.24374,0.07482,0.13625,0.00738,0.01610,0.01420,0.03918
0.03761,0.11335,0.18694,0.00944,0.31007,0.07262,0.11132,0.02871,0.00676,0.05355,0.04797,0.02166
0.09975,0.06886,0.35075,0.00956,0.11317,0.09135,0.05130,0.09032,0.03374,0.02101,0.01902,0.05118
0.02675,0.23044,0.35537,0.00477,0.09695,0.03140,0.04496,0.15021,0.00600,0.02710,0.01461,0.01144
0.04168,0.05053,0.34234,0.01816,0.22598,0.07770,0.03259,0.08614,0.03245,0.02239,0.04226,0.02779
0.04179,0.05080,0.32309,0.00660,0.12066,0.06799,0.03521,0.12449,0.02768,0.03287,0.02630,0.14250
0.03158,0.07618,0.45449,0.00860,0.14996,0.05075,0.08226,0.03421,0.01849,0.06113,0.01079,0.02156
0.16031,0.09667,0.21615,0.00838,0.10687,0.10000,0.06334,0.06007,0.02024,0.09310,0.02401,0.05085
0.14925,0.04936,0.16610,0.01497,0.19796,0.05469,0.04029,0.08310,0.03052,0.05215,0.03113,0.13049
0.04286,0.14949,0.15078,0.02270,0.18245,0.09958,0.02187,0.20900,0.02229,0.03260,0.01440,0.05199
0.07724,0.13705,0.21233,0.01694,0.13969,0.07359,0.11880,0.08927,0.02265,0.04233,0.01784,0.05227
0.13275,0.10668,0.09125,0.01007,0.14004,0.15063,0.05618,0.03007,0.05416,0.04321,0.02504,0.15990
0.03227,0.10086,0.27015,0.02670,0.10262,0.06355,0.05113,0.05292,0.01468,0.02476,0.02304,0.23731
0.03495,0.27350,0.13340,0.00990,0.13529,0.10667,0.04846,0.12220,0.00844,0.06123,0.02058,0.04539
0.05427,0.25485,0.17623,0.00552,0.10710,0.12672,0.03888,0.06814,0.02495,0.10641,0.01559,0.02133
0.05279,0.04191,0.24269,0.02066,0.22513,0.17215,0.05525,0.06927,0.01188,0.02963,0.04281,0.03583
0.02239,0.09890,0.29370,0.00685,0.17554,0.13219,0.06070,0.09406,0.00724,0.02318,0.01929,0.06596
0.07110,0.10943,0.16834,0.01277,0.16631,0.23074,0.06450,0.04251,0.01649,0.03381,0.01562,0.06839
0.13525,0.09034,0.30710,0.02208,0.11609,0.09736,0.08871,0.03943,0.01449,0.03171,0.01563,0.04181
0.04811,0.06636,0.16131,0.00830,0.16980,0.08601,0.08617,0.10991,0.04277,0.03889,0.03654,0.14584
0.07232,0.06157,0.37016,0.00759,0.21275,0.04409,0.03349,0.04824,0.00954,0.02378,0.02631,0.09017
0.02691,0.06667,0.27130,0.01037,0.13478,0.12440,0.02909,0.08302,0.01547,0.02161,0.01961,0.19677
0.08217,0.16044,0.20188,0.06100,0.12948,0.10696,0.05006,0.05416,0.02350,0.02470,0.03231,0.07333
0.06775,0.05009,0.24260,0.00951,0.25646,0.07548,0.03410,0.10212,0.01019,0.03653,0.01977,0.09539
0.04353,0.03473,0.37283,0.00589,0.05463,0.27853,0.02621,0.05243,0.01430,0.05077,0.02437,0.04178
0.03033,0.12875,0.14475,0.01426,0.14706,0.27679,0.06356,0.10253,0.01346,0.02043,0.01713,0.04095
0.05059,0.07690,0.16178,0.01711,0.21178,0.10811,0.02802,0.19021,0.02061,0.03636,0.01476,0.08378
0.08744,0.07866,0.23976,0.02012,0.23920,0.07446,0.03395,0.12643,0.00924,0.03025,0.01483,0.04565
0.04936,0.08248,0.38911,0.02018,0.11896,0.18970,0.03598,0.03770,0.00589,0.01988,0.01374,0.03701
0.09071,0.09538,0.39071,0.01367,0.10062,0.11042,0.06662,0.06992,0.00827,0.01339,0.01266,0.02763
0.02525,0.11286,0.21776,0.01307,0.25002,0.02949,0.08239,0.11852,0.01964,0.09702,0.01083,0.02315
0.02041,0.04871,0.18214,0.00767,0.21357,0.06093,0.31933,0.08298,0.01136,0.01549,0.01202,0.02541
0.07786,0.12545,0.34663,0.01044,0.09957,0.05277,0.04123,0.05919,0.01712,0.02182,0.02247,0.12545
0.06185,0.07395,0.19966,0.01043,0.10785,0.08143,0.12066,0.17532,0.05418,0.05415,0.01287,0.04765
0.06571,0.08480,0.19119,0.00690,0.11285,0.19745,0.05601,0.10284,0.00778,0.07143,0.02759,0.07544
0.04799,0.10170,0.21558,0.03221,0.18770,0.07463,0.09731,0.08799,0.01930,0.02269,0.02247,0.09043
0.02869,0.03498,0.57091,0.01000,0.05938,0.10042,0.02205,0.06491,0.01788,0.04786,0.01445,0.02848
0.03823,0.06708,0.44248,0.00648,0.17257,0.08776,0.02837,0.05236,0.00884,0.03070,0.02090,0.04425
0.06673,0.07226,0.35037,0.00737,0.19837,0.06531,0.04936,0.03057,0.00916,0.04059,0.03595,0.07396
0.04763,0.06282,0.29809,0.00826,0.15732,0.09683,0.05234,0.05120,0.01696,0.03103,0.02426,0.15327
0.09244,0.06573,0.23320,0.06511,0.08898,0.07923,0.04135,0.05970,0.14063,0.06918,0.02322,0.04123
0.02318,0.10162,0.16431,0.00549,0.34603,0.10325,0.03991,0.03522,0.01700,0.03418,0.01148,0.11833
0.03664,0.08461,0.42032,0.03664,0.09675,0.10957,0.03330,0.07527,0.00682,0.02937,0.03317,0.03754
0.04818,0.12883,0.32998,0.01238,0.29019,0.03651,0.03808,0.02909,0.01101,0.01224,0.03624,0.02726
0.04546,0.10190,0.28294,0.01872,0.15243,0.05817,0.05078,0.03881,0.00802,0.15224,0.04232,0.04820
0.09248,0.09455,0.31533,0.00655,0.12890,0.05881,0.06216,0.05705,0.03353,0.08567,0.02233,0.04263
0.17874,0.08168,0.30140,0.00708,0.08042,0.06542,0.02874,0.13796,0.01427,0.03742,0.00978,0.05708
0.15364,0.11219,0.24082,0.01324,0.15089,0.13255,0.03450,0.05930,0.01184,0.01473,0.01305,0.06325
0.11401,0.25463,0.16426,0.00624,0.22400,0.06501,0.03145,0.04179,0.01162,0.02634,0.02252,0.03813
0.03870,0.06973,0.34332,0.02068,0.07259,0.18890,0.13466,0.04985,0.00736,0.02244,0.02223,0.02956
0.07195,0.14811,0.21551,0.00546,0.14798,0.12196,0.12250,0.06055,0.01178,0.03833,0.01558,0.04029
0.06534,0.36900,0.16989,0.01459,0.08115,0.08055,0.05739,0.06761,0.01090,0.01720,0.02080,0.04558
0.02177,0.06621,0.22367,0.03699,0.20017,0.03836,0.08142,0.13183,0.01059,0.11664,0.01013,0.06222
0.03163,0.05170,0.10017,0.01641,0.30934,0.09445,0.02789,0.28555,0.01021,0.01103,0.01370,0.04794
0.04568,0.06885,0.44536,0.00835,0.09631,0.12159,0.03915,0.03300,0.00605,0.10220,0.01056,0.02289
0.07409,0.12443,0.20170,0.04048,0.11933,0.07097,0.04333,0.08855,0.00873,0.09418,0.03320,0.10101
0.02760,0.09689,0.15610,0.01458,0.21612,0.04825,0.30588,0.04713,0.01007,0.03648,0.01043,0.03048
0.04719,0.07051,0.36533,0.00950,0.13981,0.12355,0.06586,0.05244,0.01414,0.03264,0.05146,0.02757
0.05927,0.10254,0.25247,0.01570,0.09668,0.08773,0.06227,0.13520,0.01999,0.04934,0.06849,0.05031
0.03077,0.06085,0.24796,0.00938,0.26556,0.13088,0.05880,0.04466,0.01023,0.05336,0.02608,0.06146
0.05477,0.07821,0.33029,0.01101,0.14914,0.05736,0.06267,0.10847,0.02141,0.04694,0.02982,0.04992
0.10242,0.14633,0.19451,0.01709,0.20371,0.14011,0.03649,0.03725,0.03629,0.02236,0.01462,0.04884
0.13458,0.12097,0.21229,0.02087,0.08091,0.11091,0.06369,0.08094,0.03845,0.03601,0.02106,0.07932
0.03031,0.11566,0.21902,0.06009,0.05575,0.07977,0.03635,0.03510,0.01675,0.20871,0.06901,0.07349
0.04181,0.08519,0.28848,0.02428,0.18993,0.03743,0.09876,0.03918,0.01357,0.02156,0.04734,0.11249
0.05927,0.09082,0.18485,0.02080,0.36184,0.04023,0.03559,0.07047,0.02191,0.03765,0.01335,0.06322
0.02297,0.15426,0.31674,0.01104,0.12420,0.14475,0.05672,0.10774,0.01267,0.00769,0.00864,0.03257
0.05067,0.14697,0.21909,0.01181,0.26976,0.07338,0.04824,0.05113,0.01182,0.04539,0.02661,0.04513
0.07278,0.09357,0.14396,0.01905,0.25039,0.09772,0.04700,0.13962,0.01672,0.04466,0.02892,0.04560
0.04867,0.10384,0.26735,0.01296,0.09774,0.09001,0.06713,0.17735,0.00783,0.02090,0.03242,0.07380
0.04403,0.05708,0.26514,0.00984,0.16320,0.07637,0.21515,0.06365,0.00945,0.02357,0.04775,0.02476
0.14107,0.05669,0.24586,0.01224,0.15069,0.14556,0.08648,0.05302,0.01335,0.02515,0.02477,0.04512
0.06639,0.04833,0.41376,0.00682,0.07427,0.19711,0.02545,0.04753,0.00326,0.06153,0.02350,0.03204
0.10591,0.14050,0.25649,0.01441,0.14694,0.07322,0.04267,0.08838,0.01310,0.01234,0.03156,0.07447
0.03688,0.10986,0.35709,0.00413,0.09121,0.14473,0.08000,0.03067,0.00627,0.00975,0.01260,0.11681
0.04568,0.05557,0.32552,0.00465,0.26734,0.09280,0.08372,0.02417,0.01803,0.03721,0.03003,0.01526
0.04259,0.11124,0.37188,0.01457,0.12416,0.10471,0.07139,0.06092,0.02521,0.03056,0.01382,0.02894
0.13287,0.11617,0.11216,0.05926,0.12704,0.10337,0.11411,0.09861,0.01118,0.04099,0.01903,0.06521
0.01318,0.07298,0.33676,0.01869,0.09904,0.07146,0.18825,0.05920,0.00608,0.03291,0.01415,0.08731
0.04393,0.09028,0.17782,0.01026,0.11681,0.04117,0.03734,0.32981,0.04683,0.03039,0.01676,0.05861
0.05920,0.05703,0.19279,0.00609,0.04443,0.25002,0.03877,0.04201,0.01940,0.01350,0.03524,0.24152
0.06368,0.09430,0.20824,0.00978,0.26590,0.08702,0.12052,0.03787,0.02315,0.01930,0.03535,0.03489
0.06824,0.15040,0.19515,0.01220,0.10448,0.13316,0.07150,0.07659,0.01366,0.05226,0.07367,0.04869
0.01567,0.13320,0.35379,0.00661,0.09285,0.05627,0.07154,0.13516,0.00913,0.04072,0.02413,0.06093
0.06163,0.08032,0.20120,0.01307,0.19960,0.09982,0.03356,0.04904,0.01456,0.01205,0.07029,0.16485
0.11647,0.15204,0.21881,0.05036,0.16637,0.09942,0.04712,0.05714,0.00811,0.03195,0.02906,0.02316
0.02992,0.08131,0.42150,0.03587,0.09007,0.06536,0.10352,0.07699,0.01033,0.03152,0.01219,0.04140
0.06381,0.09242,0.43759,0.00640,0.11551,0.04847,0.04249,0.04175,0.02796,0.03953,0.04374,0.04034
0.06662,0.05998,0.34185,0.01206,0.05178,0.20837,0.05521,0.08994,0.00706,0.05114,0.00930,0.04669
0.03778,0.08796,0.31439,0.01280,0.13017,0.12360,0.04368,0.03464,0.00910,0.01870,0.13481,0.05238
0.05085,0.07272,0.19859,0.00360,0.27122,0.14972,0.06052,0.05810,0.01304,0.06913,0.00998,0.04253
0.04924,0.12153,0.38065,0.02867,0.15175,0.05027,0.05016,0.06515,0.01800,0.01980,0.02342,0.04136
0.05574,0.07276,0.18967,0.00718,0.21475,0.11749,0.08478,0.11858,0.03730,0.05540,0.01835,0.02798
0.07984,0.09543,0.29743,0.01004,0.19175,0.06154,0.04707,0.05803,0.03830,0.07136,0.02215,0.02704
0.03859,0.07123,0.60173,0.00631,0.10545,0.03502,0.02066,0.03477,0.00667,0.05104,0.00918,0.01935
0.02635,0.09755,0.65626,0.00419,0.06919,0.03069,0.02733,0.02224,0.01856,0.01381,0.00973,0.02411
0.02528,0.08071,0.28651,0.01545,0.08389,0.08996,0.04389,0.24795,0.00767,0.04195,0.01848,0.05824
0.05325,0.15462,0.41992,0.01054,0.11591,0.04888,0.03318,0.10413,0.00477,0.01507,0.00856,0.03116
0.28076,0.21650,0.09328,0.00558,0.13603,0.04404,0.05464,0.03621,0.00831,0.05460,0.01379,0.05626
