0.00215,0.00181,0.00149,0.00056,0.00258,0.40881,0.14112,0.43946,0.00076,0.00126
0.00319,0.00652,0.00229,0.00748,0.01388,0.70727,0.07601,0.17458,0.00124,0.00755
0.00403,0.00265,0.00167,0.00085,0.17047,0.81567,0.00141,0.00135,0.00082,0.00109
0.00139,0.06180,0.00426,0.09040,0.00312,0.71590,0.08374,0.01067,0.00423,0.02449
0.43947,0.00495,0.03655,0.02034,0.01111,0.36726,0.06561,0.00766,0.00927,0.03778
0.00787,0.02127,0.30881,0.00545,0.01121,0.56950,0.02034,0.01081,0.04156,0.00319
0.00371,0.03634,0.00479,0.05249,0.35897,0.52407,0.00762,0.00177,0.00496,0.00528
0.00182,0.00220,0.00231,0.00253,0.00233,0.64626,0.09801,0.23964,0.00101,0.00389
0.00247,0.00160,0.22929,0.00209,0.15115,0.60413,0.00203,0.00298,0.00179,0.00248
0.00847,0.22217,0.01176,0.02053,0.03350,0.52529,0.01313,0.13935,0.02112,0.00467
0.01274,0.00731,0.01107,0.02259,0.00796,0.56014,0.21972,0.15006,0.00193,0.00649
0.20072,0.02373,0.01183,0.04254,0.01088,0.51369,0.14928,0.04023,0.00174,0.00537
0.17082,0.00177,0.00134,0.02016,0.00102,0.80041,0.00192,0.00066,0.00089,0.00101
0.01349,0.01179,0.01256,0.02387,0.25861,0.47939,0.16818,0.01838,0.00472,0.00902
0.12423,0.02610,0.12634,0.02698,0.19909,0.33143,0.03406,0.11121,0.01480,0.00576
0.13991,0.02326,0.08582,0.00260,0.00830,0.70113,0.01242,0.00845,0.00343,0.01468
0.01674,0.06028,0.33405,0.00348,0.00333,0.22901,0.01748,0.01567,0.00767,0.31230
0.00336,0.03407,0.13531,0.00579,0.00429,0.79805,0.00744,0.00321,0.00504,0.00343
0.23573,0.04758,0.10407,0.01660,0.00612,0.55477,0.00877,0.00829,0.00590,0.01218
0.00178,0.00120,0.00172,0.00073,0.00184,0.37824,0.23045,0.38070,0.00138,0.00196
0.01674,0.01026,0.27563,0.00384,0.00288,0.46271,0.06493,0.00501,0.00519,0.15281
0.00402,0.07798,0.29527,0.00305,0.00277,0.53093,0.03963,0.00791,0.01163,0.02680
0.01488,0.04140,0.00455,0.74305,0.04729,0.11595,0.00733,0.00570,0.00889,0.01095
0.00959,0.42062,0.00731,0.00988,0.04619,0.47413,0.00960,0.01105,0.00814,0.00349
0.00797,0.17716,0.02692,0.11949,0.00640,0.62464,0.01315,0.00711,0.00877,0.00838
0.04746,0.04748,0.08876,0.18299,0.32193,0.16199,0.01606,0.10469,0.00924,0.01939
0.02298,0.31879,0.00724,0.03102,0.01225,0.57136,0.01092,0.00520,0.01099,0.00925
0.26793,0.01129,0.00111,0.00130,0.00085,0.71429,0.00117,0.00108,0.00024,0.00073
0.00735,0.01938,0.01393,0.03121,0.01805,0.44693,0.16863,0.28642,0.00330,0.00478
0.01790,0.12988,0.19372,0.04586,0.00654,0.44510,0.12864,0.01200,0.00326,0.01710
0.00548,0.02591,0.00575,0.01281,0.00480,0.63201,0.16105,0.14398,0.00184,0.00634
0.00356,0.00595,0.01578,0.00220,0.16695,0.71539,0.05093,0.03132,0.00471,0.00320
0.13648,0.01671,0.12708,0.00567,0.00853,0.66975,0.00493,0.00699,0.00654,0.01732
0.00865,0.01429,0.00890,0.05789,0.01024,0.55147,0.15425,0.17779,0.00217,0.01434
0.44344,0.04291,0.02218,0.07023,0.01640,0.30439,0.04693,0.04423,0.00555,0.00374
0.00204,0.11446,0.00134,0.08715,0.00175,0.74928,0.03572,0.00391,0.00181,0.00256
0.00437,0.09544,0.01360,0.11374,0.00312,0.74573,0.01346,0.00338,0.00349,0.00366
0.00388,0.00378,0.00408,0.13315,0.25391,0.57163,0.00776,0.01313,0.00458,0.00409
0.13700,0.00954,0.00489,0.00331,0.00841,0.66462,0.00946,0.02017,0.00308,0.13951
0.01058,0.00566,0.01357,0.15985,0.01673,0.72653,0.00833,0.05048,0.00477,0.00349
0.01241,0.20826,0.06583,0.10765,0.00597,0.49345,0.06748,0.01691,0.00714,0.01491
0.01946,0.29087,0.00519,0.00556,0.01303,0.57674,0.00302,0.07723,0.00308,0.00584
0.00708,0.00726,0.00636,0.06854,0.33082,0.56376,0.00552,0.00343,0.00296,0.00424
0.00486,0.00358,0.08731,0.01587,0.13037,0.66837,0.03210,0.05008,0.00223,0.00524
0.15162,0.00300,0.24310,0.00198,0.00415,0.57683,0.00256,0.01340,0.00120,0.00216
0.00473,0.01814,0.00660,0.24874,0.00315,0.68624,0.01351,0.01253,0.00167,0.00469
0.00102,0.00271,0.00438,0.00134,0.19433,0.77239,0.00702,0.01533,0.00060,0.00089
0.02102,0.04361,0.01325,0.01485,0.01547,0.67839,0.01661,0.00748,0.17452,0.01479
0.01049,0.07896,0.18906,0.00213,0.00105,0.70758,0.00666,0.00206,0.00080,0.00120
0.00368,0.02010,0.00590,0.01483,0.01744,0.73786,0.05364,0.14213,0.00127,0.00315
0.32158,0.02020,0.00397,0.01374,0.00147,0.62434,0.00678,0.00266,0.00172,0.00355
0.01212,0.06735,0.01748,0.02478,0.02530,0.54396,0.13264,0.16788,0.00298,0.00551
0.01416,0.01110,0.04170,0.07062,0.40491,0.20367,0.23942,0.00357,0.00586,0.00499
0.00583,0.01206,0.15138,0.00955,0.01698,0.76293,0.00931,0.00750,0.00267,0.02179
0.01587,0.04396,0.01213,0.01743,0.02480,0.53427,0.07438,0.23421,0.01289,0.03008
0.01144,0.40902,0.01420,0.00992,0.01674,0.18161,0.19107,0.08563,0.04575,0.03460
0.01081,0.01156,0.02943,0.00415,0.00490,0.93485,0.00137,0.00120,0.00038,0.00134
0.00685,0.01195,0.01169,0.01317,0.01777,0.52332,0.08792,0.31515,0.00255,0.00962
0.36128,0.00373,0.00849,0.09079,0.00244,0.49745,0.02690,0.00363,0.00222,0.00308
0.00224,0.00682,0.02241,0.31148,0.00928,0.50849,0.07639,0.05007,0.00473,0.00809
0.12191,0.00497,0.00526,0.14107,0.00401,0.71142,0.00455,0.00221,0.00212,0.00248
0.00162,0.00440,0.00297,0.00163,0.00278,0.60515,0.12996,0.24671,0.00171,0.00308
0.23324,0.00170,0.00113,0.06461,0.00106,0.68760,0.00550,0.00278,0.00055,0.00183
0.04792,0.09291,0.00699,0.02144,0.07726,0.70683,0.00976,0.00831,0.00861,0.01997
0.11796,0.01778,0.00353,0.00124,0.00341,0.64243,0.00558,0.02904,0.00209,0.17694
0.20855,0.03228,0.02768,0.24339,0.00824,0.43442,0.02112,0.01004,0.01214,0.00215
0.04147,0.00754,0.01010,0.00831,0.15181,0.66432,0.06040,0.02669,0.00306,0.02630
0.01687,0.01205,0.00702,0.03719,0.02313,0.57161,0.16440,0.15510,0.00197,0.01065
0.01316,0.15727,0.14152,0.06774,0.00231,0.58878,0.00871,0.00630,0.00548,0.00872
0.32268,0.00676,0.01189,0.08539,0.00372,0.39410,0.16521,0.00255,0.00403,0.00367
0.02135,0.06391,0.02029,0.04714,0.01532,0.47440,0.25078,0.09409,0.00605,0.00668
0.01282,0.03294,0.10978,0.04819,0.43763,0.11246,0.02705,0.01309,0.00972,0.19633
0.01432,0.00549,0.00650,0.09319,0.00416,0.58890,0.19790,0.08401,0.00187,0.00368
0.31300,0.00786,0.01149,0.15277,0.00811,0.48727,0.01131,0.00542,0.00099,0.00178
0.01644,0.00532,0.03792,0.29677,0.00611,0.49190,0.06782,0.04340,0.00673,0.02761
0.26593,0.00370,0.32053,0.00147,0.00362,0.39614,0.00243,0.00425,0.00080,0.00113
0.00582,0.12352,0.00779,0.07363,0.14690,0.60910,0.01476,0.00845,0.00419,0.00585
0.06694,0.02467,0.08297,0.09165,0.07035,0.57784,0.01093,0.00985,0.02868,0.03614
0.01418,0.03220,0.16312,0.00271,0.00242,0.67201,0.00705,0.00696,0.00487,0.09449
0.03960,0.10712,0.04267,0.01606,0.00935,0.70446,0.03459,0.02656,0.01066,0.00893
0.02071,0.02130,0.00635,0.01137,0.04759,0.88479,0.00261,0.00151,0.00137,0.00239
0.00158,0.00082,0.00119,0.00061,0.00123,0.49567,0.13892,0.35860,0.00067,0.00074
0.21014,0.10008,0.00295,0.11513,0.00367,0.54930,0.00157,0.00286,0.00402,0.01027
0.00869,0.14406,0.00321,0.00210,0.19516,0.63042,0.00532,0.00732,0.00157,0.00215
0.01763,0.01154,0.00649,0.03977,0.25175,0.55783,0.07425,0.03292,0.00330,0.00453
0.06604,0.25394,0.00228,0.00922,0.03700,0.61361,0.00556,0.00316,0.00555,0.00365
0.13366,0.01141,0.00336,0.00229,0.00559,0.55526,0.00767,0.02744,0.00610,0.24721
0.07925,0.01303,0.00724,0.01466,0.21989,0.42559,0.10291,0.11430,0.00992,0.01319
0.01578,0.13980,0.08716,0.15210,0.02923,0.37522,0.16852,0.00963,0.01173,0.01084
0.13933,0.00520,0.01298,0.05821,0.00876,0.52942,0.00911,0.00309,0.21725,0.01665
0.00993,0.07006,0.00993,0.01184,0.00588,0.63030,0.09631,0.14571,0.00400,0.01605
0.01109,0.07755,0.00583,0.11275,0.02076,0.68751,0.01522,0.05022,0.00950,0.00956
0.00250,0.00163,0.25523,0.00270,0.04486,0.66853,0.00223,0.00136,0.01360,0.00735
0.02633,0.03223,0.11713,0.26317,0.00492,0.50441,0.02062,0.01152,0.00511,0.01457
0.15086,0.00604,0.06807,0.03808,0.10786,0.58538,0.01115,0.01317,0.00722,0.01218
0.00417,0.36795,0.00752,0.00969,0.00416,0.55212,0.02011,0.01368,0.00402,0.01660
0.24715,0.00475,0.00352,0.17028,0.00513,0.55947,0.00348,0.00245,0.00200,0.00178
0.00113,0.03640,0.14040,0.00485,0.01137,0.74689,0.00576,0.04547,0.00464,0.00307
0.02719,0.09374,0.00477,0.34801,0.02419,0.26850,0.11173,0.10598,0.00649,0.00941
0.22973,0.00675,0.00462,0.13535,0.00337,0.60905,0.00525,0.00254,0.00218,0.00116
