0.09098,0.09167,0.02035,0.01623,0.08561,0.13554,0.11595,0.12110,0.02113,0.01762,0.01804,0.01487,0.10776,0.01723,0.01287,0.02153,0.01206,0.01372,0.01028,0.05545
0.10277,0.08692,0.07533,0.07546,0.03590,0.05267,0.13184,0.12283,0.02316,0.01875,0.02683,0.02409,0.04598,0.01905,0.03025,0.02498,0.02701,0.01841,0.02066,0.03711
0.07080,0.06922,0.05232,0.04497,0.03304,0.03599,0.23329,0.22688,0.01879,0.01527,0.02152,0.01724,0.03271,0.02257,0.01464,0.01904,0.01375,0.01719,0.01228,0.02849
0.08964,0.08534,0.02516,0.02678,0.04626,0.07542,0.16476,0.15805,0.02179,0.02365,0.02388,0.02525,0.06722,0.02289,0.02110,0.02777,0.01847,0.01940,0.01994,0.03724
0.12061,0.12957,0.02040,0.02440,0.02893,0.03910,0.13257,0.13081,0.03439,0.02976,0.05599,0.02836,0.03349,0.04207,0.02530,0.02083,0.01697,0.04211,0.01991,0.02445
0.10037,0.09656,0.05387,0.05430,0.03584,0.06100,0.15580,0.14538,0.02381,0.02405,0.01740,0.02383,0.05430,0.02259,0.01782,0.02437,0.01751,0.01721,0.01566,0.03834
0.13669,0.13423,0.03305,0.03556,0.02817,0.04672,0.14774,0.13948,0.02281,0.02748,0.02273,0.02467,0.04531,0.02266,0.01933,0.02615,0.01679,0.02292,0.02160,0.02590
0.16753,0.16719,0.05134,0.05460,0.03299,0.04539,0.11268,0.10631,0.01956,0.02079,0.01957,0.01614,0.04221,0.02196,0.01454,0.02226,0.02024,0.01843,0.01550,0.03078
0.09414,0.09255,0.03294,0.03573,0.02850,0.07350,0.14677,0.14241,0.02258,0.02344,0.03653,0.02561,0.06898,0.02685,0.03616,0.02036,0.01905,0.02328,0.01834,0.03228
0.05667,0.05392,0.03393,0.03544,0.02976,0.05012,0.25898,0.24555,0.01829,0.01757,0.01665,0.01611,0.04163,0.01692,0.01661,0.01939,0.01513,0.01482,0.01309,0.02942
0.04198,0.04613,0.02225,0.02773,0.02032,0.03765,0.26125,0.25798,0.02406,0.03884,0.01952,0.03493,0.03328,0.02113,0.01863,0.01815,0.01575,0.02071,0.02021,0.01950
0.09947,0.09966,0.02141,0.02757,0.02379,0.07641,0.20140,0.19384,0.02010,0.01576,0.01734,0.01491,0.07640,0.01597,0.01882,0.01505,0.01212,0.01539,0.01455,0.02003
0.07176,0.07584,0.02890,0.03756,0.03901,0.10293,0.12207,0.11914,0.03064,0.03259,0.02601,0.03131,0.09916,0.02840,0.02385,0.02940,0.01797,0.02667,0.02150,0.03530
0.13308,0.13040,0.02804,0.02725,0.03192,0.07700,0.13221,0.11856,0.01852,0.02745,0.02330,0.03106,0.06775,0.02075,0.02147,0.02201,0.01921,0.01677,0.02343,0.02981
0.07592,0.07723,0.02655,0.02428,0.05133,0.07461,0.18322,0.17686,0.02398,0.02097,0.02845,0.01807,0.06355,0.02483,0.01534,0.02185,0.01648,0.02496,0.01510,0.03643
0.07544,0.07648,0.02627,0.02563,0.04106,0.10859,0.15189,0.14541,0.02152,0.02368,0.02161,0.01853,0.10608,0.02451,0.01787,0.02385,0.01822,0.01915,0.01599,0.03821
0.12747,0.12632,0.02660,0.02455,0.04393,0.04890,0.14434,0.13977,0.03375,0.02993,0.02344,0.02138,0.03770,0.03655,0.01764,0.02981,0.02005,0.01979,0.01710,0.03098
0.07289,0.07245,0.02219,0.02426,0.05666,0.09858,0.14418,0.13907,0.02746,0.03250,0.02379,0.02600,0.08426,0.02718,0.02426,0.02203,0.01815,0.02338,0.01853,0.04219
0.14258,0.13762,0.03159,0.02899,0.03583,0.03913,0.15447,0.13972,0.02357,0.02410,0.02013,0.02493,0.03495,0.02212,0.02388,0.02437,0.01771,0.01957,0.02113,0.03360
0.10802,0.10411,0.01226,0.01370,0.03458,0.04603,0.23398,0.22688,0.02218,0.01338,0.02520,0.01044,0.03774,0.01976,0.01307,0.01611,0.01131,0.02005,0.00797,0.02322
0.04416,0.04214,0.02495,0.02422,0.05590,0.07118,0.14236,0.13679,0.03596,0.02927,0.05508,0.02762,0.06733,0.04220,0.02755,0.03490,0.02664,0.04227,0.02215,0.04734
0.11201,0.11111,0.03197,0.03086,0.03021,0.06863,0.14628,0.13775,0.02566,0.02554,0.02447,0.02772,0.05629,0.02296,0.02633,0.02879,0.02059,0.01899,0.02045,0.03340
0.10365,0.10508,0.02054,0.02399,0.03104,0.07821,0.18664,0.17393,0.02269,0.01892,0.02088,0.01657,0.07413,0.01859,0.01733,0.01963,0.01335,0.01664,0.01412,0.02406
0.13499,0.13536,0.02880,0.02734,0.02467,0.02789,0.19005,0.18177,0.02259,0.02097,0.02303,0.02069,0.02526,0.02342,0.01887,0.02083,0.01391,0.01791,0.01546,0.02618
0.04142,0.04010,0.01656,0.02015,0.04181,0.20275,0.12082,0.11958,0.01917,0.01387,0.02553,0.01748,0.18811,0.02059,0.01916,0.01840,0.01500,0.01903,0.01251,0.02795
0.04874,0.05322,0.02690,0.02321,0.05256,0.08192,0.16735,0.17393,0.03709,0.02336,0.05053,0.02094,0.06512,0.03844,0.01950,0.02118,0.01652,0.03363,0.01420,0.03168
0.17893,0.18238,0.02296,0.03695,0.02962,0.07501,0.08939,0.07626,0.01837,0.02424,0.01818,0.02340,0.06693,0.02563,0.02187,0.02098,0.01831,0.02705,0.01893,0.02462
0.07503,0.07490,0.01986,0.01992,0.02582,0.02874,0.23601,0.23119,0.02259,0.02479,0.04153,0.02397,0.02472,0.02727,0.02154,0.01833,0.01385,0.03094,0.01408,0.02494
0.15162,0.15608,0.02475,0.02720,0.02687,0.04950,0.17482,0.16068,0.01667,0.01781,0.02835,0.01502,0.04358,0.01630,0.01295,0.01319,0.01311,0.01677,0.01178,0.02295
0.08808,0.09242,0.02367,0.02554,0.03405,0.04742,0.13437,0.13156,0.03986,0.05773,0.03356,0.04560,0.04258,0.03182,0.02021,0.02713,0.02556,0.03695,0.03115,0.03073
0.11390,0.10497,0.04866,0.04634,0.02465,0.03569,0.15853,0.14819,0.02054,0.02617,0.02942,0.03373,0.03395,0.02085,0.02575,0.02335,0.02401,0.02180,0.02116,0.03836
0.09597,0.09058,0.01673,0.01266,0.05474,0.06097,0.22853,0.21823,0.02019,0.01065,0.01129,0.01178,0.04869,0.01505,0.01302,0.01778,0.01046,0.01292,0.01092,0.03884
0.13600,0.14381,0.01772,0.01476,0.03604,0.09499,0.17956,0.17588,0.01151,0.01065,0.01121,0.00998,0.07852,0.00890,0.01091,0.01105,0.00856,0.01027,0.00808,0.02160
0.05721,0.05469,0.02836,0.02908,0.02894,0.16954,0.12132,0.11596,0.02111,0.01927,0.01886,0.02439,0.16566,0.01964,0.02037,0.02483,0.01506,0.01875,0.01813,0.02883
0.10470,0.09863,0.02822,0.02597,0.04978,0.09457,0.16404,0.15526,0.01943,0.02076,0.01457,0.01412,0.08154,0.01702,0.01616,0.01981,0.01059,0.01358,0.01005,0.04122
0.11479,0.10979,0.02089,0.02278,0.02243,0.04114,0.21526,0.20771,0.01711,0.01958,0.01801,0.01813,0.03728,0.02473,0.02053,0.02446,0.01409,0.01483,0.01447,0.02199
0.13491,0.13814,0.02592,0.01973,0.04249,0.07430,0.14270,0.13064,0.02027,0.02120,0.02038,0.02308,0.06435,0.02048,0.01631,0.02366,0.01578,0.01737,0.01748,0.03083
0.14938,0.15328,0.02310,0.02244,0.02987,0.03233,0.15564,0.15109,0.02312,0.02349,0.02652,0.02533,0.02836,0.02221,0.02198,0.02119,0.02129,0.02499,0.01798,0.02640
0.15555,0.15528,0.03798,0.02901,0.06771,0.06135,0.10199,0.09503,0.02647,0.01790,0.01983,0.01582,0.04720,0.02054,0.01742,0.02724,0.01738,0.01462,0.01371,0.05796
0.09253,0.09238,0.02920,0.02349,0.07761,0.08427,0.16696,0.15995,0.01894,0.01880,0.01849,0.01615,0.05683,0.01466,0.01286,0.02279,0.01276,0.01700,0.01262,0.05170
0.10523,0.10400,0.02220,0.03035,0.02460,0.08114,0.15112,0.15045,0.02237,0.02622,0.02642,0.02317,0.07527,0.02220,0.03220,0.01961,0.01859,0.01869,0.01910,0.02707
0.08112,0.07923,0.06339,0.06128,0.04644,0.12315,0.07863,0.08135,0.03015,0.02642,0.02983,0.02212,0.10747,0.02358,0.02161,0.02262,0.02131,0.02363,0.01992,0.03675
0.14990,0.14658,0.02413,0.03119,0.03212,0.06492,0.13482,0.12543,0.02691,0.01863,0.02065,0.02282,0.05556,0.02128,0.01721,0.02015,0.01943,0.02091,0.01608,0.03127
0.12878,0.13899,0.02413,0.02475,0.06413,0.05967,0.13535,0.13131,0.02251,0.02487,0.01934,0.01895,0.04940,0.02723,0.01522,0.02815,0.01612,0.01583,0.01389,0.04136
0.07605,0.06581,0.09296,0.10576,0.01932,0.08960,0.13121,0.12466,0.01732,0.01822,0.02075,0.01917,0.09202,0.01499,0.02420,0.01540,0.01824,0.01529,0.01759,0.02144
0.17753,0.16931,0.03694,0.04330,0.02088,0.04540,0.13531,0.12740,0.01717,0.01943,0.01972,0.02013,0.04046,0.02097,0.01763,0.01593,0.01425,0.01786,0.01635,0.02401
0.14881,0.14839,0.02439,0.02430,0.02748,0.03960,0.14987,0.13873,0.02247,0.02860,0.02198,0.02392,0.03759,0.02524,0.02278,0.02796,0.01807,0.01905,0.02181,0.02898
0.07765,0.08991,0.02034,0.02735,0.03254,0.04245,0.16386,0.15640,0.03593,0.05050,0.02830,0.04413,0.03860,0.03170,0.02449,0.03473,0.01715,0.02922,0.02584,0.02891
0.06221,0.06456,0.03287,0.03896,0.02804,0.09173,0.16867,0.15566,0.02688,0.02494,0.02241,0.02663,0.09093,0.02409,0.02241,0.02653,0.01893,0.02212,0.02050,0.03093
0.13577,0.13530,0.02464,0.02412,0.03027,0.03635,0.15427,0.14764,0.02732,0.03146,0.03560,0.02429,0.03154,0.02644,0.02163,0.02273,0.01713,0.02802,0.01521,0.03026
0.09277,0.09669,0.01630,0.02042,0.02845,0.13760,0.15474,0.14245,0.01885,0.01713,0.01529,0.01498,0.13679,0.01650,0.01585,0.01508,0.01137,0.01468,0.01266,0.02138
0.06955,0.07199,0.03838,0.03886,0.02416,0.07596,0.22185,0.21338,0.01666,0.01424,0.01501,0.01384,0.07903,0.01630,0.01475,0.01662,0.01238,0.01451,0.01115,0.02141
0.07454,0.07438,0.05780,0.06038,0.02506,0.04073,0.21030,0.19407,0.02004,0.01926,0.02347,0.02025,0.04361,0.02210,0.01774,0.01933,0.01655,0.02138,0.01638,0.02264
0.06548,0.07671,0.02392,0.02395,0.06102,0.05288,0.12093,0.11496,0.03904,0.05496,0.04483,0.04650,0.04242,0.04009,0.02874,0.03258,0.01975,0.03786,0.02333,0.05005
0.07032,0.06899,0.02736,0.02991,0.03925,0.04179,0.15718,0.14748,0.03401,0.05833,0.04010,0.04443,0.03956,0.03432,0.02891,0.02270,0.02330,0.03544,0.02253,0.03409
0.05176,0.05063,0.03136,0.03129,0.03401,0.08103,0.20598,0.20132,0.02287,0.02547,0.02187,0.02144,0.07248,0.02447,0.02066,0.01927,0.01539,0.02143,0.01687,0.03040
0.12655,0.12106,0.04058,0.04680,0.02147,0.12227,0.09144,0.08184,0.01935,0.01618,0.02299,0.01868,0.12427,0.01859,0.02220,0.01877,0.01891,0.02046,0.01963,0.02797
0.11918,0.11424,0.02198,0.02703,0.02522,0.06006,0.17672,0.16346,0.02269,0.02079,0.02465,0.01803,0.05916,0.02399,0.02059,0.01961,0.01833,0.02228,0.01467,0.02730
0.06529,0.05877,0.01374,0.01557,0.03179,0.07419,0.21024,0.20659,0.02633,0.01397,0.05534,0.01451,0.07038,0.03301,0.02013,0.01147,0.01152,0.03503,0.01440,0.01773
0.03914,0.04070,0.01878,0.01904,0.01861,0.03605,0.33966,0.33032,0.01216,0.01449,0.01119,0.01164,0.03333,0.01314,0.01031,0.01394,0.00745,0.00848,0.00778,0.01380
0.06374,0.07419,0.02785,0.04204,0.03660,0.05796,0.11108,0.10693,0.04273,0.05688,0.03797,0.04765,0.05248,0.03441,0.02933,0.03793,0.03111,0.04484,0.03412,0.03015
0.13860,0.13978,0.01302,0.01632,0.02152,0.03332,0.19851,0.19119,0.02357,0.02375,0.02836,0.01761,0.03003,0.02496,0.01577,0.01541,0.01251,0.02437,0.01165,0.01976
0.05735,0.05938,0.02403,0.02440,0.05191,0.13937,0.17667,0.16882,0.01637,0.01462,0.01589,0.01366,0.12267,0.01552,0.01369,0.01687,0.01003,0.01414,0.01026,0.03433
0.18074,0.18405,0.02982,0.03049,0.03695,0.06204,0.09757,0.08963,0.02241,0.02183,0.02080,0.02220,0.05847,0.02119,0.02121,0.01882,0.01675,0.02172,0.01414,0.02914
0.05079,0.05047,0.02057,0.01876,0.05063,0.09796,0.20017,0.19102,0.01965,0.02803,0.02323,0.02114,0.08272,0.01860,0.01738,0.02193,0.01723,0.01604,0.01485,0.03883
0.16239,0.17479,0.03455,0.02694,0.04112,0.06014,0.09120,0.08136,0.02414,0.02501,0.02709,0.02714,0.05194,0.02306,0.02339,0.02415,0.01893,0.02647,0.01856,0.03762
0.15690,0.14764,0.01748,0.02583,0.02347,0.09521,0.10789,0.10147,0.02060,0.01534,0.03767,0.01684,0.09276,0.02355,0.03025,0.01512,0.01508,0.02406,0.01372,0.01913
0.07744,0.07044,0.01388,0.01694,0.02690,0.06941,0.23685,0.22667,0.02047,0.01649,0.02451,0.01562,0.06424,0.01903,0.01782,0.01591,0.01226,0.01671,0.01458,0.02382
0.07180,0.07078,0.01940,0.02390,0.02311,0.02677,0.26070,0.25123,0.02532,0.04064,0.01370,0.03117,0.02639,0.01625,0.01377,0.02475,0.01227,0.01478,0.01582,0.01746
0.14087,0.13922,0.03458,0.03028,0.07384,0.11487,0.06706,0.06764,0.01841,0.02492,0.01976,0.02002,0.08638,0.01657,0.01873,0.02538,0.01232,0.01638,0.01506,0.05771
0.07542,0.09620,0.02078,0.02147,0.06292,0.02679,0.14198,0.13726,0.04881,0.06417,0.01491,0.02818,0.02739,0.09306,0.00994,0.07537,0.01015,0.01348,0.01052,0.02121
0.07815,0.07298,0.02599,0.01705,0.07426,0.09243,0.18070,0.17207,0.02002,0.01510,0.01638,0.01772,0.07044,0.01550,0.01487,0.02216,0.01661,0.01552,0.01469,0.04737
0.08965,0.08318,0.05212,0.05267,0.02861,0.11283,0.08841,0.07802,0.02581,0.02420,0.03164,0.02619,0.11554,0.02769,0.02940,0.02536,0.02694,0.02310,0.02660,0.03205
0.05529,0.04598,0.06923,0.07459,0.01621,0.13617,0.12987,0.12899,0.01713,0.01751,0.02077,0.01816,0.14299,0.01900,0.02224,0.01549,0.01641,0.01556,0.01845,0.01996
0.05168,0.05118,0.09928,0.09910,0.02989,0.03067,0.21564,0.20657,0.02160,0.02107,0.01880,0.01605,0.02525,0.01641,0.01208,0.01590,0.01332,0.01454,0.01306,0.02791
0.09880,0.09932,0.01963,0.02214,0.02392,0.11088,0.13778,0.13303,0.02055,0.02523,0.02198,0.02345,0.11121,0.02680,0.03092,0.02006,0.01566,0.01692,0.02027,0.02144
0.15320,0.15220,0.03174,0.03614,0.03255,0.05719,0.11227,0.10513,0.02560,0.01961,0.03858,0.01958,0.04679,0.02679,0.02625,0.02106,0.01795,0.03008,0.01902,0.02826
0.07644,0.07658,0.02579,0.02873,0.03878,0.03229,0.16067,0.15375,0.03557,0.05157,0.04524,0.03856,0.03457,0.03250,0.02508,0.02365,0.02751,0.04002,0.02273,0.02997
0.05914,0.05991,0.02416,0.02360,0.04543,0.05679,0.22786,0.22222,0.02561,0.02698,0.02903,0.02379,0.04209,0.02755,0.01470,0.01992,0.01099,0.02004,0.01209,0.02811
0.08193,0.08202,0.04346,0.03889,0.06063,0.05826,0.13822,0.14045,0.02992,0.02216,0.04502,0.01895,0.04445,0.03506,0.02438,0.02579,0.01449,0.03482,0.01453,0.04657
0.07041,0.06937,0.01856,0.02071,0.03643,0.06381,0.21386,0.21003,0.01964,0.02511,0.02061,0.02541,0.05674,0.02391,0.02143,0.02377,0.01439,0.02055,0.01863,0.02664
0.06861,0.06766,0.04857,0.04779,0.03993,0.12083,0.13835,0.13269,0.02574,0.02170,0.02285,0.02105,0.11187,0.01961,0.01847,0.01944,0.01314,0.01803,0.01501,0.02865
0.10996,0.10414,0.02512,0.01990,0.03930,0.06361,0.15598,0.14930,0.02092,0.02949,0.02616,0.02568,0.05067,0.02751,0.02373,0.02075,0.02271,0.02755,0.02041,0.03715
0.05061,0.05193,0.03635,0.03335,0.04309,0.09837,0.15182,0.15350,0.03082,0.02121,0.05164,0.01796,0.08690,0.03590,0.01936,0.01826,0.01476,0.03805,0.01764,0.02851
0.08283,0.08141,0.02008,0.02080,0.02636,0.08180,0.22152,0.20863,0.02029,0.01528,0.02059,0.01427,0.07107,0.01610,0.01403,0.01868,0.01468,0.01734,0.01351,0.02072
0.13720,0.13467,0.01872,0.02507,0.02094,0.11693,0.10923,0.10147,0.02194,0.02676,0.01897,0.02468,0.11640,0.01949,0.02484,0.01385,0.01327,0.02037,0.01636,0.01885
0.14629,0.14743,0.06561,0.06715,0.02839,0.08765,0.09928,0.09619,0.01473,0.01476,0.02061,0.01351,0.08204,0.01893,0.01527,0.01511,0.01380,0.01686,0.01194,0.02444
0.05468,0.05309,0.03287,0.02594,0.10017,0.06723,0.12828,0.13217,0.03215,0.02798,0.03594,0.02836,0.04237,0.03456,0.02049,0.03810,0.01991,0.02973,0.01895,0.07702
0.08943,0.08394,0.05918,0.06318,0.03896,0.05439,0.13646,0.13167,0.02408,0.03545,0.02206,0.02471,0.05141,0.03213,0.02239,0.03342,0.02640,0.01750,0.02083,0.03240
0.06400,0.07224,0.02177,0.03048,0.03331,0.03938,0.16817,0.15835,0.03430,0.07984,0.02287,0.06339,0.03752,0.02833,0.02248,0.02460,0.02052,0.02226,0.03050,0.02571
0.14229,0.14076,0.03350,0.03707,0.03019,0.07375,0.13544,0.12685,0.01642,0.01951,0.02293,0.01916,0.06996,0.01929,0.01877,0.01703,0.01742,0.01906,0.01577,0.02482
0.06429,0.07331,0.02617,0.02987,0.03196,0.05516,0.16935,0.15966,0.02778,0.03402,0.03297,0.03060,0.05082,0.03862,0.04618,0.02995,0.02042,0.02461,0.02011,0.03416
0.20983,0.21547,0.01311,0.01306,0.02546,0.03145,0.16331,0.15360,0.01448,0.01384,0.01365,0.01277,0.02975,0.01345,0.01168,0.01432,0.00922,0.01106,0.01024,0.02027
0.10881,0.10579,0.02353,0.02973,0.02428,0.06004,0.19288,0.18239,0.01724,0.02635,0.01882,0.02360,0.06045,0.01914,0.02128,0.01744,0.01404,0.01802,0.01395,0.02222
0.05859,0.05689,0.02548,0.02496,0.02728,0.11151,0.20932,0.20190,0.01633,0.01394,0.01874,0.01771,0.10118,0.01691,0.01619,0.01936,0.01436,0.01527,0.01239,0.02171
0.13482,0.13059,0.02226,0.01991,0.02592,0.02689,0.22582,0.20997,0.01942,0.01991,0.01390,0.01835,0.02594,0.01657,0.01411,0.01607,0.01196,0.01279,0.01194,0.02285
0.15090,0.14882,0.01517,0.01434,0.03629,0.06342,0.17619,0.16704,0.02293,0.01545,0.01728,0.01454,0.05150,0.02129,0.01194,0.01875,0.00897,0.01321,0.01060,0.02138
0.21021,0.20723,0.02212,0.02261,0.01961,0.02393,0.15797,0.14125,0.01762,0.02216,0.01563,0.01576,0.02021,0.01602,0.01073,0.01548,0.01138,0.01871,0.01333,0.01804
0.17185,0.17169,0.03516,0.04154,0.02696,0.05233,0.09655,0.08542,0.02112,0.02686,0.02599,0.02464,0.05023,0.02389,0.02666,0.02168,0.02450,0.02394,0.01941,0.02957
0.12375,0.12278,0.03111,0.03339,0.04561,0.04737,0.13755,0.13048,0.02457,0.03823,0.01889,0.02488,0.04090,0.02810,0.02411,0.02306,0.01779,0.02189,0.02004,0.04548
0.23871,0.24230,0.01487,0.01748,0.02588,0.05504,0.10905,0.09651,0.01295,0.01122,0.01153,0.01154,0.05845,0.01509,0.01683,0.01132,0.00990,0.01245,0.01048,0.01841
0.06788,0.06928,0.01812,0.02062,0.02783,0.15726,0.12408,0.12164,0.02219,0.02034,0.02903,0.02219,0.14123,0.02560,0.02460,0.02070,0.01621,0.02567,0.02057,0.02497
0.04269,0.04425,0.02522,0.01761,0.11487,0.12614,0.11242,0.11253,0.02923,0.02458,0.03360,0.02217,0.08613,0.02515,0.01780,0.03456,0.01645,0.02334,0.01709,0.07416
0.18313,0.18703,0.03281,0.02897,0.06894,0.03800,0.08611,0.07996,0.02383,0.02470,0.02310,0.01837,0.02265,0.02198,0.02155,0.03071,0.01120,0.02299,0.01372,0.06026
0.08979,0.08801,0.02840,0.01786,0.06988,0.08630,0.14152,0.13988,0.02198,0.02397,0.02298,0.01993,0.06957,0.02111,0.01824,0.02668,0.01865,0.02192,0.01758,0.05574
0.11521,0.11698,0.02004,0.02135,0.01972,0.04041,0.22450,0.21367,0.01782,0.01789,0.01783,0.02202,0.03503,0.01815,0.01522,0.01573,0.01376,0.01576,0.01671,0.02221
0.05075,0.05335,0.01200,0.01485,0.04761,0.04270,0.11215,0.12955,0.06331,0.02787,0.13300,0.01787,0.03551,0.07702,0.03307,0.01420,0.01727,0.08974,0.00981,0.01839
0.07384,0.07866,0.01912,0.02747,0.02747,0.05787,0.15972,0.15258,0.02705,0.03779,0.03622,0.03039,0.05410,0.04402,0.04421,0.02711,0.02294,0.02766,0.02361,0.02816
0.08855,0.08593,0.14517,0.14997,0.02947,0.04496,0.09223,0.09207,0.02164,0.02304,0.02881,0.01679,0.03929,0.02494,0.02145,0.02204,0.01333,0.02229,0.01261,0.02542
0.10625,0.10204,0.03655,0.03613,0.02968,0.13615,0.11807,0.11182,0.01642,0.01678,0.01604,0.01643,0.13124,0.01749,0.02296,0.01764,0.01535,0.01341,0.01423,0.02531
0.08637,0.08970,0.01731,0.02099,0.03761,0.05793,0.20573,0.20071,0.02439,0.02025,0.03264,0.01546,0.05142,0.02298,0.01496,0.01986,0.01207,0.02746,0.01405,0.02809
0.10186,0.10617,0.05088,0.05062,0.06051,0.06484,0.09571,0.09241,0.03172,0.02694,0.03397,0.02159,0.04904,0.03278,0.03001,0.03444,0.01820,0.02811,0.02070,0.04949
0.11946,0.12194,0.03555,0.04053,0.02467,0.08068,0.10343,0.09792,0.02302,0.02587,0.03410,0.02758,0.08132,0.03227,0.03464,0.02249,0.01954,0.02503,0.02140,0.02856
0.11940,0.11781,0.02809,0.03481,0.04106,0.07098,0.06202,0.07058,0.04001,0.02833,0.06239,0.02523,0.05875,0.04859,0.03069,0.02928,0.01695,0.05316,0.02541,0.03647
0.10380,0.10051,0.01536,0.01424,0.04365,0.11309,0.16037,0.15250,0.01727,0.01794,0.02208,0.01447,0.09951,0.02152,0.01866,0.01558,0.01045,0.01665,0.01099,0.03134
0.07531,0.07649,0.02264,0.01752,0.03558,0.04468,0.20619,0.20097,0.03262,0.02718,0.03234,0.02569,0.03727,0.02521,0.02378,0.02341,0.01916,0.02200,0.02222,0.02974
0.09048,0.09228,0.02572,0.02718,0.06729,0.09291,0.11476,0.11576,0.03047,0.02843,0.03068,0.01886,0.07038,0.03332,0.02030,0.02846,0.01695,0.02790,0.01716,0.05071
0.09181,0.09300,0.02295,0.02390,0.06311,0.13025,0.09087,0.09006,0.02424,0.02370,0.03607,0.02495,0.10870,0.02781,0.02439,0.02333,0.01828,0.02753,0.01841,0.03665
0.14416,0.13956,0.03132,0.02929,0.04658,0.07103,0.10466,0.10115,0.02697,0.02315,0.03105,0.02303,0.05561,0.03239,0.02285,0.02022,0.01692,0.02477,0.01765,0.03765
0.11258,0.10646,0.02686,0.02669,0.05779,0.09066,0.10008,0.09757,0.02489,0.02449,0.04243,0.02126,0.07961,0.02842,0.02254,0.02680,0.01857,0.02945,0.01884,0.04402
0.17692,0.17624,0.01435,0.01945,0.02381,0.08762,0.12164,0.11401,0.01466,0.01553,0.01862,0.01878,0.08194,0.01807,0.01710,0.01781,0.01195,0.01660,0.01556,0.01934
0.09398,0.09662,0.03590,0.02744,0.07651,0.05035,0.09309,0.09809,0.03958,0.04006,0.04904,0.02675,0.03756,0.03695,0.02488,0.03086,0.02147,0.03792,0.02449,0.05844
0.11389,0.11667,0.02678,0.02597,0.03890,0.04739,0.14255,0.13568,0.03603,0.02613,0.04606,0.02671,0.04014,0.03348,0.02151,0.02335,0.01599,0.03647,0.01650,0.02979
0.05271,0.05687,0.04917,0.04937,0.03660,0.09673,0.19401,0.18347,0.01846,0.01840,0.01617,0.01880,0.08647,0.01667,0.01572,0.01906,0.01324,0.01589,0.01573,0.02647
0.04563,0.03865,0.02847,0.01892,0.05932,0.04789,0.25055,0.23819,0.02658,0.01812,0.02766,0.01227,0.03391,0.02494,0.01666,0.02699,0.01011,0.02137,0.01065,0.04314
0.11717,0.11314,0.03601,0.02985,0.06039,0.04860,0.11082,0.10469,0.02650,0.03393,0.02529,0.02902,0.04096,0.04116,0.03006,0.04114,0.02248,0.02043,0.01973,0.04863
0.04558,0.06631,0.02839,0.04755,0.03031,0.03560,0.15486,0.14423,0.04229,0.08504,0.02469,0.07035,0.03571,0.02466,0.01652,0.04352,0.02128,0.02881,0.02905,0.02525
0.06950,0.06821,0.04009,0.04805,0.03689,0.10247,0.13599,0.13819,0.03055,0.02190,0.03122,0.02624,0.09291,0.02884,0.01811,0.02767,0.02103,0.02245,0.01743,0.02228
0.09297,0.10400,0.05274,0.05125,0.03725,0.04786,0.09543,0.09124,0.03808,0.03023,0.05132,0.03318,0.04556,0.03964,0.03087,0.02972,0.02688,0.03949,0.02689,0.03539
0.14076,0.13615,0.03210,0.03360,0.02267,0.02683,0.16764,0.15618,0.02718,0.01908,0.03829,0.01924,0.02578,0.02378,0.02188,0.01746,0.01723,0.03097,0.01768,0.02552
0.13503,0.14093,0.02089,0.02360,0.03848,0.06802,0.13091,0.12072,0.02919,0.02693,0.02264,0.02327,0.05843,0.02798,0.01810,0.03094,0.01911,0.01659,0.01726,0.03098
0.06961,0.06536,0.01537,0.02503,0.02149,0.09517,0.21448,0.20351,0.01936,0.02242,0.01502,0.01486,0.09972,0.02262,0.01785,0.02184,0.01332,0.01335,0.01113,0.01849
0.05857,0.06168,0.04297,0.03937,0.06068,0.15852,0.12559,0.12474,0.01846,0.01304,0.02451,0.01551,0.12573,0.01998,0.01515,0.01755,0.01162,0.01525,0.01214,0.03896
0.10534,0.11591,0.02804,0.02687,0.03011,0.07001,0.16305,0.15159,0.02711,0.02470,0.02667,0.02132,0.05718,0.02505,0.02158,0.02442,0.01787,0.01961,0.01813,0.02541
0.16214,0.16677,0.03711,0.03138,0.03859,0.05485,0.12615,0.11395,0.01598,0.02489,0.01741,0.02357,0.04888,0.01493,0.01428,0.02189,0.01609,0.01758,0.01696,0.03658
0.17724,0.18332,0.02907,0.02811,0.03585,0.03683,0.08620,0.07772,0.03288,0.03048,0.02822,0.03026,0.02832,0.02951,0.02656,0.03149,0.02233,0.02961,0.02251,0.03347
0.05301,0.04831,0.01707,0.01829,0.03196,0.11416,0.20923,0.20582,0.01846,0.01456,0.02385,0.01469,0.10390,0.02149,0.01971,0.01665,0.01389,0.01835,0.01140,0.02519
0.15564,0.16091,0.01401,0.01583,0.04116,0.13659,0.08273,0.07664,0.01816,0.01740,0.02145,0.01427,0.12285,0.01826,0.01727,0.01506,0.01232,0.01950,0.01272,0.02723
0.11133,0.11700,0.02036,0.02249,0.02339,0.02851,0.18825,0.17786,0.02262,0.03656,0.01903,0.02704,0.02971,0.04578,0.02448,0.03136,0.02242,0.01655,0.01478,0.02049
0.18618,0.18012,0.01984,0.02060,0.03362,0.04743,0.14805,0.13511,0.01744,0.01598,0.01879,0.01592,0.04504,0.01823,0.01375,0.01776,0.01474,0.01375,0.01277,0.02488
0.10207,0.10825,0.06662,0.05534,0.05466,0.10652,0.07840,0.07128,0.02184,0.02321,0.02141,0.02452,0.09518,0.02062,0.02201,0.02297,0.01927,0.02380,0.01829,0.04374
0.09135,0.09232,0.02823,0.02235,0.09084,0.05904,0.11989,0.11506,0.02983,0.02612,0.03483,0.02203,0.04315,0.03193,0.02459,0.03406,0.02093,0.02901,0.01850,0.06593
0.08967,0.09186,0.03242,0.04009,0.05388,0.05753,0.13533,0.12136,0.02907,0.03016,0.02344,0.03428,0.05090,0.02938,0.03015,0.02853,0.02047,0.02507,0.02503,0.05139
0.03230,0.03361,0.02272,0.02206,0.02449,0.06480,0.30595,0.29987,0.01506,0.01460,0.01681,0.01204,0.05431,0.01377,0.01215,0.01117,0.00958,0.01038,0.00840,0.01594
0.12900,0.12531,0.03275,0.02391,0.06713,0.04406,0.16854,0.15745,0.02201,0.01868,0.01643,0.01574,0.03235,0.01748,0.01273,0.02788,0.01158,0.01333,0.01251,0.05113
0.17506,0.17902,0.05807,0.05787,0.03519,0.07635,0.06358,0.05987,0.02192,0.02747,0.02388,0.01973,0.06621,0.02337,0.01686,0.01897,0.01395,0.02213,0.01401,0.02649
0.09885,0.08880,0.02092,0.02121,0.03040,0.09630,0.19218,0.18575,0.01666,0.01500,0.01860,0.01655,0.08289,0.01632,0.01538,0.01539,0.01406,0.01652,0.01350,0.02473
0.10108,0.10280,0.05412,0.05031,0.02537,0.06823,0.13190,0.12477,0.02419,0.02514,0.02972,0.02339,0.07349,0.02790,0.02699,0.02327,0.02098,0.02396,0.01480,0.02758
0.13313,0.12072,0.01909,0.02322,0.02564,0.13605,0.08876,0.08679,0.02025,0.02297,0.02957,0.02159,0.13115,0.01994,0.02516,0.01887,0.01880,0.02043,0.01675,0.02113
0.06396,0.05027,0.06643,0.06243,0.03178,0.07529,0.16443,0.15818,0.01815,0.02005,0.03093,0.02036,0.07517,0.02375,0.02508,0.01874,0.02233,0.02270,0.01819,0.03177
0.09639,0.09346,0.02665,0.02522,0.03642,0.11879,0.16295,0.15524,0.01763,0.01650,0.01926,0.01732,0.10344,0.01744,0.01255,0.01532,0.01174,0.01550,0.01324,0.02497
0.05649,0.06513,0.02550,0.02934,0.03002,0.03174,0.21572,0.20791,0.03282,0.03581,0.02361,0.02924,0.03402,0.03442,0.02124,0.03835,0.02214,0.01999,0.01772,0.02878
0.09153,0.08553,0.01391,0.01180,0.02200,0.03388,0.27079,0.25880,0.02123,0.01075,0.02853,0.01124,0.03171,0.01985,0.01531,0.01390,0.00907,0.02390,0.00977,0.01650
0.15305,0.14775,0.05117,0.04902,0.02629,0.04230,0.15000,0.14163,0.01620,0.01730,0.02072,0.01925,0.03887,0.01866,0.01880,0.01757,0.01631,0.01695,0.01296,0.02519
0.13975,0.13251,0.02386,0.02610,0.03221,0.05096,0.18582,0.17916,0.01750,0.01670,0.02277,0.01770,0.04066,0.01992,0.01226,0.01807,0.01122,0.01614,0.01360,0.02308
0.08047,0.07586,0.02618,0.02982,0.03434,0.11022,0.15677,0.14691,0.02572,0.01915,0.01972,0.02057,0.10863,0.02344,0.01953,0.02730,0.01925,0.01557,0.01600,0.02453
0.15709,0.15809,0.02620,0.02324,0.06002,0.08277,0.09419,0.08658,0.01989,0.02312,0.02104,0.01746,0.07091,0.01928,0.02101,0.01987,0.01853,0.02103,0.01734,0.04235
0.11630,0.11184,0.02597,0.02565,0.02763,0.04451,0.21594,0.20494,0.01814,0.01614,0.02164,0.01771,0.04167,0.01555,0.01417,0.01562,0.01330,0.01732,0.01305,0.02294
0.07403,0.07773,0.02553,0.02991,0.02606,0.09291,0.12275,0.11699,0.02429,0.02739,0.04265,0.02890,0.09040,0.03825,0.05117,0.02480,0.02349,0.03243,0.02223,0.02807
0.07759,0.08044,0.02051,0.01932,0.03973,0.08392,0.19095,0.18563,0.02249,0.01877,0.03380,0.01613,0.07038,0.02828,0.01969,0.01591,0.01352,0.02377,0.01274,0.02644
0.08675,0.09089,0.03947,0.03532,0.08663,0.07912,0.10422,0.09724,0.02904,0.02665,0.02239,0.02223,0.05638,0.02268,0.02326,0.03780,0.02632,0.02510,0.02158,0.06694
0.07367,0.07250,0.02542,0.02757,0.04286,0.11977,0.19005,0.18223,0.01567,0.01244,0.01250,0.01417,0.10440,0.01344,0.01245,0.01686,0.01110,0.01172,0.01013,0.03106
0.14578,0.15503,0.02356,0.02490,0.04045,0.03064,0.12917,0.12435,0.03395,0.03514,0.02662,0.03013,0.02261,0.03539,0.01806,0.02879,0.01746,0.02442,0.01924,0.03432
0.13946,0.13088,0.02809,0.02368,0.02790,0.04349,0.11689,0.11092,0.02548,0.02414,0.04176,0.03359,0.04267,0.02883,0.03672,0.02634,0.02480,0.03167,0.02814,0.03454
0.14296,0.14313,0.01567,0.01576,0.04919,0.09902,0.12195,0.11740,0.01866,0.01855,0.02133,0.01556,0.08597,0.01879,0.01623,0.02121,0.01306,0.01677,0.01317,0.03561
0.08863,0.08363,0.00891,0.00946,0.01831,0.01498,0.28969,0.28766,0.02566,0.01016,0.04167,0.00714,0.01372,0.02846,0.01007,0.00777,0.00527,0.03244,0.00479,0.01158
0.10038,0.10376,0.02307,0.02607,0.03159,0.03706,0.15222,0.14860,0.03380,0.03874,0.03142,0.04102,0.02909,0.03870,0.02673,0.03282,0.02716,0.02863,0.02237,0.02678
0.06377,0.06830,0.03025,0.02081,0.05914,0.07417,0.19197,0.18152,0.02369,0.01819,0.02571,0.01997,0.06200,0.01982,0.01963,0.02478,0.01367,0.02110,0.01541,0.04612
0.18594,0.18376,0.03845,0.04387,0.02331,0.05926,0.12239,0.11402,0.01521,0.01499,0.01656,0.01687,0.05494,0.01674,0.01883,0.01589,0.01376,0.01296,0.01320,0.01905
0.12256,0.12799,0.02781,0.01804,0.09801,0.05023,0.10512,0.10793,0.03160,0.02653,0.02964,0.01972,0.03471,0.03220,0.01732,0.03239,0.01486,0.02258,0.01369,0.06706
0.06711,0.06473,0.04344,0.03832,0.09723,0.06383,0.14989,0.13987,0.02838,0.02272,0.01902,0.02089,0.04704,0.02583,0.01669,0.03277,0.01762,0.01666,0.01350,0.07446
0.08756,0.08550,0.02609,0.02964,0.04307,0.16196,0.09132,0.09329,0.02189,0.02086,0.01540,0.02138,0.14926,0.02231,0.01935,0.02875,0.01739,0.01789,0.01372,0.03336
0.12743,0.12243,0.02410,0.03780,0.01987,0.03792,0.17599,0.16504,0.02083,0.02494,0.02235,0.02774,0.04037,0.02527,0.02366,0.02328,0.01869,0.02159,0.01746,0.02325
0.06171,0.06304,0.02772,0.02684,0.02298,0.04388,0.22018,0.20866,0.02354,0.03266,0.02893,0.03314,0.04360,0.02094,0.02232,0.03027,0.02054,0.01974,0.02324,0.02609
0.04971,0.05089,0.14039,0.13624,0.02727,0.02937,0.16903,0.16767,0.02116,0.01972,0.02939,0.01324,0.02933,0.02551,0.01195,0.01372,0.01115,0.02099,0.01183,0.02143
0.08839,0.09625,0.03101,0.02273,0.05052,0.08672,0.12086,0.10431,0.03085,0.03651,0.02373,0.03430,0.07412,0.02635,0.02552,0.02664,0.02024,0.02556,0.02573,0.04965
0.10490,0.09642,0.04239,0.04707,0.03678,0.06698,0.10185,0.09236,0.02496,0.02606,0.02874,0.03476,0.06940,0.02550,0.02916,0.03216,0.03078,0.03362,0.02770,0.04842
0.10632,0.10268,0.02977,0.02680,0.03349,0.03859,0.15824,0.15492,0.03518,0.02319,0.05460,0.02537,0.03426,0.03465,0.02268,0.01944,0.01555,0.03969,0.01641,0.02817
0.04094,0.04514,0.02243,0.02409,0.02761,0.03901,0.25208,0.24341,0.02629,0.03400,0.03382,0.02604,0.03693,0.02860,0.01810,0.02073,0.01387,0.02740,0.01608,0.02343
0.13563,0.14471,0.03427,0.04155,0.02755,0.04608,0.13377,0.12455,0.01979,0.02488,0.02816,0.02523,0.04188,0.02457,0.02608,0.02280,0.02191,0.02567,0.02187,0.02906
0.16647,0.16316,0.02575,0.02246,0.03118,0.03366,0.15504,0.14726,0.02233,0.02305,0.02382,0.02470,0.02560,0.02140,0.01731,0.01798,0.01703,0.02070,0.01624,0.02487
0.04741,0.03527,0.02172,0.02722,0.02644,0.05755,0.19811,0.19292,0.02750,0.02408,0.03124,0.02932,0.05942,0.02803,0.03616,0.02770,0.03663,0.02632,0.03714,0.02981
0.05632,0.06693,0.02133,0.02769,0.03519,0.10436,0.15864,0.15365,0.02589,0.02995,0.02578,0.02667,0.10129,0.02822,0.02141,0.03072,0.01700,0.02143,0.02016,0.02738
0.05346,0.05486,0.11862,0.12008,0.01950,0.02708,0.19649,0.18612,0.01740,0.02205,0.01856,0.02011,0.02801,0.01649,0.01738,0.02126,0.01439,0.01306,0.01810,0.01697
0.07575,0.07241,0.02237,0.03047,0.03858,0.15726,0.15086,0.14211,0.01579,0.01343,0.01922,0.01103,0.13536,0.01690,0.01379,0.02024,0.01065,0.01511,0.01168,0.02699
0.10019,0.10888,0.01786,0.02030,0.03071,0.02704,0.18468,0.17330,0.02991,0.04206,0.02491,0.02826,0.03001,0.04687,0.02217,0.03751,0.01516,0.02103,0.01518,0.02396
0.12912,0.13310,0.02960,0.02649,0.06092,0.05716,0.11256,0.09968,0.02578,0.03213,0.02549,0.02583,0.05118,0.02906,0.02175,0.03295,0.01895,0.02046,0.01907,0.04873
0.06878,0.06583,0.01890,0.01212,0.07991,0.09152,0.19795,0.19023,0.01708,0.02003,0.01680,0.01754,0.06738,0.01607,0.01177,0.02151,0.01049,0.01384,0.01038,0.05187
0.12521,0.11586,0.02194,0.02544,0.01878,0.07938,0.15525,0.14613,0.01892,0.01984,0.01956,0.02120,0.08771,0.02148,0.02019,0.02022,0.02437,0.01963,0.01757,0.02132
0.21389,0.22351,0.02904,0.02863,0.03183,0.03153,0.08574,0.08072,0.02655,0.03571,0.01923,0.01882,0.02627,0.03865,0.01652,0.02864,0.01454,0.01553,0.01200,0.02264
0.08056,0.07403,0.02154,0.01983,0.04199,0.09220,0.19585,0.18834,0.01761,0.01645,0.02549,0.01721,0.07674,0.02354,0.01807,0.01816,0.01357,0.01722,0.01446,0.02715
0.11850,0.11855,0.02261,0.02656,0.02555,0.03877,0.19926,0.17920,0.02178,0.02393,0.02126,0.02150,0.04058,0.02163,0.02300,0.02069,0.01595,0.01958,0.01592,0.02517
0.13078,0.12752,0.02004,0.02304,0.01888,0.02602,0.21062,0.19271,0.02315,0.02584,0.01976,0.02357,0.02540,0.01912,0.01617,0.01799,0.01747,0.01716,0.01984,0.02492
0.10162,0.09661,0.04974,0.05232,0.02370,0.03200,0.19067,0.18707,0.02276,0.02041,0.03268,0.01685,0.03144,0.02579,0.02095,0.01591,0.01487,0.02722,0.01465,0.02276
0.15799,0.15052,0.01785,0.02393,0.02273,0.03031,0.15082,0.14257,0.01959,0.02618,0.03430,0.02635,0.03577,0.02615,0.02515,0.01750,0.02107,0.03095,0.02016,0.02011
0.08428,0.08299,0.13952,0.15170,0.03018,0.07707,0.06784,0.06769,0.02039,0.02161,0.01791,0.02057,0.07582,0.02004,0.02127,0.01980,0.01788,0.01717,0.01825,0.02799
0.16297,0.15912,0.03546,0.03090,0.03650,0.03794,0.14110,0.13041,0.02038,0.02070,0.01751,0.02575,0.02958,0.02105,0.01813,0.02451,0.01697,0.01867,0.01762,0.03472
0.14813,0.15749,0.02269,0.02159,0.02845,0.03091,0.12915,0.11800,0.02892,0.04331,0.02491,0.04241,0.03214,0.02134,0.02423,0.03128,0.01929,0.02566,0.02128,0.02881
0.08988,0.07943,0.04063,0.03796,0.04887,0.06023,0.07312,0.07102,0.03257,0.03866,0.03910,0.04558,0.05576,0.03511,0.04456,0.04633,0.03336,0.03113,0.03622,0.06050
0.10793,0.09490,0.02367,0.01761,0.01981,0.04309,0.23181,0.21750,0.01669,0.01490,0.02791,0.02494,0.03957,0.01493,0.02087,0.01351,0.01320,0.01811,0.01410,0.02494
0.08737,0.09273,0.02293,0.02799,0.03828,0.03397,0.22752,0.21393,0.02104,0.02457,0.01965,0.01551,0.02883,0.02662,0.01867,0.02205,0.01602,0.01872,0.01488,0.02872
0.10879,0.10033,0.12452,0.12240,0.02482,0.03048,0.14876,0.13631,0.01772,0.02610,0.01539,0.01665,0.03063,0.01526,0.01328,0.01346,0.01096,0.01262,0.01077,0.02074
0.05234,0.04825,0.04043,0.03240,0.06611,0.08805,0.19738,0.19196,0.02175,0.01478,0.02290,0.01290,0.05567,0.01876,0.01708,0.02463,0.01349,0.02024,0.01173,0.04915
0.06953,0.06174,0.01335,0.01604,0.01751,0.03116,0.31942,0.30511,0.01145,0.01792,0.01287,0.01655,0.02857,0.01177,0.01049,0.01275,0.00840,0.01057,0.00878,0.01602
0.05951,0.06133,0.02677,0.03564,0.04329,0.17111,0.10257,0.09977,0.02323,0.01953,0.02525,0.02120,0.15246,0.02356,0.01994,0.02855,0.01618,0.01993,0.01965,0.03054
0.18989,0.19402,0.01751,0.01849,0.03745,0.10098,0.09326,0.08557,0.01623,0.01566,0.01336,0.01573,0.09101,0.01741,0.01337,0.01632,0.01052,0.01456,0.01309,0.02556
0.06846,0.07152,0.02198,0.02725,0.03944,0.06714,0.17941,0.17439,0.03345,0.03525,0.01921,0.02233,0.05632,0.05079,0.01950,0.03541,0.01783,0.01679,0.01747,0.02605
0.20320,0.21025,0.01882,0.01935,0.03963,0.03820,0.07450,0.06839,0.03016,0.04331,0.02301,0.02464,0.02970,0.04421,0.01955,0.03174,0.01953,0.02126,0.01464,0.02591
0.06742,0.07288,0.02384,0.02590,0.04988,0.08879,0.19278,0.19087,0.02115,0.01979,0.01244,0.01543,0.07067,0.03143,0.01292,0.02803,0.01159,0.01401,0.01260,0.03759
0.05888,0.06651,0.04714,0.04558,0.04387,0.06741,0.12995,0.12239,0.03088,0.04152,0.02536,0.03474,0.06697,0.03478,0.02407,0.03830,0.02692,0.02743,0.02570,0.04160
0.08124,0.08533,0.03440,0.02541,0.06907,0.04580,0.16743,0.15448,0.03170,0.02658,0.03240,0.02283,0.03391,0.02821,0.01966,0.02771,0.01584,0.02752,0.01650,0.05400
0.08585,0.08627,0.03372,0.03222,0.05986,0.07049,0.16831,0.15830,0.02142,0.02444,0.01768,0.01675,0.06026,0.01936,0.01754,0.03106,0.01306,0.01742,0.01540,0.05061
0.12964,0.12365,0.03392,0.03069,0.03285,0.07356,0.12315,0.11486,0.02186,0.02181,0.02535,0.02737,0.07058,0.02532,0.02871,0.02533,0.02262,0.01838,0.01702,0.03333
0.14416,0.13790,0.03055,0.03359,0.03571,0.04276,0.12689,0.11819,0.03078,0.02864,0.02686,0.02612,0.03605,0.03420,0.02467,0.03335,0.02202,0.01785,0.01785,0.03184
0.09824,0.09298,0.02637,0.03214,0.03624,0.04288,0.17504,0.16004,0.02299,0.04114,0.02994,0.03883,0.03929,0.02232,0.02253,0.01903,0.01875,0.02771,0.02100,0.03253
0.10309,0.09760,0.02189,0.01537,0.04686,0.04567,0.23378,0.22401,0.01640,0.01542,0.01835,0.01228,0.03411,0.01725,0.01265,0.01510,0.00996,0.01739,0.01066,0.03216
0.10076,0.09874,0.02450,0.02592,0.02779,0.05161,0.16920,0.17153,0.03191,0.02485,0.03816,0.02150,0.05215,0.03430,0.02266,0.01880,0.01400,0.03250,0.01535,0.02375
0.09734,0.08224,0.03817,0.02641,0.03826,0.03993,0.14902,0.14548,0.02897,0.02418,0.02845,0.03997,0.04757,0.02313,0.03358,0.02794,0.02988,0.02868,0.02721,0.04358
0.15060,0.15473,0.02423,0.02069,0.05670,0.07183,0.07920,0.08180,0.02802,0.01935,0.05166,0.01760,0.05454,0.03852,0.02280,0.02211,0.01480,0.04061,0.01438,0.03584
0.12327,0.12670,0.03683,0.03905,0.04601,0.05397,0.14114,0.13312,0.02376,0.02569,0.01842,0.02268,0.04490,0.02291,0.01785,0.02616,0.01963,0.02045,0.02017,0.03729
0.09909,0.09591,0.02452,0.03175,0.02854,0.05540,0.23094,0.21808,0.01221,0.01454,0.01558,0.01550,0.05253,0.01306,0.01616,0.01422,0.01345,0.01335,0.01246,0.02274
0.09022,0.08569,0.04722,0.05080,0.02779,0.07678,0.10867,0.11002,0.02342,0.02593,0.03230,0.02975,0.07763,0.03004,0.03532,0.02588,0.03746,0.02715,0.02707,0.03085
0.13628,0.14236,0.01927,0.02617,0.03399,0.09829,0.09351,0.08667,0.02460,0.02746,0.02184,0.02668,0.09699,0.03216,0.01620,0.02425,0.01574,0.02172,0.02660,0.02922
0.06063,0.06959,0.04448,0.03550,0.05730,0.05112,0.15824,0.14977,0.03734,0.03956,0.02617,0.02309,0.04183,0.03079,0.02378,0.03620,0.02024,0.02390,0.01770,0.05276
0.09353,0.08785,0.05293,0.04430,0.07648,0.05643,0.11126,0.10723,0.02997,0.03262,0.03233,0.02229,0.03904,0.02904,0.02109,0.03602,0.01784,0.02541,0.02428,0.06007
0.08180,0.08597,0.02172,0.02525,0.03415,0.04291,0.15815,0.14137,0.03294,0.08611,0.02009,0.06118,0.04128,0.02153,0.01912,0.02916,0.02105,0.02333,0.02623,0.02666
0.08780,0.08702,0.07267,0.06764,0.04023,0.04664,0.14221,0.13904,0.02150,0.02872,0.02802,0.02503,0.03872,0.02517,0.03102,0.02744,0.01835,0.01981,0.01878,0.03421
0.18450,0.18872,0.02432,0.02920,0.02387,0.03455,0.15232,0.14258,0.01858,0.02019,0.01784,0.01800,0.02975,0.01599,0.01709,0.01622,0.01169,0.01809,0.01109,0.02541
0.07738,0.07734,0.01896,0.01707,0.04920,0.06101,0.20881,0.19711,0.02277,0.02074,0.03010,0.02029,0.04850,0.02474,0.01644,0.02270,0.01266,0.02694,0.01458,0.03269
0.12444,0.11686,0.02815,0.02859,0.02267,0.03735,0.21340,0.20436,0.01950,0.01949,0.01673,0.01895,0.03022,0.01804,0.01461,0.01731,0.01470,0.01570,0.01334,0.02557
0.05188,0.05025,0.02778,0.02640,0.03263,0.03882,0.26826,0.25878,0.01976,0.02481,0.01839,0.01790,0.03241,0.02062,0.01608,0.02231,0.01739,0.01586,0.01313,0.02654
0.05634,0.05626,0.01872,0.02480,0.03896,0.08707,0.21844,0.20698,0.01984,0.02225,0.01745,0.02027,0.08088,0.02119,0.01667,0.01796,0.01423,0.01766,0.01427,0.02976
0.07504,0.07868,0.03752,0.03898,0.02942,0.03539,0.21266,0.20655,0.02034,0.03090,0.02123,0.02836,0.03135,0.02209,0.01903,0.02235,0.01845,0.01783,0.01856,0.03528
0.19824,0.20052,0.01952,0.02102,0.02560,0.05372,0.10490,0.09642,0.01929,0.02268,0.02726,0.02365,0.04234,0.02493,0.02103,0.02080,0.01599,0.02355,0.01703,0.02151
0.05876,0.05983,0.07076,0.06448,0.04562,0.04438,0.19059,0.18307,0.02206,0.02923,0.01555,0.01938,0.03353,0.02683,0.01657,0.02734,0.01289,0.01698,0.01638,0.04576
0.07859,0.08530,0.15975,0.16116,0.03643,0.08068,0.05923,0.05368,0.01959,0.01991,0.02052,0.01684,0.07688,0.02169,0.01566,0.02269,0.01474,0.01544,0.01498,0.02623
0.20082,0.20092,0.01586,0.02095,0.01812,0.06389,0.12791,0.10965,0.01560,0.02250,0.01568,0.01959,0.06283,0.01482,0.01898,0.01187,0.01224,0.01650,0.01429,0.01698
0.18771,0.18688,0.03495,0.03504,0.03905,0.03508,0.11832,0.11442,0.02165,0.01885,0.02097,0.01514,0.02742,0.02213,0.01559,0.02672,0.01403,0.02009,0.01445,0.03153
0.03652,0.03472,0.01840,0.02166,0.04349,0.15461,0.12009,0.12205,0.03086,0.02218,0.05119,0.02562,0.13897,0.03818,0.02182,0.02055,0.01768,0.03928,0.01609,0.02605
0.13449,0.12955,0.01375,0.02164,0.01919,0.05514,0.22166,0.21204,0.01144,0.01051,0.01447,0.01258,0.05303,0.01390,0.01166,0.01295,0.01166,0.01388,0.00987,0.01659
0.13019,0.13759,0.03240,0.03529,0.03568,0.08409,0.11304,0.10804,0.02564,0.02278,0.02183,0.02425,0.07179,0.02549,0.02088,0.02393,0.01751,0.02059,0.01725,0.03173
0.08480,0.08113,0.01932,0.01847,0.02476,0.04603,0.24778,0.22947,0.02023,0.02434,0.02339,0.01650,0.04277,0.02324,0.01786,0.01617,0.00963,0.01587,0.01233,0.02589
0.07171,0.06913,0.06811,0.05949,0.06167,0.03338,0.08585,0.09117,0.04758,0.03552,0.01942,0.06952,0.03055,0.04515,0.02134,0.06625,0.06150,0.02009,0.02528,0.01729
0.09960,0.10702,0.01810,0.02082,0.03078,0.09125,0.17826,0.16605,0.01812,0.01666,0.02740,0.01515,0.08662,0.02383,0.01656,0.01416,0.01048,0.02410,0.01143,0.02360
0.12047,0.11666,0.03769,0.04113,0.03166,0.11949,0.12537,0.11223,0.01467,0.01634,0.01971,0.01575,0.10930,0.01658,0.01587,0.01946,0.01225,0.01349,0.01452,0.02734
0.24760,0.24533,0.04706,0.05542,0.02342,0.04167,0.06146,0.05877,0.01977,0.01540,0.01608,0.01579,0.04145,0.02168,0.01233,0.01750,0.01299,0.01493,0.01207,0.01928
0.10229,0.10243,0.05907,0.05423,0.03989,0.02710,0.10748,0.10885,0.03907,0.03655,0.06267,0.02267,0.02126,0.04264,0.02519,0.02947,0.02216,0.04554,0.01878,0.03264
0.12246,0.13588,0.01733,0.01830,0.05286,0.02646,0.14288,0.13682,0.03720,0.05132,0.01122,0.02294,0.02725,0.07382,0.01324,0.05806,0.00958,0.00946,0.01010,0.02282
0.09680,0.10335,0.03653,0.03023,0.07592,0.11404,0.08732,0.08002,0.02570,0.02561,0.02650,0.01600,0.09322,0.02601,0.02418,0.03115,0.01360,0.02198,0.01531,0.05654
0.14507,0.15060,0.03154,0.03606,0.02856,0.04201,0.16068,0.14566,0.02261,0.02946,0.01472,0.02214,0.03595,0.02720,0.01607,0.02422,0.01442,0.01547,0.01695,0.02059
