0.17745,0.17347,0.30443,0.34465
0.22678,0.24780,0.24347,0.28195
0.22506,0.15608,0.28788,0.33098
0.19679,0.16942,0.29188,0.34190
0.24523,0.22326,0.26495,0.26655
0.19525,0.16367,0.29336,0.34772
0.20051,0.17112,0.28672,0.34165
0.25713,0.31700,0.19773,0.22814
0.14407,0.24940,0.30431,0.30221
0.21418,0.18674,0.28563,0.31346
0.31502,0.26166,0.20103,0.22229
0.28820,0.16711,0.27143,0.27327
0.16406,0.15917,0.32534,0.35142
0.20047,0.28724,0.24142,0.27087
0.22207,0.20756,0.27368,0.29669
0.21636,0.21839,0.27033,0.29492
0.18468,0.34951,0.22384,0.24197
0.19078,0.20617,0.27145,0.33160
0.21882,0.21039,0.27087,0.29991
0.20378,0.20057,0.29621,0.29944
0.25835,0.15111,0.29163,0.29891
0.14695,0.17035,0.30373,0.37897
0.20414,0.29456,0.23498,0.26631
0.22432,0.23027,0.25602,0.28939
0.22373,0.24911,0.24832,0.27883
0.18028,0.28167,0.25371,0.28433
0.33862,0.10336,0.25795,0.30007
0.22297,0.15757,0.30030,0.31917
0.22284,0.16691,0.29241,0.31784
0.10136,0.43694,0.20479,0.25690
0.34754,0.28466,0.17416,0.19364
0.16468,0.15127,0.32084,0.36321
0.33686,0.18599,0.22542,0.25173
0.19474,0.36318,0.20832,0.23377
0.43566,0.21005,0.16400,0.19028
0.26330,0.21945,0.23610,0.28115
0.19191,0.20101,0.29359,0.31348
0.16288,0.24260,0.28531,0.30920
0.30021,0.27874,0.19886,0.22219
0.25394,0.24238,0.24296,0.26071
0.30092,0.22881,0.21721,0.25306
0.19456,0.22175,0.27639,0.30730
0.23885,0.19706,0.26129,0.30281
0.16132,0.14137,0.31801,0.37930
0.22272,0.28899,0.23407,0.25421
0.37158,0.15542,0.22922,0.24377
0.17032,0.16841,0.30521,0.35606
0.20583,0.20323,0.28364,0.30729
0.22780,0.15300,0.29068,0.32851
0.32507,0.14782,0.25657,0.27054
0.19455,0.17591,0.31116,0.31838
0.17044,0.18861,0.29503,0.34592
0.24924,0.17023,0.25909,0.32144
0.17394,0.23188,0.27353,0.32065
0.16497,0.19701,0.29268,0.34533
0.21519,0.18970,0.26448,0.33063
0.25601,0.25456,0.22186,0.26757
0.21686,0.13646,0.30182,0.34485
0.22155,0.18662,0.27704,0.31479
0.35931,0.27817,0.17482,0.18769
0.22286,0.31577,0.22318,0.23819
0.16673,0.17231,0.30476,0.35621
0.17280,0.23092,0.29513,0.30115
0.24869,0.10914,0.31881,0.32336
0.24050,0.12618,0.29206,0.34126
0.26325,0.20806,0.25650,0.27219
0.20459,0.22519,0.26896,0.30126
0.21842,0.18286,0.28560,0.31311
0.31184,0.31672,0.17836,0.19308
0.28818,0.22412,0.22148,0.26623
0.22341,0.33853,0.20643,0.23164
0.27925,0.29106,0.19964,0.23006
0.20151,0.29134,0.24874,0.25841
0.22999,0.18586,0.28518,0.29897
0.21324,0.12091,0.32183,0.34402
0.22303,0.12865,0.31659,0.33172
0.28908,0.25655,0.21516,0.23921
0.25158,0.21149,0.25448,0.28245
0.26309,0.21299,0.24706,0.27686
0.16191,0.36034,0.21400,0.26374
0.26694,0.25300,0.21843,0.26163
0.20481,0.20751,0.28062,0.30707
0.36688,0.11123,0.24869,0.27319
0.24798,0.22457,0.26312,0.26433
0.25008,0.21618,0.25286,0.28088
0.22507,0.21260,0.26619,0.29614
0.16207,0.12082,0.33135,0.38576
0.30215,0.18504,0.25232,0.26049
0.23998,0.28665,0.22690,0.24647
0.18862,0.16424,0.31184,0.33529
0.24237,0.22062,0.24442,0.29258
0.26030,0.22988,0.24587,0.26395
0.21897,0.18433,0.27699,0.31971
0.24171,0.25906,0.22882,0.27041
0.33486,0.12191,0.25871,0.28452
0.20641,0.18920,0.30326,0.30114
0.21895,0.20986,0.26082,0.31037
0.27820,0.23587,0.22944,0.25648
0.16066,0.31835,0.24014,0.28085
0.23905,0.17732,0.29097,0.29266
