0.00584,0.00711,0.01073,0.00741,0.37826,0.02131,0.07510,0.01625,0.02545,0.00872,0.00386,0.00281,0.00495,0.09078,0.30986,0.00434,0.01254,0.00476,0.00428,0.00563
0.00409,0.01966,0.01412,0.18446,0.01559,0.02315,0.02056,0.04157,0.02261,0.00431,0.00556,0.03441,0.02819,0.49971,0.03421,0.00384,0.02405,0.00606,0.00809,0.00578
0.23232,0.00621,0.13315,0.00919,0.01692,0.00399,0.06064,0.00549,0.00835,0.16011,0.01192,0.00584,0.00403,0.01906,0.00667,0.00950,0.17305,0.02872,0.08921,0.01564
0.00608,0.02254,0.03091,0.13381,0.01401,0.02206,0.02177,0.02241,0.01014,0.06042,0.00280,0.01153,0.08795,0.00647,0.00478,0.01032,0.00697,0.35986,0.01606,0.14909
0.00905,0.02222,0.04613,0.06112,0.02287,0.01073,0.00530,0.24150,0.20576,0.00601,0.01550,0.01022,0.02331,0.02323,0.03259,0.00582,0.23403,0.00495,0.00383,0.01583
0.01058,0.00624,0.14468,0.20825,0.22951,0.01398,0.25050,0.00708,0.01063,0.01004,0.00312,0.01061,0.00318,0.04583,0.01393,0.01643,0.00308,0.00246,0.00363,0.00625
0.01921,0.02564,0.05078,0.03485,0.02071,0.01089,0.00470,0.02323,0.04296,0.61808,0.01795,0.05347,0.00626,0.00500,0.00727,0.02274,0.00721,0.01877,0.00509,0.00518
0.04039,0.03162,0.05461,0.00876,0.01968,0.00915,0.04038,0.01304,0.02942,0.02930,0.01136,0.00488,0.00202,0.01900,0.01267,0.12152,0.00558,0.43702,0.07724,0.03235
0.00366,0.00658,0.00572,0.00562,0.00427,0.00492,0.00555,0.00715,0.00515,0.00723,0.01425,0.00672,0.89102,0.00211,0.00234,0.00637,0.01038,0.00418,0.00266,0.00413
0.00239,0.00381,0.00625,0.00386,0.00331,0.00383,0.00213,0.01857,0.04505,0.00456,0.01430,0.61525,0.00414,0.00419,0.00285,0.06717,0.00483,0.00120,0.19029,0.00202
0.05087,0.02210,0.03463,0.28274,0.00903,0.01476,0.01749,0.33062,0.01070,0.01062,0.00797,0.00436,0.02161,0.02015,0.01618,0.04795,0.03146,0.05727,0.00553,0.00396
0.03409,0.01386,0.05830,0.02726,0.03492,0.01360,0.03963,0.00641,0.01240,0.20730,0.15272,0.00525,0.11144,0.00382,0.00201,0.00605,0.24511,0.00719,0.00285,0.01580
0.02583,0.04878,0.01449,0.16185,0.02546,0.02096,0.04682,0.03875,0.05058,0.03052,0.01842,0.01643,0.00964,0.04714,0.01135,0.03330,0.12826,0.01274,0.04844,0.21024
0.03079,0.01401,0.10120,0.00617,0.01191,0.00786,0.00701,0.01015,0.00601,0.00851,0.07314,0.00561,0.05091,0.00297,0.00124,0.07355,0.43582,0.12179,0.00760,0.02374
0.01460,0.00490,0.85835,0.00595,0.01660,0.00287,0.00729,0.00919,0.00603,0.00353,0.00544,0.00421,0.00385,0.00420,0.00230,0.03826,0.00300,0.00197,0.00185,0.00562
0.12873,0.02244,0.00951,0.01329,0.01147,0.05529,0.00786,0.22077,0.00383,0.01580,0.09650,0.05446,0.00303,0.01035,0.00991,0.31772,0.00686,0.00430,0.00109,0.00679
0.00891,0.00941,0.00855,0.05620,0.00391,0.00707,0.00554,0.00681,0.00741,0.48325,0.01928,0.00802,0.00774,0.01274,0.07638,0.25023,0.01859,0.00365,0.00131,0.00500
0.02641,0.03728,0.00428,0.00157,0.00424,0.01005,0.56482,0.03153,0.12511,0.00863,0.02294,0.04526,0.01285,0.01980,0.01111,0.00273,0.05018,0.00722,0.00719,0.00680
0.03744,0.03185,0.28155,0.06816,0.00605,0.00598,0.15111,0.00880,0.00704,0.01615,0.01480,0.00726,0.01471,0.11034,0.06912,0.14488,0.00468,0.00756,0.00488,0.00763
0.02720,0.16669,0.04784,0.17296,0.06858,0.16928,0.01924,0.02875,0.01618,0.01700,0.00621,0.06751,0.01193,0.06726,0.07361,0.00961,0.00661,0.00745,0.01349,0.00260
0.17622,0.03494,0.15441,0.04253,0.00669,0.00628,0.03553,0.37610,0.01960,0.03263,0.00944,0.00888,0.00399,0.00445,0.00497,0.00267,0.04240,0.02031,0.00645,0.01151
0.15853,0.01024,0.02643,0.01770,0.15736,0.03479,0.06382,0.01237,0.01089,0.00976,0.02989,0.00658,0.01605,0.02026,0.00639,0.00927,0.36618,0.00413,0.00480,0.03456
0.03490,0.00904,0.02300,0.01225,0.00650,0.03055,0.01477,0.00713,0.01404,0.02532,0.00502,0.00802,0.72670,0.01213,0.01623,0.00319,0.00403,0.03718,0.00703,0.00295
0.00524,0.00374,0.56872,0.00509,0.28223,0.01145,0.00438,0.00175,0.00383,0.00386,0.00419,0.00375,0.00339,0.00355,0.00596,0.00611,0.00679,0.00208,0.06662,0.00726
0.00960,0.02077,0.01140,0.17573,0.01652,0.00668,0.42431,0.04470,0.00766,0.01272,0.01405,0.00688,0.01846,0.10879,0.03090,0.00692,0.01844,0.03235,0.00338,0.02974
0.01346,0.01054,0.16591,0.00738,0.01771,0.01729,0.01467,0.07324,0.02822,0.03117,0.02057,0.00465,0.01859,0.00582,0.00691,0.01333,0.33229,0.14985,0.01036,0.05805
0.06546,0.05220,0.00704,0.01239,0.00833,0.19402,0.00400,0.01678,0.01457,0.00572,0.00348,0.20812,0.09613,0.00205,0.00115,0.22751,0.00374,0.00303,0.00267,0.07160
0.01097,0.06599,0.21744,0.00692,0.00786,0.02904,0.02814,0.07786,0.31552,0.00762,0.00711,0.00708,0.00318,0.01058,0.01420,0.00613,0.01132,0.03065,0.06565,0.07672
0.01482,0.00608,0.03639,0.00642,0.00651,0.00593,0.01935,0.63935,0.10281,0.00597,0.08775,0.00574,0.00190,0.00834,0.00408,0.00344,0.00853,0.00824,0.02501,0.00335
0.00676,0.00951,0.00784,0.26755,0.00900,0.00518,0.04226,0.02756,0.04141,0.00604,0.02416,0.45854,0.00306,0.00664,0.00457,0.05987,0.00613,0.00341,0.00680,0.00373
0.02925,0.13117,0.01983,0.03515,0.00675,0.46869,0.01272,0.00418,0.00481,0.00502,0.11999,0.00565,0.01035,0.01123,0.02662,0.00879,0.07993,0.00499,0.00274,0.01216
0.02059,0.02971,0.01271,0.06931,0.03359,0.02470,0.29501,0.01656,0.04510,0.05271,0.01866,0.02196,0.23539,0.01785,0.03430,0.00722,0.02211,0.01663,0.00890,0.01698
0.15606,0.17294,0.06269,0.00944,0.00856,0.00589,0.01130,0.32545,0.02167,0.00912,0.00501,0.00516,0.00206,0.02215,0.04554,0.00257,0.02899,0.01032,0.08775,0.00733
0.00285,0.22114,0.02188,0.01785,0.01555,0.00877,0.00774,0.07088,0.12870,0.21934,0.00490,0.13072,0.00308,0.00309,0.00118,0.00962,0.08466,0.00249,0.00231,0.04327
0.00335,0.00332,0.72050,0.02364,0.00211,0.00343,0.00374,0.00297,0.00269,0.00251,0.00534,0.18299,0.00518,0.00384,0.00346,0.01209,0.00790,0.00309,0.00441,0.00341
0.00920,0.00297,0.00390,0.02621,0.23564,0.00730,0.07124,0.08572,0.07660,0.00467,0.01917,0.00655,0.05769,0.01062,0.01687,0.34418,0.00205,0.00954,0.00484,0.00506
0.01266,0.00579,0.76787,0.03970,0.02571,0.00481,0.00550,0.01035,0.00311,0.00818,0.00474,0.00907,0.06761,0.00532,0.00940,0.00555,0.00934,0.00165,0.00101,0.00263
0.00744,0.01824,0.00879,0.00796,0.01601,0.00931,0.18005,0.01320,0.03914,0.02566,0.00680,0.00209,0.04472,0.01504,0.01128,0.03117,0.04432,0.33263,0.17388,0.01225
0.00914,0.01589,0.01086,0.00834,0.01492,0.01064,0.01182,0.04594,0.01880,0.00934,0.00654,0.34621,0.00587,0.36874,0.05634,0.00482,0.02925,0.00602,0.01037,0.01017
0.00406,0.02174,0.01462,0.00406,0.01453,0.23509,0.00238,0.00607,0.26747,0.08459,0.00993,0.01089,0.11118,0.04844,0.02550,0.05366,0.01121,0.05507,0.00812,0.01139
0.00558,0.01390,0.04247,0.01326,0.01361,0.01233,0.01046,0.01829,0.00470,0.21022,0.00563,0.00609,0.02661,0.01125,0.22860,0.04873,0.00698,0.29525,0.00849,0.01755
0.00542,0.01045,0.48537,0.00897,0.17610,0.01329,0.00729,0.02194,0.00702,0.14897,0.00342,0.00843,0.00418,0.02071,0.00549,0.01540,0.00633,0.00314,0.03467,0.01342
0.00491,0.01525,0.00544,0.12365,0.01056,0.06796,0.11157,0.00441,0.12891,0.21985,0.00532,0.05846,0.01069,0.01510,0.00680,0.05163,0.00473,0.12578,0.00514,0.02384
0.02162,0.01647,0.00813,0.07610,0.00851,0.00806,0.01743,0.00842,0.00744,0.00668,0.10154,0.03631,0.02046,0.01580,0.00522,0.00272,0.37666,0.03540,0.02937,0.19766
0.01857,0.08483,0.00976,0.11694,0.01915,0.19767,0.03000,0.13989,0.13768,0.00877,0.00398,0.06562,0.00492,0.01481,0.03039,0.00727,0.00696,0.00955,0.00974,0.08352
0.00658,0.00784,0.01007,0.00795,0.00411,0.01237,0.04532,0.05302,0.08521,0.00627,0.10715,0.00562,0.01704,0.02438,0.01294,0.57867,0.00522,0.00389,0.00133,0.00501
0.22247,0.14116,0.00873,0.00889,0.02222,0.02311,0.14555,0.12387,0.11312,0.01283,0.06135,0.01544,0.01298,0.01307,0.01353,0.01042,0.02634,0.01044,0.00940,0.00508
0.00331,0.06064,0.02799,0.01449,0.00536,0.00924,0.00713,0.00469,0.00290,0.64315,0.00235,0.13076,0.02342,0.00683,0.00414,0.00215,0.01431,0.00172,0.00488,0.03055
0.36259,0.33430,0.00837,0.00312,0.00435,0.00319,0.01071,0.00378,0.00496,0.00139,0.00725,0.00146,0.00593,0.01372,0.01016,0.05318,0.02622,0.12646,0.00520,0.01365
0.52732,0.02021,0.00762,0.00403,0.00247,0.00654,0.00857,0.00203,0.01546,0.26539,0.00372,0.00315,0.00440,0.00233,0.00183,0.00205,0.02320,0.00791,0.03792,0.05384
0.00530,0.00747,0.00795,0.01474,0.11190,0.01363,0.01063,0.00781,0.00521,0.00476,0.02540,0.00725,0.10401,0.00401,0.00237,0.00443,0.64828,0.00360,0.00646,0.00479
0.01044,0.00681,0.30302,0.00883,0.03115,0.01043,0.00950,0.02017,0.03337,0.00608,0.00923,0.00474,0.06315,0.00783,0.00643,0.07189,0.07420,0.26551,0.01758,0.03962
0.39301,0.16946,0.08173,0.00507,0.01390,0.00551,0.10533,0.01090,0.01600,0.00666,0.00509,0.00382,0.01740,0.01432,0.00926,0.00769,0.01576,0.02852,0.03444,0.05615
0.00668,0.01561,0.01816,0.01150,0.08684,0.01828,0.00913,0.03360,0.01515,0.01109,0.10193,0.00405,0.01133,0.04395,0.17018,0.40987,0.01150,0.00456,0.00158,0.01502
0.00923,0.00560,0.00468,0.01420,0.13441,0.02022,0.01162,0.04725,0.01234,0.11896,0.01030,0.49780,0.00572,0.00522,0.01112,0.01359,0.00798,0.00503,0.06180,0.00294
0.02942,0.00419,0.05388,0.01422,0.10696,0.00586,0.06097,0.00557,0.01539,0.03001,0.00401,0.00318,0.00286,0.00884,0.02729,0.00340,0.07143,0.29824,0.24046,0.01383
0.00537,0.00364,0.00354,0.00297,0.00444,0.00284,0.00622,0.00332,0.00357,0.00729,0.28102,0.00759,0.01253,0.00935,0.00543,0.00132,0.62418,0.00754,0.00283,0.00502
0.00731,0.02987,0.01024,0.14083,0.01745,0.09199,0.19305,0.00737,0.33206,0.01052,0.00852,0.02482,0.01111,0.04473,0.00965,0.03815,0.00687,0.00513,0.00356,0.00677
0.24406,0.00505,0.16509,0.18131,0.17965,0.02724,0.02995,0.02622,0.01569,0.00725,0.00340,0.04700,0.01243,0.00769,0.00894,0.00462,0.00896,0.00575,0.00318,0.01652
0.02058,0.05836,0.00917,0.00878,0.00397,0.19530,0.01930,0.00739,0.00271,0.01041,0.02320,0.17876,0.18288,0.00747,0.05497,0.18163,0.01377,0.00318,0.00442,0.01375
0.00344,0.00167,0.00375,0.00270,0.02904,0.01014,0.37698,0.00407,0.00416,0.00364,0.03593,0.00776,0.00512,0.00639,0.01861,0.47417,0.00489,0.00319,0.00168,0.00269
0.00538,0.02643,0.14375,0.01338,0.03120,0.02937,0.04175,0.01156,0.00842,0.26590,0.01379,0.10824,0.00693,0.00749,0.00692,0.01325,0.24355,0.00835,0.00356,0.01078
0.00415,0.02318,0.13480,0.00575,0.02762,0.06372,0.66168,0.00525,0.00464,0.00405,0.00220,0.01812,0.00479,0.01450,0.01202,0.00312,0.00287,0.00195,0.00229,0.00330
0.02222,0.01361,0.00620,0.00891,0.01024,0.00752,0.23105,0.28131,0.25969,0.00922,0.01805,0.01420,0.02284,0.04137,0.02358,0.01023,0.00744,0.00308,0.00477,0.00447
0.00547,0.02327,0.16921,0.01043,0.00474,0.01124,0.03020,0.07209,0.02851,0.01894,0.00473,0.00408,0.00351,0.00690,0.00655,0.04239,0.20189,0.20897,0.12824,0.01863
0.00581,0.01169,0.33846,0.01469,0.01334,0.01083,0.00849,0.00538,0.00587,0.00499,0.00523,0.00344,0.48910,0.00684,0.00314,0.01090,0.00771,0.01488,0.00464,0.03456
0.01611,0.00736,0.01746,0.01027,0.01135,0.03722,0.14351,0.02630,0.00833,0.00874,0.19108,0.00798,0.01136,0.00690,0.00662,0.45048,0.02911,0.00378,0.00246,0.00358
0.01714,0.01977,0.39068,0.01596,0.00772,0.00877,0.00642,0.24552,0.06591,0.04470,0.00506,0.01228,0.00563,0.00917,0.00769,0.00389,0.00749,0.04791,0.02618,0.05210
0.08244,0.01618,0.01459,0.00737,0.01210,0.01196,0.10303,0.00744,0.02287,0.01074,0.00550,0.00381,0.00310,0.02984,0.04319,0.18867,0.00537,0.32271,0.05255,0.05654
0.14299,0.00772,0.04164,0.00600,0.00895,0.01163,0.10048,0.00470,0.02872,0.43313,0.01055,0.01091,0.00287,0.14950,0.01292,0.00392,0.00869,0.00427,0.00320,0.00716
0.00268,0.01533,0.59639,0.00395,0.31415,0.03002,0.00248,0.00245,0.00359,0.00215,0.00188,0.00160,0.00436,0.00424,0.00435,0.00278,0.00229,0.00188,0.00199,0.00145
0.00886,0.24035,0.00660,0.01899,0.00281,0.41765,0.01995,0.00668,0.00447,0.01484,0.01716,0.09322,0.07052,0.01986,0.02456,0.02035,0.00280,0.00259,0.00384,0.00392
0.24301,0.00735,0.22272,0.00456,0.02211,0.00481,0.01224,0.00559,0.01022,0.28600,0.00650,0.12001,0.00329,0.00785,0.00542,0.00757,0.00747,0.00841,0.00290,0.01197
0.00701,0.01104,0.00281,0.22836,0.03076,0.32442,0.02254,0.00484,0.19998,0.00312,0.01403,0.01651,0.00424,0.08451,0.00506,0.01502,0.00868,0.00234,0.00476,0.00998
0.10849,0.02953,0.01886,0.01329,0.13435,0.07330,0.25923,0.01121,0.01818,0.01757,0.00590,0.00417,0.04884,0.02583,0.01252,0.00454,0.14938,0.01173,0.01060,0.04247
0.00170,0.65844,0.00805,0.00423,0.00190,0.00453,0.00205,0.00340,0.00162,0.28368,0.00208,0.00791,0.00198,0.00071,0.00078,0.00234,0.00516,0.00250,0.00268,0.00426
0.00584,0.04262,0.13737,0.00515,0.00588,0.03093,0.01277,0.28857,0.31699,0.00353,0.04558,0.01990,0.00837,0.00891,0.01874,0.00608,0.01039,0.00884,0.00503,0.01854
0.02314,0.01841,0.16024,0.01545,0.00717,0.01582,0.07720,0.01637,0.05757,0.19525,0.06549,0.04251,0.00670,0.00869,0.00750,0.03867,0.18883,0.00628,0.03982,0.00890
0.01350,0.00877,0.00845,0.33685,0.02046,0.13546,0.03844,0.00960,0.01050,0.01607,0.00255,0.00759,0.00998,0.11655,0.06072,0.00293,0.00951,0.16647,0.01445,0.01116
0.00664,0.62245,0.03290,0.01412,0.00394,0.00422,0.00456,0.02656,0.03028,0.03255,0.00408,0.01521,0.00603,0.00320,0.00266,0.00309,0.16298,0.00591,0.00600,0.01262
0.00328,0.31289,0.00592,0.00488,0.25722,0.00605,0.33035,0.00385,0.00259,0.03235,0.00323,0.00519,0.00895,0.00204,0.00269,0.00546,0.00232,0.00385,0.00454,0.00234
0.00418,0.00928,0.57410,0.02786,0.02488,0.00975,0.01454,0.03058,0.00294,0.02039,0.00888,0.16239,0.02532,0.00232,0.00342,0.05733,0.00363,0.00692,0.00337,0.00793
0.02032,0.01014,0.01201,0.01906,0.01821,0.00814,0.01212,0.01905,0.01181,0.01312,0.02119,0.00266,0.05438,0.01063,0.00585,0.01241,0.50136,0.21831,0.00955,0.01966
0.03810,0.00678,0.00566,0.02025,0.01533,0.20269,0.06782,0.01245,0.31185,0.02059,0.01981,0.00429,0.00608,0.00121,0.00234,0.07777,0.15919,0.00458,0.00510,0.01812
0.00920,0.03085,0.00885,0.00661,0.01083,0.01897,0.01829,0.01195,0.03528,0.03147,0.00770,0.00450,0.00538,0.00876,0.00616,0.00404,0.05176,0.52434,0.17540,0.02967
0.09592,0.00485,0.00800,0.02304,0.25371,0.00532,0.01084,0.01867,0.02115,0.01537,0.00911,0.00405,0.06912,0.00408,0.00291,0.00176,0.38642,0.00994,0.00425,0.05147
0.00336,0.00423,0.16293,0.00401,0.00386,0.01169,0.02422,0.04797,0.40656,0.00554,0.02772,0.03287,0.00681,0.18796,0.01195,0.00742,0.01999,0.00860,0.00730,0.01502
0.00883,0.01410,0.01232,0.00157,0.00398,0.01716,0.35084,0.00597,0.01272,0.00908,0.00245,0.03368,0.00126,0.02443,0.02455,0.43753,0.00249,0.00357,0.02835,0.00512
0.31044,0.04753,0.00598,0.00544,0.01182,0.01404,0.00798,0.02239,0.39321,0.00782,0.01526,0.01339,0.01195,0.04433,0.04928,0.01045,0.00825,0.00603,0.00277,0.01163
0.00612,0.23176,0.12439,0.03691,0.00934,0.04398,0.02855,0.00531,0.01213,0.29626,0.01895,0.01170,0.01116,0.02401,0.07118,0.00653,0.01180,0.03690,0.00643,0.00658
0.01440,0.00803,0.10196,0.02032,0.02987,0.00842,0.01506,0.39530,0.24527,0.01053,0.00581,0.01758,0.00380,0.01574,0.01111,0.01090,0.00567,0.01620,0.05848,0.00555
0.01475,0.01146,0.01852,0.18623,0.00665,0.03522,0.01941,0.16644,0.01919,0.02700,0.02359,0.34029,0.00659,0.02534,0.02480,0.03309,0.01074,0.00275,0.02124,0.00670
0.00981,0.08519,0.01168,0.00671,0.09115,0.02913,0.01193,0.08405,0.00730,0.02356,0.03900,0.02963,0.02589,0.00454,0.00166,0.00523,0.50680,0.00651,0.00564,0.01459
0.01042,0.00504,0.50163,0.03608,0.00777,0.00532,0.00831,0.00419,0.00431,0.01180,0.05220,0.00429,0.02566,0.02778,0.01304,0.27187,0.00282,0.00249,0.00166,0.00333
0.01229,0.00691,0.00280,0.00329,0.01448,0.24317,0.00211,0.00710,0.18723,0.01178,0.00737,0.07305,0.01596,0.01053,0.01789,0.37327,0.00214,0.00351,0.00152,0.00358
0.00518,0.00297,0.01226,0.00575,0.00449,0.00601,0.02042,0.00511,0.01921,0.07504,0.00653,0.62751,0.00286,0.00760,0.01418,0.00679,0.05619,0.00284,0.11538,0.00370
0.00630,0.01146,0.00864,0.01195,0.00301,0.01866,0.47076,0.02151,0.12150,0.15815,0.00331,0.02452,0.05576,0.05409,0.00589,0.00401,0.00531,0.00384,0.00764,0.00370
0.28183,0.00463,0.01117,0.00919,0.00283,0.00332,0.00329,0.44297,0.05311,0.00441,0.02542,0.00830,0.00274,0.08610,0.02993,0.00966,0.00878,0.00288,0.00176,0.00768
0.00874,0.03175,0.02631,0.09811,0.02833,0.02244,0.01288,0.22710,0.07586,0.02402,0.00756,0.00807,0.01142,0.00858,0.00936,0.00325,0.24507,0.12086,0.00939,0.02092
0.03520,0.04073,0.01539,0.07368,0.01481,0.01445,0.08236,0.05917,0.11406,0.19322,0.01960,0.07102,0.06889,0.01759,0.01295,0.01566,0.00838,0.00765,0.01146,0.12371
