0.10771,0.08771,0.36476,0.09911,0.03901,0.07596,0.05316,0.04430,0.05398,0.02354,0.02506,0.02571
0.03606,0.58230,0.07644,0.04213,0.03979,0.06057,0.04618,0.01984,0.02628,0.02359,0.01986,0.02695
0.10325,0.14330,0.12025,0.03727,0.03893,0.06305,0.03574,0.04431,0.02561,0.03137,0.31912,0.03780
0.21162,0.15582,0.08257,0.10744,0.09690,0.03113,0.10477,0.03007,0.08070,0.03393,0.02646,0.03860
0.05789,0.31740,0.14207,0.04555,0.11875,0.13363,0.05305,0.02080,0.04903,0.02685,0.01858,0.01639
0.07575,0.17960,0.07162,0.12446,0.25310,0.11162,0.06837,0.02331,0.05850,0.01699,0.00715,0.00953
0.09311,0.11633,0.30620,0.09341,0.06530,0.07976,0.10079,0.01540,0.08924,0.02210,0.00701,0.01136
0.15564,0.16762,0.18132,0.07773,0.05403,0.14796,0.05844,0.02895,0.03999,0.02842,0.01838,0.04152
0.05181,0.16367,0.08895,0.04468,0.31337,0.14710,0.07046,0.03516,0.02740,0.02078,0.01884,0.01777
0.05133,0.20779,0.09810,0.04588,0.13376,0.08226,0.05738,0.05049,0.11788,0.06183,0.03509,0.05822
0.07419,0.51930,0.05385,0.06058,0.06236,0.05296,0.03887,0.02865,0.06816,0.01599,0.01063,0.01445
0.05675,0.13427,0.10153,0.06763,0.08062,0.12108,0.10954,0.10162,0.11653,0.07104,0.01312,0.02628
0.08240,0.08240,0.16479,0.08547,0.08716,0.30772,0.05334,0.03865,0.03520,0.02549,0.01094,0.02645
0.06277,0.39023,0.07410,0.07319,0.17118,0.04621,0.04918,0.01466,0.07606,0.01823,0.00967,0.01452
0.09871,0.28501,0.11766,0.07491,0.10757,0.03428,0.13100,0.02339,0.06393,0.02798,0.01563,0.01994
0.24830,0.12448,0.05855,0.07070,0.29412,0.08071,0.04097,0.01630,0.03484,0.01219,0.00998,0.00887
0.06361,0.10128,0.08539,0.34191,0.08739,0.19270,0.05356,0.02045,0.01879,0.02027,0.00719,0.00745
0.06010,0.22022,0.25144,0.08393,0.11528,0.08414,0.04520,0.02231,0.06026,0.02212,0.01407,0.02095
0.07549,0.41113,0.08362,0.04740,0.08894,0.07215,0.03742,0.04150,0.03201,0.03255,0.03209,0.04569
0.06372,0.18005,0.07037,0.17564,0.09117,0.04876,0.12958,0.07422,0.04510,0.03547,0.03750,0.04842
0.05267,0.11362,0.38904,0.04444,0.03596,0.06496,0.12250,0.04591,0.06595,0.03659,0.01541,0.01296
0.05162,0.07359,0.07894,0.06721,0.44396,0.04491,0.02767,0.03381,0.10840,0.02817,0.02187,0.01984
0.03971,0.39046,0.09039,0.09172,0.08561,0.07455,0.04233,0.04516,0.03844,0.02234,0.03467,0.04463
0.06227,0.06269,0.09668,0.21357,0.08675,0.07866,0.18709,0.02941,0.03308,0.11858,0.01037,0.02083
0.18518,0.14070,0.12344,0.16191,0.12803,0.05932,0.05453,0.01464,0.08604,0.02617,0.00816,0.01189
0.06899,0.15612,0.07241,0.18821,0.10348,0.18314,0.04582,0.03301,0.08487,0.03656,0.01231,0.01508
0.07612,0.12804,0.08789,0.17622,0.08306,0.11156,0.07902,0.03994,0.04532,0.07507,0.03080,0.06697
0.06858,0.08977,0.10579,0.11482,0.08182,0.06545,0.11805,0.03044,0.03812,0.04214,0.17513,0.06991
0.06075,0.31890,0.14820,0.09107,0.07451,0.05460,0.12242,0.02414,0.03761,0.04364,0.01259,0.01157
0.12792,0.15068,0.12407,0.11250,0.10476,0.10390,0.11799,0.03715,0.03801,0.02461,0.03995,0.01846
0.06051,0.38483,0.08809,0.10793,0.08905,0.07267,0.06826,0.03254,0.04388,0.02093,0.01509,0.01621
0.09646,0.23766,0.06238,0.08401,0.11167,0.09324,0.09084,0.05170,0.04123,0.07430,0.02358,0.03293
0.07793,0.14004,0.11398,0.08588,0.24315,0.10328,0.05043,0.02131,0.06215,0.03596,0.02107,0.04482
0.16507,0.19751,0.09366,0.15951,0.14471,0.05251,0.05655,0.03564,0.04965,0.01470,0.01311,0.01739
0.05575,0.15854,0.29671,0.06665,0.08123,0.05894,0.14320,0.02375,0.04248,0.02312,0.02098,0.02866
0.07033,0.24805,0.11321,0.10727,0.05698,0.10662,0.09673,0.04519,0.03543,0.04049,0.04582,0.03387
0.18399,0.08919,0.12954,0.15281,0.07453,0.18903,0.05762,0.02819,0.04135,0.02595,0.01013,0.01766
0.07088,0.23947,0.11553,0.07027,0.04380,0.14124,0.16266,0.02736,0.02548,0.05038,0.00909,0.04385
0.06273,0.08533,0.06584,0.19074,0.07858,0.18055,0.04051,0.03042,0.06708,0.02648,0.07223,0.09952
0.10380,0.17354,0.12862,0.06460,0.07531,0.03818,0.20304,0.03063,0.06387,0.02140,0.06822,0.02880
0.12547,0.10502,0.05596,0.21966,0.19175,0.10373,0.03673,0.02490,0.09895,0.01502,0.00792,0.01490
0.07089,0.13130,0.06501,0.08972,0.06248,0.12269,0.05183,0.03598,0.03890,0.03766,0.01287,0.28068
0.05554,0.05318,0.10209,0.24002,0.17964,0.03199,0.04244,0.02466,0.15175,0.01974,0.02720,0.07177
0.10872,0.10252,0.40369,0.05246,0.07450,0.03133,0.08819,0.02255,0.04977,0.01918,0.03047,0.01661
0.13587,0.06897,0.37404,0.02605,0.19630,0.07517,0.07483,0.01273,0.01457,0.01088,0.00444,0.00615
0.13397,0.12028,0.07326,0.15258,0.18639,0.04717,0.07388,0.02741,0.06483,0.02832,0.02843,0.06348
0.16538,0.12935,0.24318,0.09961,0.06474,0.07864,0.06834,0.02982,0.05430,0.03438,0.01654,0.01572
0.13192,0.28665,0.11750,0.09218,0.06070,0.10934,0.06973,0.02738,0.05354,0.02052,0.01775,0.01281
0.05763,0.19682,0.14178,0.08915,0.09533,0.07361,0.04143,0.07479,0.08610,0.02760,0.06930,0.04646
0.24559,0.08205,0.08058,0.04852,0.15205,0.09284,0.12972,0.03627,0.03953,0.02374,0.02030,0.04880
0.07320,0.13765,0.11517,0.07111,0.10025,0.05608,0.05289,0.09194,0.09181,0.06758,0.04051,0.10181
0.05260,0.37106,0.07735,0.06491,0.09949,0.11526,0.07252,0.04329,0.03737,0.02658,0.02178,0.01780
0.07588,0.11371,0.11325,0.08958,0.14944,0.17260,0.10611,0.04544,0.04906,0.02968,0.01770,0.03756
0.05449,0.26181,0.06057,0.19465,0.27162,0.04682,0.02911,0.01272,0.03177,0.01353,0.01025,0.01266
0.04044,0.19638,0.22498,0.06341,0.04687,0.06575,0.06413,0.06658,0.04590,0.03448,0.11367,0.03741
0.05117,0.03921,0.05372,0.33082,0.28130,0.07881,0.03634,0.02208,0.03143,0.04723,0.01330,0.01459
0.18496,0.08833,0.07900,0.06432,0.12622,0.14184,0.05718,0.06227,0.08781,0.04864,0.02657,0.03286
0.09558,0.08772,0.28480,0.06458,0.06862,0.05085,0.08489,0.04628,0.06039,0.08711,0.04839,0.02079
0.09179,0.32006,0.11708,0.09774,0.08904,0.05250,0.09631,0.02128,0.03317,0.03862,0.02824,0.01417
0.11035,0.07081,0.15401,0.03339,0.18621,0.14921,0.08522,0.10607,0.03610,0.02482,0.02015,0.02364
0.03477,0.13424,0.47117,0.06411,0.08035,0.08025,0.04475,0.01451,0.02867,0.01515,0.01548,0.01656
0.06517,0.14459,0.09075,0.23114,0.07664,0.10955,0.04288,0.03499,0.09665,0.03573,0.04572,0.02617
0.05900,0.23314,0.11778,0.06115,0.13899,0.10590,0.09724,0.05631,0.04228,0.04183,0.01734,0.02906
0.05127,0.27688,0.18207,0.06355,0.13660,0.06627,0.09894,0.03565,0.02586,0.02892,0.01395,0.02004
0.04980,0.18572,0.04627,0.25382,0.18677,0.09160,0.03487,0.04858,0.02268,0.04756,0.01317,0.01915
0.09435,0.19267,0.09252,0.10959,0.11073,0.11862,0.08730,0.04074,0.03633,0.03267,0.04010,0.04438
0.05641,0.07336,0.16091,0.18030,0.08193,0.18392,0.11234,0.04107,0.03847,0.03197,0.01344,0.02587
0.05511,0.05848,0.23185,0.09300,0.10651,0.06592,0.06641,0.10467,0.06467,0.04472,0.05401,0.05466
0.05026,0.26353,0.08054,0.11014,0.10828,0.06401,0.04841,0.02990,0.06601,0.04025,0.05345,0.08522
0.03985,0.42616,0.17019,0.08938,0.02911,0.08482,0.06122,0.01765,0.02579,0.01860,0.01747,0.01976
0.24065,0.08936,0.05671,0.17885,0.11652,0.06329,0.04093,0.02223,0.08128,0.02677,0.02852,0.05490
0.08571,0.27684,0.07361,0.07690,0.07739,0.06659,0.16369,0.06155,0.03062,0.04336,0.01405,0.02969
0.04463,0.07788,0.26462,0.10018,0.25091,0.05937,0.06453,0.02654,0.03438,0.02706,0.02401,0.02589
0.07857,0.39825,0.11284,0.04286,0.07412,0.18565,0.04172,0.02122,0.01880,0.01368,0.00536,0.00692
0.12950,0.12397,0.19781,0.11666,0.09599,0.08838,0.06525,0.05793,0.05543,0.02617,0.01925,0.02367
0.07765,0.17075,0.06359,0.09463,0.13841,0.12211,0.03799,0.03138,0.19205,0.03819,0.01365,0.01959
0.06125,0.38609,0.04344,0.08797,0.08325,0.10036,0.04687,0.06583,0.03771,0.03511,0.02292,0.02921
0.13988,0.25379,0.18020,0.06823,0.05588,0.05868,0.07175,0.01952,0.09259,0.02542,0.01339,0.02067
0.06126,0.11874,0.12058,0.14191,0.13410,0.15963,0.04674,0.03757,0.04908,0.02256,0.05945,0.04840
0.02283,0.09059,0.12397,0.10312,0.24786,0.16288,0.03833,0.02561,0.10446,0.03159,0.02193,0.02683
0.18813,0.25556,0.12029,0.16491,0.05785,0.08094,0.04288,0.02082,0.03036,0.01813,0.00841,0.01173
0.10538,0.07652,0.14431,0.19501,0.08158,0.09816,0.12742,0.01876,0.08541,0.03164,0.01693,0.01889
0.05042,0.21552,0.12972,0.12815,0.27381,0.04342,0.04701,0.01832,0.04486,0.01541,0.01397,0.01938
0.05785,0.09974,0.09263,0.04931,0.24495,0.14660,0.05054,0.03531,0.06183,0.05343,0.05331,0.05449
0.05466,0.07559,0.09468,0.26812,0.09948,0.20497,0.06598,0.02928,0.03635,0.05149,0.00848,0.01091
0.06412,0.18739,0.29840,0.05760,0.14646,0.06233,0.06149,0.02586,0.05084,0.02670,0.00929,0.00952
0.05766,0.17693,0.31160,0.05991,0.05718,0.12048,0.07722,0.02615,0.04266,0.03838,0.01525,0.01657
0.04994,0.39061,0.10804,0.09669,0.06760,0.05617,0.03792,0.02676,0.04896,0.03591,0.04723,0.03417
0.09358,0.17021,0.09638,0.12872,0.11903,0.08497,0.06690,0.04839,0.04868,0.03837,0.04996,0.05482
0.05947,0.33349,0.10804,0.09318,0.05764,0.07600,0.05230,0.01910,0.14895,0.02281,0.01292,0.01609
0.03840,0.32650,0.29777,0.04001,0.04520,0.06430,0.03438,0.01668,0.05277,0.03519,0.02605,0.02276
0.23880,0.11839,0.14573,0.05863,0.12477,0.05553,0.06141,0.04554,0.08011,0.02998,0.02091,0.02021
0.10532,0.19020,0.13686,0.14712,0.11892,0.10143,0.05707,0.02253,0.07916,0.02366,0.00872,0.00901
0.04834,0.29962,0.13204,0.08247,0.07557,0.20559,0.06367,0.02684,0.03143,0.01402,0.00875,0.01165
0.07517,0.11023,0.22037,0.11299,0.19576,0.07482,0.05790,0.04665,0.03467,0.03874,0.01521,0.01748
0.13886,0.07967,0.19392,0.07301,0.17466,0.09450,0.07897,0.04440,0.06127,0.02652,0.01616,0.01806
0.09317,0.14774,0.25473,0.13600,0.06923,0.10698,0.07910,0.02682,0.02722,0.02767,0.01434,0.01700
0.06130,0.05513,0.07315,0.09262,0.14633,0.15171,0.04798,0.02248,0.07974,0.02994,0.14518,0.09443
0.04675,0.30780,0.08207,0.05933,0.12230,0.03678,0.20578,0.03350,0.02742,0.02190,0.02764,0.02874
0.09721,0.34904,0.08328,0.15419,0.04031,0.07907,0.04734,0.02509,0.05604,0.02628,0.01694,0.02523
