0.02547,0.01377,0.21219,0.21464,0.05849,0.08082,0.01613,0.01266,0.08591,0.16402,0.05917,0.02699,0.01142,0.01833
0.17374,0.01190,0.00986,0.01449,0.12283,0.02827,0.18591,0.01062,0.01299,0.02793,0.10907,0.13420,0.13900,0.01920
0.00756,0.25338,0.01045,0.00951,0.17069,0.03270,0.01826,0.00793,0.00622,0.02521,0.14359,0.00840,0.00841,0.29769
0.12414,0.01503,0.02392,0.01133,0.04316,0.09341,0.15621,0.01235,0.05265,0.08494,0.04370,0.16223,0.17058,0.00637
0.00670,0.21076,0.23923,0.02663,0.18858,0.02011,0.01044,0.00412,0.02568,0.03666,0.18370,0.02034,0.01767,0.00938
0.01092,0.24076,0.02009,0.01277,0.08326,0.12424,0.00590,0.00818,0.01125,0.12731,0.04683,0.01986,0.00984,0.27879
0.04298,0.02337,0.01849,0.03495,0.22147,0.13222,0.01530,0.03716,0.01660,0.13849,0.10935,0.05316,0.01088,0.14556
0.03586,0.11371,0.01043,0.01136,0.05273,0.23302,0.15395,0.03330,0.01402,0.13677,0.05604,0.00969,0.00544,0.13370
0.03628,0.24247,0.02056,0.02562,0.07698,0.02578,0.02299,0.02918,0.09221,0.10154,0.07335,0.01323,0.01082,0.22899
0.01174,0.01563,0.01604,0.31506,0.03231,0.09246,0.00877,0.32567,0.01244,0.09235,0.03514,0.01629,0.01167,0.01442
0.08655,0.01099,0.02988,0.02702,0.24222,0.05126,0.09121,0.00937,0.01503,0.05001,0.23491,0.06468,0.07167,0.01521
0.18509,0.11485,0.04071,0.01581,0.09076,0.06574,0.00895,0.01185,0.01681,0.07288,0.08328,0.19031,0.01105,0.09191
0.01443,0.03933,0.03046,0.12445,0.09990,0.11338,0.01259,0.12821,0.10323,0.17358,0.08751,0.01491,0.02516,0.03285
0.00569,0.22247,0.23407,0.01772,0.09730,0.10530,0.00938,0.01471,0.02354,0.11898,0.09430,0.02094,0.02177,0.01384
0.02238,0.06934,0.01017,0.01231,0.05574,0.17603,0.02238,0.13258,0.02127,0.17533,0.16892,0.02499,0.02579,0.08279
0.02099,0.03147,0.16919,0.17395,0.07447,0.14742,0.02085,0.02505,0.03252,0.16240,0.08816,0.01065,0.00925,0.03362
0.02164,0.07164,0.27092,0.21862,0.03606,0.11053,0.01122,0.01018,0.02126,0.12596,0.03356,0.02139,0.01747,0.02953
0.11608,0.00909,0.01084,0.00745,0.28760,0.03527,0.00864,0.01428,0.01470,0.03486,0.21059,0.13645,0.01602,0.09813
0.01224,0.02017,0.02620,0.20156,0.10852,0.11287,0.00967,0.19528,0.02876,0.14505,0.10942,0.01419,0.00725,0.00882
0.02092,0.02299,0.17306,0.15810,0.20303,0.03717,0.02367,0.01464,0.04864,0.04360,0.20058,0.01282,0.02039,0.02038
0.06802,0.22363,0.23174,0.01251,0.01594,0.07540,0.06020,0.01025,0.08993,0.15741,0.01103,0.01534,0.01092,0.01767
0.01659,0.27994,0.27956,0.02039,0.06401,0.09251,0.01878,0.01189,0.00951,0.09203,0.05761,0.01430,0.00483,0.03804
0.01863,0.24563,0.24235,0.01187,0.01723,0.16880,0.02498,0.01533,0.01594,0.17653,0.02167,0.00847,0.01119,0.02139
0.01949,0.11420,0.13339,0.02237,0.04726,0.22273,0.03780,0.01896,0.09074,0.20926,0.03988,0.00783,0.02037,0.01571
0.01499,0.03967,0.24775,0.19657,0.05405,0.03399,0.02741,0.01776,0.10450,0.06505,0.04972,0.00909,0.09373,0.04571
0.03215,0.01695,0.12032,0.13629,0.18162,0.05644,0.02541,0.04150,0.05730,0.10392,0.18576,0.01514,0.01375,0.01346
0.26056,0.01266,0.01582,0.02051,0.05256,0.05425,0.23843,0.01751,0.01013,0.05258,0.03682,0.11338,0.09469,0.02010
0.00509,0.20525,0.01297,0.01546,0.12854,0.08696,0.06613,0.03356,0.05257,0.02904,0.12417,0.00562,0.02056,0.21408
0.03460,0.02029,0.23220,0.24638,0.10081,0.04461,0.02954,0.05295,0.02198,0.05276,0.06161,0.01828,0.03465,0.04935
0.00832,0.14009,0.01231,0.02690,0.05844,0.05726,0.03837,0.20799,0.00740,0.02271,0.24776,0.00932,0.01004,0.15309
0.01800,0.03453,0.05925,0.28209,0.10792,0.01575,0.01186,0.27212,0.02197,0.02908,0.10537,0.01667,0.01329,0.01210
0.00640,0.06920,0.09460,0.01186,0.07648,0.22201,0.01083,0.01151,0.13113,0.24829,0.05279,0.00545,0.04107,0.01837
0.03004,0.17603,0.04266,0.03156,0.05634,0.02735,0.02675,0.04409,0.12292,0.09892,0.07409,0.03806,0.04970,0.18147
0.01296,0.08323,0.08719,0.01837,0.16329,0.18148,0.11508,0.01196,0.05439,0.07325,0.14911,0.00586,0.01563,0.02820
0.00923,0.17889,0.17665,0.01442,0.15751,0.10856,0.00808,0.01273,0.01256,0.11158,0.15923,0.02032,0.01504,0.01520
0.01430,0.10364,0.00967,0.00723,0.19794,0.14006,0.02662,0.01143,0.01383,0.13230,0.15498,0.01602,0.01142,0.16055
0.19056,0.02210,0.02777,0.01914,0.06644,0.13980,0.02464,0.01820,0.02383,0.14948,0.03609,0.19943,0.00831,0.07421
0.04287,0.02469,0.01446,0.28651,0.03893,0.05242,0.03348,0.28785,0.02095,0.06269,0.04155,0.03421,0.02632,0.03307
0.13562,0.05107,0.05470,0.00879,0.03346,0.02695,0.14155,0.00942,0.14140,0.15506,0.02874,0.09869,0.09899,0.01558
0.00817,0.03461,0.04466,0.27650,0.03719,0.08445,0.06386,0.29036,0.03162,0.04837,0.05252,0.00746,0.00759,0.01263
0.02428,0.15209,0.14993,0.01965,0.06737,0.13338,0.02058,0.02058,0.08980,0.20497,0.05786,0.02737,0.00775,0.02441
0.04539,0.25218,0.21722,0.02261,0.06163,0.09532,0.11103,0.01471,0.01017,0.03139,0.04299,0.01402,0.00931,0.07204
0.03042,0.08992,0.08720,0.01551,0.05495,0.27820,0.07792,0.01512,0.02426,0.23245,0.04829,0.01360,0.01290,0.01927
0.00900,0.13060,0.13423,0.01890,0.09302,0.18664,0.00553,0.02153,0.05415,0.22964,0.08256,0.01123,0.00609,0.01689
0.01469,0.21041,0.21212,0.03646,0.07486,0.09405,0.00771,0.02918,0.05057,0.14472,0.08232,0.01006,0.00554,0.02733
0.18594,0.01730,0.01810,0.01024,0.14742,0.08066,0.03746,0.01241,0.06929,0.05713,0.12790,0.18911,0.03019,0.01685
0.02419,0.01279,0.01682,0.01410,0.35388,0.04844,0.04177,0.00867,0.03011,0.05198,0.29784,0.02592,0.01056,0.06294
0.02719,0.04285,0.04588,0.20256,0.04985,0.09564,0.05622,0.20453,0.05281,0.07791,0.04416,0.04266,0.03842,0.01934
0.08519,0.02650,0.02923,0.01953,0.27779,0.05142,0.00944,0.00763,0.01107,0.05354,0.15522,0.10207,0.01402,0.15734
0.01898,0.25661,0.26330,0.02604,0.08142,0.03135,0.02528,0.02147,0.07445,0.04531,0.07827,0.01731,0.03572,0.02448
0.01321,0.01684,0.18705,0.18664,0.13400,0.10195,0.01237,0.02381,0.02746,0.10746,0.12358,0.02269,0.02742,0.01550
0.03194,0.20116,0.03190,0.01624,0.10449,0.10832,0.06641,0.01799,0.02183,0.05481,0.10148,0.03152,0.01786,0.19408
0.01153,0.05423,0.01918,0.01461,0.08786,0.09065,0.07513,0.14362,0.06132,0.08750,0.21949,0.03862,0.03696,0.05930
0.05168,0.03078,0.14820,0.10071,0.08266,0.14620,0.01190,0.01601,0.01905,0.14700,0.08567,0.06242,0.07865,0.01909
0.03155,0.14127,0.14873,0.00902,0.08364,0.17762,0.03093,0.01112,0.04062,0.19465,0.08029,0.01404,0.02217,0.01434
0.01648,0.02924,0.01444,0.01394,0.14502,0.09912,0.01515,0.16713,0.01688,0.10718,0.30151,0.01586,0.01017,0.04788
0.00727,0.25621,0.26287,0.02586,0.10425,0.03976,0.02176,0.05590,0.01734,0.03817,0.09727,0.01004,0.00675,0.05654
0.01385,0.01534,0.19866,0.18596,0.11189,0.10199,0.01476,0.00810,0.05736,0.14275,0.10960,0.01215,0.01543,0.01215
0.02007,0.10412,0.02483,0.02604,0.09547,0.11300,0.06570,0.11285,0.01378,0.05766,0.20096,0.02149,0.01077,0.13327
0.03094,0.01652,0.01217,0.13644,0.04353,0.20326,0.02998,0.14103,0.07451,0.22981,0.03681,0.01666,0.01334,0.01499
0.14887,0.05524,0.04200,0.01826,0.16808,0.02983,0.03350,0.01254,0.06476,0.06443,0.05993,0.13415,0.01897,0.14942
0.02181,0.17954,0.17617,0.01164,0.19808,0.04559,0.03214,0.00910,0.01806,0.04852,0.19120,0.02566,0.02273,0.01976
0.01553,0.00993,0.00796,0.16838,0.06873,0.19723,0.01236,0.16940,0.01549,0.19753,0.05967,0.03384,0.02648,0.01744
0.01041,0.04488,0.01782,0.19263,0.09560,0.11768,0.02071,0.19161,0.01711,0.11684,0.07687,0.00878,0.02478,0.06428
0.09399,0.03190,0.02225,0.01509,0.16119,0.07328,0.11894,0.01744,0.01434,0.06481,0.16204,0.09533,0.10795,0.02146
0.01829,0.20048,0.02555,0.03332,0.12056,0.08197,0.03227,0.02733,0.02249,0.08015,0.10483,0.02081,0.02185,0.21013
0.02809,0.01489,0.02687,0.03508,0.11460,0.11049,0.09968,0.02163,0.02535,0.05331,0.10932,0.18766,0.15107,0.02196
0.02170,0.13040,0.12658,0.02024,0.17652,0.07064,0.01171,0.03008,0.07445,0.07992,0.17435,0.01875,0.03612,0.02854
0.00787,0.01463,0.01440,0.13085,0.19912,0.13719,0.02339,0.13321,0.01108,0.12327,0.17923,0.00896,0.00655,0.01026
0.01309,0.03548,0.13280,0.13748,0.12799,0.11104,0.00799,0.03768,0.02952,0.13231,0.14775,0.01780,0.02310,0.04597
0.03117,0.00860,0.01398,0.09047,0.24473,0.09792,0.06657,0.08040,0.02202,0.06777,0.22830,0.01477,0.02334,0.00994
0.02990,0.18578,0.04455,0.01208,0.13938,0.10386,0.01809,0.01913,0.01574,0.10232,0.13587,0.02340,0.00972,0.16017
0.01823,0.01452,0.04237,0.13450,0.09956,0.19609,0.04977,0.10535,0.02058,0.18717,0.08941,0.00832,0.00883,0.02530
0.02086,0.00659,0.16166,0.17546,0.20438,0.07578,0.01943,0.01704,0.01027,0.07878,0.19940,0.01315,0.00810,0.00910
0.01381,0.02812,0.02222,0.28541,0.04944,0.09501,0.01262,0.27814,0.01558,0.08784,0.03975,0.01493,0.01327,0.04387
0.06594,0.01368,0.01919,0.01618,0.03995,0.31565,0.07680,0.00918,0.02262,0.32806,0.03313,0.01554,0.02061,0.02348
0.01148,0.15336,0.15401,0.01848,0.07209,0.18779,0.01162,0.02886,0.04256,0.19793,0.08177,0.00711,0.01098,0.02197
0.00550,0.02823,0.02015,0.00839,0.04837,0.21566,0.00476,0.02116,0.00836,0.22012,0.06107,0.17651,0.17301,0.00873
0.02454,0.03924,0.02179,0.30238,0.05188,0.05006,0.01082,0.29827,0.00682,0.05199,0.04905,0.03093,0.01765,0.04457
0.19982,0.04726,0.04958,0.02763,0.06672,0.09853,0.01607,0.02364,0.01575,0.10121,0.04182,0.22909,0.02622,0.05664
0.08233,0.14302,0.19267,0.04199,0.03974,0.08986,0.02467,0.04911,0.03487,0.10745,0.07996,0.07176,0.02745,0.01513
0.00911,0.02232,0.02126,0.04622,0.31329,0.06822,0.00755,0.03931,0.03817,0.08177,0.16735,0.01325,0.01007,0.16211
0.02911,0.03409,0.03166,0.14253,0.20447,0.07079,0.03202,0.13781,0.00770,0.05847,0.19182,0.02511,0.02123,0.01318
0.02107,0.01461,0.17681,0.17654,0.07168,0.11436,0.02327,0.01228,0.08610,0.18674,0.07186,0.01414,0.01573,0.01481
0.00810,0.06027,0.01365,0.01265,0.10558,0.15189,0.00741,0.13412,0.01067,0.15570,0.23232,0.01265,0.02456,0.07041
0.03616,0.01638,0.17551,0.18418,0.04022,0.06302,0.01808,0.02509,0.14737,0.18258,0.02558,0.03586,0.01954,0.03043
0.02059,0.01742,0.21347,0.21934,0.11073,0.10543,0.02265,0.01676,0.02173,0.10591,0.08100,0.01111,0.01350,0.04034
0.00904,0.03031,0.24711,0.16584,0.06501,0.03386,0.03182,0.02864,0.07797,0.06740,0.04570,0.01120,0.14489,0.04119
0.00664,0.19582,0.21025,0.02729,0.04745,0.12533,0.00756,0.03359,0.06616,0.14309,0.06458,0.01946,0.03217,0.02061
0.02354,0.09550,0.00524,0.00849,0.22769,0.12488,0.02592,0.00871,0.01520,0.10722,0.20177,0.02105,0.01240,0.12240
0.01651,0.01056,0.01254,0.02019,0.32946,0.03339,0.01909,0.01511,0.01613,0.03640,0.32119,0.07856,0.08284,0.00804
0.01276,0.01106,0.01159,0.19079,0.03830,0.22300,0.01616,0.19691,0.01807,0.22229,0.03535,0.00487,0.00762,0.01123
0.02033,0.02256,0.02625,0.01283,0.26206,0.15282,0.01404,0.00513,0.03174,0.16322,0.23637,0.01889,0.00780,0.02595
0.05548,0.01594,0.01579,0.01939,0.32540,0.04224,0.01053,0.01790,0.02024,0.03923,0.14110,0.06984,0.01755,0.20938
0.01032,0.24606,0.24122,0.01135,0.05024,0.12091,0.01617,0.01695,0.02988,0.12850,0.04514,0.02426,0.03119,0.02779
0.31037,0.01036,0.00930,0.00743,0.10018,0.03480,0.28997,0.01823,0.01709,0.03488,0.11901,0.02404,0.00842,0.01591
0.03355,0.01020,0.02666,0.02018,0.06371,0.12315,0.04479,0.00575,0.05487,0.14672,0.04537,0.19860,0.20819,0.01826
0.01526,0.09545,0.13708,0.01912,0.11868,0.08287,0.01362,0.00944,0.20470,0.15436,0.08018,0.01073,0.03739,0.02110
0.02227,0.11933,0.01757,0.00854,0.24106,0.06035,0.02296,0.03712,0.02001,0.06522,0.24243,0.01105,0.01180,0.12029
0.03597,0.03483,0.03321,0.02683,0.10395,0.02973,0.02971,0.01931,0.01175,0.03588,0.09752,0.25376,0.24387,0.04368
0.01026,0.15902,0.17850,0.01439,0.11765,0.09626,0.01175,0.01484,0.10451,0.11691,0.09502,0.01629,0.03784,0.02676
0.02940,0.02287,0.02827,0.06014,0.10183,0.09732,0.04794,0.04488,0.04763,0.10222,0.07912,0.14855,0.17424,0.01559
0.03234,0.02149,0.01861,0.01145,0.04454,0.18303,0.11461,0.00869,0.07812,0.09521,0.02928,0.16469,0.17770,0.02022
0.07138,0.01900,0.02538,0.01504,0.14971,0.19634,0.08419,0.01410,0.02988,0.13369,0.12942,0.08059,0.00667,0.04460
0.23241,0.00918,0.01308,0.00765,0.05520,0.10539,0.32106,0.00807,0.01661,0.03610,0.02284,0.06137,0.06269,0.04836
0.03997,0.01151,0.16516,0.13884,0.09757,0.11665,0.04827,0.01381,0.05824,0.15382,0.10729,0.01054,0.03158,0.00675
0.01362,0.12714,0.11865,0.01402,0.10704,0.15815,0.11901,0.02420,0.04099,0.06659,0.09941,0.01282,0.04900,0.04937
0.01340,0.06198,0.02715,0.01334,0.21368,0.03397,0.01469,0.13578,0.02806,0.03135,0.31832,0.01475,0.01037,0.08317
0.02839,0.02391,0.02302,0.01584,0.07259,0.05657,0.01676,0.26813,0.03928,0.06626,0.33020,0.02438,0.00936,0.02532
0.02223,0.03812,0.01839,0.02545,0.27381,0.05665,0.01851,0.01649,0.04606,0.09539,0.11785,0.04210,0.01875,0.21018
0.12844,0.03853,0.03977,0.00954,0.08579,0.09158,0.15726,0.00969,0.01009,0.06931,0.08679,0.13274,0.13136,0.00910
0.16934,0.00993,0.00740,0.00804,0.10703,0.17099,0.02743,0.00957,0.01041,0.16293,0.06553,0.17816,0.00903,0.06420
0.07180,0.01162,0.01217,0.02138,0.10997,0.06897,0.06000,0.02362,0.01933,0.06283,0.07435,0.21531,0.18345,0.06522
0.02236,0.02730,0.21017,0.18442,0.10254,0.05787,0.01788,0.01034,0.07240,0.10904,0.09946,0.02413,0.03924,0.02286
0.01200,0.01641,0.15412,0.06526,0.02502,0.17703,0.04378,0.02910,0.09431,0.21016,0.03665,0.01058,0.11516,0.01042
0.11749,0.01675,0.01809,0.01061,0.02245,0.16171,0.11187,0.00849,0.02617,0.17383,0.01867,0.15042,0.14455,0.01889
0.00682,0.03878,0.07126,0.03255,0.11645,0.05465,0.00584,0.01332,0.01861,0.06752,0.11504,0.21551,0.23019,0.01345
0.02560,0.06663,0.02683,0.15237,0.03540,0.02664,0.02306,0.16926,0.15825,0.17372,0.04269,0.01510,0.01905,0.06540
0.02964,0.00789,0.00881,0.00769,0.26857,0.14836,0.02417,0.00628,0.01405,0.14979,0.02469,0.03178,0.01364,0.26466
0.17351,0.02147,0.01686,0.01238,0.07852,0.05334,0.17555,0.01234,0.00971,0.05629,0.07225,0.15107,0.15129,0.01540
0.23038,0.04374,0.01280,0.01284,0.10315,0.08028,0.02571,0.01673,0.00908,0.07330,0.04302,0.22439,0.00652,0.11806
0.01463,0.01506,0.06305,0.05374,0.18920,0.20344,0.01145,0.00804,0.00988,0.20236,0.17319,0.02043,0.01384,0.02169
0.02295,0.00790,0.01157,0.01162,0.14762,0.27054,0.25702,0.00867,0.01354,0.03363,0.04812,0.03063,0.00797,0.12822
0.01557,0.01553,0.19280,0.18126,0.03613,0.21291,0.01625,0.01485,0.00864,0.22257,0.02751,0.01189,0.01660,0.02751
0.03712,0.03607,0.02709,0.02570,0.18965,0.12397,0.01253,0.01792,0.03955,0.16100,0.05578,0.06373,0.01931,0.19056
0.00831,0.03112,0.19651,0.13604,0.05522,0.11364,0.06340,0.02080,0.05345,0.08914,0.05284,0.01163,0.12851,0.03939
0.01776,0.01444,0.02292,0.03853,0.14389,0.17566,0.02970,0.10966,0.01966,0.18008,0.20558,0.01116,0.00634,0.02463
0.01940,0.28757,0.26036,0.02244,0.02432,0.11742,0.00985,0.01546,0.00759,0.11714,0.02153,0.02974,0.02301,0.04418
0.03784,0.01911,0.04094,0.24014,0.12284,0.05510,0.03163,0.21878,0.02578,0.06231,0.10087,0.01112,0.01059,0.02295
0.01591,0.19692,0.19891,0.01609,0.07503,0.17902,0.00686,0.01584,0.00945,0.17614,0.07503,0.01590,0.00802,0.01087
0.11326,0.01606,0.03051,0.02205,0.16828,0.10748,0.01955,0.02151,0.04816,0.12841,0.10635,0.11422,0.01225,0.09191
0.03633,0.01225,0.12896,0.12815,0.02897,0.27186,0.02791,0.00839,0.00820,0.28303,0.02639,0.01291,0.01136,0.01529
0.01154,0.03165,0.22043,0.23705,0.12192,0.02754,0.01240,0.04699,0.04824,0.06920,0.11796,0.00859,0.01004,0.03646
0.04542,0.07013,0.02233,0.04718,0.07813,0.06978,0.05782,0.17546,0.04491,0.08032,0.16329,0.01059,0.01144,0.12319
0.01468,0.01907,0.03755,0.19664,0.10867,0.12535,0.10266,0.17772,0.01589,0.04278,0.09107,0.01871,0.01893,0.03028
0.10608,0.03364,0.04066,0.02554,0.15541,0.09383,0.07511,0.02983,0.06120,0.04754,0.05941,0.10912,0.02355,0.13908
0.01002,0.16736,0.17091,0.01304,0.18578,0.09233,0.01341,0.01287,0.02115,0.09819,0.17417,0.00465,0.00596,0.03017
0.01611,0.02496,0.17591,0.18177,0.19069,0.06110,0.00805,0.01430,0.01366,0.06662,0.18825,0.01805,0.01001,0.03051
0.11591,0.06399,0.02483,0.01788,0.05893,0.17073,0.03245,0.00892,0.04486,0.20652,0.02985,0.10734,0.00843,0.10937
0.04995,0.04927,0.01405,0.01443,0.13108,0.05511,0.05705,0.00896,0.02726,0.04063,0.12072,0.19558,0.18040,0.05548
0.03571,0.03346,0.01953,0.01246,0.30360,0.07898,0.02903,0.01128,0.02556,0.08474,0.03532,0.01590,0.00740,0.30702
0.00900,0.18624,0.01756,0.02060,0.18649,0.06882,0.02290,0.03155,0.01797,0.05615,0.17563,0.01000,0.00769,0.18940
0.01729,0.01082,0.01302,0.01966,0.08373,0.28544,0.01500,0.01668,0.01218,0.28792,0.08020,0.07470,0.07234,0.01102
0.02017,0.01390,0.05374,0.03538,0.24387,0.08792,0.01367,0.02838,0.07453,0.11933,0.12610,0.02352,0.02362,0.13586
0.26846,0.02177,0.02209,0.01324,0.05554,0.08912,0.02479,0.01564,0.02361,0.10291,0.03765,0.26720,0.01107,0.04691
0.01659,0.15616,0.02214,0.01462,0.06573,0.22673,0.01545,0.01336,0.00754,0.22310,0.05340,0.01725,0.01105,0.15689
0.01204,0.06758,0.11253,0.03037,0.10934,0.18170,0.02394,0.00981,0.11583,0.18414,0.09327,0.01057,0.03592,0.01297
0.01298,0.01774,0.01055,0.16973,0.13097,0.15431,0.00789,0.16964,0.01585,0.15651,0.11760,0.01009,0.00562,0.02052
0.09232,0.20909,0.21425,0.05377,0.07246,0.04147,0.03880,0.04608,0.01506,0.03249,0.04410,0.07017,0.02523,0.04470
0.00969,0.08316,0.01696,0.01517,0.26626,0.01658,0.01514,0.10532,0.00672,0.01221,0.35568,0.00576,0.00658,0.08476
0.01091,0.02610,0.04617,0.31422,0.09325,0.02785,0.01257,0.29899,0.01513,0.02783,0.07724,0.01106,0.01345,0.02522
0.00941,0.00633,0.00800,0.06303,0.20452,0.17644,0.04980,0.05742,0.00674,0.15546,0.18429,0.02839,0.03236,0.01781
0.01556,0.02870,0.01536,0.00966,0.21401,0.08298,0.01270,0.01234,0.01844,0.09912,0.20537,0.13502,0.12867,0.02207
0.02841,0.20717,0.03767,0.01383,0.09496,0.07071,0.00962,0.04063,0.01495,0.07119,0.14148,0.03879,0.02254,0.20805
0.19794,0.02163,0.02898,0.02582,0.10557,0.02479,0.17024,0.01165,0.02867,0.03651,0.09325,0.11995,0.10194,0.03306
0.01182,0.02637,0.13064,0.12044,0.05002,0.16303,0.13430,0.01931,0.09147,0.13784,0.04870,0.01015,0.02632,0.02961
0.02095,0.01659,0.08909,0.07200,0.04457,0.19457,0.12912,0.01727,0.12428,0.17854,0.03289,0.02667,0.03045,0.02300
0.02176,0.01342,0.20390,0.22153,0.16969,0.02345,0.02300,0.02006,0.04351,0.05381,0.17353,0.00937,0.00820,0.01478
0.02696,0.04656,0.03968,0.08044,0.07654,0.11284,0.06839,0.08677,0.12058,0.18266,0.04161,0.02553,0.02850,0.06295
0.08585,0.02247,0.02188,0.01217,0.22969,0.07187,0.02935,0.03391,0.02025,0.07029,0.11764,0.09894,0.01959,0.16610
0.02836,0.13520,0.01381,0.01238,0.05969,0.21991,0.15993,0.02528,0.02238,0.09313,0.06480,0.01162,0.01744,0.13608
0.00887,0.02895,0.01655,0.16061,0.14334,0.05188,0.01302,0.16945,0.08041,0.11275,0.14445,0.01997,0.01498,0.03476
0.01035,0.02104,0.02550,0.18762,0.06476,0.17677,0.00910,0.19005,0.01771,0.17387,0.05436,0.03006,0.02355,0.01526
0.02841,0.11167,0.02143,0.01505,0.16672,0.09794,0.03193,0.01699,0.07140,0.14387,0.13345,0.01961,0.01033,0.13119
0.00552,0.00663,0.03856,0.03607,0.04194,0.08509,0.01962,0.00555,0.31978,0.37832,0.03151,0.00925,0.01311,0.00904
0.01332,0.14227,0.16007,0.02335,0.16708,0.04864,0.01068,0.01425,0.10207,0.07862,0.16218,0.01021,0.04018,0.02708
0.02632,0.01897,0.12337,0.10794,0.02585,0.14206,0.02102,0.01016,0.16577,0.29871,0.02261,0.01416,0.01259,0.01047
0.07756,0.01530,0.01838,0.03542,0.10582,0.08920,0.07625,0.02894,0.01829,0.09841,0.08663,0.16299,0.15068,0.03613
0.01543,0.13239,0.16968,0.01287,0.10850,0.10117,0.04106,0.00471,0.15696,0.09991,0.09072,0.01196,0.04720,0.00743
0.03421,0.03266,0.08975,0.09163,0.09062,0.21517,0.02424,0.03169,0.02168,0.20774,0.08156,0.03631,0.01910,0.02365
0.04338,0.02184,0.20661,0.19167,0.06257,0.08992,0.01529,0.01072,0.07921,0.15247,0.05454,0.03527,0.01438,0.02210
0.01226,0.01873,0.07396,0.11514,0.21881,0.06452,0.01115,0.08012,0.01127,0.05917,0.21487,0.03820,0.05364,0.02817
0.01124,0.01989,0.01432,0.19807,0.09657,0.14326,0.00798,0.20042,0.01169,0.14680,0.07621,0.01963,0.01608,0.03785
0.00907,0.02768,0.02112,0.22580,0.15778,0.03060,0.02069,0.22534,0.03198,0.02747,0.12787,0.02106,0.03204,0.04150
0.04901,0.28832,0.02115,0.01374,0.05863,0.06262,0.00991,0.01059,0.00928,0.06790,0.05447,0.04739,0.01801,0.28898
0.01631,0.24931,0.02670,0.01825,0.02739,0.11747,0.09208,0.04400,0.01293,0.04377,0.06063,0.02239,0.01892,0.24985
0.01782,0.01041,0.04857,0.06087,0.07537,0.13483,0.01258,0.03805,0.18261,0.29545,0.07125,0.02067,0.01460,0.01693
0.15555,0.01383,0.01280,0.01397,0.02976,0.12486,0.17077,0.01256,0.02419,0.11663,0.02576,0.14392,0.14157,0.01383
0.03722,0.04142,0.15601,0.15567,0.08781,0.03905,0.03117,0.03423,0.11421,0.12472,0.06970,0.03221,0.02476,0.05182
0.14692,0.01819,0.01368,0.01451,0.09483,0.14626,0.03279,0.01193,0.07577,0.18312,0.07796,0.14015,0.00679,0.03708
0.01635,0.01238,0.01106,0.20655,0.02891,0.19738,0.03367,0.21102,0.02117,0.19441,0.02684,0.01415,0.01233,0.01379
0.01509,0.14097,0.02620,0.02318,0.09903,0.13188,0.01323,0.05902,0.02521,0.13676,0.14220,0.02096,0.02645,0.13980
0.03075,0.14824,0.16352,0.01931,0.07590,0.15973,0.01038,0.02157,0.05178,0.16754,0.07903,0.03079,0.02372,0.01772
0.00913,0.07478,0.01838,0.20243,0.10970,0.06272,0.00897,0.21296,0.01644,0.05615,0.09412,0.02421,0.03348,0.07653
0.02240,0.02094,0.22435,0.21126,0.06175,0.05997,0.01623,0.00710,0.08795,0.13321,0.06339,0.03342,0.03776,0.02027
0.03724,0.03317,0.01248,0.00929,0.04216,0.14274,0.14784,0.20646,0.01557,0.04143,0.24041,0.00839,0.00889,0.05392
0.01072,0.01808,0.02506,0.11549,0.15346,0.16875,0.08684,0.11154,0.01949,0.09719,0.14600,0.01149,0.01906,0.01684
0.02285,0.01714,0.01588,0.28885,0.08772,0.04091,0.00573,0.28752,0.01902,0.04846,0.07712,0.03297,0.03449,0.02134
0.01890,0.19398,0.19854,0.01306,0.09644,0.13157,0.01435,0.01302,0.03380,0.14599,0.09320,0.01887,0.01407,0.01422
0.11797,0.02633,0.01474,0.01787,0.13302,0.16147,0.09978,0.01947,0.00784,0.11108,0.04714,0.09956,0.00616,0.13758
0.01412,0.05413,0.05088,0.04065,0.04596,0.20799,0.06874,0.10177,0.01678,0.15024,0.13444,0.02433,0.02262,0.06733
0.01934,0.01545,0.12459,0.10949,0.11504,0.15088,0.07050,0.01284,0.07669,0.14881,0.09888,0.01906,0.01665,0.02178
0.01505,0.01683,0.01267,0.15451,0.11509,0.07227,0.00758,0.15919,0.11854,0.18351,0.11022,0.01374,0.00767,0.01311
0.01579,0.02825,0.01375,0.17411,0.12557,0.14214,0.01564,0.17037,0.01481,0.14405,0.11855,0.00679,0.00485,0.02535
0.01623,0.14260,0.03553,0.02866,0.16583,0.10830,0.02670,0.01571,0.02713,0.10562,0.15130,0.01699,0.01631,0.14307
0.07015,0.01209,0.00845,0.01630,0.10689,0.12372,0.07963,0.02539,0.01185,0.11524,0.11216,0.15265,0.14946,0.01601
0.00566,0.05687,0.01367,0.01544,0.31785,0.08316,0.00643,0.02434,0.00490,0.08227,0.31644,0.00496,0.00519,0.06281
0.02289,0.01429,0.04601,0.04370,0.13497,0.11727,0.02658,0.00707,0.02596,0.11811,0.11271,0.15737,0.15367,0.01940
0.01837,0.07259,0.09533,0.01708,0.07416,0.13548,0.05155,0.02589,0.19322,0.15523,0.05522,0.01947,0.04697,0.03944
0.01296,0.02143,0.02319,0.04181,0.12355,0.08634,0.05021,0.04116,0.01850,0.05287,0.11107,0.20415,0.19165,0.02109
0.00803,0.01759,0.01753,0.01395,0.30136,0.12466,0.02143,0.01604,0.02565,0.11625,0.12110,0.00949,0.01018,0.19673
0.02982,0.14764,0.01413,0.05372,0.04666,0.18451,0.03477,0.07565,0.00796,0.17583,0.05977,0.01611,0.00829,0.14514
0.00979,0.17831,0.18539,0.01222,0.18728,0.04957,0.01473,0.02893,0.05511,0.05350,0.18564,0.00968,0.01487,0.01500
0.17169,0.01164,0.02466,0.02435,0.18889,0.03316,0.01512,0.02033,0.06425,0.03598,0.17361,0.18142,0.04002,0.01491
0.00869,0.01059,0.00938,0.09518,0.09161,0.25489,0.22557,0.10728,0.01834,0.05376,0.08609,0.01095,0.01001,0.01766
0.01558,0.19118,0.02266,0.01877,0.06411,0.12353,0.03768,0.05201,0.02325,0.10606,0.10588,0.01841,0.01543,0.20545
0.18376,0.02007,0.02614,0.02335,0.11277,0.04386,0.02079,0.02689,0.09181,0.08677,0.07561,0.19930,0.03407,0.05482
0.12862,0.01820,0.01920,0.01058,0.01295,0.22463,0.13731,0.01076,0.00964,0.23030,0.01180,0.08436,0.09352,0.00812
0.01224,0.10420,0.12230,0.01132,0.22383,0.08888,0.00911,0.01017,0.06401,0.09903,0.21087,0.01099,0.02211,0.01094
0.05123,0.01939,0.00858,0.02167,0.10450,0.09379,0.12942,0.02204,0.01484,0.03675,0.07989,0.18639,0.19154,0.04000
0.01602,0.01240,0.01260,0.00605,0.27472,0.13461,0.02339,0.00650,0.03616,0.15791,0.04084,0.02599,0.01056,0.24226
0.02381,0.02486,0.04372,0.03347,0.06623,0.08425,0.01461,0.01778,0.04354,0.10119,0.04946,0.23769,0.23378,0.02563
0.01151,0.03948,0.01526,0.02300,0.19832,0.04052,0.03399,0.02047,0.05155,0.02545,0.17951,0.15539,0.16762,0.03792
0.01922,0.03126,0.03293,0.15155,0.05880,0.14720,0.03138,0.14372,0.07336,0.20389,0.05675,0.00886,0.01036,0.03075
0.09103,0.01642,0.01074,0.02250,0.09501,0.21228,0.04017,0.02841,0.04369,0.21647,0.04963,0.09454,0.00731,0.07180
0.07335,0.01473,0.01925,0.02473,0.02988,0.06693,0.01732,0.02382,0.01065,0.06561,0.02914,0.33467,0.26644,0.02347
0.06325,0.01405,0.03194,0.02335,0.18001,0.10462,0.04630,0.02343,0.07329,0.11973,0.07369,0.07722,0.01705,0.15207
0.00945,0.12313,0.14039,0.01805,0.09157,0.07056,0.05738,0.01058,0.20662,0.14957,0.07620,0.00897,0.02186,0.01567
0.00898,0.02457,0.01992,0.00846,0.06267,0.06899,0.01169,0.29828,0.00767,0.07070,0.35047,0.02082,0.01616,0.03062
0.02660,0.01299,0.01179,0.01014,0.09626,0.17795,0.06711,0.01121,0.01944,0.15218,0.08451,0.15416,0.15417,0.02148
0.13375,0.00959,0.01228,0.01255,0.27804,0.01822,0.01522,0.01443,0.03067,0.05260,0.25598,0.13208,0.00798,0.02661
0.04407,0.02206,0.22579,0.23840,0.07770,0.05425,0.05241,0.04525,0.01047,0.04879,0.08826,0.03025,0.03586,0.02644
0.00565,0.01095,0.28247,0.16551,0.04035,0.09878,0.01792,0.01097,0.04507,0.07861,0.03042,0.00746,0.18911,0.01674
0.03234,0.12589,0.04347,0.02082,0.17830,0.03665,0.01937,0.05644,0.03090,0.05310,0.21281,0.02444,0.03439,0.13108
0.07006,0.02007,0.02540,0.16762,0.04195,0.12247,0.06410,0.17294,0.06614,0.16802,0.03260,0.01630,0.01192,0.02041
0.00947,0.28369,0.02059,0.02301,0.03563,0.09483,0.02093,0.04010,0.01002,0.08740,0.04155,0.02433,0.02667,0.28179
0.04145,0.12832,0.01429,0.02126,0.12168,0.09200,0.01697,0.05106,0.05691,0.10460,0.14071,0.05020,0.01851,0.14206
0.01591,0.05742,0.09289,0.00522,0.01551,0.25101,0.06212,0.00756,0.15288,0.20562,0.01615,0.03312,0.07744,0.00715
0.19792,0.03387,0.00577,0.00538,0.08593,0.14209,0.01544,0.00671,0.01005,0.13803,0.05977,0.21193,0.01816,0.06895
0.01139,0.15022,0.16694,0.03039,0.06019,0.12660,0.01150,0.04864,0.11447,0.14167,0.06582,0.01299,0.03223,0.02693
0.00985,0.02700,0.18236,0.19001,0.21048,0.03118,0.01163,0.02843,0.01936,0.04093,0.21558,0.01170,0.00703,0.01447
0.01140,0.09306,0.10544,0.01302,0.12945,0.14526,0.01558,0.01556,0.08945,0.20153,0.13536,0.01922,0.01705,0.00861
0.01424,0.23141,0.23095,0.01099,0.11888,0.07273,0.04855,0.01778,0.02671,0.04525,0.11868,0.01842,0.02167,0.02374
0.10392,0.01495,0.01472,0.01088,0.30230,0.02780,0.10155,0.00805,0.02228,0.03087,0.04477,0.01778,0.01803,0.28211
0.21252,0.01156,0.01923,0.01946,0.16366,0.05454,0.03881,0.02543,0.01818,0.02945,0.15543,0.21950,0.01559,0.01663
0.02221,0.25839,0.27287,0.01886,0.03129,0.13937,0.01359,0.01555,0.01320,0.14642,0.02039,0.01865,0.00595,0.02325
0.11681,0.02526,0.02190,0.04911,0.08562,0.05335,0.11737,0.04184,0.02867,0.06301,0.07253,0.15441,0.14626,0.02385
0.01040,0.01663,0.22841,0.08834,0.05640,0.09719,0.02449,0.02940,0.06568,0.08391,0.05958,0.00741,0.21203,0.02012
0.00677,0.01857,0.18605,0.17085,0.18201,0.02413,0.01080,0.02341,0.05170,0.06917,0.18089,0.00771,0.04847,0.01947
0.06731,0.01531,0.01225,0.02499,0.14244,0.21133,0.00660,0.02266,0.02784,0.22054,0.04505,0.07816,0.00856,0.11695
0.01273,0.23833,0.21460,0.01224,0.13528,0.05347,0.02621,0.01801,0.02737,0.03731,0.12386,0.01817,0.02348,0.05894
0.01143,0.00683,0.04835,0.25196,0.17042,0.04156,0.01597,0.21033,0.01416,0.03807,0.15584,0.01116,0.01315,0.01078
0.00808,0.19403,0.19179,0.00538,0.20432,0.07599,0.00987,0.00625,0.00315,0.07220,0.19630,0.00961,0.00966,0.01336
0.01546,0.22853,0.22818,0.01342,0.03862,0.13296,0.01663,0.01348,0.05680,0.14610,0.03595,0.01118,0.02803,0.03465
0.15325,0.02804,0.01235,0.02599,0.13968,0.07677,0.01482,0.05978,0.02033,0.09921,0.17674,0.15397,0.00787,0.03120
0.01667,0.01460,0.02017,0.01791,0.13767,0.19887,0.03012,0.02030,0.06739,0.24632,0.08027,0.04135,0.03293,0.07542
0.18829,0.02984,0.02697,0.01519,0.04759,0.12183,0.06427,0.02299,0.09345,0.11689,0.04778,0.19168,0.01408,0.01914
0.03446,0.01093,0.01801,0.09241,0.18250,0.14083,0.07907,0.09082,0.01592,0.12017,0.13869,0.01237,0.01280,0.05104
0.01950,0.03091,0.02419,0.02714,0.18366,0.05303,0.01458,0.02686,0.01089,0.04869,0.15394,0.19103,0.17974,0.03583
0.01986,0.01210,0.02194,0.03380,0.17557,0.05963,0.02489,0.05930,0.13619,0.16956,0.12680,0.03659,0.01192,0.11184
0.03150,0.03366,0.04003,0.01780,0.19992,0.17847,0.13673,0.00640,0.03088,0.05617,0.06858,0.03857,0.01142,0.14986
0.07068,0.00898,0.01503,0.01444,0.15771,0.08155,0.11989,0.01116,0.04078,0.07853,0.14642,0.12139,0.12136,0.01210
0.10354,0.01210,0.03842,0.03042,0.26534,0.05246,0.01281,0.01010,0.01773,0.05779,0.25992,0.10726,0.00851,0.02360
0.01986,0.03850,0.02625,0.05451,0.25548,0.05509,0.04773,0.04362,0.07794,0.03268,0.04577,0.01549,0.03753,0.24955
0.00690,0.01177,0.01348,0.10268,0.24238,0.01924,0.00832,0.09985,0.10835,0.12169,0.23770,0.00585,0.00547,0.01633
0.02368,0.05575,0.04340,0.01184,0.04870,0.06165,0.01597,0.21949,0.04902,0.09239,0.25873,0.03764,0.02982,0.05192
0.01548,0.04704,0.28472,0.24469,0.05315,0.08655,0.01612,0.01521,0.01198,0.10072,0.06337,0.01724,0.02806,0.01569
0.04273,0.12638,0.13732,0.01945,0.19692,0.06031,0.03895,0.00494,0.04284,0.07643,0.17356,0.03206,0.01561,0.03251
0.07161,0.05105,0.04375,0.01714,0.23961,0.06044,0.01834,0.01679,0.03397,0.07382,0.12772,0.08844,0.01731,0.14001
0.02798,0.01231,0.01039,0.01370,0.22485,0.12758,0.14056,0.01478,0.01369,0.02469,0.20515,0.08051,0.08272,0.02107
0.01625,0.19997,0.02690,0.01125,0.13887,0.06216,0.01510,0.02939,0.02721,0.07758,0.13413,0.01990,0.01468,0.22661
0.01701,0.03032,0.02802,0.02247,0.14297,0.03944,0.01409,0.02729,0.04848,0.07536,0.15043,0.19182,0.19186,0.02043
0.01821,0.02811,0.21923,0.23417,0.05959,0.11283,0.04178,0.01673,0.06307,0.07033,0.05920,0.02372,0.01650,0.03655
0.01714,0.03449,0.23606,0.19276,0.01893,0.14685,0.01820,0.02533,0.02463,0.15301,0.03575,0.01902,0.05836,0.01949
0.01150,0.05914,0.06310,0.00793,0.20705,0.17010,0.00508,0.00526,0.02156,0.18346,0.20082,0.02416,0.01715,0.02370
0.22893,0.01565,0.04596,0.05167,0.10882,0.05808,0.03654,0.01710,0.02005,0.05912,0.04622,0.20648,0.00817,0.09721
0.01550,0.02039,0.01430,0.00579,0.34275,0.09675,0.03469,0.00891,0.00862,0.07728,0.29767,0.01284,0.00609,0.05843
0.01182,0.00962,0.02951,0.08411,0.07763,0.14590,0.01140,0.08170,0.15831,0.27507,0.06523,0.01258,0.01955,0.01757
0.07391,0.01800,0.04495,0.02960,0.17868,0.08806,0.02551,0.01259,0.05295,0.10692,0.06399,0.12082,0.04714,0.13688
0.03877,0.00704,0.02476,0.38168,0.01701,0.04378,0.02747,0.37110,0.00748,0.04501,0.01510,0.00486,0.00602,0.00991
0.05491,0.18925,0.04009,0.02468,0.02648,0.11834,0.06837,0.04968,0.02663,0.11843,0.05331,0.01933,0.02452,0.18597
0.03887,0.01365,0.25182,0.27148,0.10605,0.02171,0.02902,0.04741,0.00843,0.02133,0.13540,0.01622,0.00942,0.02918
0.02582,0.28150,0.27634,0.01062,0.08309,0.05973,0.01744,0.02467,0.00962,0.05680,0.08252,0.02973,0.01865,0.02348
0.01568,0.18590,0.19020,0.01602,0.01863,0.06916,0.04303,0.00755,0.19509,0.17052,0.01983,0.02316,0.02676,0.01848
0.01481,0.01332,0.02818,0.09864,0.13642,0.17389,0.03418,0.09237,0.02708,0.17378,0.07024,0.02152,0.03616,0.07944
0.20795,0.02651,0.02796,0.00614,0.15115,0.03460,0.01877,0.00491,0.01471,0.03217,0.05799,0.25157,0.04517,0.12039
0.03430,0.00845,0.00891,0.00619,0.12288,0.13682,0.12638,0.00588,0.01502,0.07330,0.10272,0.16594,0.17297,0.02025
0.01411,0.12566,0.01722,0.01714,0.15879,0.05311,0.01269,0.11063,0.01138,0.04833,0.26208,0.01673,0.01307,0.13905
0.00819,0.21304,0.04642,0.02466,0.15499,0.02605,0.01326,0.05433,0.03810,0.02559,0.17225,0.00531,0.02285,0.19496
0.04724,0.02001,0.02944,0.02029,0.27796,0.07806,0.06623,0.01050,0.01224,0.07252,0.26364,0.02886,0.03782,0.03519
0.03387,0.17911,0.01573,0.02528,0.02058,0.16389,0.09783,0.07836,0.01190,0.08580,0.06602,0.02431,0.01571,0.18161
0.00635,0.23744,0.02617,0.01295,0.09770,0.07534,0.00911,0.03045,0.02567,0.08993,0.11436,0.01450,0.02284,0.23718
0.01741,0.19262,0.21048,0.02372,0.12588,0.08508,0.05431,0.01912,0.05980,0.02758,0.11908,0.02261,0.02431,0.01800
0.14845,0.03086,0.03215,0.03020,0.03455,0.04014,0.10213,0.01607,0.03278,0.06157,0.01791,0.22520,0.16534,0.06263
0.04152,0.08519,0.10387,0.00776,0.22080,0.08619,0.03224,0.00589,0.07649,0.07824,0.20621,0.02679,0.02067,0.00812
0.02716,0.09924,0.11502,0.01680,0.10344,0.20652,0.01576,0.01336,0.03296,0.21075,0.09130,0.02763,0.01773,0.02232
0.14766,0.01925,0.01191,0.02540,0.09336,0.16608,0.08201,0.02840,0.01906,0.11375,0.04086,0.15587,0.00866,0.08773
0.01307,0.05969,0.01628,0.01483,0.08211,0.03659,0.01692,0.01839,0.01626,0.03947,0.07496,0.28312,0.27047,0.05783
0.00954,0.20364,0.21355,0.02177,0.06241,0.16220,0.01628,0.02897,0.01976,0.16025,0.06141,0.00957,0.00862,0.02204
0.01635,0.17018,0.17635,0.01203,0.19871,0.06898,0.01207,0.01247,0.01440,0.07272,0.19391,0.01655,0.00974,0.02552
0.00751,0.01067,0.01908,0.12019,0.16646,0.12839,0.01743,0.10908,0.05034,0.15903,0.15616,0.01795,0.02274,0.01496
0.00608,0.00973,0.01446,0.12956,0.20420,0.11808,0.08527,0.12083,0.01584,0.04839,0.19533,0.00767,0.03554,0.00900
0.16604,0.01037,0.02536,0.02344,0.10497,0.03025,0.15225,0.00715,0.03764,0.04971,0.09816,0.14620,0.13137,0.01710
0.00845,0.22326,0.22377,0.02669,0.19621,0.02410,0.01470,0.02958,0.00997,0.01799,0.18968,0.00873,0.00767,0.01919
0.22436,0.02022,0.01842,0.01212,0.11143,0.06542,0.03010,0.01154,0.08407,0.06614,0.08963,0.21856,0.02508,0.02290
0.00767,0.03124,0.18343,0.15204,0.10241,0.08117,0.00905,0.01332,0.09869,0.16616,0.10683,0.00955,0.01860,0.01983
0.17143,0.01008,0.01836,0.03648,0.20276,0.03740,0.01785,0.02958,0.01741,0.03419,0.14931,0.18333,0.01272,0.07911
0.12887,0.02415,0.01779,0.01635,0.08491,0.09100,0.14185,0.01332,0.01043,0.09526,0.07021,0.13119,0.13925,0.03542
0.03054,0.02468,0.22072,0.19333,0.10245,0.10217,0.05404,0.01209,0.03904,0.07008,0.09003,0.02237,0.01977,0.01870
0.01460,0.04396,0.07763,0.23874,0.05970,0.07952,0.01715,0.22438,0.01762,0.07684,0.04500,0.02811,0.04862,0.02813
