0.04984,0.13064,0.03848,0.05207,0.10344,0.03192,0.08012,0.13793,0.02931,0.02935,0.03969,0.04197,0.03321,0.02650,0.03688,0.01987,0.03479,0.02588,0.01829,0.03982
0.14347,0.22549,0.04003,0.02587,0.02690,0.06497,0.13630,0.04462,0.01737,0.02100,0.03071,0.01392,0.03784,0.02090,0.01261,0.01355,0.01997,0.02056,0.03500,0.04892
0.01745,0.06872,0.03649,0.02809,0.12092,0.02339,0.11404,0.12034,0.02209,0.07780,0.06626,0.02832,0.01206,0.04149,0.00555,0.04304,0.02517,0.01031,0.06267,0.07582
0.33396,0.09876,0.01824,0.10197,0.04344,0.11455,0.03677,0.04532,0.01827,0.01616,0.04000,0.01225,0.01185,0.00941,0.01284,0.01572,0.01033,0.02034,0.01669,0.02313
0.01751,0.02635,0.15077,0.00959,0.18722,0.01728,0.02335,0.13585,0.02617,0.05127,0.03091,0.05467,0.01287,0.04224,0.12307,0.01623,0.04055,0.01295,0.00952,0.01163
0.01974,0.20758,0.03995,0.01819,0.02327,0.07930,0.19555,0.02753,0.01030,0.03158,0.02418,0.09621,0.00847,0.01428,0.01268,0.01188,0.01282,0.08496,0.01633,0.06520
0.37476,0.13288,0.04054,0.02061,0.04039,0.03597,0.12644,0.03016,0.02112,0.02098,0.02177,0.02685,0.01685,0.01143,0.01514,0.01488,0.01435,0.00871,0.00777,0.01840
0.01636,0.04642,0.02758,0.05008,0.06725,0.11150,0.02442,0.08954,0.01733,0.02102,0.10401,0.02524,0.15061,0.15111,0.01931,0.00711,0.00800,0.01143,0.02238,0.02931
0.04538,0.04870,0.03187,0.03337,0.05558,0.02115,0.04212,0.07085,0.01902,0.03462,0.02699,0.03123,0.19041,0.01843,0.03508,0.05164,0.17469,0.01999,0.01928,0.02959
0.03211,0.04775,0.06118,0.01711,0.04817,0.01691,0.06087,0.11818,0.13841,0.03364,0.02418,0.11296,0.04217,0.02559,0.00880,0.02657,0.04976,0.00618,0.04580,0.08364
0.04297,0.03254,0.08980,0.02577,0.12309,0.02225,0.03239,0.09320,0.03331,0.08843,0.02044,0.04690,0.05368,0.08659,0.03826,0.02548,0.05603,0.00851,0.04867,0.03169
0.03583,0.11936,0.04282,0.02292,0.11295,0.06595,0.11799,0.06002,0.02733,0.04147,0.08172,0.04987,0.02013,0.03652,0.04377,0.07006,0.02171,0.00795,0.01172,0.00989
0.02679,0.05183,0.05461,0.01222,0.09070,0.02228,0.05623,0.08564,0.07003,0.07701,0.06461,0.03245,0.00911,0.14315,0.01626,0.01677,0.09733,0.03382,0.01777,0.02139
0.07739,0.10482,0.03228,0.04428,0.15072,0.16375,0.04126,0.12419,0.02099,0.02481,0.01807,0.01903,0.01526,0.01208,0.01540,0.01239,0.01256,0.09213,0.00648,0.01210
0.02018,0.17760,0.05142,0.02169,0.02746,0.02376,0.17511,0.02208,0.01210,0.14682,0.14310,0.02371,0.02771,0.02001,0.01910,0.00844,0.01499,0.00905,0.02384,0.03182
0.01319,0.28441,0.06666,0.03481,0.04059,0.05573,0.21954,0.03125,0.01032,0.01967,0.07903,0.01028,0.03106,0.01902,0.04584,0.00982,0.01174,0.00586,0.00489,0.00627
0.06078,0.02631,0.02635,0.01207,0.20239,0.04378,0.01872,0.21384,0.12268,0.02433,0.02787,0.00768,0.01494,0.08320,0.01330,0.00970,0.01827,0.05261,0.00708,0.01409
0.02263,0.04356,0.10002,0.01329,0.02829,0.02915,0.12939,0.02520,0.01045,0.02114,0.01101,0.01845,0.01406,0.00776,0.18939,0.25286,0.00669,0.01222,0.02535,0.03909
0.01082,0.01841,0.04360,0.00848,0.03643,0.01058,0.23490,0.04220,0.01060,0.09834,0.02445,0.06580,0.00922,0.01510,0.02332,0.27165,0.03413,0.00989,0.00487,0.02721
0.03103,0.02887,0.04100,0.02013,0.09053,0.01737,0.03045,0.04914,0.18592,0.01297,0.01899,0.18730,0.00856,0.11955,0.02018,0.00586,0.11220,0.00645,0.00644,0.00705
0.04191,0.25429,0.01470,0.01302,0.11517,0.08499,0.05832,0.13639,0.01170,0.01263,0.10658,0.02001,0.01712,0.02284,0.01051,0.03641,0.00893,0.01569,0.01012,0.00868
0.06305,0.07281,0.04149,0.02543,0.10677,0.08382,0.09363,0.11510,0.01592,0.01830,0.04694,0.02842,0.02951,0.03299,0.02742,0.07111,0.02160,0.02614,0.02970,0.04986
0.05223,0.09596,0.06388,0.05144,0.10681,0.03161,0.06140,0.09184,0.01800,0.01880,0.02358,0.01075,0.02347,0.14064,0.04809,0.01310,0.12253,0.00912,0.00724,0.00952
0.07791,0.06955,0.02766,0.04687,0.08350,0.01936,0.07632,0.09971,0.02831,0.04347,0.04534,0.05134,0.00958,0.09663,0.00793,0.00817,0.10056,0.00970,0.03584,0.06225
0.04020,0.13361,0.02713,0.02691,0.03761,0.02486,0.12464,0.02219,0.14647,0.03420,0.02662,0.11848,0.03572,0.07250,0.02200,0.01609,0.03452,0.01682,0.01125,0.02819
0.04489,0.08465,0.07099,0.02648,0.08268,0.02738,0.09612,0.12456,0.02859,0.03566,0.02685,0.03976,0.03777,0.02792,0.01725,0.04916,0.04719,0.02130,0.04089,0.06992
0.04660,0.06643,0.02932,0.01419,0.05817,0.03673,0.04847,0.06772,0.07205,0.02836,0.01603,0.03409,0.18584,0.17940,0.01943,0.00947,0.01562,0.02774,0.01960,0.02473
0.02854,0.04413,0.17364,0.01329,0.14839,0.01397,0.04041,0.16032,0.00902,0.02065,0.01332,0.00938,0.05313,0.02398,0.15776,0.01817,0.04120,0.01008,0.00958,0.01103
0.03513,0.04865,0.04775,0.01264,0.04755,0.02531,0.03210,0.04071,0.03579,0.02539,0.02953,0.05731,0.02871,0.12314,0.09696,0.06244,0.08734,0.02540,0.06201,0.07617
0.02664,0.06487,0.02874,0.02268,0.07634,0.03505,0.20611,0.07176,0.02051,0.06426,0.06464,0.02153,0.01779,0.03655,0.01047,0.15815,0.04157,0.01343,0.00959,0.00931
0.01253,0.03208,0.04205,0.02936,0.14412,0.04515,0.03789,0.08196,0.03846,0.03833,0.05451,0.08557,0.10180,0.12193,0.01684,0.01505,0.01161,0.04317,0.02054,0.02705
0.01668,0.11087,0.02699,0.01913,0.14056,0.01592,0.11238,0.12915,0.01237,0.14661,0.12282,0.02524,0.03220,0.01318,0.00717,0.01353,0.01721,0.00672,0.00957,0.02172
0.01222,0.05000,0.13479,0.01113,0.05833,0.01679,0.04727,0.02767,0.02833,0.18183,0.17476,0.03761,0.02921,0.01832,0.08036,0.01473,0.02084,0.01813,0.02018,0.01750
0.03824,0.04418,0.04875,0.01509,0.02986,0.02813,0.02176,0.02120,0.02550,0.03618,0.05393,0.02215,0.05574,0.23493,0.01733,0.02208,0.24088,0.01062,0.02240,0.01105
0.02397,0.12259,0.05908,0.02105,0.09972,0.01632,0.12443,0.08546,0.03054,0.10376,0.06121,0.02250,0.02004,0.01215,0.06162,0.08960,0.01382,0.01546,0.00647,0.01020
0.05361,0.15057,0.03665,0.05046,0.17829,0.03270,0.09063,0.18098,0.01953,0.02820,0.03769,0.02618,0.01449,0.01722,0.02044,0.01021,0.01604,0.01378,0.00499,0.01733
0.02467,0.17358,0.02408,0.03993,0.06741,0.15781,0.12441,0.07937,0.01558,0.01459,0.12459,0.01563,0.01597,0.01993,0.01286,0.02155,0.01466,0.00735,0.01727,0.02873
0.03659,0.08052,0.02707,0.02571,0.13405,0.02324,0.15348,0.04984,0.04100,0.03627,0.02894,0.08964,0.05186,0.05581,0.01020,0.08648,0.02794,0.00624,0.01241,0.02270
0.02425,0.08614,0.14170,0.02128,0.05749,0.03127,0.05869,0.05442,0.02642,0.01808,0.04675,0.01205,0.08832,0.06609,0.14248,0.03192,0.07258,0.00714,0.00688,0.00605
0.01446,0.03632,0.05745,0.01741,0.06603,0.08884,0.01814,0.06201,0.01452,0.07482,0.01299,0.06280,0.14746,0.04988,0.03646,0.01343,0.11917,0.07263,0.01250,0.02266
0.07407,0.09097,0.04722,0.01612,0.18374,0.02324,0.06417,0.18628,0.02448,0.03562,0.02326,0.02970,0.02966,0.03089,0.02173,0.02020,0.02461,0.03512,0.01581,0.02312
0.04357,0.06121,0.25500,0.02378,0.02790,0.02767,0.04653,0.02217,0.04221,0.02171,0.02994,0.02833,0.02423,0.01350,0.23839,0.01288,0.01581,0.02087,0.01546,0.02883
0.02320,0.10093,0.03873,0.01826,0.25198,0.02192,0.12875,0.01714,0.03353,0.02496,0.03456,0.20460,0.01728,0.01650,0.01262,0.01635,0.01309,0.00617,0.00684,0.01259
0.18098,0.15089,0.03066,0.03054,0.02497,0.05954,0.11624,0.02410,0.02861,0.02267,0.05100,0.07158,0.01825,0.01029,0.05483,0.04843,0.01270,0.03023,0.00486,0.02863
0.03367,0.10808,0.02687,0.01402,0.06098,0.04394,0.06174,0.07891,0.01490,0.03712,0.03345,0.03145,0.16778,0.17362,0.01371,0.02012,0.02937,0.01213,0.00856,0.02958
0.07859,0.15766,0.02665,0.04035,0.06033,0.01743,0.12291,0.05520,0.12825,0.01858,0.01475,0.06921,0.01883,0.07523,0.01007,0.01970,0.05711,0.00902,0.00690,0.01322
0.04722,0.11115,0.02192,0.06204,0.17856,0.06095,0.04039,0.19246,0.02331,0.03932,0.04166,0.02064,0.01546,0.04170,0.00889,0.01461,0.01996,0.01981,0.01534,0.02460
0.01547,0.13137,0.01258,0.01722,0.06473,0.05599,0.11317,0.05044,0.15033,0.03409,0.02142,0.02627,0.05223,0.14578,0.00727,0.00564,0.02730,0.04382,0.00914,0.01574
0.04286,0.09739,0.06299,0.02627,0.05880,0.06035,0.04893,0.06100,0.04774,0.02578,0.04116,0.03440,0.10529,0.10330,0.05841,0.02595,0.02352,0.03213,0.01323,0.03051
0.10410,0.10208,0.02681,0.06250,0.11417,0.05724,0.05455,0.12180,0.03059,0.02425,0.10459,0.01429,0.04727,0.04446,0.01449,0.01537,0.01887,0.01348,0.01195,0.01714
0.03808,0.14510,0.03485,0.05022,0.09835,0.12614,0.14846,0.08370,0.01509,0.02873,0.08539,0.02564,0.01052,0.00733,0.01400,0.02973,0.00622,0.02084,0.01776,0.01385
0.03388,0.03209,0.05284,0.01468,0.19958,0.02251,0.10791,0.10656,0.07648,0.02828,0.02451,0.15848,0.01398,0.01328,0.00968,0.06823,0.01144,0.00802,0.00724,0.01034
0.03124,0.15680,0.03700,0.00910,0.05393,0.01884,0.15485,0.02131,0.01544,0.18875,0.17725,0.03700,0.01976,0.01097,0.02204,0.00977,0.01469,0.00664,0.00734,0.00729
0.11237,0.05007,0.03220,0.16634,0.08440,0.04577,0.03290,0.03895,0.03911,0.04437,0.03809,0.08204,0.03768,0.02784,0.01382,0.01707,0.02029,0.01761,0.01312,0.08597
0.03623,0.05254,0.02230,0.04525,0.04627,0.01440,0.04784,0.03170,0.14116,0.05585,0.05006,0.25239,0.01621,0.01608,0.00833,0.01079,0.01433,0.00909,0.01133,0.11786
0.21299,0.13606,0.02452,0.03135,0.07330,0.05389,0.04545,0.08232,0.03316,0.02947,0.05637,0.03750,0.02881,0.02896,0.01106,0.02598,0.03698,0.01657,0.01747,0.01778
0.09106,0.03754,0.03514,0.01555,0.02440,0.01621,0.03308,0.03186,0.05766,0.17256,0.17180,0.04980,0.05809,0.07002,0.01542,0.01079,0.01998,0.04462,0.01734,0.02708
0.01674,0.14280,0.05550,0.01311,0.05611,0.05615,0.06541,0.06270,0.02075,0.02351,0.03303,0.03594,0.10839,0.09404,0.04005,0.04431,0.02254,0.02406,0.03538,0.04947
0.07808,0.21423,0.04419,0.02787,0.04457,0.02082,0.19891,0.02619,0.01748,0.09964,0.09693,0.02854,0.01376,0.02200,0.01369,0.00901,0.02498,0.00485,0.00772,0.00654
0.02361,0.16796,0.08089,0.01817,0.05373,0.03379,0.16889,0.04080,0.01443,0.11399,0.09644,0.01469,0.02888,0.01658,0.03144,0.01523,0.01224,0.01042,0.03436,0.02346
0.02312,0.07462,0.04051,0.03846,0.16780,0.03465,0.07886,0.14004,0.01943,0.08219,0.08560,0.02959,0.03505,0.01608,0.01463,0.02370,0.01928,0.02439,0.02392,0.02807
0.02998,0.27006,0.06884,0.01512,0.05688,0.03099,0.20091,0.03407,0.04046,0.02939,0.02025,0.05369,0.02621,0.01991,0.03417,0.01348,0.00762,0.01944,0.01088,0.01766
0.02895,0.10569,0.04698,0.03211,0.03314,0.02252,0.09846,0.04290,0.04854,0.02385,0.01778,0.02564,0.14610,0.16472,0.02714,0.01035,0.01654,0.02931,0.04304,0.03623
0.01839,0.09835,0.02902,0.04076,0.18080,0.07765,0.06351,0.17340,0.05637,0.02456,0.03920,0.05135,0.02936,0.02098,0.01208,0.01169,0.01354,0.03286,0.01124,0.01489
0.07177,0.05690,0.08742,0.03852,0.05121,0.01956,0.05249,0.03660,0.04058,0.15904,0.15957,0.04787,0.02761,0.01930,0.04839,0.03044,0.01673,0.01175,0.01303,0.01122
0.04311,0.06622,0.04285,0.02755,0.07359,0.02230,0.05668,0.03904,0.10056,0.04497,0.04606,0.10364,0.11668,0.10759,0.02225,0.02757,0.01162,0.01634,0.01431,0.01707
0.02406,0.02047,0.03167,0.03672,0.06120,0.01170,0.02501,0.04160,0.14067,0.03871,0.03571,0.14244,0.02216,0.02524,0.01607,0.01372,0.01178,0.01050,0.13216,0.15843
0.01414,0.22025,0.03580,0.03828,0.01880,0.12067,0.18813,0.01698,0.03211,0.02422,0.14620,0.02279,0.03366,0.03069,0.01236,0.00576,0.01765,0.00867,0.00567,0.00713
0.05345,0.07613,0.02479,0.01914,0.04271,0.03001,0.30973,0.03205,0.01155,0.02510,0.01844,0.01605,0.00803,0.00820,0.01190,0.25080,0.00525,0.00522,0.02385,0.02759
0.07133,0.11726,0.04275,0.02078,0.13246,0.05394,0.09714,0.12606,0.01686,0.03204,0.09058,0.05574,0.01909,0.02900,0.00966,0.01114,0.01302,0.00890,0.01772,0.03452
0.04326,0.18200,0.05854,0.03313,0.05772,0.06816,0.15330,0.05996,0.04805,0.02954,0.08452,0.05113,0.01206,0.01129,0.01352,0.02029,0.01012,0.01717,0.02289,0.02336
0.01474,0.07490,0.03031,0.04559,0.04482,0.02821,0.05966,0.05036,0.16628,0.05216,0.02461,0.01638,0.11348,0.16637,0.00852,0.00917,0.03886,0.02762,0.01624,0.01171
0.03002,0.02130,0.03393,0.02104,0.06394,0.01723,0.02011,0.04354,0.08417,0.03465,0.02921,0.02972,0.04038,0.22214,0.02310,0.01848,0.17130,0.01617,0.03534,0.04423
0.02703,0.10773,0.02276,0.08077,0.13599,0.07208,0.04770,0.12231,0.02313,0.01783,0.12947,0.01948,0.05606,0.02080,0.01335,0.01517,0.03383,0.01237,0.01672,0.02542
0.04178,0.10612,0.02932,0.15232,0.11062,0.03684,0.09682,0.12799,0.03520,0.03193,0.02294,0.04358,0.01898,0.01874,0.01916,0.03763,0.00964,0.01683,0.02776,0.01582
0.03597,0.13706,0.02803,0.03397,0.08757,0.07394,0.12444,0.05264,0.04530,0.04497,0.07463,0.04121,0.05707,0.06321,0.01216,0.02310,0.01807,0.01478,0.02065,0.01124
0.05885,0.06349,0.02630,0.09424,0.03300,0.02506,0.06379,0.05938,0.01167,0.02685,0.05332,0.01945,0.02514,0.00819,0.07603,0.10294,0.02050,0.00568,0.07820,0.14791
0.02323,0.10687,0.04507,0.02546,0.21253,0.01497,0.08427,0.21645,0.03111,0.03872,0.03692,0.01910,0.03230,0.02301,0.02630,0.00800,0.01859,0.01479,0.00840,0.01390
0.02366,0.07574,0.03951,0.08386,0.18027,0.02267,0.05306,0.18751,0.01535,0.02796,0.02493,0.01134,0.01747,0.02543,0.08072,0.07742,0.02158,0.00913,0.01313,0.00926
0.03776,0.05292,0.05895,0.02509,0.21922,0.01564,0.02851,0.20233,0.07078,0.02471,0.02397,0.08553,0.02198,0.01633,0.02007,0.01548,0.01662,0.03863,0.00644,0.01904
0.01882,0.11867,0.06258,0.01979,0.06653,0.04568,0.10987,0.04190,0.01417,0.03200,0.02909,0.02108,0.02474,0.02590,0.15748,0.16712,0.01475,0.00804,0.01019,0.01162
0.04150,0.12116,0.02229,0.03114,0.06556,0.05699,0.05369,0.07200,0.14164,0.03001,0.04451,0.08083,0.05592,0.05922,0.02163,0.02281,0.04651,0.00979,0.01209,0.01069
0.04407,0.13166,0.05442,0.03745,0.10010,0.04318,0.12986,0.04688,0.02962,0.07029,0.09272,0.04421,0.04901,0.01427,0.01867,0.03203,0.02236,0.00856,0.01801,0.01263
0.02858,0.07153,0.09777,0.01581,0.10250,0.12122,0.07690,0.09447,0.00756,0.04711,0.10497,0.01382,0.01924,0.02054,0.03320,0.01891,0.01152,0.00982,0.07719,0.02733
0.03639,0.06646,0.03218,0.03550,0.10168,0.02612,0.08229,0.06056,0.09031,0.03276,0.02074,0.12630,0.01479,0.10101,0.01409,0.02977,0.08846,0.00784,0.01500,0.01772
0.02897,0.05716,0.05265,0.01659,0.14898,0.01935,0.06368,0.13275,0.02779,0.16313,0.14288,0.04636,0.01201,0.01286,0.00679,0.00899,0.01329,0.00910,0.01901,0.01768
0.01579,0.02851,0.05184,0.00852,0.17986,0.01475,0.03436,0.02012,0.10968,0.10396,0.09734,0.23447,0.01389,0.01538,0.00979,0.01184,0.00574,0.01764,0.00918,0.01734
0.24130,0.06663,0.02910,0.05118,0.06398,0.15602,0.03013,0.04337,0.02194,0.01857,0.06716,0.02598,0.01863,0.02259,0.02245,0.02248,0.01629,0.05378,0.00996,0.01845
0.03283,0.12500,0.07363,0.01361,0.15966,0.05410,0.08392,0.15899,0.03627,0.01458,0.05581,0.02237,0.03300,0.01808,0.04035,0.01054,0.00746,0.03666,0.00894,0.01419
0.06769,0.04827,0.03663,0.02067,0.10309,0.02875,0.05110,0.08476,0.06067,0.03605,0.02523,0.01911,0.06150,0.11078,0.02349,0.06363,0.05021,0.01562,0.04173,0.05102
0.01715,0.06542,0.04477,0.04290,0.27396,0.02288,0.04953,0.15558,0.02270,0.05534,0.03490,0.08494,0.01911,0.02559,0.01167,0.02122,0.02242,0.01040,0.00785,0.01167
0.01194,0.04711,0.24051,0.01381,0.07278,0.01570,0.03761,0.04600,0.01368,0.02532,0.02507,0.02785,0.06800,0.03389,0.23157,0.01071,0.03972,0.01820,0.00500,0.01552
0.03908,0.12302,0.05243,0.02747,0.19243,0.03355,0.10873,0.18308,0.01514,0.01345,0.02002,0.02759,0.02250,0.01259,0.03293,0.02142,0.01279,0.01065,0.01074,0.04038
0.03390,0.11696,0.01994,0.01944,0.09456,0.06344,0.06776,0.08817,0.01014,0.04912,0.04641,0.02926,0.02531,0.02159,0.01125,0.01108,0.01167,0.01289,0.13321,0.13388
0.02651,0.11652,0.03100,0.01669,0.21738,0.02231,0.10322,0.23278,0.01270,0.02247,0.01881,0.01158,0.01464,0.00844,0.01715,0.01737,0.00832,0.00752,0.03948,0.05512
0.02850,0.15385,0.02589,0.02542,0.08404,0.01444,0.15415,0.08567,0.01995,0.02263,0.01584,0.04805,0.01303,0.01929,0.02313,0.02618,0.00899,0.01162,0.08230,0.13702
0.02595,0.14992,0.02273,0.01546,0.04897,0.07214,0.15404,0.02937,0.03219,0.03078,0.02188,0.04747,0.00816,0.12564,0.00962,0.00894,0.12244,0.06083,0.00550,0.00797
0.02398,0.02321,0.03230,0.00789,0.09592,0.15895,0.02369,0.09910,0.01621,0.05727,0.01937,0.10551,0.01934,0.01846,0.01375,0.02369,0.01437,0.19968,0.01920,0.02810
0.07324,0.10253,0.15517,0.01693,0.07990,0.01952,0.08422,0.07090,0.03100,0.02941,0.02072,0.03092,0.03534,0.04268,0.10469,0.02060,0.01354,0.01559,0.03620,0.01688
0.04549,0.05030,0.06236,0.01283,0.05398,0.24947,0.06388,0.01986,0.01587,0.03514,0.24294,0.05460,0.01653,0.00796,0.00800,0.01547,0.00596,0.00868,0.01409,0.01659
0.02031,0.03852,0.20688,0.03270,0.04822,0.01860,0.03505,0.04945,0.01977,0.02885,0.02257,0.01410,0.05443,0.03723,0.20495,0.08824,0.04857,0.00886,0.01037,0.01234
0.01055,0.08899,0.04915,0.01080,0.18908,0.01691,0.08773,0.15964,0.07016,0.02222,0.02423,0.08409,0.05152,0.05756,0.00676,0.00769,0.00713,0.01029,0.02347,0.02201
0.29399,0.11938,0.02960,0.01002,0.09340,0.01044,0.12096,0.04945,0.01416,0.07507,0.07080,0.03446,0.01400,0.00995,0.01265,0.00733,0.01004,0.00500,0.00599,0.01331
0.02343,0.09764,0.14541,0.02213,0.03940,0.05574,0.08695,0.02421,0.04560,0.04604,0.07372,0.04304,0.06161,0.01864,0.12090,0.02963,0.03903,0.00578,0.01045,0.01064
0.01517,0.18090,0.19585,0.01284,0.04530,0.02255,0.13773,0.02801,0.02313,0.02162,0.02100,0.02351,0.01832,0.01631,0.19237,0.00639,0.00590,0.01055,0.00742,0.01510
0.02455,0.11915,0.03223,0.05262,0.03926,0.17355,0.08944,0.03594,0.03761,0.01819,0.18848,0.01903,0.04629,0.02809,0.01514,0.01961,0.01461,0.01307,0.01809,0.01506
0.43001,0.05177,0.02845,0.04463,0.02078,0.01725,0.03161,0.03081,0.02444,0.06276,0.03993,0.02240,0.03956,0.02428,0.02531,0.02442,0.02001,0.01248,0.03675,0.01236
0.04150,0.06965,0.02424,0.15668,0.04106,0.12371,0.06147,0.02832,0.02019,0.09210,0.18302,0.03422,0.01633,0.02266,0.01306,0.01969,0.02605,0.00736,0.00770,0.01098
0.21767,0.07952,0.02533,0.02275,0.19422,0.01926,0.07872,0.17898,0.01513,0.02011,0.01428,0.02058,0.02405,0.00912,0.01859,0.01950,0.01722,0.00816,0.00671,0.01009
0.02128,0.21890,0.02849,0.01673,0.07175,0.01852,0.23399,0.08176,0.04177,0.04986,0.02981,0.04237,0.01928,0.01889,0.00618,0.04960,0.02185,0.00744,0.00960,0.01194
0.02748,0.21394,0.02637,0.02109,0.02327,0.04218,0.18335,0.02160,0.04354,0.02984,0.05259,0.02081,0.04129,0.11263,0.01044,0.01123,0.07769,0.01604,0.00930,0.01532
0.02142,0.05148,0.06193,0.04845,0.07383,0.03307,0.04503,0.05831,0.03021,0.04678,0.05042,0.01575,0.02506,0.18930,0.01172,0.01414,0.19651,0.00733,0.00980,0.00946
0.02383,0.19801,0.02707,0.01240,0.15799,0.02462,0.20583,0.05073,0.04139,0.03067,0.02946,0.10323,0.01409,0.02504,0.00691,0.01131,0.00832,0.01216,0.00706,0.00988
0.07395,0.03866,0.10814,0.02178,0.19730,0.02936,0.03487,0.16054,0.02945,0.03414,0.02143,0.04449,0.03386,0.02150,0.04169,0.02860,0.04315,0.00745,0.01541,0.01422
0.02116,0.15904,0.07417,0.01474,0.10229,0.03025,0.15436,0.02147,0.02780,0.03684,0.06338,0.07732,0.07678,0.01136,0.04160,0.01829,0.03705,0.00767,0.01029,0.01414
0.05782,0.10446,0.05958,0.01825,0.15547,0.02707,0.08301,0.13941,0.02223,0.03971,0.05179,0.01871,0.01861,0.04200,0.04040,0.05694,0.02040,0.01379,0.01618,0.01417
0.03806,0.07799,0.02189,0.03866,0.04427,0.04626,0.04985,0.02870,0.10974,0.02481,0.04931,0.04742,0.05325,0.17434,0.01263,0.01218,0.09830,0.04231,0.01145,0.01858
0.07954,0.07321,0.04813,0.10687,0.05359,0.15209,0.04875,0.06214,0.01878,0.02583,0.12649,0.02564,0.02684,0.01341,0.02396,0.01807,0.01880,0.01705,0.03010,0.03071
0.02188,0.21368,0.01733,0.02668,0.06295,0.01987,0.20018,0.08852,0.02423,0.02115,0.02406,0.03516,0.05962,0.04525,0.00935,0.01658,0.01027,0.01110,0.02672,0.06543
0.05382,0.06613,0.06136,0.02689,0.06630,0.03387,0.05130,0.07184,0.03955,0.04834,0.06503,0.05609,0.11830,0.12322,0.02684,0.01419,0.01427,0.01968,0.01338,0.02959
0.02611,0.06935,0.06848,0.01353,0.23665,0.02171,0.06338,0.22134,0.01624,0.04026,0.03413,0.02455,0.02199,0.02871,0.04848,0.01405,0.01667,0.01632,0.00609,0.01197
0.02602,0.20919,0.02910,0.01601,0.11088,0.05891,0.17709,0.11156,0.02666,0.01737,0.08222,0.01148,0.02694,0.02857,0.01526,0.00679,0.01885,0.01876,0.00308,0.00526
0.03935,0.04332,0.09956,0.03035,0.10448,0.02279,0.02181,0.07144,0.06876,0.11483,0.10912,0.08394,0.05753,0.01424,0.02146,0.01245,0.02364,0.01427,0.02258,0.02406
0.06136,0.19813,0.05009,0.02138,0.05512,0.04346,0.15672,0.06312,0.04105,0.02974,0.02737,0.02609,0.07889,0.06446,0.02052,0.00763,0.02110,0.01186,0.01191,0.01000
0.02919,0.08292,0.02749,0.05138,0.05272,0.02411,0.05507,0.03072,0.05415,0.18807,0.17272,0.04948,0.03510,0.03272,0.01664,0.01118,0.03803,0.02327,0.00950,0.01554
0.05404,0.20768,0.02575,0.00531,0.13533,0.03467,0.19593,0.12750,0.01943,0.03189,0.03598,0.03183,0.01652,0.01235,0.00848,0.00996,0.00974,0.00958,0.00647,0.02157
0.24466,0.09639,0.02711,0.08033,0.08331,0.09679,0.03959,0.08992,0.01751,0.02546,0.04022,0.02314,0.01531,0.00787,0.00713,0.01235,0.00964,0.02386,0.02190,0.03751
0.01961,0.12868,0.03016,0.01111,0.06125,0.01694,0.12360,0.04644,0.02906,0.03292,0.02598,0.01212,0.06913,0.19815,0.01602,0.00984,0.15313,0.00653,0.00310,0.00623
0.05007,0.14481,0.02581,0.01900,0.10273,0.01712,0.15334,0.09438,0.02868,0.13218,0.11447,0.02349,0.00899,0.02529,0.00928,0.01444,0.01534,0.00595,0.00614,0.00849
0.03369,0.11368,0.03759,0.04114,0.15260,0.03678,0.11397,0.13940,0.02205,0.09535,0.09145,0.01666,0.01312,0.01658,0.00758,0.00811,0.01637,0.00684,0.01530,0.02174
0.06585,0.11617,0.04249,0.02673,0.16238,0.01775,0.10919,0.02792,0.03687,0.02820,0.02272,0.13784,0.05525,0.04630,0.01658,0.01265,0.03084,0.00811,0.01774,0.01842
0.02736,0.04012,0.07666,0.01503,0.25652,0.02198,0.04932,0.21130,0.02448,0.04451,0.03981,0.05808,0.03114,0.01722,0.01593,0.02597,0.01664,0.01030,0.00768,0.00996
0.01302,0.06950,0.04576,0.01252,0.12410,0.03376,0.05856,0.13258,0.06003,0.11665,0.10553,0.03697,0.02372,0.03303,0.01857,0.02685,0.01293,0.04987,0.01050,0.01553
0.01788,0.22585,0.02151,0.10522,0.07015,0.03292,0.19104,0.06441,0.04428,0.01562,0.03541,0.03899,0.02620,0.02749,0.00602,0.01215,0.01033,0.01590,0.00760,0.03105
0.02881,0.23469,0.04395,0.02240,0.09045,0.01384,0.22066,0.06840,0.04417,0.03580,0.01905,0.06890,0.00966,0.02404,0.01294,0.00961,0.01361,0.00662,0.01269,0.01969
0.03503,0.21121,0.02466,0.04472,0.03102,0.06504,0.18298,0.11114,0.03300,0.03357,0.03594,0.02853,0.01331,0.01766,0.01145,0.01689,0.02645,0.00776,0.02499,0.04464
0.09058,0.06994,0.02779,0.10780,0.17480,0.03062,0.04095,0.18616,0.03075,0.02948,0.02388,0.02256,0.05384,0.03490,0.00855,0.01173,0.01102,0.00904,0.02157,0.01405
0.01738,0.06005,0.04462,0.01455,0.04789,0.02936,0.02850,0.02696,0.01226,0.03737,0.05648,0.03852,0.25801,0.01052,0.03277,0.01472,0.24911,0.00804,0.00394,0.00896
0.04346,0.22254,0.03139,0.01699,0.16757,0.01624,0.18709,0.11748,0.01828,0.02761,0.02288,0.04131,0.01814,0.00973,0.01281,0.01327,0.00875,0.00678,0.00663,0.01108
0.02964,0.03912,0.03235,0.02447,0.13761,0.04314,0.07907,0.05600,0.03789,0.02767,0.02653,0.11460,0.09238,0.09624,0.02246,0.06128,0.01407,0.01021,0.01732,0.03796
0.02363,0.10387,0.10125,0.02899,0.06674,0.02153,0.07199,0.01847,0.02277,0.04674,0.05030,0.06214,0.13509,0.01230,0.05894,0.01247,0.12586,0.00774,0.00785,0.02133
0.27272,0.17550,0.02386,0.03135,0.04501,0.05139,0.13024,0.02656,0.02746,0.02097,0.06559,0.02990,0.01166,0.01620,0.00882,0.02159,0.01918,0.00860,0.00516,0.00824
0.08477,0.04818,0.02446,0.02646,0.11355,0.02699,0.03435,0.09954,0.10527,0.03284,0.03315,0.03634,0.05124,0.14041,0.00504,0.00642,0.06524,0.02642,0.01714,0.02218
0.02125,0.09094,0.05036,0.01681,0.07623,0.08074,0.08242,0.05832,0.02740,0.03748,0.02472,0.08504,0.07321,0.03840,0.03058,0.05937,0.02648,0.04586,0.02392,0.05048
0.08855,0.12282,0.02247,0.02083,0.06565,0.14149,0.04807,0.06787,0.03066,0.02167,0.16859,0.05535,0.02378,0.01579,0.00989,0.01954,0.03801,0.00943,0.00536,0.02420
0.02355,0.02108,0.03745,0.06214,0.21739,0.04679,0.01992,0.20136,0.08752,0.04131,0.02650,0.08725,0.01571,0.01555,0.00953,0.01007,0.01148,0.02347,0.01498,0.02694
0.14111,0.04156,0.03706,0.02090,0.08493,0.02083,0.06585,0.04702,0.02996,0.04481,0.04405,0.04638,0.02485,0.12901,0.02079,0.01870,0.15222,0.01122,0.01145,0.00730
0.01784,0.03961,0.06344,0.01130,0.24039,0.03568,0.03301,0.18727,0.02646,0.03795,0.04652,0.04081,0.04578,0.06418,0.02744,0.02512,0.01040,0.02847,0.00831,0.01002
0.45128,0.12054,0.01203,0.02710,0.03449,0.01117,0.09779,0.03309,0.03988,0.01901,0.01633,0.03047,0.01734,0.01275,0.00518,0.01838,0.01465,0.00637,0.01465,0.01751
0.01228,0.04626,0.03236,0.09700,0.06463,0.03112,0.06337,0.07632,0.04251,0.10734,0.09099,0.05618,0.06115,0.04916,0.01783,0.04425,0.01864,0.02443,0.01661,0.04757
0.01677,0.04158,0.04785,0.01834,0.07609,0.02684,0.02038,0.07561,0.11119,0.02713,0.04278,0.02874,0.09812,0.05936,0.03394,0.00969,0.01551,0.18563,0.00814,0.05632
0.03328,0.17157,0.06168,0.02309,0.06878,0.07172,0.15524,0.06875,0.03300,0.04103,0.04648,0.02471,0.01141,0.03232,0.04532,0.01428,0.01614,0.05624,0.00971,0.01522
0.07116,0.05535,0.08581,0.03068,0.06277,0.03769,0.03924,0.03070,0.12922,0.03834,0.03004,0.15058,0.02625,0.01315,0.06142,0.03017,0.02134,0.03595,0.01854,0.03157
0.03490,0.07685,0.02338,0.05919,0.05989,0.03537,0.08503,0.07277,0.01718,0.03264,0.03034,0.04285,0.03687,0.03192,0.01120,0.03574,0.02350,0.00864,0.12493,0.15680
0.10199,0.11017,0.07698,0.04116,0.06183,0.04512,0.08062,0.05864,0.02556,0.05228,0.03933,0.02394,0.02243,0.02612,0.08205,0.08318,0.02098,0.02226,0.00870,0.01666
0.01364,0.18661,0.02741,0.02682,0.04498,0.02514,0.17680,0.05072,0.02141,0.15056,0.11044,0.03259,0.01754,0.02108,0.01368,0.02312,0.02258,0.01544,0.00682,0.01262
0.33185,0.10269,0.04447,0.01006,0.05958,0.07465,0.09161,0.03370,0.01348,0.02150,0.03566,0.03006,0.01840,0.01780,0.01391,0.02607,0.00701,0.05353,0.00630,0.00767
0.02878,0.03016,0.02743,0.01147,0.05124,0.09603,0.02361,0.02258,0.14773,0.04193,0.05200,0.22006,0.01478,0.01198,0.01643,0.01523,0.00565,0.12559,0.00833,0.04899
0.01328,0.13494,0.01726,0.00620,0.29678,0.01183,0.09348,0.28167,0.01858,0.01717,0.00963,0.01994,0.01767,0.01678,0.00687,0.01044,0.00950,0.00720,0.00513,0.00566
0.03749,0.04643,0.20003,0.01044,0.04179,0.02021,0.04328,0.02191,0.02008,0.05130,0.02758,0.01807,0.02291,0.03272,0.23012,0.13149,0.01631,0.00868,0.01085,0.00828
0.02380,0.12037,0.03081,0.01421,0.08462,0.02992,0.04146,0.06380,0.13537,0.01738,0.02213,0.04918,0.01239,0.18035,0.01170,0.01304,0.12724,0.01339,0.00382,0.00500
0.04202,0.04920,0.08081,0.01645,0.10941,0.01607,0.03360,0.07640,0.07225,0.04940,0.04748,0.08990,0.07894,0.02074,0.05393,0.07189,0.05300,0.01834,0.00839,0.01176
0.02713,0.05095,0.02082,0.04634,0.06566,0.03105,0.05490,0.05730,0.05167,0.18857,0.18677,0.08483,0.01750,0.02786,0.01001,0.01636,0.02922,0.00509,0.00830,0.01969
0.02044,0.14727,0.16171,0.01004,0.06639,0.01941,0.10467,0.06097,0.02919,0.01563,0.01634,0.02765,0.05718,0.03392,0.14503,0.01029,0.03720,0.01268,0.01272,0.01127
0.05658,0.06019,0.06112,0.01740,0.28117,0.02616,0.05685,0.10993,0.02936,0.03792,0.02872,0.12651,0.02007,0.01164,0.01875,0.01124,0.01533,0.01054,0.00927,0.01125
0.05086,0.10905,0.05642,0.01970,0.04712,0.07176,0.10383,0.07010,0.02014,0.02590,0.06893,0.03710,0.01994,0.01042,0.09947,0.06904,0.01859,0.01548,0.02544,0.06072
0.03416,0.07099,0.09447,0.01232,0.13272,0.01954,0.06412,0.07857,0.05897,0.06502,0.02157,0.08322,0.08795,0.02463,0.01787,0.02210,0.08275,0.01025,0.00825,0.01054
0.06897,0.04301,0.02210,0.01966,0.02667,0.03822,0.03298,0.01711,0.01974,0.02445,0.03420,0.01898,0.21435,0.19229,0.06211,0.10429,0.02554,0.01182,0.01473,0.00880
0.02906,0.04116,0.02247,0.07253,0.09799,0.02832,0.14287,0.05048,0.02287,0.03014,0.02079,0.07005,0.00968,0.01565,0.01126,0.13748,0.01251,0.02284,0.05966,0.10219
0.01043,0.04297,0.01671,0.01781,0.14939,0.19988,0.04291,0.13329,0.03387,0.01639,0.21357,0.04485,0.00948,0.01534,0.00486,0.01109,0.00606,0.00566,0.00935,0.01607
0.04886,0.07989,0.02597,0.12039,0.02936,0.02514,0.03998,0.12369,0.15867,0.02771,0.02881,0.12287,0.01392,0.02267,0.01111,0.00927,0.01744,0.02904,0.01569,0.04953
0.12739,0.09186,0.04360,0.02930,0.14242,0.02043,0.09959,0.08127,0.06250,0.04197,0.01485,0.09608,0.01558,0.01902,0.01191,0.01438,0.01413,0.01426,0.03172,0.02774
0.03505,0.05033,0.02152,0.02117,0.06454,0.01975,0.01882,0.03306,0.26442,0.02409,0.02011,0.08706,0.07908,0.15415,0.01724,0.00884,0.02494,0.04658,0.00386,0.00540
0.01034,0.04415,0.06647,0.02089,0.27705,0.01949,0.03183,0.20934,0.02745,0.03569,0.02524,0.08068,0.02258,0.02235,0.03872,0.01267,0.00916,0.01403,0.01139,0.02047
0.05260,0.03983,0.08468,0.01433,0.08313,0.02405,0.05035,0.04486,0.05344,0.06931,0.05061,0.05638,0.02472,0.07273,0.08193,0.07549,0.06412,0.03004,0.01595,0.01143
0.04136,0.18178,0.03318,0.02106,0.02692,0.05559,0.18170,0.04268,0.01752,0.01972,0.07607,0.03179,0.02404,0.02820,0.06689,0.02482,0.01415,0.01366,0.03596,0.06292
0.27132,0.04277,0.03771,0.01470,0.13320,0.02182,0.03951,0.12127,0.02871,0.05474,0.04190,0.03667,0.01898,0.03520,0.01218,0.02010,0.02258,0.01478,0.01564,0.01620
0.15182,0.19057,0.01999,0.02693,0.09913,0.03113,0.12077,0.09087,0.02403,0.04288,0.06646,0.04280,0.01793,0.01327,0.01062,0.00931,0.01129,0.00695,0.00659,0.01665
0.01405,0.05680,0.19188,0.04737,0.03663,0.03210,0.02863,0.03524,0.02139,0.02227,0.03895,0.02546,0.09604,0.01455,0.17798,0.02617,0.09587,0.01768,0.00720,0.01373
0.02561,0.05848,0.06955,0.01179,0.13112,0.01274,0.04097,0.13754,0.02013,0.14081,0.12211,0.02041,0.04764,0.00990,0.03502,0.04531,0.02786,0.00798,0.01949,0.01554
0.01786,0.25828,0.02312,0.01816,0.03977,0.09403,0.16374,0.03039,0.04790,0.02561,0.05958,0.05964,0.03671,0.02660,0.01001,0.01491,0.01102,0.01594,0.01481,0.03193
0.13711,0.10721,0.02442,0.01326,0.06955,0.01887,0.08454,0.06267,0.01820,0.14965,0.14424,0.03851,0.02570,0.02196,0.00830,0.01463,0.03450,0.00640,0.00916,0.01114
0.01317,0.09278,0.03899,0.01713,0.20457,0.02717,0.08705,0.20730,0.01070,0.05124,0.06613,0.02339,0.03086,0.01280,0.01476,0.01191,0.01132,0.01605,0.03198,0.03070
0.16138,0.18446,0.03507,0.06615,0.06946,0.02845,0.09832,0.06450,0.02424,0.02935,0.04117,0.01799,0.04136,0.00804,0.02648,0.01840,0.06495,0.00742,0.00640,0.00640
0.02577,0.14864,0.04726,0.01996,0.04066,0.04120,0.13149,0.04345,0.01921,0.02211,0.02491,0.02086,0.02904,0.12978,0.03131,0.03810,0.10769,0.02721,0.04454,0.00681
0.05911,0.06127,0.02368,0.01894,0.02683,0.05079,0.05717,0.02676,0.01865,0.02623,0.06628,0.06357,0.12301,0.15899,0.02130,0.04892,0.08061,0.01371,0.01910,0.03507
0.07062,0.08305,0.02102,0.03948,0.11296,0.13659,0.07369,0.08298,0.02632,0.02688,0.14428,0.03256,0.04547,0.04440,0.00797,0.00632,0.01073,0.01043,0.01001,0.01426
0.11069,0.10673,0.07145,0.03010,0.15697,0.02684,0.09389,0.13063,0.02260,0.01570,0.02417,0.03316,0.01394,0.02301,0.05501,0.01507,0.02494,0.00820,0.01261,0.02426
0.03732,0.12335,0.02948,0.02568,0.06351,0.03697,0.14987,0.03894,0.01722,0.02551,0.02767,0.02997,0.02297,0.02124,0.01514,0.07288,0.01493,0.00871,0.10557,0.13307
0.01661,0.17440,0.03098,0.06779,0.08678,0.04436,0.15799,0.02851,0.05694,0.03379,0.07162,0.07483,0.01702,0.04163,0.01891,0.01609,0.03155,0.00869,0.00755,0.01397
0.07508,0.08416,0.01945,0.02864,0.02260,0.05256,0.23040,0.03106,0.02202,0.02176,0.02928,0.02512,0.03163,0.02583,0.01338,0.18989,0.01633,0.01816,0.03409,0.02857
0.28922,0.10629,0.03977,0.00957,0.11359,0.01294,0.10366,0.06946,0.02046,0.02909,0.02301,0.05332,0.04123,0.01454,0.02084,0.00587,0.02149,0.01020,0.00547,0.00997
0.03454,0.17722,0.05664,0.03304,0.01860,0.02452,0.14958,0.02961,0.01113,0.10443,0.13158,0.04209,0.01388,0.03713,0.02094,0.02645,0.01664,0.03298,0.01761,0.02139
0.01971,0.13034,0.06945,0.01828,0.03386,0.03324,0.12612,0.02884,0.03607,0.08022,0.07279,0.04337,0.04194,0.07992,0.03480,0.00774,0.10199,0.01141,0.01312,0.01679
0.08311,0.05027,0.05388,0.01701,0.06618,0.08414,0.03923,0.06115,0.02686,0.01694,0.04570,0.01970,0.16958,0.16086,0.02988,0.02409,0.01245,0.00896,0.01932,0.01070
0.04785,0.25932,0.04338,0.01465,0.02863,0.16167,0.11476,0.02898,0.01455,0.01757,0.03334,0.02521,0.02897,0.03245,0.03047,0.01072,0.00913,0.07657,0.00866,0.01316
0.18989,0.15867,0.03593,0.01189,0.01725,0.18952,0.10300,0.02131,0.01833,0.01148,0.01695,0.01711,0.00673,0.00813,0.01543,0.01138,0.00513,0.14648,0.00717,0.00822
0.03375,0.04966,0.02617,0.08546,0.05871,0.02507,0.05437,0.04474,0.02742,0.03320,0.03427,0.17293,0.03703,0.02083,0.01507,0.01623,0.02057,0.02050,0.02525,0.19877
0.28170,0.12139,0.04424,0.02147,0.05646,0.05453,0.10154,0.06659,0.02337,0.02926,0.02175,0.02785,0.01793,0.01184,0.01189,0.03564,0.01375,0.00866,0.02321,0.02694
0.01430,0.09427,0.05122,0.02921,0.01271,0.17165,0.08349,0.01423,0.00991,0.02310,0.21143,0.00813,0.13249,0.04519,0.01399,0.00718,0.04497,0.00900,0.01448,0.00903
0.00909,0.10975,0.09624,0.04092,0.22860,0.02040,0.09433,0.03793,0.03268,0.03329,0.02211,0.15734,0.01384,0.01659,0.03913,0.01334,0.01187,0.01237,0.00281,0.00735
0.01623,0.05727,0.02388,0.02280,0.15881,0.05849,0.04718,0.16698,0.02356,0.03518,0.03213,0.03361,0.08643,0.09498,0.01134,0.03094,0.01054,0.02856,0.02719,0.03389
0.01736,0.05759,0.09826,0.02949,0.15916,0.03873,0.04318,0.17889,0.05571,0.02437,0.01624,0.04207,0.02535,0.02857,0.07903,0.00722,0.02663,0.03607,0.01296,0.02313
0.12524,0.20032,0.01885,0.01206,0.13742,0.03591,0.13150,0.13474,0.01661,0.02004,0.06367,0.01337,0.01272,0.00933,0.01271,0.01068,0.00988,0.02240,0.00407,0.00849
0.05499,0.05060,0.06981,0.04984,0.07439,0.02687,0.04135,0.02697,0.01877,0.03917,0.01882,0.04828,0.17292,0.16092,0.03053,0.01339,0.01199,0.00945,0.04436,0.03659
0.03541,0.03616,0.02357,0.02705,0.26403,0.03484,0.02597,0.26298,0.02737,0.02207,0.04326,0.03165,0.02958,0.01837,0.01276,0.01980,0.01258,0.01935,0.01755,0.03563
0.01905,0.13567,0.02891,0.02918,0.05808,0.03109,0.12066,0.05585,0.12666,0.05411,0.05514,0.03122,0.02498,0.12261,0.01215,0.01377,0.05316,0.01472,0.00767,0.00533
0.04456,0.12046,0.04799,0.01497,0.14229,0.02719,0.11474,0.08019,0.03144,0.01928,0.01510,0.06599,0.09690,0.07418,0.03606,0.01939,0.01212,0.01627,0.01029,0.01058
0.05593,0.10417,0.06352,0.03488,0.07296,0.01566,0.06645,0.07498,0.04508,0.12056,0.11565,0.02514,0.05698,0.01483,0.02243,0.01601,0.02347,0.04899,0.00708,0.01521
0.01942,0.06869,0.02217,0.16283,0.04333,0.10540,0.04684,0.13537,0.05772,0.01692,0.02750,0.03892,0.01603,0.02590,0.01418,0.01659,0.01976,0.06320,0.02865,0.07056
0.01741,0.09286,0.04391,0.01747,0.10309,0.05180,0.06776,0.09410,0.02291,0.03564,0.03536,0.05077,0.01404,0.01659,0.01027,0.05214,0.01710,0.02258,0.09578,0.13841
0.24695,0.04939,0.02761,0.03026,0.02785,0.01715,0.03647,0.04242,0.11954,0.04707,0.02453,0.10424,0.03182,0.00904,0.02628,0.03408,0.02706,0.01281,0.02604,0.05939
0.04158,0.31080,0.02137,0.01680,0.03127,0.01958,0.26073,0.02966,0.02703,0.01590,0.01383,0.04596,0.05507,0.02971,0.00822,0.01258,0.00465,0.01261,0.01512,0.02753
0.01568,0.12323,0.02012,0.07964,0.21849,0.01753,0.09232,0.20308,0.02184,0.02267,0.05304,0.02526,0.01360,0.02242,0.01226,0.01714,0.01097,0.00444,0.00681,0.01945
0.03085,0.02405,0.01804,0.11255,0.04656,0.03956,0.02120,0.04362,0.21932,0.02700,0.02742,0.04469,0.06321,0.14001,0.01476,0.02138,0.02300,0.03855,0.01885,0.02538
0.07216,0.10167,0.02820,0.01396,0.09986,0.03166,0.05592,0.09697,0.05364,0.03831,0.03464,0.04545,0.10870,0.12717,0.01312,0.00840,0.04358,0.00515,0.01231,0.00915
0.16795,0.20175,0.01868,0.03960,0.02387,0.04317,0.15612,0.02900,0.08845,0.02423,0.04297,0.05002,0.01733,0.00798,0.00732,0.02798,0.00909,0.00987,0.01523,0.01940
0.01572,0.06070,0.02983,0.01429,0.11358,0.02808,0.05183,0.10083,0.02541,0.02865,0.03303,0.03226,0.16082,0.15259,0.02291,0.03393,0.01164,0.01935,0.01991,0.04464
0.05915,0.20500,0.02841,0.02069,0.04565,0.03412,0.14787,0.08662,0.01163,0.03369,0.02431,0.01639,0.08083,0.02619,0.02311,0.01255,0.08902,0.01430,0.01879,0.02169
0.03812,0.07919,0.05361,0.01384,0.22810,0.03021,0.07137,0.07748,0.03175,0.02327,0.02559,0.12696,0.07299,0.01386,0.01747,0.01744,0.04878,0.00832,0.01095,0.01070
0.04049,0.23912,0.01757,0.01299,0.03138,0.02096,0.21714,0.02566,0.01624,0.12679,0.10448,0.01280,0.03753,0.02677,0.00562,0.00884,0.01912,0.00970,0.01377,0.01304
0.02303,0.08143,0.01832,0.01767,0.18123,0.03064,0.05745,0.17538,0.02174,0.02207,0.02995,0.02965,0.09385,0.10591,0.01679,0.03633,0.02660,0.00993,0.01052,0.01152
0.09194,0.04047,0.09942,0.00729,0.11338,0.02943,0.06052,0.09002,0.01759,0.04787,0.03970,0.04180,0.02371,0.07553,0.03192,0.05775,0.09097,0.01108,0.01458,0.01502
0.11158,0.04584,0.02765,0.01792,0.18140,0.02940,0.04477,0.17355,0.02616,0.03568,0.04063,0.02781,0.03338,0.04646,0.02099,0.03503,0.01916,0.01801,0.01688,0.04771
0.02835,0.18825,0.04317,0.09458,0.07786,0.04134,0.15116,0.08153,0.01373,0.02845,0.05577,0.01842,0.03608,0.03391,0.03472,0.01770,0.00782,0.01588,0.01384,0.01744
0.18545,0.05387,0.03318,0.01086,0.09332,0.02093,0.01885,0.09335,0.06784,0.05736,0.05468,0.03882,0.10261,0.06123,0.01173,0.00904,0.04823,0.02630,0.00709,0.00525
0.07280,0.17701,0.03298,0.03062,0.05916,0.07070,0.10017,0.07430,0.03807,0.03143,0.03406,0.04249,0.02777,0.04050,0.02852,0.03342,0.04533,0.01360,0.01724,0.02984
0.02025,0.08486,0.04092,0.03473,0.19179,0.02781,0.07120,0.20591,0.02650,0.03353,0.03692,0.02209,0.01216,0.06118,0.01710,0.01163,0.06689,0.00915,0.01096,0.01440
0.06435,0.09837,0.09299,0.01676,0.04441,0.04800,0.11240,0.04672,0.02553,0.08689,0.03222,0.05074,0.01255,0.01020,0.10109,0.08760,0.01333,0.02089,0.01262,0.02234
0.01686,0.07911,0.01965,0.15671,0.06483,0.04258,0.05210,0.06020,0.04661,0.10499,0.08488,0.02905,0.03613,0.07018,0.01984,0.02909,0.03570,0.01556,0.01967,0.01627
0.01338,0.04038,0.02819,0.03124,0.10109,0.03894,0.02455,0.11425,0.01720,0.02751,0.03302,0.01577,0.22086,0.19884,0.01791,0.02197,0.01956,0.00713,0.01259,0.01559
0.09679,0.04121,0.03493,0.04039,0.07186,0.02996,0.04715,0.07989,0.02805,0.17514,0.16273,0.02383,0.01840,0.03038,0.01425,0.01255,0.03241,0.01717,0.01800,0.02493
0.03686,0.15135,0.08093,0.01670,0.15034,0.03717,0.12756,0.12375,0.02786,0.04394,0.04558,0.03023,0.02909,0.01277,0.01874,0.01737,0.02074,0.01198,0.00692,0.01010
0.02290,0.04615,0.03250,0.02656,0.07871,0.04353,0.02961,0.06304,0.13708,0.02311,0.02833,0.03436,0.03362,0.06334,0.07554,0.06313,0.01856,0.14764,0.00928,0.02298
0.02132,0.09127,0.04380,0.01778,0.07530,0.02107,0.07620,0.05184,0.07627,0.14433,0.12646,0.09275,0.03272,0.02450,0.01752,0.02228,0.01720,0.02299,0.01141,0.01302
0.02362,0.07300,0.02904,0.03421,0.13550,0.04011,0.18900,0.04048,0.01279,0.03882,0.02719,0.05237,0.03165,0.02175,0.02693,0.15926,0.01492,0.01071,0.01156,0.02709
0.04784,0.06517,0.02659,0.06717,0.06071,0.04396,0.10128,0.04354,0.04183,0.14752,0.15875,0.04663,0.01753,0.01943,0.01387,0.05346,0.01070,0.00593,0.01294,0.01515
0.01498,0.10642,0.04389,0.02362,0.08230,0.02044,0.07603,0.06267,0.01962,0.02682,0.02658,0.03498,0.17834,0.17341,0.04096,0.01331,0.01050,0.01215,0.01701,0.01600
0.01958,0.12895,0.02788,0.06441,0.06945,0.13854,0.08937,0.05993,0.03292,0.05567,0.12329,0.01823,0.02667,0.03201,0.01620,0.02335,0.02363,0.02457,0.01272,0.01263
0.05327,0.20351,0.04868,0.01901,0.05762,0.03320,0.17303,0.03462,0.01590,0.04150,0.01171,0.02826,0.06159,0.01573,0.05744,0.06665,0.04960,0.00817,0.00854,0.01198
0.01361,0.06021,0.01974,0.05341,0.13904,0.04317,0.03785,0.16065,0.15506,0.03398,0.01787,0.01866,0.02057,0.13003,0.00826,0.00871,0.02723,0.03331,0.00699,0.01163
0.17949,0.16194,0.02681,0.02971,0.07492,0.06439,0.07532,0.04371,0.06095,0.02207,0.06230,0.06280,0.02466,0.01781,0.01533,0.02307,0.01595,0.01711,0.00731,0.01436
0.02864,0.14703,0.03279,0.03271,0.08435,0.06391,0.10246,0.03337,0.04080,0.04077,0.05416,0.03499,0.03109,0.13805,0.01534,0.00634,0.08871,0.00672,0.00799,0.00978
0.41261,0.02651,0.02900,0.00896,0.13749,0.01038,0.02020,0.14426,0.03062,0.01582,0.01737,0.02081,0.02577,0.02824,0.01186,0.00937,0.01542,0.00780,0.01165,0.01587
0.14715,0.19846,0.04384,0.01704,0.04909,0.11891,0.04685,0.06814,0.01495,0.02155,0.05101,0.01224,0.02539,0.01378,0.02832,0.00817,0.01608,0.01665,0.05403,0.04835
0.02282,0.05427,0.06248,0.01431,0.05261,0.02417,0.06100,0.03237,0.01327,0.05169,0.04364,0.02798,0.01587,0.01920,0.03065,0.02327,0.01538,0.00548,0.21331,0.21623
0.31056,0.08933,0.06249,0.01420,0.01959,0.09730,0.09878,0.01975,0.01547,0.02743,0.06102,0.01530,0.02262,0.02681,0.02014,0.01404,0.00620,0.01270,0.05667,0.00960
0.02125,0.04830,0.04738,0.01661,0.08126,0.01206,0.03682,0.16813,0.03808,0.02673,0.02512,0.05878,0.09789,0.06975,0.02132,0.01501,0.06384,0.03655,0.07806,0.03707
0.01155,0.09694,0.03811,0.01663,0.25694,0.02236,0.09454,0.26220,0.01567,0.02829,0.01523,0.01363,0.01585,0.01744,0.02403,0.00969,0.00861,0.01421,0.01730,0.02077
0.05110,0.05724,0.02976,0.05566,0.16251,0.08738,0.06028,0.16041,0.01628,0.02293,0.13259,0.02461,0.02640,0.01442,0.02231,0.02096,0.00986,0.00806,0.01238,0.02484
