0.01216,0.01032,0.01117,0.01274,0.01347,0.01382,0.01060,0.01027,0.01076,0.01030,0.34992,0.03699,0.04203,0.02566,0.01267,0.01745,0.01824,0.01581,0.01229,0.35335
0.01795,0.01599,0.01863,0.01799,0.02006,0.01817,0.01616,0.01780,0.01856,0.01893,0.03742,0.04938,0.04518,0.37072,0.02312,0.09757,0.03165,0.10822,0.02016,0.03635
0.03174,0.02871,0.02735,0.02983,0.03410,0.03190,0.03541,0.02814,0.03269,0.04069,0.20861,0.05563,0.03195,0.01311,0.03775,0.02786,0.04544,0.03596,0.03816,0.18497
0.02534,0.02393,0.02551,0.02022,0.02580,0.02811,0.02463,0.02212,0.02189,0.02768,0.03928,0.17302,0.17465,0.05835,0.02452,0.08869,0.02862,0.09022,0.02982,0.04760
0.02522,0.03004,0.03584,0.02775,0.02590,0.02202,0.02568,0.02220,0.02616,0.02928,0.07662,0.14951,0.05808,0.01662,0.03486,0.06028,0.14361,0.07093,0.03165,0.08774
0.00926,0.00804,0.00714,0.00833,0.00894,0.00891,0.00719,0.00685,0.00780,0.00985,0.06104,0.00718,0.00766,0.00645,0.00664,0.38316,0.00716,0.37364,0.00550,0.05927
0.01682,0.01662,0.01992,0.01903,0.01886,0.01914,0.01722,0.01531,0.01762,0.01685,0.19024,0.02834,0.03545,0.01269,0.02198,0.14178,0.03307,0.13321,0.02440,0.20146
0.02002,0.02155,0.01959,0.02234,0.02160,0.02131,0.01595,0.01818,0.02155,0.02148,0.06710,0.03359,0.06740,0.01769,0.02638,0.22850,0.04789,0.20940,0.02683,0.07164
0.02647,0.02949,0.03021,0.03101,0.03049,0.03090,0.03062,0.02601,0.03016,0.02594,0.07192,0.08644,0.07874,0.12751,0.04349,0.07466,0.04117,0.07097,0.05186,0.06193
0.02410,0.02186,0.02844,0.02488,0.02891,0.02728,0.02157,0.02672,0.02560,0.02444,0.04437,0.24630,0.22322,0.03488,0.02534,0.02630,0.04920,0.02511,0.02484,0.04666
0.01455,0.01995,0.01699,0.01366,0.01766,0.01269,0.01488,0.01787,0.01647,0.01894,0.31965,0.03184,0.03844,0.03936,0.01593,0.01758,0.01594,0.02151,0.01175,0.32434
0.01824,0.02098,0.01671,0.01776,0.02012,0.02183,0.01811,0.01735,0.02099,0.02174,0.15704,0.11533,0.06017,0.02226,0.03650,0.06702,0.08589,0.05978,0.08297,0.11919
0.01793,0.01691,0.03315,0.01463,0.01818,0.01595,0.02058,0.01421,0.01827,0.02249,0.04304,0.01908,0.11645,0.06692,0.02101,0.17677,0.01762,0.24336,0.05346,0.05000
0.01515,0.00945,0.01182,0.01080,0.01124,0.01131,0.01181,0.00953,0.01026,0.00979,0.02070,0.12794,0.11692,0.42322,0.02262,0.05482,0.06696,0.01089,0.01630,0.02846
0.01638,0.01868,0.01666,0.01551,0.01726,0.01695,0.01701,0.01538,0.01372,0.01601,0.03009,0.25175,0.10683,0.03865,0.03010,0.07011,0.18751,0.06003,0.02512,0.03626
0.02579,0.02191,0.02523,0.02121,0.02660,0.02377,0.02910,0.02054,0.02121,0.02557,0.09180,0.16318,0.14883,0.03171,0.03186,0.06247,0.06240,0.04473,0.03514,0.08694
0.02854,0.02852,0.02293,0.03251,0.03178,0.03275,0.02109,0.02608,0.03092,0.02925,0.23217,0.02716,0.02974,0.02761,0.03031,0.03914,0.03295,0.04213,0.10828,0.14614
0.01516,0.01514,0.01594,0.01752,0.01526,0.01405,0.01514,0.01566,0.01543,0.01398,0.24426,0.08621,0.06281,0.01103,0.01535,0.02414,0.07967,0.04499,0.02324,0.25503
0.01761,0.01922,0.01797,0.01917,0.01961,0.01646,0.01438,0.01979,0.01957,0.02066,0.05374,0.26037,0.04405,0.02717,0.03295,0.03641,0.23577,0.03435,0.02115,0.06960
0.02330,0.03155,0.02820,0.03265,0.03559,0.03744,0.02973,0.02415,0.03632,0.03006,0.03148,0.11399,0.11981,0.14689,0.03933,0.04423,0.04209,0.06102,0.05504,0.03712
0.02107,0.01797,0.01795,0.01989,0.01851,0.02215,0.01669,0.01896,0.01989,0.02108,0.02625,0.06296,0.08737,0.03611,0.02660,0.21381,0.05761,0.23226,0.03367,0.02919
0.02857,0.02869,0.03183,0.02753,0.02924,0.03154,0.02314,0.02508,0.02850,0.02450,0.06748,0.13982,0.06526,0.02666,0.05009,0.06332,0.12294,0.06794,0.02432,0.09353
0.04008,0.02860,0.03325,0.03549,0.04774,0.05973,0.02592,0.02874,0.03549,0.04066,0.08903,0.12192,0.08042,0.01457,0.02976,0.04565,0.09356,0.03303,0.01936,0.09700
0.01915,0.02018,0.02195,0.01825,0.02024,0.02325,0.01988,0.02079,0.02131,0.02469,0.09600,0.16118,0.18110,0.04442,0.03313,0.04182,0.02593,0.05135,0.03525,0.12014
0.02125,0.02498,0.02410,0.02057,0.02139,0.02500,0.01891,0.01922,0.02446,0.01985,0.07787,0.17368,0.18102,0.01499,0.02707,0.09312,0.01877,0.08788,0.02490,0.08098
0.02159,0.02399,0.01786,0.02212,0.01774,0.02443,0.02071,0.01729,0.01932,0.02432,0.11514,0.04778,0.04136,0.03197,0.04592,0.15437,0.14926,0.04068,0.03045,0.13370
0.01408,0.01406,0.01092,0.01061,0.01193,0.01220,0.01162,0.01089,0.01986,0.01195,0.05040,0.05601,0.05787,0.35210,0.03164,0.12219,0.10743,0.01872,0.02326,0.05226
0.03086,0.03407,0.03305,0.02907,0.03109,0.03558,0.03274,0.03365,0.02246,0.04039,0.05461,0.22945,0.21680,0.00782,0.02415,0.02553,0.02800,0.02055,0.01716,0.05299
0.01328,0.01315,0.01398,0.01495,0.01485,0.01914,0.01315,0.01238,0.01656,0.01377,0.02677,0.06126,0.05782,0.04320,0.04952,0.28229,0.26155,0.02077,0.01655,0.03507
0.02112,0.01778,0.01938,0.02336,0.02503,0.02422,0.01877,0.02085,0.02098,0.01873,0.15492,0.14508,0.16253,0.02238,0.03054,0.02947,0.03520,0.03377,0.05291,0.12297
0.02907,0.02506,0.02893,0.03000,0.02851,0.03017,0.02570,0.02505,0.03390,0.02918,0.22550,0.02993,0.03216,0.04413,0.02638,0.03774,0.01830,0.04313,0.02827,0.22891
0.02357,0.02281,0.02726,0.02656,0.03083,0.02799,0.02174,0.02464,0.02849,0.02480,0.06598,0.07882,0.06209,0.17378,0.03428,0.09199,0.04466,0.08816,0.03916,0.06238
0.02819,0.03013,0.02755,0.03450,0.03191,0.04053,0.02151,0.02525,0.04244,0.03789,0.01949,0.10102,0.13409,0.02252,0.03537,0.05757,0.09278,0.13274,0.05806,0.02646
0.02522,0.02444,0.02190,0.02848,0.03383,0.02626,0.02297,0.02767,0.02830,0.02916,0.14306,0.09145,0.10199,0.03474,0.03516,0.04228,0.04132,0.04593,0.03756,0.15828
0.02428,0.02195,0.02187,0.02065,0.02491,0.02263,0.01945,0.01796,0.01871,0.02437,0.03638,0.07110,0.05163,0.10873,0.02566,0.19482,0.04566,0.19129,0.01887,0.03908
0.04035,0.03046,0.03035,0.03285,0.03317,0.04966,0.02736,0.02899,0.03131,0.02906,0.06730,0.14305,0.13422,0.04547,0.03088,0.05624,0.06797,0.02930,0.02192,0.07008
0.02546,0.01942,0.02126,0.02022,0.02742,0.02169,0.01541,0.02124,0.02379,0.02635,0.04767,0.12512,0.13734,0.13680,0.02828,0.09611,0.01451,0.10711,0.03229,0.05252
0.05681,0.04951,0.06822,0.04863,0.07176,0.06388,0.05337,0.05814,0.04268,0.06823,0.02668,0.09735,0.10203,0.04671,0.02769,0.02748,0.02343,0.02281,0.01369,0.03088
0.02509,0.02873,0.02668,0.02838,0.03030,0.02760,0.02806,0.03255,0.03527,0.03687,0.12328,0.05599,0.06323,0.03817,0.03696,0.10016,0.02448,0.09814,0.02263,0.13745
0.01514,0.01402,0.01605,0.01462,0.01683,0.01558,0.01566,0.01630,0.01622,0.01557,0.03109,0.18438,0.05368,0.19576,0.02476,0.07805,0.15442,0.07017,0.02114,0.03055
0.02380,0.01996,0.02340,0.01970,0.02302,0.02565,0.01820,0.02011,0.02077,0.02643,0.10419,0.15529,0.17275,0.04208,0.02416,0.05468,0.02900,0.06227,0.02701,0.10753
0.01692,0.01646,0.02340,0.01817,0.01936,0.02006,0.01854,0.01824,0.02157,0.01807,0.08458,0.03311,0.23403,0.01592,0.02409,0.03657,0.02925,0.17922,0.07668,0.09573
0.02234,0.01362,0.02011,0.01341,0.01762,0.01502,0.01646,0.01626,0.02852,0.01791,0.05557,0.10260,0.12290,0.01715,0.02515,0.18064,0.02173,0.16812,0.02983,0.09504
0.02962,0.02754,0.02891,0.02432,0.03161,0.02725,0.02635,0.02369,0.02646,0.03205,0.10766,0.07320,0.04616,0.02100,0.02585,0.12494,0.06185,0.12825,0.02343,0.10986
0.01869,0.02606,0.02016,0.01857,0.02289,0.01939,0.02024,0.01899,0.02159,0.02507,0.06461,0.07677,0.06382,0.34163,0.03256,0.03357,0.05249,0.03141,0.02845,0.06305
0.04389,0.04595,0.03748,0.04270,0.04158,0.05042,0.03705,0.03685,0.04551,0.05024,0.06721,0.07327,0.05627,0.01626,0.04089,0.06358,0.07403,0.05471,0.03276,0.08935
0.02652,0.02511,0.02176,0.02478,0.02659,0.02803,0.02311,0.02400,0.02584,0.02473,0.12736,0.06415,0.10895,0.03561,0.02912,0.06853,0.03817,0.10052,0.03275,0.14438
0.01917,0.01573,0.01774,0.01569,0.01720,0.01430,0.01477,0.01514,0.01549,0.01946,0.05489,0.16970,0.15215,0.03084,0.03577,0.12140,0.05799,0.11769,0.02286,0.07203
0.03309,0.02937,0.03281,0.03248,0.03001,0.02903,0.02789,0.02608,0.02911,0.03116,0.12612,0.05651,0.08569,0.07047,0.02729,0.07342,0.02002,0.08505,0.02496,0.12943
0.02693,0.02425,0.02274,0.02303,0.02282,0.02664,0.02163,0.02263,0.02185,0.02487,0.13106,0.05664,0.03284,0.01363,0.05331,0.12758,0.04395,0.12902,0.02279,0.15178
0.01579,0.01366,0.01282,0.01354,0.01519,0.01394,0.01355,0.01242,0.01473,0.01725,0.12640,0.09996,0.07733,0.02644,0.03517,0.13693,0.05813,0.13346,0.02272,0.14055
0.02224,0.01752,0.01719,0.02058,0.02397,0.02029,0.02361,0.01841,0.02005,0.02212,0.03693,0.05197,0.05760,0.17854,0.02614,0.17584,0.02622,0.17715,0.02426,0.03937
0.02444,0.02429,0.02412,0.02276,0.02793,0.02669,0.01959,0.02658,0.03033,0.02909,0.10670,0.04712,0.06003,0.02901,0.02969,0.15185,0.02390,0.15334,0.02645,0.11609
0.01665,0.02032,0.01971,0.01995,0.02144,0.02017,0.01707,0.01622,0.01920,0.02259,0.07093,0.04223,0.03614,0.04923,0.02086,0.24235,0.01805,0.23975,0.01741,0.06973
0.02335,0.02467,0.02460,0.01881,0.02691,0.03041,0.02347,0.02458,0.02632,0.02138,0.14974,0.03476,0.03114,0.04276,0.02374,0.14057,0.01760,0.14502,0.02091,0.14926
0.02098,0.01598,0.01355,0.01434,0.01507,0.01601,0.01403,0.01315,0.01442,0.01487,0.05652,0.27985,0.05726,0.01302,0.02620,0.04390,0.23802,0.03871,0.02502,0.06909
0.03099,0.02854,0.02383,0.02305,0.02729,0.02922,0.02272,0.02043,0.03082,0.03095,0.03882,0.22343,0.11584,0.03361,0.03777,0.03826,0.14787,0.02729,0.01902,0.05024
0.01791,0.01909,0.01793,0.01831,0.01813,0.01508,0.01803,0.01832,0.01952,0.01990,0.17373,0.15631,0.06220,0.02019,0.02779,0.03100,0.13433,0.02342,0.02707,0.16175
0.02163,0.02219,0.02653,0.02327,0.02831,0.02450,0.02492,0.02679,0.02362,0.02586,0.04507,0.02281,0.02512,0.22332,0.02354,0.15740,0.02513,0.16096,0.02469,0.04434
0.00991,0.00996,0.00987,0.01027,0.01147,0.01165,0.00869,0.01021,0.01180,0.01108,0.06131,0.31136,0.09079,0.03607,0.02041,0.02396,0.24039,0.02118,0.01537,0.07425
0.01599,0.01215,0.01381,0.01451,0.01633,0.01597,0.01698,0.01634,0.01355,0.01489,0.17312,0.10507,0.02923,0.01026,0.02389,0.09778,0.10799,0.10216,0.01593,0.18402
0.01796,0.01600,0.01666,0.01585,0.01409,0.01668,0.01377,0.01373,0.01562,0.01619,0.11532,0.24456,0.24514,0.01590,0.01695,0.02828,0.03957,0.01484,0.01408,0.10880
0.05798,0.03863,0.04284,0.04166,0.06055,0.05983,0.04931,0.03226,0.05225,0.05362,0.02728,0.05474,0.06969,0.07407,0.02672,0.07364,0.05635,0.05856,0.02998,0.04003
0.02449,0.02205,0.02084,0.02217,0.02494,0.02868,0.01986,0.02212,0.02207,0.02717,0.04315,0.06804,0.02755,0.02346,0.02934,0.21971,0.05997,0.23178,0.01527,0.04735
0.02147,0.02643,0.02034,0.02300,0.02206,0.02030,0.02356,0.02145,0.02326,0.02670,0.06900,0.14066,0.06154,0.11535,0.03859,0.06390,0.11421,0.07314,0.02763,0.06741
0.02095,0.02143,0.02569,0.02485,0.02656,0.02727,0.01868,0.02388,0.02051,0.02201,0.04088,0.17220,0.09845,0.08026,0.04422,0.07684,0.13377,0.03582,0.03064,0.05510
0.02582,0.02125,0.02544,0.02168,0.02714,0.03063,0.02513,0.01891,0.02521,0.02562,0.03836,0.09525,0.07965,0.03325,0.03813,0.13686,0.08979,0.16684,0.03763,0.03740
0.02248,0.02288,0.02347,0.02250,0.02344,0.02574,0.02475,0.02210,0.02301,0.02791,0.05306,0.03852,0.03515,0.05185,0.02955,0.22351,0.03929,0.21882,0.02613,0.04584
0.01587,0.01544,0.01707,0.01545,0.01670,0.01692,0.01574,0.01629,0.01313,0.01738,0.27054,0.08390,0.02224,0.01140,0.02431,0.02210,0.08365,0.02593,0.01555,0.28037
0.02330,0.02564,0.03079,0.02678,0.03167,0.02453,0.02436,0.03343,0.04217,0.02633,0.12374,0.06496,0.03308,0.03075,0.03307,0.10179,0.05930,0.10891,0.02703,0.12837
0.03123,0.02814,0.03433,0.03269,0.02933,0.03460,0.03256,0.03686,0.03003,0.03606,0.03745,0.05385,0.12522,0.15777,0.02556,0.06485,0.03972,0.08655,0.04193,0.04127
0.00650,0.00709,0.00941,0.00975,0.00664,0.00605,0.00673,0.00737,0.00803,0.00824,0.10767,0.01171,0.01071,0.01184,0.01147,0.32197,0.00972,0.31975,0.01395,0.10542
0.02126,0.01783,0.02333,0.02156,0.02616,0.02255,0.02012,0.02337,0.02236,0.01884,0.14594,0.14084,0.14257,0.04274,0.03652,0.02856,0.03486,0.02579,0.02190,0.16291
0.02277,0.02189,0.02032,0.02214,0.02167,0.02668,0.02133,0.02230,0.02353,0.02372,0.19689,0.05985,0.06915,0.02705,0.03239,0.06722,0.03833,0.06571,0.06542,0.15166
0.01504,0.01584,0.01618,0.01543,0.01518,0.01479,0.01330,0.01655,0.01480,0.01423,0.03456,0.05562,0.06019,0.10203,0.02039,0.25483,0.02131,0.24220,0.01663,0.04090
0.02053,0.02145,0.02091,0.02046,0.02067,0.02258,0.02379,0.01972,0.02412,0.02480,0.21102,0.04825,0.07062,0.04608,0.03175,0.04421,0.02446,0.05847,0.04110,0.20502
0.01397,0.01527,0.01666,0.01347,0.01950,0.01618,0.01431,0.01672,0.01558,0.01716,0.03425,0.33608,0.02958,0.01210,0.01387,0.01500,0.33037,0.02348,0.01298,0.03348
0.01390,0.01507,0.01956,0.01459,0.01760,0.01820,0.01779,0.01379,0.01641,0.01695,0.02439,0.33008,0.03354,0.02171,0.02073,0.02754,0.30523,0.02686,0.01852,0.02753
0.01830,0.01740,0.01934,0.01882,0.02124,0.02519,0.01801,0.01952,0.01998,0.02303,0.07264,0.24017,0.22830,0.02425,0.02579,0.03334,0.04315,0.03631,0.02840,0.06682
0.03340,0.04205,0.04201,0.03825,0.04334,0.04478,0.04477,0.03425,0.03673,0.04344,0.14635,0.06195,0.05863,0.03997,0.02724,0.03791,0.02763,0.02897,0.02759,0.14075
0.03402,0.03918,0.03800,0.03888,0.04374,0.04190,0.03225,0.03986,0.04109,0.03453,0.11088,0.03895,0.04011,0.05787,0.03482,0.07902,0.03358,0.08166,0.02589,0.11377
0.04513,0.04408,0.03444,0.04531,0.04669,0.04557,0.03282,0.03646,0.04211,0.04186,0.02418,0.06250,0.05439,0.18927,0.02959,0.07001,0.02945,0.06893,0.02956,0.02764
0.02876,0.02845,0.02554,0.02521,0.03360,0.03118,0.02922,0.02047,0.02848,0.02449,0.18754,0.04970,0.04936,0.05267,0.02701,0.05619,0.02895,0.05292,0.02641,0.19385
0.02750,0.02603,0.02458,0.02633,0.02613,0.02626,0.02534,0.02764,0.02211,0.02526,0.12193,0.03874,0.02695,0.03349,0.03033,0.14984,0.04696,0.13928,0.03154,0.12373
0.03292,0.02516,0.02356,0.02515,0.03014,0.03013,0.02613,0.02650,0.02808,0.02830,0.11334,0.05244,0.08621,0.14204,0.02662,0.04903,0.03546,0.06059,0.03281,0.12540
0.02280,0.02394,0.02278,0.02392,0.02790,0.02239,0.02486,0.02384,0.02285,0.02440,0.01903,0.03725,0.02444,0.08452,0.01916,0.24881,0.02831,0.24552,0.02960,0.02367
0.02716,0.02838,0.02887,0.02423,0.03451,0.02983,0.02807,0.02954,0.02921,0.02765,0.07988,0.03607,0.04660,0.03409,0.02694,0.16958,0.03578,0.17461,0.02118,0.08782
0.02138,0.01819,0.01669,0.01791,0.02103,0.01976,0.01670,0.01541,0.01717,0.01787,0.20024,0.03180,0.02732,0.05226,0.02358,0.11805,0.02467,0.11724,0.01513,0.20760
0.02987,0.02804,0.02964,0.03261,0.03098,0.02928,0.02459,0.02573,0.03238,0.02674,0.05133,0.08118,0.08634,0.22458,0.03499,0.03357,0.05803,0.04331,0.03940,0.05741
0.00804,0.00902,0.00826,0.00919,0.00962,0.00985,0.00759,0.00834,0.00878,0.00933,0.26094,0.02537,0.02878,0.01806,0.01663,0.12932,0.01758,0.12961,0.02436,0.26132
0.01642,0.01229,0.01514,0.01579,0.01549,0.01804,0.01842,0.01451,0.01642,0.01429,0.14001,0.05964,0.02571,0.01898,0.02694,0.17391,0.05188,0.17731,0.02250,0.14629
0.02540,0.02370,0.02275,0.02419,0.02367,0.02205,0.02039,0.02222,0.02468,0.02484,0.17628,0.04418,0.04767,0.06653,0.03982,0.06544,0.02750,0.07609,0.07696,0.14564
0.02845,0.02963,0.02435,0.02934,0.02543,0.03284,0.03266,0.02640,0.03056,0.03541,0.06266,0.10268,0.10271,0.07731,0.04134,0.10108,0.08815,0.03559,0.03324,0.06014
0.03932,0.03304,0.02696,0.03838,0.03111,0.04234,0.03339,0.03940,0.03135,0.04475,0.06765,0.06870,0.04289,0.03474,0.02969,0.10679,0.07250,0.12892,0.02685,0.06123
0.01772,0.01350,0.01658,0.01787,0.01970,0.01864,0.01934,0.01604,0.01805,0.01837,0.03288,0.26420,0.13729,0.07154,0.02514,0.03932,0.17559,0.02379,0.02108,0.03337
0.05228,0.20884,0.05700,0.05151,0.04698,0.03666,0.03771,0.13191,0.05703,0.09229,0.04888,0.01667,0.01448,0.00975,0.01521,0.01924,0.01494,0.02068,0.01670,0.05123
0.02538,0.02577,0.03090,0.02787,0.03038,0.02723,0.02460,0.02555,0.02580,0.02366,0.03809,0.07322,0.06912,0.02734,0.03493,0.19702,0.05833,0.16933,0.01961,0.04586
0.02668,0.02547,0.02576,0.02233,0.02576,0.02903,0.02181,0.01612,0.02647,0.03049,0.07847,0.22772,0.11419,0.02016,0.02419,0.01719,0.14816,0.01985,0.02118,0.07896
0.02021,0.02022,0.01826,0.02067,0.02218,0.02025,0.02582,0.01771,0.01814,0.02405,0.18454,0.02195,0.02263,0.27490,0.01542,0.02030,0.01771,0.02633,0.01666,0.19206
0.03325,0.03100,0.03288,0.03267,0.03676,0.03483,0.02706,0.03077,0.03102,0.03470,0.13477,0.04754,0.02998,0.06207,0.02503,0.08195,0.04431,0.08740,0.01898,0.14303
0.02077,0.02679,0.01362,0.01376,0.02184,0.03495,0.01203,0.01436,0.01573,0.01840,0.03473,0.16063,0.12311,0.00791,0.05501,0.10407,0.13995,0.06311,0.03217,0.08706
0.01703,0.01780,0.02201,0.02122,0.02319,0.01834,0.01833,0.01642,0.02327,0.01808,0.11964,0.08834,0.09201,0.10367,0.03247,0.10177,0.08560,0.02946,0.02281,0.12854
0.02564,0.02389,0.03159,0.02190,0.02644,0.02563,0.02350,0.02718,0.02309,0.02357,0.11860,0.17152,0.03902,0.01102,0.03489,0.03971,0.15184,0.03216,0.01809,0.13074
0.02291,0.02266,0.01902,0.02038,0.02609,0.02074,0.01867,0.02246,0.02233,0.01961,0.23350,0.08589,0.03920,0.02121,0.02443,0.03321,0.06713,0.02883,0.01706,0.23466
0.02427,0.02282,0.02885,0.02064,0.02918,0.01958,0.01926,0.02486,0.02697,0.03016,0.02917,0.13337,0.06341,0.05570,0.04268,0.12358,0.08229,0.13784,0.05385,0.03153
0.02033,0.02544,0.02114,0.02070,0.02249,0.02832,0.02314,0.02097,0.02054,0.02460,0.11443,0.13857,0.12215,0.05780,0.03387,0.06195,0.06545,0.04596,0.01910,0.11306
0.02098,0.02264,0.02102,0.02229,0.01841,0.01679,0.02179,0.02049,0.02131,0.02663,0.14658,0.08520,0.08382,0.00939,0.03967,0.10074,0.02779,0.09463,0.06833,0.13151
0.01843,0.01758,0.01903,0.01755,0.01778,0.01940,0.01804,0.01429,0.01741,0.01905,0.18414,0.11314,0.05530,0.02527,0.03071,0.06021,0.08278,0.06050,0.02094,0.18846
0.03845,0.04610,0.04038,0.03588,0.04644,0.03543,0.03970,0.04387,0.05039,0.03721,0.06391,0.09575,0.08222,0.10108,0.03468,0.03441,0.03835,0.04062,0.03696,0.05817
0.04722,0.03960,0.03573,0.04749,0.05235,0.04888,0.03606,0.04370,0.04049,0.05019,0.11524,0.03860,0.03802,0.02533,0.02943,0.07039,0.03578,0.06092,0.03751,0.10706
0.01835,0.01711,0.01593,0.01719,0.01879,0.01812,0.01705,0.01553,0.01653,0.01892,0.02460,0.23633,0.05402,0.13285,0.02475,0.05950,0.19827,0.04727,0.01817,0.03072
0.03718,0.03109,0.04359,0.03112,0.04705,0.04636,0.03463,0.02887,0.02940,0.04456,0.06538,0.14765,0.16386,0.07802,0.03099,0.01660,0.02386,0.01690,0.01290,0.07000
0.02799,0.02708,0.03259,0.03102,0.03033,0.02722,0.02304,0.02560,0.02667,0.02862,0.19256,0.03345,0.04179,0.09087,0.02643,0.04177,0.02470,0.04427,0.04209,0.18193
0.02377,0.01741,0.01732,0.02147,0.01857,0.02029,0.01910,0.01618,0.01969,0.02214,0.09109,0.21610,0.03283,0.02407,0.03142,0.04190,0.20757,0.03566,0.03549,0.08791
0.02274,0.02111,0.01799,0.02251,0.02263,0.02026,0.01866,0.01697,0.01866,0.02014,0.18574,0.10196,0.03159,0.01378,0.03678,0.05752,0.11069,0.04187,0.02785,0.19055
0.02351,0.02103,0.02084,0.02430,0.02242,0.02527,0.01893,0.01926,0.02326,0.02694,0.08113,0.16479,0.15735,0.09052,0.03616,0.04104,0.03277,0.04282,0.04027,0.08736
0.01915,0.01724,0.01691,0.01759,0.02318,0.02292,0.02367,0.02183,0.02222,0.02325,0.02270,0.12583,0.11074,0.07690,0.02912,0.16675,0.03466,0.17215,0.02698,0.02619
0.01336,0.01203,0.01317,0.01324,0.01479,0.01377,0.01170,0.01268,0.01145,0.01419,0.22821,0.13887,0.12162,0.01498,0.02277,0.02756,0.03970,0.02827,0.01227,0.23534
0.04103,0.03395,0.06162,0.04828,0.02816,0.03548,0.04215,0.03053,0.03710,0.04309,0.08168,0.02578,0.12831,0.03007,0.02292,0.04162,0.03796,0.10230,0.05398,0.07398
0.01830,0.01728,0.02311,0.01928,0.02034,0.01988,0.01929,0.02224,0.02510,0.02026,0.18459,0.06850,0.06670,0.01353,0.03228,0.09885,0.02587,0.09804,0.02339,0.18319
0.02541,0.02350,0.02656,0.02668,0.02877,0.02835,0.02259,0.02210,0.03014,0.03018,0.02763,0.01907,0.23054,0.13307,0.02050,0.02803,0.01318,0.15820,0.07554,0.02996
0.02199,0.02229,0.02227,0.02226,0.02163,0.01966,0.01734,0.01825,0.01920,0.01900,0.08644,0.21962,0.21657,0.01629,0.02825,0.04862,0.04225,0.03342,0.02611,0.07854
0.03502,0.04132,0.04648,0.04260,0.04933,0.03583,0.03632,0.03585,0.03903,0.03819,0.08207,0.12750,0.10616,0.02881,0.03472,0.03106,0.04814,0.03241,0.02390,0.08525
0.03412,0.03343,0.03182,0.04058,0.04083,0.04288,0.03455,0.03313,0.04242,0.04563,0.07436,0.03951,0.06354,0.04508,0.03241,0.10732,0.03334,0.11887,0.04352,0.06265
0.02308,0.02201,0.02520,0.01946,0.02699,0.02215,0.02409,0.02245,0.02178,0.02112,0.12596,0.04697,0.04602,0.08782,0.02848,0.12853,0.02499,0.13306,0.02369,0.12614
0.08320,0.04093,0.05054,0.05329,0.08064,0.07227,0.04893,0.03559,0.05257,0.05599,0.04448,0.03595,0.05071,0.01980,0.02708,0.05596,0.04555,0.06985,0.02717,0.04952
0.02351,0.02095,0.02454,0.02094,0.02098,0.02281,0.02207,0.02134,0.02055,0.01997,0.08401,0.24226,0.21322,0.02172,0.02206,0.02634,0.05590,0.02148,0.02292,0.07243
0.02886,0.02834,0.02978,0.02699,0.02803,0.02810,0.02387,0.02047,0.02717,0.02581,0.06676,0.09274,0.09173,0.02200,0.04692,0.12268,0.10965,0.06154,0.04128,0.07730
0.02926,0.02713,0.02498,0.02338,0.03683,0.02648,0.02379,0.02953,0.02386,0.02647,0.21515,0.02473,0.02474,0.08571,0.01891,0.04546,0.01782,0.05196,0.02033,0.22350
0.01954,0.01455,0.01664,0.01625,0.01605,0.01867,0.01754,0.01494,0.01379,0.01539,0.22591,0.05871,0.03986,0.01822,0.03087,0.07969,0.04930,0.08530,0.03200,0.21677
0.03169,0.03223,0.02958,0.02996,0.06446,0.03355,0.02478,0.03753,0.02969,0.03062,0.14441,0.01701,0.02251,0.10980,0.01970,0.08677,0.01171,0.08592,0.01380,0.14429
0.02360,0.01730,0.02889,0.02352,0.02738,0.02521,0.02488,0.02477,0.02363,0.02766,0.17555,0.02499,0.03867,0.03518,0.02993,0.11121,0.01916,0.11743,0.01970,0.18134
0.02359,0.02083,0.02632,0.02593,0.02537,0.02399,0.02269,0.02419,0.02718,0.02655,0.16909,0.09916,0.10025,0.06383,0.02871,0.03787,0.02247,0.03844,0.02026,0.17328
0.02985,0.02992,0.02679,0.02810,0.03311,0.03047,0.03100,0.02415,0.03033,0.03277,0.10983,0.04625,0.13114,0.07396,0.02785,0.03613,0.02940,0.08742,0.03753,0.12400
0.03186,0.02495,0.03408,0.02140,0.03039,0.03253,0.02524,0.03172,0.02722,0.02783,0.15439,0.03728,0.03731,0.01357,0.03717,0.11354,0.01645,0.12107,0.02657,0.15543
0.01876,0.01797,0.02378,0.02361,0.01760,0.01859,0.01593,0.01448,0.01811,0.01696,0.16542,0.04966,0.04125,0.04206,0.02860,0.13603,0.03736,0.11499,0.02107,0.17777
0.02632,0.02902,0.02550,0.02683,0.02474,0.02820,0.02384,0.02318,0.03112,0.02737,0.01705,0.17742,0.07450,0.04748,0.04152,0.05470,0.16662,0.09119,0.03995,0.02345
0.01724,0.02284,0.02123,0.01985,0.02282,0.01939,0.02418,0.01925,0.01823,0.02013,0.04903,0.22586,0.12904,0.03055,0.05429,0.03489,0.13635,0.03855,0.02981,0.06646
0.05496,0.04598,0.08281,0.04484,0.09032,0.08928,0.05531,0.03332,0.03958,0.08068,0.01926,0.01785,0.02412,0.07439,0.02252,0.08950,0.00816,0.09408,0.00992,0.02311
0.03180,0.03403,0.02966,0.04757,0.03043,0.02514,0.03090,0.03016,0.03250,0.03895,0.08460,0.10042,0.07635,0.05721,0.03965,0.07170,0.04260,0.07680,0.03241,0.08710
0.01980,0.02184,0.02065,0.02467,0.02018,0.02366,0.02088,0.02031,0.01518,0.02055,0.17992,0.03899,0.03602,0.02619,0.04076,0.11512,0.04054,0.09611,0.05058,0.16805
0.02541,0.03031,0.02287,0.02771,0.02735,0.03020,0.02879,0.02641,0.03133,0.03005,0.16344,0.08525,0.09397,0.06451,0.02657,0.04080,0.02324,0.03446,0.02767,0.15965
0.01896,0.01810,0.01962,0.02085,0.02424,0.02011,0.01980,0.01742,0.01936,0.01960,0.17518,0.12685,0.13052,0.04859,0.02349,0.03719,0.03419,0.03209,0.02919,0.16466
0.02384,0.02245,0.02660,0.02567,0.03056,0.02705,0.02273,0.02431,0.02481,0.02630,0.19278,0.09584,0.07893,0.02455,0.03462,0.03736,0.03266,0.03476,0.02997,0.18420
0.02601,0.01911,0.02435,0.02440,0.02465,0.02935,0.02392,0.01727,0.02410,0.02715,0.05181,0.05995,0.03073,0.01922,0.02931,0.22504,0.05033,0.21997,0.02633,0.04700
0.01923,0.01680,0.01948,0.01967,0.02254,0.01845,0.01598,0.01445,0.01687,0.01995,0.02484,0.07033,0.06190,0.04477,0.04726,0.26999,0.23029,0.03090,0.01333,0.02297
0.02705,0.02734,0.02400,0.02159,0.03029,0.02449,0.02233,0.02857,0.02321,0.02369,0.02914,0.07743,0.07354,0.10760,0.03317,0.15453,0.03301,0.14943,0.04631,0.04327
0.02059,0.02206,0.02097,0.02096,0.02028,0.01920,0.01863,0.01662,0.01975,0.02244,0.04783,0.04084,0.03916,0.31275,0.02628,0.11239,0.02814,0.11426,0.02419,0.05267
0.02717,0.02388,0.02273,0.02275,0.02564,0.02064,0.02778,0.02320,0.02359,0.02653,0.04622,0.24218,0.06376,0.05608,0.03469,0.02460,0.20793,0.02087,0.02360,0.03615
0.03149,0.04180,0.03680,0.04359,0.03843,0.04740,0.03746,0.03966,0.04489,0.05000,0.04895,0.07933,0.02043,0.02244,0.03554,0.11553,0.07520,0.12127,0.02716,0.04264
0.03692,0.02940,0.02751,0.02924,0.03274,0.03442,0.03629,0.02658,0.03287,0.03468,0.04638,0.07424,0.06438,0.05105,0.04120,0.16170,0.13503,0.03115,0.02166,0.05257
0.03908,0.03524,0.03398,0.02964,0.03583,0.03472,0.04295,0.03429,0.03205,0.03799,0.13265,0.04525,0.04436,0.01255,0.03378,0.09749,0.04302,0.07475,0.04590,0.11448
0.02859,0.04007,0.02690,0.02554,0.03549,0.02932,0.03215,0.03412,0.03218,0.03787,0.04401,0.07043,0.06927,0.02257,0.03086,0.12914,0.06715,0.16267,0.03271,0.04898
0.07689,0.04053,0.04703,0.04323,0.08121,0.07798,0.03470,0.03962,0.05166,0.05453,0.03933,0.08818,0.09162,0.02562,0.02360,0.03282,0.03824,0.02910,0.02991,0.05421
0.01235,0.01179,0.01338,0.01205,0.00993,0.01170,0.01176,0.01194,0.01390,0.01250,0.03947,0.33041,0.07597,0.01809,0.03592,0.02045,0.26227,0.01785,0.01648,0.06180
0.02459,0.01881,0.02060,0.01823,0.02000,0.02063,0.01797,0.02039,0.02181,0.02314,0.02752,0.03011,0.02490,0.04477,0.02330,0.27883,0.02030,0.28522,0.02931,0.02957
0.04954,0.03669,0.03370,0.02917,0.04190,0.04331,0.02903,0.02902,0.02811,0.04203,0.05881,0.11418,0.10172,0.15847,0.02834,0.01788,0.03982,0.02203,0.03393,0.06232
0.01796,0.01867,0.01711,0.01435,0.02037,0.01758,0.01446,0.01657,0.01790,0.01724,0.06601,0.22180,0.21336,0.03142,0.05254,0.03972,0.05634,0.03250,0.02516,0.08896
0.01732,0.01637,0.01595,0.01763,0.02106,0.01988,0.01620,0.01549,0.01527,0.01694,0.04906,0.04266,0.05028,0.03930,0.02199,0.26669,0.01928,0.26731,0.01909,0.05221
0.02056,0.02382,0.01685,0.01934,0.02045,0.02350,0.02284,0.02308,0.02087,0.02225,0.02644,0.17187,0.02359,0.02759,0.02514,0.14614,0.17145,0.14858,0.01839,0.02726
0.01907,0.01966,0.02130,0.01826,0.02175,0.02357,0.02160,0.01829,0.02090,0.02245,0.22426,0.06853,0.06015,0.03750,0.02320,0.04266,0.04505,0.04064,0.02168,0.22948
0.02424,0.02543,0.02119,0.02380,0.01972,0.02293,0.02420,0.01890,0.02241,0.02513,0.05843,0.23407,0.15934,0.02062,0.03303,0.03535,0.11037,0.03226,0.02661,0.06196
0.02189,0.02203,0.02115,0.01896,0.02082,0.02219,0.01990,0.01775,0.02176,0.01919,0.04680,0.04272,0.04814,0.04842,0.04109,0.24663,0.15897,0.09174,0.02006,0.04979
0.03404,0.03074,0.02530,0.02813,0.02969,0.02838,0.03088,0.02828,0.02444,0.02797,0.08640,0.09654,0.07961,0.06180,0.02940,0.09571,0.01627,0.10896,0.04611,0.09138
0.03712,0.03185,0.03374,0.02994,0.03755,0.03296,0.03756,0.02852,0.03363,0.03754,0.08552,0.09113,0.04850,0.03419,0.04386,0.07387,0.11779,0.04635,0.03365,0.08473
0.03186,0.02237,0.02579,0.02535,0.02580,0.02924,0.03438,0.02513,0.03083,0.02952,0.16531,0.02779,0.03564,0.07993,0.02406,0.07686,0.02876,0.08531,0.02170,0.17433
0.01636,0.01912,0.01954,0.02284,0.02159,0.02191,0.01665,0.01787,0.02046,0.02327,0.06093,0.03551,0.05427,0.06085,0.02880,0.20075,0.03870,0.21628,0.03170,0.07260
0.01693,0.02210,0.01735,0.02110,0.02371,0.02632,0.02064,0.01722,0.02009,0.02355,0.14841,0.11552,0.05707,0.01606,0.03619,0.07683,0.09412,0.06625,0.05300,0.12752
0.03450,0.04171,0.03957,0.03121,0.03444,0.03867,0.03050,0.03134,0.02791,0.03494,0.05101,0.03797,0.11871,0.02945,0.03104,0.10087,0.02805,0.16127,0.05178,0.04505
0.03194,0.03114,0.03535,0.03146,0.03263,0.03990,0.03284,0.02687,0.03349,0.03479,0.15507,0.03332,0.04659,0.09056,0.03439,0.03281,0.03002,0.05348,0.02763,0.16575
0.01115,0.01080,0.00954,0.01127,0.01361,0.01309,0.01092,0.01229,0.01168,0.01055,0.03531,0.03159,0.02955,0.03048,0.01818,0.33392,0.02261,0.32602,0.01835,0.03910
0.01752,0.01687,0.01768,0.01820,0.02002,0.01933,0.01783,0.01908,0.01788,0.01832,0.09034,0.08488,0.10397,0.03560,0.04180,0.12448,0.07878,0.10052,0.02919,0.12770
0.01819,0.01791,0.01776,0.02046,0.01980,0.01688,0.01704,0.01685,0.01896,0.02151,0.03036,0.04252,0.05724,0.42339,0.02331,0.07768,0.02353,0.08328,0.02217,0.03114
0.02217,0.02308,0.02587,0.02037,0.02372,0.02756,0.01787,0.02448,0.01937,0.02196,0.04401,0.18425,0.08591,0.06517,0.04334,0.06242,0.12195,0.07023,0.03475,0.06153
0.03465,0.03272,0.03433,0.03528,0.03842,0.04051,0.03013,0.03200,0.03398,0.03799,0.04161,0.08853,0.07640,0.22034,0.02793,0.03633,0.05419,0.03880,0.02149,0.04439
0.02825,0.02543,0.02605,0.01861,0.03400,0.02741,0.02005,0.02505,0.02664,0.02470,0.05032,0.13034,0.14691,0.06209,0.02853,0.10308,0.02074,0.11669,0.03054,0.05458
0.01339,0.01302,0.01333,0.01318,0.01414,0.01679,0.01130,0.01219,0.01359,0.01631,0.03075,0.01368,0.02462,0.65767,0.01380,0.03077,0.00710,0.03481,0.01371,0.03587
0.01767,0.01612,0.01811,0.01481,0.01879,0.01859,0.01807,0.01686,0.01590,0.01863,0.08834,0.04539,0.04766,0.04732,0.02293,0.20865,0.03996,0.20704,0.02054,0.09862
0.01966,0.02882,0.02184,0.02629,0.02515,0.01747,0.01450,0.02108,0.02049,0.02214,0.02873,0.05126,0.01598,0.02020,0.02144,0.27615,0.04997,0.27326,0.01674,0.02886
0.01443,0.01149,0.01304,0.01398,0.01646,0.01382,0.01263,0.01479,0.01190,0.01235,0.20170,0.16449,0.02903,0.00722,0.02699,0.02629,0.15607,0.02652,0.02080,0.20600
0.01865,0.02081,0.01851,0.02049,0.02133,0.01856,0.01871,0.01999,0.01849,0.02040,0.20032,0.03000,0.11051,0.05602,0.02132,0.03803,0.01646,0.08064,0.03816,0.21259
0.03116,0.02451,0.02374,0.02394,0.02853,0.02871,0.02544,0.02611,0.02843,0.03099,0.04812,0.11576,0.09041,0.03923,0.02956,0.13637,0.05076,0.14376,0.02342,0.05106
0.01797,0.02074,0.01877,0.01502,0.01749,0.02372,0.01578,0.01620,0.02012,0.02490,0.05642,0.02512,0.02318,0.01261,0.01907,0.29552,0.01416,0.29120,0.01683,0.05518
0.04230,0.04332,0.04219,0.04451,0.04204,0.04503,0.05122,0.04265,0.05256,0.04926,0.04401,0.08671,0.04324,0.03320,0.04002,0.06979,0.08864,0.06949,0.03075,0.03907
0.02670,0.02641,0.02224,0.02026,0.02391,0.02448,0.02492,0.01782,0.02249,0.02527,0.01751,0.29189,0.21270,0.02215,0.02096,0.03187,0.10028,0.02313,0.01552,0.02949
0.04971,0.05253,0.05293,0.05288,0.05194,0.05293,0.03809,0.04014,0.04528,0.04722,0.02750,0.06704,0.05294,0.06162,0.03882,0.08064,0.04670,0.07724,0.01921,0.04461
0.03120,0.02630,0.02935,0.02980,0.02946,0.03351,0.03035,0.02963,0.02927,0.03512,0.03178,0.17741,0.08123,0.02204,0.02734,0.04643,0.16629,0.07306,0.03720,0.03325
0.02279,0.02332,0.03096,0.02753,0.03457,0.02937,0.02825,0.02135,0.02435,0.02679,0.04215,0.03297,0.04788,0.25669,0.02585,0.12146,0.02288,0.11658,0.01647,0.04780
0.02381,0.02670,0.02100,0.02839,0.02145,0.02722,0.02000,0.02318,0.01980,0.02771,0.21813,0.06844,0.03641,0.01758,0.04245,0.03820,0.04746,0.04127,0.09756,0.15324
0.02945,0.03612,0.02898,0.02565,0.02920,0.03548,0.03061,0.02577,0.03007,0.03694,0.09689,0.02734,0.05356,0.03509,0.02441,0.14194,0.01940,0.16852,0.02845,0.09614
0.01585,0.01675,0.01791,0.01788,0.01630,0.01895,0.01462,0.01740,0.01496,0.01826,0.17164,0.13947,0.07257,0.02114,0.03752,0.03879,0.09103,0.03642,0.01712,0.20541
0.04100,0.03988,0.05347,0.03019,0.06569,0.03696,0.03621,0.02892,0.04129,0.04720,0.03615,0.08332,0.08906,0.19679,0.03731,0.01245,0.01299,0.01447,0.05395,0.04269
0.04370,0.04105,0.04360,0.03950,0.04233,0.05149,0.04427,0.05567,0.04285,0.05237,0.08657,0.03560,0.04655,0.04102,0.03118,0.07099,0.03874,0.07513,0.02777,0.08963
0.02677,0.02508,0.02373,0.02090,0.02383,0.02890,0.02084,0.02260,0.02045,0.02474,0.06209,0.06700,0.07444,0.01787,0.02969,0.17203,0.05869,0.17724,0.03221,0.07090
0.03014,0.02274,0.02455,0.02265,0.02767,0.02706,0.02420,0.02790,0.03338,0.02391,0.05750,0.12148,0.13279,0.16237,0.02932,0.06057,0.04251,0.04158,0.01997,0.06768
0.03958,0.03725,0.03322,0.03348,0.03720,0.04568,0.04034,0.04396,0.03318,0.04290,0.06594,0.09036,0.09085,0.05749,0.03044,0.07686,0.02908,0.07014,0.02298,0.07907
0.02396,0.02179,0.02081,0.02078,0.02010,0.02060,0.02032,0.01887,0.01883,0.02474,0.05550,0.06827,0.18062,0.06234,0.03088,0.08439,0.08852,0.10283,0.05958,0.05628
0.02580,0.02796,0.03191,0.02767,0.02742,0.03426,0.02766,0.02531,0.02197,0.02626,0.13124,0.11870,0.02785,0.02942,0.05147,0.04443,0.11395,0.02331,0.05215,0.13127
0.02759,0.02920,0.02441,0.03017,0.02504,0.03201,0.02756,0.02494,0.02841,0.01847,0.07867,0.13781,0.10255,0.02558,0.05051,0.04711,0.07161,0.06300,0.02566,0.12968
0.02625,0.02527,0.02726,0.02889,0.02527,0.02935,0.02247,0.02353,0.02871,0.02494,0.04336,0.04030,0.02589,0.08787,0.02466,0.21276,0.03949,0.19208,0.02296,0.04871
0.03014,0.03049,0.03717,0.02730,0.02950,0.02979,0.02808,0.03408,0.02923,0.02839,0.16330,0.05781,0.05215,0.03020,0.04288,0.05453,0.05254,0.04246,0.04147,0.15847
0.02266,0.01798,0.02376,0.02277,0.03398,0.02257,0.02577,0.02308,0.02345,0.02207,0.07954,0.22037,0.03047,0.01997,0.02874,0.03350,0.20703,0.04065,0.01823,0.08340
0.03300,0.03800,0.03435,0.04317,0.04484,0.03927,0.03815,0.03408,0.04047,0.04082,0.09503,0.07293,0.02937,0.02898,0.03741,0.08448,0.06480,0.09261,0.04403,0.06420
0.03366,0.02322,0.02865,0.03189,0.03550,0.03485,0.03234,0.02706,0.02635,0.03350,0.07911,0.11987,0.12150,0.08163,0.02906,0.06866,0.03743,0.04298,0.05051,0.06223
0.03454,0.02594,0.03099,0.03755,0.03730,0.03725,0.02703,0.02774,0.04168,0.03436,0.04825,0.07270,0.04305,0.03680,0.03540,0.15001,0.06366,0.13452,0.02072,0.06052
0.03107,0.03428,0.03203,0.03353,0.02858,0.03423,0.03237,0.03232,0.03067,0.03551,0.10765,0.10844,0.04335,0.01690,0.03191,0.06691,0.10817,0.06711,0.02601,0.09895
0.02167,0.02818,0.02679,0.03067,0.02571,0.02986,0.02149,0.02899,0.02925,0.03743,0.03426,0.06655,0.03288,0.37611,0.02848,0.02835,0.05733,0.02709,0.02918,0.03973
0.02779,0.02750,0.02914,0.02795,0.02470,0.02764,0.02878,0.02509,0.02327,0.02756,0.10634,0.04156,0.09864,0.03249,0.04096,0.09421,0.03266,0.13767,0.04498,0.10108
0.06543,0.04259,0.04549,0.03678,0.05624,0.04438,0.04590,0.05312,0.04256,0.04674,0.03616,0.10110,0.05007,0.01604,0.02816,0.07013,0.08951,0.07299,0.02383,0.03278
0.02073,0.02041,0.01923,0.01891,0.01980,0.01976,0.01998,0.02170,0.01956,0.01731,0.03664,0.03774,0.02417,0.02385,0.02115,0.29316,0.04286,0.27147,0.01706,0.03452
0.01985,0.02078,0.01745,0.01547,0.01662,0.02051,0.02024,0.01611,0.01600,0.01822,0.11951,0.04639,0.05518,0.03382,0.03045,0.18639,0.02329,0.17859,0.01600,0.12912
0.01469,0.01165,0.01079,0.01232,0.01373,0.01315,0.01194,0.01385,0.01644,0.01556,0.04297,0.02165,0.03055,0.54398,0.02217,0.06399,0.02008,0.06733,0.01552,0.03763
0.03062,0.02622,0.02594,0.02695,0.02856,0.02925,0.02337,0.03121,0.02536,0.03069,0.07439,0.13799,0.09085,0.10032,0.04043,0.04022,0.07650,0.04193,0.02867,0.09053
0.02792,0.03137,0.02826,0.02820,0.02752,0.03045,0.02997,0.02747,0.03243,0.03217,0.03936,0.09417,0.07838,0.02790,0.03263,0.11445,0.08600,0.14270,0.04410,0.04455
0.03109,0.03013,0.02777,0.02981,0.03075,0.03480,0.02622,0.02936,0.02858,0.03194,0.07108,0.09242,0.06733,0.03756,0.03288,0.12402,0.04683,0.13032,0.03519,0.06193
0.01781,0.01665,0.01845,0.01830,0.01778,0.01587,0.01532,0.01529,0.01816,0.01695,0.07756,0.08311,0.05018,0.04125,0.04194,0.17708,0.06109,0.17446,0.02388,0.09887
0.01893,0.01647,0.01828,0.01528,0.01927,0.02280,0.01694,0.02042,0.01635,0.01736,0.26211,0.04297,0.05680,0.03187,0.02618,0.03135,0.02883,0.04460,0.02276,0.27046
0.01063,0.01216,0.01064,0.01163,0.01418,0.01218,0.01054,0.01216,0.01208,0.01478,0.12836,0.21910,0.22489,0.08824,0.01812,0.02275,0.02255,0.01753,0.01558,0.12188
0.02013,0.02246,0.01843,0.02296,0.02282,0.02299,0.01873,0.02040,0.02233,0.02265,0.16924,0.05325,0.04366,0.01536,0.03762,0.12588,0.03429,0.11794,0.07957,0.10929
0.01693,0.01499,0.01653,0.01706,0.01585,0.02097,0.01519,0.01599,0.01743,0.01648,0.05640,0.29465,0.24099,0.02084,0.02256,0.02544,0.07348,0.02741,0.01731,0.05348
0.02275,0.02257,0.02437,0.02490,0.02733,0.02998,0.01961,0.02553,0.02576,0.02500,0.11634,0.02792,0.02987,0.31652,0.01680,0.04326,0.01785,0.04822,0.01721,0.11820
0.07858,0.04167,0.04679,0.05706,0.06800,0.08220,0.04067,0.04412,0.04965,0.06063,0.07041,0.06034,0.04715,0.01042,0.02211,0.03176,0.05537,0.03847,0.02908,0.06551
0.02844,0.02169,0.02458,0.02272,0.03047,0.03159,0.02210,0.02602,0.02444,0.02722,0.08996,0.10778,0.02824,0.03430,0.03662,0.10349,0.10975,0.10350,0.02296,0.10413
0.03528,0.03347,0.03142,0.02595,0.03387,0.03881,0.03343,0.03561,0.03242,0.03496,0.05873,0.08220,0.06114,0.01645,0.05092,0.10590,0.09435,0.08484,0.02834,0.08191
0.02899,0.02521,0.03746,0.02476,0.02709,0.02466,0.02476,0.02639,0.02698,0.03644,0.01950,0.16664,0.13850,0.05511,0.02720,0.09523,0.05742,0.09307,0.03676,0.02782
0.02269,0.02041,0.02087,0.02313,0.02504,0.02197,0.01719,0.01942,0.02610,0.02234,0.15556,0.10943,0.09697,0.01957,0.07399,0.02483,0.04626,0.02551,0.02570,0.20302
0.03006,0.02434,0.04071,0.02699,0.02580,0.02906,0.03256,0.02946,0.02930,0.03265,0.03520,0.09897,0.09321,0.14942,0.02956,0.09984,0.05173,0.07658,0.02747,0.03709
0.04509,0.04746,0.04870,0.03703,0.04478,0.04439,0.03426,0.03202,0.03868,0.04424,0.04168,0.11181,0.04680,0.02891,0.03960,0.06546,0.11534,0.04959,0.03082,0.05334
0.01498,0.01310,0.01533,0.01436,0.01545,0.01782,0.01336,0.01403,0.01378,0.01532,0.12578,0.03635,0.02381,0.01800,0.01951,0.22644,0.02600,0.22153,0.03654,0.11848
0.02864,0.02820,0.02723,0.02869,0.03122,0.03192,0.02669,0.02760,0.03303,0.03156,0.07082,0.03865,0.01918,0.02889,0.02870,0.19031,0.03949,0.19535,0.03342,0.06040
0.01104,0.01083,0.00986,0.00856,0.01039,0.01231,0.01027,0.00877,0.01038,0.00999,0.02701,0.28152,0.03619,0.03362,0.02427,0.09325,0.26455,0.08161,0.02007,0.03552
0.01680,0.01624,0.01580,0.01705,0.01597,0.01836,0.01596,0.01628,0.01360,0.01390,0.15800,0.05582,0.05832,0.27853,0.01872,0.03118,0.02865,0.02833,0.01788,0.16460
0.02828,0.02621,0.02600,0.02407,0.02568,0.03062,0.03374,0.02000,0.02168,0.02842,0.23291,0.06988,0.03460,0.01240,0.02394,0.01937,0.06484,0.02642,0.02595,0.22501
0.02999,0.02895,0.03303,0.02912,0.03268,0.02906,0.03304,0.03174,0.03978,0.03173,0.05811,0.04736,0.05158,0.01668,0.02669,0.16186,0.04908,0.17705,0.03142,0.06104
0.02039,0.01498,0.01631,0.01714,0.01727,0.01604,0.01435,0.01473,0.01855,0.01791,0.02400,0.03805,0.30604,0.03252,0.02277,0.04202,0.02893,0.21258,0.09731,0.02812
0.02565,0.02788,0.02600,0.03115,0.02799,0.02599,0.03016,0.03171,0.03482,0.03478,0.07567,0.13053,0.12986,0.10332,0.03351,0.05927,0.03143,0.04553,0.02428,0.07047
0.03463,0.02653,0.03386,0.02708,0.03619,0.02896,0.02836,0.02935,0.02869,0.02917,0.10869,0.02607,0.02972,0.01716,0.02466,0.16866,0.02530,0.17001,0.02806,0.09883
0.02419,0.02400,0.02393,0.01953,0.02561,0.02694,0.01942,0.02117,0.02077,0.02590,0.03747,0.18271,0.14012,0.07236,0.02895,0.08334,0.08062,0.07198,0.03057,0.04040
0.01860,0.01796,0.01770,0.01271,0.01816,0.01778,0.01789,0.01705,0.01619,0.01784,0.19233,0.05879,0.07783,0.06647,0.01947,0.07673,0.02719,0.07749,0.02288,0.20892
0.01319,0.01772,0.02013,0.01848,0.01648,0.02016,0.01701,0.01743,0.01482,0.01935,0.27111,0.03641,0.03437,0.06906,0.02489,0.02987,0.02689,0.02346,0.12648,0.18267
0.02208,0.02058,0.01916,0.02006,0.02541,0.02208,0.02043,0.02354,0.02176,0.02399,0.22330,0.03110,0.03295,0.07244,0.01815,0.05170,0.03421,0.06112,0.02322,0.23273
0.03627,0.03514,0.03177,0.04017,0.03628,0.05004,0.03077,0.03250,0.03500,0.04659,0.02977,0.08624,0.06069,0.01481,0.03645,0.12152,0.08878,0.11238,0.02541,0.04942
0.01743,0.01618,0.01724,0.01665,0.01702,0.02054,0.01888,0.01648,0.02028,0.01965,0.13754,0.19149,0.16141,0.01630,0.03091,0.03666,0.06521,0.03212,0.02914,0.11889
0.03418,0.03224,0.02609,0.02852,0.02909,0.03483,0.02758,0.02143,0.03022,0.03745,0.06563,0.05643,0.03182,0.01874,0.02873,0.18717,0.03389,0.18519,0.02349,0.06728
0.04545,0.04216,0.05452,0.05523,0.05402,0.05047,0.04172,0.04574,0.04578,0.05952,0.09478,0.04934,0.04708,0.02606,0.03730,0.04035,0.04062,0.05234,0.03301,0.08451
0.04996,0.04188,0.03480,0.04259,0.04305,0.04067,0.03857,0.04311,0.04463,0.04746,0.02537,0.07433,0.03996,0.16255,0.03243,0.06444,0.04875,0.06519,0.03629,0.02397
0.01671,0.01569,0.01685,0.01843,0.01579,0.01685,0.01193,0.01676,0.01547,0.02002,0.15581,0.13833,0.07431,0.02008,0.02980,0.06916,0.07683,0.07262,0.02338,0.17517
0.01552,0.01675,0.01580,0.01450,0.01919,0.01596,0.01442,0.01423,0.01657,0.01816,0.04277,0.06184,0.08204,0.05556,0.04327,0.22692,0.20922,0.04746,0.03463,0.03519
0.01076,0.01068,0.00890,0.01106,0.01261,0.01238,0.01074,0.01127,0.00949,0.01129,0.33208,0.05311,0.03645,0.01902,0.01679,0.02399,0.03726,0.02374,0.01080,0.33757
0.02130,0.01708,0.01713,0.01825,0.01735,0.02078,0.02407,0.01761,0.01957,0.01978,0.06768,0.17175,0.18869,0.05890,0.03370,0.05761,0.03772,0.06193,0.03560,0.09349
