0.04211,0.04817,0.04079,0.03931,0.04025,0.16490,0.13834,0.17022,0.13590,0.18003
0.04669,0.05368,0.03833,0.03498,0.04204,0.16935,0.13622,0.14507,0.10984,0.22380
0.06934,0.06877,0.07038,0.06686,0.07496,0.16093,0.11432,0.12032,0.11035,0.14378
0.03533,0.03863,0.03332,0.03124,0.03382,0.18524,0.12633,0.24967,0.15093,0.11549
0.04649,0.05701,0.03899,0.03753,0.03883,0.12755,0.13129,0.16629,0.13407,0.22195
0.03485,0.03882,0.02977,0.02858,0.03426,0.18547,0.12872,0.15394,0.11450,0.25109
0.03171,0.03566,0.02857,0.02826,0.03182,0.22277,0.11092,0.21385,0.13272,0.16372
0.05794,0.08146,0.04863,0.04870,0.04573,0.08843,0.18517,0.13043,0.18876,0.12474
0.03359,0.03775,0.02808,0.02785,0.02937,0.14816,0.17710,0.16965,0.15570,0.19275
0.04385,0.05173,0.04196,0.03399,0.04109,0.34586,0.08855,0.14112,0.12588,0.08596
0.05833,0.06186,0.04432,0.04051,0.05408,0.24187,0.11300,0.14108,0.12496,0.11999
0.07557,0.06900,0.05988,0.05222,0.06713,0.10734,0.14792,0.13777,0.12504,0.15812
0.04532,0.04769,0.04585,0.03700,0.03939,0.29395,0.08757,0.17971,0.11545,0.10808
0.04575,0.05186,0.03969,0.03405,0.03706,0.13040,0.15077,0.18840,0.17690,0.14513
0.03820,0.04565,0.03210,0.03253,0.03669,0.24406,0.11558,0.16488,0.11560,0.17472
0.04419,0.06558,0.03896,0.03028,0.04521,0.14215,0.12063,0.16481,0.10905,0.23915
0.07707,0.08469,0.06380,0.06522,0.06708,0.11446,0.14597,0.10420,0.15975,0.11777
0.04932,0.06389,0.04812,0.04454,0.04990,0.19253,0.10418,0.16304,0.11540,0.16907
0.04796,0.05711,0.04634,0.03536,0.04233,0.20422,0.10570,0.17839,0.11070,0.17189
0.04712,0.06056,0.04509,0.03684,0.05240,0.07367,0.26644,0.09921,0.19011,0.12857
0.06502,0.10733,0.06091,0.06060,0.06512,0.10406,0.11128,0.12553,0.10973,0.19042
0.04868,0.05721,0.04228,0.03611,0.04025,0.20602,0.11262,0.19217,0.12655,0.13811
0.03641,0.04179,0.03473,0.03245,0.03530,0.18342,0.11161,0.24756,0.17035,0.10638
0.03779,0.04198,0.03312,0.03436,0.03638,0.12352,0.12202,0.13200,0.10644,0.33241
0.04156,0.04660,0.03647,0.03412,0.04091,0.20946,0.13483,0.16074,0.12424,0.17105
0.03231,0.03776,0.02696,0.02676,0.02800,0.07263,0.17084,0.10454,0.11078,0.38941
0.07129,0.07911,0.04786,0.05057,0.05395,0.12779,0.14239,0.14542,0.11607,0.16554
0.03871,0.04872,0.03109,0.03093,0.03745,0.13070,0.19051,0.13777,0.19193,0.16218
0.03766,0.03897,0.03314,0.02884,0.03139,0.17936,0.14150,0.17801,0.13362,0.19752
0.03639,0.04134,0.03701,0.03251,0.03289,0.16581,0.11609,0.17337,0.11941,0.24518
0.04821,0.04646,0.04298,0.04109,0.04102,0.31210,0.08044,0.17421,0.09374,0.11976
0.06474,0.07836,0.05531,0.04574,0.05341,0.10546,0.15169,0.12737,0.14553,0.17239
0.03808,0.04852,0.03140,0.02890,0.03433,0.19862,0.14872,0.16486,0.19963,0.10692
0.02521,0.03034,0.02465,0.01918,0.02394,0.19319,0.13932,0.23057,0.13499,0.17861
0.05225,0.05868,0.04515,0.03987,0.04533,0.19959,0.12869,0.14703,0.11167,0.17174
0.02578,0.03269,0.02354,0.02187,0.02353,0.08896,0.18844,0.12103,0.12125,0.35291
0.04533,0.05632,0.03974,0.03266,0.04200,0.27335,0.09963,0.20865,0.10686,0.09547
0.04523,0.05430,0.04401,0.04345,0.04616,0.18273,0.11737,0.15958,0.11856,0.18862
0.05046,0.05800,0.04288,0.03453,0.04511,0.16008,0.11764,0.15282,0.11854,0.21993
0.05804,0.08193,0.05328,0.05311,0.05645,0.19711,0.07805,0.13515,0.07807,0.20881
0.06277,0.08037,0.06473,0.04343,0.06417,0.15907,0.11365,0.14015,0.10973,0.16194
0.03104,0.03601,0.02762,0.02511,0.02715,0.12470,0.12028,0.16364,0.11207,0.33238
0.06535,0.08146,0.05319,0.04680,0.06097,0.12404,0.11474,0.10690,0.08928,0.25727
0.05930,0.07086,0.04754,0.04001,0.05092,0.14905,0.14063,0.15778,0.13390,0.15001
0.07461,0.08996,0.05893,0.04859,0.07157,0.11243,0.14624,0.11866,0.16969,0.10931
0.03059,0.03566,0.02802,0.02812,0.02883,0.12574,0.14644,0.16629,0.12316,0.28714
0.07127,0.09033,0.05538,0.05780,0.06214,0.17939,0.09846,0.14111,0.10529,0.13882
0.03478,0.03493,0.02731,0.02795,0.02772,0.15554,0.17625,0.14106,0.26019,0.11427
0.03843,0.05050,0.03643,0.03356,0.03428,0.12886,0.09350,0.14906,0.08870,0.34669
0.05441,0.07847,0.05972,0.04575,0.04777,0.22091,0.08131,0.12699,0.07817,0.20649
0.04178,0.04994,0.03809,0.03638,0.04085,0.19821,0.11665,0.18232,0.12129,0.17450
0.02606,0.03364,0.02462,0.02173,0.02552,0.18497,0.10691,0.21131,0.10881,0.25644
0.07342,0.09382,0.06310,0.05183,0.06559,0.11211,0.12739,0.14511,0.13426,0.13338
0.03449,0.04650,0.03406,0.03195,0.03973,0.15848,0.12578,0.20031,0.12242,0.20629
0.04091,0.06061,0.04096,0.02984,0.03724,0.21407,0.10227,0.17737,0.10761,0.18912
0.05734,0.07063,0.05501,0.04814,0.07718,0.17212,0.12756,0.14357,0.13562,0.11284
0.03383,0.03815,0.03442,0.02989,0.02966,0.22574,0.10759,0.16103,0.10003,0.23968
0.04294,0.04896,0.04016,0.03497,0.04063,0.28428,0.08479,0.16791,0.08910,0.16625
0.05385,0.06896,0.05426,0.05261,0.04943,0.09651,0.14189,0.11780,0.12265,0.24205
0.05718,0.06968,0.04728,0.04515,0.05398,0.11170,0.16060,0.13694,0.17041,0.14708
0.05744,0.06657,0.04990,0.04101,0.04737,0.12168,0.18305,0.13245,0.15364,0.14688
0.04693,0.05158,0.04531,0.03500,0.04630,0.20385,0.10770,0.13605,0.10568,0.22159
0.06416,0.07632,0.07155,0.05134,0.06201,0.27579,0.07397,0.14706,0.09077,0.08702
0.04581,0.04836,0.03868,0.03298,0.03875,0.13279,0.13912,0.14313,0.12638,0.25398
0.03863,0.04411,0.03414,0.03437,0.03420,0.27658,0.08536,0.12567,0.07574,0.25120
0.04075,0.04051,0.03951,0.03299,0.03470,0.20738,0.11780,0.16549,0.13142,0.18945
0.04434,0.04989,0.04699,0.04395,0.04471,0.18080,0.11941,0.18730,0.12679,0.15582
0.06494,0.07940,0.04419,0.04559,0.05942,0.16454,0.12900,0.12845,0.11666,0.16782
0.03898,0.04319,0.03589,0.03206,0.03617,0.19421,0.13706,0.17387,0.15205,0.15652
0.05456,0.05729,0.05591,0.05336,0.04824,0.12794,0.12315,0.12840,0.10155,0.24960
0.05440,0.06793,0.04107,0.03290,0.04602,0.23147,0.11004,0.13844,0.10479,0.17292
0.05330,0.05970,0.04786,0.04018,0.05765,0.24765,0.10187,0.13848,0.09885,0.15447
0.06964,0.10362,0.05396,0.05282,0.05678,0.15883,0.10549,0.16671,0.15412,0.07802
0.03174,0.04114,0.02968,0.02961,0.03222,0.20122,0.13588,0.16078,0.12339,0.21435
0.04821,0.05842,0.05224,0.04728,0.05034,0.18221,0.10566,0.14455,0.11323,0.19786
0.03416,0.03789,0.02819,0.02558,0.03093,0.18441,0.11960,0.16528,0.12613,0.24782
0.05367,0.05990,0.04686,0.04143,0.04262,0.10469,0.11693,0.12437,0.09969,0.30983
0.04166,0.04903,0.03916,0.03506,0.03995,0.29052,0.10811,0.15603,0.11617,0.12431
0.03943,0.04653,0.03548,0.03030,0.03819,0.15186,0.15628,0.18635,0.14951,0.16606
0.03270,0.03720,0.03023,0.02698,0.03130,0.16006,0.15585,0.14758,0.12641,0.25168
0.04866,0.05655,0.04690,0.03389,0.04069,0.12811,0.14010,0.20012,0.16835,0.13663
0.04441,0.07050,0.03995,0.03863,0.04085,0.21218,0.06292,0.14693,0.06585,0.27777
0.04567,0.05300,0.03521,0.03014,0.03706,0.17731,0.12108,0.14825,0.11248,0.23980
0.04145,0.04765,0.04139,0.03663,0.03959,0.19865,0.13083,0.14028,0.11472,0.20883
0.05058,0.06839,0.03814,0.03062,0.03936,0.20563,0.11199,0.16710,0.10119,0.18701
0.05172,0.06718,0.04767,0.05460,0.05952,0.15324,0.14455,0.14261,0.17571,0.10320
0.03550,0.04829,0.03379,0.03106,0.03351,0.17934,0.11563,0.19083,0.11578,0.21627
0.03768,0.04445,0.03399,0.03321,0.03713,0.14333,0.15373,0.16227,0.14474,0.20946
0.05057,0.06060,0.04626,0.03813,0.04133,0.14268,0.11436,0.26422,0.15862,0.08323
0.03163,0.03793,0.02835,0.02491,0.02938,0.23105,0.13562,0.16913,0.14399,0.16802
0.04084,0.04383,0.03569,0.03068,0.03357,0.17893,0.14264,0.19459,0.16492,0.13430
0.03770,0.04054,0.03717,0.03315,0.03746,0.10881,0.18623,0.15506,0.17568,0.18821
0.06075,0.06759,0.05459,0.05010,0.05313,0.11060,0.14036,0.14620,0.13306,0.18362
0.03091,0.04046,0.02405,0.01996,0.02706,0.11736,0.18631,0.14735,0.12538,0.28117
0.05596,0.07550,0.05655,0.05302,0.05347,0.25282,0.07236,0.18641,0.08169,0.11223
0.02653,0.03074,0.02418,0.02190,0.02435,0.13077,0.16296,0.15357,0.14626,0.27873
0.06066,0.07819,0.04575,0.04238,0.05248,0.14434,0.14966,0.16813,0.17012,0.08829
0.03821,0.04652,0.03634,0.03613,0.03043,0.18626,0.11099,0.21204,0.11821,0.18486
0.03440,0.03967,0.02986,0.02744,0.03198,0.18553,0.12743,0.14759,0.11951,0.25658
0.03865,0.03918,0.03290,0.02731,0.03267,0.24263,0.10410,0.13237,0.09778,0.25240
