0.04493,0.05468,0.05273,0.04352,0.11267,0.05699,0.06539,0.05824,0.04032,0.03515,0.03477,0.07642,0.02263,0.08889,0.03009,0.03474,0.04560,0.03348,0.03570,0.03306
0.03547,0.05544,0.06679,0.06174,0.11026,0.04564,0.11844,0.03049,0.02991,0.02994,0.02478,0.12536,0.02188,0.11768,0.02369,0.02300,0.02000,0.01851,0.01741,0.02359
0.04873,0.09087,0.06018,0.06131,0.15311,0.07159,0.16247,0.03423,0.03820,0.03769,0.01763,0.05750,0.01527,0.06398,0.01613,0.01372,0.01401,0.01733,0.01224,0.01381
0.03236,0.02979,0.05086,0.04789,0.05013,0.03206,0.05218,0.02997,0.03169,0.03368,0.04213,0.12658,0.03143,0.22159,0.03326,0.02984,0.02844,0.02381,0.03993,0.03236
0.03285,0.04015,0.05356,0.04541,0.20843,0.06055,0.23589,0.01867,0.02474,0.01920,0.01946,0.04987,0.02291,0.05067,0.01925,0.01784,0.02073,0.01322,0.01904,0.02756
0.03148,0.03014,0.04386,0.03425,0.25652,0.04037,0.16371,0.02378,0.02318,0.02658,0.02939,0.07564,0.02836,0.06772,0.02342,0.02122,0.01716,0.02491,0.01243,0.02586
0.03231,0.03674,0.04277,0.03359,0.08204,0.04152,0.08920,0.02062,0.02508,0.02559,0.03064,0.16787,0.02932,0.20406,0.02602,0.02141,0.02152,0.02026,0.02358,0.02588
0.04754,0.03118,0.07400,0.03850,0.21602,0.02830,0.19427,0.03375,0.02461,0.02745,0.02119,0.04559,0.01601,0.06004,0.03141,0.02038,0.02168,0.01877,0.02208,0.02723
0.03307,0.04159,0.07322,0.04900,0.07030,0.04382,0.07195,0.02100,0.02932,0.02607,0.03602,0.15285,0.04104,0.16337,0.02323,0.02938,0.01906,0.02390,0.01847,0.03335
0.03378,0.06146,0.05522,0.05001,0.11267,0.05140,0.10582,0.04310,0.03612,0.03090,0.03846,0.04476,0.03346,0.04359,0.03754,0.04508,0.03604,0.04261,0.02547,0.07251
0.02746,0.02822,0.04330,0.03575,0.07753,0.03221,0.07982,0.02572,0.02404,0.02812,0.02922,0.13516,0.01979,0.27502,0.02780,0.01720,0.02106,0.01840,0.02610,0.02809
0.02410,0.03609,0.04187,0.03141,0.16672,0.03381,0.14992,0.01643,0.02069,0.02063,0.02143,0.09570,0.01935,0.17902,0.02798,0.01753,0.02212,0.02015,0.02664,0.02841
0.02309,0.02668,0.04423,0.04049,0.06222,0.02487,0.08731,0.01644,0.02108,0.02329,0.02196,0.15172,0.01417,0.33750,0.01967,0.01642,0.01909,0.01618,0.01663,0.01698
0.02861,0.03088,0.04285,0.03505,0.05696,0.03483,0.06651,0.02539,0.02536,0.02631,0.02927,0.17113,0.02416,0.27600,0.02002,0.02047,0.02105,0.01808,0.02363,0.02344
0.03061,0.03806,0.04305,0.03174,0.06376,0.03470,0.07748,0.02202,0.02488,0.02756,0.02660,0.16119,0.02327,0.22406,0.02734,0.02740,0.03619,0.01921,0.03210,0.02877
0.03622,0.07371,0.04077,0.03611,0.20333,0.07173,0.07506,0.08613,0.03739,0.02670,0.03092,0.02464,0.01769,0.02623,0.02128,0.02647,0.03567,0.07184,0.02600,0.03210
0.05597,0.05534,0.06291,0.04693,0.07282,0.05334,0.06533,0.03484,0.04450,0.04334,0.04366,0.05977,0.03798,0.05979,0.03858,0.03592,0.04275,0.05251,0.04122,0.05251
0.04499,0.04409,0.06190,0.06496,0.19398,0.05476,0.20005,0.02324,0.04874,0.03066,0.01667,0.04215,0.02200,0.04858,0.01920,0.01433,0.01621,0.01618,0.01532,0.02197
0.05110,0.05269,0.05921,0.04830,0.13174,0.06341,0.10551,0.03453,0.03521,0.04488,0.02395,0.07846,0.02441,0.07832,0.03354,0.02462,0.02325,0.03887,0.01610,0.03190
0.03127,0.03424,0.05318,0.04263,0.18517,0.03922,0.15268,0.03356,0.03677,0.02622,0.02720,0.05236,0.02631,0.06109,0.04310,0.02405,0.03244,0.02426,0.03087,0.04338
0.05945,0.06525,0.09947,0.06734,0.04120,0.05672,0.04458,0.04179,0.03534,0.04310,0.01806,0.10646,0.01847,0.16690,0.02236,0.01928,0.02419,0.01892,0.02930,0.02181
0.04343,0.04555,0.11207,0.07339,0.10532,0.02785,0.15960,0.02101,0.02512,0.02585,0.04546,0.04480,0.03806,0.03994,0.02901,0.02951,0.02438,0.03360,0.01913,0.05692
0.04107,0.06053,0.06985,0.05740,0.05940,0.05762,0.07471,0.04234,0.03064,0.03709,0.03465,0.08521,0.03426,0.08420,0.02617,0.04879,0.03304,0.02681,0.05907,0.03715
0.02707,0.05936,0.06291,0.04563,0.12436,0.04316,0.13986,0.02764,0.02994,0.03174,0.03402,0.09792,0.02205,0.11391,0.02360,0.01905,0.02463,0.02187,0.02131,0.02996
0.03936,0.04935,0.07032,0.04970,0.06964,0.04079,0.06438,0.02888,0.03481,0.03593,0.05386,0.04997,0.06360,0.05524,0.04472,0.03256,0.05056,0.04959,0.03457,0.08216
0.02883,0.03022,0.04639,0.03308,0.16472,0.02902,0.16767,0.02698,0.02034,0.02779,0.02609,0.10033,0.01832,0.17445,0.02040,0.01743,0.01319,0.01959,0.01576,0.01941
0.03175,0.04234,0.08431,0.05174,0.04492,0.03952,0.06025,0.02582,0.03523,0.02313,0.03188,0.12858,0.05222,0.18433,0.02156,0.02891,0.02840,0.01928,0.03004,0.03578
0.03421,0.04298,0.06286,0.05080,0.08648,0.03751,0.10567,0.02325,0.03076,0.02806,0.04233,0.10900,0.03808,0.10409,0.03157,0.03254,0.03027,0.04520,0.02369,0.04067
0.02845,0.03103,0.04234,0.03357,0.06272,0.03417,0.07026,0.02164,0.02650,0.02578,0.02628,0.13237,0.01723,0.30722,0.03103,0.02561,0.02331,0.01927,0.02015,0.02107
0.03110,0.04390,0.04899,0.05262,0.13610,0.04984,0.17247,0.02846,0.02184,0.03268,0.02046,0.11274,0.01590,0.10720,0.02249,0.02403,0.02320,0.02050,0.01377,0.02170
0.03422,0.04877,0.07037,0.06092,0.06164,0.04081,0.05600,0.03054,0.04033,0.04169,0.02586,0.11758,0.02711,0.16787,0.03051,0.02649,0.02810,0.02379,0.03433,0.03308
0.03685,0.05134,0.07116,0.11448,0.05437,0.03490,0.08179,0.02305,0.02834,0.04084,0.02018,0.09899,0.01445,0.22810,0.01809,0.01391,0.01719,0.01502,0.02048,0.01646
0.04033,0.04229,0.06676,0.08359,0.16591,0.04076,0.18541,0.03566,0.02694,0.03840,0.02272,0.03896,0.02720,0.04463,0.02614,0.02097,0.02212,0.01900,0.01693,0.03529
0.03184,0.07479,0.04906,0.03926,0.23867,0.06148,0.25136,0.01529,0.03279,0.02319,0.01656,0.04134,0.01492,0.03980,0.01274,0.00849,0.01131,0.01208,0.00909,0.01593
0.03430,0.04163,0.07760,0.05557,0.17739,0.04187,0.14367,0.03140,0.03473,0.02803,0.03086,0.05854,0.02040,0.07643,0.02741,0.02018,0.03285,0.01990,0.01875,0.02850
0.02678,0.03114,0.03331,0.02542,0.09023,0.03087,0.07211,0.02771,0.02833,0.02187,0.02028,0.16975,0.01611,0.28532,0.02570,0.01457,0.02383,0.01788,0.01839,0.02043
0.02401,0.03465,0.03613,0.02590,0.09036,0.03306,0.06356,0.01527,0.02557,0.02170,0.02786,0.09701,0.01801,0.36871,0.01824,0.01323,0.01644,0.03178,0.02184,0.01665
0.02260,0.02740,0.03329,0.03047,0.09814,0.02493,0.12047,0.01375,0.02020,0.01471,0.04379,0.11667,0.07523,0.11990,0.03095,0.03667,0.02349,0.03082,0.01744,0.09907
0.03929,0.06182,0.05573,0.04414,0.09895,0.04475,0.09496,0.03976,0.03557,0.03102,0.03367,0.07548,0.03386,0.07862,0.03622,0.03880,0.07146,0.02685,0.02548,0.03356
0.01933,0.02303,0.03144,0.02571,0.37415,0.02618,0.26618,0.01174,0.01273,0.01155,0.01559,0.04482,0.01336,0.05456,0.01328,0.01016,0.01053,0.01150,0.00916,0.01500
0.04919,0.04593,0.06640,0.04743,0.06741,0.04218,0.06951,0.02868,0.03123,0.04062,0.03246,0.11484,0.02193,0.18682,0.02835,0.01845,0.03524,0.02031,0.03001,0.02300
0.02845,0.05116,0.04454,0.03743,0.11027,0.04150,0.12014,0.02422,0.02667,0.04118,0.03013,0.07479,0.01678,0.16506,0.03781,0.02454,0.03341,0.02774,0.04046,0.02374
0.02109,0.03544,0.04682,0.03388,0.32147,0.03443,0.26969,0.01165,0.01806,0.01564,0.01942,0.03050,0.01620,0.03420,0.01721,0.01175,0.01320,0.01460,0.00770,0.02705
0.04844,0.04939,0.05601,0.07527,0.05072,0.04893,0.05037,0.03899,0.04137,0.07870,0.03276,0.05075,0.03378,0.06202,0.03128,0.05899,0.03804,0.05248,0.06508,0.03662
0.02880,0.04238,0.05432,0.03842,0.09229,0.03627,0.10478,0.02984,0.03045,0.03354,0.02697,0.10433,0.01829,0.21018,0.02792,0.01896,0.02863,0.02260,0.02751,0.02350
0.02557,0.03323,0.05081,0.03893,0.05541,0.03199,0.06434,0.01809,0.02523,0.02467,0.02152,0.11417,0.01685,0.34559,0.02628,0.02505,0.01990,0.02264,0.01676,0.02297
0.03185,0.05144,0.04238,0.04266,0.07387,0.03935,0.08086,0.02692,0.02055,0.02914,0.04368,0.15514,0.05794,0.09341,0.02913,0.03609,0.03255,0.03346,0.02513,0.05444
0.04234,0.06104,0.08854,0.07085,0.06652,0.04848,0.06659,0.03350,0.04451,0.04196,0.02280,0.10178,0.02777,0.12062,0.02642,0.02340,0.03623,0.02058,0.02642,0.02965
0.02813,0.03722,0.06720,0.04250,0.18484,0.03874,0.23415,0.02016,0.02449,0.02073,0.02188,0.05954,0.02068,0.07721,0.02269,0.01636,0.01947,0.01731,0.02053,0.02617
0.05882,0.06142,0.06162,0.09160,0.07480,0.05361,0.06654,0.04722,0.04188,0.04159,0.03481,0.02504,0.02818,0.02510,0.02234,0.05168,0.04792,0.04868,0.05741,0.05978
0.03890,0.03942,0.05541,0.06024,0.04396,0.04660,0.04718,0.02931,0.04480,0.03727,0.02818,0.11411,0.02304,0.16781,0.03460,0.03340,0.04843,0.04480,0.03744,0.02511
0.04575,0.08551,0.11980,0.08815,0.07325,0.05443,0.09559,0.03800,0.03604,0.04305,0.02349,0.04893,0.02226,0.06544,0.03105,0.02255,0.02850,0.01568,0.03281,0.02972
0.04250,0.06391,0.07405,0.04485,0.07429,0.04967,0.09907,0.02593,0.03106,0.03468,0.06969,0.05298,0.04377,0.04464,0.03668,0.03306,0.03181,0.07288,0.01844,0.05603
0.05954,0.05642,0.05294,0.05349,0.07418,0.04856,0.05579,0.04853,0.04370,0.03775,0.03457,0.03589,0.03139,0.03969,0.03672,0.03708,0.04224,0.10002,0.05012,0.06138
0.02765,0.03465,0.03892,0.03643,0.06183,0.02964,0.07025,0.02228,0.02417,0.02613,0.02938,0.14088,0.03036,0.26694,0.02680,0.03078,0.02265,0.01800,0.03293,0.02934
0.05539,0.04637,0.07850,0.07115,0.06908,0.07274,0.06954,0.03357,0.05170,0.04351,0.03309,0.08623,0.02798,0.07578,0.02478,0.03015,0.02581,0.03881,0.03504,0.03078
0.03370,0.05641,0.05482,0.04451,0.25215,0.03404,0.16540,0.04098,0.03152,0.04431,0.02221,0.02708,0.01879,0.02963,0.02439,0.02022,0.03035,0.02003,0.02433,0.02513
0.03505,0.04219,0.04712,0.03242,0.28624,0.05974,0.17170,0.03715,0.04323,0.03022,0.01602,0.02710,0.01526,0.02985,0.02256,0.01986,0.02241,0.02090,0.01675,0.02421
0.04560,0.04921,0.04803,0.05604,0.06918,0.04407,0.06907,0.04235,0.02772,0.04122,0.04977,0.06853,0.03474,0.06983,0.03903,0.04622,0.05087,0.04202,0.05417,0.05232
0.05639,0.05643,0.08962,0.09989,0.06884,0.05558,0.10647,0.03114,0.06641,0.04623,0.02497,0.05660,0.01906,0.06906,0.03138,0.02129,0.03254,0.02564,0.01501,0.02744
0.04256,0.04442,0.12828,0.07597,0.09081,0.04707,0.12111,0.05399,0.07574,0.03156,0.02074,0.04740,0.01507,0.06535,0.02566,0.01964,0.02712,0.02276,0.02596,0.01878
0.04819,0.03199,0.05083,0.05184,0.25176,0.05839,0.17286,0.03394,0.02977,0.03073,0.02154,0.03803,0.02174,0.04497,0.01557,0.01678,0.01459,0.02258,0.02252,0.02137
0.05538,0.06441,0.08527,0.06842,0.12938,0.05937,0.12810,0.02922,0.03582,0.03725,0.02205,0.05648,0.02620,0.05629,0.02064,0.02031,0.02801,0.02006,0.03006,0.02728
0.02905,0.04234,0.03535,0.03429,0.14970,0.03969,0.14903,0.02108,0.03162,0.01454,0.02689,0.13083,0.02842,0.12675,0.02139,0.02975,0.02458,0.01716,0.01789,0.02963
0.03449,0.04125,0.06136,0.04180,0.08058,0.05019,0.06410,0.03263,0.04004,0.02574,0.04304,0.07625,0.04349,0.08560,0.03738,0.06083,0.03107,0.04854,0.02994,0.07168
0.02407,0.02985,0.04212,0.03960,0.22800,0.03307,0.23617,0.02253,0.02896,0.02459,0.01911,0.06440,0.02047,0.06704,0.01735,0.02366,0.01952,0.01841,0.01937,0.02169
0.04757,0.05012,0.06137,0.04973,0.07428,0.05989,0.06469,0.03309,0.03899,0.03966,0.01945,0.12712,0.01933,0.15534,0.02934,0.02648,0.03112,0.02022,0.02801,0.02421
0.03334,0.03963,0.05593,0.05189,0.04167,0.03598,0.04216,0.02699,0.02490,0.03445,0.02756,0.13196,0.02530,0.26032,0.02531,0.02538,0.02722,0.01964,0.04058,0.02981
0.03710,0.04539,0.06671,0.04107,0.09944,0.03250,0.11791,0.02534,0.02378,0.02520,0.03038,0.12034,0.04006,0.13038,0.02542,0.02979,0.02661,0.01944,0.02347,0.03967
0.03943,0.03943,0.04698,0.03645,0.10005,0.04604,0.12652,0.03449,0.03218,0.02729,0.03568,0.09576,0.02292,0.11757,0.03233,0.03799,0.03347,0.02857,0.02308,0.04375
0.02950,0.04183,0.04355,0.03296,0.47009,0.06200,0.08706,0.01342,0.02948,0.02745,0.01492,0.03303,0.01148,0.03427,0.01178,0.01092,0.00970,0.01128,0.00943,0.01585
0.03728,0.03426,0.03837,0.03254,0.08762,0.03220,0.07050,0.02589,0.02438,0.02578,0.03583,0.15124,0.02113,0.20808,0.03946,0.02804,0.03086,0.02722,0.02059,0.02873
0.05293,0.05923,0.10252,0.06917,0.06171,0.05856,0.10491,0.02403,0.03600,0.03173,0.03303,0.06460,0.04273,0.06479,0.03089,0.02672,0.03275,0.03348,0.01308,0.05713
0.03381,0.04588,0.06536,0.07564,0.05712,0.03999,0.05787,0.03359,0.05756,0.03985,0.02886,0.11926,0.02846,0.14826,0.02643,0.02411,0.03999,0.02188,0.03195,0.02413
0.02260,0.06486,0.03236,0.04028,0.16954,0.05310,0.17711,0.04096,0.02439,0.02376,0.03273,0.07723,0.03013,0.07448,0.02371,0.02257,0.03068,0.01720,0.01673,0.02558
0.04256,0.05318,0.07688,0.07502,0.04974,0.03822,0.06140,0.02826,0.02516,0.02769,0.06822,0.08798,0.07963,0.06917,0.03536,0.03054,0.03405,0.03948,0.02587,0.05158
0.01747,0.02573,0.03086,0.04634,0.19820,0.02504,0.39375,0.01548,0.01404,0.01917,0.02240,0.02784,0.01796,0.02844,0.01806,0.01740,0.02240,0.01994,0.01962,0.01985
0.04073,0.04848,0.06033,0.05913,0.09503,0.05036,0.10103,0.03477,0.04417,0.04160,0.03570,0.07972,0.02387,0.09284,0.03008,0.04309,0.03333,0.02911,0.02087,0.03575
0.03934,0.04811,0.06592,0.04627,0.06495,0.04513,0.05980,0.03057,0.03452,0.02726,0.03162,0.12020,0.04166,0.12724,0.03328,0.04842,0.03546,0.02524,0.03524,0.03978
0.02898,0.04668,0.05657,0.04483,0.07171,0.03985,0.05895,0.02999,0.02839,0.02479,0.04114,0.10907,0.03624,0.10482,0.03515,0.06099,0.03309,0.04369,0.03401,0.07109
0.01418,0.01882,0.03192,0.02305,0.11326,0.01643,0.14774,0.01030,0.01316,0.01315,0.01579,0.15003,0.01294,0.34368,0.01220,0.01149,0.01600,0.01092,0.00721,0.01772
0.03963,0.04854,0.06388,0.05364,0.07499,0.04887,0.06337,0.03897,0.03913,0.04179,0.02347,0.12003,0.01939,0.15720,0.02181,0.03959,0.02905,0.03113,0.02209,0.02343
0.01923,0.02271,0.03732,0.02469,0.11786,0.02391,0.17637,0.02888,0.02464,0.02309,0.02277,0.09250,0.01440,0.25159,0.02555,0.01510,0.01873,0.01626,0.02544,0.01897
0.03759,0.05903,0.06856,0.06453,0.09634,0.04906,0.11356,0.05507,0.04748,0.04455,0.02467,0.05895,0.02692,0.07931,0.02417,0.03049,0.04138,0.02086,0.02629,0.03118
0.02905,0.06370,0.06830,0.03990,0.09874,0.03375,0.12013,0.02690,0.02913,0.02876,0.03963,0.09603,0.01686,0.14352,0.03230,0.02542,0.02278,0.03551,0.01781,0.03177
0.03423,0.03896,0.07294,0.05824,0.06930,0.03397,0.07981,0.03102,0.03142,0.02734,0.03974,0.11314,0.03437,0.11916,0.03389,0.03279,0.04215,0.02722,0.03903,0.04128
0.02323,0.03202,0.03507,0.03283,0.05416,0.03051,0.05321,0.01935,0.02077,0.01783,0.02842,0.23956,0.03339,0.20609,0.02559,0.03738,0.02944,0.02324,0.01708,0.04085
0.05453,0.05649,0.06355,0.05497,0.08222,0.05160,0.14574,0.03638,0.05215,0.04199,0.03931,0.04901,0.03206,0.04685,0.02737,0.02765,0.03925,0.04019,0.02990,0.02879
0.03945,0.05321,0.17547,0.11442,0.11347,0.04991,0.16646,0.01999,0.02327,0.03402,0.01361,0.04475,0.01561,0.05497,0.01293,0.01318,0.01180,0.00997,0.01697,0.01655
0.02372,0.03065,0.03942,0.04150,0.05004,0.02961,0.05910,0.02104,0.01815,0.01994,0.04315,0.19912,0.05835,0.15209,0.02662,0.05780,0.02382,0.02670,0.02108,0.05810
0.04482,0.04568,0.07104,0.06038,0.08062,0.04412,0.07211,0.03477,0.03523,0.04385,0.02980,0.09045,0.02250,0.11633,0.03736,0.03174,0.03876,0.02366,0.04770,0.02908
0.02540,0.02502,0.03956,0.02701,0.31604,0.02690,0.22369,0.02115,0.02013,0.02152,0.01980,0.04299,0.02229,0.04559,0.02174,0.01910,0.01986,0.01707,0.01626,0.02887
0.01588,0.04358,0.16524,0.08068,0.02831,0.01813,0.18719,0.01001,0.01362,0.01241,0.02836,0.14246,0.02606,0.12022,0.01642,0.01523,0.01361,0.01667,0.01054,0.03540
0.04085,0.04720,0.07954,0.05252,0.06933,0.04271,0.07330,0.03174,0.03463,0.03750,0.02097,0.13107,0.01760,0.20031,0.01982,0.02349,0.02125,0.01997,0.01747,0.01874
0.02585,0.04831,0.03209,0.02797,0.07759,0.03822,0.06785,0.03563,0.02625,0.02233,0.02433,0.18771,0.02200,0.22134,0.02699,0.02669,0.02408,0.02043,0.01890,0.02546
0.02697,0.03518,0.04778,0.03723,0.08572,0.03544,0.08293,0.02864,0.02987,0.02925,0.01917,0.16991,0.01530,0.23718,0.02148,0.01862,0.02176,0.01797,0.02120,0.01840
0.02416,0.02095,0.04143,0.03207,0.04698,0.02854,0.04717,0.03206,0.01906,0.01696,0.03297,0.16269,0.05027,0.14989,0.02335,0.09646,0.03430,0.02620,0.02837,0.08610
0.03611,0.06078,0.05128,0.04816,0.06508,0.05189,0.06688,0.03598,0.03519,0.03473,0.03869,0.13878,0.03222,0.12263,0.02729,0.03624,0.02847,0.02727,0.02713,0.03521
0.04103,0.03549,0.12609,0.07554,0.10517,0.03213,0.14218,0.04029,0.03886,0.02705,0.01867,0.08534,0.01687,0.10322,0.02018,0.01999,0.01813,0.01448,0.01989,0.01940
0.03294,0.05116,0.04193,0.03832,0.14734,0.03619,0.19142,0.02951,0.02350,0.03220,0.03146,0.05331,0.02601,0.06252,0.04047,0.02810,0.03334,0.03235,0.02315,0.04477
