0.00480,0.14516,0.01819,0.46311,0.00201,0.00508,0.00856,0.00961,0.00434,0.00617,0.02939,0.02196,0.01515,0.23104,0.00606,0.00789,0.00389,0.00794,0.00218,0.00745
0.01424,0.01630,0.03029,0.02487,0.03271,0.02270,0.02413,0.01528,0.01994,0.00815,0.12202,0.04664,0.07308,0.02150,0.06472,0.40541,0.01810,0.02155,0.00806,0.01032
0.06207,0.03873,0.10431,0.03786,0.03541,0.04115,0.05941,0.03642,0.02794,0.01654,0.16145,0.03470,0.05880,0.05386,0.07536,0.01379,0.02537,0.04215,0.00532,0.06939
0.02382,0.00670,0.05434,0.01435,0.48692,0.01127,0.01108,0.01308,0.00774,0.00446,0.23846,0.05449,0.01930,0.01912,0.00726,0.00438,0.00482,0.00590,0.00479,0.00772
0.18473,0.04701,0.03521,0.06362,0.01522,0.03222,0.01740,0.09550,0.02268,0.01489,0.02464,0.03691,0.04792,0.02836,0.03263,0.15806,0.02184,0.09898,0.00897,0.01323
0.03421,0.02253,0.03577,0.23139,0.02991,0.24955,0.01175,0.01673,0.01565,0.01530,0.09111,0.03743,0.02842,0.03771,0.03323,0.02471,0.04732,0.01172,0.01524,0.01034
0.01166,0.01260,0.03594,0.12319,0.18409,0.04412,0.07173,0.07456,0.02049,0.01145,0.03384,0.03615,0.03615,0.05430,0.00926,0.02682,0.01962,0.18297,0.00225,0.00880
0.01498,0.01917,0.01379,0.01842,0.01416,0.01492,0.02011,0.01889,0.01797,0.01395,0.05815,0.02403,0.05271,0.14895,0.07128,0.44368,0.02029,0.00660,0.00461,0.00335
0.03054,0.05059,0.04911,0.02727,0.04892,0.04205,0.04397,0.03325,0.03515,0.01053,0.09142,0.03806,0.02218,0.28645,0.02588,0.05000,0.01587,0.06672,0.00828,0.02377
0.02641,0.01237,0.16651,0.06271,0.18160,0.06401,0.16419,0.02352,0.01402,0.00968,0.08119,0.01865,0.02749,0.01443,0.00783,0.00947,0.01968,0.08788,0.00173,0.00662
0.00414,0.00996,0.02361,0.01341,0.00402,0.00561,0.01435,0.38155,0.00613,0.00394,0.01946,0.04527,0.33878,0.03579,0.04466,0.02652,0.00648,0.00912,0.00190,0.00529
0.01930,0.00778,0.00824,0.01938,0.00604,0.03369,0.01106,0.01543,0.01271,0.00686,0.07707,0.07082,0.02617,0.00626,0.04408,0.46776,0.02407,0.12972,0.00935,0.00423
0.04426,0.02673,0.03554,0.03472,0.14431,0.03189,0.01523,0.03855,0.07233,0.06267,0.08272,0.07054,0.03267,0.16279,0.01474,0.04368,0.01930,0.04309,0.01565,0.00859
0.01297,0.02620,0.01175,0.01901,0.00970,0.01300,0.01845,0.01138,0.01088,0.00837,0.03279,0.03896,0.03602,0.40878,0.04510,0.22713,0.00956,0.04999,0.00332,0.00664
0.02761,0.16970,0.02745,0.34610,0.02442,0.04630,0.01937,0.01067,0.00905,0.00726,0.02246,0.10155,0.02260,0.01577,0.00290,0.00405,0.01619,0.11708,0.00250,0.00696
0.00774,0.01431,0.01863,0.02508,0.01292,0.02129,0.01209,0.02273,0.01681,0.00997,0.03069,0.02568,0.04495,0.10355,0.01460,0.59013,0.00834,0.01268,0.00300,0.00483
0.03767,0.16606,0.02814,0.03703,0.02624,0.02405,0.04105,0.01100,0.01554,0.01505,0.10145,0.18423,0.10064,0.01557,0.02647,0.01024,0.10082,0.03417,0.00925,0.01531
0.00882,0.07189,0.01960,0.27039,0.02405,0.01379,0.00995,0.01126,0.01597,0.01407,0.03129,0.03482,0.04831,0.15075,0.01357,0.10550,0.01254,0.12069,0.00826,0.01447
0.01595,0.02499,0.02317,0.06457,0.01809,0.01575,0.01181,0.04673,0.02609,0.00881,0.03129,0.03351,0.04158,0.21105,0.12055,0.26622,0.01776,0.01077,0.00673,0.00457
0.03966,0.35097,0.05241,0.04951,0.02401,0.04668,0.04411,0.03022,0.02956,0.00813,0.04633,0.04906,0.07349,0.01562,0.01550,0.01721,0.06241,0.02644,0.00866,0.01003
0.03378,0.03542,0.09977,0.10743,0.02432,0.02282,0.14892,0.02525,0.02835,0.01827,0.13541,0.07699,0.11041,0.01796,0.01299,0.00547,0.05255,0.01824,0.00619,0.01946
0.03390,0.09155,0.03901,0.16854,0.02381,0.06800,0.07497,0.08626,0.04045,0.03984,0.03224,0.04129,0.02009,0.04136,0.13641,0.01424,0.01565,0.01048,0.00674,0.01516
0.02925,0.02578,0.01175,0.44481,0.03455,0.09293,0.00791,0.01304,0.08959,0.00849,0.05467,0.03907,0.02379,0.02697,0.02297,0.01788,0.01800,0.01147,0.00917,0.01791
0.01892,0.00800,0.01659,0.03126,0.01545,0.01926,0.03158,0.01155,0.01079,0.01001,0.02785,0.07961,0.14646,0.01417,0.01151,0.01577,0.01248,0.01052,0.00889,0.49936
0.01213,0.00722,0.11022,0.10037,0.36927,0.02712,0.08790,0.02253,0.01210,0.00468,0.06327,0.03219,0.02129,0.02128,0.00344,0.00668,0.01307,0.07872,0.00220,0.00430
0.01243,0.01478,0.03736,0.05313,0.00906,0.01217,0.00875,0.01131,0.01208,0.00523,0.06319,0.02647,0.03092,0.28918,0.05353,0.32282,0.00857,0.01806,0.00258,0.00838
0.01382,0.00718,0.01133,0.04353,0.00616,0.00886,0.00771,0.01031,0.00551,0.00577,0.02889,0.02683,0.01640,0.15853,0.01894,0.60170,0.00674,0.01458,0.00250,0.00468
0.04712,0.02342,0.09949,0.16072,0.09034,0.04296,0.04252,0.04756,0.05503,0.03616,0.12803,0.04110,0.01528,0.05955,0.02414,0.01898,0.01637,0.01646,0.01195,0.02279
0.01673,0.01120,0.01045,0.01832,0.01198,0.01017,0.01096,0.00965,0.00834,0.00927,0.03863,0.06241,0.02803,0.39477,0.01073,0.25252,0.00842,0.07226,0.00439,0.01078
0.02492,0.02223,0.01257,0.43083,0.00560,0.04508,0.00615,0.00716,0.00638,0.00496,0.07908,0.03407,0.02322,0.25691,0.00304,0.00786,0.00519,0.00612,0.00334,0.01529
0.00796,0.19010,0.00971,0.57349,0.00485,0.00908,0.01483,0.00878,0.00762,0.00747,0.03589,0.03690,0.02218,0.02862,0.00442,0.00814,0.00785,0.01123,0.00448,0.00639
0.01731,0.01060,0.00906,0.62738,0.00481,0.03628,0.00854,0.00875,0.01054,0.00538,0.02513,0.02213,0.01073,0.16524,0.00372,0.00927,0.00627,0.00509,0.00343,0.01034
0.01168,0.01689,0.02375,0.02419,0.02353,0.01747,0.01616,0.03971,0.01259,0.01414,0.02259,0.03625,0.09208,0.31681,0.04786,0.16068,0.01397,0.08944,0.00300,0.01723
0.01732,0.01752,0.05752,0.06216,0.06846,0.06347,0.02382,0.02474,0.01280,0.01404,0.06670,0.05798,0.03244,0.09930,0.02540,0.18616,0.01503,0.13868,0.00414,0.01233
0.02754,0.27444,0.02626,0.10271,0.04857,0.02920,0.02122,0.03000,0.04174,0.07265,0.04097,0.03286,0.02737,0.07063,0.02277,0.04236,0.01326,0.05267,0.00804,0.01474
0.01353,0.02510,0.00592,0.01286,0.00970,0.00819,0.00645,0.01400,0.00575,0.00780,0.04073,0.78636,0.01074,0.03056,0.00253,0.00420,0.00250,0.00473,0.00489,0.00344
0.01927,0.01803,0.03393,0.03927,0.01285,0.01126,0.07916,0.01379,0.01254,0.00917,0.14019,0.17898,0.05108,0.03484,0.01409,0.01009,0.01171,0.24446,0.02677,0.03852
0.03742,0.01380,0.05019,0.01681,0.42496,0.00862,0.02535,0.01694,0.01592,0.00966,0.17507,0.09785,0.01842,0.02587,0.00973,0.00680,0.01283,0.00794,0.01024,0.01559
0.00968,0.01031,0.00729,0.01636,0.00628,0.00926,0.00675,0.00758,0.00616,0.00442,0.09622,0.04337,0.01756,0.26323,0.05422,0.40755,0.01721,0.00516,0.00617,0.00521
0.02496,0.01631,0.03007,0.49467,0.02205,0.02768,0.05923,0.01652,0.03124,0.01301,0.06360,0.06851,0.04350,0.01000,0.01182,0.01010,0.01225,0.03326,0.00561,0.00560
0.06394,0.03548,0.03846,0.39698,0.02541,0.12267,0.01087,0.01366,0.01867,0.00801,0.03419,0.03193,0.04247,0.06684,0.01340,0.03270,0.01908,0.01259,0.00892,0.00373
0.01006,0.01482,0.01483,0.22502,0.00815,0.04899,0.55844,0.02167,0.00933,0.00517,0.01356,0.02060,0.02362,0.01122,0.00178,0.00303,0.00367,0.00261,0.00151,0.00194
0.04305,0.08183,0.12178,0.03023,0.10001,0.07464,0.03988,0.04055,0.01419,0.01497,0.02068,0.04101,0.24433,0.01785,0.01501,0.01168,0.04568,0.03389,0.00358,0.00517
0.01561,0.03338,0.01447,0.07224,0.03502,0.02668,0.01364,0.02300,0.01527,0.02817,0.04871,0.02828,0.01952,0.24476,0.01848,0.22453,0.01020,0.06935,0.00585,0.05283
0.01251,0.01434,0.01416,0.03408,0.00971,0.01343,0.01542,0.02017,0.00885,0.00578,0.04699,0.03041,0.02012,0.26913,0.04183,0.40981,0.00772,0.01700,0.00243,0.00612
0.03470,0.01719,0.01753,0.58890,0.01692,0.03554,0.01020,0.00594,0.02243,0.00954,0.06333,0.04908,0.01782,0.02741,0.00877,0.02876,0.01144,0.00677,0.01338,0.01433
0.31104,0.01721,0.02599,0.31114,0.01892,0.01617,0.00383,0.01135,0.00525,0.00866,0.07890,0.03763,0.05428,0.03331,0.01452,0.01159,0.01679,0.00562,0.00660,0.01120
0.03343,0.00508,0.04873,0.61147,0.00695,0.00875,0.03419,0.01181,0.00871,0.00735,0.09384,0.05354,0.02452,0.00680,0.00414,0.00673,0.00566,0.01833,0.00241,0.00756
0.01590,0.01434,0.01332,0.02561,0.01468,0.02515,0.01100,0.01935,0.02098,0.01113,0.04872,0.02498,0.04187,0.21840,0.02152,0.40525,0.01323,0.03743,0.00766,0.00951
0.02083,0.05615,0.11963,0.16931,0.09186,0.02621,0.01389,0.02169,0.01895,0.01442,0.03832,0.01844,0.02631,0.27840,0.01134,0.02396,0.01138,0.02179,0.00485,0.01225
0.01538,0.00700,0.21590,0.13496,0.03471,0.02258,0.25552,0.01348,0.01090,0.00748,0.05758,0.01732,0.04839,0.01316,0.00659,0.00749,0.01995,0.10269,0.00325,0.00567
0.02299,0.28682,0.03121,0.12112,0.04289,0.02184,0.01345,0.04440,0.01015,0.01871,0.06624,0.02899,0.02757,0.07176,0.02101,0.10043,0.02352,0.02295,0.00731,0.01664
0.11549,0.01580,0.05553,0.01827,0.01386,0.01212,0.02954,0.01694,0.02067,0.01672,0.04326,0.07444,0.06083,0.03273,0.03139,0.03736,0.02193,0.26672,0.10427,0.01212
0.01108,0.13417,0.03214,0.39827,0.01432,0.00751,0.01111,0.01318,0.01082,0.00689,0.01701,0.05013,0.07301,0.12925,0.01281,0.01576,0.00928,0.04079,0.00431,0.00817
0.47536,0.00620,0.07452,0.01535,0.00885,0.00658,0.01321,0.00444,0.00446,0.00348,0.11505,0.17795,0.01521,0.01563,0.00371,0.01713,0.00873,0.01154,0.01671,0.00590
0.01276,0.02412,0.02122,0.05345,0.01742,0.01546,0.02348,0.01219,0.03731,0.01264,0.21411,0.04805,0.03026,0.01154,0.05474,0.35562,0.01764,0.02525,0.00577,0.00697
0.01507,0.02282,0.27737,0.05415,0.04909,0.06212,0.17142,0.01720,0.01864,0.00907,0.06573,0.03208,0.03639,0.01444,0.00573,0.00579,0.02266,0.10982,0.00244,0.00797
0.02425,0.01945,0.03380,0.10047,0.02649,0.04341,0.03993,0.02477,0.04288,0.11010,0.13711,0.06292,0.03088,0.12567,0.03385,0.04247,0.02208,0.02489,0.02817,0.02641
0.00926,0.01022,0.00829,0.49365,0.00449,0.08152,0.00503,0.00564,0.00572,0.00673,0.04401,0.04469,0.07659,0.15460,0.00208,0.00393,0.00997,0.00494,0.00537,0.02324
0.03767,0.02412,0.01761,0.30661,0.05365,0.13430,0.02883,0.02157,0.03374,0.04931,0.04571,0.05892,0.02745,0.07718,0.01049,0.01983,0.01445,0.01423,0.01556,0.00878
0.02566,0.03659,0.05448,0.05333,0.11984,0.03905,0.31669,0.04362,0.01218,0.01297,0.02013,0.04669,0.06125,0.04906,0.00590,0.01361,0.01660,0.06525,0.00188,0.00523
0.45030,0.00854,0.07630,0.02540,0.01377,0.01858,0.03243,0.01899,0.01015,0.00807,0.03699,0.06289,0.06885,0.02419,0.01169,0.03242,0.01805,0.04986,0.02694,0.00559
0.02305,0.03292,0.01985,0.23598,0.06079,0.05377,0.02835,0.03556,0.11291,0.03599,0.01927,0.03913,0.02362,0.10151,0.11158,0.01303,0.01947,0.01856,0.00809,0.00660
0.01073,0.01861,0.01463,0.37664,0.12295,0.12874,0.01839,0.01456,0.04673,0.03697,0.06577,0.04720,0.01731,0.01601,0.00454,0.00579,0.02046,0.01822,0.00828,0.00747
0.01183,0.00379,0.00636,0.02281,0.00413,0.00655,0.00826,0.00482,0.00930,0.00510,0.01178,0.61282,0.01676,0.01486,0.00575,0.00652,0.00497,0.00541,0.23521,0.00297
0.01492,0.24563,0.04144,0.28088,0.01975,0.01368,0.01094,0.01422,0.01241,0.01764,0.05039,0.05954,0.02460,0.11017,0.00674,0.01591,0.00613,0.03514,0.00359,0.01626
0.01556,0.28613,0.01731,0.40923,0.00853,0.01763,0.00787,0.01481,0.01084,0.01089,0.01530,0.03464,0.02552,0.07027,0.00640,0.01103,0.00702,0.02357,0.00326,0.00417
0.08029,0.00671,0.29030,0.32916,0.00825,0.00815,0.04343,0.02337,0.00999,0.00631,0.01996,0.05718,0.05065,0.03597,0.00564,0.00868,0.00524,0.00605,0.00123,0.00344
0.06575,0.32754,0.03170,0.06060,0.01743,0.02259,0.01245,0.11154,0.01317,0.00960,0.03248,0.07524,0.04152,0.03066,0.02893,0.01363,0.01716,0.02708,0.00726,0.05368
0.06089,0.01675,0.01597,0.59990,0.00979,0.01723,0.03304,0.01572,0.01862,0.01552,0.03612,0.06368,0.02637,0.01026,0.00956,0.01527,0.01320,0.01274,0.00476,0.00460
0.00822,0.01557,0.01727,0.02642,0.00656,0.01868,0.01692,0.02646,0.01864,0.00635,0.20142,0.06955,0.04158,0.12688,0.03021,0.32613,0.00982,0.01360,0.00664,0.01307
0.05260,0.03990,0.05145,0.04489,0.02454,0.04841,0.04098,0.06269,0.03938,0.01375,0.03482,0.13854,0.07464,0.01829,0.01611,0.18440,0.04743,0.03749,0.02192,0.00777
0.00813,0.01002,0.00922,0.01592,0.01085,0.00776,0.01207,0.01118,0.01341,0.00543,0.02558,0.03377,0.05432,0.10521,0.18130,0.45796,0.01885,0.00670,0.00899,0.00334
0.01652,0.01798,0.00878,0.02760,0.02001,0.01280,0.03266,0.48966,0.21783,0.01323,0.01546,0.03716,0.01312,0.01560,0.01092,0.01605,0.00951,0.00911,0.00997,0.00602
0.01419,0.01860,0.02758,0.12344,0.06108,0.06877,0.01993,0.02574,0.17963,0.02292,0.04771,0.03846,0.02214,0.04997,0.06703,0.12606,0.01278,0.03902,0.01314,0.02182
0.39511,0.01308,0.06195,0.01617,0.02332,0.01227,0.01843,0.00422,0.01400,0.00801,0.10131,0.05803,0.02497,0.02804,0.02743,0.10988,0.02081,0.03813,0.01612,0.00871
0.05645,0.01730,0.03916,0.02367,0.01688,0.02982,0.05282,0.02735,0.10242,0.01438,0.21909,0.13349,0.09770,0.01023,0.05033,0.01267,0.02257,0.04718,0.01436,0.01213
0.05548,0.02856,0.02607,0.44573,0.04370,0.04879,0.03437,0.01702,0.03949,0.02079,0.06395,0.02509,0.01910,0.02572,0.01483,0.02747,0.01423,0.02271,0.01149,0.01542
0.00700,0.09934,0.00811,0.01724,0.74752,0.00365,0.01021,0.00660,0.00867,0.00346,0.03784,0.01309,0.01317,0.00576,0.00249,0.00168,0.00353,0.00397,0.00102,0.00564
0.02246,0.01200,0.03383,0.01072,0.00990,0.01247,0.01338,0.06067,0.01077,0.04011,0.18603,0.40168,0.03130,0.08901,0.00822,0.00632,0.00743,0.01199,0.00515,0.02654
0.03136,0.39682,0.06866,0.05628,0.01849,0.01388,0.01834,0.02242,0.02566,0.01915,0.10502,0.06397,0.01924,0.03209,0.00953,0.00941,0.03612,0.01663,0.00519,0.03174
0.05463,0.02182,0.02544,0.07324,0.05838,0.06426,0.03350,0.03171,0.06464,0.02838,0.02478,0.04044,0.04346,0.15098,0.05213,0.10874,0.01506,0.05251,0.03976,0.01613
0.00963,0.10702,0.01262,0.31246,0.01723,0.01502,0.01900,0.01532,0.02011,0.01858,0.05991,0.03323,0.03282,0.21967,0.00822,0.01824,0.01392,0.03590,0.01618,0.01491
0.00530,0.09783,0.00633,0.03647,0.01457,0.00653,0.00391,0.00643,0.00334,0.00326,0.12543,0.32728,0.25108,0.08908,0.00434,0.00346,0.00355,0.00812,0.00142,0.00225
0.03108,0.04231,0.04038,0.19278,0.03388,0.03328,0.03499,0.02697,0.10894,0.08098,0.07242,0.02943,0.02572,0.12933,0.02995,0.01784,0.00745,0.02349,0.00976,0.02904
0.01952,0.10344,0.10850,0.28833,0.01260,0.01274,0.04296,0.03165,0.01887,0.01211,0.05821,0.03560,0.03559,0.09030,0.02401,0.02377,0.01234,0.04861,0.00411,0.01673
0.01132,0.00915,0.00627,0.11967,0.00352,0.00797,0.00821,0.00606,0.00637,0.00400,0.01971,0.20570,0.05155,0.01205,0.00741,0.01205,0.00363,0.00936,0.48848,0.00753
0.02677,0.02457,0.08104,0.26738,0.01584,0.01276,0.25359,0.02942,0.01966,0.00949,0.02364,0.08225,0.06381,0.04699,0.00550,0.00580,0.00858,0.00777,0.00516,0.00998
0.01330,0.01471,0.02573,0.02207,0.01707,0.02845,0.01148,0.01398,0.00735,0.00831,0.07030,0.02907,0.07509,0.19460,0.07043,0.22232,0.01218,0.15155,0.00432,0.00769
0.31519,0.01502,0.07280,0.01155,0.03227,0.00696,0.01623,0.00730,0.00903,0.01292,0.06934,0.08762,0.18122,0.01408,0.02057,0.03581,0.03417,0.04025,0.01257,0.00510
0.00834,0.00667,0.03089,0.16322,0.02207,0.01216,0.22649,0.01183,0.00529,0.00783,0.07741,0.03894,0.25450,0.02285,0.00607,0.01302,0.01050,0.07395,0.00125,0.00671
0.01013,0.01740,0.02359,0.04672,0.01966,0.01622,0.02054,0.04589,0.02889,0.01643,0.06391,0.03235,0.03590,0.04804,0.03264,0.50077,0.01448,0.01224,0.00586,0.00833
0.02210,0.00461,0.01354,0.01341,0.00352,0.01094,0.49508,0.01125,0.00540,0.00431,0.16642,0.07582,0.10204,0.01152,0.03174,0.00607,0.00686,0.00884,0.00193,0.00459
0.02387,0.03029,0.05390,0.03378,0.01802,0.02419,0.02175,0.03645,0.01550,0.00716,0.03109,0.04494,0.05502,0.02149,0.03763,0.47278,0.01576,0.03833,0.01236,0.00569
0.55252,0.01611,0.08012,0.00876,0.01342,0.00431,0.01699,0.00859,0.00598,0.00373,0.06730,0.04099,0.05220,0.00668,0.04074,0.01389,0.02236,0.03503,0.00397,0.00631
0.01203,0.01554,0.03339,0.02193,0.02040,0.02081,0.01226,0.03638,0.01334,0.00792,0.03506,0.01853,0.11916,0.04990,0.04992,0.48810,0.01057,0.02828,0.00138,0.00509
0.48558,0.02842,0.02231,0.12907,0.01102,0.01985,0.01552,0.01314,0.01488,0.02294,0.03469,0.05020,0.04701,0.01604,0.02369,0.00993,0.01886,0.00886,0.01191,0.01609
0.02733,0.00890,0.11508,0.03325,0.32963,0.01038,0.01298,0.02349,0.01231,0.00844,0.27250,0.03494,0.01874,0.02030,0.01414,0.01412,0.00885,0.01607,0.00437,0.01419
0.04561,0.00507,0.03300,0.01628,0.00730,0.01625,0.37786,0.04056,0.01010,0.00532,0.01481,0.26396,0.05637,0.01636,0.00909,0.00601,0.01584,0.00507,0.04428,0.01085
0.01244,0.16312,0.01497,0.37730,0.01057,0.01448,0.01211,0.01096,0.01965,0.00923,0.01257,0.18212,0.03754,0.03906,0.00321,0.02034,0.01038,0.03545,0.00793,0.00655
