0.08180,0.30619,0.09126,0.03850,0.27266,0.04603,0.05190,0.02616,0.04276,0.04274
0.04890,0.20035,0.02932,0.11704,0.20586,0.01830,0.13334,0.10383,0.12050,0.02256
0.30711,0.12036,0.14928,0.10534,0.15958,0.04709,0.02525,0.03916,0.01715,0.02968
0.05251,0.15962,0.06782,0.09541,0.15555,0.03899,0.02654,0.07325,0.13712,0.19320
0.04986,0.22081,0.04721,0.20920,0.20476,0.03205,0.01012,0.19693,0.00944,0.01964
0.07289,0.05184,0.17982,0.09243,0.08827,0.15556,0.08263,0.06955,0.05356,0.15345
0.52032,0.09936,0.01819,0.12357,0.08043,0.00980,0.04178,0.05090,0.04633,0.00931
0.02265,0.19266,0.03063,0.21482,0.20306,0.01638,0.05212,0.19617,0.01354,0.05798
0.21342,0.13859,0.11769,0.09544,0.18880,0.03270,0.05769,0.05828,0.02381,0.07357
0.15692,0.05061,0.13497,0.26842,0.08941,0.01855,0.01352,0.24097,0.00690,0.01972
0.14778,0.17576,0.04872,0.14928,0.25947,0.03692,0.01712,0.13169,0.01488,0.01837
0.20235,0.24997,0.22353,0.01903,0.25271,0.01453,0.00818,0.00920,0.01144,0.00906
0.02806,0.22858,0.16741,0.05252,0.22721,0.15058,0.05068,0.03363,0.02109,0.04024
0.02673,0.12090,0.03997,0.30349,0.12983,0.02441,0.02316,0.28286,0.02604,0.02262
0.35672,0.15799,0.03752,0.12317,0.04828,0.03197,0.03441,0.07323,0.05225,0.08446
0.26972,0.19441,0.05825,0.01659,0.34960,0.06691,0.01090,0.00738,0.00879,0.01744
0.04077,0.08498,0.06156,0.35460,0.05822,0.04120,0.00692,0.33240,0.00756,0.01179
0.07673,0.10859,0.06667,0.16703,0.14275,0.05250,0.04871,0.15293,0.06139,0.12271
0.02956,0.07292,0.11942,0.14358,0.06237,0.13301,0.14566,0.11861,0.01533,0.15953
0.01713,0.04637,0.37688,0.08898,0.41139,0.01999,0.01079,0.01203,0.00716,0.00928
0.20070,0.22474,0.08219,0.06849,0.28859,0.01443,0.01082,0.04500,0.04391,0.02112
0.04842,0.04410,0.21385,0.14615,0.06180,0.20660,0.01194,0.13163,0.05184,0.08367
0.04722,0.17245,0.07521,0.20249,0.13497,0.04930,0.05303,0.18312,0.01171,0.07049
0.06071,0.24658,0.08346,0.12534,0.03597,0.25945,0.01779,0.10253,0.02581,0.04236
0.08612,0.04200,0.04353,0.32438,0.08746,0.02501,0.01956,0.32738,0.01561,0.02894
0.37782,0.01970,0.02034,0.03976,0.35892,0.00942,0.07244,0.01959,0.01086,0.07116
0.05409,0.03853,0.05272,0.24924,0.04227,0.02201,0.11198,0.23001,0.09570,0.10347
0.09982,0.09771,0.21779,0.08029,0.18403,0.20482,0.00929,0.04077,0.02181,0.04367
0.13360,0.09624,0.12107,0.08648,0.17452,0.09274,0.10364,0.05399,0.02244,0.11528
0.60739,0.09313,0.03055,0.06640,0.07681,0.01873,0.03172,0.01730,0.03363,0.02435
0.69703,0.05681,0.03263,0.03489,0.05933,0.01771,0.01927,0.04323,0.00926,0.02984
0.06282,0.15424,0.06996,0.06315,0.18858,0.04825,0.17112,0.04880,0.16855,0.02454
0.07575,0.11465,0.05148,0.28157,0.12286,0.01407,0.02908,0.26506,0.02554,0.01993
0.13533,0.11451,0.07840,0.04926,0.06356,0.07962,0.21591,0.02997,0.01186,0.22158
0.04561,0.09640,0.13704,0.22723,0.11453,0.09543,0.02023,0.20587,0.02802,0.02963
0.05830,0.03624,0.07664,0.19562,0.05920,0.05834,0.13927,0.15314,0.03138,0.19187
0.04841,0.22904,0.04315,0.12776,0.17847,0.03407,0.11826,0.08875,0.01406,0.11804
0.07252,0.11038,0.21019,0.15207,0.09312,0.16312,0.02028,0.12690,0.02136,0.03007
0.02999,0.04165,0.01656,0.39347,0.06082,0.00681,0.03245,0.36296,0.00799,0.04731
0.01972,0.34686,0.04234,0.24086,0.24824,0.03886,0.00734,0.02575,0.01197,0.01806
0.11388,0.06090,0.19819,0.14882,0.22120,0.03687,0.03063,0.12917,0.03156,0.02878
0.37080,0.10517,0.05979,0.10590,0.09011,0.01256,0.10027,0.05052,0.07335,0.03153
0.03836,0.06098,0.15684,0.08005,0.17078,0.09644,0.12378,0.03288,0.15999,0.07990
0.14234,0.28422,0.04252,0.06512,0.35092,0.02188,0.01204,0.03977,0.00796,0.03322
0.03505,0.34786,0.02692,0.09548,0.34836,0.02422,0.02000,0.07039,0.00739,0.02433
0.01578,0.44384,0.01777,0.02688,0.43395,0.01485,0.00967,0.01690,0.00898,0.01138
0.01648,0.46514,0.30561,0.07412,0.05340,0.00871,0.00722,0.01402,0.01875,0.03653
0.08584,0.17133,0.04782,0.10226,0.17648,0.04732,0.08256,0.07667,0.05630,0.15342
0.26800,0.11683,0.05406,0.10758,0.24245,0.05510,0.03597,0.06000,0.01033,0.04968
0.10660,0.08208,0.03759,0.12903,0.10123,0.01022,0.19605,0.11674,0.18463,0.03584
0.04254,0.18660,0.04975,0.23818,0.08626,0.08577,0.03548,0.22365,0.03117,0.02060
0.09069,0.21711,0.12007,0.07777,0.23005,0.07457,0.02652,0.05857,0.05252,0.05212
0.42270,0.16787,0.06232,0.11900,0.11879,0.02843,0.01645,0.02112,0.01956,0.02376
0.03794,0.16266,0.09844,0.18542,0.19214,0.05705,0.04346,0.16219,0.01989,0.04083
0.06910,0.09238,0.15096,0.05220,0.11464,0.12597,0.01801,0.03243,0.16896,0.17535
0.02802,0.07666,0.13182,0.26630,0.07540,0.11066,0.02904,0.23463,0.01609,0.03139
0.07548,0.03601,0.05254,0.38481,0.05707,0.01658,0.00572,0.35725,0.00618,0.00836
0.19565,0.09505,0.06725,0.10460,0.06901,0.06738,0.18240,0.02682,0.16979,0.02206
0.42586,0.24509,0.04678,0.13977,0.05852,0.02480,0.01198,0.02059,0.00877,0.01784
0.04365,0.10536,0.24832,0.06283,0.11699,0.19635,0.07911,0.03867,0.05345,0.05528
0.07131,0.03499,0.13334,0.26047,0.27252,0.08006,0.05347,0.03174,0.04257,0.01954
0.29520,0.08671,0.18543,0.07981,0.24239,0.04561,0.01090,0.03643,0.00690,0.01063
0.07015,0.12099,0.03027,0.24958,0.13889,0.01150,0.03679,0.22585,0.04389,0.07209
0.09641,0.10887,0.16890,0.18970,0.07000,0.15095,0.02303,0.15607,0.02024,0.01582
0.07857,0.10768,0.38289,0.15351,0.06482,0.03019,0.06328,0.05351,0.02827,0.03726
0.03204,0.52683,0.03893,0.13456,0.18937,0.00776,0.00975,0.04087,0.00854,0.01136
0.54030,0.19832,0.02022,0.07459,0.07939,0.02468,0.00702,0.02763,0.01418,0.01368
0.15558,0.12603,0.13623,0.21656,0.11855,0.01799,0.00741,0.20465,0.00712,0.00988
0.15212,0.08735,0.28916,0.06755,0.26864,0.01023,0.02243,0.04286,0.02570,0.03396
0.03585,0.04426,0.40273,0.03508,0.05108,0.38228,0.00797,0.02363,0.00672,0.01040
0.06164,0.08618,0.26608,0.11015,0.10335,0.21158,0.03114,0.08478,0.01321,0.03189
0.11966,0.12868,0.05422,0.20152,0.16525,0.03073,0.03546,0.18537,0.03945,0.03967
0.08424,0.27691,0.09031,0.03362,0.25962,0.01828,0.11149,0.01694,0.08073,0.02786
0.02770,0.17024,0.01902,0.05883,0.16419,0.01286,0.24338,0.03746,0.01048,0.25584
0.06188,0.13154,0.08199,0.10625,0.12812,0.01874,0.18786,0.07863,0.00759,0.19742
0.17962,0.13508,0.21350,0.14050,0.09095,0.05370,0.02571,0.11898,0.02515,0.01680
0.08400,0.48694,0.01411,0.14838,0.15152,0.01563,0.03056,0.03188,0.00782,0.02916
0.04056,0.25361,0.07826,0.22017,0.22987,0.01086,0.00929,0.01978,0.04608,0.09151
0.02083,0.05740,0.24494,0.16062,0.32270,0.02226,0.07000,0.01570,0.02100,0.06456
0.07685,0.16234,0.04913,0.22161,0.18757,0.03178,0.02143,0.19734,0.02050,0.03143
0.10117,0.07516,0.21641,0.17219,0.30778,0.03360,0.02232,0.02480,0.01034,0.03621
0.02781,0.27692,0.10701,0.29383,0.08796,0.02734,0.05175,0.04933,0.03730,0.04074
0.06800,0.22657,0.06516,0.19137,0.29263,0.03719,0.01377,0.05175,0.01805,0.03552
0.02395,0.30466,0.05502,0.06630,0.30659,0.03682,0.07052,0.03927,0.01043,0.08644
0.10693,0.02621,0.04452,0.08761,0.05095,0.01841,0.01105,0.07449,0.29415,0.28569
0.06069,0.10323,0.27400,0.04150,0.11436,0.24112,0.07202,0.02210,0.01304,0.05794
0.09733,0.06328,0.10917,0.15987,0.05678,0.04786,0.15429,0.14926,0.07717,0.08499
0.01812,0.02424,0.02899,0.14064,0.02710,0.02138,0.27964,0.13129,0.02359,0.30503
0.05053,0.22776,0.09613,0.04628,0.21269,0.04473,0.13659,0.02202,0.03576,0.12753
0.04163,0.18551,0.08606,0.15168,0.18051,0.04903,0.06784,0.11819,0.01691,0.10263
0.02654,0.06498,0.22233,0.12012,0.08333,0.21767,0.02977,0.10857,0.04731,0.07938
0.04069,0.04468,0.08995,0.09747,0.05270,0.07792,0.24550,0.06757,0.00905,0.27446
0.03033,0.07335,0.16463,0.06232,0.03301,0.02329,0.28651,0.02574,0.28823,0.01260
0.05490,0.08881,0.06725,0.25067,0.09310,0.06403,0.03076,0.23698,0.04602,0.06748
0.07190,0.09757,0.08904,0.19585,0.08496,0.07661,0.04315,0.16903,0.06996,0.10193
0.04208,0.14866,0.06780,0.24695,0.15626,0.05867,0.01654,0.22726,0.01715,0.01864
0.03421,0.29530,0.06508,0.12534,0.12552,0.17770,0.02177,0.11549,0.01896,0.02065
0.10099,0.02585,0.09901,0.17568,0.05350,0.06174,0.15556,0.16485,0.13965,0.02318
0.03484,0.10316,0.10829,0.14819,0.09580,0.09082,0.06168,0.12449,0.07945,0.15329
0.18366,0.08439,0.09655,0.08296,0.13559,0.01532,0.16619,0.04225,0.02115,0.17195
0.05016,0.28291,0.05090,0.14169,0.28354,0.01519,0.01633,0.13397,0.00776,0.01755
0.09535,0.26419,0.03074,0.10373,0.34648,0.01187,0.02430,0.08502,0.01854,0.01979
0.08136,0.08844,0.17993,0.16018,0.24363,0.04591,0.03961,0.07834,0.02233,0.06028
0.06153,0.05198,0.08777,0.29725,0.07039,0.07123,0.02689,0.27644,0.01581,0.04071
0.07596,0.29526,0.04325,0.05051,0.23014,0.11054,0.07439,0.02701,0.00842,0.08451
0.15878,0.10076,0.23110,0.03847,0.22536,0.19818,0.00635,0.02316,0.00500,0.01284
0.11385,0.09852,0.02503,0.28195,0.16518,0.01259,0.00919,0.26681,0.00888,0.01800
0.10023,0.19896,0.19511,0.04588,0.23035,0.14020,0.01536,0.02735,0.02056,0.02600
0.08908,0.03657,0.08252,0.20042,0.35543,0.01125,0.07904,0.03404,0.07534,0.03630
0.16094,0.07415,0.01890,0.08474,0.20384,0.00981,0.16783,0.07372,0.02110,0.18496
0.28178,0.05763,0.30064,0.04685,0.08012,0.05280,0.06675,0.02931,0.04148,0.04265
0.08547,0.16628,0.20751,0.08016,0.19336,0.15744,0.01658,0.05652,0.01969,0.01697
0.22974,0.03620,0.04757,0.06314,0.21406,0.02622,0.16357,0.03948,0.00671,0.17331
0.10014,0.08866,0.09094,0.11766,0.07734,0.01737,0.09550,0.10172,0.19182,0.11883
0.07258,0.20154,0.07298,0.16712,0.22120,0.02682,0.03214,0.15665,0.02010,0.02888
0.09992,0.20338,0.16487,0.07283,0.22019,0.10167,0.00954,0.05642,0.02734,0.04384
0.01243,0.02423,0.34731,0.20977,0.24377,0.05469,0.03086,0.01688,0.02135,0.03873
0.03148,0.15985,0.03137,0.29644,0.14900,0.02137,0.00735,0.28524,0.00778,0.01011
0.03955,0.17038,0.04455,0.24365,0.18257,0.01659,0.02772,0.22948,0.02643,0.01908
0.49455,0.03429,0.08628,0.08896,0.12989,0.01763,0.01870,0.08892,0.01828,0.02251
0.05413,0.25361,0.04964,0.14721,0.26887,0.02417,0.01790,0.12240,0.01932,0.04274
0.06726,0.13450,0.12964,0.21254,0.13984,0.06687,0.02272,0.19995,0.01007,0.01662
0.04257,0.38963,0.02127,0.04768,0.40082,0.00929,0.02227,0.03221,0.00795,0.02631
0.12102,0.06745,0.11621,0.20803,0.04834,0.05040,0.08626,0.19191,0.01314,0.09724
0.04536,0.39239,0.02853,0.04268,0.15504,0.23450,0.03617,0.02521,0.00606,0.03407
0.04990,0.04115,0.23703,0.11838,0.05069,0.22026,0.07456,0.08424,0.02204,0.10175
0.06167,0.18989,0.11524,0.15365,0.21748,0.06488,0.01946,0.13771,0.01667,0.02335
0.10417,0.16474,0.12205,0.15910,0.14026,0.03003,0.06439,0.14621,0.04160,0.02744
0.03401,0.06028,0.03291,0.39098,0.05939,0.00966,0.01257,0.37130,0.01327,0.01561
0.06891,0.15031,0.03960,0.28225,0.27324,0.02891,0.01011,0.02879,0.03968,0.07820
0.05430,0.08770,0.05893,0.32043,0.10548,0.03918,0.01160,0.29396,0.01172,0.01669
0.16618,0.06215,0.10552,0.13063,0.33832,0.01736,0.06373,0.03060,0.00984,0.07565
0.06274,0.11979,0.05892,0.25292,0.11320,0.03484,0.01336,0.23181,0.05794,0.05449
0.03225,0.38194,0.07860,0.01369,0.40219,0.05605,0.00322,0.00947,0.00803,0.01457
0.06324,0.31026,0.04747,0.05439,0.31311,0.01305,0.05461,0.03051,0.01757,0.09580
0.06471,0.39477,0.12708,0.06589,0.18399,0.01019,0.05610,0.03589,0.01108,0.05030
0.13611,0.09925,0.10070,0.14295,0.16489,0.06323,0.06889,0.07149,0.05960,0.09288
0.08000,0.14522,0.26344,0.04066,0.14558,0.25083,0.01560,0.02770,0.01257,0.01840
0.53376,0.14214,0.06923,0.06355,0.06170,0.03568,0.02239,0.02130,0.02580,0.02445
0.06482,0.16152,0.07520,0.20407,0.13744,0.01536,0.05725,0.16551,0.01529,0.10355
0.28898,0.25037,0.10301,0.16379,0.07749,0.02506,0.01562,0.05056,0.01538,0.00973
0.29892,0.13546,0.19889,0.18558,0.03387,0.02501,0.04903,0.02070,0.01894,0.03360
0.21756,0.12680,0.20342,0.14371,0.11216,0.01246,0.02780,0.11301,0.01883,0.02426
0.03777,0.06053,0.20438,0.12308,0.07116,0.18490,0.09573,0.11341,0.09489,0.01415
0.05669,0.36873,0.05511,0.05329,0.37115,0.03473,0.00861,0.03879,0.00634,0.00655
0.05642,0.17452,0.12953,0.16687,0.17892,0.08890,0.01171,0.14749,0.01708,0.02856
0.29197,0.16638,0.04860,0.05545,0.34856,0.02922,0.01142,0.02609,0.00783,0.01449
0.04067,0.06967,0.02317,0.36241,0.08367,0.01450,0.01931,0.35849,0.01681,0.01131
0.18523,0.14481,0.12139,0.17933,0.17369,0.00743,0.00822,0.16117,0.00730,0.01143
0.01175,0.09991,0.03602,0.40411,0.25482,0.03275,0.02691,0.02739,0.03502,0.07133
0.05865,0.30639,0.05039,0.11117,0.33427,0.02005,0.01743,0.07945,0.01253,0.00967
0.10372,0.10124,0.18199,0.14978,0.07101,0.13425,0.03905,0.12193,0.03406,0.06296
0.02513,0.20683,0.13869,0.14275,0.14880,0.17395,0.01321,0.11952,0.01737,0.01376
0.06561,0.39538,0.04612,0.03181,0.24233,0.15572,0.01289,0.02791,0.00599,0.01624
0.01904,0.41556,0.03582,0.05794,0.03320,0.37556,0.00970,0.03747,0.00558,0.01013
0.08132,0.25286,0.12117,0.22520,0.10861,0.02523,0.05145,0.04410,0.06453,0.02553
0.03252,0.05152,0.11633,0.30733,0.04267,0.10827,0.01553,0.29565,0.00930,0.02088
0.24556,0.15992,0.27888,0.07252,0.14621,0.02890,0.01092,0.04334,0.00479,0.00896
0.06105,0.20637,0.24531,0.02204,0.22198,0.20304,0.00680,0.01333,0.00760,0.01248
0.05268,0.08864,0.15053,0.17778,0.09435,0.10203,0.06102,0.17884,0.07076,0.02337
0.08049,0.15239,0.03734,0.19642,0.18910,0.01486,0.04789,0.17571,0.03795,0.06784
0.07677,0.28785,0.03035,0.12398,0.30481,0.01225,0.01538,0.10303,0.02108,0.02449
0.60547,0.08052,0.03625,0.08626,0.09748,0.01446,0.03189,0.01665,0.02208,0.00895
0.04074,0.12880,0.03862,0.28317,0.09749,0.04272,0.03747,0.26471,0.02950,0.03679
0.03841,0.24522,0.03063,0.13246,0.18475,0.04331,0.02499,0.12251,0.08891,0.08881
0.17036,0.03461,0.26110,0.06368,0.14795,0.20914,0.02756,0.03623,0.02914,0.02022
0.05260,0.23955,0.04373,0.19818,0.20550,0.02983,0.01014,0.18526,0.01351,0.02170
0.26794,0.08968,0.28778,0.09541,0.09013,0.02965,0.02645,0.06838,0.02412,0.02046
0.22573,0.04962,0.31236,0.06336,0.05436,0.12256,0.02766,0.03838,0.05955,0.04644
0.29888,0.08870,0.06868,0.14388,0.14614,0.02869,0.02329,0.07352,0.05855,0.06967
0.17676,0.03597,0.11882,0.23247,0.12724,0.06147,0.00806,0.20163,0.01703,0.02055
0.04001,0.19629,0.02538,0.22013,0.22693,0.01054,0.02304,0.20328,0.02389,0.03052
0.02797,0.38299,0.05426,0.28995,0.07750,0.01493,0.04247,0.02507,0.01660,0.06826
0.41296,0.14500,0.08023,0.07413,0.14234,0.03446,0.01137,0.01246,0.01738,0.06967
0.08513,0.05508,0.13329,0.24772,0.08075,0.10866,0.01643,0.21473,0.02369,0.03451
0.05759,0.09397,0.15025,0.11945,0.10385,0.13311,0.11529,0.08190,0.00654,0.13804
0.31276,0.04370,0.03360,0.13488,0.29907,0.01769,0.02825,0.09069,0.00450,0.03487
0.27538,0.18663,0.15891,0.13336,0.13737,0.03070,0.00769,0.04432,0.00972,0.01592
0.14197,0.14367,0.17909,0.09485,0.14007,0.03799,0.01977,0.07950,0.08727,0.07581
0.08874,0.07768,0.08436,0.17669,0.13497,0.06522,0.04951,0.15151,0.04335,0.12798
0.34136,0.04851,0.08898,0.08498,0.23482,0.02199,0.03448,0.06316,0.04037,0.04135
0.04130,0.05902,0.03091,0.27622,0.04004,0.02539,0.12688,0.25601,0.00659,0.13765
0.06682,0.12176,0.06457,0.14672,0.11809,0.03457,0.16875,0.09952,0.02062,0.15860
0.03341,0.08271,0.38514,0.22053,0.13543,0.02718,0.02013,0.02851,0.01881,0.04817
0.12443,0.10486,0.06121,0.12534,0.12211,0.01382,0.15185,0.08031,0.17845,0.03762
0.02515,0.64784,0.03646,0.08194,0.09568,0.01710,0.02532,0.02956,0.02920,0.01175
0.12660,0.12077,0.17057,0.19389,0.22910,0.03535,0.01259,0.04643,0.02063,0.04408
0.07739,0.12365,0.12497,0.09291,0.12704,0.02529,0.19686,0.02036,0.19005,0.02149
0.07534,0.09477,0.02653,0.32004,0.12648,0.00968,0.01111,0.30227,0.01448,0.01929
0.12237,0.11684,0.07289,0.23957,0.19158,0.01548,0.00782,0.21446,0.00646,0.01253
0.04713,0.35911,0.03294,0.05168,0.36825,0.01177,0.04102,0.03590,0.01328,0.03894
0.04915,0.26985,0.06108,0.07592,0.27400,0.02345,0.08906,0.04286,0.04199,0.07265
0.20068,0.22261,0.06178,0.06712,0.34627,0.02396,0.01158,0.04234,0.00827,0.01539
0.10815,0.52442,0.05539,0.13609,0.08813,0.01441,0.00902,0.02577,0.01517,0.02346
0.01583,0.77479,0.03197,0.02863,0.02212,0.01282,0.02821,0.03956,0.01341,0.03265
0.11299,0.29398,0.15477,0.03284,0.30594,0.05500,0.01145,0.01557,0.00589,0.01157
0.02509,0.07757,0.30804,0.07264,0.28107,0.05993,0.02064,0.10044,0.02459,0.02998
0.30747,0.05886,0.28352,0.09216,0.05728,0.03108,0.02120,0.06369,0.02985,0.05488
0.24807,0.07953,0.23603,0.11165,0.07016,0.02149,0.05568,0.07406,0.04841,0.05491
0.07508,0.04727,0.05388,0.35889,0.05571,0.01785,0.01452,0.33652,0.00559,0.03469
0.02816,0.06483,0.05095,0.11978,0.06486,0.02980,0.25135,0.11046,0.24722,0.03258
0.04239,0.25232,0.06602,0.14312,0.19489,0.03067,0.07294,0.08422,0.07871,0.03473
0.09610,0.11875,0.04237,0.25543,0.17559,0.02993,0.00977,0.23846,0.01286,0.02073
0.14925,0.27986,0.02704,0.04652,0.19611,0.18676,0.01845,0.03463,0.02278,0.03860
0.03761,0.59600,0.03657,0.07886,0.02898,0.01405,0.07307,0.03206,0.07938,0.02343
0.03413,0.08077,0.07333,0.20109,0.08911,0.04943,0.13298,0.19128,0.01003,0.13784
0.24128,0.05036,0.19864,0.10859,0.19098,0.01681,0.03216,0.11161,0.02543,0.02413
0.04083,0.20522,0.05362,0.11252,0.18814,0.01953,0.10282,0.08686,0.03180,0.15866
0.18213,0.06834,0.13632,0.18202,0.06448,0.01629,0.04075,0.18338,0.07746,0.04883
0.06992,0.10579,0.15422,0.20829,0.32732,0.02666,0.01472,0.05703,0.01608,0.01997
0.02765,0.22383,0.20234,0.05033,0.23525,0.15839,0.02227,0.03327,0.02184,0.02483
0.09350,0.08719,0.14259,0.24299,0.26373,0.03691,0.02327,0.06152,0.02300,0.02528
0.10226,0.06158,0.11711,0.24742,0.08586,0.06867,0.02417,0.22817,0.01913,0.04564
0.06057,0.25362,0.06484,0.14763,0.25929,0.01580,0.02808,0.12512,0.01307,0.03198
0.06044,0.08722,0.29753,0.12759,0.29351,0.01920,0.01490,0.07265,0.01591,0.01107
0.02973,0.22300,0.08985,0.08067,0.21067,0.08206,0.01216,0.06538,0.10217,0.10431
0.08380,0.11217,0.23243,0.05460,0.09289,0.15432,0.10593,0.03469,0.11405,0.01513
0.06376,0.15982,0.06154,0.10273,0.16265,0.01178,0.15727,0.07726,0.02371,0.17948
0.06286,0.07496,0.30289,0.10935,0.07788,0.26203,0.01211,0.07834,0.00918,0.01041
0.07155,0.30100,0.04366,0.10511,0.33065,0.01558,0.01568,0.09367,0.01161,0.01150
0.27879,0.35065,0.02222,0.09728,0.17007,0.02887,0.00586,0.02371,0.00939,0.01315
0.02436,0.01641,0.01987,0.44411,0.02024,0.00751,0.01176,0.43882,0.00667,0.01025
0.02371,0.39399,0.04237,0.01511,0.17557,0.21318,0.06600,0.01037,0.00663,0.05307
0.05592,0.31988,0.13639,0.21350,0.16812,0.03922,0.01522,0.01946,0.01424,0.01805
0.07257,0.24641,0.15396,0.05063,0.28812,0.10892,0.01421,0.02921,0.02056,0.01542
0.05687,0.05635,0.35029,0.07502,0.05441,0.30439,0.02560,0.04787,0.01069,0.01850
0.16866,0.23111,0.16507,0.04448,0.14820,0.06861,0.05474,0.02723,0.02766,0.06425
0.10246,0.14100,0.16792,0.14896,0.06933,0.02914,0.11616,0.03028,0.12368,0.07107
0.12553,0.32789,0.04886,0.03838,0.37434,0.01701,0.01764,0.01862,0.01271,0.01903
0.11503,0.37990,0.05665,0.18660,0.08248,0.08290,0.00907,0.01880,0.02239,0.04618
0.01816,0.43509,0.01168,0.03832,0.43386,0.00769,0.00709,0.02544,0.00614,0.01652
0.07093,0.10974,0.11823,0.20215,0.13771,0.08928,0.02842,0.17963,0.02955,0.03436
0.13723,0.18206,0.17761,0.13446,0.05948,0.16658,0.01084,0.10381,0.01410,0.01382
0.08190,0.13423,0.17706,0.15813,0.20236,0.01860,0.02178,0.09882,0.03855,0.06857
0.29516,0.28315,0.07947,0.17551,0.06359,0.01679,0.01443,0.03760,0.01182,0.02249
0.06375,0.17321,0.07521,0.17967,0.19852,0.02724,0.05624,0.16207,0.05498,0.00910
0.17955,0.47984,0.05062,0.11265,0.05167,0.01246,0.02565,0.05428,0.01020,0.02307
0.10148,0.14047,0.16297,0.16071,0.02916,0.18820,0.02325,0.14115,0.03100,0.02158
0.03575,0.18664,0.13892,0.12812,0.20666,0.11367,0.02976,0.10963,0.00914,0.04171
0.04389,0.31020,0.04415,0.08553,0.03843,0.26082,0.06382,0.08217,0.02715,0.04384
0.18436,0.01915,0.13549,0.25710,0.06491,0.01448,0.03694,0.22733,0.03348,0.02677
0.05780,0.06741,0.11934,0.26707,0.06864,0.09849,0.01061,0.26239,0.02325,0.02499
0.08596,0.25108,0.07075,0.12451,0.26053,0.01268,0.02901,0.11258,0.02435,0.02854
0.02669,0.11693,0.32569,0.04081,0.04029,0.37570,0.01780,0.02898,0.00728,0.01984
0.06290,0.41414,0.02870,0.22805,0.07884,0.02323,0.03762,0.01974,0.02379,0.08301
0.10677,0.11590,0.06689,0.16344,0.14278,0.03119,0.10724,0.15304,0.00533,0.10741
0.09099,0.26971,0.06926,0.08101,0.24976,0.06294,0.04020,0.06234,0.03683,0.03697
0.32558,0.06979,0.14870,0.12452,0.16674,0.01883,0.02205,0.09268,0.01759,0.01354
0.05349,0.18427,0.02841,0.20126,0.19203,0.02875,0.04800,0.17822,0.04923,0.03633
0.02890,0.14063,0.18325,0.18058,0.23466,0.01780,0.05529,0.05704,0.03153,0.07032
0.21492,0.02738,0.05775,0.24297,0.17145,0.01770,0.01438,0.22352,0.01409,0.01583
0.14846,0.06253,0.13269,0.24343,0.05346,0.02300,0.01977,0.23426,0.03294,0.04946
0.29202,0.21148,0.03981,0.23032,0.04464,0.10094,0.01175,0.04637,0.00684,0.01583
0.06958,0.04634,0.03665,0.33524,0.09158,0.02250,0.02478,0.32616,0.02097,0.02621
0.12510,0.04107,0.08609,0.30738,0.08307,0.03674,0.01395,0.27623,0.00943,0.02093
0.01534,0.24137,0.43817,0.07902,0.11487,0.01755,0.03626,0.01303,0.01237,0.03200
0.03305,0.17959,0.01620,0.21936,0.18455,0.00937,0.07110,0.19830,0.00798,0.08049
0.03286,0.13355,0.27668,0.12954,0.29564,0.01302,0.02637,0.02345,0.02515,0.04375
0.15925,0.07754,0.23734,0.15825,0.20574,0.07487,0.01258,0.03321,0.01341,0.02779
0.23422,0.05169,0.10583,0.18769,0.10966,0.01923,0.04936,0.16679,0.03067,0.04488
0.05198,0.33811,0.11793,0.02747,0.02889,0.35762,0.02257,0.01831,0.02338,0.01373
0.09956,0.05625,0.09964,0.15824,0.13112,0.08079,0.03418,0.13875,0.08096,0.12052
0.09758,0.17354,0.08008,0.19349,0.13858,0.04006,0.01927,0.17263,0.05245,0.03231
0.17046,0.02384,0.09250,0.10613,0.15461,0.03001,0.17427,0.06819,0.15169,0.02829
0.01211,0.06231,0.28909,0.07680,0.29183,0.01944,0.10198,0.03072,0.00811,0.10762
0.28159,0.06209,0.28643,0.01828,0.05255,0.03329,0.11742,0.01076,0.01013,0.12744
0.03645,0.08805,0.06994,0.26028,0.09199,0.03559,0.08065,0.24085,0.00912,0.08708
0.05525,0.07214,0.03411,0.20596,0.07365,0.00924,0.15340,0.19798,0.07398,0.12430
0.07975,0.33577,0.12249,0.04639,0.32233,0.02556,0.01359,0.02932,0.01567,0.00914
0.11184,0.07634,0.10258,0.28384,0.06410,0.01590,0.02297,0.27259,0.01336,0.03647
0.02031,0.26550,0.10490,0.10367,0.21453,0.11281,0.04280,0.07085,0.01113,0.05350
0.06954,0.04198,0.06644,0.21071,0.01900,0.02333,0.17179,0.19140,0.01014,0.19566
0.12017,0.04057,0.20456,0.18026,0.06502,0.13679,0.02812,0.15589,0.02470,0.04392
0.05337,0.08658,0.18117,0.08957,0.07033,0.15144,0.02752,0.05963,0.12543,0.15495
0.01688,0.15622,0.20844,0.12662,0.29134,0.07667,0.01447,0.01954,0.02067,0.06914
0.05685,0.19822,0.19472,0.07506,0.19053,0.13553,0.04197,0.04765,0.01198,0.04748
0.16944,0.09677,0.14151,0.21256,0.07580,0.03430,0.02411,0.19180,0.02470,0.02900
0.10229,0.26941,0.03100,0.07335,0.28482,0.02218,0.03750,0.05376,0.05266,0.07302
0.05323,0.05064,0.08054,0.32550,0.05161,0.06769,0.01328,0.30589,0.01264,0.03898
0.17822,0.09912,0.03061,0.13167,0.47891,0.01786,0.01264,0.03081,0.00916,0.01100
0.16461,0.17080,0.04350,0.14697,0.18613,0.11054,0.00944,0.12503,0.01717,0.02582
0.21956,0.03392,0.04388,0.08092,0.17871,0.01891,0.15732,0.04928,0.14452,0.07297
0.05382,0.25999,0.06704,0.11740,0.25921,0.02069,0.04433,0.10339,0.01682,0.05732
0.03076,0.19340,0.02657,0.25862,0.10785,0.08384,0.01231,0.23850,0.01158,0.03658
0.09404,0.10533,0.07891,0.10433,0.17013,0.04433,0.03928,0.06785,0.15523,0.14058
0.01636,0.04635,0.02637,0.09881,0.07441,0.00588,0.34362,0.01435,0.35195,0.02190
0.02259,0.16451,0.23883,0.19200,0.23449,0.02623,0.01558,0.07501,0.01332,0.01743
0.05221,0.08131,0.05944,0.29098,0.10403,0.03269,0.03643,0.28107,0.04226,0.01957
0.01865,0.23094,0.08564,0.18133,0.21936,0.06150,0.01546,0.15986,0.00847,0.01880
0.07278,0.06331,0.04034,0.25160,0.05503,0.01170,0.14133,0.23482,0.10634,0.02273
0.11547,0.16461,0.16050,0.13577,0.18426,0.08073,0.01485,0.06551,0.01579,0.06251
0.05678,0.06549,0.02044,0.23052,0.09021,0.01372,0.12979,0.22554,0.01273,0.15479
0.07892,0.05562,0.33966,0.03292,0.11402,0.31542,0.01302,0.01956,0.01268,0.01818
0.06940,0.09916,0.02503,0.19848,0.12741,0.00873,0.11568,0.16881,0.04199,0.14531
0.04182,0.20522,0.24490,0.13139,0.21574,0.01822,0.03425,0.02803,0.02559,0.05483
0.01648,0.08019,0.24209,0.14973,0.31903,0.04512,0.03626,0.03594,0.01276,0.06240
0.17428,0.16584,0.24692,0.04429,0.06602,0.18325,0.03170,0.03257,0.01436,0.04077
0.01609,0.13895,0.27793,0.17837,0.28518,0.02596,0.01984,0.02476,0.00863,0.02429
0.06807,0.09491,0.28344,0.11181,0.09556,0.24552,0.00952,0.06952,0.00898,0.01266
0.03641,0.03193,0.20918,0.17416,0.04323,0.20268,0.05490,0.14441,0.02969,0.07341
