0.03055,0.88252,0.05666,0.03027
0.65630,0.30981,0.01305,0.02083
0.24103,0.24065,0.00287,0.51545
0.03144,0.00664,0.00132,0.96061
0.38963,0.02387,0.00125,0.58525
0.49987,0.49401,0.00194,0.00418
0.18425,0.18969,0.00418,0.62188
0.14407,0.05023,0.00335,0.80236
0.10914,0.22644,0.00317,0.66125
0.67977,0.14494,0.00752,0.16776
0.49497,0.03242,0.02399,0.44863
0.19633,0.34014,0.00510,0.45843
0.04366,0.91179,0.00288,0.04167
0.11419,0.12056,0.15326,0.61199
0.48918,0.49059,0.00182,0.01842
0.01023,0.29236,0.00309,0.69433
0.03894,0.00768,0.87666,0.07672
0.00718,0.70800,0.00401,0.28081
0.03447,0.65955,0.00325,0.30273
0.96703,0.02152,0.00139,0.01006
0.15962,0.44022,0.00237,0.39778
0.95814,0.02307,0.00665,0.01214
0.81739,0.00680,0.00268,0.17313
0.24015,0.74795,0.00275,0.00915
0.61098,0.01598,0.00716,0.36588
0.52173,0.12578,0.00335,0.34914
0.01223,0.71124,0.00357,0.27297
0.34405,0.34290,0.30419,0.00886
0.03776,0.01615,0.91779,0.02830
0.06127,0.02658,0.89636,0.01579
0.24755,0.24602,0.00206,0.50437
0.10496,0.88835,0.00364,0.00306
0.02049,0.91012,0.02411,0.04529
0.15100,0.27071,0.00532,0.57297
0.49535,0.48996,0.00551,0.00917
0.83404,0.06182,0.00932,0.09483
0.31962,0.31221,0.00126,0.36691
0.44405,0.43216,0.00226,0.12154
0.99070,0.00448,0.00177,0.00305
0.29648,0.10741,0.00413,0.59198
0.02904,0.05414,0.00765,0.90918
0.31242,0.31143,0.00129,0.37487
0.12610,0.14079,0.24278,0.49033
0.49287,0.48705,0.00533,0.01474
0.15868,0.49477,0.03021,0.31634
0.30797,0.30598,0.00568,0.38036
0.95197,0.02571,0.00131,0.02101
0.27020,0.00902,0.00294,0.71783
0.42537,0.42470,0.00735,0.14258
0.77079,0.08207,0.00169,0.14544
0.80653,0.02086,0.00630,0.16631
0.69843,0.05334,0.24455,0.00368
0.99316,0.00374,0.00074,0.00236
0.00921,0.01607,0.66804,0.30669
0.02188,0.91518,0.00358,0.05936
0.86309,0.07847,0.00366,0.05478
0.98925,0.00458,0.00086,0.00531
0.45076,0.44617,0.02496,0.07811
0.08214,0.07474,0.03006,0.81305
0.55812,0.08816,0.05880,0.29492
0.18602,0.78448,0.00876,0.02074
0.80089,0.18137,0.00305,0.01469
0.54076,0.02028,0.01361,0.42535
0.84195,0.09413,0.00318,0.06074
0.51088,0.04031,0.38658,0.06223
0.05836,0.05387,0.00197,0.88580
0.51807,0.47607,0.00174,0.00412
0.49471,0.49118,0.00413,0.00997
0.77577,0.01600,0.19314,0.01508
0.50122,0.49377,0.00110,0.00391
0.01049,0.96650,0.00189,0.02112
0.39967,0.30908,0.00669,0.28456
0.28095,0.27437,0.00529,0.43939
0.16706,0.04069,0.00460,0.78765
0.23691,0.25685,0.00441,0.50184
0.44903,0.44149,0.00359,0.10589
0.48630,0.48724,0.01113,0.01532
0.00492,0.00407,0.00093,0.99009
0.19125,0.55770,0.00220,0.24886
0.03327,0.96151,0.00151,0.00372
0.28314,0.28198,0.40480,0.03008
0.79011,0.04812,0.13143,0.03034
0.51146,0.41303,0.01234,0.06317
0.37459,0.36741,0.01829,0.23970
0.83672,0.03292,0.11570,0.01466
0.36066,0.08489,0.00874,0.54570
0.33298,0.58780,0.00451,0.07471
0.17248,0.53614,0.26587,0.02551
0.37652,0.37151,0.00460,0.24737
0.00940,0.59606,0.00227,0.39227
0.00497,0.98842,0.00220,0.00442
0.26445,0.60416,0.00837,0.12302
0.03841,0.21419,0.72880,0.01860
0.96030,0.01556,0.00244,0.02170
0.92240,0.02094,0.00421,0.05245
0.33314,0.46412,0.00379,0.19895
0.32195,0.56213,0.02974,0.08618
0.73784,0.23353,0.00557,0.02306
0.39890,0.57468,0.02092,0.00549
0.02218,0.86206,0.00307,0.11269
0.11007,0.37923,0.00289,0.50780
0.00659,0.98282,0.00278,0.00782
0.36326,0.36176,0.13939,0.13558
0.15795,0.09651,0.69908,0.04645
0.02231,0.55789,0.01868,0.40112
0.10770,0.85448,0.00823,0.02960
0.26661,0.58487,0.00876,0.13976
0.26210,0.24052,0.00631,0.49107
0.19617,0.43360,0.00592,0.36431
0.87725,0.08667,0.00951,0.02657
0.12124,0.01373,0.22167,0.64336
0.93787,0.01488,0.00603,0.04122
0.01768,0.90274,0.01078,0.06880
0.63050,0.00704,0.35851,0.00394
0.49665,0.49216,0.00438,0.00681
0.00520,0.94348,0.01001,0.04131
0.28832,0.08005,0.02403,0.60760
0.02100,0.86707,0.00780,0.10413
0.07420,0.89041,0.00412,0.03127
0.27880,0.47562,0.00753,0.23804
0.33644,0.65593,0.00181,0.00582
0.13874,0.02773,0.78907,0.04446
0.42889,0.42621,0.13798,0.00692
0.11449,0.11104,0.00641,0.76805
0.60603,0.34649,0.00338,0.04411
0.03116,0.79247,0.00297,0.17340
0.04964,0.10595,0.11742,0.72698
0.01093,0.98094,0.00344,0.00469
0.49359,0.49369,0.00175,0.01097
0.78605,0.01803,0.00171,0.19422
0.31691,0.31062,0.00279,0.36967
0.18660,0.79583,0.00907,0.00850
0.31211,0.14160,0.26507,0.28122
0.47121,0.46219,0.00695,0.05965
0.11410,0.85715,0.00720,0.02155
0.57982,0.05407,0.00282,0.36329
0.32210,0.01731,0.00475,0.65584
0.08379,0.90683,0.00371,0.00566
0.07290,0.07015,0.00296,0.85399
0.00595,0.00544,0.00678,0.98183
0.04474,0.07489,0.00203,0.87834
0.27492,0.04173,0.65471,0.02865
0.62245,0.03317,0.12166,0.22272
0.45991,0.46494,0.06684,0.00831
0.02306,0.00631,0.21851,0.75213
0.49811,0.21350,0.00510,0.28329
0.05087,0.92947,0.00403,0.01563
0.00880,0.98452,0.00111,0.00557
0.01179,0.01075,0.89019,0.08727
0.67353,0.11973,0.12097,0.08577
0.46009,0.45953,0.05780,0.02258
0.32137,0.31276,0.00244,0.36343
0.04164,0.93972,0.00471,0.01392
0.18725,0.18685,0.00957,0.61633
0.49365,0.49440,0.00530,0.00666
0.12449,0.01598,0.41424,0.44528
0.99161,0.00300,0.00272,0.00266
0.05122,0.92820,0.00216,0.01842
0.49636,0.49430,0.00204,0.00730
0.81579,0.14408,0.00439,0.03573
0.49444,0.49238,0.00226,0.01093
0.85009,0.13155,0.00641,0.01194
0.01087,0.90044,0.01270,0.07599
0.49426,0.48597,0.00943,0.01034
0.71557,0.27590,0.00202,0.00650
0.77170,0.19276,0.01628,0.01926
0.55060,0.02289,0.00483,0.42167
0.01512,0.92244,0.00503,0.05741
0.36768,0.06906,0.01145,0.55181
0.16059,0.68520,0.00250,0.15170
0.23308,0.58266,0.16902,0.01524
0.46374,0.01323,0.00685,0.51618
0.02545,0.33272,0.00638,0.63545
0.01608,0.67613,0.00716,0.30062
0.37741,0.37546,0.24063,0.00651
0.95846,0.02351,0.00549,0.01254
0.49006,0.48595,0.00691,0.01708
0.13828,0.85464,0.00209,0.00499
0.03136,0.49070,0.03973,0.43821
0.87093,0.03075,0.00145,0.09688
0.98353,0.00578,0.00207,0.00862
0.43825,0.43502,0.11783,0.00889
0.51695,0.43798,0.02170,0.02337
0.38122,0.01460,0.37174,0.23244
0.16468,0.23315,0.39508,0.20708
0.01949,0.79666,0.00605,0.17781
0.46244,0.06216,0.00755,0.46785
0.22154,0.01323,0.00223,0.76299
0.36931,0.37008,0.15032,0.11029
0.24347,0.74684,0.00146,0.00822
0.79020,0.16732,0.01036,0.03212
0.21140,0.60623,0.00978,0.17259
0.12220,0.22985,0.01111,0.63684
0.98460,0.00644,0.00200,0.00696
0.12218,0.86310,0.00856,0.00616
0.03909,0.87380,0.00254,0.08458
0.87951,0.00459,0.00113,0.11477
0.30848,0.66374,0.00384,0.02395
0.47042,0.46274,0.00136,0.06548
0.23337,0.33991,0.18881,0.23791
0.24650,0.01288,0.55865,0.18197
0.14285,0.01684,0.00771,0.83260
0.20004,0.74264,0.01360,0.04372
0.94777,0.02991,0.01689,0.00543
0.48345,0.25821,0.00501,0.25334
0.29394,0.44231,0.01055,0.25320
0.88914,0.03087,0.00464,0.07535
0.20749,0.21338,0.57319,0.00593
0.40767,0.33217,0.00432,0.25584
0.94176,0.03352,0.01049,0.01423
0.94785,0.01045,0.00273,0.03898
0.92768,0.02483,0.00595,0.04154
0.44058,0.43880,0.00144,0.11917
0.78401,0.13926,0.00344,0.07330
0.85084,0.13452,0.00476,0.00988
0.08699,0.55858,0.00838,0.34605
0.19886,0.76234,0.02070,0.01810
0.48603,0.48157,0.01052,0.02188
0.57280,0.34912,0.02985,0.04822
0.34614,0.09736,0.01114,0.54536
0.82633,0.00794,0.02890,0.13683
0.45821,0.18403,0.00481,0.35295
0.49714,0.48965,0.00442,0.00880
0.00953,0.98474,0.00184,0.00389
0.01566,0.40100,0.00119,0.58215
0.04042,0.67391,0.09172,0.19395
0.39081,0.20498,0.02963,0.37459
0.13778,0.13349,0.01944,0.70929
0.49023,0.11251,0.01281,0.38445
0.01955,0.02620,0.00410,0.95014
0.27492,0.26730,0.00199,0.45580
0.17416,0.63252,0.00700,0.18631
0.34651,0.01116,0.63360,0.00873
0.59115,0.31776,0.06902,0.02207
0.49315,0.48876,0.00552,0.01258
0.00579,0.52346,0.00362,0.46712
0.06152,0.58251,0.29541,0.06056
0.99097,0.00226,0.00116,0.00560
0.37963,0.02615,0.00496,0.58926
0.38602,0.01026,0.01396,0.58977
0.21957,0.00600,0.00262,0.77181
0.01975,0.60026,0.00303,0.37696
0.02728,0.02116,0.00759,0.94397
0.94459,0.04276,0.00417,0.00848
0.68320,0.14241,0.00262,0.17177
0.48800,0.23876,0.01174,0.26149
0.31125,0.24753,0.00239,0.43883
0.01338,0.15331,0.03710,0.79621
0.01481,0.43698,0.00691,0.54130
0.18787,0.63868,0.00347,0.16997
0.46472,0.45449,0.00199,0.07880
0.07083,0.06947,0.85479,0.00491
0.20177,0.73670,0.04965,0.01188
0.33133,0.37304,0.00673,0.28890
0.16944,0.72935,0.07449,0.02673
0.86756,0.10612,0.00468,0.02164
0.49891,0.49099,0.00176,0.00835
0.01286,0.92252,0.05077,0.01385
0.25842,0.61320,0.00314,0.12524
0.93974,0.04947,0.00134,0.00945
0.73383,0.24642,0.00192,0.01782
0.02776,0.91723,0.01209,0.04292
0.02630,0.02415,0.30342,0.64613
0.98447,0.00889,0.00148,0.00516
0.80835,0.02647,0.00255,0.16263
0.10638,0.28776,0.00687,0.59899
0.01902,0.97483,0.00289,0.00326
0.06364,0.06193,0.00441,0.87001
0.39083,0.59627,0.00226,0.01065
0.45330,0.01126,0.00178,0.53365
0.31250,0.33528,0.18765,0.16458
0.06620,0.09656,0.01518,0.82206
0.15563,0.12381,0.00655,0.71401
0.48581,0.48323,0.00806,0.02290
0.78482,0.04478,0.16063,0.00977
0.01468,0.96985,0.00274,0.01273
0.77928,0.09889,0.01614,0.10570
0.91398,0.05588,0.00869,0.02145
0.35807,0.53873,0.05314,0.05005
0.63103,0.14405,0.01569,0.20923
0.21228,0.00546,0.00136,0.78090
0.07616,0.01992,0.23709,0.66683
0.03109,0.36573,0.00873,0.59446
0.97695,0.01256,0.00292,0.00756
0.09775,0.49120,0.00605,0.40501
0.46499,0.46459,0.00464,0.06577
0.15750,0.56233,0.00757,0.27261
0.48876,0.48473,0.00288,0.02363
0.15729,0.21437,0.00136,0.62698
0.10685,0.88791,0.00193,0.00331
0.97602,0.01318,0.00188,0.00891
0.03472,0.19506,0.15060,0.61962
0.36407,0.01182,0.03150,0.59261
0.11847,0.31429,0.10836,0.45888
0.19554,0.02706,0.00165,0.77575
0.02428,0.28376,0.16252,0.52943
0.44635,0.01480,0.32786,0.21099
0.33302,0.64163,0.00490,0.02044
0.92865,0.02130,0.01510,0.03495
0.02911,0.32334,0.00565,0.64190
