0.03271,0.03070,0.02999,0.02729,0.05371,0.04403,0.02648,0.05047,0.03053,0.02573,0.02989,0.03007,0.02923,0.02827,0.03405,0.03743,0.03052,0.03034,0.20586,0.19271
0.03910,0.03570,0.04821,0.03041,0.02371,0.03355,0.05389,0.02355,0.05174,0.03062,0.03957,0.03947,0.03562,0.03571,0.03305,0.03267,0.03100,0.03093,0.17124,0.18027
0.04028,0.03750,0.03695,0.03693,0.03942,0.03825,0.16388,0.02544,0.03683,0.03534,0.03874,0.04086,0.05154,0.05308,0.04892,0.04421,0.03535,0.03685,0.08022,0.07940
0.03543,0.03469,0.04083,0.02765,0.03169,0.03789,0.04941,0.03153,0.06041,0.02356,0.04778,0.04542,0.04229,0.04036,0.02584,0.04373,0.03373,0.03443,0.15800,0.15532
0.04737,0.04296,0.03820,0.03807,0.05218,0.03272,0.03463,0.04950,0.03828,0.03354,0.03533,0.03426,0.03931,0.04044,0.05297,0.05369,0.03760,0.03793,0.12971,0.13130
0.03287,0.02756,0.02981,0.03763,0.03390,0.02977,0.03138,0.03822,0.02838,0.02436,0.02412,0.02322,0.03247,0.03312,0.02877,0.02416,0.02568,0.02576,0.23712,0.23170
0.05551,0.05001,0.04576,0.05636,0.04623,0.03761,0.03854,0.05178,0.03949,0.04269,0.03116,0.03104,0.04103,0.04279,0.04643,0.04971,0.03794,0.03958,0.10673,0.10961
0.03392,0.03285,0.06002,0.02441,0.02626,0.02499,0.02702,0.03358,0.06955,0.02485,0.02628,0.02511,0.02492,0.02601,0.01996,0.03065,0.02795,0.02731,0.21857,0.21579
0.04332,0.04218,0.04890,0.03868,0.10047,0.06881,0.02982,0.04098,0.06433,0.03307,0.04027,0.03885,0.03653,0.03652,0.03254,0.03006,0.03707,0.03653,0.10121,0.09986
0.04059,0.03655,0.03538,0.03476,0.03929,0.03715,0.07534,0.12563,0.03350,0.02699,0.03522,0.03553,0.03316,0.03294,0.03948,0.03885,0.03314,0.03493,0.11726,0.11430
0.04566,0.03397,0.03310,0.04361,0.02495,0.08773,0.03237,0.03900,0.03228,0.06090,0.03044,0.02941,0.03570,0.03690,0.05627,0.02206,0.03091,0.03077,0.14828,0.14573
0.04385,0.03794,0.04177,0.03378,0.02636,0.02692,0.02592,0.03930,0.06916,0.03184,0.02699,0.02760,0.03322,0.03336,0.03553,0.03632,0.02805,0.02734,0.18878,0.18597
0.04487,0.03954,0.03857,0.05324,0.03960,0.03981,0.03212,0.05255,0.02492,0.05215,0.03372,0.03455,0.05649,0.05634,0.05090,0.04626,0.05141,0.05055,0.10234,0.10005
0.03305,0.03128,0.04035,0.03970,0.04108,0.03646,0.03654,0.03229,0.03606,0.05706,0.03635,0.03618,0.09127,0.09723,0.02993,0.02920,0.03174,0.03172,0.11591,0.11660
0.05101,0.04478,0.03448,0.04810,0.04461,0.03419,0.04602,0.05325,0.05132,0.03457,0.03928,0.03808,0.03505,0.03653,0.03142,0.03562,0.04403,0.04309,0.12774,0.12683
0.04302,0.03915,0.03592,0.03801,0.05056,0.04877,0.05655,0.03070,0.05162,0.03055,0.04776,0.04721,0.03954,0.04102,0.04069,0.04005,0.04164,0.04142,0.11933,0.11651
0.03317,0.03529,0.10339,0.03363,0.03739,0.02581,0.02593,0.02678,0.14979,0.03204,0.04290,0.04268,0.03784,0.03913,0.01969,0.04347,0.03732,0.03764,0.09814,0.09795
0.05444,0.05093,0.03637,0.04268,0.06012,0.04119,0.05489,0.03362,0.04488,0.05946,0.03792,0.03989,0.03743,0.03763,0.05280,0.05740,0.03893,0.03904,0.09163,0.08876
0.03754,0.03494,0.04811,0.03821,0.04331,0.06357,0.03370,0.04303,0.04292,0.02575,0.03231,0.03286,0.03243,0.03207,0.03513,0.03020,0.05277,0.05277,0.14555,0.14284
0.02446,0.02172,0.02253,0.02452,0.02084,0.02276,0.02458,0.02793,0.02377,0.02177,0.02613,0.02528,0.03110,0.03140,0.02171,0.02167,0.02273,0.02268,0.28773,0.27471
0.03753,0.03613,0.04019,0.03940,0.03015,0.05853,0.05741,0.04201,0.03976,0.03152,0.04130,0.04164,0.04840,0.05014,0.04402,0.03178,0.03698,0.03722,0.12726,0.12863
0.06128,0.04703,0.03140,0.06105,0.03547,0.04409,0.03977,0.04347,0.03565,0.04892,0.04246,0.04262,0.06327,0.06573,0.04140,0.02926,0.03519,0.03397,0.09791,0.10007
0.04324,0.04634,0.07083,0.03391,0.04329,0.03613,0.03303,0.04168,0.12170,0.02919,0.03672,0.03781,0.03368,0.03349,0.03876,0.10048,0.03704,0.03780,0.07352,0.07136
0.02764,0.02585,0.02715,0.02633,0.02437,0.03307,0.03624,0.03096,0.03288,0.02046,0.03083,0.03155,0.03213,0.03201,0.02854,0.02499,0.02545,0.02566,0.24540,0.23850
0.04559,0.04578,0.07334,0.04224,0.03660,0.03449,0.03801,0.04109,0.08182,0.04539,0.04656,0.04709,0.05232,0.05259,0.03691,0.06067,0.04386,0.04398,0.06637,0.06528
0.03906,0.03264,0.03332,0.05581,0.03023,0.03231,0.05221,0.09117,0.02430,0.04820,0.02945,0.02966,0.03422,0.03572,0.03755,0.02625,0.02954,0.02962,0.14925,0.15950
0.03113,0.03024,0.03630,0.03633,0.03138,0.03015,0.08202,0.02935,0.06328,0.02409,0.04451,0.04381,0.04595,0.04545,0.03946,0.03963,0.02973,0.02996,0.14317,0.14407
0.04651,0.03913,0.04146,0.04428,0.03353,0.04350,0.03313,0.04861,0.03759,0.03692,0.03161,0.03227,0.03421,0.03392,0.03908,0.02782,0.03540,0.03551,0.16221,0.16331
0.04390,0.03553,0.02852,0.02993,0.02751,0.04047,0.03568,0.04099,0.02550,0.04762,0.02707,0.02762,0.03349,0.03495,0.04398,0.02372,0.02992,0.02925,0.19797,0.19636
0.04439,0.04222,0.06718,0.03580,0.05072,0.02721,0.03805,0.03447,0.08095,0.02332,0.03951,0.03930,0.03727,0.03803,0.02915,0.04684,0.03632,0.03687,0.12652,0.12587
0.04040,0.03693,0.03823,0.04413,0.03430,0.03247,0.03822,0.04316,0.06010,0.03918,0.03394,0.03403,0.04076,0.04124,0.02983,0.03233,0.03566,0.03390,0.15820,0.15299
0.06305,0.04983,0.04039,0.05736,0.03571,0.03872,0.12240,0.03280,0.04347,0.04144,0.03647,0.03766,0.03808,0.03962,0.06083,0.03348,0.03778,0.03882,0.07590,0.07620
0.04248,0.03481,0.02930,0.04778,0.03234,0.04714,0.03826,0.02759,0.03910,0.03108,0.03864,0.03766,0.03524,0.03556,0.03666,0.02858,0.02806,0.02862,0.18109,0.18003
0.03347,0.03141,0.03457,0.02906,0.03483,0.03425,0.03945,0.10103,0.04159,0.02570,0.03382,0.03465,0.02979,0.02977,0.02568,0.02861,0.03460,0.03614,0.17366,0.16792
0.01996,0.01926,0.01844,0.02261,0.02095,0.02094,0.02225,0.02560,0.01883,0.01900,0.02083,0.02040,0.02219,0.02214,0.02255,0.01915,0.02262,0.02198,0.32347,0.29683
0.03339,0.02835,0.02862,0.03741,0.02495,0.02086,0.03007,0.03990,0.03212,0.02399,0.02652,0.02733,0.02513,0.02544,0.02267,0.02347,0.02604,0.02546,0.25307,0.24521
0.03962,0.03198,0.02850,0.03971,0.02635,0.04043,0.04179,0.03414,0.03071,0.03587,0.02841,0.02871,0.03411,0.03379,0.03952,0.01988,0.02682,0.02669,0.20535,0.20760
0.03803,0.03130,0.03165,0.02983,0.02745,0.03324,0.03343,0.04096,0.02919,0.03375,0.02706,0.02658,0.03271,0.03405,0.03132,0.02615,0.04054,0.03903,0.20770,0.20603
0.04110,0.03358,0.02840,0.03341,0.02744,0.03832,0.02962,0.03206,0.02805,0.03442,0.02822,0.02788,0.03067,0.03007,0.03756,0.02258,0.02724,0.02698,0.21831,0.22408
0.04015,0.03917,0.05789,0.04136,0.04718,0.03715,0.05553,0.04363,0.05825,0.03003,0.04025,0.03940,0.04552,0.04634,0.03228,0.05679,0.04337,0.04365,0.10177,0.10028
0.02887,0.02822,0.04358,0.04226,0.02814,0.03980,0.02883,0.04254,0.04194,0.20774,0.03187,0.03249,0.03935,0.04129,0.03886,0.02762,0.02902,0.02852,0.10016,0.09891
0.05015,0.04405,0.04838,0.03496,0.03420,0.05518,0.03123,0.04150,0.06457,0.02991,0.04199,0.04391,0.04945,0.05034,0.04509,0.03222,0.03603,0.03555,0.11396,0.11733
0.07344,0.04374,0.02917,0.03331,0.02447,0.05092,0.03249,0.04685,0.02338,0.03849,0.02890,0.03002,0.03525,0.03648,0.04837,0.02111,0.02756,0.02693,0.17552,0.17361
0.01662,0.01491,0.01510,0.01522,0.01457,0.01752,0.02140,0.02906,0.01791,0.01490,0.01513,0.01498,0.01672,0.01706,0.01655,0.01782,0.01698,0.01753,0.35099,0.33903
0.03385,0.03013,0.03244,0.03195,0.02247,0.18759,0.03984,0.03023,0.02813,0.05326,0.03096,0.03274,0.04240,0.04263,0.04841,0.02030,0.04556,0.04627,0.10154,0.09928
0.03439,0.03127,0.02922,0.03243,0.02909,0.04097,0.03849,0.05553,0.02589,0.02419,0.02684,0.02637,0.03008,0.03080,0.03531,0.02498,0.06058,0.06045,0.17832,0.18481
0.03326,0.02997,0.03232,0.03213,0.02610,0.04275,0.02892,0.04810,0.02910,0.02908,0.03280,0.03294,0.04649,0.04809,0.03421,0.02545,0.02866,0.02933,0.19510,0.19520
0.04277,0.03968,0.04882,0.03093,0.03653,0.03075,0.03490,0.02964,0.07156,0.02838,0.03186,0.03054,0.03555,0.03572,0.02934,0.03436,0.02505,0.02454,0.18051,0.17856
0.03371,0.03761,0.07982,0.02790,0.05194,0.02919,0.03365,0.02911,0.13265,0.02342,0.03695,0.03713,0.03753,0.03943,0.02308,0.05363,0.03442,0.03538,0.11201,0.11144
0.03520,0.03270,0.02983,0.02928,0.03718,0.04007,0.23685,0.02727,0.03700,0.03640,0.04349,0.04334,0.03930,0.04019,0.05037,0.03247,0.05435,0.05347,0.05108,0.05014
0.05161,0.04894,0.05109,0.03151,0.12255,0.07036,0.03672,0.04333,0.07336,0.04101,0.04270,0.04138,0.03255,0.03256,0.04028,0.03909,0.03741,0.03546,0.06539,0.06270
0.03659,0.03605,0.06514,0.03630,0.03256,0.04537,0.03228,0.04489,0.04538,0.03652,0.05195,0.05133,0.04731,0.04611,0.02838,0.06109,0.04993,0.04821,0.10512,0.09950
0.03398,0.02943,0.03489,0.03357,0.03512,0.03355,0.04240,0.04355,0.03258,0.02842,0.02767,0.02762,0.03207,0.03180,0.03925,0.02797,0.05689,0.05345,0.17996,0.17582
0.06726,0.05420,0.03487,0.03741,0.03693,0.03319,0.04130,0.04559,0.02846,0.03451,0.02666,0.02653,0.03424,0.03506,0.13612,0.04366,0.02955,0.03032,0.11360,0.11055
0.04179,0.03275,0.02860,0.03803,0.04117,0.03562,0.04116,0.05190,0.02813,0.03103,0.02830,0.02832,0.03400,0.03407,0.04456,0.02823,0.02803,0.02700,0.19096,0.18635
0.04304,0.04849,0.07566,0.03366,0.04087,0.03187,0.02684,0.05287,0.12820,0.02981,0.03575,0.03367,0.03301,0.03377,0.03033,0.05241,0.03350,0.03379,0.10069,0.10178
0.03349,0.03115,0.03129,0.04984,0.02621,0.03274,0.05666,0.02896,0.03904,0.02540,0.04077,0.03907,0.05262,0.05331,0.03990,0.03135,0.03334,0.03285,0.16179,0.16024
0.03525,0.03455,0.03877,0.04318,0.03828,0.03217,0.04427,0.04759,0.03194,0.03672,0.03674,0.03858,0.04005,0.04066,0.03154,0.03853,0.04064,0.04004,0.15687,0.15363
0.03058,0.03210,0.05020,0.02424,0.04053,0.02617,0.02619,0.04491,0.09805,0.01986,0.02851,0.02820,0.02914,0.02965,0.02048,0.04122,0.02851,0.02963,0.19085,0.18098
0.04729,0.04267,0.03397,0.05537,0.02618,0.05731,0.03797,0.03310,0.02628,0.10793,0.03638,0.03654,0.05109,0.05190,0.06931,0.03494,0.03941,0.03899,0.08734,0.08603
0.04549,0.04013,0.03049,0.03668,0.04568,0.04206,0.04620,0.04219,0.04503,0.02665,0.03803,0.03660,0.03292,0.03347,0.03659,0.03470,0.04109,0.04084,0.15415,0.15104
0.03708,0.03595,0.04125,0.04044,0.04243,0.04150,0.06844,0.04188,0.04369,0.03231,0.03954,0.03924,0.05150,0.05171,0.03922,0.04580,0.03875,0.03701,0.11640,0.11586
0.04052,0.03543,0.04483,0.04013,0.02873,0.03603,0.04143,0.03229,0.06249,0.02723,0.04377,0.04441,0.05809,0.06160,0.04177,0.03116,0.03405,0.03341,0.13111,0.13152
0.04066,0.03398,0.03214,0.04574,0.02773,0.02563,0.03362,0.03424,0.03903,0.02815,0.02949,0.02957,0.02866,0.02911,0.03147,0.02515,0.02765,0.02672,0.21657,0.21470
0.06200,0.04942,0.02944,0.04787,0.03710,0.03143,0.03759,0.04166,0.03446,0.03264,0.03105,0.03102,0.03567,0.03460,0.06483,0.03422,0.02981,0.02909,0.15052,0.15558
0.03798,0.03521,0.03464,0.04756,0.03896,0.04160,0.07472,0.02243,0.03311,0.03838,0.08991,0.09266,0.04680,0.04717,0.05154,0.03814,0.03750,0.03616,0.07756,0.07797
0.02565,0.02448,0.02241,0.02329,0.03184,0.03376,0.04072,0.09617,0.02377,0.01841,0.02641,0.02575,0.02566,0.02620,0.02288,0.02325,0.03171,0.03331,0.23033,0.21399
0.05033,0.04298,0.04137,0.03593,0.03286,0.06919,0.03988,0.04128,0.03705,0.03631,0.04272,0.04216,0.04043,0.04017,0.04407,0.02883,0.04096,0.03967,0.13017,0.12364
0.03628,0.03947,0.11148,0.03057,0.04762,0.06315,0.02742,0.03238,0.10145,0.03330,0.03918,0.03785,0.04287,0.04312,0.02552,0.04875,0.04525,0.04510,0.07524,0.07400
0.03685,0.03955,0.06142,0.04249,0.03885,0.06484,0.04110,0.03268,0.13471,0.03812,0.03797,0.03865,0.03864,0.04006,0.03085,0.03622,0.04009,0.03955,0.08406,0.08331
0.05357,0.04002,0.03283,0.03834,0.02774,0.06346,0.02923,0.06346,0.02619,0.03732,0.03341,0.03359,0.03887,0.03944,0.04702,0.02278,0.03192,0.03147,0.15373,0.15561
0.04776,0.04807,0.05607,0.04551,0.03162,0.04512,0.03255,0.05375,0.04491,0.03936,0.03221,0.03257,0.04010,0.04109,0.02898,0.03114,0.04790,0.04671,0.12926,0.12534
0.04413,0.03833,0.04629,0.03933,0.04022,0.03816,0.03314,0.04387,0.03520,0.03365,0.03446,0.03571,0.04331,0.04272,0.03571,0.02960,0.03941,0.04037,0.15320,0.15319
0.03514,0.03861,0.06197,0.05360,0.04248,0.03111,0.04408,0.03241,0.04021,0.04439,0.04290,0.04481,0.05866,0.05535,0.03438,0.10102,0.05396,0.05405,0.06590,0.06497
0.03245,0.02553,0.02537,0.03276,0.02310,0.02479,0.02231,0.02651,0.02340,0.03415,0.02238,0.02238,0.02524,0.02565,0.03134,0.01707,0.02198,0.02066,0.26480,0.27812
0.04166,0.03410,0.03775,0.08898,0.02596,0.04853,0.02833,0.05871,0.04039,0.04415,0.04185,0.04041,0.03833,0.03966,0.03707,0.02087,0.03190,0.03133,0.13291,0.13712
0.05459,0.04632,0.03261,0.05318,0.03750,0.06933,0.04002,0.08381,0.03435,0.04889,0.03419,0.03514,0.03524,0.03684,0.04923,0.02567,0.04895,0.04756,0.09312,0.09348
0.18585,0.08380,0.03068,0.03108,0.03622,0.05154,0.03005,0.05216,0.03333,0.02543,0.02976,0.02991,0.02469,0.02498,0.04751,0.02324,0.02769,0.02772,0.10311,0.10127
0.04171,0.04382,0.04469,0.04845,0.03690,0.03468,0.02948,0.04902,0.06074,0.03276,0.07905,0.07944,0.03736,0.03812,0.02678,0.05675,0.03752,0.03650,0.09357,0.09267
0.03472,0.03737,0.05913,0.02732,0.03654,0.03087,0.02750,0.04387,0.06649,0.02379,0.02826,0.02818,0.03172,0.03299,0.02499,0.03321,0.04497,0.04419,0.17239,0.17152
0.03346,0.03454,0.04144,0.02975,0.03125,0.05797,0.03040,0.04785,0.05485,0.04507,0.03158,0.03082,0.03570,0.03601,0.03431,0.03176,0.03437,0.03401,0.16335,0.16152
0.04917,0.04162,0.02997,0.04100,0.13392,0.04251,0.08762,0.03024,0.03961,0.03845,0.03804,0.03870,0.04742,0.04928,0.04369,0.04358,0.03778,0.03792,0.06589,0.06358
0.04616,0.03779,0.03345,0.03696,0.03468,0.06290,0.07661,0.04251,0.03393,0.04546,0.03305,0.03237,0.04323,0.04526,0.06315,0.02867,0.03726,0.03663,0.11251,0.11742
0.04712,0.04040,0.03886,0.04123,0.03175,0.04392,0.03453,0.05659,0.03217,0.03669,0.03314,0.03194,0.04072,0.04263,0.04326,0.03236,0.04114,0.04192,0.14681,0.14282
0.04541,0.03574,0.03580,0.05314,0.02259,0.03397,0.04443,0.03444,0.03769,0.03702,0.03842,0.03960,0.05828,0.06042,0.03414,0.02724,0.03475,0.03260,0.14756,0.14674
0.05570,0.04464,0.03419,0.03977,0.02569,0.07065,0.03746,0.04726,0.04145,0.03891,0.03224,0.03201,0.03700,0.03817,0.04828,0.02499,0.03780,0.03816,0.13826,0.13738
0.04951,0.03949,0.02688,0.03480,0.23429,0.03861,0.02668,0.03154,0.02868,0.02583,0.02931,0.02983,0.02874,0.02975,0.03594,0.02674,0.02930,0.02881,0.11343,0.11184
0.04089,0.03811,0.04285,0.04203,0.04138,0.04027,0.04034,0.03691,0.05544,0.02653,0.03397,0.03386,0.03651,0.03672,0.03181,0.03406,0.03492,0.03586,0.15853,0.15901
0.04400,0.03988,0.03655,0.04382,0.04076,0.05150,0.03138,0.03832,0.04999,0.03942,0.06257,0.06461,0.03579,0.03704,0.03580,0.03237,0.03365,0.03453,0.12439,0.12366
0.03690,0.03251,0.02701,0.04084,0.04117,0.04627,0.04355,0.02991,0.03181,0.03253,0.03887,0.03850,0.04408,0.04391,0.03593,0.02765,0.03149,0.03087,0.17603,0.17018
0.04582,0.03725,0.03136,0.04387,0.06345,0.09372,0.02602,0.03685,0.02970,0.03400,0.03461,0.03471,0.03637,0.03682,0.04072,0.02108,0.03052,0.03063,0.14676,0.14575
0.04378,0.04209,0.05927,0.04067,0.03403,0.07138,0.03420,0.03415,0.04815,0.04959,0.06709,0.06924,0.05453,0.05536,0.04407,0.03812,0.03643,0.03628,0.07154,0.07003
0.04176,0.04169,0.03970,0.04337,0.03625,0.04983,0.04928,0.10180,0.04941,0.03174,0.03539,0.03462,0.02834,0.02854,0.03173,0.03504,0.04087,0.03935,0.12210,0.11918
0.04541,0.04015,0.03847,0.03851,0.03015,0.04265,0.06193,0.05024,0.03221,0.03443,0.03257,0.03280,0.04814,0.04731,0.04337,0.04575,0.04764,0.04791,0.12172,0.11865
0.03439,0.03535,0.04579,0.02807,0.03446,0.08337,0.02759,0.04388,0.05592,0.02752,0.03920,0.03817,0.03228,0.03244,0.03349,0.02989,0.03788,0.03702,0.15016,0.15312
0.05004,0.04759,0.03604,0.02979,0.08060,0.04267,0.03059,0.04402,0.06415,0.03296,0.03465,0.03404,0.03206,0.03282,0.03600,0.04324,0.03413,0.03327,0.13208,0.12927
0.03669,0.03188,0.03188,0.04520,0.03058,0.03123,0.03216,0.03282,0.03565,0.02415,0.03631,0.03644,0.06070,0.06075,0.03739,0.02989,0.02910,0.02915,0.17451,0.17352
0.04113,0.03858,0.04207,0.04946,0.02610,0.06415,0.04004,0.03198,0.04365,0.03767,0.04994,0.05160,0.08130,0.08298,0.05911,0.02611,0.03261,0.03257,0.08265,0.08629
0.05178,0.04525,0.03083,0.04199,0.02945,0.05254,0.08273,0.03054,0.03337,0.04084,0.06745,0.06898,0.04913,0.04964,0.05855,0.03432,0.04730,0.04822,0.06771,0.06938
0.03682,0.03620,0.07065,0.03415,0.04030,0.02000,0.02326,0.02819,0.08134,0.02258,0.03017,0.03101,0.02891,0.02932,0.01768,0.04636,0.03021,0.02910,0.18296,0.18079
