0.26548,0.39139,0.14854,0.05201,0.04463,0.01389,0.03650,0.04755
0.02851,0.52925,0.22571,0.03020,0.11590,0.02068,0.01040,0.03936
0.03589,0.34341,0.11065,0.08165,0.18540,0.18535,0.02740,0.03025
0.02419,0.40039,0.29523,0.06483,0.13054,0.01297,0.03885,0.03299
0.08152,0.33148,0.08103,0.04540,0.22507,0.03103,0.01257,0.19190
0.08885,0.45115,0.05533,0.03953,0.18589,0.12816,0.00487,0.04622
0.02310,0.27742,0.09661,0.03990,0.30278,0.23188,0.00761,0.02069
0.04064,0.40684,0.30804,0.06212,0.11525,0.02939,0.01372,0.02400
0.04650,0.24273,0.34661,0.08207,0.16355,0.03858,0.01392,0.06604
0.02141,0.27641,0.07387,0.06726,0.30887,0.17303,0.02217,0.05698
0.03691,0.25949,0.26920,0.01392,0.38086,0.01813,0.00865,0.01285
0.03510,0.34007,0.23214,0.11871,0.06405,0.05065,0.13661,0.02267
0.15219,0.27481,0.05779,0.04131,0.13730,0.05864,0.02690,0.25105
0.02405,0.10847,0.16688,0.03369,0.28974,0.30638,0.05004,0.02074
0.03302,0.32389,0.40483,0.04392,0.13405,0.03135,0.01007,0.01887
0.05880,0.42468,0.08073,0.10172,0.11484,0.10279,0.03584,0.08060
0.04231,0.21800,0.42937,0.03396,0.15751,0.03071,0.06000,0.02814
0.10216,0.43355,0.14334,0.03944,0.07458,0.01675,0.14793,0.04226
0.08674,0.56311,0.08580,0.03081,0.12705,0.02227,0.00997,0.07424
0.10511,0.41315,0.12320,0.03297,0.10215,0.01318,0.01592,0.19432
0.13633,0.29202,0.06817,0.02196,0.34363,0.01881,0.02003,0.09905
0.02998,0.55071,0.03961,0.01200,0.25343,0.01243,0.00440,0.09744
0.01976,0.28215,0.05575,0.06823,0.27667,0.16254,0.02498,0.10992
0.08810,0.20898,0.12134,0.01775,0.24529,0.01733,0.17181,0.12941
0.02863,0.37188,0.09739,0.04129,0.20580,0.18750,0.01546,0.05206
0.03222,0.42694,0.24747,0.09256,0.05884,0.02432,0.08844,0.02921
0.06612,0.46490,0.13667,0.02427,0.18042,0.02373,0.03765,0.06623
0.01762,0.30968,0.04960,0.11656,0.12243,0.33985,0.00803,0.03624
0.01614,0.37481,0.34320,0.09248,0.10218,0.02313,0.02730,0.02076
0.01798,0.26424,0.05375,0.11272,0.19700,0.25647,0.01345,0.08439
0.01398,0.41970,0.03534,0.03742,0.21199,0.21762,0.02302,0.04092
0.01346,0.27919,0.30889,0.23723,0.09555,0.02762,0.01250,0.02556
0.04960,0.29456,0.15500,0.04702,0.31058,0.07802,0.01356,0.05167
0.01982,0.38804,0.14023,0.11710,0.25932,0.01592,0.01820,0.04138
0.03384,0.56689,0.08545,0.01601,0.20833,0.01058,0.01154,0.06735
0.02725,0.20055,0.41622,0.07085,0.21595,0.03086,0.01639,0.02194
0.02881,0.24508,0.16295,0.05505,0.39668,0.08175,0.00780,0.02190
0.02201,0.19884,0.49015,0.10386,0.11901,0.01820,0.01508,0.03284
0.04758,0.54262,0.07312,0.05059,0.09328,0.02947,0.01149,0.15184
0.01585,0.46402,0.06136,0.04039,0.25774,0.12297,0.00480,0.03287
0.03781,0.25365,0.30645,0.17634,0.05611,0.01471,0.11130,0.04362
0.03253,0.33231,0.07229,0.02834,0.34545,0.05213,0.08522,0.05172
0.09239,0.20430,0.15998,0.05527,0.25845,0.06523,0.09493,0.06945
0.10986,0.46965,0.07943,0.02438,0.20655,0.02866,0.00899,0.07247
0.02823,0.47218,0.21273,0.01208,0.09178,0.00572,0.00918,0.16811
0.20995,0.26111,0.11097,0.04014,0.14631,0.01974,0.03848,0.17329
0.05354,0.49847,0.20030,0.01749,0.15518,0.01766,0.01113,0.04624
0.01930,0.30481,0.34063,0.07448,0.16857,0.02838,0.02577,0.03807
0.02944,0.50831,0.18827,0.05752,0.13608,0.03612,0.01594,0.02832
0.01424,0.28713,0.06846,0.09067,0.16383,0.31834,0.02285,0.03449
0.05014,0.48673,0.16045,0.01391,0.22545,0.01223,0.02193,0.02917
0.06898,0.28786,0.36124,0.07192,0.08649,0.03125,0.05445,0.03780
0.18827,0.30449,0.12289,0.01562,0.26557,0.01662,0.01135,0.07520
0.13781,0.26855,0.20241,0.01787,0.26347,0.01344,0.01422,0.08223
0.04026,0.22665,0.28345,0.06954,0.16613,0.10296,0.08857,0.02244
0.01850,0.36113,0.06887,0.06006,0.13749,0.29877,0.00621,0.04896
0.01690,0.38912,0.07930,0.04895,0.31033,0.03828,0.08280,0.03432
0.02487,0.32436,0.36297,0.10414,0.10161,0.01592,0.01400,0.05214
0.03545,0.38381,0.05458,0.03533,0.18708,0.15257,0.09057,0.06060
0.06812,0.24281,0.26082,0.01779,0.11758,0.01004,0.02182,0.26101
0.04341,0.30130,0.08065,0.06803,0.19767,0.25086,0.01128,0.04680
0.23646,0.34764,0.08152,0.01939,0.20205,0.01275,0.00590,0.09429
0.08352,0.24625,0.07999,0.01641,0.38148,0.01466,0.07332,0.10437
0.02480,0.28142,0.11917,0.04913,0.18666,0.28792,0.00879,0.04212
0.03268,0.23513,0.10648,0.05646,0.25654,0.23552,0.03344,0.04375
0.19006,0.36156,0.23733,0.01109,0.14433,0.00885,0.00683,0.03996
0.01528,0.35383,0.33862,0.23365,0.02865,0.01156,0.00529,0.01311
0.09523,0.40794,0.17273,0.01429,0.24565,0.01448,0.00729,0.04238
0.09982,0.34243,0.20240,0.01610,0.27005,0.01247,0.01339,0.04335
0.03036,0.19838,0.42008,0.01805,0.26793,0.01253,0.01547,0.03720
0.11349,0.37209,0.18570,0.01874,0.23692,0.02050,0.00601,0.04656
0.14481,0.21845,0.22705,0.04811,0.21637,0.09727,0.01464,0.03329
0.03738,0.36379,0.29985,0.02615,0.22905,0.01377,0.00481,0.02519
0.01673,0.16151,0.10403,0.04414,0.32745,0.22295,0.10286,0.02032
0.06681,0.26610,0.07388,0.04060,0.32063,0.12128,0.02923,0.08148
0.01160,0.27269,0.04329,0.11232,0.10901,0.33595,0.00997,0.10518
0.05302,0.24550,0.12488,0.02969,0.36662,0.11079,0.04167,0.02783
0.01393,0.42016,0.06927,0.05685,0.18986,0.21398,0.00429,0.03165
0.06451,0.27116,0.39066,0.06101,0.10851,0.03011,0.02960,0.04445
0.02728,0.49630,0.20357,0.00994,0.22039,0.01332,0.01226,0.01693
0.02131,0.35794,0.11050,0.14950,0.17334,0.15216,0.00986,0.02539
0.02050,0.42883,0.08367,0.03313,0.35217,0.04840,0.00980,0.02349
0.06383,0.23180,0.22460,0.01768,0.33632,0.00877,0.01905,0.09797
0.02837,0.56921,0.06404,0.03655,0.12654,0.12008,0.00834,0.04688
0.16282,0.37121,0.14607,0.01610,0.21232,0.01615,0.02926,0.04607
0.07013,0.50316,0.09462,0.05348,0.08606,0.06877,0.09096,0.03282
0.02596,0.41128,0.05903,0.01725,0.30944,0.01402,0.00693,0.15609
0.10051,0.41165,0.10582,0.01817,0.22786,0.02152,0.02383,0.09064
0.04207,0.15538,0.21303,0.04099,0.42529,0.03072,0.07158,0.02094
0.09285,0.46456,0.09337,0.02291,0.09676,0.01095,0.16662,0.05199
0.11746,0.57703,0.12373,0.02052,0.07608,0.01395,0.02727,0.04395
0.06005,0.57103,0.12539,0.04437,0.11978,0.03248,0.00852,0.03837
0.09873,0.39605,0.24274,0.05339,0.11718,0.04231,0.00779,0.04181
0.01228,0.27865,0.49088,0.08118,0.09115,0.01973,0.00785,0.01829
0.02694,0.47554,0.06493,0.03117,0.27232,0.09068,0.01052,0.02790
0.03665,0.49505,0.23389,0.04305,0.12879,0.01193,0.00636,0.04428
0.01699,0.57099,0.05812,0.07958,0.10982,0.09118,0.04855,0.02477
0.13211,0.33784,0.20531,0.05723,0.14687,0.02030,0.00791,0.09243
0.11799,0.24733,0.32520,0.04778,0.16489,0.03389,0.03146,0.03147
0.03532,0.48060,0.22992,0.03023,0.08300,0.00951,0.08560,0.04582
