0.00757,0.01372,0.03242,0.10536,0.17166,0.00399,0.01079,0.01152,0.14316,0.03092,0.14727,0.01613,0.00655,0.02963,0.05945,0.02660,0.00321,0.02255,0.00419,0.15331
0.00567,0.52738,0.01283,0.00663,0.16465,0.01207,0.03060,0.00616,0.00684,0.14790,0.02897,0.00194,0.00459,0.00695,0.00620,0.01274,0.00268,0.01031,0.00170,0.00318
0.00462,0.01297,0.01193,0.13828,0.18850,0.00769,0.00774,0.04301,0.03218,0.04432,0.08270,0.02299,0.00596,0.09096,0.22735,0.01626,0.00352,0.01275,0.00239,0.04389
0.00507,0.00554,0.00398,0.00465,0.00215,0.01127,0.02069,0.00681,0.46352,0.00669,0.00520,0.00196,0.00377,0.00926,0.00991,0.42570,0.00253,0.00577,0.00187,0.00365
0.01143,0.03148,0.00722,0.10265,0.00762,0.09268,0.02944,0.02144,0.00600,0.02766,0.02937,0.00550,0.00715,0.41341,0.01249,0.00528,0.14492,0.01989,0.00344,0.02095
0.00363,0.01467,0.00937,0.01471,0.22351,0.01049,0.01947,0.00783,0.02146,0.02746,0.07176,0.00941,0.00424,0.17369,0.27598,0.05256,0.00456,0.01892,0.00369,0.03259
0.00764,0.01489,0.05023,0.01821,0.19994,0.00669,0.01283,0.00486,0.02934,0.03042,0.11253,0.01163,0.00819,0.03205,0.35112,0.05499,0.00330,0.01563,0.00426,0.03125
0.00769,0.04320,0.00533,0.01163,0.01556,0.02495,0.02322,0.00490,0.03818,0.04322,0.02039,0.00257,0.00829,0.02298,0.01854,0.68888,0.00674,0.00668,0.00193,0.00511
0.01323,0.00661,0.07414,0.02098,0.21178,0.00383,0.01905,0.00694,0.13698,0.31898,0.03562,0.09284,0.00512,0.00869,0.01335,0.00527,0.00135,0.00701,0.00262,0.01560
0.01905,0.01261,0.00769,0.04501,0.01037,0.02009,0.06178,0.02091,0.12034,0.03338,0.01485,0.00482,0.01446,0.04465,0.03274,0.48612,0.00496,0.02511,0.00371,0.01736
0.00645,0.02664,0.64861,0.01545,0.04433,0.02419,0.02176,0.02438,0.00589,0.02823,0.02378,0.00247,0.00622,0.02033,0.02118,0.01251,0.03630,0.00508,0.00257,0.02361
0.01158,0.02079,0.00799,0.01186,0.00962,0.01172,0.01662,0.01765,0.05229,0.01509,0.03328,0.00395,0.01127,0.02725,0.01607,0.71513,0.00332,0.00479,0.00221,0.00751
0.00757,0.60296,0.02179,0.01187,0.03868,0.03019,0.06754,0.00533,0.00329,0.14772,0.00860,0.00146,0.00345,0.00631,0.01120,0.00329,0.00567,0.00970,0.00175,0.01163
0.01775,0.07690,0.01096,0.04356,0.03479,0.02311,0.06769,0.00497,0.01148,0.16984,0.05867,0.05635,0.00766,0.01469,0.03616,0.01661,0.02081,0.00974,0.25461,0.06363
0.00865,0.05481,0.00957,0.05376,0.01670,0.02017,0.02127,0.00448,0.00967,0.21227,0.09044,0.05834,0.00744,0.05129,0.02614,0.03156,0.02867,0.09316,0.17659,0.02503
0.01261,0.06949,0.01608,0.02792,0.02490,0.06426,0.03833,0.02079,0.00608,0.05723,0.01628,0.00410,0.02126,0.07120,0.01690,0.00815,0.42345,0.02921,0.00448,0.06729
0.01000,0.34592,0.00973,0.05422,0.04058,0.02287,0.19832,0.06607,0.01317,0.10238,0.02015,0.00612,0.00778,0.00908,0.03277,0.00588,0.00503,0.01558,0.01191,0.02242
0.00664,0.01440,0.01442,0.01864,0.01222,0.16486,0.02251,0.09188,0.00688,0.04573,0.01808,0.00359,0.01009,0.07954,0.01927,0.00547,0.41940,0.01741,0.00287,0.02611
0.00556,0.01587,0.37378,0.01692,0.02460,0.04249,0.03203,0.11832,0.01594,0.10480,0.01664,0.00358,0.00902,0.01968,0.02351,0.09670,0.00899,0.02640,0.00348,0.04166
0.00732,0.01470,0.03065,0.25508,0.04334,0.00919,0.01672,0.09760,0.05494,0.02941,0.08696,0.02973,0.00682,0.10640,0.07998,0.02332,0.00654,0.02262,0.00533,0.07335
0.00490,0.11389,0.00287,0.24996,0.00846,0.08017,0.01057,0.01223,0.00427,0.01901,0.02315,0.00994,0.00348,0.39587,0.01149,0.00254,0.02213,0.00604,0.00207,0.01694
0.00910,0.01437,0.38579,0.02812,0.00895,0.05065,0.03062,0.02074,0.00800,0.27149,0.02177,0.00327,0.01408,0.03640,0.00922,0.00911,0.01029,0.05231,0.00229,0.01344
0.01220,0.01142,0.15186,0.09097,0.17143,0.01034,0.02277,0.02801,0.15077,0.03957,0.04654,0.01044,0.00974,0.02067,0.12566,0.02591,0.00484,0.02219,0.00638,0.03828
0.01755,0.05100,0.05576,0.01635,0.24815,0.00829,0.19590,0.00436,0.01148,0.03408,0.06445,0.00443,0.01383,0.01638,0.02426,0.04554,0.05377,0.05060,0.00392,0.07990
0.01234,0.02893,0.01405,0.02530,0.11541,0.00466,0.01892,0.00688,0.02096,0.01845,0.12427,0.01879,0.01485,0.22717,0.10918,0.01688,0.00213,0.01681,0.00446,0.19956
0.00632,0.38507,0.01211,0.00880,0.11273,0.01974,0.19339,0.00887,0.01585,0.06862,0.07932,0.00188,0.00501,0.01850,0.02050,0.01662,0.00365,0.01238,0.00322,0.00743
0.05253,0.01424,0.00415,0.00745,0.00281,0.00966,0.03296,0.00312,0.00429,0.01065,0.03933,0.02209,0.72689,0.01568,0.00918,0.00356,0.00302,0.00737,0.01621,0.01481
0.01274,0.01424,0.00946,0.03273,0.00557,0.02032,0.05302,0.00520,0.01257,0.30514,0.06170,0.02771,0.00848,0.01498,0.02255,0.03607,0.01123,0.03476,0.29128,0.02025
0.00843,0.02923,0.49688,0.03173,0.01883,0.03830,0.01706,0.01805,0.00815,0.11446,0.01354,0.00274,0.02185,0.02018,0.03006,0.00981,0.01731,0.02624,0.00250,0.07465
0.00666,0.01142,0.00654,0.00765,0.00554,0.00691,0.02819,0.01439,0.03593,0.01497,0.01599,0.00306,0.00867,0.02334,0.01672,0.77088,0.00267,0.00986,0.00225,0.00834
0.00834,0.01284,0.00478,0.00329,0.00517,0.00648,0.01995,0.00651,0.06119,0.00493,0.00917,0.00239,0.00620,0.01282,0.00993,0.81498,0.00176,0.00494,0.00114,0.00319
0.00964,0.05156,0.21355,0.02503,0.11005,0.05874,0.02686,0.00609,0.00721,0.27219,0.03497,0.00850,0.02258,0.01554,0.04099,0.00853,0.00728,0.02460,0.00914,0.04693
0.00571,0.01235,0.08054,0.00608,0.01183,0.01413,0.64164,0.02031,0.00482,0.00683,0.03002,0.00300,0.00868,0.01403,0.09271,0.01336,0.00355,0.01121,0.00230,0.01688
0.00332,0.01831,0.00540,0.02776,0.17931,0.00838,0.01079,0.00968,0.00393,0.02158,0.05781,0.00833,0.00405,0.45452,0.14134,0.00262,0.00269,0.00996,0.00208,0.02814
0.00923,0.08596,0.00519,0.00916,0.00934,0.13954,0.04773,0.00322,0.00572,0.02042,0.02845,0.00234,0.00481,0.04174,0.03633,0.00374,0.50786,0.01293,0.00238,0.02389
0.04479,0.06840,0.05226,0.02897,0.15178,0.01773,0.12586,0.00723,0.01511,0.04007,0.06460,0.00488,0.01945,0.03947,0.04104,0.05988,0.07972,0.02899,0.00428,0.10549
0.00705,0.00815,0.00735,0.00454,0.00336,0.01201,0.01726,0.01736,0.11977,0.00906,0.01289,0.00165,0.00714,0.02036,0.01513,0.72216,0.00327,0.00447,0.00126,0.00573
0.00676,0.03889,0.25063,0.03745,0.07031,0.03474,0.06008,0.01176,0.00358,0.32216,0.01500,0.00281,0.01507,0.01750,0.02107,0.00386,0.00751,0.02079,0.00262,0.05741
0.20473,0.02729,0.00648,0.01151,0.00522,0.01547,0.03041,0.00451,0.00441,0.01134,0.02485,0.07225,0.48098,0.01511,0.01565,0.00434,0.00500,0.00863,0.03722,0.01462
0.00834,0.48556,0.05115,0.01542,0.05178,0.01986,0.04735,0.02284,0.01002,0.10773,0.04973,0.00176,0.00674,0.01313,0.01575,0.06469,0.00584,0.01206,0.00134,0.00893
0.00414,0.00656,0.30856,0.01661,0.00519,0.09620,0.04453,0.13383,0.01592,0.19308,0.00976,0.00342,0.00573,0.00893,0.01678,0.07395,0.00515,0.02599,0.00545,0.02021
0.01065,0.01729,0.00752,0.28119,0.00690,0.01981,0.02715,0.00656,0.05793,0.04641,0.07041,0.02415,0.01317,0.07555,0.02369,0.19699,0.01015,0.07666,0.01490,0.01293
0.13939,0.05571,0.01951,0.01564,0.01279,0.01566,0.02167,0.01134,0.01253,0.02244,0.08552,0.03123,0.35915,0.10222,0.03104,0.02045,0.00569,0.00968,0.01910,0.00924
0.03691,0.01931,0.00939,0.00588,0.00711,0.03426,0.03731,0.00505,0.00694,0.00869,0.00726,0.03126,0.02354,0.00975,0.02517,0.00891,0.00776,0.00611,0.69318,0.01623
0.00802,0.01546,0.01524,0.01409,0.01027,0.09787,0.02393,0.01304,0.00808,0.02344,0.01780,0.00556,0.00651,0.02685,0.01084,0.01051,0.66818,0.00942,0.00303,0.01188
0.06382,0.06051,0.05739,0.03067,0.05553,0.02660,0.03233,0.00739,0.01206,0.02762,0.08176,0.00566,0.33446,0.02491,0.05578,0.01285,0.01308,0.03502,0.00753,0.05502
0.00438,0.00827,0.22647,0.01264,0.00913,0.00962,0.01883,0.02559,0.00517,0.60802,0.00902,0.00233,0.00561,0.00815,0.01323,0.00489,0.00187,0.01144,0.00206,0.01325
0.00507,0.61685,0.01533,0.01570,0.02460,0.02052,0.03537,0.00477,0.00729,0.10083,0.03225,0.00432,0.00433,0.00961,0.01333,0.01133,0.00801,0.03743,0.00521,0.02785
0.00648,0.01774,0.55118,0.01033,0.01170,0.03346,0.09168,0.04179,0.00521,0.01995,0.02550,0.00248,0.00889,0.02591,0.02780,0.01545,0.01522,0.05504,0.00290,0.03129
0.00999,0.01670,0.00723,0.42403,0.01229,0.02144,0.03639,0.01836,0.04893,0.02622,0.01793,0.03128,0.01012,0.09057,0.03048,0.09330,0.01729,0.05131,0.01129,0.02486
0.01093,0.01389,0.01412,0.22727,0.00856,0.07597,0.07241,0.06950,0.11588,0.05923,0.03093,0.01536,0.00851,0.09765,0.01745,0.02675,0.01071,0.09180,0.01002,0.02306
0.01013,0.18085,0.00755,0.15895,0.01217,0.01807,0.00828,0.01217,0.00433,0.02213,0.02493,0.02248,0.00489,0.45029,0.01652,0.00206,0.01796,0.00699,0.00473,0.01450
0.00957,0.00675,0.00124,0.00114,0.00103,0.01902,0.09202,0.00079,0.01076,0.00168,0.00234,0.02741,0.00652,0.00187,0.00752,0.00299,0.00135,0.00169,0.78431,0.02001
0.00944,0.05831,0.01066,0.05595,0.03089,0.05310,0.02289,0.02813,0.05574,0.07398,0.03982,0.00620,0.01855,0.05554,0.05439,0.37709,0.00489,0.01629,0.00722,0.02089
0.18364,0.04588,0.00779,0.01169,0.00913,0.01589,0.03401,0.00554,0.00426,0.01624,0.08975,0.00811,0.46980,0.04019,0.02189,0.00379,0.00503,0.00792,0.00816,0.01129
0.00484,0.00735,0.13455,0.01866,0.02121,0.02416,0.04879,0.00644,0.00345,0.64502,0.01320,0.00387,0.00705,0.00805,0.01577,0.00424,0.00423,0.00998,0.00349,0.01566
0.01004,0.01028,0.08326,0.16384,0.23401,0.01337,0.02454,0.00977,0.13756,0.06005,0.03710,0.02976,0.00902,0.01670,0.03407,0.05151,0.00537,0.02295,0.01400,0.03281
0.00773,0.01057,0.02236,0.05375,0.14293,0.00798,0.01801,0.01177,0.08549,0.05253,0.08485,0.06130,0.00745,0.03071,0.28048,0.07087,0.00314,0.01695,0.00601,0.02514
0.00841,0.01673,0.00472,0.00790,0.00312,0.06874,0.02853,0.00447,0.01128,0.00797,0.01073,0.06539,0.01528,0.01084,0.03429,0.01690,0.00923,0.00837,0.60673,0.06038
0.00626,0.45054,0.01499,0.00836,0.19458,0.03088,0.03398,0.00318,0.00373,0.15726,0.02120,0.00164,0.00711,0.00899,0.00894,0.00525,0.00488,0.02169,0.00315,0.01340
0.00996,0.15416,0.00408,0.04398,0.01175,0.06063,0.00782,0.00938,0.00472,0.03097,0.01066,0.01097,0.00471,0.55854,0.01811,0.00149,0.03591,0.00316,0.00223,0.01677
0.14189,0.02931,0.00460,0.01313,0.00424,0.00951,0.03175,0.00342,0.00449,0.00961,0.04209,0.00732,0.62205,0.01636,0.01546,0.00842,0.00502,0.00831,0.00585,0.01720
0.01483,0.37887,0.02381,0.01042,0.22736,0.01211,0.12620,0.01186,0.02273,0.02990,0.03902,0.00279,0.01225,0.01071,0.01297,0.02467,0.00963,0.01012,0.00381,0.01595
0.01452,0.02973,0.02225,0.09690,0.03045,0.07827,0.03807,0.01723,0.03237,0.25558,0.02674,0.02989,0.03472,0.02839,0.04800,0.05568,0.01216,0.06689,0.04403,0.03814
0.01382,0.04336,0.00477,0.01764,0.03258,0.01732,0.01673,0.00836,0.21113,0.19573,0.01413,0.00267,0.00576,0.03046,0.02210,0.34451,0.00574,0.00457,0.00165,0.00697
0.01639,0.01153,0.00747,0.13221,0.00936,0.01205,0.04355,0.00516,0.01695,0.21495,0.05392,0.05850,0.00861,0.02503,0.02810,0.03620,0.01481,0.19260,0.07108,0.04154
0.02181,0.06509,0.00729,0.03016,0.05093,0.01397,0.02298,0.12530,0.06708,0.02690,0.02783,0.00963,0.01029,0.03041,0.03266,0.41758,0.00527,0.01278,0.00658,0.01547
0.03166,0.07686,0.03991,0.03761,0.02505,0.03005,0.04184,0.01389,0.01000,0.05070,0.06795,0.02000,0.39090,0.02197,0.04153,0.01259,0.00802,0.02503,0.02108,0.03336
0.01175,0.08743,0.00559,0.03104,0.00736,0.04658,0.01888,0.00571,0.00527,0.03152,0.02853,0.00990,0.00765,0.15370,0.01377,0.00380,0.48847,0.01467,0.00445,0.02393
0.02931,0.03078,0.01504,0.17829,0.02351,0.02041,0.07387,0.04995,0.04461,0.06639,0.02855,0.00607,0.02042,0.04062,0.06739,0.24834,0.00501,0.03279,0.00497,0.01366
0.00553,0.01758,0.00309,0.43041,0.00682,0.17931,0.01369,0.17247,0.00159,0.01769,0.02132,0.01676,0.00338,0.09067,0.00822,0.00106,0.00329,0.00252,0.00134,0.00326
0.00688,0.02216,0.12116,0.03408,0.12169,0.05059,0.03737,0.00957,0.00583,0.28382,0.04592,0.00408,0.01613,0.01997,0.04801,0.01931,0.00697,0.04925,0.00513,0.09208
0.00585,0.01422,0.02983,0.22001,0.11282,0.00695,0.00976,0.01779,0.17417,0.04548,0.13137,0.02281,0.00491,0.04241,0.07989,0.02925,0.00377,0.00743,0.00374,0.03754
0.01033,0.01826,0.00508,0.00874,0.00633,0.01088,0.01284,0.00598,0.26010,0.00866,0.01569,0.00424,0.00591,0.01689,0.01393,0.57991,0.00261,0.00601,0.00215,0.00545
0.00816,0.04063,0.00962,0.01230,0.01389,0.13638,0.01800,0.00839,0.00945,0.02766,0.01300,0.00279,0.01053,0.03276,0.01921,0.00940,0.52533,0.02737,0.00423,0.07089
0.00576,0.03513,0.00862,0.11727,0.09318,0.01939,0.01445,0.08925,0.01030,0.02834,0.10018,0.01106,0.00540,0.32077,0.08803,0.00588,0.00551,0.01043,0.00320,0.02787
0.00417,0.01131,0.69145,0.00851,0.00699,0.06191,0.04231,0.02460,0.00920,0.02664,0.00835,0.00214,0.00568,0.01060,0.02098,0.01314,0.00647,0.02011,0.00222,0.02324
0.01692,0.02353,0.13130,0.13118,0.02447,0.01582,0.06115,0.05008,0.00582,0.18532,0.14176,0.00467,0.01183,0.04956,0.02498,0.00630,0.00484,0.09491,0.00403,0.01153
0.00672,0.02373,0.00744,0.00753,0.00572,0.12895,0.01382,0.00607,0.00802,0.01788,0.01514,0.00273,0.00546,0.06789,0.01308,0.00909,0.62445,0.02085,0.00328,0.01215
0.00554,0.00888,0.00405,0.00422,0.00295,0.00505,0.01368,0.00646,0.35481,0.01164,0.00805,0.00161,0.00484,0.00640,0.01040,0.53970,0.00231,0.00456,0.00113,0.00373
0.00982,0.06675,0.00767,0.03761,0.04816,0.01437,0.05006,0.00698,0.00765,0.03057,0.03449,0.02388,0.00856,0.07725,0.03545,0.00741,0.01299,0.01279,0.49358,0.01397
0.00850,0.03042,0.01435,0.14589,0.08338,0.05807,0.01357,0.03080,0.02913,0.06650,0.04054,0.00844,0.00962,0.05584,0.30292,0.02823,0.00723,0.03884,0.00695,0.02077
0.00569,0.00848,0.37127,0.01668,0.01560,0.04755,0.02459,0.03232,0.01959,0.30485,0.01338,0.00333,0.00566,0.00797,0.01909,0.04512,0.00719,0.01607,0.00350,0.03206
0.00477,0.00609,0.00642,0.00495,0.00329,0.00708,0.01546,0.00964,0.44130,0.00923,0.00791,0.00152,0.00504,0.00883,0.01118,0.44462,0.00160,0.00522,0.00097,0.00488
0.01246,0.01636,0.00855,0.00782,0.00425,0.04248,0.04852,0.00589,0.00835,0.01266,0.01416,0.08452,0.01104,0.02040,0.02767,0.01646,0.00474,0.01425,0.62582,0.01359
0.01320,0.02371,0.00333,0.00341,0.00215,0.00597,0.02238,0.00206,0.01122,0.00488,0.01475,0.08946,0.00576,0.00945,0.00885,0.00726,0.00150,0.00355,0.76421,0.00288
0.01146,0.04281,0.00732,0.01589,0.01425,0.03721,0.02724,0.00847,0.01451,0.02673,0.02529,0.00276,0.01022,0.17339,0.02329,0.01572,0.41490,0.06555,0.00250,0.06051
0.07851,0.01054,0.00661,0.00914,0.00515,0.01107,0.01437,0.00270,0.00316,0.01212,0.01882,0.00739,0.77646,0.00873,0.00972,0.00354,0.00329,0.00558,0.00493,0.00819
0.00421,0.00633,0.65136,0.01491,0.00464,0.11156,0.03519,0.01763,0.00422,0.07972,0.00657,0.00232,0.00634,0.00609,0.01081,0.00387,0.00368,0.01565,0.00272,0.01217
0.00757,0.08135,0.01230,0.01179,0.05649,0.08697,0.44118,0.01143,0.00577,0.04143,0.03751,0.00194,0.01129,0.01863,0.07056,0.00420,0.00841,0.05076,0.00291,0.03749
0.00733,0.36388,0.02268,0.01534,0.12698,0.01996,0.16523,0.01444,0.00505,0.10166,0.01833,0.00150,0.00924,0.00774,0.07400,0.00510,0.00415,0.02165,0.00182,0.01392
0.00512,0.01266,0.03779,0.00494,0.01006,0.02542,0.67177,0.01878,0.00567,0.00860,0.04171,0.00354,0.00702,0.01331,0.09552,0.01053,0.00388,0.01212,0.00369,0.00787
0.01343,0.01261,0.00623,0.02680,0.00472,0.06695,0.08082,0.00361,0.00646,0.03422,0.00994,0.12717,0.00696,0.00858,0.01683,0.01251,0.02131,0.01809,0.48722,0.03554
0.01021,0.32644,0.04860,0.01229,0.16746,0.02030,0.02131,0.00611,0.02271,0.23608,0.05083,0.00293,0.00634,0.00968,0.01009,0.01434,0.01197,0.01208,0.00352,0.00671
0.00352,0.00858,0.00745,0.06244,0.03862,0.00788,0.01839,0.02580,0.01057,0.03179,0.05558,0.01417,0.00461,0.16246,0.45163,0.01564,0.00292,0.01981,0.00430,0.05384
0.00669,0.05911,0.02041,0.02415,0.02933,0.02861,0.02673,0.02224,0.00888,0.09156,0.08771,0.00698,0.01034,0.08394,0.02526,0.06729,0.34238,0.01745,0.00642,0.03451
0.00467,0.00520,0.01329,0.00532,0.00282,0.00557,0.02434,0.03871,0.25729,0.00671,0.00788,0.00172,0.00413,0.00850,0.01063,0.59210,0.00169,0.00297,0.00177,0.00470
0.00433,0.00799,0.63439,0.00755,0.00719,0.08018,0.11409,0.01652,0.00526,0.02111,0.01299,0.00217,0.00530,0.01012,0.02136,0.00838,0.00557,0.01955,0.00330,0.01264
0.01132,0.03759,0.01079,0.12660,0.02093,0.02206,0.01459,0.06380,0.07071,0.04616,0.02192,0.00788,0.01685,0.03897,0.02558,0.41213,0.01423,0.01344,0.00434,0.02012
0.01831,0.03801,0.00174,0.00230,0.00162,0.02792,0.08192,0.00128,0.00737,0.00221,0.00368,0.02609,0.01024,0.00318,0.01715,0.00653,0.00193,0.00315,0.66838,0.07699
