0.03440,0.01969,0.09476,0.24018,0.00491,0.04922,0.04088,0.30218,0.01246,0.04952,0.02333,0.02823,0.02081,0.01301,0.01401,0.01341,0.00496,0.00872,0.01380,0.01151
0.05536,0.02867,0.02084,0.06266,0.23685,0.01955,0.05371,0.06925,0.00663,0.04416,0.02144,0.23523,0.01608,0.02482,0.04810,0.00903,0.00841,0.01018,0.01407,0.01496
0.08283,0.21356,0.04452,0.02503,0.19729,0.06064,0.06162,0.06889,0.02113,0.01487,0.03927,0.01120,0.01640,0.01389,0.03614,0.01118,0.02665,0.02995,0.01030,0.01464
0.15870,0.03923,0.04264,0.11645,0.01632,0.03261,0.02589,0.13042,0.02026,0.03303,0.05317,0.01236,0.15628,0.05007,0.04289,0.00825,0.00709,0.02014,0.00937,0.02484
0.06175,0.24237,0.01471,0.01372,0.19712,0.05730,0.07931,0.00922,0.01545,0.01899,0.02777,0.00608,0.06913,0.05446,0.03599,0.01289,0.01568,0.00467,0.00500,0.05840
0.05220,0.04193,0.21990,0.03034,0.03078,0.01866,0.03308,0.25519,0.02765,0.01692,0.01857,0.02791,0.03230,0.04751,0.04053,0.02130,0.02832,0.01713,0.01419,0.02559
0.30131,0.03765,0.03164,0.04646,0.01397,0.03469,0.01848,0.01110,0.01260,0.06200,0.03901,0.04993,0.29578,0.01496,0.00847,0.00665,0.00421,0.00241,0.00529,0.00340
0.06729,0.09222,0.01829,0.01810,0.23329,0.06662,0.03418,0.01066,0.00889,0.03092,0.07674,0.17232,0.00401,0.05049,0.01883,0.00712,0.00932,0.01245,0.00214,0.06612
0.05574,0.15653,0.03777,0.09513,0.16353,0.02737,0.05368,0.08792,0.01771,0.05268,0.01689,0.02675,0.03321,0.06026,0.03310,0.02171,0.03915,0.00701,0.00456,0.00930
0.05988,0.02468,0.05618,0.05217,0.02657,0.06949,0.24618,0.05376,0.05769,0.01790,0.04436,0.00899,0.00923,0.15589,0.02010,0.03657,0.01977,0.01964,0.00359,0.01735
0.07875,0.20863,0.02255,0.02814,0.20617,0.07429,0.06833,0.03686,0.02574,0.00670,0.03994,0.02211,0.03750,0.01378,0.03880,0.01647,0.02542,0.02074,0.01521,0.01389
0.03221,0.02255,0.19172,0.02617,0.02289,0.08849,0.03821,0.21864,0.02068,0.08918,0.00955,0.01407,0.04781,0.01472,0.01674,0.01374,0.01158,0.05046,0.04110,0.02949
0.02980,0.22934,0.02913,0.04521,0.23672,0.05167,0.05377,0.02309,0.01794,0.04591,0.03777,0.02396,0.01348,0.04486,0.03933,0.01689,0.02660,0.00964,0.00479,0.02010
0.03680,0.11386,0.02150,0.03312,0.26723,0.02951,0.01831,0.00894,0.03494,0.01486,0.05189,0.20022,0.01108,0.04719,0.01282,0.04660,0.01117,0.00639,0.00211,0.03144
0.01635,0.02539,0.02186,0.03202,0.01549,0.02332,0.01293,0.03346,0.31454,0.04920,0.05247,0.01252,0.01134,0.02390,0.02978,0.28880,0.01036,0.00600,0.00700,0.01328
0.03140,0.25037,0.06232,0.04256,0.25485,0.03666,0.01166,0.06348,0.05502,0.04757,0.03966,0.01180,0.00714,0.02209,0.01417,0.01385,0.00753,0.01265,0.00281,0.01243
0.02289,0.01558,0.02140,0.02825,0.00839,0.04711,0.03641,0.01479,0.32766,0.04124,0.01098,0.03077,0.01658,0.00653,0.02094,0.29204,0.01949,0.00791,0.00654,0.02450
0.05496,0.03448,0.01684,0.03190,0.01308,0.29266,0.03084,0.01762,0.01762,0.05342,0.02348,0.01410,0.01620,0.02955,0.00865,0.01990,0.25685,0.01572,0.01764,0.03449
0.03261,0.05294,0.01760,0.13297,0.18803,0.01897,0.04142,0.09947,0.00820,0.05373,0.02611,0.17598,0.01710,0.01946,0.01458,0.01435,0.02573,0.02570,0.01122,0.02382
0.03624,0.20858,0.03441,0.02786,0.21994,0.10683,0.02383,0.03153,0.00822,0.05771,0.02455,0.00887,0.02054,0.03852,0.03801,0.01887,0.05194,0.02082,0.00551,0.01723
0.02452,0.00764,0.20964,0.04127,0.01136,0.17925,0.01703,0.21889,0.01345,0.17482,0.00745,0.01178,0.01263,0.00980,0.01974,0.01161,0.00416,0.00769,0.00276,0.01451
0.02201,0.23556,0.07910,0.08168,0.26011,0.02441,0.01473,0.03109,0.02188,0.06357,0.04161,0.01129,0.01029,0.04438,0.00694,0.01257,0.00797,0.01957,0.00479,0.00645
0.03339,0.01727,0.00717,0.00659,0.00394,0.05398,0.03039,0.00972,0.01125,0.01944,0.00938,0.28619,0.11780,0.00488,0.01815,0.00864,0.00608,0.01034,0.28963,0.05578
0.02412,0.02892,0.05133,0.17479,0.00924,0.04939,0.02681,0.03120,0.01283,0.16380,0.01874,0.13332,0.01486,0.02541,0.00823,0.01099,0.04507,0.02135,0.13485,0.01476
0.03401,0.03303,0.05162,0.26910,0.01472,0.05415,0.03673,0.24905,0.03457,0.02743,0.02043,0.01976,0.02196,0.03731,0.02078,0.01952,0.01679,0.01205,0.01084,0.01614
0.01134,0.01307,0.15770,0.08778,0.00654,0.11488,0.08465,0.19971,0.02470,0.08921,0.01487,0.01844,0.05042,0.01150,0.01539,0.00947,0.01952,0.03033,0.00903,0.03146
0.07433,0.26195,0.02198,0.04776,0.24217,0.06052,0.03206,0.01805,0.04289,0.03743,0.01747,0.04085,0.00469,0.00232,0.03483,0.02326,0.00983,0.01068,0.00695,0.01000
0.03130,0.02349,0.03082,0.02358,0.25865,0.03432,0.03803,0.01231,0.05984,0.05704,0.02616,0.26651,0.01729,0.03160,0.01054,0.00751,0.00951,0.01488,0.02229,0.02434
0.02806,0.05470,0.04399,0.02476,0.01674,0.02394,0.01594,0.00968,0.31840,0.03143,0.01450,0.00545,0.01363,0.02567,0.04007,0.30637,0.00972,0.00986,0.00310,0.00397
0.04712,0.28143,0.01548,0.10581,0.03255,0.04016,0.02279,0.05051,0.01825,0.02241,0.01988,0.01617,0.00663,0.24159,0.02464,0.00889,0.00777,0.00514,0.00471,0.02809
0.01804,0.33601,0.00999,0.06814,0.01319,0.01590,0.03185,0.01382,0.01425,0.04503,0.01255,0.00748,0.01435,0.32651,0.02722,0.00640,0.01163,0.01099,0.00275,0.01390
0.06899,0.08538,0.01668,0.00670,0.01278,0.00754,0.02438,0.00438,0.02799,0.01457,0.06718,0.30305,0.01403,0.04209,0.01421,0.00510,0.00478,0.01091,0.26367,0.00559
0.05115,0.26657,0.04706,0.03648,0.25845,0.03188,0.03613,0.04175,0.02005,0.05057,0.02639,0.01976,0.01086,0.04576,0.00844,0.00666,0.01635,0.01134,0.00616,0.00821
0.04159,0.02312,0.02849,0.06357,0.01226,0.05287,0.03445,0.09405,0.23096,0.03338,0.03462,0.01427,0.02288,0.00871,0.04898,0.21598,0.01193,0.01007,0.00915,0.00868
0.04146,0.03756,0.24246,0.01192,0.03563,0.05172,0.03446,0.28839,0.01907,0.02087,0.04357,0.00780,0.02551,0.02531,0.02978,0.00923,0.01331,0.01103,0.00827,0.04264
0.08602,0.22180,0.03892,0.02521,0.22542,0.01983,0.06957,0.01929,0.04358,0.04072,0.01252,0.03008,0.05974,0.01804,0.02597,0.01958,0.01099,0.00599,0.00544,0.02129
0.02455,0.05354,0.24745,0.02639,0.03886,0.06810,0.02887,0.28127,0.02216,0.04026,0.03175,0.01855,0.02277,0.01958,0.00404,0.00957,0.02293,0.01574,0.00970,0.01392
0.05144,0.07452,0.02371,0.00647,0.01404,0.00778,0.03576,0.00728,0.03223,0.04957,0.16185,0.24508,0.01060,0.04747,0.00755,0.00848,0.00433,0.00749,0.20160,0.00273
0.04026,0.01633,0.01384,0.02840,0.00465,0.30757,0.08084,0.00756,0.02360,0.02958,0.01484,0.03807,0.00137,0.06557,0.01298,0.00470,0.28054,0.00296,0.01012,0.01621
0.24969,0.04911,0.01511,0.02470,0.01815,0.01577,0.06560,0.04458,0.01636,0.01592,0.03550,0.03354,0.22028,0.04930,0.03762,0.03026,0.03710,0.01597,0.01404,0.01139
0.01606,0.02100,0.06387,0.08893,0.24411,0.03344,0.01992,0.02381,0.02149,0.06401,0.02757,0.24383,0.01851,0.01682,0.02905,0.01531,0.01240,0.01054,0.00725,0.02207
0.05256,0.02459,0.19303,0.03165,0.01087,0.16208,0.02598,0.19268,0.02312,0.07928,0.01772,0.02910,0.03825,0.00727,0.03770,0.02177,0.02968,0.01117,0.00525,0.00623
0.27920,0.02699,0.01815,0.01857,0.01770,0.04293,0.06029,0.01449,0.02828,0.01601,0.02385,0.03860,0.26246,0.02581,0.01579,0.02054,0.01132,0.01293,0.02682,0.03929
0.02571,0.28004,0.03592,0.01785,0.26681,0.08255,0.03503,0.00841,0.03192,0.03701,0.02269,0.01154,0.01578,0.03407,0.01823,0.00993,0.04843,0.00627,0.00593,0.00587
0.02480,0.04063,0.03979,0.02185,0.02659,0.26465,0.07406,0.01135,0.05417,0.05936,0.01040,0.01017,0.01847,0.02498,0.01235,0.02812,0.23368,0.01853,0.00464,0.02140
0.03800,0.20400,0.01404,0.04529,0.22565,0.02201,0.07031,0.02020,0.01262,0.05382,0.04671,0.03273,0.03148,0.01134,0.05071,0.02359,0.00464,0.03437,0.02065,0.03785
0.04181,0.35735,0.03302,0.01808,0.22258,0.02362,0.01570,0.03499,0.01623,0.01225,0.01783,0.04770,0.01952,0.09331,0.00263,0.00593,0.01088,0.00255,0.00672,0.01728
0.02486,0.24350,0.04150,0.05939,0.28800,0.03895,0.06633,0.01634,0.01875,0.07019,0.03204,0.02120,0.02016,0.01824,0.01293,0.00481,0.00648,0.00867,0.00402,0.00361
0.05944,0.22677,0.03706,0.02233,0.25618,0.02150,0.07742,0.02891,0.03966,0.01719,0.06547,0.01684,0.04593,0.02369,0.01301,0.01700,0.00609,0.00776,0.00588,0.01186
0.04697,0.04024,0.01039,0.04436,0.20340,0.02786,0.02700,0.04074,0.08125,0.03110,0.03169,0.24802,0.01051,0.03247,0.01858,0.02488,0.01535,0.01559,0.03336,0.01625
0.02897,0.05760,0.01291,0.07307,0.03208,0.05371,0.05345,0.05044,0.20974,0.08693,0.02007,0.01452,0.00724,0.03273,0.02716,0.18752,0.00842,0.01269,0.01900,0.01174
0.02769,0.02852,0.01802,0.06901,0.03612,0.02759,0.01881,0.06081,0.23302,0.08447,0.01911,0.01388,0.02817,0.01971,0.01518,0.24432,0.01454,0.01309,0.00865,0.01930
0.01822,0.02434,0.19422,0.01549,0.02322,0.15158,0.03027,0.21694,0.00831,0.17200,0.01536,0.03903,0.00570,0.01368,0.01784,0.01112,0.00687,0.00856,0.01682,0.01042
0.01890,0.03399,0.05887,0.05175,0.23541,0.05052,0.03700,0.02199,0.01829,0.07367,0.07303,0.17850,0.01246,0.03620,0.04976,0.01620,0.01634,0.00921,0.00374,0.00416
0.07283,0.04545,0.09927,0.13578,0.01962,0.02758,0.10057,0.12171,0.03048,0.11516,0.03229,0.02662,0.03270,0.03295,0.01695,0.01723,0.02204,0.02230,0.01497,0.01350
0.01440,0.01567,0.02580,0.06913,0.01544,0.27489,0.02805,0.03827,0.03943,0.03091,0.02320,0.01973,0.01885,0.02704,0.01914,0.02462,0.27571,0.02152,0.00713,0.01106
0.04884,0.10356,0.03962,0.17994,0.10435,0.03921,0.05687,0.16275,0.01881,0.02696,0.04004,0.00896,0.03621,0.02527,0.03394,0.02206,0.01519,0.01393,0.00831,0.01517
0.04995,0.05181,0.00383,0.27300,0.06394,0.02049,0.00930,0.27161,0.01389,0.02253,0.02961,0.07038,0.01091,0.04471,0.02216,0.00616,0.00687,0.00955,0.00320,0.01611
0.08198,0.01216,0.04568,0.04022,0.22020,0.01235,0.03246,0.00963,0.09828,0.04159,0.05107,0.23355,0.01141,0.02280,0.01663,0.00974,0.01703,0.01896,0.01350,0.01074
0.04424,0.02708,0.04560,0.01302,0.01685,0.34406,0.03369,0.02180,0.02168,0.01856,0.01229,0.01189,0.01926,0.01936,0.02097,0.00289,0.30198,0.01216,0.00782,0.00481
0.27785,0.05756,0.01176,0.02478,0.00826,0.04126,0.03580,0.01316,0.01417,0.02614,0.01918,0.05243,0.26195,0.02648,0.02577,0.00486,0.01570,0.02279,0.03587,0.02423
0.03913,0.03848,0.05559,0.02151,0.02271,0.28641,0.04606,0.03450,0.03224,0.01897,0.02710,0.01499,0.00683,0.01509,0.01892,0.02946,0.26618,0.00274,0.00420,0.01889
0.07791,0.06679,0.00653,0.19151,0.15152,0.01073,0.01145,0.21180,0.01442,0.01748,0.03257,0.11829,0.00202,0.01498,0.04281,0.00491,0.00687,0.01033,0.00262,0.00445
0.02979,0.03296,0.07300,0.06453,0.03230,0.02080,0.06171,0.07304,0.01067,0.07412,0.03094,0.15240,0.04082,0.03848,0.02880,0.02227,0.00773,0.00342,0.16364,0.03857
0.17147,0.05894,0.06017,0.03122,0.05384,0.05795,0.04597,0.03380,0.01863,0.05693,0.04125,0.01240,0.21032,0.00938,0.04639,0.00996,0.01242,0.02481,0.00803,0.03611
0.01114,0.26260,0.02381,0.04845,0.36362,0.02134,0.02706,0.01082,0.01471,0.02627,0.01058,0.06878,0.02187,0.02407,0.01022,0.00877,0.00821,0.01723,0.00599,0.01444
0.03229,0.01845,0.29653,0.02519,0.02695,0.01136,0.06279,0.33575,0.02235,0.02062,0.01320,0.02698,0.01298,0.02603,0.01278,0.00521,0.02897,0.00893,0.00494,0.00770
0.31946,0.01957,0.02309,0.01139,0.00912,0.06385,0.01347,0.00573,0.01787,0.02572,0.01458,0.02257,0.36000,0.01036,0.02158,0.00703,0.00800,0.00237,0.00655,0.03769
0.04824,0.10477,0.00921,0.21651,0.11264,0.04052,0.02230,0.23250,0.00949,0.02350,0.02000,0.06162,0.01379,0.02647,0.01999,0.00287,0.00672,0.00227,0.00200,0.02458
0.03936,0.02593,0.02082,0.03082,0.04675,0.04454,0.01384,0.02036,0.31734,0.05029,0.01828,0.01051,0.01242,0.01048,0.01973,0.29677,0.00779,0.00506,0.00337,0.00555
0.01787,0.05651,0.06180,0.00451,0.01287,0.01399,0.01659,0.00483,0.03627,0.02197,0.05101,0.31669,0.00526,0.06509,0.01717,0.00397,0.00111,0.00678,0.28320,0.00252
0.01221,0.08013,0.01984,0.03003,0.01501,0.02361,0.01064,0.03136,0.28780,0.01668,0.03630,0.02115,0.02044,0.07976,0.01767,0.26490,0.00604,0.01190,0.00529,0.00922
0.03614,0.02769,0.03744,0.11858,0.02012,0.02223,0.04121,0.02095,0.02063,0.10044,0.03670,0.20265,0.01318,0.01101,0.02190,0.01529,0.02500,0.01482,0.20458,0.00945
0.08650,0.25540,0.01917,0.03672,0.26019,0.01644,0.04026,0.02979,0.00631,0.04247,0.02225,0.02503,0.04603,0.02131,0.02665,0.00550,0.01506,0.01424,0.01099,0.01970
0.14638,0.05053,0.01447,0.09731,0.01318,0.12238,0.02840,0.12578,0.03628,0.00791,0.02077,0.01174,0.15408,0.03963,0.05000,0.01365,0.01554,0.03486,0.00961,0.00752
0.01642,0.02975,0.01394,0.14025,0.03005,0.02316,0.04832,0.07210,0.18406,0.08559,0.02691,0.01409,0.01335,0.02463,0.01977,0.20147,0.01513,0.01264,0.00845,0.01992
0.04202,0.03830,0.05460,0.19309,0.00978,0.05608,0.03277,0.19723,0.04184,0.03798,0.04908,0.03113,0.01129,0.05788,0.05971,0.01869,0.02247,0.01010,0.01559,0.02036
0.02731,0.06138,0.02100,0.05574,0.03313,0.24124,0.04178,0.01934,0.02463,0.05030,0.03047,0.01739,0.00990,0.05161,0.01736,0.01257,0.26127,0.00948,0.00325,0.01086
0.01501,0.01826,0.01433,0.20974,0.16830,0.01416,0.01784,0.16036,0.04873,0.04172,0.03764,0.19664,0.00465,0.01292,0.01418,0.00384,0.00390,0.00645,0.00493,0.00639
0.04059,0.02234,0.03109,0.04301,0.04909,0.02307,0.02878,0.03217,0.03920,0.03938,0.01253,0.27538,0.04159,0.01550,0.00421,0.02822,0.00958,0.00887,0.23577,0.01963
0.03944,0.03370,0.01852,0.02020,0.02898,0.03132,0.01600,0.02169,0.34537,0.02065,0.02887,0.01892,0.02412,0.02578,0.01386,0.26410,0.00461,0.02348,0.00618,0.01419
0.15034,0.04125,0.03594,0.06225,0.02388,0.07214,0.05085,0.08066,0.02564,0.04072,0.04921,0.05307,0.14246,0.04547,0.05135,0.01370,0.02438,0.02382,0.01001,0.00285
0.03438,0.19761,0.02596,0.03876,0.17404,0.02678,0.12885,0.06893,0.00941,0.05730,0.03619,0.02001,0.02282,0.01923,0.04705,0.03717,0.01136,0.02439,0.00494,0.01482
0.01715,0.04895,0.04803,0.01475,0.02422,0.01006,0.01471,0.01415,0.01936,0.01156,0.06519,0.31089,0.00778,0.01740,0.03755,0.02484,0.00978,0.01032,0.28681,0.00650
0.02326,0.08498,0.00819,0.01963,0.01094,0.34831,0.02121,0.00606,0.03214,0.02069,0.04008,0.00955,0.00824,0.02612,0.01092,0.02096,0.28257,0.00530,0.01032,0.01053
0.04633,0.02202,0.02101,0.01339,0.01706,0.04176,0.04221,0.02626,0.01589,0.01530,0.03221,0.29372,0.01955,0.01658,0.02296,0.01338,0.02160,0.01420,0.27832,0.02623
0.03321,0.02147,0.20117,0.12818,0.01711,0.03791,0.06974,0.23248,0.00219,0.10096,0.02210,0.00578,0.01141,0.03582,0.00644,0.02071,0.02928,0.00359,0.00372,0.01673
0.02572,0.02306,0.04391,0.00698,0.02197,0.01078,0.03670,0.01069,0.01933,0.01600,0.03705,0.30893,0.01650,0.04393,0.01995,0.00354,0.01408,0.01273,0.32210,0.00603
0.04452,0.05198,0.00812,0.03511,0.02983,0.04392,0.02835,0.02357,0.03721,0.06046,0.03631,0.21758,0.00787,0.03079,0.03417,0.02743,0.02005,0.01301,0.22239,0.02732
0.04453,0.01895,0.01212,0.01257,0.03098,0.03666,0.03999,0.01932,0.31035,0.04465,0.02199,0.02402,0.01734,0.01127,0.01099,0.31466,0.00843,0.00616,0.00772,0.00730
0.03584,0.03233,0.01139,0.07782,0.10998,0.04065,0.06946,0.01841,0.04412,0.11926,0.04115,0.14791,0.05564,0.01116,0.04023,0.03105,0.00940,0.02928,0.05737,0.01754
0.03555,0.02230,0.00961,0.00868,0.00988,0.03931,0.02906,0.01631,0.01039,0.05649,0.02638,0.34837,0.01316,0.01005,0.00778,0.00401,0.00158,0.00160,0.34732,0.00216
0.06134,0.06300,0.01503,0.01606,0.04655,0.01452,0.05630,0.02112,0.24144,0.02895,0.03865,0.00615,0.02638,0.06706,0.02551,0.21222,0.00642,0.01274,0.00763,0.03291
0.05503,0.03859,0.02703,0.00215,0.01836,0.01248,0.01511,0.01495,0.00555,0.03106,0.02963,0.34383,0.02717,0.00856,0.02604,0.00785,0.00462,0.01404,0.31515,0.00280
0.04678,0.05345,0.00664,0.01586,0.01820,0.02640,0.02486,0.01454,0.31215,0.02709,0.01717,0.00775,0.03865,0.03250,0.03101,0.29548,0.01944,0.00474,0.00350,0.00377
0.03721,0.03939,0.01778,0.02810,0.01685,0.27161,0.05231,0.03398,0.01385,0.03553,0.02365,0.02186,0.01364,0.04645,0.01187,0.00829,0.25257,0.02692,0.01511,0.03304
0.05623,0.19108,0.02877,0.03082,0.24925,0.05314,0.04669,0.01818,0.00989,0.09053,0.04588,0.01297,0.05534,0.02847,0.04525,0.00672,0.00537,0.00788,0.00291,0.01462
0.11748,0.03546,0.04158,0.09427,0.01326,0.03374,0.14672,0.06114,0.02196,0.02638,0.04529,0.02384,0.12428,0.05755,0.04225,0.00681,0.00945,0.03142,0.02440,0.04275
0.01917,0.02229,0.00520,0.14033,0.14659,0.01094,0.04428,0.08153,0.02607,0.07723,0.02866,0.14770,0.01201,0.02358,0.03152,0.02094,0.04072,0.08212,0.00989,0.02923
0.06276,0.02975,0.01627,0.02386,0.01359,0.28923,0.03956,0.00786,0.04909,0.01485,0.02242,0.01754,0.00890,0.08348,0.02315,0.01970,0.24216,0.01860,0.00720,0.01002
0.02779,0.03865,0.15926,0.03968,0.03192,0.08583,0.04788,0.18981,0.01235,0.04593,0.02807,0.03417,0.09119,0.02988,0.03099,0.01318,0.00395,0.02610,0.02858,0.03481
0.19018,0.03132,0.04457,0.10911,0.02015,0.01084,0.03343,0.10928,0.02337,0.03215,0.05658,0.01340,0.19244,0.04542,0.03014,0.02157,0.00444,0.01649,0.00712,0.00800
0.03079,0.08754,0.21710,0.09272,0.02104,0.04557,0.01048,0.21924,0.03800,0.08110,0.02859,0.02116,0.00533,0.01950,0.01212,0.02045,0.01551,0.00788,0.01251,0.01337
0.03189,0.22480,0.05168,0.08074,0.21659,0.03790,0.01465,0.06368,0.03363,0.08462,0.01617,0.02311,0.01595,0.03707,0.03087,0.02071,0.00196,0.00174,0.00816,0.00407
0.04506,0.04004,0.02846,0.02766,0.01318,0.32848,0.03329,0.01413,0.00695,0.02293,0.06553,0.01025,0.01789,0.03446,0.00685,0.00891,0.27994,0.00382,0.00440,0.00777
0.05563,0.04576,0.20343,0.11794,0.04758,0.04363,0.00696,0.19952,0.03199,0.04997,0.05750,0.02493,0.02229,0.02048,0.00568,0.00504,0.02202,0.00599,0.00678,0.02686
0.02293,0.03214,0.02608,0.08548,0.03615,0.26016,0.01300,0.02025,0.01124,0.10139,0.02912,0.02383,0.01777,0.00813,0.02076,0.01071,0.24616,0.00496,0.01040,0.01935
0.08476,0.02198,0.02710,0.04442,0.22748,0.00926,0.08730,0.00461,0.06349,0.02783,0.02693,0.23583,0.02238,0.01847,0.01594,0.04097,0.00629,0.01063,0.01671,0.00760
0.05817,0.27713,0.03882,0.07620,0.02367,0.02610,0.01154,0.01998,0.02590,0.02444,0.04340,0.03547,0.01205,0.24553,0.02855,0.00240,0.01625,0.01549,0.00439,0.01452
0.02625,0.05467,0.01932,0.05291,0.02125,0.21257,0.03116,0.04545,0.03445,0.04412,0.00804,0.02282,0.01106,0.09032,0.03520,0.02079,0.23255,0.02226,0.00406,0.01076
0.04580,0.07028,0.20780,0.03982,0.03117,0.01480,0.06119,0.21063,0.01113,0.03625,0.01784,0.03026,0.00915,0.07416,0.01111,0.04804,0.02822,0.00435,0.02671,0.02129
0.01719,0.03212,0.02905,0.26772,0.02388,0.02420,0.03132,0.14093,0.04904,0.06917,0.04592,0.06476,0.01882,0.03644,0.03780,0.02924,0.01266,0.01195,0.04335,0.01443
0.01976,0.10567,0.00493,0.00360,0.00575,0.01643,0.01848,0.00508,0.03074,0.01214,0.01297,0.34808,0.01709,0.04676,0.00699,0.00570,0.00586,0.00374,0.32745,0.00278
0.03270,0.04638,0.27425,0.03202,0.02415,0.01969,0.01905,0.24835,0.03761,0.01812,0.04012,0.01588,0.02461,0.04329,0.02625,0.02656,0.02852,0.01728,0.00489,0.02029
0.08481,0.03100,0.18677,0.03828,0.02061,0.03245,0.03045,0.22298,0.01863,0.04543,0.03851,0.02603,0.03928,0.02016,0.03217,0.01735,0.05024,0.01351,0.01961,0.03171
0.05712,0.18758,0.05534,0.08930,0.20749,0.02996,0.02223,0.12429,0.03070,0.03246,0.00779,0.01389,0.02984,0.01492,0.02019,0.01286,0.01546,0.01948,0.01381,0.01530
0.13531,0.07104,0.05736,0.05521,0.02059,0.03268,0.05581,0.04352,0.03328,0.12608,0.01847,0.05866,0.11334,0.02514,0.03601,0.00185,0.00808,0.01939,0.03036,0.05782
0.27198,0.02668,0.03878,0.03989,0.02025,0.03181,0.02698,0.00844,0.02981,0.05266,0.04747,0.03385,0.28987,0.01526,0.01287,0.00682,0.00865,0.01743,0.00865,0.01186
0.01842,0.02816,0.02043,0.01960,0.04679,0.01839,0.03443,0.03002,0.33355,0.02403,0.01738,0.03962,0.01562,0.01690,0.01450,0.30414,0.00352,0.00310,0.00777,0.00363
0.04118,0.02906,0.01556,0.02528,0.32989,0.04030,0.00911,0.01129,0.01857,0.02352,0.02665,0.31566,0.01718,0.01466,0.01795,0.01336,0.01160,0.00794,0.01119,0.02002
0.02880,0.04751,0.02439,0.22069,0.04051,0.05956,0.03075,0.24361,0.01030,0.06496,0.05058,0.01843,0.01961,0.03569,0.07641,0.00887,0.00390,0.00716,0.00429,0.00398
0.01867,0.02694,0.00701,0.01424,0.00504,0.04352,0.03157,0.00648,0.03804,0.01381,0.00387,0.29076,0.02545,0.00718,0.03267,0.04102,0.01452,0.01090,0.26279,0.10550
0.29725,0.05557,0.02753,0.01348,0.01906,0.03533,0.03221,0.02323,0.02413,0.02718,0.03004,0.04077,0.25587,0.02883,0.02500,0.01242,0.01264,0.01426,0.01588,0.00932
0.07815,0.05409,0.02918,0.09663,0.18894,0.04917,0.02539,0.01353,0.01428,0.02604,0.05082,0.16252,0.02881,0.05823,0.03007,0.00604,0.01795,0.01777,0.00560,0.04677
0.06375,0.03422,0.00829,0.19734,0.01893,0.17755,0.02279,0.10847,0.04423,0.03139,0.03567,0.01751,0.01936,0.03879,0.00842,0.01213,0.12956,0.00596,0.01044,0.01521
0.02620,0.12987,0.21393,0.01124,0.05766,0.02201,0.02422,0.24828,0.03791,0.01220,0.01663,0.02060,0.01524,0.03800,0.02390,0.01158,0.01551,0.01604,0.01965,0.03933
0.03210,0.04162,0.17809,0.18558,0.02618,0.01930,0.03304,0.23405,0.01702,0.03347,0.03171,0.00613,0.03107,0.02871,0.04644,0.02294,0.00772,0.00618,0.00809,0.01055
0.05824,0.03386,0.06951,0.06302,0.19987,0.01187,0.06248,0.07336,0.02107,0.01076,0.02488,0.17334,0.02002,0.06405,0.02299,0.01567,0.00904,0.03827,0.00563,0.02205
0.04840,0.29296,0.01269,0.02239,0.28461,0.01269,0.02032,0.01637,0.01149,0.04492,0.02255,0.03546,0.01962,0.04592,0.02115,0.01671,0.01537,0.03215,0.01514,0.00911
0.08621,0.02217,0.07468,0.09923,0.24815,0.01276,0.05311,0.01310,0.03189,0.03935,0.02487,0.20837,0.00800,0.02448,0.01958,0.01645,0.00396,0.00370,0.00442,0.00552
0.06214,0.20978,0.03404,0.04700,0.23110,0.02134,0.09003,0.01992,0.00554,0.06334,0.01644,0.02447,0.07458,0.01695,0.01324,0.01574,0.01065,0.01216,0.01113,0.02042
0.04020,0.21237,0.02585,0.02847,0.20573,0.04608,0.07645,0.03400,0.02049,0.02970,0.03366,0.01836,0.03320,0.02149,0.04634,0.00965,0.02467,0.02372,0.01185,0.05772
0.08424,0.04633,0.22287,0.02276,0.11963,0.01261,0.02731,0.21651,0.02312,0.01565,0.02069,0.06323,0.00826,0.02759,0.03293,0.01713,0.00469,0.00446,0.01736,0.01259
0.03645,0.08328,0.02708,0.18546,0.08681,0.04058,0.08245,0.11827,0.03284,0.10953,0.03245,0.01397,0.01756,0.01408,0.01936,0.01057,0.02128,0.01197,0.01630,0.03971
0.05316,0.02925,0.01724,0.06411,0.02883,0.06569,0.03468,0.05616,0.02893,0.04281,0.03585,0.19576,0.03418,0.03363,0.04029,0.02789,0.00880,0.00726,0.18813,0.00739
0.03583,0.04487,0.01051,0.02804,0.04665,0.02497,0.05719,0.02883,0.24466,0.03636,0.02106,0.00908,0.02571,0.04248,0.02310,0.22092,0.01944,0.03468,0.01573,0.02988
0.03843,0.20654,0.03317,0.03879,0.19595,0.04486,0.08753,0.05431,0.01453,0.04532,0.02164,0.02032,0.01870,0.08487,0.03995,0.02159,0.00778,0.01065,0.00655,0.00853
0.04917,0.16306,0.02887,0.09358,0.16171,0.03279,0.03913,0.07102,0.08444,0.03701,0.03192,0.01879,0.03540,0.03174,0.05590,0.01736,0.02076,0.00588,0.01329,0.00820
0.03037,0.03276,0.03030,0.08720,0.01804,0.05220,0.04279,0.04143,0.07036,0.04864,0.03791,0.16267,0.01707,0.03989,0.01465,0.02123,0.05391,0.00658,0.17339,0.01861
0.05184,0.10425,0.02002,0.14863,0.11865,0.01733,0.05865,0.12989,0.03902,0.03673,0.07202,0.02860,0.02723,0.00495,0.01197,0.02619,0.00445,0.04574,0.01632,0.03751
0.03174,0.06462,0.03366,0.07800,0.25131,0.03572,0.05698,0.03290,0.01460,0.02462,0.02764,0.21026,0.00813,0.03202,0.02533,0.01463,0.00438,0.02742,0.00561,0.02042
0.01836,0.03441,0.02445,0.10741,0.01004,0.28640,0.01013,0.00894,0.01286,0.05161,0.03705,0.02373,0.00560,0.02179,0.01360,0.07312,0.24096,0.00619,0.00377,0.00955
0.10694,0.05268,0.01688,0.14748,0.03955,0.04160,0.02143,0.15788,0.02512,0.04147,0.03310,0.08545,0.08595,0.03619,0.03363,0.01418,0.01271,0.01244,0.02512,0.01018
0.04118,0.04730,0.03427,0.04633,0.23647,0.07288,0.03541,0.04000,0.04665,0.02911,0.04028,0.20949,0.01582,0.01429,0.03845,0.01104,0.01367,0.00384,0.01428,0.00925
0.01049,0.01199,0.19316,0.06260,0.02603,0.17237,0.02735,0.21372,0.01618,0.15641,0.03057,0.01661,0.00808,0.01136,0.01617,0.01044,0.00318,0.00611,0.00346,0.00371
0.02386,0.02256,0.03115,0.00719,0.03549,0.01779,0.02834,0.00857,0.01410,0.01484,0.03980,0.34026,0.02703,0.02570,0.01720,0.01159,0.00422,0.00581,0.31951,0.00499
0.12252,0.16102,0.05102,0.05988,0.13177,0.04809,0.05816,0.03692,0.01760,0.05481,0.01422,0.01316,0.05197,0.03298,0.03428,0.02425,0.01641,0.01570,0.00412,0.05113
0.02129,0.03044,0.01987,0.09652,0.04244,0.01172,0.05009,0.02193,0.05244,0.08441,0.03641,0.21358,0.00506,0.01341,0.00706,0.05363,0.01519,0.00952,0.20021,0.01478
0.12505,0.05268,0.05479,0.05965,0.01921,0.04127,0.03893,0.03934,0.02236,0.08267,0.03272,0.05058,0.21169,0.06331,0.01997,0.01766,0.00842,0.02466,0.00641,0.02862
0.05259,0.06455,0.01393,0.01548,0.02839,0.01985,0.01490,0.01497,0.29058,0.01499,0.01734,0.02304,0.04105,0.03248,0.03447,0.27791,0.02103,0.00829,0.00601,0.00816
0.04990,0.06835,0.04563,0.02099,0.24679,0.02865,0.03185,0.03328,0.03080,0.02205,0.02571,0.20462,0.01011,0.11132,0.02384,0.00737,0.00992,0.01347,0.00365,0.01170
0.04600,0.03668,0.03401,0.04164,0.04949,0.03557,0.04823,0.01521,0.20532,0.08391,0.04847,0.02908,0.01515,0.04022,0.01662,0.19898,0.01707,0.01548,0.00870,0.01420
0.03187,0.03659,0.03865,0.01541,0.02391,0.01430,0.04124,0.01915,0.30186,0.03936,0.02821,0.01439,0.01239,0.02647,0.01877,0.29939,0.01674,0.00512,0.00480,0.01135
0.28530,0.06237,0.02184,0.06883,0.01183,0.06323,0.07673,0.07441,0.01817,0.01195,0.03708,0.01175,0.15697,0.02851,0.01489,0.00729,0.01545,0.01576,0.01170,0.00596
0.04272,0.04767,0.06255,0.10406,0.16868,0.01252,0.02823,0.04234,0.03467,0.12208,0.03570,0.17581,0.03702,0.01304,0.01942,0.00456,0.00223,0.00907,0.02203,0.01560
0.03109,0.04148,0.01383,0.00940,0.01143,0.00744,0.03501,0.01606,0.02111,0.01809,0.03333,0.34398,0.01571,0.01077,0.01542,0.00891,0.01439,0.00401,0.33831,0.01021
0.07625,0.01833,0.04752,0.03870,0.23754,0.02577,0.06244,0.00835,0.09006,0.02788,0.06004,0.23839,0.02591,0.01294,0.01317,0.00240,0.01050,0.00038,0.00142,0.00200
0.03381,0.18577,0.06105,0.08742,0.24794,0.01848,0.13400,0.01804,0.01959,0.04575,0.01161,0.01098,0.01908,0.03232,0.01981,0.01150,0.00665,0.00974,0.00610,0.02036
0.04965,0.07610,0.06072,0.11338,0.05025,0.14288,0.04367,0.02799,0.03623,0.07003,0.05833,0.01602,0.03399,0.02916,0.01798,0.02567,0.09696,0.02099,0.01338,0.01662
0.06371,0.16153,0.03406,0.09898,0.18379,0.03643,0.04182,0.09459,0.04904,0.03910,0.03610,0.01359,0.05111,0.01666,0.01310,0.01986,0.02575,0.00444,0.01023,0.00613
0.03239,0.04748,0.01892,0.06114,0.03244,0.24005,0.03629,0.02152,0.01931,0.06717,0.01508,0.02655,0.02244,0.01555,0.01675,0.00473,0.24435,0.02150,0.00605,0.05031
0.04809,0.02239,0.04591,0.01885,0.00537,0.06358,0.09815,0.03253,0.21475,0.02833,0.03663,0.00984,0.02459,0.01887,0.01515,0.20185,0.05655,0.02355,0.01199,0.02303
0.03917,0.02128,0.02379,0.25627,0.01544,0.02629,0.01334,0.25181,0.04795,0.04933,0.03284,0.06806,0.01154,0.02744,0.01820,0.02464,0.00510,0.01192,0.04465,0.01095
0.04585,0.07298,0.01360,0.03134,0.02448,0.01202,0.02004,0.00633,0.26385,0.02233,0.05698,0.02601,0.01593,0.03176,0.01742,0.30797,0.01156,0.00816,0.00177,0.00962
0.06093,0.06118,0.00466,0.03230,0.00466,0.28703,0.03802,0.00395,0.04469,0.01581,0.01940,0.00831,0.03733,0.00587,0.01527,0.00366,0.29739,0.01252,0.01246,0.03455
0.11837,0.04178,0.01146,0.01807,0.02470,0.29768,0.08308,0.00695,0.01286,0.02409,0.01256,0.01605,0.01287,0.01601,0.02689,0.01474,0.23527,0.00279,0.00364,0.02012
0.02441,0.03661,0.31151,0.01499,0.04372,0.00965,0.01559,0.32539,0.08879,0.01459,0.01621,0.02249,0.02358,0.01091,0.01014,0.00486,0.00297,0.00682,0.00616,0.01061
0.28910,0.02617,0.01678,0.01832,0.04468,0.04089,0.04005,0.02097,0.01910,0.02641,0.01908,0.04243,0.29247,0.02575,0.01344,0.00993,0.00754,0.01186,0.01436,0.02068
0.04785,0.04499,0.18157,0.04981,0.02699,0.06969,0.01855,0.17563,0.05657,0.08416,0.03529,0.04593,0.02198,0.02747,0.01717,0.04103,0.01655,0.00917,0.02308,0.00653
0.30918,0.05277,0.04765,0.03110,0.04862,0.01760,0.05356,0.01536,0.01749,0.02044,0.02669,0.02779,0.24309,0.02636,0.01298,0.02057,0.00938,0.00396,0.00703,0.00839
0.02515,0.02199,0.01164,0.06117,0.01286,0.01131,0.11137,0.04926,0.27489,0.04197,0.01514,0.00522,0.03495,0.01561,0.02172,0.23454,0.00726,0.01573,0.00806,0.02016
0.03715,0.02361,0.05591,0.16413,0.16727,0.02503,0.01534,0.13469,0.00989,0.02655,0.02827,0.17747,0.01590,0.03464,0.02226,0.02226,0.02369,0.00483,0.00651,0.00460
0.20739,0.06253,0.01666,0.04315,0.03823,0.01207,0.04180,0.03629,0.04153,0.02298,0.04050,0.05329,0.26046,0.02372,0.03782,0.01730,0.00958,0.00623,0.01880,0.00967
0.04193,0.04552,0.00907,0.02019,0.01083,0.02226,0.02511,0.00390,0.02745,0.03971,0.06064,0.30704,0.00608,0.05604,0.00812,0.02087,0.00273,0.02078,0.26881,0.00292
0.05642,0.01398,0.25199,0.01896,0.01413,0.04271,0.02687,0.26532,0.02483,0.02485,0.04106,0.02977,0.03400,0.03976,0.01686,0.01677,0.03114,0.01965,0.02457,0.00637
0.03381,0.02598,0.04355,0.00905,0.01240,0.01023,0.04305,0.01721,0.31078,0.02473,0.04720,0.01252,0.01952,0.02329,0.02127,0.30306,0.01357,0.00662,0.00531,0.01684
0.23890,0.02792,0.04480,0.01605,0.02525,0.04284,0.03127,0.05137,0.04086,0.05418,0.02513,0.02599,0.28486,0.01390,0.02063,0.01020,0.01979,0.01609,0.00421,0.00576
0.03803,0.01851,0.01474,0.21606,0.02359,0.04645,0.04121,0.14695,0.03181,0.03726,0.04563,0.11836,0.00909,0.01798,0.02256,0.01794,0.02380,0.02962,0.09038,0.01004
0.14899,0.02290,0.03870,0.06550,0.03499,0.03200,0.06604,0.08278,0.02995,0.07832,0.04851,0.01497,0.15364,0.02546,0.02453,0.00933,0.02008,0.08205,0.00911,0.01218
0.02685,0.03152,0.22692,0.01980,0.02819,0.08115,0.05666,0.25188,0.01889,0.11395,0.01249,0.02892,0.00986,0.00727,0.01263,0.03517,0.01259,0.01477,0.00463,0.00586
0.01913,0.06272,0.01928,0.02944,0.01282,0.02461,0.04120,0.03784,0.04521,0.07833,0.03312,0.24529,0.02458,0.01066,0.01507,0.01953,0.00646,0.02050,0.24291,0.01128
0.01166,0.04626,0.03004,0.01632,0.04319,0.01818,0.05762,0.02659,0.27329,0.02240,0.06943,0.01713,0.01065,0.01190,0.01995,0.26904,0.02264,0.00952,0.00598,0.01823
0.28096,0.02601,0.05199,0.04005,0.01422,0.02812,0.02235,0.02104,0.03490,0.03122,0.01911,0.01148,0.30027,0.02730,0.02797,0.01416,0.01970,0.00655,0.00944,0.01317
0.08604,0.01878,0.00625,0.01462,0.01162,0.07657,0.05438,0.02189,0.00612,0.08447,0.00929,0.27398,0.02542,0.01582,0.01332,0.00047,0.00852,0.02193,0.24025,0.01026
0.05532,0.03291,0.04825,0.04778,0.02012,0.24627,0.04182,0.01921,0.02439,0.05716,0.03425,0.01435,0.02328,0.02203,0.02207,0.00511,0.19857,0.02126,0.00735,0.05851
0.03534,0.04331,0.02504,0.07361,0.02155,0.18194,0.01482,0.03086,0.02370,0.05681,0.05143,0.01705,0.01129,0.03304,0.01497,0.01108,0.28472,0.02022,0.02130,0.02791
0.06792,0.03374,0.23696,0.01649,0.02118,0.06669,0.07377,0.26806,0.02334,0.02732,0.01600,0.01208,0.02210,0.02349,0.01604,0.02075,0.01076,0.02852,0.00658,0.00822
0.04127,0.04716,0.01633,0.02027,0.02740,0.01998,0.24178,0.01326,0.01129,0.02198,0.08985,0.01105,0.02942,0.29454,0.06753,0.00979,0.00398,0.00768,0.00965,0.01576
0.05726,0.05643,0.02837,0.11200,0.04003,0.04899,0.11881,0.07098,0.07044,0.10055,0.02273,0.02579,0.02844,0.06249,0.00772,0.08107,0.03739,0.01502,0.00454,0.01097
0.07606,0.04854,0.01482,0.00707,0.00679,0.09845,0.01196,0.01154,0.04649,0.02292,0.02602,0.24998,0.08336,0.04119,0.00829,0.00520,0.00922,0.01152,0.21769,0.00288
0.07739,0.08225,0.00645,0.00789,0.00937,0.06052,0.02308,0.00869,0.09322,0.02137,0.02044,0.24926,0.05209,0.02435,0.00725,0.01076,0.00638,0.00301,0.23085,0.00538
0.02120,0.02343,0.02028,0.22319,0.01571,0.15705,0.02124,0.20110,0.02683,0.05354,0.02572,0.01011,0.01262,0.01861,0.01599,0.02229,0.10227,0.01160,0.00160,0.01562
0.15277,0.05330,0.02793,0.05632,0.03536,0.05196,0.04839,0.05167,0.05693,0.07050,0.07279,0.02522,0.14154,0.05211,0.03209,0.01421,0.01427,0.02187,0.01308,0.00771
0.02980,0.24923,0.02258,0.03408,0.26610,0.03425,0.04669,0.03757,0.01449,0.06776,0.02239,0.01552,0.03980,0.01862,0.01675,0.01372,0.01643,0.01182,0.00674,0.03566
0.02066,0.25618,0.04564,0.03048,0.28229,0.05553,0.00821,0.01617,0.00718,0.06741,0.09852,0.01839,0.00448,0.01042,0.00842,0.02518,0.00272,0.03450,0.00090,0.00672
0.05755,0.16876,0.07550,0.06562,0.12209,0.02995,0.02995,0.05989,0.02046,0.05224,0.04725,0.01725,0.03289,0.06353,0.03554,0.04592,0.02094,0.01653,0.00434,0.03382
0.10472,0.04025,0.02505,0.13282,0.00921,0.04156,0.03903,0.00612,0.11486,0.18475,0.02795,0.01040,0.04528,0.01378,0.06376,0.03374,0.04877,0.01694,0.01396,0.02702
0.12547,0.02470,0.08121,0.01500,0.20590,0.00819,0.01501,0.00187,0.17037,0.01930,0.07304,0.21386,0.00930,0.00372,0.00641,0.00500,0.00131,0.00558,0.00118,0.01358
0.08105,0.01639,0.06827,0.03571,0.23591,0.02092,0.07125,0.00785,0.04827,0.02341,0.03077,0.22445,0.02570,0.02720,0.01518,0.03539,0.00775,0.01163,0.00516,0.00775
0.32787,0.02413,0.02839,0.04654,0.01249,0.03025,0.03028,0.02990,0.01040,0.01280,0.03618,0.01602,0.28812,0.02695,0.03461,0.00678,0.00979,0.00805,0.01164,0.00881
0.05646,0.03764,0.01275,0.16419,0.00230,0.01577,0.01961,0.01199,0.17603,0.17845,0.04431,0.01006,0.02160,0.02573,0.03670,0.15072,0.00920,0.01540,0.00545,0.00564
0.03203,0.05401,0.26304,0.01867,0.04259,0.01763,0.03205,0.27950,0.04790,0.01726,0.02953,0.02614,0.01942,0.01809,0.01353,0.03777,0.01609,0.01049,0.00469,0.01957
0.04126,0.15407,0.04551,0.06453,0.14916,0.03898,0.14198,0.01007,0.02010,0.06613,0.04066,0.01328,0.02362,0.06564,0.03081,0.00980,0.03470,0.01519,0.00798,0.02651
0.02496,0.04505,0.00557,0.01819,0.04587,0.03428,0.04090,0.01332,0.02121,0.03618,0.06798,0.22560,0.06148,0.01702,0.03020,0.02158,0.01044,0.00352,0.25567,0.02099
0.03991,0.05580,0.22735,0.04229,0.03606,0.04547,0.02484,0.25305,0.00632,0.02991,0.01420,0.03396,0.01828,0.04592,0.03564,0.00569,0.04483,0.00565,0.01831,0.01651
0.04896,0.05077,0.01585,0.02624,0.02756,0.32132,0.03583,0.00420,0.01620,0.02316,0.00742,0.01652,0.02537,0.02275,0.01418,0.01172,0.27875,0.01805,0.01705,0.01810
0.03714,0.05177,0.01901,0.02939,0.04113,0.02969,0.05495,0.01826,0.25915,0.02131,0.03187,0.01964,0.02816,0.01757,0.03633,0.24533,0.01096,0.01558,0.01034,0.02241
0.04920,0.04054,0.02383,0.01017,0.01365,0.01099,0.05617,0.01128,0.05360,0.00684,0.02711,0.28649,0.02852,0.03388,0.01299,0.01594,0.00872,0.00894,0.29384,0.00729
0.02672,0.06395,0.01926,0.06936,0.02492,0.23014,0.05398,0.09287,0.02026,0.01673,0.05866,0.04135,0.00516,0.03561,0.02838,0.00938,0.17817,0.01319,0.00441,0.00751
0.04937,0.14092,0.06506,0.03078,0.16198,0.07385,0.13215,0.06237,0.02117,0.05892,0.03463,0.01543,0.02586,0.00821,0.01716,0.01813,0.03438,0.01231,0.00951,0.02781
0.02578,0.01513,0.16456,0.01960,0.03424,0.04261,0.06865,0.22347,0.01810,0.05074,0.05107,0.01567,0.03230,0.04865,0.06461,0.00900,0.02317,0.02498,0.03615,0.03150
0.02296,0.01765,0.02518,0.07786,0.01813,0.03326,0.06292,0.05259,0.00844,0.03818,0.03540,0.22631,0.04829,0.03506,0.01784,0.01803,0.01580,0.02139,0.21131,0.01341
0.07234,0.02399,0.01625,0.01830,0.01748,0.02905,0.08070,0.01232,0.29807,0.01671,0.02156,0.01165,0.00602,0.01189,0.02839,0.27009,0.02744,0.01545,0.00997,0.01232
0.06217,0.24093,0.04968,0.03650,0.28826,0.01223,0.02941,0.03891,0.03331,0.04184,0.02990,0.02791,0.02353,0.02110,0.01423,0.01314,0.01315,0.01108,0.00611,0.00659
0.03517,0.02248,0.16709,0.12773,0.01247,0.04227,0.05060,0.21671,0.02135,0.03974,0.08343,0.01341,0.01506,0.04300,0.02466,0.01713,0.02095,0.02940,0.00399,0.01335
0.02606,0.03012,0.02284,0.26401,0.01499,0.07256,0.05297,0.16271,0.03277,0.08998,0.02518,0.01697,0.01703,0.00595,0.01136,0.04931,0.00954,0.02515,0.03120,0.03929
0.26856,0.01552,0.02869,0.03019,0.01536,0.01784,0.06979,0.01679,0.01437,0.03046,0.05462,0.02893,0.27547,0.01726,0.01690,0.02241,0.00324,0.01948,0.02618,0.02795
0.08140,0.04344,0.04011,0.08236,0.15911,0.04770,0.05537,0.05341,0.01235,0.03585,0.10361,0.12167,0.02218,0.02084,0.03673,0.00596,0.01169,0.00603,0.03370,0.02650
0.05409,0.17784,0.04973,0.06040,0.17483,0.03219,0.05179,0.02062,0.03787,0.02362,0.09613,0.05365,0.02026,0.06331,0.00766,0.00463,0.00884,0.01249,0.03203,0.01801
0.03420,0.05717,0.26188,0.01631,0.02758,0.02317,0.02967,0.26197,0.04308,0.01154,0.04089,0.02624,0.02528,0.01873,0.05953,0.01337,0.00927,0.01643,0.01259,0.01111
0.03152,0.07178,0.02202,0.01348,0.02710,0.03128,0.02494,0.00892,0.24713,0.04159,0.09674,0.00524,0.00766,0.03059,0.02715,0.24973,0.04315,0.01284,0.00188,0.00528
0.04259,0.03580,0.03101,0.02407,0.00796,0.25092,0.02073,0.01929,0.08013,0.01780,0.01679,0.01438,0.01989,0.07226,0.03917,0.01779,0.24960,0.02164,0.00550,0.01267
0.31078,0.02194,0.04038,0.05113,0.02989,0.02955,0.02603,0.00586,0.00648,0.06877,0.01214,0.02098,0.28438,0.00920,0.00974,0.00811,0.00565,0.01367,0.00434,0.04097
0.08974,0.04299,0.01216,0.13128,0.18103,0.02832,0.02901,0.09086,0.01558,0.02401,0.03510,0.14769,0.04645,0.03418,0.02051,0.00927,0.01567,0.00989,0.00312,0.03317
0.15036,0.03178,0.04426,0.04156,0.01862,0.05016,0.16656,0.02254,0.06830,0.05740,0.02955,0.02847,0.10644,0.02261,0.03184,0.01953,0.04322,0.00947,0.02465,0.03269
0.07415,0.07427,0.13875,0.04722,0.04382,0.01150,0.03336,0.16342,0.06436,0.05769,0.05566,0.03622,0.03925,0.02157,0.06797,0.01191,0.00807,0.01874,0.01278,0.01929
0.16309,0.15645,0.04034,0.02779,0.12227,0.03576,0.10111,0.03011,0.05461,0.02952,0.03389,0.00683,0.01386,0.03827,0.03750,0.01795,0.04960,0.00826,0.02715,0.00565
0.05263,0.06913,0.02090,0.03241,0.02976,0.30537,0.03023,0.01728,0.01350,0.02845,0.02682,0.01853,0.02937,0.01078,0.01181,0.01069,0.22344,0.02804,0.00937,0.03149
0.27641,0.02352,0.05867,0.02890,0.01729,0.01155,0.06579,0.02008,0.03653,0.02447,0.01885,0.05934,0.25606,0.01830,0.01834,0.03560,0.00614,0.01134,0.00582,0.00699
0.02319,0.01621,0.03093,0.01948,0.00826,0.02635,0.03002,0.01618,0.32643,0.02287,0.03072,0.01314,0.05395,0.02550,0.02386,0.28703,0.01756,0.01555,0.00476,0.00802
0.01794,0.01746,0.28903,0.01151,0.01253,0.01244,0.01423,0.28833,0.07797,0.01180,0.04781,0.04835,0.02004,0.06630,0.01973,0.01175,0.00442,0.00599,0.00982,0.01254
0.19729,0.20562,0.00295,0.01299,0.03176,0.02947,0.01942,0.01275,0.02984,0.01906,0.04135,0.05828,0.16827,0.10902,0.01228,0.01000,0.00172,0.00834,0.01944,0.01017
0.02712,0.01137,0.24823,0.02765,0.00636,0.05323,0.06466,0.27951,0.02305,0.01205,0.04933,0.00997,0.01717,0.08344,0.02228,0.01336,0.00766,0.02726,0.00624,0.01006
0.03142,0.03053,0.02365,0.00684,0.00336,0.00655,0.04823,0.00852,0.02297,0.02348,0.05201,0.31366,0.02027,0.01665,0.02541,0.01605,0.00959,0.02333,0.28380,0.03367
0.18860,0.00201,0.02913,0.07575,0.01107,0.01883,0.03184,0.10899,0.03568,0.02468,0.02569,0.07446,0.15065,0.06401,0.05476,0.01768,0.01003,0.01427,0.05047,0.01142
0.02988,0.03731,0.04298,0.10139,0.20898,0.01729,0.03422,0.03393,0.05108,0.07294,0.03173,0.20239,0.01707,0.02217,0.02646,0.02407,0.01768,0.00923,0.00801,0.01118
0.31244,0.06231,0.03870,0.03287,0.02102,0.00959,0.05504,0.02853,0.02113,0.02649,0.04114,0.02753,0.22758,0.02185,0.01414,0.01233,0.00831,0.00357,0.01260,0.02280
0.04441,0.02280,0.02818,0.32519,0.00357,0.03869,0.03252,0.30724,0.01563,0.07476,0.03255,0.00907,0.01237,0.01501,0.00462,0.00779,0.00355,0.00549,0.01086,0.00571
0.02482,0.03315,0.22294,0.02385,0.01888,0.03944,0.02415,0.26015,0.05170,0.08273,0.06252,0.03322,0.02916,0.02236,0.01563,0.01900,0.00620,0.00366,0.00813,0.01833
0.02601,0.07923,0.00807,0.27337,0.05546,0.01563,0.01740,0.01018,0.04567,0.29020,0.04952,0.00752,0.01653,0.01182,0.01934,0.02112,0.00975,0.01468,0.00194,0.02656
0.02966,0.06457,0.02876,0.01644,0.02398,0.26940,0.02175,0.01015,0.04703,0.04022,0.03339,0.01858,0.04132,0.06411,0.01636,0.02082,0.21995,0.00694,0.00947,0.01709
0.06695,0.01617,0.14115,0.09878,0.00856,0.04010,0.04444,0.12049,0.01740,0.11741,0.05327,0.02645,0.06580,0.04074,0.09650,0.01439,0.00385,0.01198,0.00843,0.00714
0.28667,0.03016,0.03593,0.04777,0.01566,0.03230,0.01689,0.06198,0.02714,0.01398,0.03634,0.01773,0.26913,0.01663,0.01734,0.03293,0.01090,0.02098,0.00394,0.00561
0.24051,0.05408,0.01490,0.03714,0.01837,0.03510,0.10605,0.02350,0.02468,0.02640,0.01459,0.08384,0.19912,0.01312,0.01189,0.01502,0.01547,0.01866,0.02248,0.02508
0.04136,0.03262,0.02685,0.00461,0.00679,0.03766,0.25336,0.02461,0.02006,0.01854,0.13274,0.01888,0.03077,0.26956,0.02984,0.02975,0.00427,0.00842,0.00483,0.00449
0.04531,0.07419,0.01075,0.03474,0.02260,0.35001,0.02590,0.00696,0.00910,0.02168,0.03435,0.01128,0.00750,0.02158,0.01372,0.00897,0.28405,0.00807,0.00232,0.00693
0.12957,0.02164,0.04786,0.10507,0.01518,0.10800,0.06219,0.12316,0.02164,0.05324,0.02295,0.02682,0.13085,0.03225,0.02827,0.01118,0.00247,0.02216,0.01448,0.02105
0.01171,0.33730,0.02015,0.05273,0.01488,0.02570,0.00598,0.01415,0.02456,0.02446,0.02996,0.02904,0.00895,0.29204,0.02112,0.00691,0.04952,0.01094,0.01033,0.00955
0.02744,0.04453,0.06362,0.00572,0.02102,0.00557,0.02475,0.00645,0.02370,0.02638,0.28279,0.22512,0.01223,0.02557,0.00605,0.00923,0.00153,0.00808,0.17537,0.00486
0.01767,0.02943,0.01446,0.05018,0.23859,0.11017,0.02667,0.01674,0.01460,0.10569,0.02613,0.21871,0.02479,0.03195,0.03295,0.01280,0.00436,0.00481,0.00503,0.01426
