0.03988,0.01571,0.04739,0.03972,0.02108,0.02491,0.04307,0.09999,0.11265,0.06710,0.08010,0.22868,0.02923,0.10171,0.04876
0.06349,0.02295,0.07850,0.05256,0.03890,0.06104,0.03230,0.15121,0.06431,0.05019,0.03519,0.25502,0.03757,0.04226,0.01450
0.04483,0.01684,0.04556,0.04059,0.02401,0.05386,0.04365,0.15331,0.21991,0.05509,0.09489,0.06672,0.06468,0.04884,0.02722
0.07558,0.02100,0.16319,0.06365,0.02509,0.02507,0.02404,0.12357,0.03188,0.15029,0.05321,0.09238,0.02490,0.10435,0.02180
0.06947,0.02391,0.05319,0.04277,0.03541,0.02642,0.02240,0.08088,0.04182,0.18261,0.08448,0.09501,0.02180,0.20124,0.01857
0.05837,0.02299,0.05256,0.05789,0.03824,0.08268,0.02522,0.06747,0.11119,0.03598,0.05605,0.26316,0.06652,0.03743,0.02425
0.05347,0.01497,0.05344,0.04027,0.02360,0.06250,0.02668,0.12158,0.09465,0.04968,0.04727,0.24944,0.10723,0.03913,0.01609
0.04959,0.01685,0.05414,0.04858,0.02434,0.04495,0.04954,0.17013,0.07518,0.06814,0.14372,0.09876,0.05173,0.07069,0.03365
0.07698,0.02530,0.05177,0.05573,0.04114,0.05916,0.02373,0.13470,0.05955,0.05577,0.06812,0.22225,0.04737,0.05895,0.01948
0.07695,0.02800,0.06235,0.06058,0.04647,0.06005,0.05133,0.08519,0.11120,0.03762,0.14299,0.10909,0.03987,0.03575,0.05255
0.06872,0.02167,0.09137,0.07318,0.04249,0.02414,0.02089,0.21776,0.04658,0.08934,0.09070,0.09355,0.02392,0.07893,0.01676
0.15628,0.01829,0.14479,0.09621,0.03996,0.05314,0.02802,0.10422,0.03306,0.02891,0.12970,0.04340,0.06156,0.02955,0.03290
0.06450,0.02210,0.07085,0.06455,0.03657,0.05784,0.03366,0.04957,0.10744,0.10111,0.20058,0.02621,0.04663,0.09687,0.02152
0.07012,0.02345,0.07742,0.05395,0.03630,0.08146,0.03555,0.12591,0.05573,0.07522,0.07745,0.11119,0.06143,0.08326,0.03156
0.08345,0.02932,0.10376,0.06754,0.04223,0.03620,0.02407,0.10515,0.13158,0.04064,0.13261,0.08722,0.03503,0.04823,0.03298
0.08695,0.02146,0.06851,0.06519,0.03599,0.06067,0.02827,0.21294,0.03012,0.07361,0.06903,0.11047,0.06338,0.05173,0.02169
0.08938,0.02098,0.09515,0.05445,0.03159,0.01583,0.01767,0.32912,0.01648,0.06540,0.05987,0.08130,0.02513,0.06750,0.03015
0.04716,0.01619,0.05327,0.04221,0.02531,0.07864,0.02396,0.17575,0.06386,0.05586,0.15584,0.11576,0.06626,0.05805,0.02187
0.04427,0.02033,0.05163,0.04560,0.02842,0.04958,0.03261,0.14531,0.07409,0.04654,0.18338,0.15221,0.04532,0.05066,0.03006
0.09755,0.02457,0.09056,0.06793,0.03825,0.08731,0.02485,0.08752,0.06133,0.09944,0.06085,0.07692,0.06594,0.09911,0.01788
0.11481,0.04139,0.09639,0.09029,0.04833,0.03036,0.03051,0.15841,0.01922,0.06169,0.08173,0.05807,0.02869,0.09143,0.04869
0.08824,0.02903,0.07980,0.06323,0.03851,0.04301,0.01798,0.12098,0.10007,0.02110,0.07016,0.25338,0.03393,0.02113,0.01947
0.05011,0.01973,0.05142,0.04303,0.02765,0.10111,0.01827,0.17951,0.02829,0.02504,0.21220,0.04342,0.15988,0.02373,0.01662
0.08202,0.01610,0.09550,0.06117,0.02859,0.01366,0.01863,0.22853,0.03682,0.05250,0.08108,0.20098,0.01504,0.04893,0.02043
0.06822,0.03005,0.08659,0.05459,0.03638,0.02768,0.01801,0.11022,0.09300,0.05914,0.07211,0.23682,0.03339,0.05744,0.01636
0.07774,0.01893,0.11540,0.07688,0.03348,0.06669,0.02112,0.10083,0.08315,0.06835,0.10112,0.06932,0.06264,0.08549,0.01886
0.03817,0.01480,0.03949,0.03065,0.02319,0.09505,0.01681,0.08804,0.20148,0.08034,0.13080,0.07944,0.05296,0.09557,0.01322
0.12345,0.01723,0.09352,0.05941,0.02954,0.03933,0.01841,0.12156,0.02436,0.09192,0.05996,0.06051,0.06068,0.17416,0.02597
0.04270,0.01456,0.05399,0.03961,0.02134,0.14460,0.01557,0.11213,0.03510,0.09353,0.17268,0.04842,0.04448,0.13980,0.02149
0.04698,0.01492,0.03783,0.03868,0.02372,0.03296,0.05949,0.10277,0.05083,0.07292,0.05834,0.30686,0.03232,0.07983,0.04154
0.09240,0.03153,0.14059,0.08644,0.03620,0.02958,0.02199,0.20013,0.02186,0.05553,0.06209,0.09382,0.04002,0.06275,0.02508
0.07039,0.02236,0.09192,0.06001,0.02928,0.06775,0.02123,0.09595,0.09192,0.08176,0.14320,0.08050,0.05754,0.06345,0.02275
0.04360,0.01538,0.05056,0.03890,0.02362,0.12946,0.05712,0.19973,0.08626,0.05234,0.06484,0.07952,0.07080,0.05490,0.03298
0.09784,0.02713,0.12401,0.08804,0.04076,0.04607,0.02517,0.12741,0.04509,0.03756,0.15966,0.06514,0.06072,0.03262,0.02278
0.08230,0.02526,0.08469,0.07344,0.04475,0.05570,0.02404,0.08960,0.12816,0.04988,0.09481,0.06003,0.10351,0.05906,0.02477
0.03761,0.01458,0.03899,0.03240,0.02284,0.04475,0.02152,0.09314,0.02952,0.03043,0.03385,0.51298,0.03158,0.03259,0.02322
0.05679,0.01996,0.09008,0.05730,0.03306,0.04345,0.03395,0.14452,0.02883,0.13715,0.11063,0.05648,0.04307,0.11449,0.03024
0.07362,0.01868,0.10364,0.07787,0.03071,0.04538,0.02538,0.10920,0.04341,0.03937,0.24209,0.08036,0.03986,0.04247,0.02797
0.05961,0.01640,0.05952,0.05654,0.02594,0.03145,0.05532,0.12110,0.07291,0.14244,0.05237,0.11345,0.03353,0.12553,0.03389
0.13256,0.02034,0.09347,0.07706,0.07006,0.05261,0.02969,0.10718,0.02138,0.07841,0.06705,0.04014,0.05621,0.10078,0.05307
0.08597,0.02662,0.11054,0.08068,0.04418,0.03921,0.02832,0.10840,0.03670,0.03328,0.20972,0.05983,0.07140,0.02882,0.03631
0.08989,0.01717,0.10250,0.07417,0.02972,0.02550,0.03202,0.09692,0.01999,0.17534,0.09737,0.02866,0.03916,0.13065,0.04094
0.03146,0.01191,0.03137,0.02869,0.02017,0.02096,0.01922,0.24916,0.13757,0.04381,0.07416,0.26041,0.01760,0.03927,0.01425
0.04767,0.02332,0.04916,0.04474,0.03437,0.02651,0.03574,0.14265,0.01698,0.12906,0.06616,0.04525,0.03357,0.22489,0.07994
0.07343,0.01851,0.08275,0.07202,0.03050,0.11900,0.02115,0.14664,0.06984,0.03327,0.09373,0.13387,0.05068,0.03578,0.01884
0.05716,0.02836,0.06784,0.05514,0.03782,0.09503,0.05110,0.09680,0.08027,0.06942,0.13151,0.04912,0.05618,0.09269,0.03156
0.07875,0.02072,0.07108,0.05516,0.03680,0.02035,0.02038,0.25568,0.03824,0.04914,0.08070,0.17469,0.01819,0.05673,0.02340
0.09214,0.01556,0.21236,0.10163,0.03214,0.02354,0.01573,0.05002,0.05162,0.07076,0.20239,0.02835,0.02236,0.06769,0.01369
0.08083,0.02733,0.08179,0.05516,0.04472,0.02301,0.03617,0.14691,0.02762,0.15146,0.05950,0.08217,0.03034,0.10721,0.04579
0.08122,0.02290,0.08273,0.06037,0.03949,0.03001,0.05522,0.18416,0.03108,0.06940,0.11438,0.05082,0.05118,0.06324,0.06381
0.09476,0.01751,0.09949,0.07132,0.03474,0.05112,0.01726,0.10016,0.05950,0.06478,0.05122,0.21035,0.04560,0.06684,0.01533
0.06696,0.02246,0.06274,0.05117,0.03301,0.03553,0.02769,0.11115,0.16955,0.02849,0.21735,0.07222,0.04665,0.02633,0.02870
0.05805,0.02079,0.07082,0.05826,0.03322,0.05855,0.03220,0.13824,0.05982,0.04089,0.10275,0.20326,0.04333,0.04150,0.03832
0.08132,0.02555,0.07326,0.06084,0.04261,0.03671,0.04335,0.08483,0.09521,0.06407,0.06681,0.18789,0.03708,0.05942,0.04105
0.05341,0.03048,0.05104,0.05124,0.04103,0.04157,0.03118,0.13136,0.08138,0.09480,0.06140,0.18675,0.03171,0.08619,0.02646
0.05312,0.01299,0.07540,0.05495,0.02259,0.02359,0.01587,0.12131,0.03038,0.20403,0.10459,0.03499,0.02111,0.21120,0.01386
0.05870,0.02233,0.07775,0.05577,0.02921,0.02188,0.02179,0.29397,0.02371,0.12402,0.10122,0.04948,0.02075,0.07834,0.02110
0.03875,0.01686,0.03874,0.03389,0.02346,0.01503,0.02402,0.17657,0.03463,0.09151,0.08294,0.30458,0.01497,0.07789,0.02616
0.04690,0.02758,0.05455,0.04897,0.03702,0.08572,0.03527,0.16941,0.04511,0.04862,0.10094,0.17462,0.04149,0.04128,0.04252
0.04483,0.01900,0.04876,0.04071,0.02746,0.05116,0.02454,0.11400,0.07381,0.07181,0.18098,0.11934,0.06008,0.08852,0.03499
0.07096,0.02226,0.07834,0.06138,0.03724,0.06558,0.02823,0.12463,0.04991,0.06921,0.11147,0.07933,0.08254,0.08228,0.03665
0.08572,0.01923,0.13296,0.07082,0.03550,0.03614,0.03353,0.11990,0.04253,0.05519,0.06968,0.16550,0.03054,0.06685,0.03591
0.12050,0.02441,0.08738,0.10438,0.03882,0.02177,0.03092,0.23248,0.03807,0.06867,0.06087,0.06546,0.02036,0.06645,0.01945
0.06261,0.01519,0.06240,0.05426,0.02764,0.02241,0.03840,0.13166,0.14003,0.04926,0.10304,0.18062,0.02030,0.05695,0.03522
0.04649,0.01816,0.05112,0.04485,0.03047,0.03184,0.03510,0.11832,0.11665,0.18388,0.10350,0.07628,0.02549,0.10110,0.01676
0.08019,0.02439,0.08082,0.05100,0.03502,0.04200,0.06461,0.15126,0.14234,0.05866,0.05463,0.12627,0.02964,0.03855,0.02062
0.08283,0.04048,0.07564,0.07528,0.06236,0.07272,0.02659,0.14647,0.05702,0.04301,0.07910,0.11999,0.05686,0.04111,0.02053
0.04341,0.01838,0.04240,0.03676,0.02920,0.02755,0.03034,0.09147,0.19967,0.08778,0.06598,0.20003,0.02388,0.07419,0.02895
0.08556,0.01825,0.10901,0.07060,0.03494,0.05357,0.02408,0.14555,0.02163,0.04549,0.03832,0.20920,0.06393,0.04596,0.03389
0.07918,0.01594,0.14523,0.08005,0.02743,0.05647,0.02593,0.10499,0.03753,0.06793,0.15830,0.03846,0.06181,0.06498,0.03577
0.05587,0.03481,0.04747,0.05757,0.03820,0.02974,0.03439,0.24286,0.04764,0.04920,0.12383,0.15123,0.02101,0.03835,0.02782
0.05144,0.01589,0.06005,0.04394,0.02540,0.06288,0.01809,0.14597,0.08612,0.05866,0.11654,0.16651,0.07371,0.05903,0.01576
0.10478,0.03167,0.08470,0.07648,0.04859,0.03447,0.02904,0.12369,0.06966,0.08374,0.09047,0.08812,0.03265,0.07171,0.03020
0.07788,0.02640,0.07364,0.06856,0.03968,0.03447,0.03362,0.19089,0.11322,0.04616,0.13722,0.07044,0.02373,0.04433,0.01977
0.06577,0.02643,0.06702,0.05555,0.03494,0.05854,0.02191,0.14719,0.02753,0.11558,0.06322,0.07498,0.03008,0.18235,0.02890
0.11737,0.03107,0.14833,0.09052,0.04755,0.02451,0.02913,0.09095,0.03884,0.06699,0.11872,0.05123,0.02510,0.08477,0.03493
0.08866,0.01762,0.08119,0.06552,0.03392,0.07627,0.01634,0.15861,0.01916,0.03537,0.03891,0.27581,0.04229,0.03358,0.01675
0.07481,0.01919,0.11424,0.06284,0.02794,0.03245,0.02795,0.10909,0.06952,0.13247,0.04789,0.12965,0.03747,0.09395,0.02055
0.09389,0.02643,0.08476,0.07266,0.03719,0.03873,0.02218,0.17102,0.01750,0.10603,0.05375,0.08396,0.03883,0.12980,0.02327
0.06292,0.02726,0.06229,0.05906,0.03934,0.02079,0.02524,0.10907,0.12760,0.07153,0.14989,0.14592,0.02074,0.05646,0.02189
0.06651,0.01672,0.15993,0.09948,0.03269,0.03993,0.02704,0.19857,0.02271,0.06118,0.05202,0.07956,0.04874,0.05486,0.04005
0.09217,0.02744,0.11239,0.09558,0.04642,0.02252,0.03795,0.07104,0.07919,0.08913,0.07233,0.07641,0.02653,0.10762,0.04326
0.06701,0.01904,0.06338,0.07788,0.04751,0.09830,0.03011,0.06629,0.04527,0.12426,0.10986,0.02838,0.06663,0.13092,0.02516
0.05795,0.02392,0.06134,0.05303,0.03069,0.04025,0.02311,0.09705,0.07505,0.06795,0.17114,0.15843,0.03174,0.08195,0.02639
0.07872,0.01900,0.09424,0.07755,0.03502,0.03867,0.04267,0.10897,0.02791,0.06942,0.04042,0.16393,0.04036,0.08638,0.07676
0.09044,0.02684,0.13219,0.07897,0.03211,0.02544,0.02140,0.06576,0.17679,0.05464,0.08098,0.11083,0.03477,0.05016,0.01868
0.06346,0.01925,0.06707,0.05561,0.02814,0.03272,0.03319,0.17015,0.07182,0.11005,0.13529,0.04563,0.02723,0.11425,0.02614
0.05344,0.02334,0.05169,0.04290,0.03382,0.12390,0.02200,0.06155,0.18487,0.04145,0.15479,0.06355,0.07532,0.04207,0.02531
0.09778,0.01920,0.08468,0.06823,0.04812,0.05788,0.03767,0.12559,0.07551,0.08050,0.08883,0.07802,0.03030,0.07676,0.03093
0.04622,0.02147,0.05191,0.05163,0.03147,0.07289,0.06576,0.21331,0.04918,0.05754,0.12092,0.06904,0.06014,0.04991,0.03862
0.07893,0.03518,0.07310,0.06615,0.04612,0.03719,0.02179,0.20165,0.03737,0.03514,0.09525,0.17424,0.03558,0.03505,0.02727
0.08734,0.03012,0.07704,0.06275,0.04344,0.05818,0.02724,0.23031,0.03439,0.03191,0.09174,0.09878,0.07360,0.03087,0.02230
0.05921,0.02824,0.05948,0.05322,0.04063,0.01968,0.04124,0.11675,0.07400,0.09760,0.06596,0.21568,0.01778,0.07166,0.03886
0.04168,0.01806,0.04291,0.03945,0.02496,0.07960,0.05438,0.16710,0.07516,0.06579,0.05400,0.18698,0.05587,0.05720,0.03685
0.07058,0.02238,0.06823,0.06520,0.03942,0.02060,0.02604,0.10745,0.05705,0.06437,0.06783,0.27545,0.01811,0.07002,0.02725
0.06770,0.02714,0.06417,0.06727,0.04748,0.02520,0.02133,0.09335,0.06426,0.04379,0.09027,0.29896,0.02129,0.04262,0.02517
0.06530,0.01971,0.07665,0.05232,0.03247,0.03359,0.03970,0.14767,0.05199,0.07970,0.08855,0.12654,0.03712,0.10528,0.04342
0.06868,0.02188,0.06676,0.05858,0.03586,0.09678,0.02981,0.08662,0.02599,0.08789,0.15357,0.03790,0.09235,0.09279,0.04453
0.05982,0.02159,0.06523,0.05294,0.03281,0.08633,0.07262,0.16575,0.07084,0.07638,0.05104,0.07425,0.10627,0.04158,0.02255
0.06597,0.03072,0.07691,0.06046,0.04059,0.02179,0.02784,0.14994,0.02159,0.08754,0.13183,0.06736,0.02917,0.12710,0.06119
