0.18105,0.17247,0.35104,0.29544
0.17678,0.17991,0.34868,0.29464
0.10103,0.23714,0.35916,0.30267
0.13755,0.14737,0.38680,0.32828
0.09835,0.11886,0.42440,0.35839
0.14760,0.14333,0.37545,0.33361
0.14206,0.15902,0.37301,0.32592
0.11660,0.20552,0.36764,0.31024
0.20231,0.13382,0.35443,0.30944
0.12128,0.09713,0.42575,0.35584
0.13041,0.13642,0.39254,0.34062
0.10012,0.21793,0.37394,0.30800
0.14291,0.14997,0.38411,0.32302
0.16658,0.15588,0.36166,0.31588
0.12497,0.20456,0.36454,0.30593
0.17004,0.17832,0.35263,0.29900
0.14586,0.11135,0.40461,0.33818
0.13204,0.14771,0.39233,0.32792
0.13482,0.14782,0.38301,0.33435
0.09195,0.08072,0.44131,0.38603
0.11211,0.10720,0.42417,0.35652
0.11312,0.10765,0.42283,0.35640
0.12965,0.20396,0.36160,0.30478
0.18227,0.16815,0.34947,0.30012
0.14265,0.15472,0.37606,0.32658
0.12547,0.16027,0.38368,0.33058
0.08215,0.11027,0.43485,0.37272
0.23526,0.13659,0.33611,0.29204
0.06482,0.07403,0.46484,0.39630
0.09151,0.12167,0.42137,0.36546
0.17907,0.09190,0.38993,0.33910
0.18402,0.18828,0.34210,0.28560
0.12156,0.12989,0.40082,0.34774
0.11265,0.10726,0.41635,0.36375
0.16466,0.09846,0.39300,0.34388
0.16236,0.12711,0.38094,0.32959
0.14488,0.18084,0.35990,0.31438
0.10352,0.09846,0.42693,0.37108
0.14941,0.15973,0.36821,0.32265
0.13988,0.11434,0.40444,0.34133
0.18994,0.11834,0.37156,0.32016
0.10694,0.11242,0.42052,0.36012
0.11438,0.12940,0.40877,0.34744
0.14377,0.12368,0.39951,0.33304
0.05935,0.07588,0.47140,0.39337
0.17359,0.13769,0.37502,0.31370
0.11661,0.09256,0.43061,0.36022
0.17491,0.18326,0.34746,0.29437
0.12248,0.15087,0.39958,0.32707
0.12657,0.15370,0.38950,0.33023
0.11630,0.24332,0.35067,0.28971
0.10578,0.12520,0.41552,0.35351
0.11184,0.11066,0.41601,0.36150
0.22939,0.21796,0.29646,0.25619
0.14891,0.13586,0.38569,0.32953
0.11613,0.33988,0.29510,0.24889
0.08523,0.11822,0.42378,0.37277
0.10165,0.12077,0.41606,0.36151
0.29517,0.13833,0.30802,0.25848
0.08167,0.18671,0.39345,0.33817
0.11915,0.16672,0.38619,0.32794
0.13713,0.18788,0.36683,0.30816
0.21477,0.20871,0.31403,0.26249
0.14888,0.17465,0.36321,0.31327
0.12507,0.14499,0.39576,0.33418
0.08571,0.10135,0.43233,0.38060
0.14539,0.19414,0.35796,0.30250
0.15272,0.15599,0.37295,0.31834
0.14576,0.13654,0.38453,0.33317
0.08796,0.10522,0.44400,0.36283
0.15458,0.12649,0.38602,0.33291
0.19135,0.18506,0.33733,0.28626
0.12786,0.13121,0.39661,0.34432
0.17765,0.09990,0.39500,0.32746
0.18040,0.09416,0.38798,0.33746
0.20597,0.12792,0.36118,0.30492
0.11320,0.22494,0.36141,0.30045
0.16122,0.12689,0.38560,0.32629
0.25156,0.23333,0.27760,0.23750
0.06993,0.32960,0.32908,0.27139
0.11280,0.12262,0.41313,0.35146
0.19959,0.16623,0.33882,0.29535
0.15120,0.17128,0.36690,0.31062
0.11984,0.06038,0.43452,0.38526
0.10378,0.11867,0.41905,0.35850
0.10257,0.15426,0.40362,0.33955
0.18614,0.20425,0.32609,0.28352
0.10398,0.12880,0.41339,0.35384
0.12201,0.27440,0.33299,0.27059
0.09051,0.12881,0.42114,0.35955
0.15370,0.15986,0.37144,0.31500
0.08671,0.25992,0.35189,0.30148
0.12157,0.12855,0.40554,0.34434
0.07269,0.07245,0.46378,0.39108
0.10917,0.11679,0.42252,0.35152
0.12202,0.16249,0.38509,0.33040
0.10157,0.13406,0.40290,0.36147
0.12339,0.12503,0.40255,0.34902
0.14220,0.15452,0.37995,0.32333
0.12160,0.18580,0.37751,0.31509
0.10687,0.14614,0.40071,0.34627
0.10730,0.29579,0.32083,0.27607
0.11623,0.19876,0.37293,0.31207
0.06980,0.14893,0.42072,0.36054
0.13654,0.11126,0.40381,0.34840
0.17135,0.16462,0.35901,0.30502
0.08079,0.16619,0.41020,0.34282
0.15393,0.10104,0.39789,0.34714
0.16427,0.16112,0.36301,0.31159
0.14169,0.17125,0.37366,0.31340
0.15582,0.13387,0.38135,0.32897
0.12238,0.08412,0.42664,0.36686
0.18045,0.18151,0.34282,0.29522
0.11529,0.14185,0.40373,0.33913
0.19164,0.19943,0.32960,0.27933
0.09849,0.15525,0.40579,0.34047
0.14354,0.15478,0.37459,0.32709
0.07492,0.07650,0.46015,0.38843
0.19188,0.20143,0.32384,0.28285
0.09810,0.13558,0.41519,0.35113
0.26841,0.18069,0.29771,0.25319
0.28730,0.21475,0.26943,0.22852
0.08563,0.14811,0.41358,0.35268
0.14372,0.15723,0.38036,0.31869
0.16367,0.18623,0.35044,0.29966
0.09492,0.20808,0.37880,0.31820
0.09517,0.11145,0.42834,0.36504
0.15699,0.17126,0.36527,0.30648
0.10842,0.20841,0.37323,0.30993
0.13209,0.09584,0.41823,0.35385
0.10635,0.16841,0.40012,0.32512
0.08374,0.09493,0.44370,0.37763
0.16044,0.13874,0.37611,0.32471
0.11235,0.12210,0.41405,0.35149
0.17493,0.19387,0.34056,0.29063
0.07824,0.11021,0.44101,0.37053
0.15483,0.09973,0.40471,0.34073
0.11102,0.20899,0.37483,0.30515
0.18841,0.06862,0.39614,0.34683
0.10658,0.12585,0.41483,0.35274
0.07031,0.24133,0.37404,0.31432
0.14428,0.16437,0.36947,0.32188
0.13158,0.14728,0.39234,0.32881
0.15373,0.10601,0.39941,0.34084
0.18768,0.19143,0.33700,0.28390
0.11925,0.22983,0.35199,0.29894
0.10856,0.16954,0.40055,0.32135
0.10202,0.06403,0.44545,0.38850
0.12699,0.21254,0.35651,0.30396
0.13801,0.14671,0.38521,0.33007
0.13819,0.14038,0.38942,0.33201
0.10482,0.24740,0.35381,0.29398
0.12656,0.14156,0.39451,0.33736
0.17669,0.21072,0.33174,0.28085
0.16471,0.16636,0.36342,0.30552
0.12221,0.12130,0.40404,0.35245
0.14430,0.13540,0.39206,0.32824
0.17374,0.16579,0.35394,0.30654
0.08707,0.10870,0.42613,0.37810
0.16662,0.13301,0.38184,0.31853
0.13792,0.13784,0.39323,0.33101
0.15279,0.19014,0.35488,0.30219
0.05077,0.25082,0.38141,0.31699
0.10290,0.12375,0.41903,0.35432
0.07256,0.09117,0.45133,0.38494
0.08539,0.13213,0.41923,0.36325
0.15477,0.15153,0.37507,0.31864
0.17558,0.18832,0.34602,0.29007
0.17002,0.12449,0.38346,0.32204
0.10123,0.16575,0.39928,0.33373
0.17327,0.15995,0.35430,0.31247
0.10871,0.08060,0.43431,0.37639
0.15868,0.11836,0.39215,0.33081
0.08639,0.10641,0.43828,0.36893
0.11304,0.11873,0.41317,0.35507
0.19668,0.13897,0.36103,0.30332
0.11540,0.17334,0.38436,0.32690
0.14487,0.23523,0.33777,0.28213
0.13927,0.14670,0.38715,0.32689
0.10823,0.12090,0.41961,0.35126
0.15869,0.17048,0.36007,0.31076
0.10804,0.14035,0.40703,0.34458
0.22574,0.10980,0.35731,0.30715
0.08566,0.10124,0.43893,0.37417
0.15715,0.16943,0.36343,0.30999
0.11235,0.12330,0.41071,0.35364
0.24055,0.15881,0.32333,0.27731
0.12298,0.13301,0.40207,0.34193
0.14226,0.14439,0.38183,0.33153
0.09313,0.11623,0.43008,0.36056
0.18966,0.09871,0.38290,0.32873
0.23136,0.07654,0.36742,0.32468
0.19327,0.18398,0.33806,0.28470
0.15523,0.16398,0.36536,0.31544
0.09309,0.10316,0.43606,0.36769
0.13170,0.06561,0.42746,0.37524
0.12972,0.08855,0.41280,0.36893
0.12719,0.13202,0.39500,0.34580
0.09749,0.19334,0.38501,0.32415
0.14316,0.14969,0.39159,0.31557
0.14054,0.16223,0.36681,0.33043
0.07121,0.07794,0.46245,0.38840
0.13246,0.12910,0.39441,0.34403
0.14057,0.08495,0.41302,0.36146
0.10592,0.12429,0.41292,0.35686
0.12847,0.08591,0.42299,0.36263
0.12088,0.12317,0.40877,0.34718
0.12692,0.14039,0.39343,0.33927
0.08776,0.13786,0.42249,0.35189
0.20839,0.21722,0.31355,0.26084
0.15357,0.15905,0.37076,0.31662
0.18294,0.09453,0.38322,0.33931
0.15512,0.16236,0.36979,0.31273
0.09035,0.08676,0.44567,0.37723
0.09581,0.10500,0.43499,0.36419
0.15192,0.18214,0.36539,0.30056
0.16006,0.24486,0.32740,0.26769
0.13502,0.14938,0.38878,0.32682
0.11901,0.14458,0.39862,0.33780
0.10373,0.12118,0.41694,0.35816
0.18671,0.21066,0.32274,0.27989
0.07214,0.13151,0.43570,0.36065
0.16938,0.12802,0.37983,0.32277
0.20088,0.13247,0.35822,0.30843
0.10036,0.10898,0.42590,0.36476
0.08889,0.19076,0.38793,0.33243
0.08759,0.13722,0.42310,0.35210
0.11723,0.13180,0.40473,0.34624
0.19545,0.19746,0.32762,0.27947
0.18011,0.14962,0.36560,0.30467
0.26588,0.11359,0.33360,0.28694
0.14609,0.13491,0.38867,0.33033
0.13224,0.15514,0.37962,0.33299
0.16120,0.08871,0.39928,0.35081
0.19832,0.07788,0.38782,0.33598
0.12685,0.17670,0.37249,0.32396
0.19495,0.10268,0.37639,0.32598
0.07079,0.08489,0.46100,0.38332
0.11676,0.14280,0.39818,0.34226
0.07855,0.11631,0.43533,0.36982
0.14254,0.15843,0.37817,0.32086
0.06183,0.09591,0.45194,0.39031
0.17173,0.13518,0.37742,0.31567
0.11115,0.27390,0.33622,0.27872
0.11286,0.14103,0.40140,0.34471
0.13716,0.13155,0.39014,0.34115
0.12598,0.20319,0.36475,0.30609
0.12688,0.12368,0.40645,0.34299
0.07942,0.08858,0.44741,0.38459
0.12144,0.07786,0.42526,0.37544
0.18097,0.20928,0.32073,0.28903
0.11943,0.16260,0.38299,0.33498
0.10733,0.10652,0.41781,0.36834
0.11343,0.13867,0.40600,0.34190
0.14072,0.16376,0.37477,0.32076
0.18424,0.18377,0.33852,0.29348
0.17407,0.11994,0.37913,0.32686
0.13884,0.14893,0.38082,0.33141
0.12013,0.16877,0.38331,0.32779
0.12925,0.17993,0.37292,0.31790
0.19770,0.18462,0.33228,0.28540
0.10473,0.11693,0.41376,0.36458
0.15654,0.18437,0.35558,0.30352
0.09269,0.10237,0.43178,0.37316
0.16126,0.14457,0.37714,0.31703
0.12483,0.16803,0.38360,0.32353
0.14698,0.12344,0.39297,0.33661
0.18862,0.19120,0.33790,0.28228
0.08650,0.19403,0.38879,0.33068
0.16040,0.16837,0.37274,0.29849
0.22049,0.24472,0.29145,0.24335
0.11957,0.13600,0.40022,0.34421
0.11395,0.18580,0.37712,0.32314
0.12437,0.15791,0.38166,0.33606
0.23411,0.15507,0.33033,0.28049
0.11218,0.11346,0.41711,0.35725
0.09406,0.15222,0.40859,0.34512
0.21350,0.16702,0.34094,0.27854
0.12362,0.12531,0.40292,0.34815
0.16708,0.17835,0.35222,0.30234
0.12174,0.20421,0.36077,0.31327
0.16793,0.16685,0.36613,0.29908
0.10026,0.16961,0.39885,0.33128
0.07462,0.16167,0.40967,0.35404
0.15715,0.22688,0.33839,0.27759
0.09582,0.12106,0.41971,0.36341
0.17740,0.19667,0.34134,0.28459
0.16783,0.18116,0.35158,0.29944
0.11889,0.16649,0.38339,0.33123
0.07150,0.09540,0.44846,0.38465
0.13838,0.15226,0.38342,0.32594
0.17371,0.19535,0.33509,0.29585
0.13900,0.10635,0.40537,0.34928
0.12879,0.19121,0.36319,0.31681
0.17296,0.26959,0.30639,0.25106
0.09957,0.07387,0.44509,0.38146
0.22126,0.22162,0.30322,0.25390
0.16953,0.13266,0.37189,0.32592
0.20176,0.09527,0.37260,0.33036
0.10061,0.06902,0.44380,0.38657
