0.02983,0.04623,0.04419,0.10924,0.02278,0.03922,0.03287,0.02806,0.33919,0.05144,0.01366,0.01959,0.15964,0.01590,0.02669,0.00780,0.01365
0.02006,0.08807,0.01769,0.07587,0.04771,0.17665,0.06617,0.01894,0.02752,0.09002,0.02038,0.01199,0.04146,0.03647,0.19280,0.02476,0.04344
0.02150,0.20428,0.03861,0.01606,0.07599,0.09854,0.02411,0.03745,0.02019,0.24523,0.02834,0.04674,0.01083,0.00963,0.09809,0.00768,0.01675
0.01289,0.18406,0.09443,0.02257,0.05442,0.07243,0.11712,0.06847,0.00720,0.24872,0.01227,0.02036,0.01213,0.00774,0.04740,0.00813,0.00964
0.02914,0.05011,0.05917,0.01907,0.04892,0.10877,0.06545,0.09041,0.03923,0.06878,0.01829,0.07554,0.03594,0.13675,0.08302,0.04501,0.02639
0.03186,0.03640,0.19725,0.04384,0.09309,0.07189,0.15405,0.03982,0.01156,0.02852,0.06694,0.03841,0.03028,0.02056,0.07490,0.01573,0.04491
0.07090,0.09032,0.06796,0.04465,0.05536,0.11368,0.07138,0.06157,0.02911,0.13615,0.03428,0.02399,0.01627,0.03777,0.08117,0.03846,0.02699
0.03605,0.03855,0.19692,0.03271,0.05105,0.12919,0.10607,0.03633,0.00986,0.03980,0.12841,0.02060,0.00734,0.01477,0.11289,0.01852,0.02096
0.01829,0.02657,0.03295,0.11079,0.06400,0.02813,0.05989,0.05029,0.21535,0.02862,0.01816,0.06861,0.17975,0.01995,0.02931,0.02559,0.02376
0.01952,0.11709,0.04581,0.11058,0.08668,0.03929,0.03560,0.07037,0.16290,0.03537,0.03522,0.01455,0.06545,0.09690,0.02561,0.00683,0.03224
0.04670,0.08633,0.07984,0.05145,0.03872,0.10818,0.07268,0.03661,0.00985,0.16522,0.04091,0.02030,0.02662,0.04041,0.05708,0.04046,0.07863
0.02169,0.28236,0.07748,0.04819,0.01034,0.04046,0.07281,0.01123,0.02429,0.26460,0.01353,0.01156,0.01314,0.03967,0.04400,0.00733,0.01733
0.02585,0.09906,0.26578,0.05322,0.05372,0.03280,0.02348,0.01678,0.03950,0.12009,0.19590,0.01375,0.00967,0.01779,0.01505,0.00545,0.01210
0.01590,0.15357,0.02333,0.02774,0.04571,0.18508,0.01728,0.03662,0.02276,0.16916,0.01300,0.02140,0.01328,0.02726,0.19601,0.01384,0.01805
0.05396,0.05563,0.04856,0.05292,0.08272,0.16537,0.07670,0.08048,0.01911,0.05570,0.02952,0.02392,0.03291,0.01128,0.16828,0.01186,0.03107
0.01857,0.05494,0.07786,0.08906,0.06657,0.14923,0.10044,0.03678,0.05532,0.05640,0.02767,0.02358,0.03458,0.01488,0.15015,0.01022,0.03375
0.01566,0.09144,0.08747,0.02841,0.04656,0.16325,0.08939,0.01881,0.05648,0.11071,0.01005,0.02077,0.02710,0.00875,0.19182,0.01250,0.02084
0.27001,0.01487,0.01904,0.01298,0.03660,0.20583,0.02232,0.08214,0.01267,0.06222,0.01093,0.19848,0.00557,0.00837,0.01607,0.00665,0.01524
0.03702,0.03135,0.02757,0.08722,0.04882,0.25241,0.03402,0.03745,0.04355,0.06005,0.00894,0.01285,0.03011,0.02744,0.24013,0.01269,0.00835
0.04547,0.04420,0.18585,0.02512,0.02868,0.11336,0.20494,0.02424,0.04488,0.04658,0.01048,0.03727,0.01587,0.02756,0.11177,0.01281,0.02093
0.02846,0.17747,0.12136,0.04085,0.06254,0.07979,0.02709,0.00967,0.04099,0.21325,0.06418,0.00994,0.02127,0.01415,0.07001,0.00991,0.00908
0.10812,0.02187,0.01885,0.03066,0.05780,0.27056,0.01844,0.06807,0.03328,0.25110,0.02242,0.01969,0.01667,0.00746,0.03071,0.01686,0.00745
0.01784,0.08993,0.02049,0.14132,0.09189,0.05501,0.03015,0.08031,0.20065,0.03848,0.01146,0.01589,0.06352,0.07803,0.03036,0.01183,0.02284
0.05525,0.07269,0.08605,0.05027,0.04167,0.16940,0.13553,0.02607,0.02392,0.11184,0.00736,0.02418,0.01757,0.01072,0.14157,0.01643,0.00947
0.01868,0.12208,0.23688,0.03617,0.01986,0.02539,0.24478,0.02204,0.01983,0.14185,0.02172,0.02175,0.01730,0.01568,0.01225,0.00456,0.01920
0.04807,0.01033,0.01536,0.01588,0.06576,0.31927,0.01787,0.02442,0.00988,0.03614,0.01262,0.01553,0.01282,0.01654,0.36028,0.00587,0.01338
0.03565,0.06610,0.06987,0.04667,0.10913,0.14972,0.03872,0.04716,0.04461,0.10238,0.02781,0.03079,0.03141,0.03004,0.13968,0.01036,0.01989
0.05167,0.13641,0.06241,0.04228,0.06886,0.06788,0.05893,0.04981,0.04004,0.17050,0.02049,0.07911,0.02514,0.01796,0.05962,0.02217,0.02673
0.03873,0.07253,0.04159,0.05432,0.13887,0.08574,0.04723,0.08393,0.03858,0.08117,0.01460,0.04538,0.03015,0.06103,0.08689,0.04684,0.03243
0.02385,0.02090,0.01286,0.03038,0.21860,0.05469,0.02340,0.19091,0.16919,0.02805,0.00748,0.01385,0.14224,0.01769,0.02727,0.01148,0.00715
0.01073,0.10542,0.02012,0.07838,0.04831,0.13620,0.05533,0.04250,0.02804,0.11652,0.01059,0.06404,0.03232,0.03748,0.17220,0.02242,0.01941
0.02954,0.12746,0.05804,0.03322,0.01946,0.14272,0.08465,0.02542,0.02137,0.16224,0.01053,0.04906,0.02090,0.01966,0.16564,0.01318,0.01689
0.01710,0.06638,0.04961,0.01615,0.02363,0.02912,0.02099,0.02636,0.28074,0.04507,0.02570,0.02894,0.26049,0.06013,0.01997,0.01091,0.01868
0.07063,0.15900,0.04452,0.05163,0.09883,0.07132,0.03284,0.02422,0.04346,0.20385,0.02095,0.01055,0.04389,0.01182,0.07324,0.01457,0.02467
0.03788,0.01443,0.15625,0.03652,0.07350,0.06448,0.17036,0.12527,0.02094,0.03251,0.05026,0.07712,0.04108,0.02378,0.03469,0.01622,0.02471
0.26454,0.02591,0.02336,0.01527,0.02383,0.23591,0.02006,0.02002,0.04822,0.06924,0.02959,0.13107,0.02140,0.01560,0.03407,0.00659,0.01533
0.02017,0.03432,0.06908,0.03341,0.04364,0.23245,0.06192,0.03023,0.02559,0.03935,0.02487,0.01147,0.01791,0.02438,0.23561,0.04785,0.04774
0.02704,0.05678,0.04568,0.06241,0.14642,0.10609,0.06618,0.12954,0.06619,0.06571,0.02603,0.02942,0.02048,0.00875,0.11460,0.00744,0.02122
0.01214,0.08636,0.03193,0.04020,0.03777,0.23764,0.03453,0.02388,0.00754,0.10753,0.02437,0.02204,0.01825,0.00799,0.26010,0.04061,0.00712
0.07007,0.05981,0.14838,0.02586,0.09148,0.09331,0.13198,0.05708,0.01900,0.10010,0.03426,0.06019,0.01700,0.02044,0.03619,0.01277,0.02205
0.01738,0.31989,0.01966,0.03544,0.01964,0.03667,0.01920,0.02745,0.02837,0.02982,0.00514,0.03279,0.01256,0.27963,0.05580,0.05051,0.01008
0.01935,0.30635,0.01038,0.04510,0.08618,0.03029,0.01516,0.04957,0.03183,0.01695,0.00784,0.01870,0.03096,0.26317,0.03428,0.02599,0.00786
0.05707,0.08660,0.04055,0.02383,0.06959,0.13394,0.04226,0.07425,0.02204,0.11298,0.06440,0.04861,0.01393,0.02730,0.11304,0.04212,0.02747
0.01420,0.07370,0.10508,0.02953,0.11609,0.13892,0.03624,0.03667,0.04096,0.07706,0.05002,0.02776,0.04397,0.02235,0.15998,0.00817,0.01929
0.04321,0.07445,0.04778,0.02739,0.02443,0.18835,0.02845,0.03462,0.02177,0.07927,0.04028,0.05238,0.01652,0.04929,0.21309,0.04186,0.01687
0.01675,0.18974,0.05352,0.07901,0.04409,0.08074,0.07920,0.02815,0.03100,0.21947,0.02020,0.01429,0.01742,0.00981,0.08298,0.01894,0.01469
0.03869,0.07582,0.06516,0.02955,0.01064,0.20399,0.09218,0.02205,0.02714,0.08671,0.00862,0.06176,0.01985,0.03167,0.20973,0.00598,0.01044
0.02420,0.04781,0.13574,0.06133,0.04925,0.12785,0.06618,0.05191,0.01730,0.06065,0.13277,0.02497,0.00805,0.01189,0.11978,0.02905,0.03127
0.01472,0.11506,0.12728,0.07852,0.09423,0.03103,0.08079,0.04276,0.05665,0.14997,0.07772,0.01706,0.02931,0.01140,0.02657,0.01818,0.02875
0.04830,0.08206,0.05326,0.07820,0.02699,0.14982,0.04640,0.02926,0.04801,0.07369,0.03181,0.03730,0.02954,0.03688,0.18926,0.02007,0.01913
0.03179,0.09673,0.03152,0.03264,0.02961,0.04747,0.02631,0.02907,0.20689,0.03342,0.08410,0.01487,0.19141,0.08360,0.03818,0.00899,0.01338
0.02733,0.09242,0.02273,0.03666,0.08233,0.11507,0.02747,0.11443,0.02179,0.12242,0.01409,0.08627,0.01471,0.09062,0.10464,0.00799,0.01902
0.02839,0.07574,0.13253,0.07812,0.07601,0.04496,0.14672,0.04506,0.06452,0.10950,0.03649,0.02290,0.01869,0.01302,0.02683,0.01508,0.06542
0.06614,0.02333,0.18770,0.02897,0.03398,0.10144,0.11000,0.06162,0.01692,0.02893,0.11579,0.06346,0.00897,0.02226,0.09229,0.01140,0.02679
0.02961,0.06611,0.15487,0.04389,0.10877,0.05463,0.18176,0.07031,0.02938,0.07590,0.04890,0.04801,0.01244,0.00941,0.04118,0.01096,0.01386
0.01543,0.33118,0.03352,0.02527,0.04094,0.03373,0.03114,0.01946,0.03035,0.02576,0.01640,0.02349,0.03073,0.29780,0.02523,0.01299,0.00659
0.03382,0.01310,0.12949,0.04148,0.03911,0.16787,0.16153,0.04129,0.02999,0.01468,0.03427,0.05425,0.01623,0.02044,0.17223,0.00942,0.02080
0.02730,0.09092,0.17038,0.03799,0.08624,0.11108,0.02839,0.01896,0.01715,0.10079,0.10097,0.02658,0.01822,0.02003,0.10999,0.01178,0.02324
0.16265,0.04845,0.03053,0.02923,0.01755,0.30044,0.02153,0.01699,0.01646,0.20884,0.02469,0.03095,0.00916,0.02565,0.03168,0.01094,0.01428
0.01399,0.02483,0.15282,0.02886,0.11159,0.12511,0.18170,0.11421,0.01412,0.02409,0.01987,0.02413,0.00741,0.01636,0.10404,0.00624,0.03061
0.02779,0.08572,0.01766,0.01478,0.01595,0.28498,0.02408,0.01743,0.00960,0.08361,0.02449,0.01444,0.01688,0.01500,0.30552,0.02500,0.01708
0.00980,0.19847,0.01459,0.03382,0.12865,0.04145,0.04086,0.12518,0.02067,0.23040,0.01910,0.02149,0.03435,0.01060,0.04204,0.00983,0.01869
0.06584,0.11480,0.08202,0.02721,0.01640,0.15280,0.09313,0.02549,0.02531,0.14160,0.02072,0.01594,0.01967,0.01132,0.14240,0.01326,0.03210
0.17655,0.02751,0.02534,0.02420,0.02221,0.22516,0.03485,0.01987,0.03142,0.25879,0.04073,0.02481,0.02182,0.02837,0.01574,0.00469,0.01793
0.02300,0.05353,0.04266,0.05721,0.10394,0.14054,0.04110,0.07797,0.01151,0.06194,0.03290,0.05982,0.00931,0.07334,0.17261,0.02443,0.01417
0.03094,0.17408,0.02324,0.03195,0.02662,0.16356,0.03111,0.01660,0.02382,0.17857,0.01591,0.01376,0.01779,0.02413,0.19526,0.01413,0.01853
0.01688,0.08590,0.11558,0.06306,0.02583,0.07524,0.10510,0.04879,0.05878,0.08942,0.03618,0.05904,0.03044,0.03230,0.08721,0.01984,0.05043
0.02289,0.05618,0.03814,0.05187,0.11432,0.16392,0.08457,0.08019,0.02540,0.07281,0.01536,0.02832,0.00792,0.01737,0.18282,0.01305,0.02488
0.01745,0.10034,0.08114,0.03308,0.02194,0.16215,0.08764,0.05160,0.01414,0.10826,0.00958,0.05393,0.03610,0.01832,0.17876,0.01619,0.00936
0.02252,0.04014,0.01942,0.08605,0.03032,0.04407,0.01506,0.01139,0.33715,0.03184,0.01064,0.01094,0.25185,0.02197,0.01935,0.02141,0.02589
0.02619,0.04355,0.13650,0.03788,0.09480,0.18565,0.02192,0.01688,0.01913,0.05056,0.07547,0.01314,0.02926,0.00724,0.21388,0.01411,0.01385
0.03314,0.02980,0.11033,0.07197,0.07635,0.17528,0.07323,0.02545,0.02792,0.04762,0.01960,0.01425,0.02350,0.03130,0.17268,0.01320,0.05438
0.00829,0.09675,0.02201,0.07178,0.05236,0.19844,0.04386,0.03686,0.03620,0.12738,0.01901,0.01579,0.02174,0.01369,0.21479,0.00528,0.01577
0.04413,0.12830,0.03675,0.02429,0.03564,0.20024,0.02106,0.00943,0.03503,0.14838,0.02011,0.01243,0.00956,0.01192,0.23766,0.00740,0.01767
0.02062,0.02483,0.18300,0.04311,0.10353,0.05720,0.20245,0.09969,0.00826,0.04862,0.04454,0.07624,0.01325,0.01730,0.03723,0.00822,0.01189
0.07262,0.16213,0.12295,0.02686,0.06961,0.03008,0.04969,0.05102,0.01589,0.11147,0.05880,0.10674,0.03348,0.04910,0.02178,0.00771,0.01006
0.03165,0.11090,0.22979,0.05673,0.08389,0.04524,0.03520,0.01330,0.01521,0.13946,0.13982,0.02206,0.01348,0.00584,0.03157,0.00816,0.01771
0.03065,0.02516,0.10560,0.01638,0.26459,0.06295,0.05948,0.18673,0.00962,0.03335,0.05068,0.04809,0.01855,0.01104,0.04957,0.00829,0.01926
0.02317,0.20526,0.05250,0.05784,0.05502,0.06160,0.05209,0.02753,0.03682,0.19849,0.01891,0.03845,0.02131,0.05908,0.05644,0.01173,0.02375
0.02464,0.01728,0.17750,0.03366,0.05248,0.17052,0.02261,0.02440,0.04256,0.03365,0.13305,0.03303,0.02354,0.03235,0.15947,0.00592,0.01334
0.03169,0.07468,0.03669,0.02784,0.04226,0.08406,0.03049,0.03137,0.21404,0.04554,0.02863,0.02906,0.19737,0.03160,0.06085,0.01222,0.02158
0.04647,0.01847,0.08705,0.03353,0.05882,0.16395,0.08398,0.02847,0.03743,0.01762,0.07691,0.08676,0.02061,0.00876,0.18447,0.01251,0.03419
0.01456,0.10078,0.14417,0.05567,0.12268,0.04432,0.04344,0.09499,0.02171,0.10283,0.10937,0.02093,0.04844,0.01783,0.03893,0.00595,0.01342
0.01651,0.14415,0.05888,0.04458,0.16985,0.03967,0.05393,0.14085,0.01322,0.16468,0.02288,0.03591,0.00907,0.02082,0.03809,0.01250,0.01440
0.03197,0.09442,0.10682,0.04243,0.03949,0.06224,0.06805,0.06387,0.05315,0.12897,0.13088,0.04945,0.01773,0.01317,0.04863,0.02365,0.02507
0.19776,0.05566,0.06185,0.01339,0.02386,0.14989,0.03683,0.02854,0.03122,0.27487,0.02665,0.01530,0.01091,0.03563,0.01864,0.00671,0.01227
0.03297,0.11709,0.05521,0.03176,0.02525,0.18109,0.04335,0.01662,0.02796,0.06652,0.03968,0.02704,0.01947,0.05851,0.20910,0.01520,0.03319
0.16985,0.05739,0.01429,0.01927,0.06193,0.09794,0.01362,0.08642,0.02254,0.19687,0.01337,0.08128,0.04752,0.06643,0.02097,0.01717,0.01313
0.04695,0.03400,0.01881,0.05522,0.04686,0.08037,0.03614,0.03771,0.20032,0.05276,0.01205,0.00947,0.21520,0.01339,0.10227,0.02654,0.01196
0.02570,0.02454,0.17601,0.03920,0.09330,0.09365,0.13655,0.11078,0.02193,0.05294,0.08059,0.01621,0.00508,0.01544,0.05685,0.00934,0.04187
0.01562,0.04633,0.06226,0.03197,0.27132,0.04154,0.04231,0.26374,0.01591,0.06600,0.02840,0.05273,0.00865,0.00556,0.02043,0.00842,0.01883
0.01254,0.12011,0.14191,0.01937,0.02630,0.15154,0.02803,0.01922,0.01091,0.08909,0.10539,0.02319,0.01903,0.05507,0.16300,0.00623,0.00909
0.10037,0.02990,0.02626,0.01700,0.15620,0.11627,0.01322,0.16765,0.01310,0.12110,0.06415,0.04944,0.00999,0.04692,0.02784,0.02095,0.01966
0.04612,0.14382,0.10517,0.02496,0.04035,0.05223,0.07162,0.04288,0.01937,0.16316,0.06635,0.07309,0.01120,0.03646,0.04717,0.02859,0.02745
0.04958,0.26682,0.07724,0.01679,0.02330,0.03453,0.05280,0.02612,0.00899,0.27029,0.01591,0.04463,0.01055,0.05551,0.02696,0.00604,0.01394
0.01431,0.12154,0.03251,0.11297,0.02863,0.11011,0.09605,0.04755,0.04553,0.14816,0.00744,0.03214,0.01673,0.01114,0.13195,0.02751,0.01572
0.02041,0.05290,0.13592,0.03469,0.04247,0.18094,0.05308,0.02075,0.00770,0.06280,0.10265,0.03378,0.01031,0.02326,0.20265,0.00880,0.00690
0.02690,0.03384,0.22648,0.04005,0.05277,0.03738,0.23688,0.04922,0.02436,0.04122,0.03021,0.07320,0.01700,0.03427,0.04445,0.01084,0.02093
0.04361,0.03930,0.01640,0.03831,0.25094,0.09927,0.03104,0.21393,0.05157,0.09009,0.01941,0.02005,0.01519,0.01875,0.02376,0.01012,0.01827
0.01925,0.07322,0.02055,0.03273,0.24573,0.09361,0.03798,0.22086,0.01546,0.07038,0.00902,0.01775,0.00922,0.02978,0.08632,0.00642,0.01173
0.06772,0.11116,0.04876,0.03892,0.02452,0.13061,0.04365,0.03166,0.02297,0.15295,0.06335,0.03656,0.04421,0.02388,0.08438,0.02810,0.04660
0.11406,0.03662,0.01516,0.07050,0.12221,0.13893,0.03632,0.13586,0.04529,0.10000,0.01124,0.10219,0.02422,0.01125,0.01781,0.01149,0.00684
0.02017,0.13978,0.11685,0.02097,0.08165,0.12111,0.01685,0.01715,0.00898,0.17094,0.07160,0.02412,0.01854,0.01932,0.11855,0.02350,0.00992
0.02137,0.03146,0.10101,0.04655,0.07865,0.12780,0.05247,0.16569,0.01672,0.03106,0.07148,0.04067,0.03422,0.01675,0.11522,0.00321,0.04568
0.20276,0.02448,0.01599,0.02010,0.03766,0.21865,0.01407,0.05419,0.02308,0.13506,0.02284,0.09468,0.04850,0.02349,0.01905,0.01724,0.02818
0.04287,0.12347,0.13045,0.03223,0.04185,0.07688,0.05334,0.02972,0.02589,0.15324,0.10633,0.04077,0.01708,0.02736,0.06682,0.00897,0.02273
0.20715,0.02599,0.03682,0.03754,0.02319,0.26820,0.03119,0.02238,0.02954,0.11589,0.02855,0.06149,0.01130,0.02595,0.03556,0.01067,0.02862
0.04046,0.09356,0.13257,0.03505,0.05305,0.07471,0.07415,0.06056,0.02469,0.10513,0.09424,0.05814,0.01666,0.01989,0.07669,0.00860,0.03185
0.03897,0.21634,0.05142,0.03278,0.03940,0.04798,0.04088,0.05457,0.03854,0.25957,0.04428,0.03697,0.02025,0.02282,0.02596,0.01422,0.01504
0.01304,0.01375,0.13465,0.03284,0.23277,0.05419,0.11092,0.15555,0.01988,0.01888,0.07416,0.02995,0.01244,0.01265,0.05532,0.00684,0.02217
0.01566,0.03975,0.08716,0.03769,0.03226,0.21813,0.11326,0.03552,0.01414,0.04221,0.01686,0.04226,0.00731,0.01677,0.24940,0.01536,0.01628
0.06629,0.05883,0.08091,0.03053,0.03009,0.22404,0.03659,0.03332,0.01313,0.07826,0.05141,0.02333,0.02021,0.01348,0.22205,0.00437,0.01315
0.02812,0.11608,0.18820,0.02738,0.04018,0.05482,0.02296,0.05881,0.01840,0.12630,0.17114,0.02507,0.02550,0.02220,0.04297,0.00665,0.02523
0.04870,0.18271,0.08909,0.02655,0.03515,0.07571,0.03734,0.01365,0.02804,0.17725,0.08980,0.04650,0.01726,0.02493,0.08475,0.00843,0.01412
0.04432,0.12130,0.01690,0.02075,0.01460,0.07544,0.01636,0.02521,0.19076,0.02957,0.01864,0.02749,0.18918,0.11163,0.05386,0.02001,0.02399
0.01113,0.04134,0.04594,0.13650,0.05151,0.10149,0.04386,0.18484,0.05015,0.02730,0.01406,0.12575,0.01022,0.02638,0.10146,0.01328,0.01479
0.02829,0.10120,0.02830,0.03597,0.05751,0.18162,0.03023,0.05822,0.01505,0.12457,0.05289,0.02613,0.01349,0.01607,0.18325,0.02364,0.02357
0.01037,0.01695,0.03597,0.24902,0.01459,0.02583,0.03705,0.01698,0.38621,0.01976,0.01440,0.01529,0.10181,0.00773,0.02102,0.01538,0.01163
0.02281,0.02624,0.15783,0.08884,0.05177,0.02829,0.15525,0.03669,0.07876,0.03187,0.10049,0.07777,0.04736,0.02093,0.02196,0.01936,0.03379
0.02001,0.20984,0.05046,0.04318,0.04192,0.06959,0.03382,0.03654,0.01254,0.24678,0.05309,0.01954,0.02748,0.02835,0.07937,0.00961,0.01790
0.02492,0.11963,0.10603,0.07116,0.04608,0.05793,0.10620,0.03557,0.04439,0.16137,0.03358,0.02499,0.04084,0.01867,0.04510,0.01775,0.04577
0.01881,0.10330,0.12852,0.05548,0.06965,0.07986,0.06561,0.06339,0.01965,0.12383,0.06802,0.05790,0.01317,0.01325,0.08896,0.00859,0.02200
0.02541,0.12221,0.21539,0.02712,0.09139,0.04429,0.10212,0.03318,0.00847,0.17422,0.08046,0.02283,0.00759,0.00866,0.02097,0.00685,0.00886
0.21431,0.01479,0.03344,0.01566,0.05475,0.33811,0.02349,0.01777,0.00717,0.14453,0.01266,0.04633,0.00649,0.00826,0.05090,0.00281,0.00853
0.04134,0.14041,0.15180,0.03429,0.04735,0.03896,0.12647,0.02716,0.04619,0.12263,0.04258,0.04168,0.02738,0.03286,0.03939,0.01994,0.01957
0.03621,0.15038,0.06370,0.03540,0.01350,0.16192,0.07928,0.01953,0.01150,0.17370,0.00993,0.02073,0.01036,0.01333,0.17021,0.01407,0.01625
0.00771,0.32187,0.02183,0.05042,0.02203,0.04000,0.02017,0.01692,0.02926,0.35875,0.01304,0.00990,0.01476,0.01257,0.04187,0.00828,0.01062
0.17288,0.02266,0.01092,0.15829,0.04902,0.11547,0.10406,0.02734,0.03931,0.17500,0.00619,0.02481,0.01485,0.00907,0.02962,0.01773,0.02280
0.01820,0.01732,0.00955,0.19290,0.03454,0.25130,0.11835,0.02272,0.06072,0.21783,0.00420,0.01936,0.00418,0.00698,0.00901,0.00295,0.00990
0.04689,0.04765,0.14163,0.01059,0.13472,0.09171,0.02572,0.12221,0.01396,0.10128,0.12391,0.01948,0.02271,0.02146,0.04372,0.00621,0.02614
0.02825,0.03382,0.10288,0.04041,0.10683,0.12713,0.02760,0.08483,0.05914,0.02791,0.07641,0.02037,0.01853,0.02773,0.13629,0.00911,0.07273
0.03342,0.08575,0.18475,0.03054,0.11388,0.08146,0.04071,0.04959,0.01556,0.11816,0.09589,0.03229,0.01041,0.01371,0.07120,0.00831,0.01436
0.22745,0.03267,0.01572,0.02167,0.03514,0.15729,0.06272,0.06750,0.01362,0.04990,0.01261,0.22425,0.01387,0.00881,0.03214,0.00898,0.01568
0.02503,0.08933,0.05601,0.09125,0.15958,0.03275,0.12377,0.12864,0.01519,0.11403,0.01051,0.05568,0.01068,0.01373,0.02843,0.01085,0.03453
0.03985,0.11546,0.08921,0.03610,0.03298,0.14201,0.03132,0.03755,0.02668,0.09401,0.07067,0.02112,0.00878,0.03354,0.14980,0.02715,0.04376
0.24361,0.01628,0.02814,0.01540,0.01620,0.29209,0.02481,0.01151,0.02455,0.11568,0.01816,0.11789,0.01269,0.01008,0.03109,0.00800,0.01383
0.01112,0.17163,0.04728,0.04641,0.06774,0.14865,0.01707,0.01539,0.02142,0.17999,0.02100,0.02312,0.01625,0.01898,0.17568,0.00822,0.01004
0.13596,0.02237,0.05162,0.02698,0.02921,0.26282,0.05546,0.02058,0.02452,0.18357,0.02001,0.03830,0.03357,0.02591,0.02710,0.01550,0.02651
0.02475,0.05675,0.14303,0.05456,0.02899,0.12875,0.07652,0.02367,0.04506,0.06872,0.11498,0.03465,0.01927,0.01215,0.13275,0.00784,0.02755
0.01880,0.07060,0.01653,0.06930,0.11890,0.02785,0.01113,0.10728,0.23687,0.02738,0.00982,0.01853,0.18638,0.02889,0.01880,0.01330,0.01962
0.01826,0.03930,0.04132,0.01935,0.04418,0.05713,0.01877,0.02416,0.28136,0.05937,0.01266,0.01462,0.31392,0.00641,0.03373,0.00830,0.00715
0.03818,0.04025,0.03247,0.01849,0.22966,0.12679,0.02755,0.19007,0.01570,0.06252,0.02416,0.02482,0.01248,0.01356,0.12035,0.00655,0.01640
0.02884,0.11167,0.03305,0.02603,0.06591,0.17437,0.03533,0.06329,0.02372,0.17008,0.00897,0.03192,0.01887,0.01308,0.16799,0.01025,0.01663
0.04035,0.09894,0.05694,0.04122,0.16443,0.09342,0.03648,0.11429,0.01159,0.16052,0.02372,0.02372,0.02396,0.01077,0.06122,0.02076,0.01769
0.05376,0.13523,0.04777,0.04400,0.09135,0.09805,0.04790,0.09985,0.01762,0.16650,0.03536,0.03135,0.00972,0.01681,0.08207,0.00793,0.01472
0.02301,0.06112,0.03979,0.09562,0.04869,0.15980,0.10355,0.02521,0.02503,0.08338,0.02060,0.03280,0.05940,0.00731,0.17923,0.01585,0.01959
0.03835,0.03131,0.04238,0.02227,0.14860,0.16364,0.07004,0.14482,0.01065,0.05751,0.01358,0.05379,0.00794,0.02710,0.15087,0.00726,0.00988
0.04588,0.15246,0.10409,0.03226,0.03313,0.08652,0.08499,0.03485,0.03412,0.16213,0.03810,0.02272,0.02729,0.01514,0.08905,0.01356,0.02370
0.04250,0.05366,0.06305,0.06869,0.03625,0.14334,0.08491,0.04912,0.03076,0.06867,0.01578,0.07335,0.02371,0.04303,0.16544,0.01322,0.02452
0.00811,0.24846,0.02717,0.03583,0.01397,0.01475,0.02111,0.01777,0.01033,0.01934,0.01413,0.01164,0.00918,0.19934,0.18870,0.15457,0.00561
0.03241,0.21893,0.02195,0.01685,0.03790,0.10930,0.03137,0.05206,0.00956,0.25595,0.01793,0.01807,0.01049,0.02366,0.11649,0.01369,0.01339
0.10522,0.04188,0.04032,0.03134,0.13214,0.16885,0.01592,0.12017,0.02298,0.18287,0.02649,0.01174,0.00919,0.04141,0.03087,0.00417,0.01447
0.04330,0.16637,0.10686,0.03547,0.02971,0.08212,0.12766,0.03584,0.01632,0.16051,0.02267,0.01921,0.00918,0.04571,0.07268,0.00497,0.02143
0.02916,0.04942,0.07873,0.03265,0.03804,0.22596,0.08187,0.02274,0.02872,0.03146,0.02524,0.02404,0.00951,0.02960,0.25754,0.00771,0.02761
0.13413,0.04533,0.03410,0.06735,0.07583,0.13211,0.08919,0.04718,0.04866,0.15528,0.02290,0.03770,0.02388,0.01124,0.05115,0.00935,0.01463
0.02626,0.03264,0.09668,0.02318,0.04936,0.04063,0.07850,0.03827,0.19435,0.01889,0.05649,0.02668,0.20074,0.01887,0.05648,0.02108,0.02090
0.04460,0.12114,0.11268,0.03697,0.05228,0.10973,0.05425,0.01928,0.01524,0.15618,0.07520,0.03103,0.01392,0.02200,0.11203,0.00896,0.01452
0.03808,0.19623,0.02663,0.04196,0.02662,0.12308,0.04261,0.03755,0.01503,0.28218,0.01459,0.01883,0.02556,0.01737,0.05831,0.01546,0.01993
0.03669,0.13058,0.15504,0.02392,0.08808,0.02433,0.02156,0.05827,0.04673,0.14385,0.11494,0.04940,0.04092,0.01733,0.02498,0.00956,0.01381
0.12943,0.01266,0.01695,0.01027,0.06805,0.32106,0.01321,0.06776,0.01037,0.20142,0.03925,0.03305,0.00835,0.01884,0.03865,0.00314,0.00754
0.03752,0.14174,0.08839,0.06341,0.05072,0.10901,0.04370,0.02492,0.01031,0.16536,0.05706,0.02697,0.01328,0.01452,0.10439,0.00701,0.04170
0.04531,0.10716,0.07908,0.09013,0.07615,0.05342,0.06307,0.04012,0.02718,0.14693,0.05443,0.02159,0.04237,0.01491,0.03796,0.02385,0.07635
0.02210,0.04708,0.07739,0.06059,0.08337,0.08394,0.11301,0.17024,0.01092,0.09548,0.02955,0.08489,0.01589,0.01610,0.05087,0.02283,0.01576
0.03095,0.02797,0.11046,0.01952,0.10542,0.22724,0.01613,0.02500,0.02962,0.03627,0.03975,0.01905,0.01539,0.00995,0.26596,0.00290,0.01843
0.02735,0.04740,0.10769,0.04221,0.19313,0.07657,0.02179,0.14981,0.02209,0.03024,0.06550,0.02273,0.01426,0.03027,0.07448,0.02260,0.05187
0.03177,0.06335,0.03681,0.01657,0.02244,0.16527,0.03534,0.05165,0.01036,0.07595,0.05785,0.12240,0.00643,0.08466,0.19493,0.01050,0.01372
0.19021,0.02102,0.03605,0.02672,0.02724,0.19536,0.04425,0.04058,0.03393,0.15817,0.01514,0.04252,0.08381,0.01554,0.02158,0.00964,0.03824
0.04035,0.06267,0.13227,0.10752,0.04296,0.03767,0.22259,0.04882,0.03906,0.09723,0.01345,0.04776,0.04499,0.01392,0.02661,0.00876,0.01335
0.02629,0.11339,0.06216,0.04006,0.07976,0.09992,0.04502,0.08682,0.01672,0.13936,0.08705,0.02369,0.00852,0.03244,0.08494,0.01236,0.04150
0.02296,0.09840,0.15054,0.08513,0.09616,0.07294,0.07033,0.02718,0.01994,0.11471,0.05753,0.03347,0.01586,0.02613,0.07401,0.01399,0.02071
0.03464,0.09260,0.08718,0.04776,0.10206,0.10352,0.09902,0.09907,0.01037,0.11840,0.01138,0.03550,0.00983,0.01222,0.08222,0.01822,0.03600
0.01908,0.10821,0.01775,0.12807,0.07195,0.03953,0.01600,0.07725,0.21380,0.01985,0.01792,0.02298,0.08644,0.08170,0.04514,0.01748,0.01685
0.01580,0.03796,0.16879,0.06087,0.04948,0.11847,0.21865,0.05197,0.02625,0.05750,0.01728,0.03920,0.01202,0.01377,0.09025,0.01200,0.00974
0.01921,0.04419,0.10537,0.06122,0.01924,0.15977,0.11323,0.09422,0.02608,0.05212,0.01725,0.04837,0.01857,0.01496,0.16488,0.01552,0.02578
0.06474,0.01197,0.03743,0.01134,0.01146,0.39114,0.02310,0.01109,0.01104,0.30358,0.03139,0.01452,0.00770,0.01029,0.04692,0.00444,0.00787
0.02216,0.07980,0.09440,0.06655,0.14520,0.03127,0.11670,0.13628,0.05467,0.09115,0.03086,0.02082,0.03341,0.00983,0.02399,0.01062,0.03230
0.02211,0.03155,0.12887,0.13984,0.18728,0.04185,0.06539,0.04085,0.03530,0.03150,0.05490,0.07566,0.02697,0.02180,0.04017,0.02693,0.02902
0.02063,0.02098,0.02390,0.21537,0.02265,0.05401,0.07071,0.02648,0.31058,0.03176,0.00797,0.01892,0.09245,0.01717,0.02916,0.01443,0.02284
0.01566,0.03054,0.03986,0.05541,0.03140,0.03297,0.05515,0.02046,0.34188,0.03807,0.01099,0.01902,0.24157,0.01804,0.02630,0.00891,0.01374
0.14950,0.02076,0.03872,0.06603,0.03513,0.21448,0.05257,0.02636,0.02708,0.19712,0.02595,0.02472,0.05001,0.00791,0.03118,0.00655,0.02592
0.03551,0.05767,0.04458,0.06070,0.08923,0.17032,0.06840,0.04207,0.04965,0.07321,0.03209,0.02475,0.01712,0.00612,0.18127,0.00912,0.03818
0.04424,0.08425,0.01999,0.08515,0.05347,0.19836,0.03944,0.01800,0.02426,0.09164,0.01185,0.03034,0.01088,0.03539,0.18180,0.00839,0.06253
0.02060,0.19168,0.13714,0.03321,0.03467,0.05012,0.03057,0.02758,0.01754,0.20306,0.11376,0.02424,0.00981,0.01872,0.06661,0.01147,0.00924
0.04831,0.04429,0.23191,0.03797,0.06134,0.04331,0.02686,0.06678,0.04342,0.05960,0.21665,0.02824,0.01279,0.02447,0.01871,0.00630,0.02904
0.03369,0.14923,0.09957,0.04947,0.09706,0.05080,0.03356,0.02645,0.02660,0.17105,0.05810,0.02310,0.03394,0.01507,0.05850,0.01874,0.05507
0.01998,0.07390,0.20548,0.02168,0.02250,0.10179,0.04748,0.01779,0.01543,0.05043,0.18253,0.02641,0.01939,0.00787,0.15864,0.01775,0.01095
0.03395,0.02778,0.19777,0.03924,0.06278,0.09914,0.20816,0.05492,0.03383,0.03601,0.04692,0.02546,0.01254,0.01760,0.08198,0.00967,0.01224
0.01740,0.03418,0.20505,0.02354,0.10285,0.04196,0.06778,0.09896,0.02554,0.03915,0.21525,0.02107,0.02051,0.01542,0.03060,0.01587,0.02486
0.03478,0.08746,0.09641,0.03705,0.08454,0.15534,0.02092,0.02289,0.03624,0.09621,0.06148,0.01689,0.02406,0.02123,0.17378,0.01274,0.01797
0.02346,0.02263,0.08859,0.04021,0.08930,0.19795,0.11800,0.07140,0.01928,0.03586,0.00492,0.02656,0.01199,0.01715,0.21103,0.01174,0.00993
0.02492,0.14409,0.14901,0.04352,0.02578,0.07281,0.14405,0.02054,0.01730,0.17152,0.04194,0.01303,0.02037,0.01856,0.06026,0.00556,0.02674
0.09760,0.10954,0.03327,0.02937,0.04773,0.17919,0.02834,0.02062,0.02915,0.15297,0.01116,0.03115,0.01462,0.01855,0.12933,0.01791,0.04951
0.02491,0.06225,0.18320,0.03201,0.04190,0.11584,0.20632,0.01973,0.00830,0.07266,0.01831,0.03643,0.01261,0.01384,0.11801,0.02233,0.01136
0.02795,0.13039,0.12392,0.05002,0.05249,0.03093,0.11358,0.07783,0.01580,0.14271,0.07906,0.04857,0.02259,0.02631,0.02222,0.00836,0.02727
0.03806,0.05901,0.05517,0.04026,0.04361,0.04361,0.05595,0.02947,0.17357,0.05939,0.03027,0.03262,0.17835,0.02267,0.07256,0.03688,0.02855
0.04241,0.02206,0.05587,0.08442,0.04037,0.29549,0.06386,0.01667,0.01125,0.21453,0.01929,0.00717,0.00414,0.00745,0.07902,0.02566,0.01034
0.07769,0.01793,0.09112,0.02625,0.02400,0.18909,0.03467,0.02113,0.02418,0.01999,0.15484,0.04735,0.01774,0.01286,0.20305,0.00393,0.03417
0.17838,0.01573,0.02175,0.02535,0.02848,0.30245,0.02318,0.04096,0.01428,0.15952,0.01066,0.05431,0.01949,0.03005,0.02415,0.01110,0.04017
0.02254,0.02006,0.17717,0.03778,0.04807,0.03981,0.07817,0.05386,0.05600,0.04363,0.29451,0.01323,0.06276,0.00731,0.02258,0.00859,0.01391
0.05998,0.09075,0.23708,0.02767,0.02725,0.03144,0.15646,0.01843,0.01786,0.13037,0.08605,0.02839,0.03776,0.00812,0.01936,0.00360,0.01942
0.05126,0.02220,0.10852,0.03222,0.04289,0.18983,0.13135,0.02652,0.01841,0.04935,0.02229,0.03528,0.01308,0.03737,0.19284,0.01013,0.01647
0.02611,0.05331,0.17797,0.03523,0.05146,0.06322,0.16210,0.05134,0.02683,0.07046,0.10572,0.04789,0.03143,0.01967,0.04246,0.01322,0.02159
0.05279,0.07088,0.10715,0.07264,0.04045,0.12004,0.12835,0.02998,0.01601,0.10241,0.02268,0.02513,0.01855,0.01608,0.13727,0.01545,0.02415
0.04909,0.09163,0.19880,0.01691,0.01274,0.06786,0.19518,0.02293,0.03767,0.11271,0.02062,0.03439,0.02088,0.03137,0.04597,0.00922,0.03204
0.02898,0.10819,0.05315,0.05729,0.01688,0.16370,0.07591,0.02597,0.03199,0.13961,0.01103,0.03644,0.04094,0.03587,0.14502,0.01666,0.01239
0.01835,0.06244,0.11410,0.03232,0.01883,0.16257,0.01924,0.04654,0.01288,0.07921,0.09597,0.07313,0.03104,0.02215,0.15631,0.02215,0.03276
0.01537,0.28297,0.03719,0.06559,0.02384,0.04272,0.04304,0.01497,0.04894,0.33055,0.01193,0.02113,0.00481,0.01256,0.02966,0.00738,0.00735
0.04279,0.02742,0.16239,0.02681,0.13295,0.06972,0.20796,0.11827,0.02229,0.02596,0.01403,0.03727,0.02392,0.01273,0.04510,0.00682,0.02357
0.03670,0.10794,0.17822,0.02205,0.04711,0.02383,0.11783,0.05715,0.03182,0.12524,0.12058,0.03892,0.01961,0.02535,0.01581,0.01510,0.01673
0.03754,0.08831,0.08532,0.06610,0.05276,0.05361,0.08276,0.07401,0.03147,0.10221,0.02617,0.08172,0.02352,0.03951,0.04834,0.01452,0.09214
0.03626,0.02552,0.01430,0.04702,0.17805,0.13036,0.09675,0.15027,0.04194,0.11631,0.02081,0.02316,0.03553,0.01582,0.02618,0.02574,0.01596
0.13257,0.01825,0.04067,0.01711,0.03239,0.28414,0.04773,0.03247,0.01288,0.18321,0.03111,0.04241,0.01155,0.02868,0.03831,0.01367,0.03284
0.01180,0.10645,0.05197,0.13191,0.09963,0.06527,0.06609,0.05952,0.04689,0.09410,0.02213,0.04610,0.03464,0.02316,0.08826,0.01793,0.03416
0.02157,0.06376,0.03807,0.02994,0.02208,0.26895,0.03218,0.01213,0.02336,0.07440,0.03033,0.01696,0.01984,0.00857,0.30642,0.00989,0.02155
0.30645,0.01498,0.01744,0.02416,0.04463,0.03317,0.01874,0.04924,0.03206,0.14718,0.02016,0.03470,0.19081,0.00993,0.01869,0.00791,0.02977
0.11508,0.02623,0.01744,0.11044,0.11090,0.13351,0.05527,0.07578,0.04873,0.16730,0.01686,0.02561,0.03331,0.01251,0.01682,0.01243,0.02179
0.01430,0.15368,0.01983,0.04649,0.06933,0.14514,0.02426,0.06006,0.02300,0.18978,0.00767,0.02729,0.01128,0.02657,0.15153,0.01852,0.01127
0.08273,0.01772,0.01943,0.06287,0.02558,0.04906,0.10534,0.01296,0.25346,0.02844,0.01495,0.01527,0.25043,0.00608,0.03278,0.00922,0.01370
0.19085,0.03231,0.05935,0.02831,0.03533,0.16249,0.05167,0.02935,0.04395,0.25500,0.03573,0.01684,0.01508,0.00643,0.01635,0.00979,0.01119
0.01598,0.11235,0.02573,0.12694,0.01756,0.04982,0.05445,0.01531,0.06409,0.03367,0.02967,0.01585,0.05008,0.07780,0.17199,0.12241,0.01632
0.01566,0.05176,0.01991,0.03553,0.04249,0.06874,0.02530,0.02689,0.29705,0.07140,0.01013,0.01951,0.25414,0.01306,0.03328,0.00688,0.00828
0.02540,0.19186,0.02393,0.02417,0.15819,0.05148,0.02070,0.13693,0.02490,0.05238,0.01650,0.03409,0.01570,0.16034,0.02582,0.02022,0.01739
0.01306,0.09491,0.16746,0.07766,0.10813,0.03968,0.04555,0.07251,0.01059,0.05888,0.10724,0.02928,0.01072,0.03816,0.07287,0.01476,0.03856
0.01446,0.28607,0.02970,0.12429,0.01241,0.03056,0.02072,0.02296,0.10014,0.03204,0.02951,0.00879,0.01813,0.23956,0.01815,0.00522,0.00727
0.02857,0.04575,0.12702,0.06742,0.10099,0.07269,0.04999,0.11233,0.02467,0.05132,0.14439,0.03678,0.01196,0.02848,0.05816,0.00973,0.02977
0.01312,0.08223,0.04714,0.03435,0.15874,0.13221,0.04216,0.14792,0.01116,0.11001,0.02698,0.01495,0.01597,0.00939,0.11540,0.00846,0.02981
0.02215,0.13806,0.08319,0.09416,0.03813,0.04754,0.12180,0.04939,0.04420,0.18569,0.01579,0.05413,0.02289,0.02468,0.03033,0.01006,0.01784
0.02242,0.18870,0.02415,0.16627,0.02397,0.04077,0.03374,0.04448,0.13281,0.04187,0.01943,0.01831,0.02376,0.16380,0.01494,0.01407,0.02650
0.06123,0.25995,0.03787,0.03512,0.02942,0.05564,0.02856,0.01279,0.03027,0.31024,0.01726,0.01358,0.01289,0.01163,0.04575,0.00929,0.02852
0.01012,0.13072,0.01945,0.02600,0.05552,0.02983,0.01796,0.01080,0.24850,0.03785,0.00601,0.01451,0.25250,0.09597,0.02255,0.01023,0.01148
0.01097,0.32315,0.01532,0.03657,0.02463,0.05287,0.01375,0.01787,0.00782,0.37026,0.00848,0.01657,0.01623,0.01218,0.04557,0.00800,0.01976
0.04451,0.10048,0.11160,0.02542,0.04379,0.15780,0.02775,0.02541,0.01032,0.10627,0.05373,0.04676,0.01622,0.02818,0.17368,0.01218,0.01589
0.26424,0.01277,0.01925,0.03663,0.02970,0.27452,0.03680,0.02999,0.01274,0.06986,0.02452,0.11910,0.00417,0.01308,0.03026,0.01045,0.01190
0.01896,0.06298,0.12400,0.06821,0.11188,0.09921,0.16486,0.11256,0.02900,0.04917,0.01376,0.01505,0.01661,0.01395,0.07152,0.00749,0.02079
0.01651,0.06221,0.02260,0.12646,0.16943,0.03325,0.01541,0.15477,0.17951,0.02124,0.01205,0.01751,0.03437,0.07352,0.02277,0.01192,0.02648
0.02019,0.04569,0.07622,0.11047,0.17500,0.07487,0.05093,0.10122,0.04599,0.03098,0.04915,0.01969,0.01765,0.05908,0.08605,0.01605,0.02078
0.01688,0.06407,0.05520,0.07268,0.06836,0.12253,0.12566,0.04412,0.03567,0.08376,0.01490,0.07435,0.01878,0.02789,0.13522,0.01239,0.02755
0.01815,0.18598,0.04608,0.05630,0.02657,0.14296,0.03728,0.04490,0.01962,0.17594,0.02155,0.01826,0.01380,0.03250,0.14247,0.00458,0.01304
0.02261,0.05096,0.04794,0.04067,0.16966,0.07554,0.05333,0.13190,0.03553,0.07513,0.00863,0.01951,0.11422,0.00585,0.07729,0.04147,0.02978
0.02644,0.07335,0.16961,0.02259,0.06057,0.04396,0.19419,0.08685,0.01892,0.07918,0.01745,0.07172,0.01346,0.05882,0.03493,0.01491,0.01304
0.03678,0.15756,0.06670,0.02512,0.02381,0.06137,0.06011,0.02265,0.16354,0.05436,0.02010,0.01462,0.10200,0.12844,0.03180,0.01001,0.02105
0.01423,0.03830,0.07587,0.11554,0.13206,0.07179,0.15407,0.06392,0.02528,0.05011,0.03008,0.05940,0.01515,0.02694,0.06978,0.02776,0.02971
0.16449,0.03179,0.01721,0.09160,0.03248,0.17803,0.03271,0.03716,0.07946,0.07842,0.01412,0.09900,0.05472,0.01790,0.03794,0.01994,0.01301
0.01614,0.04151,0.14425,0.05525,0.06196,0.09411,0.05134,0.05547,0.03570,0.04912,0.14041,0.02639,0.05116,0.02397,0.09107,0.01781,0.04435
0.16449,0.03102,0.02225,0.02740,0.08507,0.16568,0.03005,0.08500,0.03759,0.19494,0.02858,0.02321,0.02944,0.01638,0.04214,0.00569,0.01107
0.03628,0.07070,0.08736,0.06042,0.04946,0.12518,0.09361,0.04552,0.02752,0.06828,0.04253,0.04906,0.01807,0.02509,0.13440,0.01738,0.04916
0.05335,0.09447,0.02539,0.04701,0.03950,0.17997,0.04019,0.03585,0.03059,0.11818,0.02129,0.01963,0.01630,0.00773,0.19556,0.01448,0.06051
0.05404,0.16393,0.15450,0.02120,0.01490,0.05656,0.16166,0.01525,0.01484,0.20354,0.01269,0.02258,0.02414,0.00898,0.05347,0.00988,0.00785
0.02424,0.19573,0.08143,0.04050,0.07244,0.08717,0.03454,0.02557,0.00971,0.22451,0.03946,0.01881,0.00773,0.01373,0.09815,0.01078,0.01550
0.02607,0.08524,0.03699,0.04368,0.06485,0.17583,0.11472,0.03945,0.02050,0.11661,0.01829,0.01824,0.00644,0.00726,0.19991,0.00824,0.01767
0.02046,0.03209,0.05576,0.03329,0.06032,0.22839,0.07359,0.05067,0.01533,0.06474,0.01350,0.04413,0.02110,0.02673,0.22669,0.01369,0.01952
0.02491,0.00851,0.08591,0.02704,0.12523,0.16950,0.07438,0.09517,0.04030,0.02771,0.01400,0.01881,0.05266,0.02109,0.16343,0.01620,0.03517
0.03807,0.31748,0.04520,0.02483,0.01529,0.02970,0.03849,0.01309,0.01255,0.35291,0.01676,0.02739,0.00930,0.01715,0.01726,0.01361,0.01091
0.00805,0.26553,0.02322,0.02488,0.01007,0.05466,0.01675,0.01669,0.06108,0.03132,0.04267,0.04530,0.05838,0.21923,0.06998,0.03700,0.01519
0.03830,0.10894,0.11327,0.04634,0.04565,0.03094,0.12785,0.06963,0.02133,0.14095,0.01767,0.08603,0.02027,0.04338,0.03485,0.02107,0.03352
0.06826,0.02954,0.07015,0.02187,0.01532,0.25715,0.01842,0.03090,0.01814,0.04617,0.07051,0.03368,0.01261,0.01050,0.27515,0.00344,0.01817
0.02790,0.02509,0.17612,0.06105,0.03436,0.10899,0.12847,0.01281,0.03411,0.02852,0.12074,0.03064,0.01555,0.02348,0.11887,0.02242,0.03087
0.02694,0.09698,0.15364,0.03372,0.08588,0.04615,0.09757,0.04432,0.01223,0.14077,0.02054,0.09549,0.01779,0.05536,0.03090,0.01932,0.02239
0.02429,0.16842,0.01735,0.03201,0.06738,0.10071,0.05001,0.06376,0.01247,0.21687,0.00660,0.06195,0.01167,0.01488,0.10549,0.01983,0.02633
0.03912,0.07675,0.11296,0.03144,0.08127,0.07673,0.07885,0.04840,0.02725,0.08657,0.07650,0.11792,0.02019,0.01204,0.07806,0.00856,0.02740
0.05543,0.03884,0.18897,0.02065,0.02864,0.08670,0.03655,0.04165,0.01333,0.06494,0.26627,0.03645,0.00701,0.02124,0.06760,0.01030,0.01542
0.13814,0.03350,0.05888,0.03218,0.03363,0.28157,0.05979,0.00842,0.02104,0.18202,0.02101,0.05751,0.00787,0.02308,0.01500,0.00697,0.01939
0.01655,0.07411,0.11865,0.04276,0.03875,0.11301,0.10469,0.04181,0.02428,0.07501,0.11486,0.02025,0.02841,0.03023,0.10976,0.03497,0.01190
0.03921,0.13026,0.10834,0.02332,0.12224,0.02199,0.09348,0.11898,0.03741,0.13608,0.05457,0.05589,0.01847,0.01099,0.01176,0.00491,0.01210
0.03269,0.10070,0.07421,0.04590,0.04617,0.12504,0.08124,0.11705,0.02430,0.13652,0.01464,0.03301,0.00767,0.01363,0.10368,0.00942,0.03415
0.02704,0.27158,0.03460,0.04331,0.02402,0.04300,0.03213,0.01561,0.03099,0.32359,0.02683,0.02400,0.02375,0.01753,0.03787,0.01311,0.01105
0.03753,0.21449,0.06153,0.03583,0.02812,0.06058,0.11799,0.01627,0.01325,0.26958,0.01385,0.02844,0.01004,0.01435,0.05796,0.00849,0.01170
0.03476,0.11634,0.03395,0.07974,0.03225,0.16440,0.03642,0.02227,0.04934,0.15216,0.02775,0.01665,0.01844,0.01239,0.17526,0.00830,0.01957
0.03076,0.17126,0.03995,0.06458,0.03442,0.03442,0.02970,0.02936,0.16906,0.02658,0.05855,0.01270,0.14255,0.12156,0.01708,0.00747,0.00998
0.12552,0.04431,0.02753,0.03618,0.01630,0.24605,0.03445,0.02749,0.01936,0.25344,0.02020,0.00992,0.01283,0.02863,0.07551,0.01411,0.00817
0.05756,0.08749,0.15991,0.04420,0.03357,0.06567,0.19160,0.02041,0.01810,0.10681,0.01465,0.01609,0.04633,0.01314,0.08453,0.01221,0.02772
0.05033,0.04804,0.15401,0.02988,0.02745,0.06800,0.02351,0.03976,0.09448,0.05190,0.21910,0.03172,0.04185,0.02776,0.05771,0.00895,0.02557
0.02497,0.20263,0.03219,0.17107,0.03686,0.03983,0.03831,0.01883,0.14297,0.03134,0.02827,0.01983,0.01169,0.15995,0.02270,0.00471,0.01387
0.10531,0.02684,0.01735,0.05134,0.03416,0.25551,0.07277,0.04137,0.02166,0.19742,0.01912,0.04431,0.02260,0.01741,0.02711,0.02874,0.01699
0.19656,0.03836,0.02048,0.02606,0.02873,0.23494,0.03516,0.03374,0.01870,0.14351,0.02934,0.07509,0.01884,0.02855,0.02949,0.02734,0.01512
0.17106,0.03988,0.04930,0.02321,0.02363,0.21252,0.04052,0.02668,0.03103,0.24495,0.02924,0.02765,0.02158,0.01717,0.02179,0.01014,0.00964
0.06505,0.03066,0.02692,0.04781,0.03487,0.24871,0.04272,0.01090,0.02160,0.03819,0.03055,0.05785,0.02210,0.00721,0.28419,0.01456,0.01612
0.02330,0.19161,0.13074,0.04180,0.04191,0.08090,0.02188,0.01808,0.01008,0.23307,0.06181,0.01530,0.01486,0.02429,0.06834,0.01070,0.01132
0.05739,0.23819,0.04401,0.03130,0.04688,0.05803,0.03580,0.05398,0.01733,0.30969,0.01641,0.03215,0.01846,0.01188,0.01383,0.00553,0.00914
0.02720,0.08790,0.05309,0.08693,0.05329,0.06803,0.08601,0.05381,0.05440,0.12330,0.04556,0.03929,0.03241,0.01618,0.07919,0.01364,0.07975
0.02225,0.13306,0.04062,0.06637,0.03273,0.08688,0.06327,0.03645,0.02257,0.16800,0.02344,0.09082,0.02863,0.05483,0.10568,0.01716,0.00726
0.01719,0.07511,0.02854,0.01821,0.04212,0.27780,0.01716,0.01156,0.03339,0.08334,0.01328,0.01144,0.02104,0.01155,0.32611,0.00450,0.00768
0.02568,0.02667,0.04086,0.03836,0.06668,0.22468,0.04836,0.06509,0.02053,0.03071,0.01572,0.04103,0.03541,0.01872,0.23555,0.02204,0.04390
0.04060,0.12832,0.06047,0.04629,0.10639,0.11327,0.07184,0.05071,0.01121,0.18023,0.01580,0.02980,0.00861,0.00784,0.10480,0.00784,0.01598
0.02256,0.15189,0.03406,0.02420,0.02727,0.07724,0.01137,0.02828,0.15217,0.02007,0.03213,0.03020,0.14960,0.15123,0.06573,0.00688,0.01513
0.04923,0.01710,0.04410,0.20553,0.02043,0.02025,0.04318,0.01878,0.32734,0.01665,0.02625,0.02380,0.11367,0.01727,0.02731,0.01470,0.01444
0.01939,0.06497,0.19195,0.05039,0.03984,0.07904,0.19369,0.03822,0.01999,0.08171,0.03400,0.03707,0.02319,0.02044,0.07035,0.01151,0.02425
0.01362,0.10200,0.05724,0.04078,0.11694,0.11826,0.05770,0.13283,0.01864,0.11947,0.01483,0.02530,0.03646,0.00979,0.10970,0.01078,0.01566
0.02457,0.08371,0.08494,0.02864,0.04255,0.18030,0.11679,0.04031,0.02410,0.11441,0.01701,0.01554,0.01466,0.00884,0.17496,0.00878,0.01990
0.01283,0.10416,0.02258,0.24613,0.02051,0.03412,0.01656,0.00980,0.31541,0.03772,0.01517,0.01334,0.03939,0.06545,0.02487,0.00594,0.01602
0.03611,0.06439,0.10089,0.04512,0.10811,0.13332,0.02392,0.03659,0.04499,0.09319,0.04437,0.02584,0.04283,0.01247,0.13352,0.01453,0.03982
0.02668,0.11972,0.04311,0.04437,0.09250,0.15165,0.02321,0.02319,0.03912,0.14605,0.01547,0.02707,0.01757,0.01693,0.18206,0.00928,0.02202
0.03393,0.05378,0.01225,0.06753,0.03671,0.07067,0.03472,0.02610,0.27202,0.05797,0.00837,0.01364,0.20977,0.01329,0.05824,0.01462,0.01639
0.01523,0.03620,0.03191,0.03797,0.02123,0.05941,0.04329,0.01421,0.32727,0.03050,0.02216,0.01396,0.27307,0.01914,0.04344,0.00521,0.00582
