0.00082,0.02072,0.92337,0.05509
0.03403,0.00050,0.96189,0.00359
0.21749,0.37456,0.39155,0.01641
0.03683,0.00177,0.93361,0.02780
0.00258,0.00132,0.98073,0.01537
0.00787,0.06087,0.91774,0.01351
0.19351,0.13998,0.48624,0.18027
0.05898,0.09838,0.79596,0.04668
0.00671,0.01408,0.94964,0.02957
0.46711,0.47677,0.04840,0.00772
0.38326,0.45880,0.15443,0.00350
0.12153,0.07364,0.72378,0.08105
0.02446,0.00834,0.93047,0.03672
0.01070,0.00110,0.96026,0.02794
0.01659,0.01141,0.96437,0.00763
0.00172,0.01338,0.93651,0.04839
0.04379,0.04530,0.82951,0.08139
0.02163,0.11046,0.83579,0.03212
0.00340,0.00282,0.54654,0.44724
0.00138,0.00191,0.54950,0.44720
0.12808,0.12187,0.70878,0.04128
0.12907,0.01870,0.81819,0.03404
0.04156,0.01580,0.93054,0.01210
0.01104,0.30327,0.65959,0.02611
0.00041,0.00048,0.97675,0.02236
0.00056,0.00069,0.97955,0.01920
0.02558,0.03140,0.88232,0.06069
0.00274,0.00304,0.53876,0.45546
0.04463,0.01195,0.69589,0.24754
0.49272,0.30652,0.18153,0.01923
0.50270,0.00236,0.47152,0.02343
0.00265,0.02983,0.92593,0.04159
0.03798,0.03905,0.90815,0.01482
0.45314,0.45694,0.08654,0.00338
0.45283,0.45547,0.08577,0.00594
0.02504,0.01890,0.94705,0.00901
0.01891,0.05096,0.84084,0.08930
0.03539,0.00901,0.92581,0.02978
0.00118,0.00151,0.98903,0.00829
0.00821,0.00043,0.94239,0.04896
0.00235,0.94583,0.04812,0.00369
0.00242,0.00292,0.98553,0.00913
0.00144,0.00509,0.56271,0.43076
0.00128,0.01345,0.57387,0.41141
0.10186,0.21423,0.41268,0.27124
0.00156,0.00272,0.53294,0.46279
0.01616,0.00725,0.96621,0.01038
0.00150,0.00806,0.95399,0.03646
0.00155,0.03007,0.96553,0.00285
0.96599,0.00258,0.03043,0.00099
0.00460,0.91253,0.08008,0.00279
0.00147,0.96428,0.02617,0.00808
0.20430,0.03937,0.72999,0.02635
0.01082,0.00173,0.93951,0.04795
0.03108,0.03351,0.76782,0.16760
0.08987,0.79964,0.09340,0.01709
0.01866,0.00762,0.92331,0.05040
0.01420,0.01077,0.52908,0.44595
0.03425,0.02658,0.93770,0.00148
0.37486,0.42956,0.18243,0.01315
0.00328,0.00979,0.96073,0.02620
0.47180,0.47430,0.05086,0.00304
0.00307,0.00170,0.61806,0.37717
0.00730,0.02148,0.76170,0.20952
0.00266,0.93336,0.06105,0.00294
0.06233,0.05816,0.77480,0.10471
0.01914,0.11064,0.74313,0.12709
0.57044,0.04511,0.32529,0.05916
0.01741,0.02257,0.68815,0.27187
0.01559,0.00667,0.96299,0.01475
0.40782,0.00293,0.56904,0.02021
0.00397,0.43492,0.55837,0.00273
0.17568,0.27286,0.34309,0.20837
0.02387,0.00794,0.93933,0.02885
0.88094,0.00551,0.11152,0.00204
0.00806,0.04833,0.88605,0.05756
0.00323,0.02237,0.64937,0.32503
0.00094,0.00184,0.51193,0.48529
0.28277,0.27982,0.43491,0.00250
0.00656,0.00408,0.58114,0.40822
0.02942,0.16964,0.74973,0.05120
0.00318,0.00286,0.96908,0.02488
0.00327,0.02068,0.52643,0.44961
0.34126,0.01575,0.48055,0.16245
0.03967,0.00114,0.94797,0.01122
0.40828,0.42619,0.12657,0.03895
0.00128,0.92481,0.07056,0.00334
0.37029,0.35981,0.26398,0.00592
0.00326,0.02060,0.74207,0.23407
0.00206,0.00594,0.95659,0.03541
0.46140,0.00553,0.53192,0.00116
0.54977,0.15806,0.27168,0.02049
0.00132,0.00973,0.94353,0.04543
0.07099,0.07028,0.77874,0.08000
0.01122,0.00288,0.97775,0.00814
0.43634,0.43357,0.08756,0.04252
0.00109,0.02266,0.91499,0.06126
0.03320,0.03514,0.92605,0.00561
0.40946,0.41294,0.16689,0.01070
0.02802,0.02446,0.91229,0.03522
0.00258,0.00141,0.98496,0.01106
0.00380,0.95641,0.03570,0.00409
0.02743,0.03610,0.89587,0.04060
0.17051,0.06573,0.46936,0.29440
0.39213,0.45204,0.10960,0.04622
0.47255,0.00156,0.52287,0.00302
0.04057,0.55695,0.39828,0.00420
0.00035,0.00029,0.99002,0.00934
0.13085,0.08007,0.55582,0.23325
0.00517,0.00914,0.96591,0.01978
0.00773,0.02429,0.91957,0.04841
0.06403,0.06203,0.82243,0.05152
0.74364,0.00855,0.21671,0.03110
0.33421,0.02345,0.54805,0.09429
0.01884,0.03616,0.90566,0.03934
0.37797,0.00896,0.60789,0.00518
0.03227,0.03667,0.92599,0.00507
0.00048,0.00118,0.54981,0.44853
0.00654,0.00087,0.96496,0.02762
0.42970,0.42797,0.13858,0.00375
0.02733,0.02765,0.89982,0.04520
0.15454,0.17076,0.66343,0.01127
0.32871,0.06617,0.56589,0.03923
0.00322,0.93457,0.05828,0.00394
0.00307,0.00414,0.96517,0.02762
0.00783,0.40476,0.45993,0.12748
0.88703,0.00045,0.11132,0.00121
0.03820,0.03114,0.92887,0.00179
0.00022,0.00140,0.97908,0.01930
0.02568,0.05797,0.90425,0.01209
0.02563,0.04629,0.89014,0.03793
0.01572,0.02346,0.92009,0.04072
0.08951,0.13994,0.62782,0.14273
0.00109,0.00177,0.84703,0.15011
0.00069,0.00997,0.92806,0.06128
0.00135,0.00271,0.52978,0.46616
0.00176,0.00172,0.94536,0.05115
0.00211,0.00298,0.97881,0.01611
0.01841,0.00707,0.97048,0.00404
0.00361,0.00272,0.60374,0.38993
0.00998,0.18258,0.70019,0.10725
0.00683,0.01698,0.93672,0.03947
0.02396,0.00122,0.95701,0.01781
0.00135,0.00087,0.97420,0.02358
0.80903,0.00200,0.15137,0.03760
0.00094,0.00200,0.54396,0.45310
0.13401,0.18072,0.64508,0.04019
0.00477,0.01073,0.93827,0.04623
0.01578,0.02587,0.91829,0.04006
0.00708,0.90704,0.07947,0.00641
0.73614,0.01293,0.23495,0.01597
0.39320,0.35248,0.23575,0.01856
0.00031,0.00232,0.97619,0.02118
0.00549,0.92106,0.06782,0.00563
0.01017,0.01778,0.92896,0.04310
0.00536,0.81252,0.16199,0.02013
0.17816,0.62201,0.19295,0.00688
0.00275,0.02521,0.94170,0.03034
0.00994,0.40317,0.56065,0.02624
0.05161,0.00154,0.93874,0.00812
0.08316,0.19175,0.51392,0.21117
0.06686,0.01835,0.86352,0.05127
0.04533,0.04746,0.90448,0.00274
0.03185,0.05067,0.62655,0.29093
0.47790,0.48245,0.03578,0.00387
0.00123,0.91218,0.08412,0.00247
0.38600,0.38445,0.22505,0.00450
0.02738,0.02897,0.89549,0.04817
0.05389,0.06005,0.87726,0.00879
0.00132,0.00293,0.53672,0.45903
0.43189,0.40002,0.16626,0.00182
0.00578,0.17742,0.79642,0.02038
0.46302,0.00446,0.52085,0.01166
0.02305,0.02018,0.92472,0.03205
0.00239,0.00799,0.71696,0.27265
0.00121,0.00264,0.52869,0.46746
0.24053,0.26787,0.45685,0.03475
0.43297,0.45585,0.09990,0.01128
0.44048,0.45990,0.09770,0.00192
0.01572,0.00164,0.93426,0.04838
0.00106,0.00154,0.98332,0.01408
0.03963,0.04345,0.89693,0.01999
0.00508,0.00542,0.94281,0.04669
0.40490,0.00990,0.57715,0.00805
0.03482,0.02447,0.93925,0.00146
0.02056,0.00357,0.93711,0.03876
0.00027,0.00035,0.98448,0.01490
0.00978,0.00787,0.93417,0.04818
0.00538,0.08136,0.82392,0.08934
0.00531,0.00372,0.54146,0.44950
0.00634,0.00460,0.93806,0.05101
0.00487,0.88478,0.09756,0.01279
0.01518,0.02050,0.93803,0.02629
0.00427,0.70799,0.26880,0.01893
0.00256,0.03236,0.96164,0.00343
0.02352,0.47034,0.48383,0.02231
0.65696,0.03377,0.29608,0.01319
0.00113,0.00198,0.97825,0.01864
0.87469,0.01019,0.11103,0.00409
0.00123,0.07630,0.55682,0.36565
0.00366,0.00706,0.95491,0.03437
0.01294,0.02076,0.78625,0.18006
0.00514,0.02406,0.54533,0.42547
0.01087,0.00054,0.93561,0.05298
0.00163,0.00287,0.54813,0.44737
0.00178,0.01514,0.56202,0.42107
0.02434,0.00165,0.93965,0.03436
0.01019,0.59105,0.39473,0.00403
0.00277,0.04426,0.95085,0.00211
0.00059,0.00137,0.98469,0.01336
0.05008,0.01785,0.61042,0.32165
0.02647,0.02026,0.94976,0.00351
0.15565,0.17630,0.65580,0.01225
0.41411,0.46985,0.10895,0.00709
0.00113,0.00104,0.99086,0.00697
0.22552,0.19158,0.50713,0.07577
0.00433,0.00545,0.96727,0.02294
0.00232,0.00443,0.55059,0.44265
0.00146,0.00389,0.52922,0.46544
0.02765,0.01998,0.92653,0.02584
0.00520,0.01254,0.92388,0.05838
0.07163,0.07628,0.83622,0.01588
0.01386,0.04107,0.61680,0.32826
0.00069,0.01018,0.51998,0.46915
0.02652,0.02786,0.93002,0.01560
0.00176,0.01195,0.93342,0.05288
0.12494,0.06431,0.52470,0.28605
0.45710,0.46610,0.07157,0.00523
0.00288,0.86698,0.12464,0.00550
0.00147,0.00883,0.95486,0.03484
0.22164,0.01250,0.75374,0.01212
0.00022,0.00764,0.96892,0.02322
0.04488,0.03969,0.87751,0.03792
0.00279,0.00342,0.96358,0.03021
0.00044,0.01000,0.96642,0.02315
0.00051,0.00213,0.94558,0.05178
0.02770,0.00423,0.79919,0.16889
0.00303,0.04275,0.95259,0.00163
0.00408,0.00897,0.54773,0.43922
0.00401,0.06809,0.87021,0.05770
0.39012,0.29304,0.26269,0.05414
0.00153,0.95620,0.04129,0.00099
0.02965,0.04229,0.89301,0.03506
0.42806,0.42337,0.14444,0.00414
0.07157,0.00222,0.84253,0.08368
0.00053,0.00083,0.98688,0.01176
0.00128,0.01124,0.95905,0.02843
0.06988,0.01790,0.76533,0.14689
0.87139,0.00344,0.10451,0.02066
0.05535,0.05981,0.87034,0.01450
0.00247,0.01415,0.86886,0.11452
0.00096,0.00049,0.50837,0.49018
0.00346,0.00281,0.94161,0.05212
0.00367,0.00753,0.93424,0.05456
0.33049,0.00064,0.48944,0.17942
0.00168,0.00215,0.53411,0.46206
0.00587,0.00784,0.75268,0.23362
0.36930,0.35239,0.21576,0.06255
0.00058,0.00129,0.98492,0.01321
0.00567,0.03589,0.79018,0.16826
0.19542,0.22330,0.57433,0.00695
0.01771,0.44793,0.44954,0.08482
0.48370,0.00161,0.51315,0.00153
0.00143,0.00080,0.53690,0.46086
0.00222,0.73119,0.24146,0.02514
0.00373,0.00277,0.57754,0.41597
0.17312,0.19838,0.59465,0.03386
0.00200,0.00173,0.53495,0.46132
0.02852,0.03557,0.76878,0.16713
0.00180,0.00209,0.98133,0.01478
0.00576,0.10071,0.63736,0.25616
0.46220,0.46680,0.06256,0.00844
0.41007,0.41798,0.11232,0.05963
0.00321,0.00750,0.52923,0.46006
0.16345,0.04618,0.77594,0.01444
0.00272,0.00516,0.55890,0.43321
0.00491,0.00756,0.92863,0.05890
0.00126,0.00509,0.60509,0.38856
0.00094,0.00313,0.98874,0.00718
0.01896,0.01678,0.95769,0.00656
0.00196,0.00295,0.97610,0.01899
0.02052,0.21737,0.68810,0.07401
0.00043,0.00129,0.53419,0.46409
0.00522,0.01493,0.58943,0.39042
0.03480,0.13649,0.79353,0.03518
0.00066,0.00209,0.53112,0.46613
0.00744,0.00821,0.68235,0.30200
0.00918,0.00229,0.94121,0.04732
0.00112,0.96731,0.02944,0.00213
0.43602,0.45451,0.09252,0.01696
0.45954,0.46660,0.07052,0.00333
0.65903,0.00117,0.32276,0.01704
0.00133,0.00135,0.98609,0.01123
0.00132,0.90804,0.08320,0.00744
0.11567,0.08304,0.66412,0.13717
0.07434,0.04588,0.59939,0.28040
0.00219,0.00876,0.60192,0.38713
0.01580,0.00369,0.91705,0.06347
0.00112,0.00053,0.53053,0.46782
0.00125,0.01640,0.74442,0.23794
