0.19855,0.16365,0.25830,0.06651,0.22199,0.03858,0.05242
0.14436,0.13111,0.32785,0.15593,0.19163,0.02329,0.02583
0.24305,0.32683,0.18039,0.03402,0.16747,0.02247,0.02578
0.21862,0.22102,0.11584,0.05453,0.12788,0.12039,0.14171
0.15187,0.13341,0.26942,0.07105,0.30655,0.02669,0.04102
0.44104,0.04567,0.15662,0.08982,0.08766,0.07152,0.10766
0.03121,0.32166,0.28353,0.04503,0.28795,0.01244,0.01817
0.15832,0.16401,0.15608,0.06656,0.15878,0.12682,0.16942
0.09828,0.13392,0.34693,0.23231,0.14196,0.02157,0.02502
0.10106,0.13003,0.07860,0.02684,0.08979,0.27750,0.29619
0.12507,0.12670,0.14525,0.05899,0.11330,0.20643,0.22426
0.16761,0.17351,0.22958,0.05706,0.18487,0.08162,0.10575
0.14976,0.07077,0.26660,0.05851,0.26611,0.08169,0.10656
0.09218,0.07681,0.36371,0.04005,0.37189,0.02493,0.03043
0.30143,0.29241,0.13840,0.06815,0.11346,0.03672,0.04944
0.11582,0.11676,0.19248,0.06369,0.19738,0.13367,0.18020
0.21699,0.19969,0.05415,0.11307,0.13079,0.13723,0.14806
0.21005,0.21848,0.18861,0.05710,0.21555,0.05161,0.05860
0.04455,0.04259,0.38253,0.04422,0.37944,0.04579,0.06088
0.02630,0.02658,0.45166,0.02459,0.43281,0.01680,0.02125
0.06706,0.02531,0.32984,0.05864,0.34309,0.07666,0.09940
0.02840,0.02735,0.13340,0.19500,0.27032,0.16600,0.17953
0.22294,0.22213,0.22886,0.04131,0.21908,0.02595,0.03973
0.08568,0.08308,0.22851,0.03655,0.20874,0.15489,0.20255
0.10151,0.09546,0.27759,0.11230,0.33386,0.03088,0.04840
0.06629,0.06859,0.34720,0.08658,0.35387,0.03493,0.04255
0.03922,0.03269,0.25513,0.22465,0.41365,0.01590,0.01876
0.04272,0.03548,0.27945,0.23896,0.32923,0.03671,0.03746
0.27765,0.25966,0.09382,0.07941,0.14837,0.07427,0.06681
0.13615,0.16626,0.22708,0.09545,0.28897,0.03895,0.04714
0.20702,0.19685,0.25993,0.02568,0.23796,0.02631,0.04625
0.26200,0.31756,0.05953,0.04487,0.06344,0.11852,0.13408
0.14732,0.16934,0.13120,0.05648,0.10375,0.15635,0.23558
0.03298,0.03478,0.19845,0.25150,0.35283,0.04913,0.08033
0.06300,0.06259,0.38164,0.37476,0.06286,0.02525,0.02990
0.08877,0.09283,0.10498,0.03350,0.09484,0.28279,0.30229
0.04867,0.07539,0.36164,0.08032,0.38113,0.02217,0.03068
0.09501,0.09657,0.22882,0.27806,0.14114,0.07570,0.08471
0.33881,0.06406,0.18029,0.04421,0.15360,0.10253,0.11650
0.06784,0.02615,0.17066,0.25117,0.38383,0.04352,0.05683
0.02986,0.02774,0.35594,0.22049,0.31204,0.02651,0.02741
0.16954,0.14282,0.24482,0.13417,0.12771,0.07884,0.10209
0.04544,0.05059,0.18915,0.26230,0.40004,0.02173,0.03075
0.05997,0.06493,0.26389,0.06594,0.28839,0.12012,0.13675
0.18470,0.15785,0.14472,0.08906,0.18643,0.10887,0.12837
0.05851,0.06934,0.11438,0.02725,0.11835,0.30198,0.31020
0.08841,0.08885,0.37858,0.02100,0.38447,0.01932,0.01937
0.02971,0.03354,0.11628,0.35215,0.34137,0.05590,0.07106
0.06015,0.06768,0.26296,0.11202,0.28482,0.09167,0.12070
0.10704,0.07828,0.20428,0.06847,0.17671,0.15934,0.20588
0.14988,0.13434,0.14085,0.21470,0.27675,0.03302,0.05046
0.18920,0.16956,0.10816,0.08540,0.16229,0.13117,0.15422
0.08588,0.10573,0.12802,0.20944,0.30796,0.07940,0.08357
0.04803,0.04667,0.39166,0.02851,0.38250,0.04375,0.05888
0.03258,0.03197,0.30082,0.14200,0.39907,0.04058,0.05299
0.03769,0.03212,0.04455,0.06129,0.09678,0.36023,0.36735
0.06939,0.07171,0.28354,0.05980,0.26713,0.10314,0.14529
0.03761,0.03449,0.34571,0.09269,0.38532,0.04116,0.06302
0.03830,0.03584,0.39001,0.07627,0.40691,0.02337,0.02930
0.14007,0.03728,0.10343,0.23086,0.28139,0.10194,0.10503
0.26108,0.38211,0.13474,0.03510,0.11925,0.03155,0.03618
0.16602,0.21394,0.24729,0.07205,0.23518,0.02462,0.04091
0.06126,0.06967,0.38345,0.06140,0.37983,0.01819,0.02619
0.16605,0.19097,0.23259,0.08050,0.18343,0.06247,0.08399
0.05543,0.04868,0.12432,0.03993,0.13305,0.28806,0.31053
0.08298,0.08154,0.20001,0.12093,0.26188,0.11640,0.13625
0.07607,0.07322,0.07683,0.04721,0.06480,0.32203,0.33985
0.03315,0.02568,0.41527,0.06069,0.42284,0.01627,0.02610
0.04447,0.04913,0.43084,0.02329,0.42730,0.01138,0.01359
0.06701,0.03192,0.43253,0.06784,0.36129,0.01733,0.02208
0.05244,0.20532,0.18700,0.18230,0.24326,0.05705,0.07263
0.23776,0.02397,0.13268,0.06530,0.13403,0.18122,0.22505
0.11308,0.10130,0.31913,0.02774,0.32857,0.05421,0.05597
0.05852,0.06930,0.31453,0.06928,0.31795,0.06410,0.10632
0.03726,0.03926,0.45083,0.01682,0.42883,0.01041,0.01659
0.19915,0.21098,0.24116,0.04212,0.22596,0.03697,0.04365
0.08204,0.08104,0.26131,0.13752,0.32655,0.04636,0.06519
0.06231,0.05674,0.35811,0.13955,0.28519,0.04280,0.05530
0.29462,0.23670,0.17035,0.06265,0.17907,0.02850,0.02812
0.06911,0.06142,0.15104,0.03908,0.16885,0.24889,0.26162
0.03917,0.03748,0.35860,0.05970,0.37400,0.05786,0.07319
0.18735,0.17115,0.16698,0.03549,0.16991,0.13507,0.13405
0.02752,0.56897,0.12681,0.07875,0.14868,0.02369,0.02558
0.05795,0.04960,0.07508,0.03540,0.09268,0.33033,0.35897
0.01864,0.01825,0.44025,0.43444,0.07254,0.00656,0.00934
0.25741,0.03810,0.31829,0.06720,0.25149,0.02887,0.03864
0.07714,0.08094,0.31871,0.13262,0.33790,0.02254,0.03015
0.11886,0.13811,0.28340,0.05618,0.29364,0.04942,0.06038
0.07831,0.06781,0.34525,0.06527,0.35009,0.03961,0.05366
0.09830,0.11543,0.19463,0.03930,0.19277,0.15121,0.20835
0.05084,0.05375,0.42173,0.17091,0.25720,0.01810,0.02747
0.13630,0.11415,0.31226,0.15206,0.20669,0.03584,0.04270
0.04711,0.05748,0.38369,0.06061,0.40170,0.01966,0.02975
0.04176,0.04263,0.23646,0.04338,0.19803,0.19517,0.24257
0.17567,0.16088,0.28399,0.04236,0.28671,0.02323,0.02716
0.03721,0.03893,0.37877,0.03186,0.34931,0.07003,0.09390
0.20422,0.16564,0.28788,0.04187,0.26089,0.01737,0.02213
0.07392,0.07235,0.32097,0.09853,0.30208,0.05759,0.07456
0.16298,0.16832,0.31391,0.01943,0.31455,0.00970,0.01112
0.07740,0.06651,0.19849,0.15027,0.23419,0.12301,0.15012
0.22030,0.31572,0.10458,0.10317,0.17687,0.03300,0.04636
0.10130,0.10049,0.37260,0.02438,0.35369,0.02025,0.02729
0.43287,0.41852,0.05434,0.01204,0.05139,0.01407,0.01677
0.09074,0.09652,0.18058,0.03774,0.17169,0.20118,0.22154
0.07113,0.07041,0.32163,0.04973,0.30771,0.07493,0.10446
0.03740,0.03838,0.36427,0.08459,0.40682,0.03089,0.03766
0.19699,0.18497,0.18429,0.05582,0.19506,0.08110,0.10178
0.12697,0.11171,0.23028,0.04570,0.24405,0.11354,0.12775
0.23128,0.22139,0.22970,0.04818,0.20536,0.02992,0.03415
0.05368,0.05911,0.41502,0.02886,0.40924,0.01425,0.01984
0.06814,0.06262,0.32745,0.06018,0.29754,0.07893,0.10512
0.19383,0.14715,0.08186,0.13637,0.18730,0.12238,0.13111
0.04333,0.04061,0.35605,0.04957,0.32339,0.07312,0.11394
0.02504,0.03140,0.19463,0.25660,0.39478,0.03805,0.05949
0.11097,0.09606,0.38168,0.01736,0.36614,0.01132,0.01647
0.04468,0.03932,0.07004,0.32260,0.35643,0.07876,0.08816
0.03966,0.03687,0.39814,0.06562,0.40865,0.02286,0.02818
0.13513,0.09094,0.30538,0.06597,0.28136,0.05073,0.07049
0.03548,0.03775,0.42469,0.03176,0.42336,0.01966,0.02731
0.06766,0.07732,0.09778,0.22590,0.25163,0.12922,0.15050
0.01407,0.01079,0.04033,0.43753,0.45861,0.01763,0.02104
0.33787,0.34080,0.12048,0.04357,0.11496,0.01867,0.02365
0.09155,0.07158,0.10271,0.24093,0.30383,0.07684,0.11256
0.27434,0.26612,0.18335,0.08431,0.15730,0.01521,0.01937
0.17192,0.17025,0.16826,0.11973,0.23778,0.05713,0.07492
0.06464,0.06741,0.18224,0.32475,0.32870,0.01296,0.01929
0.17429,0.13954,0.25742,0.04677,0.27153,0.04350,0.06695
0.08509,0.07883,0.06491,0.11438,0.12494,0.26333,0.26852
0.09782,0.10031,0.29595,0.07457,0.33310,0.04114,0.05711
0.26453,0.23609,0.22707,0.02719,0.21252,0.01401,0.01859
0.26807,0.37354,0.10793,0.02493,0.09655,0.06098,0.06801
0.18855,0.17127,0.30064,0.01679,0.28708,0.01428,0.02139
0.20055,0.18213,0.20329,0.10042,0.25542,0.02247,0.03570
0.11455,0.11157,0.25130,0.10594,0.31388,0.04532,0.05743
0.03869,0.02309,0.12910,0.32772,0.41158,0.03018,0.03963
0.16460,0.16499,0.20271,0.07046,0.22416,0.07301,0.10007
0.10288,0.13085,0.32761,0.04878,0.33013,0.02450,0.03524
0.03491,0.04686,0.38325,0.05868,0.40563,0.03391,0.03675
0.26670,0.24399,0.18622,0.02261,0.16633,0.05263,0.06151
0.02484,0.02491,0.43123,0.03119,0.43795,0.02065,0.02923
0.49399,0.13603,0.12082,0.03742,0.11034,0.03957,0.06184
0.04695,0.03585,0.15320,0.28882,0.39865,0.03231,0.04423
0.05646,0.05711,0.26723,0.05065,0.26952,0.11863,0.18040
0.04271,0.12018,0.22530,0.16385,0.34836,0.04016,0.05943
0.17145,0.16220,0.20163,0.12786,0.26376,0.03339,0.03970
0.16872,0.14963,0.31093,0.05187,0.26788,0.02205,0.02893
0.05035,0.04546,0.09945,0.24420,0.31075,0.11128,0.13852
0.03021,0.03463,0.39611,0.19236,0.23114,0.04531,0.07024
0.27933,0.28323,0.18806,0.03203,0.17234,0.01896,0.02605
0.42290,0.03602,0.13016,0.05730,0.12676,0.09801,0.12885
0.25817,0.26826,0.08275,0.10954,0.14362,0.05849,0.07917
0.12777,0.11162,0.15526,0.08534,0.16346,0.16199,0.19456
0.05300,0.13272,0.25945,0.05095,0.22476,0.11239,0.16673
0.13589,0.11318,0.24838,0.15839,0.18585,0.06677,0.09154
0.05580,0.04686,0.28571,0.14764,0.38443,0.03432,0.04523
0.10417,0.11715,0.06077,0.04140,0.06330,0.28263,0.33058
0.03531,0.03254,0.39615,0.25495,0.13244,0.06224,0.08638
0.22622,0.21695,0.23309,0.06820,0.19372,0.02736,0.03446
0.04216,0.16165,0.27068,0.05578,0.25083,0.08924,0.12967
0.04046,0.04228,0.37372,0.29520,0.17958,0.03165,0.03710
0.07845,0.08183,0.28775,0.05281,0.27102,0.09840,0.12974
0.18753,0.19189,0.09609,0.02883,0.08284,0.19074,0.22209
0.09764,0.32669,0.17228,0.08515,0.22460,0.04192,0.05172
0.03985,0.03438,0.44555,0.05309,0.38645,0.01622,0.02447
0.05628,0.08472,0.28379,0.02725,0.28061,0.12499,0.14235
0.28917,0.30117,0.15221,0.03217,0.13213,0.04326,0.04988
0.05441,0.05448,0.23425,0.18621,0.22778,0.10337,0.13951
0.13982,0.15405,0.17535,0.17567,0.28777,0.02973,0.03761
0.27794,0.27122,0.20384,0.02606,0.19593,0.00975,0.01525
0.06235,0.06023,0.32015,0.20900,0.24996,0.04212,0.05620
0.27334,0.26050,0.17880,0.04399,0.19191,0.02218,0.02927
0.02470,0.02474,0.42295,0.05827,0.43254,0.01573,0.02106
0.04230,0.03497,0.29521,0.15183,0.41187,0.02902,0.03480
0.05790,0.05411,0.31338,0.06877,0.29383,0.09453,0.11748
0.18349,0.18651,0.25748,0.03622,0.24103,0.04177,0.05351
0.15757,0.12079,0.31634,0.03678,0.32894,0.01701,0.02257
0.34612,0.35058,0.10609,0.05540,0.06775,0.03101,0.04305
0.32601,0.38549,0.07997,0.02401,0.07930,0.04843,0.05679
0.25009,0.24197,0.20965,0.09719,0.15097,0.02071,0.02943
0.07025,0.06765,0.05209,0.10294,0.11351,0.28692,0.30664
0.06860,0.26930,0.13182,0.07770,0.11870,0.14414,0.18974
0.05318,0.04701,0.17886,0.24835,0.36290,0.04951,0.06018
0.05468,0.09033,0.36413,0.14574,0.24527,0.03873,0.06112
0.03705,0.04973,0.26449,0.02770,0.25371,0.17658,0.19074
0.05708,0.06362,0.26750,0.08978,0.25736,0.11610,0.14856
0.06855,0.06878,0.23313,0.07927,0.21049,0.15180,0.18799
0.06693,0.06191,0.25689,0.05670,0.22374,0.14838,0.18544
0.13840,0.15892,0.16753,0.02635,0.15965,0.16650,0.18266
0.04762,0.04080,0.44748,0.04277,0.40301,0.00645,0.01187
0.10273,0.06963,0.39216,0.02618,0.37721,0.01304,0.01905
0.04301,0.03601,0.30129,0.16113,0.39096,0.02602,0.04158
0.04835,0.04313,0.23999,0.10708,0.30046,0.11099,0.15000
0.08242,0.07715,0.39813,0.21400,0.20352,0.01083,0.01394
0.02778,0.02634,0.07140,0.26111,0.25541,0.17533,0.18263
0.31806,0.30127,0.16237,0.02081,0.15257,0.01874,0.02619
0.17545,0.02830,0.19502,0.03210,0.17589,0.18218,0.21107
0.18799,0.17356,0.25363,0.07807,0.21937,0.03975,0.04763
0.33810,0.29226,0.13444,0.02344,0.13572,0.03220,0.04385
0.10231,0.09399,0.13902,0.18942,0.28208,0.08727,0.10592
0.19714,0.14549,0.12267,0.06713,0.14369,0.14836,0.17553
0.02407,0.02316,0.36204,0.21653,0.31877,0.02346,0.03198
0.01861,0.03312,0.44109,0.03724,0.44523,0.00966,0.01506
0.08639,0.03993,0.31938,0.27511,0.18363,0.04202,0.05353
0.12709,0.06619,0.16007,0.05500,0.16716,0.20456,0.21993
0.18457,0.18521,0.08494,0.23966,0.25860,0.01961,0.02741
0.04907,0.05189,0.41850,0.07454,0.36313,0.01612,0.02674
0.08868,0.08958,0.21367,0.13701,0.28052,0.08572,0.10482
0.08507,0.07330,0.13667,0.08243,0.15393,0.22430,0.24431
0.03697,0.04196,0.08548,0.02214,0.08803,0.35885,0.36657
0.23570,0.24079,0.20043,0.08739,0.15584,0.03403,0.04582
0.09999,0.09793,0.36370,0.03195,0.35235,0.01906,0.03503
0.03370,0.03767,0.17951,0.02818,0.17602,0.26342,0.28150
0.25946,0.25301,0.17992,0.05412,0.18958,0.02733,0.03658
0.14405,0.14521,0.24749,0.17352,0.11281,0.08381,0.09311
0.07978,0.05427,0.36735,0.21833,0.20456,0.03291,0.04280
0.14066,0.14844,0.14337,0.04863,0.13222,0.16666,0.22002
0.03568,0.03304,0.28216,0.18787,0.38060,0.03089,0.04976
0.03869,0.03048,0.36035,0.15355,0.25046,0.07533,0.09114
0.21709,0.21450,0.22915,0.03668,0.25007,0.02284,0.02966
0.20974,0.21585,0.20740,0.08070,0.14381,0.06425,0.07825
0.11501,0.12097,0.31791,0.18444,0.14726,0.04364,0.07077
0.04657,0.05112,0.30565,0.32150,0.21784,0.02101,0.03631
0.08009,0.07548,0.20889,0.04430,0.17345,0.18246,0.23534
0.18130,0.19260,0.16321,0.03636,0.14469,0.11268,0.16916
0.05301,0.05158,0.33545,0.06976,0.37280,0.04673,0.07067
0.16378,0.16199,0.13761,0.10040,0.20095,0.11450,0.12076
0.09755,0.08955,0.21976,0.07946,0.19567,0.14409,0.17391
0.26786,0.21736,0.12938,0.06607,0.11930,0.09197,0.10808
0.10683,0.12155,0.34761,0.03584,0.33059,0.02626,0.03133
0.07442,0.07603,0.36074,0.10625,0.34149,0.01818,0.02288
0.05477,0.05243,0.38955,0.12833,0.28016,0.03881,0.05595
0.02309,0.02405,0.45258,0.11271,0.35375,0.01515,0.01866
0.15342,0.10874,0.24545,0.09602,0.29343,0.04667,0.05628
0.04702,0.04752,0.31905,0.07284,0.37152,0.06306,0.07899
0.04795,0.05463,0.13004,0.01532,0.13624,0.30369,0.31212
0.07192,0.07033,0.37649,0.04255,0.37495,0.02755,0.03621
0.05388,0.04760,0.08733,0.29384,0.34484,0.07976,0.09274
0.04893,0.04568,0.24996,0.14668,0.32451,0.08471,0.09953
0.07735,0.07755,0.31321,0.30220,0.06205,0.07372,0.09391
0.05084,0.06166,0.34902,0.04050,0.34537,0.07284,0.07977
0.04739,0.03656,0.11953,0.12432,0.20588,0.22395,0.24237
0.06696,0.06405,0.23883,0.19082,0.30044,0.06107,0.07783
0.08916,0.10137,0.33952,0.06691,0.36311,0.01723,0.02270
0.04490,0.04577,0.26865,0.36291,0.23916,0.01791,0.02070
0.07130,0.06006,0.16092,0.20193,0.31688,0.09278,0.09613
0.16598,0.13762,0.26607,0.07656,0.22027,0.06037,0.07314
0.10900,0.12489,0.24906,0.05029,0.23297,0.09103,0.14276
0.17763,0.17103,0.20293,0.17938,0.20063,0.03107,0.03733
0.39901,0.15930,0.17242,0.02163,0.16830,0.03969,0.03966
0.06678,0.05741,0.24890,0.38093,0.20919,0.01618,0.02062
0.03565,0.04781,0.43323,0.06706,0.37972,0.01480,0.02172
0.23871,0.22510,0.20704,0.09140,0.15032,0.03856,0.04888
0.11172,0.10681,0.13041,0.03970,0.14281,0.22579,0.24276
0.33154,0.24296,0.18382,0.03173,0.17743,0.01310,0.01943
0.08015,0.07664,0.36316,0.03577,0.33400,0.04658,0.06370
0.04136,0.04050,0.06351,0.09062,0.13253,0.30688,0.32460
0.39941,0.38434,0.09186,0.01520,0.09177,0.00709,0.01034
0.09778,0.09648,0.37378,0.04718,0.33115,0.02180,0.03184
0.17747,0.14727,0.27699,0.05991,0.25932,0.03087,0.04816
0.05663,0.05539,0.36231,0.05493,0.32473,0.06418,0.08183
0.08613,0.09644,0.27761,0.16909,0.26633,0.03933,0.06507
0.12019,0.11430,0.11818,0.01882,0.12706,0.24850,0.25294
0.03391,0.02912,0.24152,0.12886,0.29475,0.12345,0.14839
0.39366,0.38294,0.06895,0.01911,0.07375,0.02698,0.03461
0.19530,0.05069,0.34726,0.14111,0.21458,0.02233,0.02873
0.12104,0.11925,0.31101,0.06057,0.31121,0.03786,0.03906
0.11664,0.10903,0.17023,0.07287,0.14309,0.16660,0.22155
0.08237,0.07970,0.23222,0.15952,0.33613,0.04481,0.06525
0.16924,0.16760,0.27148,0.03724,0.24528,0.05148,0.05767
0.10365,0.10132,0.19507,0.08484,0.21023,0.13190,0.17298
0.07578,0.10595,0.19128,0.10845,0.25536,0.12190,0.14128
0.09365,0.09989,0.32802,0.02196,0.34168,0.05240,0.06239
0.05938,0.05266,0.37202,0.32651,0.11286,0.03393,0.04264
0.13352,0.13373,0.22135,0.08507,0.27887,0.06748,0.07999
0.13229,0.13417,0.12355,0.16234,0.25477,0.08998,0.10290
0.06838,0.05879,0.41108,0.01968,0.41102,0.01265,0.01839
0.21256,0.18684,0.10645,0.14969,0.19647,0.06374,0.08425
0.10819,0.10853,0.28733,0.08485,0.20623,0.08291,0.12195
0.23129,0.23292,0.09475,0.03307,0.09498,0.14615,0.16685
0.44711,0.07455,0.16621,0.06178,0.16695,0.03353,0.04986
0.01890,0.02003,0.38067,0.08195,0.41213,0.03581,0.05050
0.05238,0.05892,0.27690,0.03762,0.28915,0.13301,0.15203
0.17254,0.17627,0.23003,0.05660,0.17450,0.08381,0.10626
0.11973,0.12365,0.13483,0.27879,0.27857,0.02366,0.04077
0.03540,0.03135,0.09495,0.36515,0.42895,0.01880,0.02540
0.20257,0.17461,0.22661,0.07882,0.23288,0.03685,0.04767
0.02462,0.02433,0.21917,0.23813,0.43226,0.02827,0.03321
0.03431,0.03624,0.19164,0.27479,0.40225,0.02560,0.03517
0.19237,0.13523,0.11997,0.05468,0.13460,0.13567,0.22749
0.25424,0.20953,0.21389,0.05944,0.21078,0.02096,0.03116
0.03733,0.02932,0.31695,0.13412,0.38919,0.03783,0.05526
0.20117,0.16209,0.16449,0.06982,0.18136,0.09926,0.12181
0.07230,0.06368,0.34120,0.08665,0.37456,0.02712,0.03448
0.16102,0.15401,0.25995,0.05380,0.27846,0.04048,0.05227
0.10164,0.10868,0.27173,0.04776,0.27417,0.08871,0.10731
0.03988,0.04383,0.42513,0.03390,0.41296,0.01923,0.02506
0.30983,0.22018,0.08237,0.08031,0.11058,0.09994,0.09679
0.09490,0.05050,0.31270,0.05592,0.32743,0.07535,0.08320
0.06741,0.12904,0.23373,0.08209,0.24487,0.10715,0.13570
0.13183,0.13041,0.21171,0.11909,0.25157,0.06649,0.08890
