0.09217,0.10543,0.06725,0.02716,0.01809,0.01529,0.01727,0.07577,0.24767,0.01933,0.24109,0.03108,0.01991,0.02249
0.24920,0.03455,0.23879,0.03811,0.09814,0.07841,0.02543,0.02064,0.05379,0.02260,0.04601,0.04175,0.01576,0.03681
0.11288,0.04937,0.12559,0.09878,0.09957,0.08752,0.06917,0.03762,0.07155,0.04773,0.04269,0.02950,0.03150,0.09651
0.11748,0.10703,0.06589,0.02897,0.03592,0.03232,0.03177,0.05052,0.18228,0.03181,0.16682,0.06568,0.04482,0.03871
0.11441,0.03419,0.11849,0.07540,0.07775,0.07029,0.05903,0.04208,0.11531,0.04308,0.09490,0.05872,0.02912,0.06724
0.16094,0.16723,0.05391,0.03836,0.03265,0.03119,0.02559,0.05130,0.15533,0.02727,0.15372,0.03660,0.02173,0.04419
0.15667,0.06779,0.13698,0.05357,0.04695,0.05948,0.04381,0.03919,0.13937,0.02438,0.11520,0.03880,0.02426,0.05356
0.09462,0.09081,0.03746,0.02954,0.04345,0.07004,0.08070,0.06351,0.12490,0.06632,0.11039,0.05407,0.05125,0.08294
0.12837,0.09265,0.05688,0.06614,0.03486,0.02771,0.02981,0.04268,0.19571,0.02930,0.17350,0.04496,0.02406,0.05336
0.15032,0.03836,0.16323,0.12104,0.06933,0.04827,0.03759,0.05594,0.06836,0.02614,0.05604,0.06158,0.02660,0.07719
0.04234,0.03559,0.03791,0.04310,0.05096,0.04389,0.03017,0.12680,0.15345,0.05690,0.15446,0.08420,0.03903,0.10120
0.05178,0.04749,0.04764,0.03610,0.02168,0.04310,0.05633,0.03741,0.26336,0.03224,0.24111,0.02695,0.02685,0.06797
0.03273,0.03995,0.03666,0.02720,0.03634,0.03569,0.02914,0.02214,0.34462,0.01688,0.32287,0.01389,0.01364,0.02827
0.09570,0.13327,0.06716,0.04144,0.06051,0.05302,0.05092,0.10833,0.10820,0.04961,0.08295,0.04412,0.04065,0.06414
0.06917,0.04216,0.06366,0.02849,0.03734,0.08400,0.06399,0.02865,0.21333,0.03985,0.20343,0.04652,0.03447,0.04494
0.25600,0.24513,0.03364,0.05021,0.04915,0.04465,0.04428,0.02352,0.07081,0.02666,0.05331,0.02482,0.01604,0.06177
0.12648,0.17918,0.09674,0.03587,0.08492,0.09892,0.05285,0.07591,0.08438,0.02949,0.06615,0.01704,0.01760,0.03445
0.05958,0.07510,0.04754,0.03216,0.14438,0.20113,0.08441,0.04864,0.09542,0.03054,0.07600,0.02814,0.03539,0.04158
0.07733,0.06514,0.05453,0.05932,0.03832,0.04525,0.04956,0.05137,0.20631,0.03485,0.18800,0.03050,0.02941,0.07014
0.04435,0.04205,0.15701,0.18644,0.06120,0.03575,0.02971,0.03795,0.09739,0.03647,0.09463,0.04986,0.06731,0.05989
0.07039,0.05223,0.05122,0.04787,0.06679,0.08937,0.09613,0.05302,0.08046,0.09364,0.08237,0.06115,0.06475,0.09061
0.10807,0.05142,0.10057,0.05847,0.08242,0.07016,0.03689,0.04919,0.10875,0.07049,0.09144,0.04386,0.05438,0.07388
0.09332,0.13388,0.05302,0.06031,0.02742,0.01978,0.03039,0.08836,0.18462,0.03087,0.17581,0.03253,0.02361,0.04608
0.05985,0.05023,0.03867,0.04669,0.04388,0.03880,0.03553,0.05487,0.22581,0.03902,0.21272,0.03396,0.03659,0.08338
0.07083,0.03960,0.09236,0.04464,0.04379,0.03707,0.03885,0.02329,0.28052,0.01473,0.23244,0.02410,0.01295,0.04483
0.04205,0.03231,0.04033,0.02672,0.01845,0.01553,0.01988,0.02220,0.36239,0.01353,0.34973,0.01821,0.01071,0.02796
0.03822,0.04424,0.03824,0.04159,0.03558,0.02508,0.02884,0.03602,0.30603,0.02997,0.27526,0.02993,0.02674,0.04425
0.15193,0.20456,0.07089,0.03271,0.02481,0.01938,0.03100,0.16635,0.04250,0.05183,0.04048,0.05627,0.05027,0.05702
0.02866,0.03206,0.02766,0.02111,0.03372,0.08286,0.10980,0.03436,0.23822,0.05201,0.20855,0.01757,0.02520,0.08820
0.05269,0.11809,0.10509,0.08170,0.02900,0.02021,0.02555,0.10203,0.16979,0.03369,0.15718,0.03447,0.03044,0.04006
0.17077,0.08635,0.14698,0.03830,0.06128,0.05241,0.04105,0.03389,0.14638,0.02674,0.10917,0.02580,0.01592,0.04496
0.09666,0.06786,0.06942,0.05547,0.03091,0.05056,0.04474,0.10167,0.12617,0.04572,0.12205,0.07416,0.03330,0.08131
0.10838,0.02969,0.13496,0.07601,0.07355,0.04968,0.04087,0.03212,0.14391,0.02895,0.11755,0.05944,0.02911,0.07579
0.04546,0.09517,0.03451,0.02298,0.06162,0.06125,0.03638,0.05480,0.27804,0.02073,0.22487,0.01512,0.01087,0.03820
0.11770,0.05712,0.08737,0.01889,0.02152,0.02164,0.01986,0.03198,0.23990,0.03160,0.22715,0.06901,0.02743,0.02883
0.17487,0.02249,0.16979,0.10608,0.04365,0.03605,0.04012,0.04840,0.05154,0.04912,0.04884,0.08821,0.03537,0.08547
0.09467,0.07392,0.05889,0.04922,0.06270,0.02031,0.04833,0.02829,0.06591,0.09246,0.11525,0.16265,0.06097,0.06644
0.09502,0.04251,0.08397,0.06584,0.06319,0.04055,0.07325,0.02507,0.11061,0.05830,0.10704,0.08661,0.05557,0.09248
0.19183,0.04057,0.16265,0.03446,0.03945,0.07467,0.05951,0.02685,0.10788,0.03188,0.09665,0.05405,0.03102,0.04852
0.06132,0.04174,0.08382,0.06770,0.05989,0.14870,0.12387,0.03359,0.10936,0.03825,0.10235,0.03725,0.04579,0.04636
0.04515,0.06036,0.04998,0.02604,0.02823,0.02435,0.01734,0.03325,0.33606,0.01499,0.30746,0.01656,0.01794,0.02230
0.05288,0.07459,0.02974,0.03316,0.03482,0.04078,0.03792,0.12672,0.14943,0.03737,0.16118,0.08572,0.04073,0.09497
0.06855,0.06541,0.05466,0.02782,0.02812,0.02698,0.03368,0.05467,0.24391,0.03380,0.22900,0.04553,0.03716,0.05069
0.06768,0.04921,0.07111,0.06353,0.09993,0.08231,0.03504,0.04522,0.15897,0.03261,0.14984,0.04071,0.03525,0.06860
0.16798,0.08926,0.10185,0.06346,0.03338,0.02365,0.03232,0.06087,0.10521,0.03777,0.10435,0.07249,0.04355,0.06386
0.05976,0.04581,0.04977,0.07929,0.07666,0.07500,0.06162,0.06499,0.11095,0.06520,0.09749,0.06438,0.05666,0.09242
0.06610,0.05024,0.05040,0.02543,0.04686,0.08722,0.10327,0.03302,0.15680,0.06784,0.14270,0.05074,0.04105,0.07832
0.17523,0.18707,0.06668,0.06134,0.02318,0.01556,0.01852,0.04935,0.13731,0.02379,0.13265,0.03731,0.03584,0.03618
0.08395,0.10273,0.04175,0.03303,0.08775,0.06176,0.07097,0.04354,0.06734,0.10762,0.07835,0.10314,0.05599,0.06208
0.06163,0.07901,0.05686,0.07321,0.05405,0.03593,0.04048,0.05781,0.18440,0.04703,0.15474,0.04545,0.04295,0.06645
0.14643,0.14404,0.07856,0.04645,0.02912,0.02435,0.04641,0.06918,0.11207,0.06904,0.08622,0.04790,0.03742,0.06282
0.16217,0.19745,0.02843,0.02518,0.02639,0.01261,0.01528,0.05004,0.20251,0.01593,0.19657,0.01905,0.02787,0.02053
0.17699,0.09351,0.12321,0.03381,0.06004,0.04373,0.03599,0.03924,0.14738,0.03520,0.13121,0.02223,0.01742,0.04005
0.07372,0.04047,0.07950,0.04663,0.05094,0.04130,0.02838,0.02893,0.25925,0.02409,0.23310,0.03180,0.01645,0.04544
0.04248,0.03373,0.06788,0.03224,0.02940,0.20210,0.17641,0.02728,0.14369,0.02991,0.12833,0.02528,0.02198,0.03929
0.24678,0.03724,0.21378,0.05691,0.04017,0.03072,0.02519,0.02787,0.09405,0.02931,0.07458,0.05319,0.01842,0.05179
0.03822,0.04566,0.04110,0.04852,0.02249,0.01807,0.03483,0.04759,0.26196,0.03590,0.25138,0.03727,0.04994,0.06708
0.07376,0.03601,0.04506,0.06846,0.02941,0.02012,0.05997,0.05517,0.14721,0.09764,0.14468,0.05655,0.06203,0.10393
0.04439,0.04825,0.03618,0.02502,0.28925,0.30107,0.04603,0.02244,0.05253,0.02219,0.04677,0.01709,0.01148,0.03728
0.05416,0.05439,0.05741,0.06125,0.09147,0.10006,0.03769,0.03809,0.14932,0.04649,0.14398,0.05852,0.04972,0.05745
0.06530,0.04387,0.06516,0.08143,0.05234,0.04725,0.04011,0.04660,0.16278,0.04694,0.16026,0.06259,0.04222,0.08313
0.08182,0.06606,0.05091,0.05566,0.02626,0.02563,0.03034,0.09188,0.17454,0.03826,0.18515,0.05809,0.03738,0.07802
0.07530,0.08282,0.07743,0.03266,0.12199,0.11022,0.03159,0.05217,0.15163,0.02875,0.13808,0.03206,0.03670,0.02860
0.05647,0.04605,0.06576,0.04831,0.08421,0.06441,0.06100,0.04432,0.12743,0.07776,0.12304,0.06621,0.08060,0.05442
0.05229,0.04954,0.05607,0.03799,0.03497,0.04952,0.03579,0.03983,0.27856,0.02437,0.25462,0.02592,0.02064,0.03990
0.04285,0.04266,0.03137,0.03005,0.22192,0.24322,0.04404,0.02397,0.11710,0.01675,0.11523,0.02278,0.01637,0.03170
0.09401,0.03360,0.09493,0.02888,0.02421,0.03296,0.03008,0.01635,0.29052,0.02042,0.26039,0.02785,0.01595,0.02987
0.05601,0.05082,0.06073,0.09596,0.04030,0.02731,0.03175,0.05913,0.19662,0.04037,0.18604,0.04976,0.03654,0.06866
0.23835,0.03657,0.21240,0.03017,0.02262,0.01295,0.01185,0.02244,0.13466,0.02114,0.12188,0.09155,0.02187,0.02155
0.07364,0.03679,0.06399,0.02921,0.03149,0.09636,0.11519,0.03467,0.15447,0.06766,0.13833,0.03859,0.03036,0.08926
0.04704,0.03205,0.05042,0.03932,0.05027,0.20265,0.18998,0.02648,0.08587,0.04745,0.07582,0.04173,0.02820,0.08274
0.13311,0.07611,0.11164,0.04045,0.02738,0.03740,0.03771,0.04104,0.16619,0.04115,0.15073,0.06245,0.03101,0.04363
0.09139,0.10864,0.04997,0.03260,0.09745,0.06287,0.05321,0.08472,0.05969,0.06295,0.06158,0.06568,0.11569,0.05357
0.16079,0.04177,0.16656,0.02844,0.02010,0.03071,0.02192,0.02605,0.18015,0.03035,0.16746,0.08454,0.02156,0.01962
0.06374,0.05881,0.05642,0.06730,0.05769,0.03427,0.03475,0.06251,0.22412,0.01893,0.17992,0.04487,0.01412,0.08256
0.05848,0.02853,0.05775,0.03321,0.03453,0.05965,0.07579,0.02494,0.20788,0.06240,0.19771,0.03106,0.03780,0.09026
0.14345,0.02797,0.31390,0.20947,0.01256,0.01262,0.01542,0.01946,0.06835,0.01601,0.06141,0.06432,0.01591,0.01915
0.13553,0.06365,0.13614,0.10211,0.05495,0.06324,0.06952,0.03540,0.05242,0.05129,0.04928,0.08506,0.04272,0.05871
0.31416,0.31145,0.02233,0.02184,0.03202,0.03228,0.03082,0.02515,0.04736,0.03888,0.04026,0.02156,0.02201,0.03990
0.06839,0.14242,0.09790,0.07173,0.05381,0.05221,0.05561,0.09090,0.12113,0.03731,0.09137,0.03650,0.03232,0.04840
0.07530,0.08473,0.05701,0.06998,0.08353,0.10528,0.10339,0.04298,0.10137,0.05539,0.05768,0.05179,0.03224,0.07934
0.10083,0.07395,0.10169,0.05692,0.05523,0.02863,0.02127,0.05827,0.17096,0.03096,0.16897,0.04973,0.03111,0.05149
0.28074,0.26459,0.04626,0.02222,0.03435,0.03219,0.03557,0.02802,0.06257,0.03005,0.06258,0.04287,0.02106,0.03694
0.09717,0.02105,0.08556,0.01839,0.03225,0.08601,0.08261,0.01576,0.17024,0.03889,0.17597,0.11115,0.02056,0.04439
0.03897,0.02820,0.05360,0.05860,0.02838,0.01912,0.02299,0.02634,0.28619,0.02903,0.28064,0.03096,0.05168,0.04531
0.06323,0.04931,0.11413,0.11163,0.07961,0.03462,0.03693,0.04057,0.11288,0.04727,0.11329,0.05613,0.09326,0.04716
0.04303,0.21118,0.03450,0.02300,0.02376,0.02844,0.03039,0.17575,0.19202,0.01698,0.16875,0.01359,0.01341,0.02520
0.04447,0.04069,0.04677,0.03974,0.18847,0.18822,0.01404,0.02228,0.17518,0.01560,0.15715,0.02028,0.01982,0.02730
0.06346,0.23262,0.04140,0.03901,0.02545,0.02144,0.01715,0.19291,0.14592,0.01824,0.13552,0.02056,0.01952,0.02679
0.06114,0.11006,0.03315,0.03507,0.03465,0.02520,0.02246,0.09295,0.22802,0.03531,0.21378,0.03875,0.03432,0.03514
0.15897,0.07325,0.12007,0.07801,0.03765,0.03812,0.04561,0.05800,0.09611,0.05363,0.09024,0.04256,0.03957,0.06820
0.07799,0.05846,0.06669,0.06386,0.04654,0.08168,0.08204,0.04151,0.15825,0.05313,0.13044,0.04323,0.03851,0.05767
0.03566,0.02370,0.04088,0.03334,0.03023,0.02586,0.01870,0.03507,0.32516,0.01619,0.31912,0.03387,0.02053,0.04168
0.09503,0.15799,0.04529,0.03321,0.04039,0.03632,0.04658,0.13829,0.10188,0.04928,0.07875,0.05487,0.06231,0.05980
0.06242,0.04661,0.06859,0.04957,0.03165,0.04948,0.03926,0.03083,0.25274,0.02465,0.24621,0.03625,0.02433,0.03742
0.09800,0.10944,0.05543,0.04169,0.05222,0.05628,0.05583,0.07823,0.11738,0.04911,0.10847,0.05526,0.04687,0.07579
0.02518,0.01885,0.03836,0.03526,0.02384,0.04619,0.09108,0.02447,0.25631,0.05041,0.24043,0.01863,0.02735,0.10363
0.12687,0.13521,0.04323,0.05175,0.02407,0.02286,0.04196,0.10538,0.08075,0.07067,0.08143,0.05933,0.05762,0.09888
0.07315,0.12241,0.12591,0.12349,0.04268,0.03706,0.03541,0.10225,0.07518,0.04819,0.07416,0.03001,0.05779,0.05231
0.18486,0.12891,0.19141,0.14497,0.02491,0.01341,0.02815,0.03443,0.03831,0.04936,0.02947,0.05112,0.03245,0.04825
0.17702,0.04833,0.11934,0.04074,0.03274,0.02308,0.03274,0.02773,0.14120,0.04018,0.14222,0.08170,0.04245,0.05051
0.13767,0.14454,0.04652,0.04201,0.06528,0.07768,0.05678,0.04277,0.11897,0.03855,0.09416,0.04628,0.03043,0.05835
0.09279,0.03000,0.12350,0.06454,0.04938,0.16146,0.14562,0.02762,0.06484,0.03587,0.06232,0.03977,0.02716,0.07515
0.04069,0.06901,0.05917,0.06884,0.12171,0.03603,0.04098,0.09013,0.05274,0.05790,0.04618,0.04517,0.22204,0.04942
0.15662,0.05226,0.14281,0.07222,0.05190,0.05836,0.05854,0.02484,0.09858,0.03788,0.07779,0.06056,0.03858,0.06906
0.06710,0.03643,0.06589,0.03434,0.03478,0.07683,0.08297,0.02963,0.21503,0.03820,0.20927,0.03274,0.03202,0.04475
0.17681,0.12255,0.09432,0.01956,0.04119,0.02135,0.03303,0.03253,0.05905,0.07891,0.07432,0.11303,0.07569,0.05767
0.06371,0.02275,0.09313,0.07272,0.14317,0.18172,0.07856,0.02354,0.05073,0.04601,0.05077,0.07722,0.03147,0.06450
0.04427,0.05137,0.07499,0.08722,0.03163,0.03281,0.04843,0.04128,0.18389,0.05343,0.16935,0.03141,0.05805,0.09187
0.04130,0.05446,0.02070,0.02141,0.04279,0.05019,0.06715,0.03360,0.23408,0.05315,0.22293,0.03559,0.06012,0.06253
0.04416,0.14332,0.03861,0.04800,0.05976,0.05915,0.03879,0.10885,0.12979,0.05231,0.11858,0.03712,0.07137,0.05019
0.06898,0.11062,0.22628,0.22871,0.03183,0.02957,0.03015,0.04601,0.06052,0.02355,0.05132,0.02221,0.04151,0.02874
0.19017,0.03647,0.18728,0.06605,0.04785,0.03611,0.03269,0.03258,0.07455,0.04248,0.07258,0.09139,0.03550,0.05430
0.10275,0.07030,0.06522,0.06207,0.05734,0.02694,0.02864,0.05076,0.20285,0.02884,0.17546,0.03468,0.02107,0.07308
0.08357,0.02430,0.09886,0.04137,0.02348,0.03192,0.03211,0.01844,0.28483,0.02030,0.25460,0.03104,0.02314,0.03204
0.04269,0.05839,0.03597,0.02112,0.31097,0.30549,0.01658,0.03219,0.06688,0.01363,0.06090,0.01053,0.00787,0.01678
0.13418,0.12501,0.05086,0.04492,0.03564,0.04103,0.04993,0.09184,0.12157,0.05481,0.10125,0.04671,0.03817,0.06409
0.04410,0.02395,0.15969,0.14870,0.10144,0.10991,0.07128,0.03221,0.04419,0.03559,0.04063,0.03130,0.10892,0.04808
0.27464,0.27906,0.03529,0.02581,0.02244,0.01969,0.02238,0.02324,0.09936,0.02179,0.09723,0.02868,0.02045,0.02993
0.03632,0.04440,0.02765,0.02189,0.27553,0.28754,0.02149,0.01602,0.11109,0.01266,0.10514,0.01417,0.00871,0.01739
0.05459,0.03790,0.05557,0.04494,0.07557,0.07512,0.04542,0.03021,0.23968,0.02449,0.20477,0.03647,0.01826,0.05703
0.04220,0.03887,0.08509,0.09319,0.05644,0.04552,0.04863,0.05064,0.19217,0.04672,0.14937,0.04396,0.03027,0.07694
0.04563,0.05477,0.04873,0.04968,0.08518,0.06988,0.06314,0.07082,0.09850,0.08252,0.07694,0.05289,0.13023,0.07109
0.04226,0.06535,0.05051,0.03355,0.05655,0.15625,0.14054,0.04406,0.13126,0.04016,0.11733,0.03157,0.02834,0.06228
0.11093,0.04239,0.10869,0.06139,0.03725,0.02034,0.02534,0.04056,0.20301,0.02902,0.19443,0.04298,0.03544,0.04824
0.05666,0.04134,0.05619,0.04051,0.03732,0.11526,0.11140,0.02473,0.17568,0.05268,0.15427,0.03279,0.02874,0.07244
0.07586,0.04635,0.16017,0.15683,0.04348,0.02245,0.02152,0.03994,0.13191,0.03112,0.12481,0.04108,0.06408,0.04039
0.06915,0.09615,0.04056,0.05035,0.06343,0.07713,0.07268,0.05690,0.08370,0.09680,0.07785,0.03370,0.05847,0.12312
0.10930,0.03034,0.12067,0.08024,0.06322,0.13712,0.11978,0.02806,0.05444,0.03826,0.04564,0.07480,0.03304,0.06509
0.05750,0.04106,0.07334,0.07833,0.02441,0.01883,0.02218,0.02984,0.27674,0.02454,0.26475,0.02836,0.02591,0.03422
0.15200,0.14809,0.04466,0.03574,0.03498,0.03004,0.03071,0.05450,0.15378,0.02866,0.16275,0.03632,0.02761,0.06016
0.04934,0.02599,0.04585,0.02372,0.13421,0.12587,0.03239,0.03667,0.17380,0.03422,0.17709,0.05778,0.03116,0.05191
0.04613,0.03733,0.04179,0.04486,0.02708,0.02594,0.02725,0.11613,0.20477,0.02662,0.20573,0.08510,0.01905,0.09222
0.07404,0.08195,0.06225,0.05336,0.04349,0.20609,0.16329,0.04937,0.05887,0.03652,0.04581,0.03067,0.03831,0.05598
0.10879,0.02469,0.24990,0.17237,0.08179,0.05219,0.04591,0.01605,0.09545,0.02330,0.04308,0.01466,0.01046,0.06137
0.10000,0.05485,0.11767,0.05884,0.03911,0.07321,0.05930,0.04648,0.16179,0.02644,0.14408,0.03543,0.03153,0.05127
0.13833,0.23616,0.03249,0.04159,0.06144,0.06250,0.03650,0.09206,0.07371,0.03421,0.05981,0.04100,0.04041,0.04980
0.13080,0.03542,0.13979,0.06801,0.11273,0.13104,0.06001,0.03417,0.06565,0.03115,0.05424,0.05060,0.02946,0.05693
0.07875,0.08992,0.07024,0.03631,0.06622,0.05201,0.04149,0.06901,0.13627,0.05388,0.12724,0.04413,0.08358,0.05094
0.06772,0.07776,0.05239,0.05128,0.04228,0.04207,0.03623,0.03815,0.20813,0.04583,0.19591,0.03485,0.04458,0.06281
0.06980,0.25159,0.05063,0.03387,0.05092,0.04112,0.02587,0.22076,0.08700,0.01794,0.08369,0.02028,0.02034,0.02619
0.05308,0.06047,0.04505,0.03550,0.06006,0.11727,0.10344,0.06502,0.12051,0.07405,0.09195,0.05186,0.04733,0.07439
0.25651,0.22081,0.07077,0.04029,0.02456,0.01433,0.02736,0.03475,0.08188,0.02969,0.08316,0.04566,0.02903,0.04121
0.16087,0.21120,0.03191,0.05120,0.02415,0.02916,0.02546,0.11730,0.10192,0.02932,0.09474,0.04193,0.02773,0.05311
0.05900,0.02770,0.08238,0.04927,0.23971,0.23035,0.04794,0.02612,0.04932,0.03464,0.03529,0.03872,0.02915,0.05040
0.09645,0.10700,0.04023,0.05630,0.08671,0.09648,0.04502,0.03869,0.06228,0.10429,0.05723,0.04964,0.07651,0.08316
0.02835,0.04154,0.15991,0.15022,0.01862,0.02972,0.02884,0.02949,0.22693,0.01571,0.21699,0.01308,0.01878,0.02182
0.34800,0.37131,0.04068,0.05005,0.01617,0.00969,0.01366,0.02100,0.03593,0.01207,0.03653,0.01225,0.01378,0.01887
0.09463,0.08373,0.04488,0.03173,0.03696,0.05737,0.09416,0.08185,0.08890,0.08236,0.07836,0.04550,0.06389,0.11568
0.04685,0.06329,0.11951,0.13956,0.09802,0.04533,0.04090,0.06277,0.05299,0.04106,0.04585,0.03959,0.15898,0.04530
0.11891,0.06412,0.09608,0.05354,0.05768,0.08679,0.07829,0.03132,0.08080,0.06786,0.07633,0.07106,0.04955,0.06767
0.05160,0.04435,0.10888,0.13931,0.09796,0.06397,0.04476,0.04435,0.06549,0.06309,0.06133,0.03921,0.11421,0.06148
0.05361,0.05403,0.04344,0.02648,0.03114,0.18592,0.20418,0.03739,0.08331,0.05851,0.06927,0.04309,0.03263,0.07702
0.07717,0.06676,0.05223,0.05218,0.06875,0.04524,0.06175,0.02983,0.09856,0.08058,0.13044,0.11012,0.06383,0.06255
0.06114,0.03336,0.05390,0.04369,0.06205,0.03717,0.05228,0.01600,0.11558,0.08194,0.15824,0.16781,0.05847,0.05837
0.07900,0.11098,0.06457,0.02670,0.01659,0.03259,0.02443,0.07690,0.23224,0.01972,0.22604,0.04599,0.02035,0.02390
0.04851,0.03936,0.24899,0.25335,0.02508,0.02656,0.03142,0.02629,0.08448,0.02349,0.07883,0.03438,0.03330,0.04595
0.12571,0.03164,0.14156,0.04314,0.03592,0.04162,0.03109,0.02653,0.17214,0.03905,0.15793,0.07503,0.03012,0.04852
0.16908,0.06719,0.11761,0.03869,0.05284,0.05846,0.03818,0.03320,0.15871,0.02499,0.14061,0.03589,0.02204,0.04249
0.09126,0.14142,0.05083,0.04819,0.05357,0.04633,0.03198,0.05458,0.19664,0.03050,0.17314,0.02295,0.02231,0.03630
0.05247,0.04496,0.05328,0.02558,0.05498,0.19676,0.21994,0.03774,0.05282,0.05908,0.03537,0.03243,0.05981,0.07478
0.16781,0.08806,0.12260,0.06897,0.03359,0.02906,0.04043,0.04289,0.07032,0.09213,0.05797,0.04762,0.05528,0.08329
0.05695,0.04352,0.16155,0.21706,0.03917,0.02506,0.03522,0.05877,0.05192,0.05571,0.05075,0.05383,0.07790,0.07257
0.10458,0.02495,0.12167,0.03467,0.01400,0.01310,0.01893,0.02472,0.26733,0.02196,0.25477,0.05794,0.01960,0.02178
0.08284,0.06055,0.10312,0.08741,0.03784,0.03087,0.03282,0.06248,0.15656,0.03497,0.15660,0.05651,0.03989,0.05755
0.12680,0.04168,0.14038,0.09172,0.04742,0.03883,0.05713,0.04385,0.09284,0.06144,0.06572,0.05515,0.05883,0.07822
0.05941,0.06966,0.04652,0.03662,0.02440,0.02953,0.04316,0.06391,0.19368,0.06918,0.17440,0.03319,0.05347,0.10286
0.07265,0.04183,0.08100,0.08215,0.03374,0.02496,0.03959,0.03132,0.15946,0.05998,0.16347,0.07933,0.05761,0.07290
0.06474,0.03882,0.05277,0.03029,0.02443,0.01823,0.02002,0.01643,0.32973,0.01644,0.31634,0.02215,0.01291,0.03669
0.06346,0.03655,0.06444,0.03168,0.05690,0.07280,0.08453,0.03781,0.15672,0.08152,0.12623,0.05091,0.03948,0.09698
0.08514,0.08711,0.04340,0.08199,0.04443,0.04237,0.03621,0.06594,0.12879,0.06650,0.12956,0.04753,0.05615,0.08488
0.05528,0.09224,0.03492,0.05198,0.12773,0.15117,0.04860,0.08191,0.07604,0.05899,0.06615,0.03800,0.04326,0.07371
0.08990,0.04196,0.11410,0.07298,0.05325,0.06716,0.06359,0.02616,0.16613,0.03242,0.15753,0.04541,0.02643,0.04297
0.09858,0.15155,0.08563,0.06353,0.04161,0.03253,0.02369,0.09926,0.15762,0.02250,0.12604,0.03135,0.02405,0.04205
0.12966,0.02601,0.17384,0.05806,0.04204,0.15906,0.13681,0.02175,0.07263,0.01871,0.06680,0.03962,0.02385,0.03117
0.05586,0.05265,0.03236,0.03779,0.04513,0.03534,0.05658,0.09127,0.14353,0.06537,0.14113,0.04086,0.07296,0.12918
0.11427,0.23355,0.05501,0.04484,0.03122,0.04119,0.04521,0.14153,0.05366,0.05031,0.04934,0.04634,0.03471,0.05881
0.06141,0.17001,0.06399,0.05266,0.04737,0.03795,0.03658,0.15598,0.13061,0.03411,0.10608,0.03089,0.02678,0.04559
0.10131,0.07671,0.08147,0.03306,0.01905,0.06955,0.05806,0.04256,0.17828,0.03062,0.16925,0.05989,0.03046,0.04972
0.09657,0.04681,0.10140,0.08435,0.02522,0.01953,0.02991,0.04516,0.18011,0.04465,0.17027,0.05582,0.03885,0.06135
0.05141,0.05308,0.03085,0.08107,0.10092,0.12243,0.06089,0.03768,0.03849,0.14137,0.04267,0.05145,0.08573,0.10196
0.03751,0.07401,0.05546,0.03913,0.03317,0.02826,0.02026,0.04956,0.28714,0.02236,0.25801,0.02886,0.03728,0.02898
0.04455,0.02362,0.04933,0.03477,0.04101,0.04169,0.01827,0.01414,0.33903,0.01494,0.32525,0.01364,0.01285,0.02690
0.27235,0.28202,0.03512,0.03522,0.02618,0.03510,0.04311,0.02832,0.07675,0.02243,0.07632,0.01866,0.02112,0.02729
0.09255,0.10525,0.04899,0.03139,0.07544,0.05656,0.04239,0.03203,0.16944,0.05224,0.15485,0.05763,0.03760,0.04363
0.10057,0.06344,0.07085,0.02960,0.02172,0.01694,0.02381,0.04613,0.23469,0.03234,0.22651,0.04442,0.04175,0.04724
0.09911,0.09078,0.05537,0.05626,0.02942,0.03302,0.05097,0.07800,0.13686,0.05913,0.13075,0.04310,0.04473,0.09250
0.16350,0.02078,0.15416,0.07697,0.03009,0.02158,0.04203,0.03256,0.04573,0.08523,0.04889,0.10927,0.08351,0.08569
0.06285,0.03077,0.18000,0.14535,0.05289,0.12905,0.11453,0.01768,0.09463,0.03267,0.04974,0.01686,0.01253,0.06043
0.07432,0.04237,0.18826,0.16983,0.07199,0.04615,0.04947,0.02936,0.05982,0.03760,0.05587,0.03947,0.08931,0.04619
0.10874,0.09816,0.10534,0.04588,0.04156,0.02691,0.02224,0.07811,0.19762,0.02162,0.16873,0.02788,0.02059,0.03661
0.06501,0.03387,0.07342,0.03744,0.03230,0.03661,0.03159,0.02128,0.29783,0.01631,0.27690,0.02578,0.01904,0.03261
0.03481,0.03004,0.30916,0.31243,0.03048,0.02301,0.02070,0.02575,0.05156,0.02319,0.04786,0.02158,0.03282,0.03661
0.03672,0.02349,0.04053,0.02051,0.06835,0.07308,0.03616,0.01783,0.30659,0.01875,0.29229,0.02213,0.01488,0.02870
0.29395,0.02295,0.26534,0.03219,0.02684,0.07138,0.06688,0.01904,0.02680,0.03137,0.02266,0.05117,0.02691,0.04251
0.10309,0.07683,0.06950,0.06156,0.06072,0.04883,0.05181,0.05579,0.07371,0.08698,0.07595,0.06487,0.07401,0.09635
0.03974,0.02998,0.04555,0.04382,0.26179,0.25150,0.02450,0.03175,0.05389,0.03854,0.05233,0.04829,0.03369,0.04463
0.04009,0.03219,0.08456,0.08094,0.03396,0.17836,0.15227,0.04640,0.12276,0.04142,0.06712,0.03107,0.01851,0.07036
0.04073,0.03870,0.12891,0.15786,0.03970,0.02935,0.02568,0.03312,0.16694,0.03898,0.15662,0.02661,0.05593,0.06087
0.04923,0.03877,0.07178,0.09874,0.06370,0.07937,0.06945,0.06175,0.07109,0.09361,0.07028,0.06463,0.09108,0.07650
0.16062,0.02634,0.16166,0.04583,0.04091,0.04415,0.04137,0.02475,0.10871,0.05295,0.11326,0.10009,0.03689,0.04245
0.11827,0.12277,0.05986,0.04388,0.02562,0.02602,0.03434,0.07676,0.14212,0.04845,0.12401,0.06660,0.03927,0.07205
0.15688,0.12882,0.13280,0.03185,0.02958,0.05421,0.05522,0.09467,0.07625,0.03528,0.06848,0.07007,0.03140,0.03449
0.04830,0.07261,0.04266,0.03474,0.03184,0.04299,0.04939,0.05195,0.25428,0.03621,0.23562,0.02404,0.02670,0.04867
0.14288,0.10491,0.09373,0.04142,0.03920,0.03346,0.04729,0.06195,0.09739,0.06246,0.08959,0.06571,0.04783,0.07219
0.04109,0.04223,0.17301,0.18367,0.07650,0.03837,0.04348,0.05602,0.06700,0.03312,0.06075,0.03137,0.12024,0.03316
0.07726,0.04316,0.06601,0.03565,0.06046,0.05146,0.03328,0.03163,0.23663,0.03042,0.23120,0.03254,0.02327,0.04703
0.10640,0.04345,0.15048,0.13688,0.05629,0.05544,0.04707,0.05053,0.08442,0.03248,0.06851,0.03917,0.06601,0.06288
0.09891,0.06455,0.08604,0.02375,0.03355,0.12351,0.11805,0.02707,0.14641,0.02681,0.14723,0.04005,0.02973,0.03435
0.10241,0.09825,0.07566,0.08775,0.04631,0.04846,0.05117,0.03745,0.13449,0.04241,0.13091,0.02869,0.05983,0.05621
0.10458,0.05867,0.09757,0.08911,0.04348,0.04446,0.04163,0.06100,0.08744,0.04661,0.09192,0.09511,0.05557,0.08285
0.02786,0.36363,0.02596,0.02295,0.01884,0.02284,0.02264,0.36321,0.03121,0.01694,0.02364,0.01447,0.02005,0.02576
0.15050,0.11290,0.07361,0.07741,0.10520,0.08498,0.03886,0.03897,0.06962,0.04087,0.05527,0.04368,0.03626,0.07188
0.04777,0.18852,0.03598,0.04820,0.04060,0.03591,0.03631,0.17822,0.10699,0.04119,0.10546,0.05428,0.03748,0.04308
0.04213,0.03081,0.03540,0.03614,0.02911,0.02672,0.02797,0.07873,0.23314,0.02885,0.23048,0.10645,0.02017,0.07389
0.19104,0.13688,0.16583,0.03386,0.03124,0.02733,0.02013,0.12125,0.07513,0.02383,0.06574,0.06040,0.02115,0.02620
0.23928,0.02583,0.19999,0.03676,0.02337,0.03953,0.04020,0.01859,0.09301,0.03455,0.08506,0.10385,0.02635,0.03362
0.09273,0.05170,0.08002,0.07248,0.08436,0.07648,0.08061,0.04068,0.10899,0.04777,0.08680,0.05209,0.05372,0.07156
0.06726,0.08509,0.07574,0.06141,0.02892,0.03746,0.04166,0.05860,0.20517,0.03601,0.20092,0.02486,0.03300,0.04390
0.06767,0.17404,0.05524,0.04638,0.02979,0.05401,0.05060,0.16196,0.11140,0.03417,0.10011,0.03164,0.02997,0.05302
0.34434,0.34765,0.02786,0.02124,0.02144,0.02050,0.02135,0.02479,0.03744,0.02010,0.04089,0.02782,0.01858,0.02601
0.07818,0.05531,0.09183,0.05211,0.03740,0.04423,0.05786,0.05122,0.16676,0.05229,0.15376,0.04152,0.04731,0.07022
0.04307,0.02565,0.05053,0.03532,0.02899,0.03639,0.03393,0.01819,0.33711,0.01565,0.31171,0.01994,0.00997,0.03356
0.10381,0.04477,0.10589,0.05573,0.02295,0.01335,0.02025,0.03081,0.21953,0.03193,0.21442,0.06408,0.03450,0.03799
0.11618,0.07820,0.07559,0.03925,0.03744,0.02374,0.03150,0.03548,0.23088,0.03723,0.19782,0.02521,0.02542,0.04605
0.05412,0.05931,0.05615,0.05335,0.05539,0.03439,0.04916,0.06046,0.17308,0.06589,0.15260,0.05052,0.06535,0.07023
0.10604,0.05672,0.09930,0.02751,0.05259,0.04520,0.02463,0.02492,0.24481,0.02753,0.21326,0.02075,0.02537,0.03137
0.18319,0.14566,0.07929,0.05554,0.03684,0.07048,0.09759,0.03975,0.04103,0.06779,0.03397,0.03226,0.03886,0.07775
0.16616,0.03228,0.17519,0.07325,0.03543,0.04734,0.05476,0.02268,0.10691,0.04320,0.08812,0.04916,0.03330,0.07222
0.08345,0.03589,0.12724,0.06499,0.03004,0.19353,0.17340,0.02335,0.06986,0.02886,0.06076,0.03623,0.02809,0.04430
0.06316,0.05105,0.06152,0.09646,0.09700,0.05774,0.10472,0.03007,0.10591,0.04646,0.06969,0.05753,0.04470,0.11397
0.02991,0.02620,0.06248,0.08539,0.03961,0.02835,0.02905,0.04818,0.23818,0.03066,0.22811,0.04035,0.05784,0.05569
0.05396,0.09878,0.19403,0.17407,0.02350,0.01647,0.01919,0.06930,0.12563,0.02419,0.11562,0.03973,0.01925,0.02629
0.15022,0.10475,0.11680,0.09380,0.03117,0.01847,0.03769,0.05749,0.09101,0.04635,0.08284,0.06663,0.04385,0.05892
0.07396,0.02780,0.11594,0.07942,0.10327,0.06146,0.07444,0.01551,0.20024,0.01571,0.12775,0.01858,0.01839,0.06753
0.09110,0.04657,0.10105,0.05642,0.03029,0.03540,0.03141,0.04121,0.21400,0.04143,0.19265,0.03916,0.03798,0.04132
0.16596,0.16817,0.04944,0.06035,0.03058,0.03287,0.03288,0.07158,0.12028,0.02913,0.12221,0.03279,0.02310,0.06067
0.12229,0.04384,0.10415,0.05004,0.13823,0.13677,0.04161,0.03964,0.08070,0.03678,0.06222,0.04321,0.03688,0.06363
0.07239,0.08289,0.03472,0.02537,0.02247,0.02433,0.02004,0.04370,0.27849,0.02511,0.27714,0.03514,0.02107,0.03713
0.08971,0.06675,0.17207,0.18365,0.02957,0.02277,0.03119,0.03500,0.07575,0.05174,0.07852,0.06228,0.05125,0.04975
0.08869,0.09705,0.04871,0.02149,0.02495,0.03760,0.03137,0.03778,0.26517,0.02132,0.25953,0.02455,0.01419,0.02760
0.06388,0.07867,0.03497,0.03798,0.11643,0.16064,0.04871,0.04348,0.13649,0.03275,0.12182,0.03842,0.04036,0.04542
0.27214,0.04326,0.21701,0.04631,0.02375,0.01594,0.01882,0.02388,0.08408,0.02646,0.07724,0.09443,0.01954,0.03712
0.05285,0.19473,0.04565,0.02664,0.03305,0.11209,0.07494,0.15989,0.10488,0.02344,0.09776,0.02245,0.02191,0.02972
0.03578,0.03639,0.06777,0.07403,0.03465,0.11539,0.18440,0.03067,0.07365,0.08929,0.05273,0.01827,0.03581,0.15118
0.19081,0.03478,0.19641,0.04952,0.05011,0.12483,0.10557,0.03155,0.04402,0.02955,0.03514,0.03694,0.02239,0.04838
0.04588,0.02460,0.04302,0.05241,0.07434,0.05264,0.02625,0.04641,0.20687,0.03266,0.20894,0.06368,0.04404,0.07828
0.12338,0.06521,0.10136,0.03661,0.03826,0.03092,0.02684,0.02597,0.24411,0.01991,0.20690,0.02504,0.01734,0.03814
0.08845,0.06991,0.07083,0.02097,0.03848,0.22508,0.20744,0.02795,0.06759,0.03003,0.05269,0.02830,0.02305,0.04924
0.08500,0.25702,0.05498,0.04141,0.02319,0.01508,0.01483,0.21315,0.10190,0.02409,0.09494,0.02885,0.02310,0.02246
0.05919,0.04469,0.05584,0.02443,0.02535,0.28431,0.25118,0.02790,0.07151,0.02094,0.05778,0.01900,0.01294,0.04494
0.09523,0.09423,0.05100,0.01966,0.03332,0.02436,0.01529,0.02500,0.28513,0.01331,0.28247,0.02371,0.01604,0.02124
0.24120,0.02491,0.19680,0.03820,0.03901,0.04724,0.05171,0.02232,0.09587,0.03465,0.07547,0.05301,0.02585,0.05375
0.09471,0.03359,0.08276,0.03921,0.03875,0.03049,0.02916,0.02309,0.25155,0.03748,0.22635,0.03260,0.03691,0.04335
0.09471,0.08906,0.06737,0.04090,0.06977,0.07980,0.04756,0.05191,0.14035,0.04646,0.13020,0.04543,0.03560,0.06087
0.06113,0.05139,0.05975,0.09595,0.06331,0.05633,0.06561,0.05419,0.10655,0.07105,0.09858,0.04407,0.08862,0.08349
0.09636,0.09438,0.04431,0.07720,0.03101,0.02079,0.06739,0.04545,0.04675,0.14365,0.04055,0.06008,0.10561,0.12648
0.06464,0.06522,0.05804,0.03032,0.03753,0.12907,0.11836,0.03770,0.16508,0.03306,0.15038,0.03311,0.02821,0.04929
0.18019,0.06604,0.15667,0.05565,0.03421,0.04228,0.05624,0.05264,0.05641,0.04188,0.06111,0.08703,0.05069,0.05895
0.05097,0.13882,0.07630,0.08687,0.03937,0.02616,0.02008,0.12703,0.15691,0.02640,0.14720,0.03461,0.02969,0.03958
0.05398,0.06176,0.03863,0.04927,0.12207,0.13192,0.02922,0.04697,0.16263,0.03774,0.15807,0.02943,0.02872,0.04958
0.09293,0.06653,0.07900,0.05549,0.04396,0.04889,0.07738,0.07776,0.07054,0.08368,0.05577,0.06031,0.06404,0.12373
0.07150,0.05721,0.17086,0.14229,0.03646,0.03654,0.03653,0.02511,0.16535,0.02281,0.13881,0.03281,0.02528,0.03844
0.04073,0.03358,0.22563,0.22055,0.02242,0.02876,0.02451,0.01616,0.16676,0.01660,0.14758,0.01695,0.01331,0.02648
0.04257,0.05076,0.03211,0.03703,0.04476,0.08399,0.15143,0.03836,0.10137,0.12468,0.05827,0.03455,0.05552,0.14460
0.21954,0.04351,0.19086,0.04619,0.02911,0.04115,0.04302,0.03661,0.09536,0.03264,0.08119,0.05866,0.03205,0.05011
0.09781,0.08260,0.06501,0.07186,0.03844,0.02174,0.04054,0.04596,0.11618,0.07120,0.13258,0.06165,0.06432,0.09010
0.06507,0.03768,0.06227,0.05315,0.12520,0.12551,0.03714,0.04054,0.13623,0.04095,0.12265,0.04721,0.04649,0.05992
0.04959,0.05629,0.04546,0.02857,0.02093,0.02211,0.02675,0.04186,0.30405,0.02078,0.29707,0.03269,0.02268,0.03116
0.04290,0.02970,0.17657,0.19105,0.03979,0.06539,0.05294,0.02129,0.11309,0.02418,0.10929,0.04634,0.05547,0.03200
0.13771,0.02217,0.22300,0.15125,0.04595,0.03494,0.03331,0.02254,0.10138,0.02262,0.08895,0.04515,0.02424,0.04680
0.25588,0.25621,0.03949,0.04182,0.03414,0.02707,0.02742,0.03328,0.08452,0.02777,0.07961,0.02871,0.02513,0.03894
0.04376,0.04325,0.08496,0.08910,0.04029,0.12457,0.12024,0.03829,0.09957,0.07165,0.07869,0.04114,0.04102,0.08348
0.14580,0.11476,0.06040,0.05608,0.05286,0.05470,0.05587,0.04615,0.14065,0.03607,0.10881,0.02989,0.03667,0.06129
0.15581,0.11923,0.13510,0.05022,0.02475,0.02822,0.02286,0.09363,0.11451,0.02852,0.11179,0.06281,0.01901,0.03353
0.12195,0.10406,0.05375,0.06927,0.02808,0.02185,0.02813,0.07841,0.15560,0.02802,0.16544,0.05121,0.02435,0.06987
0.10507,0.07192,0.07254,0.04990,0.05460,0.03664,0.04105,0.04020,0.17663,0.04515,0.16292,0.04973,0.03221,0.06144
0.10142,0.03911,0.12361,0.09645,0.04647,0.05238,0.05860,0.03169,0.06388,0.07523,0.06028,0.08554,0.07409,0.09127
0.13090,0.10286,0.07475,0.03916,0.02495,0.02622,0.02816,0.05661,0.20419,0.01982,0.19910,0.03198,0.02411,0.03721
0.07973,0.07434,0.04071,0.04136,0.03753,0.01855,0.02256,0.05406,0.20584,0.03689,0.20473,0.08108,0.04481,0.05778
0.05511,0.04142,0.04514,0.03566,0.03245,0.02076,0.02499,0.02374,0.30819,0.03007,0.28844,0.04058,0.02039,0.03307
0.05324,0.07419,0.07209,0.10914,0.06900,0.03745,0.05610,0.07926,0.07756,0.06762,0.08593,0.06887,0.06937,0.08018
0.04708,0.04453,0.02677,0.02837,0.02032,0.01154,0.01888,0.09082,0.25422,0.03061,0.26698,0.04657,0.04610,0.06722
0.12780,0.04157,0.15002,0.07412,0.06937,0.06522,0.05739,0.04264,0.08021,0.04613,0.06776,0.05838,0.08192,0.03746
0.08920,0.05566,0.07903,0.07486,0.04269,0.03718,0.04382,0.06340,0.13187,0.04409,0.13081,0.07017,0.07015,0.06706
0.05590,0.03996,0.03812,0.08823,0.04494,0.02417,0.04185,0.06400,0.17681,0.04026,0.17885,0.07834,0.04750,0.08106
0.10701,0.23386,0.07624,0.03453,0.03908,0.03465,0.03488,0.19556,0.06753,0.02905,0.05197,0.03067,0.02568,0.03929
0.12315,0.15798,0.04913,0.01767,0.01995,0.03809,0.03557,0.05845,0.18461,0.02867,0.17635,0.05387,0.02061,0.03590
0.05457,0.02132,0.07417,0.03780,0.18612,0.16991,0.02225,0.03662,0.14257,0.02133,0.13173,0.03875,0.01602,0.04684
0.08409,0.03277,0.10314,0.08524,0.06437,0.02726,0.04300,0.02827,0.21233,0.02077,0.16817,0.03456,0.01362,0.08241
0.06833,0.11022,0.04534,0.02453,0.03373,0.06942,0.03727,0.06541,0.25779,0.01432,0.21732,0.01698,0.01445,0.02489
0.16340,0.03752,0.16094,0.09745,0.04960,0.03043,0.04530,0.03604,0.07726,0.03902,0.07417,0.05714,0.05812,0.07361
0.06431,0.07411,0.10504,0.06093,0.06580,0.08772,0.06811,0.07730,0.11179,0.04257,0.09681,0.04751,0.04932,0.04869
0.03286,0.03062,0.06351,0.04490,0.03121,0.03687,0.02903,0.01822,0.33002,0.01853,0.30360,0.01292,0.01205,0.03567
0.06155,0.05136,0.03534,0.04777,0.03285,0.04444,0.12429,0.05156,0.05229,0.15388,0.03450,0.03774,0.07320,0.19924
0.09159,0.12500,0.08807,0.06659,0.03245,0.02311,0.02557,0.09966,0.14898,0.03382,0.13318,0.04197,0.04235,0.04767
0.14320,0.08092,0.10542,0.04530,0.05253,0.06106,0.05763,0.06387,0.08505,0.05933,0.06646,0.06527,0.05080,0.06315
0.05262,0.05256,0.13381,0.15678,0.04765,0.03333,0.02891,0.04044,0.13687,0.02140,0.12799,0.03280,0.09646,0.03838
0.09110,0.04762,0.08280,0.04419,0.05424,0.04315,0.03231,0.01770,0.27399,0.01451,0.22554,0.01688,0.01175,0.04423
0.05584,0.06437,0.05120,0.17029,0.04693,0.03828,0.06085,0.08948,0.03815,0.06936,0.04631,0.06693,0.06129,0.14073
