0.41753,0.48169,0.05203,0.04875
0.50192,0.30868,0.09522,0.09418
0.43139,0.05446,0.26565,0.24850
0.43651,0.51977,0.02047,0.02325
0.23672,0.22733,0.26597,0.26999
0.36068,0.55705,0.04423,0.03804
0.28577,0.51953,0.09017,0.10452
0.15613,0.11149,0.33586,0.39652
0.16807,0.20333,0.35246,0.27614
0.63761,0.19968,0.08323,0.07948
0.57055,0.23609,0.09604,0.09732
0.11306,0.17583,0.44040,0.27071
0.70405,0.26942,0.01413,0.01240
0.23605,0.27390,0.24034,0.24970
0.43936,0.18297,0.21540,0.16227
0.92369,0.02397,0.02625,0.02610
0.28420,0.24361,0.19938,0.27282
0.43990,0.41143,0.07544,0.07323
0.22137,0.18744,0.27467,0.31653
0.09483,0.07517,0.27178,0.55822
0.68492,0.24041,0.03543,0.03924
0.45161,0.34498,0.09694,0.10647
0.61543,0.36415,0.01022,0.01020
0.10397,0.10867,0.28224,0.50511
0.46002,0.04427,0.22415,0.27156
0.20952,0.75525,0.01705,0.01818
0.51692,0.22701,0.12966,0.12641
0.52034,0.18876,0.14611,0.14479
0.21922,0.52937,0.13762,0.11379
0.40834,0.56704,0.01278,0.01185
0.92576,0.02443,0.02382,0.02599
0.53521,0.19937,0.12894,0.13649
0.51411,0.34128,0.06699,0.07762
0.30635,0.16500,0.23643,0.29222
0.40040,0.49452,0.05296,0.05212
0.48357,0.20864,0.14548,0.16231
0.55704,0.27563,0.08424,0.08309
0.36151,0.11550,0.26840,0.25459
0.34097,0.37194,0.13840,0.14870
0.36248,0.24866,0.20142,0.18745
0.44718,0.51671,0.01922,0.01689
0.07119,0.37539,0.25021,0.30320
0.28078,0.36040,0.18527,0.17354
0.26762,0.05430,0.30454,0.37355
0.48764,0.33711,0.09270,0.08255
0.56388,0.40746,0.01443,0.01423
0.73098,0.01668,0.10416,0.14818
0.53353,0.25832,0.10763,0.10052
0.17017,0.18405,0.38155,0.26423
0.90822,0.08333,0.00404,0.00441
0.64340,0.11854,0.12918,0.10888
0.45426,0.32668,0.11383,0.10523
0.60071,0.26996,0.06288,0.06645
0.42759,0.32062,0.12579,0.12599
0.23548,0.16016,0.30312,0.30124
0.57936,0.05635,0.15697,0.20731
0.58608,0.26431,0.07476,0.07485
0.19257,0.13702,0.32195,0.34846
0.53559,0.45522,0.00463,0.00455
0.54633,0.33753,0.05749,0.05865
0.22179,0.11965,0.40870,0.24986
0.69360,0.08138,0.10941,0.11560
0.64744,0.15164,0.10238,0.09854
0.13246,0.10037,0.36981,0.39736
0.30034,0.09138,0.25634,0.35195
0.61216,0.20138,0.09710,0.08935
0.28310,0.24684,0.23192,0.23814
0.43901,0.29047,0.13207,0.13845
0.32986,0.44011,0.12305,0.10699
0.38218,0.15302,0.25054,0.21426
0.10230,0.08776,0.34849,0.46145
0.28796,0.21015,0.29257,0.20931
0.10978,0.11504,0.34721,0.42798
0.82343,0.15553,0.01053,0.01051
0.73005,0.22286,0.02271,0.02438
0.47444,0.27864,0.13022,0.11670
0.27279,0.28168,0.22018,0.22535
0.42849,0.22506,0.17048,0.17598
0.46367,0.25815,0.14036,0.13783
0.40543,0.45349,0.07940,0.06168
0.36921,0.04956,0.27839,0.30284
0.69299,0.23428,0.03922,0.03351
0.44793,0.26866,0.15526,0.12815
0.25217,0.26214,0.26552,0.22017
0.91194,0.02139,0.03322,0.03344
0.40587,0.58552,0.00411,0.00450
0.05412,0.92696,0.00945,0.00948
0.31312,0.17470,0.22032,0.29186
0.46138,0.23986,0.16313,0.13563
0.29400,0.35141,0.17711,0.17748
0.51476,0.32874,0.08014,0.07636
0.41006,0.09952,0.25289,0.23753
0.59953,0.19171,0.10289,0.10587
0.63251,0.30620,0.03069,0.03060
0.83685,0.09143,0.03663,0.03509
0.38750,0.17578,0.20024,0.23648
0.48027,0.42230,0.04901,0.04841
0.47569,0.22389,0.15526,0.14517
0.28020,0.28179,0.22989,0.20812
0.52442,0.28863,0.09476,0.09220
