0.04145,0.04040,0.45879,0.45936
0.40192,0.09593,0.25028,0.25187
0.32216,0.31499,0.18022,0.18264
0.48715,0.45536,0.02940,0.02809
0.42255,0.40925,0.08327,0.08493
0.40448,0.37270,0.10842,0.11440
0.45442,0.45104,0.04728,0.04727
0.49266,0.48574,0.01121,0.01039
0.23632,0.22478,0.26962,0.26928
0.33250,0.32252,0.17082,0.17416
0.42007,0.40175,0.08957,0.08860
0.36404,0.32893,0.15598,0.15106
0.29609,0.28958,0.20880,0.20553
0.05266,0.05021,0.45018,0.44695
0.36285,0.35730,0.14086,0.13899
0.50938,0.47086,0.00921,0.01055
0.36237,0.35595,0.14073,0.14095
0.23259,0.23091,0.26863,0.26788
0.35724,0.35081,0.14806,0.14389
0.46787,0.45854,0.03543,0.03816
0.54024,0.13291,0.16384,0.16301
0.45842,0.42460,0.05954,0.05745
0.40838,0.40224,0.09590,0.09348
0.41424,0.40535,0.09175,0.08865
0.17394,0.17406,0.32561,0.32639
0.40956,0.39917,0.09470,0.09657
0.48084,0.47576,0.02079,0.02262
0.43509,0.43234,0.06711,0.06545
0.49166,0.47161,0.01864,0.01808
0.15040,0.14464,0.35369,0.35128
0.39521,0.37286,0.11704,0.11490
0.35041,0.32534,0.16222,0.16203
0.37913,0.36114,0.13006,0.12967
0.37882,0.37588,0.12350,0.12180
0.38426,0.37553,0.11997,0.12024
0.48150,0.47803,0.02012,0.02035
0.43000,0.42378,0.07468,0.07154
0.47678,0.44099,0.04161,0.04062
0.47458,0.47216,0.02835,0.02490
0.30527,0.30108,0.19759,0.19606
0.24248,0.24098,0.25819,0.25835
0.38440,0.38061,0.11713,0.11786
0.42944,0.41535,0.07681,0.07841
0.31740,0.31036,0.18582,0.18642
0.50151,0.46487,0.01854,0.01508
0.79158,0.03242,0.09077,0.08523
0.43350,0.42610,0.07056,0.06983
0.43273,0.41884,0.07088,0.07755
0.35289,0.32759,0.15861,0.16092
0.40375,0.38079,0.10914,0.10633
0.42920,0.39748,0.08593,0.08739
0.45912,0.46057,0.04116,0.03915
0.31873,0.30545,0.18461,0.19121
0.76666,0.16730,0.03335,0.03269
0.45449,0.15669,0.19798,0.19084
0.46653,0.43961,0.04826,0.04560
0.15522,0.25642,0.29984,0.28852
0.44919,0.43281,0.05553,0.06247
0.32957,0.31431,0.17772,0.17840
0.33822,0.31397,0.17422,0.17359
0.30985,0.29634,0.19793,0.19588
0.44991,0.05726,0.24874,0.24408
0.27459,0.26449,0.23021,0.23072
0.40882,0.40611,0.09225,0.09282
0.44869,0.44899,0.05134,0.05098
0.49537,0.48661,0.00839,0.00963
0.36427,0.33628,0.14712,0.15233
0.42916,0.41677,0.07673,0.07734
0.47280,0.46654,0.03001,0.03065
0.41002,0.39478,0.09841,0.09678
0.48585,0.47984,0.01713,0.01718
0.07292,0.06137,0.43215,0.43356
0.19229,0.18520,0.31039,0.31212
0.28116,0.27287,0.22418,0.22180
0.22630,0.75079,0.01051,0.01240
0.33186,0.32083,0.17252,0.17479
0.44727,0.43629,0.05860,0.05783
0.01954,0.01690,0.48091,0.48265
0.47267,0.46591,0.03037,0.03105
0.04199,0.25209,0.35643,0.34950
0.39785,0.39520,0.10400,0.10295
0.50209,0.46842,0.01479,0.01471
0.49192,0.47420,0.01673,0.01716
0.61362,0.21965,0.07885,0.08788
0.34907,0.19419,0.23114,0.22560
0.04371,0.04171,0.45689,0.45770
0.30020,0.28658,0.20458,0.20863
0.47006,0.45726,0.03473,0.03794
0.27470,0.26617,0.23117,0.22795
0.22735,0.21922,0.27609,0.27735
0.47672,0.47213,0.02499,0.02616
0.44535,0.43215,0.05886,0.06364
0.38610,0.11929,0.24579,0.24883
0.41772,0.41631,0.08280,0.08316
0.31968,0.30556,0.18756,0.18720
0.41210,0.37717,0.10360,0.10713
0.35303,0.34065,0.15145,0.15487
0.01951,0.01713,0.48032,0.48304
0.48443,0.46976,0.02225,0.02356
0.47932,0.47794,0.02165,0.02109
0.17501,0.16306,0.33276,0.32917
0.45249,0.44963,0.04652,0.05136
0.31565,0.31890,0.18440,0.18105
0.20486,0.19173,0.30180,0.30161
0.36481,0.36064,0.13519,0.13936
0.83403,0.06668,0.05160,0.04768
0.19893,0.18364,0.30911,0.30832
0.44073,0.43261,0.06437,0.06229
0.92422,0.04355,0.01719,0.01504
0.23225,0.21617,0.27264,0.27894
0.42801,0.40697,0.08179,0.08323
0.10790,0.10427,0.39321,0.39462
0.04475,0.40416,0.26360,0.28748
0.19699,0.09120,0.35696,0.35485
0.32112,0.30471,0.18742,0.18675
0.22443,0.22611,0.27697,0.27249
0.45432,0.45076,0.04713,0.04778
0.19510,0.18752,0.30651,0.31087
0.05437,0.79591,0.06336,0.08636
0.09321,0.09147,0.40749,0.40784
0.18444,0.17231,0.32228,0.32097
0.37409,0.36572,0.12900,0.13119
0.25519,0.24619,0.24869,0.24993
0.42553,0.40542,0.08399,0.08506
0.26616,0.26660,0.23473,0.23251
0.13034,0.12499,0.37245,0.37223
0.32586,0.30786,0.17783,0.18845
0.32441,0.32386,0.17688,0.17485
0.44911,0.41891,0.06465,0.06733
0.48447,0.47813,0.01910,0.01830
0.38159,0.37304,0.11988,0.12549
0.48970,0.46801,0.02042,0.02187
0.86091,0.08968,0.02560,0.02381
0.47163,0.46941,0.03004,0.02893
0.38938,0.36904,0.11990,0.12168
0.37893,0.36350,0.12844,0.12912
0.07436,0.55511,0.18192,0.18861
0.14874,0.14669,0.35298,0.35158
0.17161,0.16812,0.32996,0.33032
0.30974,0.30574,0.19159,0.19293
0.20550,0.19645,0.29945,0.29860
0.12724,0.12678,0.37039,0.37559
0.49152,0.48948,0.00962,0.00938
0.43729,0.42935,0.06615,0.06720
0.10647,0.09620,0.39644,0.40090
0.18413,0.18626,0.31642,0.31320
0.29092,0.28647,0.21042,0.21219
0.49935,0.46576,0.01868,0.01621
0.09872,0.09311,0.40499,0.40318
0.12613,0.11905,0.37820,0.37662
0.12889,0.34676,0.26206,0.26228
0.31496,0.30180,0.19004,0.19319
0.48912,0.45977,0.02459,0.02651
0.08901,0.08694,0.41073,0.41331
0.19451,0.18717,0.30971,0.30861
0.13264,0.13267,0.36673,0.36796
0.26331,0.25530,0.24142,0.23998
0.35677,0.34094,0.15196,0.15033
0.48272,0.46369,0.02671,0.02688
0.23610,0.22552,0.26651,0.27187
0.29236,0.29063,0.20734,0.20967
0.50858,0.46935,0.01063,0.01143
0.48457,0.45709,0.03050,0.02784
0.41592,0.38674,0.09812,0.09923
0.39407,0.38598,0.11100,0.10895
0.45574,0.44248,0.04971,0.05207
0.47995,0.45043,0.03418,0.03543
0.12546,0.12006,0.37841,0.37607
0.43407,0.42502,0.07013,0.07079
0.46420,0.45102,0.03951,0.04527
0.47822,0.47773,0.02243,0.02162
0.74946,0.17147,0.03879,0.04028
0.36615,0.35790,0.13941,0.13654
0.27227,0.26848,0.23192,0.22733
0.28394,0.26342,0.22596,0.22669
0.42678,0.41797,0.07623,0.07902
0.36510,0.35181,0.14066,0.14244
0.20679,0.20387,0.29463,0.29471
0.20640,0.19285,0.30065,0.30010
0.10707,0.09287,0.39951,0.40055
0.18076,0.17609,0.32023,0.32292
0.07975,0.07543,0.42187,0.42295
0.33554,0.09669,0.28311,0.28466
0.47211,0.46410,0.03087,0.03292
0.42953,0.41313,0.07705,0.08029
0.32234,0.32071,0.17987,0.17708
0.46891,0.46083,0.03413,0.03613
0.24430,0.24462,0.25738,0.25370
0.15620,0.15542,0.34542,0.34296
0.48685,0.47031,0.01986,0.02297
0.18198,0.18246,0.31807,0.31750
0.04101,0.02591,0.46696,0.46611
0.44084,0.43241,0.06326,0.06349
0.60307,0.12680,0.13870,0.13143
0.17951,0.02701,0.39827,0.39520
0.48830,0.47954,0.01630,0.01586
0.70625,0.22290,0.03469,0.03615
0.29015,0.27994,0.21601,0.21390
0.41210,0.38799,0.09893,0.10098
0.48588,0.47012,0.02129,0.02271
0.47008,0.46381,0.03237,0.03374
0.90585,0.04530,0.02478,0.02407
0.05139,0.21286,0.35780,0.37795
0.20342,0.19845,0.29741,0.30073
0.34865,0.32270,0.16288,0.16577
0.19942,0.20083,0.30020,0.29955
0.45265,0.44073,0.05353,0.05309
0.33746,0.32908,0.16402,0.16944
0.31313,0.30681,0.19182,0.18823
0.46355,0.44799,0.04117,0.04730
0.37886,0.37410,0.12379,0.12325
0.46009,0.45099,0.04492,0.04400
0.27977,0.27905,0.22050,0.22068
0.33932,0.30877,0.17540,0.17651
0.48784,0.47917,0.01705,0.01594
0.25379,0.24516,0.24904,0.25200
0.43316,0.43226,0.06820,0.06638
0.15776,0.05888,0.39205,0.39130
0.15291,0.14151,0.35073,0.35486
0.79465,0.12293,0.03934,0.04307
0.42853,0.42487,0.07288,0.07372
0.25062,0.24223,0.25101,0.25614
0.47843,0.46390,0.03092,0.02675
0.46204,0.45579,0.04211,0.04006
0.35659,0.11046,0.26312,0.26983
0.50568,0.46976,0.01233,0.01223
0.01377,0.01158,0.48691,0.48774
0.89507,0.04500,0.02924,0.03070
0.48500,0.48195,0.01570,0.01734
0.43081,0.42422,0.07220,0.07277
0.45395,0.42627,0.05703,0.06275
0.42483,0.40289,0.08569,0.08659
0.43945,0.42901,0.06564,0.06589
0.47557,0.46726,0.02646,0.03071
0.48803,0.44638,0.03143,0.03416
0.57926,0.35930,0.02925,0.03220
0.08749,0.03106,0.43989,0.44156
0.35888,0.33650,0.15206,0.15257
0.07256,0.48942,0.21266,0.22536
0.80733,0.16424,0.01343,0.01501
0.44550,0.42796,0.06423,0.06231
0.45921,0.42951,0.05543,0.05586
0.12476,0.12503,0.37385,0.37636
0.29135,0.27964,0.21431,0.21470
0.28901,0.27744,0.21462,0.21893
0.20424,0.19915,0.29739,0.29922
0.39534,0.37300,0.11544,0.11622
0.38564,0.36897,0.12130,0.12409
0.43157,0.43018,0.06886,0.06939
0.45499,0.44377,0.05317,0.04807
0.36130,0.35365,0.14125,0.14379
0.23993,0.22751,0.26837,0.26419
0.33571,0.33627,0.16521,0.16281
0.18214,0.17524,0.32086,0.32176
0.10203,0.10190,0.39755,0.39852
0.36651,0.34286,0.14564,0.14500
0.18002,0.18035,0.32130,0.31832
0.31003,0.30607,0.19126,0.19265
0.04080,0.14013,0.40871,0.41036
0.26737,0.26083,0.23834,0.23346
0.36143,0.36020,0.14053,0.13783
0.38952,0.37413,0.11615,0.12020
0.22888,0.22140,0.27377,0.27596
0.38664,0.38273,0.11283,0.11780
0.20532,0.19624,0.30133,0.29711
0.22296,0.21240,0.28265,0.28199
0.43357,0.40553,0.07952,0.08137
0.18395,0.17390,0.32256,0.31959
0.40250,0.39781,0.10018,0.09952
0.41368,0.39166,0.09871,0.09595
0.36111,0.35684,0.14078,0.14127
0.49078,0.48594,0.01139,0.01189
0.24121,0.23496,0.26327,0.26056
0.37245,0.36462,0.13043,0.13251
0.40326,0.37479,0.10938,0.11257
0.43210,0.43002,0.06968,0.06821
0.49103,0.47612,0.01665,0.01620
0.20669,0.19220,0.30135,0.29976
0.40511,0.39480,0.09703,0.10306
0.26853,0.24928,0.24187,0.24033
0.05427,0.05272,0.44557,0.44744
0.41150,0.39710,0.09361,0.09780
0.48749,0.46879,0.02250,0.02123
0.40686,0.40262,0.09378,0.09675
0.50841,0.47425,0.00890,0.00844
0.46341,0.43567,0.05029,0.05063
0.29446,0.29354,0.20634,0.20566
0.47600,0.45665,0.03274,0.03461
0.38981,0.38793,0.10934,0.11292
0.24084,0.22674,0.26780,0.26461
0.48986,0.47152,0.01915,0.01947
0.26593,0.26082,0.23585,0.23740
0.12822,0.11873,0.37646,0.37659
0.03478,0.03548,0.46522,0.46452
0.47222,0.46902,0.02835,0.03041
0.49050,0.47810,0.01476,0.01664
0.37116,0.36836,0.13058,0.12990
0.07051,0.06624,0.43259,0.43066
0.33711,0.32284,0.16931,0.17074
0.49019,0.45596,0.02598,0.02787
