0.03215,0.03080,0.01816,0.02497,0.03018,0.02898,0.02693,0.02496,0.25789,0.27337,0.02131,0.02329,0.01930,0.01886,0.02343,0.02354,0.03332,0.03288,0.02801,0.02768
0.02234,0.02395,0.02226,0.03678,0.29057,0.25623,0.02492,0.02496,0.01975,0.02009,0.02232,0.02135,0.02159,0.02184,0.02087,0.02039,0.02155,0.02180,0.04259,0.04386
0.01488,0.01454,0.01793,0.03088,0.02445,0.02403,0.01420,0.01392,0.01805,0.01763,0.28660,0.03221,0.03982,0.04230,0.02275,0.02225,0.01770,0.01674,0.16234,0.16678
0.03540,0.03465,0.02362,0.01290,0.01825,0.01877,0.04687,0.04700,0.02697,0.02643,0.02271,0.02175,0.04268,0.04334,0.20714,0.23377,0.04995,0.04977,0.01942,0.01862
0.08738,0.08920,0.02130,0.03536,0.03407,0.03367,0.02441,0.02371,0.02986,0.02991,0.02333,0.05190,0.02778,0.02876,0.01804,0.01880,0.05380,0.04822,0.16074,0.15977
0.01121,0.01086,0.00898,0.02216,0.01380,0.01381,0.01142,0.01106,0.00877,0.00906,0.01702,0.01495,0.30194,0.40979,0.00903,0.00884,0.01403,0.01359,0.04575,0.04395
0.03725,0.03350,0.03846,0.02141,0.02641,0.02719,0.03003,0.03261,0.02525,0.02462,0.04624,0.03644,0.04269,0.04447,0.18044,0.20244,0.03670,0.03761,0.03830,0.03793
0.01779,0.01828,0.01600,0.01575,0.03403,0.03384,0.01280,0.01293,0.01402,0.01461,0.02400,0.02127,0.01950,0.01806,0.06377,0.05488,0.02482,0.02449,0.27310,0.28605
0.02820,0.02803,0.02629,0.04445,0.02316,0.02379,0.02371,0.02404,0.05869,0.06111,0.03092,0.03277,0.02924,0.02598,0.03776,0.03680,0.03132,0.02881,0.20653,0.19842
0.02029,0.02046,0.01537,0.03366,0.34633,0.24542,0.01961,0.01882,0.01570,0.01514,0.02114,0.01981,0.01828,0.01823,0.01445,0.01470,0.03094,0.02919,0.04021,0.04224
0.02560,0.02494,0.02214,0.03486,0.03478,0.03659,0.27215,0.20973,0.02475,0.02583,0.02144,0.05844,0.02044,0.01991,0.02612,0.02529,0.02223,0.02246,0.03601,0.03627
0.04690,0.05161,0.02053,0.03322,0.03274,0.03160,0.02182,0.02168,0.02348,0.02269,0.02232,0.02480,0.02521,0.02497,0.01797,0.01776,0.03033,0.02989,0.26930,0.23118
0.01377,0.01371,0.01366,0.02237,0.01470,0.01511,0.01510,0.01522,0.01684,0.01749,0.01341,0.02668,0.01207,0.01174,0.39562,0.30543,0.01360,0.01417,0.02498,0.02433
0.02396,0.02460,0.01433,0.01891,0.02787,0.02672,0.02268,0.02337,0.01408,0.01467,0.02496,0.02305,0.02113,0.02083,0.14970,0.15989,0.01844,0.01797,0.17572,0.17712
0.01570,0.01478,0.01386,0.03130,0.01683,0.01710,0.01189,0.01136,0.01635,0.01585,0.01558,0.01600,0.01963,0.01899,0.01305,0.01414,0.26229,0.19743,0.14148,0.13640
0.00941,0.00889,0.00881,0.01282,0.00763,0.00766,0.00814,0.00839,0.00887,0.00829,0.79664,0.01698,0.00953,0.00970,0.00834,0.00811,0.01235,0.01266,0.01839,0.01840
0.02690,0.02895,0.06010,0.06039,0.09640,0.10421,0.03995,0.04074,0.03760,0.03716,0.04334,0.04992,0.03169,0.03141,0.03147,0.03007,0.02363,0.02340,0.09848,0.10419
0.02061,0.01870,0.01593,0.02717,0.01957,0.01966,0.01694,0.01690,0.01721,0.01663,0.02760,0.02151,0.26803,0.31132,0.02118,0.02022,0.01878,0.01964,0.05130,0.05110
0.02432,0.02399,0.01990,0.02537,0.02656,0.02676,0.02550,0.02480,0.02287,0.02265,0.01744,0.02911,0.02713,0.02743,0.02051,0.02083,0.09816,0.09413,0.20940,0.21312
0.02629,0.02475,0.01311,0.02047,0.02068,0.02169,0.01841,0.01766,0.02910,0.02790,0.02336,0.02279,0.02040,0.01928,0.02002,0.01969,0.02249,0.02276,0.27978,0.32938
0.02114,0.02059,0.01746,0.01664,0.01237,0.01242,0.02049,0.01957,0.02048,0.01999,0.01503,0.02123,0.01781,0.01766,0.01684,0.01769,0.40559,0.25968,0.02426,0.02306
0.02040,0.01985,0.02006,0.01610,0.02234,0.02174,0.02414,0.02358,0.03435,0.03381,0.04037,0.02140,0.21320,0.24466,0.02806,0.02772,0.04003,0.04161,0.05254,0.05402
0.01213,0.01242,0.01213,0.02316,0.01489,0.01466,0.01602,0.01664,0.01396,0.01401,0.01465,0.02879,0.01290,0.01262,0.39142,0.32187,0.01281,0.01235,0.02181,0.02078
0.02174,0.02238,0.01301,0.01421,0.02820,0.02724,0.01516,0.01535,0.03774,0.03937,0.02571,0.02203,0.02187,0.01885,0.02156,0.02142,0.02237,0.02109,0.28004,0.31066
0.02375,0.02342,0.13145,0.02661,0.01928,0.01798,0.01855,0.01848,0.05376,0.05300,0.02719,0.03831,0.08643,0.08932,0.02341,0.02402,0.05756,0.05394,0.10322,0.11034
0.01821,0.01816,0.03791,0.58514,0.02395,0.02406,0.01952,0.01883,0.03005,0.02866,0.02123,0.01728,0.01734,0.01774,0.01932,0.01870,0.01989,0.02054,0.02139,0.02210
0.03364,0.03382,0.02322,0.02944,0.04452,0.04361,0.18075,0.14596,0.02817,0.02788,0.04442,0.02151,0.03237,0.03058,0.05765,0.05482,0.04809,0.04766,0.03612,0.03576
0.02282,0.02215,0.01851,0.04146,0.02596,0.02612,0.01487,0.01506,0.02645,0.02529,0.39779,0.06840,0.02813,0.02740,0.01997,0.02081,0.03033,0.03241,0.06853,0.06757
0.02070,0.02151,0.01860,0.03014,0.01941,0.01906,0.02236,0.02136,0.20914,0.27985,0.02797,0.03013,0.02150,0.02087,0.02397,0.02280,0.02409,0.02310,0.07109,0.07234
0.00927,0.00872,0.00730,0.01700,0.01300,0.01358,0.01084,0.01069,0.00848,0.00856,0.02759,0.01199,0.32541,0.43587,0.00673,0.00677,0.01157,0.01135,0.02729,0.02797
0.01057,0.01039,0.01025,0.01213,0.01201,0.01213,0.00929,0.00933,0.01128,0.01092,0.77642,0.01552,0.01126,0.01154,0.00922,0.00933,0.01279,0.01258,0.01615,0.01688
0.01485,0.01527,0.01045,0.01332,0.01916,0.01825,0.01408,0.01403,0.01235,0.01316,0.01187,0.01908,0.01727,0.01757,0.01556,0.01560,0.33962,0.23440,0.09012,0.09399
0.02374,0.02316,0.01488,0.02118,0.31479,0.26986,0.02392,0.02564,0.01542,0.01471,0.02068,0.03235,0.02280,0.02273,0.01670,0.01739,0.02485,0.02519,0.03419,0.03584
0.02176,0.02129,0.01881,0.02119,0.02352,0.02449,0.01562,0.01572,0.01561,0.01575,0.03047,0.02991,0.13055,0.11568,0.01544,0.01573,0.03786,0.03810,0.19172,0.20078
0.01355,0.01289,0.01355,0.01847,0.01726,0.01756,0.01364,0.01349,0.01447,0.01484,0.30609,0.37755,0.01759,0.01847,0.01123,0.01155,0.01721,0.01589,0.03729,0.03740
0.02690,0.02818,0.09805,0.07424,0.03193,0.03033,0.16663,0.14231,0.03219,0.03284,0.02661,0.05858,0.02491,0.02395,0.01892,0.01880,0.02732,0.02810,0.05412,0.05507
0.03155,0.03197,0.02816,0.02404,0.27315,0.24123,0.04049,0.03674,0.01835,0.01861,0.02854,0.02432,0.02376,0.02289,0.01854,0.01828,0.02507,0.02548,0.03392,0.03491
0.04538,0.05408,0.10453,0.05236,0.02849,0.02837,0.02341,0.02188,0.04224,0.03563,0.03532,0.05045,0.02746,0.02715,0.02259,0.02095,0.04251,0.04662,0.14285,0.14773
0.02390,0.02519,0.11011,0.26751,0.02750,0.02854,0.02730,0.02863,0.03979,0.03841,0.02321,0.03134,0.03259,0.03283,0.02454,0.02503,0.03361,0.03327,0.07322,0.07348
0.02990,0.02860,0.03953,0.04065,0.03310,0.03380,0.03428,0.03337,0.04486,0.04241,0.04052,0.04716,0.10853,0.10765,0.01815,0.01817,0.05385,0.06039,0.09369,0.09138
0.00956,0.00891,0.00858,0.03194,0.01167,0.01182,0.01085,0.01073,0.00829,0.00863,0.02276,0.01537,0.32643,0.40758,0.00733,0.00702,0.01537,0.01502,0.03249,0.02966
0.02669,0.02544,0.02137,0.24483,0.03070,0.02938,0.02195,0.02155,0.02241,0.02219,0.02127,0.03456,0.02911,0.02931,0.02692,0.02631,0.02942,0.03297,0.15199,0.15164
0.01157,0.01097,0.01032,0.02085,0.02471,0.02472,0.01313,0.01289,0.01156,0.01171,0.02070,0.01705,0.21614,0.25141,0.01109,0.01115,0.01982,0.02065,0.13891,0.14063
0.02068,0.02057,0.01505,0.02709,0.02915,0.02977,0.01556,0.01545,0.01748,0.01771,0.13098,0.03162,0.02696,0.02644,0.01827,0.01838,0.02575,0.02549,0.23004,0.25758
0.02451,0.02535,0.01702,0.02707,0.28444,0.27513,0.03881,0.03711,0.01497,0.01578,0.02746,0.01564,0.01633,0.01597,0.01633,0.01551,0.02518,0.02359,0.04242,0.04137
0.01405,0.01505,0.01331,0.02130,0.01311,0.01289,0.01334,0.01273,0.37144,0.34471,0.01783,0.02454,0.01275,0.01225,0.01047,0.01019,0.01578,0.01493,0.02442,0.02493
0.02661,0.02612,0.39953,0.01867,0.01763,0.01738,0.01293,0.01253,0.05218,0.04079,0.01467,0.04097,0.03616,0.03696,0.01604,0.01658,0.06151,0.05810,0.04713,0.04749
0.02265,0.02536,0.02806,0.01834,0.28950,0.24045,0.03493,0.03511,0.02130,0.02179,0.02295,0.02785,0.02042,0.01958,0.01756,0.01814,0.02128,0.02053,0.04743,0.04677
0.01606,0.01618,0.02423,0.02168,0.01984,0.01950,0.01782,0.01819,0.02820,0.02686,0.02673,0.03635,0.02818,0.02870,0.07175,0.07984,0.02425,0.02502,0.24529,0.22533
0.00803,0.00797,0.00668,0.00810,0.00731,0.00757,0.00729,0.00703,0.00682,0.00639,0.00658,0.01116,0.00952,0.00894,0.00753,0.00757,0.66049,0.18966,0.01227,0.01309
0.01592,0.01579,0.01352,0.01861,0.01313,0.01351,0.01305,0.01344,0.01254,0.01255,0.01216,0.01780,0.01522,0.01612,0.01262,0.01255,0.41449,0.19189,0.08376,0.08132
0.01633,0.01517,0.01376,0.01960,0.01780,0.01858,0.01376,0.01394,0.01397,0.01408,0.03179,0.01998,0.28543,0.28777,0.01171,0.01177,0.01656,0.01654,0.08204,0.07942
0.01689,0.01634,0.01668,0.02843,0.01739,0.01752,0.01792,0.01827,0.01641,0.01657,0.01977,0.02370,0.01718,0.01631,0.34336,0.26787,0.01688,0.01646,0.04744,0.04863
0.02864,0.02749,0.01768,0.05961,0.24857,0.23507,0.02693,0.02644,0.01578,0.01453,0.03516,0.01775,0.02288,0.02343,0.01542,0.01570,0.02538,0.02533,0.05862,0.05959
0.02197,0.02112,0.02314,0.02257,0.02373,0.02353,0.09162,0.08898,0.02590,0.02564,0.01935,0.05605,0.02548,0.02531,0.01739,0.01794,0.02057,0.02094,0.21721,0.21156
0.01729,0.01743,0.15809,0.01227,0.01480,0.01496,0.02339,0.02104,0.15659,0.08892,0.01276,0.06069,0.03512,0.03397,0.01273,0.01340,0.07006,0.06109,0.08549,0.08991
0.02157,0.02296,0.01935,0.01633,0.02751,0.02709,0.01883,0.01800,0.02378,0.02294,0.47790,0.11317,0.01852,0.01898,0.02026,0.02030,0.01786,0.01817,0.03796,0.03849
0.01982,0.02045,0.02909,0.03748,0.06384,0.06138,0.02690,0.02606,0.03055,0.02962,0.03838,0.02655,0.02587,0.02589,0.02425,0.02490,0.02685,0.02611,0.21984,0.21617
0.01259,0.01260,0.00936,0.02613,0.01121,0.01135,0.01424,0.01351,0.38244,0.36048,0.02412,0.02493,0.01099,0.01081,0.00936,0.00849,0.01474,0.01342,0.01457,0.01465
0.01341,0.01269,0.01157,0.02475,0.02315,0.02387,0.01772,0.01734,0.01168,0.01169,0.04514,0.01849,0.30813,0.31289,0.00991,0.00961,0.01957,0.01835,0.04591,0.04413
0.02159,0.02089,0.02225,0.05088,0.03018,0.02968,0.07095,0.06343,0.02452,0.02530,0.02674,0.03338,0.02360,0.02331,0.01392,0.01367,0.02493,0.02379,0.24273,0.21427
0.01902,0.01916,0.09479,0.01764,0.01196,0.01330,0.01693,0.01697,0.32262,0.15033,0.02024,0.04609,0.02170,0.02111,0.01708,0.01807,0.02118,0.02196,0.06280,0.06703
0.01781,0.01824,0.01514,0.02341,0.05092,0.04786,0.31245,0.19518,0.01869,0.02013,0.01763,0.06606,0.01326,0.01322,0.01644,0.01635,0.02499,0.02474,0.04234,0.04515
0.01904,0.01827,0.01301,0.01917,0.02190,0.02151,0.01578,0.01523,0.01508,0.01479,0.01767,0.02043,0.05322,0.05241,0.01434,0.01371,0.01928,0.01947,0.30839,0.30729
0.03876,0.03674,0.04563,0.02817,0.04296,0.04137,0.03570,0.03319,0.03788,0.03608,0.05142,0.02881,0.04892,0.05086,0.04522,0.04226,0.03870,0.04105,0.13655,0.13974
0.02256,0.02329,0.01650,0.02053,0.01857,0.01884,0.01717,0.01638,0.01564,0.01605,0.01827,0.01937,0.02128,0.02240,0.02164,0.02212,0.34659,0.24425,0.05150,0.04705
0.02563,0.02626,0.01602,0.03696,0.15028,0.15070,0.02787,0.02573,0.02351,0.02459,0.03383,0.02470,0.02931,0.02810,0.01791,0.01775,0.02776,0.02754,0.14351,0.14203
0.03313,0.03192,0.02153,0.01970,0.02157,0.02224,0.03064,0.02918,0.02905,0.03012,0.01995,0.02709,0.03351,0.03321,0.02767,0.02894,0.22884,0.20153,0.06541,0.06479
0.01129,0.01116,0.00987,0.01836,0.01521,0.01556,0.01336,0.01261,0.01105,0.01056,0.01863,0.01477,0.27570,0.32935,0.00971,0.00950,0.01572,0.01576,0.09313,0.08868
0.02158,0.02100,0.01866,0.02446,0.03108,0.03063,0.17888,0.14213,0.02472,0.02596,0.01670,0.03387,0.02056,0.02086,0.01099,0.01111,0.02784,0.02836,0.15761,0.15300
0.01533,0.01540,0.01267,0.01796,0.01858,0.01808,0.01291,0.01251,0.01491,0.01568,0.02522,0.02116,0.03974,0.04017,0.01878,0.01791,0.02577,0.02636,0.31459,0.31628
0.02950,0.03125,0.01753,0.02735,0.02844,0.02857,0.02308,0.02159,0.12017,0.11577,0.03100,0.03215,0.02346,0.02311,0.02110,0.01977,0.04217,0.04079,0.16853,0.15464
0.02189,0.02118,0.01717,0.03171,0.02411,0.02337,0.01633,0.01653,0.02038,0.02051,0.02515,0.02107,0.02807,0.02799,0.02736,0.02632,0.04165,0.04110,0.26447,0.28364
0.00982,0.00940,0.00975,0.00873,0.00861,0.00857,0.00911,0.00882,0.00844,0.00818,0.01011,0.01109,0.01249,0.01250,0.00881,0.00839,0.54777,0.26199,0.01866,0.01874
0.01423,0.01402,0.01617,0.02324,0.02522,0.02545,0.41851,0.25595,0.01390,0.01420,0.01635,0.04878,0.01236,0.01187,0.00976,0.00955,0.01439,0.01491,0.02020,0.02094
0.03296,0.03451,0.03489,0.04782,0.02506,0.02679,0.03093,0.02809,0.19091,0.17837,0.03255,0.03361,0.02332,0.02472,0.04337,0.04659,0.03357,0.03273,0.04934,0.04987
0.02239,0.02090,0.02495,0.03749,0.02418,0.02381,0.02446,0.02356,0.02177,0.02139,0.03164,0.03530,0.13326,0.14864,0.02862,0.02757,0.02669,0.02589,0.15039,0.14709
0.03037,0.02851,0.03795,0.03343,0.02815,0.02705,0.02115,0.02141,0.03812,0.03767,0.02804,0.04145,0.16721,0.15034,0.01748,0.01792,0.04136,0.04128,0.09526,0.09585
0.02372,0.02475,0.01915,0.05424,0.24550,0.20542,0.02375,0.02336,0.01899,0.01869,0.06773,0.01837,0.02361,0.02475,0.01629,0.01560,0.02424,0.02394,0.06357,0.06431
0.03178,0.03259,0.01813,0.02624,0.01985,0.01875,0.02473,0.02438,0.25907,0.27370,0.01944,0.02597,0.02282,0.02212,0.02522,0.02377,0.02860,0.02792,0.03789,0.03702
0.02584,0.02476,0.10042,0.02513,0.02852,0.02779,0.03032,0.02813,0.06043,0.05637,0.02951,0.05038,0.03160,0.03177,0.01989,0.01890,0.04321,0.03973,0.16475,0.16255
0.01453,0.01407,0.01411,0.02796,0.40997,0.27182,0.01717,0.01727,0.01172,0.01165,0.01389,0.01534,0.01470,0.01458,0.01568,0.01493,0.02314,0.02193,0.02781,0.02775
0.02392,0.02286,0.02460,0.01807,0.02002,0.01866,0.02521,0.02450,0.25077,0.21210,0.02997,0.03393,0.02466,0.02378,0.01673,0.01645,0.02370,0.02246,0.08366,0.08396
0.01974,0.01870,0.01835,0.02745,0.02661,0.02573,0.01760,0.01724,0.01961,0.02000,0.02438,0.03208,0.14214,0.15356,0.01562,0.01520,0.02219,0.02167,0.18841,0.17372
0.01061,0.01067,0.01120,0.01384,0.01235,0.01273,0.01084,0.00996,0.01016,0.00973,0.75936,0.01508,0.01287,0.01247,0.01208,0.01209,0.01490,0.01366,0.01728,0.01813
0.01033,0.01034,0.00880,0.02159,0.01025,0.01009,0.01056,0.01003,0.36686,0.41231,0.01481,0.02302,0.01010,0.00965,0.00977,0.00918,0.01185,0.01132,0.01480,0.01433
0.01328,0.01358,0.01688,0.72060,0.01508,0.01561,0.01484,0.01433,0.01514,0.01495,0.01858,0.01756,0.01334,0.01332,0.01460,0.01396,0.01304,0.01233,0.01411,0.01487
0.03180,0.03285,0.06927,0.03484,0.02237,0.02071,0.02508,0.02425,0.07395,0.07013,0.02710,0.07515,0.04007,0.04049,0.03853,0.04129,0.03371,0.03377,0.13320,0.13145
0.01620,0.01575,0.01398,0.01913,0.03523,0.03497,0.28517,0.22632,0.01230,0.01307,0.01333,0.03226,0.01438,0.01380,0.01156,0.01150,0.01935,0.01918,0.10155,0.09096
0.02776,0.02837,0.02807,0.05550,0.02347,0.02286,0.03153,0.03037,0.14077,0.14601,0.04541,0.04180,0.03479,0.03308,0.03402,0.03559,0.04190,0.03685,0.08244,0.07942
0.01550,0.01582,0.01674,0.03423,0.01946,0.01880,0.01746,0.01636,0.31858,0.28053,0.02675,0.03259,0.01339,0.01256,0.01524,0.01410,0.01693,0.01613,0.04855,0.05028
0.02606,0.02581,0.09053,0.03712,0.02904,0.02949,0.09416,0.07339,0.06579,0.05714,0.02189,0.04264,0.02398,0.02234,0.01668,0.01698,0.03935,0.04034,0.12748,0.11978
0.02068,0.02077,0.01732,0.01887,0.02233,0.02243,0.01849,0.01869,0.02429,0.02532,0.49428,0.07187,0.02214,0.02348,0.02145,0.02148,0.01839,0.01824,0.04978,0.04967
0.01643,0.01579,0.01620,0.02989,0.02234,0.02229,0.02356,0.02305,0.01571,0.01631,0.02370,0.03272,0.02037,0.02123,0.32715,0.28305,0.01585,0.01533,0.02921,0.02983
0.01137,0.01099,0.00829,0.01051,0.00818,0.00824,0.00885,0.00856,0.00872,0.00877,0.00726,0.01080,0.01068,0.01080,0.00954,0.00873,0.58567,0.19938,0.03234,0.03233
0.03287,0.03379,0.07404,0.06376,0.02712,0.02646,0.05295,0.05229,0.04628,0.04702,0.03742,0.14627,0.03068,0.03002,0.02466,0.02402,0.03163,0.03549,0.09327,0.08998
0.01085,0.01125,0.01147,0.02289,0.01728,0.01748,0.01248,0.01252,0.01137,0.01122,0.01787,0.01820,0.31674,0.36394,0.01088,0.01062,0.01434,0.01475,0.04726,0.04660
0.03533,0.03743,0.03688,0.03157,0.04783,0.04542,0.19951,0.16673,0.03107,0.02892,0.02163,0.05085,0.02507,0.02406,0.01694,0.01734,0.03248,0.03236,0.06003,0.05856
0.02085,0.02070,0.01559,0.03071,0.02359,0.02332,0.02678,0.02607,0.15395,0.16107,0.05393,0.02689,0.01866,0.01965,0.01613,0.01677,0.02829,0.02497,0.14329,0.14878
0.01473,0.01451,0.01383,0.04054,0.01827,0.01786,0.01777,0.01596,0.01775,0.01735,0.03689,0.01932,0.28310,0.27526,0.01568,0.01484,0.01990,0.02013,0.06380,0.06250
