0.75288,0.00000,0.15009,0.06267,0.00049,0.00405,0.02982
0.43183,0.00000,0.03156,0.06507,0.09548,0.00291,0.37316
0.47311,0.00114,0.39997,0.05767,0.00537,0.05875,0.00398
0.28867,0.00000,0.41941,0.25993,0.00892,0.02244,0.00064
0.39813,0.00000,0.05531,0.02575,0.06433,0.34108,0.11540
0.30094,0.00283,0.25414,0.01300,0.05692,0.36865,0.00353
0.59462,0.00211,0.23660,0.12033,0.02011,0.02622,0.00000
0.42991,0.12028,0.06125,0.07339,0.00245,0.09826,0.21445
0.16003,0.00000,0.19389,0.25654,0.03569,0.34888,0.00498
0.56458,0.00000,0.06436,0.04909,0.32170,0.00025,0.00003
0.52576,0.00000,0.32019,0.07274,0.01265,0.06849,0.00017
0.48514,0.00002,0.15299,0.10485,0.06400,0.19279,0.00023
0.53680,0.00120,0.14003,0.21619,0.05403,0.05032,0.00142
0.36574,0.00000,0.01410,0.11620,0.07418,0.40457,0.02521
0.38470,0.00005,0.14482,0.00404,0.09467,0.33571,0.03601
0.35427,0.00737,0.11990,0.11277,0.00222,0.21126,0.19223
0.10532,0.00000,0.05516,0.13289,0.04356,0.62681,0.03626
0.38910,0.00000,0.00924,0.00808,0.43134,0.02510,0.13714
0.78968,0.00000,0.05240,0.00142,0.00699,0.13810,0.01140
0.46270,0.00003,0.15211,0.15233,0.00001,0.23252,0.00031
0.70004,0.01792,0.00600,0.16293,0.02000,0.00428,0.08884
0.16032,0.00000,0.24977,0.21764,0.03761,0.31775,0.01691
0.70856,0.00017,0.02575,0.12812,0.11097,0.01990,0.00653
0.54106,0.00000,0.01405,0.09678,0.17313,0.00359,0.17138
0.19067,0.00000,0.21000,0.19320,0.08342,0.25141,0.07130
0.33425,0.00082,0.44042,0.02408,0.00011,0.14691,0.05341
0.80055,0.00000,0.10855,0.01295,0.00092,0.03996,0.03707
0.36723,0.00000,0.06002,0.02318,0.03977,0.42679,0.08301
0.58755,0.00000,0.01970,0.28335,0.09172,0.01745,0.00023
0.04852,0.02526,0.18771,0.30408,0.00827,0.02014,0.40602
0.67011,0.00000,0.00052,0.05026,0.00718,0.01135,0.26057
0.29043,0.00001,0.12021,0.37627,0.17232,0.00029,0.04046
0.32006,0.21607,0.13847,0.30819,0.00604,0.00990,0.00126
0.25140,0.00000,0.10212,0.54973,0.08324,0.00000,0.01351
0.19176,0.00000,0.08821,0.11922,0.59268,0.00186,0.00627
0.29919,0.00000,0.33155,0.00681,0.00257,0.34734,0.01254
0.52953,0.00000,0.27296,0.01889,0.09939,0.07610,0.00312
0.81018,0.00005,0.10961,0.01881,0.00145,0.05137,0.00853
0.45494,0.00000,0.19840,0.00470,0.00219,0.33587,0.00390
0.31515,0.00000,0.01021,0.00512,0.05763,0.29051,0.32138
0.44893,0.00000,0.13123,0.29837,0.09798,0.02348,0.00001
0.55781,0.06465,0.13962,0.11095,0.04426,0.00476,0.07796
0.54090,0.00000,0.28842,0.03374,0.07113,0.06023,0.00558
0.08986,0.00018,0.09438,0.57794,0.01014,0.07037,0.15714
0.43211,0.00468,0.14347,0.10944,0.12063,0.14737,0.04231
0.55490,0.00028,0.02106,0.15048,0.19499,0.07033,0.00796
0.56811,0.00000,0.02966,0.32708,0.00110,0.00384,0.07021
0.42453,0.00000,0.00274,0.02889,0.00792,0.52748,0.00845
0.56015,0.00000,0.28154,0.01339,0.05476,0.00062,0.08954
0.12289,0.00156,0.25536,0.43063,0.09795,0.09149,0.00012
0.03327,0.10264,0.21429,0.06253,0.00010,0.34876,0.23841
0.66294,0.00000,0.04625,0.24463,0.00671,0.03942,0.00004
0.46079,0.00089,0.00132,0.06992,0.37774,0.06517,0.02417
0.42259,0.02439,0.17042,0.18916,0.01523,0.16780,0.01040
0.16252,0.00000,0.43374,0.01686,0.36776,0.01261,0.00651
0.31835,0.00000,0.36898,0.04492,0.24912,0.01773,0.00090
0.53596,0.00000,0.13852,0.15689,0.04415,0.12169,0.00279
0.65003,0.00003,0.16259,0.13671,0.00678,0.04183,0.00203
0.26997,0.00079,0.36828,0.17806,0.00407,0.17659,0.00224
0.75602,0.00000,0.00337,0.10839,0.11198,0.01818,0.00206
0.34787,0.00307,0.18847,0.38072,0.02277,0.01266,0.04444
0.62112,0.00261,0.05526,0.04292,0.00213,0.24003,0.03592
0.40386,0.00000,0.09661,0.40507,0.04360,0.04582,0.00503
0.18024,0.00002,0.17879,0.02930,0.11823,0.04249,0.45094
0.70491,0.00000,0.05642,0.03400,0.01117,0.13170,0.06180
0.35859,0.00000,0.00238,0.46479,0.04711,0.00316,0.12397
0.67201,0.00015,0.08690,0.05835,0.00231,0.06980,0.11048
0.19264,0.00032,0.10018,0.59817,0.09382,0.01338,0.00150
0.63687,0.00457,0.03198,0.28023,0.01341,0.01839,0.01454
0.50127,0.00000,0.09574,0.10203,0.20631,0.05286,0.04179
0.62545,0.02493,0.03272,0.24527,0.00000,0.06147,0.01015
0.64290,0.08686,0.01832,0.05910,0.02888,0.14928,0.01467
0.57392,0.00000,0.02893,0.39275,0.00208,0.00009,0.00224
0.66112,0.00001,0.07940,0.15549,0.00630,0.09636,0.00132
0.40901,0.00000,0.02824,0.50192,0.00250,0.03379,0.02455
0.70999,0.00000,0.09429,0.04338,0.00458,0.03846,0.10930
0.62372,0.00000,0.04272,0.12934,0.00370,0.01923,0.18130
0.26088,0.00000,0.54017,0.02623,0.06037,0.01515,0.09720
0.36097,0.00000,0.21443,0.03755,0.00523,0.08772,0.29409
0.28258,0.00203,0.43346,0.05594,0.03952,0.18548,0.00100
0.39447,0.01450,0.06103,0.15253,0.24969,0.12274,0.00504
0.04062,0.00001,0.47354,0.01077,0.06753,0.03307,0.37446
0.93771,0.00000,0.02877,0.00881,0.01810,0.00021,0.00640
0.33145,0.00000,0.06793,0.22744,0.01409,0.29690,0.06220
0.53990,0.00330,0.15560,0.04693,0.25105,0.00000,0.00323
0.13632,0.00009,0.09051,0.22530,0.49980,0.03706,0.01092
0.55785,0.00000,0.31894,0.00957,0.08440,0.02918,0.00006
0.09062,0.00004,0.03063,0.57326,0.01585,0.27850,0.01110
0.34954,0.00000,0.08724,0.22436,0.11704,0.19054,0.03126
0.62793,0.00850,0.04686,0.23408,0.00004,0.00856,0.07402
0.41548,0.00038,0.21170,0.07731,0.00373,0.04210,0.24931
0.76182,0.00000,0.02910,0.02959,0.00002,0.17809,0.00139
0.44643,0.00000,0.24991,0.08437,0.05699,0.15960,0.00270
0.38539,0.00127,0.27312,0.05235,0.15143,0.04255,0.09389
0.68659,0.00000,0.08090,0.18086,0.02440,0.02725,0.00000
0.43733,0.00133,0.00034,0.05187,0.01126,0.37920,0.11867
0.32397,0.00000,0.19079,0.04294,0.37958,0.03792,0.02478
0.09569,0.00002,0.32578,0.24748,0.05305,0.27586,0.00212
0.28300,0.00003,0.10768,0.25750,0.02069,0.00025,0.33085
0.54385,0.00000,0.20307,0.24199,0.00641,0.00114,0.00354
0.25064,0.00000,0.54826,0.01510,0.15807,0.02391,0.00401
0.43297,0.00000,0.08232,0.20627,0.13952,0.00465,0.13427
0.21462,0.00000,0.45649,0.15164,0.01822,0.07643,0.08260
0.41629,0.00000,0.01928,0.43209,0.01679,0.10328,0.01226
0.84997,0.00000,0.05970,0.02083,0.05659,0.01248,0.00044
0.18440,0.00002,0.65708,0.02090,0.04304,0.01815,0.07642
0.40831,0.00000,0.02103,0.34608,0.03129,0.15709,0.03619
0.25856,0.00000,0.23983,0.16758,0.00176,0.32653,0.00574
0.44310,0.00004,0.04794,0.25665,0.03192,0.21264,0.00770
0.24738,0.00036,0.50429,0.06209,0.07673,0.07016,0.03899
0.01500,0.00560,0.04436,0.13782,0.51077,0.00807,0.27838
0.47735,0.01115,0.19352,0.02684,0.00073,0.00064,0.28978
0.75751,0.00000,0.10859,0.05159,0.01524,0.02410,0.04297
0.20086,0.00000,0.00465,0.18097,0.33433,0.25712,0.02207
0.44753,0.00000,0.07009,0.06392,0.36295,0.00382,0.05170
0.23169,0.00234,0.02541,0.68332,0.01878,0.00341,0.03504
0.27341,0.00001,0.49075,0.18906,0.03354,0.01317,0.00005
0.62050,0.00000,0.21874,0.10543,0.03080,0.00201,0.02252
0.09314,0.00000,0.22971,0.03253,0.62930,0.00098,0.01434
0.45143,0.00023,0.28352,0.02052,0.12810,0.02208,0.09413
0.66220,0.00051,0.06935,0.04697,0.02756,0.01029,0.18311
0.31540,0.00000,0.09474,0.11472,0.00020,0.46238,0.01256
0.74088,0.00081,0.12274,0.01545,0.00213,0.11625,0.00175
0.42510,0.00098,0.10635,0.05053,0.08107,0.33490,0.00106
0.40920,0.00000,0.20081,0.36888,0.02004,0.00078,0.00028
0.47052,0.00000,0.25038,0.00377,0.00008,0.03115,0.24410
0.19132,0.00000,0.49547,0.05941,0.07736,0.01357,0.16288
0.19926,0.00038,0.41357,0.01934,0.01337,0.00046,0.35362
0.23418,0.03131,0.19480,0.13952,0.08331,0.20957,0.10730
0.24825,0.00000,0.17538,0.11419,0.00000,0.25765,0.20453
0.17165,0.00052,0.01201,0.38904,0.26253,0.02301,0.14123
0.33846,0.00000,0.36565,0.18309,0.03927,0.04410,0.02943
0.90162,0.00002,0.07679,0.01067,0.00579,0.00480,0.00030
0.30515,0.00000,0.13549,0.43355,0.02553,0.06214,0.03814
0.19563,0.00004,0.14879,0.48248,0.04059,0.09675,0.03572
0.66754,0.00316,0.01768,0.01326,0.02100,0.11142,0.16595
0.25817,0.00000,0.04361,0.50091,0.19729,0.00002,0.00000
0.76712,0.00000,0.09512,0.01943,0.11170,0.00259,0.00404
0.66138,0.00000,0.07597,0.07070,0.00399,0.01537,0.17260
0.34250,0.00502,0.10639,0.29482,0.23391,0.01111,0.00624
0.51563,0.03350,0.18036,0.08414,0.02491,0.16147,0.00000
0.63937,0.00006,0.30675,0.04898,0.00177,0.00001,0.00307
0.09977,0.00000,0.60094,0.03460,0.04179,0.17433,0.04857
0.15887,0.00020,0.02176,0.00098,0.79986,0.00000,0.01833
0.36364,0.00146,0.25002,0.22697,0.00910,0.12404,0.02477
0.56225,0.00003,0.02212,0.16935,0.02305,0.00346,0.21973
0.72378,0.00000,0.00628,0.09821,0.17160,0.00013,0.00000
0.18873,0.00000,0.27671,0.25779,0.21212,0.02187,0.04277
0.51704,0.00000,0.43533,0.02749,0.00382,0.00900,0.00731
0.56695,0.00000,0.15508,0.03053,0.00004,0.00229,0.24510
0.18187,0.00024,0.34104,0.47060,0.00193,0.00298,0.00134
0.33685,0.00000,0.26114,0.17121,0.12022,0.01235,0.09824
0.04703,0.00065,0.54514,0.39206,0.00186,0.00005,0.01321
0.54750,0.00000,0.03324,0.27467,0.03297,0.10991,0.00171
0.38197,0.00000,0.01420,0.01282,0.04531,0.54420,0.00150
0.62341,0.05423,0.09388,0.06712,0.04848,0.00015,0.11273
0.08592,0.00000,0.00059,0.78163,0.00275,0.12453,0.00458
0.71085,0.00114,0.14158,0.11228,0.01627,0.00381,0.01408
0.61685,0.01109,0.01744,0.13382,0.05872,0.16182,0.00026
0.29029,0.00000,0.44273,0.21233,0.01765,0.03589,0.00111
0.38858,0.00000,0.05970,0.24920,0.01947,0.19431,0.08875
0.59055,0.02180,0.00732,0.29919,0.00850,0.00605,0.06660
0.61787,0.00000,0.08064,0.09596,0.03623,0.13553,0.03377
0.62304,0.18535,0.09412,0.00746,0.00001,0.04857,0.04144
0.41529,0.04434,0.00607,0.06819,0.12498,0.34049,0.00063
0.01113,0.00473,0.37663,0.21339,0.09764,0.05312,0.24335
0.30892,0.01594,0.00425,0.24563,0.12626,0.21968,0.07932
0.46983,0.00000,0.10868,0.20172,0.04235,0.17732,0.00010
0.40289,0.00000,0.05933,0.14681,0.09778,0.29283,0.00036
0.80704,0.00000,0.13352,0.03292,0.02469,0.00125,0.00058
0.09200,0.00000,0.27983,0.54224,0.04526,0.03347,0.00719
0.77306,0.00000,0.15343,0.06889,0.00007,0.00312,0.00143
0.38192,0.00005,0.25229,0.22922,0.02073,0.11571,0.00010
0.47454,0.02341,0.40789,0.04903,0.01109,0.02958,0.00446
0.24772,0.00207,0.11676,0.31333,0.01150,0.27818,0.03044
0.79260,0.01491,0.05589,0.08306,0.00332,0.00290,0.04732
0.39444,0.01997,0.17419,0.20943,0.00039,0.20157,0.00001
0.53292,0.00447,0.12958,0.06452,0.20690,0.04047,0.02113
0.28397,0.00000,0.16894,0.11290,0.03775,0.28355,0.11288
0.45958,0.00000,0.04007,0.16710,0.20677,0.12605,0.00044
0.50902,0.00000,0.07644,0.22954,0.13723,0.04147,0.00630
0.38339,0.01779,0.06516,0.15342,0.28240,0.09391,0.00393
0.16501,0.00000,0.02538,0.69477,0.03245,0.05268,0.02970
0.32088,0.00503,0.21872,0.31974,0.07658,0.02000,0.03906
0.57924,0.00299,0.04703,0.28750,0.02051,0.05200,0.01074
0.22945,0.00018,0.11625,0.38194,0.18260,0.01657,0.07301
0.58345,0.00006,0.11539,0.03984,0.05421,0.19393,0.01313
0.49357,0.00000,0.27551,0.16287,0.00267,0.06243,0.00296
0.34381,0.00000,0.22826,0.11096,0.26596,0.00095,0.05007
0.47512,0.04466,0.10132,0.25837,0.00482,0.04316,0.07256
0.32984,0.00000,0.37651,0.07680,0.13934,0.06109,0.01643
0.83534,0.00720,0.00762,0.02915,0.08479,0.00189,0.03401
0.22581,0.00001,0.00132,0.10196,0.67002,0.00088,0.00000
0.65378,0.04869,0.00432,0.28789,0.00147,0.00225,0.00159
0.35696,0.00000,0.31744,0.05135,0.02308,0.01322,0.23795
0.19947,0.00158,0.28945,0.20716,0.01393,0.01684,0.27157
0.42875,0.00000,0.15753,0.05656,0.18918,0.10534,0.06264
0.15776,0.00000,0.41127,0.32859,0.00620,0.03469,0.06148
0.37378,0.00000,0.31152,0.00667,0.08252,0.01571,0.20980
0.43025,0.00000,0.31775,0.14327,0.08452,0.00678,0.01743
0.46002,0.00000,0.29407,0.13840,0.02151,0.08115,0.00484
0.44328,0.00000,0.17460,0.15651,0.12693,0.08319,0.01550
0.20914,0.00080,0.68887,0.06979,0.01845,0.00481,0.00815
0.84120,0.04336,0.04400,0.00264,0.01188,0.02595,0.03097
0.36416,0.00000,0.24067,0.18120,0.09440,0.00022,0.11935
0.24975,0.00013,0.52880,0.18973,0.02515,0.00304,0.00341
0.23876,0.00000,0.00414,0.25627,0.01762,0.45056,0.03264
0.64054,0.00000,0.02626,0.25692,0.01109,0.00245,0.06274
0.64698,0.21279,0.00861,0.11827,0.00093,0.00999,0.00243
0.52033,0.00000,0.28430,0.00013,0.13835,0.01590,0.04098
0.37825,0.00000,0.11696,0.12683,0.06022,0.02947,0.28827
0.22278,0.00068,0.21452,0.10724,0.29088,0.11459,0.04931
0.08470,0.00000,0.02169,0.61991,0.22977,0.00031,0.04362
0.49268,0.00000,0.19754,0.01891,0.12145,0.00186,0.16755
0.71008,0.00001,0.01793,0.24245,0.02138,0.00216,0.00600
0.12162,0.00000,0.00090,0.22812,0.58524,0.01212,0.05200
0.44276,0.00000,0.02613,0.24937,0.02244,0.00714,0.25216
0.38520,0.00011,0.08088,0.31490,0.05213,0.01036,0.15642
0.24735,0.00000,0.14727,0.13021,0.43073,0.03268,0.01175
0.39870,0.00035,0.47906,0.07066,0.03244,0.01852,0.00026
0.33251,0.00000,0.26718,0.06852,0.31170,0.00333,0.01676
0.35083,0.00000,0.23946,0.18880,0.02087,0.00387,0.19618
0.56213,0.00000,0.05268,0.07768,0.12831,0.01448,0.16471
0.47698,0.00000,0.23924,0.00871,0.06426,0.07241,0.13839
0.61998,0.00000,0.00136,0.22274,0.04286,0.11306,0.00000
0.27355,0.00000,0.17887,0.11351,0.02583,0.13316,0.27509
0.20537,0.00000,0.32654,0.31710,0.06369,0.02764,0.05966
0.29461,0.00105,0.04888,0.14071,0.51162,0.00314,0.00001
0.25269,0.00013,0.01010,0.16173,0.35500,0.01066,0.20969
0.42550,0.00000,0.33427,0.20298,0.00144,0.01845,0.01735
0.63359,0.00000,0.03598,0.19072,0.03909,0.00811,0.09251
0.19373,0.00000,0.19574,0.16019,0.01280,0.42374,0.01381
0.76500,0.00000,0.20320,0.00692,0.01284,0.01156,0.00049
0.92605,0.00316,0.00855,0.01249,0.01640,0.03327,0.00008
0.12858,0.00000,0.73938,0.11239,0.01009,0.00214,0.00743
0.34557,0.00000,0.07412,0.33933,0.22196,0.01903,0.00000
0.60401,0.00000,0.13557,0.13094,0.00662,0.08127,0.04159
0.22536,0.00000,0.46284,0.25609,0.05448,0.00120,0.00003
0.10304,0.00000,0.42524,0.24130,0.02316,0.19532,0.01193
0.56708,0.00696,0.25349,0.16154,0.00130,0.00460,0.00502
0.53206,0.07785,0.01803,0.07858,0.04603,0.08745,0.16000
0.43536,0.00281,0.05719,0.02300,0.25778,0.22288,0.00098
0.50859,0.00000,0.14887,0.15051,0.06918,0.03638,0.08647
0.48976,0.00000,0.29562,0.11408,0.09800,0.00233,0.00021
0.28944,0.01253,0.09285,0.14699,0.00467,0.00585,0.44767
0.12553,0.19783,0.57097,0.08030,0.01008,0.00012,0.01517
0.44755,0.00000,0.08085,0.03389,0.11791,0.31048,0.00932
0.42937,0.43495,0.04363,0.04965,0.00998,0.00705,0.02537
0.48450,0.00037,0.44778,0.00875,0.00094,0.04991,0.00774
0.52682,0.03487,0.04439,0.01724,0.37490,0.00145,0.00033
0.67234,0.00016,0.09238,0.07983,0.02161,0.00771,0.12597
0.15791,0.00829,0.13370,0.03706,0.25757,0.00188,0.40360
0.34989,0.00000,0.09177,0.33418,0.15438,0.02636,0.04342
0.19490,0.00000,0.11136,0.14404,0.19080,0.34886,0.01004
0.27740,0.00000,0.03686,0.56007,0.02384,0.01248,0.08935
0.84939,0.05543,0.02380,0.00943,0.00085,0.01053,0.05057
0.33996,0.00000,0.10413,0.13615,0.05729,0.13442,0.22805
0.35273,0.00009,0.22717,0.12897,0.00003,0.08809,0.20291
0.44967,0.00000,0.41015,0.00826,0.00185,0.05070,0.07937
0.54606,0.00741,0.23067,0.02404,0.08312,0.00841,0.10029
0.49029,0.00000,0.18967,0.05989,0.05712,0.14379,0.05924
0.25726,0.00002,0.60736,0.02734,0.00148,0.05849,0.04805
0.25877,0.00799,0.30929,0.39851,0.00674,0.01830,0.00041
0.62184,0.00002,0.06175,0.05565,0.00093,0.01589,0.24391
0.51920,0.00000,0.05583,0.03088,0.28368,0.10690,0.00351
0.56284,0.01153,0.04998,0.16885,0.04497,0.12884,0.03299
0.10336,0.00000,0.35210,0.21791,0.26634,0.01055,0.04975
0.57416,0.00009,0.23579,0.01294,0.13370,0.00778,0.03553
0.77234,0.00000,0.12543,0.00531,0.00578,0.01884,0.07230
0.44372,0.00000,0.12489,0.07320,0.11862,0.22215,0.01741
0.45214,0.01418,0.21881,0.02946,0.27178,0.00170,0.01192
0.24210,0.00709,0.58681,0.13841,0.00076,0.02484,0.00000
0.11062,0.00000,0.07418,0.26678,0.34971,0.04062,0.15808
0.74451,0.00000,0.00694,0.17119,0.00878,0.00765,0.06093
0.70456,0.00000,0.04913,0.05888,0.00276,0.18442,0.00026
0.64622,0.02142,0.11615,0.13310,0.05634,0.00029,0.02647
0.13458,0.01375,0.35377,0.33473,0.14593,0.01415,0.00308
0.54488,0.00995,0.18452,0.11017,0.11168,0.02447,0.01434
0.40888,0.00000,0.28398,0.25645,0.03695,0.00620,0.00754
0.21356,0.00000,0.10808,0.48254,0.02295,0.01725,0.15561
0.24323,0.00069,0.30537,0.12950,0.22781,0.02832,0.06508
0.47161,0.00000,0.15470,0.13766,0.23189,0.00072,0.00342
0.50127,0.17346,0.23418,0.02614,0.06478,0.00010,0.00007
0.62843,0.00053,0.19879,0.04975,0.07825,0.03767,0.00658
0.35572,0.00099,0.01559,0.34769,0.00137,0.27299,0.00564
0.86255,0.00000,0.00563,0.00008,0.00984,0.09553,0.02637
0.30080,0.00034,0.40454,0.03076,0.05705,0.01938,0.18712
0.22769,0.00000,0.07849,0.50559,0.03363,0.15416,0.00045
0.66795,0.00050,0.05608,0.05666,0.00197,0.20514,0.01170
0.31081,0.00000,0.37488,0.13190,0.00046,0.01634,0.16561
0.42026,0.00000,0.31330,0.04857,0.04258,0.12946,0.04582
0.27380,0.00000,0.27549,0.17099,0.15116,0.06372,0.06485
0.87831,0.00000,0.06807,0.00455,0.02515,0.00501,0.01890
0.38876,0.00147,0.05234,0.02801,0.51260,0.01604,0.00078
0.35206,0.00000,0.16987,0.15438,0.00144,0.23593,0.08632
0.67829,0.00074,0.06655,0.02200,0.15400,0.07830,0.00012
0.71422,0.05994,0.04514,0.06617,0.10304,0.01048,0.00101
0.55067,0.00000,0.01043,0.03338,0.00267,0.22130,0.18155
0.25951,0.00000,0.07808,0.49931,0.11804,0.04497,0.00009
0.37387,0.00000,0.46428,0.04879,0.00054,0.04080,0.07172
