0.09765,0.15509,0.18367,0.10172,0.06230,0.08024,0.11370,0.00732,0.11686,0.08146
0.18910,0.29121,0.02163,0.01406,0.01783,0.02950,0.17035,0.01043,0.17083,0.08506
0.23325,0.14926,0.04789,0.02235,0.01636,0.01214,0.24845,0.01196,0.24258,0.01576
0.17413,0.19005,0.01775,0.01221,0.01327,0.04851,0.24598,0.00761,0.22062,0.06986
0.09569,0.10658,0.03617,0.04118,0.04212,0.11969,0.24115,0.01656,0.23029,0.07057
0.26392,0.37605,0.01097,0.01478,0.01192,0.01343,0.14113,0.01159,0.14009,0.01614
0.35519,0.26658,0.00978,0.01245,0.00721,0.01344,0.14828,0.01248,0.14917,0.02541
0.12489,0.30663,0.03035,0.02210,0.01871,0.02418,0.21106,0.00597,0.20390,0.05221
0.35540,0.33315,0.01183,0.00835,0.00530,0.00457,0.13755,0.00339,0.13083,0.00963
0.19248,0.31506,0.03482,0.02737,0.01784,0.04707,0.15149,0.01467,0.14950,0.04969
0.36302,0.14520,0.01807,0.01430,0.00649,0.01103,0.18999,0.01538,0.22200,0.01452
0.10609,0.13166,0.09529,0.07169,0.02596,0.03448,0.22754,0.03952,0.21857,0.04921
0.49545,0.36385,0.00436,0.00513,0.00275,0.00286,0.05939,0.00398,0.05545,0.00679
0.19516,0.31118,0.01423,0.02244,0.01272,0.01655,0.21667,0.01021,0.16975,0.03109
0.39869,0.31289,0.02074,0.01148,0.00986,0.01172,0.09279,0.00663,0.09111,0.04409
0.19684,0.27828,0.02222,0.01974,0.01372,0.04809,0.15311,0.00930,0.17776,0.08094
0.06061,0.06024,0.01518,0.01340,0.00992,0.04256,0.34383,0.01371,0.40120,0.03935
0.14826,0.17702,0.04119,0.01765,0.01611,0.01369,0.21326,0.00918,0.18409,0.17956
0.09057,0.09836,0.03826,0.02802,0.01692,0.11250,0.19855,0.01161,0.28601,0.11920
0.65539,0.18796,0.01548,0.00946,0.00627,0.00631,0.05229,0.00517,0.04944,0.01223
0.30113,0.33217,0.01441,0.01769,0.01369,0.01960,0.14386,0.00812,0.12764,0.02169
0.18780,0.24404,0.09830,0.06630,0.01449,0.01743,0.14588,0.01067,0.16515,0.04995
0.48115,0.17888,0.01275,0.01454,0.00594,0.01192,0.12232,0.00827,0.13765,0.02658
0.26421,0.27363,0.00872,0.00942,0.00660,0.01100,0.16467,0.00678,0.23603,0.01893
0.21993,0.20111,0.01965,0.03241,0.02381,0.02127,0.21228,0.05686,0.18432,0.02837
0.06170,0.05903,0.01597,0.01050,0.00787,0.04175,0.29652,0.00466,0.27150,0.23050
0.10894,0.11262,0.04236,0.03414,0.02586,0.04343,0.23334,0.03409,0.29906,0.06615
0.17001,0.66735,0.00535,0.00513,0.00318,0.00317,0.06970,0.00442,0.06652,0.00519
0.36733,0.19155,0.00843,0.00868,0.00622,0.01363,0.17310,0.00469,0.21309,0.01330
0.23829,0.25890,0.02058,0.02052,0.03793,0.04150,0.15155,0.01075,0.19664,0.02335
0.12775,0.20768,0.08881,0.02866,0.01443,0.09274,0.13533,0.01581,0.13038,0.15840
0.11031,0.11045,0.03224,0.06624,0.01872,0.09792,0.23341,0.05716,0.23952,0.03404
0.53724,0.31112,0.00679,0.00650,0.00409,0.00620,0.05615,0.00410,0.05831,0.00952
0.07927,0.10267,0.02615,0.01821,0.01415,0.09137,0.27196,0.01515,0.30747,0.07359
0.22579,0.36731,0.01242,0.01015,0.00751,0.00945,0.17520,0.01472,0.16157,0.01587
0.28868,0.29984,0.01167,0.00920,0.00578,0.00599,0.18248,0.00712,0.17454,0.01470
0.14864,0.11224,0.02693,0.02142,0.01476,0.04318,0.29602,0.01132,0.29309,0.03240
0.22528,0.25326,0.02645,0.04009,0.01922,0.01876,0.18490,0.01137,0.20431,0.01635
0.15108,0.19602,0.01917,0.01926,0.01123,0.03183,0.23911,0.00489,0.23941,0.08800
0.11363,0.32646,0.01007,0.00841,0.00697,0.01625,0.23311,0.00703,0.25457,0.02351
0.14889,0.16500,0.01450,0.00945,0.01224,0.04428,0.19826,0.01222,0.18878,0.20636
0.17212,0.20688,0.03247,0.04660,0.02350,0.03146,0.20116,0.01986,0.23979,0.02616
0.29004,0.46682,0.00690,0.00756,0.00754,0.00780,0.10002,0.00871,0.09038,0.01422
0.21043,0.24227,0.04883,0.02924,0.02112,0.12405,0.12418,0.00819,0.13522,0.05647
0.27520,0.29637,0.01094,0.00772,0.00513,0.00519,0.20200,0.00609,0.16579,0.02557
0.26356,0.25241,0.02849,0.02040,0.01086,0.00933,0.22054,0.00629,0.17257,0.01555
0.26960,0.34495,0.01340,0.00959,0.00821,0.01158,0.14285,0.01464,0.15239,0.03279
0.06662,0.11004,0.02664,0.01958,0.01680,0.02541,0.27200,0.02520,0.37681,0.06090
0.08413,0.11680,0.02361,0.02293,0.01112,0.02251,0.18886,0.01097,0.18088,0.33819
0.18500,0.16245,0.06772,0.01971,0.03449,0.02291,0.19776,0.01544,0.19752,0.09701
0.14935,0.13992,0.09638,0.04567,0.02346,0.02512,0.20569,0.03567,0.19026,0.08848
0.20755,0.18175,0.05062,0.03674,0.03616,0.03220,0.17692,0.04054,0.16263,0.07489
0.23404,0.17978,0.02425,0.03849,0.01946,0.01336,0.20484,0.00861,0.26154,0.01563
0.18168,0.27953,0.01484,0.02047,0.01707,0.01434,0.21190,0.00806,0.23065,0.02146
0.27578,0.21460,0.01269,0.01336,0.01285,0.01231,0.18429,0.01915,0.23375,0.02122
0.14913,0.16613,0.01088,0.00837,0.00646,0.01869,0.28019,0.00782,0.29791,0.05443
0.06431,0.06227,0.05775,0.05927,0.02105,0.06333,0.25849,0.00500,0.25877,0.14977
0.08812,0.13958,0.04349,0.05511,0.01550,0.04859,0.22669,0.00951,0.19145,0.18197
0.11234,0.22038,0.07300,0.02566,0.00946,0.00831,0.28002,0.00502,0.24720,0.01861
0.09736,0.07879,0.10770,0.01288,0.01621,0.01185,0.10775,0.43595,0.11267,0.01884
0.25622,0.23417,0.02757,0.03469,0.02353,0.05624,0.12864,0.01204,0.13248,0.09442
0.20417,0.28610,0.04074,0.02500,0.01019,0.01238,0.18882,0.03039,0.18743,0.01478
0.11697,0.11112,0.03796,0.03151,0.02300,0.06447,0.25712,0.01415,0.24018,0.10352
0.30631,0.41087,0.00913,0.01077,0.00664,0.00957,0.10266,0.01066,0.11386,0.01953
0.11896,0.23485,0.10911,0.06561,0.02118,0.03057,0.14583,0.09380,0.14723,0.03287
0.25195,0.33359,0.00960,0.00582,0.00580,0.00919,0.20781,0.00598,0.14393,0.02633
0.22944,0.27142,0.00837,0.00667,0.00675,0.00915,0.22930,0.00699,0.18160,0.05030
0.18825,0.52794,0.01506,0.01153,0.00940,0.01198,0.10936,0.01166,0.09922,0.01559
0.06933,0.10471,0.01254,0.00968,0.00884,0.02851,0.32206,0.01013,0.39055,0.04366
0.25691,0.33967,0.01621,0.00917,0.01002,0.01554,0.15787,0.00564,0.17304,0.01592
0.10171,0.40176,0.01071,0.01024,0.00976,0.01609,0.18723,0.00624,0.23188,0.02438
0.17630,0.51193,0.01965,0.00753,0.00691,0.01743,0.10537,0.01169,0.10641,0.03678
0.21237,0.35311,0.01386,0.01132,0.01002,0.02796,0.14558,0.01249,0.16849,0.04479
0.29149,0.21688,0.04235,0.01581,0.01898,0.02599,0.16854,0.00499,0.16457,0.05041
0.28900,0.44382,0.00857,0.00506,0.00686,0.00618,0.12174,0.00549,0.09972,0.01356
0.14786,0.55391,0.00949,0.00844,0.00547,0.00465,0.12242,0.00630,0.12354,0.01792
0.19575,0.43871,0.01784,0.02040,0.01906,0.01775,0.13637,0.00597,0.11132,0.03684
0.24443,0.16555,0.04082,0.01809,0.01725,0.03528,0.18192,0.00603,0.23959,0.05104
0.22085,0.63736,0.01098,0.01064,0.00522,0.00486,0.05076,0.00428,0.04590,0.00915
0.18116,0.31138,0.00884,0.03727,0.01035,0.01217,0.19091,0.00433,0.22587,0.01772
0.11509,0.09449,0.26809,0.01215,0.01271,0.01261,0.17293,0.12812,0.14747,0.03635
0.09748,0.07883,0.12886,0.05252,0.03602,0.04944,0.26846,0.00690,0.24678,0.03472
0.36392,0.16277,0.00904,0.00890,0.00574,0.01097,0.20880,0.00556,0.19926,0.02504
0.17669,0.27486,0.01035,0.01042,0.00747,0.00940,0.22222,0.00903,0.26584,0.01373
0.15532,0.13949,0.03349,0.04066,0.02708,0.04703,0.20518,0.01493,0.26082,0.07601
0.33681,0.16128,0.01666,0.01693,0.01178,0.03043,0.17863,0.01567,0.19146,0.04035
0.07407,0.07057,0.02471,0.02011,0.01308,0.11807,0.29602,0.01360,0.31453,0.05524
0.22238,0.45190,0.00853,0.00840,0.00637,0.00594,0.13669,0.00671,0.14150,0.01157
0.07344,0.07378,0.04236,0.03423,0.02454,0.05123,0.28046,0.01162,0.28059,0.12775
0.14783,0.47552,0.00948,0.02092,0.01178,0.01139,0.14194,0.00770,0.14579,0.02765
0.28179,0.20165,0.04024,0.03258,0.01582,0.01120,0.20420,0.00618,0.18678,0.01956
0.28533,0.26881,0.01689,0.01191,0.00777,0.01550,0.15537,0.01535,0.14584,0.07724
0.34154,0.26702,0.00992,0.00910,0.00949,0.01360,0.16753,0.00619,0.14422,0.03139
0.10617,0.11565,0.09225,0.03683,0.01226,0.10668,0.20713,0.02276,0.21255,0.08771
0.36898,0.40582,0.01221,0.00771,0.00595,0.00680,0.08723,0.00326,0.09222,0.00984
0.26401,0.32805,0.02237,0.03355,0.02320,0.02373,0.13070,0.01036,0.13689,0.02715
0.11645,0.10509,0.02119,0.01548,0.01204,0.06553,0.25263,0.00793,0.31726,0.08640
0.21458,0.30005,0.02844,0.02614,0.03293,0.02821,0.16084,0.02470,0.13695,0.04716
0.22165,0.40784,0.00651,0.00476,0.00424,0.00443,0.15448,0.00747,0.18148,0.00714
0.45254,0.30472,0.02399,0.03423,0.01038,0.00457,0.06609,0.01071,0.07878,0.01398
