0.03643,0.03709,0.01366,0.01544,0.01202,0.01946,0.40539,0.00869,0.40816,0.04366
0.14402,0.14047,0.04062,0.02641,0.01223,0.00747,0.30283,0.01067,0.30210,0.01316
0.20028,0.17871,0.09504,0.06412,0.05022,0.03342,0.15466,0.01766,0.15292,0.05297
0.27081,0.28744,0.01450,0.01186,0.00754,0.01443,0.18983,0.00640,0.17907,0.01811
0.24505,0.25090,0.06587,0.03857,0.04396,0.03089,0.13789,0.01800,0.13330,0.03557
0.09291,0.06905,0.32401,0.00943,0.01068,0.00972,0.08108,0.31684,0.07030,0.01597
0.18564,0.19643,0.02299,0.01969,0.01504,0.02101,0.25013,0.01382,0.24740,0.02785
0.13842,0.14968,0.04976,0.04958,0.01864,0.02211,0.26427,0.01601,0.26603,0.02549
0.11679,0.11607,0.03812,0.03325,0.01971,0.02509,0.30906,0.01132,0.30581,0.02478
0.22505,0.22111,0.01250,0.01243,0.00751,0.01037,0.24866,0.00811,0.23697,0.01729
0.09541,0.09106,0.04191,0.04716,0.02618,0.02062,0.30768,0.02569,0.30490,0.03940
0.06737,0.06801,0.02343,0.01488,0.01156,0.01192,0.38952,0.01106,0.36795,0.03431
0.03481,0.04118,0.07860,0.07150,0.07195,0.03929,0.30828,0.01043,0.30936,0.03461
0.27142,0.28103,0.05153,0.06959,0.02097,0.02299,0.12154,0.01473,0.11727,0.02894
0.15517,0.15831,0.07873,0.07322,0.05308,0.04107,0.18293,0.02357,0.16741,0.06651
0.11203,0.10048,0.06479,0.04691,0.02703,0.03352,0.26670,0.01125,0.25985,0.07745
0.24887,0.25235,0.01910,0.01346,0.00812,0.00665,0.21025,0.00822,0.21722,0.01575
0.06876,0.04799,0.32422,0.00720,0.00483,0.00501,0.11078,0.31917,0.10436,0.00768
0.17399,0.17448,0.03135,0.02579,0.03596,0.02931,0.22690,0.01350,0.23388,0.05485
0.18259,0.17912,0.04069,0.03253,0.02281,0.01524,0.23523,0.01463,0.23537,0.04179
0.30339,0.30368,0.02198,0.01777,0.01413,0.01249,0.13828,0.01861,0.14570,0.02397
0.13407,0.14153,0.01851,0.02123,0.01131,0.01782,0.31581,0.00891,0.31396,0.01684
0.09010,0.08992,0.02199,0.02306,0.01020,0.01008,0.36435,0.01205,0.35320,0.02505
0.15675,0.14998,0.04314,0.04932,0.02023,0.01862,0.24971,0.02333,0.25033,0.03860
0.22019,0.21579,0.01877,0.02602,0.03095,0.02196,0.20586,0.01903,0.20950,0.03193
0.08602,0.07978,0.01816,0.01670,0.01567,0.02364,0.32462,0.03359,0.32452,0.07731
0.06796,0.07355,0.02697,0.02331,0.01157,0.01229,0.36496,0.00859,0.37589,0.03490
0.23575,0.23484,0.02596,0.01666,0.01602,0.02131,0.20905,0.01195,0.19089,0.03757
0.17164,0.16251,0.13261,0.13469,0.01431,0.01738,0.16381,0.01317,0.16548,0.02440
0.22323,0.22180,0.02900,0.01578,0.01300,0.01809,0.22079,0.01290,0.20773,0.03768
0.28374,0.25976,0.06230,0.05459,0.06520,0.01998,0.08701,0.04369,0.09158,0.03213
0.12563,0.12345,0.02841,0.02003,0.01466,0.00925,0.31650,0.01799,0.32416,0.01994
0.12351,0.12128,0.04730,0.05230,0.03076,0.01308,0.27576,0.02192,0.27590,0.03818
0.23344,0.23594,0.03384,0.02400,0.02070,0.02162,0.19442,0.02013,0.18838,0.02753
0.18155,0.17443,0.04460,0.02743,0.02195,0.01234,0.24370,0.01555,0.24083,0.03760
0.40484,0.41028,0.01307,0.01047,0.00797,0.00733,0.06298,0.00839,0.06156,0.01311
0.07556,0.06883,0.04577,0.02902,0.02395,0.01487,0.34999,0.01335,0.34721,0.03144
0.21267,0.20116,0.07655,0.04211,0.02686,0.01813,0.19251,0.01222,0.18836,0.02943
0.19170,0.19188,0.05315,0.04787,0.03795,0.01015,0.21937,0.01004,0.21346,0.02443
0.06403,0.07645,0.01967,0.03335,0.01677,0.01350,0.37474,0.00985,0.35950,0.03214
0.07081,0.07375,0.02714,0.01755,0.01954,0.01133,0.37391,0.01295,0.36786,0.02517
0.11411,0.09406,0.05201,0.03462,0.02726,0.02058,0.30344,0.01977,0.29969,0.03446
0.15369,0.14659,0.03269,0.02274,0.01993,0.01976,0.25113,0.02953,0.25268,0.07126
0.20315,0.20393,0.05823,0.04057,0.01634,0.01284,0.22243,0.00479,0.22071,0.01702
0.08283,0.08221,0.01908,0.02968,0.02148,0.01760,0.35686,0.01100,0.35018,0.02908
0.17675,0.18597,0.02502,0.01810,0.00941,0.01136,0.27819,0.01371,0.26336,0.01813
0.02386,0.02479,0.01852,0.01190,0.01040,0.01669,0.43318,0.00734,0.42348,0.02985
0.17279,0.16954,0.06390,0.02845,0.01927,0.01066,0.26328,0.00667,0.24935,0.01609
0.12251,0.12970,0.02706,0.03289,0.02121,0.02919,0.27538,0.04633,0.27232,0.04341
0.13349,0.13346,0.02736,0.02143,0.01249,0.01295,0.31018,0.01399,0.30617,0.02847
0.09499,0.09640,0.01371,0.02125,0.01161,0.01154,0.36243,0.00863,0.35668,0.02276
0.15180,0.15300,0.03585,0.03160,0.01280,0.01408,0.27666,0.01157,0.28616,0.02647
0.18649,0.19628,0.02325,0.02831,0.02488,0.01852,0.23511,0.01607,0.23358,0.03750
0.30978,0.31944,0.05712,0.03739,0.03937,0.03196,0.08429,0.01204,0.07976,0.02886
0.15036,0.16717,0.03117,0.02050,0.01538,0.02056,0.27710,0.02706,0.27201,0.01868
0.09152,0.09486,0.01893,0.02278,0.01288,0.01222,0.34690,0.01008,0.35200,0.03783
0.24502,0.27444,0.04743,0.02830,0.07786,0.01871,0.12334,0.03011,0.12193,0.03286
0.05031,0.04936,0.02925,0.02738,0.01907,0.02926,0.37709,0.02261,0.37155,0.02412
0.09941,0.10787,0.02095,0.02026,0.01889,0.01665,0.34327,0.01054,0.33727,0.02490
0.21736,0.21357,0.02235,0.01645,0.01428,0.00816,0.24255,0.00828,0.24089,0.01610
0.27951,0.27376,0.02052,0.02281,0.01496,0.01334,0.16087,0.01483,0.16774,0.03166
0.18455,0.18526,0.01697,0.01352,0.00905,0.00904,0.28841,0.00665,0.27350,0.01304
0.11472,0.11658,0.01809,0.02398,0.02242,0.01151,0.33909,0.00912,0.32448,0.02000
0.41315,0.40578,0.00827,0.00637,0.00513,0.00414,0.07132,0.00313,0.07394,0.00877
0.20304,0.20249,0.11624,0.09164,0.03883,0.02168,0.13230,0.02738,0.12999,0.03641
0.19244,0.18613,0.04254,0.03105,0.02093,0.02993,0.19796,0.02774,0.19631,0.07497
0.18240,0.18086,0.02279,0.01860,0.01493,0.00809,0.27580,0.01067,0.27159,0.01426
0.09822,0.09197,0.02730,0.01985,0.01532,0.01264,0.34707,0.01151,0.35295,0.02317
0.28997,0.30406,0.01633,0.01429,0.00653,0.00768,0.16883,0.00684,0.17261,0.01286
0.21593,0.22024,0.02205,0.01529,0.01114,0.01101,0.23120,0.01415,0.24333,0.01566
0.03511,0.05130,0.11459,0.09792,0.06203,0.03840,0.28104,0.01751,0.27029,0.03181
0.20906,0.20403,0.02849,0.03390,0.02623,0.01490,0.21523,0.02358,0.20820,0.03638
0.13057,0.12665,0.02575,0.01639,0.01187,0.01071,0.32450,0.01877,0.31702,0.01777
0.12592,0.10979,0.11725,0.12240,0.02743,0.02983,0.20148,0.02339,0.20250,0.04000
0.17549,0.17625,0.01063,0.00790,0.00530,0.00611,0.29903,0.00930,0.29674,0.01325
0.03086,0.03210,0.04483,0.01739,0.01448,0.03141,0.34192,0.01236,0.34598,0.12866
0.12043,0.12840,0.03210,0.04370,0.02768,0.03382,0.26564,0.02779,0.26470,0.05575
0.30459,0.30082,0.04181,0.03410,0.01116,0.00952,0.13218,0.00957,0.13479,0.02146
0.17703,0.17582,0.03238,0.02877,0.01379,0.01477,0.24842,0.01534,0.26363,0.03005
0.32913,0.32464,0.02331,0.01831,0.00917,0.01083,0.12474,0.00693,0.12079,0.03216
0.26079,0.28073,0.01782,0.03110,0.02038,0.01580,0.15804,0.01481,0.16127,0.03926
0.05024,0.04068,0.05219,0.03145,0.01524,0.01411,0.34293,0.02466,0.34124,0.08726
0.19509,0.19579,0.03095,0.03155,0.01510,0.01140,0.24836,0.01166,0.23900,0.02110
0.19207,0.19205,0.01639,0.01729,0.01370,0.01161,0.26440,0.01259,0.26507,0.01483
0.13179,0.12982,0.03507,0.03418,0.03048,0.03130,0.26406,0.02520,0.26626,0.05183
0.20216,0.19768,0.03882,0.02819,0.02313,0.02554,0.21021,0.02677,0.20952,0.03798
0.18676,0.19228,0.06953,0.04955,0.03387,0.02080,0.19443,0.03601,0.18476,0.03202
0.18112,0.17324,0.01690,0.01190,0.00974,0.01051,0.29058,0.00590,0.28371,0.01640
0.13136,0.12509,0.11727,0.10005,0.04094,0.02333,0.19575,0.02930,0.19561,0.04130
0.33275,0.34490,0.01163,0.01191,0.00888,0.01194,0.13335,0.00756,0.12549,0.01160
0.05123,0.05146,0.05946,0.05657,0.02003,0.01719,0.34893,0.01810,0.34409,0.03295
0.08583,0.10179,0.01794,0.02487,0.01534,0.01336,0.35088,0.01254,0.34920,0.02825
0.20851,0.20893,0.01048,0.00702,0.00574,0.00761,0.26936,0.00447,0.26828,0.00958
0.21252,0.22590,0.11454,0.04787,0.06914,0.03239,0.12896,0.01478,0.12746,0.02644
0.17347,0.17941,0.01236,0.02116,0.01119,0.01678,0.26555,0.00918,0.26347,0.04744
0.21128,0.20214,0.03512,0.02818,0.02928,0.02036,0.20842,0.00966,0.20007,0.05549
0.33320,0.32737,0.04022,0.00951,0.00959,0.01406,0.10785,0.01428,0.11177,0.03216
0.10678,0.11388,0.04787,0.02900,0.02062,0.01879,0.32098,0.00989,0.30803,0.02416
0.23087,0.22643,0.04290,0.02370,0.01107,0.01134,0.21262,0.01146,0.21191,0.01772
0.10408,0.09725,0.07279,0.07537,0.03288,0.01735,0.28657,0.01986,0.27253,0.02131
0.20350,0.19040,0.04045,0.04200,0.03003,0.01816,0.21388,0.01868,0.20451,0.03839
0.07736,0.07763,0.01249,0.01396,0.00897,0.01215,0.38063,0.01198,0.37306,0.03178
0.22977,0.22997,0.02268,0.01961,0.01406,0.01059,0.22375,0.00818,0.22279,0.01860
0.12755,0.13083,0.17678,0.05019,0.02682,0.03370,0.19990,0.02060,0.19249,0.04114
0.09417,0.09703,0.01942,0.01749,0.01272,0.01792,0.34175,0.01859,0.33354,0.04738
0.04664,0.05996,0.08230,0.03973,0.01222,0.01059,0.36232,0.00829,0.36055,0.01740
0.29872,0.30960,0.01302,0.00930,0.00849,0.00922,0.16795,0.00768,0.16273,0.01329
0.11510,0.11798,0.04169,0.02690,0.02427,0.03365,0.30541,0.00731,0.29487,0.03283
0.27454,0.26631,0.03407,0.02609,0.02209,0.01341,0.16895,0.01106,0.16171,0.02177
0.19749,0.19576,0.01718,0.01371,0.00643,0.00934,0.26430,0.00558,0.26376,0.02645
0.23262,0.24740,0.03139,0.02647,0.02578,0.02023,0.18865,0.01504,0.18134,0.03108
0.20205,0.20316,0.02182,0.01995,0.01642,0.00919,0.24815,0.00800,0.25521,0.01605
0.17242,0.16985,0.02979,0.02235,0.01239,0.01357,0.23535,0.03470,0.24314,0.06644
0.05958,0.05172,0.17882,0.08064,0.07918,0.03633,0.22620,0.02101,0.22504,0.04149
0.11952,0.11694,0.01840,0.01552,0.01313,0.00724,0.34608,0.00912,0.34141,0.01265
0.05989,0.06476,0.03732,0.04341,0.02878,0.04426,0.32591,0.03149,0.31393,0.05025
0.33980,0.33900,0.06357,0.04408,0.01772,0.02339,0.06068,0.01892,0.06647,0.02636
0.26548,0.26605,0.01535,0.01665,0.00696,0.00909,0.20087,0.00695,0.20212,0.01046
0.11221,0.10846,0.06624,0.03781,0.02300,0.01699,0.29612,0.01572,0.28970,0.03375
0.22149,0.22009,0.01763,0.01615,0.01062,0.00921,0.24328,0.00775,0.22686,0.02692
0.22793,0.22527,0.02723,0.03106,0.02006,0.01773,0.21867,0.01023,0.20564,0.01618
0.15426,0.15812,0.01932,0.01714,0.00984,0.01114,0.30335,0.00787,0.30141,0.01755
0.24735,0.24915,0.02981,0.03131,0.02763,0.03397,0.15685,0.01807,0.16082,0.04503
0.15284,0.12109,0.07367,0.05672,0.02274,0.02125,0.24166,0.03134,0.24655,0.03214
0.12812,0.12393,0.01529,0.02073,0.01238,0.01633,0.32404,0.01084,0.33101,0.01734
0.12341,0.12393,0.02499,0.01760,0.01950,0.01626,0.30860,0.01233,0.31389,0.03948
0.27233,0.26576,0.02274,0.02048,0.00841,0.01098,0.18716,0.00911,0.18113,0.02189
0.18551,0.19106,0.01906,0.01808,0.00875,0.01129,0.27056,0.00911,0.26851,0.01806
0.16294,0.15971,0.04198,0.03179,0.02257,0.01806,0.26484,0.01215,0.26907,0.01688
0.04723,0.04381,0.03518,0.02417,0.01555,0.01928,0.36694,0.03269,0.36432,0.05082
0.08301,0.07980,0.01238,0.00776,0.01171,0.00667,0.38464,0.00579,0.39158,0.01666
0.09537,0.09383,0.02892,0.02134,0.01617,0.01567,0.34964,0.00788,0.34162,0.02956
0.09039,0.08325,0.02193,0.03067,0.01610,0.01418,0.34827,0.02433,0.34984,0.02104
0.19533,0.20099,0.03908,0.02850,0.02603,0.02297,0.19338,0.02597,0.20344,0.06430
0.05888,0.05696,0.02133,0.01385,0.01264,0.01086,0.38989,0.00783,0.39664,0.03112
0.22353,0.22563,0.02601,0.02428,0.02512,0.01371,0.20538,0.01880,0.19977,0.03777
0.07679,0.07575,0.01708,0.00944,0.00656,0.00791,0.39625,0.01020,0.38732,0.01269
0.25717,0.25655,0.06835,0.02362,0.01631,0.01159,0.17033,0.01017,0.17050,0.01541
0.16758,0.17474,0.02878,0.01657,0.01504,0.01421,0.27211,0.01149,0.26056,0.03892
0.15273,0.15331,0.01927,0.01192,0.01221,0.00976,0.30202,0.00739,0.30994,0.02145
0.19311,0.17857,0.13745,0.03867,0.02748,0.01466,0.15206,0.08191,0.15622,0.01988
0.08914,0.08302,0.06762,0.06650,0.02741,0.02832,0.29699,0.01508,0.29707,0.02886
0.07931,0.07409,0.03197,0.03319,0.02291,0.02281,0.33149,0.01479,0.33958,0.04988
0.19210,0.19516,0.01978,0.02071,0.01049,0.00751,0.26001,0.01295,0.25789,0.02340
0.24012,0.22636,0.07601,0.02743,0.01465,0.01795,0.16359,0.03714,0.15809,0.03866
0.11661,0.10486,0.15809,0.11850,0.04516,0.02441,0.18988,0.02064,0.19668,0.02517
0.21753,0.21314,0.01534,0.01735,0.01807,0.01117,0.23628,0.01091,0.23934,0.02089
0.36776,0.35772,0.02307,0.01806,0.01802,0.01408,0.08732,0.01228,0.08163,0.02006
0.10282,0.09623,0.05424,0.06495,0.02842,0.02488,0.26071,0.04787,0.25704,0.06284
0.16881,0.17038,0.03751,0.03142,0.03019,0.01842,0.25038,0.02387,0.23934,0.02969
0.22259,0.21303,0.01733,0.01531,0.01199,0.00667,0.24461,0.01036,0.24235,0.01576
0.08123,0.07747,0.19133,0.18383,0.00550,0.00718,0.21963,0.00558,0.21572,0.01252
0.05504,0.05654,0.04165,0.03966,0.01686,0.01766,0.36903,0.01301,0.36250,0.02807
0.15195,0.15613,0.02767,0.01936,0.01122,0.01289,0.30027,0.00940,0.29103,0.02009
0.19997,0.19250,0.06136,0.04963,0.02268,0.02530,0.18596,0.01707,0.19346,0.05207
0.04032,0.04469,0.02866,0.03389,0.03411,0.02610,0.35095,0.05245,0.34773,0.04112
0.07312,0.06918,0.01596,0.01292,0.00878,0.00727,0.39508,0.00974,0.39135,0.01659
0.35112,0.35072,0.01592,0.00987,0.00982,0.00878,0.11494,0.01492,0.10868,0.01523
0.28878,0.28765,0.02678,0.01547,0.01791,0.01902,0.14312,0.01285,0.14943,0.03899
0.11985,0.12308,0.04749,0.03986,0.02308,0.04197,0.27671,0.01639,0.27677,0.03480
0.09713,0.09870,0.01627,0.01494,0.01258,0.00614,0.36000,0.01169,0.36831,0.01423
0.24601,0.25122,0.01434,0.01112,0.01127,0.00902,0.21218,0.00529,0.20946,0.03009
0.11884,0.11824,0.02213,0.02081,0.01945,0.00997,0.32274,0.02314,0.31561,0.02905
0.26620,0.25213,0.02628,0.01596,0.02651,0.02834,0.16673,0.01008,0.16254,0.04523
0.17022,0.17192,0.03403,0.05537,0.03199,0.03741,0.22973,0.01717,0.21255,0.03961
0.22489,0.23324,0.01520,0.01991,0.00770,0.01451,0.23850,0.00930,0.21091,0.02583
0.19507,0.19211,0.04952,0.05684,0.02473,0.01937,0.21392,0.01406,0.21064,0.02374
0.16955,0.16661,0.02589,0.05647,0.03406,0.01759,0.24308,0.02811,0.23686,0.02179
0.07481,0.08891,0.02761,0.07326,0.03170,0.01261,0.34488,0.00658,0.32700,0.01264
0.05838,0.04908,0.02359,0.02629,0.00888,0.04240,0.37482,0.02238,0.35662,0.03755
0.09482,0.08515,0.19155,0.19989,0.05375,0.01002,0.15867,0.02432,0.16391,0.01790
0.05778,0.03140,0.09368,0.05504,0.01803,0.01958,0.29171,0.02635,0.28415,0.12227
0.10702,0.10660,0.19941,0.06086,0.10724,0.02971,0.17307,0.01237,0.17929,0.02442
0.36443,0.36893,0.01334,0.01701,0.00899,0.00807,0.09950,0.00777,0.09387,0.01809
0.15847,0.15814,0.02368,0.02285,0.02118,0.01905,0.27759,0.00984,0.28079,0.02840
0.06066,0.07106,0.04663,0.04759,0.02770,0.02587,0.31789,0.03248,0.32336,0.04676
0.15023,0.14415,0.01995,0.02297,0.01215,0.01990,0.28101,0.01651,0.28749,0.04564
0.16169,0.16411,0.02798,0.02013,0.01632,0.02199,0.26889,0.01573,0.26953,0.03363
0.34018,0.35851,0.02762,0.01925,0.01760,0.01282,0.09508,0.01217,0.09544,0.02133
0.12122,0.11729,0.04896,0.03161,0.02627,0.02730,0.29650,0.00794,0.29465,0.02827
0.19443,0.17782,0.03994,0.04198,0.02001,0.01956,0.22236,0.01713,0.21129,0.05547
0.19263,0.17697,0.10733,0.02856,0.02443,0.02356,0.18115,0.05695,0.17780,0.03061
0.31858,0.32672,0.02292,0.01335,0.00829,0.00890,0.14375,0.00840,0.13782,0.01128
0.09639,0.10950,0.06726,0.03651,0.09685,0.03147,0.25472,0.02712,0.23814,0.04206
0.09180,0.08229,0.03751,0.01530,0.01165,0.00870,0.35987,0.00706,0.35858,0.02724
0.16714,0.17197,0.04104,0.03288,0.01588,0.02379,0.24837,0.01004,0.25446,0.03443
0.12725,0.13523,0.03708,0.02875,0.01828,0.01725,0.29737,0.00855,0.29280,0.03742
0.16589,0.16224,0.02026,0.02266,0.01457,0.01079,0.27129,0.03051,0.27570,0.02608
0.23667,0.23329,0.02068,0.01367,0.00842,0.01234,0.22673,0.01066,0.22255,0.01501
0.22317,0.22782,0.01621,0.01576,0.01018,0.00793,0.23577,0.00845,0.23614,0.01858
0.30081,0.30572,0.05364,0.03169,0.01694,0.01099,0.13113,0.00788,0.12304,0.01818
0.25443,0.24132,0.07012,0.05098,0.02563,0.01533,0.14020,0.01139,0.13916,0.05142
0.21119,0.21440,0.01474,0.01747,0.00853,0.00940,0.24473,0.00886,0.24159,0.02910
0.21995,0.22293,0.01533,0.01199,0.00893,0.00794,0.24258,0.00686,0.24398,0.01952
0.24154,0.23288,0.05836,0.05975,0.03576,0.02389,0.15771,0.01471,0.14997,0.02543
0.12183,0.11752,0.01868,0.01172,0.01312,0.01198,0.33430,0.01339,0.33925,0.01822
0.08146,0.08075,0.01412,0.01618,0.01143,0.02085,0.36311,0.01038,0.36797,0.03374
0.11038,0.10809,0.06788,0.06127,0.03683,0.02834,0.26474,0.01759,0.25305,0.05183
0.05141,0.05238,0.02020,0.02111,0.01722,0.03109,0.37536,0.00768,0.36359,0.05996
0.16904,0.17975,0.06249,0.05687,0.02171,0.01294,0.24109,0.00940,0.22845,0.01825
0.18386,0.17800,0.02612,0.02726,0.01748,0.01770,0.25158,0.01647,0.25130,0.03023
0.18060,0.17621,0.08633,0.07921,0.02730,0.01486,0.19246,0.01584,0.20237,0.02482
0.21121,0.20664,0.04491,0.06031,0.02158,0.01940,0.18673,0.01872,0.18825,0.04223
0.24058,0.24879,0.01931,0.01930,0.01622,0.01892,0.19479,0.01319,0.18583,0.04307
0.25371,0.25137,0.05338,0.05508,0.01856,0.01686,0.15250,0.01155,0.15692,0.03006
0.23831,0.23778,0.02543,0.01664,0.01467,0.01655,0.20456,0.00812,0.20992,0.02803
0.10138,0.11083,0.03397,0.02197,0.01884,0.01872,0.32412,0.01105,0.32817,0.03095
0.16154,0.16148,0.04713,0.03230,0.01864,0.02369,0.23376,0.01699,0.23088,0.07359
0.19551,0.19590,0.01869,0.01618,0.00831,0.01149,0.26393,0.01778,0.25665,0.01557
0.23420,0.24500,0.02749,0.02612,0.01910,0.02529,0.19105,0.01454,0.18509,0.03211
0.20149,0.20028,0.07870,0.06530,0.02329,0.00919,0.19383,0.02009,0.19008,0.01776
0.19496,0.19139,0.09027,0.06018,0.03416,0.01520,0.14824,0.01115,0.15637,0.09809
0.07877,0.06628,0.03379,0.02364,0.02939,0.01645,0.35128,0.01700,0.35151,0.03190
0.27172,0.27027,0.01591,0.00980,0.00733,0.01122,0.19178,0.00766,0.19325,0.02107
0.19281,0.18283,0.03959,0.03644,0.04444,0.02772,0.20004,0.04106,0.19863,0.03645
0.33822,0.33810,0.02098,0.02361,0.01022,0.00915,0.11628,0.00605,0.11996,0.01744
0.09586,0.10687,0.02756,0.02869,0.02210,0.02623,0.30320,0.01636,0.29735,0.07579
0.26584,0.25882,0.03024,0.02086,0.01700,0.01596,0.17239,0.01285,0.17470,0.03133
0.24832,0.24255,0.03617,0.02300,0.03401,0.04210,0.15752,0.01613,0.14400,0.05620
0.25888,0.26398,0.05727,0.04100,0.02027,0.01736,0.13603,0.03269,0.13486,0.03768
0.31699,0.31518,0.01405,0.01396,0.01000,0.01007,0.14852,0.00932,0.14629,0.01563
0.37454,0.37378,0.01999,0.01589,0.00776,0.00543,0.09130,0.00689,0.08832,0.01610
0.36004,0.35818,0.01377,0.01480,0.00874,0.00723,0.10893,0.01278,0.10389,0.01164
0.25458,0.24275,0.02093,0.01846,0.01399,0.01162,0.20545,0.00815,0.20348,0.02059
0.13213,0.14053,0.01285,0.00889,0.01002,0.01101,0.33292,0.00614,0.32658,0.01892
0.16700,0.16687,0.04608,0.05018,0.03109,0.02751,0.23575,0.01322,0.22965,0.03264
0.19794,0.19565,0.02091,0.01612,0.01617,0.01901,0.24822,0.00938,0.24219,0.03441
0.16881,0.17489,0.01748,0.01414,0.00625,0.00791,0.29918,0.00653,0.28592,0.01890
0.09726,0.09575,0.03156,0.02129,0.01399,0.01459,0.33413,0.01084,0.33565,0.04495
0.13907,0.14153,0.03017,0.02020,0.01591,0.01355,0.29080,0.01473,0.28702,0.04702
0.14133,0.12661,0.13532,0.07584,0.04138,0.02265,0.20761,0.01428,0.20714,0.02784
0.20584,0.21086,0.01052,0.01603,0.00808,0.00820,0.25921,0.00545,0.26047,0.01535
0.16552,0.15912,0.01043,0.00712,0.01369,0.01515,0.28873,0.00463,0.29708,0.03852
0.10531,0.11091,0.01276,0.01707,0.01135,0.01231,0.35152,0.01234,0.33907,0.02735
0.09514,0.10998,0.04638,0.04841,0.02188,0.01725,0.30879,0.01511,0.31193,0.02513
0.32637,0.33007,0.01309,0.01669,0.00839,0.01109,0.13583,0.00813,0.13382,0.01651
0.25892,0.26981,0.03129,0.01880,0.01583,0.01203,0.16663,0.02530,0.16276,0.03863
0.14989,0.15754,0.03039,0.01694,0.01937,0.01853,0.28372,0.01321,0.27158,0.03883
0.15508,0.15113,0.01958,0.02285,0.01379,0.01256,0.28633,0.01082,0.29230,0.03557
0.21649,0.22229,0.05145,0.05170,0.02869,0.01834,0.17454,0.03383,0.17600,0.02666
0.22734,0.23035,0.01708,0.00993,0.00683,0.00597,0.24752,0.00470,0.23983,0.01045
0.16934,0.16889,0.04780,0.06137,0.01881,0.02617,0.21104,0.01134,0.21843,0.06682
0.23718,0.23050,0.03390,0.02334,0.01241,0.00816,0.20936,0.01030,0.21396,0.02088
0.16824,0.16763,0.01505,0.01442,0.01104,0.01392,0.28420,0.01308,0.28095,0.03145
0.16024,0.15510,0.01104,0.01102,0.00895,0.01424,0.30275,0.01186,0.29977,0.02503
0.36724,0.35836,0.02278,0.01396,0.00882,0.00795,0.09554,0.00905,0.10081,0.01549
0.21991,0.22173,0.01549,0.01267,0.00946,0.01719,0.23899,0.01054,0.23171,0.02230
0.07963,0.07848,0.01734,0.00994,0.00784,0.00639,0.39601,0.00626,0.38065,0.01746
0.10453,0.10621,0.08306,0.04497,0.04088,0.02705,0.25485,0.02374,0.26681,0.04790
0.12645,0.11593,0.17495,0.15162,0.02853,0.01700,0.16538,0.02131,0.16008,0.03875
0.37185,0.37843,0.02317,0.02129,0.00728,0.00692,0.08417,0.00652,0.08232,0.01806
0.10622,0.10611,0.10911,0.09676,0.03163,0.01847,0.25045,0.01179,0.24561,0.02386
0.19588,0.20955,0.03157,0.02277,0.03184,0.02296,0.20626,0.02020,0.21312,0.04585
0.23540,0.24945,0.05591,0.03667,0.02671,0.02048,0.15316,0.03050,0.15566,0.03606
0.07062,0.07189,0.01242,0.01030,0.00763,0.01578,0.39724,0.01154,0.38097,0.02162
0.13261,0.13179,0.02980,0.02566,0.01732,0.03042,0.28596,0.02234,0.27340,0.05069
0.05023,0.04603,0.05185,0.04608,0.03438,0.02103,0.33592,0.02415,0.32650,0.06384
0.08931,0.09252,0.03081,0.03868,0.02538,0.04082,0.31849,0.02707,0.30460,0.03233
0.12727,0.13263,0.00823,0.01027,0.00783,0.00693,0.33240,0.02136,0.33011,0.02296
0.15012,0.15958,0.04054,0.03577,0.02456,0.01905,0.26688,0.01336,0.26145,0.02870
0.28748,0.29310,0.01217,0.00882,0.00530,0.00620,0.18296,0.00799,0.18251,0.01347
0.18526,0.18656,0.03307,0.02705,0.02221,0.02594,0.23834,0.01435,0.23238,0.03485
0.09986,0.10357,0.01175,0.01392,0.01082,0.01002,0.36135,0.00781,0.35866,0.02223
0.10358,0.10799,0.07195,0.04214,0.02443,0.01960,0.29273,0.02065,0.29284,0.02410
0.32061,0.32880,0.02709,0.02099,0.02276,0.01014,0.11769,0.00727,0.12238,0.02227
0.25887,0.25454,0.07097,0.02526,0.03146,0.02113,0.14229,0.01838,0.14287,0.03424
0.22415,0.23667,0.03821,0.03155,0.01889,0.02103,0.19467,0.01381,0.19094,0.03009
0.09035,0.09228,0.01555,0.01377,0.01674,0.02228,0.34934,0.00991,0.34818,0.04160
0.07511,0.07379,0.03915,0.03336,0.01716,0.01690,0.34955,0.01881,0.35105,0.02511
0.17310,0.17875,0.02614,0.02485,0.00831,0.01302,0.26653,0.01236,0.26233,0.03460
0.33780,0.33961,0.01631,0.01159,0.01154,0.01092,0.12293,0.00622,0.12490,0.01819
0.27694,0.28159,0.04266,0.02629,0.01598,0.01584,0.15784,0.01605,0.14670,0.02011
0.13183,0.12432,0.07193,0.05252,0.03219,0.05076,0.20188,0.02129,0.20078,0.11250
0.14922,0.15746,0.06723,0.05607,0.04352,0.02941,0.20767,0.01601,0.20910,0.06430
0.04789,0.05135,0.03915,0.03218,0.01186,0.01029,0.39281,0.00998,0.38293,0.02156
0.11368,0.11163,0.04215,0.02657,0.01722,0.02947,0.29783,0.02544,0.29417,0.04185
0.09930,0.09587,0.01508,0.02306,0.02432,0.01323,0.32157,0.01254,0.30828,0.08674
0.09914,0.09964,0.03876,0.04372,0.04298,0.05086,0.26299,0.02658,0.26573,0.06960
0.09352,0.09014,0.11696,0.04370,0.05965,0.03594,0.24695,0.01050,0.25787,0.04477
0.12210,0.12666,0.04060,0.04322,0.01336,0.02087,0.28644,0.03418,0.27290,0.03967
0.20490,0.22484,0.03106,0.02124,0.02430,0.03123,0.20401,0.01418,0.20631,0.03793
0.06646,0.06044,0.05038,0.02926,0.01625,0.02057,0.35576,0.01377,0.34457,0.04255
0.12299,0.14137,0.15007,0.05524,0.01793,0.01392,0.23089,0.01063,0.22761,0.02935
0.15171,0.15118,0.05394,0.04825,0.06605,0.04528,0.20935,0.01455,0.20446,0.05522
0.06952,0.07274,0.03740,0.02042,0.01775,0.00972,0.36996,0.00596,0.36727,0.02925
0.24387,0.24758,0.01753,0.02082,0.01209,0.01258,0.20124,0.01402,0.19683,0.03343
0.35647,0.32299,0.09747,0.01127,0.01073,0.00560,0.07471,0.04153,0.06581,0.01342
0.30849,0.29724,0.02648,0.01289,0.01281,0.00900,0.14485,0.01463,0.15212,0.02148
0.08374,0.08640,0.03796,0.02533,0.01519,0.01125,0.36194,0.01001,0.34908,0.01910
0.17458,0.16981,0.04041,0.04378,0.02845,0.03096,0.22068,0.01204,0.21366,0.06564
0.19759,0.19035,0.03689,0.05142,0.01917,0.01453,0.22519,0.02534,0.22169,0.01783
0.14482,0.14829,0.02871,0.02305,0.02140,0.01419,0.29336,0.01702,0.28754,0.02162
0.12048,0.12503,0.01503,0.01316,0.00827,0.01279,0.34108,0.00924,0.32867,0.02625
0.13574,0.13560,0.01764,0.02699,0.01112,0.02504,0.29887,0.01778,0.29546,0.03576
0.05928,0.05410,0.05879,0.04363,0.02503,0.02481,0.33776,0.02444,0.33148,0.04067
0.17197,0.16508,0.02377,0.01486,0.00999,0.01420,0.27461,0.02066,0.26949,0.03536
0.11829,0.12270,0.03306,0.03207,0.02603,0.02084,0.30129,0.01618,0.29881,0.03073
0.06536,0.05396,0.02133,0.02314,0.02193,0.04153,0.33897,0.04987,0.34010,0.04383
0.30373,0.29413,0.05780,0.02691,0.02449,0.00594,0.13223,0.00752,0.13565,0.01160
0.16963,0.17369,0.02126,0.01698,0.00734,0.00848,0.29027,0.01038,0.27923,0.02273
