0.06036,0.27089,0.05622,0.05746,0.06393,0.01089,0.22252,0.00939,0.19410,0.00620,0.03449,0.01355
0.11673,0.14045,0.24717,0.01806,0.01541,0.00404,0.32750,0.01526,0.08052,0.00658,0.01261,0.01568
0.01906,0.01276,0.25194,0.00761,0.00955,0.00347,0.39315,0.01716,0.19788,0.00511,0.05788,0.02442
0.12642,0.02537,0.25849,0.02034,0.02215,0.00548,0.23503,0.01511,0.11749,0.03926,0.10778,0.02707
0.05495,0.01465,0.02161,0.01646,0.05754,0.02575,0.08138,0.28016,0.12171,0.06279,0.01455,0.24845
0.19879,0.03363,0.26495,0.04989,0.04120,0.01017,0.13038,0.03177,0.03052,0.01015,0.17146,0.02710
0.16614,0.16170,0.29868,0.00780,0.00861,0.00224,0.31329,0.01094,0.00606,0.00738,0.00608,0.01107
0.01546,0.37834,0.13527,0.08412,0.07839,0.04847,0.13688,0.02666,0.02550,0.02615,0.01477,0.03000
0.05196,0.12222,0.12721,0.01765,0.01806,0.03020,0.02854,0.23075,0.01597,0.01485,0.11736,0.22525
0.02860,0.01662,0.19701,0.06732,0.14097,0.01865,0.10903,0.16190,0.04512,0.00718,0.12005,0.08755
0.35406,0.10349,0.01772,0.00900,0.02274,0.01237,0.02016,0.21673,0.01302,0.00676,0.01323,0.21073
0.03414,0.02200,0.21753,0.16645,0.15210,0.03322,0.26756,0.01061,0.06398,0.01444,0.00823,0.00974
0.01778,0.02054,0.24894,0.15551,0.15616,0.05942,0.02952,0.01425,0.03422,0.02005,0.23355,0.01005
0.01743,0.02104,0.05581,0.12222,0.14269,0.00480,0.08245,0.22660,0.05875,0.01853,0.03000,0.21967
0.32668,0.32428,0.04241,0.01088,0.10664,0.00429,0.04610,0.10356,0.01014,0.00378,0.01129,0.00995
0.16816,0.19556,0.04159,0.03413,0.03302,0.24992,0.05436,0.04703,0.05054,0.03754,0.01821,0.06995
0.01312,0.12828,0.17790,0.01030,0.06055,0.00471,0.34864,0.06366,0.17026,0.00721,0.00699,0.00839
0.07126,0.07652,0.11180,0.04177,0.01908,0.01889,0.34136,0.02533,0.24495,0.01591,0.01356,0.01958
0.01471,0.01860,0.38142,0.02071,0.01227,0.00735,0.22991,0.03401,0.04276,0.01632,0.18380,0.03814
0.08731,0.15774,0.02485,0.02566,0.03204,0.05790,0.04675,0.26420,0.02675,0.01136,0.01563,0.24980
0.06077,0.07037,0.25540,0.01823,0.03166,0.00714,0.23254,0.02056,0.12836,0.10060,0.05900,0.01538
0.11045,0.12073,0.06845,0.07741,0.14089,0.00731,0.04733,0.15962,0.08216,0.03651,0.06065,0.08849
0.17387,0.02009,0.02109,0.01261,0.01586,0.00558,0.24516,0.12101,0.24256,0.00659,0.01018,0.12539
0.01130,0.01786,0.30373,0.12037,0.12048,0.01774,0.21120,0.02631,0.02405,0.01157,0.12025,0.01514
0.09532,0.10944,0.02156,0.06781,0.02946,0.31875,0.11161,0.04272,0.11000,0.05153,0.01124,0.03056
0.03128,0.04050,0.10576,0.22657,0.23552,0.01066,0.16126,0.02490,0.08989,0.01583,0.02469,0.03314
0.09110,0.10881,0.03388,0.00551,0.00776,0.01838,0.34896,0.01385,0.34392,0.00259,0.01489,0.01035
0.05653,0.10879,0.03101,0.04816,0.06367,0.02813,0.13156,0.03984,0.28722,0.16278,0.01413,0.02818
0.04010,0.08508,0.02163,0.30154,0.31639,0.05076,0.04755,0.04025,0.04282,0.00470,0.01402,0.03515
0.02212,0.02468,0.38298,0.00970,0.01612,0.01101,0.38380,0.05333,0.01376,0.00520,0.02449,0.05279
0.04770,0.35421,0.24963,0.00687,0.00874,0.00180,0.27447,0.01186,0.01944,0.00392,0.00964,0.01171
0.05280,0.02766,0.30019,0.03860,0.11132,0.01131,0.05061,0.08641,0.02871,0.00492,0.27611,0.01137
0.21880,0.23073,0.08105,0.09552,0.09355,0.06793,0.08593,0.02941,0.02834,0.01858,0.02240,0.02777
0.00584,0.00705,0.41176,0.03986,0.03392,0.00404,0.15418,0.01288,0.03281,0.00696,0.27844,0.01226
0.08884,0.11216,0.13185,0.16637,0.15669,0.01327,0.06792,0.02261,0.06866,0.00408,0.13036,0.03718
0.03695,0.16369,0.16228,0.00751,0.19947,0.00927,0.06449,0.20895,0.01989,0.00534,0.11010,0.01206
0.57122,0.02249,0.14716,0.01073,0.01508,0.00505,0.14698,0.02165,0.01198,0.00752,0.02512,0.01502
0.05888,0.07868,0.20884,0.01350,0.01472,0.00504,0.15298,0.18585,0.01942,0.01334,0.07630,0.17246
0.38212,0.08580,0.12724,0.04701,0.03727,0.00783,0.16987,0.01567,0.07312,0.00481,0.03404,0.01523
0.01143,0.01639,0.24642,0.05153,0.02065,0.00813,0.21858,0.15137,0.01678,0.04907,0.06100,0.14865
0.01238,0.01634,0.25375,0.01003,0.02001,0.01057,0.28379,0.01487,0.20088,0.01030,0.15951,0.00759
0.14752,0.16241,0.29171,0.01375,0.01027,0.01261,0.30890,0.00961,0.01062,0.00339,0.01487,0.01434
0.04444,0.07111,0.10110,0.01155,0.25230,0.00578,0.08600,0.29982,0.01379,0.00821,0.03422,0.07168
0.01761,0.04114,0.27764,0.01788,0.01458,0.00778,0.14911,0.01595,0.13700,0.00858,0.24992,0.06281
0.00829,0.01146,0.06140,0.32299,0.33164,0.00456,0.09441,0.04192,0.05668,0.00411,0.01222,0.05032
0.16250,0.16827,0.17297,0.01504,0.04294,0.04198,0.19288,0.03578,0.07095,0.02705,0.03660,0.03303
0.09150,0.10106,0.14401,0.02702,0.03074,0.00766,0.22828,0.06397,0.16020,0.01112,0.06320,0.07125
0.01736,0.02507,0.07193,0.05412,0.06336,0.04373,0.21861,0.12275,0.19775,0.00326,0.05353,0.12854
0.08939,0.07709,0.16640,0.09549,0.08704,0.00689,0.20637,0.09419,0.04544,0.00959,0.01698,0.10512
0.03816,0.03931,0.12197,0.16153,0.14730,0.07019,0.06245,0.08059,0.06582,0.01890,0.10556,0.08822
0.11849,0.08667,0.04822,0.06953,0.11800,0.00888,0.06370,0.17906,0.10448,0.04379,0.04333,0.11585
0.01070,0.01435,0.04678,0.10616,0.01044,0.00568,0.04340,0.31360,0.01787,0.10827,0.02108,0.30168
0.01728,0.62200,0.01407,0.02405,0.02936,0.00481,0.04505,0.06012,0.08223,0.03709,0.00877,0.05518
0.08781,0.09550,0.24059,0.03310,0.02943,0.02423,0.25933,0.06731,0.04483,0.03956,0.01237,0.06595
0.18346,0.38658,0.09826,0.01012,0.03512,0.02766,0.07709,0.02971,0.05408,0.00466,0.06914,0.02410
0.03737,0.05557,0.06061,0.07715,0.08537,0.00501,0.30755,0.04425,0.26830,0.01846,0.01643,0.02394
0.05447,0.05959,0.21530,0.03265,0.02609,0.01712,0.24378,0.01476,0.16562,0.01442,0.12372,0.03248
0.11017,0.12595,0.03985,0.11845,0.21925,0.00748,0.12048,0.11457,0.10314,0.00419,0.02325,0.01322
0.01280,0.02420,0.05894,0.01953,0.08386,0.01192,0.16453,0.28757,0.10746,0.00570,0.01374,0.20975
0.18186,0.19284,0.07515,0.01592,0.03203,0.00556,0.14579,0.03878,0.12305,0.03229,0.04103,0.11569
0.23073,0.23826,0.04925,0.06895,0.07129,0.00707,0.04384,0.12709,0.02801,0.02171,0.01658,0.09723
0.11079,0.12543,0.13319,0.03715,0.09896,0.00832,0.19189,0.15497,0.04537,0.00623,0.00572,0.08199
0.25505,0.26401,0.05351,0.01879,0.11861,0.00777,0.05347,0.12711,0.03748,0.01712,0.02615,0.02093
0.52594,0.09408,0.12816,0.01901,0.02305,0.00666,0.13533,0.01763,0.01058,0.00933,0.01302,0.01721
0.02282,0.02974,0.29001,0.02414,0.10598,0.01287,0.30703,0.10656,0.02234,0.02175,0.01487,0.04188
0.02528,0.03946,0.32538,0.00696,0.02491,0.00432,0.21823,0.02356,0.10938,0.07965,0.12660,0.01628
0.01656,0.02198,0.32197,0.00262,0.08803,0.00578,0.35862,0.09759,0.04105,0.00322,0.02638,0.01620
0.03187,0.03235,0.09180,0.08617,0.10186,0.36200,0.12195,0.02023,0.08698,0.01658,0.02798,0.02021
0.01090,0.00850,0.38961,0.01180,0.01285,0.00665,0.35354,0.05932,0.01141,0.01100,0.06535,0.05907
0.07212,0.08583,0.12959,0.02100,0.01591,0.00496,0.05355,0.25553,0.01259,0.01052,0.08709,0.25131
0.42986,0.01324,0.05315,0.06257,0.07950,0.03984,0.06417,0.10935,0.01521,0.00506,0.02133,0.10671
0.00907,0.36199,0.05098,0.00909,0.01995,0.43513,0.03633,0.02068,0.00904,0.00702,0.02483,0.01591
0.04466,0.12782,0.01998,0.08403,0.22152,0.00521,0.08542,0.21806,0.08041,0.04168,0.02333,0.04786
0.01725,0.13656,0.03261,0.10262,0.10453,0.01949,0.25479,0.01199,0.26182,0.01399,0.01915,0.02520
0.06679,0.05194,0.24272,0.00851,0.01894,0.01704,0.29162,0.10210,0.05416,0.03107,0.01601,0.09910
0.04871,0.08918,0.24355,0.02657,0.13235,0.00372,0.07762,0.14221,0.01672,0.01319,0.17881,0.02737
0.02022,0.01365,0.19591,0.01762,0.01757,0.01584,0.26815,0.14151,0.10649,0.00444,0.04119,0.15742
0.03051,0.02997,0.17850,0.12851,0.01305,0.03132,0.12763,0.02846,0.07376,0.14489,0.16834,0.04505
0.00692,0.01438,0.09992,0.08768,0.10045,0.00348,0.34365,0.01956,0.28892,0.02031,0.00614,0.00859
0.02213,0.04231,0.05697,0.30195,0.31589,0.00277,0.08429,0.02982,0.07055,0.01957,0.01794,0.03580
0.19577,0.19677,0.12922,0.04223,0.07025,0.00818,0.16296,0.07979,0.03428,0.04242,0.01425,0.02386
0.01606,0.12020,0.03662,0.22009,0.22360,0.03310,0.03175,0.13616,0.01793,0.01807,0.02082,0.12561
0.16550,0.17864,0.14230,0.08460,0.10566,0.01149,0.15019,0.07078,0.01494,0.00599,0.01699,0.05292
0.20692,0.04280,0.20040,0.00813,0.01413,0.00372,0.20500,0.10247,0.06069,0.04606,0.02070,0.08899
0.02447,0.16948,0.05248,0.02925,0.05782,0.05874,0.23926,0.05538,0.22377,0.01950,0.04023,0.02962
0.24441,0.24419,0.07578,0.05543,0.05646,0.00684,0.08280,0.10398,0.01120,0.00430,0.01239,0.10221
0.09729,0.03690,0.15134,0.01184,0.15189,0.00530,0.13858,0.15860,0.11585,0.00444,0.11742,0.01053
0.18165,0.02292,0.02838,0.00884,0.02099,0.00568,0.33830,0.02510,0.33181,0.00837,0.01515,0.01281
0.19232,0.03794,0.03915,0.08866,0.10307,0.01726,0.07034,0.19385,0.04733,0.00719,0.02093,0.18197
0.00767,0.00937,0.32329,0.11714,0.11819,0.00972,0.33397,0.02937,0.01017,0.00541,0.01042,0.02529
0.10878,0.43488,0.03505,0.01311,0.14646,0.00553,0.03111,0.16008,0.01284,0.01118,0.01601,0.02495
0.06742,0.14645,0.27158,0.02362,0.08198,0.00587,0.04801,0.06192,0.01798,0.00548,0.24193,0.02777
0.02228,0.02738,0.16093,0.02668,0.04487,0.05311,0.07129,0.03274,0.22812,0.19075,0.11524,0.02660
0.10301,0.27260,0.02130,0.01014,0.14432,0.01113,0.04645,0.19724,0.04216,0.01686,0.02009,0.11470
0.03194,0.05207,0.30929,0.03277,0.00820,0.00531,0.32746,0.08655,0.02611,0.02328,0.01517,0.08185
0.03239,0.04181,0.25249,0.10461,0.04159,0.03795,0.10908,0.01031,0.04119,0.07713,0.21883,0.03262
0.06785,0.27340,0.06989,0.01499,0.01585,0.00433,0.26576,0.01478,0.23549,0.01344,0.00771,0.01649
0.01012,0.05624,0.21014,0.01355,0.01997,0.00975,0.32541,0.02013,0.19104,0.00418,0.08429,0.05516
0.04327,0.02502,0.28697,0.08210,0.01522,0.01179,0.33844,0.01615,0.08693,0.02955,0.03626,0.02830
0.09968,0.02021,0.02348,0.02500,0.09444,0.00881,0.26838,0.09298,0.28613,0.06047,0.00966,0.01075
0.05967,0.11289,0.14042,0.06453,0.06350,0.00797,0.04803,0.17677,0.02432,0.00437,0.11806,0.17947
0.02653,0.01466,0.29950,0.01085,0.14226,0.00418,0.26639,0.13860,0.01760,0.00354,0.06623,0.00964
0.12502,0.13160,0.07014,0.09792,0.06014,0.01849,0.16615,0.01983,0.11390,0.04160,0.04508,0.11012
0.05495,0.15126,0.33322,0.02295,0.02176,0.00287,0.12071,0.00923,0.02620,0.01665,0.22827,0.01194
0.05260,0.01853,0.22885,0.06765,0.04648,0.00703,0.30653,0.05804,0.08035,0.02380,0.02359,0.08656
0.04432,0.05269,0.09146,0.02647,0.21533,0.23477,0.03784,0.19841,0.01679,0.00782,0.06744,0.00665
0.01193,0.01741,0.16648,0.10219,0.19182,0.00507,0.17688,0.20091,0.01220,0.09663,0.00629,0.01218
0.04215,0.29885,0.04818,0.20769,0.25954,0.00346,0.05251,0.04011,0.02759,0.00417,0.00978,0.00597
0.03592,0.20046,0.17108,0.17621,0.17632,0.00426,0.18082,0.00821,0.01776,0.00703,0.01129,0.01063
0.05426,0.06791,0.02306,0.25371,0.27103,0.01129,0.10071,0.03092,0.12879,0.03322,0.01399,0.01111
0.02158,0.01817,0.13999,0.20103,0.20060,0.04697,0.22395,0.01416,0.09005,0.00846,0.01093,0.02413
0.18169,0.19428,0.25257,0.01400,0.01628,0.00690,0.04156,0.00773,0.02763,0.01160,0.22400,0.02175
0.33682,0.38210,0.05666,0.00891,0.01651,0.00590,0.07905,0.02458,0.01577,0.00356,0.01336,0.05677
0.03018,0.03947,0.06851,0.01164,0.01311,0.33407,0.19664,0.03994,0.16147,0.00463,0.03438,0.06597
0.02623,0.04218,0.17310,0.00774,0.02239,0.00775,0.31441,0.02232,0.23618,0.05663,0.03737,0.05370
0.04246,0.05323,0.32262,0.06373,0.05953,0.00406,0.34078,0.00921,0.04846,0.02756,0.01557,0.01278
0.07485,0.18566,0.11509,0.01636,0.01831,0.00671,0.22228,0.10715,0.11974,0.01608,0.00707,0.11070
0.08411,0.09288,0.21861,0.00575,0.02122,0.00929,0.24979,0.14904,0.02060,0.00414,0.01055,0.13400
0.01901,0.58701,0.06870,0.01050,0.01289,0.00285,0.10283,0.07048,0.02851,0.01666,0.00919,0.07137
0.19108,0.07919,0.21191,0.01926,0.03017,0.00727,0.22068,0.10547,0.01547,0.00536,0.02459,0.08954
0.08759,0.09382,0.21048,0.06986,0.10216,0.01318,0.17196,0.04527,0.07182,0.06552,0.05226,0.01608
0.21557,0.25065,0.09492,0.01638,0.02565,0.02491,0.15419,0.04176,0.08479,0.00849,0.02691,0.05577
0.01991,0.03113,0.14970,0.00774,0.25795,0.00835,0.04516,0.28702,0.02538,0.00489,0.12732,0.03544
0.22029,0.22648,0.15156,0.04775,0.04828,0.00377,0.17221,0.02919,0.03825,0.02316,0.01256,0.02651
0.16317,0.17252,0.13589,0.01034,0.07942,0.01413,0.12765,0.09083,0.08841,0.02614,0.07092,0.02059
0.14434,0.15978,0.26300,0.04298,0.02974,0.01409,0.13848,0.01225,0.02614,0.00467,0.15094,0.01361
0.03301,0.32920,0.03297,0.14577,0.14671,0.00634,0.13113,0.02297,0.11428,0.00432,0.01072,0.02259
0.08378,0.08620,0.09993,0.02733,0.03889,0.01447,0.06763,0.26076,0.01909,0.00674,0.04697,0.24821
0.21208,0.21698,0.01289,0.10875,0.09054,0.16544,0.02025,0.06183,0.01719,0.01553,0.01472,0.06381
0.02914,0.02126,0.11966,0.03258,0.06204,0.01025,0.28167,0.08252,0.22971,0.02650,0.07711,0.02757
0.31569,0.10241,0.07062,0.01527,0.01600,0.00484,0.11145,0.11176,0.07856,0.00964,0.03869,0.12508
0.01606,0.02092,0.16568,0.01710,0.01426,0.00239,0.33203,0.06340,0.23636,0.03925,0.02963,0.06292
0.03388,0.05423,0.10986,0.13778,0.16001,0.17591,0.04034,0.09267,0.03322,0.02325,0.08183,0.05701
0.01675,0.01646,0.17102,0.00908,0.01778,0.08834,0.30891,0.04522,0.20907,0.04398,0.03360,0.03978
0.03788,0.03132,0.08918,0.03537,0.01154,0.01347,0.11614,0.01417,0.30504,0.31190,0.01581,0.01817
0.03319,0.07017,0.16036,0.01373,0.02602,0.00250,0.26970,0.01629,0.25885,0.00315,0.13771,0.00833
0.11250,0.14774,0.24253,0.01563,0.03371,0.00453,0.17286,0.08248,0.01487,0.00811,0.10407,0.06097
0.02165,0.02524,0.22175,0.03387,0.03061,0.00649,0.37678,0.04018,0.16979,0.00523,0.02233,0.04607
0.03482,0.03886,0.18841,0.03570,0.03260,0.18037,0.17427,0.08179,0.05845,0.00737,0.09609,0.07126
0.03622,0.03694,0.23550,0.00657,0.01133,0.11732,0.14793,0.01372,0.15216,0.01061,0.21712,0.01458
0.05300,0.03664,0.10496,0.09236,0.08004,0.01610,0.12984,0.13542,0.10092,0.01115,0.10293,0.13665
0.06228,0.14005,0.28744,0.01730,0.08823,0.00520,0.01164,0.08144,0.01354,0.00355,0.27541,0.01393
0.04356,0.05148,0.35860,0.01462,0.02325,0.01528,0.14484,0.05677,0.01371,0.00630,0.22835,0.04322
0.03230,0.48260,0.06749,0.05271,0.07363,0.01695,0.10823,0.05007,0.05812,0.02004,0.01568,0.02218
0.10304,0.03615,0.04432,0.19886,0.20475,0.00774,0.10557,0.02974,0.10853,0.01007,0.05676,0.09447
0.03623,0.01788,0.32179,0.03557,0.11004,0.00445,0.16413,0.09008,0.02199,0.00491,0.18085,0.01207
0.09253,0.09188,0.18882,0.01544,0.06386,0.00505,0.21971,0.09055,0.11900,0.00787,0.08196,0.02331
0.15367,0.16241,0.21484,0.03565,0.03322,0.01137,0.23004,0.03103,0.01932,0.00952,0.04139,0.05755
0.06358,0.13364,0.20125,0.01301,0.13989,0.00306,0.21083,0.14023,0.03668,0.00398,0.04130,0.01256
0.00985,0.01009,0.17831,0.01756,0.02301,0.00363,0.26034,0.15050,0.13983,0.00822,0.05486,0.14380
0.06970,0.07001,0.08977,0.01227,0.01239,0.47347,0.14307,0.01274,0.08420,0.00834,0.01469,0.00934
0.01677,0.01367,0.11069,0.01633,0.13744,0.02357,0.27942,0.14000,0.21211,0.01739,0.02061,0.01200
0.14111,0.38418,0.03107,0.02140,0.03953,0.01225,0.08983,0.04043,0.13795,0.06389,0.01357,0.02479
0.07759,0.08583,0.18291,0.03412,0.14181,0.03164,0.02757,0.17172,0.01552,0.01189,0.16368,0.05573
0.13563,0.07633,0.24488,0.00976,0.00919,0.00328,0.05104,0.01381,0.13247,0.09588,0.21643,0.01128
0.05141,0.17078,0.03443,0.01791,0.04136,0.01574,0.19143,0.03144,0.26115,0.09914,0.02097,0.06424
0.07803,0.12563,0.05374,0.06834,0.03082,0.02050,0.09649,0.19513,0.06283,0.05862,0.03826,0.17162
0.02680,0.00998,0.02569,0.14055,0.14341,0.00550,0.09270,0.22013,0.08747,0.02415,0.01847,0.20515
0.21172,0.21488,0.10886,0.12822,0.12198,0.01073,0.10206,0.01158,0.02451,0.00646,0.03180,0.02719
0.01405,0.02594,0.02609,0.01342,0.17960,0.01059,0.27281,0.18374,0.25411,0.00485,0.00573,0.00910
0.02047,0.01479,0.13162,0.02361,0.06044,0.00248,0.16055,0.28153,0.03122,0.00485,0.01127,0.25718
0.06009,0.06135,0.21366,0.04269,0.03056,0.01576,0.32055,0.01200,0.15591,0.01440,0.05738,0.01565
0.02995,0.11540,0.02263,0.02839,0.02467,0.00562,0.35892,0.01438,0.36040,0.00985,0.01112,0.01865
0.26257,0.27023,0.10950,0.01279,0.01121,0.00410,0.18625,0.00512,0.09422,0.00918,0.01604,0.01880
0.08034,0.06773,0.12154,0.01229,0.11189,0.00370,0.28116,0.12166,0.16309,0.01016,0.01412,0.01231
0.33383,0.01497,0.11887,0.05246,0.04722,0.01115,0.15139,0.09014,0.06114,0.00803,0.02330,0.08749
0.02867,0.39933,0.10505,0.11600,0.02119,0.00963,0.09610,0.00858,0.02214,0.14291,0.03820,0.01220
0.02475,0.13302,0.32329,0.05311,0.05287,0.00388,0.33946,0.01514,0.01978,0.00744,0.01270,0.01458
0.01598,0.15485,0.18123,0.14519,0.14417,0.02997,0.14726,0.03760,0.02132,0.01237,0.06660,0.04347
0.03965,0.05002,0.14525,0.04156,0.03894,0.00862,0.31310,0.00905,0.25661,0.00624,0.08010,0.01087
0.08305,0.09605,0.23422,0.04773,0.02168,0.01796,0.19311,0.02614,0.03992,0.09364,0.09044,0.05607
0.14324,0.15921,0.10237,0.01042,0.03067,0.01044,0.24769,0.03972,0.19437,0.01399,0.02913,0.01874
0.05946,0.07017,0.11829,0.01804,0.06227,0.00502,0.22028,0.13455,0.11950,0.01238,0.01324,0.16681
0.04633,0.14273,0.03352,0.02354,0.01795,0.01021,0.11946,0.22259,0.11298,0.03023,0.02054,0.21991
0.22542,0.02172,0.20639,0.01935,0.02422,0.01086,0.28733,0.02738,0.09935,0.01621,0.03047,0.03131
0.08994,0.09434,0.25020,0.01915,0.02473,0.00905,0.23134,0.09697,0.03269,0.01758,0.05251,0.08150
0.04167,0.05247,0.28961,0.01901,0.02674,0.01902,0.19868,0.03600,0.08559,0.01923,0.17888,0.03310
0.04944,0.05810,0.22127,0.04433,0.04290,0.00594,0.32994,0.03254,0.14033,0.01069,0.02870,0.03582
0.05159,0.04701,0.35899,0.01324,0.01449,0.01686,0.30221,0.01139,0.05615,0.01274,0.10439,0.01094
0.08723,0.09857,0.11322,0.02855,0.02877,0.06524,0.15124,0.16354,0.04500,0.01117,0.03179,0.17569
0.07342,0.07137,0.23864,0.00950,0.01589,0.02412,0.07071,0.14001,0.02230,0.00411,0.18484,0.14509
0.12397,0.17181,0.10669,0.09500,0.09241,0.01709,0.16411,0.02057,0.11234,0.01390,0.04711,0.03503
0.11633,0.02404,0.22662,0.01792,0.01485,0.00356,0.13394,0.01155,0.18532,0.03589,0.21919,0.01079
0.01366,0.01574,0.23943,0.01537,0.01390,0.02155,0.30077,0.01577,0.19594,0.01406,0.13691,0.01692
0.13708,0.14584,0.13551,0.04698,0.03302,0.02722,0.17894,0.06644,0.08327,0.01671,0.06605,0.06293
0.06216,0.01469,0.07647,0.17642,0.22677,0.00248,0.15997,0.08502,0.13054,0.01301,0.03111,0.02136
0.01320,0.01433,0.06837,0.28141,0.39705,0.00692,0.03582,0.11388,0.01434,0.00900,0.03884,0.00684
0.01391,0.38222,0.09932,0.01456,0.07944,0.01216,0.16378,0.10854,0.07579,0.00886,0.00911,0.03233
0.04318,0.04946,0.03509,0.31780,0.08643,0.07040,0.04087,0.02967,0.01980,0.25423,0.03805,0.01501
0.15254,0.01834,0.14312,0.02033,0.02085,0.00843,0.30929,0.06685,0.17759,0.00608,0.01404,0.06254
0.04095,0.04339,0.18154,0.21986,0.22747,0.01087,0.14502,0.02727,0.01755,0.01857,0.05264,0.01488
0.01360,0.02025,0.12217,0.02349,0.11109,0.21875,0.22265,0.11376,0.11410,0.00796,0.01522,0.01697
0.00982,0.01752,0.19516,0.03786,0.14823,0.01895,0.21288,0.19890,0.03961,0.02224,0.01648,0.08233
0.10232,0.03193,0.03110,0.04016,0.07196,0.00875,0.22499,0.13219,0.22205,0.03059,0.02341,0.08056
0.15438,0.21089,0.20132,0.00596,0.05944,0.02030,0.23044,0.05536,0.02331,0.00555,0.01329,0.01976
0.02764,0.07937,0.29740,0.08313,0.08522,0.00817,0.25212,0.01513,0.01399,0.00952,0.08039,0.04791
0.15075,0.14254,0.31605,0.00587,0.01151,0.00495,0.33075,0.00516,0.01133,0.00536,0.01031,0.00543
0.05742,0.04635,0.11859,0.03158,0.02609,0.01836,0.34775,0.02041,0.25568,0.02222,0.03297,0.02257
0.06079,0.09107,0.24052,0.03979,0.04359,0.00829,0.21568,0.07815,0.04577,0.02875,0.06712,0.08047
0.10407,0.03899,0.26812,0.02302,0.01067,0.00617,0.23501,0.02045,0.10920,0.02498,0.13671,0.02261
0.00724,0.11251,0.06558,0.08319,0.08791,0.01331,0.24427,0.07591,0.20999,0.00659,0.02266,0.07085
0.07580,0.01971,0.00752,0.41737,0.44271,0.00345,0.01159,0.00695,0.00624,0.00324,0.00326,0.00216
0.33216,0.36701,0.03073,0.04462,0.02794,0.00368,0.05437,0.02262,0.04313,0.04954,0.01646,0.00773
0.03185,0.58317,0.01946,0.01432,0.09766,0.00225,0.04393,0.10579,0.04251,0.00683,0.01356,0.03865
0.12221,0.03817,0.21950,0.01796,0.01550,0.00910,0.31443,0.04104,0.12056,0.03344,0.01558,0.05251
0.03661,0.24412,0.04364,0.00959,0.15317,0.00951,0.08152,0.24426,0.05434,0.00915,0.02272,0.09137
0.03859,0.04667,0.03920,0.18866,0.02131,0.00352,0.13147,0.08942,0.11546,0.18315,0.02348,0.11908
0.09580,0.11065,0.04150,0.17763,0.00921,0.00616,0.17290,0.01158,0.14826,0.18122,0.01575,0.02934
0.15194,0.15652,0.16134,0.06094,0.11548,0.00655,0.03485,0.07752,0.02774,0.02447,0.14156,0.04109
0.02246,0.02484,0.03054,0.13152,0.14307,0.00545,0.04962,0.14988,0.13305,0.11807,0.01440,0.17710
0.10362,0.11746,0.33467,0.00780,0.01616,0.00893,0.33861,0.01742,0.01842,0.00446,0.02215,0.01030
0.01505,0.39046,0.18309,0.02221,0.05589,0.00917,0.16582,0.03847,0.02397,0.01965,0.04790,0.02832
0.27498,0.02598,0.10134,0.12325,0.12745,0.09667,0.13233,0.02504,0.04414,0.01558,0.01063,0.02260
0.07582,0.10133,0.08503,0.03688,0.03741,0.00585,0.27518,0.04833,0.23816,0.01253,0.04341,0.04007
0.04902,0.06177,0.31881,0.03562,0.02295,0.00963,0.13463,0.04602,0.03352,0.04184,0.20967,0.03652
0.10610,0.12525,0.14961,0.12589,0.12639,0.01255,0.20970,0.02231,0.08226,0.01294,0.01440,0.01260
0.11610,0.27889,0.21882,0.01047,0.01882,0.00566,0.22851,0.02003,0.03469,0.03660,0.01278,0.01863
0.27315,0.28116,0.06583,0.02126,0.02292,0.00353,0.15148,0.01150,0.12340,0.00766,0.02793,0.01018
0.05079,0.05571,0.10342,0.01667,0.02130,0.01019,0.15120,0.14177,0.16062,0.09161,0.04109,0.15563
0.10401,0.03532,0.23816,0.03591,0.04394,0.02340,0.31609,0.04814,0.09668,0.00675,0.02608,0.02552
0.04527,0.42564,0.04154,0.13465,0.02302,0.00326,0.08229,0.03711,0.03627,0.12799,0.01691,0.02604
0.00979,0.02851,0.39068,0.00731,0.01079,0.02579,0.41822,0.03650,0.03158,0.00486,0.01403,0.02194
0.09338,0.09977,0.25685,0.01376,0.02794,0.01173,0.24970,0.04091,0.05797,0.00574,0.10472,0.03755
0.07470,0.05004,0.11096,0.07170,0.07566,0.00846,0.19996,0.10726,0.14261,0.00688,0.05128,0.10050
0.04433,0.05041,0.07879,0.01025,0.01528,0.00876,0.21708,0.16671,0.19382,0.00768,0.04776,0.15912
0.04004,0.05014,0.24427,0.07062,0.07469,0.00172,0.34251,0.03311,0.10229,0.00655,0.01033,0.02373
0.04762,0.07107,0.18596,0.03024,0.13277,0.01464,0.25235,0.12951,0.07621,0.02099,0.01287,0.02576
0.07532,0.01487,0.20438,0.05514,0.05196,0.00362,0.20623,0.02271,0.17742,0.00375,0.15465,0.02996
0.06052,0.13341,0.09626,0.00871,0.00787,0.00602,0.32562,0.04033,0.25969,0.00613,0.02133,0.03410
0.01653,0.32209,0.24490,0.06094,0.05994,0.00947,0.01529,0.00961,0.01032,0.00444,0.23551,0.01095
0.05244,0.04469,0.11431,0.05548,0.07257,0.28028,0.05705,0.08633,0.02448,0.01088,0.10899,0.09249
0.41154,0.23247,0.05476,0.04614,0.04001,0.01428,0.07765,0.05032,0.01102,0.01077,0.01122,0.03982
0.09636,0.09214,0.04685,0.18379,0.17045,0.02037,0.16045,0.01569,0.15486,0.00880,0.03332,0.01693
0.06534,0.07704,0.26210,0.01793,0.02189,0.00951,0.29813,0.01478,0.09972,0.03315,0.05244,0.04797
0.08801,0.02643,0.17316,0.12813,0.13124,0.01884,0.20810,0.09574,0.03355,0.04619,0.01055,0.04006
0.11616,0.11451,0.31496,0.02508,0.02142,0.00493,0.24115,0.01211,0.01778,0.00787,0.10790,0.01614
0.05103,0.05918,0.23458,0.01270,0.02290,0.00566,0.12395,0.16883,0.01586,0.00739,0.12187,0.17605
0.03714,0.03972,0.07252,0.01012,0.01684,0.63450,0.07005,0.00853,0.04687,0.00657,0.04486,0.01229
0.01706,0.08512,0.25371,0.01103,0.04819,0.01680,0.14839,0.04097,0.13229,0.00914,0.22226,0.01505
0.17524,0.01586,0.14101,0.03160,0.02577,0.03017,0.26595,0.01026,0.19106,0.00767,0.07288,0.03252
0.03100,0.03549,0.08840,0.01803,0.10435,0.02611,0.20569,0.16275,0.16819,0.01465,0.04322,0.10212
0.09017,0.11228,0.05689,0.09290,0.16115,0.04025,0.10596,0.11129,0.09578,0.02800,0.03249,0.07284
0.04509,0.39909,0.09069,0.03417,0.03162,0.01657,0.14004,0.01865,0.11191,0.00620,0.08069,0.02527
0.19268,0.19768,0.13892,0.02235,0.01197,0.00513,0.03719,0.08919,0.05465,0.03735,0.12426,0.08864
0.02099,0.30687,0.17031,0.00747,0.01038,0.00495,0.19314,0.01636,0.12636,0.11120,0.01245,0.01953
0.06780,0.18217,0.28435,0.00744,0.04739,0.00257,0.04980,0.05643,0.02050,0.01402,0.23766,0.02986
0.16596,0.28493,0.08526,0.02082,0.05565,0.00505,0.10013,0.14069,0.02385,0.00422,0.01609,0.09734
0.11227,0.34076,0.02468,0.09011,0.03117,0.00817,0.03722,0.12434,0.02856,0.06771,0.01637,0.11864
0.07740,0.08722,0.16415,0.00699,0.02048,0.02993,0.21352,0.13810,0.07761,0.02540,0.03115,0.12806
0.04350,0.04050,0.03519,0.27991,0.29041,0.00577,0.03764,0.10031,0.04108,0.06147,0.03189,0.03233
0.01524,0.07900,0.30234,0.00540,0.01341,0.01727,0.16892,0.02244,0.09813,0.02231,0.21796,0.03757
0.00947,0.31618,0.17688,0.00802,0.00724,0.01808,0.19947,0.00994,0.12974,0.02789,0.08127,0.01581
0.03558,0.10861,0.17268,0.08201,0.13016,0.01944,0.18183,0.10420,0.05310,0.01546,0.05819,0.03874
0.01274,0.01719,0.39398,0.01017,0.00666,0.00875,0.05562,0.02122,0.05222,0.03985,0.35529,0.02632
0.00644,0.43644,0.08912,0.01110,0.05829,0.01100,0.11592,0.06286,0.10221,0.00342,0.07466,0.02853
0.01890,0.02863,0.13232,0.01213,0.10663,0.00439,0.15507,0.13328,0.18920,0.16002,0.01405,0.04539
0.06593,0.01636,0.31278,0.01922,0.02238,0.00718,0.37166,0.03125,0.05820,0.02089,0.01569,0.05847
0.13502,0.34908,0.14011,0.07886,0.07759,0.00509,0.14099,0.02055,0.01130,0.00525,0.01734,0.01882
0.10052,0.17271,0.13366,0.04330,0.12882,0.05672,0.03827,0.09949,0.06660,0.03066,0.11641,0.01285
0.07256,0.03459,0.16954,0.05661,0.05712,0.01544,0.17510,0.02244,0.18225,0.00681,0.14957,0.05797
0.12953,0.13279,0.10820,0.02949,0.07464,0.05643,0.14774,0.09322,0.06185,0.02702,0.06622,0.07287
0.17072,0.04275,0.12144,0.02252,0.00919,0.00699,0.12569,0.14431,0.08704,0.11670,0.01218,0.14047
0.03396,0.11527,0.15573,0.07322,0.07533,0.00566,0.15156,0.02209,0.16940,0.15314,0.02455,0.02010
0.02512,0.03080,0.02824,0.13063,0.12786,0.06560,0.25566,0.02549,0.25852,0.01123,0.01646,0.02439
0.03333,0.03819,0.04462,0.04089,0.18799,0.00344,0.07408,0.19707,0.19551,0.11852,0.03092,0.03544
0.05120,0.05908,0.05758,0.03004,0.03048,0.02665,0.12067,0.15152,0.17285,0.10855,0.03367,0.15771
0.08384,0.24376,0.07805,0.03706,0.05427,0.15038,0.12092,0.06260,0.07353,0.00634,0.02974,0.05950
0.05222,0.00964,0.20888,0.12355,0.02089,0.00239,0.28259,0.06278,0.06324,0.11627,0.00834,0.04921
0.18653,0.21207,0.08049,0.07819,0.07815,0.01413,0.07944,0.11977,0.01089,0.00401,0.02259,0.11373
0.03586,0.05908,0.15649,0.21702,0.21453,0.00804,0.16248,0.03179,0.04682,0.00621,0.03224,0.02943
0.02726,0.01802,0.13958,0.02034,0.02745,0.00690,0.30925,0.02331,0.29220,0.00281,0.11986,0.01302
0.10133,0.08734,0.08462,0.02045,0.18237,0.04651,0.10136,0.17716,0.07587,0.02914,0.04918,0.04468
0.02536,0.03105,0.02150,0.03371,0.09837,0.00620,0.23370,0.15016,0.24060,0.02212,0.01190,0.12531
0.02365,0.44574,0.08398,0.00913,0.00921,0.01036,0.22398,0.00634,0.15999,0.00439,0.01547,0.00776
0.03639,0.48670,0.03042,0.01745,0.01612,0.01479,0.16350,0.02078,0.15210,0.00484,0.01542,0.04148
0.14654,0.02630,0.03980,0.00654,0.01347,0.00518,0.21769,0.12457,0.20661,0.01828,0.03535,0.15967
0.01933,0.19005,0.07874,0.01206,0.02748,0.00525,0.19226,0.02894,0.28195,0.08922,0.06269,0.01204
0.18689,0.19773,0.13349,0.00530,0.01523,0.00582,0.14427,0.02274,0.11953,0.01093,0.10798,0.05008
0.05631,0.06631,0.27418,0.03861,0.02762,0.05811,0.26331,0.01399,0.04980,0.00995,0.08224,0.05958
0.11929,0.12177,0.04068,0.25411,0.23178,0.01406,0.07862,0.01289,0.06310,0.00565,0.03402,0.02403
0.16866,0.17855,0.09159,0.00765,0.02652,0.24496,0.13713,0.04374,0.06381,0.00594,0.01559,0.01584
0.01465,0.16380,0.08050,0.01329,0.01541,0.00858,0.32187,0.02805,0.28224,0.00990,0.02814,0.03357
0.18147,0.18199,0.08041,0.03659,0.12736,0.03550,0.11044,0.11389,0.06615,0.00620,0.04146,0.01855
0.01972,0.02722,0.08000,0.04272,0.03017,0.00362,0.37507,0.02382,0.33731,0.02845,0.01648,0.01542
0.16498,0.13216,0.10367,0.01054,0.11116,0.00839,0.20185,0.11849,0.10521,0.00694,0.01561,0.02101
0.04346,0.31955,0.02761,0.01043,0.01455,0.00339,0.24685,0.02471,0.25171,0.00766,0.02689,0.02320
0.01559,0.02507,0.14792,0.12655,0.13693,0.00461,0.03606,0.04258,0.14414,0.12450,0.13729,0.05875
0.26286,0.39807,0.05680,0.00609,0.02436,0.01238,0.07171,0.02081,0.07822,0.01255,0.04883,0.00731
0.23149,0.25867,0.10752,0.00896,0.01341,0.00478,0.16038,0.03666,0.09859,0.00625,0.03702,0.03627
0.16227,0.18178,0.09527,0.01109,0.08103,0.03575,0.19220,0.08240,0.11215,0.00782,0.01450,0.02374
0.10683,0.11531,0.07519,0.01117,0.25313,0.02247,0.07704,0.25439,0.02646,0.00527,0.03017,0.02256
0.23398,0.24660,0.07510,0.05077,0.09092,0.01369,0.11645,0.05498,0.06267,0.01607,0.02799,0.01077
0.02050,0.14099,0.29328,0.01188,0.03020,0.00810,0.11390,0.08220,0.02702,0.02085,0.18882,0.06226
0.12192,0.13849,0.13847,0.01920,0.01684,0.01598,0.10822,0.16108,0.02244,0.01885,0.07262,0.16590
0.05052,0.24238,0.13995,0.03995,0.03748,0.01089,0.14658,0.13788,0.02673,0.00670,0.02863,0.13231
0.07416,0.06929,0.23751,0.00743,0.01316,0.00783,0.13466,0.10344,0.04961,0.00847,0.15422,0.14021
0.03420,0.02994,0.22071,0.10604,0.10672,0.02256,0.21909,0.11209,0.00871,0.09020,0.02481,0.02492
0.17240,0.17792,0.24299,0.01603,0.02254,0.01115,0.06463,0.01337,0.05233,0.02977,0.18450,0.01237
0.43331,0.04209,0.09218,0.04722,0.03836,0.00385,0.18882,0.00579,0.11470,0.00995,0.00970,0.01402
0.23363,0.24284,0.07638,0.03648,0.09272,0.03516,0.06420,0.07346,0.03495,0.01796,0.05165,0.04057
