0.18603,0.30560,0.25548,0.25289
0.21115,0.27355,0.25672,0.25858
0.16220,0.19923,0.31903,0.31955
0.14397,0.18064,0.33964,0.33576
0.21814,0.24148,0.27414,0.26625
0.27518,0.31377,0.20675,0.20430
0.15754,0.37982,0.22933,0.23331
0.20410,0.26736,0.26655,0.26199
0.21223,0.30202,0.24379,0.24196
0.14864,0.28768,0.28188,0.28180
0.15710,0.26813,0.28699,0.28777
0.21869,0.34417,0.21831,0.21883
0.14872,0.33866,0.25571,0.25692
0.23221,0.26410,0.25442,0.24927
0.11389,0.25302,0.31555,0.31754
0.16254,0.40396,0.21745,0.21605
0.30125,0.17059,0.26393,0.26423
0.15711,0.22708,0.31072,0.30508
0.21186,0.31624,0.23468,0.23722
0.18133,0.25167,0.28323,0.28378
0.17390,0.40712,0.21152,0.20745
0.24068,0.16331,0.30123,0.29477
0.17954,0.35184,0.23573,0.23289
0.16706,0.31559,0.25755,0.25980
0.18347,0.16958,0.32327,0.32368
0.10372,0.28404,0.30663,0.30561
0.17656,0.30637,0.25699,0.26008
0.19267,0.38446,0.21177,0.21110
0.22905,0.15412,0.31063,0.30620
0.20512,0.25343,0.27115,0.27030
0.29018,0.24944,0.23584,0.22455
0.19936,0.32308,0.24097,0.23660
0.19535,0.41184,0.19827,0.19453
0.21084,0.19035,0.29840,0.30041
0.17311,0.20322,0.31309,0.31058
0.10363,0.19402,0.35475,0.34760
0.23267,0.29456,0.23758,0.23519
0.22252,0.26710,0.25704,0.25335
0.14165,0.26431,0.30236,0.29168
0.28640,0.20836,0.25561,0.24963
0.11735,0.22213,0.33111,0.32942
0.14194,0.39503,0.23069,0.23233
0.21256,0.27866,0.25395,0.25483
0.22374,0.31761,0.23299,0.22567
0.14772,0.24182,0.30639,0.30407
0.22861,0.25726,0.25853,0.25559
0.22346,0.20045,0.28943,0.28667
0.18743,0.34695,0.23356,0.23205
0.24197,0.40090,0.17789,0.17924
0.18699,0.21379,0.29976,0.29946
0.25207,0.25692,0.25287,0.23814
0.22157,0.18379,0.30054,0.29409
0.27342,0.18254,0.27372,0.27031
0.13754,0.33690,0.26323,0.26233
0.18557,0.20476,0.30520,0.30447
0.36375,0.23856,0.19911,0.19857
0.24113,0.32082,0.22003,0.21802
0.16248,0.23621,0.29983,0.30148
0.22737,0.37149,0.20305,0.19809
0.29478,0.23326,0.23810,0.23386
0.16417,0.25895,0.28836,0.28852
0.18458,0.25613,0.28012,0.27917
0.16074,0.19154,0.32731,0.32041
0.23836,0.32791,0.21883,0.21490
0.21195,0.35903,0.21476,0.21426
0.09618,0.40108,0.25358,0.24917
0.20895,0.23593,0.27761,0.27752
0.23377,0.28856,0.24272,0.23495
0.20325,0.37595,0.21294,0.20786
0.19757,0.27282,0.26595,0.26366
0.18325,0.29586,0.26342,0.25747
0.26010,0.28541,0.23109,0.22341
0.17794,0.34856,0.23942,0.23409
0.19927,0.16368,0.31840,0.31865
0.12602,0.33100,0.26981,0.27317
0.18800,0.17058,0.31920,0.32222
0.25820,0.21835,0.26268,0.26078
0.25766,0.36970,0.18994,0.18269
0.23296,0.27195,0.24964,0.24545
0.19936,0.25371,0.27312,0.27381
0.13065,0.30610,0.28123,0.28202
0.25668,0.22965,0.25810,0.25557
0.16496,0.38074,0.22743,0.22688
0.23610,0.23301,0.26757,0.26332
0.21781,0.27129,0.25810,0.25281
0.20847,0.25260,0.27121,0.26772
0.20509,0.32999,0.23280,0.23211
0.23297,0.32514,0.22168,0.22021
0.16253,0.35003,0.24698,0.24046
0.21438,0.30793,0.23905,0.23864
0.23342,0.18379,0.29372,0.28908
0.27198,0.34986,0.18967,0.18849
0.20006,0.32621,0.23786,0.23587
0.19669,0.27332,0.26570,0.26429
0.33996,0.21758,0.22335,0.21911
0.21076,0.27410,0.25907,0.25607
0.41325,0.23172,0.17958,0.17546
0.23477,0.19076,0.28737,0.28710
0.18372,0.23584,0.29320,0.28725
0.38484,0.23154,0.19636,0.18726
0.18207,0.27811,0.27264,0.26718
0.18207,0.32900,0.24700,0.24193
0.24993,0.30400,0.22247,0.22360
0.26396,0.34636,0.19659,0.19309
0.26782,0.30992,0.21117,0.21110
0.18798,0.32598,0.24260,0.24343
0.27882,0.29226,0.21514,0.21379
0.19012,0.23898,0.28584,0.28507
0.25304,0.33792,0.20414,0.20489
0.24192,0.16290,0.30044,0.29474
0.21347,0.30440,0.24172,0.24041
0.15101,0.37055,0.23791,0.24053
0.17442,0.36095,0.23327,0.23136
0.22129,0.27136,0.25545,0.25190
0.25048,0.17739,0.28688,0.28525
0.14113,0.22676,0.31427,0.31784
0.15827,0.23538,0.30612,0.30023
0.19598,0.28821,0.25886,0.25695
0.09528,0.30755,0.29815,0.29902
0.27618,0.29042,0.21826,0.21515
0.18747,0.25734,0.27985,0.27534
0.20836,0.25878,0.26836,0.26450
0.26440,0.22097,0.25682,0.25781
0.20468,0.27618,0.26103,0.25812
0.19257,0.20497,0.30280,0.29966
0.11713,0.29400,0.29438,0.29449
0.21971,0.24999,0.26837,0.26193
0.17930,0.24417,0.28965,0.28688
0.20760,0.29832,0.24826,0.24583
0.20857,0.24249,0.27260,0.27634
0.21827,0.30172,0.24140,0.23861
0.19642,0.29351,0.25511,0.25496
0.15245,0.38600,0.23299,0.22856
0.20393,0.25589,0.27144,0.26874
0.21906,0.29007,0.24723,0.24364
0.16521,0.16842,0.33447,0.33190
0.28097,0.32083,0.20194,0.19626
0.25113,0.29760,0.22761,0.22366
0.23141,0.16662,0.30243,0.29953
0.17814,0.18977,0.31827,0.31382
0.22478,0.29101,0.24445,0.23975
0.13550,0.30016,0.28422,0.28011
0.22549,0.30376,0.23531,0.23544
0.30338,0.28075,0.21232,0.20354
0.12301,0.32916,0.27824,0.26959
0.20966,0.28683,0.25457,0.24894
0.29052,0.26311,0.22395,0.22241
0.21692,0.27329,0.25772,0.25207
0.21211,0.24433,0.27242,0.27114
0.16927,0.20166,0.31537,0.31371
0.28194,0.26499,0.22747,0.22560
0.22183,0.22369,0.28067,0.27381
0.14245,0.34546,0.25767,0.25442
0.20471,0.26774,0.26351,0.26404
0.18394,0.21924,0.30160,0.29522
0.15779,0.26496,0.28880,0.28846
0.19542,0.42481,0.19285,0.18692
0.20233,0.35863,0.21894,0.22011
0.15563,0.20743,0.31884,0.31810
0.14421,0.24821,0.30404,0.30354
0.18759,0.21605,0.29953,0.29683
0.19452,0.25813,0.27779,0.26956
0.24916,0.30194,0.22604,0.22286
0.19883,0.28532,0.26160,0.25425
0.23408,0.33021,0.21749,0.21822
0.16776,0.23430,0.30030,0.29764
0.23056,0.27787,0.24851,0.24306
0.28146,0.24134,0.23767,0.23953
0.15223,0.22866,0.31162,0.30749
0.20600,0.21529,0.28890,0.28982
0.16113,0.38696,0.22611,0.22580
0.18271,0.32322,0.24958,0.24448
0.18570,0.23834,0.28943,0.28653
0.30911,0.15083,0.27230,0.26775
0.23548,0.29599,0.23618,0.23234
0.28191,0.31275,0.20289,0.20246
0.27424,0.27111,0.22777,0.22688
0.22612,0.21862,0.27913,0.27613
0.14092,0.49631,0.18234,0.18044
0.18366,0.19754,0.30917,0.30962
0.20868,0.30675,0.24452,0.24005
0.21826,0.19091,0.29921,0.29162
0.21131,0.32254,0.23191,0.23424
0.18408,0.23303,0.29343,0.28946
0.16379,0.20613,0.31479,0.31529
0.16230,0.21620,0.31033,0.31117
0.22709,0.25055,0.26281,0.25955
0.23030,0.26291,0.25519,0.25160
0.17537,0.20974,0.30741,0.30748
0.12273,0.34876,0.26428,0.26422
0.11348,0.31250,0.28961,0.28441
0.24473,0.34066,0.20945,0.20516
0.18150,0.13827,0.34151,0.33873
0.19551,0.24032,0.28391,0.28026
0.11451,0.28014,0.30393,0.30141
0.13680,0.26354,0.30116,0.29851
0.14361,0.33929,0.25935,0.25775
0.13026,0.39586,0.23693,0.23695
0.21455,0.36304,0.21212,0.21029
0.22607,0.25136,0.26448,0.25809
0.16885,0.22038,0.30374,0.30702
0.19476,0.18317,0.31275,0.30931
0.17014,0.19850,0.31464,0.31672
0.21483,0.20517,0.28988,0.29012
0.22101,0.15870,0.31391,0.30638
0.18364,0.26407,0.27921,0.27308
0.17608,0.36319,0.23090,0.22983
0.14609,0.24976,0.30257,0.30158
0.22876,0.35822,0.20630,0.20671
0.18489,0.22542,0.29490,0.29480
0.27457,0.26652,0.23139,0.22752
0.29033,0.18847,0.26233,0.25887
0.18266,0.21684,0.30168,0.29882
0.17203,0.29711,0.26653,0.26434
0.19694,0.11575,0.34559,0.34172
0.13895,0.39664,0.23272,0.23169
0.24039,0.31056,0.22803,0.22101
0.23305,0.26796,0.24980,0.24919
0.19988,0.32340,0.23999,0.23673
0.26652,0.23347,0.25054,0.24948
0.14988,0.28685,0.28445,0.27882
0.13220,0.45087,0.20934,0.20759
0.26945,0.32706,0.20228,0.20121
0.16707,0.20001,0.32036,0.31256
0.18280,0.23039,0.29575,0.29107
0.24335,0.24020,0.25866,0.25780
0.30698,0.17085,0.26118,0.26098
0.19386,0.23103,0.28952,0.28559
0.18675,0.27670,0.26846,0.26809
0.26118,0.22471,0.25852,0.25559
0.12439,0.31101,0.28455,0.28005
0.17213,0.26048,0.28496,0.28243
0.23684,0.35054,0.20574,0.20688
0.16152,0.27863,0.28155,0.27830
0.20338,0.34823,0.22399,0.22439
0.18644,0.28388,0.26467,0.26501
0.17340,0.29919,0.26298,0.26443
0.26956,0.28477,0.22788,0.21778
0.24368,0.31827,0.22141,0.21664
0.09507,0.26920,0.32019,0.31555
0.16126,0.28392,0.27771,0.27711
0.09751,0.31024,0.29735,0.29490
0.16802,0.28715,0.27240,0.27243
0.14549,0.37422,0.24109,0.23920
0.47928,0.18279,0.16993,0.16800
0.18632,0.18950,0.31293,0.31125
0.12688,0.25576,0.30819,0.30917
0.10881,0.31336,0.28984,0.28799
0.25490,0.31715,0.21518,0.21277
0.18152,0.22873,0.29412,0.29563
0.13292,0.34691,0.26238,0.25778
0.19659,0.37787,0.21418,0.21136
0.15158,0.13399,0.35658,0.35785
0.18288,0.27877,0.26924,0.26911
0.20207,0.29034,0.25507,0.25252
0.29674,0.20089,0.25277,0.24961
0.12516,0.50477,0.18652,0.18355
0.19999,0.26610,0.26859,0.26532
0.14467,0.19389,0.33334,0.32810
0.27182,0.40205,0.16404,0.16209
0.20588,0.26566,0.26688,0.26158
0.17036,0.28622,0.27261,0.27081
0.21039,0.27435,0.26188,0.25338
0.21248,0.35634,0.21582,0.21535
0.21155,0.28284,0.25275,0.25286
0.19035,0.25580,0.27662,0.27723
0.15764,0.38640,0.22800,0.22796
0.18594,0.20431,0.30580,0.30395
0.19825,0.20154,0.30014,0.30007
0.15905,0.19832,0.31946,0.32317
0.25474,0.34146,0.20267,0.20114
0.25604,0.26408,0.24248,0.23740
0.22525,0.19801,0.29160,0.28514
0.16706,0.30476,0.26268,0.26549
0.30849,0.20021,0.24620,0.24510
0.20570,0.27071,0.26434,0.25925
0.29531,0.19150,0.25801,0.25518
0.19088,0.24983,0.28118,0.27811
0.22204,0.28255,0.25265,0.24276
0.09924,0.28552,0.30884,0.30640
0.29518,0.26274,0.22356,0.21852
0.16460,0.36735,0.23453,0.23351
0.19560,0.29233,0.25673,0.25534
0.27464,0.25377,0.24094,0.23065
0.20485,0.27330,0.26521,0.25664
0.21610,0.28867,0.24909,0.24614
0.21560,0.31815,0.23643,0.22982
0.19018,0.22902,0.29079,0.29002
0.22242,0.32148,0.22914,0.22697
0.10120,0.40788,0.24700,0.24392
0.33342,0.31640,0.17615,0.17402
0.34689,0.19008,0.23292,0.23011
0.28262,0.20575,0.25888,0.25275
0.17850,0.19963,0.31189,0.30998
0.18982,0.26549,0.27269,0.27199
0.22826,0.32065,0.22749,0.22361
0.16185,0.23222,0.30306,0.30287
0.16914,0.24580,0.29071,0.29436
0.23379,0.28734,0.24395,0.23492
0.19375,0.27399,0.26661,0.26564
