0.05203,0.04800,0.04565,0.04450,0.05073,0.05027,0.05291,0.04576,0.05293,0.06152,0.04869,0.04942,0.04950,0.04911,0.04746,0.04732,0.04924,0.04791,0.05337,0.05369
0.05145,0.04970,0.04697,0.04593,0.04803,0.04683,0.04839,0.04685,0.04748,0.04855,0.04827,0.04708,0.05447,0.05830,0.04813,0.04700,0.05092,0.05095,0.05743,0.05727
0.04885,0.04619,0.04828,0.04666,0.04798,0.04730,0.04366,0.04529,0.04952,0.04983,0.04389,0.05120,0.04907,0.04419,0.05027,0.05263,0.05903,0.06504,0.05565,0.05546
0.04729,0.05120,0.04720,0.04562,0.05152,0.05112,0.05206,0.07685,0.04524,0.04377,0.04408,0.04581,0.04791,0.05509,0.04589,0.04818,0.04743,0.04782,0.05355,0.05236
0.05470,0.05143,0.04802,0.04757,0.04816,0.05168,0.04649,0.04354,0.04568,0.04675,0.05066,0.04992,0.04873,0.05200,0.05298,0.04933,0.04907,0.04920,0.05725,0.05685
0.04844,0.05045,0.05940,0.06157,0.04889,0.04798,0.04843,0.04514,0.04580,0.04480,0.04779,0.04970,0.05180,0.04999,0.05046,0.05104,0.04731,0.04705,0.05181,0.05216
0.04808,0.05124,0.05680,0.05904,0.04872,0.04770,0.04830,0.04282,0.04809,0.04907,0.04915,0.04801,0.05358,0.05093,0.04843,0.04815,0.04914,0.04794,0.05219,0.05262
0.05420,0.06256,0.04884,0.04811,0.04701,0.04799,0.04846,0.04355,0.04822,0.04608,0.04843,0.05200,0.05189,0.04783,0.05117,0.05032,0.04766,0.04700,0.05427,0.05440
0.04815,0.05134,0.04846,0.04819,0.04993,0.05071,0.04697,0.04745,0.04779,0.05068,0.05316,0.05752,0.04884,0.04911,0.05238,0.05128,0.04738,0.04619,0.05209,0.05239
0.04766,0.05237,0.05933,0.06289,0.05001,0.04645,0.04324,0.04348,0.04846,0.04609,0.04529,0.04978,0.05301,0.04777,0.05181,0.04956,0.04865,0.05019,0.05204,0.05193
0.05509,0.06782,0.04830,0.04827,0.04922,0.04991,0.04593,0.04677,0.04801,0.04672,0.04949,0.04832,0.04499,0.05184,0.04823,0.04900,0.04687,0.04667,0.05469,0.05387
0.05060,0.04929,0.05454,0.05546,0.04989,0.05077,0.04729,0.04637,0.04836,0.04867,0.04737,0.05099,0.04721,0.04517,0.05076,0.04811,0.04975,0.04995,0.05445,0.05499
0.04859,0.05307,0.04745,0.04705,0.04952,0.05167,0.04971,0.04781,0.04889,0.04909,0.04694,0.04784,0.05344,0.05514,0.04947,0.04889,0.04942,0.04788,0.05418,0.05395
0.05546,0.05796,0.04622,0.04570,0.04932,0.04593,0.04812,0.04836,0.04825,0.04873,0.04969,0.04826,0.04844,0.05105,0.05119,0.04851,0.04990,0.04949,0.05466,0.05478
0.04982,0.04653,0.04729,0.04632,0.05017,0.04881,0.04602,0.04564,0.04623,0.05105,0.04301,0.04620,0.04944,0.04327,0.05257,0.05191,0.05896,0.06571,0.05548,0.05558
0.04690,0.05206,0.05262,0.05289,0.04950,0.05172,0.04870,0.04652,0.04693,0.04789,0.04860,0.04777,0.04807,0.04807,0.05097,0.05205,0.04878,0.04726,0.05644,0.05627
0.05207,0.04763,0.04811,0.04722,0.04946,0.04892,0.04924,0.06222,0.04628,0.04981,0.04995,0.04549,0.04934,0.05242,0.04939,0.04996,0.04831,0.04645,0.05391,0.05382
0.04712,0.04767,0.04863,0.04759,0.05633,0.06275,0.04723,0.04907,0.04931,0.04468,0.04487,0.04901,0.04785,0.04910,0.05068,0.05334,0.04979,0.04959,0.05259,0.05280
0.05728,0.07150,0.04671,0.04593,0.04523,0.04641,0.04763,0.04687,0.04529,0.04603,0.04902,0.04990,0.04545,0.05184,0.04888,0.04573,0.04853,0.04768,0.05655,0.05754
0.05472,0.05878,0.04838,0.04821,0.04745,0.04690,0.04623,0.04476,0.05057,0.05063,0.05242,0.05112,0.04664,0.04587,0.04877,0.04976,0.04771,0.04646,0.05726,0.05736
0.04990,0.04883,0.04822,0.04601,0.04951,0.05023,0.04862,0.04702,0.04895,0.04814,0.04742,0.04524,0.05533,0.05956,0.04856,0.04904,0.04996,0.05106,0.05381,0.05458
0.05234,0.06121,0.04846,0.04673,0.04744,0.04786,0.04650,0.04653,0.04956,0.05454,0.05113,0.04845,0.04879,0.04867,0.04833,0.04869,0.04792,0.04722,0.05520,0.05445
0.04770,0.04820,0.05937,0.06221,0.05123,0.05116,0.04869,0.04605,0.04827,0.04744,0.04696,0.04734,0.04813,0.04684,0.04819,0.04937,0.04913,0.04961,0.05205,0.05205
0.04917,0.05329,0.04842,0.04758,0.04884,0.04985,0.04753,0.04799,0.04488,0.04518,0.04708,0.04711,0.04226,0.04546,0.05928,0.07053,0.04779,0.04717,0.05574,0.05484
0.05695,0.06188,0.04673,0.04547,0.04693,0.04424,0.04508,0.04509,0.04561,0.05012,0.04731,0.05002,0.04896,0.04768,0.05104,0.04966,0.05169,0.05313,0.05625,0.05614
0.04940,0.05339,0.05045,0.05064,0.04709,0.04665,0.04563,0.04320,0.04773,0.05257,0.04967,0.06187,0.05080,0.04888,0.04932,0.04889,0.04718,0.04789,0.05420,0.05455
0.04734,0.05097,0.04751,0.04723,0.04905,0.04890,0.04594,0.04464,0.05256,0.05693,0.04612,0.04956,0.04703,0.04797,0.05027,0.05245,0.05050,0.05151,0.05638,0.05714
0.04903,0.05113,0.04802,0.04674,0.04831,0.05370,0.04761,0.04638,0.04441,0.04637,0.04730,0.04914,0.05554,0.05003,0.05063,0.04941,0.04919,0.04865,0.05862,0.05980
0.05270,0.05252,0.04698,0.04598,0.05123,0.04958,0.05028,0.05871,0.04737,0.04812,0.04622,0.04695,0.04499,0.04991,0.05251,0.05174,0.04964,0.04920,0.05286,0.05249
0.04831,0.04790,0.05033,0.05026,0.04851,0.04764,0.04894,0.04556,0.04862,0.04811,0.04526,0.04684,0.05079,0.04480,0.04908,0.04938,0.05839,0.06526,0.05370,0.05231
0.05445,0.05159,0.04724,0.04505,0.04843,0.04931,0.05241,0.04792,0.04893,0.05083,0.05486,0.05770,0.04493,0.05320,0.04590,0.04657,0.04748,0.04738,0.05259,0.05323
0.04931,0.05132,0.04806,0.04814,0.04968,0.04923,0.04918,0.04986,0.04926,0.04863,0.04787,0.05307,0.05104,0.04924,0.05078,0.05173,0.04718,0.04656,0.05445,0.05542
0.04774,0.05215,0.04858,0.04792,0.04999,0.04873,0.04501,0.04724,0.04800,0.05008,0.04545,0.04810,0.04828,0.04607,0.05649,0.06082,0.04945,0.04999,0.05506,0.05485
0.05085,0.04996,0.05590,0.05830,0.05110,0.04591,0.04535,0.04675,0.04828,0.04573,0.04735,0.04648,0.04853,0.04898,0.05295,0.05237,0.04974,0.05027,0.05216,0.05304
0.05109,0.04664,0.04943,0.04871,0.05163,0.05074,0.05973,0.04991,0.05027,0.05096,0.04668,0.04540,0.04922,0.04583,0.04886,0.04829,0.05086,0.05001,0.05334,0.05239
0.05484,0.04931,0.04745,0.04750,0.04646,0.04785,0.04749,0.04943,0.04406,0.04582,0.05289,0.07195,0.04704,0.05156,0.05020,0.04892,0.04564,0.04467,0.05364,0.05327
0.04882,0.05195,0.05013,0.04942,0.04906,0.04699,0.04787,0.04711,0.04737,0.04705,0.04419,0.04770,0.04823,0.04521,0.04922,0.05187,0.05528,0.05960,0.05637,0.05656
0.04760,0.04850,0.04421,0.04246,0.04877,0.04984,0.04965,0.07889,0.04816,0.04433,0.04922,0.04707,0.04343,0.05295,0.05010,0.05414,0.04699,0.04684,0.05358,0.05326
0.04773,0.04989,0.04584,0.04464,0.05122,0.04953,0.05306,0.06373,0.04726,0.05107,0.04749,0.04763,0.04889,0.05276,0.04782,0.04962,0.04648,0.04624,0.05447,0.05462
0.05142,0.05038,0.04914,0.04874,0.05319,0.05672,0.05121,0.05042,0.05001,0.04660,0.04457,0.04519,0.04588,0.04795,0.04958,0.05110,0.04953,0.04835,0.05482,0.05521
0.04998,0.05102,0.04911,0.04796,0.04788,0.04736,0.05098,0.04913,0.04672,0.04791,0.04743,0.04821,0.05407,0.05509,0.04866,0.04641,0.04874,0.04891,0.05652,0.05790
0.04869,0.04901,0.04850,0.04772,0.05021,0.04992,0.06017,0.06355,0.04889,0.04791,0.04813,0.04721,0.04576,0.04982,0.05122,0.04894,0.04733,0.04692,0.05021,0.04988
0.04447,0.04946,0.04858,0.04778,0.05163,0.04931,0.05011,0.06581,0.04663,0.04261,0.04668,0.05128,0.04773,0.05178,0.04908,0.04955,0.05069,0.05154,0.05263,0.05266
0.04930,0.05683,0.04776,0.04621,0.04937,0.04938,0.04816,0.04623,0.04795,0.04945,0.05082,0.04958,0.05136,0.04905,0.05003,0.05066,0.04930,0.04872,0.05500,0.05485
0.04622,0.04819,0.05540,0.05809,0.04881,0.04739,0.04958,0.04652,0.04872,0.04699,0.04814,0.05030,0.05024,0.04783,0.05018,0.05233,0.05078,0.05005,0.05201,0.05220
0.04844,0.05090,0.04912,0.04903,0.04944,0.04654,0.04869,0.04630,0.04785,0.04924,0.05230,0.05608,0.04862,0.04891,0.05111,0.04967,0.05059,0.05103,0.05313,0.05301
0.05075,0.05220,0.04977,0.04863,0.05030,0.05086,0.04213,0.04744,0.04866,0.04749,0.04721,0.04862,0.04519,0.04769,0.05946,0.06087,0.04779,0.04777,0.05384,0.05332
0.04743,0.04671,0.04734,0.04580,0.05052,0.04945,0.05582,0.05556,0.04641,0.04878,0.04945,0.05324,0.05057,0.04905,0.04681,0.04776,0.04828,0.04738,0.05622,0.05743
0.05462,0.06500,0.04852,0.04795,0.04863,0.04756,0.04523,0.04486,0.04689,0.05283,0.04992,0.05027,0.04890,0.04972,0.04806,0.04662,0.04613,0.04598,0.05596,0.05634
0.05332,0.06956,0.04653,0.04631,0.04588,0.04743,0.04656,0.04381,0.04816,0.05453,0.04880,0.04919,0.04696,0.04734,0.04971,0.05118,0.04617,0.04664,0.05582,0.05608
0.05031,0.05150,0.05343,0.05435,0.04784,0.04639,0.04752,0.04683,0.04944,0.04716,0.04838,0.04968,0.04708,0.05005,0.05049,0.05159,0.04943,0.04860,0.05489,0.05504
0.04929,0.05053,0.05570,0.05628,0.05020,0.04563,0.04915,0.04601,0.04825,0.04801,0.04978,0.04758,0.04780,0.05041,0.05010,0.04848,0.04926,0.04884,0.05458,0.05412
0.04794,0.05159,0.04742,0.04693,0.04788,0.04639,0.04988,0.04852,0.05419,0.06153,0.04935,0.04879,0.04833,0.04930,0.04592,0.04797,0.05108,0.05184,0.05266,0.05249
0.05019,0.05047,0.04841,0.04827,0.05063,0.04890,0.05191,0.05384,0.04810,0.04757,0.04770,0.05139,0.04978,0.04910,0.05016,0.05050,0.04891,0.04859,0.05277,0.05281
0.04847,0.05220,0.04991,0.04837,0.05044,0.05140,0.04915,0.04529,0.04776,0.04970,0.05315,0.06104,0.05085,0.04833,0.04592,0.04562,0.04757,0.04590,0.05456,0.05438
0.04719,0.05247,0.04894,0.04821,0.04606,0.04694,0.04735,0.04903,0.04689,0.05118,0.05115,0.04871,0.05290,0.05992,0.04851,0.04732,0.04852,0.04865,0.05503,0.05504
0.04746,0.04927,0.04763,0.04694,0.05453,0.06133,0.05045,0.04850,0.04656,0.04774,0.04553,0.05297,0.04917,0.04772,0.04996,0.05048,0.04863,0.04821,0.05364,0.05328
0.05004,0.05015,0.04791,0.04555,0.04754,0.05002,0.05049,0.04952,0.04419,0.05095,0.05414,0.05682,0.05029,0.04959,0.04935,0.04913,0.04795,0.04753,0.05473,0.05410
0.04947,0.05162,0.04757,0.04731,0.04994,0.04624,0.04849,0.04646,0.05753,0.06392,0.04983,0.04976,0.04876,0.04455,0.04620,0.05033,0.04837,0.04689,0.05317,0.05361
0.04843,0.05040,0.04886,0.05001,0.05032,0.05220,0.04740,0.04837,0.04483,0.04692,0.04870,0.04676,0.05520,0.05995,0.04760,0.04674,0.04926,0.04904,0.05435,0.05466
0.04765,0.04771,0.04946,0.04896,0.05545,0.06552,0.04734,0.04947,0.04686,0.04811,0.04750,0.05186,0.04955,0.04760,0.04936,0.04765,0.04860,0.04758,0.05175,0.05200
0.05051,0.04975,0.04817,0.04777,0.05105,0.04780,0.06157,0.06059,0.04622,0.04703,0.04774,0.05033,0.04761,0.05102,0.04788,0.04924,0.04682,0.04630,0.05149,0.05110
0.04968,0.04909,0.04871,0.04864,0.04541,0.04620,0.04709,0.04555,0.04497,0.04947,0.04816,0.04652,0.05220,0.06041,0.04949,0.04955,0.04941,0.04942,0.05962,0.06040
0.04835,0.04766,0.04877,0.04753,0.05467,0.06515,0.04849,0.04946,0.04573,0.04745,0.04746,0.05178,0.04811,0.04723,0.04995,0.05188,0.04739,0.04714,0.05339,0.05243
0.04800,0.05288,0.04873,0.04843,0.04913,0.04799,0.04587,0.04993,0.04665,0.04836,0.05025,0.04706,0.05173,0.06524,0.04794,0.04821,0.04822,0.04737,0.05395,0.05404
0.04764,0.04728,0.04853,0.04798,0.05165,0.04980,0.05405,0.05748,0.04680,0.04768,0.04717,0.04858,0.04732,0.04750,0.05082,0.05056,0.04947,0.04785,0.05557,0.05627
0.05225,0.06372,0.04931,0.04836,0.04880,0.05011,0.04748,0.04693,0.04454,0.04755,0.05284,0.04903,0.04993,0.05009,0.04945,0.05004,0.04634,0.04556,0.05405,0.05364
0.05107,0.05098,0.04883,0.04733,0.04972,0.04967,0.04567,0.04544,0.05059,0.05981,0.04553,0.04895,0.04552,0.04427,0.05291,0.05274,0.04969,0.04840,0.05622,0.05667
0.04677,0.05178,0.05697,0.05796,0.05015,0.05113,0.04911,0.04369,0.04780,0.04529,0.04863,0.04978,0.05084,0.04860,0.05139,0.05247,0.04811,0.04892,0.05053,0.05006
0.04625,0.05105,0.04785,0.04700,0.05026,0.05038,0.04644,0.04450,0.05069,0.04909,0.04467,0.04704,0.04685,0.04532,0.05774,0.06751,0.04866,0.04867,0.05489,0.05514
0.04741,0.04834,0.04774,0.04724,0.04759,0.05033,0.04451,0.04752,0.04520,0.04570,0.04512,0.04817,0.05223,0.04761,0.05069,0.05136,0.06039,0.06171,0.05558,0.05556
0.05381,0.06211,0.04806,0.04710,0.04871,0.04559,0.04809,0.04944,0.04830,0.05075,0.04966,0.04534,0.04813,0.05031,0.04831,0.05125,0.04859,0.04723,0.05422,0.05500
0.05058,0.05428,0.04680,0.04507,0.05142,0.05018,0.05395,0.06504,0.04598,0.04470,0.04680,0.04683,0.04470,0.04833,0.05102,0.05159,0.04858,0.04866,0.05323,0.05228
0.05141,0.05171,0.04517,0.04419,0.04789,0.04960,0.04871,0.04969,0.04698,0.04457,0.05212,0.06991,0.04709,0.05202,0.04778,0.04740,0.04757,0.04577,0.05510,0.05530
0.05011,0.04564,0.04693,0.04512,0.04928,0.04921,0.05332,0.06073,0.04610,0.04508,0.04517,0.04946,0.05013,0.05235,0.04907,0.05086,0.04842,0.04872,0.05735,0.05695
0.04818,0.05105,0.04676,0.04633,0.04774,0.04518,0.04769,0.04729,0.04920,0.04951,0.04813,0.04691,0.04685,0.04356,0.05898,0.06522,0.05084,0.05065,0.05465,0.05527
0.04793,0.04973,0.04775,0.04575,0.04948,0.04782,0.04746,0.04782,0.04739,0.04745,0.04578,0.04818,0.04934,0.04686,0.05056,0.04753,0.05890,0.06186,0.05605,0.05638
0.04749,0.05070,0.04462,0.04232,0.05078,0.04868,0.05621,0.07484,0.04763,0.04658,0.04699,0.04416,0.04646,0.05195,0.04929,0.04947,0.04914,0.05006,0.05181,0.05081
0.05655,0.05284,0.04607,0.04470,0.04459,0.04512,0.04434,0.04251,0.06121,0.06005,0.05364,0.04699,0.04351,0.05047,0.05018,0.04915,0.04945,0.04875,0.05497,0.05490
0.05191,0.05188,0.04805,0.04815,0.04835,0.04654,0.04900,0.04593,0.05296,0.05664,0.04900,0.04801,0.04774,0.04722,0.04942,0.05184,0.04901,0.04767,0.05511,0.05559
0.04780,0.05016,0.04726,0.04703,0.04841,0.04660,0.04685,0.04704,0.05094,0.06079,0.04729,0.04840,0.04856,0.04857,0.05006,0.04930,0.05114,0.05056,0.05629,0.05696
0.05374,0.06182,0.04709,0.04669,0.04720,0.04894,0.04675,0.04529,0.04841,0.04830,0.05010,0.04758,0.04827,0.05038,0.05199,0.05119,0.04760,0.04757,0.05582,0.05529
0.04483,0.05334,0.04727,0.04636,0.04961,0.04919,0.04339,0.04635,0.04499,0.04891,0.04618,0.05013,0.04651,0.04520,0.06023,0.07246,0.04741,0.04620,0.05516,0.05628
0.05251,0.04976,0.04603,0.04488,0.04916,0.05104,0.05470,0.05835,0.04817,0.04820,0.04731,0.05219,0.04790,0.04384,0.04819,0.04707,0.04971,0.05110,0.05505,0.05484
0.05871,0.06071,0.04791,0.04818,0.04769,0.04491,0.04929,0.04561,0.04787,0.04889,0.05013,0.05069,0.04715,0.04915,0.04884,0.04922,0.04919,0.04949,0.05310,0.05329
0.04854,0.05041,0.04585,0.04534,0.04937,0.05026,0.04766,0.04745,0.05673,0.06140,0.04643,0.04808,0.04671,0.04597,0.04838,0.05177,0.05090,0.05096,0.05357,0.05422
0.05176,0.05128,0.04737,0.04698,0.04764,0.04882,0.04714,0.04787,0.04813,0.04777,0.04916,0.04706,0.04786,0.04638,0.06006,0.06035,0.04979,0.04855,0.05251,0.05351
0.04889,0.05061,0.04883,0.04678,0.04980,0.04888,0.04771,0.04386,0.05459,0.06543,0.04876,0.04837,0.05007,0.04642,0.04734,0.04876,0.04964,0.05029,0.05234,0.05263
0.04914,0.04922,0.04768,0.04788,0.04899,0.04885,0.04999,0.04787,0.04655,0.04623,0.04846,0.05118,0.04602,0.04649,0.05894,0.06607,0.04807,0.04631,0.05222,0.05386
0.04843,0.05311,0.04885,0.04841,0.05141,0.04661,0.04697,0.04565,0.05278,0.05560,0.04950,0.04806,0.05188,0.04835,0.04727,0.04848,0.04912,0.04977,0.05501,0.05476
0.04964,0.05181,0.04546,0.04507,0.04778,0.04715,0.04850,0.04991,0.04602,0.04973,0.04545,0.04816,0.04407,0.04662,0.05933,0.06370,0.05094,0.05145,0.05446,0.05475
0.04958,0.05067,0.04690,0.04537,0.04717,0.04740,0.04610,0.04770,0.04532,0.04816,0.04335,0.04917,0.04677,0.04733,0.04732,0.04986,0.05915,0.06486,0.05918,0.05864
0.04716,0.04640,0.04795,0.04740,0.05918,0.06070,0.05042,0.04873,0.04797,0.04898,0.04542,0.04956,0.04697,0.04590,0.04874,0.05154,0.04789,0.04898,0.05507,0.05503
0.04944,0.05013,0.05705,0.05857,0.04858,0.04937,0.04860,0.05077,0.04630,0.04577,0.05028,0.04801,0.05036,0.04913,0.05093,0.04943,0.04837,0.04780,0.05063,0.05048
0.04792,0.05427,0.04736,0.04732,0.04745,0.04762,0.04984,0.04861,0.04987,0.05586,0.05039,0.04597,0.04866,0.04458,0.04917,0.05446,0.04994,0.04929,0.05563,0.05579
0.04708,0.04979,0.04972,0.04960,0.04718,0.04902,0.05197,0.04229,0.04885,0.04910,0.04988,0.05155,0.06238,0.05115,0.04702,0.04676,0.05045,0.05135,0.05279,0.05206
0.04572,0.04869,0.04850,0.04758,0.05626,0.07374,0.04588,0.04554,0.04531,0.04649,0.04565,0.05189,0.04776,0.04843,0.05327,0.04933,0.04591,0.04450,0.05371,0.05586
0.05175,0.04873,0.05021,0.04982,0.04909,0.04786,0.04787,0.04821,0.04772,0.04790,0.04913,0.04799,0.04527,0.04723,0.05678,0.05611,0.04987,0.04888,0.05483,0.05474
0.04903,0.04701,0.04729,0.04723,0.04756,0.04713,0.04741,0.05339,0.04628,0.04338,0.04626,0.04909,0.05103,0.04720,0.05267,0.04918,0.05966,0.06414,0.05199,0.05303
0.04939,0.04865,0.04833,0.04812,0.04863,0.04849,0.05162,0.04569,0.04496,0.05093,0.05813,0.05948,0.05039,0.04952,0.04847,0.04748,0.04820,0.04666,0.05360,0.05327
