0.08787,0.07160,0.06853,0.10237,0.07964,0.04307,0.08799,0.08883,0.05430,0.08427,0.06539,0.07932,0.04229,0.04452
0.10007,0.06758,0.07036,0.09865,0.08413,0.04047,0.07832,0.08282,0.05805,0.08765,0.06252,0.08354,0.04385,0.04200
0.09011,0.07462,0.06571,0.09251,0.07413,0.03978,0.09554,0.10104,0.05222,0.08483,0.06427,0.08286,0.04058,0.04181
0.09890,0.07416,0.06865,0.09976,0.07586,0.04240,0.08822,0.09219,0.05230,0.08480,0.06554,0.07170,0.04158,0.04394
0.09608,0.07289,0.06724,0.10329,0.08176,0.04305,0.08685,0.08632,0.05522,0.08051,0.06693,0.07367,0.04281,0.04339
0.09728,0.07264,0.06394,0.10229,0.07732,0.04330,0.08644,0.08180,0.05788,0.08398,0.06711,0.08011,0.04359,0.04232
0.09306,0.07607,0.06748,0.09992,0.07782,0.04312,0.08253,0.08546,0.05654,0.08034,0.06689,0.07388,0.04670,0.05019
0.08960,0.07714,0.06998,0.09157,0.08087,0.04275,0.09202,0.08914,0.05188,0.08165,0.06916,0.07151,0.04638,0.04634
0.09766,0.06823,0.06980,0.08944,0.08180,0.03990,0.08619,0.08208,0.05863,0.07823,0.07094,0.07825,0.04630,0.05257
0.09026,0.07306,0.07040,0.10525,0.08206,0.04077,0.08392,0.08459,0.05283,0.08490,0.06337,0.07739,0.04572,0.04546
0.08337,0.08319,0.06304,0.09112,0.08949,0.04403,0.09227,0.09104,0.05172,0.07837,0.06432,0.07237,0.04958,0.04609
0.08909,0.08126,0.06268,0.10036,0.07971,0.03826,0.08995,0.09012,0.05214,0.08811,0.06449,0.07949,0.03998,0.04437
0.08231,0.07545,0.06766,0.09813,0.07629,0.03992,0.09551,0.10002,0.05088,0.08282,0.06101,0.07929,0.04421,0.04652
0.09089,0.06396,0.06861,0.11132,0.07461,0.03983,0.08717,0.09303,0.05577,0.08433,0.06449,0.07891,0.04086,0.04624
0.08557,0.08736,0.06081,0.08916,0.08160,0.03952,0.09765,0.09015,0.05288,0.08358,0.07112,0.07107,0.04643,0.04309
0.08876,0.06646,0.07364,0.09668,0.07914,0.04723,0.07976,0.09432,0.05881,0.07557,0.06627,0.07995,0.04516,0.04825
0.09787,0.07589,0.06491,0.10263,0.07479,0.04199,0.09072,0.08428,0.05622,0.08416,0.06573,0.07330,0.04105,0.04648
0.09447,0.06617,0.06986,0.10054,0.08018,0.04239,0.08447,0.08577,0.05563,0.08447,0.07041,0.07842,0.04150,0.04572
0.08976,0.07644,0.06755,0.09911,0.07819,0.04182,0.09067,0.09348,0.05484,0.07924,0.06556,0.07542,0.04102,0.04689
0.09211,0.06978,0.06401,0.11228,0.07501,0.03790,0.08998,0.09190,0.05594,0.08175,0.06500,0.08344,0.03846,0.04244
0.08562,0.07201,0.06382,0.09676,0.07938,0.03855,0.09360,0.09712,0.05606,0.08397,0.06439,0.07692,0.04500,0.04679
0.09831,0.07654,0.06372,0.10932,0.07804,0.03805,0.09398,0.08176,0.05154,0.08568,0.06499,0.07202,0.04145,0.04461
0.09547,0.07515,0.06718,0.09209,0.08035,0.04287,0.08887,0.08343,0.05611,0.08354,0.06673,0.07188,0.04859,0.04772
0.09320,0.08123,0.06319,0.09821,0.07947,0.03930,0.09291,0.09059,0.04748,0.08894,0.06692,0.07092,0.04197,0.04568
0.09312,0.06577,0.07116,0.09202,0.08284,0.04469,0.07541,0.09232,0.06000,0.07456,0.07350,0.07568,0.04727,0.05166
0.09349,0.07157,0.06724,0.09903,0.08079,0.04239,0.08716,0.09126,0.05458,0.08176,0.06472,0.07606,0.04316,0.04679
0.08136,0.08467,0.05729,0.08461,0.08535,0.04029,0.09986,0.09369,0.05247,0.08558,0.07018,0.07110,0.04878,0.04477
0.09471,0.06920,0.06739,0.09691,0.09364,0.03900,0.07833,0.08871,0.05040,0.08849,0.06598,0.07797,0.04360,0.04567
0.09344,0.07537,0.06409,0.09809,0.08182,0.04309,0.08808,0.09009,0.05379,0.08106,0.06774,0.07538,0.04241,0.04555
0.10942,0.06596,0.07277,0.11123,0.07880,0.04069,0.08123,0.07951,0.05073,0.08543,0.06363,0.07972,0.03837,0.04249
0.08892,0.07731,0.06655,0.09349,0.08352,0.03685,0.09713,0.09189,0.05092,0.08500,0.06459,0.07225,0.04666,0.04491
0.08838,0.07635,0.06909,0.09152,0.07769,0.04404,0.08938,0.09121,0.05706,0.07724,0.06956,0.06995,0.04781,0.05072
0.08626,0.07869,0.06020,0.09384,0.08278,0.03654,0.09708,0.10135,0.04855,0.08409,0.06482,0.07847,0.04338,0.04397
0.10140,0.07348,0.06445,0.10344,0.07700,0.04002,0.08883,0.08557,0.05248,0.07976,0.06617,0.07624,0.04377,0.04738
0.08929,0.07977,0.06621,0.09036,0.08109,0.04198,0.09276,0.09147,0.05268,0.08321,0.06385,0.07372,0.04594,0.04769
0.09511,0.08868,0.05570,0.10004,0.07742,0.03684,0.10380,0.08992,0.04906,0.08870,0.05970,0.07229,0.04051,0.04225
0.08167,0.07407,0.06903,0.09644,0.08053,0.04265,0.08760,0.09353,0.05610,0.08021,0.06720,0.07310,0.04873,0.04914
0.09343,0.07011,0.07086,0.10314,0.07580,0.04124,0.08232,0.08338,0.06216,0.08579,0.06605,0.07593,0.04104,0.04876
0.09399,0.08338,0.06352,0.09748,0.07817,0.03773,0.09527,0.08735,0.05054,0.08477,0.06408,0.07356,0.04339,0.04678
0.09505,0.07024,0.06739,0.10204,0.07530,0.04249,0.09180,0.08363,0.06129,0.08229,0.06564,0.07526,0.04322,0.04436
0.09253,0.08429,0.06279,0.09181,0.07856,0.04152,0.08851,0.08757,0.05131,0.08415,0.06667,0.07806,0.04380,0.04842
0.09567,0.07305,0.07314,0.09887,0.07497,0.04465,0.08788,0.08345,0.05672,0.08031,0.06648,0.06999,0.04593,0.04888
0.09538,0.07982,0.06108,0.10108,0.07892,0.03977,0.09456,0.08752,0.04741,0.08720,0.06436,0.07453,0.04288,0.04548
0.10027,0.06452,0.07420,0.09320,0.08139,0.04496,0.07947,0.08118,0.06189,0.08401,0.06624,0.07927,0.04194,0.04747
0.10169,0.06930,0.06685,0.09866,0.07404,0.04473,0.08313,0.08312,0.05931,0.08266,0.06659,0.07313,0.04744,0.04934
0.09441,0.07832,0.06145,0.09905,0.08247,0.03711,0.10070,0.08270,0.05047,0.08867,0.06800,0.06831,0.04443,0.04391
0.08925,0.07412,0.06299,0.09822,0.08076,0.03926,0.08898,0.09579,0.05226,0.08181,0.06744,0.07522,0.04198,0.05193
0.08850,0.08080,0.06170,0.09644,0.07797,0.03823,0.09613,0.08819,0.05381,0.07890,0.06991,0.07590,0.04481,0.04870
0.08575,0.07823,0.06580,0.09158,0.08143,0.03960,0.09738,0.09202,0.04883,0.08672,0.06572,0.07381,0.04599,0.04713
0.08282,0.07995,0.06283,0.08654,0.08383,0.03998,0.09378,0.09433,0.05389,0.08167,0.06551,0.07123,0.05159,0.05205
0.09353,0.08232,0.06711,0.09118,0.08133,0.04285,0.08244,0.09003,0.05219,0.08354,0.06839,0.07312,0.04306,0.04891
0.09819,0.07664,0.06654,0.09987,0.07678,0.03908,0.08809,0.09504,0.05089,0.08438,0.06602,0.07722,0.03906,0.04220
0.09038,0.07864,0.07011,0.09438,0.07887,0.03901,0.09092,0.09292,0.05278,0.08293,0.06410,0.07576,0.04558,0.04363
0.08761,0.07692,0.06317,0.09386,0.07959,0.04052,0.08928,0.09998,0.05258,0.07988,0.06495,0.07940,0.04559,0.04668
0.08589,0.08027,0.06045,0.11056,0.07070,0.03593,0.10107,0.09182,0.05202,0.08807,0.06712,0.07563,0.03640,0.04406
0.08822,0.07738,0.06541,0.09089,0.07761,0.03631,0.09620,0.09479,0.05572,0.08886,0.06537,0.07537,0.04534,0.04253
0.08820,0.06871,0.06524,0.09752,0.07932,0.03917,0.09414,0.08944,0.05910,0.08209,0.06680,0.08026,0.04387,0.04613
0.08458,0.07318,0.06667,0.09961,0.08167,0.04185,0.09123,0.09067,0.05617,0.08064,0.06413,0.07923,0.04448,0.04590
0.08973,0.08079,0.06283,0.09246,0.07989,0.04401,0.09941,0.08680,0.05320,0.08287,0.06696,0.06777,0.04618,0.04711
0.09295,0.08246,0.06699,0.08952,0.08068,0.04022,0.09009,0.08425,0.05499,0.08245,0.06989,0.07328,0.04686,0.04539
0.08723,0.08522,0.06102,0.09156,0.08629,0.03976,0.09224,0.08765,0.04823,0.08385,0.06926,0.07162,0.04779,0.04828
0.08638,0.07075,0.06486,0.10130,0.07950,0.03787,0.09183,0.09497,0.05440,0.08472,0.06559,0.07879,0.04181,0.04723
0.08938,0.08233,0.05914,0.10789,0.07639,0.03830,0.10344,0.08972,0.04733,0.08699,0.06027,0.07655,0.03909,0.04318
0.08745,0.07717,0.06782,0.09362,0.07786,0.04130,0.08602,0.09607,0.05533,0.08092,0.06649,0.07581,0.04491,0.04921
0.10063,0.08622,0.05947,0.09826,0.07546,0.04001,0.09542,0.08207,0.05097,0.08612,0.06520,0.07339,0.04510,0.04169
0.09628,0.07267,0.06526,0.09937,0.08140,0.03758,0.10107,0.09010,0.05140,0.08442,0.06062,0.07332,0.04326,0.04326
0.08446,0.08072,0.05933,0.09290,0.08395,0.04097,0.09858,0.09461,0.05284,0.08301,0.06360,0.07380,0.04634,0.04489
0.08587,0.08846,0.06211,0.09783,0.07885,0.04535,0.09012,0.08746,0.05015,0.08433,0.06502,0.06631,0.04792,0.05024
0.08354,0.07303,0.06712,0.09395,0.07944,0.04157,0.09002,0.09700,0.05311,0.08938,0.06229,0.07849,0.04381,0.04726
0.08795,0.07408,0.06776,0.08900,0.08939,0.04104,0.08513,0.09115,0.05104,0.08414,0.06420,0.07915,0.04704,0.04892
0.08529,0.08494,0.06245,0.09886,0.08311,0.04180,0.09144,0.08855,0.04807,0.08033,0.06734,0.07369,0.04614,0.04798
0.09700,0.07108,0.06888,0.10066,0.08402,0.04177,0.08596,0.08071,0.05582,0.08334,0.06505,0.07331,0.04611,0.04629
0.08532,0.07314,0.06629,0.09977,0.07280,0.04212,0.09349,0.09115,0.05760,0.08036,0.06635,0.07714,0.04511,0.04935
0.09166,0.07954,0.06653,0.09757,0.08090,0.04003,0.08550,0.08907,0.05685,0.08400,0.06616,0.07568,0.04194,0.04458
0.08823,0.06784,0.07208,0.09457,0.08007,0.04497,0.08271,0.08812,0.06508,0.08218,0.06667,0.07862,0.04454,0.04432
0.08819,0.08071,0.06738,0.09260,0.07860,0.04612,0.08842,0.08253,0.06459,0.08143,0.06479,0.07236,0.04914,0.04316
0.09625,0.07422,0.06710,0.09916,0.07150,0.04147,0.08593,0.08204,0.05961,0.08630,0.06701,0.07753,0.04408,0.04781
0.08716,0.08268,0.06019,0.09379,0.08038,0.03925,0.09581,0.09819,0.04698,0.08276,0.06650,0.07846,0.04380,0.04405
0.09400,0.06733,0.07185,0.09472,0.08113,0.04916,0.08151,0.09209,0.06044,0.07534,0.06260,0.07876,0.04355,0.04751
0.09735,0.07498,0.06545,0.09700,0.07680,0.04285,0.09885,0.09024,0.04913,0.08458,0.06575,0.07130,0.04112,0.04460
0.09274,0.07725,0.06570,0.09233,0.08393,0.04123,0.09229,0.08771,0.05387,0.08472,0.06528,0.06879,0.04770,0.04648
0.08827,0.07852,0.06629,0.08985,0.08474,0.04401,0.08473,0.09005,0.05553,0.08070,0.06355,0.07820,0.04682,0.04875
0.08385,0.07342,0.06362,0.09846,0.08049,0.03932,0.09177,0.10127,0.05582,0.07730,0.06434,0.07829,0.04267,0.04939
0.08807,0.08472,0.06031,0.09744,0.07856,0.03804,0.09301,0.08892,0.05489,0.08523,0.06474,0.07895,0.04119,0.04595
0.09251,0.07803,0.06303,0.10031,0.07961,0.03733,0.09852,0.08651,0.05524,0.08560,0.06508,0.07261,0.04310,0.04251
0.08838,0.09340,0.05988,0.09116,0.07848,0.04062,0.09716,0.08957,0.04906,0.08072,0.06801,0.06476,0.05048,0.04831
0.08695,0.07010,0.06896,0.08945,0.09520,0.04352,0.08132,0.08866,0.05692,0.07980,0.06553,0.07585,0.04725,0.05051
0.08932,0.08901,0.06061,0.08783,0.08182,0.04188,0.09437,0.09306,0.05069,0.07770,0.06605,0.07218,0.04780,0.04768
0.09596,0.08315,0.05936,0.09547,0.07645,0.04201,0.10519,0.08783,0.05025,0.08159,0.06802,0.06778,0.04227,0.04465
0.09572,0.07444,0.06545,0.10213,0.07906,0.04206,0.09194,0.08342,0.05633,0.08293,0.06802,0.07655,0.04165,0.04029
0.08875,0.07749,0.06525,0.09967,0.07817,0.03995,0.08453,0.09351,0.05509,0.08160,0.06748,0.07946,0.04489,0.04416
0.09861,0.06679,0.06613,0.11127,0.07287,0.04123,0.08525,0.08983,0.05531,0.08464,0.06164,0.08634,0.03682,0.04326
0.08488,0.09023,0.06108,0.08599,0.08483,0.04118,0.09655,0.08875,0.05082,0.08245,0.06829,0.06706,0.04794,0.04995
0.09040,0.08283,0.06547,0.09319,0.08331,0.03988,0.09231,0.08939,0.05204,0.08146,0.06569,0.06882,0.04738,0.04783
0.09154,0.08153,0.06243,0.10133,0.08127,0.03960,0.09252,0.08756,0.05207,0.08176,0.07066,0.06630,0.04513,0.04630
0.09345,0.07601,0.06604,0.09067,0.08468,0.04286,0.08675,0.08751,0.05379,0.08131,0.06706,0.07413,0.04633,0.04941
0.09910,0.06703,0.06833,0.09723,0.08062,0.04299,0.08300,0.08865,0.05821,0.08103,0.06907,0.07667,0.04288,0.04519
0.08948,0.07103,0.06731,0.09700,0.08304,0.04427,0.08517,0.08604,0.05831,0.07837,0.06789,0.07359,0.04838,0.05011
0.09284,0.08035,0.06920,0.08340,0.08408,0.04148,0.08786,0.09366,0.05378,0.07845,0.06849,0.07206,0.04838,0.04597
0.09155,0.07947,0.06575,0.09386,0.07914,0.04262,0.08348,0.08175,0.05768,0.08426,0.06801,0.07369,0.04786,0.05088
