0.03317,0.02844,0.03031,0.02825,0.02283,0.02063,0.01824,0.02076,0.01883,0.01913,0.01884,0.25533,0.03568,0.31594,0.03156,0.02184,0.01752,0.01874,0.02158,0.02239
0.05029,0.02862,0.04282,0.02212,0.04328,0.05213,0.02305,0.03042,0.02928,0.03356,0.21677,0.06296,0.04070,0.07050,0.04603,0.03094,0.05214,0.06145,0.03413,0.02880
0.03158,0.02631,0.03389,0.02639,0.03202,0.03018,0.11484,0.03530,0.03509,0.03923,0.03626,0.02545,0.03049,0.02253,0.02081,0.05736,0.04404,0.01991,0.03056,0.30775
0.02641,0.01935,0.02560,0.02152,0.02677,0.02762,0.02968,0.03274,0.03736,0.03682,0.04036,0.04868,0.02998,0.09060,0.02160,0.28285,0.01969,0.02476,0.02581,0.13182
0.03615,0.03300,0.03787,0.03080,0.03087,0.02302,0.02267,0.02345,0.02100,0.02454,0.03799,0.23251,0.02516,0.23007,0.03545,0.02573,0.04547,0.02800,0.03330,0.02296
0.03456,0.02644,0.03658,0.02728,0.03290,0.02427,0.02878,0.03011,0.03006,0.03220,0.30518,0.02379,0.06381,0.02875,0.04589,0.04454,0.02479,0.08554,0.03630,0.03825
0.02983,0.02307,0.02876,0.02155,0.02754,0.03269,0.01882,0.02923,0.02951,0.03034,0.02431,0.03388,0.03182,0.03467,0.02397,0.05543,0.03132,0.39750,0.03498,0.06078
0.02146,0.02140,0.02185,0.01822,0.02709,0.03279,0.01482,0.02346,0.02441,0.02420,0.02806,0.03624,0.14289,0.02602,0.16552,0.02232,0.02768,0.26185,0.03536,0.02435
0.02894,0.01842,0.02571,0.01678,0.02018,0.02604,0.01417,0.02330,0.01990,0.01912,0.02301,0.18213,0.01817,0.36900,0.01909,0.06236,0.01983,0.03348,0.03238,0.02799
0.02596,0.02257,0.02592,0.01929,0.02774,0.03055,0.02127,0.02527,0.02291,0.02306,0.01825,0.06830,0.02655,0.07871,0.15259,0.06282,0.15207,0.04581,0.12770,0.02266
0.02626,0.02380,0.02814,0.02252,0.02740,0.04008,0.27484,0.03481,0.04857,0.06549,0.01827,0.02209,0.02060,0.01866,0.02416,0.04588,0.03307,0.13709,0.03670,0.05156
0.03367,0.02353,0.03245,0.01933,0.03352,0.02950,0.01952,0.02662,0.02324,0.02407,0.03197,0.03416,0.04749,0.04244,0.03875,0.03735,0.06418,0.36217,0.03750,0.03855
0.03165,0.21138,0.03179,0.22788,0.02968,0.02569,0.02254,0.02614,0.02347,0.02583,0.02779,0.03110,0.01761,0.02728,0.01947,0.07740,0.02914,0.01754,0.06584,0.03077
0.02036,0.01867,0.02081,0.01768,0.01887,0.01869,0.02360,0.02011,0.01825,0.01912,0.01607,0.02015,0.01650,0.01767,0.02114,0.17248,0.02473,0.07874,0.42005,0.01633
0.04103,0.03145,0.03969,0.02538,0.04125,0.03134,0.08467,0.04728,0.06647,0.08291,0.02465,0.03669,0.04098,0.03861,0.05331,0.04014,0.06180,0.12667,0.03933,0.04633
0.03656,0.03529,0.03665,0.03633,0.03161,0.04194,0.06613,0.04907,0.07760,0.07726,0.02756,0.04149,0.03521,0.03869,0.04301,0.04451,0.03270,0.16866,0.04948,0.03025
0.03568,0.02516,0.03638,0.02935,0.03469,0.02577,0.02064,0.02594,0.02274,0.02840,0.02496,0.03451,0.03289,0.02927,0.02731,0.03795,0.10090,0.29030,0.03004,0.10711
0.04264,0.03123,0.04259,0.03755,0.03017,0.02466,0.09290,0.04790,0.04782,0.04833,0.02923,0.04235,0.03544,0.04639,0.02787,0.12370,0.05016,0.04192,0.10679,0.05037
0.03999,0.03464,0.04074,0.03259,0.03168,0.04164,0.02628,0.03785,0.03314,0.03721,0.02658,0.06149,0.02463,0.03505,0.03028,0.07234,0.08725,0.06599,0.12861,0.11202
0.04989,0.02549,0.04380,0.02537,0.03441,0.04089,0.03137,0.04071,0.03373,0.03632,0.02908,0.04774,0.04098,0.04386,0.03252,0.07767,0.09529,0.03280,0.14458,0.09349
0.03891,0.02947,0.04073,0.02667,0.03549,0.02709,0.02700,0.03312,0.03304,0.03485,0.03025,0.07728,0.21794,0.06733,0.06400,0.04264,0.03071,0.03611,0.05042,0.05695
0.02833,0.02866,0.02591,0.02278,0.02559,0.03197,0.01965,0.02966,0.02961,0.02797,0.03105,0.16411,0.02477,0.25466,0.04022,0.09746,0.03172,0.02641,0.03157,0.02790
0.03802,0.07484,0.04886,0.36656,0.04639,0.02402,0.02363,0.02567,0.02488,0.02541,0.02993,0.03174,0.02930,0.03124,0.02581,0.03607,0.02990,0.01850,0.03769,0.03155
0.01956,0.01614,0.02007,0.01443,0.02017,0.01938,0.01728,0.01895,0.01798,0.02033,0.01723,0.03337,0.02992,0.03902,0.02431,0.02322,0.01896,0.58641,0.02390,0.01938
0.03690,0.03404,0.03246,0.02690,0.03586,0.02799,0.02348,0.02980,0.02582,0.02835,0.02761,0.12935,0.02506,0.17222,0.03452,0.12315,0.03163,0.04361,0.07188,0.03938
0.04156,0.02265,0.04439,0.02375,0.03879,0.02890,0.02524,0.03023,0.02486,0.03076,0.02479,0.03368,0.04533,0.03268,0.03420,0.09135,0.07644,0.13335,0.03740,0.17966
0.02875,0.03831,0.02970,0.02894,0.03929,0.03157,0.02137,0.02542,0.02182,0.02218,0.01448,0.03294,0.02535,0.02492,0.27297,0.03535,0.20417,0.04549,0.03325,0.02374
0.05108,0.02995,0.05042,0.02460,0.03343,0.03897,0.03412,0.02752,0.02506,0.03177,0.02234,0.15961,0.03805,0.09066,0.03435,0.04048,0.07406,0.03028,0.04324,0.12004
0.03801,0.02682,0.03418,0.02173,0.03484,0.04334,0.02137,0.03493,0.02896,0.02831,0.04955,0.05481,0.02899,0.05267,0.03001,0.14205,0.07483,0.03070,0.14553,0.07837
0.02957,0.03154,0.02852,0.02268,0.03450,0.03686,0.01913,0.03116,0.03185,0.03116,0.03477,0.14557,0.03152,0.20043,0.03584,0.11382,0.02805,0.02468,0.03593,0.05244
0.01767,0.01602,0.01878,0.01519,0.01780,0.02034,0.01769,0.01870,0.01993,0.02046,0.01642,0.01816,0.02096,0.01868,0.01597,0.02634,0.01553,0.64596,0.01752,0.02187
0.05486,0.09003,0.06369,0.06389,0.04708,0.04191,0.02376,0.04853,0.04637,0.04165,0.03063,0.02846,0.03893,0.03363,0.03252,0.04744,0.04553,0.11111,0.03408,0.07592
0.03476,0.02663,0.03450,0.02647,0.03224,0.02839,0.02426,0.03687,0.03357,0.02887,0.02790,0.04723,0.08269,0.06022,0.04425,0.05959,0.02039,0.28826,0.02880,0.03412
0.03164,0.02137,0.03023,0.01986,0.02406,0.02638,0.01586,0.02104,0.02242,0.02589,0.02081,0.21587,0.03300,0.30519,0.03721,0.02353,0.02548,0.04934,0.02412,0.02669
0.03531,0.02558,0.03293,0.02190,0.02877,0.02818,0.01641,0.02291,0.01950,0.01928,0.01878,0.26563,0.03349,0.23330,0.04249,0.02415,0.02384,0.05837,0.03015,0.01905
0.03271,0.02808,0.03239,0.02257,0.02688,0.03270,0.02283,0.03034,0.03083,0.02709,0.02340,0.16594,0.02575,0.20189,0.03612,0.09186,0.03457,0.03611,0.06295,0.03497
0.04418,0.03171,0.04798,0.02753,0.03772,0.02618,0.02568,0.03061,0.02590,0.02746,0.03206,0.05372,0.04329,0.03999,0.03579,0.03351,0.19645,0.02714,0.04227,0.17085
0.02551,0.01249,0.02198,0.01548,0.01842,0.01804,0.04259,0.02321,0.02400,0.03054,0.01787,0.01751,0.04980,0.01523,0.03726,0.01437,0.28367,0.02971,0.01579,0.28654
0.03691,0.03379,0.03479,0.02809,0.03574,0.03493,0.01704,0.03206,0.03359,0.03160,0.03788,0.17037,0.05088,0.15763,0.07491,0.03393,0.03635,0.04246,0.03938,0.03770
0.03157,0.02527,0.02980,0.02215,0.02861,0.03215,0.01940,0.02691,0.02639,0.02612,0.02694,0.12407,0.02595,0.12753,0.02159,0.21666,0.01939,0.04502,0.03595,0.08851
0.04386,0.07912,0.05362,0.04534,0.24957,0.04691,0.02185,0.03263,0.03130,0.03110,0.03735,0.03939,0.04801,0.04245,0.03999,0.02881,0.02097,0.04750,0.03660,0.02363
0.04988,0.14473,0.05329,0.11222,0.04734,0.03913,0.01506,0.02751,0.02397,0.02225,0.02596,0.03920,0.03117,0.03009,0.02636,0.02838,0.09707,0.01771,0.03512,0.13355
0.03310,0.02315,0.03190,0.02211,0.03243,0.03455,0.02656,0.02606,0.02099,0.02083,0.02768,0.06201,0.05152,0.04571,0.05292,0.08594,0.04314,0.03263,0.29500,0.03179
0.05205,0.02470,0.04758,0.02369,0.03335,0.03324,0.03140,0.02793,0.02459,0.03073,0.03760,0.04513,0.05957,0.03973,0.16729,0.03828,0.08034,0.12888,0.03553,0.03839
0.05238,0.02965,0.04971,0.02343,0.02919,0.03229,0.02729,0.02831,0.02524,0.02909,0.02260,0.07514,0.03326,0.07518,0.03004,0.02728,0.14820,0.08710,0.03751,0.13712
0.02279,0.41955,0.02422,0.19775,0.02539,0.02446,0.01852,0.02097,0.02303,0.02348,0.01996,0.02045,0.01614,0.02053,0.01363,0.02690,0.01508,0.01113,0.01716,0.03888
0.04429,0.02258,0.03872,0.02458,0.02781,0.03604,0.35195,0.03833,0.03082,0.03746,0.03000,0.02860,0.02682,0.02870,0.02214,0.03947,0.04357,0.02962,0.04562,0.05288
0.02692,0.01879,0.02644,0.01849,0.02414,0.03132,0.01872,0.02959,0.03026,0.03344,0.02412,0.03056,0.06170,0.03164,0.03219,0.08518,0.02399,0.35410,0.03007,0.06834
0.02723,0.02342,0.02685,0.01842,0.02622,0.03467,0.01350,0.02015,0.02205,0.01986,0.02199,0.09490,0.32435,0.05011,0.17731,0.02183,0.01641,0.01924,0.02434,0.01714
0.03392,0.03731,0.03439,0.03534,0.04069,0.02837,0.09120,0.04310,0.03883,0.03904,0.03799,0.04915,0.03082,0.04761,0.01998,0.11498,0.03547,0.03018,0.08792,0.12369
0.03086,0.01766,0.02908,0.01966,0.02970,0.03624,0.02601,0.02820,0.03233,0.03464,0.08594,0.04196,0.15352,0.04632,0.06774,0.02665,0.02369,0.21669,0.03282,0.02030
0.04492,0.02847,0.04732,0.02476,0.03408,0.03596,0.02079,0.02855,0.02604,0.02738,0.02962,0.16840,0.03289,0.13386,0.03518,0.04826,0.07562,0.04702,0.04303,0.06784
0.03234,0.02149,0.03140,0.01969,0.02654,0.03684,0.02178,0.02822,0.02497,0.02544,0.02221,0.21789,0.03777,0.10819,0.03816,0.05597,0.02810,0.14144,0.04495,0.03663
0.03979,0.02384,0.05035,0.04036,0.04515,0.03598,0.03066,0.03368,0.03236,0.03211,0.04179,0.03577,0.05285,0.05666,0.02649,0.16704,0.02687,0.06347,0.03473,0.13005
0.05395,0.02834,0.04787,0.02363,0.03497,0.03224,0.02324,0.02745,0.02393,0.02787,0.02464,0.08344,0.12785,0.04912,0.18449,0.03224,0.04510,0.03107,0.06895,0.02961
0.03466,0.03158,0.02924,0.03069,0.02994,0.03745,0.13887,0.04105,0.09021,0.17796,0.03277,0.02698,0.02902,0.02678,0.03049,0.03602,0.04148,0.02426,0.03026,0.08029
0.03549,0.02846,0.03309,0.02080,0.02898,0.04117,0.01575,0.02557,0.02478,0.02596,0.02162,0.18347,0.03805,0.09946,0.03509,0.05819,0.06011,0.07989,0.11108,0.03299
0.05068,0.03060,0.04606,0.02475,0.03502,0.03499,0.05129,0.02795,0.02552,0.02967,0.04116,0.06355,0.05604,0.04093,0.04452,0.03730,0.12983,0.02093,0.07825,0.13095
0.03644,0.04028,0.03359,0.03357,0.03774,0.05549,0.10744,0.04923,0.05692,0.06474,0.03697,0.04032,0.02501,0.02883,0.02759,0.05256,0.07287,0.02994,0.07675,0.09372
0.03282,0.02909,0.03454,0.01959,0.04020,0.03940,0.02589,0.02604,0.02603,0.02671,0.02317,0.05310,0.03776,0.03526,0.24006,0.04174,0.09448,0.09863,0.04259,0.03289
0.02325,0.02229,0.02274,0.01677,0.02335,0.02278,0.02235,0.03388,0.22054,0.32474,0.02487,0.01911,0.01725,0.01653,0.01935,0.06484,0.01803,0.02134,0.03879,0.02720
0.03947,0.02486,0.03740,0.02474,0.03631,0.03187,0.02104,0.02988,0.02418,0.02483,0.13961,0.06168,0.06285,0.05272,0.04901,0.04262,0.03030,0.19464,0.04892,0.02306
0.03200,0.14101,0.03934,0.03434,0.26583,0.02447,0.02339,0.02854,0.02913,0.03366,0.03699,0.03109,0.03288,0.03311,0.03645,0.03206,0.05529,0.01618,0.04252,0.03172
0.03759,0.02577,0.03418,0.02007,0.02957,0.04018,0.02801,0.03074,0.03001,0.03339,0.03162,0.08569,0.02970,0.08109,0.03765,0.05373,0.15881,0.02437,0.07459,0.11323
0.03806,0.03206,0.03858,0.02584,0.04390,0.03762,0.02878,0.03063,0.02902,0.03330,0.04247,0.07795,0.20953,0.04032,0.10477,0.02782,0.04015,0.03162,0.04870,0.03886
0.03116,0.02475,0.03006,0.01957,0.03031,0.02354,0.02871,0.03199,0.03536,0.03481,0.03871,0.04447,0.03523,0.07334,0.02411,0.21324,0.04417,0.02942,0.04068,0.16638
0.04907,0.02501,0.04799,0.02293,0.03676,0.02641,0.03635,0.02492,0.02151,0.02543,0.02787,0.06230,0.13056,0.04520,0.05657,0.02932,0.14343,0.01879,0.05518,0.11441
0.02863,0.01853,0.02741,0.01770,0.02878,0.02755,0.02102,0.02587,0.02570,0.02864,0.02836,0.04448,0.19998,0.02765,0.07175,0.03496,0.03677,0.21148,0.04542,0.04934
0.04625,0.03187,0.04009,0.02375,0.03430,0.03179,0.02464,0.03507,0.03083,0.03168,0.03144,0.16429,0.11090,0.07467,0.06632,0.05877,0.02571,0.03939,0.05261,0.04562
0.05905,0.02719,0.05368,0.02630,0.02856,0.03310,0.01959,0.02974,0.02488,0.02623,0.03604,0.11121,0.04489,0.14145,0.03647,0.11424,0.02628,0.06824,0.03829,0.05456
0.07150,0.04609,0.08907,0.08034,0.08000,0.02869,0.03218,0.03211,0.02680,0.03172,0.02598,0.05245,0.05009,0.05265,0.03697,0.04167,0.06537,0.03933,0.04022,0.07677
0.03015,0.03183,0.03097,0.02875,0.03292,0.03166,0.21153,0.04818,0.08297,0.09116,0.03559,0.02425,0.03142,0.02519,0.02912,0.05876,0.03033,0.03603,0.04613,0.06308
0.03939,0.02525,0.03424,0.02106,0.02983,0.03943,0.02059,0.02786,0.02726,0.02969,0.02769,0.14852,0.02915,0.26367,0.03354,0.07329,0.03425,0.02812,0.03609,0.03109
0.04246,0.03033,0.04017,0.02638,0.03206,0.03219,0.01651,0.02608,0.02611,0.02741,0.03560,0.22544,0.04114,0.08842,0.03666,0.03401,0.08998,0.01856,0.04454,0.08594
0.03982,0.03540,0.04210,0.02884,0.03421,0.03263,0.01965,0.03143,0.02939,0.03129,0.04040,0.11589,0.03476,0.18959,0.02887,0.09263,0.02806,0.03853,0.05642,0.05011
0.03531,0.02438,0.03259,0.02154,0.02423,0.02390,0.02147,0.02437,0.02297,0.02554,0.02678,0.20859,0.02989,0.13250,0.03002,0.05001,0.07469,0.02270,0.06236,0.10615
0.03560,0.02535,0.03917,0.02426,0.03667,0.03001,0.02913,0.03048,0.03491,0.03792,0.02309,0.05664,0.07261,0.05889,0.05983,0.10603,0.02888,0.12473,0.06085,0.08496
0.03638,0.03016,0.03632,0.02605,0.03625,0.03403,0.03753,0.03200,0.03067,0.03283,0.03691,0.03919,0.02692,0.03280,0.02888,0.10545,0.03502,0.25899,0.05963,0.04399
0.03160,0.02612,0.03082,0.01906,0.03178,0.02945,0.02201,0.03203,0.02926,0.02928,0.02339,0.06100,0.12294,0.03874,0.16424,0.06129,0.04538,0.05906,0.04895,0.09360
0.03926,0.04038,0.03865,0.03053,0.04224,0.03896,0.02625,0.02861,0.02608,0.03186,0.03162,0.07261,0.02900,0.07024,0.15107,0.03452,0.11170,0.09187,0.03918,0.02537
0.04309,0.03105,0.03889,0.02787,0.03709,0.05183,0.02387,0.03290,0.02640,0.03031,0.03207,0.07954,0.03652,0.06244,0.03652,0.07326,0.04933,0.08563,0.15898,0.04242
0.02299,0.01864,0.02304,0.02241,0.02275,0.02726,0.54193,0.03042,0.03181,0.03552,0.02045,0.01828,0.02255,0.01986,0.02050,0.02553,0.02281,0.01880,0.02300,0.03143
0.04058,0.02227,0.03962,0.02184,0.02865,0.02382,0.02415,0.02176,0.02078,0.02382,0.02320,0.14963,0.03064,0.15622,0.02278,0.03057,0.09647,0.03016,0.03759,0.15544
0.02984,0.02274,0.03132,0.01972,0.03743,0.03417,0.02415,0.02609,0.02435,0.02663,0.01977,0.03649,0.13192,0.03431,0.11801,0.02561,0.04407,0.25851,0.03040,0.02447
0.04981,0.12398,0.06071,0.17851,0.06589,0.03313,0.02728,0.03496,0.03070,0.03126,0.01936,0.03076,0.03259,0.02849,0.02813,0.02709,0.03494,0.09443,0.03665,0.03133
0.04796,0.03014,0.04846,0.03143,0.04980,0.04440,0.06535,0.04646,0.04236,0.04311,0.04140,0.03203,0.05162,0.02654,0.03738,0.03124,0.08401,0.03509,0.03222,0.17901
0.02396,0.15877,0.02279,0.53830,0.01888,0.01985,0.01435,0.01603,0.01522,0.01637,0.02169,0.01621,0.01327,0.01474,0.01761,0.01520,0.01498,0.01077,0.01574,0.01527
0.02154,0.01524,0.01958,0.01600,0.02137,0.02432,0.02305,0.02451,0.02728,0.02713,0.01683,0.02582,0.02576,0.02250,0.02499,0.02535,0.03131,0.55102,0.02594,0.03044
0.02266,0.02312,0.02410,0.02486,0.02449,0.02679,0.02209,0.02545,0.02692,0.02686,0.06695,0.03727,0.02976,0.05235,0.01806,0.30179,0.01699,0.01774,0.02671,0.18504
0.02986,0.02070,0.03010,0.02289,0.03087,0.02762,0.01764,0.02753,0.02575,0.02714,0.04235,0.15502,0.21612,0.08769,0.07113,0.03540,0.02221,0.03822,0.03048,0.04126
0.03859,0.06530,0.03937,0.03201,0.12540,0.05955,0.03006,0.03399,0.03102,0.03429,0.02708,0.03780,0.03482,0.03774,0.04278,0.03132,0.03844,0.18857,0.04556,0.02631
0.02855,0.01994,0.02521,0.01974,0.02482,0.04657,0.35731,0.04424,0.06531,0.09301,0.02040,0.02538,0.02137,0.01999,0.02446,0.02658,0.03184,0.04142,0.03598,0.02788
0.03670,0.02891,0.03381,0.02432,0.03386,0.02782,0.03137,0.03600,0.02907,0.02904,0.05122,0.05833,0.03449,0.03553,0.03061,0.05721,0.11544,0.02586,0.14887,0.13154
0.02799,0.02097,0.02682,0.01778,0.02531,0.03936,0.01492,0.02029,0.01955,0.02050,0.02177,0.11573,0.02809,0.10471,0.02956,0.04573,0.02105,0.34923,0.03140,0.01923
0.03508,0.03438,0.03890,0.03439,0.03481,0.04080,0.04828,0.08853,0.08186,0.04677,0.02548,0.04072,0.02304,0.02939,0.03069,0.09668,0.06620,0.08681,0.06172,0.05546
0.02557,0.02331,0.02545,0.01846,0.02881,0.04748,0.03249,0.03332,0.03156,0.03384,0.02229,0.03583,0.02295,0.03971,0.02392,0.25061,0.04499,0.03815,0.15010,0.07117
0.04727,0.03333,0.04478,0.03084,0.03700,0.03210,0.02686,0.02999,0.02807,0.03011,0.07377,0.09584,0.13983,0.14936,0.05773,0.03146,0.02235,0.03015,0.03279,0.02637
0.03320,0.02480,0.03126,0.02024,0.03147,0.03544,0.01653,0.02628,0.02923,0.03022,0.02530,0.13529,0.02633,0.22198,0.03296,0.09918,0.03267,0.03867,0.02790,0.08105
0.03349,0.02123,0.03083,0.01934,0.02355,0.04104,0.02150,0.02558,0.02370,0.02486,0.02359,0.19429,0.02863,0.24132,0.02543,0.04629,0.02829,0.05911,0.04581,0.04211
0.04448,0.03144,0.04474,0.03037,0.03887,0.04936,0.02960,0.03880,0.02999,0.03224,0.02986,0.11604,0.02679,0.08066,0.02503,0.04709,0.05168,0.06026,0.05496,0.13773
