0.03348,0.03529,0.32896,0.00788,0.01806,0.01139,0.01143,0.01416,0.29232,0.00665,0.01116,0.01596,0.02413,0.06036,0.01065,0.00551,0.09204,0.00668,0.00756,0.00633
0.22781,0.02619,0.24269,0.01743,0.02336,0.00926,0.00325,0.01278,0.02915,0.00507,0.01871,0.06731,0.01092,0.08741,0.01716,0.01198,0.10862,0.00864,0.06160,0.01066
0.23962,0.18298,0.05002,0.03192,0.02148,0.02231,0.02426,0.01909,0.01045,0.02502,0.01793,0.09885,0.01883,0.02098,0.01573,0.01242,0.01274,0.00836,0.14632,0.02069
0.07688,0.11075,0.03612,0.01864,0.04398,0.05189,0.05833,0.17638,0.04859,0.01994,0.03302,0.02349,0.01100,0.02558,0.12054,0.08206,0.01587,0.01507,0.01919,0.01269
0.02571,0.00888,0.01491,0.01194,0.00695,0.01723,0.00770,0.01262,0.01800,0.01280,0.14163,0.11750,0.02453,0.23936,0.01649,0.00636,0.15989,0.00637,0.13712,0.01403
0.02809,0.02255,0.05274,0.01573,0.12132,0.21921,0.00990,0.12125,0.01932,0.03505,0.07553,0.01056,0.01443,0.03742,0.07914,0.01983,0.00753,0.01279,0.01264,0.08497
0.01508,0.03001,0.02590,0.02918,0.00927,0.02012,0.01156,0.01050,0.02146,0.02589,0.01244,0.25826,0.01005,0.10006,0.03968,0.02070,0.29639,0.00674,0.02744,0.02927
0.43748,0.38890,0.00657,0.00995,0.00268,0.03505,0.00532,0.01925,0.00776,0.01974,0.00658,0.00478,0.01474,0.00721,0.00545,0.00610,0.00799,0.00685,0.00416,0.00345
0.04833,0.07263,0.03464,0.02154,0.02249,0.01950,0.05442,0.29570,0.27952,0.00858,0.01446,0.01963,0.00847,0.02441,0.00865,0.00896,0.01828,0.01699,0.01186,0.01094
0.10865,0.03012,0.06894,0.02634,0.04633,0.01473,0.01467,0.01930,0.02352,0.01232,0.02418,0.02063,0.01512,0.00938,0.24715,0.00623,0.00196,0.03731,0.01329,0.25982
0.06538,0.08239,0.08065,0.02436,0.08195,0.03163,0.03465,0.03526,0.05264,0.05410,0.03726,0.00550,0.02686,0.15316,0.00776,0.01131,0.18241,0.01015,0.01424,0.00836
0.03114,0.01714,0.03782,0.01215,0.02329,0.02236,0.34564,0.01250,0.01743,0.00636,0.06346,0.02435,0.03234,0.07009,0.06082,0.05846,0.05506,0.08078,0.02132,0.00749
0.03335,0.01642,0.03926,0.01924,0.02271,0.01386,0.01599,0.00932,0.03137,0.01571,0.02611,0.25433,0.01058,0.01246,0.03113,0.02444,0.02035,0.06675,0.31867,0.01796
0.01537,0.01887,0.03799,0.00974,0.02278,0.00871,0.01219,0.19172,0.04386,0.01958,0.04354,0.05106,0.25751,0.06545,0.01575,0.00901,0.09128,0.01443,0.05766,0.01349
0.04147,0.03408,0.04902,0.01597,0.02296,0.03268,0.03899,0.02097,0.04971,0.01708,0.03707,0.03996,0.01295,0.08308,0.20865,0.16396,0.08278,0.00980,0.02238,0.01642
0.07261,0.05035,0.03306,0.03142,0.08300,0.02342,0.02339,0.01186,0.03779,0.03400,0.01162,0.02715,0.02580,0.16027,0.02015,0.02077,0.21010,0.03131,0.06225,0.02969
0.02870,0.10911,0.05817,0.02610,0.01575,0.02957,0.00780,0.01779,0.04014,0.02950,0.03280,0.13460,0.02872,0.01650,0.10504,0.06313,0.00580,0.00557,0.19414,0.05106
0.01360,0.02389,0.00544,0.00895,0.01125,0.00539,0.01660,0.00238,0.01496,0.01816,0.01588,0.36236,0.01496,0.01129,0.01094,0.01099,0.00584,0.01971,0.41804,0.00937
0.02925,0.02495,0.01183,0.01363,0.02888,0.00784,0.01465,0.00899,0.01052,0.02043,0.00747,0.14731,0.04888,0.23341,0.00741,0.01094,0.35116,0.00995,0.00757,0.00493
0.02385,0.17858,0.04626,0.01695,0.00838,0.00804,0.01441,0.00733,0.18768,0.00864,0.03181,0.02883,0.01249,0.01068,0.19315,0.11981,0.01528,0.00877,0.01857,0.06048
0.07894,0.01304,0.06955,0.02818,0.01154,0.02381,0.05773,0.01635,0.01356,0.01305,0.02308,0.18815,0.02225,0.01670,0.04763,0.01417,0.02888,0.02207,0.23414,0.07717
0.12452,0.00301,0.11717,0.01574,0.00776,0.00646,0.01372,0.00633,0.01662,0.00793,0.00684,0.24093,0.01916,0.04971,0.00857,0.02312,0.02981,0.01138,0.28239,0.00883
0.03489,0.03771,0.02426,0.01972,0.01438,0.02069,0.00474,0.01962,0.02451,0.02120,0.03280,0.15819,0.16517,0.04586,0.03098,0.02598,0.01747,0.01451,0.25907,0.02825
0.01575,0.01427,0.00914,0.01060,0.02110,0.02866,0.01148,0.00521,0.01426,0.00721,0.10886,0.02360,0.00673,0.32179,0.06275,0.06329,0.25413,0.00662,0.00933,0.00522
0.24699,0.02051,0.00806,0.00604,0.03579,0.01315,0.00837,0.01552,0.21994,0.00808,0.00665,0.01487,0.01901,0.00978,0.15986,0.01396,0.00803,0.00317,0.01193,0.17028
0.05006,0.01971,0.04762,0.01673,0.09958,0.01375,0.02538,0.01360,0.10608,0.02362,0.00873,0.03895,0.00745,0.03276,0.22231,0.17135,0.05886,0.01563,0.01692,0.01091
0.21313,0.02323,0.04573,0.03601,0.01914,0.00970,0.00739,0.04503,0.13307,0.01588,0.03712,0.02728,0.02376,0.02215,0.13244,0.02325,0.03028,0.01445,0.01617,0.12478
0.03873,0.03467,0.03658,0.01985,0.01660,0.01647,0.06420,0.02987,0.02689,0.00463,0.02201,0.18829,0.04814,0.02565,0.04361,0.02309,0.02435,0.04110,0.26133,0.03393
0.03862,0.00915,0.04636,0.03392,0.03548,0.04790,0.02225,0.02618,0.02033,0.03408,0.02118,0.11992,0.02760,0.00983,0.17282,0.05744,0.01569,0.01126,0.14276,0.10722
0.05065,0.02648,0.03633,0.02021,0.03065,0.01489,0.01505,0.03619,0.02880,0.01928,0.06531,0.16815,0.02830,0.11486,0.03656,0.01218,0.22915,0.00797,0.02706,0.03193
0.01450,0.00747,0.05569,0.00982,0.01160,0.01330,0.01485,0.03287,0.01835,0.01443,0.01496,0.18350,0.02029,0.00945,0.12509,0.01482,0.04663,0.00544,0.25097,0.13598
0.05550,0.04001,0.01774,0.00757,0.00808,0.01120,0.01616,0.00928,0.00898,0.01318,0.12437,0.21180,0.03179,0.14024,0.01705,0.01088,0.00587,0.01269,0.25002,0.00760
0.02730,0.03094,0.02149,0.00890,0.02509,0.04187,0.02499,0.25258,0.21651,0.02997,0.02314,0.04659,0.03552,0.04205,0.01655,0.01618,0.06942,0.01314,0.04945,0.00833
0.02554,0.04595,0.02059,0.01299,0.03130,0.02224,0.01949,0.04121,0.01969,0.05380,0.01748,0.14843,0.01635,0.12067,0.01579,0.00787,0.15643,0.01639,0.18285,0.02492
0.05734,0.03465,0.01683,0.01893,0.04588,0.03195,0.01466,0.01297,0.01899,0.01990,0.04432,0.02712,0.01030,0.01482,0.29951,0.23545,0.04284,0.01134,0.02737,0.01485
0.03993,0.01692,0.01704,0.01952,0.01632,0.02487,0.00492,0.10774,0.01763,0.01185,0.02676,0.13679,0.01029,0.14321,0.07122,0.06246,0.11353,0.01801,0.13744,0.00354
0.08347,0.07687,0.02725,0.02648,0.01208,0.02000,0.02435,0.02650,0.01191,0.00818,0.00753,0.25901,0.03902,0.05620,0.00940,0.01783,0.24906,0.01732,0.02346,0.00409
0.03120,0.01556,0.35216,0.01140,0.01393,0.04421,0.02477,0.01508,0.29440,0.00955,0.00998,0.02522,0.01598,0.04328,0.02305,0.00885,0.03288,0.00981,0.01406,0.00463
0.01625,0.19086,0.01395,0.01188,0.23862,0.01363,0.01209,0.01079,0.04316,0.01134,0.00775,0.01658,0.01453,0.05494,0.14262,0.12415,0.05313,0.00938,0.00559,0.00877
0.26435,0.05682,0.04007,0.28537,0.07951,0.01271,0.01177,0.00840,0.00889,0.01195,0.02312,0.02057,0.00579,0.01008,0.06475,0.03423,0.00883,0.00723,0.01753,0.02804
0.07961,0.04164,0.01367,0.00762,0.00798,0.01006,0.00835,0.02580,0.01760,0.01275,0.02926,0.04360,0.04608,0.11157,0.18564,0.14269,0.14108,0.00621,0.05510,0.01369
0.32068,0.02045,0.06546,0.04919,0.01670,0.01848,0.00661,0.03422,0.21694,0.03587,0.02727,0.01280,0.01685,0.02388,0.03649,0.02880,0.01878,0.01256,0.02469,0.01328
0.14409,0.03165,0.12767,0.11857,0.04253,0.03486,0.03456,0.17342,0.05446,0.03013,0.01422,0.01629,0.00483,0.00918,0.06881,0.01465,0.01519,0.00716,0.02225,0.03550
0.07570,0.03361,0.04878,0.04856,0.01854,0.01359,0.01567,0.03004,0.02094,0.03114,0.01499,0.25163,0.01963,0.04804,0.03202,0.01988,0.23235,0.01337,0.02204,0.00948
0.04461,0.34896,0.02358,0.01637,0.39327,0.00752,0.00750,0.02109,0.01411,0.01162,0.03782,0.01098,0.00976,0.01706,0.00732,0.00714,0.00491,0.00613,0.00665,0.00360
0.13783,0.03576,0.19901,0.01867,0.03083,0.03209,0.06917,0.01999,0.02197,0.01438,0.01773,0.02087,0.02066,0.03520,0.14610,0.12182,0.02557,0.01341,0.01187,0.00707
0.00797,0.00455,0.00398,0.00651,0.00497,0.00454,0.00240,0.45225,0.40946,0.00286,0.02357,0.00693,0.01948,0.02122,0.00497,0.00307,0.00963,0.00308,0.00581,0.00275
0.06922,0.02343,0.04030,0.02294,0.21327,0.03177,0.02567,0.09676,0.16265,0.01483,0.03218,0.06717,0.01450,0.01682,0.02449,0.01166,0.02423,0.02459,0.07048,0.01304
0.17080,0.01577,0.02655,0.16834,0.01697,0.00464,0.00770,0.00526,0.01082,0.00615,0.01669,0.16061,0.01194,0.01148,0.04715,0.01722,0.05927,0.01810,0.17813,0.04641
0.03402,0.03040,0.05286,0.00871,0.01592,0.03924,0.01389,0.02009,0.01898,0.02069,0.01171,0.03445,0.13891,0.14399,0.02431,0.12424,0.20104,0.00418,0.04463,0.01776
0.00827,0.00838,0.45329,0.00598,0.00381,0.00652,0.00870,0.00403,0.40236,0.00282,0.00759,0.02514,0.01893,0.00303,0.01311,0.00671,0.00410,0.00413,0.01109,0.00201
0.00672,0.00568,0.00425,0.00278,0.00483,0.00510,0.00189,0.44233,0.00322,0.00622,0.00977,0.00613,0.46640,0.01134,0.00410,0.00232,0.00905,0.00211,0.00343,0.00232
0.20434,0.02637,0.04790,0.00702,0.00503,0.02005,0.12996,0.02073,0.00451,0.02654,0.01277,0.02351,0.00651,0.17871,0.02082,0.01094,0.20742,0.03031,0.00541,0.01116
0.15661,0.07765,0.04076,0.02174,0.03117,0.02993,0.06203,0.02197,0.15452,0.01301,0.07405,0.04366,0.03116,0.07914,0.03014,0.02208,0.05698,0.02338,0.02262,0.00740
0.05134,0.05369,0.03003,0.01837,0.02460,0.01019,0.01697,0.02516,0.03712,0.00840,0.01276,0.03220,0.00220,0.17068,0.10595,0.08904,0.22871,0.02006,0.03116,0.03136
0.03766,0.04005,0.24151,0.01126,0.01696,0.00591,0.01329,0.01421,0.21478,0.00653,0.01591,0.01639,0.00789,0.00380,0.14625,0.00554,0.00993,0.00328,0.00987,0.17896
0.01988,0.31708,0.01712,0.00822,0.37882,0.01351,0.00442,0.00319,0.02849,0.00418,0.00936,0.04053,0.02460,0.02056,0.01945,0.02269,0.01561,0.01526,0.03394,0.00310
0.02249,0.01409,0.02699,0.00896,0.00574,0.00160,0.07841,0.00474,0.02166,0.00601,0.02048,0.25843,0.07313,0.02522,0.01117,0.01491,0.01504,0.06644,0.32221,0.00227
0.11967,0.12907,0.00682,0.01562,0.00539,0.01857,0.01379,0.01576,0.00517,0.01912,0.04181,0.01502,0.00861,0.02228,0.28509,0.22604,0.01100,0.02126,0.01007,0.00984
0.02109,0.01159,0.01986,0.02605,0.01250,0.03163,0.03403,0.01282,0.03830,0.02361,0.02918,0.17052,0.10064,0.02674,0.02107,0.03509,0.11208,0.03605,0.18579,0.05133
0.05271,0.01570,0.05391,0.01782,0.01295,0.00861,0.01663,0.01727,0.03634,0.01093,0.01059,0.02708,0.02050,0.08150,0.25430,0.19552,0.10659,0.02260,0.01420,0.02425
0.20284,0.02182,0.02224,0.04230,0.02813,0.01716,0.02087,0.02275,0.21840,0.01314,0.03867,0.05499,0.00905,0.02190,0.08892,0.05410,0.01956,0.01352,0.07830,0.01136
0.02518,0.13895,0.03415,0.03454,0.25458,0.21592,0.02859,0.01799,0.14971,0.01118,0.00391,0.01220,0.02497,0.00917,0.00849,0.00467,0.00810,0.00190,0.01352,0.00228
0.01415,0.02743,0.02261,0.00455,0.01806,0.02877,0.01501,0.03910,0.07358,0.05163,0.02344,0.13728,0.10548,0.01913,0.04966,0.15280,0.01568,0.01342,0.16205,0.02616
0.01456,0.02004,0.01347,0.03270,0.01391,0.01086,0.00347,0.01071,0.02572,0.04212,0.01648,0.07241,0.13549,0.09793,0.03767,0.11544,0.15429,0.01535,0.13101,0.03634
0.28944,0.28530,0.02215,0.00654,0.13343,0.02173,0.00700,0.01871,0.10202,0.00836,0.01289,0.01521,0.01012,0.01775,0.00861,0.00669,0.01182,0.00455,0.01516,0.00253
0.03990,0.01917,0.01805,0.00762,0.01602,0.00672,0.03050,0.02566,0.05127,0.04996,0.02292,0.27496,0.02051,0.01754,0.01410,0.03258,0.00693,0.00995,0.32921,0.00640
0.17400,0.11409,0.08133,0.02747,0.01564,0.02369,0.03760,0.05343,0.09270,0.03711,0.03367,0.10130,0.00651,0.01162,0.01970,0.01118,0.00905,0.00728,0.13166,0.01097
0.04348,0.02013,0.01807,0.01085,0.01852,0.01838,0.56030,0.01913,0.01389,0.01064,0.02111,0.03207,0.03112,0.02563,0.02765,0.01010,0.04387,0.00547,0.02174,0.04786
0.02672,0.02609,0.04648,0.03308,0.11822,0.00886,0.07237,0.01176,0.01829,0.00606,0.01093,0.00955,0.01362,0.23978,0.03052,0.01032,0.27035,0.01471,0.01763,0.01466
0.13185,0.03369,0.14404,0.04029,0.02359,0.01279,0.05136,0.02847,0.03833,0.02303,0.06739,0.02290,0.00693,0.11436,0.03945,0.03328,0.15188,0.00623,0.01145,0.01870
0.20917,0.03963,0.03686,0.01111,0.02611,0.01115,0.01245,0.01648,0.17356,0.01709,0.01799,0.14311,0.02085,0.00731,0.01634,0.01653,0.01969,0.00793,0.18774,0.00892
0.16123,0.04783,0.19933,0.01669,0.06142,0.02731,0.02693,0.03935,0.01875,0.03184,0.01934,0.04594,0.00633,0.10620,0.00825,0.00990,0.13028,0.02354,0.01206,0.00746
0.03459,0.05376,0.06254,0.01297,0.02097,0.03970,0.01517,0.00898,0.01503,0.04903,0.01073,0.02862,0.04560,0.21999,0.00960,0.02063,0.30205,0.00785,0.00830,0.03391
0.22227,0.04311,0.01850,0.01197,0.03027,0.01386,0.04836,0.04551,0.16987,0.01504,0.00795,0.09710,0.02107,0.01178,0.04162,0.03539,0.01322,0.01670,0.11734,0.01910
0.03989,0.24140,0.03334,0.01928,0.30633,0.02195,0.00621,0.04435,0.04667,0.00690,0.02683,0.04401,0.01407,0.00318,0.03079,0.01907,0.00787,0.01301,0.05219,0.02266
0.02255,0.00837,0.01252,0.01166,0.00732,0.00559,0.02031,0.00923,0.03025,0.01870,0.01632,0.03343,0.02403,0.01981,0.30555,0.00749,0.03127,0.01331,0.07842,0.32388
0.03013,0.27924,0.01749,0.01865,0.34689,0.02803,0.03405,0.03109,0.08134,0.01212,0.00639,0.01243,0.00510,0.02908,0.01419,0.00648,0.02619,0.00578,0.00808,0.00727
0.14423,0.04371,0.04711,0.02931,0.06413,0.04209,0.09236,0.04448,0.11935,0.02164,0.03557,0.02818,0.01883,0.06591,0.02204,0.02697,0.06343,0.02115,0.03238,0.03713
0.19937,0.02021,0.04106,0.00823,0.03627,0.01796,0.00410,0.01692,0.17971,0.03794,0.12830,0.06991,0.01649,0.05791,0.00895,0.00377,0.00596,0.02853,0.10437,0.01402
0.05163,0.01026,0.03710,0.03951,0.01470,0.02210,0.01201,0.19476,0.01063,0.00555,0.02727,0.05633,0.19284,0.01251,0.12191,0.09756,0.02201,0.01204,0.04016,0.01911
0.03760,0.02971,0.07213,0.01371,0.03585,0.03775,0.02991,0.00940,0.02368,0.02899,0.00641,0.03363,0.04853,0.18714,0.02468,0.02923,0.30305,0.00710,0.03330,0.00823
0.04462,0.02068,0.01904,0.03663,0.01709,0.01302,0.02513,0.01009,0.04716,0.01285,0.03268,0.18170,0.00891,0.04900,0.12474,0.05616,0.17229,0.01358,0.01050,0.10413
0.01482,0.21209,0.01866,0.01369,0.26287,0.01416,0.00395,0.02930,0.01393,0.01149,0.06506,0.05397,0.04090,0.03775,0.04530,0.01059,0.04205,0.00770,0.05881,0.04291
0.39123,0.00633,0.40843,0.02128,0.00830,0.00580,0.02221,0.00865,0.00679,0.01685,0.01659,0.00690,0.00551,0.01286,0.01448,0.00759,0.00653,0.00678,0.00656,0.02035
0.02070,0.02300,0.01620,0.01036,0.02539,0.00335,0.01148,0.03502,0.02746,0.01698,0.01191,0.00496,0.02105,0.30305,0.04625,0.04095,0.35983,0.00657,0.01114,0.00434
0.07610,0.00756,0.05731,0.02038,0.07524,0.01101,0.03001,0.07020,0.06482,0.00692,0.04645,0.14446,0.02862,0.01216,0.01767,0.01591,0.01462,0.00912,0.25410,0.03734
0.04415,0.02419,0.03319,0.01707,0.08392,0.02308,0.02675,0.02867,0.01647,0.02458,0.03647,0.19880,0.01717,0.01917,0.05200,0.04567,0.01216,0.05438,0.23103,0.01109
0.08960,0.03921,0.02106,0.01895,0.01761,0.01558,0.00931,0.03871,0.03062,0.01317,0.02174,0.26215,0.01300,0.01719,0.00963,0.01381,0.01460,0.02075,0.32569,0.00763
0.05522,0.03565,0.05789,0.01738,0.03890,0.09502,0.02281,0.03021,0.04384,0.00984,0.02317,0.04958,0.03701,0.07805,0.11379,0.09875,0.11108,0.01961,0.02482,0.03739
0.15973,0.04752,0.01437,0.00826,0.01716,0.01656,0.01278,0.01484,0.07556,0.01244,0.02019,0.08456,0.07957,0.04276,0.11765,0.09260,0.05198,0.00490,0.11291,0.01364
0.18856,0.02930,0.21822,0.03135,0.02441,0.02345,0.05090,0.01995,0.02544,0.02751,0.02743,0.01076,0.01869,0.06036,0.03713,0.01825,0.06566,0.02608,0.06486,0.03168
0.02077,0.04150,0.01685,0.02812,0.02490,0.01007,0.02501,0.00896,0.02746,0.01145,0.01483,0.22774,0.01741,0.01709,0.16529,0.11920,0.19209,0.00757,0.01141,0.01231
0.03628,0.02020,0.03403,0.02730,0.01718,0.03172,0.07566,0.03208,0.05587,0.02891,0.06665,0.12103,0.00762,0.11284,0.00583,0.00587,0.10453,0.02147,0.17298,0.02193
0.06662,0.03496,0.05900,0.02488,0.28231,0.00977,0.01322,0.00543,0.24600,0.00520,0.12407,0.01308,0.00776,0.01198,0.01869,0.00789,0.00483,0.03996,0.01486,0.00951
0.16550,0.09715,0.06877,0.04217,0.10691,0.04949,0.06515,0.08764,0.08099,0.01181,0.02386,0.03408,0.00986,0.00631,0.02858,0.00944,0.04999,0.02478,0.01305,0.02448
0.09189,0.01782,0.12285,0.02224,0.01284,0.01729,0.02204,0.01423,0.01279,0.01924,0.02440,0.14973,0.09112,0.05579,0.03911,0.04820,0.02070,0.00741,0.20036,0.00996
0.31074,0.07524,0.29767,0.01359,0.05870,0.03023,0.03157,0.01449,0.03207,0.02855,0.01979,0.01705,0.00891,0.01463,0.00883,0.00516,0.00832,0.00228,0.01536,0.00684
0.02432,0.02331,0.01315,0.01057,0.00908,0.01459,0.01774,0.01060,0.02149,0.00830,0.08548,0.31586,0.01130,0.05730,0.03448,0.00558,0.25728,0.01245,0.04882,0.01829
0.04124,0.18496,0.02182,0.01284,0.24001,0.01749,0.00972,0.03192,0.06751,0.00688,0.00649,0.02202,0.00617,0.00963,0.12330,0.02129,0.01660,0.00472,0.02154,0.13386
0.01347,0.02466,0.02270,0.00779,0.01236,0.03875,0.01290,0.01606,0.03643,0.01232,0.05934,0.00935,0.02021,0.18509,0.15838,0.11900,0.20624,0.02788,0.01056,0.00650
0.03304,0.02279,0.04226,0.06516,0.07852,0.02080,0.53344,0.01519,0.03641,0.02374,0.02499,0.01315,0.00577,0.01213,0.01587,0.02276,0.00894,0.01058,0.00636,0.00810
0.05910,0.16233,0.05048,0.03717,0.20942,0.08032,0.01443,0.02307,0.01240,0.01210,0.03231,0.08482,0.01285,0.07695,0.01039,0.00782,0.03702,0.01052,0.06032,0.00620
0.01157,0.01357,0.05127,0.01836,0.00922,0.02219,0.01378,0.02109,0.01540,0.00941,0.04173,0.28228,0.00417,0.03003,0.04017,0.05392,0.01933,0.00472,0.33189,0.00590
0.02001,0.03973,0.10597,0.00999,0.00630,0.01357,0.02031,0.01044,0.08027,0.00913,0.04323,0.02712,0.01019,0.04347,0.23630,0.01048,0.00510,0.00962,0.01946,0.27927
0.02971,0.00663,0.03665,0.01542,0.02063,0.05874,0.30458,0.01167,0.03549,0.02470,0.00997,0.03283,0.00615,0.15532,0.01435,0.01102,0.18710,0.01310,0.01664,0.00934
0.10643,0.04305,0.03235,0.02463,0.03490,0.01091,0.03372,0.05416,0.03387,0.02255,0.00986,0.20926,0.01976,0.01098,0.02174,0.04257,0.01346,0.01958,0.24468,0.01155
0.10397,0.01951,0.08452,0.01432,0.03046,0.01498,0.02528,0.03587,0.01293,0.01220,0.00998,0.04014,0.01616,0.23368,0.02422,0.01393,0.25485,0.01146,0.02717,0.01438
0.08711,0.06180,0.08298,0.05628,0.07239,0.02609,0.08262,0.04752,0.06335,0.04648,0.01659,0.06960,0.03372,0.01635,0.05906,0.02495,0.02870,0.01970,0.08422,0.02048
0.09156,0.01578,0.05169,0.02540,0.02596,0.02163,0.00594,0.04631,0.07333,0.02127,0.06855,0.12542,0.03728,0.06256,0.07007,0.01187,0.01946,0.01246,0.16570,0.04778
0.28717,0.06975,0.33515,0.00589,0.00675,0.00559,0.04664,0.01288,0.01283,0.00567,0.00905,0.00509,0.03208,0.00618,0.05792,0.00702,0.00209,0.00433,0.01492,0.07300
0.01651,0.02358,0.02731,0.00989,0.02511,0.03790,0.01435,0.07211,0.01706,0.03362,0.00654,0.11312,0.03654,0.00778,0.20943,0.05681,0.00616,0.04329,0.10296,0.13993
0.18376,0.21977,0.01132,0.01966,0.02536,0.02957,0.01951,0.02076,0.02737,0.00913,0.02295,0.01684,0.02516,0.12443,0.01661,0.01751,0.15680,0.01878,0.02293,0.01177
0.06830,0.02129,0.04584,0.01994,0.02307,0.02374,0.04096,0.01717,0.01897,0.00841,0.00904,0.22705,0.05770,0.00849,0.05304,0.03318,0.01088,0.01050,0.29258,0.00985
0.09922,0.07520,0.03612,0.07913,0.04845,0.01677,0.02181,0.02080,0.03165,0.00738,0.02184,0.19632,0.03332,0.01308,0.01590,0.00905,0.01985,0.01249,0.23189,0.00975
0.08551,0.01906,0.03170,0.04321,0.01700,0.01812,0.03734,0.05625,0.08369,0.02376,0.04101,0.01975,0.01497,0.01924,0.19298,0.01900,0.01182,0.00961,0.02250,0.23348
0.04975,0.07067,0.02021,0.01480,0.12388,0.17787,0.02731,0.06116,0.08051,0.00959,0.02515,0.06940,0.00656,0.02004,0.06551,0.02350,0.01031,0.00951,0.05424,0.08002
0.06111,0.05584,0.02868,0.04092,0.04550,0.01740,0.03619,0.02981,0.01712,0.02759,0.05182,0.03532,0.03268,0.08761,0.14427,0.05531,0.09596,0.04682,0.04513,0.04490
0.03257,0.02688,0.04113,0.02867,0.04378,0.02044,0.01174,0.01021,0.01546,0.02091,0.08993,0.02368,0.02224,0.18388,0.01796,0.00833,0.25506,0.01564,0.04193,0.08955
0.13103,0.13176,0.01876,0.02859,0.08253,0.02073,0.01236,0.03783,0.06408,0.01304,0.02749,0.08140,0.01780,0.08084,0.02577,0.00743,0.14373,0.00808,0.03988,0.02689
0.01881,0.01362,0.08789,0.00872,0.00809,0.02264,0.01996,0.01739,0.02093,0.01512,0.04267,0.00781,0.01135,0.09200,0.27694,0.03804,0.02202,0.02439,0.01674,0.23487
0.06119,0.03749,0.02817,0.01984,0.04180,0.01120,0.01900,0.01796,0.02789,0.01232,0.03315,0.22609,0.01258,0.06749,0.02376,0.00783,0.04885,0.02027,0.26803,0.01508
0.18523,0.18657,0.01159,0.00715,0.01029,0.02823,0.01065,0.00945,0.04175,0.01755,0.01245,0.03123,0.02704,0.01746,0.13543,0.04832,0.03942,0.02193,0.01909,0.13915
0.06308,0.01711,0.02845,0.02787,0.01521,0.05123,0.24634,0.01577,0.04183,0.01061,0.00484,0.06787,0.00558,0.13398,0.01922,0.01362,0.15714,0.00890,0.05783,0.01352
0.21590,0.02906,0.01555,0.00956,0.01469,0.01488,0.00936,0.01886,0.19056,0.01215,0.01880,0.18440,0.00469,0.01561,0.01693,0.01279,0.13641,0.00512,0.05638,0.01831
0.02036,0.02359,0.07884,0.01812,0.01707,0.01271,0.00386,0.01434,0.08144,0.02807,0.06688,0.02809,0.00560,0.00802,0.24042,0.01423,0.03087,0.00882,0.04759,0.25110
0.04749,0.07402,0.01721,0.01085,0.05169,0.04472,0.02698,0.01570,0.07106,0.00935,0.03628,0.01531,0.01140,0.02548,0.25693,0.09673,0.02567,0.00612,0.02719,0.12982
0.19419,0.01324,0.00812,0.18554,0.00889,0.00540,0.00656,0.01151,0.01291,0.00537,0.03598,0.00996,0.01863,0.19688,0.01313,0.00404,0.24917,0.00326,0.00737,0.00985
0.03874,0.02446,0.01700,0.01473,0.04218,0.05058,0.01835,0.02503,0.01962,0.01890,0.01298,0.07511,0.01200,0.01296,0.27973,0.22162,0.00903,0.01172,0.08511,0.01016
0.15447,0.01149,0.03624,0.01909,0.02239,0.01613,0.18351,0.01583,0.02259,0.00886,0.02268,0.01137,0.01024,0.00457,0.22751,0.13581,0.02108,0.02556,0.01404,0.03653
0.15480,0.00736,0.02939,0.02798,0.01880,0.02217,0.16168,0.01653,0.01742,0.02407,0.01234,0.06134,0.01395,0.13478,0.02775,0.02212,0.16950,0.00446,0.05903,0.01455
0.03091,0.02232,0.05233,0.00652,0.01884,0.02505,0.02089,0.30596,0.02531,0.01778,0.01672,0.01109,0.30000,0.00639,0.06030,0.03904,0.00754,0.00786,0.00906,0.01608
0.02363,0.29486,0.01499,0.01198,0.00876,0.00779,0.00504,0.00535,0.32733,0.00934,0.00520,0.01414,0.01530,0.10299,0.02072,0.00579,0.10403,0.00887,0.00515,0.00875
0.03522,0.02985,0.03349,0.01071,0.03434,0.02781,0.03580,0.10383,0.08178,0.03718,0.02583,0.07400,0.06435,0.01736,0.13799,0.01153,0.00887,0.00641,0.08936,0.13430
0.08702,0.04991,0.03666,0.02166,0.03542,0.01624,0.00691,0.02380,0.04961,0.01146,0.10949,0.14330,0.02100,0.12699,0.01259,0.01064,0.04568,0.02307,0.14367,0.02487
0.01625,0.01253,0.06409,0.01111,0.02209,0.05724,0.00913,0.02898,0.01913,0.00861,0.03059,0.02185,0.01045,0.13918,0.20010,0.15016,0.12467,0.02309,0.02987,0.02087
0.02632,0.01461,0.03691,0.03514,0.04396,0.00694,0.00727,0.04689,0.01657,0.01512,0.09493,0.01284,0.00943,0.25484,0.05015,0.02196,0.27785,0.00672,0.00764,0.01391
0.20653,0.17049,0.03429,0.02394,0.07060,0.03511,0.01475,0.03860,0.04416,0.02884,0.04296,0.03606,0.02322,0.05745,0.03950,0.01909,0.06138,0.01185,0.02857,0.01259
0.06056,0.04723,0.05828,0.02193,0.07569,0.00871,0.02291,0.02367,0.05164,0.02567,0.05210,0.01033,0.01317,0.01852,0.22441,0.00661,0.01610,0.00533,0.00447,0.25267
0.38669,0.00432,0.44157,0.00327,0.00998,0.00857,0.01044,0.00607,0.02977,0.00525,0.02176,0.00852,0.01157,0.00546,0.00579,0.00427,0.00777,0.01081,0.01173,0.00640
0.02385,0.36906,0.01603,0.01726,0.01122,0.02387,0.01015,0.00522,0.40691,0.00393,0.02338,0.00782,0.01573,0.01039,0.00647,0.00839,0.01096,0.00533,0.01774,0.00628
0.07404,0.03262,0.04928,0.01668,0.03547,0.01104,0.02388,0.01601,0.02972,0.02456,0.02293,0.17337,0.00464,0.04569,0.10687,0.06646,0.01635,0.01667,0.21414,0.01958
0.00751,0.01198,0.02740,0.02550,0.03067,0.01640,0.01090,0.00914,0.01582,0.00835,0.02856,0.14080,0.01007,0.12172,0.14150,0.09095,0.23721,0.02826,0.00699,0.03027
0.11821,0.17120,0.03236,0.01953,0.21571,0.01070,0.09572,0.01223,0.02567,0.01015,0.04438,0.02112,0.01263,0.00878,0.06171,0.00529,0.01357,0.01270,0.02052,0.08780
0.12610,0.04376,0.07897,0.00261,0.04140,0.01490,0.06827,0.03536,0.11059,0.02012,0.01616,0.01663,0.00731,0.02294,0.17455,0.13433,0.02616,0.01388,0.01506,0.03090
0.01232,0.11840,0.00900,0.00766,0.05227,0.01889,0.02392,0.00977,0.02321,0.01225,0.01068,0.28736,0.00490,0.02083,0.01788,0.01251,0.01037,0.00768,0.33368,0.00643
0.14577,0.05244,0.05829,0.02871,0.03805,0.03905,0.03730,0.02082,0.07360,0.03425,0.01177,0.09700,0.00647,0.02052,0.08886,0.01301,0.01618,0.00917,0.10506,0.10367
0.01080,0.02984,0.05020,0.03217,0.03273,0.02846,0.06605,0.01866,0.00989,0.06157,0.03997,0.01336,0.01138,0.04253,0.21686,0.04447,0.02192,0.02129,0.02299,0.22488
0.16693,0.02039,0.01728,0.01637,0.01433,0.01857,0.01275,0.02729,0.11556,0.01124,0.03414,0.06268,0.04309,0.02263,0.13631,0.00686,0.01587,0.00489,0.09585,0.15696
0.11494,0.02608,0.11588,0.04998,0.01971,0.04583,0.01162,0.01854,0.01802,0.02662,0.02156,0.16678,0.03929,0.01139,0.02693,0.04218,0.00784,0.01816,0.20810,0.01055
0.40210,0.00823,0.01321,0.40815,0.00576,0.00747,0.00831,0.01079,0.02489,0.00453,0.00336,0.03358,0.00864,0.00301,0.00423,0.00296,0.00366,0.00823,0.03291,0.00598
0.00887,0.00885,0.01625,0.00751,0.02053,0.01342,0.04590,0.00951,0.02902,0.01470,0.10848,0.16093,0.02034,0.00426,0.08684,0.04967,0.01724,0.05028,0.30199,0.02542
0.03786,0.04527,0.04815,0.02078,0.07977,0.03127,0.02269,0.03355,0.08532,0.01413,0.03319,0.10427,0.00770,0.04313,0.10309,0.07612,0.03819,0.04202,0.11720,0.01629
0.01824,0.01446,0.03961,0.01749,0.01546,0.01315,0.02814,0.00471,0.01999,0.01590,0.01226,0.23942,0.02358,0.10493,0.01698,0.01234,0.10428,0.01017,0.27895,0.00995
0.31768,0.01184,0.03633,0.01344,0.01537,0.01526,0.26528,0.01442,0.00852,0.00548,0.01890,0.07726,0.00636,0.01227,0.01253,0.09324,0.00416,0.00602,0.05560,0.01005
0.06570,0.03740,0.04032,0.02840,0.03726,0.01158,0.02715,0.02900,0.05424,0.30306,0.07444,0.03822,0.01711,0.06001,0.01351,0.00943,0.08433,0.00618,0.04960,0.01305
0.31119,0.01910,0.02653,0.02561,0.02157,0.01223,0.11722,0.04609,0.16816,0.02387,0.01284,0.03504,0.01404,0.03919,0.02393,0.02254,0.03780,0.00795,0.01976,0.01534
0.05736,0.02065,0.04730,0.02503,0.01451,0.02528,0.03313,0.02520,0.03141,0.01663,0.04798,0.23351,0.03492,0.04167,0.04493,0.02592,0.09710,0.00832,0.15645,0.01272
0.05770,0.01687,0.02280,0.02973,0.01005,0.00604,0.03278,0.09129,0.04485,0.01742,0.05559,0.19527,0.05061,0.01174,0.02400,0.02340,0.01812,0.00487,0.26249,0.02437
0.04499,0.31210,0.01665,0.01849,0.34694,0.01711,0.00534,0.00841,0.03249,0.01462,0.01889,0.03309,0.01365,0.03709,0.00920,0.01111,0.01430,0.02067,0.00854,0.01634
0.13822,0.02276,0.02086,0.01691,0.02884,0.01284,0.02241,0.01841,0.11955,0.01249,0.10584,0.00431,0.01885,0.05885,0.17783,0.14682,0.01616,0.01991,0.01477,0.02337
0.02561,0.01182,0.02930,0.00807,0.05301,0.00580,0.02462,0.00639,0.01963,0.01432,0.05118,0.14097,0.01235,0.14680,0.07311,0.00586,0.00461,0.00914,0.17720,0.18021
0.04585,0.03113,0.07314,0.03653,0.01071,0.01503,0.03400,0.01200,0.02504,0.01469,0.02040,0.18065,0.01938,0.03193,0.08594,0.02451,0.03368,0.00900,0.23167,0.06473
0.08237,0.03512,0.03813,0.02303,0.06316,0.03197,0.03008,0.01618,0.03091,0.05894,0.02888,0.04984,0.01712,0.02567,0.22143,0.17625,0.01037,0.00844,0.04702,0.00510
0.10860,0.01311,0.01683,0.01195,0.02839,0.01203,0.43722,0.03466,0.03873,0.01114,0.01786,0.05320,0.02305,0.00598,0.05715,0.05191,0.00211,0.01402,0.05140,0.01066
0.03395,0.06265,0.02342,0.01191,0.01795,0.02869,0.01771,0.00880,0.09301,0.01353,0.01705,0.20974,0.00836,0.06449,0.03234,0.02502,0.06797,0.01418,0.23768,0.01153
0.04522,0.01984,0.02521,0.02205,0.22990,0.23414,0.01520,0.01868,0.01652,0.01662,0.01612,0.07211,0.01245,0.02235,0.07239,0.03450,0.00438,0.00743,0.08514,0.02974
0.09442,0.05620,0.01803,0.03291,0.21041,0.23265,0.05608,0.03744,0.05314,0.01630,0.02517,0.04227,0.01395,0.01467,0.01969,0.01614,0.01515,0.01063,0.02916,0.00559
0.01075,0.01446,0.04454,0.00925,0.01547,0.14002,0.01336,0.01309,0.01363,0.01375,0.02290,0.19858,0.00452,0.04994,0.02123,0.12437,0.03852,0.02303,0.22073,0.00787
0.01567,0.00619,0.02371,0.01014,0.01139,0.02681,0.00837,0.00621,0.00268,0.00498,0.00495,0.15348,0.00439,0.00804,0.29740,0.22668,0.00318,0.00266,0.16430,0.01877
0.02469,0.10004,0.02041,0.01051,0.02204,0.02424,0.02430,0.01921,0.01676,0.02720,0.00610,0.07972,0.00676,0.01290,0.24757,0.22367,0.01471,0.02977,0.07400,0.01539
0.10773,0.01668,0.01102,0.02049,0.01329,0.01687,0.00875,0.01229,0.01552,0.01249,0.02405,0.00871,0.01052,0.01841,0.34958,0.27006,0.01395,0.02674,0.03130,0.01153
0.07858,0.02682,0.03242,0.04058,0.03474,0.01207,0.13353,0.00484,0.03455,0.03362,0.01145,0.18736,0.01339,0.02524,0.04233,0.01096,0.01077,0.00739,0.23372,0.02561
0.04164,0.01131,0.05880,0.03928,0.03221,0.02447,0.06195,0.00663,0.05163,0.07021,0.05266,0.10326,0.04880,0.08454,0.01437,0.03631,0.09694,0.01714,0.13476,0.01309
0.13694,0.07046,0.12871,0.01525,0.02983,0.01775,0.02102,0.01553,0.02337,0.01164,0.03056,0.15439,0.04316,0.02154,0.03061,0.00744,0.02189,0.00853,0.18852,0.02287
0.40285,0.01295,0.28675,0.00591,0.01810,0.00714,0.00842,0.01471,0.08824,0.00752,0.01988,0.01026,0.02238,0.02277,0.00708,0.00831,0.02907,0.01296,0.00836,0.00634
0.01902,0.01526,0.00891,0.02780,0.14651,0.01829,0.05273,0.01668,0.10979,0.02268,0.01455,0.00732,0.01062,0.01683,0.23960,0.01505,0.02128,0.00465,0.00337,0.22905
0.02123,0.02482,0.02029,0.00565,0.02675,0.02106,0.03542,0.03959,0.03058,0.00606,0.01929,0.12147,0.04446,0.00649,0.19615,0.05581,0.01999,0.00549,0.14642,0.15298
0.06087,0.05564,0.06681,0.03303,0.03938,0.07392,0.05015,0.02306,0.09320,0.03801,0.05626,0.05979,0.05124,0.03589,0.03321,0.04327,0.07867,0.04222,0.04889,0.01649
0.03545,0.01634,0.01637,0.00533,0.01167,0.00403,0.01735,0.00771,0.03114,0.01200,0.02179,0.00774,0.01126,0.34717,0.02145,0.01664,0.39495,0.00837,0.00734,0.00590
0.08165,0.08249,0.04315,0.01541,0.06113,0.02105,0.02501,0.02993,0.06667,0.05814,0.04110,0.01298,0.01600,0.05588,0.16314,0.00768,0.03257,0.00712,0.00893,0.16998
0.08154,0.04797,0.07773,0.02719,0.02930,0.00985,0.07255,0.03735,0.10134,0.01917,0.01864,0.10868,0.00909,0.09253,0.01169,0.01284,0.18083,0.00953,0.02382,0.02834
0.13885,0.10668,0.01035,0.01318,0.02026,0.01482,0.01701,0.01174,0.00862,0.01915,0.02822,0.00760,0.01512,0.09836,0.14287,0.00678,0.13859,0.01539,0.02069,0.16571
0.02468,0.11719,0.05504,0.03405,0.01605,0.01356,0.00609,0.03718,0.04940,0.03830,0.03211,0.21777,0.01225,0.01853,0.01365,0.01579,0.00773,0.01411,0.26819,0.00835
0.09038,0.05051,0.13687,0.02728,0.08392,0.00588,0.01838,0.02509,0.03668,0.04190,0.01917,0.15418,0.00874,0.03701,0.01569,0.01133,0.03843,0.00843,0.18005,0.01005
0.14277,0.07731,0.07411,0.03530,0.04469,0.03354,0.02536,0.11897,0.03897,0.01194,0.01466,0.12787,0.01693,0.01762,0.01611,0.01175,0.00329,0.01927,0.15848,0.01108
0.02653,0.01390,0.10206,0.06784,0.03816,0.02671,0.04992,0.03236,0.01274,0.02433,0.01088,0.08463,0.01462,0.14161,0.02683,0.04237,0.16328,0.03798,0.07478,0.00847
0.08603,0.04316,0.01818,0.00743,0.02444,0.02086,0.01651,0.02272,0.02702,0.00966,0.15997,0.04560,0.01402,0.20180,0.08226,0.01328,0.05302,0.02540,0.01611,0.11253
0.03733,0.00945,0.01643,0.02242,0.01807,0.01383,0.00563,0.01315,0.01317,0.02876,0.01384,0.14908,0.02504,0.02334,0.17729,0.01498,0.01012,0.02755,0.19545,0.18508
0.01370,0.02307,0.01421,0.02112,0.19746,0.01757,0.02529,0.01281,0.15325,0.00984,0.01791,0.12635,0.00735,0.02491,0.05834,0.03935,0.02065,0.02167,0.14010,0.05506
0.08130,0.04859,0.04058,0.02328,0.08982,0.02414,0.04826,0.09558,0.01463,0.02046,0.05741,0.03732,0.04091,0.02982,0.08769,0.03494,0.06115,0.02016,0.02696,0.11699
0.04053,0.02359,0.03332,0.01789,0.01905,0.02214,0.03054,0.00857,0.00672,0.02104,0.06299,0.23811,0.01597,0.01999,0.03257,0.01467,0.04326,0.03779,0.29315,0.01812
0.02033,0.01652,0.02673,0.01776,0.02011,0.01194,0.02282,0.01515,0.03249,0.01108,0.01003,0.01061,0.00754,0.00636,0.37557,0.32286,0.01361,0.00692,0.01388,0.03768
0.03070,0.03838,0.01525,0.00691,0.04404,0.03237,0.01366,0.02042,0.03127,0.01011,0.07032,0.28240,0.01243,0.01675,0.04063,0.00693,0.21568,0.01065,0.05355,0.04754
0.22931,0.02390,0.22153,0.02333,0.01889,0.02096,0.00871,0.12325,0.03152,0.00843,0.02090,0.05634,0.01057,0.04202,0.00707,0.01312,0.04410,0.01457,0.07781,0.00367
0.08490,0.10563,0.02739,0.01371,0.00332,0.01952,0.01012,0.01232,0.02427,0.01022,0.01897,0.05814,0.02912,0.20587,0.01641,0.01214,0.26387,0.01462,0.06057,0.00889
0.05218,0.15125,0.05867,0.02582,0.05572,0.03140,0.00808,0.02430,0.06604,0.00970,0.01675,0.05093,0.02517,0.10688,0.03106,0.02013,0.12728,0.03122,0.07545,0.03196
0.03096,0.02256,0.03120,0.05153,0.18528,0.24234,0.01275,0.08376,0.04479,0.03063,0.03669,0.00786,0.02309,0.01424,0.00668,0.00818,0.07793,0.01380,0.02738,0.04837
0.35114,0.00901,0.26664,0.01436,0.02269,0.01099,0.01567,0.04616,0.07354,0.01317,0.06202,0.01435,0.01096,0.01246,0.01585,0.01101,0.01543,0.00550,0.01184,0.01724
0.02122,0.01253,0.02596,0.02957,0.01703,0.02064,0.03753,0.01444,0.01894,0.01392,0.01614,0.01970,0.01906,0.25227,0.07680,0.05468,0.30420,0.03297,0.00816,0.00424
0.11315,0.00638,0.10780,0.00762,0.01478,0.03472,0.02396,0.03239,0.02211,0.01200,0.02347,0.02016,0.00842,0.19636,0.02521,0.02388,0.25452,0.02869,0.02145,0.02292
0.03847,0.06850,0.03565,0.01464,0.03375,0.02806,0.01335,0.32863,0.30746,0.01460,0.01340,0.01494,0.00788,0.01297,0.00829,0.01721,0.00844,0.01052,0.01203,0.01121
0.03647,0.07887,0.02677,0.00821,0.10132,0.00823,0.02270,0.01070,0.00726,0.02455,0.02662,0.23863,0.02199,0.01256,0.02363,0.02763,0.01835,0.00718,0.28807,0.01023
0.20138,0.03427,0.07724,0.09668,0.02555,0.01432,0.01361,0.04320,0.01659,0.00678,0.01828,0.01046,0.11382,0.01927,0.14189,0.12509,0.01412,0.01262,0.01016,0.00465
0.02496,0.03151,0.02764,0.00946,0.33014,0.02194,0.04524,0.01894,0.30588,0.01129,0.06812,0.01313,0.01435,0.01341,0.01124,0.01053,0.00770,0.00788,0.02013,0.00651
0.01756,0.28617,0.02918,0.00831,0.35456,0.01716,0.02239,0.02083,0.07799,0.01089,0.00729,0.02384,0.00828,0.01026,0.02535,0.00716,0.02505,0.00738,0.02568,0.01467
0.11251,0.01705,0.03571,0.00817,0.00758,0.00686,0.00821,0.02811,0.11084,0.00847,0.01418,0.00619,0.00589,0.01274,0.33301,0.24102,0.00692,0.00492,0.01339,0.01823
0.02167,0.17050,0.01019,0.01113,0.19426,0.01426,0.01387,0.01375,0.02428,0.00809,0.00478,0.01463,0.02961,0.17615,0.00865,0.01108,0.21193,0.02837,0.02373,0.00909
0.01215,0.01666,0.01275,0.04197,0.00720,0.00734,0.01476,0.01675,0.00973,0.00572,0.00271,0.04056,0.01581,0.34384,0.01403,0.00755,0.39718,0.00792,0.02068,0.00469
0.20931,0.16798,0.05004,0.03752,0.04184,0.02151,0.00932,0.07705,0.05086,0.04455,0.03436,0.01166,0.09724,0.02171,0.01636,0.01861,0.03427,0.01207,0.03500,0.00874
0.20219,0.04860,0.06195,0.01465,0.03695,0.01529,0.01302,0.01388,0.18924,0.02569,0.01921,0.07984,0.04753,0.01746,0.02001,0.03018,0.01606,0.00931,0.13532,0.00361
0.01617,0.01437,0.01626,0.00271,0.00973,0.00666,0.00655,0.40401,0.38564,0.02551,0.00431,0.00529,0.00685,0.01073,0.02921,0.02462,0.00423,0.00869,0.00827,0.01017
0.03354,0.02141,0.04410,0.01233,0.01998,0.01367,0.01624,0.01772,0.07185,0.02155,0.00913,0.12061,0.01882,0.13080,0.04909,0.03905,0.19582,0.03326,0.06974,0.06130
0.40120,0.01019,0.00875,0.00899,0.03841,0.00969,0.41883,0.00517,0.01223,0.00487,0.00775,0.00888,0.00732,0.00864,0.01586,0.01419,0.00314,0.00264,0.00990,0.00335
0.05202,0.02265,0.02945,0.02996,0.01207,0.01952,0.05588,0.03347,0.00433,0.01864,0.01121,0.15032,0.01186,0.13711,0.01235,0.01259,0.19569,0.01117,0.16379,0.01590
0.11276,0.00572,0.15746,0.00801,0.02145,0.01468,0.00776,0.06898,0.00748,0.01464,0.01491,0.26497,0.01674,0.01148,0.00865,0.01054,0.22585,0.00900,0.00683,0.01207
0.07091,0.02308,0.04207,0.01285,0.01659,0.04862,0.04544,0.03203,0.01817,0.01512,0.03343,0.24350,0.03066,0.01284,0.01026,0.00714,0.01308,0.01778,0.29708,0.00935
0.03194,0.03121,0.01939,0.01240,0.03114,0.01097,0.00975,0.01796,0.02884,0.00706,0.06811,0.24686,0.03582,0.05552,0.01542,0.02325,0.05343,0.01195,0.28125,0.00771
0.00949,0.00541,0.01215,0.02695,0.00423,0.03729,0.01558,0.01752,0.02238,0.00708,0.01349,0.23618,0.04930,0.08012,0.06299,0.02168,0.05930,0.03792,0.27145,0.00948
0.02017,0.05782,0.01908,0.01799,0.08680,0.01312,0.01549,0.02081,0.03646,0.01952,0.01318,0.05995,0.03505,0.01037,0.27753,0.20997,0.06304,0.00762,0.00965,0.00638
0.29998,0.01517,0.33674,0.00551,0.00714,0.00697,0.00976,0.00913,0.01084,0.00546,0.01078,0.01201,0.06740,0.00524,0.06239,0.04748,0.00605,0.00619,0.04813,0.02762
0.02940,0.03137,0.02061,0.00714,0.03323,0.00630,0.01154,0.00875,0.01913,0.01506,0.01452,0.21701,0.00910,0.01066,0.10803,0.01358,0.02412,0.01289,0.26302,0.14454
0.03218,0.09123,0.01582,0.01886,0.00830,0.01957,0.01417,0.02024,0.12813,0.01862,0.01155,0.24904,0.03702,0.01273,0.02044,0.01386,0.23855,0.01320,0.01974,0.01675
0.04397,0.01896,0.02400,0.00982,0.00836,0.00831,0.05763,0.01168,0.01023,0.01107,0.02359,0.00896,0.01828,0.01784,0.37809,0.24365,0.00909,0.04036,0.01248,0.04363
0.11011,0.06964,0.05172,0.02074,0.02366,0.02804,0.00446,0.01630,0.05102,0.03032,0.02331,0.01459,0.01270,0.03107,0.25209,0.18220,0.01105,0.03956,0.00965,0.01777
0.05867,0.03294,0.02782,0.01489,0.25308,0.01353,0.00650,0.01285,0.20815,0.01134,0.04322,0.05276,0.00381,0.07744,0.01721,0.00689,0.07383,0.01256,0.06345,0.00909
0.02005,0.04006,0.07369,0.03312,0.17662,0.03500,0.02970,0.02024,0.15885,0.01378,0.01571,0.06959,0.01888,0.01661,0.12006,0.01685,0.01530,0.00500,0.06938,0.05151
0.01486,0.01915,0.04018,0.01839,0.01816,0.01412,0.01549,0.01619,0.02533,0.02101,0.02408,0.17491,0.09160,0.01737,0.09457,0.06472,0.01098,0.02573,0.28485,0.00831
0.28603,0.02052,0.01176,0.27977,0.03271,0.01099,0.01471,0.02220,0.03822,0.00705,0.01244,0.00957,0.00323,0.08765,0.01867,0.00510,0.12152,0.00493,0.00659,0.00638
0.18475,0.16274,0.00908,0.00957,0.02061,0.00675,0.07012,0.01269,0.02354,0.01124,0.02128,0.14949,0.01356,0.01205,0.03638,0.03494,0.00758,0.01116,0.19806,0.00440
0.03238,0.01381,0.02031,0.01931,0.03726,0.01646,0.02151,0.02336,0.03113,0.03473,0.04120,0.01963,0.02657,0.17970,0.10427,0.02201,0.21831,0.00836,0.03870,0.09100
0.05366,0.01812,0.02594,0.02430,0.14922,0.13393,0.03281,0.04356,0.01210,0.01000,0.07250,0.01856,0.02702,0.15794,0.01370,0.00745,0.17242,0.00948,0.00898,0.00832
0.12388,0.02747,0.01695,0.01881,0.04971,0.00521,0.00636,0.05023,0.08130,0.01406,0.02406,0.20073,0.00856,0.00662,0.03553,0.03528,0.00798,0.02355,0.25261,0.01108
0.16618,0.03228,0.20855,0.02102,0.03415,0.02309,0.02089,0.01726,0.05416,0.02358,0.12184,0.04045,0.03579,0.00948,0.04347,0.03317,0.01918,0.03888,0.01680,0.03977
0.02714,0.04048,0.04541,0.01661,0.01167,0.06966,0.01323,0.02793,0.02569,0.02625,0.02950,0.17982,0.01257,0.11100,0.05479,0.05801,0.03039,0.01089,0.20135,0.00760
0.01850,0.05035,0.01659,0.01846,0.03341,0.01721,0.06276,0.01432,0.00852,0.01368,0.03408,0.02869,0.06211,0.22581,0.01975,0.01042,0.31063,0.01857,0.01232,0.02380
0.03463,0.02786,0.02282,0.01830,0.03544,0.01458,0.00245,0.02098,0.01088,0.01103,0.07730,0.23061,0.01625,0.02616,0.07860,0.06164,0.03149,0.01873,0.25254,0.00771
0.02272,0.01185,0.01532,0.01414,0.01142,0.00698,0.02740,0.01078,0.01735,0.02223,0.02406,0.00761,0.02560,0.00917,0.35078,0.04150,0.01245,0.01474,0.04228,0.31161
0.02054,0.18419,0.02535,0.01329,0.10270,0.19920,0.01018,0.12295,0.18555,0.02310,0.00535,0.00793,0.01691,0.00332,0.01655,0.03527,0.01010,0.00677,0.00573,0.00502
0.17736,0.01180,0.21661,0.00575,0.01499,0.00922,0.04533,0.02268,0.05651,0.01780,0.01448,0.00674,0.00440,0.00607,0.19148,0.14635,0.01004,0.02925,0.01042,0.00273
0.01018,0.34605,0.00386,0.00502,0.00308,0.00522,0.00826,0.01017,0.38675,0.00432,0.03343,0.05104,0.01148,0.03272,0.00478,0.00603,0.02162,0.00320,0.04932,0.00347
0.29206,0.02370,0.31521,0.01115,0.01950,0.00998,0.01712,0.02180,0.01577,0.01514,0.01522,0.02150,0.01641,0.03067,0.05025,0.03585,0.03075,0.00387,0.04490,0.00916
0.18323,0.14341,0.01658,0.01224,0.00884,0.01060,0.01539,0.01081,0.00628,0.02057,0.01066,0.20583,0.00933,0.00652,0.02512,0.02476,0.01793,0.01268,0.24770,0.01152
0.11707,0.11890,0.00665,0.10208,0.01920,0.00951,0.03470,0.01930,0.04614,0.05286,0.01750,0.01262,0.00596,0.18723,0.01614,0.01058,0.18664,0.01519,0.00991,0.01182
0.02988,0.01397,0.02154,0.01522,0.01568,0.02351,0.03131,0.03543,0.01375,0.02188,0.07605,0.08634,0.07656,0.03517,0.15580,0.01073,0.01516,0.09384,0.10697,0.12121
0.12467,0.03843,0.01672,0.03072,0.01920,0.01373,0.02688,0.02116,0.07148,0.01396,0.04295,0.00952,0.02652,0.12367,0.12135,0.01415,0.11910,0.00535,0.00887,0.15157
0.03089,0.01665,0.03478,0.01667,0.01518,0.01295,0.02694,0.03846,0.02009,0.00457,0.02900,0.09542,0.03080,0.03368,0.19026,0.01885,0.03436,0.00817,0.14021,0.20206
0.14440,0.01378,0.18705,0.01300,0.02710,0.01312,0.01222,0.02250,0.03736,0.00597,0.01227,0.17625,0.01412,0.01143,0.02510,0.01658,0.01983,0.01334,0.21622,0.01836
0.08733,0.03574,0.03114,0.07551,0.03801,0.02545,0.02392,0.00909,0.02422,0.01351,0.00712,0.01365,0.03633,0.21827,0.00936,0.01491,0.29690,0.00273,0.02407,0.01275
0.02542,0.01064,0.03703,0.02205,0.02457,0.00977,0.00597,0.01468,0.03229,0.01275,0.07864,0.26895,0.00570,0.01399,0.02855,0.04060,0.00967,0.00965,0.33774,0.01136
