0.00884,0.02170,0.04499,0.06987,0.02838,0.44952,0.03051,0.05484,0.01587,0.02852,0.01280,0.01114,0.10209,0.04372,0.01534,0.01221,0.01345,0.01053,0.01657,0.00910
0.04600,0.03850,0.17036,0.11862,0.18771,0.06356,0.06712,0.04124,0.01524,0.02608,0.02646,0.01994,0.04006,0.03983,0.00993,0.01300,0.02063,0.01916,0.01242,0.02415
0.03981,0.02614,0.05562,0.03176,0.04392,0.38329,0.07807,0.02072,0.01496,0.02991,0.01667,0.01633,0.03130,0.06498,0.01508,0.01863,0.04199,0.02262,0.01689,0.03131
0.06847,0.01514,0.03037,0.01787,0.03110,0.06579,0.39540,0.01602,0.01343,0.03309,0.01118,0.01030,0.01236,0.13812,0.01871,0.01089,0.02971,0.01704,0.02319,0.04182
0.05331,0.04281,0.03506,0.01501,0.03611,0.01005,0.02779,0.06500,0.06595,0.02918,0.04710,0.07060,0.04381,0.13363,0.02871,0.06493,0.02691,0.13170,0.01342,0.05892
0.22618,0.05402,0.03620,0.03693,0.07410,0.00911,0.02581,0.01853,0.10612,0.02535,0.04573,0.03733,0.00806,0.03346,0.01107,0.03740,0.01322,0.02691,0.01096,0.16350
0.06615,0.02465,0.02599,0.01458,0.01545,0.01141,0.01580,0.02237,0.36770,0.01680,0.01272,0.14153,0.01188,0.01498,0.01155,0.03109,0.02068,0.03267,0.02156,0.12045
0.02123,0.05843,0.03040,0.03489,0.11127,0.02456,0.29675,0.04046,0.03311,0.02697,0.02801,0.02374,0.03844,0.08546,0.01704,0.02764,0.02497,0.02263,0.03096,0.02304
0.02338,0.04706,0.05394,0.06538,0.03355,0.01126,0.01856,0.06960,0.02980,0.05609,0.01536,0.41104,0.01533,0.01931,0.03270,0.01978,0.01529,0.02972,0.01670,0.01614
0.02649,0.02269,0.04572,0.02774,0.03044,0.06750,0.05799,0.01663,0.02421,0.04201,0.34424,0.01063,0.01968,0.15927,0.01132,0.01518,0.02569,0.01444,0.01299,0.02516
0.01456,0.10649,0.04144,0.08440,0.02391,0.04392,0.01088,0.12642,0.14182,0.04206,0.02084,0.01927,0.02037,0.01719,0.05224,0.09774,0.01937,0.02884,0.06456,0.02368
0.02093,0.21100,0.03990,0.03957,0.29132,0.03225,0.02592,0.03103,0.01784,0.01115,0.00616,0.02390,0.07753,0.02295,0.02355,0.02498,0.02135,0.02451,0.02473,0.02942
0.02483,0.02567,0.05804,0.26958,0.03448,0.02521,0.05904,0.05158,0.03356,0.03223,0.02765,0.01640,0.01801,0.21632,0.02233,0.01773,0.01559,0.01393,0.01015,0.02765
0.02244,0.01589,0.05636,0.03983,0.02078,0.04094,0.03930,0.06152,0.04132,0.02992,0.02030,0.05071,0.14769,0.03344,0.04004,0.02729,0.14581,0.03010,0.08288,0.05343
0.03832,0.14551,0.08588,0.21524,0.13854,0.01156,0.03059,0.04032,0.02001,0.04102,0.05818,0.02943,0.01136,0.02379,0.01236,0.02481,0.01896,0.02065,0.01200,0.02146
0.02281,0.11385,0.02296,0.01667,0.27091,0.04428,0.02904,0.01692,0.06132,0.02057,0.01381,0.01867,0.03582,0.07894,0.03107,0.04698,0.03411,0.03795,0.02033,0.06300
0.03178,0.15660,0.04188,0.07955,0.24023,0.01999,0.02335,0.03701,0.06623,0.02900,0.01005,0.02152,0.01226,0.02438,0.05674,0.02915,0.01640,0.03023,0.03261,0.04105
0.04002,0.09094,0.04701,0.02819,0.07369,0.00933,0.02463,0.05112,0.06617,0.06697,0.02075,0.10751,0.01669,0.03119,0.08034,0.05676,0.03614,0.05797,0.05561,0.03897
0.01070,0.02784,0.01669,0.00965,0.09342,0.03941,0.37671,0.01123,0.01136,0.02562,0.02662,0.01040,0.04695,0.12142,0.00735,0.01155,0.10262,0.01667,0.02127,0.01251
0.12289,0.03269,0.03224,0.02932,0.06067,0.03566,0.04317,0.01878,0.04807,0.18147,0.06475,0.03234,0.02038,0.07903,0.04498,0.03608,0.01549,0.04823,0.01831,0.03545
0.04571,0.02230,0.05772,0.05773,0.02739,0.41293,0.02904,0.02192,0.01695,0.01745,0.01283,0.02238,0.04242,0.03571,0.01742,0.02358,0.03675,0.02142,0.01793,0.06042
0.05821,0.02188,0.08166,0.02690,0.03301,0.01548,0.06465,0.11704,0.03091,0.01864,0.02117,0.02551,0.21298,0.07377,0.00991,0.01501,0.04075,0.02871,0.01553,0.08827
0.03690,0.02627,0.05195,0.03596,0.03173,0.01363,0.05678,0.17070,0.04453,0.03490,0.02165,0.02546,0.03729,0.16064,0.03618,0.06923,0.02700,0.03346,0.03320,0.05256
0.03819,0.01913,0.02896,0.01895,0.02152,0.01505,0.01884,0.01252,0.02087,0.03915,0.62724,0.01507,0.01012,0.03435,0.00831,0.01331,0.01318,0.01368,0.00898,0.02259
0.01633,0.02615,0.02454,0.02904,0.04300,0.01667,0.04021,0.02538,0.02465,0.13840,0.02457,0.03831,0.03095,0.02889,0.39304,0.02277,0.01910,0.02434,0.02016,0.01349
0.02568,0.02562,0.04655,0.11301,0.01885,0.01663,0.01460,0.03537,0.02728,0.05954,0.47376,0.01818,0.00906,0.01790,0.01097,0.02088,0.01402,0.01926,0.01470,0.01815
0.31722,0.02061,0.01802,0.01390,0.02080,0.01095,0.01343,0.01639,0.06607,0.03937,0.01580,0.06796,0.01344,0.01636,0.02739,0.03067,0.01827,0.02994,0.03209,0.21131
0.01417,0.03704,0.04019,0.02755,0.02257,0.01307,0.01339,0.05061,0.13942,0.02651,0.02100,0.44326,0.01878,0.01822,0.02363,0.01808,0.02430,0.02049,0.01260,0.01514
0.01199,0.05552,0.04388,0.03163,0.11508,0.02522,0.02308,0.02934,0.01612,0.08647,0.38398,0.02966,0.02807,0.02023,0.00875,0.01089,0.02552,0.02758,0.01779,0.00921
0.02483,0.07127,0.04947,0.04656,0.09916,0.15393,0.10322,0.03593,0.01954,0.04472,0.02166,0.01438,0.04845,0.10495,0.03950,0.02518,0.02584,0.02869,0.01986,0.02286
0.02174,0.05371,0.02106,0.02075,0.02475,0.41260,0.02485,0.02238,0.03314,0.02710,0.06343,0.01749,0.04097,0.06704,0.01572,0.04939,0.01733,0.01510,0.01253,0.03894
0.09540,0.01198,0.06088,0.11171,0.00816,0.02978,0.01084,0.15823,0.07502,0.05929,0.02869,0.03292,0.01848,0.01487,0.05474,0.03602,0.04284,0.02649,0.03806,0.08560
0.02624,0.04665,0.04780,0.05078,0.04130,0.01858,0.02716,0.05432,0.05534,0.02044,0.01866,0.37782,0.02804,0.02057,0.01424,0.02574,0.03965,0.03526,0.03413,0.01729
0.03208,0.02409,0.02122,0.01913,0.04878,0.03274,0.02644,0.01184,0.02916,0.12426,0.35395,0.01158,0.01444,0.11877,0.01641,0.01962,0.02308,0.02064,0.01122,0.04055
0.02327,0.06481,0.04053,0.03500,0.04460,0.01617,0.02507,0.13490,0.03011,0.02186,0.01878,0.03263,0.31334,0.03097,0.01858,0.02914,0.03384,0.03462,0.02725,0.02453
0.02575,0.03848,0.04143,0.01850,0.03161,0.00712,0.14191,0.12861,0.02919,0.00912,0.01124,0.12385,0.12459,0.11211,0.01332,0.03343,0.02669,0.03148,0.01571,0.03585
0.00889,0.03320,0.01963,0.01534,0.03026,0.01130,0.01630,0.02458,0.04087,0.02435,0.01594,0.60199,0.03859,0.01856,0.01934,0.01412,0.02135,0.02080,0.01458,0.01000
0.02537,0.07884,0.04616,0.01705,0.04009,0.01110,0.01791,0.08036,0.01809,0.01741,0.02353,0.01386,0.44927,0.03773,0.01100,0.01644,0.02727,0.02944,0.01054,0.02853
0.01716,0.05074,0.03494,0.02711,0.03104,0.01295,0.00966,0.03407,0.07692,0.02736,0.02266,0.44737,0.01624,0.01156,0.01764,0.02766,0.04034,0.04462,0.03143,0.01853
0.51716,0.01930,0.02995,0.02582,0.01895,0.01250,0.01861,0.02940,0.03108,0.07337,0.01874,0.02306,0.01190,0.02866,0.02849,0.01995,0.01312,0.01894,0.01611,0.04490
0.02550,0.01518,0.05553,0.33005,0.01994,0.03514,0.06410,0.07838,0.02989,0.03758,0.01529,0.02915,0.04167,0.04296,0.05126,0.02482,0.02388,0.01781,0.04125,0.02062
0.02501,0.01519,0.04690,0.03659,0.01659,0.01202,0.04693,0.17954,0.08995,0.07535,0.03233,0.16774,0.01959,0.05117,0.04751,0.02726,0.03334,0.02388,0.03104,0.02208
0.01248,0.02076,0.01923,0.01830,0.04036,0.01458,0.01508,0.01647,0.02325,0.04402,0.00960,0.06404,0.02880,0.01208,0.55263,0.01610,0.02239,0.02403,0.03279,0.01302
0.11956,0.03086,0.05852,0.02657,0.03909,0.01735,0.05010,0.03147,0.06647,0.02585,0.04801,0.07188,0.05761,0.08269,0.01314,0.04240,0.03186,0.02845,0.02002,0.13809
0.02145,0.01665,0.02934,0.01477,0.01275,0.01912,0.02956,0.07200,0.09372,0.03169,0.08837,0.03197,0.16639,0.07724,0.05312,0.06562,0.06359,0.04406,0.02616,0.04244
0.28915,0.02842,0.02976,0.02507,0.02596,0.01399,0.03423,0.03362,0.06353,0.04086,0.01910,0.03801,0.02052,0.04903,0.03648,0.04915,0.01316,0.04417,0.01788,0.12789
0.02801,0.01428,0.06277,0.03923,0.02240,0.53654,0.05256,0.01920,0.00970,0.01283,0.01778,0.01062,0.02984,0.05597,0.01161,0.01279,0.01584,0.01151,0.00616,0.03036
0.03692,0.03479,0.04050,0.02604,0.02343,0.00961,0.04696,0.28403,0.03060,0.02185,0.01492,0.05952,0.08550,0.05817,0.02660,0.05860,0.03257,0.02718,0.03766,0.04456
0.03434,0.06706,0.05270,0.47150,0.02088,0.01762,0.01037,0.05791,0.04182,0.02864,0.01696,0.02232,0.00982,0.01376,0.02067,0.02559,0.01764,0.01821,0.02739,0.02481
0.02560,0.08939,0.04859,0.04299,0.20728,0.02081,0.11342,0.03958,0.03255,0.02940,0.05885,0.01892,0.01643,0.13122,0.01185,0.02172,0.02536,0.02230,0.02219,0.02155
0.01966,0.04040,0.02138,0.02322,0.33812,0.03848,0.10255,0.01640,0.01294,0.01460,0.00918,0.00955,0.06628,0.15130,0.01726,0.01728,0.03041,0.01448,0.01871,0.03778
0.01567,0.01929,0.03598,0.02762,0.02456,0.03575,0.08115,0.02203,0.18563,0.05253,0.07357,0.10836,0.04972,0.10185,0.03661,0.02639,0.04273,0.02304,0.01652,0.02100
0.02295,0.02736,0.05394,0.02667,0.02035,0.02787,0.02378,0.04812,0.04390,0.02363,0.02367,0.44392,0.04086,0.01983,0.01447,0.02195,0.04275,0.02885,0.01973,0.02540
0.01139,0.01581,0.05465,0.03375,0.01327,0.01493,0.01142,0.06896,0.13134,0.02483,0.02086,0.47238,0.01692,0.01220,0.01287,0.01533,0.02456,0.01724,0.01583,0.01147
0.05898,0.01718,0.04081,0.03064,0.02346,0.02664,0.14681,0.03845,0.05265,0.02090,0.02346,0.05743,0.04765,0.27248,0.01447,0.01541,0.02915,0.02591,0.01271,0.04481
0.02236,0.21048,0.09172,0.08548,0.06605,0.03958,0.02470,0.04823,0.02246,0.10633,0.08027,0.02060,0.01803,0.02474,0.01660,0.01981,0.03568,0.03016,0.01952,0.01718
0.04144,0.02859,0.05984,0.04097,0.03866,0.04032,0.12115,0.03527,0.02846,0.05194,0.05299,0.02192,0.04200,0.25883,0.01724,0.02090,0.02667,0.02390,0.01209,0.03681
0.01716,0.43611,0.03865,0.03624,0.09438,0.05580,0.01982,0.02289,0.02364,0.02067,0.02904,0.02804,0.04910,0.01802,0.01278,0.02374,0.02134,0.01969,0.01245,0.02045
0.02435,0.05725,0.04913,0.03216,0.04160,0.04561,0.03730,0.13831,0.02375,0.03458,0.07681,0.01873,0.16214,0.08718,0.02411,0.02593,0.03292,0.04567,0.01557,0.02690
0.03098,0.20765,0.02640,0.02024,0.15813,0.03792,0.01617,0.01874,0.03617,0.03888,0.19612,0.02072,0.02901,0.02755,0.01196,0.02516,0.03207,0.02049,0.01294,0.03269
0.05519,0.03263,0.05807,0.04772,0.06046,0.03370,0.03459,0.02254,0.01796,0.17754,0.20696,0.01321,0.01954,0.04657,0.01292,0.01810,0.06548,0.02404,0.02312,0.02963
0.01847,0.03410,0.04285,0.02994,0.02378,0.03259,0.02455,0.20395,0.04181,0.03180,0.01903,0.01432,0.09267,0.13057,0.12666,0.04173,0.02472,0.01918,0.01916,0.02810
0.01873,0.02117,0.02256,0.02118,0.04764,0.02887,0.01872,0.01331,0.01506,0.07088,0.01129,0.03093,0.20445,0.01471,0.33877,0.01386,0.03461,0.01826,0.03749,0.01752
0.03695,0.07536,0.03442,0.03183,0.17687,0.02405,0.11078,0.03744,0.02787,0.03177,0.02020,0.02493,0.03213,0.12987,0.01979,0.02503,0.04763,0.02934,0.04648,0.03726
0.03439,0.02847,0.08441,0.05549,0.04059,0.15940,0.02552,0.03369,0.02133,0.03035,0.06117,0.01379,0.03590,0.07585,0.02074,0.03355,0.02272,0.05109,0.00813,0.16343
0.02733,0.21166,0.05297,0.11979,0.27658,0.02724,0.04291,0.02942,0.01356,0.01734,0.01372,0.02542,0.03446,0.03284,0.00937,0.01190,0.01297,0.01297,0.01057,0.01700
0.03305,0.01520,0.03514,0.06810,0.01724,0.30792,0.07842,0.02040,0.01334,0.02136,0.02096,0.01317,0.06020,0.18321,0.01102,0.01719,0.02253,0.00938,0.01499,0.03717
0.02385,0.04137,0.01816,0.02097,0.13049,0.00984,0.01779,0.01322,0.01318,0.32972,0.24850,0.01422,0.00901,0.02086,0.01086,0.00999,0.01514,0.02056,0.01095,0.02133
0.03157,0.01366,0.01834,0.02034,0.01284,0.00735,0.00884,0.01472,0.01044,0.02425,0.75776,0.00851,0.00547,0.01162,0.00647,0.00756,0.00849,0.00866,0.00672,0.01639
0.02205,0.03034,0.04441,0.13856,0.06257,0.01604,0.02736,0.05372,0.02541,0.03188,0.00960,0.02132,0.01839,0.04037,0.36363,0.01972,0.01710,0.02275,0.01729,0.01750
0.05163,0.02154,0.03932,0.03143,0.02908,0.02147,0.02635,0.02545,0.01459,0.03605,0.53063,0.01349,0.01901,0.03377,0.00703,0.01487,0.02402,0.01659,0.01683,0.02686
0.01286,0.12373,0.01986,0.02560,0.37081,0.06956,0.04699,0.01935,0.02406,0.03192,0.03487,0.01696,0.05778,0.04059,0.01574,0.02222,0.01862,0.01395,0.02216,0.01238
0.01883,0.01545,0.02902,0.02153,0.01930,0.00913,0.12265,0.11870,0.03567,0.01486,0.00930,0.07492,0.21262,0.10058,0.03791,0.03723,0.03572,0.02276,0.03925,0.02456
0.08188,0.04757,0.04615,0.06821,0.05767,0.03056,0.02990,0.03127,0.03737,0.11992,0.06119,0.11004,0.03914,0.03812,0.02117,0.02786,0.03834,0.03015,0.03159,0.05192
0.03386,0.02194,0.05366,0.05258,0.02083,0.08055,0.08816,0.04696,0.03356,0.02428,0.04618,0.02157,0.05958,0.22657,0.01863,0.03702,0.02508,0.01775,0.01874,0.07251
0.04527,0.11569,0.03758,0.05263,0.32722,0.04054,0.03425,0.02121,0.02490,0.02359,0.01922,0.03462,0.02792,0.02902,0.01753,0.02988,0.02195,0.02039,0.02820,0.04840
0.02283,0.03227,0.02972,0.02742,0.04363,0.52030,0.02840,0.01981,0.02111,0.02389,0.01173,0.00956,0.02135,0.06934,0.02431,0.02607,0.01386,0.01683,0.01055,0.02705
0.01212,0.08762,0.02252,0.02496,0.06070,0.00776,0.01475,0.21484,0.03009,0.01885,0.00739,0.02306,0.01331,0.01722,0.36947,0.01555,0.00900,0.02543,0.01172,0.01364
0.10866,0.03260,0.04519,0.07280,0.05109,0.01946,0.02723,0.02342,0.02539,0.16134,0.21050,0.02281,0.01170,0.03848,0.01521,0.01850,0.02390,0.02606,0.01671,0.04897
0.08924,0.03049,0.07286,0.07594,0.01798,0.03749,0.01326,0.27473,0.03849,0.06645,0.01458,0.01722,0.02315,0.02781,0.05053,0.03249,0.01852,0.03525,0.01624,0.04728
0.02945,0.13510,0.02865,0.03428,0.41427,0.01815,0.04167,0.02431,0.02021,0.02367,0.02478,0.02357,0.02244,0.04893,0.01453,0.02242,0.01910,0.01537,0.01381,0.02528
0.02082,0.05731,0.02895,0.07990,0.35177,0.04971,0.05426,0.02103,0.01362,0.06994,0.03855,0.00836,0.01248,0.09765,0.01649,0.01297,0.01877,0.01229,0.02160,0.01354
0.03147,0.02888,0.02688,0.01894,0.09407,0.01426,0.32472,0.01397,0.03025,0.02986,0.02409,0.01363,0.00975,0.21082,0.01194,0.01413,0.02863,0.02179,0.02063,0.03130
0.16597,0.03159,0.11476,0.03810,0.09490,0.03981,0.08566,0.01620,0.01943,0.02931,0.04235,0.02121,0.02240,0.09827,0.01030,0.01670,0.04562,0.02353,0.01205,0.07184
0.31845,0.02563,0.04658,0.02493,0.03081,0.01701,0.02322,0.01645,0.01647,0.02474,0.02743,0.01864,0.01566,0.01935,0.00818,0.02109,0.02334,0.01554,0.03080,0.27569
0.00993,0.04504,0.01416,0.01122,0.62566,0.04968,0.02122,0.01018,0.02676,0.01533,0.01682,0.01526,0.03291,0.02001,0.01365,0.02006,0.01385,0.01274,0.00809,0.01743
0.02321,0.03490,0.05903,0.03240,0.04003,0.13725,0.02573,0.02018,0.02848,0.20959,0.11309,0.01458,0.03087,0.04407,0.01991,0.02898,0.06921,0.02226,0.02438,0.02184
0.16656,0.03299,0.06691,0.04810,0.02656,0.03398,0.02396,0.03657,0.06181,0.05978,0.10298,0.05038,0.03092,0.05000,0.02379,0.03910,0.02518,0.02900,0.01384,0.07759
0.06184,0.02185,0.07956,0.05782,0.01460,0.33682,0.02921,0.03095,0.01085,0.03045,0.03123,0.00958,0.03527,0.04774,0.00794,0.03438,0.06597,0.02039,0.01911,0.05444
0.01131,0.07716,0.02794,0.01431,0.03961,0.02003,0.02758,0.02760,0.04234,0.03781,0.03933,0.11527,0.07862,0.02481,0.02865,0.04566,0.18625,0.05145,0.07796,0.02633
0.04871,0.01140,0.06702,0.05116,0.01567,0.01770,0.02997,0.02963,0.01328,0.26705,0.29937,0.01236,0.01414,0.04261,0.00921,0.00941,0.01706,0.01105,0.01420,0.01901
0.10410,0.01995,0.10175,0.11979,0.02382,0.12684,0.04030,0.03224,0.04170,0.06051,0.04221,0.02466,0.03467,0.06537,0.01528,0.03130,0.02821,0.01749,0.01818,0.05164
0.01526,0.03076,0.04313,0.51922,0.01814,0.05669,0.02457,0.03556,0.01598,0.05525,0.03982,0.01509,0.01829,0.02283,0.01513,0.01987,0.01157,0.01147,0.01972,0.01163
0.02204,0.27130,0.05762,0.10526,0.08367,0.02687,0.02213,0.04516,0.01861,0.09742,0.01916,0.04645,0.04416,0.02535,0.02128,0.02199,0.01957,0.01687,0.01914,0.01593
0.03299,0.02706,0.06220,0.16965,0.01972,0.02851,0.01938,0.17596,0.03898,0.06301,0.01471,0.06535,0.02968,0.02000,0.03732,0.02684,0.02132,0.01811,0.10808,0.02112
0.55451,0.02718,0.04323,0.01971,0.04768,0.01268,0.03552,0.01849,0.01529,0.01993,0.01465,0.01236,0.01396,0.05146,0.01140,0.01363,0.01002,0.01538,0.00702,0.05589
0.01033,0.60346,0.01586,0.01284,0.06437,0.01139,0.01232,0.01369,0.05609,0.01442,0.01968,0.03726,0.01708,0.01444,0.01131,0.02083,0.01530,0.02084,0.01215,0.01633
0.01070,0.44932,0.02390,0.01466,0.06221,0.01645,0.03105,0.02163,0.08542,0.01040,0.00854,0.02578,0.04613,0.04878,0.02050,0.05381,0.01596,0.01783,0.01728,0.01965
0.02447,0.01703,0.03075,0.02147,0.01966,0.00840,0.05471,0.14958,0.02709,0.01402,0.01007,0.02828,0.09966,0.06980,0.06255,0.08655,0.06073,0.03172,0.07964,0.10381
0.01556,0.17546,0.02658,0.04893,0.41033,0.01556,0.01744,0.03391,0.03130,0.01468,0.00774,0.03124,0.01596,0.01787,0.04078,0.02024,0.01589,0.01762,0.02521,0.01769
