0.01711,0.02666,0.03077,0.03155,0.07812,0.05118,0.18747,0.02539,0.04786,0.03862,0.04286,0.01514,0.03208,0.26652,0.01798,0.01749,0.02451,0.01817,0.01192,0.01861
0.06687,0.04638,0.04429,0.05410,0.03199,0.02060,0.03010,0.19327,0.03217,0.03122,0.01186,0.03127,0.14191,0.05746,0.04153,0.02594,0.03122,0.02322,0.02539,0.05921
0.02955,0.03643,0.03407,0.06294,0.04586,0.01838,0.06563,0.02710,0.01907,0.19802,0.21389,0.03012,0.02263,0.07517,0.01153,0.01997,0.02264,0.01917,0.02551,0.02230
0.03999,0.04697,0.06356,0.04182,0.05023,0.02805,0.02099,0.04075,0.12642,0.05190,0.04774,0.12086,0.02175,0.03225,0.03308,0.04557,0.05101,0.08946,0.02393,0.02366
0.04148,0.03065,0.05211,0.06151,0.04901,0.02085,0.03010,0.05981,0.02944,0.20856,0.02032,0.03358,0.02073,0.04378,0.17753,0.02667,0.02064,0.01869,0.02898,0.02556
0.02101,0.05175,0.04258,0.21692,0.01706,0.03214,0.01742,0.19783,0.06507,0.03473,0.01001,0.05823,0.05540,0.01758,0.02954,0.03090,0.04110,0.02099,0.02569,0.01407
0.03469,0.14584,0.03258,0.03554,0.16556,0.03644,0.02432,0.03102,0.05280,0.08097,0.09421,0.03532,0.03427,0.03892,0.02089,0.02225,0.02835,0.02573,0.03447,0.02582
0.02214,0.02213,0.04491,0.05261,0.01908,0.28499,0.02161,0.03367,0.01193,0.00884,0.00890,0.01766,0.34097,0.01536,0.01265,0.01614,0.01699,0.01495,0.01524,0.01921
0.04736,0.03394,0.05940,0.10003,0.02113,0.03272,0.06178,0.06841,0.03541,0.04124,0.01823,0.03668,0.05310,0.05069,0.07213,0.05104,0.04646,0.03792,0.07292,0.05940
0.04613,0.03683,0.04795,0.14630,0.01155,0.05431,0.02995,0.13746,0.06351,0.08463,0.08943,0.02370,0.02136,0.04989,0.03198,0.02276,0.01954,0.02120,0.02676,0.03477
0.02802,0.07348,0.02440,0.02418,0.06821,0.06785,0.17882,0.03790,0.03501,0.02228,0.02194,0.02213,0.04305,0.20703,0.02253,0.02214,0.02469,0.02133,0.03004,0.02496
0.12044,0.03808,0.02526,0.02813,0.03401,0.07273,0.12245,0.02428,0.02511,0.02618,0.02133,0.02008,0.05684,0.15738,0.01963,0.02180,0.01995,0.01359,0.01338,0.13934
0.01184,0.03303,0.03079,0.04178,0.05690,0.02893,0.02260,0.18586,0.05921,0.02279,0.02110,0.04005,0.17724,0.05373,0.04017,0.03380,0.05418,0.02873,0.03620,0.02107
0.01935,0.03263,0.04453,0.02365,0.01319,0.02300,0.01534,0.03762,0.30188,0.03068,0.01892,0.27335,0.01582,0.01415,0.02818,0.02890,0.01719,0.02581,0.01880,0.01701
0.03783,0.09196,0.04365,0.10920,0.07658,0.04806,0.02516,0.14866,0.06242,0.02943,0.01725,0.03154,0.03167,0.03633,0.03195,0.03366,0.02222,0.06177,0.02407,0.03656
0.21495,0.02025,0.03868,0.02666,0.02756,0.02600,0.04561,0.02492,0.05046,0.03130,0.03652,0.04679,0.01920,0.04857,0.01753,0.02506,0.02652,0.01568,0.01326,0.24447
0.02210,0.03168,0.03640,0.02548,0.02036,0.03389,0.02605,0.22418,0.05365,0.02208,0.00731,0.06166,0.20348,0.02813,0.02063,0.08264,0.02858,0.03404,0.01866,0.01899
0.02056,0.02914,0.04766,0.04909,0.02219,0.12269,0.02055,0.08985,0.05231,0.03333,0.03251,0.04587,0.17393,0.02619,0.04546,0.02947,0.06862,0.03018,0.02587,0.03454
0.05213,0.04137,0.06831,0.13757,0.04133,0.03329,0.04951,0.14159,0.02912,0.06291,0.05910,0.03291,0.04893,0.04584,0.01720,0.02984,0.01890,0.02323,0.03181,0.03510
0.03285,0.12322,0.06157,0.14490,0.18030,0.01994,0.03950,0.07250,0.02517,0.02183,0.01634,0.02417,0.01815,0.05209,0.01430,0.02502,0.01980,0.04566,0.03477,0.02791
0.01294,0.01803,0.02355,0.02265,0.02140,0.03393,0.28005,0.03237,0.02902,0.02973,0.01772,0.02084,0.03329,0.29267,0.03487,0.02372,0.01880,0.01280,0.02580,0.01581
0.03747,0.05298,0.02620,0.29193,0.02330,0.02454,0.01149,0.31064,0.02926,0.02234,0.02012,0.02939,0.01496,0.00969,0.00884,0.01981,0.01531,0.02251,0.01487,0.01436
0.16524,0.01932,0.02783,0.02483,0.02956,0.13478,0.03476,0.02506,0.02057,0.01063,0.02016,0.03388,0.12283,0.04571,0.01623,0.01675,0.02132,0.02321,0.01927,0.18805
0.02850,0.03622,0.02859,0.03353,0.02319,0.05077,0.18851,0.02702,0.02865,0.03279,0.03449,0.03890,0.04316,0.20447,0.04070,0.04883,0.03160,0.02282,0.02746,0.02982
0.02690,0.03343,0.03621,0.04403,0.07346,0.02477,0.03435,0.17939,0.04307,0.05319,0.02960,0.04466,0.13963,0.03817,0.05334,0.02912,0.03230,0.03412,0.02509,0.02518
0.03355,0.03982,0.04677,0.04654,0.07120,0.05115,0.01813,0.05077,0.04470,0.12908,0.02114,0.03260,0.05973,0.03478,0.10137,0.02447,0.03579,0.09317,0.03441,0.03083
0.02578,0.05952,0.02130,0.03102,0.06140,0.04668,0.05383,0.02269,0.02818,0.11834,0.08736,0.02788,0.04661,0.06042,0.04412,0.03549,0.04310,0.06195,0.10714,0.01717
0.02544,0.04713,0.04583,0.03417,0.05029,0.04779,0.02888,0.08177,0.06749,0.06443,0.01939,0.08607,0.06393,0.03790,0.07820,0.10176,0.02920,0.02856,0.04013,0.02164
0.17583,0.01981,0.04432,0.04585,0.01457,0.04272,0.04540,0.02458,0.02505,0.02961,0.01992,0.03034,0.02817,0.07374,0.02185,0.04762,0.02281,0.01851,0.03740,0.23190
0.01978,0.09231,0.03376,0.04798,0.13088,0.04221,0.03146,0.04058,0.09589,0.03011,0.02222,0.05683,0.02916,0.03619,0.06267,0.04551,0.05184,0.06708,0.04382,0.01970
0.01659,0.23888,0.01783,0.03640,0.22560,0.02820,0.01475,0.03688,0.09091,0.01351,0.01160,0.04556,0.02376,0.00837,0.05713,0.01997,0.03216,0.01887,0.04046,0.02258
0.03401,0.04417,0.04502,0.20345,0.01861,0.03014,0.03333,0.20845,0.05313,0.04256,0.01426,0.03199,0.01813,0.03441,0.03028,0.02387,0.02841,0.04404,0.02942,0.03233
0.02859,0.03140,0.02048,0.04843,0.04478,0.12825,0.07462,0.08230,0.03677,0.02255,0.01669,0.02948,0.14963,0.04410,0.02876,0.11547,0.04483,0.01806,0.01733,0.01748
0.17525,0.03958,0.02564,0.03933,0.04656,0.04311,0.03551,0.02962,0.06370,0.04505,0.03276,0.03554,0.04027,0.03122,0.02259,0.02410,0.01900,0.02035,0.02255,0.20829
0.04231,0.13192,0.01740,0.10665,0.02900,0.05245,0.01318,0.17964,0.10603,0.03729,0.01466,0.02930,0.01971,0.01434,0.09067,0.03943,0.01869,0.01436,0.02731,0.01563
0.01610,0.06446,0.01505,0.01820,0.06888,0.02103,0.01806,0.01625,0.07152,0.22669,0.24400,0.04301,0.02129,0.02585,0.02456,0.02844,0.02253,0.01705,0.01967,0.01737
0.01826,0.19949,0.02920,0.02231,0.23152,0.05920,0.02628,0.04024,0.02898,0.03237,0.01316,0.03839,0.05062,0.02182,0.03548,0.02948,0.05206,0.03110,0.01951,0.02052
0.02218,0.01398,0.03348,0.06192,0.02577,0.02973,0.22690,0.07713,0.02304,0.02196,0.01256,0.03585,0.05562,0.22794,0.02977,0.01792,0.02228,0.01992,0.02609,0.01595
0.02716,0.07622,0.03097,0.03018,0.04886,0.02639,0.05031,0.23186,0.03383,0.02425,0.02604,0.03436,0.21699,0.01571,0.01582,0.02582,0.02416,0.02503,0.02659,0.00947
0.03279,0.22170,0.07601,0.03952,0.24211,0.04371,0.02806,0.01654,0.02376,0.03252,0.02967,0.01948,0.04531,0.04345,0.01308,0.01913,0.02108,0.01412,0.01321,0.02475
0.06382,0.01450,0.10332,0.14083,0.04565,0.03300,0.07762,0.07907,0.02607,0.06487,0.05750,0.02451,0.03328,0.10391,0.01748,0.01766,0.02292,0.01660,0.04470,0.01270
0.05220,0.02856,0.03943,0.03389,0.03892,0.03335,0.17500,0.02669,0.05207,0.03039,0.02378,0.05963,0.00992,0.22038,0.01856,0.02890,0.01643,0.02816,0.01602,0.06770
0.15492,0.04608,0.05010,0.03049,0.02843,0.02203,0.02936,0.03789,0.07476,0.02602,0.04237,0.06527,0.01758,0.02359,0.04675,0.03685,0.02306,0.05111,0.03051,0.16285
0.03165,0.04671,0.05402,0.09731,0.03403,0.03736,0.01420,0.12830,0.06321,0.02650,0.02064,0.07409,0.10840,0.01527,0.03302,0.03952,0.05148,0.05982,0.04789,0.01660
0.02322,0.02542,0.02499,0.03814,0.03613,0.17417,0.07680,0.06595,0.06003,0.03274,0.02611,0.01313,0.21617,0.07643,0.01968,0.01783,0.02215,0.01992,0.01456,0.01644
0.03100,0.06723,0.05549,0.03860,0.04013,0.04718,0.01869,0.04938,0.07279,0.10641,0.01989,0.03516,0.06097,0.03020,0.11346,0.07498,0.02884,0.04005,0.03238,0.03718
0.04869,0.05606,0.04501,0.05381,0.05354,0.02031,0.02365,0.19626,0.04484,0.02938,0.01818,0.04058,0.18679,0.03217,0.01902,0.01881,0.02136,0.02687,0.02631,0.03838
0.02972,0.18507,0.03088,0.04615,0.15799,0.04863,0.03039,0.09462,0.03799,0.02183,0.02577,0.02577,0.03362,0.02124,0.04389,0.05137,0.03680,0.02135,0.02917,0.02776
0.04212,0.04371,0.04504,0.05902,0.02753,0.04523,0.02868,0.12140,0.11109,0.03546,0.04295,0.10535,0.09066,0.01414,0.02368,0.02837,0.02914,0.06118,0.02638,0.01887
0.03384,0.03850,0.02743,0.02534,0.01910,0.04262,0.03652,0.02413,0.19796,0.01801,0.04097,0.05435,0.02336,0.05375,0.08037,0.05827,0.05653,0.07082,0.04013,0.05800
0.04200,0.03318,0.07765,0.06048,0.04231,0.02896,0.09677,0.11613,0.02255,0.03787,0.03635,0.04220,0.10567,0.02467,0.02322,0.04694,0.03936,0.04187,0.04104,0.04077
0.04121,0.04597,0.05356,0.04286,0.02017,0.04550,0.04979,0.06069,0.15751,0.02848,0.02731,0.15872,0.04280,0.02171,0.02475,0.02512,0.05251,0.02563,0.03416,0.04155
0.04074,0.02571,0.03444,0.02739,0.04537,0.02488,0.11534,0.03362,0.10392,0.02544,0.03505,0.08550,0.03262,0.13445,0.02401,0.03954,0.04138,0.05430,0.03228,0.04402
0.02013,0.02053,0.03047,0.02447,0.01256,0.01444,0.03327,0.02879,0.25539,0.04536,0.02809,0.23266,0.02374,0.02419,0.03484,0.02365,0.04124,0.02267,0.01906,0.06447
0.04357,0.04960,0.06884,0.09362,0.06869,0.04268,0.02855,0.08712,0.02944,0.07806,0.02143,0.04960,0.04101,0.04154,0.08664,0.02675,0.03833,0.03648,0.02893,0.03915
0.05167,0.14587,0.03208,0.06655,0.16978,0.02297,0.03125,0.04085,0.02834,0.06912,0.07240,0.03346,0.02426,0.03303,0.02448,0.03533,0.02204,0.02263,0.02907,0.04483
0.03996,0.07372,0.07884,0.02415,0.02213,0.01243,0.02363,0.10872,0.12524,0.04294,0.01534,0.20424,0.03657,0.01396,0.03926,0.02176,0.02689,0.04970,0.02400,0.01651
0.01196,0.03937,0.02826,0.02668,0.04638,0.02398,0.03475,0.10209,0.01862,0.22557,0.01219,0.02614,0.08055,0.03923,0.19461,0.01701,0.01194,0.01391,0.01932,0.02743
0.04690,0.06406,0.03116,0.04654,0.06786,0.03238,0.12428,0.02507,0.05168,0.04299,0.02759,0.04774,0.03552,0.16668,0.02051,0.04911,0.02555,0.03669,0.02646,0.03126
0.02227,0.07344,0.02908,0.03217,0.05610,0.04099,0.04761,0.02465,0.02722,0.20599,0.02082,0.01345,0.02375,0.03276,0.21075,0.03881,0.01735,0.03190,0.03151,0.01936
0.22920,0.03369,0.04903,0.04076,0.02032,0.02216,0.01616,0.08233,0.03143,0.02107,0.01623,0.03535,0.01714,0.01373,0.02078,0.03003,0.02253,0.03468,0.02353,0.23984
0.02041,0.05030,0.02880,0.03171,0.04866,0.01775,0.01719,0.04354,0.02961,0.26828,0.06588,0.02546,0.03373,0.02377,0.20569,0.01822,0.01572,0.02045,0.02343,0.01141
0.02842,0.02062,0.03961,0.04966,0.03915,0.04826,0.05728,0.03825,0.04509,0.10048,0.11926,0.03385,0.04218,0.07990,0.04544,0.04935,0.03595,0.04457,0.04366,0.03903
0.02485,0.14585,0.05405,0.05854,0.15721,0.09941,0.02974,0.03158,0.03070,0.04542,0.03851,0.02955,0.09007,0.02959,0.01323,0.01874,0.03778,0.01776,0.02834,0.01909
0.03436,0.01972,0.05855,0.15257,0.02775,0.02782,0.05546,0.22066,0.02118,0.01889,0.00906,0.04448,0.07924,0.05003,0.03129,0.04912,0.02129,0.01998,0.03150,0.02706
0.01176,0.01856,0.02413,0.01746,0.01958,0.23835,0.02859,0.02417,0.03756,0.01933,0.02858,0.06380,0.22525,0.04687,0.02532,0.02400,0.03541,0.03649,0.05578,0.01900
0.01234,0.02894,0.03558,0.02959,0.03363,0.03721,0.02020,0.20407,0.07984,0.05911,0.00773,0.02753,0.18600,0.05021,0.08428,0.02110,0.02583,0.02586,0.01646,0.01448
0.12294,0.04015,0.06529,0.05851,0.04658,0.02570,0.04142,0.03035,0.04645,0.04782,0.00967,0.10815,0.02359,0.02341,0.05067,0.03320,0.03435,0.04363,0.03603,0.11210
0.01755,0.02637,0.02737,0.01119,0.09430,0.01825,0.13078,0.03918,0.03311,0.05895,0.01733,0.02576,0.08091,0.22117,0.02890,0.04270,0.03091,0.02653,0.04104,0.02770
0.03361,0.04568,0.04910,0.04439,0.03659,0.04017,0.04204,0.05725,0.08866,0.04529,0.03053,0.12402,0.04925,0.05685,0.04243,0.04499,0.04783,0.05747,0.03928,0.02456
0.04512,0.04367,0.05664,0.24298,0.02068,0.04635,0.02478,0.22763,0.02656,0.03181,0.01067,0.01447,0.02984,0.04251,0.02005,0.02681,0.01483,0.02809,0.01443,0.03207
0.07089,0.04406,0.03109,0.03027,0.04738,0.03097,0.03816,0.02344,0.08798,0.05708,0.04623,0.08664,0.02364,0.03322,0.02878,0.02969,0.06095,0.05352,0.01798,0.15804
0.03326,0.04733,0.05402,0.04447,0.03372,0.03590,0.03013,0.03640,0.03368,0.16622,0.16910,0.06795,0.03163,0.01551,0.01521,0.03894,0.03618,0.03677,0.02795,0.04565
0.07222,0.02024,0.06081,0.04087,0.02938,0.04358,0.14530,0.05265,0.02070,0.01996,0.01898,0.02625,0.06645,0.17887,0.02675,0.02726,0.04332,0.02196,0.01942,0.06503
0.01517,0.03034,0.02195,0.01611,0.03254,0.27199,0.01647,0.02480,0.01267,0.03909,0.06459,0.01696,0.31163,0.02592,0.02435,0.02002,0.01518,0.01088,0.01148,0.01785
0.04519,0.01828,0.11294,0.20805,0.03066,0.03384,0.05307,0.14445,0.03604,0.02203,0.00904,0.05352,0.03835,0.02181,0.02376,0.02404,0.03286,0.02313,0.03326,0.03569
0.08097,0.04201,0.05189,0.10082,0.05428,0.04876,0.03965,0.03412,0.04738,0.05716,0.02916,0.03488,0.03867,0.03676,0.03035,0.04709,0.02948,0.03763,0.07380,0.08515
0.01243,0.08412,0.01930,0.02659,0.26171,0.03307,0.06044,0.01246,0.05848,0.02703,0.01865,0.04798,0.02127,0.18090,0.02641,0.03495,0.01885,0.02192,0.01836,0.01507
0.04761,0.05756,0.07272,0.10094,0.05369,0.01866,0.03950,0.11574,0.05338,0.05454,0.01328,0.04052,0.04067,0.01752,0.04763,0.04799,0.03723,0.03585,0.03146,0.07352
0.02133,0.23535,0.04634,0.04398,0.26454,0.02841,0.05439,0.03908,0.01472,0.01235,0.01860,0.01845,0.04060,0.03619,0.00891,0.02465,0.01967,0.02237,0.02823,0.02184
0.02633,0.20955,0.03778,0.03312,0.21256,0.02037,0.02702,0.05791,0.04075,0.03069,0.03314,0.05948,0.04291,0.03241,0.01265,0.02700,0.02696,0.02287,0.02317,0.02334
0.02661,0.03259,0.03683,0.06673,0.03251,0.02486,0.03857,0.04066,0.18149,0.05480,0.04673,0.16269,0.03052,0.03159,0.02660,0.02886,0.03933,0.03230,0.03642,0.02929
0.04946,0.02446,0.07226,0.17506,0.02617,0.03388,0.01816,0.16424,0.02670,0.07463,0.01647,0.02741,0.07438,0.03994,0.05908,0.02117,0.02010,0.01692,0.02192,0.03757
0.02375,0.03236,0.03685,0.04192,0.03639,0.19813,0.03402,0.05639,0.04252,0.02960,0.03511,0.03743,0.24140,0.01933,0.03311,0.01440,0.02229,0.02714,0.02051,0.01735
0.03553,0.03273,0.05310,0.04837,0.02538,0.09128,0.02009,0.06056,0.04565,0.14880,0.15434,0.03744,0.06304,0.02518,0.04290,0.02451,0.02863,0.02761,0.01711,0.01772
0.02449,0.06391,0.05235,0.02183,0.02394,0.03047,0.01613,0.06151,0.19656,0.03116,0.02506,0.14493,0.05773,0.01509,0.04264,0.04148,0.03098,0.05488,0.03699,0.02789
0.03131,0.21170,0.03699,0.03925,0.18594,0.03285,0.02296,0.05999,0.04431,0.04731,0.04198,0.03237,0.02110,0.02888,0.03041,0.02454,0.02748,0.01837,0.04335,0.01892
0.04683,0.06432,0.03910,0.02042,0.03466,0.01921,0.03467,0.02440,0.05145,0.22718,0.02484,0.04265,0.01870,0.02646,0.19897,0.02823,0.01611,0.01830,0.01573,0.04775
0.05056,0.01861,0.07464,0.31598,0.02169,0.01142,0.04023,0.20843,0.02266,0.02377,0.01389,0.02623,0.01461,0.02603,0.01693,0.01296,0.01919,0.01359,0.05127,0.01731
0.03136,0.04392,0.07607,0.05362,0.06113,0.02894,0.07389,0.16156,0.04128,0.01559,0.02047,0.04417,0.13553,0.07043,0.01993,0.03236,0.01830,0.02111,0.03269,0.01765
0.02274,0.02280,0.06181,0.03702,0.02660,0.02714,0.03650,0.04404,0.07224,0.17052,0.18439,0.10904,0.01358,0.04172,0.02414,0.02234,0.01828,0.01953,0.01373,0.03182
0.02853,0.02232,0.04679,0.07932,0.01665,0.01701,0.03090,0.03688,0.02681,0.26050,0.01576,0.02285,0.02898,0.02836,0.22807,0.02157,0.02003,0.02192,0.02861,0.01814
0.04341,0.02353,0.08499,0.08784,0.02128,0.04468,0.02866,0.09962,0.03713,0.03102,0.01584,0.03919,0.07996,0.08592,0.02956,0.07371,0.04016,0.03074,0.02806,0.07472
0.02371,0.02146,0.04020,0.04515,0.07022,0.02236,0.19049,0.06764,0.02588,0.02516,0.01683,0.03039,0.04698,0.26487,0.02831,0.01533,0.01490,0.01667,0.01211,0.02135
0.05761,0.04446,0.08401,0.09186,0.03303,0.03279,0.04969,0.18663,0.03620,0.02524,0.02164,0.03683,0.08459,0.01529,0.02856,0.04273,0.02843,0.02424,0.02150,0.05467
0.03349,0.03322,0.05279,0.03496,0.02706,0.04395,0.13233,0.01099,0.08974,0.03136,0.04292,0.02981,0.02343,0.19099,0.04621,0.03601,0.03501,0.02589,0.02543,0.05440
0.02673,0.08877,0.05648,0.05454,0.16843,0.03997,0.05740,0.07270,0.02240,0.02832,0.01370,0.03431,0.02676,0.14469,0.01987,0.03449,0.02341,0.03033,0.02041,0.03628
0.02197,0.03321,0.03359,0.02541,0.02206,0.04992,0.03201,0.22287,0.02139,0.04108,0.03200,0.03599,0.19817,0.04682,0.05611,0.03288,0.02200,0.01974,0.02171,0.03107
0.03109,0.04141,0.04570,0.06325,0.01899,0.05979,0.01878,0.03911,0.08296,0.12493,0.03057,0.02579,0.02675,0.04013,0.09134,0.09249,0.02879,0.04957,0.05634,0.03222
0.05402,0.02747,0.10320,0.10728,0.02396,0.01523,0.08049,0.05964,0.14461,0.01659,0.01140,0.14000,0.01927,0.03889,0.01235,0.01387,0.01922,0.02070,0.04712,0.04471
0.08062,0.05074,0.03533,0.02536,0.05304,0.09472,0.03250,0.02277,0.13748,0.03178,0.03211,0.04822,0.02996,0.06303,0.03281,0.02395,0.04002,0.03883,0.01770,0.10903
0.05225,0.05556,0.05557,0.02219,0.07264,0.02672,0.06953,0.05025,0.08954,0.02422,0.03054,0.14414,0.03571,0.02676,0.02262,0.03293,0.05795,0.04738,0.02400,0.05951
0.02799,0.05163,0.04258,0.03955,0.04335,0.17285,0.01703,0.05955,0.05277,0.01243,0.01364,0.02390,0.24294,0.03091,0.01633,0.02084,0.05942,0.02228,0.01636,0.03363
0.01304,0.24772,0.02283,0.03856,0.28546,0.03217,0.02117,0.04566,0.02619,0.01918,0.03253,0.02546,0.03403,0.02626,0.01976,0.03469,0.01916,0.01531,0.02017,0.02066
0.03133,0.02033,0.07255,0.05535,0.02898,0.02942,0.16192,0.06479,0.05843,0.02647,0.01741,0.06515,0.04248,0.17575,0.02477,0.02451,0.02083,0.02735,0.01990,0.03227
0.03057,0.03245,0.06502,0.05131,0.01389,0.05272,0.03450,0.20530,0.05475,0.01523,0.01699,0.02401,0.17351,0.04345,0.02761,0.06581,0.02761,0.02183,0.02176,0.02168
0.05438,0.02489,0.11372,0.16470,0.02801,0.02959,0.03846,0.11051,0.04655,0.01788,0.01115,0.05163,0.03966,0.03687,0.02525,0.03849,0.05213,0.03430,0.06244,0.01940
0.03778,0.02746,0.07830,0.11260,0.02175,0.06456,0.04643,0.08014,0.02811,0.07621,0.05376,0.02892,0.06972,0.06758,0.02954,0.03754,0.04622,0.03667,0.02519,0.03152
0.02503,0.02621,0.05472,0.03980,0.01686,0.04046,0.05532,0.05324,0.17912,0.01876,0.01352,0.16775,0.03894,0.02391,0.03279,0.08609,0.03176,0.03262,0.02970,0.03339
0.02874,0.04740,0.04756,0.04894,0.04109,0.02600,0.02389,0.04147,0.03612,0.20519,0.20292,0.04566,0.03546,0.02433,0.02106,0.02524,0.03777,0.03030,0.01946,0.01143
0.02260,0.06663,0.02549,0.01462,0.05379,0.02647,0.01219,0.01831,0.24487,0.04297,0.01031,0.21420,0.02412,0.02629,0.04881,0.03666,0.02984,0.03197,0.01659,0.03326
0.03943,0.13565,0.08831,0.03523,0.11958,0.06197,0.06756,0.06902,0.02238,0.03424,0.02588,0.02479,0.10247,0.05050,0.01391,0.02176,0.02429,0.02303,0.01753,0.02247
0.03747,0.12176,0.10051,0.08437,0.13344,0.02780,0.04791,0.05346,0.04382,0.03060,0.03024,0.05579,0.02943,0.05363,0.01657,0.01056,0.03838,0.02347,0.02181,0.03897
0.02050,0.01716,0.03161,0.02754,0.02713,0.01456,0.15045,0.19491,0.01877,0.01424,0.00854,0.01488,0.18201,0.18380,0.00976,0.01168,0.02551,0.01066,0.01858,0.01771
0.05603,0.04833,0.06497,0.03376,0.03887,0.06069,0.01789,0.02673,0.07721,0.10693,0.03390,0.05803,0.03637,0.06525,0.08800,0.02950,0.02604,0.02996,0.01834,0.08320
0.15143,0.04150,0.05254,0.01671,0.01993,0.02789,0.02688,0.02226,0.04103,0.05337,0.02566,0.07320,0.02240,0.03336,0.02957,0.04614,0.04437,0.05343,0.03312,0.18519
0.14254,0.03859,0.06986,0.04478,0.03180,0.04860,0.02211,0.05975,0.05187,0.03940,0.04047,0.03540,0.05105,0.04423,0.02033,0.02268,0.02371,0.02311,0.03092,0.15879
0.03752,0.04881,0.05739,0.12150,0.06424,0.02856,0.02658,0.10188,0.09387,0.02512,0.01420,0.11415,0.03606,0.02278,0.01865,0.03580,0.04158,0.04579,0.03828,0.02724
0.03904,0.03307,0.03515,0.02847,0.04201,0.09826,0.06589,0.04283,0.06882,0.04136,0.03032,0.05495,0.09924,0.06092,0.04197,0.02452,0.07033,0.04797,0.03147,0.04339
0.01805,0.05903,0.02301,0.02005,0.06426,0.08773,0.02479,0.05283,0.16292,0.02828,0.06453,0.02575,0.05191,0.05619,0.08925,0.04946,0.04887,0.03396,0.02056,0.01857
0.03238,0.05299,0.07451,0.04732,0.04408,0.03845,0.06503,0.09501,0.04255,0.03890,0.04150,0.04684,0.06626,0.08761,0.03728,0.03553,0.05523,0.03752,0.03244,0.02857
0.05739,0.18825,0.03934,0.04263,0.23169,0.03140,0.03200,0.02708,0.03449,0.02286,0.03118,0.03710,0.03233,0.04723,0.01791,0.01625,0.02376,0.01764,0.01296,0.05650
0.03012,0.12602,0.03841,0.05967,0.08136,0.03652,0.02173,0.04706,0.07974,0.05442,0.03325,0.06442,0.03364,0.04147,0.04709,0.05018,0.04731,0.02952,0.02891,0.04916
0.06938,0.04000,0.08094,0.28694,0.03073,0.01326,0.03450,0.16083,0.02713,0.01982,0.01801,0.02096,0.01708,0.01833,0.02399,0.02414,0.02074,0.01390,0.06416,0.01519
0.03088,0.02932,0.10220,0.11548,0.05522,0.03173,0.03669,0.08661,0.02498,0.08240,0.05741,0.03451,0.03851,0.07552,0.05794,0.02854,0.03768,0.02028,0.03285,0.02125
0.03640,0.03373,0.06461,0.04112,0.02108,0.02868,0.02474,0.23657,0.03051,0.02333,0.01577,0.03871,0.19405,0.03252,0.04804,0.02157,0.03661,0.02287,0.01760,0.03147
0.03629,0.03561,0.08844,0.12027,0.03703,0.05803,0.04785,0.11328,0.03283,0.09350,0.01482,0.04740,0.04754,0.01293,0.08749,0.02725,0.03056,0.02256,0.02116,0.02518
0.08752,0.03296,0.03927,0.05771,0.05752,0.01832,0.15881,0.05492,0.05201,0.01798,0.01679,0.03428,0.01481,0.21736,0.01776,0.02003,0.00870,0.01345,0.01387,0.06594
0.15555,0.04606,0.09599,0.04964,0.03290,0.02391,0.09087,0.04579,0.02376,0.00761,0.01706,0.03262,0.02495,0.11071,0.01239,0.01509,0.01603,0.01698,0.01573,0.16636
0.02225,0.16235,0.06322,0.06730,0.19166,0.01754,0.05426,0.02671,0.06176,0.02718,0.02583,0.09080,0.01632,0.01880,0.02181,0.03000,0.03221,0.03180,0.02148,0.01672
0.02504,0.06671,0.03095,0.29672,0.06399,0.01845,0.02162,0.27921,0.01832,0.02714,0.00655,0.01951,0.01308,0.02350,0.02023,0.01429,0.01376,0.01283,0.01248,0.01563
0.05394,0.03774,0.07503,0.04578,0.02804,0.03372,0.07177,0.15844,0.03677,0.01703,0.00791,0.06004,0.11919,0.05721,0.01978,0.02602,0.04600,0.04573,0.01722,0.04264
0.02473,0.02396,0.03071,0.08423,0.05235,0.04372,0.05991,0.06004,0.06040,0.02658,0.01207,0.04197,0.13840,0.05607,0.03703,0.02859,0.06015,0.04186,0.08243,0.03478
0.03184,0.07594,0.04784,0.03456,0.01845,0.02164,0.01712,0.07156,0.08944,0.16876,0.00882,0.07625,0.02172,0.01870,0.16650,0.03748,0.01397,0.03194,0.02722,0.02026
0.03248,0.03314,0.05512,0.04771,0.01512,0.02455,0.03325,0.06329,0.03467,0.19707,0.20519,0.02250,0.01782,0.02490,0.02117,0.02089,0.01125,0.02480,0.03019,0.08487
0.05443,0.06249,0.04773,0.11306,0.07171,0.03436,0.08994,0.04271,0.02162,0.03493,0.02475,0.02884,0.03076,0.06813,0.03549,0.04433,0.03395,0.03090,0.07450,0.05537
0.06494,0.02997,0.11658,0.08155,0.07710,0.02647,0.04450,0.10323,0.03059,0.02284,0.02952,0.02249,0.07974,0.14006,0.01570,0.01479,0.02868,0.02701,0.02709,0.01716
0.03100,0.01920,0.03754,0.05532,0.01847,0.01818,0.04332,0.26815,0.01651,0.02365,0.00610,0.02032,0.24090,0.04521,0.03740,0.02653,0.02048,0.01755,0.02349,0.03068
0.03599,0.06985,0.04811,0.07882,0.06827,0.05701,0.12846,0.03066,0.01827,0.02370,0.01223,0.02741,0.04996,0.15008,0.02318,0.02358,0.02839,0.02278,0.07902,0.02425
0.03940,0.01693,0.06333,0.06849,0.08376,0.02718,0.11947,0.02498,0.04675,0.05875,0.03418,0.04334,0.02214,0.18862,0.02531,0.01824,0.02802,0.02371,0.04067,0.02673
0.04079,0.01980,0.03994,0.05586,0.02916,0.04842,0.13194,0.12119,0.01979,0.01747,0.01097,0.01952,0.13072,0.15037,0.02317,0.02125,0.03152,0.01609,0.03468,0.03734
0.11060,0.05177,0.06209,0.12060,0.06839,0.02412,0.04699,0.02614,0.02543,0.04953,0.02019,0.02921,0.02961,0.02136,0.05332,0.03537,0.03558,0.02417,0.08669,0.07883
0.03073,0.19518,0.03129,0.03229,0.22939,0.05719,0.02435,0.03251,0.03272,0.02690,0.01773,0.02048,0.06737,0.02721,0.02092,0.03705,0.02020,0.02171,0.03969,0.03507
0.05733,0.08522,0.05996,0.14148,0.02204,0.01505,0.01686,0.19954,0.07533,0.03847,0.01562,0.07622,0.02068,0.01443,0.04318,0.02278,0.01504,0.03341,0.02472,0.02262
0.04102,0.14198,0.04478,0.04418,0.11151,0.03798,0.02268,0.04903,0.04067,0.06941,0.07945,0.03503,0.05854,0.03903,0.02443,0.02820,0.05945,0.02493,0.01554,0.03216
0.02305,0.05334,0.03109,0.04108,0.04886,0.17225,0.03868,0.03906,0.05415,0.02038,0.01921,0.02716,0.21631,0.04029,0.03292,0.04060,0.03190,0.02112,0.02581,0.02274
0.04261,0.03209,0.04378,0.16676,0.02362,0.04804,0.02824,0.13870,0.03997,0.02912,0.01759,0.03113,0.03174,0.08554,0.02996,0.03754,0.02083,0.03170,0.01701,0.10403
0.02129,0.03502,0.03692,0.03930,0.02731,0.20729,0.02627,0.03834,0.02648,0.04914,0.04277,0.02865,0.24620,0.04191,0.01631,0.02159,0.02858,0.02254,0.02319,0.02087
0.15433,0.02361,0.05490,0.03806,0.02100,0.01876,0.02960,0.04189,0.07662,0.06599,0.04702,0.09137,0.01563,0.03866,0.02883,0.01580,0.01755,0.02262,0.01430,0.18345
0.02300,0.10812,0.04161,0.03811,0.09440,0.02863,0.05852,0.04113,0.02182,0.11939,0.10935,0.02138,0.05620,0.05327,0.01503,0.03515,0.03697,0.04377,0.03709,0.01707
0.02660,0.06269,0.03736,0.03395,0.04172,0.02366,0.09169,0.05463,0.03068,0.10576,0.04649,0.04433,0.05561,0.11060,0.02565,0.03984,0.06556,0.03078,0.02458,0.04782
0.01886,0.18801,0.02145,0.02293,0.21065,0.06302,0.02407,0.03777,0.07952,0.02520,0.05691,0.03188,0.04716,0.03479,0.03826,0.02319,0.02833,0.01987,0.01467,0.01346
0.02768,0.05014,0.03780,0.01729,0.07266,0.04283,0.03841,0.12014,0.07967,0.03186,0.06797,0.04161,0.11220,0.03897,0.04357,0.04122,0.04030,0.04197,0.01769,0.03604
0.04239,0.03446,0.02868,0.01565,0.02936,0.04533,0.02072,0.20086,0.09070,0.02463,0.02472,0.01906,0.18146,0.05697,0.04146,0.02440,0.02737,0.01892,0.01487,0.05801
0.02926,0.06003,0.07534,0.06928,0.12657,0.02826,0.03012,0.05023,0.02951,0.11542,0.12504,0.03523,0.02839,0.04808,0.01754,0.01882,0.03375,0.01969,0.03348,0.02595
0.01153,0.04108,0.01840,0.02322,0.04436,0.20351,0.01607,0.03674,0.09883,0.01879,0.01655,0.02062,0.24227,0.02721,0.02407,0.03795,0.03742,0.01991,0.02295,0.03854
0.01853,0.10531,0.06263,0.04339,0.13523,0.02209,0.03840,0.03203,0.03938,0.10886,0.02245,0.02370,0.03676,0.02114,0.10037,0.02317,0.02588,0.04996,0.02263,0.06808
0.06469,0.01964,0.04559,0.03155,0.03714,0.10939,0.05249,0.03321,0.04115,0.02048,0.04883,0.04358,0.09144,0.02661,0.05262,0.07999,0.03444,0.06194,0.04567,0.05957
0.01456,0.04010,0.03700,0.03653,0.04160,0.02808,0.02835,0.02284,0.18823,0.02870,0.04692,0.19648,0.02494,0.03670,0.02646,0.03709,0.05320,0.04740,0.03254,0.03229
0.02329,0.02748,0.03919,0.02992,0.06625,0.01692,0.03513,0.03011,0.14612,0.08456,0.03619,0.16957,0.02727,0.04746,0.05611,0.03290,0.03416,0.03615,0.03022,0.03099
0.02185,0.06241,0.05217,0.06921,0.08314,0.04326,0.04532,0.16343,0.02032,0.02267,0.01156,0.02521,0.15061,0.02989,0.03567,0.03778,0.03621,0.02891,0.03937,0.02102
0.02147,0.02498,0.04539,0.05947,0.02687,0.04946,0.05098,0.21662,0.02520,0.03666,0.02543,0.03086,0.19768,0.02764,0.03215,0.02626,0.03920,0.01590,0.02086,0.02694
0.04475,0.17544,0.02986,0.02722,0.18740,0.02120,0.04810,0.02143,0.04652,0.04848,0.05806,0.05191,0.02346,0.03092,0.02337,0.02370,0.02345,0.03417,0.02346,0.05711
0.02236,0.21239,0.02801,0.04623,0.27074,0.01772,0.03121,0.04314,0.03628,0.02044,0.03283,0.04952,0.02683,0.02888,0.01750,0.01938,0.02275,0.02839,0.01961,0.02578
0.03533,0.02130,0.04465,0.04992,0.02555,0.02546,0.03860,0.02767,0.07703,0.14238,0.10697,0.08572,0.04783,0.06100,0.02684,0.02169,0.04359,0.02300,0.03826,0.05722
0.02629,0.03123,0.07394,0.05109,0.01712,0.05583,0.14177,0.04588,0.05033,0.04429,0.04056,0.04013,0.03972,0.18411,0.03729,0.02829,0.02256,0.02335,0.01599,0.03023
0.01811,0.01512,0.03191,0.03463,0.01485,0.02562,0.02989,0.25297,0.03108,0.03108,0.02523,0.03906,0.26214,0.03427,0.01159,0.03318,0.04777,0.02404,0.02365,0.01380
0.02002,0.04702,0.03518,0.27429,0.02280,0.02911,0.00923,0.28580,0.03755,0.04534,0.00906,0.01840,0.01854,0.02121,0.03933,0.02247,0.01519,0.01587,0.01599,0.01760
0.04552,0.03793,0.04642,0.05117,0.03071,0.02271,0.05406,0.17587,0.03447,0.01280,0.01227,0.06680,0.17264,0.02941,0.02829,0.04130,0.03728,0.03357,0.02700,0.03979
0.03730,0.03287,0.05467,0.02862,0.04908,0.03193,0.05387,0.06470,0.07477,0.05443,0.02757,0.09225,0.07752,0.04176,0.03869,0.03682,0.04443,0.04727,0.02927,0.08217
0.03876,0.19541,0.03651,0.07255,0.24118,0.02104,0.03732,0.04494,0.02055,0.04771,0.02478,0.02862,0.01992,0.03520,0.02093,0.01898,0.01333,0.01773,0.04863,0.01589
0.01573,0.01714,0.08854,0.19388,0.01695,0.07795,0.03271,0.14287,0.04101,0.03519,0.07289,0.01986,0.07901,0.06469,0.02291,0.01313,0.01857,0.01464,0.01407,0.01823
0.02637,0.05099,0.03980,0.02904,0.02649,0.04957,0.16510,0.05915,0.05522,0.03011,0.03014,0.03547,0.02534,0.16505,0.06144,0.03559,0.03246,0.03111,0.02698,0.02458
0.02436,0.07990,0.03939,0.02960,0.04984,0.11099,0.04538,0.02521,0.13063,0.01703,0.01346,0.04256,0.04823,0.05905,0.05740,0.04117,0.04467,0.05299,0.03059,0.05755
0.01339,0.02568,0.05949,0.03319,0.02586,0.02470,0.04560,0.29924,0.02319,0.02011,0.02419,0.01548,0.26869,0.02266,0.01838,0.02238,0.01834,0.01507,0.01115,0.01322
0.03378,0.04005,0.03631,0.03327,0.03098,0.03654,0.02918,0.11610,0.03035,0.02211,0.09014,0.04013,0.12754,0.03857,0.03944,0.07412,0.06425,0.06031,0.02833,0.02850
0.04465,0.02635,0.11755,0.30206,0.02264,0.01986,0.03188,0.22164,0.01578,0.01513,0.01364,0.01702,0.02456,0.02447,0.00921,0.01924,0.01278,0.01598,0.03161,0.01396
0.03467,0.06944,0.08873,0.18869,0.03752,0.03456,0.02961,0.17125,0.04274,0.01403,0.02017,0.04564,0.03571,0.02057,0.01657,0.02572,0.03254,0.03110,0.04378,0.01694
0.08151,0.03110,0.03921,0.03957,0.02436,0.04454,0.04382,0.10769,0.03256,0.03086,0.02262,0.04037,0.11217,0.06080,0.02219,0.04471,0.02838,0.04121,0.03565,0.11669
0.10969,0.02696,0.02681,0.04709,0.02806,0.05947,0.05248,0.07419,0.06172,0.02019,0.02154,0.02580,0.04392,0.08017,0.03431,0.04301,0.02312,0.02586,0.03764,0.15798
0.02811,0.02122,0.03630,0.03457,0.01585,0.02627,0.05037,0.05467,0.25235,0.02278,0.01347,0.24413,0.02489,0.03619,0.02734,0.03226,0.01365,0.02449,0.02148,0.01961
0.02593,0.01794,0.05145,0.09907,0.02612,0.06382,0.04447,0.19007,0.04205,0.02118,0.04151,0.01845,0.13784,0.05382,0.03323,0.05427,0.02851,0.02014,0.01637,0.01377
0.04113,0.02151,0.03503,0.04042,0.02647,0.05618,0.04131,0.03074,0.12004,0.02559,0.02163,0.10415,0.04773,0.04198,0.04345,0.05511,0.05827,0.05733,0.03034,0.10160
0.01756,0.05112,0.02454,0.04409,0.04789,0.21516,0.04259,0.04011,0.02664,0.02828,0.03899,0.01316,0.27118,0.04489,0.01288,0.02036,0.01599,0.01211,0.01703,0.01541
0.02925,0.02791,0.08980,0.15289,0.06414,0.04662,0.06789,0.10552,0.01395,0.02482,0.01600,0.01596,0.08129,0.10811,0.01367,0.02502,0.01874,0.01855,0.05818,0.02168
0.14686,0.03182,0.04859,0.03580,0.04348,0.02244,0.04168,0.03721,0.03884,0.07717,0.04868,0.04826,0.02421,0.03852,0.02734,0.03040,0.02874,0.03469,0.02518,0.17010
0.04131,0.08844,0.04120,0.07952,0.08193,0.03724,0.04371,0.10097,0.11156,0.01832,0.01939,0.03378,0.04370,0.03524,0.04088,0.03424,0.03328,0.05032,0.02405,0.04091
0.02364,0.01995,0.03403,0.02124,0.01625,0.01732,0.01564,0.04088,0.02794,0.26355,0.27648,0.05505,0.01713,0.02465,0.02628,0.02278,0.03274,0.02112,0.02290,0.02044
0.01178,0.03288,0.01829,0.01914,0.02081,0.23429,0.02093,0.03153,0.12549,0.01588,0.01074,0.01275,0.26916,0.03119,0.04517,0.03587,0.02314,0.01312,0.01834,0.00951
0.02320,0.02919,0.06401,0.02990,0.02179,0.02272,0.01196,0.05793,0.03191,0.21756,0.23913,0.03101,0.04075,0.03574,0.02038,0.02165,0.03261,0.01696,0.02202,0.02958
0.02748,0.05837,0.04229,0.03710,0.04075,0.05498,0.01441,0.05737,0.14384,0.08899,0.01369,0.03186,0.04112,0.03020,0.11988,0.06151,0.02691,0.03559,0.03258,0.04107
0.03367,0.13640,0.03181,0.03069,0.14993,0.05087,0.02068,0.02857,0.06098,0.01142,0.04101,0.02602,0.04734,0.03251,0.04638,0.06710,0.03989,0.05247,0.07194,0.02033
0.03816,0.06973,0.09613,0.06108,0.03397,0.01517,0.02375,0.11013,0.09094,0.03498,0.02609,0.13496,0.05133,0.01649,0.03089,0.02676,0.03614,0.04644,0.02656,0.03030
0.02838,0.13540,0.05154,0.03334,0.19596,0.04608,0.02558,0.05208,0.05449,0.01283,0.02214,0.06767,0.05039,0.02988,0.01954,0.03711,0.03046,0.03930,0.02628,0.04154
0.00864,0.01703,0.02000,0.01616,0.02337,0.03977,0.02191,0.02264,0.02012,0.32528,0.10932,0.01645,0.03372,0.03092,0.21647,0.01667,0.02299,0.01430,0.01242,0.01181
0.03086,0.13942,0.02972,0.02487,0.16932,0.05161,0.02634,0.03090,0.06598,0.04797,0.02459,0.05441,0.03778,0.02629,0.03805,0.05714,0.05237,0.02797,0.03664,0.02778
0.18244,0.05901,0.05095,0.03080,0.05997,0.02169,0.02122,0.03400,0.05648,0.03611,0.02413,0.03442,0.02392,0.02173,0.03030,0.02241,0.03935,0.03368,0.02667,0.19071
0.02433,0.03275,0.04513,0.03417,0.01585,0.04070,0.03128,0.07263,0.19680,0.03959,0.02441,0.16048,0.08998,0.02494,0.01925,0.03571,0.03851,0.02696,0.02202,0.02452
0.08894,0.02271,0.05060,0.05134,0.02844,0.05042,0.04559,0.06011,0.04208,0.09015,0.02469,0.03879,0.04783,0.02294,0.08726,0.03048,0.04999,0.02952,0.03400,0.10411
0.03467,0.03219,0.03949,0.11685,0.02306,0.11231,0.04142,0.12701,0.03806,0.03228,0.02688,0.02174,0.13299,0.04333,0.02512,0.04094,0.03285,0.02910,0.02556,0.02415
0.03512,0.02438,0.05544,0.03182,0.02198,0.07925,0.08200,0.12395,0.03050,0.01793,0.02612,0.03749,0.15565,0.03909,0.02402,0.03378,0.04523,0.03902,0.05711,0.04012
0.04626,0.08942,0.03652,0.17012,0.01138,0.04033,0.01634,0.21717,0.11024,0.02572,0.01735,0.04794,0.02566,0.01573,0.02751,0.02525,0.02167,0.01750,0.01908,0.01883
0.03682,0.02706,0.03572,0.05999,0.02190,0.02992,0.05400,0.04562,0.06279,0.17212,0.19005,0.03432,0.02131,0.02680,0.02402,0.02449,0.02310,0.02643,0.02475,0.05878
0.02768,0.02640,0.06032,0.12051,0.02304,0.04219,0.04606,0.15994,0.06434,0.02283,0.02165,0.05235,0.13844,0.02549,0.02762,0.02082,0.02290,0.04048,0.03485,0.02209
0.02685,0.04990,0.04212,0.04178,0.04541,0.04139,0.03707,0.03519,0.08028,0.10074,0.03726,0.04827,0.04984,0.03609,0.10841,0.03273,0.05076,0.03911,0.07309,0.02371
0.04955,0.05632,0.03998,0.03606,0.05491,0.03442,0.02844,0.16066,0.04230,0.02656,0.02309,0.04770,0.13902,0.04364,0.02625,0.03495,0.04775,0.04445,0.02467,0.03928
0.02478,0.03968,0.03420,0.04893,0.03558,0.03456,0.05644,0.19465,0.03682,0.05968,0.02176,0.02445,0.20024,0.06926,0.03516,0.01704,0.02064,0.01763,0.01433,0.01417
0.04291,0.03110,0.03566,0.01684,0.02065,0.05566,0.01947,0.17091,0.09343,0.02779,0.01768,0.05185,0.14384,0.03674,0.04002,0.05548,0.03190,0.03641,0.02245,0.04922
0.01626,0.03172,0.03643,0.02485,0.08130,0.09157,0.03819,0.03799,0.18157,0.01754,0.01562,0.19608,0.08465,0.01870,0.01834,0.02623,0.02840,0.01705,0.02507,0.01244
0.05097,0.02874,0.03593,0.03889,0.01883,0.19548,0.02387,0.03762,0.07927,0.02182,0.02146,0.01421,0.22300,0.06939,0.01604,0.02240,0.02489,0.01016,0.01280,0.05424
0.03794,0.05062,0.04207,0.05368,0.08682,0.08893,0.04711,0.05385,0.04827,0.03179,0.03049,0.03188,0.10967,0.09892,0.04085,0.02354,0.04286,0.02638,0.01826,0.03608
0.04884,0.01271,0.07956,0.03311,0.02294,0.03531,0.03847,0.27477,0.02040,0.02207,0.01412,0.01802,0.24283,0.01842,0.02646,0.01746,0.01397,0.01633,0.01213,0.03209
0.02302,0.04121,0.04277,0.02416,0.06179,0.01903,0.04570,0.01622,0.14565,0.08707,0.04893,0.15710,0.01217,0.04638,0.03038,0.03302,0.03078,0.03661,0.02363,0.07436
0.05472,0.02212,0.08588,0.12133,0.02786,0.03545,0.02615,0.14528,0.03492,0.02993,0.04067,0.04061,0.05241,0.05987,0.03117,0.05627,0.04413,0.04257,0.02594,0.02273
0.02125,0.03883,0.04219,0.02161,0.04128,0.02278,0.02508,0.04111,0.02176,0.22248,0.01048,0.03210,0.04074,0.04106,0.19714,0.05417,0.02663,0.02089,0.03455,0.04385
0.05049,0.18495,0.03240,0.03772,0.27289,0.02254,0.02475,0.02739,0.05640,0.02083,0.01031,0.03732,0.01430,0.02288,0.02782,0.02983,0.02387,0.03161,0.02832,0.04339
0.04117,0.04866,0.02807,0.03842,0.04729,0.02254,0.02429,0.02619,0.04616,0.21004,0.02509,0.04623,0.02444,0.03443,0.19261,0.03198,0.02193,0.02552,0.02593,0.03901
0.02098,0.01734,0.03643,0.02344,0.01579,0.01659,0.02673,0.04010,0.04179,0.28140,0.01400,0.02989,0.04432,0.03857,0.24823,0.02620,0.01392,0.01999,0.01514,0.02916
0.06452,0.04329,0.05675,0.05163,0.10405,0.02011,0.06394,0.04464,0.09459,0.02445,0.02102,0.11158,0.02762,0.06045,0.01476,0.02473,0.03581,0.03175,0.02706,0.07726
0.05032,0.03577,0.09346,0.17300,0.05005,0.05258,0.05165,0.10644,0.02535,0.01089,0.01200,0.02257,0.05714,0.06990,0.01316,0.05476,0.01247,0.02155,0.02932,0.05763
0.04638,0.03929,0.05522,0.06923,0.08098,0.03546,0.02973,0.03828,0.05767,0.11441,0.11549,0.06996,0.02071,0.02517,0.02887,0.03271,0.03463,0.03489,0.02106,0.04984
0.02921,0.11889,0.03928,0.05005,0.14669,0.04021,0.06116,0.11359,0.04567,0.02305,0.00843,0.02717,0.07012,0.07396,0.02845,0.02505,0.02460,0.02870,0.02049,0.02524
0.05773,0.03162,0.10316,0.17974,0.05665,0.02353,0.08370,0.13573,0.01456,0.02344,0.01555,0.01580,0.04521,0.09345,0.01480,0.02253,0.01607,0.01938,0.02899,0.01837
0.03528,0.04246,0.09920,0.14287,0.03177,0.03280,0.02575,0.10011,0.04943,0.07756,0.02474,0.03256,0.05112,0.03707,0.06554,0.03431,0.02871,0.03485,0.02760,0.02626
0.01954,0.19151,0.01664,0.06180,0.25562,0.01417,0.03355,0.03381,0.03241,0.02103,0.01860,0.04697,0.04429,0.03473,0.02853,0.03398,0.04355,0.02079,0.03149,0.01698
0.03822,0.13913,0.03378,0.04187,0.16460,0.05386,0.04067,0.03909,0.06499,0.02834,0.01463,0.04301,0.02232,0.03327,0.03394,0.02329,0.02949,0.06990,0.02523,0.06038
0.03070,0.02730,0.05855,0.05743,0.02119,0.03612,0.06919,0.09691,0.14187,0.02219,0.02346,0.14818,0.07412,0.03739,0.02863,0.04206,0.02599,0.02264,0.01979,0.01630
0.01979,0.04838,0.06053,0.06362,0.04222,0.05749,0.11355,0.04414,0.03523,0.05852,0.05772,0.04938,0.03263,0.12680,0.02545,0.03924,0.03370,0.03097,0.02961,0.03104
0.20677,0.01873,0.06930,0.11066,0.03091,0.02211,0.04229,0.04983,0.03031,0.01508,0.00847,0.04533,0.02192,0.01376,0.01621,0.02362,0.02264,0.02339,0.07610,0.15256
0.02217,0.06380,0.02049,0.05370,0.07925,0.09107,0.02905,0.05479,0.08744,0.09303,0.06643,0.05671,0.03624,0.04112,0.04852,0.03406,0.02112,0.05151,0.01863,0.03086
0.05992,0.02348,0.06200,0.09441,0.02522,0.01942,0.05646,0.17721,0.05327,0.01684,0.01850,0.03981,0.13713,0.05290,0.02534,0.02503,0.03290,0.01927,0.02301,0.03790
0.01920,0.02594,0.01807,0.01926,0.03372,0.02945,0.01756,0.01576,0.29816,0.02350,0.02370,0.29601,0.02738,0.01644,0.01503,0.02826,0.03110,0.01977,0.02646,0.01524
0.05507,0.04551,0.06103,0.06198,0.03008,0.02145,0.04073,0.03279,0.14986,0.04984,0.02480,0.08927,0.00995,0.03290,0.04593,0.05732,0.04120,0.05653,0.04017,0.05360
0.03811,0.02531,0.05393,0.06749,0.02839,0.01546,0.04309,0.07324,0.14737,0.04567,0.02415,0.16482,0.05848,0.05558,0.01930,0.01749,0.03444,0.01841,0.04004,0.02923
0.04244,0.05310,0.08081,0.08746,0.02309,0.05499,0.02482,0.07619,0.03711,0.07746,0.06239,0.03914,0.05720,0.01843,0.01599,0.03749,0.05709,0.04486,0.08697,0.02295
0.01732,0.01362,0.04724,0.03694,0.02714,0.24201,0.01896,0.04176,0.02544,0.02605,0.02458,0.04465,0.27377,0.01484,0.01037,0.02340,0.02832,0.04262,0.02460,0.01636
0.03601,0.02821,0.05835,0.08831,0.02448,0.04778,0.09795,0.07709,0.06997,0.01930,0.03312,0.04613,0.03911,0.08247,0.03579,0.04618,0.04289,0.05482,0.04553,0.02651
0.02075,0.03139,0.06211,0.04073,0.07227,0.02724,0.02838,0.03887,0.17034,0.03846,0.01925,0.17674,0.04596,0.04038,0.02622,0.02702,0.03240,0.03227,0.02248,0.04677
0.03254,0.08131,0.05222,0.07994,0.07027,0.01951,0.02415,0.07164,0.04575,0.14612,0.01244,0.02808,0.02490,0.03729,0.13365,0.02207,0.03462,0.02323,0.03574,0.02452
0.03621,0.03960,0.06124,0.09083,0.05346,0.06786,0.05586,0.06746,0.07052,0.03140,0.02410,0.03175,0.10388,0.05360,0.03986,0.04736,0.04476,0.02359,0.02490,0.03175
0.14935,0.03967,0.02984,0.05187,0.01390,0.02915,0.03279,0.06234,0.11773,0.02904,0.02015,0.04111,0.01989,0.03115,0.03228,0.02404,0.02416,0.02658,0.01428,0.21066
0.02666,0.04035,0.04577,0.03822,0.04749,0.12465,0.05152,0.07331,0.05842,0.05731,0.05796,0.04225,0.10396,0.04499,0.02272,0.04104,0.03828,0.03696,0.01429,0.03385
0.02039,0.02854,0.05185,0.07195,0.01337,0.01455,0.03989,0.05488,0.02969,0.24231,0.04998,0.02921,0.01438,0.02359,0.20852,0.01919,0.01425,0.02062,0.03376,0.01907
0.02908,0.06010,0.04365,0.04762,0.03914,0.07337,0.06319,0.06588,0.04591,0.02861,0.03870,0.03374,0.09630,0.10600,0.03374,0.03496,0.05524,0.02716,0.03735,0.04025
0.02112,0.04944,0.05137,0.04304,0.04520,0.03085,0.04949,0.05868,0.05269,0.11543,0.09148,0.09984,0.03457,0.02388,0.03811,0.03396,0.05846,0.05311,0.02422,0.02504
0.05518,0.04962,0.04475,0.03547,0.04787,0.03882,0.04053,0.03538,0.09682,0.05830,0.02514,0.09056,0.04283,0.02612,0.03167,0.04579,0.05339,0.07708,0.03582,0.06885
0.04082,0.02758,0.06327,0.10202,0.03826,0.08292,0.03554,0.05902,0.04309,0.04192,0.05491,0.05341,0.08871,0.05769,0.01683,0.04323,0.03699,0.02924,0.03777,0.04676
0.09107,0.02773,0.04278,0.02202,0.03063,0.02488,0.02581,0.18620,0.02915,0.02843,0.02506,0.02990,0.18653,0.04145,0.01602,0.01840,0.02069,0.01577,0.01575,0.12169
0.01781,0.03837,0.05459,0.02761,0.03607,0.17706,0.02599,0.04672,0.03602,0.07039,0.06042,0.02808,0.21377,0.02153,0.02578,0.02644,0.01919,0.03716,0.01917,0.01785
0.02087,0.02640,0.04081,0.04629,0.01694,0.02404,0.02552,0.05859,0.09679,0.19733,0.01487,0.07760,0.04374,0.02266,0.17583,0.03404,0.02202,0.01902,0.02197,0.01465
