0.06378,0.07617,0.08177,0.03838,0.05501,0.06201,0.03991,0.07592,0.06584,0.04517,0.03689,0.05262,0.03892,0.04430,0.02953,0.03406,0.03700,0.03420,0.03527,0.05326
0.05511,0.07078,0.06024,0.05821,0.06428,0.05643,0.04612,0.06884,0.05892,0.02238,0.04341,0.04932,0.04649,0.04176,0.04010,0.04384,0.03953,0.04245,0.04012,0.05167
0.05942,0.06790,0.06701,0.04551,0.04859,0.05844,0.03945,0.06292,0.05749,0.05040,0.04296,0.04878,0.05219,0.05027,0.03796,0.04264,0.03741,0.03616,0.03595,0.05854
0.05651,0.06625,0.05605,0.05213,0.05927,0.04714,0.05011,0.06040,0.05330,0.02787,0.04923,0.04679,0.04940,0.05204,0.05219,0.03935,0.04105,0.04460,0.04194,0.05439
0.04353,0.05059,0.05923,0.03327,0.03962,0.04780,0.04144,0.05001,0.05035,0.18673,0.04849,0.03818,0.03558,0.03623,0.05157,0.04372,0.02942,0.03888,0.03549,0.03984
0.05060,0.05079,0.04253,0.04468,0.04481,0.05432,0.04091,0.03612,0.03624,0.02683,0.12756,0.03893,0.03537,0.03994,0.13019,0.03458,0.04080,0.03525,0.02894,0.06060
0.05211,0.04398,0.12234,0.06130,0.05148,0.05563,0.03810,0.05926,0.08646,0.02022,0.03554,0.03602,0.05162,0.04738,0.04159,0.03828,0.03999,0.03860,0.03469,0.04541
0.10014,0.04591,0.07252,0.04092,0.04480,0.07325,0.04258,0.03666,0.03772,0.02987,0.03817,0.03139,0.04084,0.04347,0.03238,0.03069,0.07409,0.03585,0.03210,0.11666
0.05217,0.05065,0.03694,0.03939,0.03989,0.05093,0.03840,0.04035,0.03767,0.07315,0.10975,0.04002,0.03795,0.03804,0.11462,0.03966,0.03921,0.03244,0.03803,0.05072
0.05609,0.05470,0.03999,0.04121,0.04612,0.04276,0.04316,0.05463,0.03785,0.17113,0.05245,0.03784,0.04082,0.04276,0.05115,0.02723,0.04090,0.03885,0.03092,0.04944
0.03702,0.03307,0.05489,0.03400,0.03232,0.04636,0.03203,0.02799,0.04103,0.35866,0.02861,0.02826,0.02767,0.03686,0.03204,0.02748,0.03207,0.02817,0.02499,0.03647
0.04722,0.04657,0.05912,0.03934,0.04238,0.04891,0.05048,0.05022,0.05844,0.13128,0.04989,0.04346,0.03857,0.03858,0.05218,0.04445,0.04040,0.04085,0.03443,0.04324
0.06440,0.06011,0.04084,0.05433,0.06998,0.04868,0.04324,0.05625,0.04311,0.03775,0.05402,0.03890,0.05158,0.05349,0.06233,0.04069,0.04183,0.04075,0.04048,0.05726
0.07140,0.09085,0.04410,0.04317,0.05980,0.05686,0.03968,0.09880,0.05418,0.03851,0.03912,0.05534,0.04074,0.03986,0.03587,0.04404,0.03017,0.03477,0.03446,0.04827
0.04848,0.04331,0.06033,0.04841,0.03543,0.04460,0.04948,0.05756,0.05252,0.04995,0.04610,0.05486,0.04303,0.05874,0.04163,0.02902,0.07956,0.05470,0.03342,0.06885
0.05917,0.05918,0.04841,0.04648,0.05984,0.06140,0.04763,0.04860,0.03831,0.02724,0.05552,0.04857,0.05107,0.05074,0.06339,0.03186,0.05412,0.04568,0.03403,0.06877
0.03650,0.03721,0.06921,0.03211,0.02972,0.03995,0.03301,0.03972,0.04400,0.29968,0.02960,0.04041,0.02906,0.03783,0.03193,0.02322,0.04146,0.03082,0.02844,0.04611
0.06242,0.05551,0.06504,0.04349,0.04653,0.06504,0.04159,0.07509,0.05978,0.05533,0.04227,0.05232,0.04649,0.04643,0.04513,0.03786,0.03888,0.03630,0.03386,0.05063
0.04994,0.05478,0.04867,0.05607,0.08168,0.05253,0.05508,0.06171,0.05121,0.03147,0.03802,0.03642,0.04724,0.05014,0.04456,0.04733,0.04684,0.04568,0.04301,0.05761
0.07025,0.03894,0.11075,0.05239,0.03137,0.06321,0.03450,0.04408,0.06404,0.02175,0.05111,0.03591,0.04698,0.04812,0.06122,0.03082,0.05335,0.03504,0.02913,0.07704
0.07049,0.05552,0.04585,0.05049,0.06033,0.07305,0.04490,0.07007,0.05276,0.05931,0.02804,0.04348,0.04395,0.04746,0.03334,0.03771,0.04126,0.04214,0.03546,0.06439
0.07464,0.06718,0.04217,0.04312,0.05662,0.05813,0.03930,0.08271,0.05260,0.05470,0.04353,0.04662,0.04658,0.04177,0.03842,0.03501,0.04659,0.03778,0.03312,0.05941
0.06212,0.05824,0.05491,0.04893,0.05204,0.05829,0.06043,0.04921,0.05165,0.04180,0.04346,0.04798,0.04113,0.04399,0.04727,0.03468,0.05227,0.04245,0.04510,0.06405
0.05255,0.04998,0.09205,0.05202,0.04998,0.08912,0.04462,0.04235,0.06039,0.05136,0.02600,0.03951,0.04676,0.05531,0.02616,0.03629,0.04459,0.04278,0.03714,0.06104
0.04340,0.04601,0.06587,0.06595,0.04913,0.04818,0.05676,0.04934,0.06484,0.01596,0.05145,0.05279,0.04726,0.04821,0.05087,0.05638,0.04681,0.04130,0.05278,0.04671
0.05321,0.07371,0.06729,0.04648,0.07342,0.05550,0.05058,0.05694,0.05708,0.03894,0.04589,0.04437,0.03918,0.04582,0.03449,0.04546,0.03301,0.04308,0.03821,0.05734
0.07705,0.05737,0.04877,0.03758,0.08198,0.05604,0.07383,0.04117,0.04083,0.03739,0.03565,0.03225,0.04657,0.04230,0.02895,0.04706,0.05149,0.04079,0.04109,0.08185
0.04667,0.06188,0.04650,0.04148,0.07370,0.04132,0.05295,0.04221,0.03861,0.15657,0.03550,0.04015,0.03998,0.04627,0.02779,0.05102,0.03310,0.04554,0.03488,0.04389
0.05584,0.05992,0.05183,0.04248,0.05268,0.05164,0.04313,0.08704,0.05317,0.10284,0.03374,0.04494,0.04407,0.04910,0.04130,0.03816,0.03384,0.03595,0.03492,0.04342
0.08148,0.05576,0.04664,0.04515,0.05718,0.05529,0.04650,0.04742,0.03455,0.05311,0.04894,0.04467,0.04656,0.04365,0.04132,0.04122,0.05578,0.03893,0.03896,0.07688
0.06518,0.06189,0.05503,0.05133,0.05652,0.05834,0.03863,0.07746,0.05585,0.02858,0.04646,0.04435,0.04447,0.04780,0.05085,0.03946,0.04731,0.03871,0.03799,0.05379
0.05120,0.04913,0.04186,0.04921,0.05104,0.05667,0.04433,0.04862,0.04028,0.02631,0.11262,0.04542,0.04159,0.03956,0.10642,0.03623,0.03951,0.03509,0.03340,0.05151
0.06444,0.07435,0.04261,0.03771,0.04942,0.05519,0.03672,0.07394,0.04786,0.06254,0.06589,0.05047,0.04501,0.03600,0.06759,0.04830,0.03362,0.03177,0.03231,0.04424
0.05361,0.05628,0.04025,0.04081,0.05215,0.04698,0.04407,0.07468,0.04212,0.18175,0.03652,0.03796,0.03467,0.03992,0.03895,0.03406,0.03614,0.03394,0.02797,0.04719
0.02990,0.03200,0.02739,0.02709,0.03051,0.02479,0.02905,0.02869,0.02296,0.13084,0.20986,0.02889,0.02223,0.02550,0.21280,0.02267,0.02606,0.02291,0.01911,0.02674
0.04791,0.04164,0.20052,0.04186,0.03178,0.07881,0.02920,0.04785,0.10835,0.02950,0.02478,0.03023,0.03282,0.04900,0.02407,0.02806,0.03452,0.03461,0.02282,0.06167
0.09205,0.05188,0.05038,0.04082,0.06151,0.06079,0.05192,0.03891,0.03365,0.07490,0.03897,0.03424,0.03745,0.04533,0.03257,0.04009,0.05936,0.03428,0.03831,0.08260
0.06037,0.04377,0.07466,0.05417,0.04343,0.06007,0.04336,0.04661,0.05485,0.05265,0.06107,0.03921,0.04525,0.04687,0.05968,0.03934,0.04692,0.03633,0.03435,0.05702
0.06535,0.06862,0.05218,0.04139,0.06215,0.05180,0.04336,0.07709,0.04983,0.07486,0.04058,0.04075,0.04441,0.04616,0.03381,0.04361,0.04092,0.03554,0.03697,0.05061
0.04835,0.03315,0.05553,0.04956,0.04619,0.04901,0.04570,0.04713,0.04343,0.03273,0.10764,0.03799,0.04230,0.04250,0.10631,0.03124,0.05404,0.04104,0.03527,0.05089
0.04858,0.03180,0.06359,0.03889,0.04222,0.05249,0.04162,0.04609,0.04832,0.20564,0.03039,0.03484,0.03929,0.05437,0.03107,0.03724,0.03607,0.04029,0.03469,0.04253
0.05987,0.05336,0.06454,0.04765,0.06275,0.06477,0.05776,0.05667,0.05849,0.02624,0.04536,0.04583,0.04483,0.04607,0.03739,0.03849,0.05196,0.04004,0.03982,0.05812
0.05466,0.05933,0.05803,0.04874,0.04564,0.05883,0.04642,0.07023,0.05765,0.06397,0.04755,0.04568,0.03948,0.04922,0.05134,0.04023,0.04067,0.03813,0.03637,0.04784
0.06253,0.04924,0.04431,0.05038,0.07310,0.04657,0.04384,0.04089,0.03294,0.02507,0.10392,0.03754,0.04400,0.04933,0.10487,0.04014,0.03559,0.03471,0.03393,0.04709
0.10125,0.03906,0.09578,0.06386,0.03639,0.06977,0.03765,0.04189,0.04757,0.02053,0.03042,0.03545,0.03857,0.05191,0.03513,0.02637,0.07536,0.02709,0.03745,0.08851
0.08220,0.05460,0.05396,0.04718,0.04880,0.07228,0.05358,0.04304,0.03700,0.03531,0.03524,0.03446,0.05071,0.04780,0.03842,0.02531,0.06483,0.03718,0.03329,0.10483
0.06339,0.05674,0.05680,0.05246,0.08262,0.05286,0.05966,0.04811,0.04364,0.03468,0.03540,0.04024,0.04286,0.05149,0.03324,0.04617,0.05099,0.04701,0.03833,0.06331
0.04752,0.05270,0.08078,0.04426,0.04431,0.06150,0.05688,0.05710,0.05697,0.06408,0.03537,0.04315,0.04272,0.04446,0.03156,0.05160,0.03857,0.05024,0.04495,0.05127
0.03879,0.05916,0.05355,0.04172,0.05393,0.06325,0.03431,0.04325,0.04464,0.03525,0.09150,0.04628,0.03990,0.04316,0.10735,0.05473,0.03446,0.03437,0.03396,0.04645
0.04519,0.04526,0.04943,0.04703,0.04650,0.04507,0.04081,0.06177,0.05234,0.02586,0.07859,0.06042,0.04284,0.04924,0.08164,0.03959,0.05760,0.04830,0.03482,0.04771
0.08109,0.03522,0.08257,0.04905,0.03352,0.06109,0.03321,0.03723,0.04553,0.02037,0.07585,0.03521,0.03425,0.04417,0.08445,0.03045,0.06592,0.03444,0.03148,0.08489
0.06795,0.04669,0.08881,0.04988,0.04042,0.06520,0.04863,0.04271,0.05626,0.03225,0.03929,0.04344,0.03819,0.04660,0.04020,0.04731,0.05639,0.04188,0.04178,0.06611
0.05233,0.05948,0.06454,0.05358,0.06394,0.05917,0.04895,0.04844,0.05496,0.04508,0.03584,0.04296,0.04557,0.05474,0.03472,0.04518,0.04172,0.04575,0.04069,0.06234
0.04339,0.03563,0.13892,0.05083,0.03746,0.05680,0.03866,0.04199,0.08747,0.05337,0.05152,0.04011,0.03934,0.04877,0.04506,0.02627,0.04337,0.03531,0.03063,0.05513
0.04623,0.05207,0.08341,0.05029,0.04737,0.06240,0.04513,0.04719,0.06623,0.03754,0.05319,0.04494,0.04723,0.04825,0.04636,0.05592,0.03530,0.03821,0.04411,0.04863
0.06443,0.05397,0.04629,0.05455,0.05040,0.06445,0.04673,0.08392,0.04844,0.09026,0.03192,0.04414,0.04401,0.04830,0.04060,0.03926,0.03263,0.03822,0.03300,0.04448
0.04997,0.06855,0.04747,0.05165,0.06337,0.05433,0.04515,0.06693,0.04277,0.05101,0.03258,0.05329,0.04694,0.05583,0.04007,0.03989,0.03774,0.05181,0.04793,0.05273
0.04513,0.05671,0.04197,0.03586,0.03963,0.04060,0.03110,0.04339,0.03806,0.02451,0.16620,0.03748,0.03367,0.03386,0.16880,0.04339,0.02929,0.02742,0.02458,0.03835
0.09014,0.04096,0.07047,0.05409,0.03351,0.07108,0.03885,0.04660,0.03931,0.06809,0.02949,0.03641,0.04031,0.04270,0.03442,0.03294,0.06119,0.03876,0.03300,0.09771
0.06039,0.05181,0.06587,0.03997,0.04984,0.04833,0.04243,0.04664,0.03981,0.10807,0.04547,0.05095,0.04502,0.04921,0.04149,0.03417,0.04744,0.03838,0.03699,0.05774
0.04611,0.04689,0.03712,0.03679,0.03615,0.04287,0.03605,0.02862,0.03331,0.02169,0.17775,0.03821,0.03096,0.03332,0.18108,0.03610,0.03646,0.02699,0.02977,0.04374
0.06243,0.07486,0.05448,0.03602,0.06727,0.05615,0.04249,0.07406,0.06011,0.04201,0.03798,0.06321,0.04221,0.04277,0.03222,0.03704,0.04049,0.03653,0.04182,0.05585
0.04874,0.03685,0.05373,0.04731,0.04679,0.03860,0.03564,0.05646,0.04137,0.01115,0.15218,0.03525,0.04141,0.03438,0.16547,0.02895,0.03540,0.02984,0.02979,0.03072
0.03638,0.04388,0.08854,0.04024,0.03554,0.04785,0.03769,0.04547,0.06010,0.12166,0.05962,0.04609,0.03451,0.04637,0.05864,0.03290,0.04652,0.03904,0.03252,0.04643
0.05926,0.05481,0.04970,0.04895,0.04761,0.05942,0.04719,0.07734,0.05167,0.03893,0.07390,0.04376,0.04435,0.03620,0.07780,0.03878,0.03250,0.03545,0.03352,0.04887
0.05099,0.05669,0.04099,0.04297,0.05210,0.05209,0.05565,0.05665,0.04066,0.06151,0.05179,0.06008,0.03841,0.05013,0.04817,0.02982,0.06781,0.04814,0.04074,0.05462
0.06513,0.06307,0.04922,0.04107,0.10295,0.05976,0.06282,0.05955,0.02992,0.09309,0.03097,0.03098,0.04011,0.04530,0.02310,0.04054,0.04352,0.03702,0.02526,0.05661
0.05798,0.05898,0.03818,0.03469,0.05008,0.04904,0.03771,0.05323,0.03901,0.02827,0.10752,0.05424,0.04154,0.03865,0.11373,0.03188,0.04121,0.04343,0.02999,0.05064
0.03716,0.04335,0.15497,0.04281,0.04461,0.05815,0.03697,0.04714,0.09078,0.03583,0.02296,0.03774,0.03815,0.05255,0.02871,0.05194,0.03632,0.04248,0.03971,0.05765
0.03117,0.03090,0.17204,0.04908,0.03203,0.06367,0.03835,0.05014,0.11200,0.02407,0.03194,0.03918,0.03259,0.04967,0.03343,0.02398,0.05066,0.05180,0.02959,0.05373
0.04596,0.05224,0.04344,0.03969,0.04892,0.04515,0.03524,0.04356,0.03969,0.01843,0.15427,0.03839,0.03616,0.03682,0.15391,0.03451,0.03085,0.03013,0.02934,0.04328
0.10512,0.02932,0.09495,0.03290,0.02502,0.07109,0.03021,0.03757,0.03870,0.06855,0.02140,0.02977,0.03056,0.04487,0.02440,0.02800,0.09420,0.03372,0.02746,0.13221
0.09470,0.03855,0.06881,0.05229,0.03207,0.08093,0.04291,0.03000,0.03974,0.08542,0.02994,0.03477,0.03731,0.04735,0.02533,0.02657,0.07171,0.02752,0.03802,0.09606
0.07007,0.07151,0.05909,0.04740,0.05408,0.05259,0.05075,0.04462,0.04193,0.04992,0.04842,0.04707,0.04603,0.04942,0.03158,0.04425,0.04274,0.03904,0.04995,0.05956
0.06178,0.03957,0.06847,0.04089,0.03091,0.04705,0.04620,0.04532,0.04426,0.07768,0.05206,0.04522,0.03449,0.05051,0.04645,0.03015,0.08051,0.04959,0.03301,0.07588
0.05887,0.04973,0.05896,0.04237,0.04782,0.06084,0.04453,0.05090,0.03834,0.06405,0.04441,0.05366,0.04047,0.04866,0.04261,0.03502,0.06823,0.04762,0.03351,0.06939
0.05391,0.05620,0.05358,0.05168,0.05372,0.05475,0.05679,0.05229,0.04857,0.02928,0.04399,0.04837,0.04519,0.05296,0.05147,0.05194,0.04217,0.04224,0.04906,0.06185
0.10909,0.03382,0.09796,0.04272,0.03169,0.08091,0.03403,0.03281,0.04176,0.02720,0.02386,0.03052,0.03478,0.04913,0.02817,0.02719,0.08882,0.03025,0.03061,0.12466
0.06124,0.05642,0.06542,0.06223,0.07981,0.05186,0.04666,0.04752,0.04315,0.04952,0.03981,0.03673,0.04793,0.05149,0.03326,0.04235,0.04448,0.04312,0.03978,0.05721
0.06204,0.05408,0.06016,0.05783,0.06473,0.06078,0.04682,0.05597,0.05771,0.02626,0.05139,0.03891,0.05213,0.05082,0.05503,0.03966,0.03969,0.03730,0.03730,0.05139
0.06743,0.07099,0.06060,0.04861,0.05922,0.06379,0.03823,0.08759,0.06181,0.02760,0.03684,0.04859,0.04535,0.04246,0.03872,0.04001,0.03265,0.03577,0.03606,0.05769
0.06170,0.05970,0.05232,0.04777,0.05605,0.05747,0.04020,0.07956,0.04882,0.04842,0.04341,0.04557,0.04670,0.04973,0.04977,0.04525,0.04211,0.03815,0.03529,0.05201
0.04987,0.05215,0.03763,0.03089,0.04897,0.04279,0.03875,0.05094,0.03278,0.20351,0.06334,0.04365,0.03554,0.03464,0.06239,0.03177,0.03414,0.03405,0.02863,0.04360
0.05048,0.05984,0.06120,0.05100,0.05264,0.05280,0.05269,0.04285,0.04702,0.02025,0.05863,0.04888,0.04737,0.05419,0.04704,0.03541,0.06105,0.04669,0.03915,0.07084
0.04263,0.03368,0.06691,0.03576,0.03160,0.04409,0.02761,0.03913,0.04999,0.29531,0.03592,0.02824,0.03374,0.03744,0.03755,0.02791,0.03267,0.03104,0.02423,0.04454
0.04814,0.04487,0.06326,0.05159,0.05045,0.05581,0.04619,0.05014,0.05957,0.06935,0.05745,0.04081,0.04865,0.04923,0.06692,0.03637,0.04226,0.03943,0.03522,0.04430
0.03641,0.04011,0.13375,0.04964,0.03977,0.06082,0.04245,0.05007,0.08458,0.04264,0.04319,0.04462,0.03721,0.04615,0.04154,0.03297,0.04059,0.04258,0.03505,0.05587
0.04383,0.05126,0.04000,0.04214,0.03984,0.04836,0.03741,0.03623,0.03845,0.02249,0.15382,0.03569,0.03929,0.04247,0.15240,0.03525,0.03829,0.03075,0.03096,0.04108
0.04728,0.04734,0.04385,0.03895,0.04127,0.04073,0.03313,0.04047,0.03308,0.01988,0.16635,0.04130,0.03499,0.03541,0.17075,0.03214,0.03596,0.03080,0.02742,0.03889
0.07599,0.09539,0.04359,0.03384,0.05359,0.05647,0.03612,0.09130,0.05403,0.04094,0.05263,0.04957,0.04622,0.04406,0.04253,0.03373,0.03371,0.03268,0.03484,0.04877
0.04238,0.03985,0.06538,0.04912,0.04511,0.04002,0.04185,0.04166,0.04029,0.19083,0.02970,0.04127,0.03447,0.05605,0.02860,0.03758,0.03631,0.04050,0.04698,0.05205
0.05721,0.05203,0.04367,0.05236,0.05043,0.05577,0.05133,0.05106,0.04381,0.02915,0.07591,0.04353,0.04720,0.04302,0.08162,0.04556,0.04355,0.03618,0.04196,0.05465
0.04103,0.04038,0.03883,0.03433,0.03400,0.03917,0.03578,0.03370,0.02986,0.11968,0.14022,0.03870,0.02608,0.03603,0.13953,0.03088,0.03903,0.03219,0.02726,0.04332
0.06682,0.06570,0.04385,0.04355,0.07679,0.05170,0.04601,0.07712,0.04789,0.07238,0.03938,0.04321,0.04736,0.04320,0.03976,0.03702,0.03737,0.03899,0.02955,0.05234
0.07420,0.05335,0.06114,0.04730,0.06328,0.06350,0.04354,0.04944,0.03944,0.04488,0.03254,0.04052,0.05029,0.04568,0.03548,0.03764,0.05608,0.04214,0.03431,0.08525
0.04692,0.05200,0.05919,0.04704,0.04178,0.04418,0.03904,0.03945,0.05057,0.04531,0.11474,0.03471,0.04732,0.03848,0.11983,0.03531,0.03323,0.03698,0.03167,0.04224
0.04963,0.05571,0.05217,0.04886,0.05512,0.04422,0.05302,0.04276,0.04436,0.07210,0.07313,0.04339,0.04690,0.04419,0.06695,0.04279,0.04152,0.04157,0.03297,0.04862
0.03736,0.03868,0.03381,0.02588,0.02998,0.03660,0.03292,0.03834,0.02900,0.38372,0.03276,0.03335,0.02578,0.03240,0.03306,0.02442,0.03987,0.03027,0.02405,0.03775
0.04623,0.04629,0.04723,0.04020,0.04173,0.04044,0.03908,0.05131,0.04304,0.04987,0.11678,0.04403,0.03761,0.03905,0.12250,0.03475,0.03850,0.03748,0.03753,0.04635
0.05662,0.05773,0.04963,0.05096,0.06389,0.05907,0.05745,0.04850,0.04954,0.02075,0.05162,0.04685,0.04636,0.04181,0.04382,0.04488,0.06110,0.04331,0.04680,0.05932
0.05784,0.06012,0.04592,0.04774,0.07557,0.06001,0.05132,0.04314,0.03981,0.02051,0.07151,0.04183,0.04361,0.04700,0.06666,0.03768,0.04705,0.03946,0.03956,0.06365
0.07977,0.03706,0.06473,0.05711,0.03817,0.07713,0.03931,0.05538,0.04319,0.04334,0.04488,0.03431,0.04103,0.05001,0.05304,0.03249,0.06399,0.03139,0.03034,0.08333
0.05976,0.07969,0.05237,0.04068,0.06832,0.05300,0.04342,0.08087,0.05303,0.08605,0.03678,0.04573,0.04247,0.03950,0.03114,0.04126,0.03060,0.03891,0.03007,0.04634
0.03993,0.05223,0.08755,0.04796,0.04249,0.05582,0.04051,0.04101,0.05389,0.06017,0.07006,0.04799,0.04345,0.04699,0.07237,0.03959,0.03807,0.04215,0.03226,0.04551
0.04276,0.03994,0.12963,0.05371,0.04522,0.06073,0.05045,0.05355,0.08826,0.03704,0.03087,0.03919,0.03835,0.05046,0.03739,0.03786,0.03728,0.04015,0.03288,0.05429
0.07190,0.04816,0.05096,0.04651,0.04253,0.06367,0.04761,0.04630,0.04872,0.11878,0.03754,0.03953,0.04248,0.04324,0.03422,0.03660,0.04704,0.03234,0.03986,0.06201
0.07073,0.08313,0.04421,0.03829,0.06105,0.06312,0.03985,0.08949,0.05684,0.03195,0.04559,0.05420,0.04349,0.04070,0.04077,0.03859,0.04014,0.03582,0.02749,0.05454
0.05175,0.04160,0.05651,0.05111,0.04532,0.05321,0.04321,0.05423,0.04865,0.04260,0.07379,0.04448,0.04148,0.04631,0.06669,0.02932,0.06729,0.05291,0.03397,0.05560
0.05217,0.06590,0.04214,0.04393,0.06539,0.05316,0.05459,0.05429,0.03954,0.03669,0.06029,0.04924,0.04549,0.05122,0.05921,0.03458,0.05973,0.04415,0.03079,0.05750
0.04682,0.04958,0.08368,0.05397,0.05923,0.05657,0.06006,0.05219,0.06854,0.02406,0.03565,0.04044,0.04686,0.05167,0.03787,0.04552,0.04348,0.04269,0.05060,0.05055
0.04414,0.04433,0.06097,0.04243,0.04173,0.04471,0.04481,0.06240,0.04797,0.08827,0.03688,0.06312,0.03814,0.05110,0.03609,0.02864,0.07832,0.05799,0.03541,0.05255
0.06632,0.04417,0.06310,0.04599,0.04118,0.07244,0.04462,0.04670,0.04256,0.03673,0.03946,0.04308,0.04444,0.05325,0.04598,0.04269,0.06699,0.04121,0.04018,0.07892
0.05989,0.05908,0.05128,0.04012,0.05651,0.05509,0.05630,0.05183,0.04976,0.10046,0.03701,0.04367,0.04033,0.03865,0.02948,0.04394,0.04380,0.04301,0.03790,0.06190
0.03681,0.03799,0.15125,0.04063,0.03068,0.05672,0.03234,0.04430,0.09566,0.14617,0.01812,0.02938,0.03394,0.05124,0.01630,0.02704,0.02996,0.03845,0.02768,0.05534
0.04072,0.05221,0.06374,0.05359,0.04492,0.04912,0.04982,0.05797,0.05258,0.02409,0.06459,0.05295,0.04183,0.05603,0.06662,0.04092,0.05365,0.04897,0.03464,0.05107
0.06403,0.06049,0.06690,0.05475,0.06203,0.06319,0.03900,0.07082,0.05051,0.02787,0.03623,0.04624,0.04979,0.04875,0.03659,0.04317,0.03677,0.04062,0.04067,0.06160
0.11049,0.04928,0.05989,0.05114,0.04477,0.07148,0.04621,0.04263,0.03925,0.02547,0.02844,0.03431,0.03438,0.04778,0.03121,0.03475,0.07707,0.02809,0.04284,0.10052
0.08120,0.07295,0.04303,0.03104,0.04543,0.05920,0.03413,0.08122,0.05369,0.08258,0.05242,0.05174,0.03970,0.04035,0.04123,0.03188,0.03579,0.03345,0.02927,0.05969
0.08881,0.05925,0.06440,0.04693,0.05357,0.07924,0.03349,0.07593,0.04849,0.03308,0.02590,0.04022,0.04519,0.04620,0.02352,0.03865,0.04991,0.03620,0.02812,0.08287
0.03727,0.03805,0.03792,0.03780,0.03539,0.03410,0.03503,0.02984,0.02822,0.10216,0.16997,0.03057,0.02733,0.03285,0.16084,0.03032,0.03322,0.03483,0.02657,0.03771
0.06750,0.04124,0.14556,0.05181,0.03687,0.06667,0.03659,0.03555,0.07749,0.02780,0.03095,0.03877,0.03347,0.05168,0.02751,0.02757,0.05439,0.03841,0.03613,0.07405
0.05571,0.06969,0.05207,0.05434,0.08202,0.05289,0.04958,0.05097,0.04662,0.02027,0.04421,0.04358,0.05199,0.04910,0.03912,0.04552,0.04759,0.04574,0.04153,0.05747
0.06701,0.05521,0.05014,0.05880,0.07061,0.05664,0.05087,0.05719,0.04813,0.02416,0.03685,0.04358,0.04579,0.04673,0.03889,0.04648,0.04703,0.03822,0.04953,0.06813
0.04738,0.04848,0.05579,0.04543,0.05120,0.04272,0.04114,0.05849,0.04943,0.13283,0.05523,0.04028,0.04175,0.04320,0.05230,0.04136,0.04083,0.04073,0.03172,0.03970
0.05423,0.07251,0.04902,0.03810,0.05442,0.05202,0.04226,0.06350,0.05162,0.09087,0.03776,0.05876,0.04199,0.04589,0.03616,0.03715,0.04331,0.03956,0.04079,0.05007
0.04279,0.04816,0.05907,0.04204,0.05789,0.04172,0.04471,0.05056,0.04426,0.14888,0.03932,0.03429,0.04148,0.05124,0.03923,0.04015,0.03723,0.04658,0.03954,0.05087
0.05339,0.07160,0.04890,0.04576,0.06354,0.05102,0.02942,0.03034,0.03410,0.02052,0.06249,0.04998,0.05923,0.04570,0.09300,0.07648,0.03770,0.02957,0.04000,0.05727
0.04076,0.05018,0.03748,0.03303,0.04169,0.04128,0.03319,0.03962,0.03386,0.30910,0.02683,0.03082,0.03572,0.03726,0.03671,0.04175,0.02768,0.03254,0.03107,0.03940
0.12273,0.02524,0.08621,0.05917,0.03153,0.07077,0.03110,0.02282,0.02801,0.04761,0.03113,0.02637,0.02981,0.04459,0.03291,0.02556,0.09528,0.02331,0.03874,0.12711
0.04991,0.05700,0.05682,0.04507,0.04983,0.04866,0.04357,0.04590,0.04061,0.18448,0.04031,0.03713,0.03750,0.03637,0.03739,0.03424,0.03819,0.03769,0.02891,0.05044
0.04141,0.03954,0.08283,0.05930,0.04383,0.06605,0.04955,0.05929,0.07903,0.05639,0.02902,0.04504,0.03985,0.05156,0.04086,0.05075,0.03548,0.04451,0.03901,0.04667
0.05139,0.05073,0.04734,0.05212,0.05235,0.05941,0.05742,0.06039,0.04890,0.05028,0.04945,0.04197,0.04795,0.05056,0.05528,0.03736,0.04676,0.05055,0.03264,0.05717
0.06633,0.07450,0.06049,0.04095,0.05321,0.05995,0.04173,0.07326,0.05268,0.02457,0.04592,0.04615,0.04781,0.03905,0.04900,0.03908,0.04128,0.04397,0.03737,0.06270
0.05270,0.03674,0.05084,0.04090,0.03793,0.04690,0.04042,0.04335,0.03600,0.24675,0.03409,0.03562,0.03403,0.04374,0.02997,0.03798,0.03971,0.03322,0.03100,0.04811
0.05318,0.04903,0.08564,0.06310,0.06632,0.06352,0.04803,0.04397,0.06462,0.02516,0.04398,0.03632,0.04282,0.04881,0.04801,0.03875,0.04314,0.04244,0.04013,0.05303
0.10128,0.03350,0.08855,0.03825,0.03004,0.07477,0.03573,0.03554,0.04347,0.06313,0.02553,0.02803,0.04043,0.04330,0.02646,0.02911,0.07684,0.02522,0.02769,0.13313
0.05106,0.04435,0.08780,0.07950,0.06976,0.06561,0.04285,0.04433,0.07220,0.00900,0.03822,0.03551,0.04648,0.05431,0.04833,0.04386,0.04013,0.03746,0.04082,0.04841
0.05765,0.04679,0.05483,0.05450,0.05527,0.07319,0.04512,0.04659,0.04656,0.02065,0.07455,0.04094,0.04848,0.04598,0.08196,0.03819,0.04301,0.03558,0.03552,0.05464
0.03811,0.04475,0.03686,0.04141,0.04060,0.03925,0.04126,0.04970,0.03747,0.07442,0.11898,0.05623,0.03369,0.03946,0.12591,0.02617,0.04267,0.04539,0.02890,0.03878
0.06349,0.05899,0.05262,0.05141,0.06395,0.05529,0.05428,0.04278,0.03929,0.02172,0.06217,0.05007,0.04780,0.05248,0.05692,0.03840,0.05238,0.03847,0.04292,0.05457
0.06651,0.07139,0.05041,0.03583,0.04973,0.05511,0.03684,0.06575,0.05087,0.03430,0.07990,0.05433,0.04594,0.03872,0.07681,0.03734,0.03253,0.03311,0.03369,0.05088
0.03655,0.03669,0.03259,0.03214,0.04263,0.03418,0.03891,0.03307,0.03261,0.03956,0.19702,0.03235,0.03565,0.03248,0.18286,0.02987,0.03505,0.03209,0.02862,0.03508
0.05444,0.05228,0.04798,0.04221,0.06689,0.04900,0.04369,0.05587,0.03919,0.13653,0.03955,0.03907,0.04528,0.04350,0.04342,0.04083,0.03960,0.03967,0.03265,0.04836
0.03481,0.04394,0.09221,0.04712,0.03921,0.05479,0.04070,0.05448,0.06962,0.02595,0.05758,0.05166,0.03747,0.05344,0.06417,0.04138,0.05046,0.05531,0.03592,0.04978
0.04826,0.04242,0.13844,0.05817,0.04342,0.06198,0.03646,0.03606,0.07941,0.02935,0.03463,0.03980,0.03960,0.05234,0.04149,0.04168,0.04044,0.03713,0.04049,0.05843
0.03315,0.05457,0.04442,0.04449,0.04834,0.03954,0.03180,0.03082,0.03272,0.04784,0.14056,0.03913,0.03891,0.04311,0.14915,0.04916,0.03756,0.02933,0.02546,0.03995
0.04154,0.04239,0.07338,0.04124,0.04028,0.04869,0.04479,0.05769,0.05009,0.05713,0.07388,0.04415,0.03719,0.04780,0.07684,0.03676,0.05614,0.05487,0.02941,0.04576
0.03059,0.07622,0.07544,0.04638,0.05855,0.05587,0.02955,0.03827,0.05128,0.03182,0.04247,0.05803,0.04717,0.05086,0.06623,0.08002,0.03005,0.03607,0.04873,0.04639
0.06838,0.06441,0.04843,0.04123,0.05223,0.06596,0.04150,0.06680,0.05373,0.03572,0.05592,0.04967,0.05439,0.04364,0.05172,0.03314,0.03738,0.03816,0.03417,0.06341
0.05706,0.04460,0.05290,0.04591,0.04571,0.06107,0.04508,0.04266,0.03730,0.14182,0.04079,0.03658,0.03741,0.04988,0.04122,0.03398,0.05150,0.03738,0.03277,0.06439
0.04062,0.05235,0.05492,0.04554,0.04912,0.04601,0.05737,0.05358,0.04302,0.04978,0.05358,0.05533,0.03808,0.05562,0.04771,0.02952,0.07971,0.05740,0.03359,0.05714
0.12056,0.03571,0.08608,0.04051,0.03507,0.07358,0.03391,0.03197,0.03327,0.02426,0.03016,0.02899,0.03388,0.04900,0.02682,0.02556,0.09175,0.02974,0.03348,0.13570
0.06094,0.07223,0.05981,0.04747,0.05743,0.05530,0.04035,0.08678,0.06015,0.03056,0.04316,0.04916,0.04546,0.04145,0.04252,0.04423,0.03249,0.03742,0.03523,0.05787
0.04525,0.05340,0.05942,0.04561,0.04448,0.05213,0.04495,0.06873,0.04823,0.04478,0.04055,0.06078,0.03949,0.05832,0.04059,0.03757,0.05997,0.05718,0.04200,0.05657
0.05970,0.04368,0.09804,0.05276,0.04637,0.06473,0.04262,0.04699,0.06086,0.01991,0.04199,0.03960,0.04215,0.05206,0.04823,0.04180,0.05413,0.04410,0.03402,0.06628
0.06663,0.06950,0.04738,0.03763,0.04959,0.05231,0.03755,0.09149,0.05480,0.11953,0.03406,0.04878,0.04097,0.03745,0.03005,0.03613,0.03463,0.03947,0.02793,0.04411
0.05277,0.06745,0.05659,0.04703,0.05890,0.06342,0.05156,0.04341,0.05328,0.04053,0.03422,0.05484,0.05024,0.04134,0.04155,0.06449,0.03839,0.04117,0.04898,0.04983
0.03408,0.04010,0.03223,0.03060,0.04198,0.03662,0.03258,0.03244,0.02606,0.31189,0.07195,0.03045,0.02926,0.03393,0.07493,0.02884,0.02851,0.02900,0.02360,0.03096
0.06290,0.06486,0.05532,0.04888,0.06061,0.06038,0.04158,0.08297,0.05564,0.03899,0.03780,0.05167,0.04872,0.04756,0.04104,0.04087,0.03613,0.03862,0.03662,0.04882
0.05692,0.05922,0.10762,0.04323,0.03440,0.06074,0.03701,0.05462,0.07255,0.03600,0.05461,0.05548,0.04851,0.04830,0.03656,0.04001,0.03675,0.03591,0.03255,0.04901
0.08758,0.04899,0.06546,0.03912,0.03492,0.07632,0.03314,0.03964,0.03712,0.04776,0.03725,0.03985,0.04312,0.04231,0.04063,0.03621,0.07149,0.03345,0.03507,0.11060
0.05592,0.06559,0.07537,0.05169,0.04831,0.05306,0.04510,0.03685,0.05363,0.05651,0.05113,0.04427,0.04468,0.04672,0.04847,0.04108,0.04025,0.03946,0.04635,0.05556
0.03593,0.04311,0.10715,0.04473,0.04279,0.05132,0.05394,0.04910,0.07717,0.08004,0.02902,0.04313,0.03763,0.04683,0.03151,0.04559,0.03698,0.04787,0.04453,0.05162
0.10228,0.04322,0.06769,0.04376,0.06632,0.06511,0.04430,0.03504,0.02873,0.02398,0.02938,0.02508,0.04084,0.04414,0.02640,0.04120,0.07650,0.02775,0.03092,0.13735
0.05526,0.05902,0.04252,0.04327,0.05053,0.05738,0.04095,0.04014,0.04028,0.02996,0.10156,0.04311,0.04507,0.03901,0.11368,0.05043,0.03569,0.02962,0.03696,0.04555
0.06549,0.05239,0.06382,0.05566,0.07333,0.06045,0.04784,0.06861,0.04089,0.08717,0.02819,0.03304,0.04328,0.04244,0.02328,0.03970,0.04412,0.03995,0.02676,0.06362
0.07683,0.04103,0.04684,0.05989,0.04549,0.06590,0.05107,0.07189,0.04004,0.02678,0.04059,0.03988,0.04920,0.05370,0.05451,0.03744,0.05371,0.04464,0.03284,0.06771
0.04505,0.04407,0.04816,0.04335,0.03935,0.05028,0.07155,0.05390,0.06268,0.09643,0.03040,0.04544,0.03887,0.03958,0.03086,0.05331,0.04674,0.04770,0.05060,0.06169
0.04713,0.04169,0.05746,0.04596,0.03478,0.04940,0.04037,0.05402,0.04956,0.04965,0.10089,0.04233,0.03466,0.03989,0.10324,0.03231,0.04766,0.04486,0.03378,0.05035
0.06962,0.06466,0.04087,0.04074,0.08598,0.05559,0.04569,0.05707,0.04163,0.03375,0.05150,0.04701,0.04875,0.04679,0.06067,0.04937,0.03882,0.03412,0.03351,0.05386
0.03503,0.04860,0.05709,0.03655,0.04049,0.05070,0.04223,0.06583,0.04784,0.06592,0.05301,0.06177,0.03860,0.05762,0.05512,0.04479,0.05955,0.05718,0.03487,0.04723
0.04444,0.04944,0.06206,0.04448,0.04832,0.05050,0.04443,0.05690,0.05104,0.07046,0.04047,0.05138,0.04114,0.05418,0.04372,0.03848,0.06078,0.05644,0.03677,0.05457
0.05417,0.05528,0.06190,0.04932,0.06187,0.06052,0.05044,0.05771,0.05586,0.02680,0.05165,0.05033,0.04387,0.04599,0.06221,0.04105,0.04514,0.04295,0.03529,0.04768
0.07777,0.07135,0.04983,0.04312,0.06357,0.06971,0.03594,0.08229,0.05186,0.02821,0.04304,0.05125,0.04906,0.03922,0.04671,0.03488,0.03917,0.03498,0.02834,0.05969
0.05504,0.04540,0.04946,0.03096,0.04535,0.04513,0.03706,0.04170,0.03785,0.28599,0.02817,0.03176,0.03000,0.03937,0.02794,0.02888,0.03656,0.02960,0.02602,0.04777
0.04536,0.03904,0.08348,0.04582,0.03340,0.04982,0.04299,0.07299,0.06291,0.06536,0.03050,0.05749,0.03397,0.05473,0.02885,0.03302,0.06987,0.05640,0.03373,0.06027
0.04101,0.04406,0.10763,0.04589,0.03828,0.04964,0.04208,0.05938,0.06655,0.08877,0.03283,0.04752,0.03904,0.05257,0.03125,0.03806,0.04013,0.04425,0.03596,0.05513
0.05556,0.05485,0.06909,0.04475,0.06352,0.06723,0.04439,0.06639,0.05009,0.05665,0.03761,0.05017,0.04526,0.04693,0.03641,0.03827,0.04161,0.04745,0.03261,0.05117
0.06597,0.05504,0.05263,0.05119,0.06264,0.07363,0.05253,0.04489,0.04063,0.05433,0.03765,0.03758,0.04164,0.05067,0.03997,0.04048,0.05237,0.03821,0.03543,0.07252
0.04067,0.05441,0.06580,0.04618,0.06112,0.05693,0.04700,0.04656,0.04927,0.01847,0.05507,0.05391,0.04069,0.04899,0.06771,0.05053,0.05805,0.04879,0.03811,0.05175
0.07322,0.04185,0.05370,0.06564,0.04587,0.06151,0.05222,0.06493,0.04010,0.03905,0.02866,0.04454,0.05011,0.06172,0.04000,0.03227,0.05901,0.04336,0.03797,0.06426
0.05626,0.06934,0.05894,0.05609,0.06892,0.05404,0.04463,0.04999,0.04812,0.01872,0.04944,0.04722,0.05298,0.04641,0.05538,0.04644,0.03997,0.03998,0.04715,0.04998
0.05257,0.05502,0.09015,0.05682,0.04758,0.05846,0.04784,0.04261,0.06544,0.01963,0.05222,0.04637,0.04293,0.04480,0.04997,0.05143,0.04239,0.03417,0.04511,0.05447
0.05624,0.04995,0.05688,0.05195,0.06441,0.04979,0.04557,0.06056,0.04643,0.08189,0.04407,0.03374,0.04206,0.05118,0.05292,0.03798,0.04288,0.04279,0.04004,0.04867
0.05762,0.06394,0.04548,0.05550,0.08682,0.05815,0.04888,0.05248,0.04332,0.03058,0.04234,0.04602,0.04328,0.04948,0.04181,0.06299,0.03707,0.04303,0.04195,0.04927
0.08101,0.04476,0.09545,0.06144,0.05064,0.06149,0.03919,0.04339,0.05616,0.01526,0.03746,0.04289,0.05071,0.05242,0.03295,0.03528,0.05388,0.03522,0.03475,0.07567
0.03914,0.04013,0.07312,0.04741,0.04401,0.04917,0.05031,0.05241,0.05808,0.02315,0.06017,0.05688,0.04176,0.05282,0.05593,0.03425,0.06862,0.05815,0.03951,0.05497
0.07866,0.05761,0.06816,0.05207,0.05277,0.07273,0.04573,0.04444,0.05359,0.02250,0.03284,0.03605,0.05937,0.04079,0.02895,0.03132,0.05304,0.04041,0.03363,0.09533
0.04910,0.03996,0.08855,0.05244,0.03766,0.06188,0.04427,0.05402,0.05859,0.04227,0.04720,0.04348,0.03883,0.05241,0.05017,0.03468,0.05955,0.04778,0.03536,0.06180
0.04718,0.03784,0.21186,0.04313,0.03336,0.07598,0.02832,0.03804,0.11192,0.02727,0.02103,0.02882,0.04002,0.04708,0.02399,0.02448,0.03623,0.03365,0.02206,0.06775
0.05752,0.07161,0.07155,0.04708,0.05580,0.05858,0.04675,0.05342,0.05086,0.03733,0.04080,0.04759,0.05050,0.05253,0.03354,0.03984,0.04012,0.03885,0.03972,0.06600
0.06755,0.06247,0.04703,0.04600,0.07786,0.05162,0.06297,0.04298,0.04283,0.04406,0.04669,0.03672,0.04589,0.04318,0.04462,0.04853,0.04798,0.04179,0.04211,0.05711
0.10677,0.03942,0.07849,0.05442,0.04018,0.06227,0.03949,0.02985,0.02877,0.03173,0.03993,0.03505,0.03203,0.04541,0.04029,0.03093,0.08311,0.03265,0.04256,0.10664
0.13013,0.02919,0.06645,0.05809,0.02671,0.06524,0.03195,0.02686,0.02582,0.04822,0.03596,0.03190,0.02963,0.04898,0.04012,0.02263,0.09233,0.02590,0.04462,0.11927
0.07966,0.03495,0.06260,0.03632,0.03234,0.05795,0.03716,0.03604,0.02995,0.16501,0.03780,0.03278,0.03580,0.04007,0.03673,0.02964,0.06391,0.02917,0.03649,0.08563
0.03802,0.04251,0.13903,0.05183,0.04173,0.06465,0.03940,0.03635,0.09189,0.07208,0.03472,0.03049,0.03477,0.05347,0.03626,0.03275,0.03883,0.03630,0.03542,0.04949
0.04642,0.05625,0.07042,0.04848,0.05152,0.05930,0.04680,0.05538,0.05769,0.05874,0.06030,0.04745,0.04116,0.04372,0.05679,0.04364,0.03358,0.03787,0.03758,0.04693
0.05250,0.05485,0.04940,0.04266,0.04594,0.04702,0.04339,0.04586,0.03828,0.16431,0.03651,0.04483,0.04125,0.04065,0.04666,0.04013,0.03946,0.04024,0.03932,0.04673
0.06159,0.04696,0.05273,0.04686,0.05920,0.05298,0.06846,0.05716,0.06282,0.02989,0.04576,0.04525,0.04358,0.03372,0.05673,0.04822,0.04303,0.03950,0.05008,0.05549
0.04961,0.06761,0.03993,0.03809,0.05939,0.04813,0.04197,0.06126,0.04174,0.11486,0.06207,0.04406,0.04107,0.03941,0.05412,0.04201,0.03178,0.04149,0.03758,0.04381
0.07279,0.06441,0.05100,0.03745,0.06992,0.05998,0.04490,0.07994,0.04352,0.10435,0.02815,0.04304,0.04144,0.04284,0.02771,0.03797,0.03533,0.03333,0.02933,0.05259
0.07805,0.05241,0.06075,0.04837,0.04362,0.09068,0.03746,0.05232,0.04970,0.03973,0.02573,0.03810,0.04856,0.04402,0.03041,0.04085,0.06131,0.03379,0.03284,0.09130
0.05991,0.05318,0.04992,0.04348,0.06362,0.05002,0.06274,0.04860,0.05066,0.06880,0.04317,0.04338,0.04251,0.04313,0.04188,0.04118,0.05176,0.04709,0.03699,0.05798
0.07729,0.08586,0.03130,0.04013,0.08784,0.05287,0.03617,0.10839,0.05465,0.02513,0.03861,0.04924,0.04816,0.04207,0.03640,0.03760,0.03300,0.03392,0.03326,0.04811
0.05380,0.04400,0.04021,0.04232,0.05693,0.04953,0.03876,0.05757,0.04116,0.03366,0.11027,0.04447,0.03902,0.03980,0.11726,0.03390,0.03809,0.03763,0.03509,0.04652
0.07427,0.04859,0.06157,0.05820,0.05483,0.06650,0.04228,0.06165,0.04461,0.03618,0.03993,0.03988,0.04385,0.05006,0.03843,0.03954,0.04779,0.03907,0.03700,0.07575
0.04342,0.05153,0.04741,0.05200,0.04373,0.04940,0.04035,0.04273,0.04655,0.02163,0.11306,0.03996,0.04653,0.04504,0.11938,0.03569,0.04028,0.03614,0.03902,0.04615
0.05230,0.05533,0.05169,0.04922,0.06219,0.06360,0.04755,0.05136,0.04312,0.01647,0.04769,0.05318,0.04071,0.05343,0.04323,0.04020,0.07011,0.04436,0.04440,0.06986
0.03820,0.03547,0.03312,0.03337,0.03476,0.03667,0.03127,0.04357,0.03636,0.37351,0.02391,0.03121,0.03193,0.03986,0.02962,0.02637,0.02728,0.03163,0.02985,0.03202
0.03166,0.05210,0.09545,0.05297,0.05375,0.06486,0.04968,0.05730,0.09042,0.02038,0.02858,0.04570,0.04335,0.04494,0.03425,0.06646,0.02966,0.05038,0.04634,0.04178
0.07888,0.09321,0.04251,0.04269,0.06670,0.05864,0.03758,0.09875,0.06267,0.01759,0.03717,0.05771,0.05023,0.03846,0.03398,0.03593,0.03343,0.03232,0.03308,0.04849
0.05833,0.05955,0.05265,0.04546,0.06406,0.05182,0.05005,0.05324,0.04766,0.10488,0.04543,0.04255,0.04146,0.04197,0.04251,0.03869,0.03425,0.04238,0.03534,0.04773
0.05963,0.05966,0.05012,0.05876,0.08271,0.05580,0.05483,0.06226,0.05240,0.01788,0.03452,0.04500,0.04653,0.05017,0.03595,0.04773,0.03982,0.03921,0.05128,0.05574
0.03521,0.03469,0.17829,0.04755,0.04211,0.06828,0.03686,0.04075,0.10180,0.03114,0.03090,0.03500,0.03817,0.04875,0.03597,0.03343,0.03709,0.03865,0.03023,0.05513
0.06039,0.05189,0.05042,0.05534,0.06869,0.05361,0.04536,0.04574,0.03925,0.01376,0.06408,0.04566,0.04973,0.05340,0.07506,0.04125,0.05041,0.03630,0.04400,0.05567
0.12041,0.03676,0.07544,0.03642,0.03468,0.08896,0.03509,0.03135,0.03307,0.01576,0.03170,0.02693,0.03268,0.04503,0.03360,0.03181,0.08829,0.02646,0.03439,0.14117
0.04558,0.05477,0.05499,0.04571,0.05285,0.05782,0.05183,0.05703,0.05129,0.04650,0.04577,0.05055,0.04870,0.04818,0.05532,0.04788,0.04311,0.04464,0.04515,0.05230
0.06951,0.04091,0.06310,0.04862,0.04765,0.06216,0.04528,0.05525,0.05158,0.05190,0.03403,0.04336,0.04327,0.04836,0.03603,0.03254,0.07060,0.04533,0.03592,0.07460
0.06712,0.04803,0.05991,0.04839,0.05629,0.05500,0.04737,0.04512,0.04236,0.10002,0.03982,0.03839,0.04910,0.04412,0.03456,0.03459,0.05145,0.03210,0.03462,0.07166
0.06037,0.05625,0.07344,0.04420,0.04691,0.05834,0.04379,0.06082,0.05179,0.03387,0.05252,0.04768,0.04455,0.04613,0.05657,0.04301,0.04350,0.04100,0.04014,0.05513
0.04876,0.05366,0.05307,0.04773,0.05745,0.05031,0.04742,0.05484,0.04005,0.04699,0.07813,0.04508,0.04021,0.04623,0.07898,0.03459,0.05050,0.04418,0.03108,0.05074
0.06984,0.04965,0.07290,0.05873,0.04614,0.06239,0.03713,0.03910,0.05002,0.02819,0.06800,0.03962,0.04695,0.04896,0.06280,0.03171,0.05594,0.03323,0.03582,0.06288
0.03463,0.03301,0.04006,0.03483,0.02590,0.03471,0.02820,0.03137,0.03313,0.38012,0.04873,0.02862,0.02849,0.03331,0.04854,0.02250,0.02874,0.02637,0.02209,0.03669
0.04137,0.04838,0.05142,0.03542,0.04624,0.04094,0.04086,0.05418,0.05013,0.23960,0.02809,0.03763,0.03417,0.03961,0.02781,0.03801,0.02816,0.03738,0.03779,0.04281
0.08566,0.05661,0.07258,0.04518,0.04496,0.06895,0.04431,0.03745,0.04424,0.02365,0.03418,0.03926,0.04338,0.04895,0.03547,0.03778,0.06760,0.03583,0.04207,0.09192
0.05557,0.05341,0.07441,0.04925,0.04185,0.06185,0.04182,0.05766,0.04770,0.06596,0.03485,0.05496,0.04176,0.04867,0.03745,0.04234,0.04228,0.04841,0.03996,0.05985
0.04314,0.04017,0.06412,0.05046,0.03852,0.04837,0.04298,0.05456,0.05228,0.07099,0.06851,0.05167,0.04013,0.04899,0.07177,0.02938,0.05648,0.04565,0.03565,0.04616
0.03510,0.03365,0.02965,0.03005,0.02995,0.03376,0.02633,0.03394,0.02783,0.02012,0.23516,0.03046,0.03007,0.02938,0.23941,0.02231,0.03226,0.02670,0.02149,0.03240
0.03105,0.04839,0.03220,0.04019,0.04650,0.04129,0.02997,0.02904,0.02266,0.03522,0.18052,0.03132,0.03403,0.03515,0.20092,0.05142,0.02641,0.02290,0.02475,0.03607
0.06026,0.06959,0.05744,0.04291,0.05679,0.06394,0.03782,0.07670,0.05922,0.04287,0.04370,0.04359,0.04552,0.03850,0.05333,0.04278,0.03647,0.03849,0.04028,0.04980
0.05041,0.06103,0.07664,0.05223,0.05677,0.06067,0.04873,0.05050,0.05754,0.03584,0.04270,0.05179,0.04979,0.04778,0.03342,0.04411,0.04042,0.04475,0.04320,0.05168
0.04432,0.07566,0.03888,0.04438,0.06165,0.05971,0.03704,0.03846,0.02831,0.04595,0.06308,0.04792,0.04959,0.04777,0.09256,0.07672,0.02725,0.03040,0.04448,0.04586
0.04256,0.05017,0.06582,0.04617,0.04358,0.04886,0.04818,0.06957,0.05080,0.01960,0.04098,0.06458,0.03729,0.05810,0.03767,0.03328,0.08464,0.05837,0.03870,0.06111
0.08421,0.05658,0.05699,0.05172,0.05282,0.06767,0.04256,0.04762,0.03718,0.02340,0.04037,0.03854,0.06030,0.04144,0.04486,0.03358,0.05310,0.03532,0.03736,0.09438
0.04633,0.04752,0.05540,0.05000,0.05776,0.04376,0.05415,0.05582,0.04965,0.04395,0.06292,0.04930,0.03415,0.05572,0.06092,0.03413,0.06597,0.04988,0.03285,0.04984
0.10118,0.04660,0.08305,0.04197,0.04376,0.06978,0.04471,0.03948,0.03472,0.02733,0.03087,0.03405,0.03594,0.04655,0.02560,0.03297,0.08095,0.03477,0.03427,0.11145
0.06807,0.05926,0.06059,0.05335,0.04778,0.07587,0.04302,0.07241,0.05565,0.02744,0.03763,0.05066,0.04610,0.04977,0.03787,0.04327,0.03972,0.04074,0.03161,0.05919
0.04187,0.07016,0.05043,0.05350,0.06638,0.05513,0.05214,0.04630,0.04507,0.02544,0.04762,0.05120,0.04499,0.05588,0.05504,0.05227,0.04663,0.04293,0.04399,0.05305
0.05044,0.06452,0.09085,0.04286,0.05709,0.06625,0.04030,0.05818,0.06597,0.02214,0.03823,0.04829,0.04083,0.05046,0.04626,0.05444,0.03004,0.03999,0.04554,0.04732
0.03283,0.03942,0.02050,0.02845,0.03991,0.02861,0.03136,0.03044,0.02373,0.02866,0.24546,0.02735,0.02751,0.02670,0.23868,0.02681,0.02808,0.02623,0.02021,0.02906
0.05260,0.06677,0.06070,0.04816,0.05081,0.05437,0.04038,0.05407,0.05066,0.03639,0.07379,0.04848,0.04778,0.04307,0.07312,0.04370,0.03429,0.03816,0.03422,0.04848
0.06102,0.06314,0.03885,0.04931,0.08335,0.04516,0.04604,0.05139,0.03282,0.04831,0.07115,0.03440,0.04820,0.05070,0.08044,0.03995,0.04390,0.03683,0.03090,0.04415
0.03817,0.02889,0.03565,0.03167,0.02919,0.03917,0.03493,0.02931,0.03193,0.39208,0.03637,0.02607,0.02474,0.02948,0.03632,0.02565,0.03633,0.02774,0.02115,0.04516
0.07209,0.07003,0.07611,0.03901,0.04227,0.06067,0.03336,0.08530,0.06340,0.02630,0.05163,0.06054,0.04571,0.04053,0.04383,0.03583,0.03694,0.03763,0.02927,0.04953
0.05950,0.07519,0.04886,0.04120,0.07589,0.05951,0.04445,0.08333,0.05055,0.05618,0.03501,0.04772,0.04491,0.04470,0.03037,0.03908,0.04117,0.03615,0.03220,0.05404
0.04888,0.05052,0.07015,0.05519,0.05828,0.05559,0.05527,0.05148,0.06169,0.02434,0.03384,0.03837,0.04244,0.04956,0.03665,0.04629,0.05338,0.05352,0.04668,0.06787
0.06253,0.06393,0.07280,0.04847,0.05779,0.07248,0.04832,0.05087,0.05495,0.02277,0.04084,0.04271,0.04890,0.04998,0.03218,0.03390,0.05193,0.03929,0.03920,0.06614
0.06422,0.07395,0.05021,0.04622,0.05982,0.06327,0.04334,0.06581,0.04997,0.05026,0.04483,0.04762,0.05192,0.04459,0.04025,0.03937,0.03343,0.03669,0.03389,0.06036
0.05987,0.05663,0.03835,0.04869,0.10331,0.05374,0.05064,0.05031,0.03179,0.03097,0.06635,0.03781,0.05096,0.04892,0.07866,0.04463,0.03511,0.03593,0.02828,0.04906
0.03804,0.04106,0.09926,0.04203,0.04067,0.05140,0.03570,0.03237,0.05950,0.04157,0.11209,0.03317,0.03609,0.04285,0.12458,0.02790,0.03774,0.03579,0.02820,0.03997
