0.01636,0.03842,0.09252,0.03324,0.04183,0.13782,0.30598,0.02467,0.01292,0.05926,0.01948,0.02358,0.01626,0.04463,0.05776,0.01530,0.02060,0.01303,0.01543,0.01089
0.01313,0.02591,0.19234,0.04038,0.03917,0.03487,0.13502,0.02181,0.01413,0.01281,0.01491,0.01395,0.01719,0.31938,0.01094,0.01871,0.01470,0.00832,0.00591,0.04643
0.05159,0.20125,0.06067,0.02010,0.02879,0.12295,0.03505,0.11887,0.01983,0.05626,0.03880,0.01439,0.01453,0.09090,0.02711,0.00848,0.00757,0.02786,0.03773,0.01728
0.03314,0.08721,0.02119,0.05602,0.26061,0.12385,0.03398,0.03849,0.04374,0.05982,0.01982,0.02068,0.02196,0.04122,0.02788,0.01077,0.02966,0.02801,0.00686,0.03508
0.02043,0.11317,0.01269,0.02417,0.03264,0.02383,0.01597,0.05854,0.13154,0.02057,0.02949,0.35613,0.02282,0.01377,0.06349,0.00682,0.00965,0.01858,0.01044,0.01525
0.00938,0.04292,0.01835,0.03540,0.02263,0.12864,0.04489,0.02929,0.09127,0.01112,0.03193,0.31059,0.01744,0.02473,0.01268,0.02203,0.02187,0.02721,0.00867,0.08898
0.01474,0.02148,0.06515,0.03929,0.04208,0.08994,0.39437,0.02480,0.01521,0.01818,0.00990,0.01820,0.02320,0.08429,0.01455,0.01930,0.02010,0.00862,0.03592,0.04067
0.01440,0.04467,0.15256,0.02891,0.03942,0.03646,0.24414,0.05650,0.01123,0.02921,0.03086,0.00904,0.01537,0.18209,0.01395,0.00822,0.02137,0.00969,0.03318,0.01873
0.01634,0.11338,0.01539,0.02552,0.01518,0.09307,0.00975,0.05935,0.00726,0.03723,0.06861,0.02572,0.01624,0.00797,0.05470,0.33113,0.00951,0.00852,0.07836,0.00674
0.02398,0.02909,0.14476,0.06897,0.08018,0.06228,0.10451,0.03453,0.03086,0.01832,0.01604,0.02046,0.01939,0.26142,0.01589,0.01150,0.01151,0.00769,0.02858,0.01004
0.03960,0.02122,0.28494,0.01705,0.02595,0.04039,0.02217,0.02684,0.04561,0.01152,0.09173,0.01444,0.02555,0.01476,0.23145,0.04580,0.00864,0.01072,0.00888,0.01274
0.01956,0.04867,0.11676,0.10010,0.04891,0.15843,0.11091,0.03588,0.02392,0.02054,0.02618,0.02370,0.04397,0.08347,0.00939,0.00739,0.06873,0.01530,0.02040,0.01777
0.03242,0.26418,0.01593,0.02792,0.03347,0.01627,0.03161,0.06461,0.05071,0.01780,0.02334,0.06410,0.01933,0.01460,0.23800,0.03460,0.01098,0.01051,0.01562,0.01399
0.02877,0.26355,0.08314,0.01117,0.03239,0.01709,0.07300,0.01284,0.02097,0.20070,0.01783,0.02738,0.03526,0.01472,0.04361,0.06164,0.01110,0.00693,0.02157,0.01634
0.35955,0.03708,0.02140,0.01983,0.03617,0.01349,0.01295,0.05128,0.03244,0.04121,0.08640,0.01207,0.02390,0.01416,0.07523,0.01107,0.01322,0.01098,0.00952,0.11804
0.00747,0.02506,0.02118,0.01684,0.15782,0.13888,0.01929,0.01065,0.06114,0.01614,0.00926,0.35681,0.01597,0.01326,0.06680,0.02082,0.00924,0.00855,0.00586,0.01897
0.03451,0.02983,0.35720,0.02125,0.03255,0.05002,0.00942,0.01506,0.01800,0.01714,0.01169,0.01903,0.08102,0.01174,0.17880,0.01607,0.01860,0.01188,0.00998,0.05621
0.31569,0.13763,0.04360,0.03405,0.02072,0.01754,0.01789,0.02085,0.10648,0.06276,0.01966,0.00988,0.01003,0.05579,0.04797,0.01111,0.02009,0.01614,0.00786,0.02425
0.13923,0.04735,0.03600,0.03679,0.12538,0.04321,0.02732,0.03479,0.00954,0.10098,0.01852,0.02161,0.16541,0.02537,0.00937,0.01240,0.03962,0.04193,0.03741,0.02779
0.03929,0.22059,0.03015,0.01728,0.03998,0.06730,0.17832,0.03021,0.02385,0.08988,0.01543,0.02001,0.01734,0.05907,0.02738,0.02281,0.01352,0.00990,0.06074,0.01694
0.00916,0.02366,0.15445,0.04449,0.03284,0.04510,0.19927,0.12233,0.01061,0.02161,0.05558,0.03715,0.03011,0.01337,0.02405,0.03761,0.01716,0.00680,0.03036,0.08432
0.02074,0.08861,0.02664,0.06380,0.09210,0.09727,0.03262,0.01767,0.01314,0.16399,0.02514,0.02517,0.03255,0.05418,0.02372,0.05286,0.03567,0.02142,0.06518,0.04753
0.02086,0.03645,0.20418,0.02266,0.08015,0.03872,0.07592,0.02698,0.02320,0.02921,0.01399,0.03085,0.02132,0.16757,0.02049,0.04799,0.03753,0.04004,0.03036,0.03153
0.03104,0.03798,0.01250,0.02325,0.13004,0.07899,0.14165,0.09343,0.11641,0.01175,0.03045,0.07471,0.06231,0.01663,0.00715,0.00846,0.01157,0.02217,0.00593,0.08358
0.02911,0.09898,0.03251,0.16161,0.03132,0.01165,0.11585,0.04639,0.04634,0.02062,0.23437,0.06834,0.02339,0.01338,0.01274,0.00760,0.01285,0.00822,0.00816,0.01657
0.04280,0.02476,0.12823,0.06850,0.02506,0.04722,0.04620,0.03303,0.04006,0.01452,0.03440,0.03320,0.02688,0.02191,0.24281,0.01798,0.06361,0.02444,0.01299,0.05140
0.05929,0.02396,0.11105,0.03004,0.03583,0.18951,0.01473,0.02567,0.03275,0.01236,0.02476,0.03175,0.09269,0.01703,0.19058,0.01445,0.02589,0.01544,0.02540,0.02683
0.03484,0.16892,0.10784,0.04077,0.03554,0.04263,0.02537,0.08100,0.01573,0.03198,0.04063,0.03357,0.06169,0.03208,0.10912,0.01223,0.02774,0.01273,0.04117,0.04443
0.09080,0.03082,0.20580,0.10664,0.03979,0.03090,0.01187,0.01424,0.02697,0.02013,0.02234,0.08852,0.13990,0.02242,0.09651,0.00667,0.00771,0.01668,0.01402,0.00727
0.03331,0.03659,0.01765,0.38257,0.04548,0.09132,0.01753,0.01698,0.03217,0.02402,0.01993,0.01354,0.01395,0.02503,0.09808,0.06115,0.01095,0.02748,0.00839,0.02388
0.01269,0.04153,0.02665,0.36487,0.07621,0.22242,0.04552,0.01247,0.01406,0.02130,0.00765,0.01234,0.01482,0.06772,0.01377,0.01406,0.00745,0.00504,0.00877,0.01065
0.13612,0.02054,0.02171,0.03286,0.03545,0.02162,0.05809,0.04468,0.21671,0.01696,0.04902,0.01414,0.01091,0.03210,0.02215,0.01768,0.01200,0.00622,0.03790,0.19313
0.04835,0.20973,0.06450,0.01784,0.04405,0.02275,0.10991,0.06298,0.02043,0.10800,0.09732,0.01392,0.03536,0.01592,0.03150,0.02860,0.02048,0.01518,0.01115,0.02204
0.03064,0.06409,0.02481,0.06852,0.08890,0.32539,0.02798,0.01408,0.03426,0.02995,0.00961,0.04012,0.03739,0.03374,0.01138,0.02562,0.02665,0.01151,0.00887,0.08649
0.02639,0.08407,0.01283,0.10174,0.07510,0.37080,0.07569,0.03308,0.02441,0.03476,0.01528,0.01836,0.02121,0.01562,0.00886,0.01402,0.01947,0.01077,0.00671,0.03082
0.10582,0.30829,0.01961,0.03134,0.05287,0.02858,0.05607,0.03811,0.01894,0.08362,0.01842,0.01427,0.01636,0.02209,0.05567,0.05361,0.01318,0.02057,0.02674,0.01584
0.04951,0.01950,0.02110,0.01809,0.09293,0.01239,0.04712,0.06073,0.25687,0.02683,0.28330,0.01420,0.01556,0.02099,0.01131,0.00997,0.01523,0.00888,0.00736,0.00813
0.03608,0.23883,0.04671,0.01562,0.05390,0.02766,0.23240,0.06466,0.02708,0.12865,0.00964,0.00839,0.01475,0.01151,0.01007,0.00996,0.02889,0.00836,0.00609,0.02076
0.01332,0.05634,0.17008,0.05060,0.03188,0.12078,0.03263,0.05483,0.02082,0.02276,0.01779,0.02713,0.01570,0.02730,0.12257,0.02848,0.08050,0.02085,0.01284,0.07280
0.13980,0.09723,0.03640,0.01968,0.06864,0.02299,0.01636,0.09760,0.12541,0.11181,0.03061,0.03805,0.02074,0.03860,0.05880,0.01483,0.01603,0.01080,0.01687,0.01873
0.01618,0.00933,0.02849,0.03126,0.06981,0.17238,0.02575,0.02193,0.19493,0.00908,0.01301,0.23626,0.01635,0.00953,0.02864,0.01515,0.02707,0.04729,0.00822,0.01933
0.02340,0.05584,0.03367,0.05595,0.02945,0.05947,0.05761,0.07835,0.02361,0.01702,0.28779,0.04039,0.03047,0.06969,0.00875,0.01026,0.04003,0.01456,0.02037,0.04333
0.03042,0.13282,0.01320,0.15965,0.06845,0.04378,0.04154,0.14741,0.03761,0.01821,0.01980,0.13119,0.01886,0.02557,0.00845,0.01633,0.03112,0.01123,0.01205,0.03232
0.24818,0.04983,0.01671,0.03593,0.05288,0.01090,0.01759,0.06523,0.07148,0.15288,0.09477,0.02038,0.02501,0.06691,0.01750,0.00770,0.01039,0.01420,0.01102,0.01052
0.01156,0.04232,0.07217,0.01117,0.06324,0.00945,0.04270,0.00874,0.14267,0.00982,0.01059,0.47006,0.01910,0.03340,0.00823,0.00731,0.00635,0.00484,0.00910,0.01718
0.03230,0.02996,0.03281,0.02926,0.02866,0.03912,0.03380,0.16611,0.09831,0.01441,0.20506,0.01836,0.03293,0.01938,0.02172,0.03025,0.02695,0.01136,0.01119,0.11807
0.01348,0.02188,0.27365,0.02173,0.01956,0.04891,0.07984,0.06994,0.01643,0.01453,0.02838,0.03259,0.02363,0.23530,0.01240,0.00820,0.00976,0.02627,0.03519,0.00833
0.22382,0.03849,0.01627,0.06054,0.07902,0.03412,0.02718,0.04858,0.22174,0.04031,0.04097,0.01300,0.01229,0.02580,0.01795,0.01784,0.02121,0.02499,0.01043,0.02547
0.03366,0.05961,0.10400,0.02733,0.04752,0.16037,0.03992,0.03116,0.02969,0.05963,0.01528,0.03753,0.03037,0.08577,0.02725,0.07226,0.04236,0.02484,0.05205,0.01938
0.01529,0.04118,0.06067,0.03786,0.14033,0.03491,0.09049,0.03609,0.08671,0.01510,0.02040,0.16625,0.05208,0.07697,0.01149,0.02481,0.02363,0.01378,0.00788,0.04406
0.01922,0.02536,0.09649,0.06653,0.04767,0.08245,0.07264,0.05767,0.01994,0.01291,0.04809,0.03233,0.04279,0.03028,0.06797,0.14544,0.04060,0.00741,0.05411,0.03009
0.01727,0.02526,0.14455,0.01605,0.02827,0.05093,0.09841,0.01539,0.01359,0.02411,0.02345,0.02209,0.05147,0.32746,0.02075,0.02818,0.04058,0.01235,0.00870,0.03115
0.29794,0.03186,0.02737,0.02344,0.02531,0.01223,0.04298,0.18372,0.02328,0.03968,0.05851,0.01313,0.01189,0.10439,0.01966,0.01612,0.01561,0.00821,0.02204,0.02264
0.01566,0.03718,0.11104,0.02783,0.04363,0.03588,0.04383,0.04137,0.01455,0.03441,0.02066,0.02099,0.01350,0.40585,0.01119,0.03389,0.01352,0.02199,0.03744,0.01560
0.04348,0.16679,0.05532,0.05927,0.06773,0.03433,0.11010,0.04251,0.01693,0.12956,0.01901,0.02183,0.01844,0.03962,0.04430,0.00781,0.02243,0.01637,0.04587,0.03829
0.03537,0.18151,0.02178,0.05150,0.01774,0.02032,0.01176,0.02112,0.02168,0.02972,0.01741,0.09215,0.09000,0.02077,0.00790,0.01529,0.12358,0.01267,0.00617,0.20156
0.03119,0.02649,0.05063,0.03919,0.23540,0.02741,0.05023,0.03905,0.02588,0.10987,0.02503,0.02057,0.06192,0.07090,0.01650,0.02857,0.04828,0.02072,0.02640,0.04577
0.06217,0.02459,0.12991,0.04577,0.06787,0.06244,0.02182,0.02593,0.03114,0.03209,0.01927,0.05182,0.21908,0.03619,0.06664,0.02274,0.02061,0.00766,0.03584,0.01641
0.05947,0.05444,0.05456,0.12562,0.02440,0.02173,0.02197,0.04404,0.02929,0.02021,0.35995,0.01636,0.03936,0.01927,0.03445,0.01429,0.00881,0.00932,0.01922,0.02324
0.01322,0.01685,0.21501,0.01903,0.11041,0.02458,0.04102,0.02563,0.12087,0.01102,0.01570,0.12091,0.01904,0.16327,0.01741,0.01244,0.00736,0.01141,0.02496,0.00986
0.00971,0.03667,0.01656,0.24510,0.05457,0.41750,0.02704,0.05742,0.01313,0.01917,0.01512,0.00932,0.01254,0.01462,0.01206,0.00682,0.00777,0.00935,0.00657,0.00894
0.02249,0.06022,0.02664,0.03526,0.28370,0.02160,0.01878,0.03334,0.01419,0.14013,0.02969,0.01851,0.04040,0.01729,0.07818,0.04891,0.04373,0.01721,0.01881,0.03091
0.01154,0.15256,0.01132,0.04799,0.02148,0.06308,0.01487,0.06189,0.01458,0.01409,0.06463,0.11741,0.03795,0.01109,0.26702,0.04354,0.01032,0.01035,0.01658,0.00770
0.02642,0.01954,0.01570,0.17078,0.04402,0.04117,0.02841,0.06738,0.03119,0.01482,0.37414,0.03590,0.01886,0.01453,0.02096,0.04398,0.00710,0.00680,0.01161,0.00671
0.06138,0.10738,0.02341,0.07644,0.06321,0.16358,0.02358,0.02917,0.04898,0.02222,0.01205,0.01682,0.19137,0.03488,0.02052,0.01761,0.02349,0.01821,0.00862,0.03708
0.03988,0.03647,0.01515,0.16978,0.04802,0.01595,0.03275,0.24886,0.07070,0.01466,0.07729,0.04288,0.02421,0.07894,0.00946,0.01164,0.01811,0.00728,0.01144,0.02653
0.02651,0.02495,0.23761,0.01438,0.09208,0.02574,0.05217,0.16314,0.01707,0.04737,0.01975,0.01873,0.03418,0.00940,0.11593,0.01892,0.02490,0.02602,0.00718,0.02397
0.04171,0.17972,0.02384,0.02098,0.04037,0.01785,0.04998,0.07086,0.15677,0.06030,0.05234,0.03826,0.01347,0.08485,0.04384,0.02088,0.01370,0.04883,0.01391,0.00755
0.02116,0.02044,0.05118,0.03694,0.05186,0.14519,0.04373,0.11521,0.01789,0.02323,0.01974,0.01894,0.02248,0.30425,0.00772,0.00947,0.01939,0.01432,0.04666,0.01018
0.07953,0.29579,0.06564,0.01551,0.01737,0.02162,0.05219,0.02079,0.01432,0.20774,0.01668,0.00765,0.01359,0.08403,0.02045,0.01540,0.01262,0.01307,0.00929,0.01672
0.01569,0.14205,0.01644,0.13582,0.05725,0.01749,0.03585,0.20868,0.03049,0.02525,0.09146,0.05716,0.01343,0.01759,0.00995,0.01035,0.03980,0.01015,0.01522,0.04988
0.01880,0.05240,0.05326,0.02567,0.03995,0.10376,0.10542,0.14082,0.03620,0.02013,0.04961,0.21243,0.03083,0.03869,0.00777,0.01153,0.01045,0.02181,0.00933,0.01115
0.18792,0.07735,0.02207,0.02435,0.03285,0.03107,0.01389,0.08619,0.07135,0.06380,0.10003,0.01565,0.00908,0.11849,0.04612,0.01182,0.00837,0.04095,0.02628,0.01236
0.03697,0.01711,0.11948,0.17295,0.01420,0.24048,0.00876,0.01319,0.01842,0.00583,0.00783,0.01000,0.01894,0.01814,0.01257,0.00622,0.01397,0.00367,0.04273,0.21852
0.04281,0.12048,0.02098,0.05028,0.03387,0.03919,0.01685,0.03451,0.01921,0.01769,0.02704,0.13335,0.11066,0.01279,0.05446,0.16460,0.01356,0.01034,0.04900,0.02832
0.02479,0.02237,0.28321,0.04280,0.03919,0.02759,0.01876,0.05372,0.03367,0.01666,0.07503,0.09610,0.05507,0.03442,0.03649,0.02132,0.03347,0.02892,0.01875,0.03767
0.11128,0.04055,0.01955,0.03095,0.04021,0.02509,0.02504,0.04061,0.25528,0.01352,0.03410,0.01850,0.01932,0.02261,0.02066,0.01472,0.01800,0.00953,0.03279,0.20769
0.02244,0.02705,0.07745,0.02716,0.02960,0.19053,0.32862,0.02068,0.01870,0.02472,0.01144,0.03316,0.03032,0.06346,0.00507,0.01136,0.02249,0.00714,0.02530,0.02332
0.04231,0.03818,0.15068,0.03749,0.03655,0.07470,0.03049,0.11662,0.02012,0.02574,0.04116,0.01166,0.05403,0.01915,0.21539,0.01239,0.03282,0.01822,0.00803,0.01426
0.03970,0.18359,0.03021,0.02864,0.04275,0.17771,0.10983,0.05735,0.01291,0.09692,0.03993,0.01379,0.02165,0.01926,0.03015,0.03433,0.01536,0.02247,0.01025,0.01320
0.02965,0.11726,0.02894,0.02133,0.05744,0.02931,0.03811,0.03143,0.02109,0.05276,0.01331,0.03708,0.02586,0.01269,0.12370,0.29923,0.01104,0.00817,0.01851,0.02309
0.02839,0.03961,0.05495,0.02298,0.15131,0.01208,0.01746,0.12847,0.06851,0.13657,0.06697,0.05959,0.06687,0.02912,0.03236,0.02826,0.02070,0.01083,0.01589,0.00908
0.01127,0.05042,0.02611,0.22336,0.05723,0.29600,0.05321,0.05558,0.02506,0.01548,0.01136,0.04755,0.01094,0.02912,0.01144,0.00697,0.01434,0.01395,0.00768,0.03293
0.04015,0.03154,0.01922,0.03510,0.02810,0.06266,0.01929,0.03595,0.04292,0.01606,0.03261,0.05053,0.01995,0.03960,0.16817,0.08237,0.01134,0.02444,0.22901,0.01100
0.09246,0.01709,0.09841,0.04694,0.03488,0.05177,0.01662,0.02849,0.03159,0.01264,0.03757,0.07410,0.20167,0.01038,0.16219,0.02240,0.02409,0.00771,0.01074,0.01827
0.19193,0.01601,0.03418,0.01597,0.03684,0.01759,0.02705,0.01183,0.03720,0.11941,0.02275,0.01365,0.20777,0.01301,0.01315,0.00624,0.01597,0.17744,0.00396,0.01804
0.05464,0.21845,0.01351,0.03632,0.05235,0.10543,0.05735,0.05862,0.01682,0.23880,0.02490,0.00864,0.01373,0.01893,0.00950,0.01507,0.00864,0.03220,0.00602,0.01007
0.05724,0.03997,0.05385,0.05452,0.07003,0.13918,0.01381,0.03371,0.02359,0.11343,0.02285,0.02937,0.17997,0.04800,0.02497,0.01565,0.00957,0.04396,0.01704,0.00928
0.18672,0.04770,0.03631,0.07412,0.04478,0.02935,0.06994,0.06159,0.15262,0.02765,0.06245,0.01906,0.01681,0.08323,0.01305,0.01032,0.01518,0.01241,0.01479,0.02194
0.02277,0.04956,0.01759,0.04965,0.01346,0.16890,0.03219,0.01425,0.10537,0.01358,0.03247,0.29171,0.01919,0.03924,0.01732,0.04465,0.01733,0.03278,0.00529,0.01267
0.05238,0.16466,0.01403,0.02376,0.01503,0.03398,0.01951,0.03587,0.16073,0.02142,0.07214,0.24740,0.02338,0.03274,0.01137,0.01125,0.00863,0.03297,0.00646,0.01227
0.05068,0.05091,0.01927,0.02258,0.07981,0.02408,0.03405,0.03687,0.05892,0.18595,0.02467,0.05827,0.12237,0.03508,0.01071,0.02379,0.02032,0.10815,0.02077,0.01276
0.02066,0.05220,0.00744,0.30672,0.02234,0.03936,0.01111,0.03657,0.02870,0.00980,0.23269,0.04966,0.05052,0.01277,0.00476,0.00794,0.02116,0.00900,0.00939,0.06723
0.02261,0.06987,0.01589,0.19558,0.05567,0.33582,0.03239,0.02450,0.01726,0.02912,0.00865,0.00830,0.01736,0.05208,0.00519,0.00688,0.03138,0.00713,0.00722,0.05710
0.12242,0.03891,0.02024,0.01487,0.03920,0.01671,0.03644,0.03052,0.04695,0.02626,0.04724,0.03509,0.22744,0.03004,0.02248,0.10952,0.05392,0.02414,0.01315,0.04447
0.01447,0.03139,0.03632,0.02682,0.17146,0.05864,0.07083,0.02021,0.17456,0.01499,0.01177,0.17936,0.03092,0.04646,0.01340,0.02598,0.01931,0.01353,0.00899,0.03062
0.03489,0.06063,0.02665,0.14498,0.05307,0.02232,0.02753,0.05556,0.03310,0.02581,0.30047,0.03801,0.06865,0.02210,0.01468,0.01506,0.01773,0.01033,0.01282,0.01560
0.01399,0.02163,0.04484,0.02232,0.04177,0.01415,0.17093,0.17715,0.01324,0.04139,0.03057,0.00865,0.00771,0.01590,0.21259,0.00898,0.01328,0.00949,0.00906,0.12235
0.12005,0.04199,0.03859,0.04932,0.02783,0.01977,0.01443,0.05562,0.11358,0.02378,0.10666,0.02039,0.02120,0.05914,0.02069,0.00644,0.04942,0.00940,0.01775,0.18396
0.01538,0.07434,0.00905,0.07534,0.08936,0.01370,0.01979,0.09072,0.00831,0.08281,0.02707,0.01564,0.03516,0.01110,0.27098,0.10600,0.02224,0.00756,0.00979,0.01564
