0.00405,0.22628,0.40974,0.00377,0.00869,0.01194,0.10181,0.00248,0.07860,0.02578,0.00243,0.01571,0.10357,0.00515
0.04264,0.13382,0.20819,0.00767,0.08588,0.02168,0.06643,0.00297,0.35602,0.01605,0.00330,0.02200,0.01977,0.01358
0.00416,0.27823,0.30923,0.00331,0.01283,0.16586,0.04586,0.00363,0.05120,0.01526,0.00248,0.00911,0.07321,0.02563
0.00832,0.30650,0.25233,0.01539,0.31196,0.02825,0.00506,0.00944,0.01475,0.00398,0.00498,0.00766,0.01208,0.01930
0.00260,0.01692,0.02745,0.01447,0.00308,0.29352,0.00451,0.00592,0.06344,0.00513,0.00484,0.00140,0.03094,0.52580
0.05210,0.21101,0.05716,0.20499,0.39432,0.01327,0.00245,0.00683,0.01166,0.00379,0.00740,0.00976,0.01170,0.01357
0.01139,0.28842,0.37517,0.00550,0.01664,0.01982,0.01023,0.00416,0.05017,0.00768,0.00398,0.02732,0.17034,0.00918
0.00338,0.27838,0.34081,0.00756,0.00780,0.01456,0.01177,0.00555,0.22673,0.00831,0.00318,0.00395,0.07938,0.00865
0.00489,0.15202,0.03211,0.00439,0.24149,0.02831,0.30772,0.04128,0.09292,0.00387,0.00345,0.03579,0.04037,0.01139
0.00968,0.24825,0.17100,0.00583,0.00770,0.13962,0.03026,0.00666,0.08969,0.20828,0.00710,0.00676,0.05906,0.01011
0.01885,0.02186,0.01873,0.23247,0.03686,0.02555,0.05373,0.00517,0.09447,0.01047,0.18308,0.27044,0.02253,0.00579
0.00530,0.37378,0.45624,0.00489,0.01085,0.00969,0.03591,0.04440,0.01329,0.01099,0.00155,0.00434,0.01679,0.01198
0.00139,0.41584,0.45601,0.00194,0.00370,0.00384,0.05281,0.00471,0.01904,0.00293,0.00119,0.00563,0.02680,0.00417
0.06027,0.27786,0.18830,0.08921,0.04731,0.01574,0.04777,0.00382,0.21863,0.01249,0.01868,0.00483,0.01037,0.00472
0.01282,0.29827,0.13813,0.00454,0.01548,0.03478,0.01247,0.00439,0.13490,0.00902,0.00228,0.14924,0.17353,0.01014
0.00573,0.36534,0.15322,0.00287,0.00441,0.13184,0.01706,0.20043,0.00814,0.00513,0.00286,0.01461,0.07115,0.01721
0.36808,0.06417,0.05006,0.00220,0.00135,0.01226,0.00144,0.00225,0.00385,0.46003,0.00113,0.00369,0.00360,0.02589
0.00286,0.49362,0.16563,0.00210,0.01395,0.01134,0.05160,0.00695,0.18387,0.00350,0.00107,0.00569,0.05389,0.00393
0.02207,0.22211,0.04901,0.00928,0.20583,0.02519,0.06141,0.00999,0.05675,0.04630,0.00510,0.00787,0.07964,0.19944
0.00401,0.26399,0.27700,0.00359,0.20181,0.03921,0.03294,0.00967,0.12946,0.00660,0.00094,0.00430,0.01466,0.01183
0.00841,0.38839,0.16722,0.00415,0.00608,0.01210,0.00631,0.00195,0.13277,0.00394,0.00166,0.02992,0.23144,0.00565
0.01016,0.07974,0.26701,0.00257,0.09163,0.18854,0.02464,0.04010,0.01427,0.00826,0.00242,0.00416,0.16740,0.09913
0.00535,0.36842,0.37644,0.00377,0.00709,0.03657,0.00699,0.03250,0.05517,0.00528,0.00189,0.01540,0.07091,0.01422
0.08619,0.06350,0.02502,0.00642,0.03615,0.04988,0.00884,0.30779,0.22472,0.01382,0.00364,0.06026,0.04546,0.06831
0.00421,0.11458,0.14188,0.00611,0.00320,0.00523,0.00656,0.00208,0.36356,0.00562,0.00360,0.01795,0.31819,0.00723
0.00278,0.43200,0.30733,0.00170,0.00350,0.00420,0.00303,0.00456,0.11324,0.00260,0.00163,0.00950,0.10401,0.00992
0.00937,0.28056,0.21640,0.00352,0.01299,0.01329,0.04207,0.11080,0.24356,0.00811,0.00245,0.01953,0.01560,0.02175
0.00734,0.17861,0.40335,0.00374,0.00673,0.01862,0.00781,0.00360,0.21635,0.00737,0.00375,0.01987,0.10800,0.01486
0.00112,0.08290,0.02269,0.00548,0.36149,0.09644,0.37712,0.00342,0.01487,0.00167,0.00144,0.00906,0.01434,0.00796
0.10115,0.03560,0.02208,0.01038,0.00604,0.06085,0.00287,0.19928,0.00526,0.00410,0.00345,0.00819,0.53147,0.00929
0.01897,0.10201,0.14451,0.00387,0.00463,0.00338,0.00594,0.43520,0.00257,0.01633,0.00181,0.00390,0.24667,0.01021
0.03300,0.20656,0.34373,0.00676,0.03587,0.05856,0.01929,0.01155,0.10384,0.01691,0.00343,0.00807,0.09916,0.05326
0.00350,0.26901,0.41509,0.00283,0.00601,0.01265,0.12751,0.01836,0.04965,0.01673,0.00242,0.00632,0.06324,0.00669
0.00395,0.16725,0.22346,0.00340,0.00552,0.05074,0.35288,0.01564,0.03858,0.04537,0.00168,0.00433,0.04201,0.04520
0.00727,0.23692,0.51520,0.00596,0.00572,0.01225,0.02516,0.00289,0.04320,0.03340,0.00212,0.01457,0.08183,0.01351
0.13108,0.05074,0.08193,0.14991,0.38885,0.01205,0.00313,0.00668,0.02610,0.00408,0.07676,0.00806,0.05279,0.00787
0.07153,0.12971,0.13219,0.31432,0.03150,0.03361,0.02737,0.00642,0.02202,0.09282,0.06868,0.04514,0.01345,0.01124
0.00593,0.02736,0.05926,0.15539,0.00425,0.08839,0.00462,0.00404,0.25411,0.00451,0.01035,0.00457,0.24700,0.13023
0.08661,0.02287,0.03068,0.23915,0.06096,0.02098,0.01246,0.19640,0.00710,0.01500,0.01710,0.01287,0.25515,0.02266
0.00534,0.06637,0.01411,0.00649,0.27976,0.04414,0.30750,0.01038,0.03656,0.01338,0.00241,0.00790,0.19415,0.01152
0.00205,0.08004,0.01955,0.00327,0.00143,0.00431,0.00233,0.00130,0.52457,0.00286,0.00160,0.00406,0.34805,0.00458
0.03319,0.17356,0.06404,0.00507,0.03006,0.12214,0.01474,0.01658,0.11941,0.01019,0.00358,0.17932,0.18267,0.04546
0.00454,0.05892,0.01231,0.00458,0.00336,0.01776,0.00791,0.66816,0.18987,0.01496,0.00230,0.00618,0.00395,0.00519
0.02646,0.28988,0.20293,0.11852,0.01591,0.10969,0.02989,0.00627,0.01241,0.08154,0.00388,0.03054,0.00888,0.06319
0.01474,0.01695,0.03987,0.00572,0.07144,0.00581,0.09783,0.00346,0.12234,0.01928,0.02160,0.02847,0.31490,0.23758
0.01614,0.44527,0.33397,0.00187,0.04395,0.01030,0.06539,0.00616,0.02384,0.01315,0.00140,0.01690,0.01000,0.01165
0.00222,0.01205,0.01793,0.00986,0.39434,0.01740,0.40485,0.00569,0.09594,0.00299,0.00237,0.00566,0.02286,0.00584
0.28723,0.02852,0.03478,0.07458,0.21431,0.00338,0.00387,0.00399,0.14389,0.00426,0.00815,0.00479,0.18152,0.00672
0.08371,0.08971,0.08289,0.01332,0.01058,0.01162,0.01238,0.32462,0.00390,0.03433,0.00286,0.00427,0.32128,0.00453
0.19986,0.06346,0.09789,0.00804,0.40609,0.00472,0.00365,0.01266,0.01932,0.00291,0.00481,0.01015,0.15920,0.00722
0.01150,0.02382,0.10851,0.00362,0.00566,0.01110,0.00833,0.47237,0.29820,0.01390,0.00470,0.01104,0.00325,0.02400
0.00308,0.20184,0.34406,0.00165,0.00312,0.02920,0.01162,0.15227,0.14878,0.01315,0.00094,0.01308,0.00317,0.07404
0.02990,0.22354,0.09744,0.12868,0.01625,0.07712,0.01248,0.08185,0.01813,0.12175,0.01370,0.03154,0.11944,0.02818
0.09524,0.25844,0.16036,0.00423,0.00792,0.03583,0.03135,0.00405,0.11854,0.11447,0.00221,0.08120,0.07859,0.00756
0.00702,0.06161,0.06385,0.00628,0.01473,0.18359,0.03315,0.01955,0.00688,0.05834,0.00340,0.00123,0.01218,0.52819
0.00320,0.24405,0.11805,0.00170,0.01182,0.28830,0.02930,0.00669,0.02059,0.00311,0.00245,0.25786,0.00985,0.00301
0.04604,0.12105,0.06249,0.34026,0.13183,0.03261,0.00632,0.01447,0.02824,0.00399,0.01329,0.09685,0.07065,0.03191
0.01061,0.06710,0.06922,0.54498,0.02663,0.03453,0.03368,0.00422,0.03441,0.01629,0.03979,0.03533,0.05527,0.02792
0.00833,0.38604,0.47858,0.00385,0.00473,0.01217,0.01374,0.00317,0.02455,0.04206,0.00303,0.00786,0.00786,0.00403
0.01074,0.48553,0.33571,0.00254,0.00985,0.05383,0.01311,0.00896,0.04331,0.01564,0.00120,0.00716,0.00414,0.00827
0.00545,0.13299,0.06101,0.01683,0.03494,0.03984,0.01552,0.00492,0.24348,0.00489,0.00537,0.01472,0.40832,0.01174
0.01213,0.37821,0.08984,0.00308,0.00942,0.00896,0.00859,0.20372,0.00839,0.01790,0.00187,0.02075,0.15328,0.08386
0.00239,0.37788,0.48783,0.00302,0.00450,0.01721,0.00768,0.00504,0.01392,0.00336,0.00185,0.00412,0.03560,0.03558
0.00363,0.17864,0.00877,0.61106,0.00329,0.04259,0.00413,0.00612,0.00696,0.01021,0.00157,0.02458,0.00889,0.08957
0.01077,0.29247,0.04701,0.42365,0.00453,0.03463,0.00397,0.00406,0.00418,0.00696,0.00176,0.02514,0.00316,0.13771
0.02299,0.03726,0.11456,0.19751,0.08281,0.03158,0.01791,0.01420,0.15216,0.00459,0.07284,0.15897,0.06206,0.03058
0.00212,0.34632,0.34771,0.00247,0.00702,0.00629,0.01767,0.00410,0.18555,0.00401,0.00133,0.00888,0.05915,0.00738
0.00791,0.10712,0.08378,0.06682,0.03124,0.08866,0.02657,0.00325,0.21507,0.00517,0.00853,0.00970,0.32585,0.02033
0.08635,0.08693,0.26948,0.22559,0.01166,0.01673,0.01112,0.02106,0.04095,0.02291,0.11512,0.00900,0.00754,0.07556
0.01177,0.05809,0.12243,0.01901,0.05222,0.28842,0.04321,0.00593,0.02156,0.00742,0.01826,0.00262,0.09873,0.25032
0.00473,0.00840,0.29971,0.00329,0.00573,0.03861,0.00607,0.00345,0.00454,0.01071,0.48295,0.00678,0.00609,0.11893
0.03672,0.13333,0.03240,0.00271,0.00390,0.01912,0.01048,0.56743,0.08597,0.01755,0.00177,0.07543,0.00239,0.01081
0.00218,0.21713,0.29990,0.00189,0.00687,0.02125,0.00768,0.00265,0.20943,0.00211,0.00144,0.03208,0.18566,0.00973
0.00613,0.25745,0.25755,0.05383,0.03331,0.03991,0.09495,0.00414,0.13033,0.00767,0.00704,0.04272,0.04026,0.02472
0.01376,0.37601,0.08605,0.28502,0.01156,0.09930,0.00937,0.01333,0.01253,0.01010,0.00335,0.03570,0.01577,0.02816
0.10915,0.12876,0.07864,0.07542,0.26897,0.01284,0.00491,0.00779,0.06566,0.00682,0.00455,0.04552,0.18130,0.00968
0.00227,0.47001,0.47401,0.00157,0.00159,0.00422,0.00791,0.00219,0.00703,0.01591,0.00116,0.00266,0.00553,0.00395
0.00497,0.13988,0.04026,0.00803,0.15592,0.03755,0.14797,0.00577,0.07128,0.00692,0.00474,0.02066,0.34207,0.01397
0.01677,0.16013,0.07346,0.06561,0.01096,0.00694,0.01111,0.00262,0.26356,0.00792,0.14680,0.01805,0.20973,0.00633
0.00551,0.11977,0.10155,0.00809,0.20028,0.09202,0.25871,0.02331,0.01105,0.00401,0.00381,0.03577,0.10771,0.02841
0.00435,0.01684,0.51695,0.00305,0.00662,0.05852,0.01134,0.00423,0.01463,0.01750,0.27702,0.00693,0.01326,0.04877
0.05263,0.32189,0.25718,0.01451,0.10332,0.03205,0.00456,0.00733,0.14761,0.00582,0.00295,0.01375,0.01380,0.02261
0.01142,0.18581,0.26398,0.01070,0.01414,0.19561,0.06339,0.00876,0.00803,0.00761,0.00651,0.00340,0.03047,0.19018
0.00555,0.48883,0.36556,0.00228,0.00389,0.02068,0.00573,0.01171,0.03226,0.00694,0.00152,0.01199,0.02611,0.01695
0.00554,0.42913,0.27418,0.00824,0.01130,0.01416,0.01838,0.01336,0.04425,0.01214,0.00319,0.00852,0.14298,0.01462
0.00611,0.09294,0.52956,0.00956,0.02488,0.01863,0.00552,0.00652,0.03365,0.00514,0.17141,0.00619,0.03210,0.05779
0.00606,0.06466,0.08826,0.02118,0.02809,0.02329,0.11581,0.00301,0.26765,0.00488,0.00854,0.01459,0.34176,0.01223
0.01165,0.01954,0.36109,0.00733,0.03074,0.12463,0.00886,0.00628,0.13198,0.00970,0.02711,0.02047,0.23250,0.00814
0.00556,0.16409,0.18488,0.00686,0.01340,0.04701,0.03906,0.00464,0.22590,0.01355,0.00650,0.03029,0.13462,0.12365
0.00858,0.20196,0.14472,0.00410,0.00531,0.00309,0.00247,0.00250,0.00998,0.00543,0.00257,0.28183,0.00544,0.32203
0.01892,0.34730,0.39903,0.07080,0.01849,0.01153,0.04993,0.00638,0.02961,0.01287,0.00921,0.00746,0.01026,0.00820
0.00599,0.43880,0.37260,0.00222,0.00484,0.00716,0.08638,0.00281,0.01798,0.03364,0.00149,0.00761,0.00876,0.00973
0.00379,0.08703,0.21844,0.00506,0.01323,0.02040,0.01371,0.00403,0.28895,0.00641,0.00352,0.09307,0.23416,0.00821
0.00514,0.32183,0.23994,0.00508,0.00266,0.00344,0.00478,0.08082,0.02294,0.00746,0.00219,0.06644,0.22862,0.00866
0.00467,0.19431,0.27371,0.00338,0.00590,0.00427,0.15199,0.02392,0.06803,0.03765,0.00239,0.04462,0.01245,0.17270
0.01142,0.16841,0.23784,0.01396,0.00871,0.00866,0.00762,0.21827,0.00430,0.00826,0.00430,0.01098,0.27853,0.01874
0.00433,0.47488,0.28397,0.00178,0.00499,0.09280,0.01263,0.00517,0.03504,0.01108,0.00125,0.00352,0.01065,0.05789
0.02473,0.09858,0.12989,0.00945,0.05058,0.01834,0.00856,0.16131,0.01658,0.00700,0.00751,0.00933,0.43067,0.02747
0.04215,0.26765,0.28811,0.07197,0.02204,0.14595,0.01091,0.01066,0.05312,0.03535,0.02501,0.00586,0.00965,0.01156
0.00261,0.26424,0.27504,0.00281,0.00387,0.11236,0.01466,0.00205,0.26966,0.00357,0.00157,0.00911,0.03051,0.00795
