0.02478,0.31336,0.35645,0.01494,0.00650,0.01779,0.00475,0.09288,0.02749,0.00507,0.01374,0.00848,0.09454,0.01921
0.03040,0.13727,0.17278,0.00627,0.00741,0.23013,0.00855,0.02781,0.05951,0.03401,0.00596,0.20429,0.06196,0.01367
0.02510,0.17287,0.17970,0.00577,0.01045,0.01343,0.01374,0.09260,0.22505,0.03347,0.00368,0.01976,0.17399,0.03039
0.01554,0.07501,0.06503,0.01999,0.00537,0.13293,0.05223,0.03134,0.18648,0.06850,0.02508,0.00773,0.19347,0.12130
0.01201,0.14866,0.15296,0.00869,0.01645,0.00919,0.02148,0.06858,0.21964,0.00958,0.00282,0.01615,0.29730,0.01647
0.02961,0.03209,0.03130,0.01803,0.01646,0.00904,0.02595,0.16740,0.23257,0.01894,0.01251,0.00535,0.38742,0.01333
0.03954,0.14281,0.13657,0.01448,0.02982,0.28421,0.01751,0.00366,0.01828,0.01924,0.00972,0.00819,0.01853,0.25745
0.06127,0.07176,0.04358,0.01184,0.04258,0.00610,0.01572,0.30060,0.15098,0.00545,0.00411,0.01297,0.23609,0.03694
0.20866,0.21836,0.10175,0.11756,0.20131,0.01485,0.01728,0.04416,0.01056,0.00636,0.00735,0.00849,0.02664,0.01667
0.03971,0.05141,0.03980,0.02504,0.02400,0.01555,0.00721,0.05813,0.31494,0.01166,0.00497,0.00627,0.39603,0.00528
0.16905,0.06310,0.06800,0.07466,0.00607,0.03037,0.00872,0.04407,0.10054,0.16388,0.07510,0.01327,0.13914,0.04405
0.43760,0.02077,0.01989,0.00465,0.44094,0.01141,0.00973,0.00506,0.01292,0.00292,0.00425,0.00726,0.01957,0.00303
0.03183,0.04964,0.03878,0.07350,0.02686,0.01639,0.08754,0.00911,0.22639,0.09715,0.04958,0.01758,0.25444,0.02120
0.32268,0.02499,0.03064,0.00677,0.01759,0.03275,0.01957,0.01078,0.09439,0.30815,0.00504,0.00795,0.11263,0.00607
0.00433,0.05037,0.04822,0.02322,0.00316,0.19005,0.01125,0.00480,0.21227,0.00985,0.01950,0.01465,0.22966,0.17866
0.01052,0.07067,0.06073,0.04868,0.35604,0.00539,0.37184,0.00423,0.02351,0.00998,0.00369,0.00422,0.02154,0.00896
0.03496,0.37357,0.40883,0.02315,0.00954,0.00624,0.00474,0.00931,0.03852,0.01928,0.02584,0.00308,0.02669,0.01625
0.17063,0.24848,0.27960,0.03307,0.15654,0.01070,0.00551,0.00606,0.01428,0.00457,0.02789,0.01737,0.01354,0.01178
0.06816,0.09450,0.10288,0.02465,0.06421,0.05001,0.01568,0.00951,0.19674,0.02997,0.03484,0.05574,0.22288,0.03022
0.00554,0.08241,0.03474,0.44370,0.00373,0.00762,0.01157,0.00743,0.01069,0.00429,0.35552,0.00596,0.02317,0.00363
0.01331,0.23543,0.26413,0.00932,0.00428,0.19791,0.00794,0.00680,0.03163,0.01351,0.00535,0.02183,0.03334,0.15523
0.00912,0.06663,0.06741,0.16719,0.00751,0.00697,0.03522,0.20095,0.09859,0.03035,0.14044,0.00720,0.15520,0.00723
0.01136,0.06239,0.07120,0.01884,0.21204,0.01777,0.26304,0.02545,0.08349,0.03910,0.01578,0.04443,0.08229,0.05281
0.01314,0.37366,0.10683,0.29924,0.01936,0.02864,0.01328,0.00680,0.02073,0.01288,0.04152,0.01434,0.03183,0.01774
0.00610,0.12273,0.13015,0.00982,0.11554,0.02073,0.12456,0.20535,0.01482,0.01692,0.00739,0.01951,0.18740,0.01897
0.06512,0.27036,0.27369,0.02995,0.05762,0.00731,0.01339,0.11397,0.03488,0.00606,0.01043,0.01382,0.09134,0.01205
0.00942,0.20355,0.20289,0.00374,0.00462,0.00881,0.03760,0.06134,0.11054,0.02526,0.00491,0.07273,0.17705,0.07753
0.01181,0.13826,0.13985,0.01258,0.00538,0.06293,0.00640,0.00431,0.25899,0.00478,0.00586,0.00283,0.28366,0.06235
0.04648,0.28835,0.33211,0.01015,0.01353,0.06912,0.01734,0.04550,0.01925,0.06119,0.00772,0.01435,0.06846,0.00646
0.05687,0.23095,0.21439,0.00945,0.02891,0.10541,0.01149,0.02517,0.02623,0.01302,0.00862,0.00897,0.03770,0.22281
0.02830,0.03306,0.03629,0.05419,0.00941,0.02993,0.10857,0.00942,0.24001,0.12910,0.03446,0.01637,0.24463,0.02625
0.02046,0.14163,0.16233,0.02836,0.02166,0.05612,0.02776,0.00613,0.03296,0.00895,0.07313,0.18221,0.02757,0.21075
0.09293,0.08043,0.08256,0.02053,0.00966,0.01336,0.01643,0.23027,0.04540,0.09341,0.01513,0.01176,0.25493,0.03319
0.00862,0.21246,0.25705,0.00443,0.01805,0.21971,0.00642,0.02081,0.01322,0.00440,0.00370,0.19682,0.02143,0.01286
0.02921,0.06506,0.06813,0.08000,0.00601,0.00724,0.01781,0.27781,0.03315,0.05171,0.08542,0.00994,0.25403,0.01448
0.01509,0.15156,0.14658,0.02056,0.22806,0.01674,0.26459,0.00913,0.03000,0.03115,0.00649,0.01579,0.02364,0.04063
0.00596,0.02915,0.07267,0.00424,0.00460,0.04520,0.00724,0.13237,0.08115,0.00592,0.04701,0.13047,0.18870,0.24532
0.01079,0.31358,0.34171,0.00935,0.01525,0.00987,0.02511,0.02441,0.09670,0.01471,0.01000,0.02355,0.08725,0.01771
0.02557,0.04817,0.05102,0.01253,0.00602,0.01174,0.01536,0.24845,0.12498,0.03614,0.00751,0.01997,0.33785,0.05471
0.00807,0.38206,0.41536,0.00523,0.01057,0.03415,0.01911,0.00708,0.03720,0.01636,0.01060,0.01158,0.03567,0.00697
0.00277,0.03904,0.04427,0.06561,0.00239,0.18225,0.21224,0.00184,0.00654,0.36117,0.04158,0.02482,0.00932,0.00616
0.00444,0.24107,0.28460,0.01263,0.00487,0.02581,0.01924,0.12389,0.06800,0.01108,0.02222,0.01963,0.15644,0.00608
0.01828,0.09023,0.07139,0.03488,0.02153,0.28034,0.02207,0.01758,0.04904,0.01188,0.02043,0.01915,0.05758,0.28562
0.09661,0.19644,0.20539,0.01587,0.02071,0.00554,0.02917,0.01290,0.12909,0.10793,0.01182,0.00913,0.14188,0.01753
0.03351,0.21887,0.22701,0.02412,0.00276,0.01766,0.00871,0.06476,0.14022,0.02407,0.00716,0.00796,0.20697,0.01622
0.00806,0.21908,0.22831,0.00743,0.00396,0.01957,0.00772,0.00896,0.18813,0.01261,0.01256,0.02784,0.19265,0.06313
0.02619,0.06688,0.18798,0.01959,0.01258,0.01755,0.01818,0.10336,0.13977,0.01242,0.11235,0.01511,0.20935,0.05869
0.00615,0.14912,0.17015,0.00678,0.00712,0.02745,0.01081,0.10033,0.26955,0.00998,0.01341,0.01212,0.20717,0.00987
0.02775,0.22111,0.23217,0.00645,0.03219,0.01021,0.01925,0.17959,0.02120,0.01338,0.00495,0.02732,0.15731,0.04710
0.25693,0.03447,0.02927,0.07532,0.02163,0.00506,0.01945,0.00874,0.10020,0.24719,0.06392,0.00429,0.12533,0.00821
0.02428,0.06267,0.05563,0.19104,0.00847,0.01435,0.01241,0.04220,0.12751,0.01974,0.17273,0.09492,0.10287,0.07118
0.09572,0.33813,0.37319,0.00974,0.00773,0.01417,0.01836,0.01146,0.00791,0.09842,0.00478,0.00785,0.00678,0.00575
0.01396,0.07872,0.01831,0.05757,0.01135,0.00725,0.00934,0.16357,0.22211,0.01881,0.00737,0.00554,0.37591,0.01018
0.02559,0.00995,0.02480,0.03998,0.01890,0.00811,0.02757,0.02506,0.34872,0.01700,0.03675,0.00984,0.39704,0.01070
0.01255,0.30196,0.31985,0.02778,0.01105,0.00764,0.01112,0.00659,0.09512,0.02514,0.02850,0.02273,0.10850,0.02146
0.02497,0.14436,0.13997,0.01132,0.01071,0.00872,0.00722,0.23040,0.10395,0.00608,0.00854,0.01388,0.26183,0.02805
0.02317,0.02237,0.09577,0.00735,0.02777,0.00596,0.02102,0.33259,0.31673,0.01513,0.07111,0.00811,0.03988,0.01305
0.01054,0.18800,0.20041,0.00614,0.01089,0.00731,0.01268,0.25560,0.02352,0.02298,0.00235,0.00665,0.23884,0.01409
0.01146,0.02828,0.02927,0.02366,0.00382,0.03825,0.00923,0.00500,0.28925,0.00316,0.02293,0.10208,0.30804,0.12555
0.00718,0.27849,0.29962,0.00163,0.00650,0.00415,0.00668,0.07114,0.15307,0.00560,0.00194,0.03219,0.10093,0.03087
0.00838,0.11225,0.13206,0.01319,0.01252,0.01960,0.03241,0.17779,0.13500,0.01604,0.01042,0.00543,0.31370,0.01121
0.00858,0.24803,0.20396,0.07316,0.01164,0.01140,0.00753,0.00355,0.16308,0.00749,0.00933,0.04246,0.18260,0.02718
0.16324,0.11778,0.14213,0.01341,0.01140,0.01552,0.03792,0.01221,0.12918,0.16170,0.00847,0.00554,0.15575,0.02575
0.01120,0.01700,0.02670,0.00747,0.02115,0.00680,0.04412,0.31626,0.28236,0.01208,0.01164,0.01241,0.21667,0.01414
0.01757,0.35976,0.40452,0.01126,0.02868,0.02153,0.02364,0.01769,0.03950,0.01563,0.00909,0.00571,0.03379,0.01161
0.00380,0.43716,0.47355,0.00679,0.00514,0.01634,0.01317,0.00416,0.00928,0.00469,0.00147,0.01003,0.01024,0.00418
0.01379,0.27793,0.31474,0.02131,0.00594,0.08105,0.01134,0.01250,0.03023,0.00655,0.01328,0.06482,0.03018,0.11635
0.01345,0.14523,0.18500,0.03857,0.00955,0.00531,0.01880,0.08995,0.22040,0.02200,0.02681,0.01034,0.20125,0.01335
0.13379,0.27810,0.26649,0.07750,0.12585,0.00555,0.01549,0.00537,0.01588,0.01106,0.01767,0.01310,0.01400,0.02016
0.02835,0.01553,0.05756,0.00845,0.00355,0.08228,0.00588,0.02231,0.28198,0.00462,0.02879,0.03499,0.28279,0.14292
0.01388,0.11436,0.11691,0.02028,0.00533,0.01154,0.20392,0.00617,0.12679,0.22670,0.00738,0.00523,0.12805,0.01346
0.00194,0.43261,0.46887,0.00392,0.01581,0.00690,0.01006,0.00344,0.01614,0.00542,0.00399,0.00811,0.01489,0.00790
0.01593,0.30938,0.32897,0.02194,0.06085,0.01953,0.05826,0.01669,0.06719,0.00363,0.00516,0.00272,0.06278,0.02698
0.00912,0.05156,0.05182,0.01313,0.00420,0.01895,0.00755,0.01263,0.37658,0.00530,0.00645,0.00845,0.39609,0.03816
0.01185,0.10946,0.10828,0.01348,0.00738,0.01568,0.00595,0.30875,0.04475,0.01046,0.00805,0.02307,0.31743,0.01540
0.01216,0.20191,0.19998,0.12416,0.04998,0.01610,0.06101,0.10149,0.01716,0.01398,0.07185,0.00637,0.10023,0.02363
0.01702,0.02907,0.02806,0.02451,0.00557,0.02377,0.01085,0.00776,0.01977,0.02001,0.01825,0.36647,0.01705,0.41183
0.01573,0.02379,0.37592,0.01834,0.01757,0.00975,0.01276,0.01836,0.05160,0.01002,0.34724,0.00784,0.07489,0.01620
0.00510,0.20619,0.21606,0.00910,0.00235,0.00648,0.01801,0.00949,0.23830,0.00713,0.00499,0.00805,0.25715,0.01162
0.01247,0.14997,0.14304,0.01909,0.00835,0.01984,0.14173,0.01581,0.15734,0.14998,0.00588,0.00428,0.16599,0.00624
0.00577,0.24536,0.26074,0.05564,0.00393,0.00759,0.00324,0.16726,0.17297,0.00577,0.05238,0.00137,0.01131,0.00667
0.01113,0.30761,0.33395,0.01105,0.00995,0.09413,0.00459,0.03463,0.06074,0.00673,0.00519,0.00994,0.04432,0.06604
0.03289,0.06735,0.08512,0.05105,0.05344,0.00410,0.03562,0.22042,0.20393,0.01283,0.05044,0.04375,0.08074,0.05832
0.00936,0.10299,0.08765,0.01624,0.00800,0.00414,0.01371,0.07093,0.28787,0.00396,0.00533,0.00766,0.37060,0.01157
0.01369,0.17824,0.19892,0.00761,0.00190,0.06017,0.00513,0.02365,0.19476,0.01152,0.00772,0.01346,0.23163,0.05161
0.04669,0.21785,0.23230,0.02910,0.04108,0.01042,0.02193,0.01981,0.11362,0.05021,0.03695,0.02334,0.14555,0.01115
0.00658,0.30471,0.33184,0.00430,0.00592,0.00925,0.00688,0.00377,0.12744,0.00626,0.00970,0.02367,0.12748,0.03220
0.01337,0.31555,0.33514,0.00477,0.01002,0.01267,0.01158,0.06534,0.07891,0.00505,0.00258,0.01045,0.10479,0.02977
0.00443,0.12932,0.07996,0.11803,0.00318,0.16108,0.11644,0.00743,0.03177,0.20956,0.04196,0.04020,0.04682,0.00982
0.01695,0.10831,0.13656,0.30117,0.00585,0.00428,0.01414,0.03245,0.01321,0.01337,0.29234,0.01053,0.02943,0.02140
0.26890,0.06980,0.08458,0.01797,0.25024,0.05530,0.00608,0.01674,0.07633,0.01081,0.00597,0.05810,0.06919,0.00999
0.01352,0.17926,0.17960,0.03922,0.01964,0.02991,0.01035,0.02971,0.20336,0.01072,0.01545,0.01313,0.23900,0.01714
0.02985,0.16234,0.16551,0.12030,0.01522,0.02207,0.00966,0.03063,0.12274,0.03339,0.11251,0.02781,0.13936,0.00859
0.02188,0.27751,0.30350,0.00846,0.00555,0.00383,0.01136,0.01232,0.15713,0.00265,0.01023,0.00934,0.16016,0.01609
0.02161,0.11231,0.14190,0.01075,0.00456,0.01108,0.00366,0.08313,0.21486,0.03092,0.00997,0.06240,0.17931,0.11354
0.00994,0.04865,0.05097,0.06487,0.00899,0.28009,0.00845,0.01536,0.08596,0.00553,0.05495,0.01226,0.09264,0.26134
0.10313,0.25933,0.18381,0.00849,0.00827,0.00309,0.00564,0.04182,0.05673,0.03101,0.00152,0.00339,0.02430,0.26946
0.03711,0.02959,0.04307,0.01814,0.02858,0.01270,0.19790,0.00859,0.18480,0.20471,0.01498,0.00500,0.20527,0.00957
0.00650,0.01464,0.01099,0.00872,0.03236,0.01001,0.02559,0.01032,0.40768,0.00782,0.00529,0.00892,0.43909,0.01206
0.00447,0.24766,0.25041,0.00523,0.00647,0.00353,0.12208,0.00889,0.01861,0.10421,0.00307,0.11815,0.01112,0.09609
0.13174,0.08657,0.08601,0.01552,0.12406,0.00778,0.00476,0.00850,0.22798,0.01070,0.00709,0.00556,0.26814,0.01557
0.05936,0.13068,0.13861,0.01502,0.03216,0.02516,0.03556,0.00487,0.23866,0.02726,0.00229,0.01860,0.26004,0.01172
0.01339,0.18583,0.18211,0.11826,0.00934,0.02429,0.12776,0.00637,0.00710,0.15602,0.12154,0.00784,0.00668,0.03347
0.00798,0.30111,0.32633,0.03080,0.00499,0.00737,0.01491,0.02137,0.10444,0.02183,0.03058,0.00643,0.11120,0.01066
0.01732,0.25696,0.22160,0.06438,0.00687,0.05235,0.02578,0.13760,0.04048,0.01579,0.00143,0.01928,0.12667,0.01348
0.00683,0.14549,0.17693,0.04744,0.00575,0.02121,0.02701,0.09679,0.22521,0.01785,0.04809,0.00676,0.16830,0.00634
0.38517,0.09665,0.10320,0.00408,0.00229,0.00626,0.00363,0.00299,0.00287,0.37477,0.00203,0.00437,0.00353,0.00816
0.00333,0.18452,0.20593,0.03587,0.00934,0.02146,0.00750,0.00687,0.22337,0.00500,0.02385,0.00730,0.25352,0.01214
0.00783,0.09912,0.09463,0.00350,0.00851,0.00461,0.01342,0.01141,0.35088,0.01281,0.00270,0.00623,0.37444,0.00992
0.01462,0.20434,0.23732,0.02216,0.12775,0.01632,0.12693,0.06387,0.05364,0.02622,0.01461,0.00700,0.07491,0.01031
0.00299,0.37119,0.40266,0.00380,0.00458,0.01746,0.00738,0.03722,0.05173,0.00522,0.00290,0.00341,0.07816,0.01129
0.05223,0.30176,0.32820,0.01172,0.04095,0.03522,0.01308,0.02839,0.01710,0.03087,0.00911,0.04916,0.03877,0.04344
0.02023,0.26346,0.29225,0.00260,0.00769,0.01016,0.06376,0.00596,0.13160,0.05378,0.00195,0.00610,0.13420,0.00626
0.01107,0.21487,0.24980,0.01727,0.00601,0.01953,0.01837,0.08161,0.11557,0.01469,0.01353,0.02861,0.18688,0.02220
0.00539,0.23325,0.25054,0.01465,0.00620,0.01367,0.00600,0.04444,0.19385,0.00412,0.00151,0.00573,0.21285,0.00779
0.01297,0.00751,0.00809,0.12764,0.34173,0.00674,0.33591,0.00477,0.01629,0.00356,0.10886,0.00444,0.01762,0.00386
0.00947,0.33897,0.35702,0.09132,0.00885,0.02078,0.00566,0.01922,0.01567,0.00646,0.07104,0.01442,0.03385,0.00725
0.01893,0.26317,0.27844,0.00394,0.00990,0.00785,0.02224,0.03252,0.13123,0.00964,0.00275,0.03713,0.10768,0.07458
0.02043,0.04207,0.06651,0.00772,0.01737,0.00415,0.28545,0.04021,0.06975,0.31340,0.01070,0.01334,0.07475,0.03415
0.00461,0.08909,0.09967,0.00988,0.00171,0.01124,0.00552,0.00473,0.33256,0.00789,0.01108,0.03788,0.36532,0.01882
0.01012,0.08686,0.08069,0.05057,0.00922,0.01432,0.00661,0.02509,0.30057,0.01110,0.05520,0.00787,0.32494,0.01684
0.01883,0.08935,0.08523,0.00385,0.01892,0.01206,0.16145,0.10030,0.11157,0.17900,0.00240,0.01312,0.19443,0.00948
0.07576,0.17313,0.19002,0.06031,0.07685,0.00910,0.01063,0.01133,0.13474,0.03353,0.05262,0.00647,0.15469,0.01081
0.00949,0.34700,0.37148,0.00391,0.02155,0.00510,0.10087,0.00608,0.00648,0.08243,0.00224,0.00629,0.00512,0.03195
0.02609,0.05497,0.04592,0.17658,0.02015,0.01766,0.00543,0.15505,0.08520,0.00568,0.16105,0.02072,0.20810,0.01740
0.00531,0.02590,0.01291,0.00753,0.00275,0.00596,0.00170,0.00950,0.44139,0.00541,0.00487,0.00341,0.46804,0.00530
0.03664,0.41742,0.06460,0.35454,0.00429,0.00380,0.00598,0.00864,0.01377,0.03405,0.00592,0.01212,0.02659,0.01164
0.00404,0.11216,0.17795,0.00966,0.00642,0.03270,0.00761,0.01051,0.25211,0.00782,0.05752,0.01347,0.28736,0.02067
0.00655,0.25649,0.36238,0.00395,0.01099,0.00658,0.01271,0.01403,0.08982,0.01613,0.07428,0.01491,0.10401,0.02716
0.00248,0.17212,0.18178,0.00961,0.00352,0.00858,0.00752,0.28664,0.29244,0.00345,0.00758,0.00518,0.01248,0.00661
0.00183,0.06178,0.07107,0.02760,0.00424,0.00604,0.00602,0.00514,0.34332,0.00595,0.04650,0.01206,0.36068,0.04778
0.00952,0.24764,0.29305,0.02138,0.00596,0.00961,0.01227,0.15893,0.16931,0.01616,0.02689,0.00661,0.01019,0.01249
0.00554,0.16682,0.17291,0.03978,0.23786,0.01200,0.25571,0.02075,0.02724,0.01061,0.00570,0.00851,0.02592,0.01067
0.00867,0.05063,0.05846,0.03054,0.01078,0.00418,0.09041,0.25314,0.06304,0.07165,0.03171,0.01461,0.21864,0.09355
0.16505,0.28709,0.31360,0.00749,0.15873,0.01826,0.00334,0.00483,0.00553,0.00726,0.00850,0.00465,0.00723,0.00844
0.47141,0.01220,0.00948,0.00263,0.00412,0.00232,0.00407,0.01562,0.00476,0.45687,0.00132,0.00550,0.00144,0.00825
0.01155,0.28216,0.22324,0.02125,0.00360,0.00650,0.00235,0.04322,0.02922,0.05543,0.02114,0.03204,0.01717,0.25113
0.01223,0.17086,0.15707,0.02503,0.00351,0.00662,0.00518,0.23263,0.01911,0.01093,0.02653,0.02410,0.24193,0.06427
0.04834,0.06122,0.08266,0.24473,0.02495,0.01502,0.03106,0.09587,0.11331,0.01923,0.21969,0.00989,0.02246,0.01157
0.00903,0.11631,0.14017,0.00483,0.00382,0.35707,0.00868,0.01445,0.00740,0.01784,0.00777,0.00926,0.00622,0.29714
0.04201,0.25106,0.27879,0.04151,0.00730,0.06221,0.00945,0.01442,0.02887,0.04979,0.01576,0.01218,0.02957,0.15706
0.04245,0.19997,0.23601,0.19306,0.03975,0.01779,0.00556,0.01634,0.01716,0.00743,0.16209,0.01419,0.01861,0.02959
0.00381,0.17688,0.19694,0.08443,0.18877,0.00392,0.19951,0.00892,0.02789,0.00523,0.07328,0.00451,0.01821,0.00770
0.00268,0.07402,0.09807,0.01012,0.06945,0.05901,0.09151,0.16338,0.04410,0.01228,0.01331,0.09042,0.17711,0.09454
0.00789,0.10377,0.10779,0.03255,0.01919,0.02489,0.01993,0.26164,0.04784,0.03121,0.02281,0.00585,0.28340,0.03126
0.00443,0.39944,0.42814,0.00388,0.03300,0.00364,0.03445,0.00268,0.02407,0.00110,0.00389,0.02868,0.01658,0.01603
0.14681,0.05332,0.05367,0.00672,0.03604,0.10766,0.02391,0.03758,0.13769,0.12084,0.00930,0.10118,0.15256,0.01272
0.03758,0.06839,0.06038,0.01769,0.01229,0.00494,0.00570,0.33926,0.36115,0.01068,0.00498,0.01000,0.05354,0.01341
0.00934,0.22408,0.23781,0.04109,0.00962,0.00956,0.12229,0.04497,0.05779,0.14085,0.01898,0.00433,0.06946,0.00983
0.01842,0.04500,0.04605,0.02219,0.01176,0.03254,0.01746,0.24730,0.12798,0.02448,0.00889,0.02298,0.35858,0.01637
0.01941,0.41924,0.05679,0.36642,0.00901,0.00687,0.01200,0.01693,0.01734,0.02793,0.00286,0.00457,0.03325,0.00738
0.01035,0.15262,0.15602,0.14544,0.01165,0.01191,0.00808,0.00598,0.17293,0.01641,0.10850,0.00536,0.18820,0.00656
0.00541,0.29111,0.32293,0.00878,0.08736,0.01724,0.08751,0.00962,0.06636,0.00824,0.00646,0.01235,0.06561,0.01100
0.00392,0.13428,0.14995,0.00942,0.00414,0.01689,0.01241,0.11360,0.21546,0.00380,0.00548,0.00801,0.31701,0.00564
0.01558,0.03839,0.05104,0.00465,0.00411,0.34723,0.00875,0.01473,0.05509,0.01597,0.00621,0.33975,0.05528,0.04321
0.01762,0.14716,0.38144,0.02006,0.00601,0.04703,0.03578,0.00769,0.01492,0.03545,0.22767,0.01163,0.01773,0.02980
0.00501,0.12053,0.11283,0.01001,0.04966,0.03421,0.07275,0.02551,0.24514,0.01343,0.00788,0.01455,0.26879,0.01970
0.00821,0.35695,0.38269,0.00619,0.00223,0.00539,0.00401,0.08585,0.10171,0.00593,0.00391,0.00207,0.02822,0.00664
0.00825,0.14247,0.22531,0.00947,0.00387,0.03509,0.03295,0.15704,0.11482,0.02622,0.07331,0.01653,0.14554,0.00913
0.00330,0.40179,0.42586,0.01601,0.03572,0.00725,0.03115,0.01294,0.01505,0.00682,0.00190,0.01178,0.01438,0.01605
0.00336,0.36153,0.40148,0.00692,0.00690,0.04246,0.01542,0.01096,0.06036,0.00335,0.00257,0.01847,0.06198,0.00424
0.00373,0.26504,0.23284,0.06181,0.00800,0.03870,0.00935,0.03866,0.13113,0.00848,0.00550,0.00693,0.18162,0.00819
0.01442,0.25135,0.25588,0.01824,0.01635,0.00781,0.01001,0.15134,0.04551,0.00611,0.00471,0.01693,0.17916,0.02216
0.03767,0.29135,0.30691,0.01131,0.01518,0.01317,0.00787,0.00506,0.09466,0.00879,0.00586,0.04052,0.09646,0.06519
0.01357,0.07359,0.05730,0.02830,0.00745,0.00639,0.07583,0.21697,0.10426,0.05574,0.01025,0.02212,0.30686,0.02137
0.00560,0.03452,0.03920,0.00631,0.01134,0.02125,0.01540,0.40944,0.02171,0.00703,0.00689,0.00853,0.40509,0.00769
0.06341,0.33199,0.35658,0.00488,0.02984,0.00689,0.05409,0.00445,0.02174,0.03781,0.00643,0.01275,0.01984,0.04931
0.02873,0.37192,0.40491,0.02336,0.01539,0.01482,0.00681,0.00966,0.01002,0.00628,0.02922,0.02961,0.01446,0.03480
0.00810,0.30282,0.31707,0.00710,0.00368,0.11382,0.00435,0.02606,0.02473,0.00275,0.00745,0.01454,0.04579,0.12172
0.01290,0.18890,0.18393,0.07601,0.01297,0.06114,0.12152,0.04184,0.02296,0.15998,0.03136,0.01828,0.04665,0.02156
0.04881,0.28160,0.31117,0.01637,0.01512,0.09109,0.02543,0.01284,0.02021,0.03283,0.00987,0.06814,0.00991,0.05661
0.03656,0.24287,0.19433,0.02036,0.00673,0.00733,0.00443,0.02579,0.07343,0.01971,0.01001,0.07766,0.06265,0.21813
0.00497,0.08658,0.30836,0.00445,0.00463,0.04879,0.00491,0.10242,0.13993,0.00767,0.20769,0.01336,0.04884,0.01738
0.00546,0.17990,0.21592,0.00375,0.00934,0.06009,0.03367,0.08175,0.14495,0.03561,0.01644,0.02683,0.15994,0.02634
0.00707,0.22883,0.24662,0.00414,0.00844,0.01511,0.04699,0.02116,0.16920,0.01849,0.00784,0.00681,0.19625,0.02305
0.12177,0.06811,0.06643,0.10133,0.00638,0.00615,0.02157,0.16913,0.03159,0.10791,0.09813,0.00721,0.17845,0.01584
0.02146,0.20827,0.26550,0.00603,0.00694,0.00683,0.16832,0.02832,0.01884,0.19798,0.03379,0.00730,0.01045,0.01997
0.00706,0.26088,0.31156,0.01088,0.00448,0.01120,0.01698,0.02728,0.10842,0.00984,0.02913,0.02416,0.10443,0.07369
0.00734,0.12047,0.15636,0.02749,0.00639,0.00690,0.01176,0.00992,0.25102,0.01501,0.05369,0.01868,0.27848,0.03650
0.00632,0.33159,0.36478,0.01565,0.00645,0.01110,0.00530,0.03539,0.09340,0.00903,0.00350,0.00506,0.10241,0.01002
0.01756,0.20415,0.23617,0.00434,0.01033,0.02195,0.00915,0.01305,0.20405,0.00361,0.00420,0.03634,0.22393,0.01117
0.15422,0.11129,0.13309,0.01178,0.00477,0.00449,0.00973,0.01333,0.17663,0.16024,0.01022,0.00611,0.19851,0.00559
0.00371,0.37200,0.40568,0.01443,0.00467,0.01103,0.00778,0.03223,0.05915,0.00583,0.00268,0.00900,0.05920,0.01262
0.00825,0.03528,0.05304,0.01272,0.01600,0.40504,0.02084,0.00643,0.01264,0.00666,0.00610,0.40039,0.00925,0.00735
0.01617,0.28819,0.29323,0.04529,0.02098,0.01012,0.02108,0.10056,0.02815,0.02090,0.00537,0.00146,0.10338,0.04512
0.00949,0.18587,0.22858,0.00669,0.01040,0.18154,0.01017,0.03506,0.06988,0.01822,0.00446,0.15339,0.07798,0.00828
0.00684,0.07691,0.08585,0.02776,0.00850,0.00588,0.00799,0.00494,0.27875,0.00815,0.04605,0.05971,0.30958,0.07308
0.01817,0.25778,0.29861,0.01514,0.00483,0.04573,0.01283,0.08401,0.05282,0.02734,0.02663,0.01516,0.11137,0.02958
0.00463,0.02327,0.02584,0.00549,0.04843,0.01149,0.19159,0.00804,0.01401,0.11909,0.00547,0.25518,0.01059,0.27687
0.01087,0.21892,0.26720,0.10386,0.03460,0.02604,0.00529,0.02816,0.03898,0.00620,0.11216,0.08400,0.03045,0.03328
0.33041,0.09058,0.08433,0.03797,0.30270,0.01398,0.02412,0.02735,0.01819,0.01999,0.00713,0.00781,0.02756,0.00787
0.05351,0.12666,0.15588,0.01518,0.04218,0.00561,0.03892,0.12983,0.11556,0.01665,0.03882,0.01575,0.22002,0.02543
0.01036,0.36509,0.45711,0.00290,0.00578,0.01499,0.01227,0.02441,0.03289,0.00622,0.05080,0.00475,0.00841,0.00403
0.03027,0.28561,0.30912,0.00635,0.00575,0.00597,0.01464,0.00893,0.13088,0.04412,0.00396,0.00346,0.14343,0.00751
0.02337,0.21447,0.27255,0.08814,0.01045,0.01793,0.00898,0.05553,0.08963,0.02633,0.07466,0.02899,0.05395,0.03503
0.01177,0.07456,0.08560,0.00846,0.01975,0.01134,0.01551,0.03782,0.30186,0.00539,0.00520,0.04077,0.33747,0.04450
0.00525,0.09767,0.10143,0.01517,0.01384,0.01029,0.02377,0.28177,0.08977,0.01178,0.01254,0.00493,0.32476,0.00704
0.00538,0.20498,0.21714,0.00257,0.01274,0.00826,0.04298,0.05829,0.08786,0.02058,0.00660,0.09648,0.08354,0.15260
0.00930,0.16082,0.19318,0.02979,0.01735,0.01338,0.00614,0.00990,0.23253,0.00409,0.04672,0.00434,0.25208,0.02038
0.15611,0.14878,0.04049,0.13977,0.14676,0.01366,0.02979,0.10232,0.03969,0.00866,0.01608,0.00703,0.12583,0.02504
0.00401,0.10946,0.12921,0.00789,0.24715,0.00576,0.24964,0.01392,0.08985,0.00436,0.01002,0.00937,0.10375,0.01561
0.00655,0.24552,0.26184,0.02403,0.00483,0.00814,0.00817,0.12717,0.05827,0.00621,0.00365,0.05228,0.17117,0.02217
0.03504,0.05236,0.04645,0.01540,0.02037,0.02684,0.12392,0.21563,0.05834,0.14890,0.01216,0.01041,0.20292,0.03126
0.00407,0.36655,0.04919,0.32389,0.00589,0.03478,0.04497,0.01916,0.02067,0.02879,0.00789,0.03413,0.02307,0.03695
0.05090,0.18299,0.18679,0.13816,0.01500,0.03740,0.01028,0.03139,0.04581,0.01779,0.13263,0.01585,0.04977,0.08525
0.00932,0.23780,0.34688,0.00678,0.00555,0.00797,0.00662,0.02131,0.10948,0.01238,0.08301,0.00417,0.13083,0.01790
0.00942,0.11727,0.13246,0.00649,0.00493,0.00905,0.01117,0.30561,0.04403,0.00710,0.00700,0.01659,0.30910,0.01977
0.01438,0.33707,0.05611,0.29152,0.00548,0.01772,0.00352,0.00504,0.08619,0.00874,0.03201,0.00435,0.12047,0.01740
0.00260,0.36011,0.38173,0.00365,0.00273,0.00283,0.00179,0.00616,0.10361,0.00571,0.00278,0.00660,0.11214,0.00756
0.00523,0.03998,0.04111,0.03654,0.00449,0.01135,0.00580,0.00782,0.36969,0.00960,0.04512,0.01046,0.40789,0.00492
0.04276,0.09204,0.09972,0.06944,0.27062,0.02027,0.26571,0.01930,0.01141,0.00857,0.05551,0.00884,0.02311,0.01269
0.06355,0.21651,0.24335,0.01392,0.05451,0.03694,0.01744,0.15318,0.01340,0.02339,0.01173,0.00650,0.13140,0.01416
0.13851,0.23463,0.22779,0.06957,0.12969,0.00835,0.01864,0.03256,0.05165,0.02167,0.02797,0.00699,0.02396,0.00803
0.00306,0.17711,0.18590,0.10547,0.00707,0.00595,0.03597,0.15518,0.01533,0.02589,0.10509,0.01400,0.14703,0.01694
0.00867,0.34037,0.37488,0.01273,0.00395,0.01141,0.01466,0.01745,0.08170,0.01544,0.00554,0.00735,0.08785,0.01799
0.01284,0.21894,0.38373,0.02824,0.01748,0.01726,0.00404,0.00870,0.05079,0.01458,0.16229,0.00427,0.05193,0.02491
0.11180,0.07862,0.08483,0.00616,0.01034,0.03265,0.01642,0.01437,0.23526,0.11712,0.00554,0.00967,0.26757,0.00965
0.34488,0.10401,0.08692,0.03061,0.34019,0.00261,0.01516,0.00852,0.01201,0.00903,0.00700,0.00630,0.02483,0.00793
0.01495,0.01866,0.02529,0.01786,0.00894,0.04418,0.01229,0.38131,0.04617,0.01715,0.01723,0.03557,0.33130,0.02911
0.00413,0.16330,0.16595,0.00358,0.00514,0.00591,0.10600,0.00428,0.20178,0.10648,0.00261,0.00465,0.21092,0.01527
0.00740,0.32646,0.36411,0.05997,0.04499,0.01012,0.01750,0.02883,0.01926,0.00489,0.06292,0.01568,0.02777,0.01009
0.02112,0.19871,0.26532,0.03157,0.05558,0.00601,0.03767,0.04873,0.12595,0.00693,0.05757,0.01470,0.11565,0.01449
0.05979,0.18238,0.20023,0.00294,0.03526,0.01586,0.05144,0.02613,0.16014,0.04851,0.00652,0.02696,0.14904,0.03481
0.02440,0.03928,0.04867,0.00398,0.01353,0.00582,0.00297,0.34820,0.08905,0.01099,0.00735,0.00439,0.39367,0.00769
0.00871,0.26490,0.27292,0.01834,0.10181,0.01458,0.10664,0.01517,0.06625,0.01147,0.00460,0.00397,0.09450,0.01617
0.02488,0.14528,0.28180,0.01453,0.04392,0.01520,0.01743,0.01433,0.05350,0.01281,0.13091,0.10271,0.08263,0.06009
0.00522,0.20147,0.22903,0.01081,0.00198,0.00663,0.18615,0.00366,0.04788,0.23076,0.01647,0.00656,0.04704,0.00634
0.00593,0.17062,0.17662,0.00840,0.00206,0.02886,0.01784,0.00447,0.25350,0.01669,0.00465,0.02127,0.28026,0.00884
0.00501,0.06240,0.35121,0.01651,0.00475,0.04417,0.01175,0.00725,0.05277,0.00963,0.28731,0.01685,0.07518,0.05520
0.00330,0.07584,0.09042,0.01592,0.00221,0.01505,0.03170,0.01249,0.32636,0.03741,0.00881,0.00509,0.36288,0.01252
0.00337,0.22275,0.23870,0.00836,0.00370,0.01815,0.00574,0.11115,0.21884,0.00509,0.00652,0.01124,0.13802,0.00836
0.00873,0.04204,0.05131,0.38412,0.00958,0.00748,0.02982,0.02000,0.02585,0.01574,0.35648,0.01224,0.02371,0.01292
0.00763,0.14689,0.15443,0.01508,0.00462,0.01156,0.00678,0.00736,0.29025,0.00454,0.01871,0.00654,0.32229,0.00332
0.03135,0.16047,0.18243,0.00419,0.00812,0.12029,0.00650,0.01054,0.16104,0.00435,0.00432,0.11816,0.17692,0.01134
0.01276,0.02297,0.02488,0.01458,0.01183,0.26544,0.00860,0.18208,0.01773,0.00515,0.02098,0.00336,0.16119,0.24845
0.10095,0.34751,0.37273,0.00771,0.01159,0.01399,0.00810,0.00516,0.01164,0.09385,0.00279,0.00525,0.00934,0.00939
0.02498,0.41788,0.29361,0.16004,0.02362,0.01039,0.01167,0.00473,0.00762,0.00850,0.01557,0.00597,0.00639,0.00903
0.00870,0.08249,0.09431,0.02014,0.01007,0.16906,0.03206,0.05545,0.17626,0.01921,0.00480,0.14175,0.17099,0.01472
0.11940,0.13034,0.14356,0.01202,0.02032,0.13638,0.02077,0.03251,0.05888,0.11879,0.00323,0.11913,0.07669,0.00799
0.01187,0.21202,0.21941,0.02788,0.16369,0.02139,0.18713,0.00526,0.05559,0.00665,0.00747,0.01389,0.05081,0.01693
0.06844,0.01417,0.01905,0.14953,0.02451,0.00450,0.00594,0.00988,0.25927,0.01924,0.13577,0.00548,0.27666,0.00756
0.04069,0.33197,0.34436,0.01486,0.01250,0.00456,0.09372,0.00443,0.00670,0.11391,0.00827,0.00477,0.00568,0.01359
0.01160,0.05286,0.08612,0.02817,0.03726,0.10508,0.13593,0.02678,0.09942,0.17856,0.02290,0.04612,0.11947,0.04973
0.01813,0.06708,0.06411,0.01411,0.01528,0.31768,0.03221,0.05469,0.03139,0.02542,0.02196,0.00785,0.03503,0.29506
0.00696,0.02967,0.04283,0.00673,0.04651,0.01257,0.05102,0.02743,0.30478,0.00983,0.00866,0.04204,0.33793,0.07304
0.04024,0.10223,0.10143,0.01071,0.01661,0.01899,0.23183,0.06685,0.03769,0.25355,0.00599,0.01733,0.06046,0.03608
0.01402,0.31590,0.34044,0.00522,0.00791,0.09392,0.00517,0.01255,0.01942,0.00652,0.00604,0.03046,0.02000,0.12241
0.00534,0.40120,0.43349,0.01505,0.01019,0.02206,0.00897,0.00368,0.02199,0.01146,0.01267,0.00491,0.02488,0.02411
0.07544,0.11525,0.13611,0.00661,0.06030,0.00583,0.00839,0.26330,0.02084,0.00488,0.00758,0.02466,0.25849,0.01232
0.00996,0.05003,0.41275,0.00936,0.01081,0.00885,0.01262,0.00253,0.01565,0.01691,0.34958,0.02901,0.02420,0.04775
0.41777,0.04128,0.03039,0.00812,0.40600,0.01917,0.00472,0.00515,0.00493,0.00334,0.00285,0.00634,0.00481,0.04515
0.00797,0.07579,0.06913,0.00960,0.00322,0.03802,0.00960,0.00649,0.01349,0.00663,0.02186,0.34691,0.01244,0.37884
0.00816,0.23699,0.23165,0.04567,0.05306,0.00564,0.04271,0.13266,0.05403,0.01011,0.01226,0.01191,0.13762,0.01752
0.00505,0.33101,0.33094,0.00924,0.00307,0.00414,0.00524,0.03328,0.08659,0.00956,0.00408,0.01476,0.08367,0.07936
0.01273,0.11448,0.11890,0.14900,0.00808,0.01258,0.01906,0.02856,0.16329,0.01926,0.13664,0.01122,0.19634,0.00987
0.02237,0.05185,0.04992,0.00977,0.01285,0.06007,0.01360,0.12965,0.29855,0.01502,0.00573,0.07991,0.20803,0.04268
0.01112,0.19029,0.20194,0.00695,0.00540,0.17999,0.00493,0.00539,0.08857,0.01077,0.00420,0.00462,0.08636,0.19946
0.02357,0.06717,0.07490,0.01078,0.00585,0.01837,0.02814,0.02870,0.30866,0.05283,0.00644,0.01230,0.34461,0.01769
0.01625,0.02840,0.02807,0.00668,0.01726,0.00866,0.00987,0.02475,0.38417,0.00950,0.01054,0.01246,0.43193,0.01147
0.04124,0.40563,0.44441,0.00251,0.00532,0.00807,0.00231,0.00671,0.00657,0.03984,0.00754,0.00919,0.00574,0.01491
0.05290,0.15648,0.15436,0.05428,0.01353,0.03087,0.01771,0.17575,0.03797,0.05812,0.00827,0.01419,0.19125,0.03432
0.01429,0.35403,0.40321,0.01025,0.00654,0.01298,0.01489,0.03743,0.05365,0.01789,0.02345,0.01569,0.02128,0.01440
0.00161,0.44855,0.48597,0.00178,0.00344,0.00973,0.01381,0.00694,0.01074,0.00397,0.00237,0.00182,0.00713,0.00213
0.00430,0.13846,0.14186,0.00282,0.00404,0.01375,0.00773,0.33297,0.28938,0.00916,0.00325,0.00544,0.04128,0.00557
0.03030,0.34528,0.24054,0.12576,0.07243,0.01192,0.05365,0.01667,0.01621,0.01279,0.00379,0.01930,0.03719,0.01417
0.00769,0.13597,0.12064,0.07277,0.00783,0.01295,0.00818,0.01951,0.22965,0.00689,0.04756,0.02098,0.27296,0.03643
0.01695,0.04636,0.05865,0.01530,0.01220,0.00655,0.00694,0.01245,0.34357,0.00725,0.02323,0.03609,0.38139,0.03305
0.05791,0.03394,0.04466,0.00781,0.04181,0.01043,0.12308,0.06983,0.19079,0.13402,0.00682,0.00518,0.25983,0.01390
0.01029,0.08943,0.07817,0.01878,0.24038,0.01179,0.25824,0.02972,0.03853,0.03209,0.00686,0.04371,0.03295,0.10907
0.03900,0.05323,0.05739,0.00848,0.02741,0.01001,0.34228,0.01587,0.02707,0.35555,0.01237,0.00950,0.02105,0.02079
0.01295,0.12817,0.12881,0.01950,0.03357,0.12035,0.03015,0.03492,0.18185,0.00576,0.01066,0.01273,0.18665,0.09392
0.00605,0.19071,0.18637,0.01768,0.00732,0.00516,0.00561,0.00265,0.25218,0.00652,0.01649,0.01690,0.27716,0.00920
0.00613,0.10752,0.19756,0.02392,0.00491,0.00983,0.01337,0.12995,0.12735,0.01844,0.07730,0.01770,0.24998,0.01604
0.00551,0.17277,0.15816,0.09155,0.00756,0.01022,0.00923,0.00628,0.15348,0.00662,0.10731,0.03586,0.16094,0.07452
0.01411,0.11083,0.14211,0.32719,0.00296,0.00910,0.00635,0.00952,0.01742,0.02267,0.30206,0.00422,0.02264,0.00883
0.01653,0.13777,0.17625,0.02942,0.01378,0.00418,0.00972,0.08188,0.20911,0.00705,0.02394,0.01245,0.26414,0.01378
0.00622,0.25061,0.26751,0.00803,0.00648,0.09486,0.00672,0.06564,0.05738,0.01747,0.01013,0.03940,0.07023,0.09932
0.24259,0.20482,0.20333,0.01062,0.21226,0.00671,0.00289,0.00355,0.01457,0.00779,0.01106,0.01253,0.01389,0.05340
0.00828,0.29581,0.37520,0.01237,0.00696,0.03797,0.02310,0.00949,0.06309,0.02010,0.05519,0.01364,0.06564,0.01318
0.00649,0.22647,0.25537,0.00506,0.01553,0.00591,0.01427,0.21115,0.02271,0.00973,0.00766,0.00839,0.20192,0.00935
0.04937,0.35092,0.38923,0.02534,0.01284,0.00799,0.01226,0.00720,0.02526,0.04282,0.02366,0.00395,0.03262,0.01654
0.35154,0.05697,0.05814,0.00786,0.34670,0.01115,0.03112,0.01700,0.02269,0.02676,0.00707,0.00968,0.03557,0.01778
0.02124,0.26437,0.28379,0.00360,0.00376,0.13812,0.00978,0.00559,0.01641,0.01983,0.00401,0.03891,0.01678,0.17382
0.26789,0.11453,0.11075,0.00578,0.26452,0.00321,0.01456,0.00930,0.08231,0.00735,0.00593,0.00380,0.10427,0.00579
0.03928,0.12733,0.16413,0.01127,0.01144,0.01191,0.02153,0.04037,0.19855,0.04180,0.02361,0.05061,0.21492,0.04323
0.16106,0.05336,0.08751,0.04408,0.15191,0.02168,0.01814,0.02190,0.15846,0.01276,0.03307,0.00411,0.18663,0.04533
0.03013,0.11406,0.10342,0.03871,0.02168,0.03165,0.02004,0.13462,0.27506,0.01697,0.01596,0.00862,0.17059,0.01848
0.01064,0.06394,0.06198,0.00614,0.06456,0.00544,0.08173,0.01373,0.30182,0.01292,0.00879,0.00956,0.31293,0.04582
0.00584,0.08321,0.07574,0.00686,0.00495,0.00864,0.00358,0.36484,0.37167,0.00598,0.00274,0.00925,0.04409,0.01262
0.02675,0.31864,0.19912,0.17034,0.02939,0.00568,0.03501,0.03261,0.05688,0.00783,0.01171,0.00621,0.09412,0.00571
0.01878,0.11449,0.11215,0.01260,0.04500,0.03194,0.01456,0.01809,0.26775,0.01900,0.00966,0.01033,0.31453,0.01112
0.02406,0.33027,0.34111,0.09610,0.01041,0.00939,0.04403,0.00768,0.01591,0.02231,0.06805,0.00771,0.00958,0.01341
0.02124,0.21711,0.23943,0.14604,0.01783,0.00653,0.01207,0.04033,0.07381,0.00638,0.13079,0.00918,0.07141,0.00785
0.25782,0.10210,0.10909,0.03232,0.24566,0.00971,0.00655,0.09205,0.02033,0.00382,0.01120,0.00537,0.09560,0.00837
0.08401,0.05368,0.11244,0.00473,0.01013,0.16315,0.01245,0.01676,0.11447,0.08464,0.04644,0.14721,0.12778,0.02211
0.01591,0.03821,0.41507,0.01624,0.00854,0.01139,0.00939,0.02296,0.01489,0.00649,0.39774,0.01618,0.01392,0.01306
0.42558,0.01763,0.01814,0.00678,0.01259,0.00961,0.02043,0.00928,0.02111,0.40834,0.00491,0.00482,0.02905,0.01173
0.00349,0.06467,0.09258,0.00592,0.22131,0.00794,0.27185,0.02078,0.02037,0.06343,0.01745,0.07912,0.02733,0.10378
0.00562,0.12067,0.11418,0.00765,0.09408,0.00618,0.15730,0.01872,0.03621,0.05998,0.00239,0.15003,0.02870,0.19829
0.31143,0.10120,0.12089,0.05178,0.01008,0.01077,0.00586,0.00324,0.00760,0.29453,0.04044,0.01109,0.01097,0.02011
