0.01203,0.08011,0.06371,0.00386,0.05260,0.09475,0.04496,0.03596,0.19401,0.07249,0.18861,0.15691
0.00430,0.01823,0.02099,0.00839,0.00444,0.06443,0.02965,0.03093,0.11372,0.16303,0.53136,0.01054
0.00095,0.02165,0.03080,0.01217,0.02273,0.03737,0.63103,0.00842,0.10789,0.03606,0.08038,0.01055
0.05214,0.12390,0.00663,0.01229,0.23253,0.27559,0.00706,0.00791,0.09665,0.10060,0.01584,0.06887
0.00496,0.03053,0.01046,0.00486,0.00361,0.00285,0.09060,0.02333,0.19309,0.59786,0.03324,0.00462
0.00259,0.40824,0.21126,0.05457,0.00456,0.03654,0.09061,0.01804,0.06388,0.06969,0.03361,0.00642
0.00009,0.02078,0.02237,0.01787,0.01243,0.01234,0.02765,0.01386,0.39883,0.35813,0.09097,0.02468
0.00849,0.04503,0.00138,0.01751,0.02561,0.02039,0.22462,0.06888,0.06086,0.09296,0.43128,0.00300
0.12995,0.05329,0.00430,0.00739,0.00024,0.05195,0.03007,0.02374,0.36289,0.30586,0.02820,0.00211
0.09186,0.00520,0.01137,0.02784,0.00521,0.02373,0.02910,0.13454,0.06439,0.36996,0.23122,0.00557
0.01309,0.03351,0.02495,0.01516,0.14844,0.03069,0.04836,0.02712,0.21040,0.05929,0.37894,0.01005
0.00344,0.02721,0.00956,0.01295,0.02092,0.33923,0.01227,0.01746,0.04521,0.09790,0.36549,0.04836
0.00732,0.01620,0.02646,0.00549,0.00184,0.11673,0.15530,0.00099,0.04925,0.25309,0.11874,0.24860
0.02250,0.04162,0.04226,0.22141,0.00094,0.03770,0.00697,0.01830,0.55118,0.00816,0.04570,0.00328
0.00431,0.01667,0.00406,0.02932,0.00418,0.13496,0.05032,0.07516,0.01361,0.11861,0.53477,0.01403
0.00469,0.04642,0.01156,0.04754,0.01770,0.23372,0.01522,0.20909,0.13150,0.18770,0.09000,0.00485
0.04686,0.00986,0.00178,0.01927,0.00523,0.01840,0.14737,0.01526,0.25882,0.34189,0.12197,0.01329
0.00800,0.02491,0.03697,0.03144,0.00348,0.05769,0.04802,0.01956,0.61943,0.03415,0.05767,0.05866
0.00522,0.14521,0.00013,0.04060,0.00348,0.10688,0.08642,0.03193,0.05011,0.43931,0.08179,0.00892
0.00417,0.02168,0.01533,0.00816,0.00728,0.03767,0.04364,0.01325,0.06888,0.09669,0.66924,0.01402
0.00408,0.05389,0.21282,0.01323,0.00332,0.01455,0.04665,0.01213,0.49670,0.05717,0.04680,0.03866
0.00167,0.04132,0.01428,0.02307,0.20283,0.00365,0.38687,0.03289,0.05722,0.18862,0.03885,0.00872
0.00122,0.04185,0.11305,0.03672,0.01434,0.33100,0.19636,0.01400,0.11557,0.10318,0.02822,0.00449
0.00730,0.00564,0.00462,0.03090,0.00272,0.02380,0.05990,0.01711,0.17792,0.65663,0.01114,0.00231
0.01964,0.02813,0.01646,0.08243,0.00515,0.07401,0.40157,0.01384,0.14542,0.02488,0.18065,0.00780
0.00508,0.22588,0.02167,0.03623,0.00924,0.08843,0.00588,0.01588,0.13791,0.32544,0.11648,0.01189
0.00793,0.16184,0.00366,0.28450,0.02485,0.01261,0.01220,0.16765,0.05698,0.07692,0.08307,0.10778
0.00433,0.02602,0.51531,0.00965,0.02338,0.04325,0.06451,0.00528,0.08651,0.02354,0.18758,0.01065
0.02687,0.01285,0.00156,0.03152,0.01645,0.02827,0.11584,0.11645,0.05872,0.07403,0.49505,0.02238
0.00151,0.03945,0.00554,0.09201,0.04151,0.01090,0.16610,0.01020,0.19014,0.26238,0.17262,0.00764
0.14702,0.04322,0.03878,0.06363,0.00663,0.00506,0.23098,0.07957,0.11596,0.21344,0.05137,0.00434
0.09751,0.01972,0.01227,0.00431,0.02874,0.02486,0.20255,0.04423,0.43188,0.04025,0.06325,0.03043
0.03645,0.03207,0.03446,0.05033,0.01041,0.05177,0.03521,0.01120,0.29780,0.29946,0.12979,0.01103
0.03560,0.01128,0.01292,0.01684,0.00762,0.07566,0.13585,0.02911,0.08818,0.10346,0.42898,0.05450
0.00089,0.03096,0.00886,0.01664,0.00283,0.05657,0.01002,0.02926,0.09728,0.50107,0.06803,0.17760
0.00353,0.01861,0.24506,0.00287,0.00795,0.00973,0.01499,0.19440,0.14535,0.24412,0.10519,0.00817
0.00209,0.13696,0.01522,0.14767,0.00198,0.06901,0.01788,0.00672,0.34119,0.06672,0.19175,0.00282
0.02469,0.16464,0.01072,0.02146,0.02054,0.26951,0.02258,0.03444,0.15785,0.06669,0.19006,0.01683
0.00001,0.01243,0.01508,0.04219,0.01382,0.26664,0.03580,0.00598,0.32534,0.08269,0.19584,0.00417
0.00168,0.07524,0.04364,0.01466,0.02289,0.04646,0.05677,0.04733,0.03458,0.58325,0.06922,0.00428
0.00110,0.04680,0.00340,0.00942,0.00869,0.04555,0.01534,0.00798,0.03084,0.03628,0.71261,0.08198
0.00429,0.00980,0.02057,0.01641,0.00429,0.01503,0.01231,0.00058,0.31701,0.03526,0.56116,0.00330
0.06182,0.01900,0.00327,0.01052,0.02452,0.01328,0.02267,0.01048,0.04602,0.48592,0.29640,0.00611
0.00057,0.01050,0.00289,0.03881,0.01648,0.01573,0.02046,0.01031,0.10767,0.02304,0.72649,0.02704
0.00718,0.01510,0.02666,0.00501,0.00449,0.01140,0.28036,0.01578,0.34428,0.14355,0.14066,0.00553
0.00513,0.05499,0.03513,0.11956,0.01636,0.08376,0.11218,0.02677,0.21060,0.24825,0.07945,0.00783
0.02559,0.03464,0.01624,0.10758,0.10986,0.04874,0.02170,0.02408,0.04327,0.23665,0.16701,0.16464
0.00374,0.02092,0.08556,0.00855,0.01504,0.08992,0.03276,0.05348,0.32920,0.03886,0.29480,0.02717
0.00260,0.02199,0.00744,0.04668,0.02530,0.01864,0.04379,0.50378,0.22881,0.03061,0.04739,0.02297
0.00762,0.18593,0.01739,0.01925,0.00741,0.09260,0.04751,0.01773,0.43443,0.10278,0.06197,0.00538
0.00248,0.01299,0.00903,0.03170,0.00801,0.02261,0.12757,0.00377,0.04777,0.03568,0.68427,0.01411
0.00238,0.13520,0.00291,0.00614,0.01662,0.03080,0.17918,0.01245,0.07695,0.01438,0.39291,0.13008
0.00185,0.01706,0.01338,0.01060,0.00604,0.46652,0.01076,0.00813,0.02619,0.36347,0.07097,0.00503
0.02804,0.08637,0.00343,0.02790,0.02551,0.09306,0.02921,0.04722,0.04732,0.36346,0.20461,0.04387
0.00400,0.13477,0.04603,0.00303,0.00534,0.01920,0.00208,0.00387,0.03186,0.09097,0.65653,0.00232
0.00816,0.06975,0.00491,0.05874,0.00161,0.20657,0.00619,0.45604,0.06648,0.04134,0.05733,0.02289
0.00018,0.01142,0.00287,0.00133,0.03044,0.00509,0.01327,0.03750,0.02713,0.82859,0.04154,0.00064
0.00166,0.02288,0.09964,0.00309,0.00989,0.64923,0.01808,0.00630,0.05355,0.01844,0.07613,0.04111
0.01948,0.01601,0.00776,0.02139,0.00805,0.36956,0.00368,0.03482,0.04223,0.08508,0.36623,0.02570
0.02486,0.28491,0.01804,0.01071,0.00096,0.03889,0.05732,0.02310,0.39312,0.12849,0.01629,0.00330
0.00183,0.04194,0.06434,0.01819,0.00268,0.09291,0.10775,0.01320,0.07609,0.01951,0.55602,0.00555
0.00234,0.03460,0.00647,0.05631,0.00773,0.00964,0.00528,0.04484,0.10170,0.02206,0.70735,0.00168
0.01237,0.07632,0.05082,0.06844,0.00390,0.01454,0.12189,0.01491,0.14602,0.42019,0.05436,0.01623
0.00253,0.18732,0.02485,0.00589,0.00562,0.17449,0.08127,0.02778,0.19813,0.14481,0.14074,0.00658
0.00201,0.02797,0.00131,0.01363,0.01985,0.00800,0.08120,0.00826,0.02756,0.56709,0.02814,0.21498
0.00836,0.05457,0.01146,0.13305,0.00273,0.11430,0.01315,0.04916,0.07449,0.13721,0.38393,0.01759
0.00563,0.02159,0.02723,0.03091,0.00543,0.02262,0.01347,0.01366,0.03323,0.03332,0.77852,0.01439
0.01447,0.05360,0.28510,0.00949,0.02057,0.05714,0.01639,0.02782,0.17810,0.10069,0.23569,0.00093
0.00949,0.07265,0.03177,0.09533,0.03863,0.01689,0.01275,0.05090,0.36459,0.08302,0.18158,0.04239
0.00000,0.02791,0.03045,0.00696,0.00174,0.09375,0.26540,0.00877,0.10623,0.01197,0.43257,0.01425
0.00116,0.01071,0.02320,0.10200,0.05685,0.01274,0.44615,0.02073,0.20425,0.01207,0.03840,0.07175
0.00023,0.10720,0.00427,0.57882,0.11553,0.03755,0.00779,0.00384,0.06181,0.04013,0.03920,0.00363
0.00107,0.03760,0.02944,0.01218,0.00392,0.35977,0.39118,0.00700,0.11384,0.02179,0.01872,0.00348
0.00052,0.01179,0.00281,0.00111,0.00067,0.06401,0.01892,0.08878,0.59071,0.13284,0.07184,0.01600
0.16448,0.01911,0.00198,0.13579,0.25971,0.00731,0.00758,0.03173,0.13795,0.16261,0.06988,0.00187
0.02595,0.04461,0.01548,0.00400,0.00307,0.25931,0.24970,0.00763,0.31201,0.01314,0.05643,0.00867
0.00453,0.01208,0.06558,0.00783,0.01797,0.03809,0.01467,0.52238,0.08588,0.18460,0.04272,0.00368
0.00001,0.02305,0.00062,0.24866,0.00512,0.05210,0.03588,0.00213,0.05333,0.07733,0.48533,0.01646
0.00745,0.01029,0.09564,0.03027,0.02630,0.02817,0.06625,0.06680,0.03730,0.30961,0.27494,0.04697
0.00291,0.02282,0.00238,0.02023,0.02474,0.03225,0.47711,0.00409,0.16902,0.01651,0.19280,0.03515
0.05230,0.06123,0.09668,0.05362,0.04895,0.05834,0.03844,0.02643,0.19255,0.23466,0.13374,0.00305
0.00240,0.01595,0.00525,0.00152,0.00439,0.01578,0.00433,0.00544,0.04307,0.42253,0.47268,0.00665
0.00290,0.00840,0.00117,0.00563,0.00899,0.01733,0.11350,0.00428,0.17670,0.64185,0.01325,0.00599
0.03340,0.02812,0.05791,0.09824,0.11756,0.08266,0.01089,0.00159,0.23760,0.15297,0.17479,0.00428
0.00000,0.02802,0.00199,0.00607,0.02311,0.07435,0.23778,0.02428,0.14976,0.19410,0.24570,0.01483
0.00015,0.05943,0.03462,0.03195,0.12569,0.05075,0.01129,0.07080,0.41783,0.14813,0.04072,0.00864
0.02719,0.04435,0.03740,0.06379,0.02861,0.03071,0.09083,0.01457,0.07844,0.42554,0.10342,0.05515
0.04598,0.30560,0.03595,0.01463,0.00742,0.04858,0.02504,0.21488,0.08682,0.13983,0.07170,0.00357
0.00400,0.00419,0.10671,0.01303,0.00806,0.03298,0.02033,0.07977,0.03443,0.09169,0.54447,0.06032
0.03737,0.11829,0.01676,0.01483,0.00094,0.03908,0.03595,0.04003,0.50469,0.11037,0.06498,0.01670
0.07505,0.08850,0.01728,0.39549,0.00624,0.01654,0.02657,0.01810,0.10014,0.01741,0.23619,0.00249
0.05417,0.09577,0.01204,0.00453,0.00535,0.14440,0.03053,0.03521,0.16832,0.30352,0.06873,0.07743
0.00174,0.00728,0.00146,0.00856,0.02149,0.01231,0.30406,0.04487,0.12704,0.45847,0.01038,0.00234
0.02443,0.05290,0.00646,0.00684,0.00536,0.01456,0.05937,0.01442,0.14505,0.49353,0.15587,0.02121
0.00708,0.04103,0.01693,0.03601,0.00755,0.03067,0.02498,0.02216,0.51978,0.02732,0.25406,0.01244
0.00752,0.01678,0.00494,0.01080,0.04988,0.01821,0.24171,0.06989,0.39588,0.11972,0.01966,0.04500
0.00162,0.02316,0.01383,0.01054,0.00251,0.31419,0.05934,0.00709,0.47082,0.02208,0.07308,0.00175
0.00057,0.10778,0.01692,0.04129,0.00238,0.13972,0.05065,0.01165,0.13565,0.15204,0.33964,0.00170
0.01374,0.15291,0.01085,0.01616,0.04510,0.08258,0.04922,0.00907,0.07193,0.19531,0.34025,0.01288
0.00519,0.04358,0.02353,0.15886,0.00392,0.20639,0.00874,0.01500,0.23707,0.02504,0.26860,0.00407
