0.51216,0.03075,0.01610,0.01477,0.09715,0.14039,0.02563,0.01752,0.12626,0.01927
0.03137,0.02888,0.01866,0.01594,0.02897,0.34592,0.08906,0.02239,0.33721,0.08160
0.10307,0.03514,0.01503,0.01823,0.02115,0.30047,0.09701,0.02565,0.26951,0.11474
0.03330,0.02884,0.02839,0.02963,0.02381,0.34584,0.07298,0.02329,0.30242,0.11150
0.04777,0.03440,0.02541,0.02086,0.03203,0.33395,0.07585,0.03487,0.32754,0.06732
0.01530,0.01279,0.00947,0.01028,0.00847,0.45574,0.01395,0.00944,0.43953,0.02504
0.07364,0.01646,0.00783,0.00906,0.03496,0.41704,0.01674,0.01050,0.38916,0.02461
0.03634,0.01815,0.01989,0.01073,0.04360,0.29086,0.15023,0.01254,0.26667,0.15099
0.05811,0.04701,0.02774,0.02409,0.03415,0.35708,0.03079,0.03307,0.31127,0.07668
0.03685,0.02554,0.01246,0.01108,0.02458,0.43208,0.01244,0.00846,0.42208,0.01442
0.02830,0.02441,0.01800,0.01521,0.02835,0.32494,0.11380,0.01601,0.30035,0.13063
0.01698,0.01088,0.00759,0.00744,0.01556,0.28500,0.19201,0.01324,0.24540,0.20589
0.01606,0.00956,0.00410,0.00614,0.01058,0.46417,0.01055,0.00970,0.45502,0.01411
0.21567,0.17823,0.01300,0.01540,0.03440,0.25601,0.01398,0.01668,0.21958,0.03704
0.01167,0.00835,0.01268,0.00928,0.01062,0.37860,0.09175,0.01648,0.37094,0.08963
0.04522,0.05139,0.04293,0.03739,0.02852,0.29516,0.09315,0.02761,0.27894,0.09969
0.01272,0.01115,0.01173,0.01207,0.00956,0.45934,0.01080,0.01471,0.43782,0.02009
0.01750,0.01028,0.01014,0.01101,0.01700,0.43579,0.02879,0.01585,0.40437,0.04927
0.18878,0.13487,0.01890,0.02044,0.06188,0.25394,0.03175,0.01732,0.23224,0.03988
0.24094,0.05410,0.01328,0.01266,0.21021,0.21584,0.01781,0.01490,0.19933,0.02094
0.06184,0.04090,0.01795,0.01458,0.03265,0.37648,0.03179,0.01971,0.36863,0.03547
0.09087,0.05012,0.03586,0.05066,0.06365,0.23241,0.10679,0.04225,0.22382,0.10359
0.00752,0.02275,0.01734,0.01549,0.02373,0.41532,0.03832,0.02217,0.36873,0.06863
0.02136,0.01482,0.00939,0.00842,0.01449,0.44229,0.02282,0.01334,0.40028,0.05280
0.07412,0.04877,0.01625,0.01759,0.03100,0.14332,0.26483,0.01162,0.10836,0.28414
0.02528,0.01486,0.00606,0.00736,0.01360,0.35384,0.11407,0.00939,0.32530,0.13023
0.12993,0.09100,0.01059,0.01305,0.05292,0.34038,0.01170,0.00970,0.32707,0.01365
0.03459,0.02544,0.06339,0.04405,0.07497,0.33602,0.04673,0.03162,0.29982,0.04337
0.07005,0.04083,0.03199,0.02435,0.05013,0.28270,0.10592,0.02166,0.24829,0.12408
0.03743,0.02427,0.01379,0.01972,0.02527,0.40972,0.02483,0.02181,0.39586,0.02731
0.07206,0.03167,0.01548,0.02324,0.04893,0.38491,0.01177,0.02421,0.37594,0.01180
0.07135,0.06088,0.00805,0.00912,0.02320,0.37423,0.03751,0.01130,0.35792,0.04644
0.07309,0.04316,0.03980,0.04635,0.05222,0.30326,0.06063,0.03416,0.25541,0.09193
0.04047,0.01863,0.01635,0.01974,0.04814,0.38756,0.04141,0.01790,0.36124,0.04856
0.02177,0.02805,0.01534,0.01449,0.01198,0.42010,0.03322,0.01901,0.38139,0.05467
0.17652,0.08166,0.02760,0.03011,0.13438,0.25437,0.02294,0.01477,0.22504,0.03260
0.07789,0.06139,0.04518,0.02850,0.05362,0.28373,0.07512,0.03304,0.24535,0.09619
0.10516,0.05683,0.01439,0.01602,0.05395,0.31941,0.05942,0.01536,0.30481,0.05464
0.32153,0.01766,0.00896,0.00978,0.01801,0.29958,0.01294,0.00711,0.28380,0.02061
0.19642,0.02326,0.01093,0.01493,0.06198,0.31897,0.02614,0.02285,0.28580,0.03871
0.02079,0.02186,0.01061,0.00839,0.01209,0.45043,0.01316,0.00687,0.44234,0.01346
0.03788,0.03359,0.01916,0.01863,0.02497,0.36289,0.06468,0.02418,0.33859,0.07542
0.13772,0.04577,0.01197,0.04772,0.06572,0.18786,0.14219,0.05039,0.16434,0.14633
0.01468,0.00797,0.00636,0.00807,0.01504,0.33871,0.14417,0.01091,0.30998,0.14413
0.20346,0.03318,0.01509,0.01449,0.18371,0.23998,0.03668,0.01280,0.22549,0.03514
0.21998,0.16387,0.01456,0.01373,0.04288,0.18632,0.09053,0.02194,0.14814,0.09806
0.02603,0.01288,0.00614,0.00648,0.01740,0.45233,0.01312,0.00868,0.43195,0.02501
0.04261,0.04048,0.02083,0.01936,0.02362,0.39982,0.02718,0.00857,0.38734,0.03019
0.19369,0.15897,0.01695,0.01305,0.04837,0.25418,0.02304,0.01564,0.24740,0.02871
0.02914,0.04155,0.02127,0.01239,0.01709,0.39388,0.03937,0.01639,0.33114,0.09778
0.01592,0.00752,0.00747,0.00885,0.01488,0.45855,0.01608,0.00800,0.42616,0.03657
0.08655,0.04781,0.01434,0.01834,0.05157,0.23096,0.16174,0.03394,0.18633,0.16841
0.04423,0.02138,0.00695,0.00662,0.02620,0.43443,0.01143,0.00717,0.41102,0.03058
0.06412,0.04015,0.01522,0.01342,0.01869,0.16339,0.26295,0.01675,0.14251,0.26279
0.21701,0.02073,0.00908,0.01042,0.19921,0.25766,0.01143,0.00622,0.24429,0.02394
0.01348,0.00761,0.00484,0.00594,0.00897,0.40930,0.07165,0.01103,0.39342,0.07376
0.09186,0.07229,0.00782,0.01376,0.01880,0.14202,0.25958,0.01072,0.11996,0.26319
0.05298,0.01535,0.00920,0.00772,0.04673,0.41671,0.01728,0.01096,0.40084,0.02225
0.10692,0.06331,0.01964,0.02075,0.07979,0.32487,0.02653,0.01923,0.28898,0.04999
0.02166,0.01251,0.00746,0.00754,0.01351,0.34026,0.12734,0.01782,0.32174,0.13017
0.03300,0.03936,0.01577,0.01497,0.01955,0.41491,0.02366,0.01991,0.38833,0.03055
0.00717,0.00521,0.00490,0.00363,0.00652,0.47814,0.00791,0.00842,0.46669,0.01141
0.23211,0.04593,0.02397,0.02456,0.03256,0.29025,0.02258,0.02123,0.27588,0.03094
0.03122,0.02474,0.01875,0.01517,0.01915,0.37913,0.06209,0.02220,0.36209,0.06545
0.02883,0.01521,0.00797,0.00789,0.02342,0.38678,0.07566,0.01041,0.34673,0.09710
0.02994,0.02092,0.02247,0.01535,0.01806,0.10117,0.33685,0.02362,0.08915,0.34247
0.06084,0.05923,0.05282,0.04619,0.05765,0.27639,0.08602,0.03078,0.24225,0.08783
0.01574,0.00876,0.00531,0.00430,0.00952,0.46487,0.00932,0.01198,0.45206,0.01814
0.09314,0.07745,0.02547,0.03112,0.04496,0.32045,0.04064,0.01938,0.29175,0.05564
0.15341,0.02447,0.01208,0.01437,0.14151,0.30261,0.02014,0.01042,0.29483,0.02617
0.08907,0.04771,0.02469,0.02595,0.05970,0.19227,0.17588,0.02540,0.17225,0.18709
0.03537,0.02256,0.01129,0.01019,0.04000,0.41585,0.02327,0.01954,0.38077,0.04115
0.03263,0.01863,0.00859,0.01828,0.02836,0.15248,0.29504,0.01215,0.13315,0.30069
0.03807,0.03396,0.03523,0.03633,0.04417,0.33927,0.05681,0.03442,0.31123,0.07049
0.08839,0.03643,0.00790,0.01285,0.06698,0.33223,0.05985,0.01170,0.30703,0.07662
0.03174,0.02502,0.01520,0.00890,0.02324,0.33899,0.09488,0.04035,0.30302,0.11864
0.04344,0.02381,0.02100,0.01475,0.03894,0.35210,0.07591,0.00959,0.31778,0.10268
0.00708,0.00433,0.00596,0.00305,0.00667,0.47323,0.01824,0.00835,0.45123,0.02187
0.09915,0.05597,0.01341,0.01658,0.06017,0.35197,0.02355,0.00841,0.32657,0.04422
0.01321,0.01289,0.03039,0.01503,0.02159,0.40332,0.04248,0.02141,0.39095,0.04875
0.01759,0.02185,0.01372,0.01150,0.02084,0.24914,0.20937,0.01801,0.22444,0.21354
0.01628,0.02809,0.02049,0.01873,0.01178,0.38693,0.04050,0.05654,0.36466,0.05599
0.06111,0.04034,0.00900,0.00923,0.02416,0.39398,0.03223,0.01340,0.37780,0.03875
0.17560,0.15350,0.04424,0.04515,0.07614,0.17149,0.06767,0.04330,0.15243,0.07049
0.04146,0.02846,0.02439,0.02088,0.03022,0.29476,0.10944,0.06018,0.27650,0.11370
0.02345,0.01326,0.00657,0.00776,0.01142,0.25515,0.21625,0.01665,0.23051,0.21897
0.30107,0.23721,0.00835,0.04467,0.03720,0.16665,0.01668,0.01556,0.14844,0.02417
0.06201,0.03170,0.02135,0.01992,0.04734,0.36383,0.03891,0.02569,0.33624,0.05301
0.03707,0.01656,0.00752,0.00658,0.01774,0.44044,0.01428,0.01908,0.42101,0.01972
0.39538,0.05695,0.01668,0.01530,0.04050,0.20124,0.02236,0.02821,0.18729,0.03609
0.07171,0.04363,0.02296,0.04304,0.03288,0.26396,0.07606,0.09925,0.25577,0.09076
0.17544,0.04416,0.01842,0.01554,0.14680,0.21919,0.07406,0.01895,0.19728,0.09016
0.06193,0.04680,0.02530,0.01400,0.03078,0.39586,0.01545,0.00824,0.37813,0.02351
0.05443,0.03111,0.01320,0.01327,0.03156,0.39314,0.02451,0.03146,0.37832,0.02899
0.25328,0.10090,0.02825,0.03786,0.18281,0.13944,0.04701,0.03077,0.12456,0.05512
0.01096,0.00704,0.00757,0.00714,0.01353,0.36468,0.11129,0.01783,0.35746,0.10250
0.04271,0.03177,0.01290,0.01449,0.02587,0.41008,0.02292,0.01511,0.33573,0.08842
0.07492,0.02494,0.01148,0.00714,0.06033,0.38833,0.02134,0.01632,0.36766,0.02754
0.23815,0.16513,0.03646,0.03092,0.17159,0.16189,0.01162,0.01591,0.15167,0.01666
0.03535,0.03527,0.03838,0.02043,0.03211,0.36972,0.01908,0.07405,0.35827,0.01736
0.19028,0.16899,0.00754,0.01502,0.02051,0.27114,0.01623,0.03128,0.25831,0.02070
0.05681,0.04497,0.01111,0.01151,0.02367,0.27637,0.14530,0.02842,0.23479,0.16706
0.03459,0.02288,0.00753,0.00905,0.01849,0.18167,0.27351,0.01064,0.16284,0.27879
0.05551,0.03542,0.01083,0.01045,0.03661,0.40784,0.01600,0.01046,0.39448,0.02241
0.02461,0.01508,0.00801,0.01204,0.01244,0.44801,0.01713,0.01899,0.41845,0.02524
0.10558,0.04891,0.02417,0.02159,0.07613,0.28685,0.06941,0.02287,0.26877,0.07572
0.02639,0.01525,0.00707,0.00896,0.01160,0.44167,0.02583,0.00944,0.40342,0.05036
0.01796,0.01247,0.00815,0.00934,0.01932,0.34557,0.12102,0.01087,0.33178,0.12352
0.10215,0.07179,0.00808,0.01671,0.02971,0.36665,0.01920,0.01010,0.34784,0.02775
0.02799,0.03758,0.01708,0.01711,0.01624,0.26890,0.17308,0.02450,0.21051,0.20700
0.05777,0.03787,0.02126,0.03108,0.03219,0.34707,0.06176,0.02362,0.32674,0.06066
0.10470,0.07105,0.01271,0.02470,0.03058,0.23960,0.13028,0.03098,0.22757,0.12785
0.03458,0.01577,0.01020,0.01379,0.02110,0.34760,0.10958,0.01642,0.31517,0.11579
0.12022,0.04224,0.02770,0.03100,0.08817,0.30876,0.02517,0.03952,0.28964,0.02759
0.07475,0.04840,0.01296,0.02403,0.07036,0.35874,0.02401,0.02011,0.33448,0.03216
0.05149,0.02904,0.02032,0.02189,0.03840,0.39532,0.02108,0.01734,0.37421,0.03091
0.05874,0.04125,0.01346,0.01051,0.02442,0.27278,0.14773,0.02147,0.25584,0.15379
0.12834,0.03940,0.01128,0.01091,0.02075,0.25175,0.14205,0.01584,0.21878,0.16090
0.09283,0.08271,0.02116,0.01796,0.03248,0.36215,0.01198,0.01569,0.34850,0.01455
0.09154,0.04018,0.01475,0.02114,0.01995,0.38322,0.02003,0.01676,0.33256,0.05986
0.02911,0.01401,0.01219,0.01275,0.03099,0.43725,0.01480,0.01311,0.41289,0.02290
0.09084,0.05223,0.01178,0.01204,0.04540,0.35580,0.03675,0.01286,0.32969,0.05261
0.32942,0.10975,0.02484,0.13532,0.14656,0.07110,0.04501,0.02469,0.06567,0.04764
0.17402,0.05998,0.01722,0.01629,0.13140,0.23848,0.05756,0.01868,0.21779,0.06858
0.08686,0.05277,0.02731,0.03701,0.07813,0.30196,0.04826,0.01949,0.27517,0.07304
0.03732,0.04000,0.01116,0.02282,0.02087,0.39452,0.03165,0.02463,0.36561,0.05140
0.08012,0.04843,0.01317,0.01951,0.03942,0.15352,0.23335,0.02528,0.12297,0.26425
0.01235,0.00934,0.00517,0.00511,0.01211,0.46977,0.00834,0.00697,0.45917,0.01167
0.05274,0.03173,0.01848,0.02390,0.03572,0.40813,0.01203,0.01023,0.39328,0.01376
0.30149,0.10838,0.02807,0.03181,0.05380,0.19048,0.02936,0.04274,0.16625,0.04762
0.07499,0.04395,0.02363,0.01464,0.03372,0.36523,0.03042,0.02497,0.36126,0.02720
0.39895,0.05712,0.01740,0.01356,0.02962,0.18504,0.04833,0.02597,0.15854,0.06547
0.02350,0.01732,0.00893,0.00870,0.01778,0.44098,0.01769,0.01351,0.43091,0.02068
0.03946,0.02646,0.00863,0.01222,0.02670,0.42996,0.01245,0.01242,0.41265,0.01905
0.07051,0.04018,0.01545,0.01500,0.05376,0.39247,0.01142,0.01109,0.36848,0.02162
0.02068,0.01567,0.00580,0.00757,0.01143,0.44164,0.02803,0.00991,0.37751,0.08176
0.02111,0.03275,0.02191,0.02291,0.03321,0.34950,0.08174,0.03593,0.31116,0.08979
0.02502,0.01814,0.01256,0.00892,0.01378,0.41924,0.03714,0.01571,0.39301,0.05647
0.05249,0.04520,0.01318,0.01534,0.01998,0.38891,0.03105,0.02633,0.37151,0.03600
0.02276,0.01232,0.00566,0.00647,0.02131,0.45367,0.01276,0.00756,0.43798,0.01953
0.04036,0.04871,0.04341,0.03990,0.05431,0.29423,0.06856,0.02999,0.25818,0.12235
0.14003,0.02893,0.01039,0.01018,0.12112,0.29799,0.04676,0.01264,0.28172,0.05024
0.06102,0.03466,0.01059,0.01635,0.02999,0.29000,0.13414,0.01690,0.26178,0.14455
0.02605,0.02983,0.01732,0.01236,0.01565,0.28782,0.15015,0.03481,0.24688,0.17912
0.08352,0.05561,0.03043,0.03479,0.05262,0.20098,0.16836,0.02279,0.18497,0.16592
0.19878,0.18034,0.02508,0.02637,0.05721,0.23124,0.02296,0.02620,0.21033,0.02149
0.05032,0.03269,0.00969,0.00851,0.02013,0.42220,0.01896,0.01394,0.37014,0.05342
0.06306,0.03169,0.01378,0.01605,0.05186,0.37996,0.02829,0.01504,0.32228,0.07800
0.20149,0.09897,0.03091,0.02832,0.06685,0.25090,0.03090,0.02106,0.21801,0.05258
0.01795,0.01083,0.00704,0.00766,0.01077,0.38948,0.07649,0.01790,0.35803,0.10383
0.04970,0.01516,0.00681,0.00986,0.03282,0.42393,0.01682,0.01698,0.40050,0.02741
0.07289,0.03552,0.01892,0.02904,0.02952,0.38571,0.01065,0.03506,0.36326,0.01942
0.01723,0.01186,0.00425,0.00687,0.00944,0.45946,0.01190,0.01620,0.44460,0.01820
0.05981,0.03668,0.02356,0.01516,0.03569,0.39541,0.01947,0.01129,0.38203,0.02093
0.11965,0.08622,0.01540,0.02185,0.06898,0.31848,0.02027,0.01996,0.29092,0.03826
0.02591,0.01576,0.00626,0.01041,0.01798,0.44987,0.01220,0.00995,0.43085,0.02080
0.13357,0.10697,0.01120,0.01357,0.03258,0.21997,0.13482,0.01472,0.19550,0.13710
0.06124,0.02908,0.02143,0.01762,0.05012,0.31367,0.04091,0.09896,0.32523,0.04174
0.09265,0.09486,0.03778,0.02702,0.06489,0.26609,0.07364,0.01851,0.24410,0.08045
0.20297,0.01904,0.01013,0.00772,0.18342,0.25256,0.03280,0.00827,0.24631,0.03678
0.13413,0.08502,0.03173,0.02207,0.06158,0.24370,0.08950,0.01436,0.20784,0.11006
0.01418,0.01162,0.00913,0.00846,0.00711,0.46011,0.01190,0.01074,0.44493,0.02182
0.11206,0.09556,0.00804,0.01074,0.02591,0.35454,0.02332,0.01237,0.33379,0.02367
0.35376,0.01985,0.00752,0.00912,0.33399,0.12892,0.00821,0.00560,0.12294,0.01010
0.01356,0.01035,0.00493,0.00481,0.00590,0.46987,0.01240,0.00826,0.45174,0.01819
0.04179,0.01791,0.02165,0.02246,0.05022,0.24432,0.17860,0.01540,0.22393,0.18372
0.02256,0.01601,0.00472,0.00589,0.01159,0.43827,0.03351,0.00771,0.42377,0.03597
0.18784,0.15343,0.01899,0.01792,0.03823,0.25114,0.03797,0.01937,0.21228,0.06284
0.01498,0.00622,0.00582,0.00862,0.01075,0.45757,0.01335,0.02256,0.43331,0.02682
0.02094,0.01803,0.01081,0.00820,0.01778,0.44356,0.01577,0.01318,0.42809,0.02364
0.00838,0.00678,0.00600,0.00428,0.00621,0.22175,0.26585,0.00776,0.21169,0.26130
0.01852,0.01362,0.01579,0.01198,0.01014,0.28131,0.18457,0.01549,0.25863,0.18994
0.01917,0.01114,0.01043,0.01028,0.01234,0.39544,0.07377,0.00861,0.37460,0.08422
0.00924,0.01025,0.00547,0.00647,0.00902,0.47038,0.01145,0.00897,0.45372,0.01503
0.03103,0.04110,0.01827,0.01339,0.01762,0.35533,0.07892,0.01332,0.32002,0.11099
0.11675,0.09916,0.02370,0.02217,0.04371,0.25810,0.08043,0.03891,0.25351,0.06357
0.02514,0.02140,0.01321,0.00922,0.01397,0.42652,0.03161,0.01069,0.40945,0.03878
0.08310,0.02954,0.01508,0.01387,0.06309,0.38016,0.01656,0.01685,0.36047,0.02127
0.27999,0.24434,0.01429,0.01837,0.04426,0.17329,0.02300,0.01284,0.15955,0.03007
0.03815,0.01542,0.00998,0.01128,0.03523,0.43667,0.01261,0.00788,0.41019,0.02260
0.26769,0.05547,0.02161,0.01520,0.03143,0.24308,0.05993,0.01842,0.21961,0.06757
0.07933,0.05914,0.01314,0.01254,0.02052,0.35197,0.05222,0.03520,0.32544,0.05050
0.13963,0.04046,0.01663,0.02058,0.12541,0.30239,0.02332,0.01908,0.28654,0.02595
0.15910,0.10104,0.03992,0.08394,0.07020,0.25712,0.01494,0.01573,0.23767,0.02033
0.05624,0.03217,0.00826,0.00899,0.02373,0.41771,0.01602,0.01231,0.40051,0.02405
0.08489,0.04567,0.02351,0.01836,0.06504,0.28474,0.09403,0.02339,0.25635,0.10402
0.04056,0.02831,0.01711,0.02219,0.03586,0.30991,0.10575,0.02900,0.29338,0.11794
0.02964,0.01830,0.01111,0.01386,0.02175,0.33546,0.12123,0.01520,0.27937,0.15408
0.01427,0.02033,0.01429,0.01637,0.03256,0.42267,0.02821,0.01647,0.38113,0.05371
0.10675,0.03342,0.00948,0.01068,0.02424,0.36260,0.04282,0.01460,0.34714,0.04827
0.01427,0.00790,0.00699,0.00835,0.02094,0.44986,0.02059,0.01160,0.42491,0.03461
0.05491,0.03476,0.01374,0.01771,0.03083,0.38476,0.03489,0.01591,0.36837,0.04413
0.01704,0.01727,0.01152,0.01601,0.01124,0.40015,0.04779,0.05444,0.35272,0.07182
0.01879,0.01225,0.00707,0.00887,0.01987,0.45348,0.02011,0.01141,0.40931,0.03883
0.04099,0.03171,0.01918,0.02239,0.02296,0.20254,0.21756,0.03589,0.18794,0.21885
0.25848,0.24912,0.01755,0.02285,0.02998,0.16798,0.03083,0.03979,0.15891,0.02452
0.04379,0.02354,0.01227,0.01210,0.02231,0.41606,0.02384,0.01612,0.39598,0.03400
0.08337,0.05177,0.01305,0.01972,0.02413,0.34847,0.04656,0.02193,0.32654,0.06446
0.04529,0.03063,0.03114,0.02461,0.03962,0.37765,0.03027,0.01965,0.35420,0.04695
0.01370,0.01122,0.00792,0.00898,0.00961,0.44795,0.02512,0.01420,0.42679,0.03451
0.09678,0.02251,0.00961,0.00954,0.02609,0.40442,0.01330,0.01565,0.38145,0.02065
0.01034,0.00669,0.00379,0.00382,0.00727,0.47674,0.00827,0.00609,0.45808,0.01891
0.02063,0.01610,0.01562,0.00782,0.01502,0.42749,0.03244,0.02240,0.38819,0.05429
0.02469,0.02237,0.01631,0.01541,0.01682,0.37375,0.07625,0.02260,0.35385,0.07796
0.40969,0.03790,0.01896,0.01547,0.04869,0.13872,0.09152,0.02077,0.12291,0.09537
0.14523,0.12341,0.00639,0.00569,0.02252,0.33973,0.01243,0.01000,0.31311,0.02150
0.02097,0.01671,0.01240,0.00955,0.02155,0.43869,0.01660,0.01935,0.41168,0.03250
0.13565,0.05638,0.01708,0.01133,0.03061,0.30708,0.04901,0.05262,0.30730,0.03295
0.41497,0.04834,0.02072,0.02615,0.04230,0.20329,0.02020,0.01244,0.16791,0.04368
0.00849,0.00511,0.00274,0.00285,0.00587,0.48262,0.00613,0.00327,0.46676,0.01615
0.06421,0.03592,0.03571,0.03524,0.09707,0.26602,0.09726,0.01767,0.24854,0.10236
0.01020,0.01207,0.00809,0.00605,0.00932,0.44327,0.02943,0.00773,0.42014,0.05371
0.07830,0.04695,0.01753,0.01152,0.03957,0.33355,0.07187,0.01355,0.30356,0.08359
0.06112,0.03473,0.01094,0.01555,0.02211,0.31482,0.11130,0.02211,0.29026,0.11707
0.01245,0.00739,0.00477,0.00595,0.00825,0.45858,0.01769,0.01439,0.44887,0.02166
0.06300,0.02668,0.02101,0.02049,0.03335,0.31981,0.09281,0.01551,0.24520,0.16214
0.27848,0.21650,0.02110,0.01944,0.11995,0.13210,0.04747,0.01326,0.09878,0.05293
0.13629,0.03240,0.01279,0.01722,0.10905,0.32407,0.01862,0.01246,0.30092,0.03618
0.08738,0.05183,0.02187,0.01495,0.04900,0.35792,0.02773,0.01491,0.32903,0.04539
0.03222,0.01656,0.01069,0.00844,0.01982,0.30422,0.14596,0.02278,0.29238,0.14691
0.02201,0.02594,0.22199,0.01862,0.10825,0.26064,0.04236,0.00851,0.22716,0.06452
0.14817,0.11386,0.03089,0.01976,0.06201,0.30215,0.01255,0.01021,0.28327,0.01712
0.01316,0.00819,0.00615,0.00597,0.00862,0.47185,0.01410,0.00642,0.44840,0.01716
0.03116,0.03076,0.01235,0.01142,0.02263,0.42332,0.02208,0.01461,0.40226,0.02940
0.02773,0.01515,0.00675,0.00702,0.01014,0.45510,0.01215,0.00908,0.43739,0.01950
0.12818,0.11752,0.01614,0.01813,0.02771,0.32773,0.01915,0.01458,0.30923,0.02164
0.09097,0.06019,0.00690,0.00920,0.03088,0.38216,0.01677,0.01372,0.36351,0.02570
0.11896,0.06857,0.02242,0.03062,0.05873,0.21872,0.11870,0.03858,0.19224,0.13244
0.04647,0.03803,0.00891,0.01056,0.02040,0.42210,0.01839,0.01190,0.39586,0.02740
0.05852,0.01888,0.01274,0.01676,0.05471,0.40176,0.01430,0.01336,0.38870,0.02027
0.02494,0.02148,0.01366,0.01708,0.02744,0.39309,0.04641,0.02167,0.36351,0.07072
0.05096,0.03060,0.01273,0.01723,0.02137,0.42105,0.01291,0.01052,0.40156,0.02108
0.54469,0.04276,0.01341,0.01814,0.02539,0.14861,0.02247,0.01710,0.13217,0.03528
0.03489,0.01792,0.01662,0.01386,0.01101,0.37646,0.07509,0.01256,0.35122,0.09038
0.07609,0.08485,0.02829,0.03983,0.03108,0.31282,0.03466,0.05236,0.29920,0.04082
0.03482,0.01953,0.01209,0.01451,0.01758,0.23904,0.21373,0.01661,0.20657,0.22553
0.04885,0.03332,0.01112,0.01660,0.02686,0.39612,0.02239,0.04239,0.38074,0.02161
0.10437,0.07048,0.00843,0.01733,0.03597,0.36408,0.01511,0.01497,0.34193,0.02735
0.02998,0.02145,0.01117,0.00817,0.01893,0.38792,0.06106,0.01538,0.36942,0.07653
0.01829,0.01079,0.00650,0.00733,0.01324,0.45929,0.01678,0.00858,0.42870,0.03050
0.21876,0.18546,0.02883,0.02117,0.03705,0.18828,0.06915,0.02235,0.16181,0.06714
0.34250,0.03880,0.01671,0.01433,0.07524,0.24435,0.01376,0.01611,0.21598,0.02222
0.30569,0.22838,0.03131,0.04007,0.12421,0.09123,0.03755,0.01703,0.07711,0.04740
0.01529,0.02503,0.01636,0.01210,0.01085,0.29941,0.15045,0.01143,0.21864,0.24044
0.12539,0.07692,0.03270,0.03737,0.08599,0.27774,0.03416,0.01932,0.24791,0.06252
0.04105,0.02536,0.00688,0.00833,0.01785,0.10753,0.34773,0.01158,0.08566,0.34803
0.09934,0.07075,0.01162,0.02709,0.05165,0.35012,0.01754,0.01693,0.33609,0.01888
0.13004,0.03164,0.00830,0.00717,0.10660,0.30837,0.04627,0.00732,0.28813,0.06615
0.02053,0.01227,0.00662,0.00485,0.01600,0.45896,0.01443,0.00702,0.44317,0.01614
0.00925,0.00653,0.00765,0.00654,0.01050,0.45657,0.02546,0.01261,0.38950,0.07539
0.03544,0.02378,0.01755,0.01526,0.02459,0.31049,0.11755,0.04209,0.29485,0.11840
0.11464,0.03043,0.00981,0.00905,0.09140,0.35177,0.02110,0.00693,0.32514,0.03972
0.11016,0.08729,0.00861,0.01033,0.03224,0.32168,0.05322,0.01399,0.30782,0.05467
0.01890,0.01032,0.00758,0.00990,0.01602,0.44484,0.01888,0.01955,0.43456,0.01945
0.03920,0.03033,0.07087,0.05578,0.04861,0.31858,0.04390,0.04782,0.31250,0.03240
0.07560,0.06163,0.01195,0.01794,0.03006,0.31767,0.08671,0.01547,0.29278,0.09018
0.00891,0.01865,0.02131,0.01600,0.02304,0.15328,0.30141,0.02018,0.12717,0.31003
0.03409,0.02109,0.01547,0.01383,0.02525,0.32445,0.11713,0.02143,0.29978,0.12748
0.01367,0.01156,0.00651,0.00733,0.00824,0.43608,0.03809,0.01357,0.42071,0.04425
0.02408,0.02431,0.01335,0.01001,0.01546,0.39706,0.05613,0.02344,0.33002,0.10615
0.02360,0.02873,0.00951,0.00869,0.01278,0.43947,0.01605,0.02065,0.41619,0.02435
0.11892,0.05990,0.01869,0.02776,0.06325,0.33316,0.01674,0.02315,0.32207,0.01637
0.06592,0.03998,0.01865,0.02110,0.03806,0.37055,0.04002,0.01264,0.34377,0.04931
0.05571,0.03752,0.02173,0.01904,0.03632,0.36218,0.03858,0.03320,0.30982,0.08590
0.12294,0.09579,0.01459,0.01406,0.03040,0.33583,0.02593,0.01785,0.30338,0.03922
0.02688,0.03806,0.03303,0.02702,0.02147,0.35580,0.05045,0.04963,0.33997,0.05768
0.05323,0.03898,0.03172,0.02410,0.05448,0.29190,0.09887,0.03130,0.26966,0.10575
0.04943,0.03483,0.01465,0.01340,0.02476,0.32497,0.10277,0.02127,0.31795,0.09596
0.04650,0.02668,0.01193,0.01585,0.02106,0.37774,0.05906,0.02705,0.33935,0.07477
0.03461,0.06687,0.02962,0.02755,0.03902,0.36661,0.01905,0.03880,0.35114,0.02672
0.11819,0.03039,0.01282,0.01276,0.10717,0.24892,0.11238,0.01857,0.21823,0.12057
0.06123,0.03218,0.00657,0.00871,0.03992,0.39749,0.02131,0.02094,0.38346,0.02821
0.01725,0.01273,0.00680,0.00702,0.01536,0.44360,0.01900,0.01481,0.41905,0.04438
0.03303,0.02311,0.01179,0.01008,0.02177,0.34002,0.08189,0.06948,0.33458,0.07425
0.14883,0.12724,0.00631,0.03675,0.01057,0.23061,0.10666,0.01094,0.21189,0.11020
0.06059,0.04344,0.01283,0.01239,0.03994,0.35523,0.05047,0.02101,0.27590,0.12819
0.11459,0.02887,0.01085,0.01088,0.09860,0.30085,0.06547,0.01945,0.27417,0.07626
0.04159,0.03045,0.01435,0.01587,0.02304,0.40925,0.02119,0.01390,0.38640,0.04396
0.02570,0.03436,0.01936,0.01698,0.02174,0.24787,0.17957,0.04429,0.21511,0.19502
0.03428,0.05641,0.01952,0.01531,0.03189,0.37055,0.04474,0.02806,0.35349,0.04573
0.20117,0.02609,0.01642,0.01906,0.17160,0.18584,0.09346,0.01693,0.16652,0.10291
0.07666,0.03134,0.01454,0.01070,0.04366,0.36339,0.04494,0.01935,0.34463,0.05078
0.01353,0.00870,0.00986,0.00816,0.01198,0.44689,0.02540,0.00821,0.43854,0.02873
0.00779,0.00541,0.00613,0.00595,0.00689,0.45652,0.02200,0.02394,0.43998,0.02539
0.03245,0.03127,0.02152,0.01909,0.01900,0.39508,0.04223,0.01740,0.37325,0.04873
0.13742,0.07778,0.03610,0.04371,0.08815,0.20628,0.09215,0.02560,0.16256,0.13025
0.03341,0.01969,0.01820,0.01642,0.03251,0.40618,0.03297,0.01665,0.38691,0.03706
0.26457,0.20028,0.01912,0.02507,0.08274,0.18010,0.01654,0.01305,0.16617,0.03236
0.10726,0.02778,0.00793,0.00812,0.09064,0.36232,0.01222,0.01500,0.34581,0.02292
0.07377,0.05317,0.00935,0.01283,0.02791,0.30188,0.11049,0.01659,0.27267,0.12133
0.04305,0.02814,0.02349,0.02748,0.03005,0.37890,0.03884,0.02333,0.34500,0.06172
0.14915,0.05497,0.02994,0.02946,0.10681,0.27742,0.03220,0.02421,0.25455,0.04129
0.00443,0.01903,0.07078,0.01592,0.01594,0.40099,0.02351,0.02985,0.39023,0.02932
0.02104,0.01445,0.02826,0.03060,0.01804,0.38060,0.05730,0.02037,0.35051,0.07884
0.02923,0.04136,0.04537,0.03626,0.02706,0.28266,0.12028,0.02723,0.25140,0.13914
0.03757,0.03317,0.01316,0.00857,0.02104,0.43090,0.01430,0.01700,0.40887,0.01542
0.01272,0.00868,0.00987,0.00967,0.01313,0.44786,0.02171,0.01566,0.43332,0.02738
0.02399,0.01310,0.00660,0.00720,0.01674,0.32846,0.13644,0.01597,0.31281,0.13870
0.01578,0.00956,0.00279,0.00297,0.01009,0.46847,0.01428,0.00904,0.45064,0.01638
0.00941,0.00653,0.00461,0.00478,0.00940,0.47257,0.00923,0.00891,0.46066,0.01391
