0.14690,0.02640,0.16155,0.02368,0.02847,0.04480,0.02284,0.13668,0.02776,0.13098,0.03383,0.07944,0.08346,0.01319,0.04003
0.11973,0.02736,0.17013,0.05227,0.05023,0.08057,0.02712,0.14287,0.03149,0.14234,0.02851,0.03107,0.04032,0.02547,0.03052
0.11107,0.01779,0.34231,0.02912,0.03407,0.03263,0.02297,0.09696,0.02353,0.05307,0.04019,0.06386,0.07208,0.01402,0.04633
0.09445,0.03458,0.11494,0.07188,0.09772,0.19249,0.02689,0.07591,0.02811,0.09172,0.03364,0.03855,0.04796,0.02361,0.02754
0.14091,0.02777,0.10438,0.07716,0.06285,0.09346,0.03476,0.15133,0.03158,0.10830,0.03232,0.03997,0.04179,0.01844,0.03496
0.10632,0.03221,0.17769,0.05367,0.05900,0.09285,0.02712,0.16045,0.03608,0.11812,0.02243,0.03179,0.03301,0.02355,0.02570
0.14085,0.03185,0.08524,0.03575,0.04323,0.05539,0.02482,0.15112,0.02814,0.06504,0.02714,0.13317,0.13239,0.01685,0.02900
0.14137,0.03291,0.11530,0.04489,0.05796,0.07239,0.04348,0.15213,0.04019,0.09303,0.02518,0.05180,0.05831,0.03722,0.03384
0.07019,0.01235,0.09549,0.02866,0.03347,0.06459,0.01551,0.07305,0.02071,0.19669,0.02843,0.15257,0.16880,0.00945,0.03003
0.12088,0.03008,0.20504,0.05790,0.10977,0.07135,0.03391,0.09959,0.03151,0.07048,0.02768,0.04024,0.04333,0.03097,0.02727
0.08432,0.03693,0.10668,0.11546,0.06740,0.07579,0.03047,0.07453,0.02808,0.07586,0.02792,0.10840,0.12084,0.02245,0.02486
0.09386,0.03720,0.09921,0.05445,0.10541,0.17011,0.03035,0.09180,0.03186,0.06306,0.03316,0.06051,0.06732,0.02696,0.03477
0.13338,0.02541,0.10341,0.04855,0.04967,0.04948,0.03066,0.13775,0.02937,0.07977,0.07989,0.05647,0.07146,0.02455,0.08018
0.08289,0.02479,0.20483,0.03635,0.04545,0.06904,0.02954,0.08814,0.02737,0.16835,0.04612,0.04658,0.04912,0.03015,0.05128
0.11991,0.01689,0.08106,0.04900,0.07389,0.13316,0.02650,0.10630,0.02355,0.10501,0.05488,0.06065,0.07395,0.02635,0.04889
0.08332,0.02144,0.11751,0.05449,0.04680,0.06569,0.02385,0.08103,0.02975,0.18057,0.03531,0.09524,0.10466,0.01954,0.04080
0.08011,0.01754,0.09437,0.04059,0.06504,0.12890,0.02338,0.12653,0.02576,0.08802,0.11077,0.03575,0.03591,0.01153,0.11581
0.08844,0.02515,0.34245,0.04192,0.04267,0.07203,0.02605,0.07744,0.02528,0.10205,0.01441,0.05515,0.05974,0.01197,0.01525
0.19390,0.04744,0.08741,0.06552,0.05575,0.05051,0.04913,0.18942,0.05054,0.07766,0.02695,0.02307,0.03860,0.02134,0.02275
0.11054,0.02404,0.16263,0.04409,0.05001,0.08184,0.02977,0.13026,0.03267,0.14499,0.05265,0.02685,0.03761,0.02131,0.05073
0.06524,0.02351,0.22750,0.05078,0.03840,0.04347,0.02612,0.05899,0.02496,0.18796,0.03623,0.07279,0.07887,0.02780,0.03738
0.09264,0.04247,0.05657,0.12805,0.08486,0.03741,0.03414,0.23292,0.05801,0.09552,0.02161,0.03138,0.03009,0.02625,0.02807
0.07420,0.04118,0.04910,0.08000,0.08899,0.12540,0.05106,0.10376,0.03824,0.10585,0.05463,0.04874,0.05982,0.03075,0.04828
0.07963,0.02309,0.13019,0.05189,0.04868,0.07300,0.01876,0.13075,0.03758,0.11469,0.08933,0.03200,0.03867,0.01605,0.11570
0.13842,0.01568,0.08982,0.07346,0.04135,0.13502,0.02558,0.14922,0.01655,0.20028,0.01952,0.02806,0.03065,0.01194,0.02444
0.17391,0.04092,0.08344,0.06170,0.04373,0.06968,0.03918,0.16222,0.03219,0.06469,0.03807,0.06288,0.06317,0.03590,0.02832
0.10227,0.03880,0.09005,0.04517,0.04308,0.10337,0.04717,0.20510,0.04667,0.11578,0.03063,0.03587,0.04547,0.02433,0.02626
0.13187,0.03040,0.13064,0.04610,0.05686,0.08938,0.02140,0.11229,0.01808,0.05194,0.03930,0.10901,0.10831,0.02469,0.02972
0.09251,0.01340,0.17991,0.04765,0.03826,0.05387,0.01690,0.12936,0.02373,0.16505,0.03385,0.06960,0.07707,0.01497,0.04387
0.12449,0.03788,0.15611,0.06334,0.06652,0.11346,0.03126,0.15573,0.03374,0.07057,0.02441,0.03313,0.04045,0.02644,0.02249
0.10764,0.02803,0.17257,0.05585,0.07907,0.06814,0.02727,0.11366,0.03250,0.10277,0.02283,0.06711,0.07672,0.01915,0.02668
0.17193,0.04378,0.14179,0.06887,0.04709,0.06228,0.04061,0.13854,0.03652,0.09402,0.02977,0.03562,0.03282,0.02875,0.02760
0.07704,0.02959,0.12182,0.07682,0.07021,0.09378,0.02700,0.06035,0.04129,0.27526,0.01306,0.03208,0.03769,0.01789,0.02613
0.11978,0.03022,0.15743,0.06997,0.08607,0.07382,0.03211,0.11234,0.02979,0.08020,0.02493,0.06750,0.07168,0.01604,0.02812
0.06589,0.02231,0.28885,0.04394,0.04067,0.06275,0.02325,0.09882,0.02764,0.08133,0.03145,0.07428,0.08159,0.01926,0.03796
0.14185,0.01850,0.12306,0.04289,0.03093,0.06625,0.01849,0.17068,0.02480,0.12038,0.02781,0.08026,0.07466,0.02239,0.03702
0.15830,0.02754,0.08804,0.06944,0.04626,0.04863,0.03547,0.15216,0.03275,0.11920,0.03166,0.06373,0.07720,0.01919,0.03041
0.14143,0.02705,0.11967,0.06284,0.04586,0.07283,0.03156,0.14727,0.02953,0.09732,0.03862,0.04664,0.05163,0.03914,0.04861
0.10705,0.02649,0.10414,0.04702,0.06110,0.09929,0.02787,0.09284,0.02570,0.06743,0.08496,0.04405,0.08039,0.02897,0.10270
0.07135,0.01316,0.13585,0.02193,0.03109,0.04156,0.01406,0.08599,0.01641,0.09676,0.02095,0.20489,0.21673,0.00761,0.02168
0.06570,0.03943,0.26060,0.03698,0.03835,0.03139,0.03873,0.05485,0.03261,0.04126,0.05289,0.08952,0.07995,0.04098,0.09677
0.04333,0.01671,0.35381,0.06776,0.02995,0.10631,0.02779,0.04683,0.02910,0.14753,0.02092,0.03509,0.04339,0.01226,0.01922
0.16570,0.03296,0.12663,0.05353,0.05165,0.04486,0.04100,0.16664,0.03420,0.07420,0.02926,0.05951,0.05752,0.02770,0.03466
0.07850,0.03171,0.11434,0.04974,0.05376,0.08424,0.02586,0.08165,0.03261,0.07125,0.02748,0.14391,0.16355,0.01504,0.02634
0.10233,0.02791,0.18443,0.03592,0.04400,0.05837,0.02747,0.10699,0.02725,0.07249,0.01802,0.12515,0.13437,0.01590,0.01939
0.11587,0.02916,0.07250,0.05450,0.04619,0.04808,0.02736,0.12208,0.02646,0.09418,0.06593,0.09625,0.10565,0.03068,0.06510
0.11494,0.03830,0.09003,0.04425,0.06741,0.10482,0.04907,0.09919,0.04010,0.10204,0.02426,0.07625,0.07209,0.03540,0.04184
0.11375,0.02750,0.11123,0.06675,0.09262,0.16564,0.02707,0.11013,0.02871,0.12535,0.02600,0.02461,0.02861,0.01973,0.03231
0.10407,0.01889,0.10751,0.03626,0.03434,0.04809,0.02419,0.11826,0.02602,0.17427,0.01904,0.11733,0.13763,0.01141,0.02269
0.04973,0.02563,0.04238,0.02748,0.03468,0.03081,0.02726,0.03979,0.02852,0.03964,0.05499,0.25841,0.26142,0.03231,0.04695
0.06143,0.02203,0.17015,0.04662,0.05861,0.08175,0.02066,0.10501,0.03139,0.15398,0.02630,0.08743,0.09253,0.01122,0.03089
0.10275,0.02992,0.08648,0.05965,0.05469,0.09038,0.03438,0.15595,0.03632,0.09303,0.03370,0.08027,0.08485,0.01915,0.03847
0.19190,0.01317,0.10699,0.02219,0.01897,0.02227,0.03090,0.22957,0.02414,0.04367,0.02155,0.11871,0.12420,0.01039,0.02139
0.13293,0.03660,0.06911,0.05113,0.05593,0.05886,0.03898,0.13448,0.03255,0.05829,0.02939,0.12206,0.12440,0.02441,0.03087
0.07541,0.01821,0.04414,0.07965,0.05615,0.13573,0.01846,0.17343,0.02407,0.18922,0.04695,0.03406,0.04264,0.01031,0.05156
0.12094,0.03531,0.32038,0.03477,0.04165,0.03104,0.03194,0.07232,0.04055,0.06127,0.02931,0.06004,0.05887,0.03206,0.02955
0.15006,0.01344,0.10051,0.03538,0.02396,0.02208,0.01822,0.15675,0.01560,0.08544,0.01591,0.16398,0.17372,0.00896,0.01598
0.09075,0.01751,0.20696,0.02635,0.03123,0.05546,0.01790,0.09874,0.01893,0.06683,0.13443,0.04434,0.05169,0.01268,0.12621
0.19814,0.01700,0.15977,0.03472,0.05379,0.04679,0.02384,0.19503,0.01912,0.09039,0.01831,0.05084,0.05480,0.01546,0.02201
0.11570,0.02225,0.32311,0.06270,0.04337,0.04573,0.02752,0.12936,0.03584,0.09105,0.02359,0.01902,0.01607,0.01377,0.03092
0.12058,0.03808,0.04668,0.09061,0.05319,0.02700,0.03051,0.16154,0.03941,0.08755,0.03858,0.10622,0.10713,0.01546,0.03746
0.11998,0.03767,0.12550,0.08259,0.05830,0.07841,0.04829,0.11614,0.03334,0.10012,0.03507,0.04864,0.05982,0.02064,0.03548
0.12596,0.01960,0.12597,0.04836,0.05758,0.08843,0.02164,0.23232,0.03853,0.12596,0.01563,0.03250,0.03628,0.01343,0.01781
0.07693,0.01373,0.30539,0.02949,0.02762,0.03603,0.01682,0.06144,0.01337,0.28016,0.03413,0.02219,0.02324,0.01090,0.04855
0.13018,0.03681,0.08548,0.04622,0.05074,0.04749,0.03255,0.16712,0.03544,0.08627,0.08200,0.04840,0.04818,0.01939,0.08373
0.15657,0.02994,0.22175,0.05305,0.05268,0.04291,0.03250,0.12112,0.03602,0.09740,0.02398,0.03936,0.04298,0.02176,0.02796
0.08826,0.02214,0.13703,0.05177,0.05825,0.09003,0.02826,0.10883,0.02522,0.14196,0.02766,0.07641,0.08894,0.02452,0.03072
0.12097,0.03968,0.16071,0.06406,0.08047,0.09196,0.04044,0.11010,0.04617,0.08895,0.01965,0.03900,0.04423,0.03479,0.01881
0.06919,0.01650,0.17721,0.08016,0.04214,0.04094,0.02153,0.14720,0.02598,0.16051,0.03050,0.06269,0.07188,0.01366,0.03989
0.16497,0.03366,0.09222,0.05270,0.05749,0.05444,0.03761,0.12977,0.03094,0.10971,0.04017,0.05260,0.05823,0.03267,0.05282
0.12033,0.02346,0.19663,0.03555,0.04050,0.03398,0.02982,0.10224,0.02222,0.06081,0.09596,0.04898,0.06585,0.01829,0.10538
0.10541,0.03281,0.11011,0.05831,0.04942,0.08494,0.03016,0.14075,0.03901,0.10327,0.04829,0.06026,0.06926,0.02324,0.04477
0.10649,0.01511,0.27435,0.04545,0.03136,0.04999,0.01769,0.09262,0.01944,0.23785,0.02535,0.02088,0.02146,0.01383,0.02814
0.28226,0.01143,0.14152,0.01886,0.01847,0.02798,0.01320,0.27786,0.01224,0.07361,0.01338,0.04352,0.04344,0.00746,0.01476
0.19654,0.01790,0.13206,0.03933,0.03853,0.04469,0.02879,0.21066,0.02919,0.09973,0.03193,0.02875,0.03442,0.02112,0.04635
0.07941,0.03400,0.25272,0.03689,0.06231,0.06803,0.02904,0.06411,0.03134,0.19989,0.03075,0.03397,0.03139,0.01814,0.02801
0.08024,0.01924,0.24615,0.05941,0.03252,0.05273,0.01803,0.07561,0.01802,0.22902,0.04707,0.02299,0.02989,0.01144,0.05763
0.07847,0.02923,0.14377,0.07616,0.04475,0.03867,0.03433,0.12164,0.03489,0.07209,0.03174,0.11722,0.12500,0.01983,0.03221
0.19066,0.01605,0.16145,0.03803,0.03008,0.06808,0.01434,0.13812,0.01368,0.13510,0.02135,0.06690,0.07381,0.01110,0.02123
0.13498,0.03367,0.09712,0.06087,0.05922,0.09208,0.03057,0.16674,0.04120,0.10633,0.02184,0.05872,0.04648,0.02463,0.02555
0.09131,0.02800,0.15109,0.10251,0.05258,0.05323,0.02807,0.09170,0.04036,0.20378,0.01889,0.04672,0.05207,0.01591,0.02376
0.11550,0.01952,0.24820,0.04338,0.04091,0.06103,0.02428,0.22963,0.02492,0.08403,0.01806,0.02330,0.02172,0.02193,0.02360
0.17539,0.02673,0.06940,0.05041,0.05738,0.08438,0.03077,0.17700,0.03342,0.14927,0.02740,0.03418,0.03600,0.01611,0.03217
0.10906,0.03367,0.08500,0.05041,0.03715,0.08096,0.04910,0.17021,0.03832,0.09238,0.04636,0.05644,0.06884,0.04049,0.04163
0.07643,0.02958,0.07594,0.10348,0.05350,0.08378,0.02588,0.08705,0.02651,0.06514,0.11101,0.06367,0.06823,0.01398,0.11583
0.13361,0.03172,0.22227,0.02914,0.05565,0.05162,0.03135,0.10730,0.03062,0.17009,0.01794,0.03728,0.03946,0.01867,0.02330
0.10581,0.02214,0.18356,0.06214,0.04423,0.05464,0.02184,0.13678,0.02645,0.14813,0.02955,0.05509,0.06356,0.01439,0.03170
0.08605,0.02367,0.11480,0.05412,0.04538,0.05320,0.01987,0.08622,0.02811,0.13994,0.04772,0.11095,0.12277,0.01624,0.05095
0.11357,0.03880,0.09557,0.06447,0.09231,0.13871,0.03881,0.11839,0.04372,0.06436,0.02738,0.04709,0.06372,0.02466,0.02843
0.13428,0.02301,0.10558,0.04446,0.05626,0.08666,0.02959,0.13103,0.02723,0.06825,0.09310,0.04030,0.04397,0.01666,0.09961
0.11277,0.02433,0.15507,0.06587,0.05749,0.07303,0.02574,0.11935,0.02760,0.17247,0.02339,0.04409,0.04777,0.01974,0.03126
0.15254,0.02698,0.16266,0.05766,0.05400,0.06981,0.02584,0.14327,0.02758,0.12767,0.03030,0.03360,0.03285,0.02209,0.03315
0.13750,0.01562,0.09378,0.06541,0.04099,0.05950,0.01729,0.20703,0.02441,0.12910,0.03445,0.06146,0.07022,0.00709,0.03614
0.18622,0.01667,0.16127,0.02966,0.02904,0.03885,0.01585,0.16860,0.01379,0.04551,0.05123,0.07825,0.09478,0.03371,0.03657
0.11915,0.03194,0.10356,0.15554,0.07070,0.06113,0.04506,0.11322,0.04542,0.15052,0.01895,0.02053,0.02666,0.01192,0.02570
0.07596,0.01482,0.11773,0.03839,0.03109,0.04883,0.01845,0.09434,0.02121,0.14665,0.04055,0.13867,0.15397,0.01326,0.04607
0.11112,0.02143,0.10495,0.08628,0.04790,0.09813,0.02343,0.21766,0.03852,0.14397,0.01246,0.02874,0.02883,0.01699,0.01960
0.13299,0.02454,0.08211,0.04497,0.05604,0.08794,0.02929,0.15504,0.02723,0.09120,0.03738,0.08198,0.08560,0.01786,0.04582
0.14657,0.02011,0.16488,0.02830,0.02787,0.03576,0.02375,0.19428,0.01843,0.06789,0.04466,0.07441,0.06870,0.02535,0.05903
0.13096,0.03861,0.13891,0.05392,0.05639,0.08912,0.03456,0.14669,0.04515,0.09194,0.03334,0.03459,0.03433,0.03484,0.03664
0.14912,0.02036,0.28582,0.04196,0.04115,0.04013,0.02746,0.10728,0.02498,0.09116,0.02292,0.04592,0.05116,0.02271,0.02788
0.07585,0.02513,0.12380,0.05142,0.05366,0.07053,0.02589,0.08143,0.03118,0.12943,0.02413,0.12396,0.12993,0.02727,0.02640
0.08761,0.03539,0.12710,0.03366,0.05605,0.06390,0.05533,0.10376,0.03748,0.09212,0.06947,0.05143,0.09246,0.04059,0.05365
0.15455,0.02135,0.07336,0.03967,0.04353,0.06277,0.02786,0.11280,0.02470,0.12567,0.05484,0.08385,0.09831,0.02213,0.05463
0.18650,0.01891,0.09930,0.07820,0.05931,0.06067,0.02330,0.21088,0.02906,0.12318,0.02561,0.01642,0.02151,0.01598,0.03116
0.14274,0.02290,0.21060,0.06175,0.05555,0.07617,0.02964,0.14164,0.03142,0.09328,0.02554,0.02477,0.02954,0.01616,0.03829
0.10106,0.02806,0.07137,0.08537,0.05486,0.10966,0.02912,0.12869,0.03156,0.16567,0.04257,0.03494,0.04939,0.02758,0.04011
0.08859,0.03524,0.10386,0.14207,0.08784,0.10431,0.03351,0.07964,0.04198,0.07534,0.02452,0.06713,0.06545,0.02549,0.02503
0.18372,0.03865,0.06702,0.05970,0.05989,0.04099,0.03831,0.21821,0.03821,0.11421,0.01306,0.04666,0.04956,0.01664,0.01517
0.10086,0.02740,0.11767,0.07182,0.05512,0.05768,0.02715,0.18877,0.03762,0.11198,0.05174,0.03881,0.04087,0.01481,0.05772
0.10769,0.01952,0.16275,0.08427,0.07407,0.11379,0.02824,0.12689,0.02586,0.08561,0.05350,0.01575,0.01955,0.01515,0.06736
0.11729,0.03937,0.05435,0.04203,0.05293,0.06326,0.03658,0.12281,0.03634,0.05637,0.03186,0.13690,0.13423,0.01999,0.05569
0.18198,0.01892,0.06381,0.04461,0.06393,0.10921,0.02449,0.13062,0.02030,0.11093,0.06321,0.04793,0.04415,0.01476,0.06115
0.13235,0.01728,0.08209,0.08587,0.04402,0.12510,0.02011,0.16425,0.02231,0.18819,0.02144,0.02872,0.02972,0.01422,0.02434
0.06688,0.03138,0.19487,0.03530,0.03287,0.06151,0.02898,0.11411,0.04472,0.19764,0.02776,0.04644,0.03886,0.03811,0.04056
0.13106,0.01703,0.35140,0.02883,0.03152,0.03724,0.01934,0.09425,0.01823,0.06748,0.05649,0.03253,0.04280,0.01171,0.06009
0.21557,0.02287,0.08899,0.03097,0.04295,0.06097,0.03431,0.24833,0.02415,0.05091,0.02776,0.04722,0.04296,0.03107,0.03097
0.14961,0.02410,0.15430,0.02838,0.03291,0.04397,0.04489,0.13153,0.02786,0.11497,0.05750,0.03715,0.06260,0.05282,0.03741
0.07649,0.03349,0.08283,0.09995,0.09288,0.16369,0.02920,0.05343,0.03177,0.10391,0.07617,0.02099,0.02322,0.02273,0.08926
0.23336,0.01767,0.16239,0.03078,0.02784,0.04159,0.02116,0.21909,0.01838,0.10940,0.02165,0.02752,0.02935,0.01853,0.02129
0.17108,0.02695,0.10131,0.05620,0.03551,0.06945,0.03464,0.15522,0.02522,0.07970,0.08649,0.02483,0.02891,0.01557,0.08893
0.11170,0.03189,0.09463,0.05481,0.05005,0.06202,0.03067,0.13261,0.03521,0.09404,0.05495,0.07874,0.08691,0.01863,0.06315
0.09389,0.05341,0.18568,0.02981,0.03620,0.03677,0.02366,0.14651,0.03532,0.08911,0.01339,0.10964,0.11852,0.01384,0.01425
0.11814,0.02612,0.22539,0.02267,0.02730,0.03947,0.02566,0.09946,0.01940,0.17407,0.01978,0.07574,0.08454,0.02030,0.02196
0.11076,0.01899,0.09607,0.03687,0.03712,0.05319,0.01926,0.11290,0.01731,0.08775,0.05043,0.14118,0.15095,0.00850,0.05871
0.18517,0.01632,0.06260,0.03128,0.04641,0.05393,0.01772,0.13289,0.01775,0.09335,0.12845,0.03506,0.03454,0.01210,0.13242
0.09128,0.02199,0.10769,0.08838,0.04491,0.10455,0.02082,0.21351,0.04573,0.14681,0.01835,0.02941,0.03377,0.01086,0.02193
0.15591,0.01396,0.11184,0.06357,0.04487,0.13157,0.01998,0.14868,0.01591,0.19152,0.02199,0.02024,0.02813,0.01209,0.01974
0.14355,0.01428,0.24523,0.02498,0.03297,0.03982,0.01521,0.22811,0.01500,0.05261,0.03953,0.04078,0.04459,0.01161,0.05174
0.22302,0.01722,0.09563,0.05733,0.03145,0.04787,0.01609,0.22151,0.01748,0.07501,0.02290,0.06560,0.06913,0.01010,0.02966
0.10164,0.04538,0.08547,0.03555,0.03634,0.02581,0.03771,0.08777,0.04508,0.05547,0.07209,0.13238,0.13340,0.02635,0.07956
0.15783,0.02284,0.04269,0.08918,0.05559,0.04946,0.02425,0.18987,0.02509,0.11487,0.02480,0.07774,0.08158,0.01647,0.02775
0.23610,0.03442,0.09068,0.02675,0.04259,0.04090,0.03840,0.23067,0.02428,0.05813,0.02289,0.05647,0.05500,0.01399,0.02874
0.12280,0.04161,0.10951,0.03502,0.05146,0.06789,0.03108,0.07622,0.02483,0.07651,0.04323,0.12063,0.12219,0.02980,0.04723
0.08073,0.03168,0.10791,0.16522,0.08829,0.10541,0.03237,0.08333,0.04103,0.08268,0.03045,0.04650,0.03911,0.03083,0.03448
0.14750,0.03019,0.10592,0.07961,0.06311,0.07388,0.03303,0.14920,0.03340,0.11821,0.03226,0.03067,0.04088,0.02544,0.03670
0.20140,0.01925,0.10210,0.03511,0.06359,0.11694,0.01940,0.15002,0.02249,0.10963,0.01717,0.05620,0.04982,0.01227,0.02461
0.29652,0.02080,0.09248,0.02723,0.03084,0.02843,0.02010,0.16031,0.02694,0.12190,0.02812,0.05374,0.05117,0.01303,0.02839
0.10450,0.03730,0.12260,0.07487,0.08366,0.13479,0.03640,0.10718,0.03943,0.10188,0.02116,0.04936,0.05435,0.01322,0.01931
0.19856,0.02606,0.10666,0.03813,0.04837,0.04642,0.03071,0.15198,0.02446,0.10223,0.03973,0.05296,0.05511,0.03282,0.04580
0.20716,0.01304,0.17314,0.03135,0.02454,0.03260,0.01604,0.18899,0.01488,0.13031,0.03057,0.04823,0.05237,0.00879,0.02800
0.07722,0.01504,0.12745,0.01869,0.02240,0.04049,0.01589,0.10416,0.01543,0.10994,0.05874,0.14804,0.17020,0.01022,0.06607
0.12542,0.03528,0.14109,0.06018,0.04701,0.04684,0.04178,0.12225,0.04151,0.11153,0.02362,0.07572,0.08275,0.02200,0.02302
0.08372,0.01922,0.12215,0.04847,0.03631,0.05516,0.01820,0.13148,0.01986,0.10303,0.04057,0.12908,0.13700,0.01428,0.04147
0.13196,0.02561,0.12594,0.06455,0.04090,0.07701,0.03218,0.18023,0.03387,0.13270,0.02757,0.03063,0.03738,0.02353,0.03594
0.18597,0.02832,0.17850,0.04339,0.04376,0.03700,0.03195,0.15002,0.03741,0.09868,0.02569,0.04445,0.04267,0.02989,0.02229
0.21121,0.01252,0.19366,0.01822,0.01907,0.02020,0.02000,0.19533,0.01052,0.14315,0.03730,0.03567,0.03983,0.01192,0.03141
0.15556,0.04191,0.14008,0.06100,0.08932,0.08318,0.04099,0.13416,0.03976,0.07320,0.02616,0.02905,0.03334,0.02077,0.03151
0.14284,0.03373,0.13251,0.04372,0.03425,0.07790,0.02923,0.17066,0.03181,0.13053,0.02911,0.03856,0.05184,0.02732,0.02596
0.07587,0.02486,0.09109,0.06478,0.05350,0.07447,0.03634,0.06685,0.03702,0.14459,0.02412,0.13007,0.13510,0.01678,0.02456
0.16529,0.02813,0.23248,0.04817,0.12289,0.06304,0.02987,0.12774,0.02794,0.06785,0.01449,0.02206,0.02160,0.01442,0.01405
0.20425,0.01840,0.12394,0.07187,0.05114,0.06009,0.02010,0.21378,0.02426,0.08101,0.02223,0.03463,0.04031,0.01192,0.02207
0.09525,0.03214,0.08772,0.07686,0.09327,0.16752,0.04246,0.08137,0.03013,0.12670,0.03347,0.03464,0.03409,0.02455,0.03983
0.09408,0.03172,0.28840,0.05278,0.05423,0.04243,0.02846,0.15002,0.03917,0.08119,0.01943,0.03643,0.04642,0.01666,0.01857
0.15239,0.04336,0.14405,0.08065,0.05095,0.04840,0.04142,0.14871,0.04690,0.10102,0.02798,0.02683,0.03332,0.02253,0.03150
0.21240,0.01961,0.07547,0.06436,0.05092,0.02883,0.02914,0.23428,0.02865,0.12432,0.01987,0.03416,0.03907,0.01912,0.01979
0.16529,0.05690,0.10346,0.06163,0.04810,0.06070,0.05827,0.13838,0.05149,0.04473,0.04889,0.04168,0.04411,0.03879,0.03758
0.13030,0.02123,0.22730,0.03636,0.03725,0.04501,0.02854,0.10411,0.02968,0.08236,0.04744,0.05686,0.06233,0.02228,0.06894
0.24917,0.02031,0.12886,0.02834,0.04372,0.06703,0.01538,0.23415,0.01509,0.04684,0.04691,0.02038,0.03002,0.00972,0.04410
0.12518,0.01737,0.14998,0.04580,0.03459,0.04312,0.02379,0.15285,0.02396,0.09806,0.07150,0.05651,0.06471,0.01117,0.08139
0.07177,0.03004,0.09907,0.09138,0.05523,0.11211,0.04432,0.13073,0.03184,0.16439,0.02667,0.04013,0.05678,0.02239,0.02317
0.11790,0.01944,0.17692,0.03770,0.08706,0.04946,0.02578,0.09655,0.02325,0.05705,0.02027,0.12183,0.12847,0.01592,0.02239
0.12522,0.02649,0.10164,0.04404,0.03834,0.05459,0.02701,0.13761,0.02563,0.08458,0.11974,0.02786,0.04560,0.02126,0.12039
0.26253,0.01531,0.17593,0.04119,0.03137,0.03686,0.01430,0.24428,0.01622,0.08856,0.01127,0.01684,0.01730,0.01162,0.01641
0.13194,0.01847,0.06719,0.05409,0.05217,0.10699,0.02255,0.15530,0.02247,0.13657,0.04035,0.06605,0.07209,0.01308,0.04068
0.11054,0.03529,0.20475,0.03737,0.06054,0.08820,0.04177,0.07920,0.03489,0.07588,0.03476,0.06549,0.06388,0.01878,0.04866
0.08122,0.04321,0.10630,0.05557,0.07546,0.08024,0.05298,0.07806,0.04752,0.08214,0.05196,0.07390,0.06191,0.05071,0.05883
0.06844,0.01264,0.32130,0.02012,0.01911,0.02756,0.01397,0.05046,0.01608,0.29106,0.04435,0.02513,0.03151,0.01382,0.04444
0.24562,0.01867,0.10462,0.03760,0.03602,0.04516,0.02736,0.25567,0.02017,0.06325,0.02019,0.04027,0.04412,0.01541,0.02587
0.10075,0.01904,0.30802,0.04421,0.04696,0.04889,0.02864,0.14886,0.02877,0.07835,0.03370,0.03250,0.03265,0.01194,0.03673
0.07128,0.04657,0.05964,0.07226,0.05726,0.04065,0.05039,0.09978,0.04815,0.07844,0.02547,0.14464,0.15064,0.02647,0.02835
0.11425,0.02379,0.10445,0.03831,0.04728,0.06766,0.02945,0.18373,0.03446,0.08450,0.02707,0.09273,0.09923,0.01956,0.03351
0.16940,0.06068,0.05622,0.05376,0.06295,0.04201,0.05472,0.13015,0.05931,0.10837,0.04066,0.04885,0.04951,0.03873,0.02467
0.15468,0.02967,0.06891,0.05428,0.04111,0.04766,0.02170,0.14769,0.01753,0.05535,0.02337,0.13789,0.15689,0.01339,0.02988
0.19725,0.01040,0.26377,0.02011,0.02157,0.02706,0.01398,0.26282,0.01504,0.06573,0.02073,0.01621,0.01706,0.01144,0.03681
0.11158,0.03388,0.12489,0.05543,0.07736,0.15365,0.03371,0.10579,0.03509,0.15147,0.01508,0.03143,0.03231,0.01883,0.01951
0.08414,0.01960,0.09373,0.03883,0.04199,0.07309,0.02581,0.14394,0.02910,0.09363,0.07417,0.08479,0.09937,0.01426,0.08354
0.13348,0.02600,0.13768,0.04539,0.05378,0.06631,0.02635,0.13780,0.03330,0.10668,0.02468,0.07630,0.08523,0.01968,0.02734
0.07750,0.04042,0.07787,0.05470,0.04549,0.07233,0.04256,0.08269,0.03660,0.06432,0.06365,0.10978,0.12461,0.03421,0.07326
0.09619,0.02254,0.09784,0.05702,0.04500,0.10317,0.01757,0.19643,0.02692,0.14650,0.02292,0.06560,0.06446,0.01330,0.02453
0.11262,0.03589,0.17323,0.04210,0.03586,0.05703,0.03039,0.13856,0.02934,0.17092,0.02727,0.04841,0.04185,0.01976,0.03675
0.06204,0.02174,0.07308,0.03223,0.02904,0.03402,0.02658,0.06804,0.03120,0.06079,0.02314,0.24232,0.25072,0.01997,0.02508
0.11763,0.04036,0.10124,0.05789,0.07878,0.10001,0.03430,0.11300,0.03890,0.04846,0.06635,0.04811,0.05921,0.03847,0.05730
0.08239,0.02953,0.11475,0.08610,0.07330,0.07584,0.03702,0.19911,0.04224,0.10738,0.03341,0.02611,0.03785,0.02007,0.03490
0.12302,0.01671,0.36538,0.03698,0.03246,0.03460,0.02217,0.12081,0.02067,0.06516,0.04232,0.01829,0.01431,0.01944,0.06768
0.11951,0.01871,0.17609,0.02385,0.02851,0.03917,0.01860,0.16587,0.01687,0.07676,0.01494,0.13279,0.13996,0.01220,0.01615
0.09942,0.01598,0.12768,0.07780,0.03381,0.16075,0.01968,0.10910,0.01815,0.21249,0.02222,0.02605,0.03430,0.01772,0.02485
0.09204,0.02120,0.11537,0.04345,0.04431,0.06937,0.02016,0.13088,0.02399,0.10230,0.01755,0.13904,0.14775,0.01429,0.01830
0.08470,0.04529,0.12581,0.05178,0.05343,0.08245,0.04152,0.16066,0.04457,0.11876,0.04364,0.02782,0.03611,0.03184,0.05163
0.09827,0.02740,0.14963,0.05585,0.04584,0.07533,0.03028,0.09758,0.02974,0.12872,0.05686,0.04453,0.06526,0.04748,0.04722
0.18563,0.02619,0.15048,0.05738,0.03741,0.04127,0.03041,0.18901,0.02977,0.07440,0.03014,0.05028,0.05487,0.01341,0.02932
0.14980,0.02017,0.19363,0.03693,0.03105,0.03083,0.02045,0.20849,0.02085,0.08199,0.01833,0.07084,0.07839,0.01861,0.01964
0.06730,0.02751,0.09081,0.04101,0.04372,0.06104,0.03465,0.06801,0.03025,0.14058,0.05597,0.12585,0.13804,0.01816,0.05712
0.20672,0.01392,0.18357,0.02028,0.06412,0.04358,0.01501,0.20437,0.01678,0.08201,0.00956,0.05640,0.06503,0.00902,0.00963
0.11851,0.01908,0.18231,0.02502,0.07301,0.06363,0.02269,0.13543,0.02740,0.09366,0.01846,0.08907,0.10012,0.01379,0.01783
0.06899,0.04743,0.08594,0.04073,0.03214,0.04321,0.04072,0.04869,0.02887,0.07366,0.13918,0.04296,0.10513,0.04422,0.15811
0.07823,0.02533,0.15475,0.04441,0.03844,0.05204,0.02788,0.08679,0.03224,0.08155,0.04084,0.13449,0.14026,0.02318,0.03955
0.11290,0.03658,0.12247,0.08950,0.06508,0.07746,0.04167,0.10013,0.03742,0.09785,0.05878,0.03157,0.04325,0.02533,0.06001
0.06587,0.02255,0.21449,0.02696,0.05706,0.06523,0.02663,0.06953,0.02946,0.14632,0.04030,0.07871,0.09275,0.02477,0.03936
0.15336,0.02297,0.23380,0.05249,0.03944,0.03645,0.02423,0.16410,0.02591,0.09888,0.01548,0.04906,0.05143,0.01491,0.01750
0.14564,0.02907,0.10252,0.03961,0.03286,0.08310,0.02808,0.20897,0.03013,0.11665,0.01922,0.06316,0.07055,0.01114,0.01931
0.14257,0.01968,0.05100,0.06459,0.04845,0.03392,0.02266,0.19237,0.02383,0.10541,0.11054,0.02951,0.02944,0.01054,0.11548
0.19972,0.01163,0.11448,0.05316,0.04952,0.13082,0.01343,0.14321,0.01743,0.16828,0.01915,0.02569,0.02393,0.01013,0.01941
0.10992,0.03137,0.10210,0.05371,0.05912,0.08130,0.04502,0.14304,0.04099,0.10077,0.03751,0.06258,0.05950,0.02449,0.04858
0.14972,0.01929,0.10527,0.02802,0.03248,0.04293,0.02929,0.17508,0.02104,0.06494,0.10811,0.04520,0.04216,0.02132,0.11515
0.12011,0.03821,0.10889,0.09819,0.05602,0.04753,0.05080,0.12459,0.05222,0.12812,0.02207,0.05294,0.05491,0.02333,0.02205
0.08346,0.03868,0.13508,0.05811,0.06992,0.11126,0.03688,0.11163,0.03366,0.09323,0.03229,0.06571,0.06836,0.02373,0.03803
0.23744,0.02143,0.11101,0.03664,0.03511,0.05845,0.02355,0.23808,0.02193,0.07824,0.02934,0.03279,0.03786,0.01246,0.02566
0.09339,0.02366,0.06951,0.05759,0.04630,0.05442,0.02795,0.10303,0.03187,0.11018,0.05905,0.11278,0.12959,0.01937,0.06132
0.12263,0.01732,0.09735,0.04195,0.10395,0.23086,0.01979,0.11399,0.02576,0.12183,0.01891,0.02805,0.02392,0.01815,0.01554
0.13068,0.02363,0.03626,0.09390,0.05972,0.05861,0.01972,0.18113,0.02497,0.12396,0.07919,0.03366,0.03528,0.01187,0.08742
0.13654,0.02096,0.12015,0.04184,0.03759,0.04538,0.01905,0.11627,0.01731,0.06606,0.08073,0.09476,0.10488,0.01401,0.08446
0.09825,0.02983,0.23371,0.03624,0.03704,0.04807,0.03236,0.22536,0.02460,0.08375,0.01991,0.04241,0.04418,0.02180,0.02251
0.08473,0.03525,0.12415,0.04119,0.06476,0.06505,0.04544,0.09712,0.03944,0.07493,0.04947,0.09054,0.11370,0.03039,0.04385
0.21143,0.02102,0.18885,0.04148,0.03901,0.03262,0.02168,0.20879,0.02240,0.06744,0.02917,0.03583,0.03883,0.01313,0.02832
0.07695,0.02683,0.12891,0.05343,0.06120,0.07575,0.03799,0.12998,0.03395,0.09560,0.03758,0.08382,0.10118,0.01842,0.03841
0.08863,0.02920,0.09969,0.10152,0.08427,0.11594,0.03111,0.06238,0.03697,0.20213,0.02248,0.03584,0.04354,0.01173,0.03456
0.10224,0.01488,0.26943,0.05421,0.02987,0.04442,0.01599,0.08688,0.01420,0.23131,0.02543,0.03683,0.03903,0.01100,0.02426
0.15832,0.01356,0.22151,0.03217,0.03304,0.05015,0.01677,0.17818,0.01746,0.18663,0.01005,0.02778,0.02870,0.01198,0.01370
0.08262,0.03893,0.14590,0.06363,0.07170,0.08802,0.03593,0.08956,0.04555,0.09266,0.02797,0.08007,0.09023,0.01816,0.02908
0.21272,0.01910,0.13707,0.03504,0.04368,0.05689,0.02603,0.22392,0.02070,0.09582,0.01892,0.04149,0.03954,0.01472,0.01434
0.11674,0.02285,0.19083,0.04035,0.03037,0.03771,0.02328,0.17845,0.02227,0.05134,0.03188,0.09855,0.10457,0.01480,0.03602
0.22892,0.01634,0.16879,0.03217,0.02504,0.02903,0.02267,0.23509,0.01629,0.05243,0.03108,0.04501,0.04419,0.02199,0.03095
0.12231,0.02216,0.13598,0.06847,0.05342,0.07959,0.03072,0.12273,0.03235,0.19895,0.01981,0.03186,0.03589,0.01652,0.02926
0.10523,0.02415,0.11378,0.12331,0.07346,0.10377,0.03138,0.14283,0.03511,0.10872,0.01919,0.03565,0.04022,0.01794,0.02525
0.12546,0.02148,0.09337,0.06245,0.04913,0.06634,0.02071,0.10522,0.01737,0.07597,0.01772,0.15321,0.15938,0.00959,0.02259
0.13271,0.03029,0.12097,0.05204,0.05425,0.07250,0.03796,0.12288,0.03424,0.07003,0.08066,0.03607,0.04618,0.02715,0.08206
0.10836,0.03249,0.11699,0.09092,0.06328,0.09134,0.02944,0.12178,0.03148,0.10167,0.02692,0.05404,0.05381,0.03820,0.03928
0.12054,0.01998,0.14570,0.06255,0.05942,0.09016,0.02324,0.14186,0.02509,0.13582,0.02936,0.04167,0.05348,0.01596,0.03515
0.14134,0.02286,0.07998,0.08617,0.05529,0.07386,0.02832,0.17069,0.02800,0.07653,0.04489,0.05665,0.06754,0.02227,0.04562
0.10522,0.03195,0.10745,0.07260,0.04770,0.09340,0.02876,0.17957,0.03903,0.12415,0.03123,0.03701,0.03776,0.02730,0.03685
0.05514,0.02020,0.09480,0.04830,0.04549,0.07167,0.01896,0.07444,0.02177,0.06680,0.17699,0.04993,0.05500,0.01222,0.18828
0.14916,0.02637,0.20154,0.06743,0.03300,0.03456,0.02349,0.17754,0.03285,0.09683,0.02874,0.04347,0.04258,0.01405,0.02838
0.09053,0.03250,0.12706,0.05509,0.07744,0.11500,0.03937,0.16373,0.03511,0.10483,0.02794,0.04265,0.04053,0.02368,0.02451
0.09714,0.02453,0.18735,0.03840,0.03490,0.04582,0.02010,0.14043,0.02464,0.16407,0.03929,0.05530,0.06277,0.01482,0.05044
0.13044,0.03768,0.12949,0.06505,0.06571,0.06318,0.03093,0.11729,0.03228,0.07594,0.06442,0.04455,0.04994,0.01968,0.07344
0.12089,0.01892,0.15514,0.04247,0.03808,0.04940,0.03202,0.13751,0.02590,0.13296,0.03997,0.06668,0.07878,0.01597,0.04531
0.18065,0.02687,0.14141,0.05566,0.08317,0.14622,0.01928,0.14855,0.01949,0.08008,0.01813,0.02052,0.02630,0.01987,0.01380
0.05116,0.01672,0.03746,0.04400,0.03419,0.05439,0.02150,0.08182,0.01759,0.08775,0.17662,0.08738,0.09316,0.01456,0.18171
0.22167,0.02346,0.13782,0.04449,0.04865,0.06456,0.02158,0.15764,0.02437,0.11219,0.02179,0.04058,0.04164,0.01654,0.02302
0.11332,0.03332,0.09895,0.05996,0.04414,0.05062,0.04323,0.11606,0.03293,0.08800,0.10137,0.03828,0.04369,0.02525,0.11088
0.11246,0.03745,0.13905,0.05963,0.08023,0.13539,0.05169,0.08981,0.04418,0.11638,0.02097,0.03788,0.02939,0.02270,0.02278
0.17453,0.02972,0.11175,0.09821,0.05651,0.06278,0.03134,0.15212,0.03043,0.08203,0.04638,0.02088,0.03166,0.02029,0.05136
0.17310,0.02498,0.19248,0.04174,0.04881,0.06702,0.02163,0.19396,0.02028,0.08673,0.02673,0.02991,0.02906,0.01977,0.02380
0.07645,0.03250,0.08081,0.03981,0.04473,0.07617,0.04529,0.15947,0.04538,0.08826,0.05277,0.08370,0.09230,0.03480,0.04757
0.08372,0.02944,0.09222,0.07719,0.10818,0.06349,0.04334,0.09381,0.05189,0.11233,0.03357,0.03397,0.02687,0.04616,0.10381
0.18517,0.01562,0.21822,0.03735,0.04112,0.05689,0.01537,0.20964,0.01731,0.08172,0.02331,0.03082,0.03307,0.00853,0.02587
0.17016,0.02997,0.10031,0.04618,0.03985,0.04183,0.05298,0.20599,0.04695,0.05445,0.05465,0.03568,0.03480,0.02865,0.05755
0.04564,0.02049,0.06871,0.07032,0.03808,0.11330,0.03027,0.07409,0.02586,0.13751,0.03230,0.13977,0.14552,0.02713,0.03100
0.16469,0.01178,0.08627,0.02823,0.02447,0.02353,0.01439,0.13305,0.01331,0.08283,0.16603,0.03425,0.03923,0.00976,0.16818
0.16315,0.03601,0.10378,0.04187,0.05418,0.06010,0.04139,0.15809,0.03833,0.07919,0.03246,0.06131,0.06802,0.02813,0.03400
0.17954,0.01811,0.18320,0.03033,0.02344,0.03820,0.02175,0.17906,0.01885,0.15370,0.03594,0.02689,0.03480,0.01426,0.04193
0.16097,0.01678,0.14713,0.07654,0.04619,0.06686,0.01871,0.19600,0.02672,0.12466,0.01376,0.03665,0.04103,0.01280,0.01520
0.19326,0.02093,0.09454,0.03754,0.03882,0.04502,0.03102,0.19502,0.03013,0.06576,0.05665,0.05296,0.05483,0.01873,0.06479
0.08318,0.04181,0.06605,0.05667,0.05557,0.10128,0.04887,0.11659,0.03929,0.08223,0.03415,0.11152,0.10209,0.02852,0.03218
0.09056,0.04712,0.08059,0.09414,0.06232,0.06787,0.05736,0.06607,0.04601,0.15157,0.02201,0.08105,0.07981,0.03246,0.02105
0.16909,0.01608,0.12397,0.03426,0.03295,0.05358,0.02171,0.22037,0.02867,0.10101,0.04230,0.05029,0.05039,0.01061,0.04471
0.06696,0.03139,0.08862,0.04232,0.04312,0.07032,0.03252,0.07798,0.03308,0.12967,0.04836,0.12538,0.14290,0.01917,0.04823
0.21076,0.03184,0.12047,0.05126,0.05308,0.05011,0.03260,0.19490,0.02202,0.07844,0.02745,0.04042,0.04347,0.01711,0.02608
0.10772,0.04171,0.11470,0.07768,0.07206,0.09616,0.03632,0.09838,0.03390,0.13054,0.02790,0.04853,0.04928,0.03578,0.02936
0.15844,0.01367,0.25199,0.04325,0.03083,0.02787,0.01578,0.24285,0.01823,0.06095,0.02229,0.04003,0.04205,0.01149,0.02029
0.08242,0.03793,0.12696,0.06198,0.05269,0.04768,0.02561,0.20017,0.04405,0.09149,0.03207,0.07101,0.07167,0.01469,0.03959
0.16699,0.03385,0.08995,0.05621,0.05009,0.03919,0.03109,0.17307,0.03627,0.09893,0.02423,0.06349,0.05976,0.03149,0.04539
0.22738,0.01436,0.16204,0.03742,0.06458,0.11152,0.01848,0.14266,0.02096,0.10650,0.01544,0.01710,0.01692,0.02227,0.02237
0.10769,0.02525,0.08902,0.04510,0.03517,0.08738,0.03500,0.22613,0.05172,0.13320,0.03529,0.03244,0.02528,0.02472,0.04659
0.09347,0.02444,0.19147,0.06282,0.04377,0.04872,0.03114,0.14998,0.03372,0.12672,0.02923,0.05497,0.05959,0.01796,0.03200
0.07251,0.02659,0.07911,0.08025,0.05051,0.14398,0.03527,0.12382,0.02942,0.18225,0.02875,0.03833,0.05718,0.02722,0.02481
0.09198,0.03312,0.17408,0.04746,0.08855,0.07268,0.03075,0.11382,0.03831,0.08841,0.03163,0.06189,0.07606,0.01638,0.03489
0.21675,0.02608,0.10304,0.06580,0.05252,0.02848,0.02895,0.19849,0.02559,0.11861,0.01955,0.03479,0.04103,0.02161,0.01870
0.06305,0.03379,0.05963,0.20682,0.09641,0.13625,0.02670,0.05485,0.03048,0.08810,0.04404,0.04307,0.04163,0.02134,0.05384
0.12927,0.02255,0.12195,0.03076,0.04245,0.04077,0.02710,0.12389,0.02061,0.05857,0.04382,0.13375,0.14489,0.01515,0.04447
0.07194,0.03624,0.05575,0.19542,0.06890,0.13094,0.02769,0.10053,0.03008,0.09016,0.04035,0.03026,0.04034,0.03344,0.04796
0.12215,0.01824,0.20353,0.06530,0.04628,0.05248,0.01808,0.12110,0.02060,0.15864,0.02170,0.04995,0.06121,0.01815,0.02259
0.19960,0.01850,0.11604,0.05137,0.04364,0.03725,0.01668,0.20635,0.02605,0.11952,0.01925,0.05379,0.05882,0.01391,0.01922
0.06651,0.03044,0.10480,0.04437,0.05665,0.09924,0.02477,0.08228,0.02199,0.05433,0.02781,0.16141,0.17869,0.02157,0.02516
0.06421,0.01846,0.07340,0.04861,0.04458,0.05159,0.02166,0.06708,0.02357,0.10014,0.02040,0.20781,0.22505,0.00974,0.02369
0.11641,0.02342,0.20178,0.04176,0.04044,0.06349,0.02553,0.09909,0.02133,0.15025,0.02511,0.06884,0.08209,0.01582,0.02463
0.09951,0.01956,0.27562,0.03029,0.03013,0.04842,0.02552,0.08298,0.02487,0.07742,0.02818,0.10372,0.10589,0.01932,0.02857
0.10556,0.03242,0.19062,0.06680,0.05722,0.09092,0.03409,0.12181,0.03653,0.10555,0.02774,0.03625,0.03685,0.01895,0.03870
0.14589,0.02740,0.12881,0.04266,0.05301,0.05453,0.03616,0.10984,0.03241,0.09705,0.05530,0.05117,0.07140,0.06078,0.03359
0.06588,0.03745,0.16413,0.06964,0.05844,0.04483,0.02835,0.22108,0.05133,0.07932,0.02693,0.05376,0.05144,0.01656,0.03086
0.19900,0.01033,0.04016,0.02372,0.02384,0.02539,0.01381,0.20145,0.00939,0.02513,0.01966,0.18992,0.19184,0.00909,0.01726
0.08981,0.01791,0.25509,0.02731,0.06213,0.06114,0.01819,0.06674,0.02137,0.16429,0.02045,0.07472,0.08267,0.01526,0.02291
0.06838,0.02689,0.12235,0.04016,0.03362,0.04997,0.02752,0.08942,0.03226,0.10163,0.04048,0.14136,0.15749,0.01787,0.05059
0.13646,0.01237,0.29465,0.02215,0.01963,0.03009,0.01052,0.11998,0.01507,0.25515,0.01151,0.02348,0.02599,0.01076,0.01219
0.12411,0.01582,0.26445,0.04802,0.03817,0.06434,0.01868,0.13905,0.02424,0.12324,0.02726,0.03044,0.03858,0.01473,0.02886
0.17510,0.01801,0.06817,0.02579,0.03576,0.03768,0.01850,0.17467,0.01547,0.03943,0.01901,0.16819,0.17314,0.01004,0.02106
0.23250,0.01094,0.16782,0.01877,0.01713,0.01518,0.01687,0.25109,0.01199,0.03047,0.06290,0.04788,0.04198,0.01223,0.06225
0.13010,0.02945,0.12938,0.04800,0.06264,0.07373,0.03868,0.21161,0.03460,0.09931,0.02726,0.02996,0.04072,0.02012,0.02443
0.06251,0.01868,0.18901,0.08391,0.04156,0.08510,0.01970,0.10214,0.02954,0.20045,0.02234,0.05241,0.05507,0.01190,0.02569
0.09205,0.02278,0.10636,0.03578,0.04151,0.04543,0.03065,0.07727,0.02925,0.05990,0.04246,0.17332,0.16917,0.02187,0.05220
0.06867,0.02377,0.17300,0.03758,0.03582,0.06434,0.02800,0.07948,0.02132,0.13870,0.09827,0.04346,0.05973,0.02686,0.10099
0.14956,0.01312,0.29322,0.03444,0.03218,0.07366,0.01897,0.08834,0.01539,0.10971,0.04113,0.03321,0.04261,0.02099,0.03347
0.18524,0.01874,0.19322,0.02216,0.06956,0.05279,0.02926,0.17737,0.02749,0.09279,0.02265,0.03387,0.04282,0.01401,0.01803
0.18823,0.02423,0.16329,0.03647,0.04378,0.05828,0.02253,0.19658,0.02351,0.12423,0.01542,0.03513,0.03760,0.01197,0.01875
0.08228,0.03696,0.12372,0.05786,0.04829,0.11442,0.03962,0.13065,0.03919,0.14296,0.03815,0.04309,0.04890,0.02027,0.03365
0.06142,0.01748,0.07356,0.03379,0.03154,0.06670,0.01876,0.06617,0.02427,0.16312,0.16390,0.04524,0.05319,0.01007,0.17079
0.14398,0.01864,0.14872,0.03266,0.04085,0.03827,0.02523,0.13397,0.02317,0.09880,0.11580,0.02481,0.02751,0.01481,0.11277
0.19060,0.03046,0.12507,0.03699,0.04083,0.04871,0.03294,0.18968,0.02418,0.08787,0.04037,0.03795,0.05013,0.02355,0.04067
0.12445,0.03710,0.08010,0.09940,0.06203,0.04206,0.03805,0.15262,0.03553,0.09556,0.02200,0.08457,0.08565,0.02027,0.02059
