0.01664,0.14827,0.41928,0.41582
0.02450,0.17837,0.42176,0.37537
0.03506,0.16689,0.40990,0.38815
0.02641,0.51503,0.23168,0.22688
0.03355,0.50811,0.23106,0.22728
0.03723,0.17069,0.39757,0.39451
0.03125,0.31699,0.33842,0.31335
0.02373,0.31611,0.33829,0.32187
0.04063,0.29299,0.34123,0.32515
0.02593,0.32650,0.30942,0.33815
0.04060,0.53399,0.21612,0.20929
0.01709,0.41176,0.28677,0.28438
0.00711,0.33901,0.35380,0.30008
0.01712,0.12811,0.46240,0.39237
0.02136,0.60907,0.18805,0.18152
0.03336,0.24813,0.36232,0.35619
0.07989,0.25393,0.34032,0.32587
0.02003,0.10623,0.44739,0.42634
0.05373,0.48926,0.23036,0.22666
0.02477,0.22602,0.39461,0.35460
0.03596,0.36252,0.31029,0.29124
0.03793,0.39405,0.28461,0.28341
0.02597,0.20854,0.38181,0.38369
0.01503,0.40734,0.28924,0.28838
0.03063,0.23022,0.36206,0.37708
0.01961,0.15064,0.42206,0.40769
0.00578,0.13799,0.46093,0.39530
0.02681,0.14337,0.44394,0.38588
0.05200,0.27045,0.33932,0.33823
0.02123,0.24439,0.35828,0.37610
0.03101,0.37993,0.29923,0.28984
0.02616,0.20312,0.38612,0.38459
0.03840,0.57037,0.20296,0.18828
0.02617,0.30578,0.34207,0.32598
0.03366,0.29958,0.33792,0.32884
0.07881,0.20126,0.36364,0.35629
0.02636,0.26856,0.37953,0.32554
0.01106,0.07406,0.47319,0.44170
0.02164,0.19381,0.39423,0.39032
0.00969,0.37470,0.32000,0.29561
0.03513,0.22019,0.36464,0.38004
0.01102,0.45354,0.26816,0.26728
0.05951,0.25597,0.35557,0.32895
0.01367,0.14121,0.42193,0.42318
0.02103,0.59385,0.18201,0.20311
0.02767,0.15999,0.39982,0.41253
0.02085,0.12955,0.43874,0.41086
0.02550,0.22766,0.37676,0.37007
0.01366,0.56635,0.22050,0.19949
0.02786,0.16399,0.41095,0.39720
0.06688,0.36713,0.29814,0.26785
0.05111,0.46520,0.24083,0.24285
0.03976,0.21114,0.37355,0.37555
0.02225,0.15054,0.42045,0.40676
0.04200,0.21432,0.35269,0.39099
0.03402,0.53182,0.22254,0.21161
0.02826,0.24154,0.37706,0.35314
0.07412,0.28960,0.32140,0.31488
0.03637,0.29734,0.34618,0.32012
0.02110,0.23519,0.37870,0.36501
0.03506,0.56991,0.20504,0.19000
0.05114,0.56937,0.19207,0.18742
0.01372,0.17326,0.40555,0.40747
0.01660,0.40925,0.28254,0.29160
0.05377,0.26820,0.33301,0.34502
0.02567,0.31526,0.31842,0.34065
0.05056,0.45992,0.25074,0.23877
0.03491,0.36976,0.30020,0.29514
0.01181,0.22582,0.37909,0.38328
0.01347,0.28222,0.35677,0.34754
0.04521,0.31230,0.32478,0.31771
0.02181,0.42374,0.29216,0.26229
0.03801,0.36656,0.31093,0.28450
0.04720,0.50808,0.22845,0.21628
0.01894,0.10046,0.44337,0.43723
0.03967,0.38078,0.30318,0.27637
0.03529,0.42349,0.27044,0.27078
0.01836,0.30104,0.34635,0.33426
0.03904,0.36677,0.28516,0.30904
0.02702,0.29812,0.34093,0.33393
0.02735,0.28755,0.34608,0.33902
0.02298,0.43125,0.26530,0.28047
0.01062,0.34561,0.33305,0.31073
0.07725,0.44752,0.23400,0.24123
0.03304,0.32373,0.33303,0.31021
0.01436,0.10985,0.44265,0.43313
0.06240,0.50669,0.21889,0.21202
0.06547,0.35914,0.29340,0.28200
0.02747,0.42040,0.27696,0.27516
0.03979,0.45460,0.25571,0.24990
0.02442,0.20973,0.39353,0.37232
0.04460,0.31713,0.32920,0.30907
0.04094,0.31292,0.32491,0.32123
0.00705,0.32491,0.33050,0.33755
0.00914,0.41835,0.27926,0.29325
0.03668,0.34873,0.31446,0.30013
0.01283,0.12563,0.41981,0.44173
0.02008,0.46962,0.25482,0.25548
0.01585,0.12403,0.44260,0.41751
0.04037,0.19645,0.38191,0.38127
