0.01914,0.09303,0.03156,0.04846,0.17067,0.07337,0.40839,0.08644,0.00882,0.06013
0.08120,0.03009,0.02056,0.03597,0.09976,0.01774,0.15639,0.27066,0.01562,0.27202
0.00903,0.01006,0.00721,0.01580,0.00776,0.05594,0.40212,0.21564,0.01708,0.25938
0.06450,0.03814,0.05795,0.02836,0.03681,0.11872,0.16657,0.18993,0.01833,0.28070
0.02456,0.07573,0.03958,0.22869,0.02801,0.02237,0.16260,0.06046,0.31781,0.04019
0.01942,0.10281,0.02676,0.02720,0.09585,0.20696,0.05352,0.14297,0.02992,0.29458
0.00598,0.00685,0.14399,0.00867,0.14728,0.00814,0.00724,0.33248,0.00815,0.33123
0.01434,0.01498,0.02755,0.21597,0.20468,0.08546,0.04308,0.21749,0.02529,0.15115
0.03381,0.05337,0.04317,0.22806,0.04009,0.14244,0.02130,0.04744,0.24126,0.14906
0.01893,0.03337,0.00756,0.02821,0.01389,0.22102,0.09834,0.18488,0.17132,0.22249
0.02086,0.21029,0.18230,0.19614,0.05391,0.01614,0.02347,0.02254,0.24249,0.03186
0.01173,0.01186,0.03059,0.02128,0.04858,0.15606,0.11605,0.36979,0.00905,0.22502
0.01223,0.02016,0.01071,0.01883,0.01744,0.40798,0.03830,0.18335,0.01338,0.27762
0.01164,0.01156,0.18786,0.01303,0.01981,0.14191,0.07457,0.21229,0.25196,0.07538
0.00844,0.28519,0.00827,0.44124,0.01634,0.01597,0.01608,0.05224,0.10959,0.04664
0.07269,0.22823,0.11327,0.12484,0.12720,0.05408,0.05797,0.10146,0.05314,0.06712
0.01370,0.05044,0.00591,0.02215,0.07924,0.01081,0.35075,0.21161,0.05923,0.19616
0.02000,0.02285,0.05997,0.02923,0.05932,0.02200,0.50884,0.13483,0.02196,0.12100
0.00798,0.01623,0.01300,0.01576,0.01014,0.19667,0.06836,0.22920,0.02574,0.41693
0.03252,0.09311,0.02669,0.26460,0.06553,0.03652,0.04969,0.08591,0.29266,0.05278
0.01080,0.07370,0.01569,0.09531,0.02836,0.08228,0.11476,0.24922,0.02468,0.30519
0.05533,0.10625,0.03684,0.08902,0.10402,0.14257,0.09187,0.11076,0.18249,0.08084
0.01271,0.10683,0.08496,0.08768,0.01266,0.01351,0.50359,0.02790,0.11963,0.03052
0.01270,0.01183,0.00633,0.01081,0.01353,0.23097,0.03855,0.32266,0.02313,0.32949
0.05128,0.27295,0.14018,0.10603,0.03291,0.03423,0.21733,0.04626,0.06109,0.03774
0.01444,0.02519,0.00906,0.03311,0.02975,0.24453,0.15537,0.34146,0.02368,0.12342
0.01066,0.08521,0.01638,0.07001,0.02177,0.01690,0.70990,0.02171,0.01340,0.03406
0.03394,0.17709,0.16637,0.05308,0.05434,0.05804,0.26774,0.09038,0.05177,0.04726
0.03022,0.04989,0.02486,0.03791,0.04832,0.32033,0.08945,0.33922,0.03861,0.02117
0.00945,0.02461,0.00862,0.01419,0.01353,0.03704,0.02099,0.40114,0.04787,0.42257
0.00922,0.04446,0.01025,0.17919,0.15700,0.00950,0.03275,0.27609,0.00753,0.27401
0.01924,0.03188,0.01948,0.03354,0.02563,0.32662,0.06561,0.06158,0.09251,0.32391
0.21955,0.02793,0.02255,0.04947,0.23680,0.11428,0.04010,0.16776,0.02541,0.09616
0.00970,0.00467,0.00535,0.00552,0.01006,0.31609,0.04669,0.15729,0.01091,0.43375
0.07724,0.01570,0.01029,0.02096,0.10521,0.29750,0.13750,0.17340,0.01673,0.14548
0.03262,0.10038,0.01125,0.14212,0.10414,0.11612,0.03808,0.06045,0.22154,0.17329
0.53483,0.02562,0.01296,0.01402,0.01416,0.02576,0.01535,0.16339,0.01897,0.17494
0.03437,0.01986,0.16567,0.02418,0.05917,0.07844,0.02402,0.16227,0.18903,0.24298
0.02176,0.03122,0.18904,0.21824,0.04097,0.05922,0.13496,0.14927,0.01521,0.14012
0.00659,0.14343,0.00894,0.00843,0.01134,0.07472,0.03840,0.24027,0.17209,0.29580
0.00755,0.01095,0.00625,0.01388,0.01168,0.16586,0.39799,0.10616,0.01345,0.26622
0.08927,0.05351,0.01680,0.05342,0.10000,0.01888,0.01857,0.32027,0.00830,0.32100
0.01321,0.27938,0.00773,0.05303,0.04549,0.03954,0.02311,0.10733,0.31746,0.11373
0.01063,0.02210,0.01006,0.01669,0.02940,0.26677,0.28356,0.04369,0.01579,0.30131
0.01005,0.00578,0.00334,0.00529,0.01235,0.34708,0.11599,0.39877,0.03498,0.06638
0.01993,0.16764,0.02713,0.18617,0.02639,0.04076,0.11717,0.18347,0.03418,0.19716
0.01743,0.07162,0.03940,0.07257,0.04188,0.08170,0.31666,0.13051,0.06319,0.16504
0.05191,0.01864,0.01553,0.01578,0.01569,0.11073,0.41479,0.11831,0.14487,0.09377
0.04840,0.09795,0.00945,0.02385,0.06776,0.10278,0.08061,0.27659,0.09894,0.19368
0.03222,0.08499,0.05432,0.01454,0.04271,0.26177,0.11290,0.17856,0.08407,0.13391
0.09381,0.09838,0.02469,0.08890,0.09471,0.09638,0.11916,0.10642,0.21288,0.06467
0.04491,0.33104,0.01507,0.01390,0.02662,0.02777,0.02345,0.06050,0.36726,0.08949
0.03883,0.04430,0.01852,0.32039,0.31820,0.02650,0.10472,0.03571,0.07258,0.02024
0.01087,0.01534,0.07401,0.08190,0.07034,0.04557,0.03915,0.30875,0.07150,0.28258
0.06262,0.17969,0.06747,0.18120,0.14767,0.08161,0.10267,0.03740,0.03180,0.10786
0.02570,0.04153,0.02689,0.02675,0.04649,0.06693,0.55900,0.10965,0.03785,0.05919
0.01600,0.04863,0.02360,0.03309,0.02673,0.14497,0.33302,0.11872,0.02129,0.23395
0.01312,0.08359,0.01067,0.19921,0.02936,0.13658,0.21654,0.14792,0.11954,0.04346
0.00654,0.07014,0.00826,0.16526,0.01360,0.02190,0.22904,0.10885,0.30189,0.07451
0.02824,0.14771,0.03983,0.22187,0.08915,0.02354,0.22472,0.08564,0.03805,0.10125
0.00806,0.05113,0.20544,0.11439,0.21573,0.07916,0.03208,0.10197,0.13075,0.06130
0.01827,0.13118,0.02570,0.15638,0.03728,0.03277,0.08460,0.19132,0.16545,0.15705
0.01276,0.23205,0.02167,0.35915,0.02260,0.04081,0.06197,0.05023,0.13610,0.06265
0.01896,0.04106,0.26585,0.27991,0.05101,0.02077,0.01400,0.15389,0.01669,0.13786
0.01500,0.02348,0.01991,0.10651,0.02038,0.01736,0.02802,0.33004,0.11383,0.32546
0.01599,0.02721,0.00897,0.04348,0.03930,0.14255,0.06344,0.25048,0.02787,0.38073
0.00452,0.01253,0.00758,0.07885,0.00822,0.02246,0.07947,0.33780,0.09425,0.35432
0.08386,0.07063,0.06390,0.07241,0.10587,0.14982,0.10605,0.19652,0.02313,0.12780
0.00837,0.01390,0.00589,0.00862,0.00720,0.07231,0.02500,0.37120,0.05998,0.42752
0.02684,0.02322,0.00872,0.23591,0.06158,0.10944,0.01936,0.08929,0.27651,0.14912
0.38395,0.01985,0.00717,0.13717,0.01317,0.08464,0.03203,0.13976,0.11748,0.06479
0.00466,0.01150,0.23144,0.17117,0.37389,0.04068,0.01825,0.03861,0.02691,0.08290
0.01548,0.22597,0.01283,0.07517,0.07120,0.06706,0.17546,0.07413,0.25538,0.02732
0.01665,0.01664,0.01656,0.07397,0.07845,0.11813,0.49003,0.14113,0.01018,0.03825
0.10231,0.04695,0.02948,0.02811,0.03535,0.01680,0.09557,0.27162,0.09855,0.27527
0.04666,0.06081,0.03495,0.09223,0.05689,0.19240,0.03378,0.08222,0.14553,0.25453
0.01393,0.01358,0.01323,0.08768,0.01115,0.05412,0.22030,0.20481,0.14587,0.23534
0.04876,0.06753,0.11350,0.02544,0.03217,0.15260,0.18276,0.08125,0.06443,0.23154
0.00742,0.00801,0.00561,0.00969,0.01167,0.08973,0.53371,0.19849,0.01954,0.11613
0.01734,0.02178,0.01123,0.02831,0.02420,0.32762,0.12002,0.36247,0.02909,0.05793
0.01264,0.19684,0.01623,0.23618,0.02479,0.02060,0.07209,0.15721,0.10688,0.15654
0.00672,0.02970,0.02000,0.13221,0.06594,0.24267,0.03175,0.26589,0.15943,0.04569
0.15845,0.01926,0.01941,0.02518,0.17877,0.10100,0.02855,0.24246,0.06182,0.16509
0.02464,0.08283,0.10597,0.12235,0.03170,0.02417,0.02374,0.22699,0.11295,0.24466
0.01939,0.04385,0.03120,0.09089,0.12159,0.04884,0.47146,0.04886,0.06099,0.06293
0.12463,0.02654,0.05872,0.14643,0.21106,0.06016,0.01956,0.15066,0.11023,0.09201
0.05450,0.01803,0.01940,0.16632,0.02037,0.13201,0.22876,0.04197,0.16619,0.15245
0.17009,0.01506,0.00647,0.01796,0.01181,0.01444,0.68417,0.02533,0.02578,0.02890
0.02003,0.15418,0.09416,0.09925,0.02421,0.10614,0.08925,0.14339,0.21271,0.05669
0.00825,0.01132,0.00682,0.01098,0.00564,0.11929,0.01493,0.45557,0.01856,0.34865
0.05470,0.21511,0.02600,0.18215,0.24303,0.01800,0.01002,0.03860,0.17217,0.04022
0.04489,0.07747,0.00710,0.07294,0.07859,0.26985,0.02843,0.05880,0.06964,0.29230
0.19030,0.02018,0.02288,0.01424,0.20683,0.14004,0.09473,0.09149,0.02597,0.19332
0.10715,0.15433,0.08492,0.14009,0.13827,0.01337,0.06252,0.03831,0.22674,0.03429
0.03603,0.03370,0.04947,0.02915,0.02478,0.01458,0.03998,0.33224,0.08867,0.35140
0.04147,0.04697,0.05304,0.03843,0.04633,0.24365,0.08725,0.12698,0.01791,0.29798
0.02183,0.12360,0.02500,0.11033,0.08772,0.01419,0.42781,0.08970,0.01501,0.08481
0.00549,0.01709,0.00654,0.02394,0.03423,0.08757,0.38659,0.17300,0.01907,0.24648
0.02598,0.02635,0.02523,0.02981,0.02169,0.05152,0.19836,0.28552,0.01735,0.31819
0.01813,0.06998,0.03314,0.10490,0.06498,0.01670,0.52432,0.03626,0.09740,0.03418
0.02537,0.05046,0.02690,0.16812,0.03606,0.19180,0.04384,0.11465,0.18334,0.15946
0.03899,0.01122,0.00800,0.09435,0.01084,0.06892,0.03009,0.26738,0.14507,0.32515
0.05515,0.09729,0.05507,0.10969,0.09660,0.06977,0.24210,0.14775,0.03026,0.09632
0.01482,0.04634,0.02419,0.07730,0.07655,0.25015,0.02023,0.12733,0.00652,0.35657
0.02087,0.04965,0.01769,0.03687,0.01669,0.04630,0.16414,0.30410,0.07363,0.27006
0.02009,0.18203,0.13054,0.01090,0.16326,0.08851,0.03949,0.05884,0.20433,0.10201
0.09232,0.01059,0.04677,0.14834,0.05387,0.01151,0.01914,0.21361,0.21430,0.18956
0.02374,0.13503,0.01484,0.05803,0.16923,0.21971,0.05044,0.24912,0.03511,0.04476
0.01268,0.02394,0.00766,0.10219,0.10191,0.18370,0.02583,0.35131,0.00930,0.18148
0.02884,0.04700,0.02050,0.05559,0.04037,0.25747,0.21648,0.27294,0.03425,0.02656
0.01699,0.01810,0.01628,0.01876,0.02290,0.20265,0.17763,0.35145,0.01376,0.16148
0.03260,0.13695,0.01355,0.15070,0.05947,0.24331,0.03670,0.04170,0.01001,0.27503
0.06730,0.31856,0.01461,0.28029,0.09090,0.01451,0.02782,0.07369,0.03819,0.07412
0.01502,0.01049,0.18010,0.04203,0.19053,0.04113,0.34147,0.05479,0.03746,0.08697
0.02787,0.02782,0.02469,0.03574,0.03747,0.04519,0.38326,0.18345,0.02571,0.20881
0.01003,0.03741,0.00658,0.05571,0.01822,0.06978,0.03532,0.40288,0.00898,0.35509
0.02164,0.09889,0.01769,0.13402,0.08327,0.01496,0.23211,0.13751,0.11733,0.14258
0.01554,0.04360,0.04139,0.12194,0.05809,0.01233,0.03747,0.25998,0.15073,0.25895
0.03619,0.20256,0.01698,0.02461,0.38628,0.01379,0.05752,0.09727,0.06481,0.10000
0.10214,0.10689,0.01316,0.04596,0.08316,0.03786,0.02151,0.24351,0.10409,0.24172
0.07077,0.02265,0.01313,0.04153,0.13280,0.12682,0.03894,0.25853,0.04798,0.24685
0.05108,0.11732,0.04115,0.14136,0.19674,0.03088,0.15664,0.09976,0.04959,0.11549
0.00714,0.25279,0.00498,0.02829,0.01125,0.13884,0.04340,0.04832,0.29416,0.17083
0.21732,0.04139,0.00605,0.02792,0.20620,0.04030,0.04523,0.20960,0.03210,0.17389
0.12973,0.05827,0.02380,0.07898,0.17119,0.07847,0.12126,0.09570,0.08730,0.15531
0.06641,0.07907,0.01780,0.07880,0.08328,0.17866,0.04505,0.14804,0.01239,0.29051
0.01546,0.04088,0.01632,0.16745,0.15082,0.15306,0.22285,0.17837,0.01736,0.03742
0.02129,0.28524,0.00939,0.05363,0.02360,0.08535,0.03161,0.10430,0.27759,0.10800
0.01191,0.23671,0.16327,0.19973,0.02633,0.11322,0.03239,0.12644,0.07278,0.01723
0.04465,0.03735,0.01459,0.04181,0.02142,0.07791,0.46215,0.07974,0.08245,0.13794
0.02072,0.12424,0.15969,0.17566,0.05777,0.04399,0.15132,0.05703,0.11585,0.09373
0.03371,0.01453,0.01093,0.02126,0.01594,0.04232,0.40591,0.19002,0.05919,0.20619
0.03888,0.06372,0.08389,0.04441,0.06439,0.23826,0.02057,0.19868,0.10939,0.13783
0.03208,0.02677,0.01906,0.02033,0.02170,0.03642,0.35969,0.19642,0.07166,0.21589
0.02284,0.25666,0.26078,0.01875,0.01821,0.02226,0.14631,0.11416,0.02040,0.11963
0.01839,0.01543,0.00407,0.03160,0.03923,0.15229,0.53370,0.02642,0.01254,0.16634
0.06437,0.07647,0.00608,0.08175,0.07514,0.11225,0.02144,0.19482,0.08364,0.28404
0.01269,0.01331,0.00408,0.01335,0.01957,0.03808,0.34556,0.26773,0.03158,0.25406
0.08332,0.07826,0.05678,0.10196,0.02171,0.10976,0.09855,0.15878,0.08029,0.21059
0.02867,0.03495,0.02125,0.02046,0.04786,0.23783,0.28948,0.03182,0.01556,0.27211
0.02581,0.01461,0.01079,0.14619,0.02630,0.16594,0.21179,0.13837,0.14217,0.11803
0.00894,0.06375,0.01152,0.10643,0.06632,0.30010,0.02140,0.02188,0.08371,0.31596
0.02904,0.01243,0.00956,0.03926,0.02826,0.24708,0.02270,0.15993,0.05844,0.39331
0.03255,0.16365,0.01493,0.04351,0.31849,0.06439,0.09507,0.12977,0.04691,0.09072
0.05476,0.04370,0.05301,0.04350,0.03775,0.23141,0.21304,0.23680,0.03189,0.05414
0.02008,0.02448,0.01862,0.02631,0.02233,0.21863,0.04130,0.18631,0.09048,0.35146
0.00856,0.05807,0.06455,0.05120,0.06487,0.09465,0.23723,0.12422,0.08988,0.20677
0.11128,0.07738,0.01216,0.06196,0.13320,0.03728,0.02169,0.26396,0.02965,0.25143
0.02957,0.15489,0.00639,0.03787,0.07133,0.05009,0.06954,0.21009,0.14978,0.22044
0.00422,0.00974,0.00587,0.07928,0.00853,0.07443,0.28759,0.16349,0.15476,0.21209
0.01304,0.05301,0.47085,0.05615,0.02718,0.02032,0.12361,0.10552,0.01711,0.11320
0.02606,0.01877,0.01327,0.05816,0.02594,0.03063,0.39394,0.13875,0.15173,0.14275
0.05598,0.21296,0.05341,0.19070,0.15163,0.02152,0.15225,0.05706,0.05139,0.05309
0.04352,0.15651,0.02821,0.05431,0.05866,0.19873,0.01928,0.06150,0.18484,0.19442
0.09488,0.07855,0.07705,0.03692,0.09546,0.23388,0.06787,0.03584,0.01616,0.26340
0.01457,0.16459,0.12231,0.06835,0.09728,0.03076,0.39441,0.03662,0.03343,0.03768
0.04585,0.19619,0.04885,0.05007,0.09896,0.04110,0.12782,0.07540,0.23052,0.08524
0.02094,0.17609,0.01267,0.02293,0.01135,0.13732,0.17244,0.16570,0.24889,0.03168
0.02616,0.02218,0.18946,0.02399,0.19548,0.14947,0.03916,0.21825,0.01198,0.12388
0.00748,0.01643,0.00725,0.17995,0.01359,0.00902,0.52045,0.03041,0.19255,0.02289
0.18319,0.01611,0.00745,0.01589,0.01085,0.03263,0.06218,0.19898,0.31321,0.15951
0.01808,0.03287,0.04246,0.04143,0.02684,0.07071,0.30591,0.21555,0.01219,0.23395
0.01139,0.04458,0.01187,0.01988,0.06401,0.03177,0.73801,0.04124,0.01509,0.02215
0.02620,0.25360,0.00660,0.25185,0.02910,0.01664,0.16895,0.12207,0.00566,0.11934
0.04417,0.03419,0.02183,0.12110,0.03815,0.01565,0.33238,0.13238,0.12620,0.13396
0.02249,0.08761,0.16598,0.16613,0.01224,0.05825,0.10998,0.16065,0.08060,0.13608
0.10174,0.17419,0.03739,0.03017,0.30531,0.05247,0.02999,0.11774,0.01257,0.13843
0.00755,0.02026,0.01148,0.07158,0.05632,0.05305,0.02560,0.38681,0.01575,0.35160
0.00762,0.01505,0.04078,0.08339,0.10787,0.19649,0.03651,0.28153,0.03152,0.19924
0.01019,0.02671,0.01576,0.02933,0.03382,0.10173,0.51503,0.10367,0.00883,0.15494
0.05077,0.04709,0.03324,0.08979,0.07225,0.10478,0.08288,0.20655,0.03165,0.28101
0.02542,0.13031,0.01562,0.15598,0.03853,0.03312,0.34081,0.09962,0.03657,0.12400
0.02406,0.09386,0.00561,0.16306,0.02118,0.01289,0.23298,0.15415,0.13873,0.15347
0.02516,0.07295,0.02344,0.23917,0.04732,0.03246,0.20411,0.05147,0.24669,0.05723
0.20624,0.03005,0.01343,0.02192,0.01748,0.03378,0.18553,0.22714,0.02818,0.23624
0.01260,0.02693,0.07167,0.07319,0.07779,0.06095,0.03736,0.25651,0.09483,0.28818
0.02457,0.04097,0.02299,0.01629,0.03393,0.18815,0.17138,0.13914,0.04336,0.31923
0.01411,0.05260,0.01427,0.03409,0.04287,0.05816,0.27882,0.24697,0.02335,0.23475
0.02474,0.02962,0.02215,0.01078,0.04511,0.11444,0.06348,0.29060,0.00902,0.39007
0.04842,0.03807,0.08653,0.16528,0.06944,0.04761,0.08619,0.14923,0.17347,0.13576
0.00892,0.18601,0.01162,0.04630,0.01825,0.20501,0.04143,0.06429,0.15731,0.26085
0.03882,0.09458,0.04114,0.10310,0.08306,0.11896,0.21730,0.15863,0.02098,0.12343
0.02273,0.06102,0.02198,0.02589,0.05980,0.23633,0.28306,0.02224,0.01733,0.24962
0.01218,0.02219,0.00843,0.02095,0.00871,0.14247,0.39657,0.11696,0.01645,0.25510
0.12531,0.03493,0.04853,0.01481,0.13871,0.07668,0.17256,0.15295,0.06852,0.16700
0.02210,0.06734,0.00700,0.01493,0.01051,0.21298,0.26830,0.22943,0.09093,0.07648
0.00739,0.01462,0.01211,0.11659,0.01028,0.30647,0.02230,0.32535,0.11051,0.07438
0.00574,0.09060,0.01561,0.20164,0.20072,0.01272,0.13907,0.11533,0.10857,0.11000
0.25849,0.04588,0.07565,0.18278,0.09371,0.10724,0.03734,0.10655,0.03816,0.05420
0.05191,0.07674,0.01538,0.01054,0.06661,0.02406,0.35427,0.16955,0.06592,0.16502
0.01829,0.03036,0.02908,0.03030,0.02063,0.25988,0.02942,0.36014,0.02778,0.19412
0.04131,0.05555,0.06667,0.12601,0.01339,0.03146,0.24654,0.15565,0.11860,0.14481
0.02544,0.01316,0.01466,0.12302,0.01426,0.03978,0.04673,0.25977,0.22839,0.23478
0.04429,0.03561,0.03931,0.12584,0.03129,0.03389,0.45857,0.03759,0.15747,0.03614
0.01383,0.10913,0.02742,0.15200,0.13959,0.01245,0.04444,0.22489,0.04795,0.22831
0.01182,0.00842,0.00993,0.04500,0.04305,0.16620,0.01715,0.34829,0.01521,0.33492
0.00462,0.12605,0.00834,0.12935,0.00828,0.01218,0.01309,0.34635,0.00575,0.34598
0.03940,0.03438,0.03366,0.03028,0.03698,0.03285,0.52538,0.11633,0.02707,0.12367
0.04167,0.05071,0.03161,0.09585,0.04381,0.08796,0.05232,0.24587,0.08436,0.26584
0.04895,0.04179,0.03785,0.05173,0.03075,0.13623,0.21242,0.14557,0.01878,0.27594
0.02478,0.01138,0.01017,0.05235,0.05368,0.10751,0.43806,0.15468,0.07130,0.07610
0.00417,0.03094,0.00828,0.01741,0.02239,0.43923,0.01040,0.45327,0.00576,0.00814
0.31617,0.06530,0.01865,0.10145,0.31624,0.02152,0.07650,0.02861,0.01912,0.03644
0.01444,0.13604,0.00595,0.29287,0.29235,0.02098,0.06601,0.03689,0.11305,0.02141
0.05524,0.06394,0.03025,0.02105,0.06762,0.01788,0.19258,0.25600,0.04576,0.24969
0.05812,0.13341,0.01263,0.12883,0.16030,0.02684,0.09834,0.04574,0.26880,0.06700
0.01539,0.10303,0.00817,0.34842,0.02010,0.01877,0.24795,0.05584,0.11645,0.06587
0.17436,0.07311,0.04368,0.16322,0.07369,0.01040,0.31542,0.06585,0.01671,0.06355
0.04470,0.11802,0.01157,0.17287,0.06064,0.19638,0.01438,0.10687,0.08941,0.18516
0.10626,0.10552,0.00932,0.01582,0.09811,0.14944,0.09099,0.20477,0.15614,0.06362
0.09391,0.01324,0.01082,0.01171,0.09751,0.01892,0.02811,0.34781,0.01726,0.36071
0.01545,0.02869,0.02143,0.21786,0.18628,0.06538,0.02219,0.18890,0.03491,0.21890
0.26589,0.01531,0.02391,0.04581,0.03552,0.13411,0.08135,0.24915,0.02790,0.12106
0.02815,0.05714,0.01588,0.05597,0.05505,0.06565,0.49606,0.07965,0.04750,0.09894
0.04366,0.03945,0.02719,0.05679,0.03674,0.21833,0.03641,0.14091,0.04424,0.35628
0.06080,0.04891,0.04893,0.02722,0.08847,0.11696,0.13610,0.27704,0.02626,0.16931
0.05454,0.14421,0.04893,0.04917,0.16162,0.01458,0.02956,0.23430,0.02272,0.24038
0.14980,0.01879,0.12299,0.02239,0.27792,0.03676,0.23747,0.05292,0.01253,0.06843
0.01983,0.02671,0.14861,0.05193,0.09623,0.04057,0.17363,0.13516,0.15844,0.14889
0.06508,0.02871,0.02590,0.02578,0.04058,0.05095,0.18845,0.27132,0.04689,0.25633
0.10508,0.21294,0.04279,0.04123,0.31186,0.02652,0.06320,0.07943,0.03723,0.07972
0.00612,0.01002,0.00726,0.01900,0.02049,0.02011,0.05089,0.41195,0.03036,0.42380
0.01525,0.08916,0.03752,0.08258,0.02427,0.08194,0.11339,0.22236,0.04451,0.28903
0.08611,0.05073,0.02308,0.02785,0.02867,0.11418,0.28608,0.15051,0.10866,0.12412
0.00592,0.06363,0.13263,0.02812,0.00999,0.04804,0.39845,0.05298,0.16689,0.09336
0.03256,0.00704,0.00671,0.01475,0.05370,0.05917,0.20532,0.31160,0.03794,0.27120
0.03325,0.06345,0.03827,0.05361,0.04682,0.03098,0.14760,0.23556,0.14260,0.20787
0.01392,0.01883,0.02387,0.03666,0.01355,0.20278,0.35478,0.10172,0.02420,0.20970
0.01818,0.06445,0.01725,0.06790,0.05026,0.01942,0.50985,0.10302,0.03011,0.11955
0.01070,0.01231,0.00913,0.15854,0.16137,0.30223,0.01289,0.06585,0.00803,0.25895
0.12164,0.09772,0.12036,0.05331,0.02831,0.16060,0.05069,0.11669,0.09706,0.15362
0.04057,0.09600,0.20443,0.23110,0.13131,0.04220,0.01802,0.11489,0.03710,0.08437
0.08480,0.00939,0.01996,0.01034,0.09757,0.20450,0.31333,0.19468,0.01167,0.05376
0.02912,0.05300,0.02463,0.01953,0.06260,0.05906,0.16599,0.26615,0.01731,0.30262
0.05082,0.06183,0.03569,0.03164,0.05885,0.08874,0.06320,0.28915,0.11896,0.20112
0.09488,0.01201,0.01459,0.01347,0.10866,0.11427,0.03188,0.25495,0.01304,0.34225
0.03262,0.02192,0.10469,0.02315,0.04090,0.13870,0.02675,0.15054,0.19152,0.26921
0.30804,0.03446,0.30570,0.01071,0.02443,0.05922,0.05443,0.07196,0.01509,0.11594
0.00912,0.04848,0.00743,0.02092,0.05330,0.23658,0.27487,0.03695,0.04010,0.27226
0.14547,0.01507,0.02241,0.02617,0.02500,0.08365,0.40100,0.11215,0.01429,0.15480
0.01816,0.13005,0.01937,0.08864,0.02467,0.03995,0.32058,0.08024,0.16509,0.11325
0.07454,0.13940,0.05219,0.04341,0.06746,0.11066,0.13134,0.17573,0.11686,0.08842
0.03624,0.14113,0.02621,0.03869,0.26353,0.08593,0.23500,0.05203,0.01950,0.10174
0.09025,0.19718,0.01218,0.11354,0.11678,0.13666,0.04934,0.03308,0.09289,0.15810
0.03338,0.12323,0.01606,0.01638,0.23906,0.01807,0.08677,0.21419,0.02642,0.22645
0.02427,0.10234,0.02340,0.08160,0.06618,0.25273,0.02564,0.05041,0.06812,0.30531
0.05666,0.11774,0.07158,0.13951,0.16575,0.02903,0.04081,0.11877,0.15382,0.10634
0.06259,0.19914,0.06921,0.17630,0.12738,0.03514,0.05816,0.06317,0.16437,0.04455
0.03589,0.06512,0.06190,0.08409,0.07138,0.01566,0.11277,0.19103,0.15876,0.20339
0.05354,0.02809,0.02279,0.07192,0.04185,0.26471,0.09429,0.25956,0.12097,0.04228
0.01891,0.03105,0.01158,0.01564,0.04892,0.22778,0.19930,0.09831,0.02384,0.32467
0.00998,0.01308,0.01247,0.16302,0.16495,0.08835,0.22172,0.11682,0.00881,0.20080
0.02431,0.06027,0.02019,0.07581,0.05811,0.12177,0.10063,0.21620,0.11675,0.20596
0.00776,0.01294,0.00539,0.03943,0.00742,0.37097,0.05395,0.05185,0.02238,0.42790
0.00447,0.06090,0.00850,0.21898,0.22854,0.08111,0.20448,0.02296,0.07373,0.09633
0.07969,0.06032,0.04463,0.09918,0.05270,0.02561,0.11623,0.19211,0.14060,0.18894
0.01984,0.02830,0.02211,0.01678,0.03546,0.01433,0.10984,0.35610,0.04105,0.35619
0.10218,0.04690,0.00922,0.16727,0.17490,0.09302,0.01175,0.22146,0.01512,0.15817
0.05076,0.14219,0.05020,0.11652,0.09358,0.16641,0.03413,0.07513,0.10751,0.16358
0.03293,0.01901,0.05150,0.05735,0.03677,0.19213,0.34856,0.06905,0.01705,0.17565
0.02940,0.11667,0.06645,0.17640,0.04989,0.03236,0.13610,0.12128,0.12942,0.14205
0.16212,0.10916,0.05230,0.03138,0.10945,0.01894,0.03082,0.15419,0.16553,0.16611
0.01493,0.17063,0.14438,0.03586,0.04269,0.09493,0.07127,0.21671,0.02248,0.18613
0.02721,0.02940,0.02458,0.02273,0.02268,0.14181,0.52914,0.14460,0.03079,0.02706
0.15043,0.02063,0.00701,0.18414,0.14040,0.04789,0.15355,0.04691,0.19705,0.05200
0.05072,0.03765,0.15768,0.05409,0.07587,0.04619,0.19108,0.09982,0.18338,0.10351
0.05892,0.05843,0.06144,0.15762,0.17373,0.06533,0.14889,0.10488,0.06795,0.10281
0.03740,0.03153,0.00784,0.09324,0.00919,0.02041,0.16557,0.26746,0.10912,0.25824
0.14787,0.12817,0.04041,0.10298,0.10429,0.09663,0.02030,0.15280,0.11077,0.09576
0.01829,0.03440,0.02156,0.03233,0.02988,0.23411,0.07954,0.35910,0.02312,0.16766
0.01416,0.01015,0.01149,0.02663,0.01102,0.12570,0.60425,0.03228,0.02130,0.14301
0.07336,0.02231,0.02427,0.22620,0.09796,0.04348,0.08999,0.10289,0.19407,0.12548
0.01280,0.11875,0.00966,0.07597,0.02140,0.01985,0.49701,0.04530,0.17515,0.02411
0.01632,0.01047,0.01216,0.22389,0.22805,0.02214,0.31483,0.07682,0.00610,0.08922
0.01996,0.21740,0.02471,0.07213,0.24213,0.01792,0.30987,0.03775,0.02345,0.03468
0.14022,0.08234,0.02138,0.01738,0.06175,0.02707,0.41266,0.04023,0.13916,0.05782
0.03428,0.04407,0.03685,0.12459,0.12470,0.07215,0.41195,0.02533,0.03268,0.09339
0.08550,0.02676,0.09189,0.07239,0.17356,0.10501,0.23704,0.03952,0.02321,0.14513
0.04413,0.02927,0.01868,0.02884,0.09141,0.09265,0.08953,0.27360,0.01459,0.31729
0.02564,0.01459,0.11116,0.01122,0.11944,0.25095,0.12428,0.27818,0.01685,0.04769
0.02340,0.27972,0.10615,0.15438,0.03090,0.02097,0.12074,0.10733,0.04021,0.11620
0.00706,0.01961,0.00835,0.09840,0.08920,0.03238,0.58051,0.05617,0.02895,0.07937
0.04822,0.14418,0.17931,0.01935,0.17110,0.05363,0.12361,0.06377,0.11928,0.07754
0.02227,0.01305,0.01082,0.02709,0.02125,0.03451,0.66494,0.09244,0.02425,0.08937
0.02630,0.11175,0.01516,0.15270,0.08905,0.02166,0.21822,0.11394,0.13134,0.11987
0.01557,0.14869,0.01486,0.05068,0.17069,0.02505,0.50959,0.01446,0.02143,0.02898
0.00837,0.12041,0.11700,0.02480,0.01198,0.25617,0.06911,0.16811,0.05153,0.17253
0.03712,0.13185,0.12070,0.17599,0.24999,0.05585,0.13935,0.01312,0.01756,0.05848
0.01636,0.21886,0.03991,0.19918,0.03713,0.03520,0.20964,0.09393,0.02833,0.12146
0.05227,0.16811,0.05634,0.12699,0.06111,0.01507,0.22729,0.10868,0.08118,0.10298
0.09929,0.27547,0.01032,0.02492,0.06171,0.03860,0.04548,0.08479,0.27161,0.08782
0.22609,0.08192,0.01182,0.02012,0.20986,0.06104,0.12034,0.12318,0.05769,0.08794
0.01028,0.06363,0.00840,0.05620,0.06970,0.20884,0.02676,0.12497,0.10425,0.32698
0.13450,0.02716,0.12221,0.01813,0.14154,0.06683,0.04437,0.10374,0.16751,0.17402
0.11893,0.04632,0.01498,0.11182,0.11334,0.06964,0.03465,0.19169,0.13319,0.16544
0.00561,0.06731,0.09351,0.06771,0.01800,0.14588,0.09160,0.13002,0.10212,0.27824
0.03976,0.06525,0.07986,0.11220,0.02339,0.03518,0.01746,0.24042,0.13206,0.25442
0.00697,0.17319,0.01263,0.19601,0.02003,0.19890,0.02306,0.08600,0.01486,0.26833
0.02205,0.02316,0.21508,0.22915,0.02492,0.03743,0.22355,0.12239,0.00660,0.09567
0.23051,0.03964,0.03086,0.05207,0.26792,0.06553,0.05314,0.08083,0.08290,0.09658
