0.00544,0.30884,0.01811,0.32132,0.07494,0.05530,0.04430,0.08128,0.01137,0.07910
0.00961,0.38705,0.01420,0.00547,0.37779,0.10548,0.06327,0.01802,0.00966,0.00946
0.09911,0.24801,0.05651,0.00925,0.00764,0.22088,0.27545,0.01622,0.02748,0.03945
0.01311,0.05822,0.08311,0.08944,0.01015,0.31578,0.33338,0.01057,0.04039,0.04585
0.24342,0.20564,0.00725,0.01590,0.17876,0.02352,0.06248,0.00489,0.02506,0.23307
0.01543,0.36080,0.07244,0.06796,0.29434,0.03129,0.03885,0.01652,0.01427,0.08810
0.01013,0.00692,0.74949,0.07325,0.00240,0.04883,0.05379,0.04322,0.00596,0.00601
0.02509,0.03105,0.03472,0.03455,0.00338,0.20120,0.28590,0.18524,0.19428,0.00460
0.01014,0.31700,0.11276,0.14920,0.23371,0.02860,0.05319,0.04254,0.02988,0.02300
0.35161,0.00312,0.02425,0.05356,0.00170,0.39974,0.01858,0.10792,0.00392,0.03560
0.04189,0.05194,0.01603,0.02866,0.02981,0.04461,0.27458,0.08550,0.28732,0.13965
0.01141,0.01069,0.02779,0.00387,0.01822,0.03273,0.42533,0.01285,0.42497,0.03214
0.01210,0.00221,0.00647,0.03884,0.04039,0.09710,0.03859,0.40616,0.00455,0.35359
0.35969,0.00811,0.00877,0.00515,0.00847,0.06337,0.05170,0.06468,0.00962,0.42043
0.00926,0.04702,0.05339,0.02612,0.03143,0.06357,0.04973,0.34449,0.01037,0.36462
0.08824,0.01337,0.07540,0.23320,0.01022,0.35900,0.03566,0.01295,0.15340,0.01856
0.00989,0.02177,0.01218,0.39313,0.03865,0.04267,0.06108,0.05712,0.01007,0.35344
0.03164,0.02596,0.01295,0.02532,0.76915,0.04548,0.07389,0.00178,0.00785,0.00598
0.00652,0.00286,0.00741,0.00201,0.00753,0.01007,0.01015,0.47933,0.00137,0.47273
0.02276,0.00391,0.00811,0.00959,0.00447,0.06015,0.44186,0.00184,0.44315,0.00415
0.01463,0.00458,0.04351,0.00249,0.01862,0.13991,0.03818,0.40103,0.00994,0.32713
0.01071,0.11464,0.02953,0.25588,0.09377,0.22980,0.11344,0.00977,0.13077,0.01169
0.43870,0.00299,0.03395,0.05497,0.00472,0.42455,0.02563,0.00347,0.00591,0.00511
0.01117,0.01251,0.13988,0.05388,0.00357,0.05490,0.21640,0.20953,0.20630,0.09185
0.05715,0.24727,0.01082,0.25288,0.06145,0.10827,0.18011,0.02946,0.02733,0.02525
0.00883,0.00375,0.01223,0.00332,0.00648,0.48605,0.01123,0.01144,0.44530,0.01138
0.06544,0.00721,0.02248,0.00776,0.00676,0.03423,0.02891,0.41523,0.01533,0.39665
0.14080,0.16352,0.26667,0.00942,0.01058,0.15133,0.03709,0.04917,0.13061,0.04081
0.07003,0.02130,0.03852,0.01557,0.01359,0.04432,0.34691,0.00584,0.35544,0.08848
0.04456,0.09412,0.00913,0.00703,0.00356,0.24493,0.06023,0.13008,0.18038,0.22599
0.01375,0.27567,0.38053,0.23725,0.00760,0.01899,0.03661,0.00521,0.00956,0.01483
0.04279,0.04303,0.03071,0.09919,0.02974,0.09480,0.27767,0.01044,0.24519,0.12641
0.00658,0.01775,0.05312,0.02646,0.75426,0.06628,0.04096,0.00652,0.00312,0.02494
0.01660,0.01213,0.46759,0.25869,0.01813,0.03635,0.02264,0.01754,0.00804,0.14230
0.13329,0.04517,0.10760,0.30795,0.04122,0.29865,0.03838,0.01711,0.00790,0.00274
0.03400,0.00870,0.05441,0.17273,0.54920,0.03606,0.03832,0.01096,0.01271,0.08291
0.03390,0.00328,0.01468,0.02129,0.02353,0.43474,0.42878,0.00416,0.00185,0.03379
0.00224,0.00608,0.04621,0.00549,0.01340,0.44944,0.46627,0.00493,0.00303,0.00290
0.31363,0.00765,0.10735,0.01319,0.00961,0.18824,0.06827,0.01119,0.06742,0.21344
0.01170,0.43053,0.03320,0.38478,0.01185,0.06886,0.02114,0.01264,0.00829,0.01700
0.00951,0.15956,0.00561,0.03043,0.01710,0.02564,0.30749,0.00423,0.26627,0.17416
0.01427,0.04455,0.03762,0.01119,0.21897,0.22111,0.07835,0.22482,0.14473,0.00439
0.02559,0.35327,0.07118,0.03254,0.39808,0.01897,0.08863,0.00450,0.00217,0.00507
0.06808,0.00496,0.35435,0.00755,0.40716,0.11962,0.01245,0.01370,0.00387,0.00825
0.46423,0.04022,0.02356,0.03775,0.01270,0.12299,0.06403,0.07216,0.10882,0.05354
0.23545,0.00731,0.65709,0.01304,0.01253,0.02779,0.02104,0.01176,0.00764,0.00635
0.16056,0.25885,0.02513,0.23617,0.01923,0.01604,0.08372,0.00921,0.08758,0.10350
0.01110,0.00852,0.21508,0.01173,0.05508,0.38140,0.28097,0.01996,0.00787,0.00829
0.03381,0.01625,0.31972,0.04428,0.34309,0.11822,0.05183,0.01176,0.04366,0.01739
0.15450,0.14972,0.01901,0.01629,0.00657,0.04635,0.04166,0.26784,0.01438,0.28368
0.36239,0.10525,0.03614,0.05965,0.00543,0.06054,0.05309,0.00353,0.00566,0.30832
0.02748,0.03589,0.21129,0.04911,0.01778,0.05009,0.33496,0.25135,0.01560,0.00645
0.39076,0.00886,0.00979,0.01427,0.01098,0.08462,0.03935,0.00455,0.00669,0.43013
0.00394,0.01031,0.86874,0.00899,0.00564,0.06870,0.02355,0.00141,0.00476,0.00395
0.00792,0.00410,0.00672,0.43682,0.43638,0.02909,0.04176,0.01078,0.01219,0.01424
0.22782,0.01149,0.03158,0.01299,0.02469,0.12030,0.35995,0.02157,0.18054,0.00907
0.01815,0.08210,0.44504,0.38379,0.01728,0.01722,0.01288,0.00369,0.01280,0.00706
0.02103,0.41374,0.00973,0.02075,0.41910,0.00934,0.05401,0.00535,0.01817,0.02878
0.01782,0.31234,0.04977,0.32901,0.05513,0.02404,0.05096,0.14867,0.00601,0.00624
0.10749,0.01125,0.03152,0.25605,0.00904,0.37267,0.19022,0.00467,0.00252,0.01458
0.00629,0.05062,0.01243,0.00504,0.00344,0.06273,0.06869,0.32559,0.07110,0.39407
0.00917,0.41278,0.00936,0.00561,0.41803,0.04018,0.04041,0.02234,0.00685,0.03529
0.06637,0.10140,0.04338,0.14433,0.06997,0.29941,0.24112,0.00755,0.01523,0.01123
0.00537,0.00749,0.00685,0.00553,0.00572,0.40033,0.06450,0.14860,0.23133,0.12427
0.00204,0.00281,0.00210,0.00580,0.00511,0.47948,0.48525,0.00286,0.01210,0.00243
0.27897,0.25409,0.23225,0.04975,0.01639,0.02582,0.03147,0.07845,0.00470,0.02810
0.35189,0.34681,0.06516,0.02456,0.00970,0.04843,0.03647,0.05473,0.00516,0.05710
0.09259,0.16283,0.02406,0.24829,0.03862,0.10905,0.05264,0.02483,0.00873,0.23835
0.02482,0.01403,0.00184,0.14268,0.45169,0.02656,0.18501,0.02123,0.12154,0.01059
0.01006,0.01049,0.00948,0.44216,0.41967,0.04778,0.02306,0.02084,0.00271,0.01377
0.03467,0.01676,0.09530,0.13847,0.03926,0.04838,0.31152,0.00719,0.28742,0.02103
0.01065,0.00803,0.15697,0.01713,0.00900,0.03233,0.05314,0.35983,0.00712,0.34581
0.01680,0.01391,0.01617,0.01123,0.14807,0.27499,0.06172,0.16301,0.28834,0.00576
0.28113,0.01236,0.00869,0.05993,0.01045,0.17297,0.04437,0.00284,0.03609,0.37116
0.00294,0.00655,0.00497,0.42925,0.00425,0.04628,0.48641,0.00957,0.00755,0.00222
0.00302,0.33819,0.09601,0.01133,0.09830,0.04877,0.01113,0.00365,0.00801,0.38157
0.01616,0.22316,0.03556,0.01663,0.07497,0.06320,0.18879,0.20349,0.00686,0.17118
0.04469,0.22841,0.14837,0.00862,0.24405,0.03900,0.04908,0.17155,0.02375,0.04248
0.23631,0.28135,0.01133,0.01807,0.02481,0.06191,0.14228,0.03385,0.12715,0.06294
0.20847,0.16717,0.19598,0.10324,0.14891,0.02911,0.05295,0.00985,0.01901,0.06531
0.26979,0.01719,0.28233,0.01297,0.00858,0.15808,0.02724,0.06919,0.13289,0.02173
0.06840,0.01770,0.65007,0.04579,0.05192,0.04925,0.02362,0.07559,0.00929,0.00837
0.00891,0.01736,0.18678,0.24507,0.04411,0.30886,0.06099,0.12237,0.00179,0.00377
0.43511,0.01052,0.42316,0.01214,0.00727,0.03058,0.02167,0.02224,0.00923,0.02807
0.00202,0.00700,0.00340,0.00440,0.93431,0.02530,0.00966,0.00909,0.00281,0.00202
0.00509,0.45744,0.00808,0.46953,0.00476,0.02287,0.01625,0.00447,0.00723,0.00428
0.35527,0.01232,0.05467,0.03816,0.10104,0.18176,0.12227,0.11793,0.01251,0.00406
0.19940,0.32611,0.03186,0.29379,0.00469,0.05393,0.01817,0.01766,0.02877,0.02562
0.00896,0.02366,0.01781,0.11488,0.00630,0.37128,0.02324,0.00411,0.26971,0.16004
0.63811,0.11918,0.00539,0.10161,0.01011,0.02585,0.06590,0.01035,0.00922,0.01427
0.02577,0.02357,0.28000,0.01634,0.02960,0.01502,0.03879,0.26669,0.01603,0.28819
0.06245,0.31685,0.04542,0.01187,0.27427,0.07676,0.10210,0.01488,0.03255,0.06285
0.43145,0.00513,0.29445,0.00433,0.00897,0.18328,0.04978,0.00234,0.00211,0.01818
0.01758,0.03980,0.02339,0.04588,0.00887,0.10613,0.33675,0.00415,0.34822,0.06922
0.00624,0.01153,0.45305,0.01022,0.00381,0.02448,0.02295,0.45495,0.00427,0.00848
0.01362,0.22504,0.34838,0.01081,0.01001,0.10005,0.06013,0.00714,0.00268,0.22214
0.10772,0.06258,0.01038,0.26120,0.04538,0.29987,0.09177,0.07465,0.03733,0.00912
0.01679,0.02159,0.01918,0.39822,0.01002,0.04118,0.43920,0.00496,0.04171,0.00716
0.01415,0.05970,0.02560,0.03479,0.01948,0.06201,0.35246,0.04309,0.31278,0.07595
0.26452,0.17506,0.05858,0.21688,0.03248,0.13264,0.03076,0.03255,0.02137,0.03516
0.02950,0.17309,0.21587,0.03458,0.20639,0.05760,0.03478,0.01606,0.01267,0.21945
0.01790,0.38704,0.15346,0.01223,0.21214,0.08433,0.01553,0.08565,0.00364,0.02809
0.22486,0.01747,0.01485,0.02060,0.01916,0.02332,0.22894,0.00695,0.24889,0.19496
0.00219,0.00868,0.93423,0.00402,0.00315,0.02640,0.00905,0.00306,0.00184,0.00737
0.25300,0.05112,0.20820,0.06518,0.03479,0.07021,0.01717,0.00717,0.01030,0.28286
0.01010,0.02127,0.01134,0.01263,0.01245,0.10167,0.32692,0.11296,0.26808,0.12258
0.02032,0.00915,0.01351,0.00961,0.80326,0.04457,0.03227,0.02641,0.03326,0.00764
0.00611,0.03345,0.34687,0.26167,0.01068,0.19153,0.08134,0.02268,0.03598,0.00967
0.01491,0.18984,0.35972,0.00632,0.01286,0.15074,0.03834,0.01157,0.01378,0.20193
0.00923,0.05169,0.32007,0.02431,0.06159,0.09748,0.42353,0.00321,0.00317,0.00572
0.00428,0.01521,0.68451,0.00587,0.01439,0.01059,0.01158,0.12024,0.00370,0.12964
0.00963,0.16657,0.18560,0.01464,0.00906,0.20133,0.21117,0.00611,0.00577,0.19013
0.01169,0.43407,0.02475,0.43817,0.00978,0.02811,0.02809,0.00552,0.00999,0.00982
0.11262,0.05037,0.13318,0.06583,0.14238,0.26588,0.15689,0.00369,0.05124,0.01792
0.04761,0.37292,0.00644,0.00676,0.36046,0.02854,0.08093,0.01124,0.05216,0.03293
0.00685,0.01308,0.44554,0.10653,0.08452,0.13903,0.07686,0.00886,0.00529,0.11343
0.42930,0.00493,0.39522,0.02523,0.01015,0.07084,0.04823,0.00565,0.00402,0.00644
0.41794,0.00754,0.02798,0.00770,0.00292,0.05137,0.46605,0.00817,0.00148,0.00886
0.00317,0.00580,0.84750,0.00463,0.07245,0.04589,0.01186,0.00461,0.00157,0.00252
0.00987,0.19899,0.05691,0.13979,0.04658,0.07351,0.28911,0.16161,0.01843,0.00519
0.00898,0.00627,0.01136,0.05118,0.00599,0.31016,0.22145,0.14934,0.23200,0.00328
0.16827,0.04410,0.05570,0.32795,0.31229,0.02706,0.02516,0.00905,0.00522,0.02520
0.10814,0.05751,0.18326,0.14819,0.07737,0.19367,0.14955,0.05609,0.01242,0.01380
0.83037,0.01294,0.04295,0.00671,0.01101,0.03411,0.03293,0.01836,0.00655,0.00408
0.21152,0.33972,0.00998,0.33336,0.00958,0.03301,0.02012,0.01396,0.00585,0.02291
0.00609,0.01520,0.07114,0.03024,0.00846,0.15244,0.10964,0.31832,0.03741,0.25106
0.00248,0.00441,0.01118,0.00983,0.00611,0.49879,0.01775,0.00832,0.43053,0.01062
0.03354,0.03549,0.27707,0.15986,0.00466,0.21916,0.18564,0.00787,0.02572,0.05099
0.01579,0.17743,0.02662,0.01411,0.01135,0.24570,0.23422,0.03493,0.00853,0.23130
0.10694,0.34982,0.03093,0.06656,0.29124,0.10023,0.02203,0.01002,0.01289,0.00933
0.01682,0.43211,0.01679,0.00806,0.41491,0.04924,0.01050,0.00213,0.00243,0.04702
0.00421,0.00754,0.70114,0.01073,0.00470,0.01317,0.01630,0.12288,0.00575,0.11359
0.03593,0.01658,0.07507,0.40001,0.00574,0.02503,0.02697,0.00616,0.03447,0.37405
0.00747,0.07069,0.02306,0.09364,0.03570,0.34469,0.37649,0.01690,0.00939,0.02196
0.00458,0.01178,0.01155,0.01912,0.04352,0.04702,0.04529,0.40913,0.00749,0.40053
0.00430,0.42952,0.01410,0.02237,0.32928,0.04552,0.02176,0.00169,0.00319,0.12826
0.00645,0.00723,0.00715,0.00816,0.00458,0.01925,0.01903,0.47004,0.00276,0.45535
0.01736,0.16463,0.20301,0.16821,0.00403,0.07803,0.01293,0.04731,0.02623,0.27827
0.03502,0.02161,0.01563,0.02560,0.02818,0.03103,0.38684,0.05087,0.37126,0.03395
0.00421,0.01735,0.66936,0.03186,0.00602,0.18273,0.06758,0.01233,0.00416,0.00441
0.01889,0.34606,0.15417,0.01272,0.15922,0.09367,0.08473,0.04728,0.00534,0.07792
0.30327,0.05732,0.30468,0.03414,0.00518,0.07450,0.09868,0.04235,0.05406,0.02581
0.00518,0.00515,0.00402,0.44293,0.41545,0.07191,0.04018,0.00700,0.00411,0.00408
0.01723,0.00889,0.02107,0.33421,0.01897,0.40230,0.05603,0.10156,0.00274,0.03700
0.00516,0.01171,0.00329,0.00522,0.00378,0.03542,0.01837,0.46709,0.00375,0.44621
0.43957,0.00467,0.00861,0.02341,0.00692,0.02706,0.04072,0.02331,0.00515,0.42059
0.28914,0.04670,0.09438,0.09622,0.02098,0.31523,0.11735,0.00432,0.01108,0.00459
0.24945,0.01092,0.41031,0.06490,0.01048,0.03681,0.03204,0.15320,0.02184,0.01006
0.00531,0.00564,0.00470,0.07246,0.17492,0.03612,0.02927,0.31144,0.00403,0.35611
0.09265,0.09792,0.00450,0.30988,0.00618,0.05505,0.02271,0.01216,0.03242,0.36654
0.01540,0.02336,0.25266,0.16490,0.02685,0.04700,0.10916,0.05393,0.09080,0.21592
0.40971,0.42088,0.00240,0.00845,0.00635,0.07709,0.03440,0.01572,0.01033,0.01468
0.01853,0.11309,0.09638,0.01002,0.01536,0.30591,0.03261,0.00485,0.29802,0.10523
0.02386,0.00143,0.00792,0.00385,0.00895,0.56536,0.02190,0.02724,0.33726,0.00223
0.01106,0.01148,0.00249,0.00863,0.01461,0.04972,0.43151,0.01078,0.44555,0.01417
0.45748,0.00416,0.01617,0.00417,0.00402,0.02967,0.00967,0.00367,0.00583,0.46517
0.04172,0.04612,0.03277,0.35332,0.03238,0.38616,0.03745,0.03970,0.01105,0.01932
0.05915,0.16571,0.02769,0.15251,0.03982,0.28460,0.02180,0.00449,0.22296,0.02128
0.02722,0.02119,0.45236,0.03024,0.04382,0.10554,0.14247,0.05256,0.11289,0.01170
0.01346,0.20428,0.37195,0.01681,0.01362,0.10183,0.03375,0.01011,0.00462,0.22957
0.00889,0.00693,0.46590,0.00776,0.02448,0.03810,0.21999,0.00989,0.21100,0.00706
0.00852,0.15085,0.00530,0.08267,0.08527,0.07307,0.02818,0.18534,0.01218,0.36862
0.03085,0.27896,0.01673,0.02245,0.02779,0.18942,0.01683,0.01780,0.06639,0.33278
0.33532,0.01591,0.00825,0.00990,0.01220,0.17010,0.02066,0.00594,0.07026,0.35146
0.06577,0.02378,0.02126,0.00497,0.01200,0.13295,0.32205,0.06899,0.28172,0.06650
0.04478,0.56353,0.05279,0.00500,0.14363,0.04301,0.04057,0.06412,0.03636,0.00621
0.45331,0.00416,0.39761,0.01442,0.00491,0.07978,0.02166,0.01141,0.00493,0.00783
0.16992,0.01099,0.45599,0.01058,0.00968,0.04894,0.01923,0.27049,0.00180,0.00240
0.08653,0.02873,0.06708,0.10870,0.06391,0.25529,0.29338,0.03839,0.00611,0.05188
0.01144,0.00522,0.00483,0.02700,0.00238,0.06142,0.07999,0.41301,0.00809,0.38661
0.00771,0.40729,0.01011,0.44953,0.02265,0.05997,0.02023,0.00969,0.00684,0.00597
0.04634,0.00940,0.39913,0.24375,0.03551,0.03575,0.03349,0.02639,0.00635,0.16389
0.01353,0.02245,0.06475,0.01767,0.00823,0.15397,0.13081,0.26116,0.06312,0.26432
0.05602,0.00534,0.03459,0.03978,0.01310,0.40839,0.43282,0.00190,0.00275,0.00531
0.00785,0.00526,0.03226,0.00566,0.00266,0.48656,0.02807,0.01895,0.40785,0.00488
0.00665,0.00971,0.01494,0.27088,0.01975,0.05018,0.14534,0.01623,0.18119,0.28514
0.01001,0.00562,0.86014,0.00498,0.01399,0.04205,0.01923,0.01645,0.00684,0.02069
0.00304,0.08120,0.02171,0.00314,0.00730,0.04011,0.02214,0.36306,0.00295,0.45535
0.11093,0.17111,0.06754,0.12613,0.08402,0.17207,0.19358,0.02718,0.00703,0.04040
0.08181,0.11152,0.19090,0.03783,0.07150,0.04889,0.02329,0.26879,0.00869,0.15678
0.07691,0.01674,0.05900,0.01508,0.03821,0.10650,0.33601,0.05389,0.21525,0.08241
0.06422,0.05001,0.02525,0.06802,0.00921,0.41604,0.25412,0.01852,0.07643,0.01819
0.25222,0.00869,0.19883,0.01931,0.03033,0.14190,0.16321,0.00497,0.00412,0.17643
0.16820,0.14369,0.26640,0.02706,0.01341,0.01009,0.02077,0.17207,0.00633,0.17198
0.29854,0.00472,0.00552,0.00409,0.33326,0.02611,0.04668,0.00222,0.00170,0.27715
0.03785,0.02108,0.00596,0.00624,0.60062,0.05081,0.19673,0.00776,0.06626,0.00670
0.04269,0.03245,0.61813,0.10861,0.00167,0.02713,0.01967,0.01850,0.01138,0.11977
0.00372,0.44560,0.00718,0.45083,0.00277,0.03680,0.04045,0.00476,0.00341,0.00448
0.04682,0.02098,0.11439,0.10513,0.00237,0.34884,0.14835,0.00434,0.20012,0.00867
0.03576,0.16721,0.03159,0.16049,0.01911,0.04382,0.02712,0.24965,0.03073,0.23452
0.00609,0.01935,0.38364,0.01670,0.01886,0.05961,0.02537,0.28362,0.07334,0.11344
0.01653,0.02394,0.31964,0.08458,0.12093,0.05315,0.02317,0.00310,0.00620,0.34876
0.25125,0.17459,0.27923,0.01350,0.17734,0.01225,0.04861,0.02427,0.00200,0.01696
0.01081,0.00284,0.34634,0.00970,0.02958,0.10747,0.05281,0.01408,0.01279,0.41358
0.30345,0.30280,0.01490,0.14610,0.00662,0.04401,0.01301,0.00240,0.00363,0.16307
0.01685,0.14372,0.02625,0.00559,0.13785,0.34868,0.03198,0.01011,0.26134,0.01764
0.10792,0.02922,0.05045,0.09949,0.03795,0.21669,0.33458,0.10270,0.01544,0.00557
0.03540,0.00395,0.03186,0.01341,0.01134,0.09910,0.38486,0.00261,0.41254,0.00492
0.01563,0.75050,0.01372,0.03561,0.00947,0.02523,0.13161,0.00954,0.00360,0.00509
0.10160,0.28197,0.13454,0.13708,0.27176,0.03650,0.00937,0.01422,0.00362,0.00933
0.02105,0.00803,0.19892,0.18809,0.01405,0.30276,0.04058,0.01498,0.20693,0.00460
0.00929,0.33711,0.08830,0.05622,0.02911,0.03633,0.02509,0.01337,0.01275,0.39244
0.20515,0.01288,0.03236,0.02204,0.03997,0.24054,0.25404,0.00646,0.01284,0.17372
0.07656,0.04649,0.28764,0.04222,0.13958,0.15006,0.13949,0.04129,0.00874,0.06793
0.08135,0.00679,0.04143,0.01018,0.01620,0.33460,0.37699,0.05873,0.00472,0.06904
0.00993,0.00301,0.00218,0.00906,0.00498,0.46855,0.48126,0.00500,0.00908,0.00695
0.43139,0.43280,0.00600,0.00541,0.00389,0.05108,0.05467,0.00691,0.00250,0.00535
0.11266,0.14681,0.02953,0.15732,0.04573,0.23232,0.22986,0.01342,0.01043,0.02191
0.03998,0.00708,0.05647,0.02760,0.36787,0.05017,0.06678,0.35869,0.01147,0.01390
0.03300,0.00715,0.01299,0.03940,0.02717,0.44018,0.42186,0.00744,0.00549,0.00531
0.02862,0.00989,0.02668,0.00499,0.09770,0.39273,0.35827,0.00918,0.06530,0.00665
0.00949,0.04894,0.42330,0.36156,0.02885,0.05323,0.03809,0.01567,0.01721,0.00366
0.00645,0.00525,0.03083,0.40411,0.01554,0.30338,0.03323,0.03954,0.00291,0.15875
0.45168,0.02492,0.40712,0.00614,0.00523,0.06311,0.03254,0.00292,0.00227,0.00407
0.00801,0.04324,0.01163,0.01086,0.00931,0.45919,0.03048,0.00982,0.41162,0.00583
0.02340,0.00405,0.01063,0.00827,0.37780,0.45354,0.09349,0.00793,0.00410,0.01679
0.16890,0.01207,0.18627,0.00623,0.00321,0.04725,0.32170,0.01599,0.19793,0.04045
0.01408,0.02002,0.21254,0.28900,0.28241,0.04013,0.03268,0.07298,0.01715,0.01903
0.00965,0.02281,0.00647,0.00487,0.00672,0.47049,0.46458,0.00333,0.00697,0.00412
0.01362,0.29082,0.00657,0.02341,0.28384,0.03051,0.16976,0.02647,0.14305,0.01194
0.14505,0.08472,0.00986,0.31997,0.02578,0.12749,0.08361,0.12903,0.05239,0.02210
0.02318,0.04060,0.01412,0.05454,0.01407,0.24580,0.22224,0.19648,0.02331,0.16565
0.04771,0.00838,0.03433,0.03230,0.00550,0.03936,0.25496,0.19719,0.20739,0.17288
0.00386,0.00457,0.01758,0.01880,0.00350,0.03098,0.00707,0.46426,0.00277,0.44662
0.41805,0.01275,0.04128,0.01273,0.00447,0.02891,0.13521,0.07600,0.01429,0.25631
0.01291,0.00545,0.00891,0.01120,0.00466,0.13001,0.38119,0.01657,0.41740,0.01170
0.02668,0.01662,0.05759,0.02124,0.01447,0.02957,0.39985,0.04650,0.37762,0.00987
0.03170,0.33317,0.01545,0.09236,0.09529,0.05469,0.04876,0.00591,0.01643,0.30624
0.01565,0.02114,0.04088,0.04788,0.02981,0.37881,0.38684,0.01148,0.00955,0.05795
0.00990,0.02391,0.02892,0.05600,0.04347,0.06593,0.36503,0.00870,0.38560,0.01255
0.01585,0.00718,0.88180,0.00340,0.01295,0.01697,0.04220,0.00450,0.00759,0.00755
0.03284,0.04221,0.05258,0.04627,0.01251,0.50466,0.04647,0.01590,0.16418,0.08237
0.00834,0.01574,0.04968,0.42031,0.39134,0.03039,0.02489,0.01135,0.01248,0.03547
0.01968,0.11041,0.00450,0.07899,0.12613,0.03748,0.08182,0.24844,0.03198,0.26057
0.01080,0.14847,0.01753,0.13442,0.01566,0.29501,0.02209,0.06000,0.27360,0.02242
0.01897,0.06353,0.39611,0.39684,0.02026,0.04018,0.01939,0.01937,0.00825,0.01711
0.16025,0.00761,0.72913,0.01035,0.01534,0.01722,0.02850,0.00321,0.02227,0.00612
0.00954,0.02706,0.35752,0.34940,0.00567,0.03208,0.06837,0.08228,0.02020,0.04789
0.01025,0.19582,0.03435,0.03161,0.01372,0.03846,0.24039,0.01271,0.21356,0.20913
0.00736,0.25104,0.00665,0.25738,0.03489,0.03444,0.18252,0.00691,0.19107,0.02773
0.00522,0.00245,0.00786,0.43387,0.00421,0.48051,0.06005,0.00261,0.00080,0.00242
0.00687,0.06741,0.42813,0.40307,0.01081,0.01813,0.03779,0.01745,0.00568,0.00465
0.36926,0.36019,0.05794,0.02356,0.00761,0.06585,0.04190,0.00861,0.04541,0.01968
0.35765,0.04416,0.02938,0.08292,0.01082,0.25516,0.06764,0.03981,0.07568,0.03679
0.15770,0.08676,0.12441,0.20755,0.08376,0.26023,0.03128,0.00880,0.02627,0.01324
0.01591,0.26879,0.01781,0.01459,0.01698,0.19969,0.02795,0.00711,0.13767,0.29351
0.03799,0.02252,0.74034,0.01374,0.00881,0.05653,0.08841,0.01064,0.01127,0.00975
0.01394,0.41136,0.01920,0.02699,0.14623,0.04879,0.02741,0.00413,0.01167,0.29030
0.35120,0.01050,0.01864,0.00516,0.14167,0.03756,0.00940,0.03607,0.00568,0.38412
0.00813,0.70943,0.04633,0.05465,0.00524,0.05823,0.10021,0.00478,0.00231,0.01069
0.09384,0.01190,0.28526,0.01511,0.02013,0.15666,0.28895,0.09924,0.00433,0.02460
0.00502,0.39496,0.08080,0.08778,0.29877,0.03562,0.01286,0.00744,0.00466,0.07208
0.00271,0.00561,0.01017,0.02150,0.02974,0.37337,0.46541,0.00238,0.07214,0.01698
0.00665,0.00536,0.24596,0.00563,0.23757,0.02580,0.03098,0.21736,0.00880,0.21589
0.04645,0.02245,0.01696,0.25664,0.00793,0.15741,0.23624,0.03192,0.00328,0.22071
0.26406,0.08625,0.00669,0.12844,0.00330,0.34282,0.14137,0.00521,0.01114,0.01071
0.01734,0.01593,0.15104,0.00953,0.18011,0.12263,0.04244,0.22623,0.03043,0.20433
0.00541,0.02358,0.01451,0.00746,0.01105,0.01562,0.01337,0.45424,0.00436,0.45040
0.61995,0.01076,0.06136,0.07535,0.00733,0.05270,0.12430,0.02402,0.02081,0.00342
0.39894,0.01274,0.01798,0.00686,0.00848,0.06398,0.05038,0.02358,0.03534,0.38172
0.00629,0.01031,0.19094,0.18497,0.00696,0.06586,0.03848,0.25799,0.02028,0.21794
0.01302,0.26219,0.30843,0.01139,0.01815,0.04586,0.03238,0.02931,0.00841,0.27086
0.01017,0.26270,0.01389,0.23154,0.01043,0.07114,0.02517,0.20161,0.00361,0.16972
0.00529,0.42473,0.01439,0.04568,0.43613,0.01719,0.01259,0.03042,0.00327,0.01030
0.00799,0.44886,0.00897,0.00683,0.42878,0.06192,0.01615,0.00271,0.00690,0.01089
0.02116,0.06956,0.17314,0.15966,0.00607,0.05276,0.11514,0.17282,0.06384,0.16584
0.02415,0.03975,0.02178,0.10850,0.24492,0.38048,0.08295,0.07085,0.01807,0.00855
0.07896,0.04536,0.08305,0.15922,0.03043,0.06473,0.21345,0.14441,0.00257,0.17783
0.00338,0.47634,0.00415,0.00314,0.00248,0.01209,0.00885,0.00398,0.00637,0.47923
0.00728,0.02573,0.16956,0.03012,0.00544,0.06782,0.01317,0.34864,0.00421,0.32802
0.02127,0.01618,0.16275,0.19395,0.02266,0.14140,0.03872,0.15124,0.10583,0.14601
0.00697,0.00395,0.27581,0.00395,0.22256,0.04129,0.04450,0.17050,0.00537,0.22510
0.23428,0.00760,0.00570,0.00710,0.00971,0.24354,0.24350,0.01597,0.00292,0.22969
0.00233,0.00476,0.00353,0.01009,0.01420,0.46021,0.46397,0.00413,0.03209,0.00468
0.01363,0.20386,0.38560,0.00979,0.01731,0.08350,0.03708,0.00816,0.00954,0.23154
0.00845,0.02751,0.44522,0.00583,0.00449,0.02256,0.02765,0.00350,0.01076,0.44403
0.01793,0.25714,0.37210,0.01486,0.00971,0.03452,0.02377,0.01224,0.00299,0.25473
0.04890,0.01352,0.02811,0.01050,0.00968,0.48234,0.03181,0.01145,0.35485,0.00883
0.00387,0.01259,0.00492,0.00497,0.00366,0.49352,0.00155,0.00614,0.45889,0.00990
0.04936,0.00752,0.12975,0.06590,0.00544,0.33311,0.32398,0.00641,0.02686,0.05167
0.01685,0.00765,0.08604,0.01245,0.06828,0.10032,0.33494,0.00866,0.34518,0.01962
0.04317,0.01816,0.41823,0.38601,0.00710,0.07720,0.04186,0.00146,0.00303,0.00378
0.25633,0.00915,0.01790,0.03992,0.01093,0.21496,0.11754,0.00500,0.00235,0.32593
0.01409,0.01227,0.05377,0.00215,0.06072,0.41713,0.43005,0.00402,0.00300,0.00280
0.02149,0.81181,0.01234,0.01468,0.01242,0.03667,0.07060,0.00705,0.00892,0.00403
0.01264,0.01269,0.69826,0.02382,0.04386,0.10815,0.03861,0.02280,0.02696,0.01222
0.01532,0.03459,0.01580,0.02001,0.03757,0.10405,0.05428,0.37893,0.02980,0.30966
0.00825,0.15466,0.04331,0.14358,0.00627,0.06384,0.29106,0.00674,0.25032,0.03199
0.00682,0.00598,0.04368,0.40692,0.01422,0.04133,0.09223,0.00993,0.05020,0.32868
0.17611,0.17698,0.06784,0.06992,0.01909,0.24880,0.04479,0.00668,0.13789,0.05190
0.00355,0.00187,0.47511,0.48478,0.00124,0.01621,0.01137,0.00183,0.00112,0.00294
0.01145,0.01084,0.01668,0.00456,0.03353,0.05346,0.42596,0.00379,0.42903,0.01071
0.00932,0.43800,0.01619,0.00748,0.44731,0.03808,0.02032,0.00590,0.00730,0.01010
0.45681,0.14202,0.02102,0.00894,0.00828,0.12627,0.05311,0.00556,0.03968,0.13831
0.01112,0.00866,0.04412,0.01469,0.11745,0.48191,0.21225,0.02104,0.08059,0.00816
0.00350,0.01992,0.08989,0.08269,0.00784,0.05328,0.04247,0.35827,0.02207,0.32007
0.21436,0.01631,0.01429,0.05393,0.00691,0.03221,0.30210,0.06647,0.27430,0.01912
0.34445,0.32125,0.01748,0.01214,0.02469,0.01704,0.04258,0.11419,0.00557,0.10062
0.00306,0.00422,0.02020,0.00501,0.75943,0.14847,0.04010,0.01413,0.00108,0.00429
0.00978,0.01668,0.59509,0.10163,0.00123,0.07561,0.07516,0.00474,0.00401,0.11608
