0.02916,0.06228,0.07688,0.07388,0.03371,0.15836,0.16443,0.10231,0.15661,0.14237
0.06889,0.07788,0.07338,0.08789,0.06271,0.19914,0.20188,0.10341,0.06702,0.05780
0.07209,0.09064,0.07425,0.05922,0.05189,0.16846,0.17468,0.15555,0.08047,0.07275
0.03346,0.11491,0.09830,0.04563,0.02564,0.11486,0.12194,0.13270,0.16223,0.15033
0.03404,0.05216,0.04790,0.03680,0.02691,0.27894,0.28300,0.06146,0.09694,0.08184
0.03797,0.09527,0.09490,0.04306,0.02775,0.09909,0.10468,0.29988,0.10454,0.09286
0.03088,0.05064,0.05048,0.03931,0.02978,0.21069,0.21626,0.08107,0.15149,0.13939
0.05001,0.06517,0.06449,0.05260,0.03775,0.10192,0.11170,0.19697,0.16675,0.15264
0.04368,0.08465,0.07649,0.07185,0.03964,0.17771,0.18576,0.07458,0.12879,0.11685
0.02710,0.03869,0.03337,0.02667,0.01880,0.27924,0.28319,0.05018,0.12695,0.11582
0.02209,0.03310,0.03749,0.03971,0.02214,0.27912,0.28827,0.10084,0.09703,0.08021
0.03964,0.04810,0.04593,0.04459,0.03140,0.17738,0.18383,0.06869,0.18736,0.17307
0.06198,0.08546,0.07032,0.04009,0.02825,0.19055,0.19100,0.09728,0.12241,0.11267
0.03623,0.05915,0.05371,0.04249,0.03122,0.20206,0.20724,0.07140,0.15577,0.14072
0.03633,0.05191,0.05185,0.03199,0.02474,0.19718,0.20621,0.07066,0.17050,0.15864
0.10342,0.12943,0.09879,0.13604,0.04369,0.11121,0.11787,0.10060,0.08430,0.07465
0.03332,0.04867,0.04534,0.03994,0.03530,0.25548,0.25594,0.12311,0.08589,0.07701
0.03335,0.05139,0.04561,0.03968,0.02706,0.23833,0.24103,0.10277,0.11574,0.10504
0.06264,0.11853,0.11829,0.06892,0.03343,0.17726,0.17737,0.12663,0.06309,0.05385
0.05067,0.10471,0.10700,0.06537,0.03470,0.17660,0.18169,0.07144,0.10989,0.09792
0.02724,0.04126,0.04365,0.03333,0.01874,0.29878,0.29958,0.10768,0.06976,0.05998
0.06242,0.09294,0.08329,0.05454,0.02952,0.21126,0.21376,0.05505,0.10438,0.09283
0.04533,0.09706,0.08481,0.05088,0.02538,0.18440,0.18753,0.04941,0.14152,0.13368
0.04079,0.05818,0.04968,0.04882,0.03524,0.17255,0.18045,0.09732,0.16443,0.15255
0.04543,0.05881,0.05729,0.05055,0.03690,0.19318,0.19724,0.06161,0.15727,0.14171
0.05199,0.06274,0.05163,0.07182,0.04853,0.18071,0.18996,0.05305,0.15178,0.13778
0.07928,0.07255,0.05775,0.06530,0.03430,0.21552,0.22243,0.04362,0.11113,0.09813
0.04191,0.08346,0.08651,0.05819,0.02968,0.13661,0.14466,0.06442,0.18354,0.17102
0.04438,0.08391,0.08412,0.04746,0.02816,0.22097,0.22911,0.07577,0.10117,0.08494
0.05435,0.07305,0.07013,0.06108,0.04576,0.17496,0.17808,0.20850,0.07233,0.06177
0.05352,0.11425,0.12382,0.07544,0.04311,0.20197,0.20421,0.06121,0.06592,0.05655
0.03437,0.08838,0.09758,0.05009,0.02275,0.20488,0.21515,0.05935,0.12242,0.10503
0.03494,0.05057,0.04842,0.04240,0.03106,0.18252,0.18611,0.07892,0.17798,0.16710
0.03657,0.07087,0.05893,0.04728,0.02504,0.20765,0.21040,0.19244,0.08224,0.06857
0.04998,0.09287,0.08227,0.06886,0.04128,0.16119,0.16449,0.04894,0.14890,0.14123
0.05759,0.06960,0.06466,0.07012,0.04238,0.14637,0.14830,0.06727,0.17077,0.16295
0.02804,0.03711,0.04026,0.03095,0.02389,0.21680,0.21956,0.05096,0.18242,0.17002
0.02770,0.05130,0.04874,0.03607,0.02627,0.24047,0.24551,0.06365,0.13727,0.12302
0.03566,0.06266,0.05878,0.04606,0.02910,0.23047,0.23504,0.05597,0.13118,0.11510
0.05762,0.12001,0.10764,0.07154,0.04765,0.13954,0.14953,0.06745,0.12675,0.11228
0.05343,0.08541,0.07861,0.06032,0.04321,0.15754,0.16431,0.09717,0.13363,0.12638
0.04971,0.08522,0.08686,0.06159,0.04454,0.20606,0.21275,0.08363,0.09005,0.07959
0.02948,0.04951,0.04474,0.03655,0.02401,0.21993,0.22525,0.19724,0.09423,0.07905
0.02683,0.05618,0.06258,0.03950,0.02379,0.17040,0.17574,0.16817,0.14555,0.13126
0.05399,0.08331,0.09874,0.05698,0.04028,0.09964,0.10863,0.24723,0.11322,0.09798
0.02924,0.07222,0.08375,0.04905,0.02592,0.18647,0.19249,0.07489,0.15048,0.13549
0.03355,0.04992,0.04601,0.03797,0.02432,0.18166,0.19111,0.16853,0.14067,0.12624
0.03407,0.04896,0.05389,0.03721,0.02839,0.23053,0.23742,0.11792,0.11267,0.09894
0.03992,0.09157,0.08344,0.05215,0.02970,0.23028,0.24112,0.03256,0.10561,0.09365
0.03250,0.06849,0.05426,0.05039,0.02586,0.16289,0.16811,0.05000,0.19762,0.18987
0.04614,0.12812,0.11908,0.06292,0.02961,0.14591,0.15067,0.13195,0.09875,0.08684
0.07335,0.09557,0.07237,0.07435,0.04143,0.17222,0.17733,0.03260,0.13330,0.12748
0.03889,0.07795,0.08959,0.08671,0.04135,0.19620,0.19900,0.04686,0.11711,0.10634
0.04525,0.08487,0.08227,0.06577,0.03378,0.15749,0.16779,0.10138,0.13872,0.12268
0.04030,0.07266,0.06790,0.04817,0.02852,0.22192,0.22962,0.03585,0.13415,0.12091
0.06401,0.16254,0.15283,0.07936,0.04893,0.10722,0.10953,0.12986,0.07758,0.06814
0.04504,0.06094,0.05133,0.04902,0.03671,0.15204,0.15887,0.10078,0.17730,0.16798
0.02166,0.02528,0.02384,0.02465,0.01883,0.14407,0.15227,0.26552,0.16945,0.15442
0.03776,0.05261,0.05312,0.04266,0.02690,0.16734,0.17581,0.26885,0.09427,0.08067
0.02741,0.04660,0.04729,0.03462,0.02039,0.22098,0.23098,0.09869,0.14494,0.12809
0.04485,0.07632,0.07691,0.05079,0.02958,0.18828,0.19737,0.07112,0.13900,0.12578
0.06130,0.12736,0.11426,0.08165,0.05468,0.14386,0.15371,0.12918,0.07110,0.06289
0.04455,0.06964,0.06036,0.06853,0.05320,0.13287,0.13603,0.30581,0.06920,0.05980
0.04292,0.05500,0.05398,0.05020,0.02785,0.13261,0.14113,0.07546,0.21645,0.20440
0.02687,0.06007,0.05633,0.03150,0.02033,0.21555,0.22083,0.09714,0.14304,0.12834
0.05088,0.10471,0.09673,0.06099,0.03114,0.19283,0.19498,0.03446,0.12099,0.11228
0.03925,0.04845,0.04741,0.04272,0.03468,0.19967,0.20673,0.08773,0.15295,0.14042
0.03903,0.06242,0.06003,0.05298,0.03110,0.12470,0.13522,0.17987,0.16479,0.14985
0.06216,0.11552,0.10510,0.06961,0.03890,0.14750,0.15561,0.11447,0.10086,0.09026
0.03184,0.04655,0.04493,0.03810,0.02471,0.27860,0.28970,0.03763,0.11232,0.09561
0.05280,0.08596,0.08011,0.07408,0.04619,0.18356,0.18726,0.05209,0.12659,0.11136
0.04309,0.07654,0.06076,0.06198,0.03513,0.20582,0.20613,0.03739,0.14283,0.13033
0.05627,0.16990,0.16082,0.08454,0.04016,0.14985,0.15359,0.03853,0.07721,0.06914
0.04858,0.06542,0.06419,0.05264,0.04351,0.15914,0.16597,0.11302,0.15125,0.13628
0.04717,0.07375,0.06874,0.05377,0.03507,0.23281,0.23414,0.07149,0.09621,0.08685
0.02909,0.04619,0.04458,0.03538,0.02308,0.31088,0.31192,0.07500,0.06680,0.05708
0.04456,0.05788,0.05595,0.04834,0.04487,0.19810,0.20457,0.14273,0.10702,0.09598
0.05856,0.12330,0.11413,0.05275,0.02726,0.13495,0.14535,0.17306,0.09501,0.07563
0.04068,0.08069,0.07247,0.04724,0.04158,0.24939,0.25604,0.04007,0.09106,0.08078
0.03788,0.04137,0.04166,0.04345,0.03510,0.20053,0.20712,0.11480,0.14722,0.13085
0.03995,0.03752,0.03812,0.04473,0.03006,0.19759,0.20652,0.05931,0.18009,0.16611
0.03569,0.08798,0.08369,0.04017,0.02449,0.14816,0.15024,0.03439,0.20043,0.19476
0.06036,0.06355,0.05758,0.06422,0.04242,0.19332,0.20281,0.07684,0.12612,0.11277
0.04769,0.08018,0.08134,0.05831,0.03944,0.20978,0.21357,0.07317,0.10523,0.09129
0.05348,0.07131,0.06892,0.07640,0.04561,0.16968,0.17759,0.09150,0.13355,0.11195
0.04995,0.08772,0.08959,0.05572,0.03375,0.12386,0.12940,0.09777,0.17271,0.15954
0.05263,0.09047,0.07906,0.05543,0.03595,0.13926,0.14383,0.16683,0.12556,0.11098
0.06840,0.16642,0.14983,0.04553,0.02103,0.17592,0.18482,0.04337,0.07664,0.06805
0.06378,0.11439,0.09581,0.10339,0.05542,0.14729,0.15209,0.09442,0.09345,0.07996
0.03035,0.04887,0.04397,0.03717,0.02283,0.21226,0.21725,0.04083,0.17906,0.16741
0.04337,0.04888,0.04200,0.04657,0.03574,0.23340,0.24017,0.05629,0.13441,0.11918
0.04967,0.08539,0.09388,0.06240,0.04601,0.19886,0.20175,0.07512,0.10010,0.08682
0.03087,0.03357,0.03529,0.03831,0.02414,0.19835,0.20071,0.21279,0.12069,0.10528
0.03217,0.09340,0.09128,0.04023,0.02073,0.10308,0.10768,0.19467,0.16392,0.15285
0.04037,0.06909,0.06572,0.05489,0.03368,0.23244,0.23301,0.08911,0.09763,0.08406
0.03259,0.05581,0.05267,0.03995,0.03356,0.20038,0.20200,0.15495,0.12078,0.10731
0.03899,0.06598,0.06523,0.04234,0.02616,0.16956,0.17317,0.09694,0.16693,0.15470
0.04882,0.15048,0.14352,0.06105,0.03105,0.14462,0.14279,0.06778,0.10790,0.10200
0.04490,0.08911,0.09373,0.05379,0.03434,0.16901,0.18167,0.05455,0.14637,0.13255
0.04515,0.08321,0.06208,0.08400,0.03486,0.21289,0.21872,0.06724,0.10140,0.09045
0.04010,0.06447,0.06728,0.05357,0.03496,0.23769,0.24245,0.05745,0.10825,0.09379
0.06008,0.08451,0.08643,0.06342,0.04136,0.22660,0.22857,0.08006,0.06870,0.06027
0.03201,0.06728,0.06410,0.04399,0.02757,0.23714,0.24813,0.03873,0.12814,0.11289
0.06777,0.10673,0.09923,0.08245,0.05265,0.15892,0.16131,0.07875,0.10020,0.09198
0.05565,0.06790,0.06674,0.06054,0.04036,0.17188,0.17402,0.12416,0.12699,0.11177
0.03954,0.06243,0.06412,0.04355,0.02455,0.22386,0.22700,0.10092,0.11338,0.10063
0.03553,0.06238,0.05950,0.04369,0.02831,0.25427,0.26100,0.09525,0.08645,0.07362
0.03182,0.05943,0.06139,0.04002,0.02109,0.18837,0.19672,0.15734,0.12992,0.11390
0.02585,0.04162,0.04186,0.02833,0.02410,0.17681,0.18887,0.09126,0.19919,0.18210
0.04809,0.07601,0.06854,0.06073,0.04313,0.18857,0.19021,0.08264,0.12785,0.11424
0.03138,0.06599,0.07050,0.04429,0.02509,0.19459,0.19986,0.07059,0.15535,0.14235
0.06230,0.08988,0.08430,0.07865,0.04706,0.12766,0.13384,0.13826,0.12302,0.11502
0.03506,0.05770,0.05645,0.04138,0.02962,0.21241,0.22124,0.10546,0.12851,0.11216
0.05345,0.08655,0.07734,0.05019,0.03116,0.14962,0.15486,0.07898,0.16405,0.15380
0.05042,0.10193,0.10218,0.06931,0.02768,0.13728,0.14086,0.17178,0.10496,0.09362
0.03966,0.07787,0.08251,0.06889,0.04014,0.19577,0.20053,0.10471,0.10145,0.08846
0.02905,0.04390,0.04410,0.04463,0.02767,0.21003,0.22093,0.04979,0.17129,0.15861
0.05345,0.07260,0.07817,0.06338,0.03964,0.15579,0.15762,0.06954,0.16262,0.14718
0.04605,0.04956,0.05370,0.05877,0.03394,0.20391,0.21330,0.04810,0.15355,0.13911
0.04763,0.07015,0.05490,0.05687,0.02931,0.12726,0.14006,0.05998,0.21317,0.20067
0.04273,0.06802,0.06778,0.05258,0.03518,0.19296,0.20026,0.09368,0.12996,0.11685
0.07653,0.14677,0.13269,0.09939,0.05531,0.13756,0.13960,0.06356,0.07801,0.07058
0.04945,0.06353,0.06728,0.06436,0.03534,0.19547,0.20016,0.11697,0.10963,0.09782
0.04083,0.06844,0.06571,0.04740,0.03199,0.25394,0.25735,0.05928,0.09346,0.08160
0.03728,0.04818,0.05268,0.04629,0.02684,0.28616,0.29194,0.03354,0.09555,0.08155
0.03347,0.08033,0.09103,0.05004,0.02526,0.10275,0.10573,0.05339,0.23285,0.22516
0.03449,0.07954,0.07510,0.03676,0.02365,0.14841,0.15381,0.08012,0.18917,0.17897
0.04416,0.06888,0.06721,0.05683,0.03884,0.17708,0.18563,0.08000,0.14969,0.13167
0.04652,0.12856,0.14947,0.13800,0.05392,0.10878,0.11472,0.09649,0.08673,0.07681
0.05660,0.10858,0.11757,0.07721,0.04552,0.12528,0.12693,0.12334,0.11483,0.10415
0.03231,0.04889,0.04787,0.04580,0.03463,0.15269,0.16346,0.27028,0.10975,0.09432
0.02642,0.04610,0.04449,0.03319,0.02031,0.11412,0.12050,0.23647,0.18385,0.17455
0.04813,0.12444,0.12474,0.07360,0.03283,0.15040,0.15439,0.08560,0.10927,0.09660
0.05909,0.08541,0.08108,0.06452,0.04771,0.22872,0.22957,0.06151,0.07537,0.06702
0.05229,0.08570,0.07916,0.06251,0.03957,0.21658,0.22007,0.06846,0.09550,0.08017
0.03016,0.03844,0.03411,0.02668,0.02668,0.13879,0.14649,0.10959,0.23208,0.21699
0.03542,0.05822,0.05536,0.03920,0.02538,0.13976,0.14666,0.08803,0.21160,0.20036
0.04512,0.06887,0.07126,0.05871,0.04206,0.23908,0.24240,0.06877,0.08815,0.07560
0.04754,0.10114,0.09372,0.05122,0.03347,0.17124,0.17373,0.03983,0.14786,0.14024
0.05131,0.07208,0.06091,0.07195,0.04629,0.13247,0.13536,0.08224,0.18181,0.16560
0.03635,0.06243,0.06128,0.04377,0.02738,0.21930,0.22635,0.10666,0.11422,0.10226
0.02797,0.04495,0.04441,0.03198,0.02311,0.20627,0.21133,0.11354,0.15417,0.14229
0.04031,0.08623,0.09072,0.05620,0.03311,0.11231,0.11553,0.11102,0.18235,0.17223
0.05547,0.14785,0.13390,0.06343,0.03715,0.10015,0.10280,0.09629,0.13630,0.12665
0.02908,0.03727,0.03335,0.02585,0.01720,0.27748,0.28793,0.03386,0.13526,0.12273
0.03369,0.04317,0.04305,0.03788,0.02428,0.16792,0.17870,0.07829,0.20196,0.19106
0.04188,0.15037,0.14647,0.04306,0.02664,0.07934,0.08286,0.06084,0.18781,0.18074
0.04418,0.07240,0.06914,0.04947,0.03249,0.17393,0.17926,0.11131,0.14209,0.12573
0.04645,0.07651,0.06672,0.05766,0.04181,0.19564,0.20112,0.15358,0.08702,0.07349
0.05767,0.11403,0.09120,0.06788,0.04051,0.20697,0.21208,0.04036,0.08988,0.07943
0.03981,0.05613,0.04788,0.04421,0.03183,0.16881,0.17544,0.05729,0.19454,0.18406
0.03028,0.05517,0.05430,0.03871,0.02396,0.16971,0.17359,0.09758,0.18590,0.17081
0.03504,0.05286,0.05367,0.04069,0.02608,0.19054,0.19890,0.06104,0.17753,0.16366
0.03340,0.03603,0.03800,0.03546,0.03154,0.20627,0.20908,0.06368,0.17961,0.16693
0.04313,0.12272,0.11277,0.04769,0.02863,0.10884,0.11810,0.21637,0.10740,0.09434
0.03607,0.05853,0.05688,0.04176,0.02944,0.26573,0.26723,0.05308,0.10172,0.08956
0.04327,0.04695,0.04266,0.06195,0.03988,0.21227,0.22086,0.08891,0.12936,0.11390
0.05082,0.09427,0.08845,0.06257,0.02813,0.17721,0.18834,0.04840,0.13710,0.12470
0.05102,0.09030,0.08575,0.05050,0.03311,0.16714,0.17393,0.12883,0.11696,0.10246
0.04512,0.06693,0.06490,0.05257,0.03412,0.15360,0.15664,0.23817,0.09937,0.08857
0.03685,0.06863,0.06514,0.04132,0.02560,0.18244,0.19152,0.08951,0.15778,0.14122
0.03748,0.05720,0.05627,0.05104,0.02800,0.21076,0.22005,0.09873,0.12754,0.11294
0.03837,0.06352,0.06472,0.04579,0.03163,0.12856,0.13198,0.27827,0.11592,0.10124
0.05942,0.08453,0.08421,0.06024,0.03882,0.14258,0.15089,0.08418,0.15642,0.13870
0.05054,0.11661,0.11535,0.05712,0.02989,0.18889,0.19432,0.07466,0.09132,0.08131
0.03546,0.05575,0.05162,0.04455,0.03332,0.19607,0.20035,0.13710,0.13065,0.11512
0.04901,0.08267,0.08125,0.05629,0.04098,0.19461,0.19840,0.08017,0.11447,0.10214
0.05289,0.08730,0.08445,0.06628,0.04485,0.19698,0.19838,0.05693,0.11051,0.10142
0.03959,0.06593,0.06923,0.04606,0.03174,0.26773,0.27188,0.04426,0.08690,0.07668
0.03239,0.04769,0.04387,0.03763,0.02706,0.20785,0.20993,0.11497,0.14871,0.12990
0.04983,0.08700,0.07616,0.05320,0.03580,0.14550,0.14996,0.07141,0.17133,0.15982
0.04760,0.10630,0.09900,0.05202,0.03619,0.17812,0.18098,0.10148,0.10459,0.09373
0.04880,0.04562,0.04264,0.05916,0.04126,0.23754,0.24582,0.13487,0.07908,0.06521
0.05840,0.09212,0.07739,0.06044,0.03891,0.08000,0.08280,0.09035,0.21501,0.20457
0.04379,0.07970,0.07578,0.04964,0.03116,0.18094,0.18291,0.07113,0.15119,0.13376
0.05335,0.08041,0.07878,0.05934,0.03991,0.15854,0.16748,0.07113,0.15279,0.13827
0.03370,0.07542,0.06828,0.03864,0.02547,0.14644,0.15694,0.15980,0.15542,0.13990
0.03527,0.05524,0.04971,0.04315,0.02780,0.19059,0.19495,0.13402,0.14184,0.12743
0.06755,0.09503,0.07999,0.04704,0.03329,0.17092,0.17772,0.05003,0.14396,0.13446
0.05676,0.07987,0.06435,0.05382,0.04265,0.23066,0.23462,0.04475,0.10361,0.08893
0.02700,0.03226,0.02947,0.03469,0.02751,0.19339,0.20285,0.06195,0.20167,0.18923
0.04262,0.09940,0.09520,0.05203,0.02574,0.19792,0.20135,0.11767,0.08845,0.07961
0.04775,0.09203,0.08759,0.06342,0.03706,0.15050,0.15738,0.17615,0.10056,0.08756
0.02402,0.04214,0.04754,0.03221,0.01979,0.26554,0.27479,0.05818,0.12620,0.10959
0.04231,0.11555,0.14051,0.14794,0.06643,0.10010,0.10171,0.07764,0.10941,0.09840
0.04584,0.07514,0.07783,0.05361,0.02598,0.18950,0.19422,0.03987,0.15694,0.14106
0.04508,0.06418,0.05620,0.05299,0.03632,0.21296,0.21782,0.06865,0.12897,0.11683
0.03464,0.04296,0.04637,0.04222,0.04870,0.17385,0.18239,0.09823,0.17062,0.16002
0.03516,0.07067,0.06508,0.03958,0.02305,0.18699,0.19024,0.16755,0.11581,0.10586
0.01946,0.02837,0.02597,0.02277,0.01469,0.19826,0.20650,0.19589,0.15090,0.13718
0.03389,0.05223,0.05182,0.03741,0.02660,0.13802,0.14614,0.17095,0.18150,0.16144
0.05156,0.06720,0.06864,0.05659,0.03996,0.20996,0.22001,0.05781,0.12189,0.10638
0.08454,0.11501,0.11158,0.08805,0.06649,0.13187,0.13782,0.08048,0.09683,0.08733
0.02381,0.03735,0.03041,0.02583,0.01647,0.11494,0.12038,0.25912,0.19502,0.17669
0.05222,0.15600,0.13090,0.04908,0.03077,0.15738,0.15877,0.04955,0.10976,0.10558
0.04773,0.07840,0.07427,0.05384,0.03475,0.17025,0.17166,0.16532,0.10999,0.09379
0.04008,0.07387,0.06631,0.04513,0.02998,0.13860,0.14477,0.04852,0.21334,0.19939
0.04162,0.07564,0.06817,0.04524,0.03092,0.24851,0.25282,0.09914,0.07494,0.06300
0.03432,0.05957,0.05955,0.07216,0.04663,0.22734,0.22631,0.11474,0.08578,0.07359
0.06526,0.12122,0.10644,0.07004,0.04504,0.16699,0.16810,0.04736,0.10871,0.10083
0.06378,0.09750,0.08963,0.05814,0.03462,0.18405,0.19014,0.11630,0.08759,0.07825
0.07981,0.17515,0.15645,0.08138,0.03087,0.10958,0.11197,0.04160,0.11039,0.10280
0.04289,0.06620,0.06611,0.05341,0.03542,0.16247,0.16977,0.12228,0.14935,0.13211
0.02925,0.05287,0.05229,0.03820,0.02923,0.18295,0.19529,0.04817,0.19189,0.17985
0.04201,0.12071,0.13313,0.08622,0.03648,0.17301,0.17969,0.04163,0.09848,0.08863
0.06042,0.10395,0.10205,0.07023,0.04646,0.16609,0.16510,0.05005,0.12345,0.11222
0.07129,0.08692,0.10098,0.08538,0.03373,0.10320,0.10514,0.05103,0.18720,0.17513
0.02713,0.02973,0.03149,0.03575,0.01933,0.27114,0.27787,0.04242,0.14162,0.12351
0.03814,0.05446,0.04866,0.04215,0.03568,0.18525,0.18967,0.14100,0.13998,0.12501
0.04225,0.14922,0.13148,0.04927,0.03098,0.13032,0.13756,0.06887,0.13446,0.12559
0.05083,0.10262,0.08205,0.05035,0.03550,0.15989,0.17326,0.09235,0.13398,0.11918
0.02106,0.04750,0.04640,0.02302,0.01346,0.18609,0.19913,0.04927,0.21578,0.19829
0.04478,0.05084,0.05039,0.04783,0.03779,0.14044,0.14577,0.23128,0.13057,0.12031
0.03116,0.05604,0.05634,0.03534,0.02188,0.27218,0.27754,0.09161,0.08598,0.07193
0.06211,0.09181,0.07901,0.07877,0.04127,0.20274,0.20417,0.06313,0.09332,0.08366
0.03258,0.04785,0.04327,0.04035,0.03203,0.23129,0.24097,0.03596,0.15529,0.14040
0.04031,0.07635,0.06156,0.04254,0.02964,0.26749,0.27350,0.07064,0.07489,0.06309
0.04862,0.07927,0.07444,0.05990,0.04147,0.20156,0.20524,0.04902,0.12615,0.11434
0.03209,0.04464,0.03708,0.03362,0.02315,0.13734,0.14506,0.10940,0.22723,0.21039
0.04472,0.12477,0.10709,0.04586,0.04379,0.16963,0.17249,0.09160,0.10566,0.09439
0.06103,0.18209,0.17018,0.07019,0.03377,0.10892,0.11230,0.12606,0.07363,0.06183
0.02937,0.05534,0.05697,0.03732,0.02536,0.24632,0.25180,0.08210,0.11662,0.09880
0.03267,0.04490,0.04373,0.03933,0.03022,0.15494,0.16374,0.03913,0.23347,0.21785
0.04759,0.09706,0.09241,0.05059,0.02839,0.16933,0.17319,0.04246,0.15520,0.14378
0.04201,0.05319,0.05129,0.04937,0.03541,0.21529,0.22283,0.08609,0.13301,0.11151
0.04200,0.06698,0.06569,0.04201,0.02772,0.18562,0.18830,0.05120,0.16919,0.16129
0.04611,0.10495,0.09907,0.04012,0.02230,0.12224,0.13109,0.06971,0.18836,0.17606
0.04912,0.11601,0.11179,0.05730,0.02998,0.17487,0.18338,0.02912,0.12841,0.12001
0.04962,0.07118,0.07245,0.05246,0.03741,0.17151,0.17406,0.16559,0.10864,0.09707
0.02759,0.07996,0.09119,0.04872,0.02305,0.16911,0.17524,0.05357,0.17408,0.15750
0.04851,0.07041,0.06198,0.05400,0.03179,0.16954,0.17589,0.20307,0.09721,0.08761
0.05365,0.11523,0.11215,0.06018,0.03294,0.17002,0.17655,0.11260,0.08810,0.07857
0.05174,0.05912,0.04942,0.05864,0.06293,0.10269,0.10721,0.08449,0.21647,0.20728
0.05036,0.09376,0.07503,0.07043,0.04859,0.11426,0.12060,0.12655,0.15890,0.14152
0.03624,0.07344,0.07126,0.03932,0.02411,0.17887,0.18674,0.13664,0.13387,0.11951
0.03941,0.09060,0.08453,0.04516,0.02572,0.07360,0.07953,0.17486,0.19675,0.18983
0.03392,0.06468,0.06517,0.04273,0.03018,0.11830,0.12211,0.25535,0.14009,0.12746
0.05097,0.12323,0.11062,0.05374,0.02817,0.19489,0.19998,0.04564,0.10246,0.09029
0.04142,0.07171,0.06512,0.04813,0.03262,0.24530,0.24954,0.08268,0.08819,0.07528
0.03519,0.05578,0.04620,0.04950,0.02990,0.23985,0.24141,0.11649,0.09966,0.08601
0.03535,0.05997,0.06226,0.04251,0.02619,0.12880,0.13448,0.31340,0.10771,0.08933
0.04427,0.05832,0.05115,0.04704,0.03106,0.20191,0.20646,0.08478,0.14333,0.13168
0.05509,0.07689,0.06824,0.07314,0.04811,0.15939,0.16245,0.19018,0.08831,0.07821
0.04449,0.06177,0.06156,0.05632,0.04035,0.19337,0.19509,0.08669,0.13728,0.12309
0.04992,0.07803,0.07702,0.06653,0.05404,0.21084,0.21489,0.05516,0.10263,0.09094
0.05870,0.10000,0.09402,0.06970,0.04737,0.13110,0.13725,0.08277,0.14370,0.13539
0.05595,0.08895,0.07806,0.05583,0.03924,0.09811,0.10515,0.04779,0.21826,0.21265
0.03076,0.05689,0.05692,0.03895,0.02666,0.21063,0.21792,0.06337,0.15507,0.14281
0.07059,0.07625,0.08460,0.09158,0.03982,0.12133,0.13116,0.05281,0.17321,0.15865
0.09469,0.09834,0.10740,0.11458,0.05853,0.10856,0.11557,0.09221,0.11112,0.09900
0.03072,0.06036,0.05963,0.03979,0.02714,0.18354,0.19243,0.12544,0.15033,0.13061
0.03477,0.05498,0.05450,0.04187,0.02204,0.19403,0.20393,0.15386,0.12925,0.11076
0.05438,0.14156,0.11837,0.04726,0.02966,0.21174,0.21743,0.03120,0.07812,0.07028
0.06636,0.10199,0.09282,0.08230,0.07761,0.17547,0.17869,0.08131,0.07606,0.06740
0.04462,0.13188,0.13019,0.05085,0.02933,0.17817,0.18140,0.05025,0.10552,0.09778
0.08492,0.09741,0.07081,0.11608,0.07085,0.16781,0.16910,0.03695,0.09708,0.08900
0.04561,0.06496,0.05992,0.05613,0.03433,0.10867,0.11696,0.09519,0.21579,0.20244
0.02917,0.04768,0.04725,0.04048,0.02444,0.18327,0.19336,0.16866,0.14116,0.12454
0.05385,0.10938,0.10585,0.09422,0.05681,0.12569,0.13104,0.08798,0.12453,0.11066
0.05411,0.07597,0.07293,0.05720,0.04615,0.21542,0.21660,0.11017,0.08171,0.06973
0.04257,0.06279,0.06436,0.04782,0.03965,0.19931,0.20182,0.06839,0.14221,0.13107
0.03293,0.04917,0.04821,0.03953,0.02640,0.18527,0.19077,0.16146,0.14351,0.12275
0.05571,0.11227,0.09174,0.07956,0.03672,0.14760,0.15411,0.18401,0.07564,0.06264
0.05721,0.12137,0.11506,0.05717,0.03454,0.13631,0.13976,0.05586,0.14630,0.13642
0.03780,0.07930,0.07128,0.03400,0.01893,0.16649,0.17783,0.08224,0.17327,0.15886
0.04917,0.07716,0.08224,0.05002,0.03566,0.16402,0.17322,0.12303,0.13039,0.11508
0.04567,0.05898,0.04929,0.03829,0.02356,0.20064,0.20406,0.07294,0.15851,0.14807
0.04074,0.05535,0.05753,0.03744,0.02745,0.16036,0.16537,0.11077,0.18059,0.16439
0.05761,0.10717,0.09492,0.08951,0.06595,0.18152,0.18085,0.07091,0.07869,0.07287
0.04020,0.07606,0.07233,0.05512,0.03492,0.21141,0.21414,0.05770,0.12513,0.11300
0.04873,0.12477,0.12144,0.05895,0.03063,0.16466,0.16477,0.06809,0.11377,0.10420
0.13030,0.16103,0.11820,0.06242,0.02937,0.09233,0.09392,0.08255,0.11627,0.11360
0.04991,0.06401,0.06484,0.05049,0.04084,0.20872,0.21626,0.06535,0.12533,0.11425
0.04440,0.10149,0.10524,0.05962,0.03570,0.19826,0.20579,0.08258,0.09084,0.07609
0.05968,0.07676,0.06738,0.06721,0.04481,0.20202,0.20687,0.06308,0.11119,0.10099
0.03455,0.04613,0.03772,0.03527,0.02359,0.16677,0.17113,0.34486,0.07515,0.06482
0.02261,0.04715,0.04032,0.02779,0.01834,0.29318,0.29762,0.05290,0.10532,0.09476
0.04515,0.08570,0.08841,0.05685,0.03550,0.22256,0.22624,0.08487,0.08434,0.07037
0.04349,0.07295,0.07584,0.05099,0.03170,0.18443,0.18821,0.09528,0.13460,0.12251
0.03838,0.05729,0.05524,0.04127,0.02754,0.19507,0.20256,0.05813,0.16678,0.15774
0.05870,0.06452,0.06024,0.06060,0.04049,0.16433,0.16790,0.09073,0.15167,0.14081
0.06360,0.12190,0.11254,0.10166,0.04901,0.14879,0.15350,0.04185,0.10584,0.10131
0.03149,0.04447,0.03840,0.03597,0.02563,0.30201,0.30770,0.03561,0.09507,0.08365
0.05739,0.07522,0.06294,0.06287,0.04242,0.11265,0.11719,0.03829,0.21946,0.21158
0.03703,0.05856,0.05319,0.03986,0.02889,0.15211,0.15649,0.20103,0.14095,0.13190
0.02372,0.05865,0.05780,0.02945,0.01623,0.23784,0.24118,0.06051,0.14049,0.13413
0.03781,0.05965,0.05390,0.03583,0.01796,0.29719,0.29825,0.05975,0.07579,0.06386
0.04953,0.07418,0.06286,0.04297,0.02838,0.16906,0.17218,0.08728,0.16187,0.15169
0.02224,0.02953,0.02910,0.02765,0.01763,0.18863,0.20037,0.08950,0.20363,0.19173
0.02427,0.04072,0.03966,0.02971,0.02119,0.22821,0.23646,0.17647,0.10890,0.09441
0.03289,0.04822,0.04302,0.03477,0.02293,0.13016,0.13860,0.09066,0.23339,0.22536
0.03602,0.06691,0.06209,0.04422,0.02936,0.20181,0.21003,0.14820,0.10774,0.09362
0.04603,0.09674,0.09066,0.04438,0.02909,0.14510,0.14739,0.06675,0.17302,0.16085
0.04200,0.13685,0.16352,0.07927,0.03754,0.18759,0.18520,0.05323,0.06208,0.05272
0.04548,0.08944,0.07662,0.06624,0.03952,0.17463,0.17845,0.05605,0.14414,0.12943
0.03347,0.07113,0.06842,0.04224,0.02584,0.21684,0.22054,0.11319,0.10975,0.09857
0.03599,0.06571,0.05666,0.04508,0.02625,0.20949,0.21663,0.04900,0.15371,0.14148
0.03874,0.04540,0.03788,0.04069,0.03070,0.22907,0.23306,0.15303,0.10353,0.08789
0.02862,0.04856,0.04693,0.03043,0.02148,0.26813,0.27198,0.04914,0.12643,0.10829
0.04646,0.07461,0.06285,0.04754,0.02978,0.23283,0.23777,0.10009,0.09104,0.07702
