0.02964,0.03094,0.01407,0.02588,0.02076,0.01820,0.01612,0.01547,0.00831,0.01401,0.02520,0.04623,0.02458,0.02603,0.02975,0.45176,0.02310,0.09141,0.00597,0.08258
0.01701,0.01262,0.01066,0.02674,0.08771,0.01718,0.01507,0.01676,0.01638,0.02066,0.10644,0.01069,0.03572,0.05389,0.06164,0.31674,0.08900,0.01571,0.00904,0.06034
0.01685,0.04451,0.13277,0.05583,0.03122,0.02291,0.01802,0.03741,0.01102,0.01443,0.01561,0.09808,0.02557,0.03419,0.05437,0.10374,0.02482,0.00790,0.19686,0.05388
0.01967,0.01107,0.01573,0.01620,0.02156,0.01555,0.01318,0.01582,0.01324,0.01455,0.02096,0.05631,0.16609,0.04848,0.01926,0.44048,0.01909,0.01169,0.04766,0.01343
0.04233,0.02419,0.02756,0.09608,0.02556,0.04123,0.02835,0.03454,0.01847,0.02437,0.22993,0.01423,0.05613,0.02962,0.01957,0.06718,0.09158,0.02075,0.07778,0.03054
0.04983,0.02531,0.04748,0.06677,0.04694,0.05418,0.04041,0.05011,0.02596,0.04673,0.02755,0.12081,0.03613,0.02992,0.05774,0.11121,0.02816,0.03553,0.08466,0.01456
0.02266,0.02193,0.02609,0.02123,0.02753,0.01883,0.02685,0.02156,0.02595,0.01799,0.06044,0.01400,0.02618,0.12578,0.03910,0.26341,0.10727,0.00918,0.01643,0.10759
0.01502,0.02329,0.04465,0.04801,0.04190,0.02455,0.01770,0.02698,0.01712,0.01888,0.03033,0.02768,0.01588,0.03434,0.25716,0.26275,0.03119,0.01002,0.04104,0.01149
0.01427,0.01527,0.01146,0.01857,0.01879,0.01680,0.01354,0.01238,0.01135,0.01567,0.01107,0.01745,0.02282,0.02120,0.05819,0.61380,0.06970,0.01770,0.00744,0.01255
0.01096,0.01046,0.00812,0.00908,0.01499,0.01135,0.00851,0.00663,0.00933,0.01251,0.06145,0.00476,0.03492,0.10626,0.05521,0.25636,0.24663,0.00691,0.00450,0.12105
0.02738,0.02647,0.04881,0.04407,0.05529,0.02578,0.05302,0.04239,0.02780,0.02899,0.03194,0.02411,0.02500,0.02674,0.09554,0.34462,0.01832,0.01700,0.02396,0.01274
0.02278,0.01455,0.01512,0.02129,0.02477,0.01471,0.02144,0.01526,0.01307,0.02044,0.01522,0.11556,0.10003,0.21525,0.09335,0.14260,0.04827,0.01890,0.02924,0.03814
0.09730,0.03024,0.03508,0.02808,0.02468,0.02489,0.04405,0.03315,0.02254,0.03573,0.01977,0.14799,0.12087,0.02325,0.02421,0.08386,0.01136,0.15566,0.02608,0.01123
0.03210,0.00840,0.01314,0.01084,0.01040,0.01749,0.00753,0.00933,0.00855,0.01057,0.01438,0.11448,0.05082,0.01545,0.01036,0.02548,0.00708,0.61225,0.01259,0.00876
0.00969,0.00937,0.00925,0.01086,0.01067,0.00802,0.00923,0.00724,0.00824,0.00803,0.01088,0.03847,0.04768,0.02783,0.01884,0.70685,0.01553,0.00659,0.01867,0.01808
0.02377,0.06076,0.02285,0.04617,0.11099,0.02297,0.04380,0.05839,0.01753,0.02738,0.04968,0.12734,0.02228,0.01876,0.00938,0.01917,0.01158,0.24580,0.04481,0.01656
0.06279,0.02785,0.04068,0.03137,0.02805,0.03062,0.02984,0.02179,0.02702,0.02413,0.03671,0.02561,0.05865,0.14518,0.01912,0.20493,0.10869,0.02342,0.03687,0.01668
0.41331,0.01251,0.02396,0.01578,0.01486,0.04726,0.02108,0.02026,0.02905,0.01512,0.04268,0.04039,0.02207,0.01916,0.01799,0.03980,0.01742,0.12340,0.03677,0.02712
0.01189,0.01803,0.01975,0.01836,0.03306,0.01180,0.01205,0.01155,0.01169,0.01057,0.01459,0.02190,0.10362,0.45087,0.02799,0.15574,0.02675,0.00576,0.01279,0.02123
0.01569,0.01496,0.02919,0.01525,0.02302,0.01507,0.01708,0.01310,0.01224,0.01608,0.04219,0.01816,0.02786,0.49617,0.01948,0.02381,0.12536,0.00898,0.03738,0.02893
0.05814,0.03493,0.02740,0.04020,0.05589,0.04126,0.07178,0.03689,0.04405,0.04005,0.02082,0.03085,0.08838,0.04317,0.04852,0.13204,0.03407,0.01647,0.05353,0.08156
0.01275,0.00789,0.02389,0.01158,0.01303,0.01118,0.01441,0.00796,0.00865,0.02216,0.03200,0.01645,0.04205,0.46341,0.02437,0.22070,0.03150,0.00736,0.01313,0.01554
0.22462,0.01958,0.02560,0.04347,0.02151,0.05677,0.01734,0.16475,0.02238,0.03914,0.01487,0.09302,0.01170,0.03486,0.08660,0.05061,0.01939,0.02899,0.01211,0.01270
0.04627,0.02281,0.02627,0.03119,0.03443,0.03614,0.07751,0.03097,0.01444,0.03595,0.02540,0.11639,0.03339,0.01673,0.03448,0.09136,0.01575,0.24337,0.05536,0.01179
0.02731,0.19628,0.02716,0.03520,0.01948,0.02565,0.02155,0.02105,0.02306,0.03443,0.17852,0.00713,0.09088,0.01614,0.02528,0.09275,0.08496,0.01044,0.03783,0.02490
0.01250,0.01731,0.01624,0.01706,0.01886,0.01536,0.01485,0.01215,0.02274,0.01284,0.03982,0.01924,0.06440,0.49215,0.01967,0.03384,0.09498,0.02067,0.00889,0.04643
0.00632,0.00601,0.31376,0.00463,0.00412,0.00316,0.00397,0.00343,0.00435,0.10840,0.01243,0.00514,0.01050,0.03314,0.02217,0.03704,0.39921,0.00577,0.00400,0.01242
0.02113,0.02374,0.01765,0.01997,0.02096,0.02388,0.01973,0.01673,0.01444,0.01386,0.03715,0.01244,0.08148,0.03825,0.01450,0.39962,0.06071,0.03769,0.02028,0.10579
0.09122,0.02130,0.03008,0.02848,0.04384,0.03538,0.05081,0.03258,0.02498,0.03414,0.04555,0.02981,0.08296,0.03547,0.05219,0.20580,0.06575,0.02275,0.05041,0.01649
0.04727,0.03189,0.04156,0.02568,0.04326,0.03204,0.04216,0.03458,0.03172,0.09078,0.02870,0.02059,0.03058,0.02834,0.04206,0.35604,0.02245,0.01294,0.01724,0.02011
0.02744,0.04622,0.02250,0.02741,0.03040,0.03043,0.03343,0.02142,0.02440,0.02943,0.01430,0.11461,0.04477,0.01474,0.04754,0.35668,0.01317,0.06255,0.01534,0.02322
0.05881,0.00597,0.03291,0.04838,0.01024,0.03906,0.02556,0.13077,0.01435,0.02232,0.02364,0.46380,0.00700,0.01298,0.03495,0.02611,0.00668,0.02086,0.00775,0.00785
0.03216,0.01769,0.02674,0.01974,0.02304,0.02652,0.01997,0.01954,0.01853,0.01927,0.03448,0.02014,0.02448,0.03050,0.02975,0.56533,0.02990,0.01133,0.01385,0.01703
0.04043,0.01090,0.08857,0.01583,0.05240,0.16226,0.16016,0.02083,0.01848,0.01340,0.05786,0.00668,0.00781,0.03718,0.02864,0.00848,0.14414,0.02063,0.08615,0.01915
0.01735,0.01615,0.01473,0.02146,0.02183,0.01522,0.01530,0.01553,0.01624,0.01398,0.03888,0.04029,0.21195,0.02546,0.01632,0.37978,0.01326,0.02544,0.04119,0.03966
0.03247,0.22178,0.02113,0.05474,0.04460,0.02761,0.05433,0.02675,0.02270,0.02976,0.02494,0.02410,0.03912,0.04953,0.05868,0.06872,0.05463,0.01973,0.00970,0.11498
0.03813,0.02694,0.03728,0.03991,0.04724,0.03082,0.03724,0.02737,0.02655,0.04597,0.01801,0.03246,0.01946,0.18232,0.01887,0.01661,0.07966,0.02671,0.02270,0.22573
0.01945,0.19900,0.09396,0.01171,0.01592,0.01497,0.01403,0.01246,0.00967,0.08276,0.03855,0.01083,0.01382,0.08031,0.04419,0.20147,0.09653,0.00823,0.00990,0.02226
0.00945,0.00934,0.01123,0.00959,0.01283,0.00736,0.00808,0.00850,0.00655,0.00983,0.01164,0.00943,0.01846,0.06362,0.04003,0.54912,0.18776,0.00534,0.00771,0.01413
0.02256,0.02271,0.01838,0.02085,0.01903,0.02289,0.01850,0.02100,0.01568,0.01910,0.01350,0.06505,0.03331,0.02965,0.02240,0.54898,0.01921,0.01240,0.03290,0.02190
0.01826,0.02452,0.02386,0.02906,0.03212,0.01918,0.02647,0.02292,0.01666,0.00915,0.01446,0.01024,0.39854,0.01372,0.02350,0.02465,0.01384,0.00458,0.12766,0.14662
0.03079,0.02622,0.03710,0.02862,0.02808,0.02852,0.02598,0.01720,0.03568,0.02319,0.21035,0.01934,0.05186,0.27047,0.01444,0.04975,0.03939,0.01759,0.02095,0.02449
0.03069,0.04675,0.02675,0.02318,0.04366,0.02433,0.02473,0.02723,0.01997,0.02178,0.01935,0.03532,0.01902,0.02938,0.05519,0.48838,0.02336,0.01055,0.02110,0.00929
0.03315,0.02424,0.03316,0.04306,0.02129,0.04441,0.04605,0.02862,0.01997,0.03061,0.03938,0.18508,0.06280,0.03973,0.02137,0.19631,0.02507,0.03920,0.05206,0.01441
0.01981,0.01102,0.01447,0.01409,0.01456,0.01547,0.01698,0.01168,0.01190,0.01568,0.01510,0.04820,0.03255,0.02719,0.01633,0.64917,0.02142,0.01503,0.00905,0.02032
0.02593,0.02958,0.02889,0.02906,0.03830,0.02408,0.02093,0.02306,0.02582,0.01919,0.03950,0.03011,0.03190,0.05841,0.02073,0.48388,0.01770,0.01262,0.01561,0.02469
0.04412,0.06151,0.04428,0.03502,0.07311,0.03518,0.03783,0.03432,0.02845,0.03457,0.03807,0.01510,0.04693,0.01660,0.04443,0.23575,0.03100,0.00796,0.07163,0.06415
0.01033,0.00875,0.03689,0.02137,0.01733,0.01221,0.00903,0.01028,0.00864,0.00806,0.01601,0.01402,0.02326,0.67103,0.01843,0.03277,0.06164,0.00301,0.00767,0.00927
0.02483,0.02961,0.05170,0.02953,0.03266,0.02693,0.02735,0.02629,0.02079,0.02709,0.04762,0.02182,0.02935,0.24003,0.03486,0.16434,0.08858,0.01301,0.01777,0.04584
0.11879,0.01802,0.08436,0.06924,0.02679,0.27075,0.05984,0.02049,0.00970,0.03784,0.01628,0.02097,0.03885,0.02916,0.02862,0.07725,0.01588,0.00931,0.03870,0.00918
0.00919,0.01718,0.00935,0.01195,0.01827,0.01231,0.01329,0.00884,0.00840,0.01099,0.01067,0.01354,0.01566,0.05341,0.18959,0.38366,0.14925,0.00842,0.00799,0.04804
0.00950,0.00784,0.00730,0.00844,0.01880,0.00690,0.00727,0.00579,0.00759,0.00783,0.04859,0.01549,0.01502,0.07572,0.19151,0.44691,0.06429,0.00696,0.00891,0.03935
0.01919,0.01486,0.01816,0.02070,0.01643,0.01700,0.01780,0.01641,0.01168,0.01662,0.01611,0.04235,0.04581,0.04998,0.03557,0.55407,0.04005,0.00930,0.01968,0.01824
0.01945,0.02026,0.02075,0.02561,0.02916,0.02931,0.01687,0.02310,0.01669,0.02214,0.03577,0.02131,0.07368,0.16574,0.02694,0.34070,0.03644,0.00973,0.03175,0.03458
0.02901,0.02262,0.02006,0.03175,0.06580,0.03944,0.04018,0.02209,0.02198,0.03600,0.02805,0.01555,0.03133,0.07239,0.04051,0.17389,0.18266,0.03128,0.01721,0.07819
0.02368,0.04988,0.04195,0.03059,0.02491,0.03440,0.04194,0.02232,0.01600,0.04657,0.03099,0.01282,0.34766,0.06839,0.01670,0.12007,0.02922,0.00960,0.01531,0.01700
0.02836,0.02605,0.03760,0.02899,0.03491,0.03831,0.02689,0.03406,0.06434,0.02983,0.18221,0.03898,0.09894,0.16293,0.01524,0.03820,0.02213,0.03292,0.01898,0.04012
0.02666,0.01652,0.01829,0.01915,0.02388,0.01699,0.01232,0.01138,0.01345,0.01090,0.02828,0.01935,0.04759,0.05121,0.01461,0.54977,0.03256,0.01420,0.01346,0.05944
0.03626,0.14766,0.02991,0.03228,0.03398,0.02467,0.02835,0.01849,0.01497,0.01921,0.01139,0.05215,0.02056,0.02047,0.19414,0.08856,0.03034,0.01242,0.02777,0.15641
0.05247,0.02232,0.02650,0.02891,0.04746,0.03150,0.03390,0.03280,0.02241,0.03491,0.01965,0.02546,0.05695,0.12350,0.06168,0.09999,0.20043,0.01270,0.04632,0.02013
0.01454,0.01011,0.01887,0.02240,0.02526,0.01126,0.01921,0.01295,0.01196,0.02047,0.00937,0.01991,0.01833,0.05150,0.12329,0.48769,0.06402,0.00546,0.03775,0.01565
0.02220,0.03361,0.02381,0.06975,0.03284,0.03146,0.02381,0.01297,0.01320,0.02193,0.03853,0.01107,0.16098,0.12823,0.01913,0.04850,0.12979,0.02419,0.00741,0.14658
0.03211,0.04056,0.03367,0.02167,0.03690,0.04631,0.02508,0.02479,0.02564,0.02531,0.02516,0.05721,0.07268,0.23213,0.03774,0.14905,0.03207,0.03397,0.01763,0.03034
0.02011,0.01623,0.04199,0.03646,0.02655,0.01728,0.01351,0.02981,0.01245,0.01899,0.01361,0.02798,0.02532,0.03786,0.10593,0.26544,0.02982,0.00689,0.24136,0.01240
0.00769,0.01222,0.13028,0.00642,0.00751,0.00521,0.00623,0.00475,0.00450,0.23001,0.02141,0.00875,0.01609,0.23882,0.02975,0.10554,0.14299,0.00743,0.00624,0.00815
0.02421,0.03853,0.01654,0.03364,0.05142,0.01428,0.01234,0.01163,0.00867,0.01410,0.03044,0.03236,0.10113,0.03586,0.02521,0.06572,0.03150,0.25397,0.01561,0.18282
0.03282,0.01345,0.03879,0.02671,0.03376,0.04606,0.01199,0.01319,0.01644,0.01393,0.16125,0.01474,0.02628,0.05753,0.01960,0.34961,0.01928,0.00849,0.03449,0.06160
0.01747,0.01852,0.02323,0.01914,0.02302,0.01455,0.01267,0.01413,0.01458,0.01660,0.02300,0.01158,0.03411,0.05096,0.01107,0.61549,0.02894,0.01000,0.02533,0.01560
0.01901,0.01949,0.02180,0.02910,0.02375,0.01857,0.03131,0.02134,0.01365,0.02153,0.01782,0.04670,0.01637,0.16421,0.09274,0.08413,0.14855,0.00809,0.02448,0.17737
0.10649,0.02528,0.42496,0.03282,0.01304,0.03666,0.01372,0.05029,0.02705,0.01203,0.01148,0.00815,0.00703,0.03938,0.02894,0.01561,0.12370,0.00635,0.00710,0.00992
0.02338,0.02060,0.08124,0.13506,0.02548,0.03175,0.01654,0.02199,0.02128,0.01972,0.01935,0.07829,0.01858,0.02397,0.07821,0.30837,0.01137,0.01275,0.03415,0.01791
0.03915,0.02848,0.04138,0.02737,0.03592,0.04024,0.03697,0.02984,0.02883,0.03824,0.05193,0.02180,0.06718,0.24055,0.01373,0.14745,0.04681,0.01348,0.02865,0.02202
0.01976,0.01533,0.01519,0.01801,0.01969,0.01783,0.02378,0.01431,0.01482,0.01358,0.01707,0.03789,0.03362,0.37175,0.02155,0.02472,0.23010,0.03729,0.03182,0.02189
0.04666,0.03388,0.06175,0.04378,0.04431,0.05073,0.04760,0.03605,0.03715,0.05110,0.02755,0.05024,0.11836,0.02142,0.03556,0.11944,0.01738,0.11673,0.02222,0.01809
0.01817,0.02279,0.02587,0.01728,0.01851,0.01675,0.01639,0.01844,0.02001,0.01799,0.02230,0.04304,0.12955,0.17040,0.03936,0.31968,0.01748,0.00898,0.01621,0.04078
0.04550,0.02457,0.03812,0.03106,0.06294,0.03109,0.03733,0.02635,0.02574,0.03579,0.06061,0.16338,0.02989,0.01292,0.02938,0.10607,0.00955,0.18918,0.02763,0.01291
0.02289,0.02657,0.03964,0.02349,0.03109,0.02372,0.03247,0.01729,0.03455,0.02062,0.03733,0.07343,0.09405,0.37590,0.01318,0.03136,0.02471,0.02873,0.02188,0.02709
0.04212,0.03209,0.04778,0.04186,0.03484,0.03455,0.03626,0.04272,0.03792,0.03038,0.02722,0.07917,0.03801,0.09527,0.06426,0.20505,0.03268,0.02763,0.03047,0.01974
0.03025,0.02044,0.02416,0.02143,0.04614,0.02215,0.02835,0.01969,0.01842,0.02233,0.03877,0.02390,0.04692,0.01527,0.02908,0.49775,0.01193,0.03927,0.01418,0.02957
0.01047,0.00746,0.10826,0.00913,0.01776,0.01132,0.01037,0.01032,0.00853,0.01967,0.04525,0.00594,0.07229,0.47077,0.01776,0.09658,0.04650,0.00458,0.01062,0.01643
0.02573,0.03266,0.03811,0.03087,0.06842,0.01813,0.02801,0.02796,0.03474,0.02940,0.02556,0.01914,0.03645,0.16492,0.04976,0.21583,0.04968,0.00778,0.03799,0.05888
0.34580,0.03278,0.03232,0.03197,0.02585,0.04772,0.02139,0.10600,0.03981,0.02011,0.01126,0.05051,0.01601,0.06205,0.03690,0.03027,0.03178,0.01506,0.01443,0.02799
0.03513,0.02599,0.02888,0.03631,0.02135,0.02501,0.02205,0.02050,0.01855,0.02111,0.02346,0.03869,0.11106,0.07380,0.01699,0.38481,0.02129,0.01912,0.02190,0.03402
0.04314,0.03136,0.02607,0.02235,0.02760,0.02195,0.02111,0.02349,0.01659,0.01913,0.01346,0.15510,0.02741,0.03137,0.11491,0.28850,0.02928,0.00849,0.02756,0.05117
0.03177,0.01145,0.01952,0.01908,0.01880,0.02329,0.01432,0.01820,0.01679,0.01814,0.03506,0.37957,0.10909,0.01979,0.01878,0.08138,0.01026,0.12276,0.01543,0.01652
0.02528,0.02245,0.02309,0.03276,0.04315,0.02400,0.03766,0.02661,0.02682,0.03694,0.02297,0.03475,0.07029,0.28734,0.04206,0.04585,0.09679,0.01748,0.03860,0.04511
0.04945,0.03337,0.01555,0.02675,0.06488,0.07855,0.01792,0.02429,0.02764,0.02215,0.08317,0.01252,0.07705,0.09188,0.05984,0.10794,0.12676,0.01523,0.01403,0.05104
0.00758,0.00813,0.00682,0.00832,0.01371,0.00914,0.00877,0.00635,0.00826,0.00635,0.03486,0.00994,0.02062,0.46780,0.12287,0.08283,0.12034,0.00796,0.00587,0.04346
0.04694,0.02399,0.05892,0.04197,0.03482,0.04788,0.03595,0.03823,0.04679,0.06141,0.04082,0.04878,0.03038,0.10798,0.06523,0.15247,0.04612,0.04181,0.01356,0.01595
0.02331,0.02893,0.02709,0.02766,0.02812,0.03637,0.02367,0.02153,0.03837,0.02111,0.05056,0.01138,0.05096,0.11053,0.02476,0.31176,0.08454,0.03541,0.01089,0.03305
0.02010,0.02587,0.02441,0.02156,0.02267,0.03676,0.08484,0.01696,0.01619,0.02901,0.01544,0.04329,0.03234,0.18313,0.06336,0.11186,0.07344,0.11074,0.01297,0.05506
0.02343,0.02639,0.01643,0.01887,0.02817,0.02466,0.01861,0.01420,0.01714,0.01331,0.02522,0.09912,0.03930,0.02931,0.04972,0.45586,0.02688,0.01750,0.01623,0.03965
0.00982,0.00948,0.01685,0.00924,0.01167,0.00876,0.00753,0.00678,0.00848,0.00892,0.01048,0.01438,0.01996,0.73861,0.02024,0.02292,0.05199,0.00549,0.00643,0.01198
0.03020,0.03153,0.02706,0.02103,0.04649,0.02397,0.02336,0.02084,0.01965,0.01957,0.01461,0.01531,0.03397,0.04913,0.04385,0.46078,0.07590,0.00886,0.01378,0.02010
0.04262,0.03618,0.04080,0.06770,0.02319,0.05712,0.02443,0.03077,0.01937,0.02115,0.02253,0.19006,0.02414,0.05113,0.04642,0.05723,0.04150,0.03171,0.15609,0.01588
0.02741,0.03398,0.08114,0.02742,0.24676,0.05401,0.06356,0.02377,0.02514,0.04251,0.04309,0.01846,0.03732,0.02541,0.05565,0.12884,0.02552,0.01631,0.01162,0.01210
0.03664,0.01322,0.05920,0.03334,0.03383,0.09913,0.03194,0.03269,0.01716,0.03472,0.04530,0.02047,0.26991,0.09557,0.08688,0.02289,0.03597,0.01045,0.01133,0.00937
0.05520,0.03969,0.13344,0.07623,0.04157,0.04828,0.01845,0.07078,0.02306,0.04036,0.02605,0.00811,0.02004,0.01289,0.02380,0.29813,0.01998,0.01054,0.02553,0.00786
0.03017,0.03060,0.02997,0.03250,0.02787,0.03132,0.03478,0.02911,0.03032,0.02786,0.08167,0.01991,0.21435,0.12180,0.03441,0.06992,0.07649,0.02259,0.01683,0.03755
0.02863,0.02566,0.01976,0.02441,0.03214,0.02433,0.02009,0.03546,0.01782,0.02443,0.01284,0.03061,0.03468,0.07031,0.14141,0.12103,0.24614,0.03480,0.02570,0.02973
