0.00249,0.97904,0.00803,0.01044
0.06362,0.02922,0.68016,0.22700
0.16825,0.01421,0.38749,0.43004
0.12774,0.10759,0.26863,0.49604
0.13124,0.09202,0.54151,0.23522
0.31985,0.00157,0.06613,0.61244
0.00657,0.08678,0.27080,0.63585
0.14754,0.00763,0.23638,0.60844
0.06175,0.33240,0.23236,0.37350
0.49935,0.01699,0.16185,0.32181
0.00302,0.00275,0.60292,0.39131
0.02774,0.11373,0.51234,0.34618
0.14551,0.09587,0.19367,0.56495
0.06944,0.86600,0.03330,0.03126
0.00281,0.19724,0.13060,0.66935
0.85257,0.05715,0.04325,0.04703
0.08154,0.02366,0.35850,0.53631
0.00538,0.00446,0.39669,0.59347
0.12567,0.05189,0.08765,0.73479
0.75567,0.08394,0.07104,0.08935
0.76547,0.01748,0.10092,0.11613
0.14110,0.22195,0.46140,0.17555
0.33369,0.00517,0.21727,0.44388
0.11466,0.06263,0.67004,0.15267
0.19886,0.05817,0.13734,0.60563
0.04944,0.07432,0.62773,0.24852
0.00243,0.16356,0.73306,0.10095
0.01056,0.01075,0.38393,0.59476
0.18668,0.05954,0.12326,0.63052
0.03438,0.06342,0.06696,0.83523
0.17153,0.05402,0.20211,0.57235
0.05085,0.01578,0.72550,0.20787
0.00309,0.00631,0.03440,0.95621
0.26467,0.00103,0.14839,0.58592
0.04945,0.13872,0.37126,0.44057
0.16239,0.09524,0.33639,0.40597
0.05246,0.03941,0.40741,0.50072
0.11533,0.43449,0.18493,0.26524
0.05594,0.07302,0.25811,0.61293
0.00213,0.00217,0.39653,0.59917
0.87565,0.01832,0.04505,0.06097
0.09899,0.49898,0.19537,0.20666
0.19633,0.32380,0.23937,0.24049
0.16135,0.11975,0.48284,0.23606
0.47485,0.03100,0.25872,0.23543
0.59297,0.00684,0.17417,0.22601
0.13745,0.38149,0.24014,0.24092
0.00280,0.17794,0.45033,0.36893
0.00075,0.09199,0.06365,0.84362
0.53814,0.05830,0.12649,0.27707
0.01113,0.01728,0.44243,0.52916
0.21203,0.15630,0.13417,0.49750
0.92471,0.00996,0.03128,0.03405
0.68645,0.30175,0.00562,0.00619
0.58415,0.00386,0.18716,0.22483
0.94084,0.00404,0.02671,0.02842
0.02656,0.07184,0.34186,0.55975
0.08730,0.11784,0.62813,0.16672
0.57913,0.02214,0.13243,0.26630
0.00261,0.13354,0.39704,0.46682
0.14063,0.12141,0.48536,0.25260
0.00224,0.00192,0.54683,0.44901
0.00663,0.12936,0.53568,0.32834
0.17223,0.00463,0.38343,0.43971
0.28955,0.00719,0.43579,0.26748
0.00135,0.09626,0.66309,0.23930
0.27851,0.12569,0.24719,0.34862
0.07406,0.24626,0.25740,0.42228
0.16169,0.05898,0.09278,0.68656
0.05426,0.08942,0.37064,0.48568
0.00801,0.00825,0.50725,0.47649
0.06012,0.02431,0.15864,0.75694
0.00829,0.54705,0.24309,0.20157
0.47485,0.04019,0.13439,0.35056
0.01363,0.04213,0.17600,0.76824
0.11396,0.22980,0.40670,0.24954
0.05374,0.11126,0.44756,0.38745
0.33507,0.17836,0.33620,0.15037
0.08461,0.06166,0.63175,0.22198
0.15706,0.14721,0.13451,0.56122
0.36038,0.19965,0.16682,0.27315
0.10957,0.17723,0.40131,0.31189
0.19817,0.00216,0.06108,0.73860
0.00311,0.01069,0.84278,0.14342
0.48388,0.03265,0.11770,0.36576
0.56609,0.03239,0.16849,0.23304
0.78656,0.00867,0.11166,0.09312
0.00724,0.93943,0.02406,0.02927
0.49543,0.00036,0.02118,0.48303
0.74694,0.07581,0.09057,0.08669
0.09100,0.10822,0.28502,0.51576
0.54994,0.05589,0.15509,0.23908
0.23737,0.00997,0.53983,0.21282
0.05011,0.22820,0.24830,0.47338
0.00406,0.76447,0.12010,0.11137
0.00343,0.00659,0.03841,0.95157
0.46339,0.00897,0.34122,0.18643
0.00758,0.00775,0.48405,0.50062
0.03072,0.02131,0.47415,0.47381
0.00578,0.82524,0.07467,0.09431
