0.00987,0.02284,0.02958,0.00458,0.31282,0.00776,0.00729,0.01630,0.27309,0.01526,0.01054,0.00561,0.01725,0.05253,0.00911,0.00841,0.02878,0.07213,0.00350,0.09277
0.01011,0.41355,0.00912,0.01223,0.01536,0.37192,0.02194,0.00307,0.02073,0.00999,0.00741,0.01013,0.01560,0.01056,0.00422,0.00652,0.01012,0.02257,0.00427,0.02057
0.03883,0.00903,0.10810,0.04909,0.16943,0.01912,0.01251,0.00760,0.12221,0.19293,0.01160,0.07396,0.06538,0.02650,0.00872,0.01487,0.00982,0.00654,0.02734,0.02643
0.15201,0.00882,0.00929,0.02998,0.19191,0.23265,0.02075,0.04619,0.03167,0.02751,0.01968,0.01079,0.02444,0.02020,0.01758,0.09742,0.01084,0.02300,0.01048,0.01478
0.00883,0.01062,0.01646,0.02212,0.21689,0.01150,0.01053,0.01506,0.15677,0.01485,0.03493,0.01148,0.01165,0.04044,0.00726,0.06149,0.00641,0.00624,0.32259,0.01388
0.02180,0.27549,0.13370,0.00910,0.03980,0.25685,0.00712,0.01152,0.01122,0.01806,0.01969,0.01859,0.01167,0.04442,0.00407,0.02243,0.00628,0.01621,0.05480,0.01719
0.37660,0.06131,0.00510,0.00595,0.33698,0.05281,0.00675,0.01216,0.01453,0.00363,0.00810,0.01020,0.01613,0.00282,0.04240,0.01017,0.02330,0.00382,0.00452,0.00272
0.03484,0.02292,0.01043,0.00783,0.03878,0.00873,0.01880,0.00658,0.02074,0.01824,0.00987,0.04069,0.01079,0.01740,0.20128,0.02098,0.32446,0.17124,0.00573,0.00967
0.11834,0.02696,0.03590,0.05555,0.02847,0.19456,0.00838,0.02540,0.15398,0.19627,0.02849,0.03573,0.00706,0.00967,0.01480,0.02118,0.01006,0.01098,0.01085,0.00735
0.00427,0.03045,0.00354,0.00588,0.01821,0.00928,0.33583,0.01642,0.31913,0.00187,0.00423,0.00665,0.01333,0.01595,0.00538,0.01128,0.02053,0.07952,0.00724,0.09102
0.02248,0.01418,0.01149,0.01100,0.04879,0.01131,0.01382,0.02755,0.01003,0.01134,0.25899,0.01889,0.01218,0.01530,0.02853,0.26261,0.01357,0.05618,0.07839,0.07336
0.01390,0.00202,0.00658,0.00861,0.03516,0.00777,0.01763,0.02924,0.01539,0.03217,0.32488,0.01821,0.03371,0.01006,0.02099,0.35863,0.01033,0.00745,0.01786,0.02941
0.01295,0.01424,0.02713,0.01802,0.00307,0.00724,0.00854,0.01041,0.02246,0.02855,0.01497,0.02419,0.00998,0.03931,0.00339,0.00808,0.00417,0.32671,0.03818,0.37841
0.00227,0.01349,0.01342,0.01704,0.01225,0.01028,0.00257,0.00628,0.00656,0.00892,0.02335,0.04897,0.01494,0.02063,0.00777,0.01318,0.01935,0.08206,0.59993,0.07673
0.02678,0.03661,0.00321,0.00671,0.01489,0.01876,0.02878,0.01342,0.03100,0.02049,0.00262,0.00233,0.01302,0.05966,0.01358,0.03042,0.00539,0.31065,0.02143,0.34025
0.07912,0.12146,0.02404,0.03736,0.03873,0.02412,0.01573,0.17011,0.01510,0.01469,0.01040,0.00586,0.00757,0.05424,0.02010,0.00398,0.16272,0.17366,0.00663,0.01436
0.00950,0.10769,0.01268,0.00764,0.00829,0.09348,0.00995,0.01775,0.02679,0.01967,0.03680,0.01984,0.04794,0.00802,0.01627,0.01322,0.00466,0.05952,0.40304,0.07724
0.05021,0.02701,0.36683,0.31866,0.01360,0.04372,0.02331,0.00636,0.01245,0.03287,0.01261,0.03975,0.00985,0.01379,0.00660,0.00726,0.00254,0.00354,0.00436,0.00469
0.05224,0.00808,0.00657,0.00881,0.00900,0.00476,0.00268,0.00777,0.00471,0.00742,0.00999,0.00251,0.00399,0.00237,0.00505,0.00300,0.00203,0.40657,0.00108,0.45137
0.01682,0.00907,0.00678,0.00486,0.00885,0.00586,0.00693,0.01173,0.00514,0.00884,0.34459,0.01206,0.01961,0.04063,0.00635,0.37308,0.03345,0.02076,0.00395,0.06066
0.02939,0.02337,0.00755,0.01791,0.00278,0.01375,0.03008,0.00884,0.02004,0.00492,0.01029,0.02722,0.02284,0.01552,0.01291,0.04005,0.00626,0.32579,0.00369,0.37681
0.01075,0.25640,0.00502,0.01673,0.06772,0.25981,0.02402,0.00494,0.02726,0.01383,0.10056,0.01055,0.01885,0.00778,0.00955,0.11865,0.00956,0.01553,0.00768,0.01481
0.00500,0.00789,0.02592,0.00243,0.02698,0.00438,0.42317,0.00941,0.39200,0.01214,0.01604,0.00596,0.00958,0.00532,0.00318,0.02382,0.00989,0.00747,0.00521,0.00421
0.09981,0.01631,0.01845,0.00357,0.00586,0.00278,0.00299,0.01482,0.00628,0.00716,0.15625,0.01532,0.04015,0.01542,0.13172,0.18558,0.10551,0.04457,0.01121,0.11623
0.04636,0.01084,0.04116,0.28479,0.00931,0.02320,0.22114,0.01179,0.14545,0.00790,0.03702,0.01528,0.01136,0.00421,0.00708,0.04609,0.00995,0.00355,0.04800,0.01551
0.00334,0.00457,0.00663,0.00244,0.00865,0.01478,0.00314,0.00883,0.00383,0.01337,0.02608,0.02060,0.00543,0.00726,0.00329,0.04820,0.37667,0.42225,0.00248,0.01814
0.01163,0.01877,0.02415,0.01451,0.01076,0.01304,0.00912,0.00947,0.02640,0.01607,0.01414,0.05530,0.07003,0.01864,0.00283,0.01052,0.00807,0.30453,0.00272,0.35930
0.11342,0.02810,0.09324,0.00945,0.23325,0.01445,0.00764,0.01820,0.01987,0.00926,0.02586,0.04530,0.03720,0.02291,0.03188,0.00725,0.09706,0.14396,0.00401,0.03769
0.00381,0.05464,0.01444,0.03079,0.01002,0.03118,0.04095,0.00475,0.04696,0.00618,0.23951,0.00641,0.01039,0.04890,0.01836,0.33274,0.03608,0.01034,0.04718,0.00638
0.06228,0.00396,0.01006,0.01544,0.02138,0.00907,0.00716,0.00817,0.02752,0.00499,0.02311,0.01944,0.01610,0.01029,0.02843,0.00323,0.16305,0.26872,0.17464,0.12295
0.00905,0.03389,0.24377,0.00430,0.13622,0.00647,0.00775,0.00959,0.18413,0.21172,0.00433,0.04131,0.00741,0.03024,0.01253,0.00914,0.00506,0.00412,0.00686,0.03211
0.01352,0.01934,0.03890,0.02542,0.03581,0.03424,0.02620,0.04164,0.01612,0.03200,0.23347,0.03367,0.02396,0.00555,0.00950,0.21428,0.00530,0.01445,0.15596,0.02069
0.02597,0.02297,0.38204,0.37374,0.03190,0.00686,0.01024,0.01652,0.02254,0.00541,0.01061,0.00982,0.01618,0.00921,0.00751,0.00216,0.00352,0.00889,0.02568,0.00824
0.00937,0.24080,0.03573,0.01766,0.01733,0.05552,0.01467,0.21110,0.02034,0.01471,0.02501,0.01879,0.00632,0.06669,0.00605,0.00404,0.00769,0.01995,0.19112,0.01711
0.03503,0.36865,0.01796,0.01331,0.00984,0.25751,0.12931,0.01183,0.02724,0.01698,0.01363,0.00282,0.01274,0.01457,0.02106,0.01374,0.01008,0.00586,0.00392,0.01394
0.02416,0.07412,0.24772,0.24699,0.02102,0.07203,0.01961,0.02176,0.03224,0.01930,0.02419,0.01205,0.01871,0.01830,0.02137,0.01236,0.00823,0.00375,0.09219,0.00988
0.04270,0.00739,0.01964,0.02554,0.00829,0.00908,0.04805,0.00481,0.02016,0.00542,0.01715,0.00409,0.37842,0.00995,0.00973,0.00510,0.00642,0.00479,0.03590,0.33736
0.00701,0.01910,0.01114,0.00479,0.01570,0.41674,0.00688,0.00574,0.01007,0.43254,0.01708,0.00446,0.00456,0.01841,0.00671,0.00240,0.00511,0.00478,0.00395,0.00284
0.00560,0.12390,0.03778,0.00981,0.01075,0.00858,0.12532,0.00810,0.00770,0.00623,0.04085,0.01069,0.01427,0.02334,0.04654,0.01953,0.09204,0.08007,0.32335,0.00555
0.00743,0.01120,0.39513,0.01036,0.01541,0.00617,0.00230,0.01151,0.01808,0.37643,0.00666,0.00575,0.00403,0.05962,0.03000,0.00386,0.01376,0.00445,0.00994,0.00792
0.01747,0.01069,0.00834,0.04661,0.01208,0.00567,0.02282,0.02495,0.00807,0.01747,0.23343,0.02452,0.03494,0.03493,0.00342,0.26245,0.01070,0.00690,0.19606,0.01848
0.02087,0.02736,0.00692,0.01999,0.00878,0.01826,0.01895,0.01621,0.02102,0.02915,0.02062,0.01615,0.01732,0.01811,0.25747,0.01590,0.31991,0.13593,0.00281,0.00827
0.02190,0.38379,0.04254,0.07078,0.00704,0.33455,0.01003,0.00938,0.01134,0.01073,0.01206,0.00513,0.00443,0.01108,0.02217,0.02086,0.00406,0.00397,0.00430,0.00986
0.00338,0.00278,0.43032,0.00448,0.00390,0.00242,0.02024,0.00559,0.06336,0.40356,0.00451,0.00663,0.02009,0.00324,0.00551,0.00336,0.00735,0.00248,0.00456,0.00224
0.15773,0.01864,0.19830,0.01001,0.01135,0.02228,0.03086,0.01504,0.02005,0.03057,0.02454,0.01343,0.01411,0.11966,0.01123,0.00749,0.06719,0.15860,0.00492,0.06399
0.01766,0.11913,0.01020,0.01830,0.27475,0.10843,0.01946,0.02006,0.32304,0.00735,0.00920,0.00628,0.00586,0.01484,0.01169,0.00937,0.00774,0.00418,0.00514,0.00733
0.02712,0.02063,0.01213,0.02040,0.21312,0.03307,0.01824,0.03162,0.17330,0.02817,0.11004,0.01576,0.01185,0.00904,0.00702,0.08614,0.01230,0.00885,0.15067,0.01053
0.01580,0.07072,0.08593,0.01339,0.03906,0.28238,0.01591,0.01136,0.00341,0.26093,0.00959,0.03543,0.01756,0.07534,0.01112,0.01478,0.00760,0.01429,0.00665,0.00874
0.00674,0.04717,0.36626,0.01049,0.01433,0.00363,0.00964,0.02771,0.01184,0.32780,0.02307,0.04972,0.00682,0.01333,0.00478,0.00711,0.02396,0.02352,0.01112,0.01095
0.01227,0.02413,0.01444,0.14114,0.01364,0.01421,0.12333,0.01924,0.01549,0.00647,0.03276,0.01005,0.03104,0.01362,0.00413,0.01639,0.01562,0.22659,0.01934,0.24610
0.00681,0.00676,0.01170,0.00636,0.00950,0.03759,0.21492,0.01050,0.13857,0.02053,0.00357,0.00870,0.00747,0.02339,0.00678,0.00953,0.00324,0.00448,0.46643,0.00316
0.12739,0.03205,0.00825,0.02255,0.08092,0.00611,0.04040,0.02690,0.03409,0.04134,0.07187,0.00948,0.00274,0.00989,0.24502,0.00383,0.21067,0.00901,0.00431,0.01319
0.00425,0.00566,0.00671,0.01800,0.01060,0.01382,0.00492,0.01672,0.00683,0.00260,0.00829,0.00698,0.00508,0.15488,0.00298,0.04014,0.00830,0.00509,0.61034,0.06782
0.00845,0.01205,0.00870,0.00314,0.38402,0.00304,0.00308,0.00117,0.41362,0.00883,0.00314,0.05091,0.07612,0.00167,0.00177,0.00296,0.00167,0.00361,0.00487,0.00718
0.43288,0.00971,0.00905,0.00712,0.00545,0.00316,0.00897,0.00488,0.41610,0.00196,0.01099,0.01291,0.01690,0.01349,0.00305,0.01159,0.00879,0.01177,0.00347,0.00776
0.16750,0.01663,0.01745,0.24202,0.01976,0.00578,0.00362,0.00492,0.00616,0.01155,0.03313,0.09811,0.01872,0.00621,0.04941,0.00266,0.13716,0.14299,0.00615,0.01005
0.01160,0.37053,0.01880,0.01934,0.02969,0.01080,0.02665,0.34915,0.01141,0.01675,0.01132,0.01229,0.00850,0.04840,0.01084,0.00564,0.00765,0.01142,0.00620,0.01301
0.04588,0.00944,0.01550,0.00894,0.39363,0.01256,0.39275,0.00827,0.00719,0.00289,0.01551,0.01411,0.00897,0.00736,0.00204,0.01158,0.00852,0.00303,0.02805,0.00380
0.04561,0.01857,0.32413,0.01716,0.00554,0.00728,0.01506,0.00775,0.01986,0.21783,0.01286,0.00313,0.00547,0.01140,0.13680,0.00425,0.13606,0.00285,0.00422,0.00418
0.14142,0.23620,0.00249,0.10591,0.01090,0.00865,0.05316,0.25941,0.03292,0.00773,0.00853,0.00594,0.08274,0.00970,0.00458,0.00561,0.00654,0.00581,0.00872,0.00305
0.00663,0.00902,0.00751,0.01347,0.01440,0.00581,0.01319,0.00607,0.00831,0.01254,0.06809,0.01197,0.01170,0.01309,0.00424,0.07247,0.04638,0.25494,0.11338,0.30679
0.01364,0.00642,0.01455,0.00750,0.39499,0.01488,0.41154,0.01126,0.00761,0.00728,0.00129,0.01445,0.00463,0.00631,0.00818,0.00350,0.00869,0.03077,0.00502,0.02750
0.02189,0.24816,0.01561,0.01676,0.11548,0.11572,0.04784,0.16794,0.06420,0.02024,0.03546,0.01092,0.03265,0.03079,0.00798,0.01289,0.01121,0.00326,0.00905,0.01195
0.00455,0.00603,0.00584,0.01169,0.00396,0.00237,0.00840,0.00949,0.01497,0.00336,0.00745,0.08169,0.08809,0.00827,0.00372,0.03302,0.21078,0.35740,0.00360,0.13531
0.01008,0.00687,0.00628,0.00200,0.00203,0.00296,0.00499,0.00326,0.00562,0.00182,0.00526,0.45373,0.45815,0.00316,0.00619,0.01012,0.00618,0.00430,0.00237,0.00463
0.10554,0.07119,0.20633,0.00433,0.31326,0.02868,0.00799,0.00956,0.02150,0.01144,0.00713,0.02893,0.00613,0.01011,0.07123,0.00219,0.02075,0.03221,0.00186,0.03963
0.02663,0.01713,0.00063,0.34883,0.00316,0.01450,0.32116,0.04395,0.02277,0.00908,0.00846,0.02362,0.01319,0.01214,0.00521,0.00221,0.01344,0.03664,0.02505,0.05222
0.00936,0.11279,0.02966,0.05740,0.01723,0.14669,0.06614,0.02432,0.02209,0.01870,0.01728,0.03284,0.02976,0.03727,0.00623,0.00561,0.04662,0.06371,0.20070,0.05559
0.00541,0.12651,0.17569,0.17511,0.00451,0.10881,0.00416,0.00909,0.00995,0.01339,0.10412,0.01280,0.03645,0.02639,0.01033,0.12275,0.02783,0.01285,0.00159,0.01226
0.40711,0.01301,0.37795,0.00872,0.01089,0.02001,0.00930,0.01329,0.00760,0.00966,0.00305,0.00963,0.00925,0.02594,0.00343,0.01259,0.00532,0.01942,0.00523,0.02861
0.04446,0.06379,0.03818,0.04769,0.02693,0.01057,0.06001,0.06201,0.06107,0.01602,0.21603,0.01159,0.00775,0.00811,0.01398,0.25130,0.02114,0.02189,0.00988,0.00760
0.00799,0.01264,0.01022,0.00738,0.09080,0.00399,0.01251,0.00507,0.08787,0.01516,0.02421,0.03491,0.00994,0.01003,0.00934,0.01325,0.00727,0.29842,0.00404,0.33496
0.00903,0.01014,0.01487,0.01428,0.01524,0.01332,0.01331,0.01309,0.00971,0.01644,0.03192,0.01197,0.03326,0.03338,0.14653,0.07343,0.31877,0.21361,0.00222,0.00549
0.01657,0.01909,0.02445,0.01110,0.00174,0.04838,0.00781,0.00995,0.01658,0.06449,0.04058,0.00882,0.06866,0.01089,0.00487,0.04357,0.00470,0.00300,0.59149,0.00325
0.82223,0.00554,0.02715,0.00337,0.00409,0.00609,0.00646,0.00460,0.00704,0.00491,0.02730,0.02021,0.01630,0.00338,0.00175,0.01365,0.01554,0.00480,0.00167,0.00393
0.00869,0.01705,0.09309,0.00838,0.02706,0.01395,0.00535,0.00470,0.00753,0.11862,0.01202,0.02217,0.01054,0.00991,0.00934,0.00477,0.00413,0.00292,0.61336,0.00642
0.01007,0.01514,0.00689,0.00628,0.01780,0.02383,0.01390,0.00874,0.00923,0.00810,0.01867,0.01178,0.00620,0.00441,0.22414,0.00808,0.20598,0.00627,0.38512,0.00939
0.00502,0.02117,0.02285,0.02615,0.15049,0.09756,0.18811,0.03292,0.00874,0.03591,0.02722,0.01682,0.02812,0.01590,0.15469,0.00415,0.11099,0.02185,0.01042,0.02092
0.00737,0.03612,0.17987,0.00560,0.24252,0.01656,0.01772,0.00861,0.02489,0.01270,0.09228,0.03897,0.02595,0.01353,0.04426,0.15782,0.00632,0.02348,0.00665,0.03877
0.01637,0.16625,0.02564,0.00846,0.12766,0.04178,0.25641,0.09389,0.02451,0.01291,0.04032,0.02433,0.02853,0.01859,0.00842,0.01756,0.03101,0.01354,0.03596,0.00787
0.01024,0.26181,0.00986,0.01047,0.01373,0.00282,0.21220,0.01187,0.01406,0.00496,0.01956,0.03336,0.07251,0.01627,0.03668,0.02583,0.09587,0.12467,0.00523,0.01798
0.29707,0.01943,0.01888,0.02472,0.24101,0.02076,0.02060,0.01310,0.01495,0.05426,0.00642,0.05637,0.02048,0.04087,0.01181,0.00786,0.08092,0.02305,0.00748,0.01997
0.01317,0.18570,0.00988,0.00487,0.02890,0.20534,0.00849,0.03250,0.01029,0.01412,0.00244,0.01016,0.05397,0.01098,0.16644,0.00714,0.17105,0.00395,0.00457,0.05605
0.02652,0.41359,0.01881,0.01402,0.00996,0.00630,0.38800,0.00499,0.00982,0.00479,0.00677,0.01665,0.00750,0.00613,0.01601,0.02274,0.00721,0.00479,0.00258,0.01281
0.00250,0.01191,0.45528,0.00411,0.44553,0.00424,0.00322,0.01066,0.00361,0.00348,0.00349,0.02061,0.01350,0.00455,0.00190,0.00258,0.00340,0.00233,0.00141,0.00170
0.00446,0.00233,0.02101,0.01007,0.44161,0.01049,0.01148,0.00511,0.41388,0.00427,0.01088,0.00792,0.00474,0.01345,0.00289,0.00510,0.00979,0.00968,0.00756,0.00325
0.17622,0.04302,0.24003,0.01025,0.00673,0.02230,0.01812,0.05675,0.07624,0.01299,0.02145,0.01055,0.02341,0.04018,0.10928,0.00734,0.11078,0.00722,0.00156,0.00558
0.04887,0.01980,0.00982,0.19425,0.00283,0.00505,0.18743,0.01226,0.30029,0.00580,0.05157,0.00551,0.00219,0.01479,0.01760,0.03943,0.00738,0.00999,0.06016,0.00497
0.01174,0.00937,0.00773,0.01048,0.01361,0.00742,0.01307,0.00940,0.01056,0.00967,0.02830,0.01567,0.00938,0.02843,0.01305,0.00861,0.26087,0.26352,0.26104,0.00808
0.01152,0.29134,0.10394,0.00445,0.00968,0.29312,0.00430,0.02792,0.00724,0.06195,0.00661,0.02536,0.07435,0.02636,0.01516,0.00394,0.01075,0.00375,0.01362,0.00464
0.03541,0.02025,0.02031,0.02430,0.08603,0.00485,0.01170,0.02583,0.11043,0.01217,0.02247,0.03340,0.01914,0.04598,0.01268,0.01671,0.00773,0.19986,0.03605,0.25467
0.00729,0.29457,0.02676,0.07983,0.02709,0.24203,0.03814,0.01076,0.00922,0.04204,0.04737,0.01929,0.00909,0.01844,0.04409,0.00945,0.01042,0.01388,0.02659,0.02368
0.00403,0.39885,0.01871,0.00361,0.00993,0.00634,0.36349,0.00536,0.00678,0.01103,0.00997,0.00674,0.06191,0.00486,0.00284,0.00708,0.00473,0.00180,0.00902,0.06292
0.00336,0.01108,0.02508,0.01097,0.01804,0.01654,0.00755,0.02512,0.00339,0.03164,0.28451,0.02750,0.08523,0.02679,0.01400,0.28900,0.00416,0.00261,0.07164,0.04181
0.00666,0.01452,0.00431,0.00886,0.01072,0.00714,0.01765,0.01363,0.01550,0.00923,0.00458,0.01067,0.00895,0.00643,0.41860,0.00485,0.42142,0.00262,0.00349,0.01016
0.04205,0.00788,0.00701,0.01649,0.16572,0.00323,0.01729,0.01452,0.18870,0.00809,0.01491,0.05886,0.01914,0.01586,0.01416,0.00295,0.01351,0.00885,0.36853,0.01226
0.00811,0.28186,0.01716,0.01677,0.01202,0.21577,0.02619,0.02642,0.03641,0.03457,0.07740,0.00971,0.01486,0.02652,0.07973,0.04287,0.05801,0.00568,0.00231,0.00763
0.70071,0.01973,0.00526,0.01941,0.01908,0.01091,0.00721,0.01004,0.01379,0.01729,0.00326,0.00845,0.00759,0.02843,0.00325,0.01386,0.02925,0.04101,0.01677,0.02469
0.01828,0.03852,0.04566,0.01006,0.02876,0.07497,0.00562,0.01755,0.01173,0.00605,0.27057,0.00746,0.01330,0.05040,0.00709,0.28295,0.01337,0.03858,0.01727,0.04182
0.15572,0.07522,0.02020,0.18355,0.12753,0.01159,0.03655,0.08353,0.11661,0.03501,0.01168,0.03722,0.01830,0.01372,0.00541,0.00857,0.01135,0.00950,0.01676,0.02198
0.04382,0.01394,0.18329,0.00734,0.02858,0.00888,0.01100,0.01245,0.01335,0.20648,0.01425,0.01165,0.04775,0.00915,0.00961,0.03023,0.01222,0.01949,0.29799,0.01854
0.02045,0.05445,0.01117,0.08077,0.02989,0.27970,0.01793,0.02598,0.00410,0.22146,0.01322,0.01396,0.01408,0.02659,0.04666,0.03797,0.02514,0.02224,0.03970,0.01455
0.02944,0.02493,0.00657,0.03061,0.01280,0.00460,0.04032,0.01588,0.03044,0.01334,0.21154,0.02062,0.01797,0.03224,0.00472,0.21248,0.00929,0.00431,0.27004,0.00788
0.00460,0.01028,0.00456,0.00248,0.41991,0.00268,0.00536,0.00593,0.44377,0.00221,0.00568,0.01498,0.02401,0.01044,0.00275,0.02102,0.00352,0.00387,0.00894,0.00301
0.01172,0.10062,0.06667,0.01330,0.04496,0.06269,0.04007,0.05880,0.03490,0.05649,0.02291,0.02451,0.02414,0.01013,0.01177,0.00982,0.01226,0.00354,0.35843,0.03228
0.02446,0.02191,0.00668,0.00810,0.01690,0.00904,0.01576,0.01724,0.01746,0.01160,0.22795,0.01008,0.02096,0.00931,0.01321,0.36173,0.00525,0.08161,0.01520,0.10556
0.01675,0.00938,0.36740,0.34924,0.00588,0.00594,0.01991,0.00752,0.01318,0.04397,0.01531,0.00655,0.00633,0.01213,0.04068,0.01200,0.04550,0.01114,0.00425,0.00695
0.00543,0.27229,0.01708,0.04758,0.07721,0.00577,0.01898,0.25898,0.05133,0.00887,0.01932,0.08100,0.04817,0.01564,0.00502,0.01667,0.01284,0.02492,0.00266,0.01024
0.15314,0.00725,0.00364,0.01370,0.17592,0.00964,0.01522,0.01093,0.20156,0.02730,0.00591,0.01546,0.02578,0.01293,0.00399,0.00454,0.01574,0.02738,0.25956,0.01042
0.00571,0.37940,0.05025,0.00391,0.05284,0.00706,0.00427,0.26293,0.01241,0.01158,0.01700,0.14312,0.00921,0.00629,0.00257,0.00811,0.00629,0.00310,0.00646,0.00749
0.00254,0.03490,0.00946,0.00665,0.27240,0.02217,0.00886,0.00896,0.31672,0.00450,0.00595,0.02293,0.01043,0.00288,0.00603,0.00556,0.00167,0.10475,0.02923,0.12343
0.00834,0.18237,0.01062,0.02166,0.05428,0.01078,0.01583,0.19323,0.01178,0.05739,0.01772,0.00856,0.01160,0.00520,0.01194,0.00647,0.00467,0.00188,0.35889,0.00680
0.01461,0.02101,0.00991,0.01361,0.40214,0.01485,0.00393,0.01639,0.37752,0.01648,0.01111,0.00895,0.00963,0.00869,0.01326,0.00542,0.01572,0.01188,0.01317,0.01173
0.02781,0.08295,0.14053,0.02440,0.02132,0.04129,0.15919,0.02054,0.13032,0.15188,0.00880,0.04173,0.03998,0.02472,0.00720,0.00430,0.02887,0.02385,0.00851,0.01181
0.00591,0.01260,0.00567,0.00879,0.37591,0.00845,0.00616,0.02230,0.32789,0.02177,0.04346,0.01048,0.00702,0.01510,0.00658,0.05241,0.00223,0.00546,0.05120,0.01061
0.26186,0.00896,0.07950,0.04808,0.23430,0.01433,0.00869,0.03333,0.01549,0.01665,0.02209,0.00582,0.01703,0.00821,0.00162,0.05399,0.00247,0.00742,0.14892,0.01125
0.01620,0.42490,0.00573,0.01221,0.00214,0.00529,0.40183,0.00959,0.00524,0.00740,0.00490,0.00533,0.01479,0.05060,0.00585,0.00807,0.00843,0.00537,0.00351,0.00262
0.40826,0.00598,0.00933,0.42335,0.00688,0.00476,0.00773,0.00431,0.00343,0.00686,0.00565,0.00407,0.00975,0.01585,0.00644,0.00937,0.01212,0.03025,0.00394,0.02168
0.41216,0.01649,0.01878,0.04022,0.37535,0.00334,0.01303,0.02494,0.01489,0.01501,0.00695,0.01007,0.00725,0.00751,0.00463,0.00375,0.00722,0.00771,0.00176,0.00896
0.00983,0.04919,0.03757,0.00810,0.20078,0.02382,0.00525,0.01437,0.15289,0.00869,0.02390,0.05863,0.05210,0.01874,0.12532,0.00463,0.14340,0.01026,0.00510,0.04743
0.00741,0.02653,0.01204,0.00811,0.01156,0.00549,0.01237,0.01071,0.00616,0.00646,0.00295,0.09136,0.10059,0.01158,0.15616,0.00605,0.31485,0.18887,0.01284,0.00790
0.30502,0.05059,0.33738,0.01293,0.03168,0.02166,0.04638,0.03099,0.02250,0.02142,0.00640,0.01835,0.01457,0.01737,0.00535,0.00597,0.00343,0.01169,0.02919,0.00713
0.02842,0.13960,0.06563,0.02722,0.06166,0.06974,0.13500,0.09725,0.03121,0.02718,0.02800,0.05347,0.06502,0.07215,0.03142,0.00662,0.01670,0.02436,0.00590,0.01346
0.00700,0.38953,0.02871,0.01045,0.03271,0.39249,0.01832,0.01153,0.02190,0.00712,0.00483,0.00368,0.00797,0.02517,0.00692,0.00470,0.00537,0.00340,0.00463,0.01357
0.12323,0.01023,0.00387,0.12774,0.29669,0.00317,0.00597,0.00807,0.28006,0.01005,0.01580,0.01801,0.01494,0.00661,0.00590,0.01479,0.00670,0.00559,0.03278,0.00978
0.01520,0.01428,0.01709,0.00464,0.01352,0.00666,0.01147,0.01861,0.01273,0.02442,0.10806,0.04215,0.01491,0.11969,0.02378,0.02884,0.01358,0.22656,0.00155,0.28226
0.00144,0.00483,0.04005,0.01171,0.00233,0.00727,0.00418,0.01589,0.00574,0.00544,0.04414,0.00893,0.00921,0.01012,0.01008,0.02606,0.37734,0.40166,0.00570,0.00791
0.01077,0.12351,0.22680,0.01339,0.03066,0.02790,0.01608,0.15214,0.23103,0.01264,0.04132,0.01577,0.00884,0.00722,0.00821,0.02411,0.00283,0.00374,0.02955,0.01349
0.01122,0.00711,0.03506,0.01006,0.01657,0.03293,0.12295,0.00852,0.16450,0.00919,0.01803,0.01755,0.04338,0.02985,0.01441,0.02497,0.00655,0.02790,0.39623,0.00300
0.00988,0.29471,0.00603,0.01210,0.06667,0.26874,0.05256,0.01253,0.12559,0.01993,0.01468,0.01497,0.01551,0.02193,0.02033,0.00802,0.00968,0.01593,0.00324,0.00695
0.01059,0.41352,0.01260,0.01773,0.00662,0.34080,0.00565,0.00461,0.00518,0.00792,0.00923,0.00378,0.01122,0.02591,0.00803,0.00681,0.00352,0.00243,0.02451,0.07936
0.35424,0.01266,0.00679,0.00231,0.27545,0.00602,0.03243,0.04798,0.01083,0.00581,0.00272,0.00464,0.00967,0.00270,0.00443,0.00535,0.00703,0.09739,0.01039,0.10117
0.02137,0.08064,0.01161,0.01240,0.04723,0.04919,0.01712,0.01494,0.00900,0.02493,0.02387,0.01751,0.04095,0.01358,0.01386,0.01749,0.01601,0.00486,0.54390,0.01952
0.09230,0.01585,0.16016,0.35297,0.02433,0.02280,0.01735,0.01587,0.06029,0.07620,0.00495,0.00824,0.02805,0.03374,0.01731,0.01450,0.02138,0.00669,0.00868,0.01834
0.01961,0.01022,0.00690,0.01339,0.00626,0.01263,0.01052,0.00836,0.01043,0.00543,0.00744,0.02434,0.03981,0.01689,0.01411,0.00243,0.00521,0.33984,0.01650,0.42968
0.03624,0.33473,0.03895,0.00487,0.00468,0.28286,0.00856,0.00259,0.00269,0.00260,0.00733,0.01088,0.00711,0.03198,0.00220,0.04456,0.00153,0.00198,0.15986,0.01378
0.00897,0.00447,0.00856,0.00758,0.00650,0.01273,0.00641,0.00824,0.02082,0.01338,0.00699,0.01464,0.01615,0.01191,0.00985,0.00599,0.00327,0.40079,0.00284,0.42989
0.17820,0.00740,0.00796,0.01244,0.03375,0.01444,0.03803,0.01158,0.02684,0.01041,0.03963,0.03510,0.01305,0.01133,0.01447,0.18440,0.00979,0.07105,0.25036,0.02976
0.03025,0.01471,0.03593,0.03907,0.06212,0.02003,0.00672,0.00935,0.01781,0.01269,0.30346,0.00961,0.00269,0.00741,0.01602,0.33490,0.00404,0.04040,0.00322,0.02958
0.01315,0.00737,0.04220,0.00439,0.33096,0.00334,0.00753,0.00724,0.35263,0.02180,0.00945,0.03945,0.06736,0.03205,0.01349,0.01397,0.01830,0.00492,0.00368,0.00672
0.01444,0.02914,0.04251,0.02653,0.04432,0.29433,0.02013,0.03818,0.01735,0.27952,0.00963,0.02522,0.00800,0.03065,0.00738,0.01171,0.00801,0.00984,0.06545,0.01765
0.03871,0.31371,0.02238,0.01192,0.03362,0.01166,0.29104,0.01004,0.02455,0.00752,0.02877,0.02354,0.00939,0.02517,0.00752,0.02941,0.04827,0.03347,0.01357,0.01574
0.43160,0.00870,0.00791,0.00360,0.00476,0.00538,0.00838,0.00371,0.41874,0.00228,0.01222,0.01597,0.00833,0.01178,0.01000,0.00999,0.00658,0.00278,0.00224,0.02504
0.00955,0.27997,0.00957,0.01134,0.02804,0.00719,0.00980,0.34173,0.00932,0.01726,0.00457,0.04583,0.00460,0.01693,0.00239,0.02062,0.01099,0.07709,0.00355,0.08966
0.01781,0.00563,0.00295,0.00379,0.00238,0.00139,0.01222,0.00676,0.00256,0.00517,0.02831,0.00818,0.00567,0.03025,0.00100,0.01273,0.00373,0.40618,0.00455,0.43874
0.03463,0.01627,0.02564,0.01330,0.00967,0.01134,0.00978,0.01015,0.01332,0.00783,0.03098,0.00912,0.00725,0.00406,0.00857,0.00839,0.00637,0.03092,0.72783,0.01457
0.02819,0.02431,0.02742,0.05109,0.06493,0.03079,0.28138,0.00261,0.24974,0.01285,0.03680,0.01650,0.00311,0.02923,0.02509,0.08059,0.01894,0.00645,0.00326,0.00670
0.03401,0.24948,0.02485,0.01683,0.00775,0.00606,0.22292,0.06020,0.01606,0.00858,0.01033,0.00694,0.01059,0.02070,0.13077,0.01702,0.12122,0.01965,0.00447,0.01155
0.00645,0.02254,0.10675,0.09474,0.00762,0.00594,0.01140,0.00692,0.00963,0.00927,0.00962,0.00749,0.00595,0.01877,0.00823,0.01068,0.00714,0.25637,0.09969,0.29478
0.01892,0.01280,0.00331,0.11324,0.00358,0.00459,0.10513,0.00700,0.00460,0.00506,0.01524,0.00862,0.02611,0.01528,0.01218,0.02388,0.01076,0.01844,0.56503,0.02623
0.12532,0.03576,0.02259,0.02341,0.11939,0.01086,0.01968,0.01487,0.04871,0.04307,0.09946,0.01416,0.00583,0.01011,0.00986,0.06825,0.01173,0.04633,0.23916,0.03145
0.00712,0.01526,0.37057,0.00822,0.40927,0.00586,0.00505,0.00564,0.00585,0.00239,0.01339,0.00619,0.02630,0.00330,0.02190,0.00751,0.02438,0.01363,0.00391,0.04425
0.02766,0.01768,0.00861,0.00707,0.06190,0.01023,0.01280,0.01255,0.06560,0.00502,0.01617,0.00675,0.01627,0.00733,0.00538,0.00949,0.24892,0.28308,0.16846,0.00902
0.00340,0.00499,0.01698,0.00412,0.02122,0.00394,0.02395,0.01128,0.00778,0.00883,0.01305,0.03876,0.00403,0.00860,0.03767,0.01738,0.36706,0.39304,0.00148,0.01246
0.00563,0.03318,0.00840,0.01025,0.00774,0.03378,0.00921,0.01605,0.01243,0.02115,0.37157,0.00640,0.01093,0.00568,0.00598,0.39396,0.02999,0.00708,0.00203,0.00857
0.00358,0.01613,0.00439,0.00687,0.00776,0.01096,0.00275,0.01389,0.01124,0.00748,0.00930,0.01492,0.00795,0.02150,0.00989,0.00324,0.02204,0.00949,0.75522,0.06139
0.02444,0.32115,0.03580,0.01656,0.02499,0.02304,0.00675,0.32433,0.00425,0.01112,0.01517,0.04925,0.01644,0.01895,0.02032,0.02032,0.00437,0.02085,0.00733,0.03457
0.02123,0.01456,0.03296,0.02140,0.02035,0.01876,0.18719,0.01045,0.18813,0.01678,0.01897,0.00704,0.00618,0.01219,0.01907,0.00245,0.15724,0.21974,0.01748,0.00784
0.23678,0.02317,0.01248,0.01356,0.15666,0.03761,0.02898,0.02609,0.02892,0.00975,0.08769,0.08311,0.02481,0.01167,0.03701,0.08423,0.05822,0.02204,0.01056,0.00664
0.02219,0.02186,0.00804,0.01120,0.18456,0.01162,0.01965,0.03478,0.20198,0.01175,0.01949,0.02369,0.02710,0.01559,0.00536,0.02931,0.00406,0.00595,0.33090,0.01090
0.01896,0.01271,0.00717,0.02438,0.18962,0.00467,0.03346,0.00573,0.20585,0.00803,0.15686,0.02666,0.03173,0.01020,0.01314,0.18090,0.01427,0.00903,0.01146,0.03515
0.07319,0.02305,0.00756,0.02789,0.00658,0.00736,0.03264,0.01291,0.00743,0.01627,0.01610,0.03184,0.01219,0.03246,0.00679,0.02328,0.02330,0.15089,0.27604,0.21220
0.00873,0.05899,0.01004,0.03891,0.01433,0.02291,0.01065,0.00418,0.00921,0.01793,0.02901,0.00844,0.00822,0.04914,0.03494,0.01766,0.08997,0.07038,0.49042,0.00596
0.00569,0.01428,0.00696,0.00409,0.01585,0.00489,0.00437,0.00495,0.03211,0.00309,0.01400,0.02104,0.00834,0.00765,0.00626,0.02328,0.11226,0.15265,0.50913,0.04912
0.02399,0.02483,0.05019,0.01428,0.03644,0.00849,0.01332,0.01978,0.03184,0.00424,0.21623,0.02112,0.05261,0.08050,0.00948,0.24089,0.01585,0.05737,0.00870,0.06986
0.02208,0.00988,0.02635,0.09497,0.14931,0.22460,0.01959,0.00423,0.00576,0.29173,0.01893,0.01390,0.00957,0.03401,0.03076,0.01093,0.01518,0.00809,0.00711,0.00303
0.00864,0.42452,0.01111,0.04004,0.00278,0.00344,0.39750,0.01122,0.01064,0.00540,0.00390,0.00401,0.00494,0.00565,0.01375,0.02860,0.00591,0.00395,0.00125,0.01277
0.01162,0.18094,0.01248,0.00360,0.01441,0.00521,0.16209,0.01207,0.00701,0.00940,0.00874,0.00920,0.01535,0.00888,0.23459,0.02908,0.25432,0.00918,0.00174,0.01009
0.03824,0.05043,0.01497,0.15983,0.01871,0.02631,0.18619,0.01975,0.02904,0.02006,0.01919,0.12731,0.09936,0.00817,0.01532,0.02780,0.01433,0.04066,0.02141,0.06293
0.00356,0.00469,0.01225,0.00357,0.02995,0.00869,0.00451,0.00630,0.00755,0.00136,0.01083,0.02244,0.04985,0.01842,0.04194,0.01071,0.05321,0.32639,0.00383,0.37995
0.01754,0.01251,0.00265,0.01030,0.45735,0.01420,0.00947,0.00919,0.39294,0.00551,0.00378,0.01558,0.00614,0.00312,0.00590,0.00393,0.01421,0.00410,0.00548,0.00609
0.05619,0.19592,0.01591,0.01262,0.01344,0.03227,0.02319,0.22672,0.03601,0.00630,0.00532,0.02121,0.01711,0.01546,0.01534,0.00410,0.00566,0.01471,0.23555,0.04697
0.01078,0.02360,0.07367,0.00579,0.01318,0.00739,0.01459,0.00407,0.05021,0.00205,0.01872,0.07853,0.12757,0.00672,0.00485,0.00583,0.00938,0.23445,0.05198,0.25665
0.01511,0.04644,0.01093,0.29560,0.00641,0.01665,0.01006,0.14329,0.02057,0.00566,0.02307,0.34391,0.00771,0.02125,0.00561,0.00433,0.00343,0.00473,0.00257,0.01270
0.01238,0.01117,0.00806,0.00532,0.00887,0.00477,0.00430,0.00703,0.00589,0.00551,0.01412,0.04709,0.09154,0.00985,0.00328,0.01410,0.34300,0.38792,0.00340,0.01241
0.02847,0.00883,0.02066,0.01953,0.00787,0.00658,0.01472,0.00574,0.01386,0.01365,0.13423,0.03968,0.09524,0.02133,0.01274,0.12097,0.01850,0.01506,0.39841,0.00393
0.00659,0.02477,0.00777,0.00776,0.38661,0.02451,0.00955,0.00765,0.42492,0.00580,0.00419,0.00625,0.00392,0.00403,0.01024,0.00347,0.00525,0.02714,0.00493,0.02464
0.00747,0.00508,0.00343,0.01249,0.02024,0.00562,0.00237,0.00627,0.01676,0.00606,0.01262,0.00794,0.00699,0.00866,0.00446,0.01333,0.00390,0.31885,0.18844,0.34900
0.09551,0.04187,0.03904,0.11209,0.10372,0.01142,0.14564,0.03551,0.08636,0.05612,0.02267,0.05831,0.02590,0.01544,0.02472,0.01795,0.01576,0.00301,0.08259,0.00637
0.04542,0.08640,0.01628,0.02874,0.07168,0.00760,0.06955,0.01223,0.07605,0.02991,0.01474,0.01647,0.02978,0.00608,0.12825,0.00597,0.10728,0.10077,0.02292,0.12389
0.00896,0.01260,0.10090,0.01817,0.02252,0.01122,0.01026,0.02601,0.04951,0.04395,0.28505,0.02759,0.01660,0.03161,0.05098,0.19830,0.00741,0.01212,0.04596,0.02026
0.02227,0.17594,0.00535,0.00999,0.01732,0.03287,0.00919,0.08820,0.01727,0.01054,0.00698,0.03965,0.02816,0.17948,0.05561,0.02114,0.13397,0.08092,0.00954,0.05562
0.10652,0.01842,0.19604,0.00690,0.01017,0.14959,0.03405,0.01262,0.01611,0.00422,0.01424,0.02039,0.01393,0.05845,0.00645,0.03383,0.00832,0.00457,0.27865,0.00654
0.11663,0.03184,0.04015,0.10252,0.10162,0.04578,0.10350,0.03882,0.02988,0.01002,0.01497,0.01646,0.01458,0.02819,0.01850,0.00881,0.01117,0.11315,0.01206,0.14135
0.01411,0.00943,0.17669,0.01994,0.17935,0.01223,0.01632,0.01547,0.00221,0.00845,0.01855,0.02322,0.01395,0.01645,0.00684,0.00733,0.00373,0.00277,0.44222,0.01074
0.08797,0.04162,0.27887,0.25936,0.00739,0.00730,0.08089,0.03708,0.02162,0.02419,0.02204,0.01625,0.00313,0.00527,0.00620,0.01257,0.03522,0.04072,0.00349,0.00883
0.30020,0.02262,0.01640,0.02346,0.29242,0.01403,0.03570,0.01103,0.02325,0.00851,0.02271,0.00946,0.00568,0.01161,0.00661,0.01027,0.01241,0.00584,0.15853,0.00927
0.01076,0.01385,0.00123,0.02027,0.44265,0.00275,0.02581,0.00824,0.41894,0.00210,0.00577,0.00563,0.00566,0.00240,0.00821,0.00454,0.00488,0.00328,0.00371,0.00931
0.01700,0.10549,0.02217,0.01146,0.03547,0.00209,0.01794,0.09543,0.02847,0.03846,0.01841,0.01265,0.01416,0.06111,0.00404,0.02976,0.20736,0.26035,0.00885,0.00935
0.02493,0.01696,0.01330,0.01183,0.12208,0.01022,0.00582,0.01196,0.11101,0.01676,0.01278,0.07749,0.07868,0.03046,0.01316,0.04926,0.01474,0.14726,0.03478,0.19654
0.00697,0.00810,0.00581,0.00843,0.14161,0.00838,0.01037,0.01181,0.16408,0.00855,0.04212,0.03059,0.01897,0.01966,0.13893,0.01705,0.14825,0.09658,0.00392,0.10981
0.05446,0.01369,0.01435,0.03541,0.00782,0.02022,0.03917,0.00832,0.02598,0.00703,0.04304,0.02631,0.04883,0.01499,0.01226,0.01831,0.01948,0.00854,0.48681,0.09499
0.00767,0.24108,0.01416,0.00445,0.16109,0.00953,0.37769,0.05260,0.01310,0.01492,0.01105,0.00957,0.01406,0.01950,0.00763,0.00384,0.00601,0.00911,0.01085,0.01210
0.00453,0.00576,0.01190,0.00621,0.00948,0.00745,0.01224,0.00175,0.00439,0.00668,0.01039,0.01509,0.02854,0.08535,0.00799,0.05847,0.01515,0.03382,0.61298,0.06181
0.00705,0.01630,0.00642,0.29239,0.00747,0.03589,0.25479,0.00267,0.01332,0.00320,0.01814,0.00658,0.00648,0.01452,0.00661,0.06099,0.00655,0.00299,0.20697,0.03066
0.01686,0.13684,0.02374,0.00808,0.01776,0.11442,0.02329,0.00492,0.04055,0.01798,0.01812,0.00712,0.02059,0.01525,0.01201,0.00505,0.24471,0.25402,0.00335,0.01533
0.14760,0.05962,0.09860,0.12433,0.03080,0.02232,0.00705,0.08591,0.00409,0.05948,0.02447,0.02698,0.03738,0.02842,0.08353,0.03223,0.09435,0.01125,0.00448,0.01710
0.01503,0.00399,0.03237,0.00793,0.03073,0.01818,0.01083,0.00965,0.02512,0.00773,0.34260,0.02251,0.01912,0.04156,0.00563,0.36926,0.01319,0.01446,0.00501,0.00511
0.01515,0.01058,0.00892,0.02377,0.36962,0.00698,0.02721,0.01112,0.01365,0.39244,0.00908,0.02460,0.01002,0.00803,0.04114,0.01198,0.00335,0.00695,0.00153,0.00387
0.01393,0.18351,0.01778,0.01052,0.23286,0.08510,0.31569,0.02348,0.01682,0.01717,0.01053,0.00441,0.01302,0.00294,0.01567,0.00556,0.00624,0.01013,0.00535,0.00930
0.02376,0.12118,0.02161,0.01819,0.00138,0.00909,0.02243,0.21621,0.01956,0.00684,0.01183,0.04875,0.02090,0.00846,0.00797,0.01643,0.18850,0.21283,0.00407,0.02001
0.05756,0.00721,0.03369,0.01077,0.02389,0.01430,0.02054,0.01361,0.00292,0.03974,0.02786,0.01326,0.02088,0.01977,0.01759,0.06948,0.00437,0.00342,0.59303,0.00611
0.01241,0.04202,0.16128,0.01552,0.02739,0.02634,0.00952,0.04227,0.01200,0.01085,0.18185,0.02365,0.03175,0.01646,0.00879,0.06787,0.00426,0.00530,0.28771,0.01276
0.15564,0.03322,0.07893,0.04529,0.13275,0.04598,0.09964,0.06064,0.07876,0.04474,0.01361,0.00643,0.03582,0.01865,0.00497,0.03417,0.01156,0.02388,0.04085,0.03445
0.00569,0.02539,0.00325,0.30411,0.07063,0.02475,0.30555,0.00879,0.02514,0.00999,0.01762,0.01138,0.01245,0.01004,0.00618,0.00920,0.00392,0.06334,0.01350,0.06908
0.00250,0.00442,0.00804,0.43657,0.00986,0.00516,0.00606,0.00652,0.00559,0.00617,0.00479,0.43551,0.00337,0.00681,0.00395,0.00964,0.01133,0.01642,0.00529,0.01198
0.00063,0.00747,0.00916,0.45118,0.00742,0.00378,0.42821,0.00386,0.00795,0.00375,0.00365,0.01526,0.02230,0.00307,0.01517,0.00099,0.00732,0.00184,0.00156,0.00543
0.02371,0.09037,0.13587,0.06778,0.15495,0.03430,0.07372,0.03698,0.02232,0.09545,0.00471,0.02424,0.08052,0.00910,0.00886,0.08872,0.00761,0.00326,0.01434,0.02317
0.01654,0.01268,0.02256,0.00790,0.00660,0.03488,0.01529,0.01145,0.03081,0.00423,0.01153,0.00757,0.08618,0.02818,0.29645,0.01133,0.31098,0.00954,0.00313,0.07216
0.03769,0.00798,0.00903,0.36482,0.01861,0.04313,0.00801,0.00278,0.02982,0.03781,0.02040,0.33955,0.01127,0.00557,0.01366,0.01953,0.01027,0.00752,0.00145,0.01108
0.28981,0.01446,0.02115,0.01802,0.00930,0.00924,0.30561,0.02554,0.01743,0.02139,0.01592,0.00971,0.02002,0.01599,0.00658,0.00269,0.08702,0.09528,0.00771,0.00711
0.01096,0.33740,0.01332,0.01729,0.00835,0.02175,0.02565,0.30823,0.01898,0.02988,0.02139,0.02902,0.03350,0.04986,0.01885,0.00511,0.00994,0.02091,0.00203,0.01760
0.01010,0.31165,0.00838,0.01322,0.00618,0.30044,0.01019,0.00558,0.01443,0.00485,0.00910,0.00614,0.02137,0.00880,0.01546,0.00745,0.01021,0.01223,0.20622,0.01800
0.00510,0.43326,0.00262,0.00470,0.00673,0.00202,0.39012,0.00277,0.00669,0.00444,0.00456,0.01234,0.02421,0.01584,0.00342,0.01559,0.00390,0.00595,0.00153,0.05423
0.00466,0.01784,0.00484,0.01503,0.02935,0.01323,0.01500,0.01193,0.01416,0.01426,0.00264,0.00867,0.05114,0.00854,0.01777,0.00809,0.36359,0.39503,0.00218,0.00204
0.00988,0.43398,0.00354,0.00552,0.00954,0.38316,0.02554,0.00468,0.00511,0.00334,0.00899,0.01324,0.03077,0.01064,0.00308,0.01504,0.00807,0.00163,0.00632,0.01794
0.02557,0.17848,0.02067,0.01900,0.01073,0.00358,0.16112,0.02057,0.00650,0.01270,0.17267,0.01030,0.00762,0.01699,0.02207,0.25919,0.00898,0.00989,0.00462,0.02876
0.26819,0.01398,0.27824,0.01485,0.07756,0.00624,0.01109,0.03891,0.07579,0.01169,0.01544,0.00739,0.00669,0.01626,0.05904,0.02145,0.04428,0.00814,0.01484,0.00993
0.00740,0.00990,0.00455,0.41327,0.00827,0.01059,0.01585,0.00759,0.00413,0.00350,0.00949,0.00626,0.01777,0.01516,0.44022,0.00172,0.00620,0.00582,0.00241,0.00988
0.00744,0.26557,0.00063,0.01115,0.01994,0.22291,0.03255,0.02107,0.03079,0.02993,0.10567,0.00551,0.00730,0.04250,0.02666,0.11815,0.02039,0.01929,0.00341,0.00914
0.00599,0.25652,0.01258,0.09751,0.00945,0.21322,0.01395,0.01789,0.02047,0.00917,0.06038,0.01993,0.00293,0.02588,0.09594,0.06294,0.02778,0.01146,0.02423,0.01179
0.01182,0.02914,0.00771,0.15128,0.03770,0.01721,0.14893,0.00550,0.02251,0.01135,0.02285,0.01321,0.00516,0.01488,0.03052,0.04513,0.01520,0.19448,0.00275,0.21267
0.01161,0.01193,0.01725,0.00646,0.01402,0.01172,0.03425,0.01661,0.02957,0.03675,0.21182,0.00712,0.01476,0.01591,0.01618,0.20694,0.01188,0.14295,0.01554,0.16671
0.00411,0.00800,0.00484,0.00780,0.01077,0.00319,0.00968,0.01458,0.00327,0.01575,0.00582,0.00409,0.00644,0.02204,0.01612,0.00446,0.01382,0.39513,0.02013,0.42997
0.02381,0.01103,0.01784,0.01748,0.00423,0.00196,0.00324,0.01050,0.01598,0.00614,0.03604,0.01705,0.00667,0.05134,0.10220,0.07204,0.08758,0.00762,0.49591,0.01134
0.01033,0.00444,0.01158,0.01975,0.01975,0.00850,0.00556,0.00571,0.02243,0.00535,0.33985,0.01741,0.02257,0.01712,0.04118,0.34816,0.04093,0.04177,0.00454,0.01307
0.02074,0.01708,0.00937,0.01467,0.01804,0.03570,0.00477,0.02367,0.02475,0.01039,0.29802,0.01110,0.01726,0.01995,0.05957,0.35332,0.03945,0.01037,0.00685,0.00492
0.01437,0.09897,0.02703,0.00745,0.00763,0.09312,0.00555,0.01218,0.01337,0.06426,0.03046,0.02659,0.07387,0.00812,0.02565,0.01228,0.00791,0.00412,0.40174,0.06532
0.01718,0.19284,0.01677,0.01238,0.01042,0.00614,0.01809,0.30443,0.20659,0.05880,0.02107,0.04149,0.01136,0.01253,0.00789,0.01144,0.00223,0.00690,0.03196,0.00949
0.07027,0.03371,0.02159,0.01796,0.02546,0.03451,0.02269,0.00348,0.01770,0.01295,0.30871,0.01537,0.00788,0.00614,0.02584,0.33863,0.00710,0.00412,0.01112,0.01477
0.00864,0.01629,0.00637,0.01299,0.40641,0.03063,0.01027,0.00385,0.43092,0.00163,0.01690,0.00624,0.00679,0.01316,0.00232,0.00136,0.00388,0.00399,0.00908,0.00827
0.01217,0.04928,0.00282,0.01183,0.01599,0.02268,0.01064,0.12400,0.05903,0.01022,0.01389,0.05444,0.12895,0.01343,0.00622,0.01758,0.17037,0.22066,0.03538,0.02044
0.38369,0.02718,0.01105,0.01630,0.01062,0.00668,0.00993,0.01503,0.38172,0.00438,0.02642,0.01777,0.00702,0.00377,0.00674,0.02025,0.00408,0.00958,0.03042,0.00735
0.00662,0.16895,0.00602,0.00799,0.02640,0.08168,0.01055,0.08665,0.00834,0.00266,0.03632,0.01096,0.01417,0.02621,0.00375,0.05351,0.01395,0.20377,0.01151,0.21999
0.00771,0.01500,0.10384,0.02532,0.02585,0.01186,0.03021,0.02142,0.04622,0.07825,0.02069,0.01236,0.00746,0.01866,0.04594,0.01708,0.24430,0.25117,0.00500,0.01166
0.38374,0.03553,0.02218,0.00787,0.03872,0.01797,0.01171,0.04893,0.02022,0.01011,0.00433,0.00677,0.00732,0.00591,0.00454,0.34255,0.00738,0.01243,0.00131,0.01049
0.01438,0.11751,0.00793,0.01321,0.31080,0.08083,0.00434,0.01219,0.33228,0.00564,0.01376,0.01961,0.02224,0.00645,0.00594,0.01359,0.00483,0.00610,0.00531,0.00305
0.01363,0.30372,0.03310,0.01885,0.02379,0.01981,0.01908,0.30329,0.02366,0.01126,0.03984,0.02420,0.02054,0.00762,0.01368,0.02921,0.02189,0.02301,0.00357,0.04625
0.01179,0.02956,0.02427,0.01281,0.01041,0.01109,0.01314,0.01615,0.01394,0.02870,0.20026,0.02562,0.02414,0.00729,0.01194,0.21339,0.02168,0.01005,0.30369,0.01009
0.01320,0.05084,0.21622,0.02954,0.01281,0.07445,0.01084,0.00472,0.01223,0.18349,0.12458,0.00816,0.01954,0.04439,0.00689,0.14247,0.00994,0.01158,0.01672,0.00737
0.00480,0.44992,0.00511,0.00828,0.00447,0.00443,0.00667,0.45191,0.00532,0.00346,0.00584,0.00856,0.01074,0.00450,0.00145,0.00495,0.00675,0.00836,0.00182,0.00267
0.00655,0.40241,0.01060,0.00501,0.01496,0.01203,0.00676,0.44881,0.01729,0.00716,0.00468,0.00817,0.00471,0.00936,0.01124,0.00714,0.00591,0.01012,0.00191,0.00519
0.07234,0.00669,0.26847,0.00439,0.31835,0.01231,0.07717,0.01739,0.03190,0.01181,0.01588,0.02926,0.01572,0.01800,0.00531,0.00581,0.00096,0.01868,0.01121,0.05834
0.25918,0.01511,0.02343,0.28311,0.02797,0.01595,0.03155,0.01181,0.05883,0.02581,0.08223,0.00397,0.01795,0.00746,0.00806,0.06415,0.00816,0.01250,0.01743,0.02533
0.01668,0.27024,0.07631,0.02125,0.03608,0.18604,0.11997,0.01632,0.01440,0.01226,0.05979,0.00244,0.02582,0.07588,0.00661,0.00864,0.01507,0.01873,0.01380,0.00365
0.02310,0.00878,0.01449,0.03077,0.01640,0.00840,0.03793,0.01021,0.00725,0.00389,0.00554,0.01165,0.04618,0.01275,0.00465,0.01581,0.13226,0.14088,0.45606,0.01301
0.38453,0.01543,0.03090,0.00854,0.33321,0.00661,0.02330,0.00717,0.01347,0.00798,0.00983,0.00282,0.03979,0.03038,0.00974,0.00792,0.02850,0.02594,0.00402,0.00992
0.01275,0.13409,0.03917,0.02210,0.02479,0.11251,0.03846,0.00447,0.00786,0.04293,0.01360,0.02309,0.01917,0.05917,0.00705,0.02890,0.00271,0.00371,0.39003,0.01345
0.00875,0.00759,0.08697,0.00743,0.11341,0.01015,0.01358,0.00609,0.00524,0.00567,0.00521,0.00829,0.02085,0.01005,0.00196,0.02921,0.00315,0.03537,0.57376,0.04726
0.00694,0.04997,0.00477,0.00601,0.33146,0.00516,0.02627,0.02430,0.00727,0.37680,0.01630,0.01643,0.01834,0.07539,0.00657,0.00369,0.00468,0.00434,0.01173,0.00358
