0.00878,0.04998,0.23416,0.02013,0.04939,0.01078,0.26072,0.02592,0.07548,0.03752,0.00687,0.00979,0.02744,0.01593,0.03687,0.04484,0.00695,0.02665,0.01724,0.03454
0.07078,0.14385,0.02669,0.24642,0.02144,0.08064,0.04271,0.01757,0.10046,0.09706,0.01261,0.01561,0.01345,0.02695,0.02593,0.02744,0.00851,0.00263,0.00363,0.01564
0.08554,0.01493,0.05257,0.02944,0.02069,0.04303,0.07355,0.02023,0.22886,0.15001,0.05438,0.01768,0.01199,0.01219,0.02260,0.04252,0.00629,0.05720,0.01143,0.04487
0.01239,0.15977,0.07835,0.01234,0.03004,0.08304,0.01424,0.02362,0.10074,0.09938,0.06195,0.10285,0.14830,0.01581,0.02042,0.00958,0.00685,0.00451,0.00281,0.01300
0.00706,0.02213,0.02755,0.03716,0.13271,0.00283,0.00931,0.17052,0.04913,0.05489,0.17995,0.01455,0.01890,0.05553,0.02014,0.00850,0.00529,0.00765,0.00362,0.17259
0.01030,0.24432,0.06374,0.02999,0.02784,0.03104,0.02483,0.00616,0.05911,0.02817,0.05275,0.05746,0.02309,0.25741,0.00411,0.01839,0.00434,0.00969,0.00515,0.04211
0.03754,0.01469,0.04110,0.02121,0.22540,0.01967,0.02823,0.15756,0.02186,0.03595,0.02966,0.13439,0.00954,0.00973,0.12118,0.00983,0.06725,0.00571,0.00218,0.00732
0.03125,0.02923,0.00749,0.02726,0.02678,0.12974,0.01481,0.01745,0.12504,0.12611,0.00476,0.09531,0.15883,0.04080,0.00589,0.02095,0.12596,0.00493,0.00480,0.00264
0.37193,0.00545,0.00573,0.00716,0.00978,0.01234,0.01366,0.00437,0.04211,0.07933,0.00624,0.00476,0.00841,0.00288,0.00906,0.40087,0.00174,0.00332,0.00484,0.00602
0.01865,0.01860,0.15532,0.04648,0.04551,0.06143,0.00875,0.01748,0.13577,0.11796,0.15249,0.06586,0.01739,0.02371,0.02854,0.02321,0.03013,0.02443,0.00558,0.00273
0.01329,0.20933,0.00491,0.01637,0.02087,0.01654,0.01320,0.03278,0.15196,0.15743,0.03722,0.01893,0.19211,0.05784,0.00989,0.01247,0.00297,0.00871,0.00574,0.01743
0.03313,0.01061,0.02296,0.01043,0.03453,0.02356,0.01792,0.34910,0.03866,0.00987,0.02000,0.01964,0.00629,0.32242,0.00890,0.02536,0.00401,0.00513,0.00281,0.03469
0.30208,0.01924,0.00666,0.06824,0.02765,0.00717,0.01166,0.00779,0.06449,0.02123,0.01152,0.00616,0.01176,0.00634,0.00458,0.23383,0.00890,0.10738,0.00094,0.07241
0.03764,0.02195,0.01821,0.02349,0.04479,0.01953,0.02078,0.05769,0.02098,0.02308,0.00569,0.01863,0.01888,0.01828,0.30743,0.00843,0.00571,0.02648,0.29769,0.00463
0.01487,0.07029,0.03465,0.00628,0.03241,0.04341,0.11073,0.01080,0.03189,0.27827,0.01993,0.00923,0.06910,0.00453,0.00980,0.22417,0.00467,0.00987,0.00906,0.00605
0.01678,0.02660,0.03330,0.01417,0.04709,0.03330,0.03492,0.14883,0.06823,0.10191,0.01672,0.04140,0.01864,0.12069,0.07907,0.07688,0.02109,0.05312,0.03079,0.01645
0.01462,0.10933,0.00468,0.08035,0.00983,0.01646,0.00915,0.05071,0.08636,0.08350,0.00372,0.14631,0.09943,0.03627,0.01304,0.00411,0.14536,0.06777,0.00609,0.01291
0.00629,0.13397,0.02583,0.01961,0.08285,0.01402,0.03281,0.04633,0.11340,0.18320,0.05422,0.02648,0.11037,0.03102,0.02641,0.07151,0.00835,0.00601,0.00185,0.00546
0.06441,0.08428,0.02198,0.03519,0.02858,0.04066,0.03376,0.09824,0.11761,0.05141,0.04025,0.03982,0.06062,0.09417,0.02735,0.00951,0.02906,0.06900,0.01102,0.04307
0.01500,0.01730,0.02245,0.02370,0.08916,0.01350,0.03930,0.08311,0.01886,0.00597,0.02753,0.25724,0.01649,0.01347,0.03205,0.00442,0.27018,0.02176,0.01159,0.01691
0.05909,0.05586,0.03005,0.00883,0.14894,0.01805,0.00470,0.07170,0.03921,0.04389,0.01590,0.01766,0.00948,0.03676,0.20419,0.02860,0.00417,0.00492,0.17699,0.02101
0.23588,0.01824,0.01066,0.03287,0.07675,0.07184,0.01868,0.04714,0.04850,0.05392,0.02877,0.00861,0.03481,0.00984,0.00403,0.22433,0.00445,0.00874,0.01073,0.05121
0.02306,0.02158,0.04534,0.17795,0.17592,0.01998,0.05079,0.14781,0.02461,0.00979,0.01972,0.01401,0.02198,0.00539,0.00771,0.01952,0.03158,0.14163,0.00826,0.03337
0.02304,0.09578,0.15747,0.02550,0.03699,0.07544,0.02575,0.00937,0.05996,0.06881,0.12248,0.12974,0.08537,0.02482,0.01724,0.01522,0.00915,0.01048,0.00327,0.00412
0.01119,0.06147,0.00517,0.02348,0.04486,0.01386,0.09684,0.05923,0.18599,0.19547,0.02624,0.00501,0.03373,0.01843,0.04353,0.00510,0.00466,0.01725,0.12545,0.02305
0.02528,0.04139,0.04249,0.01600,0.04190,0.28260,0.03566,0.01798,0.06107,0.07946,0.01030,0.01663,0.26037,0.01472,0.00632,0.01807,0.00941,0.00972,0.00435,0.00628
0.03261,0.05873,0.03749,0.02397,0.08858,0.01424,0.01504,0.27950,0.01825,0.02258,0.03485,0.01971,0.04419,0.21846,0.01529,0.01240,0.03118,0.01206,0.01426,0.00664
0.04445,0.01743,0.01197,0.03205,0.03871,0.03483,0.02139,0.05796,0.13074,0.10080,0.20355,0.00837,0.00748,0.01947,0.00875,0.01177,0.00404,0.00571,0.00460,0.23594
0.21097,0.03443,0.02402,0.03379,0.04714,0.05121,0.01609,0.02736,0.22189,0.03868,0.00636,0.02325,0.03299,0.00988,0.08328,0.00534,0.00946,0.01305,0.10550,0.00532
0.13557,0.02252,0.01019,0.02171,0.22590,0.02151,0.04415,0.12748,0.03209,0.01469,0.01016,0.01298,0.01298,0.00975,0.14011,0.00711,0.00483,0.01635,0.12145,0.00847
0.02112,0.32529,0.01118,0.01014,0.01706,0.03896,0.01457,0.01761,0.03698,0.02989,0.00671,0.04535,0.35469,0.01169,0.00962,0.00974,0.01960,0.00646,0.00944,0.00390
0.18665,0.01020,0.02878,0.01613,0.17623,0.03625,0.05091,0.16220,0.01038,0.01164,0.02020,0.03400,0.00658,0.00661,0.02937,0.19099,0.00760,0.00168,0.00915,0.00447
0.02533,0.18270,0.01047,0.32773,0.02569,0.07162,0.06659,0.01379,0.05016,0.03323,0.01644,0.01366,0.02060,0.02179,0.01381,0.00704,0.06242,0.00789,0.00411,0.02494
0.04733,0.03096,0.00806,0.00860,0.02948,0.02062,0.02308,0.17683,0.03360,0.03460,0.05071,0.02561,0.01468,0.16689,0.05867,0.03339,0.01270,0.17538,0.00861,0.04019
0.02293,0.02175,0.08791,0.13075,0.01959,0.06362,0.10246,0.01927,0.12304,0.08607,0.00778,0.04269,0.00637,0.00757,0.01323,0.00934,0.00544,0.19372,0.01145,0.02503
0.18625,0.01242,0.03772,0.01107,0.19748,0.01401,0.02953,0.01410,0.03591,0.03818,0.00422,0.02436,0.00572,0.00384,0.18141,0.01560,0.01040,0.02056,0.14587,0.01134
0.11521,0.09497,0.02047,0.05994,0.02145,0.01702,0.01491,0.02059,0.23836,0.11354,0.06940,0.01028,0.07756,0.01581,0.00387,0.00547,0.00245,0.01473,0.02291,0.06106
0.01739,0.02838,0.01443,0.02104,0.05522,0.01748,0.01133,0.20538,0.16140,0.16983,0.01473,0.03263,0.03315,0.14935,0.00683,0.01856,0.02350,0.01244,0.00235,0.00456
0.14105,0.02385,0.06858,0.01542,0.15836,0.03099,0.02570,0.01069,0.03953,0.04430,0.07278,0.01600,0.01376,0.02300,0.12492,0.05019,0.00853,0.00048,0.12166,0.01020
0.01087,0.09665,0.01285,0.01767,0.19563,0.03568,0.03365,0.16979,0.10011,0.11299,0.00950,0.01086,0.06691,0.01507,0.01283,0.02514,0.00561,0.00578,0.00922,0.05321
0.23800,0.00908,0.01410,0.01014,0.29571,0.00823,0.02324,0.09171,0.07234,0.01588,0.02991,0.01396,0.00526,0.00814,0.06031,0.01403,0.00372,0.01836,0.05027,0.01761
0.08644,0.04985,0.06755,0.02968,0.10112,0.00585,0.03526,0.12334,0.20743,0.09693,0.04914,0.01843,0.01126,0.03888,0.00588,0.00773,0.00665,0.02757,0.00272,0.02826
0.12944,0.12910,0.01166,0.03535,0.15277,0.01293,0.03093,0.03074,0.04268,0.03974,0.05156,0.01837,0.12336,0.00842,0.04088,0.02827,0.03474,0.05741,0.01067,0.01098
0.00871,0.01625,0.00799,0.01270,0.02091,0.00956,0.29005,0.07126,0.02681,0.15735,0.00867,0.00468,0.02076,0.05013,0.00697,0.05631,0.00488,0.00729,0.21422,0.00449
0.08600,0.04329,0.06249,0.01933,0.06793,0.03784,0.03639,0.04559,0.04520,0.01223,0.01184,0.02947,0.04112,0.00486,0.19067,0.00703,0.01227,0.02578,0.20210,0.01857
0.07174,0.04064,0.03821,0.10245,0.02700,0.02104,0.00492,0.12733,0.23601,0.11425,0.04239,0.01214,0.01284,0.09091,0.00643,0.01057,0.00444,0.01349,0.00359,0.01961
0.01402,0.00676,0.00444,0.02109,0.00879,0.09046,0.09833,0.02037,0.01506,0.31915,0.00635,0.00948,0.00377,0.02361,0.06126,0.27529,0.00437,0.00502,0.00718,0.00520
0.08916,0.15084,0.00634,0.18499,0.08497,0.05291,0.01209,0.07065,0.08812,0.08958,0.01228,0.00827,0.01363,0.02572,0.01871,0.06184,0.00278,0.00303,0.00170,0.02238
0.02460,0.05608,0.01011,0.10729,0.02218,0.01693,0.00715,0.08448,0.27202,0.23139,0.01167,0.00409,0.02077,0.08839,0.00460,0.00747,0.01123,0.00282,0.00448,0.01224
0.01325,0.02985,0.02748,0.02348,0.04841,0.02031,0.04439,0.04096,0.19631,0.29425,0.02084,0.01765,0.03502,0.01297,0.01803,0.09677,0.00224,0.01879,0.02126,0.01774
0.01365,0.16724,0.00275,0.05303,0.06153,0.01368,0.09714,0.02454,0.01666,0.22438,0.00412,0.00468,0.12192,0.01602,0.00764,0.14921,0.00668,0.00320,0.00620,0.00574
0.02236,0.02241,0.08140,0.09397,0.03753,0.05654,0.08640,0.01968,0.19384,0.17830,0.01866,0.04205,0.01875,0.01027,0.00623,0.00734,0.01822,0.05107,0.02188,0.01310
0.02931,0.04687,0.07064,0.01959,0.03072,0.01138,0.03623,0.02125,0.25809,0.22839,0.06159,0.00840,0.01576,0.02577,0.01634,0.00787,0.01082,0.06845,0.01099,0.02157
0.01896,0.16425,0.04175,0.18567,0.03247,0.01451,0.01313,0.02700,0.01342,0.03691,0.00640,0.01328,0.17454,0.00381,0.01772,0.02783,0.00726,0.18905,0.00638,0.00567
0.02835,0.02086,0.02416,0.02686,0.09674,0.03085,0.00698,0.04517,0.15834,0.15170,0.01464,0.01067,0.01328,0.01106,0.18345,0.00426,0.02078,0.00314,0.14636,0.00235
0.01501,0.04842,0.02014,0.01550,0.18606,0.03547,0.01250,0.32500,0.03235,0.02905,0.02305,0.01775,0.02958,0.15214,0.00440,0.01263,0.01765,0.00158,0.00091,0.02082
0.09877,0.02781,0.01346,0.02770,0.28935,0.04312,0.01267,0.22603,0.03768,0.03256,0.00207,0.02508,0.00520,0.01091,0.06111,0.04045,0.00511,0.01019,0.01458,0.01615
0.03297,0.07619,0.13696,0.03892,0.08039,0.01919,0.14083,0.04370,0.12443,0.12793,0.01474,0.02393,0.03502,0.01132,0.03210,0.02005,0.00912,0.02155,0.00518,0.00548
0.03582,0.08462,0.10387,0.04303,0.12218,0.04750,0.00890,0.10941,0.06913,0.04031,0.09689,0.05537,0.04416,0.03925,0.00573,0.01553,0.05074,0.00549,0.00252,0.01953
0.01389,0.04151,0.01390,0.01632,0.19443,0.02133,0.09200,0.18155,0.02266,0.12947,0.00799,0.00986,0.01431,0.02616,0.01242,0.10617,0.01236,0.01233,0.03107,0.04028
0.01743,0.01860,0.03866,0.03617,0.03615,0.02849,0.02602,0.03925,0.17775,0.18010,0.01267,0.02436,0.01802,0.02068,0.14834,0.01053,0.02838,0.00645,0.12622,0.00574
0.18483,0.07260,0.01502,0.06811,0.04980,0.02076,0.01742,0.03695,0.13961,0.12624,0.01747,0.01563,0.01145,0.02511,0.01197,0.15141,0.00890,0.00397,0.00570,0.01707
0.02859,0.02245,0.17311,0.02482,0.05776,0.00799,0.18577,0.02626,0.16183,0.15783,0.01040,0.00929,0.02928,0.00943,0.00806,0.02820,0.00824,0.03901,0.00679,0.00492
0.02160,0.05129,0.01432,0.04869,0.05185,0.01727,0.07468,0.03398,0.13112,0.26669,0.02725,0.01344,0.01104,0.01804,0.01750,0.11365,0.00918,0.00829,0.01800,0.05211
0.07465,0.05366,0.06122,0.03319,0.19314,0.01864,0.03597,0.20863,0.04925,0.04166,0.02086,0.01998,0.01807,0.04455,0.00644,0.06628,0.00677,0.03912,0.00267,0.00523
0.01578,0.02533,0.28983,0.03691,0.01936,0.03169,0.30148,0.00960,0.09358,0.09093,0.00480,0.00900,0.01181,0.00764,0.02377,0.00468,0.00240,0.00976,0.00621,0.00544
0.05265,0.02453,0.00589,0.01627,0.16168,0.01184,0.12708,0.12935,0.05190,0.12476,0.02311,0.00944,0.01529,0.01282,0.00403,0.03624,0.00474,0.06491,0.11709,0.00638
0.02507,0.03892,0.01289,0.08477,0.25037,0.08009,0.00943,0.13147,0.02698,0.02112,0.00255,0.01806,0.02892,0.01226,0.05701,0.01115,0.15711,0.00614,0.01744,0.00825
0.01431,0.01600,0.38054,0.01728,0.04080,0.01976,0.38152,0.01842,0.02051,0.02137,0.01013,0.00859,0.00670,0.00896,0.00395,0.00455,0.01026,0.00343,0.00448,0.00843
0.06688,0.02457,0.01143,0.01887,0.29669,0.02375,0.03220,0.22298,0.05551,0.03486,0.00904,0.01635,0.01344,0.01989,0.04649,0.01689,0.00626,0.05503,0.00805,0.02083
0.05945,0.05655,0.01738,0.04009,0.03042,0.06497,0.02378,0.21707,0.16620,0.04804,0.01090,0.01213,0.02810,0.14596,0.00554,0.01712,0.01496,0.01198,0.00374,0.02561
0.01208,0.07822,0.01020,0.01838,0.03675,0.01275,0.07633,0.03970,0.05669,0.20834,0.00389,0.00559,0.02645,0.01676,0.00601,0.21641,0.00385,0.00684,0.00972,0.15506
0.04264,0.02700,0.01905,0.08924,0.06291,0.05791,0.02915,0.07085,0.15928,0.11949,0.01566,0.05833,0.01077,0.01721,0.06777,0.01228,0.05069,0.05304,0.02743,0.00928
0.07812,0.01427,0.00490,0.01212,0.01470,0.08995,0.02044,0.01034,0.05994,0.06469,0.00649,0.23378,0.00839,0.00805,0.32204,0.02550,0.00275,0.00496,0.01009,0.00848
0.01628,0.13572,0.02013,0.04917,0.13122,0.01021,0.02695,0.08158,0.12736,0.12819,0.01323,0.02281,0.13232,0.00711,0.02387,0.01582,0.01784,0.01026,0.02421,0.00572
0.02000,0.01843,0.09962,0.01679,0.25919,0.04160,0.02203,0.25060,0.06315,0.02375,0.07841,0.03800,0.01209,0.01109,0.00634,0.00480,0.00653,0.01336,0.00844,0.00578
0.02036,0.06457,0.22290,0.03498,0.08367,0.01597,0.02580,0.03965,0.03758,0.05194,0.21898,0.02247,0.04258,0.00831,0.01481,0.02781,0.03706,0.01344,0.00432,0.01277
0.19355,0.08708,0.04401,0.05983,0.08489,0.04497,0.02947,0.07558,0.03598,0.02007,0.04042,0.01727,0.02017,0.00818,0.00934,0.17018,0.03417,0.01764,0.00369,0.00353
0.01649,0.01789,0.01469,0.02854,0.01862,0.42121,0.02097,0.00741,0.01356,0.01007,0.00736,0.09190,0.27089,0.00599,0.02812,0.00454,0.01091,0.00644,0.00140,0.00301
0.01728,0.02432,0.02102,0.01313,0.26367,0.02124,0.01787,0.23366,0.14911,0.14983,0.00527,0.02508,0.00820,0.02526,0.00464,0.00342,0.00471,0.00367,0.00440,0.00423
0.01805,0.05619,0.00440,0.01981,0.01494,0.02584,0.00667,0.02290,0.04849,0.03966,0.00229,0.30956,0.04174,0.02279,0.01693,0.00630,0.30386,0.00359,0.02869,0.00733
0.12562,0.02438,0.01018,0.02835,0.09715,0.04359,0.01553,0.01587,0.13423,0.09936,0.00711,0.01703,0.03228,0.01333,0.13688,0.01083,0.01367,0.02114,0.13531,0.01817
0.01574,0.02113,0.03006,0.01915,0.06155,0.03202,0.13969,0.03232,0.02266,0.27519,0.00513,0.00943,0.01852,0.01452,0.01476,0.21371,0.00965,0.00611,0.03744,0.02121
0.31845,0.03677,0.01168,0.01539,0.39144,0.00734,0.00755,0.04106,0.01130,0.00669,0.02497,0.02667,0.01016,0.01074,0.01241,0.01378,0.02024,0.01976,0.00167,0.01194
0.01726,0.01315,0.06200,0.19964,0.14011,0.03995,0.04974,0.09886,0.01792,0.02593,0.02201,0.02951,0.01713,0.01541,0.01800,0.01145,0.03040,0.16199,0.01905,0.01050
0.01312,0.00829,0.00925,0.01532,0.07550,0.00766,0.02011,0.03935,0.07189,0.36639,0.00522,0.00803,0.00644,0.00883,0.03208,0.28312,0.00825,0.01143,0.00577,0.00394
0.00721,0.01223,0.00438,0.02035,0.00542,0.02503,0.01280,0.00511,0.01328,0.00377,0.00427,0.04618,0.01633,0.01825,0.40629,0.00356,0.00487,0.00457,0.38183,0.00427
0.00851,0.08173,0.01338,0.03218,0.05667,0.03996,0.02123,0.04632,0.20024,0.20329,0.03443,0.03692,0.01234,0.01008,0.00392,0.05525,0.01484,0.00574,0.00880,0.11417
0.14483,0.01365,0.01029,0.01782,0.15267,0.01514,0.01289,0.12984,0.21122,0.10394,0.00977,0.01708,0.02979,0.01914,0.01607,0.01612,0.03313,0.00806,0.02188,0.01666
0.15309,0.02329,0.01111,0.01243,0.02272,0.00837,0.01140,0.01264,0.25829,0.26933,0.00739,0.00492,0.01543,0.00483,0.00696,0.15403,0.00825,0.00527,0.00324,0.00701
0.11522,0.04480,0.00626,0.09710,0.16232,0.07040,0.02096,0.15529,0.09352,0.05379,0.01520,0.02483,0.01090,0.01020,0.01077,0.06154,0.02412,0.00277,0.00427,0.01576
0.10895,0.09703,0.00810,0.21316,0.10712,0.11778,0.04846,0.08484,0.02850,0.01249,0.00589,0.01823,0.01975,0.01235,0.02820,0.06275,0.00408,0.00523,0.00564,0.01145
0.05761,0.02047,0.02164,0.17277,0.19121,0.02515,0.02216,0.02820,0.04753,0.01861,0.00714,0.00431,0.01228,0.02281,0.00969,0.00498,0.30131,0.01365,0.00842,0.01007
0.02504,0.05493,0.02854,0.03013,0.16409,0.03787,0.01836,0.16771,0.13185,0.12814,0.02478,0.03006,0.05318,0.01921,0.04544,0.00850,0.01367,0.00424,0.00935,0.00490
0.25803,0.02610,0.01168,0.00867,0.23180,0.05829,0.01034,0.04348,0.10599,0.02113,0.00463,0.04175,0.06065,0.01895,0.02565,0.01017,0.02189,0.00500,0.02094,0.01485
0.22207,0.05626,0.01567,0.12262,0.02989,0.01478,0.01546,0.01943,0.08071,0.01111,0.03193,0.01306,0.02504,0.00832,0.00831,0.14222,0.03933,0.09905,0.00784,0.03690
0.20916,0.01437,0.00351,0.02883,0.11915,0.06969,0.01252,0.05933,0.24674,0.10162,0.00810,0.01995,0.01735,0.01688,0.02094,0.01252,0.01299,0.00956,0.00556,0.01122
0.19712,0.15310,0.01122,0.02989,0.03237,0.04628,0.01019,0.01165,0.07884,0.04683,0.01465,0.02812,0.12876,0.01100,0.01036,0.15211,0.01330,0.00702,0.00455,0.01262
0.04415,0.05453,0.05268,0.01170,0.05586,0.01165,0.05711,0.02377,0.21986,0.21745,0.00852,0.07486,0.05301,0.01840,0.00440,0.01062,0.07249,0.00426,0.00172,0.00297
0.08660,0.01438,0.20327,0.02518,0.06641,0.04815,0.01099,0.00792,0.10124,0.06687,0.21806,0.01889,0.02267,0.00654,0.02393,0.00919,0.02543,0.02783,0.00702,0.00944
0.02265,0.01078,0.05469,0.01602,0.11101,0.01801,0.04724,0.20975,0.01005,0.01936,0.10522,0.02222,0.01148,0.12915,0.02238,0.03085,0.00928,0.05683,0.00158,0.09144
0.02286,0.07253,0.01550,0.04265,0.08151,0.03896,0.02344,0.21978,0.04350,0.01866,0.02649,0.06865,0.07947,0.15445,0.01806,0.00766,0.03958,0.00385,0.01067,0.01173
0.02608,0.02202,0.01028,0.02291,0.02448,0.04304,0.03041,0.23289,0.10280,0.13142,0.02310,0.00886,0.02799,0.20364,0.00736,0.01577,0.01657,0.01351,0.01317,0.02368
0.17333,0.02748,0.01039,0.00968,0.18199,0.06039,0.02053,0.16140,0.03314,0.01821,0.00750,0.04022,0.02951,0.00831,0.01963,0.14073,0.02023,0.02288,0.00872,0.00573
0.01478,0.00894,0.08178,0.00687,0.26097,0.10799,0.00752,0.25329,0.02959,0.00918,0.04455,0.13544,0.00639,0.00811,0.00726,0.00451,0.00567,0.00286,0.00162,0.00267
0.24093,0.03386,0.03033,0.08045,0.20016,0.01262,0.02007,0.01850,0.10570,0.07548,0.01933,0.01472,0.00746,0.01596,0.04676,0.01359,0.00728,0.00491,0.03978,0.01212
0.01009,0.09408,0.12390,0.12604,0.07327,0.01349,0.10787,0.05836,0.03538,0.01969,0.01440,0.01345,0.10237,0.01651,0.02745,0.01005,0.01094,0.11924,0.01474,0.00870
0.05515,0.02151,0.01474,0.02247,0.05371,0.01917,0.00864,0.04480,0.01090,0.01376,0.01550,0.01359,0.01319,0.00931,0.32192,0.04442,0.00945,0.01064,0.28813,0.00900
0.02769,0.02893,0.01645,0.02429,0.08940,0.03556,0.19601,0.07179,0.05137,0.13503,0.00901,0.01318,0.01476,0.03910,0.01424,0.05630,0.00798,0.00856,0.15341,0.00694
0.01132,0.00428,0.00752,0.00866,0.04880,0.28216,0.07651,0.04604,0.00772,0.02712,0.00559,0.16356,0.10315,0.00241,0.06222,0.00505,0.10391,0.00933,0.02077,0.00389
0.02820,0.02332,0.00491,0.01902,0.06469,0.01089,0.01758,0.05111,0.13312,0.30887,0.01472,0.00830,0.03454,0.00496,0.02961,0.19148,0.01129,0.02796,0.00797,0.00746
0.01190,0.05946,0.00818,0.02974,0.24939,0.01788,0.00778,0.24971,0.01100,0.01389,0.01023,0.01316,0.01215,0.05027,0.12060,0.01325,0.00913,0.00867,0.09715,0.00648
0.03347,0.11263,0.01415,0.01519,0.13995,0.01715,0.10442,0.10614,0.08147,0.09940,0.00746,0.01404,0.09615,0.02002,0.01526,0.01019,0.00755,0.01445,0.08351,0.00741
0.00934,0.01549,0.00797,0.01064,0.12134,0.12601,0.04035,0.27919,0.03151,0.03099,0.01962,0.03736,0.03718,0.17914,0.01709,0.01159,0.01096,0.00303,0.00542,0.00580
0.03319,0.00776,0.06845,0.01975,0.00962,0.02281,0.00667,0.04288,0.25999,0.28690,0.06941,0.01823,0.03439,0.01426,0.02060,0.05449,0.00718,0.01065,0.00550,0.00725
0.07373,0.00675,0.02244,0.01341,0.03776,0.04555,0.03525,0.08464,0.26155,0.23536,0.03315,0.01628,0.01861,0.05377,0.00574,0.02274,0.01059,0.00948,0.00411,0.00909
0.02921,0.01353,0.06689,0.02126,0.03814,0.01778,0.02531,0.01809,0.08545,0.33651,0.03464,0.00409,0.01574,0.00622,0.03001,0.23108,0.00506,0.00845,0.00302,0.00951
0.06759,0.17262,0.02801,0.05359,0.06043,0.04225,0.04583,0.04234,0.14435,0.05757,0.06676,0.01881,0.09393,0.02183,0.01375,0.01807,0.00555,0.00627,0.01225,0.02821
0.02888,0.10856,0.00925,0.03390,0.21791,0.03462,0.01121,0.15082,0.09586,0.07975,0.00983,0.04387,0.00558,0.08894,0.02160,0.00582,0.02530,0.00703,0.01623,0.00504
0.05025,0.02157,0.08333,0.12237,0.08862,0.03338,0.09151,0.09179,0.06600,0.06393,0.01244,0.02528,0.01445,0.01410,0.00841,0.04882,0.04514,0.10070,0.00954,0.00837
0.05446,0.05144,0.00358,0.02289,0.04091,0.00625,0.00640,0.01458,0.07684,0.04632,0.32417,0.00445,0.00327,0.00772,0.00576,0.00525,0.00401,0.00332,0.00226,0.31611
0.14818,0.03044,0.02274,0.00854,0.03993,0.01386,0.06867,0.01103,0.05612,0.01645,0.00750,0.01340,0.01187,0.01318,0.11480,0.00833,0.00508,0.20515,0.19588,0.00886
0.01529,0.12270,0.01948,0.02116,0.02117,0.03009,0.01346,0.02928,0.09427,0.04603,0.00973,0.08389,0.00367,0.01190,0.00411,0.10367,0.00629,0.05730,0.00614,0.30037
0.02008,0.04754,0.01985,0.01629,0.01415,0.01293,0.02054,0.00449,0.12762,0.13095,0.01775,0.01793,0.02649,0.00468,0.23297,0.01378,0.01269,0.04047,0.20951,0.00929
0.02472,0.02202,0.25112,0.03021,0.02736,0.03338,0.03293,0.01175,0.02377,0.01291,0.25903,0.05830,0.03266,0.00759,0.01898,0.02666,0.03720,0.01438,0.00644,0.06861
0.02703,0.04150,0.01050,0.02580,0.06355,0.01360,0.02654,0.02948,0.15964,0.14305,0.02242,0.18240,0.00681,0.02687,0.01118,0.01533,0.16302,0.01190,0.01008,0.00928
0.01216,0.01314,0.01344,0.02399,0.01645,0.05278,0.20896,0.01810,0.12155,0.20852,0.00718,0.02697,0.04108,0.00473,0.00728,0.04228,0.00771,0.00719,0.15524,0.01125
0.02183,0.13222,0.02950,0.02486,0.11336,0.01744,0.03278,0.06498,0.20446,0.16963,0.02603,0.01955,0.00517,0.05828,0.00859,0.00447,0.01461,0.01102,0.02118,0.02004
0.02052,0.05408,0.03434,0.02363,0.00884,0.01258,0.00964,0.03979,0.34277,0.32367,0.02680,0.01627,0.01586,0.01846,0.00923,0.01265,0.01668,0.00361,0.00363,0.00697
0.38022,0.03174,0.00528,0.00792,0.01603,0.01572,0.00547,0.01790,0.04597,0.03919,0.00335,0.01154,0.01750,0.01424,0.01072,0.34727,0.00720,0.00705,0.00866,0.00703
0.01815,0.09845,0.17834,0.05651,0.03712,0.01941,0.01116,0.02252,0.09860,0.10244,0.20346,0.00533,0.08724,0.00670,0.00911,0.03272,0.00320,0.00311,0.00187,0.00456
0.23945,0.11075,0.00707,0.01143,0.07636,0.03133,0.01106,0.02722,0.07821,0.06469,0.00679,0.01879,0.07366,0.00741,0.01052,0.19499,0.00331,0.01164,0.01153,0.00379
0.01360,0.02320,0.03678,0.07150,0.24957,0.02254,0.02863,0.21623,0.09163,0.09317,0.01142,0.00675,0.02896,0.00602,0.01532,0.00525,0.00639,0.06170,0.00271,0.00863
0.01704,0.03135,0.16702,0.02914,0.17813,0.02487,0.15418,0.15613,0.05804,0.06187,0.01568,0.02057,0.01238,0.02121,0.01013,0.00742,0.01094,0.00435,0.00632,0.01323
0.13639,0.02453,0.01614,0.02749,0.14662,0.03124,0.01497,0.03423,0.14919,0.11866,0.01476,0.06645,0.01127,0.02682,0.06027,0.00645,0.04527,0.01307,0.04285,0.01331
0.02718,0.06601,0.00713,0.01052,0.03623,0.01660,0.00278,0.01230,0.36135,0.33980,0.01435,0.02183,0.03956,0.00646,0.00642,0.01179,0.01012,0.00275,0.00187,0.00496
0.02940,0.05041,0.14555,0.16579,0.04321,0.04065,0.14658,0.01689,0.05014,0.02966,0.01476,0.01978,0.03072,0.02926,0.01672,0.01467,0.04984,0.09499,0.00383,0.00715
0.01901,0.03405,0.01092,0.02271,0.05705,0.01990,0.01810,0.05589,0.26237,0.25954,0.00882,0.08544,0.02107,0.00755,0.00702,0.01502,0.07022,0.00993,0.00457,0.01081
0.01767,0.01875,0.23890,0.02897,0.06207,0.08422,0.04006,0.06818,0.01716,0.02192,0.26674,0.02610,0.02076,0.03043,0.02134,0.01453,0.00512,0.00797,0.00419,0.00491
0.02619,0.04273,0.02015,0.05736,0.08509,0.04063,0.02157,0.07039,0.14788,0.21151,0.01059,0.03270,0.01387,0.02370,0.02679,0.12964,0.00775,0.00697,0.00358,0.02090
0.02665,0.00553,0.33577,0.01276,0.02082,0.01179,0.34210,0.01334,0.06258,0.06151,0.02071,0.01115,0.01372,0.00783,0.01087,0.01026,0.00857,0.01056,0.00629,0.00718
0.14341,0.01158,0.00386,0.12833,0.11160,0.12728,0.02356,0.01582,0.20127,0.01198,0.00505,0.02378,0.00563,0.00791,0.00296,0.00487,0.15742,0.00401,0.00164,0.00804
0.02817,0.03397,0.02312,0.01024,0.04783,0.06139,0.01439,0.13772,0.07972,0.06128,0.15370,0.02386,0.03740,0.11860,0.00933,0.00897,0.01363,0.00178,0.00341,0.13147
0.01653,0.05057,0.01498,0.02541,0.03761,0.02970,0.00790,0.03067,0.24001,0.34487,0.00643,0.01871,0.00815,0.02445,0.00677,0.11326,0.00686,0.00617,0.00274,0.00823
0.03236,0.01237,0.10205,0.01261,0.06901,0.16913,0.00971,0.03123,0.05847,0.00606,0.10674,0.18682,0.01964,0.01743,0.03316,0.01795,0.04001,0.00427,0.01352,0.05745
0.02021,0.01853,0.02133,0.01601,0.16143,0.02433,0.02817,0.13220,0.02941,0.21594,0.00658,0.01560,0.02027,0.03089,0.00520,0.21350,0.00646,0.02082,0.00286,0.01027
0.24852,0.04576,0.01038,0.13209,0.02932,0.06503,0.01168,0.04111,0.03068,0.04910,0.00910,0.02683,0.00810,0.00504,0.04699,0.21008,0.00660,0.01743,0.00194,0.00421
0.03509,0.10873,0.04621,0.03227,0.02537,0.02612,0.22259,0.02692,0.01481,0.05370,0.01069,0.01446,0.10145,0.02540,0.01451,0.01126,0.00990,0.01864,0.18819,0.01369
0.19661,0.01685,0.02267,0.01920,0.18866,0.02072,0.03297,0.19479,0.02035,0.01212,0.00337,0.01169,0.00732,0.01099,0.00574,0.18116,0.00345,0.01722,0.02892,0.00519
0.22074,0.00652,0.02454,0.00886,0.04828,0.02275,0.03702,0.03150,0.14539,0.13735,0.01363,0.00806,0.01234,0.00148,0.00943,0.19588,0.00479,0.00908,0.05369,0.00867
0.04118,0.06891,0.06701,0.00535,0.04330,0.12039,0.00551,0.01382,0.14655,0.13147,0.04674,0.13078,0.06988,0.00655,0.03817,0.00988,0.00484,0.00913,0.03009,0.01046
0.00895,0.03383,0.01043,0.01663,0.28314,0.10108,0.04013,0.26030,0.03894,0.02777,0.03876,0.00642,0.07102,0.01687,0.00514,0.00341,0.00909,0.00635,0.00227,0.01945
0.33050,0.03672,0.00886,0.01117,0.06222,0.01275,0.00622,0.01551,0.09086,0.06445,0.01724,0.01633,0.01540,0.00573,0.00920,0.23969,0.00437,0.03927,0.00458,0.00892
0.01852,0.01587,0.00181,0.02415,0.03208,0.03732,0.18595,0.01558,0.00971,0.25669,0.01468,0.00944,0.02171,0.00753,0.01013,0.20639,0.01023,0.00687,0.10685,0.00848
0.04371,0.01840,0.02269,0.01791,0.11566,0.00929,0.00858,0.19863,0.17563,0.17616,0.01865,0.01473,0.00509,0.12556,0.00931,0.01026,0.00878,0.00275,0.00270,0.01552
0.04070,0.03360,0.00533,0.02066,0.16080,0.01254,0.01612,0.09526,0.18800,0.19162,0.00261,0.03287,0.02013,0.02008,0.03437,0.02496,0.00676,0.07327,0.00355,0.01678
0.01855,0.23514,0.00918,0.01346,0.02200,0.01703,0.00763,0.00854,0.01110,0.01815,0.01804,0.05032,0.24060,0.00789,0.16494,0.00953,0.00818,0.00335,0.12566,0.01071
0.01702,0.02531,0.39683,0.02025,0.01475,0.00550,0.00324,0.02150,0.01549,0.00640,0.42321,0.00930,0.00603,0.00092,0.00807,0.00740,0.00283,0.00971,0.00264,0.00360
0.05156,0.00901,0.00900,0.03276,0.00927,0.01167,0.01279,0.18033,0.22049,0.23027,0.00865,0.00979,0.00726,0.14108,0.00806,0.03235,0.00924,0.00955,0.00238,0.00449
0.21002,0.02334,0.01632,0.02257,0.19789,0.01278,0.02410,0.01483,0.11155,0.08864,0.01351,0.00434,0.01611,0.00588,0.06601,0.01326,0.00180,0.10657,0.04414,0.00633
0.04020,0.04312,0.03468,0.01042,0.02343,0.07485,0.01367,0.00850,0.01131,0.02832,0.01512,0.27120,0.04801,0.01056,0.30584,0.02247,0.02369,0.00625,0.00501,0.00335
0.02118,0.01954,0.10121,0.04322,0.03866,0.01046,0.11533,0.02453,0.27667,0.25388,0.00718,0.00892,0.00563,0.01305,0.01263,0.01328,0.01328,0.01356,0.00300,0.00480
0.01320,0.11193,0.01152,0.02789,0.10049,0.05584,0.02298,0.08781,0.12253,0.14479,0.01531,0.05671,0.11068,0.02007,0.03229,0.02272,0.00932,0.00514,0.00516,0.02361
0.01565,0.02704,0.02439,0.01678,0.16595,0.03643,0.08603,0.13773,0.06863,0.14337,0.00576,0.02573,0.03194,0.00823,0.01707,0.06280,0.00455,0.00727,0.04524,0.06941
0.02891,0.05951,0.01682,0.03758,0.15866,0.06208,0.02398,0.16165,0.07289,0.04859,0.10004,0.03920,0.02609,0.02177,0.00903,0.00990,0.01179,0.00890,0.01081,0.09182
0.00691,0.01420,0.11555,0.00740,0.22215,0.03137,0.10891,0.21936,0.05857,0.07303,0.03413,0.02725,0.02015,0.00542,0.01525,0.00490,0.02483,0.00267,0.00159,0.00634
0.01098,0.02821,0.19587,0.08228,0.09345,0.00974,0.19052,0.12910,0.01554,0.02183,0.02909,0.00396,0.02504,0.03225,0.00227,0.01387,0.00415,0.08307,0.00480,0.02395
0.01473,0.12787,0.00687,0.01105,0.01179,0.06283,0.00519,0.01528,0.08379,0.07594,0.01066,0.18101,0.12506,0.05565,0.05102,0.01031,0.13497,0.00638,0.00349,0.00611
0.03102,0.02471,0.03834,0.04194,0.09300,0.02023,0.02415,0.14886,0.17870,0.17802,0.00959,0.01131,0.02771,0.12241,0.00860,0.00590,0.02622,0.00477,0.00253,0.00200
0.04107,0.03855,0.27642,0.02872,0.03633,0.02106,0.02081,0.06278,0.04421,0.02970,0.28804,0.00306,0.01034,0.03641,0.00516,0.00992,0.00935,0.01310,0.01135,0.01362
0.06214,0.03473,0.00667,0.10418,0.02464,0.02157,0.01312,0.04416,0.28558,0.27804,0.01006,0.00983,0.00699,0.03614,0.00982,0.02083,0.00426,0.00421,0.00590,0.01714
0.01877,0.03729,0.04827,0.03015,0.06249,0.03903,0.17717,0.05618,0.14872,0.13742,0.00770,0.01824,0.01485,0.01448,0.00857,0.01244,0.01074,0.00743,0.13192,0.01814
0.01800,0.13257,0.18121,0.01611,0.05847,0.05180,0.01786,0.03290,0.01925,0.02179,0.21369,0.01411,0.16450,0.00688,0.00406,0.00685,0.01457,0.00733,0.00985,0.00818
0.02349,0.00566,0.01510,0.00983,0.03498,0.01775,0.01374,0.35401,0.02986,0.03396,0.01354,0.03266,0.00738,0.34091,0.02146,0.01426,0.01003,0.00439,0.00621,0.01079
0.01153,0.04427,0.07611,0.03226,0.31322,0.01223,0.07152,0.29406,0.01817,0.01609,0.00389,0.01544,0.01115,0.01182,0.00539,0.00610,0.00790,0.02364,0.00670,0.01851
0.04404,0.06713,0.02471,0.03220,0.14212,0.01460,0.01685,0.24154,0.02864,0.03140,0.00572,0.03435,0.01742,0.21443,0.01543,0.01276,0.02055,0.00945,0.00539,0.02127
0.03076,0.02876,0.07658,0.13071,0.06879,0.01204,0.09720,0.06586,0.08484,0.02637,0.04614,0.01763,0.03416,0.01014,0.03969,0.01389,0.01355,0.12728,0.00355,0.07206
0.19769,0.00786,0.01211,0.00987,0.23254,0.01937,0.00979,0.13514,0.01428,0.00629,0.01374,0.01910,0.00491,0.04364,0.12435,0.03908,0.00530,0.00196,0.09699,0.00600
0.25619,0.01243,0.03190,0.08181,0.10856,0.00381,0.03189,0.08267,0.02347,0.01287,0.01640,0.00504,0.00511,0.01151,0.00573,0.20207,0.00712,0.07799,0.01326,0.01017
0.01847,0.07753,0.01445,0.01903,0.02579,0.03197,0.02897,0.26652,0.07048,0.02371,0.01647,0.03723,0.06485,0.25109,0.01539,0.00795,0.00863,0.00474,0.00513,0.01160
0.03760,0.01592,0.02333,0.02383,0.01078,0.01551,0.00504,0.30535,0.07475,0.06998,0.03512,0.00595,0.01172,0.29588,0.00587,0.02290,0.01367,0.01708,0.00483,0.00490
0.29404,0.09905,0.01668,0.04072,0.03116,0.01038,0.01079,0.03917,0.01735,0.02048,0.02115,0.00777,0.03268,0.02020,0.00871,0.28570,0.00652,0.01210,0.00324,0.02211
0.01744,0.02440,0.01570,0.02181,0.10470,0.01125,0.02259,0.22707,0.13856,0.15410,0.01252,0.03634,0.00576,0.14252,0.01296,0.01662,0.00810,0.01124,0.00886,0.00746
0.02456,0.02474,0.01460,0.00965,0.29969,0.00630,0.04892,0.25293,0.03250,0.09286,0.01939,0.01812,0.02890,0.00651,0.02586,0.04853,0.00718,0.00831,0.01489,0.01556
0.03086,0.01590,0.01741,0.01180,0.33975,0.01513,0.01304,0.31567,0.01744,0.02686,0.01451,0.06212,0.01080,0.01534,0.04304,0.03162,0.00629,0.00401,0.00301,0.00540
0.01253,0.06872,0.01316,0.02383,0.23326,0.01426,0.01347,0.20317,0.02856,0.02808,0.02308,0.10871,0.05180,0.00462,0.00846,0.01717,0.08748,0.01915,0.00390,0.03659
0.03926,0.07994,0.14026,0.07824,0.01121,0.04225,0.16204,0.02265,0.12000,0.12278,0.00628,0.01357,0.06442,0.01180,0.02525,0.02687,0.01545,0.01004,0.00304,0.00464
0.01180,0.09175,0.16785,0.06827,0.07876,0.01916,0.16116,0.03283,0.07018,0.08818,0.01475,0.01437,0.08904,0.00371,0.01260,0.02424,0.01008,0.02925,0.00376,0.00830
0.14451,0.00944,0.05832,0.00460,0.11590,0.01052,0.00579,0.01082,0.08173,0.08496,0.05007,0.00792,0.01109,0.00955,0.18119,0.01355,0.00467,0.00219,0.18896,0.00423
0.01281,0.02651,0.35581,0.01798,0.05375,0.02173,0.34326,0.03806,0.01616,0.01068,0.00579,0.01890,0.02947,0.00436,0.01166,0.00452,0.01593,0.00749,0.00175,0.00338
0.04163,0.03775,0.01036,0.02221,0.34868,0.02139,0.01045,0.33018,0.02060,0.02047,0.01031,0.01873,0.03671,0.01122,0.00829,0.02029,0.01635,0.00424,0.00398,0.00615
0.03284,0.01436,0.16155,0.13856,0.04216,0.09486,0.15398,0.05062,0.06187,0.00875,0.01112,0.03770,0.01844,0.00703,0.01647,0.00361,0.01042,0.11747,0.00980,0.00840
0.28995,0.04561,0.01233,0.08092,0.02052,0.01904,0.05127,0.02490,0.05187,0.05009,0.00737,0.01970,0.01692,0.00707,0.00955,0.25667,0.01460,0.00371,0.00364,0.01427
0.04922,0.05072,0.01131,0.09575,0.14721,0.06150,0.02176,0.00979,0.10599,0.09536,0.02234,0.01152,0.05080,0.01935,0.00815,0.01110,0.20066,0.00648,0.00403,0.01694
0.27716,0.12276,0.00462,0.01691,0.02986,0.00480,0.02304,0.00756,0.03216,0.02440,0.00551,0.01951,0.06797,0.03007,0.01804,0.26269,0.01424,0.00286,0.03209,0.00376
0.00918,0.05480,0.04242,0.01598,0.10501,0.07443,0.02544,0.10467,0.04812,0.04639,0.01120,0.14952,0.10853,0.01566,0.05828,0.00475,0.10102,0.01293,0.00788,0.00380
0.00526,0.00769,0.00525,0.00831,0.22611,0.00991,0.00370,0.27592,0.01186,0.00871,0.15024,0.01840,0.01887,0.07330,0.00387,0.00366,0.00518,0.00353,0.00110,0.15913
0.01879,0.03445,0.01212,0.06138,0.11341,0.08936,0.02945,0.08584,0.11064,0.13175,0.01240,0.03987,0.03617,0.01022,0.12369,0.03091,0.00724,0.02683,0.00378,0.02171
0.33538,0.02574,0.01056,0.03059,0.07098,0.00805,0.00680,0.01755,0.06918,0.05044,0.00921,0.00560,0.01151,0.00343,0.00687,0.23007,0.00240,0.09857,0.00178,0.00530
0.02409,0.05353,0.14055,0.04299,0.02285,0.05572,0.02105,0.01186,0.16656,0.15329,0.13783,0.01069,0.07759,0.01522,0.00813,0.01902,0.00858,0.00656,0.01391,0.00999
0.20278,0.05957,0.02045,0.01866,0.18683,0.04209,0.01553,0.02889,0.12307,0.06841,0.02198,0.02657,0.08015,0.02148,0.01882,0.01474,0.01062,0.00414,0.01155,0.02367
0.01824,0.01243,0.02731,0.00996,0.01923,0.01794,0.01295,0.02869,0.09881,0.06786,0.03167,0.29439,0.02650,0.01181,0.02237,0.00661,0.25829,0.02632,0.00270,0.00592
0.00820,0.22470,0.03650,0.10550,0.06860,0.02790,0.02823,0.01993,0.02444,0.02183,0.02244,0.02406,0.22507,0.02082,0.01486,0.00964,0.01028,0.09331,0.00305,0.01062
0.05122,0.05546,0.08820,0.02782,0.06640,0.01526,0.02051,0.04296,0.20112,0.15694,0.08810,0.01642,0.01224,0.01348,0.00671,0.02017,0.01581,0.02327,0.00628,0.07162
0.00840,0.13186,0.04359,0.02308,0.01964,0.02288,0.00847,0.04856,0.11376,0.12453,0.02912,0.06454,0.01473,0.04880,0.01261,0.08498,0.01362,0.01520,0.01103,0.16061
0.02784,0.04663,0.16688,0.06415,0.10880,0.02271,0.04185,0.12075,0.03332,0.02896,0.17756,0.01665,0.03149,0.02282,0.02047,0.02354,0.01235,0.01057,0.00310,0.01955
0.34836,0.02236,0.00599,0.04048,0.01575,0.03319,0.00512,0.00629,0.01238,0.00531,0.00561,0.04414,0.00826,0.00912,0.05396,0.33303,0.04046,0.00368,0.00166,0.00484
0.06713,0.10869,0.02056,0.02235,0.15934,0.13920,0.01767,0.11288,0.02790,0.01832,0.01376,0.00590,0.18381,0.04388,0.00376,0.00790,0.01340,0.01991,0.00337,0.01026
0.01401,0.10216,0.01354,0.02525,0.03496,0.00745,0.01692,0.28392,0.03246,0.01107,0.01027,0.00489,0.11236,0.27086,0.01411,0.00569,0.00764,0.01183,0.01106,0.00955
0.02825,0.04130,0.13455,0.01237,0.04692,0.15746,0.01380,0.03358,0.04906,0.06185,0.10344,0.17764,0.02642,0.01981,0.01637,0.04139,0.00946,0.00787,0.00392,0.01453
0.03938,0.04687,0.04067,0.00910,0.05720,0.02182,0.02096,0.15001,0.14837,0.12926,0.03350,0.06184,0.01061,0.14097,0.02985,0.01012,0.02431,0.00497,0.00319,0.01701
0.01752,0.02115,0.05137,0.01240,0.02527,0.02831,0.05509,0.01571,0.26358,0.26686,0.00630,0.05768,0.05259,0.00777,0.01188,0.02174,0.05284,0.01272,0.00938,0.00983
0.29641,0.03014,0.00603,0.01438,0.08916,0.02082,0.00671,0.07574,0.04245,0.06070,0.00444,0.01212,0.00662,0.01312,0.00932,0.29176,0.00645,0.00673,0.00172,0.00519
0.00495,0.02722,0.02149,0.01085,0.01486,0.01485,0.00628,0.01240,0.23806,0.24403,0.01898,0.16230,0.01978,0.01401,0.04691,0.00954,0.12039,0.00632,0.00204,0.00472
0.02891,0.03125,0.24721,0.03128,0.09246,0.06545,0.02032,0.02680,0.02691,0.00967,0.21829,0.09136,0.01612,0.01749,0.02079,0.00714,0.01157,0.00919,0.00788,0.01993
0.07915,0.04457,0.02013,0.03882,0.20652,0.01958,0.01998,0.21629,0.07426,0.06360,0.04097,0.00634,0.03743,0.01978,0.01272,0.03974,0.00721,0.01420,0.00802,0.03067
0.00824,0.08564,0.02920,0.01880,0.17727,0.00889,0.01441,0.26376,0.02274,0.01997,0.02709,0.02634,0.06213,0.11339,0.04435,0.00479,0.01515,0.04002,0.01004,0.00775
0.02494,0.03658,0.00837,0.03055,0.02457,0.01860,0.01139,0.01214,0.35436,0.34918,0.01344,0.03273,0.01090,0.01426,0.01509,0.01481,0.00458,0.01077,0.00436,0.00841
0.00999,0.06715,0.01077,0.01968,0.02079,0.02225,0.25604,0.01782,0.03730,0.14499,0.01943,0.02332,0.00824,0.04056,0.01880,0.02746,0.00520,0.02825,0.20631,0.01566
0.01544,0.02153,0.01607,0.01987,0.01898,0.02364,0.02785,0.02194,0.02027,0.31271,0.03759,0.01800,0.03872,0.01147,0.02127,0.30815,0.04227,0.01020,0.00827,0.00576
0.08643,0.02014,0.16923,0.03639,0.07339,0.03565,0.01826,0.03443,0.12742,0.05685,0.18543,0.03922,0.02544,0.02101,0.01054,0.01445,0.01464,0.01066,0.00535,0.01505
0.02885,0.11477,0.02128,0.01867,0.01902,0.03535,0.03129,0.01694,0.08780,0.17228,0.02241,0.00974,0.05236,0.06138,0.02021,0.16449,0.00363,0.00670,0.00743,0.10539
0.05338,0.01046,0.00529,0.02188,0.06370,0.00872,0.01416,0.01358,0.25352,0.33121,0.02258,0.00872,0.00878,0.01023,0.00597,0.09879,0.04404,0.00258,0.00251,0.01990
0.22085,0.03781,0.00944,0.04559,0.00886,0.01737,0.02901,0.01096,0.12982,0.11710,0.00722,0.01826,0.02169,0.00880,0.01414,0.20714,0.00518,0.03287,0.00639,0.05152
0.01483,0.03345,0.04889,0.00931,0.09540,0.11457,0.03199,0.10113,0.07009,0.05400,0.01635,0.10615,0.14374,0.01114,0.01239,0.00452,0.09799,0.00855,0.00296,0.02255
0.03298,0.01329,0.25803,0.01303,0.12405,0.01978,0.00358,0.10453,0.03250,0.02472,0.27870,0.01314,0.00630,0.00796,0.01845,0.01158,0.00470,0.01242,0.00518,0.01507
0.00274,0.01294,0.17092,0.01753,0.01199,0.26887,0.06231,0.01058,0.01722,0.02560,0.02824,0.28739,0.01218,0.00526,0.00589,0.04482,0.00358,0.00623,0.00167,0.00402
0.01856,0.02464,0.02000,0.09557,0.04703,0.04533,0.00914,0.05182,0.15032,0.13551,0.01439,0.11700,0.02249,0.01728,0.00258,0.00710,0.12876,0.08093,0.00227,0.00928
0.02720,0.01688,0.01762,0.02721,0.18221,0.01440,0.03545,0.14595,0.19663,0.21570,0.01290,0.01131,0.00798,0.00396,0.01489,0.04794,0.00328,0.00711,0.00514,0.00624
0.04288,0.01841,0.00722,0.01118,0.02435,0.00883,0.01920,0.01211,0.02739,0.02567,0.00563,0.01089,0.01589,0.00571,0.37364,0.01312,0.01033,0.00708,0.35681,0.00365
0.01149,0.18209,0.00757,0.01106,0.07524,0.00766,0.01592,0.06079,0.02154,0.03371,0.02188,0.06618,0.05763,0.02525,0.02669,0.07943,0.04438,0.05301,0.00243,0.19606
0.06105,0.03493,0.04778,0.01208,0.20184,0.00948,0.08216,0.14278,0.01576,0.01295,0.02041,0.02707,0.07685,0.03839,0.05693,0.01186,0.00634,0.04949,0.05802,0.03382
0.21606,0.02088,0.01301,0.09521,0.10424,0.02159,0.01756,0.09012,0.18423,0.03360,0.03617,0.01176,0.00807,0.00411,0.01304,0.06009,0.00588,0.04549,0.00467,0.01422
0.02782,0.11570,0.00760,0.05488,0.02096,0.01273,0.01561,0.00947,0.29755,0.25851,0.00805,0.00969,0.09656,0.00637,0.00349,0.01351,0.00796,0.01331,0.00894,0.01129
0.01499,0.22027,0.21040,0.00489,0.01688,0.00969,0.19615,0.02342,0.01522,0.01500,0.00350,0.00838,0.21560,0.00831,0.00845,0.00756,0.00970,0.00418,0.00327,0.00415
0.01737,0.01631,0.00488,0.01897,0.01865,0.00979,0.01086,0.02803,0.01033,0.02787,0.00647,0.00997,0.00943,0.00822,0.38743,0.02772,0.00391,0.00904,0.37074,0.00402
0.02412,0.03648,0.04448,0.01711,0.01542,0.04214,0.01495,0.01291,0.02386,0.01305,0.03071,0.28743,0.06328,0.00767,0.12781,0.01674,0.19511,0.00560,0.01096,0.01019
0.27540,0.01922,0.02622,0.05251,0.03478,0.01334,0.02515,0.03180,0.07745,0.07271,0.01372,0.01524,0.00646,0.01174,0.01313,0.26102,0.01917,0.01251,0.01093,0.00751
0.00566,0.01060,0.31952,0.01145,0.06865,0.03646,0.01662,0.06732,0.01926,0.01846,0.32387,0.02788,0.01480,0.01039,0.00585,0.01666,0.00341,0.00955,0.00230,0.01128
0.00335,0.01303,0.02005,0.04238,0.06372,0.31153,0.01643,0.05032,0.03145,0.03103,0.02153,0.02944,0.27963,0.00767,0.00793,0.01189,0.03566,0.01055,0.00546,0.00695
0.01544,0.07404,0.02009,0.02995,0.02533,0.15759,0.02095,0.00853,0.08172,0.07269,0.02508,0.11744,0.15998,0.03403,0.02701,0.00585,0.09554,0.01213,0.00642,0.01018
0.01568,0.01108,0.32631,0.01120,0.10294,0.00599,0.30902,0.07022,0.02677,0.02231,0.05142,0.00287,0.01273,0.00295,0.00562,0.00507,0.00929,0.00230,0.00079,0.00545
0.02444,0.04398,0.00310,0.01434,0.11474,0.01216,0.02088,0.23647,0.01563,0.04266,0.06614,0.02880,0.01008,0.13866,0.04800,0.05384,0.01551,0.01033,0.02007,0.08017
0.03715,0.11130,0.01556,0.01596,0.10534,0.00306,0.00981,0.18758,0.11722,0.12043,0.01454,0.00937,0.07650,0.12048,0.00605,0.02092,0.00258,0.01843,0.00292,0.00480
0.35259,0.03055,0.00741,0.01547,0.04345,0.02285,0.01228,0.02385,0.01805,0.01722,0.00871,0.02751,0.01012,0.00566,0.01691,0.33575,0.03695,0.00562,0.00644,0.00261
0.09798,0.03707,0.00326,0.02328,0.02521,0.00941,0.05414,0.01612,0.05693,0.01250,0.01238,0.01656,0.02502,0.00902,0.11400,0.00403,0.00236,0.25326,0.22279,0.00467
0.06221,0.03404,0.01836,0.02401,0.02761,0.06219,0.02666,0.03529,0.25685,0.23248,0.01200,0.04509,0.04241,0.03286,0.01032,0.04136,0.02022,0.00552,0.00296,0.00755
0.01127,0.01428,0.02139,0.00872,0.03890,0.03281,0.02166,0.06610,0.16686,0.17230,0.03331,0.14010,0.01894,0.02938,0.02779,0.02223,0.10624,0.02557,0.02193,0.02023
0.19067,0.01976,0.01051,0.02392,0.13911,0.02195,0.01967,0.05359,0.19573,0.12208,0.01514,0.00936,0.01944,0.01450,0.01734,0.00747,0.00772,0.08625,0.02030,0.00548
0.16590,0.20786,0.00495,0.01167,0.10994,0.03165,0.00679,0.00916,0.11988,0.04076,0.01123,0.01040,0.20095,0.00818,0.01654,0.01899,0.00701,0.00245,0.00887,0.00681
