{"estimation": {"a": 17.448587972153582, "rho": [0.10961935377162482, 0.14298822895900273, 0.3632804110411672, 0.3841120062282052], "Mu": [[-1.9576826995440981, 1.1436052775436862, -1.4292778319503938, 1.5024506772746817, -1.0598671949811456, -0.32351285757031606, -4.546663020944502, 0.8906995859988587, 1.5755415433758975, 0.7605590167354973, 4.831278911161945, -3.2202697860719294, 0.9970545009740992, 0.252538734905713, 2.249038377583328, -0.4542262311779789, 1.1543450458092295, 1.597813871952233, 0.9810535187928903, 2.3213251156502124, 0.41391875907006087, -0.7910174515144432, -4.366071964287223, -0.5555358846354402, 1.001677217576497, 1.999314957302422, -0.005761177664766476, -2.0644674340212927, 5.671529092714306, -2.900261520604465, -3.0908302528025966, 0.15900723624277088, -0.11919579104253163, -1.0381322336275085, -1.8490489561349583, 0.6866724564995613, 1.1770918276339923, -0.29200170583541946, -0.303815307204588, -0.22673196243519886, -3.137701527070187, -0.9490244843601613, 2.0895876339411377, 1.1244383449786408, 0.8048703894763494, -3.7905580738611557, 0.46767409042960356, 0.691579778173663, 0.8517250714104043, 2.0842817552395845, 0.5791135421183835, -2.710353693405003, 3.501334420008363, -0.945590672343741, 0.8755342892700254, 0.03896081011043764, 1.180027786031298, -0.8457344614190145, -0.9849298910334913, 1.532887993142454, -2.5068646593618107, -0.3503142430950706, -0.8691134981587435, -2.407153897111267, -0.026493770510914935, 2.5167187002372375, 0.5233235846735683, -2.758587505237989, -2.975237527681604, 1.8796155235020635, -0.09276366162444186, -2.7209302392544448, 1.6312873043642648, -0.4364456388402977, 4.074937134263063, -0.3444306202671757, 0.19351457918886614, -2.93298743194753, -0.20327543012996005, 1.8172991423909597, 0.7921999064314327, -5.375786701475688, 1.6157163083711, -2.781016767671109, 1.9653654098873428, -1.203670620922712, 0.6613564602470284, 0.026206939548859373, 4.439103658992452, 0.639260986115048, -0.370607943666847, 4.9291220301089504, -1.989803171603191, -3.0549435366595703, -3.8318213500552463, -1.7957763251922918, -0.6964918255602609, -2.8134300323028, -0.7907800873176773, -1.7369109853925482], [-2.342858961086845, 1.8214371284642354, -1.4210218072563323, 1.6735201095072822, -0.7122244840833111, -0.5461442212299354, -5.105236349219427, 1.3991790886758235, 2.2427458390884047, 0.6805633683361548, 6.588408159638318, -3.154246771412111, 1.2574897414085573, 0.6335735083420617, 2.4826956458082226, -0.7396806533007206, 0.4262494110377708, 1.224656653276551, 1.4849993252410887, 2.363624281905836, 0.5559186917427983, -0.7920995541062109, -4.229976196068709, -1.0548127937998801, 1.2777730563525251, 3.2585481789690216, 0.2749557904289688, -1.7593338345932157, 6.734232275404688, -3.185576486809685, -4.115311961978522, -0.01583970555868432, -0.07867228787394846, -0.8579664607575215, -1.8974380774238393, 1.17032630809131, 1.3210848884666022, -0.2136416292656551, -0.015341817853662985, -0.5081681488400458, -3.6015370409248626, -1.5368982464835905, 2.360330087854142, 1.2700384990147016, 0.7820121179636649, -4.712706373422825, 0.6294928063098281, 1.3812525115968888, 1.2794071123274244, 2.3313394310694053, 0.05775947281146307, -3.104844582933307, 3.9411628623974613, -1.1151639502100452, 1.1248441757914958, 0.06989157420420365, 1.5668297919041179, 0.2458781654091855, -1.6799900760140172, 1.582234894908796, -2.0872264428932827, -0.744708667584759, -0.36622936804688433, -2.89137319222702, 0.23471661490687726, 2.5474104287554225, 1.4810875016722787, -1.9704814962142987, -3.6822585701246053, 3.165778551976121, -0.5266156850894531, -3.5778146919495404, 1.9067911228986953, -1.2518396147711146, 4.03904093408025, -0.9446961491985111, 0.09141830416102291, -3.3485122872478073, -0.06487201505776463, 2.1893057623918817, 0.6940473715276705, -6.100158576096963, 1.9188750651931616, -2.7209478699802396, 2.564867881653497, -0.50592598261225, 1.2345579374708886, -0.15416882261993492, 4.915449577129212, 0.4106003713152433, 0.2063764998017126, 6.1772517297108696, -2.40069987073653, -3.3504586677247032, -4.164400256291514, -2.3005261687361958, -1.053225223683375, -3.40327144447848, -1.5135641526657722, -2.2221655129858737], [-2.0633461898695913, 2.1970742981220206, -1.3006822733504706, -0.5175178280454688, 1.3306773044260642, -0.3742337708949777, 0.05796739085414755, 2.4560236450031376, 0.16116944795955374, 0.6114317911647299, -0.44980045603231517, -0.11556468692702129, -1.208936963277514, -0.3117430653285569, -0.90807219758976, -1.4514758164297201, 0.6515518252212767, -0.6807532876598754, 0.16141104814549873, -1.815255598449931, -1.5246583523075692, 1.4025591208718777, -1.8317473539968328, 1.4157028857673268, 1.2716968829496218, -1.5004794403417763, -0.257174688437708, 3.4843501649601043, -0.4366362162331389, -1.9822614038523039, -0.8179219096850427, 0.0010278403514196706, -0.09166905302202287, -0.9750728410552904, -0.34273458665145273, 2.755593308784827, 4.6102265982342265, -0.3164318574962327, -4.052938800028071, 0.743704531246951, 0.7421670862187298, -1.9042620155020262, -2.0670969857266264, 0.621114295657785, -2.142610941490344, 1.7382366833588914, 1.0510159807636767, 1.233834139230761, -1.5195536401994783, 3.918570496718178, 1.6421824419981677, -4.438364253884292, 0.9066207015698279, -4.852225607344646, -2.165272191784511, -1.3023857071009224, 0.7992675816500963, 0.16871545768915566, 2.476319550702144, -3.828432232551727, -3.3630882829930777, -1.7907595507352134, -0.20021309673424975, 0.3431382109783444, -1.6804626108873857, 0.26095243022881304, 0.3164696008955178, 1.9972415688840413, 1.4808551827310987, -4.038817315048805, -1.3413500293858045, -0.07363818620375517, -2.440722576573502, -3.1139019112357054, -1.8010667373071803, -1.2073112662679444, 1.6784715446399185, 2.088205819880333, 0.5140436095330689, 1.06917745967279, -0.5578839728793442, 0.5940186324466679, 2.836946541504145, 0.04854873238823562, 3.436724522608581, 0.7346293668322653, -1.6646563982020777, -2.53203561771669, 3.5812232621054094, -1.1923518668911706, 5.781294941525793, -2.583199270595361, 0.06706629756861951, -0.3283792621127895, -0.7668635672197435, -0.7941032121507703, -2.226387749251789, -4.053175193496355, 1.250667723153327, -2.274647663449191], [-2.3431684039296754, 2.9350888053396256, -1.793179103046772, -0.5552255133908904, 1.7646377168273555, -0.5477569935809482, -0.9901344241784542, 2.6535916235571055, 0.5499287378553464, 0.6659216541852073, -0.6387936191575809, 0.24960850185287708, -1.3772670162559297, -0.4357997269000622, -0.8766832482785802, -2.1075611370603378, 0.1499386751301911, -0.37752824299540566, 0.010983310706946917, -1.76901740033567, -1.6165774071794312, 0.643141789343694, -2.2466013561265066, 1.5316917569698494, 1.3347601718874502, -1.6013398295113996, -0.6649092100363295, 4.504301848048807, -0.5862777944256374, -2.5964055758847975, -0.671799667703469, -0.17252508045838116, 0.3512034880958325, 1.5824948302287956, -0.49611736394264794, 2.8421209849525817, 4.68488759621319, -0.18681070238207004, -3.990420120662415, 0.9812024680382714, 0.7777332616954795, -1.694673595638258, -2.202155443413359, 0.5694113283806094, -2.391461353831579, 1.4719957121099387, 0.8246097562886908, 1.1485390635422588, -1.3663127068320347, 4.411558565405541, 1.712275795114066, -5.143969388077752, 0.8977614377576157, -5.000024519158568, -2.0319352646817834, -1.4765465279448131, 0.7501030166275191, 0.10251629746617247, 2.7659458173405493, -5.1933688974141985, -3.9968564161543596, -2.451364053746659, -0.7905251750090836, -1.2700262925071144, -2.0157420176879803, 0.5376690343795519, 0.054170364579714456, 1.4266786570447356, 1.0118172469969293, -4.634637396702464, -1.9971557912440474, 0.3543582492715407, -2.495037627666739, -3.819247607736324, -2.026206746359817, -1.3433996670529784, 2.398497531953885, 2.444898549520992, 0.06961374934513723, 1.694013222369292, -0.6079734402957524, 0.5038512378574657, 2.870230336615148, 0.11024242625043454, 3.786437907394476, 0.9218765089731069, -2.314432785738759, -2.533130775625565, 3.169172169238737, -0.7835216236613559, 6.144552246566811, -2.9024615746126163, 0.3025086046547843, -0.44159531717862993, -0.8632638253386596, -1.1666268329506644, -3.1235361865295346, -4.655274811685593, 0.9401731726325843, -2.79682577084499], [-2.937015429362058, -3.475172704924173, 1.9080130194416642, 3.6401711011220526, 3.3752220418733345, -1.5442611468630174, -2.8053424593558365, -2.180795038530019, 2.132410263389826, 2.893248220422077, 0.629269359660326, -1.3031593692395642, 3.009175835785077, 4.4638658914880365, -3.3202939371721936, -1.3151624537698499, -3.145114983192058, 0.315757188243504, 0.9033848582669036, 5.172650717603675, 2.9434228449523028, -1.2747578560700616, -1.5707940642956668, 0.06690482711178104, 2.8030584608519304, -4.2744306778423224, -0.7469967934629915, 0.3397580262384593, 2.8272481414065815, -0.7593688257957164, -1.0726505996422318, -0.23422641669582306, -1.3209913027985654, -1.414555697092804, -1.5399604734559655, -4.537257165256661, -1.5227158676763524, -5.5808864047009275, 1.3093020960444628, -0.7759857249130352, 0.31102413163488335, -2.3096329248747063, 1.6047004460637952, 0.8003162097156267, -2.568426184309217, 1.5883934074525583, 2.0360230457199546, -0.7698918468088719, -1.2423583155347464, 0.5137513093946897, -1.4002866864152679, -5.965153715694002, 2.2090565932013306, -4.332472475492674, -0.2730251584232228, 2.508097899984058, 1.7294482554539057, -5.246453065459581, 4.356740595452451, -2.5722926167527516, -0.7923921015193987, -2.1744349023847844, -2.5846293516037155, 1.8110116444241664, -2.3732494646345828, -0.7131590928863125, 1.030699158761086, 2.246501736134001, -1.2521630630077276, -0.6069123280960619, -3.0646917265772764, 0.9782864157845431, -0.7718335424235445, 0.14275142634587104, 2.6471545751966423, 1.300031794922953, 2.553056882624524, 2.5406806336908825, 2.0015762749768897, -2.7419649262645565, -0.6131394408852409, -7.0082483106645705, -0.2862346376472671, 0.31660932660151164, -2.5740203618914346, 0.18506068609687898, 0.10445752009616234, -2.7240076798527983, 4.1435010265121, 1.7639563201585355, 1.2605980502305671, 0.5181815172004908, 0.4454913083658045, -0.4889962859579671, -0.9529915388021882, 0.9427964929936411, -1.0044833778262094, 0.13450342181340091, 3.447668085983258, -3.4849922301789618], [2.639326244782027, 0.2336335757802159, -1.6361411406404625, 6.733906066777738, -1.337899266084678, -2.6233507236452835, 4.253963839210793, 2.840713442419823, -2.1336041157971333, 0.30650835815659383, 1.1370457113301273, -3.645886576641494, 4.201677128864273, 1.4294366168744372, -3.361182722676267, 0.4336170187173666, -2.263459871169719, 1.1447378613736412, 2.6334923104614965, -0.7349378766469759, 5.601636870558222, 1.1427735254483868, -1.4661865334019548, 0.615246354774075, 3.1961772185914814, -2.3832599134899666, 2.0714042153693786, 2.514384812406066, 1.707816598725017, 1.3444241095058203, 0.8187576423289245, -0.9221570039192282, 0.9853142094033663, 4.067385110534348, -3.597621710864244, 4.3614485877260005, -0.8373448196424857, -2.280314621000778, 0.6143841084747708, 4.518881095509117, -0.2008432355715545, 2.0611324029611837, -4.5190693507895165, 3.765047549418528, 0.45574703217409523, 4.114530767339694, 1.5961319244249719, -2.118661248969101, 1.2968367504233251, -1.3553830133431715, 3.194055716211897, 10.574348589965595, 1.7242561840618185, 3.3952770091375286, 0.6818144090107535, -0.3093618474604234, 3.31057297591725, 0.4853877937644772, -1.92233680600113, -0.40076408820610415, 3.553040658961335, 2.5781317688304246, 1.192079306260638, 4.7739552217252355, 1.2460867673099256, -3.374131415195738, -4.881058716394243, 4.471957815464287, 0.2209175615471439, 2.824321738450004, 2.2144286879631925, 3.336509522019935, -0.6346341050497397, 1.108578375940893, 0.8562485543878561, -1.177483323721988, -7.5513706922676125, -1.9196327597091158, -3.462093959153277, 6.5909689204225685, 3.1723340283041197, 0.9066571035142461, -0.6538049036086678, 5.45571397730166, -3.4491794329344825, -0.7740619032428508, 0.3324807338047762, -1.1060118842541509, -7.35799017314652, 0.6706363997747751, -0.515292007493748, -1.6423794049036846, -2.9557848138208436, 0.11297547322671621, -3.258069203984732, 0.33584145252405034, -0.22380326333302736, -0.5412941826204464, 5.801363573400175, -4.181234737096771], [1.4099294447524866, -2.15641218731, -0.28334155167570446, 0.2086393304445134, -2.045052766348198, 1.8145329703051651, 0.9354319042228055, 2.5942603098235475, -4.289426002440554, -4.109853346258017, 0.3850048014092737, -1.0501645812522555, -1.0657909138853732, -5.110844140090775, -2.417952004009838, -3.8040327340717512, 1.6809555337341637, 1.8129356492803042, -3.5166474900986286, 1.39626982303026, -2.6476691955167424, 6.172953059558072, 2.9657441365333805, 1.1954846462492084, -3.5594744202880237, -0.8086956731689949, 6.184600473119006, -4.267754338181127, -5.061865419462888, 3.5209098921968534, 3.2108259380645747, -0.15647982639924182, 6.062503785223956, 0.39903093217542773, 2.7866082490039497, -1.7259047165246038, 1.9257321872595952, 1.0547228265311852, -4.320100723445078, -3.664701497755917, -2.4231320488522847, 4.257646355382295, 1.3086767360751228, 0.7946982071910149, 1.3569732177949585, -0.0734083247274952, -1.1404380418964861, -2.9480329379091272, -3.3732970773661135, 2.5233703292960574, 0.9810061798301744, 1.3336953536498333, -2.259026160261445, -2.116118972815112, 0.6218201283422473, -2.9246006492635486, -1.7458263482266896, -3.664749961296963, 1.0404652222677497, 4.733103388205309, -1.4410339690039176, 0.4727217001421505, -4.209548337521764, 0.42356241485229607, 0.4084024162693696, 0.7062533751187325, -2.4468511499236993, 0.5431168702597314, 2.5070638897185575, -0.22721041747441267, 0.5427442399166404, -1.2235528396915611, -1.3937656054065242, -1.894279922280652, -4.645099415963001, 3.6286895329072943, -0.565391741453393, 0.984649507924011, -1.6764274633814045, -1.0400314795017362, -0.803610413311644, -2.236177592361653, 3.8521012657634994, -0.4185050902069419, -2.3552949795474607, -0.4042029789842941, -0.0563429013144093, -2.095261213755903, -2.8073986045056225, 0.691046754212307, -5.176577734773004, -0.392984964712477, 0.8321041502539515, -0.8235605301443812, 4.352862677322541, -0.18471698640102055, -1.3104390180943657, -2.4185247024570886, 1.9718296212675033, 3.295474948770473], [1.5992953005250716, -1.9774963409718187, -0.05383798599088894, 0.1483486783227302, -2.0921175265562466, 1.8290925603345933, 0.9589458789927988, 3.047375082358527, -4.266646805675723, -4.288472500023919, 0.1867750212764912, -1.1070013756004171, -1.072935732332688, -5.342735835273023, -1.60634041924215, -3.246433481790944, 1.632561579533813, 1.6025196366574648, -3.7036731228891386, 1.4272295077603052, -2.426104621024655, 6.117154027996006, 2.935992868774049, 1.1906747667142163, -4.04903866122438, -0.6287076908013529, 6.05063563772709, -4.242938285430341, -5.230118358129184, 3.249410661318947, 3.0276496245607447, 0.16414682650011403, 6.098120340449418, 0.2008427889072333, 2.7503069484101323, -1.4074843472974836, 2.201112661861752, 0.900506491096891, -4.096219639593467, -3.626512558746314, -2.3155091410216175, 4.2358295996375, 1.3121228553140625, 0.8146880517139072, 1.281897526452604, -0.17905383144656667, -1.1581527369456277, -2.831721221435574, -3.23068003159384, 2.518226165196342, 1.23051456805027, 1.537502864609328, -2.4127647064588675, -2.200783315153596, 0.5847119252038511, -2.657737730726594, -1.7648894652550247, -3.7248657870477193, 0.9216389750826347, 4.627831854782443, -1.4048395717032431, 0.6137848244569719, -3.631048187046642, 0.7561789489095493, 0.5521726425354389, 0.5347765022272198, -2.535571521796484, 0.440930917848605, 2.372575176690742, -0.16348814919160143, 0.7198571343624317, -1.3806052381274956, -1.3535255590055228, -2.067737055357355, -4.628271142612229, 3.65231710161143, -0.716320069016777, 0.8939701326437857, -2.0072856950416726, -0.915212086284518, -0.8461544519779705, -2.0879359078666533, 3.5765691030240583, -0.46412322112876586, -2.149339149091759, -0.36344449169445137, 0.055817602026589835, -2.600986757144636, -3.09446120798145, 0.6603885932759391, -5.18520231374186, -0.46059475626652013, 0.7865027789464305, -0.9228538400366594, 4.483627027696345, -0.013378935192141159, -1.172319273056038, -2.391557759752832, 1.9163360583440179, 3.342189871384095]], "Lambda": [[0.6996810301744749, 0.2892840854581046, 0.5187974926589772, 0.6379661084728211, 0.42749405422150955, 0.8085229117097242, 0.6524359868873643, 0.5741232784822883, 0.5968712036734647, 0.4765539088919467, 0.35017140941346453, 0.38550550021328556, 0.6054383026388859, 0.7288139644777238, 0.46581653342260815, 0.7808917868749152, 0.5380550712652277, 0.4659785493808212, 0.27874593781181806, 0.5251603182718543, 0.33506566622815304, 0.5457235952484724, 0.5180058679715882, 0.47456115482801686, 0.5970265720367588, 0.7364248864048336, 0.37277356572449133, 0.3642115460169334, 0.37138239201220213, 0.5402162003795179, 0.4768139087531652, 0.5865937272901303, 0.6309119088084324, 0.4106522772776733, 0.3761654823255751, 0.3698859853152834, 0.8279575738419066, 0.5851261853945688, 0.41293903948830274, 0.7958714084510916, 0.4530973604779895, 0.4232104066110109, 0.6193549489061406, 0.7722637417816662, 0.49459416047862703, 0.398281841297983, 0.6753267223574514, 0.5774811590905262, 0.6967014745514764, 0.40890710092373145, 0.39225603084263005, 0.7981643350002556, 0.5509650007297552, 0.31563096688055187, 0.5156633363864751, 0.6337646968110505, 0.43222739199145727, 0.48444969694477613, 0.4095343220702841, 0.43014621268902237, 0.42256363503666444, 0.5920354813476467, 0.5456589229869734, 0.5035906016519678, 0.3914996608569492, 0.7759791142033109, 0.33958752305729856, 0.8070454530788231, 0.3947275526674894, 0.3926260551713182, 0.5709373445278451, 0.37935268555893475, 0.4508418413225154, 0.29050975160082887, 0.7627593473760071, 0.4028883225318671, 0.533277260674779, 0.5869568849463882, 0.5920072799520267, 0.5322905739717139, 0.7490620536525746, 0.43816770666221067, 0.39082603736414684, 0.307463672893846, 0.3431904633642237, 0.46728254304434, 0.3336936192528891, 0.6122310407061662, 0.46652164342491054, 0.34881707680703433, 0.5494019138913117, 0.4055806737699495, 0.3638539397863814, 0.319475776453735, 1.1332590987239983, 0.47622698088964505, 0.38050686556117846, 0.49544228831917875, 0.5306299242646475, 0.5221420684250074], [0.7725436684447055, 0.22249789009483345, 0.5588186001213379, 0.639816053864178, 0.39262334258093196, 0.971014057566372, 0.6812964582888228, 0.6244535743789539, 0.6096507606588664, 0.4731166327085729, 0.3001410110429283, 0.342763043775702, 0.605491937592786, 0.78763925815414, 0.454718062973904, 0.8819130089622763, 0.4266981386537133, 0.5118665408315234, 0.25083562877114607, 0.5887185646831959, 0.31119926839960566, 0.5582963372073151, 0.5585612063209818, 0.48023325919129567, 0.6090225658933016, 0.7281624937749406, 0.38240668562301766, 0.3618861841255148, 0.3560656695216282, 0.5467883551823213, 0.4444409305459332, 0.5681900260974764, 0.667064670425967, 0.3995072061739013, 0.36003894775961703, 0.2864746372139601, 0.9159566888214513, 0.5171143548460858, 0.3894577024044346, 0.951613194887224, 0.41382531387506183, 0.410754733569826, 0.6335621184555666, 0.856924236744356, 0.46150615685610646, 0.3622268354933042, 0.7685357896059951, 0.589254814175341, 0.7120771531674291, 0.43955917856823573, 0.3316874866418096, 0.8530592872989915, 0.5373939674998875, 0.2671869495246585, 0.4834730572078503, 0.6833260497757074, 0.41681558417244596, 0.42439778387203353, 0.4118718040522959, 0.38008056507981336, 0.4318157072828591, 0.5279787924835655, 0.46038391976006987, 0.49261320104614914, 0.3336427429111136, 0.9481376731139218, 0.30435155432207533, 0.7627831358242958, 0.35643460159815094, 0.3165415163612761, 0.5671894297180315, 0.3390352333815486, 0.4252514830732545, 0.23445819768506743, 0.8821244887982372, 0.3701422678244782, 0.5095933202751274, 0.6486846214119786, 0.609783935320829, 0.542811588035848, 0.8541367422258324, 0.47382737610629316, 0.3518398276539766, 0.2775985109288136, 0.32371964443528545, 0.5012918600572099, 0.3109684881845923, 0.7487199356840127, 0.4806986168827183, 0.3408893572617889, 0.5269286694026396, 0.37784914902084893, 0.3330081733525555, 0.2636884112258421, 1.4010712010389914, 0.48087226826008744, 0.34512079620403163, 0.4991018082053315, 0.45800272241961615, 0.5304861436473045], [0.4508874553554991, 0.29049989148477257, 0.44580684766908074, 0.575978922607696, 0.3880887091293862, 0.47846358470786954, 0.5953440787791457, 0.5486340865951487, 0.35001102772123965, 0.45947897382675457, 0.5359397726803136, 0.915597001601744, 0.8486800856799969, 0.4350367748508702, 0.4708593973229805, 0.4832727425231188, 0.45135322248306675, 0.5932855041836385, 0.3225543547220535, 0.6165575844565124, 0.41598230463837976, 0.528540216980791, 0.39573266919424716, 0.3997522345587248, 0.24908933715181072, 0.6283506220116436, 0.4607946868596302, 0.8227375632907736, 0.6159567855468677, 0.3355286912751196, 0.7992607665754782, 0.6482185143280861, 0.5105534512345535, 0.5510392292160943, 0.5453583431281059, 0.6364761677946826, 0.36405168071655436, 0.4878061320339158, 0.3319097971652434, 0.6736813223021189, 0.4835059429711285, 0.5819714657946914, 0.5544930357803589, 0.2839826879255746, 0.6071701294824137, 0.44656860604009396, 0.3744239806105338, 0.7608570851325018, 0.2804995888291025, 0.5619157344151784, 0.5003688675541033, 0.3766724681432803, 0.538999527210156, 0.5078693280547637, 0.3768271573662281, 0.4054785487873078, 0.4478921225697469, 0.5878858856219144, 0.6778644814846817, 0.42196722911956747, 0.3574758942543574, 0.6852631844244688, 0.7941125720259515, 0.4089833248013832, 0.7633713106520613, 0.4608860671690295, 0.5174619831248649, 0.29444672372944564, 0.39944193368120956, 0.3569255895417024, 0.638187829810488, 0.383188992938674, 0.334972270572771, 0.3661306704959104, 0.47236906047530325, 0.4928752786928875, 0.32177747459136685, 0.4321893429674989, 0.4830793203332447, 0.47233270079575335, 0.47533969369141044, 0.4621081474883928, 0.4989821114807506, 0.36163871968576755, 0.593914553541505, 0.4093631077740465, 0.6176486769771924, 0.38364739386887114, 0.34055901584054193, 0.3769761279037664, 0.5871209270970021, 0.49613478990989696, 0.5918188474744442, 0.6010930437525689, 0.35660454655753493, 0.45386622009460437, 0.3539802131143592, 0.46444630058216946, 0.3870689377964787, 0.5715146799558328], [0.4248375391153854, 0.2600761013674216, 0.4145849901107158, 0.5818684493503706, 0.3679043878912326, 0.4426407150564541, 0.6037095419707712, 0.498297540162181, 0.3066307375214615, 0.4034472999985692, 0.4876729164264699, 0.9310599157656972, 0.7344377728291102, 0.43035354205161463, 0.45531633320947257, 0.4427095117581564, 0.40401321332054974, 0.5636035819838877, 0.2832949445231078, 0.6200798629955597, 0.3802957022867643, 0.4606586295210774, 0.37100077736689707, 0.3491622970295406, 0.2326135778782729, 0.6728170651504667, 0.4285347272736272, 0.7868486253008931, 0.5863682331615262, 0.30825717524825585, 0.8010430545484201, 0.6578194867749982, 0.5010294351842449, 0.55452935420865, 0.528088281766949, 0.6309890930072538, 0.34421842752286114, 0.445479431363099, 0.3414178148665169, 0.623336650962055, 0.47830734404517733, 0.572993086078006, 0.5383121745072363, 0.26649153838764983, 0.6438654120948784, 0.44810659010812665, 0.3220588205748023, 0.8597306693048079, 0.25458520116448546, 0.5154074419183327, 0.4700436876435928, 0.3623359695674582, 0.5255288463285377, 0.5367935557370195, 0.3689137646401752, 0.3586621214181785, 0.45486543630789417, 0.5800937456490509, 0.7173184958512717, 0.4003642267537214, 0.3358023817447765, 0.6453596731711693, 0.8763472395902965, 0.37921232766744944, 0.811152202716638, 0.41327678598341405, 0.5190556805764326, 0.24577101894228953, 0.3847177721125241, 0.3468885519615725, 0.6359574532466687, 0.34674290782549905, 0.31404748690484546, 0.36384268347776, 0.4618286957919925, 0.45243987830851384, 0.2756808658246638, 0.43758969586995855, 0.49579207294294025, 0.4018496614478673, 0.4623073096345578, 0.4543404016716526, 0.42464250521075925, 0.3441655686669664, 0.5973356420567549, 0.37048281680344375, 0.5904403233295853, 0.3509927409958966, 0.3256313418930454, 0.3492543322625008, 0.5912785750041172, 0.43869287338766216, 0.6349116036634646, 0.5357453606170557, 0.331732063854272, 0.4506103479894214, 0.34517022853796153, 0.4095803221379833, 0.3949853880881039, 0.5985067111665926], [0.655316638353436, 0.4395357692838799, 0.3763027807278534, 0.46400055844901605, 0.6064794744410036, 0.483759386737453, 0.3376878799707139, 0.6765378997380057, 0.5479463584046004, 0.2854645601166917, 0.6869626625920995, 0.6914122569941312, 0.33009852551645047, 0.8584090338657169, 0.5807928210470241, 0.28564251883362624, 0.8341020625447957, 0.2812607951229663, 0.5713079464142308, 0.36869602429042936, 0.4970828197256108, 0.807742535451654, 0.37441604891882735, 0.6863565689487512, 0.49479046225077095, 0.4811711689170349, 0.40404846471900363, 0.3260346009462496, 0.4859873654390981, 0.7260193288973508, 0.393644142071205, 0.35734183784148654, 0.372793640985864, 0.4122165127075943, 0.4837990882914858, 0.5687754479833772, 0.9103204223261617, 0.4884827400007854, 0.274541607308309, 0.2458846006601516, 0.4534763301960844, 0.6801971895181687, 0.6779810357000284, 0.5233779259602488, 0.3817244421683877, 0.6088037591929479, 0.46398402433844593, 0.43156100418268095, 0.4550337348839862, 0.4680929450317981, 0.4628098890189522, 0.39645650047082015, 0.5773615102640456, 0.7257634411933128, 0.41429955820194847, 0.3355130233618372, 0.5886657704579499, 0.3219523495179376, 0.445179024144851, 0.2642038227493974, 0.4378108783518995, 0.45698157992531757, 0.1535957197726899, 0.5440038284605698, 0.517924435219091, 0.6407292193707113, 0.5445606786515317, 0.4477670880457732, 0.7341962459848415, 0.6772916185837887, 0.5774910658249576, 0.6114815990914533, 0.7310201169769381, 0.7253438812281754, 0.408571667598314, 0.7696059106907801, 0.43199696133497945, 0.44743276722143904, 0.4053499485649443, 0.315874528259239, 0.28172343680735473, 0.2857584318320723, 0.32796237572674675, 0.245191629148433, 0.43834617112616564, 0.4144704193077063, 0.3954529851234055, 0.48968089026093276, 0.40732940346403357, 0.5114563167077949, 0.6101655506200874, 0.4900538462801368, 0.5318287341591189, 0.8943994799330378, 0.5387520631599398, 0.7177417754076147, 0.2340247367542054, 0.5589735780449563, 0.44509923325179745, 0.3487236687265264], [0.5436872335622595, 0.8185145631468739, 0.4595957332631615, 0.4097045061376112, 0.5046984776563955, 0.5840780407783253, 0.5568046476296505, 0.1746271134491544, 0.4401909650659461, 0.19482321342409115, 0.6243877571933149, 0.8765936088839191, 0.5424913726728203, 0.2873477577156644, 0.24215641354218223, 0.19479614135243395, 0.8754884606634707, 0.26341059964888, 0.7107405126041427, 0.689614456552794, 0.6011869159632358, 0.4327099082281664, 0.4153019075470377, 0.5681255945175047, 0.5483462120022636, 0.4072399040823067, 0.26856240481765037, 0.5446736988178904, 0.55354201417159, 0.786668389823649, 0.389599462363467, 0.3207552804760141, 0.2873635115560863, 0.34087880983935015, 0.5333367074688983, 0.4450127456152249, 0.9611745141632635, 0.3703041399054862, 0.8078533084298007, 0.5560329835001417, 0.6606159065855576, 0.534732364265323, 0.4331299290941557, 0.5243593354562376, 0.28046577477758017, 0.7186443255775622, 0.43599042040492386, 0.42772050622370755, 1.0263648194757777, 0.6672523362457097, 0.5257801251140566, 0.15803431250489525, 0.8014347859598995, 0.39637549669869876, 0.4736362303770495, 0.3747706330587167, 0.8376845146129651, 0.28437716785715167, 0.2878425964198119, 0.34465186355447536, 0.6424269800955724, 0.41674597854110756, 0.18350781506462904, 0.5727973689924444, 0.44895661228322875, 0.5469259997463476, 0.8657533296265879, 0.6116647821010848, 0.44156970978128446, 0.6522183115333534, 0.3835115804104845, 0.5941138980187157, 0.7311741036799828, 0.7560130494777602, 0.6658480073363584, 0.5904434423759601, 0.3605035620713728, 0.4965166888314772, 0.38193488751024873, 0.24820821948756552, 0.22226135377944597, 0.360275158176505, 0.21089721384933274, 0.2863981817203363, 0.568097553295483, 0.44917724978643075, 0.4367925347581786, 0.32142920472424635, 0.36349395782481525, 0.5283142509897535, 0.3233059204413992, 0.3435074383282613, 0.4139083539456739, 0.7813115224372921, 0.5203188303277484, 0.4032544446515337, 0.495713577803941, 0.6012726354849237, 0.589318124090403, 0.6572741268841455], [0.5536787701909941, 0.31177070269792884, 0.4279710411197134, 1.0503667953208733, 0.692669324073507, 1.076496461920562, 0.3434245055760821, 0.15898289118046724, 0.633493562752344, 0.2573495417690423, 0.7110548187221235, 0.37870703887620516, 0.5184409253566812, 0.4130292742118558, 0.5206243906012841, 0.6510773473337335, 0.6834026544140324, 0.3460388721694096, 0.21542437193300118, 0.48174965521187124, 0.35510160123540646, 0.3684865453076133, 0.33009226577275125, 0.7573005914925363, 0.21292375717712916, 0.8385884907108224, 0.22959572210785995, 0.24986025563275674, 0.18471433412280996, 0.5831240188474273, 0.5238121639513463, 0.9944505848236821, 0.301204459001823, 0.5904056359208234, 0.4631611597822337, 0.25718714716483493, 0.24921911848923967, 0.42697146321412915, 0.09758578966495779, 0.4071769850533843, 0.7576283296065133, 0.6290129338052531, 0.3789647620050232, 0.621338423012171, 0.597917369975056, 0.7765786996050716, 0.462095979027723, 0.5438584149870508, 0.48162365663139534, 0.5444776900178838, 0.34300451239618746, 0.22017002885788592, 0.7080497597726806, 0.34821495953437714, 0.38173648844766267, 0.4059144347905383, 0.975985419084659, 0.31015409754492707, 0.6357420290533105, 0.1907065546568536, 0.4063720335413663, 0.5777219299496273, 0.2785589992319017, 0.3990057230006143, 1.1090187611167288, 0.4497928997219773, 0.4006018493173405, 0.1915230261361675, 0.4756207079873024, 0.6290691990457529, 0.782930350770316, 0.31233645272672067, 0.4597951118335897, 0.24396416352493902, 0.4108530484916238, 0.26809568131249173, 0.47026817231228074, 1.094722632986471, 0.27173464198651276, 0.3479815350208991, 0.4952346884681183, 0.44493364702784466, 0.3338837372296616, 0.3021911083472854, 0.1696342842637083, 0.7544637979032595, 0.4741158931340453, 0.14946950464875003, 0.3018884255889358, 0.45147630079256784, 0.5004567137404075, 0.30961865805606187, 0.6210489673052483, 0.20206748685471115, 0.5175189531531458, 0.29692146799994634, 0.33654991547674756, 0.6204963903972417, 0.45327137139879714, 0.5658526040482031], [0.558030399775761, 0.329361843493245, 0.42697050673438575, 1.06407992660367, 0.7111633387420324, 1.0297175895982973, 0.3789875598229375, 0.15509979581960787, 0.6261160893891482, 0.2551972799036008, 0.7326471802270834, 0.3661705946065011, 0.5210586372874884, 0.4117066131455904, 0.5187775897942866, 0.6277583361135675, 0.647391434957676, 0.3316148279717589, 0.20923555275386232, 0.48329644167666114, 0.3521178470855314, 0.37902493933708725, 0.3399903828462782, 0.7235053434288524, 0.20598324923263212, 0.828294190397718, 0.23519552967098695, 0.2424775353245967, 0.18733320442390256, 0.5714181510138262, 0.5384239137296296, 0.9868629926106163, 0.29731318019331765, 0.6021373355040605, 0.4493071351856467, 0.2645734386101914, 0.258536707460268, 0.4115854070541758, 0.08693726221717081, 0.3887107507258384, 0.7346073455095079, 0.6145176154866162, 0.3780381476844059, 0.5843336197044388, 0.5875154505670969, 0.8039427827088953, 0.4604360002603243, 0.5392372474840731, 0.4853932748181854, 0.5487605293219457, 0.3411086518367763, 0.2091231510186029, 0.6855568026228678, 0.3358114449969878, 0.39527322904658196, 0.40094372102690123, 0.992462254024585, 0.2958817432089765, 0.6756624987048208, 0.19056693516896386, 0.4157502389371179, 0.5779921039761757, 0.29842025102469943, 0.39921593596002114, 1.1517373943785614, 0.4480297479398267, 0.4004917023312605, 0.18001653237865478, 0.47197457447154706, 0.6231677033419466, 0.8114777989955644, 0.3187183687447272, 0.43992673240665514, 0.22475002851852977, 0.39303224158861666, 0.2743972869445178, 0.48509527232555755, 1.1034098231546456, 0.2655683094244344, 0.336018746254726, 0.5013667118736471, 0.4567596413080979, 0.2913525688737155, 0.3094243709659499, 0.17495629795469808, 0.7705195532927764, 0.4666649216780216, 0.13883554753598637, 0.30045428996930834, 0.4383155725572492, 0.49949782412305604, 0.3032717789154518, 0.5951485566946235, 0.19607465635625623, 0.4939272785085408, 0.28464890245790425, 0.3402587434127158, 0.6466152771238087, 0.43146967241352296, 0.5703175160754175]], "G": [[0.15252973037695333, 0.18706746868053295, 0.3195409324958315, 0.34086186844668215], [0.12673283595049456, 0.16166244519040304, 0.3459916591929668, 0.3656130596661351], [0.10280184741374292, 0.10855339218907531, 0.3805933756810239, 0.4080513847161576], [0.11444520306462748, 0.101111200080538, 0.38226287639422846, 0.40218072046060654], [0.16445029783283924, 0.2140130976309518, 0.30311290033509464, 0.3184237042011134], [0.0923745122623076, 0.10885501581256707, 0.3900529970664091, 0.4087174748587159], [0.09344644402352847, 0.10162057798532798, 0.39233103992629426, 0.41260193806484946], [0.028986600699795213, 0.05010845727269752, 0.4466233319678094, 0.47428161005969804], [0.13136591456498456, 0.17212507190968765, 0.33910583470831374, 0.35740317881701433], [0.10567306938695507, 0.1304116976078291, 0.3713376898059927, 0.392577543199223], [0.05746666635810526, 0.09357910363011654, 0.41006401436514384, 0.43889021564663455], [0.11359064605358817, 0.14531857502655496, 0.3607233007815999, 0.3803674781382564], [0.10162628199943004, 0.12910499745752957, 0.37191222912783195, 0.39735649141520774], [0.1255879201200318, 0.1660193939148885, 0.34494217560857177, 0.36345051035650744], [0.062181847700516664, 0.22725062428003645, 0.34209528165806785, 0.3684722463613789], [0.10310608166932957, 0.1259278598194984, 0.3726496706061348, 0.39831638790503787], [0.05177992739474293, 0.0726244085593046, 0.4219125898295543, 0.453683074216398], [0.09334197657375753, 0.11501406192096157, 0.3861233500257769, 0.40552061147950347], [0.1174073585004436, 0.08382356685689014, 0.3878776432719243, 0.410891431370742], [0.13404562200612613, 0.08518831470190823, 0.3802472006296334, 0.4005188626623324], [0.06342480568962885, 0.15879751004344456, 0.3771609870274916, 0.4006166972394356], [0.08983344758251302, 0.11816969092903037, 0.38168931441568316, 0.4103075470727731], [0.07659632142715177, 0.12370759255335514, 0.3888614369745342, 0.41083464904495925], [0.14067489972233774, 0.19742251619293713, 0.32343269415632253, 0.3384698899284024], [0.04541183347297879, 0.1099107894502159, 0.4097766960716398, 0.43490068100516643], [0.07357689300393508, 0.08907147851967977, 0.4083094538362082, 0.4290421746401757], [0.07184249826003368, 0.09279695687353093, 0.40798989347190945, 0.42737065139452635], [0.04308522094856039, 0.21411779318325122, 0.3602472792679544, 0.3825497066002331], [0.06055977726895437, 0.06578219853710482, 0.42672716098207786, 0.4469308632118633], [0.056664836474319226, 0.06779403198835184, 0.4230140076127553, 0.45252712392457356], [0.06278008143520719, 0.08714435485363649, 0.412818013813157, 0.4372575498980009], [0.21283212583167307, 0.1507425620482971, 0.31517772864308785, 0.321247583476942], [0.10100224955637623, 0.15186113963658376, 0.3635996679394565, 0.3835369428675841], [0.18798319945071193, 0.15213711357887458, 0.32362594729467214, 0.3362537396757413], [0.11619715250909193, 0.17015502656996154, 0.34588943333012456, 0.3677583875908218], [0.07224167999799419, 0.15012553817637858, 0.37486539185902534, 0.40276738996660205], [0.08982426527148274, 0.10778422350845968, 0.38851344154051237, 0.41387806967954427], [0.13669198740456845, 0.16835556078283018, 0.3375751201140667, 0.35737733169853464], [0.11648837021665069, 0.15543535484839976, 0.35427407834613067, 0.3738021965888192], [0.08514369588497966, 0.10899017062867125, 0.3919397827238734, 0.41392635076247575], [0.10074012738105112, 0.061507466211145605, 0.41316434287551373, 0.4245880635322893], [0.1606592082064011, 0.1827785952696411, 0.3174194641963168, 0.3391427323276404], [0.08048308843823766, 0.10059502172781214, 0.39589720984337223, 0.4230246799905781], [0.13500190917226879, 0.16806143977927096, 0.337132174124822, 0.3598044769236387], [0.10324937245037248, 0.13472549170301512, 0.3695024695457306, 0.392522666300882], [0.1553257419724855, 0.193059116880135, 0.31723799888575266, 0.33437714226162735], [0.19523461680968432, 0.12855286048200312, 0.328884940388282, 0.34732758232003047], [0.0619790897605688, 0.08208557216253855, 0.4138817342916163, 0.44205360378527664], [0.06689997363634603, 0.09076248207207345, 0.41025379708229653, 0.4320837472092832], [0.10248452218600396, 0.2277439713896575, 0.3214965192186189, 0.34827498720572037], [0.06731106885361168, 0.06444887021833315, 0.4246245678308003, 0.443615493097255], [0.11560370594545359, 0.14785841634065733, 0.3579134022734252, 0.3786244754404637], [0.10869378956521246, 0.14021409524526554, 0.3647131792184528, 0.3863789359710689], [0.11989117146473192, 0.15975419967949445, 0.34954553406977373, 0.3708090947859997], [0.08247783597987408, 0.1127492888846355, 0.39101227154967083, 0.4137606035858199], [0.04332146296911806, 0.24557908544685006, 0.345346787753554, 0.365752663830478], [0.10732103545052536, 0.12551392386360433, 0.3727779237466278, 0.39438711693924283], [0.13069477461485215, 0.16306965645171673, 0.3410844423443867, 0.36515112658904486], [0.08436984005691682, 0.12349757748825663, 0.383265066701792, 0.4088675157530342], [0.18054956243079398, 0.2189879763656416, 0.291857942981431, 0.30860451822213336], [0.07707478175800256, 0.10879313382345947, 0.3926691194862936, 0.4214629649322443], [0.03633470131623449, 0.04264914702015362, 0.4484859088389686, 0.47253024282464234], [0.16799886576181006, 0.26443746766674836, 0.2734999716399802, 0.2940636949314621], [0.16582327282257933, 0.19914179840587837, 0.3070340552945802, 0.32800087347696255], [0.0679751374289249, 0.08867442661020786, 0.4087256921374826, 0.43462474382338306], [0.1567226714707186, 0.19421528614316186, 0.316054568076218, 0.33300747430990174], [0.05844556721268929, 0.07177954659112791, 0.42166746903920366, 0.44810741715697927], [0.14915177523012718, 0.19066387758395023, 0.3218871986733861, 0.33829714851253634], [0.19097577221322926, 0.23181797350446315, 0.27886225209174104, 0.29834400219056684], [0.06352066067989935, 0.08574829792079701, 0.41160793151431396, 0.43912310988498915], [0.09960241757623647, 0.12502121537592129, 0.3754776959426938, 0.3998986711051483], [0.15891269788639606, 0.1597909422102398, 0.32981063269379735, 0.3514857272095672], [0.14927280125266543, 0.17325726640898242, 0.3267605708703022, 0.3507093614680493], [0.09721003482310221, 0.12090690834040647, 0.38080427051422183, 0.40107878632226934], [0.0595049442511746, 0.07200933103314226, 0.42069374748541777, 0.4477919772302655], [0.11416783517639384, 0.14522236859518317, 0.3590473909188434, 0.3815624053095794], [0.09280093808631004, 0.1048336349144273, 0.38915795007468185, 0.4132074769245807], [0.042778210915697425, 0.12163597916614925, 0.4060382592305218, 0.4295475506876315], [0.1168017303376329, 0.15195684855817707, 0.353151036734004, 0.3780903843701852], [0.09015634705551358, 0.12200661219841236, 0.38568311414582557, 0.4021539266002483], [0.07993734776130154, 0.08916192137549493, 0.4026360165508098, 0.4282647143123937], [0.05494768043928911, 0.06838989881463611, 0.42375679681573575, 0.45290562393033856], [0.1414935873629265, 0.19557183310645704, 0.32015484502105246, 0.34277973450956417], [0.10823029085884811, 0.12349630030764568, 0.3742204234351954, 0.3940529853983108], [0.14571532000579357, 0.1813283760261728, 0.32472356063417823, 0.348232743333855], [0.15832083494946028, 0.1859023792346322, 0.3182219227522879, 0.33755486306361904], [0.16461652135951954, 0.18203020581287013, 0.31566632377391773, 0.33768694905369223], [0.048465206496566555, 0.07414264712272907, 0.42639804937946746, 0.4509940970012377], [0.09699126605818645, 0.1287527163564218, 0.37658012818399