{"estimation": {"a": 7.793941586862276, "rho": [0.2129074512266738, 0.16517202724472677, 0.3896893822972224, 0.23223113923137806], "Mu": [[4.742025041531372, 2.386745783846179, 0.8867793247743618, -1.5742570292168863, 0.8544075136345081, -0.864560153306942, -1.0263802057391995, -1.2838252835241917, -3.9824544496340764, 0.3925793779237525, -6.3707204144661, -0.2139021913923899, 0.6549231984590587, 1.6905304683953652, -2.032866516342088, -0.5130826861568617, -2.9910810182489405, 2.5649321493747412, 5.014947880369028, 2.0976985447779315], [2.606076503059035, 1.6801695179152043, 0.5270657814932879, -0.3132923932663245, -0.052082400552807946, -2.369989457691156, -0.29159603173551857, -0.9736262344107212, -1.8960853602726322, 0.5812450336666183, -4.168802619627449, 0.6846089520859238, 0.2702323121103257, 1.5226011113279818, -1.0986115017021099, -0.5083949837877983, -1.5313605140673314, 1.3710713911656567, 3.155991124470157, 2.0015210691211403], [-0.2548454691430556, -0.6288400419037165, 3.8476813344343266, 2.448291266686062, -2.1095606002946425, 4.002403776328279, 3.6373480683601684, -0.17257184023299854, 1.3661274677486999, 3.291471301898203, -1.644166320281118, -3.429946682420791, 1.6285856011343653, -0.3580616343974057, -1.206924536424226, -0.2560613337519371, -0.0408805271641824, -0.8909925644132519, 0.7794793030993973, 2.945837095301852], [-0.3444740176789574, -0.5642496798500761, 3.7916111573235334, 2.6578146534994103, -1.8530591896557738, 3.7425119897061854, 2.514783851157719, 0.148256146109598, 1.8087953146792268, 2.8272294241373324, -0.9339448810880413, -3.1232680590104276, 1.1834110395584294, -0.23495773835951506, -1.3381952739557585, -0.2544811224363689, 0.29698461628702866, -1.5236728155078738, 0.7499303275700617, 2.835079340955442], [-1.9765643178538455, 3.2910324061811487, -1.3892993643837335, -1.464824407931426, -1.8657555899201212, -0.5739275023516778, -2.234983215357271, 3.116271443984955, -0.7151734407595491, 2.700000621629793, -4.4740662475299535, -5.7176493078893715, 1.510517861315717, 1.7449788150774443, -3.019009514058777, 0.24660773178722686, 0.26149456552526135, -1.865785227871256, -1.014329967758699, -3.229908920054058], [-1.2648366086131528, 2.2985915818831884, -0.915126400870437, -1.0105477440586126, -1.2508928755867346, -0.5756998150299856, -2.070110689509223, 3.124961960762655, -0.7504089372683282, 2.941689802660999, -4.0426249266995695, -4.37841454411787, 1.1804777771399817, 2.6815773634056086, -2.8489625129856586, 0.25347449423436746, 0.14723434110198622, -2.3410983104330607, -1.3536826623005243, -3.0929008789838592], [-2.996970339191486, 2.896016777156454, -0.5061565651681249, -2.8531708201106833, 3.444043700681125, -1.247762190849956, 2.279019476951683, 3.57349877104028, -2.4667871533973758, -3.0986468379751617, 0.4973639862959199, -1.0174197509406628, -3.142390346981277, -1.0655783983127771, -0.12105005667555915, -3.5872168815336996, 0.6127822038426955, -4.182214662216997, 5.370861330877381, 0.5262799655101307], [0.04606705764719814, 2.0391157459557325, 0.48955025872037977, -3.9542270441024105, 1.484956701082672, -1.6721338345727612, 0.07988671347996315, 3.4309760838934595, -1.4528064218306085, 0.17275326720584328, 0.8187742099370582, 0.013556927760323885, -0.4749277697001406, 2.045481115959958, -1.1745610139844962, 0.6213818314934706, 2.108871101680704, -2.301123113631771, 1.6233567011262682, 2.9991432151310304], [0.14633265370373444, 5.995610982138636, -2.7357832010342444, -2.6042395074384648, 3.499997671824311, -5.968411504544995, 5.3117203382335925, 1.6487368349456464, -5.265921655653091, -1.3182830926968767, -3.511446713686777, -2.9223261167762278, -2.183413567867436, 2.656307026960098, -0.48427122117366467, 3.1366794843719057, 2.120443549792003, 0.6774072914773688, -0.4927965128143976, -0.4229549933972517], [1.2561200045828884, -1.0326625166341052, 1.9480858836807957, 0.3540399804287321, 1.0941501708729184, -6.9138325722104215, 4.5507252572046495, -1.6870976499319452, 0.5555350933661445, -1.380439385760582, 2.4555813055470086, 1.4244840173960125, -9.195478619407476, -6.322503083665502, 2.845101993998178, -3.0217589738218744, 0.16609262931230856, -5.975293547653701, 2.025896426258124, -2.229896107625908], [-1.8653525130555588, 2.175670157475067, -5.369011462522496, -3.188380227741544, 2.822517987484411, -0.34513766402645807, -3.0352241536465434, -0.9830443348033725, 2.5743603595434577, -0.8209216235328135, -2.291309564146728, 0.5254893069363622, 1.0944197265505238, 2.5995077043943495, -0.7836863563115746, -7.595623574841983, -3.8083687706379745, 2.3110860120827215, -3.0821525792822966, -2.255575679441002], [-1.11319613782839, -1.1180995283071495, -1.617586083403824, -2.76288046253364, 1.8121573987757795, -2.8193390369936426, 0.9337245626888896, 2.684156491934854, -0.7264177574735919, -1.7577024446396918, -1.5931724669198184, 1.0808970335394563, 1.3037952504823838, 5.386901034100871, 2.376681563100019, -3.8677690848538266, -1.3639253542652308, 3.2416522832895978, 1.3065940573718944, -0.8915499016259324], [-0.5726868298813044, -2.052614007769824, 0.5070535351446499, -2.059941629656281, -2.124755235722502, 0.5613067527699401, 1.5155908501841586, -3.4458329278193087, 3.5658989866326345, -1.1228663504412761, 1.4832589654311426, 1.070678281153555, 0.9647159623397469, -0.018623730126792144, 1.8785887160172778, -2.5881300173924293, -0.2796830328288683, -0.5434953781334395, -0.08669497535208838, 4.282528153248002], [0.8234460091239154, -3.749712337659454, -3.583059277548417, 2.5808636955739948, 9.567797102991328, 0.6132789424357526, 0.012675315557964417, -4.029778379114447, 1.6171610322372694, 1.7949705598839845, 0.1231438017635427, 5.041136344125245, -0.2685130677396526, 0.12526733164438647, -3.8952611890167006, -0.25893012146554656, -2.443513068916927, 3.514118558161911, -0.6344272069161753, -1.258909443166157]], "Lambda": [[0.49465435442516503, 0.6452090773584908, 0.46709679706246043, 0.439888698363976, 0.4777435744279349, 0.37548187660221577, 0.7410512873932077, 0.7056274434548865, 0.36956466665011695, 0.34588423078394454, 0.22266620794894718, 0.3535724626353648, 1.0577302782636093, 0.43788696652442755, 0.9865956355124748, 0.2643953459081418, 0.32739744633453527, 0.4310506341205875, 0.48063772063903004, 0.3496526373686309], [0.5013027931500064, 0.5690843580511944, 0.41776575668088595, 0.3970197997658207, 0.4795118403499647, 0.4267993215490987, 0.7225496935261968, 0.6657460714239993, 0.41250430272131133, 0.3727967459581237, 0.2700520466254005, 0.40144154241075997, 0.852266271831236, 0.45815670161161054, 0.7804561384881665, 0.32367019528791746, 0.33163253212279276, 0.4686720922936679, 0.4566446577415105, 0.41572031151339917], [0.30720004476641866, 0.5381457668368754, 0.49709601911545115, 0.34939475217505755, 0.6683906320450368, 0.6518492799992307, 0.34329356543648726, 0.8609103437343337, 0.3541271605907168, 0.23532451983816352, 0.3865870214930398, 0.3221352238483677, 0.518524736899861, 0.818659390675777, 0.41225620056133877, 0.7203622813791783, 0.35656995983106854, 0.42713252059330625, 0.4017971492908476, 0.4536946325174495], [0.3298274073745347, 0.5226076815120622, 0.4942224328550292, 0.35335749807162997, 0.6354489132820447, 0.6174503860886353, 0.40283606480690376, 0.7933381574262848, 0.39676630191004714, 0.2713280659491821, 0.4143532049048551, 0.33869612639315483, 0.5545937861052724, 0.7848576647034649, 0.44120626287790143, 0.7117886943163262, 0.42995068785837753, 0.42893256668246416, 0.4561999189494614, 0.44798889230531025], [0.6701690538671393, 0.24314246305233483, 0.5456903161012735, 0.2277859177306274, 0.5002313165997803, 0.3571655223176028, 0.4593054308032668, 0.683580349915782, 0.3852360476489157, 0.3343399691472886, 0.6206574234918815, 0.3241681724628978, 0.3990565818239426, 0.3223711600063241, 0.3651017179541556, 0.39615220301047976, 0.8835597012914449, 0.44952734356611734, 0.5345140451794075, 0.4397250998122381], [0.6791999578806756, 0.27340768411418737, 0.5242570342936175, 0.292886453810621, 0.5147794280163175, 0.3780565288479716, 0.45586476950529936, 0.6209100361150355, 0.4352364766299778, 0.3742190507964849, 0.5615406400169475, 0.35722302438875353, 0.4022579463635021, 0.346499006057051, 0.434495637009424, 0.42129056033382994, 0.8094032826660958, 0.4728309472053919, 0.5656840516379562, 0.43744645326240716], [0.31349646462509356, 0.48414246690120644, 0.4093694702165705, 0.37020530484798564, 0.8996763833241787, 0.6333720900264002, 0.519327128628067, 0.46858664199388833, 0.3865753171935323, 0.2980642654713681, 1.2999083517818617, 0.6482430105139483, 0.6463007454730386, 0.38554405369664874, 0.24887301426453529, 0.562133994370485, 0.3263643569214351, 0.6752746235056243, 0.28218887748354365, 0.23088983303659513], [0.3613803182118873, 0.42962794257708026, 0.4488540111724011, 0.41091352587393193, 0.6594758900190483, 0.7741151299720553, 0.630738249347713, 0.4504527940836603, 0.3427990244184908, 0.2996793140377406, 0.8425182706535078, 0.6372505215337727, 0.5612297745228612, 0.4357336595945701, 0.34645317573927065, 0.460880358624818, 0.4359526911823129, 0.456095876890691, 0.34833140662877576, 0.29963287279389733], [0.6120131839857972, 0.3391534703570022, 0.5818949638800576, 0.3338054871679597, 0.3362330500129281, 0.28780952439818097, 0.07262572574177753, 0.5559361184272141, 0.3405930399414938, 0.34863632830349833, 0.15103253611089276, 0.4304711018629113, 0.3197263358192596, 0.2830897276221923, 0.5940971991627255, 0.49366415404107006, 0.6454166958321623, 0.18202654927349837, 0.4132962974375374, 1.0268554177059255], [0.47576255314992416, 0.1971678553709612, 0.5156633937127035, 0.655686836702295, 0.3753112031751041, 0.37337106986158375, 0.2139357536349455, 0.2353828230013499, 0.48709813328020585, 0.31098409374681396, 0.781160455749796, 0.305328737477178, 0.39714611682952766, 0.29091686735765593, 0.6123442715074869, 0.5798361329983867, 0.5061269259530269, 0.47937874270688025, 0.3558457453864892, 0.47908787457627233], [0.532965235406934, 0.42419061411049747, 0.29392480532289583, 0.7547262968317622, 0.5494280247973008, 0.5019292523293633, 0.33545704393949594, 0.4490919041427646, 0.3201773360991054, 0.5561471908505865, 0.5762892229542618, 0.7121252508596118, 0.8125233672439648, 0.2860898007641988, 0.5658187833995004, 0.2715311019260273, 0.5974013511125407, 0.301263642414952, 0.5368577864815393, 1.1044215849492534], [0.6405890709875116, 0.4800213474552353, 0.4104933575712432, 0.6658999881452878, 0.4894178169301319, 0.4292225590464343, 0.3991275885381652, 0.5337360887893321, 0.4453535037358859, 0.4631394974590629, 0.7632171645527973, 0.4517059776770353, 0.7779472832447785, 0.3755485030158878, 0.3806980756616458, 0.3167149973042575, 0.5839578964376366, 0.2957857738218113, 0.7033750299728345, 0.8273741394726033], [0.4116334396887371, 0.50606713563777, 0.18272418315300373, 0.3791124350472907, 0.47368220443993136, 0.282920985353405, 0.29364844762498615, 0.1298354711624785, 0.14548355649519984, 0.3257662147946502, 0.36265822796457026, 0.44224424073153706, 0.21538099967878993, 0.3848485762510628, 0.34047484856519855, 0.15256491575657075, 0.29113470462135926, 0.28376288234273805, 0.5888217540959875, 0.11819499808127455], [0.2332407855568587, 0.6774481887350046, 0.3804832208772771, 0.537525775288333, 0.2645133528562221, 0.672953814229726, 0.13042584237995963, 0.5581964341345984, 0.41074874085393853, 0.24986223589473902, 0.25209892308126797, 0.29605633865827163, 0.27902437933792607, 0.18664314613865543, 0.3799739266527332, 0.39594064538475576, 0.20893191438573483, 0.22585279803973426, 0.6520184154568921, 0.5006321489104323]], "G": [[0.3403814947777186, 0.08638191043897701, 0.4254304910669957, 0.14780610371630842], [0.1298223020562936, 0.11020546753225405, 0.5391748222788358, 0.22079740813261686], [0.1820650346307701, 0.15120485298504252, 0.3525701626597436, 0.31415994972444333], [0.2263072718912983, 0.12476762348723712, 0.4390946908115632, 0.2098304138099013], [0.14999043026996348, 0.11171431491180735, 0.5499393565562163, 0.188355898262013], [0.11982526932325176, 0.09623321189869649, 0.39690128637146876, 0.3870402324065829], [0.19323582808313797, 0.15213884253201954, 0.41226095963397974, 0.24236436975086326], [0.3149214635341277, 0.1620955204524544, 0.28040769253474235, 0.24257532347867553], [0.1445379711074339, 0.11233740582435492, 0.33440338485699034, 0.4087212382112203], [0.1361245378861861, 0.10128583763504727, 0.5251440497062757, 0.23744557477248981], [0.18196554828526026, 0.10014904210554038, 0.46084402076889697, 0.2570413888403026], [0.3507370331988949, 0.220541382000561, 0.24537899717211717, 0.18334258762842637], [0.12105604516106219, 0.11864658026199452, 0.43577697829601036, 0.32452039628093343], [0.16303399436952773, 0.10093760668154857, 0.5241614162894863, 0.2118669826594364], [0.14406791902141367, 0.108146585447664, 0.5278700669426264, 0.21991542858829596], [0.16982249527066506, 0.13689144227787467, 0.36023578401555484, 0.33305027843590645], [0.23862386522411666, 0.19845935983045107, 0.23636056743113645, 0.32655620751429587], [0.2014700000603511, 0.18028056296964645, 0.3079891322091975, 0.3102603047608056], [0.10422021987523515, 0.10888325618438631, 0.5858281710443459, 0.20106835289603292], [0.25571241543742673, 0.18975343111262719, 0.28873624064601083, 0.26579791280393616], [0.0956795423587428, 0.06632823651041958, 0.6361584861576312, 0.2018337349732066], [0.13031903416753424, 0.10550513762499489, 0.2909462400337385, 0.4732295881737331], [0.3122982313326634, 0.1870479625906334, 0.3254513305224104, 0.17520247555429266], [0.14114189433100685, 0.12792456410528527, 0.3869816992383923, 0.3439518423253144], [0.18594111595465246, 0.11974276696732257, 0.5156998032447535, 0.17861631383327167], [0.09521268896320044, 0.206496187968561, 0.5213831493151029, 0.17690797375313624], [0.1466591654873363, 0.10412849797885565, 0.5064306289973574, 0.24278170753645073], [0.24727144680908655, 0.11350539801562871, 0.4844432773879773, 0.15477987778730676], [0.1895641819371268, 0.12905185093664656, 0.43299102732963657, 0.24839293979659047], [0.21573495080630123, 0.1709848485910078, 0.48156796820870773, 0.13171223239398389], [0.25083186002970775, 0.1829939868024014, 0.4261522480758046, 0.1400219050920862], [0.17082435980475044, 0.11020365793585728, 0.5157832212787773, 0.20318876098061422], [0.14032341425115866, 0.10618975187676122, 0.40832295686092585, 0.34516387701115464], [0.20048150694129158, 0.11982478261415554, 0.46882333893313466, 0.2108703715114182], [0.1265063702759884, 0.10177709738734872, 0.4299177261110069, 0.341798806225656], [0.23577536036421773, 0.06101357079011984, 0.45137900799121594, 0.2518320608544463], [0.19495014442646447, 0.16345302564751182, 0.3958634959624461, 0.24573333396357702], [0.1861133132869011, 0.046229263950726004, 0.5082237979728218, 0.25943362478955073], [0.16505048946316225, 0.0864774150626741, 0.36869714547182986, 0.37977495000233336], [0.1286091255911777, 0.09892091471126936, 0.660588100911497, 0.1118818587860561], [0.13560719602106466, 0.12251929442291552, 0.2916310565367734, 0.45024245301924654], [0.2371728299924399, 0.16666101996267013, 0.374892042427882, 0.2212741076170091], [0.17454713990002, 0.15018886202954462, 0.5237180532111659, 0.15154594485926978], [0.3165838155385584, 0.2607623727302558, 0.3056960562003914, 0.11695775553079454], [0.3075477905784815, 0.15488428914621555, 0.3131710930766084, 0.224396827198694], [0.2296438427290104, 0.16908488912674516, 0.45711928867225887, 0.14415197947198502], [0.2058176921313708, 0.10938613157326588, 0.24010645996238994, 0.44468971633297355], [0.3054719668392329, 0.2369938944884373, 0.3495942087195519, 0.10793992995277829], [0.28134428668658246, 0.20693518660583546, 0.32375850765592223, 0.18796201905165974], [0.26858225996825413, 0.14548859675584372, 0.3736796059394377, 0.2122495373364645], [0.2403136435497691, 0.11408757976081181, 0.3546414534722472, 0.29095732321717255], [0.17979582885859766, 0.12715195759453324, 0.2271514759231329, 0.46590073762373607], [0.17490796502120576, 0.15964283955111552, 0.39351287605922936, 0.2719363193684491], [0.21476794252874903, 0.1285789575563828, 0.25532079188765855, 0.40133230802720954], [0.22705343871524805, 0.16875862884928527, 0.32013873841888146, 0.28404919401658524], [0.07881089750697268, 0.1029241637858631, 0.6190659660273663, 0.19919897267979791], [0.20907875892999636, 0.16714499174307446, 0.47405299574056664, 0.1497232535863624], [0.16717475447701605, 0.14331115273445755, 0.5382950143264555, 0.1512190784620706], [0.16366877305428928, 0.1856857512510577, 0.4018989021182441, 0.24874657357640861], [0.15148244133146224, 0.10336998547965827, 0.3932346241258041, 0.3519129490630747], [0.275262427727342, 0.31815008555447893, 0.2317912419085075, 0.1747962448096717], [0.22386935546244535, 0.15670664877740834, 0.43002174581405767, 0.189402249946089], [0.19886279768828238, 0.11989795638607162, 0.41547981291611163, 0.26575943300953436], [0.08733279685643458, 0.20743210448689373, 0.3093841769840821, 0.3958509216725894], [0.19612236500647007, 0.15089361848261398, 0.45973377514666447, 0.19325024136425192], [0.12943909334407525, 0.10017962386618051, 0.34001687208045983, 0.4303644107092839], [0.1583057797715019, 0.2607128654606485, 0.3755624231834214, 0.2054189315844273], [0.2470364908156578, 0.18401817877497223, 0.2741783632603456, 0.2947669671490246], [0.3398375343976683, 0.16069138446637696, 0.3638787115325236, 0.13559236960343093], [0.24107996887549585, 0.1623952846392618, 0.39256260468355075, 0.2039621418016913], [0.1281278919092948, 0.1250409617310167, 0.5631923947422188, 0.18363875161747006], [0.18098901017217733, 0.11111893385147263, 0.34725280356532934, 0.3606392524110201], [0.3498184104200639, 0.2526000937026574, 0.2856611552279821, 0.11192034064929632], [0.36028088282903264, 0.2917230138560469, 0.2557050750694452, 0.09229102824547472], [0.3574962414472219, 0.19621777117116646, 0.30093092050655357, 0.14535506687505842], [0.19802222872479722, 0.27592072179866733, 0.41451677129980385, 0.11154027817673189], [0.31573378379891937, 0.15759417705224307, 0.36406431479635565, 0.16260772435248164], [0.10223561274014929, 0.09235286802444298, 0.3569465858588162, 0.44846493337659155], [0.2284814068988245, 0.1675226059661495, 0.31601083896110227, 0.2879851481739235], [0.26762472371699364, 0.3210092730821207, 0.30234650980684935, 0.10901949339403681], [0.30338221803782905, 0.19982772256116338, 0.3749395756362544, 0.1218504837647533], [0.2119216181658712, 0.15151744476158874, 0.3797034639615718, 0.2568574731109683], [0.2928079479901325, 0.23499376318940945, 0.32059754954108965, 0.15160073927936923], [0.12319509395775655, 0.06797597107737173, 0.24184606306640533, 0.5669828718984664], [0.17794128571468282, 0.16563357800524775, 0.24864326530288328, 0.4077818709771858], [0.0832892115450777, 0.1146776144098192, 0.6702205087452553, 0.1318126652998486], [0.1414575406962958, 0.10111912391213604, 0.29919548077411556, 0.4582278546174534], [0.07817050693092484, 0.07791410015156028, 0.3076623540057262, 0.5362530389117885], [0.11856193263897206, 0.08331316343377831, 0.6496391230446825, 0.14848578088256784], [0.15971957660443223, 0.1536185987654144, 0.38646646023526166, 0.3001953643948917], [0.1497519405369034, 0.10584820566497222, 0.286417627440078, 0.4579822263580454], [0.2492842805835655, 0.2018763494824982, 0.3307866402095219, 0.21805272972441425], [0.15454341661838292, 0.10595376079962826, 0.49544511862773993, 0.24405770395424897], [0.10425601582454602, 0.17581889733810688, 0.4432166510089594, 0.2767084358283879], [0.5219711878744482, 0.04867014126060449, 0.26814871186781547, 0.16120995899713148], [0.3349831009924044, 0.23965771205651157, 0.2651325363738374, 0.16022665057724608], [0.32369205622200525, 0.12844243290034632, 0.3952641540905034, 0.1526013567871445], [0.3310908957476107, 0.26479401019604104, 0.2430771797487451, 0.16103791430760347], [0.2410963848412436, 0.15559239153245755, 0.2386566625629833, 0.3646545610633156], [0.16897029115377338, 0.14608387158012168, 0.4600010163916539, 0.22494482087445042], [0.24753180888877876, 0.1702594732233566, 0.39511313483616767, 0.18709558305169685], [0.14811417588530984, 0.10974398078024582, 0.551692338521246, 0.19044950481319797], [0.31266159315837877, 0.27932858845228253, 0.28474611542465306, 0.12326370296468561], [0.17646278099356377, 0.14726342400796438, 0.34324625886895394, 0.3330275361295176], [0.3626282631043858, 0.18482941468568412, 0.28925553888219036, 0.16328678332773955], [0.2813991916385756, 0.22882088280774818, 0.3569726154748023, 0.13280731007887425], [0.28726205869487337, 0.23500815257537985, 0.28086624454826176, 0.19686354418148452], [0.47638861383882214, 0.23988907812033497, 0.17386966240382493, 0.10985264563701809], [0.16502127645465425, 0.1701923096855946, 0.31251773494459334, 0.35226867891515684], [0.32264715032353875, 0.16424641676597834, 0.25844560343918066, 0.2546608294713023], [0.07934255972400882, 0.4775210763127366, 0.2856817456124527, 0.15745461835080157], [0.39402124855764925, 0.17908825388339678, 0.28327964647130716, 0.1436108510876467], [0.3203192374628017, 0.20808558672518837, 0.3105999516642983, 0.16099522414771184], [0.32824410356146383, 0.15840954446608144, 0.297811057535816, 0.21553529443663844], [0.1382853071152336, 0.39539656267764495, 0.27537151602989707, 0.19094661417722375], [0.1709318276746807, 0.28905649735286526, 0.32701051529140185, 0.21300115968105196], [0.1712016073220936, 0.12303140587999035, 0.39321243890030455, 0.3125545478976113], [0.30360881195493117, 0.1907896858201859, 0.3341450311303392, 0.1714564710945438], [0.13649126473909926, 0.11346695837966261, 0.4245604931845215, 0.32548128369671686], [0.08760661862119741, 0.06578270338680439, 0.4051144892948495, 0.4414961886971485], [0.2105440873273513, 0.1559695807704723, 0.42285394020282324, 0.21063239169935383], [0.15595982739244607, 0.12078716916401286, 0.5106325593020842, 0.21262044414145748], [0.2918102477726779, 0.21099227068384419, 0.298908584095161, 0.198288897448317], [0.34094570383768596, 0.2291480855345612, 0.3284102551653658, 0.1014959554623868], [0.31859800963449786, 0.08926556204184058, 0.3871669361873749, 0.2049694921362875], [0.2594623402591929, 0.15751752956806342, 0.3651822839245155, 0.21783784624822808], [0.2697409936578579, 0.1968379893292058, 0.35807173122290936, 0.17534928579002654], [0.30759061734930443, 0.22875461231105876, 0.22962097648387816, 0.23403379385575873], [0.15806901121338704, 0.12131510938789355, 0.3486906162770849, 0.37192526312163426], [0.22607884976998852, 0.17473779798741917, 0.39842186568063614, 0.20076148656195583], [0.18610893967710734, 0.13360382864091094, 0.4738389148476161, 0.20644831683436632], [0.44107199795670604, 0.2760922580358091, 0.16792802691988382, 0.11490771708760132], [0.21434659079651622, 0.15820087863800217, 0.2965144986327213, 0.33093803193276], [0.16148909681675672, 0.12934756471683082, 0.5391892562081873, 0.16997408225822597], [0.11479499901002843, 0.07003712490812482, 0.38773305109997086, 0.42743482498187596], [0.22740068420927737, 0.23594537720611158, 0.41514695881693786, 0.12150697976767198], [0.1932005710873273, 0.18865163061643042, 0.2771484768997718, 0.34099932139647066], [0.3093791634517481, 0.24129809187487594, 0.3322197636689124, 0.11710298100446412], [0.25508534575625447, 0.1915129898394378, 0.38882278903369377, 0.16457887537061353], [0.2669770660278226, 0.16841474364092252, 0.20862684341356694, 0.3559813469176871], [0.16659105267142257, 0.1260806395535471, 0.5407912980317879, 0.16653700974324223], [0.12373918164540805, 0.09950127104038452, 0.3849289966049891, 0.3918305507092183], [0.203926860026462, 0.152948429866436, 0.49229047389917235, 0.15083423620792918], [0.23702341866590754, 0.0959931783202083, 0.5128251669264198, 0.1541582360874651], [0.14580880532964088, 0.06996107448520461, 0.5929807428928333, 0.1912493772923207], [0.1912208025108846, 0.19371817253586013, 0.4315623082378579, 0.18349871671539753], [0.1965290533947191, 0.14685959859042236, 0.5472451324438429, 0.10936621557101585], [0.24931652994323378, 0.20225518543144855, 0.4171640884012241, 0.13126419622409327], [0.16775996849192698, 0.10237581346398701, 0.49454775704996323, 0.23531646099412223], [0.20804718967637803, 0.1485048798305762, 0.39821063939534357, 0.24523729109770168], [0.2418222890047432, 0.18139534043004807, 0.29832829106204356, 0.2784540795031658], [0.26076855389757314, 0.21408971543844488, 0.3142536911906394, 0.2108880394733427], [0.25617732740970867, 0.2611327873612743, 0.35284505451695436, 0.1298448307120626], [0.13744982700477199, 0.15563721689982912, 0.5368635748114343, 0.17004938128396407], [0.1909315990408492, 0.36093814548223274, 0.34848880757450035, 0.09964144790241761], [0.24421715979227554, 0.1540518829720639, 0.342948922489817, 0.25878203474584366], [0.18541868110976295, 0.14284118581163888, 0.40051344915167564, 0.2712266839269228], [0.21588729378980398, 0.14025254813225252, 0.40521531871723293, 0.23864483936071068], [0.16679893176216587, 0.2660434641680579, 0.44062357780471156, 0.1265340262650647], [0.30950243176282477, 0.1634889763445586, 0.36819213007322904, 0.15881646181938688], [0.10197603112565096, 0.09679570387884853, 0.6334450537151479, 0.16778321128035267], [0.14860736685388415, 0.13767994962709204, 0.32838547687661535, 0.38532720664240877], [0.17556643320589982, 0.1441052115426746, 0.3114875586909805, 0.36884079656044394], [0.13859201991425343, 0.10648959449742589, 0.49202450014350524, 0.2628938854448156], [0.23190450891757913, 0.19486177370964614, 0.2754003123757736, 0.29783340499700145], [0.35247480836540923, 0.21734270230135583, 0.2567686532195225, 0.17341383611371272], [0.11310089951279412, 0.11628817130307671, 0.3070007757057984, 0.46361015347833107], [0.19716949872428274, 0.11927822698613766, 0.5033863183196883, 0.18016595596989154], [0.11245135482952058, 0.09476927239569712, 0.41264594585406494, 0.3801334269207175], [0.2604582441019159, 0.21695385751524143, 0.3521213907466937, 0.1704665076361497], [0.12295321330916585, 0.18940118591750196, 0.4631329563810843, 0.22451264439224713], [0.41221977375028596, 0.09778228100544267, 0.2971969712585941, 0.19280097398567722], [0.2514121000791878, 0.3584221040424999, 0.2675429420430134, 0.12262285383529929], [0.1788262223211825, 0.14304491694359917, 0.30633660982933947, 0.37179225090587925], [0.15156281461353552, 0.0743257115440639, 0.43549253123517967, 0.3386189426072203], [0.22079936474134687, 0.09053473481393697, 0.44562093797646474, 0.24304496246825188], [0.31385005260528176, 0.1618342607812755, 0.34666622412667497, 0.17764946248676808], [0.27248343814837883, 0.23472442055404655, 0.3172921613721128, 0.17549997992546185], [0.04275831673088048, 0.057243278018301876, 0.6869429085096308, 0.21305549674118746], [0.08033098315482225, 0.12110091815485238, 0.5872751695721203, 0.21129292911820483], [0.32963752188046164, 0.2551779471988486, 0.22194509460667391, 0.1932394363140151], [0.1264047008170175, 0.144591485404527, 0.5324604537611237, 0.19654336001733116], [0.2768266674298461, 0.18785202533493997, 0.3896743072525047, 0.1456469999827087], [0.28703356615871184, 0.21515206896864464, 0.3213833933523468, 0.17643097152029674], [0.31332643900601476, 0.24744453758036977, 0.2927866744026155, 0.146442349011], [0.17039464402563284, 0.13194068569198614, 0.3596448565341146, 0.3380198137482663], [0.27657556512976705, 0.21199143039333607, 0.2756689124449187, 0.23576409203197793], [0.3372064784536857, 0.25775377043365516, 0.29044862638197694, 0.11459112473068307], [0.13290826719816565, 0.1047699308956151, 0.6170048506906709, 0.14531695121554938], [0.1535666335077814, 0.1279459021314462, 0.36278652981815573, 0.35570093454261675], [0.33550149764038567, 0.19857215931543748, 0.32986300026443, 0.13606334277974716], [0.1900251988018844, 0.08448430495601901, 0.34405646009430274, 0.3814340361477942], [0.1774346888829052, 0.14575065231538656, 0.39188789412392055, 0.28492676467778777], [0.2087145955487939, 0.0803118418561339, 0.3984934905518528, 0.31248007204321926], [0.2887261713958853, 0.061572064468632656, 0.19460848011084872, 0.45509328402463345], [0.14666608571472706, 0.28231852372404126, 0.2595291464660312, 0.31148624409520054], [0.11779046044739439, 0.15017557893866215, 0.5445684840378853, 0.1874654765760582], [0.1302047358501136, 0.09659566463345368, 0.5880732984644419, 0.18512630105199157], [0.11504633203704943, 0.14805763607656572, 0.5509877739168667, 0.18590825796951876], [0.06889757946969088, 0.2767142960842244, 0.49891835903692666, 0.15546976540915783], [0.2013912692066801, 0.13531342217446907, 0.45811952978972836, 0.20517577882912233], [0.24803702502236596, 0.22727869030397513, 0.38977675777363835, 0.13490752690002053], [0.17471904124286214, 0.15336842659600627, 0.5171794986994973, 0.15473303346163453], [0.23892542641394815, 0.23569578783907957, 0.3742241431926656, 0.15115464255430716], [0.14452415053963352, 0.11044191460786221, 0.5381229602459544, 0.20691097460654975], [0.3942286065899087, 0.1740114787268858, 0.3100687459168178, 0.12169116876638739], [0.16788239342790745, 0.21549300278670205, 0.46218342197595086, 0.15444118180943953], [0.10581412586188159, 0.12156819824057305, 0.5277017693346608, 0.24491590656288406], [0.058172663825426324, 0.10039878299204374, 0.5788647337286885, 0.2625638194538412], [0.28996634599109494, 0.25214267869562473, 0.2504456877263084, 0.2074452875869717], [0.41633016937530376, 0.1855480800472084, 0.23888663116554704, 0.15923511941194105], [0.29768670250248147, 0.23658266789207394, 0.24144294046133125, 0.22428768914411346], [0.4609699825122018, 0.1853599514801561, 0.21841494428246558, 0.13525512172517604], [0.22712637494612647, 0.18994184967499844, 0.4337176837251153, 0.14921409165375948], [0.15217531775521284, 0.15480999605632834, 0.43710535165524317, 0.2559093345332152], [0.2160375834474317, 0.1884360706151187, 0.1857670268036846, 0.4097593191337647], [0.13535126592318109, 0.10739332015211446, 0.4319535948907228, 0.325301819033982], [0.24983021318194074, 0.23313736493107803, 0.32866803382958176, 0.1883643880573994], [0.14188544971172742, 0.11038472152598583, 0.4354766589858173, 0.3122531697764691], [0.2726486767301339, 0.22084462223749474, 0.4037750978302613, 0.10273160320211008], [0.1432184728883709, 0.10619058353582356, 0.3564284871759702, 0.394162456399835], [0.19321411121631346, 0.15790985323123127, 0.2178172508841063, 0.4310587846683486], [0.19523272742061223, 0.18498873544784222, 0.4128918518435153, 0.20688668528803006], [0.20453693885525578, 0.26247187298672003, 0.43030631823836124, 0.1026848699196633], [0.33785357306337194, 0.17763449000396042, 0.36649773824221166, 0.11801419869045623], [0.10423420482224198, 0.10919993448675948, 0.5202343528188011, 0.2663315078721967], [0.207563472333964, 0.19445753001648958, 0.48461698467249, 0.11336201297705678], [0.19834185713950694, 0.17519743278789537, 0.279187272161118, 0.34727343791148], [0.3006149190684207, 0.22738455257965012, 0.33782525119932216, 0.1341752771526072], [0.10065279607399807, 0.11091506715865587, 0.5353476372296214, 0.2530844995377252], [0.22421582399891685, 0.18625207121456638, 0.3682184587238311, 0.2213136460626855], [0.14814588100671083, 0.11279108151992952, 0.2360019974884961, 0.5030610399848632], [0.2626497439572571, 0.22411710569046542, 0.3909674686765531, 0.12226568167572462], [0.30567577063548373, 0.16421647213043772, 0.4275696610517576, 0.10253809618232111], [0.25688174925556656, 0.18910020079343326, 0.2751760175860209, 0.2788420323649795], [0.2942595535493282, 0.19621987032634508, 0.425507924067473, 0.08401265205685395], [0.1309677821336742, 0.1299193575084449, 0.5049250376374969, 0.23418782272038416], [0.29507206527518837, 0.2429811204702175, 0.26277467640941204, 0.1991721378451817], [0.23784884338736678, 0.18562869918427854, 0.4499895503215453, 0.1265329071068099], [0.21522577996366699, 0.27944981556640563, 0.34054374205489363, 0.16478066241503297], [0.17855386877271287, 0.13627686606105935, 0.519921389028231, 0.16524787613799743], [0.2617047510439004, 0.19952411730270955, 0.28620461286232257, 0.2525665187910678], [0.29676397528987664, 0.1618636293136679, 0.3581370235688076, 0.1832353718276482], [0.2631544656065945, 0.22043991982700192, 0.3190110187852786, 0.19739459578112475], [0.11058089850153906, 0.11269501973116688, 0.5488248416280239, 0.2278992401392695], [0.5690144509114207, 0.1327147177612492, 0.17223218947208838, 0.12603864185524277], [0.27395687220424525, 0.22032288367658712, 0.37163377974596573, 0.13408646437320176], [0.1443510585030006, 0.11790933732440777, 0.5573238651580217, 0.18041573901456942], [0.19755801873864962, 0.1663734228897909, 0.4628001146292045, 0.17326844374235484], [0.21140329177087241, 0.20240613942599225, 0.4452134665548615, 0.14097710224827398], [0.24457180677824328, 0.18215060866136293, 0.3480304175721634, 0.22524716698823044], [0.2416732607438339, 0.18306548855514584, 0.38711105213713354, 0.18815019856388693], [0.2526226388351082, 0.177794306487434, 0.41643488956763336, 0.15314816510982476], [0.2656666074676279, 0.17852435744646544, 0.3875174666741469, 0.16829156841175957], [0.1723220112742068, 0.25788714943859964, 0.4378271554372889, 0.13196368384990506], [0.27067065196898726, 0.20699931814119232, 0.3768913588413231, 0.1454386710484972], [0.13621086451771688, 0.13343456139829593, 0.551656884147667, 0.17869768993632032], [0.0976142557285179, 0.11309193527849792, 0.4524296302448115, 0.33686417874817237], [0.32832274298456965, 0.29670275362759363, 0.2754624488037476, 0.09951205458408931], [0.13762799349978933, 0.10865173576739025, 0.4899732688909434, 0.2637470018418774], [0.15901542299291557, 0.11898236253810307, 0.5202492079090169, 0.20175300655996312], [0.2180354175733425, 0.11388793696637102, 0.4649202364216833, 0.20315640903860294], [0.23854796282471552, 0.14997767855272948, 0.22042076382534517, 0.3910535947972098], [0.1628026339181039, 0.18484901592725395, 0.36928082007228147, 0.2830675300823604], [0.19196250674954604, 0.2461840411195139, 0.3647084552102941, 0.19714499692064608], [0.17909273198329106, 0.16107653411044384, 0.25627696800521454, 0.4035537659010505], [0.2966702442701848, 0.2556587836111626, 0.26025818420392377, 0.18741278791472848], [0.2245794021102479, 0.16056999267198152, 0.5144915076773473, 0.10035909754042326], [0.08279569593535421, 0.06428989592208721, 0.6145405737549174, 0.23837383438764093], [0.19924018892240147, 0.18398728366227055, 0.421428231159724, 0.19534429625560365], [0.16518268679223364, 0.29104616100971575, 0.43846360168691173, 0.10530755051113858], [0.09177346286079648, 0.10358318354679323, 0.35513328753346657, 0.44951006605894256], [0.3401757381822234, 0.2768855321534328, 0.1986047083413137, 0.18433402132303123], [0.14173894796021444, 0.341248034783656, 0.3595119606979861, 0.15750105655814287], [0.14658124169223885, 0.15299938040161312, 0.4635928892895993, 0.23682648861654831], [0.22145378211539776, 0.21944849776272526, 0.297721188771949, 0.261376531349928], [0.10253477393156696, 0.08246333929457644, 0.5463928418981783, 0.2686090448756787], [0.14623704560565434, 0.17317981851074524, 0.32479653034559036, 0.3557866055380103], [0.15342587350535214, 0.11120260301808466, 0.3767573333595595, 0.35861419011700324], [0.11902274035573414, 0.1050287251137067, 0.1957174194327807, 0.5802311150977777], [0.43571574748887054, 0.1511676152326262, 0.28626268258668885, 0.12685395469181432], [0.08476109037106196, 0.06622071883047993, 0.5194066131285464, 0.3296115776699113], [0.08904803796684521, 0.0702145836816551, 0.702085065853298, 0.1386523124982007], [0.2178058876148273, 0.1562739433635098, 0.4470550313362829, 0.17886513768537987], [0.36630653359343895, 0.23303226436231522, 0.21601368314116345, 0.18464751890308195], [0.3153487956211206, 0.24783142688437024, 0.3135130136740087, 0.12330676382049988], [0.12787684981842634, 0.1027971978248326, 0.577157636201533, 0.1921683161552085], [0.15698835662233424, 0.1301148738594312, 0.5202864915053406, 0.19261027801289507], [0.23749274504991075, 0.08074494945240326, 0.5322201408459306, 0.14954216465175507], [0.09731152685773967, 0.07755705596329773, 0.29773492684983294, 0.5273964903291299], [0.20550615937682323, 0.12382278355165875, 0.48324308316835085, 0.18742797390316643], [0.138286084489112, 0.10600580260616281, 0.6426614446092285, 0.11304666829549702], [0.3149086959733418, 0.2509718562092596, 0.33344311285418093, 0.10067633496321698], [0.15621566761611558, 0.09196923939879034, 0.2806246173789161, 0.47119047560617805], [0.12791711550023033, 0.0800741880038427, 0.25730007113791425, 0.5347086253580127], [0.1793524030376244, 0.17151337401440012, 0.40832806504858604, 0.2408061578993898], [0.2238467653458114, 0.2174191941050575, 0.3327416406853568, 0.22599239986377426], [0.23511077209603715, 0.18907305123463583, 0.3963901464040441, 0.1794260302652834], [0.2834714798353961, 0.23434519359752723, 0.30743811185791453, 0.17474521470916177], [0.18029391373315537, 0.1451007950296986, 0.5444393044838319, 0.130165986753314]]}, "supervised_prediction": {"G": [[0.17205464952443686, 0.12578022195724245, 0.38103025201405644, 0.3211348765042641], [0.2519414592118107, 0.17139371809878007, 0.37062425538809113, 0.2060405673013176], [0.3344667667701297, 0.2514071567302326, 0.3451454300401122, 0.0689806464595249], [0.32317148672772356, 0.19052134816923935, 0.35586805786715775, 0.13043910723587934], [0.07074818641288534, 0.07109698466242037, 0.6119869716874861, 0.24616785723720808], [0.23748386003919544, 0.22051931435048813, 0.37317853137161916, 0.16881829423869701], [0.20060337739241824, 0.17035049066836383, 0.4248185766823133, 0.20422755525690425], [0.0975332309008961, 0.07720720884634907, 0.7391161334277636, 0.08614342682499174], [0.22059276330084804, 0.20579586200051875, 0.4229706782009529, 0.15064069649768072], [0.5291115921500404, 0.08622601774967172, 0.27840439183768223, 0.106257998262606], [0.1838462667820435, 0.13282079410918177, 0.48404376548024536, 0.19928917362853035], [0.40248865204025475, 0.0706041794180553, 0.305181612005578, 0.22172555653611195], [0.26376114714894744, 0.1918008434805712, 0.20655553041278923, 0.33788247895769163], [0.15964622613318544, 0.05661886884895339, 0.2124715507272878, 0.5712633542905727], [0.14288857020137646, 0.1484877439009792, 0.5225843555375274, 0.1860393303601164], [0.08972373910895812, 0.08321399045437898, 0.6286475404337124, 0.19841473000295065], [0.31032645403494613, 0.1783835644322, 0.41057179498888696, 0.10071818654396711], [0.10124611837422479, 0.12216604263033069, 0.5284165440210659, 0.24817129497437904], [0.32288390487736224, 0.23495280655420492, 0.22006337527219436, 0.2220999132962387], [0.36898698151217524, 0.2398869674331267, 0.24651184358366718, 0.14461420747103124], [0.2592849079360482, 0.23501116344826767, 0.41423945733782974, 0.09146447127785474], [0.07541990692983847, 0.05438670526610347, 0.2287478509254854, 0.6414455368785723], [0.17388550522242235, 0.14114615845968725, 0.3801435960438359, 0.30482474027405415], [0.3555908382019396, 0.19329277508123718, 0.37860957262783407, 0.07250681408898954], [0.20024390171408415, 0.19824621172606186, 0.4507309475987636, 0.15077893896109099], [0.316955923888097, 0.10643205535350392, 0.42723596224040905, 0.1493760585179898], [0.1253964766764489, 0.12604840680507262, 0.6158243420139201, 0.13273077450455759], [0.2614467438308658, 0.12505408927783718, 0.411885267069769, 0.20161389982152805], [0.18764283474311663, 0.10393346454638601, 0.28027418896577655, 0.4281495117447208], [0.3666992930457257, 0.15089924209886157, 0.37313966775341023, 0.10926179710200275], [0.09055993469170062, 0.06925908585118488, 0.7308480562916237, 0.10933292316549091], [0.5070742679313278, 0.07411561298783348, 0.29110343996744503, 0.12770667911339373], [0.11150237444497671, 0.09379981393844894, 0.41365271232795636, 0.38104509928861846], [0.46888194723456095, 0.21575066677331067, 0.11822280002250146, 0.19714458596962725], [0.18585136275449957, 0.1798607580162812, 0.2962267457482151, 0.33806113348100386], [0.22646385407515868, 0.14398167628784592, 0.5230287555699126, 0.10652571406708208], [0.2928605470780725, 0.15587092212405768, 0.3266433646805235, 0.22462516611