{"estimation": {"a": 1.64526263192408, "rho": [0.09777290174223312, 0.10323328497645157, 0.38974533508029974, 0.4092484782010151], "Mu": [[-8.145556272547282, 1.5329627222255207, -1.1019944552636296, 5.360546422589973, 1.7341649531001466, 0.9166819503784965, 1.355744914065262, 4.433168819536948, -1.2523892791067774, -11.70957311587925, 2.5126951150048273, 2.21487182762968, -4.309302223307223, -2.780175192653264, -2.125125716516916, 0.4332174193678206, -1.9354293382326038, 2.17114365425854, 2.058559181828522, 1.156383721835718], [-0.07088468885814575, 0.6845939491865628, 2.611348536695424, -2.164282070490379, 5.381627634798354, 4.250350911753591, 2.113688604839174, 0.03211667486817072, -2.9597841250416197, 1.3962362801731076, 1.9144397553427603, -4.598993925213725, 2.766249074730298, -2.0698952302096663, -2.47583199440567, -0.6121675207761316, 0.12420032680700109, -0.8254713472504254, -5.105364025134718, 1.0685108505956205], [2.7083970753562343, -0.14945636782453384, -0.7601833987299946, 0.13241024615094685, 3.04911145260404, 1.6400402784202581, -1.3842260279557357, 0.7137268863561217, 3.7775168733725, -1.5507034841477276, -1.0416030768860716, 3.5807594631520088, 0.6314226411802699, -0.6991410521461079, -1.8539086791522477, 2.073578561299527, -0.3236720788043459, -0.12453697684074956, -9.816983172859722, -1.3964994813164187], [2.845807464383925, -0.2266693677829932, -1.0505172270791112, 0.2288589134537219, 2.9053081092806123, 2.0945007230298422, -1.4122017390229895, 0.6846147206917176, 3.4555195365484215, -0.8211106986267221, -0.5908155894526399, 3.7513142458303506, 0.7036254572576938, -1.314036236694569, -1.8618597642530514, 2.1596512077267302, -0.09838735797948694, 0.007979604280299157, -10.13357373378085, -1.4027321835814868], [-2.040175972208059, -14.00372261691542, -0.08816137707218608, -2.8660082678860244, -0.5556494608619855, 0.40160681491806544, 0.6715363216399726, -3.3605726933728, 1.161369687594887, 1.8092206443032517, 5.974817968170067, 0.7576208754934325, 0.7601064051690398, 0.20357258762052408, -2.017393327760877, -1.3836657836026873, 2.420644214061991, -6.740932207632534, -0.07109818246171415, -3.6494780323413147], [-1.9536405260514311, -14.05196312263256, 0.017022408913555925, -2.846122665304475, -0.5108399056090341, 0.314105026295633, 0.5034270368675037, -3.722820146141271, 1.0305261754181145, 1.6286794363164598, 5.873536479178972, 0.7235683027803619, 0.8496967345101317, 0.3549474689135975, -1.9370895878298802, -1.5173538652209548, 2.1936933343924556, -6.758430692354146, -0.09302338317490609, -3.7514130121629616], [2.261910755922971, 0.8453215894739257, -3.738150299709284, 0.9114026249834982, 1.8953476755367147, -1.183210165217762, 3.5580940403500207, 1.7171556751873398, 1.439631446940609, -1.9701027413710464, -0.7334836101693616, 2.0576195942408235, 1.2471068059433013, 2.278511428221785, -3.159429680994379, 0.6045442629553727, 2.526353145005536, 4.625140025288115, 0.713105205122851, -2.741026451172368], [-3.380923196423332, 1.4355705424513734, 1.2025582469249025, -1.5939854038038066, 4.850516347627207, 1.0772590912740885, 1.5127743674364562, 0.183530699182964, -6.985638084927773, -2.249031740392218, 1.3231495334063177, 4.964520719306512, -3.6053497434430466, -0.2521765012342281, -1.2678551364597046, 4.260376397829011, -3.0488826028613185, 1.0107234835762942, -2.8393910659416997, -2.8579404957087404], [0.020614359938275893, -5.92063092049333, -1.0743569460339648, 4.182606731075745, -0.8850540958551527, 6.3208737650372155, -3.9309960164588453, 7.399442181731415, 0.7162170066895036, 0.620111971726049, -1.5951157274246104, 4.591401061960373, -1.7963813957380026, -0.10123006809888023, -2.5357010078572797, 6.004148321254019, 0.16668686598379864, -2.3573148436811397, -5.436488699479001, 1.4040696409315079], [0.672088423869301, -0.2263687121175704, -3.3890901143333716, -1.6623655056341928, 0.10423794794723251, 4.503212388171126, 3.4317617921810943, 1.0260889379693612, -0.06518067048302152, -0.9795156006079816, -1.7689776381993427, -0.5262050599983552, 0.16712247924438184, -1.814428417373457, 1.4282211993045433, -1.3007181507115575, 4.7042728657734285, 2.3803067980068966, 3.1826923222244674, -2.547807070315181], [5.486427039931223, -4.033100104239526, -2.7698643765733966, 2.072493697937275, -1.358634325608297, -4.529655010089405, 3.85411503696722, 1.4759198635339197, 0.8445112608078509, -0.1035365644560585, -4.6846668261816795, -2.729293180256634, -0.33821097505173664, 0.9282993831613131, -0.17473313859057207, -1.1221416742795693, 1.8306473997674637, 6.210557684744018, 0.12781737490464073, -7.370013941024667], [-5.722501860140849, -1.1799923790000293, -0.5939177680723676, -3.3733389230179123, 6.614241215464162, 1.792220491344617, -1.0945311114670704, 1.6679627510477566, -1.618481438981448, -1.3606191363587137, -13.218121738599907, -1.3495223247657724, 3.468567929511479, -2.580975190161517, 6.764297266432831, -6.534134237683334, -3.134882994865807, 0.809439387442117, 2.561953979326582, -11.145323335790996], [-6.779777956435303, 3.275928550612407, 2.2711159760500546, 0.920493005188219, 2.8801676448182123, 8.459628940752781, 0.1885412184414906, -2.373406400663551, -0.586182566019434, -3.4958452806121456, 9.773578055967358, 7.983951870436383, -6.878519702479604, -0.6129242470892653, 0.9340672893652473, 2.1015632824602974, 0.9728668486065837, 2.2015732291936345, 2.8645896157016666, 4.525143633961611], [1.9525635917346846, 1.0404973329199774, -0.32843445051840775, 4.807030582578325, 1.816982121522763, 3.3387282642840623, 1.349822269674369, 1.0423552893507055, 2.464540322701759, 2.087020875758876, -2.5359373605497644, -2.163359900599475, 0.8001061735539396, -3.839695490121388, -2.976143355027455, 2.055894019603539, -0.4304229946652242, 3.88046891257867, 2.5189220761497784, -6.567286770434341], [5.296494442241206, 3.994067199400913, 6.370214131562845, 0.5291214076462682, 0.15962315181718256, 0.861986941577663, -1.1872112361756622, -1.7634977602754407, -5.101114917293693, -1.3620952717129728, -1.4282657181149923, -0.6780660318967864, -4.060297384747992, -2.5037222890674737, -2.2838839875786614, -0.7888521979009621, -0.86527853834592, -3.7312381472075637, -20.840714224319782, 2.623942075327166], [1.4426483260551912, 1.742763445841619, -0.049844348881184775, 1.285613909218868, 1.1206520516596379, 2.3476885628600455, 1.0943432483025748, 0.9900412858951543, 2.9299918933101328, 0.6372377425768359, -4.06398649008518, 0.015254753052275498, 0.2622640902840303, 2.8153546036338195, 2.1326348472764445, -1.2817057444986455, -1.8932740634170544, 2.3802688795938804, 1.8190407514960127, -3.226492641198935], [4.29108686162318, 6.507828368543822, -1.2004574062182118, 2.6624332616618487, 1.442400507538901, 1.1093136144827618, -4.926841734915155, -1.9409562895211623, -2.070592347644474, 2.022111991413044, 1.67923068464644, -0.48488275442731626, -0.33435247102021437, -0.9115481561583115, -0.8655727820986687, 0.833035725627278, 0.8673453037675649, 0.8430820374504573, 1.4435091556951236, -0.7723959922099192], [4.006763613411751, 6.7632777014529095, -0.8275995163458961, 3.0241346076798195, 1.2171599180683923, 1.4442409909201994, -5.474266728318287, -2.2360434170773447, -1.603683344444287, 2.4570707958996025, 1.5251064235360117, -0.5158422844540527, -0.775747213459106, -0.8036959890877727, -0.8779828121057717, 0.2047683059667183, 0.9641707003654035, 0.2643898461410862, 1.1503555470425824, -0.6505567860371014], [-2.83275679690965, -2.1138929118977945, -1.5146032564095417, 8.735740449120565, -4.050161580166089, -3.66286661954122, 7.647620767990168, -0.44357413708623245, -2.111784012573448, -0.30880684752082477, -3.289552105024511, 1.1921937221724581, 3.5808894814749896, 9.948031794070255, 1.7703129474938613, 3.0582196312970265, -0.5847620498501086, 0.9150826230865255, 5.392647203864127, -3.7759297300784427], [-2.2203940009390952, 4.996798917958797, 1.6700823930819655, 0.6039656717185464, 1.545864604544815, 0.5422414813024172, -1.7387845354217097, -0.18576208436546415, 4.402912537258308, 0.6111249969166433, 0.10649009408281075, 0.493487817632309, -3.28138005594847, 1.3363234032198548, -2.6841393363825925, -3.8698847251831716, -0.38446592731381657, -4.154651228836895, -1.0186683342217604, 0.1090363011758809]], "Lambda": [[0.28293543115034064, 0.6185219106745021, 0.5771058576971151, 0.25382811977908204, 0.21436147766472238, 0.5365156256348436, 0.7310152941665741, 0.47105941552089925, 0.6234314070779362, 0.2365249865004334, 0.6019564732307565, 0.33974833505133684, 0.30881090801299393, 0.5837931686338935, 0.6137299096982192, 0.4555993822513593, 0.5940987191194693, 0.5623200155091768, 0.677016312536438, 0.6143173428616577], [0.6650948657629971, 0.35143212929239676, 0.3271711941956733, 1.0172649594265495, 0.619072707164597, 0.8789748361866863, 0.3935726976873642, 0.5347718438856109, 0.3256860959309337, 0.5899621601645484, 0.5251974973825216, 0.5440849409736858, 0.229645084434598, 0.8816901390382665, 0.5614672670273562, 0.25374854200821745, 0.557543068167122, 0.4355690330965101, 0.26011495094209486, 0.6220567874702415], [0.5311601244280169, 0.3275152142954778, 0.39414901635324606, 0.5966089425685175, 0.6145711387017232, 0.25891094807054194, 0.6644564499720503, 0.4686993131559542, 0.3665306545134763, 0.35951314763619063, 0.41395645286331284, 0.41723724433992476, 0.7011290182839509, 0.34255978032279105, 0.47935437510090617, 0.6056598636207068, 0.5789386744599723, 0.6622553657625786, 0.32603238311133786, 0.5391247600999782], [0.5458239679464887, 0.3152064916654216, 0.3658423967935345, 0.6111841963520194, 0.560720995153816, 0.21178384212232274, 0.6764105171253726, 0.47406926621030415, 0.3657945949490562, 0.35117728986018437, 0.37589411500521863, 0.39203581590565534, 0.7022118932154724, 0.31175420757766176, 0.46298081219008375, 0.5830763772374523, 0.5828891421236966, 0.7124783293041436, 0.3149538644752714, 0.5202263335800965], [0.3820412127322524, 0.2383430938148658, 0.5426023460799159, 0.3214578890052985, 0.35059449851545604, 0.5094573736112392, 0.5406801651534814, 0.5225796951885198, 0.6837492868459765, 0.5192623971606515, 0.4261868239192013, 0.4881912250137899, 0.5090898230599843, 0.40596047978280075, 0.594809512968, 0.3933749656575192, 0.41071445222417474, 0.30200058881452013, 0.44711255483292645, 0.4747417706557598], [0.37210525749199563, 0.22770167329069332, 0.5364334455252681, 0.305134905445168, 0.36085245306551583, 0.5218772043291307, 0.5284600702541927, 0.4901034413309347, 0.6725801809089075, 0.47858122753110743, 0.4371034789020315, 0.5013458959115276, 0.5100812972955996, 0.38722061140281494, 0.5896630443960185, 0.38063584706381653, 0.42740324531393376, 0.29782133046427833, 0.46738082843785367, 0.4704959343859536], [0.409486433199798, 0.4695556885516868, 0.4545099496649549, 0.5634939626584826, 0.5240340327565215, 0.3091232434754619, 0.44654348078431305, 0.4922462507258369, 0.5473835521409494, 0.17190217188678225, 0.7043863869846094, 0.39578980464013847, 0.5153887261723162, 0.36049011780787904, 0.6454186454091432, 0.6037291520842021, 0.43196087196089866, 0.2662901879216549, 0.30285214317426395, 0.5500951833341662], [0.5013867561099037, 0.4017159919962263, 0.2102799697096052, 0.5700089337543796, 0.5256270772197718, 0.5473046387736533, 0.5448448756298861, 0.36377956181482285, 0.2652968803398891, 0.21414581677677597, 0.9877145201060497, 0.18350368000709832, 0.2636487193648403, 0.796396305716905, 0.6279010276083048, 0.33341408621289537, 0.20451637037001502, 0.5361672393446696, 0.2709199112738839, 0.5787082840786582], [0.6642824014443752, 0.2947881360026485, 0.513725490279977, 0.26777228253727936, 0.723820305631932, 0.3403922151196829, 0.4559823509010632, 0.4430389066114124, 0.676771628108777, 0.48785199754465985, 0.6314993189796831, 0.37653180275164144, 0.5251082847412154, 0.6704692958650811, 0.3803291426914574, 0.2723285238466372, 0.5142086843985298, 0.5356248104512371, 0.4329723987549069, 0.6655562469843832], [0.4760523362419185, 0.567486804421474, 0.5824674284776008, 0.4414310312729706, 0.6308222802078044, 0.3031041684891113, 0.4978883404854006, 0.5199279118985715, 0.49757174029960916, 0.5612159549699983, 0.6171243018525743, 0.2951129248572167, 0.3313881313659637, 0.737324251072764, 0.6235414704599338, 0.500400537399188, 0.4159926766971451, 0.5400362408830591, 0.37924035470334894, 0.43715029105454983], [0.36103333276169963, 0.12909062458337597, 0.633743896827722, 0.8721486066166084, 0.3116779252258288, 0.16395819130381223, 0.4134076723462286, 0.29040953423285615, 0.7652884878100855, 0.8102441286507396, 0.25479178306266315, 0.7518878932208481, 0.5936149636118934, 0.237560885563147, 0.44384265143724116, 0.5004243246463544, 0.44078282055067697, 0.6695062761492808, 0.6517106417989004, 0.310051824493424], [0.4651282510171301, 0.4237416275488929, 0.6580757994717034, 0.604518766298998, 0.2951852738631185, 0.3540704381736514, 0.694293755833182, 0.6306500529264325, 0.5667802173380843, 0.3052007160453733, 0.1086348985753486, 0.7615864026324405, 0.2433666884690468, 0.4612828692299715, 0.2011065812986327, 0.4642617408152071, 0.5530481410550713, 0.6230176594330677, 0.4998187687738342, 0.1886482283697407], [0.39541190889029015, 0.3541510063669558, 0.7553782992882405, 0.2234819348361308, 0.6169078974006998, 0.2726342953236251, 0.44942732118837586, 0.4637721120874827, 0.5466900814740534, 0.361182594765157, 0.17126896492722957, 0.2686449077625178, 0.12213125098135398, 0.64977854003, 0.5537549559844079, 0.3685933536031819, 0.3412516052836164, 0.5221545440107266, 0.611462688840429, 0.28068141040863587], [0.48584181339301663, 0.36635419719999496, 0.6482732491141823, 0.2610158286517926, 0.735871474900327, 0.5409824869157152, 0.6349460401239814, 0.47033064302694283, 0.3628929530519873, 0.6619911416305814, 0.6285079843697983, 0.4825811923220527, 0.7221328567348676, 0.5017281892725494, 0.256760931561582, 0.6341093973237971, 0.3702742571022668, 0.49681839076362955, 0.3767677418687328, 0.2593519408127449], [0.41265631239710976, 0.27022473086514515, 0.26733719089723307, 0.8037337222565372, 0.5281448053389372, 0.4731472788918516, 0.6245094899216376, 0.33357486980324125, 0.35312607067768353, 0.7178348871609943, 0.521854418363524, 0.576530999081402, 0.46126354238292805, 0.6517243402804175, 0.7116293977890686, 0.7786143879008329, 0.34407645235803874, 0.5242245662528843, 0.05350470974050852, 0.5922868563233676], [0.5260607265591354, 0.36676601893921623, 0.6270500943312486, 0.5478652929889257, 0.7157436238687915, 0.5880430517214801, 0.38709619359359976, 0.5107065143255985, 0.7214856522937603, 0.7156050084508816, 0.45014359832303685, 0.5461644666540425, 0.5222864375758435, 0.28572829802757377, 0.521117374316345, 0.7372579078753555, 0.38532985368864897, 0.18715812086239197, 0.32435691508282516, 0.4025088529776266], [0.7663094853871077, 0.338722917106177, 0.42165950930418755, 0.40092805872726783, 0.3814894139910496, 0.36066551358725946, 0.3429163519053055, 0.33473901830778374, 0.5036909551629689, 0.43607623587392913, 0.449109571704745, 0.4567472866713877, 0.4084818747677445, 0.3833857704446049, 0.3159168675602354, 0.37488709161587797, 0.44372125191079065, 0.3966624657605786, 0.3793115693603416, 0.5417881669516325], [0.717054201863537, 0.3301578185474766, 0.41100654033167733, 0.4250692856610387, 0.4088148765783822, 0.38455465923045185, 0.3263899272769553, 0.3206979255995968, 0.5209043517292442, 0.4139722316926989, 0.4499296414015194, 0.4380871177691612, 0.40346597953714275, 0.3964933323642155, 0.3090317447726085, 0.41139679358017966, 0.4659063685291881, 0.44264388071266864, 0.39455580520115985, 0.5402523581729981], [0.4306017014781726, 0.6448128896547282, 0.28732337624571275, 0.2457543165741186, 0.5868915447715036, 0.08188130216661364, 0.031215909254898352, 1.3931122023618523, 0.5542135178915528, 0.43614557910147855, 0.22529260598505663, 0.7589700115428801, 0.5545917676632246, 0.18582371555851926, 0.30425716562104915, 0.33106605514626414, 1.2188820741534403, 1.4493405396448857, 0.04706521822292657, 0.6192843398265044], [0.39233037373587865, 0.24956992578510695, 0.4906731112588938, 0.13773608078128421, 0.2479280572491658, 0.17664139061345133, 0.14514530175496623, 0.23329678324867056, 0.11802927104152054, 0.3179746707655219, 0.2360716538908045, 0.47999458455428007, 0.21904609843046705, 0.2369627700092004, 0.07957552175401664, 0.08555647211740802, 0.26694343978747087, 0.18869019712642318, 0.14464957168780548, 0.6567433484373701]], "G": [[0.059370035419749445, 0.026151598070538837, 0.8045415622008015, 0.109936804308911], [0.016930552200889345, 0.0170458967561358, 0.1758961177820853, 0.7901274332608887], [0.1410863196891067, 0.054978352704651866, 0.6998894719691867, 0.10404585563705529], [0.015310368659721475, 0.02020398329197099, 0.2364463894762022, 0.7280392585721059], [0.022126636125564016, 0.022344147637588744, 0.33541928331190196, 0.6201099329249451], [0.015527673760165107, 0.024677488051238088, 0.802364279319935, 0.15743055886866292], [0.013266478196094226, 0.004723231770035246, 0.909105612704528, 0.07290467732934436], [0.02957469436194938, 0.0314553723008532, 0.24806725045519504, 0.690902682882002], [0.3510241286002782, 0.4230601198354478, 0.17702032116378866, 0.048895430400486266], [0.11672171816325248, 0.10745347084703921, 0.052737843028529616, 0.7230869679611786], [0.570220694155868, 0.31369231346140947, 0.0697925585333796, 0.04629443384934269], [0.014279308260726079, 0.4736447312614517, 0.045519846279360676, 0.4665561141984614], [0.015190626734619852, 0.28092388528568074, 0.1883789466493983, 0.5155065413303015], [0.03938925612981029, 0.039972522408014334, 0.41184840641972925, 0.5087898150424462], [0.35826084024506905, 0.01282731971408365, 0.46322109399302885, 0.16569074604781917], [0.011452179505384083, 0.01606290689403758, 0.8887842290607008, 0.0837006845398773], [0.3497419996976585, 0.3512194692599522, 0.011739233376857455, 0.28729929766553164], [0.3553298683209795, 0.34567930912031913, 0.08536094954478511, 0.21362987301391598], [0.004545401324047039, 0.004649409421262091, 0.09277787110596349, 0.8980273181487259], [0.14627292595070454, 0.13599763001126164, 0.03665773620034758, 0.6810717078376851], [0.050406446346710265, 0.05655725785636216, 0.6775892480330519, 0.21544704776387627], [0.009789560486573692, 0.006527581119982074, 0.9342354112571121, 0.04944744713633234], [0.013334392336678318, 0.014816900221332157, 0.18949927754715346, 0.7823494298948364], [0.06431437510814833, 0.16024868287665278, 0.6495716027825176, 0.12586533923268234], [0.19681946850347665, 0.2344311730587669, 0.08437119392722478, 0.4843781645105319], [0.03938986843236689, 0.006487350073707231, 0.7762446303853328, 0.1778781511085934], [0.09466671003388254, 0.09847734518907066, 0.451398899968826, 0.35545704480822043], [0.07883945669503357, 0.1672241660114516, 0.09093934419604048, 0.6629970330974737], [0.003545668788933501, 0.007275739877205143, 0.954020629429131, 0.03515796190473088], [0.011270912908973465, 0.008799037691364463, 0.916979750599143, 0.06295029880051689], [0.024276568808848417, 0.028930682179516023, 0.26155912284862254, 0.685233626163013], [0.013888831452936769, 0.01396268075944915, 0.7199240093932388, 0.2522244783943752], [0.28963701252819646, 0.08935063375716557, 0.4263292404055996, 0.194683113309038], [0.06869801767842384, 0.1515106991545787, 0.3905990192736426, 0.3891922638933551], [0.02837642441819217, 0.03292744007978059, 0.09226048736330146, 0.8464356481387268], [0.07161752477487994, 0.07671834322803782, 0.08079346926424397, 0.7708706627328384], [0.7818809881902228, 0.016458077668511508, 0.05889780696327162, 0.1427631271779944], [0.02277386918253267, 0.018888160265034985, 0.6719919255168686, 0.2863460450355634], [0.1547286120665923, 0.14896991428424292, 0.535058588067724, 0.1612428855814398], [0.139892982035147, 0.01926645216834643, 0.7023671242648214, 0.13847344153168487], [0.009953038493770121, 0.28997231589400546, 0.16984777343338223, 0.5302268721788427], [0.01558008315721273, 0.008787044945274368, 0.14997991106905809, 0.8256529608284553], [0.04597212689442611, 0.01231685757043853, 0.5766602940557289, 0.3650507214794052], [0.012732728047832514, 0.016748465182920468, 0.5170630148239419, 0.4534557919453047], [0.047952641479825406, 0.0475143895291781, 0.18779289104872063, 0.7167400779422756], [0.023674244724281247, 0.013685049546416247, 0.6957836271129589, 0.2668570786163436], [0.10160914915463527, 0.11806313340742793, 0.13323138244486177, 0.6470963349930752], [0.41678201590484926, 0.06142411821919213, 0.15053731942919246, 0.37125654644676653], [0.4721664460107332, 0.05707288104553394, 0.09737671535986629, 0.37338395758386644], [0.06533391194191822, 0.03585471392961224, 0.6224964451193947, 0.27631492900907545], [0.08068175482177233, 0.05826762619008313, 0.6788204161231376, 0.18223020286500666], [0.018264500126991268, 0.017084616780382398, 0.8601240093679722, 0.10452687372465445], [0.027000593823993033, 0.3599683209134474, 0.027013950498104403, 0.586017134764455], [0.014405743109074814, 0.01431809948744692, 0.020190935294360234, 0.9510852221091184], [0.21894654795493354, 0.2245822705753885, 0.06867922705670425, 0.4877919544129743], [0.012329150396741569, 0.035432252905276254, 0.25043483586632204, 0.7018037608316602], [0.4791345748752904, 0.4811589183810419, 0.014133454056472362, 0.025573052687194512], [0.028034358544336214, 0.02719661791769305, 0.34101213691625026, 0.6037568866217201], [0.018736146561906267, 0.010461633291985774, 0.022572094245610377, 0.9482301259004978], [0.8659410590967309, 0.007548859806891955, 0.026234013184150237, 0.10027606791222787], [0.002737872504195153, 0.003895698994164459, 0.9607478431510555, 0.03261858535058552], [0.07333797669605924, 0.0458309296796283, 0.12644964552414037, 0.7543814481001715], [0.021286946400946725, 0.010996786415377685, 0.1666955709188925, 0.8010206962647831], [0.03405502865343167, 0.045239107766712396, 0.6130592790349407, 0.3076465845449148], [0.09309842737821768, 0.08093231587791357, 0.7181913518045291, 0.1077779049393398], [0.004671413717875344, 0.00884527600579119, 0.8955273275665879, 0.09095598270974678], [0.73348926379576, 0.03523865679290923, 0.03832228599287428, 0.1929497934184565], [0.2572662437991447, 0.26185012035944016, 0.05816555907813323, 0.4227180767632819], [0.020714528178577364, 0.04777978128318938, 0.5545672337070909, 0.3769384568311425], [0.05988523601247666, 0.012623338234303073, 0.3233539239567656, 0.6041375017964544], [0.3163110250577635, 0.3172251369454358, 0.19983346139823124, 0.16663037659856944], [0.012506021845460588, 0.011372772313787886, 0.8933535923290673, 0.08276761351168443], [0.009317255135780104, 0.035851292213199534, 0.44562842522084534, 0.5092030274301753], [0.1015130842986915, 0.10279600606530054, 0.4244367911180197, 0.37125411851798823], [0.01820814163541243, 0.07723736248246198, 0.6132689261547968, 0.29128556972732933], [0.17844744587947284, 0.010278309937735626, 0.0549428521157673, 0.7563313920670239], [0.039713181325513644, 0.0456489882492606, 0.7563189955837087, 0.15831883484151635], [0.06311819075812994, 0.5660862336851379, 0.08387980927686257, 0.286915766279869], [0.015212872624469869, 0.05735226926211425, 0.6862943791064541, 0.24114047900696278], [0.014869118874144903, 0.07915193342951789, 0.3603159844573537, 0.5456629632389837], [0.3824635748139108, 0.3905771812982252, 0.023412778819320655, 0.20354646506854251], [0.044094198847402184, 0.12948196889585625, 0.629391587820288, 0.19703224443645384], [0.04559040395793201, 0.08806774055719217, 0.34797992985372256, 0.5183619256311546], [0.004940499780689767, 0.006217052649913839, 0.886699252100521, 0.10214319546887585], [0.01867509656045359, 0.031004506797331955, 0.24561619013279945, 0.7047042065094137], [0.00772601297095019, 0.010441027915102291, 0.05547192108584341, 0.9263610380281051], [0.04690880804376765, 0.05707132788574994, 0.43145502245453315, 0.4645648416159481], [0.013535462605230902, 0.016941883351692864, 0.5767870117853544, 0.39273564225772206], [0.006915358602850509, 0.010215595116967124, 0.021352337884349183, 0.9615167083958351], [0.03677761323202659, 0.026670466938434723, 0.16189675110258414, 0.7746551687269538], [0.6586637857268622, 0.004929863126347327, 0.25747313937546334, 0.078933211771327], [0.24894684153507665, 0.22616431481416663, 0.2544521127698815, 0.27043673088087555], [0.018850099093553268, 0.030396871490871676, 0.06853741328970063, 0.8822156161258735], [0.010306231572803791, 0.004534376644423556, 0.8289966789003755, 0.15616271288239833], [0.055589835625793976, 0.03539790617540776, 0.4866052576747747, 0.4224070005240235], [0.09502072020551348, 0.13417838537087018, 0.1426772068719534, 0.6281236875516618], [0.0067095486284607115, 0.006340755334846214, 0.054386626499994054, 0.9325630695366991], [0.026903725233874954, 0.3231047109180906, 0.38879596486467277, 0.2611955989833625], [0.06998411221834229, 0.460325009325141, 0.4103694508244487, 0.05932142763206822], [0.013478973394568385, 0.050146976426615544, 0.61912364502164, 0.3172504051571758], [0.2735375665889732, 0.2926967907038281, 0.07244456348145545, 0.36132107922574375], [0.014010121949265044, 0.011813386451407741, 0.9047254442284394, 0.06945104737088834], [0.08252896287518927, 0.5677256697094157, 0.14889210807286563, 0.20085325934252957], [0.005832212769200282, 0.0044900380407628705, 0.938917991065071, 0.05075975812496607], [0.00256648780646783, 0.00324688300819349, 0.9381324637413746, 0.05605416544396384], [0.015053804500610259, 0.05255236446466478, 0.023601429651584797, 0.9087924013831409], [0.009722897840254272, 0.019006925067339076, 0.03989134309128401, 0.9313788340011222], [0.044960073060213296, 0.08899383021128292, 0.278233730943668, 0.5878123657848345], [0.12062636394510261, 0.12771403515399338, 0.21844641630114495, 0.5332131845997586], [0.006267253860034457, 0.03970956868152702, 0.14171164661434282, 0.8123115308440952], [0.03746285568387066, 0.03785819144830181, 0.48482582315289846, 0.4398531297149292], [0.24942448816875593, 0.2739852455563687, 0.04432375806355042, 0.4322665082113248], [0.005706672370910416, 0.007208913508956288, 0.9222403257497043, 0.06484408837042768], [0.12214876670059625, 0.02122018022231732, 0.05714146047586079, 0.7994895926012241], [0.0196902140292578, 0.41853355530771996, 0.26845273193641733, 0.29332349872660557], [0.03894182027226731, 0.04782097321912269, 0.5802672755816785, 0.3329699309269302], [0.010169307779865239, 0.01836944803422959, 0.08023114400224995, 0.8912301001836556], [0.01716175661293575, 0.014527009769378135, 0.9047399608067371, 0.063571272810949], [0.01506450060575799, 0.07000915730128789, 0.1303642366858971, 0.7845621054070571], [0.06369094281063423, 0.036316378516667844, 0.4914370364866065, 0.4085556421860912], [0.015134072193311794, 0.13186269990138738, 0.5851941796086648, 0.26780904829663627], [0.023109818035744335, 0.02406546247964272, 0.47473418680131074, 0.4780905326833023], [0.1256694134990425, 0.13213642718874186, 0.21985611519830814, 0.5223380441139077], [0.37464660272720474, 0.3799578763728828, 0.10987231131133901, 0.13552320958857303], [0.0841757764384681, 0.027130510692777474, 0.11109663278500426, 0.7775970800837506], [0.008534698572706244, 0.9044727913540881, 0.042805619886006355, 0.04418689018719938], [0.029847222408910194, 0.02467620422985892, 0.6617227102649063, 0.283753863096325], [0.026724553373708677, 0.3874306967122064, 0.07406039637919568, 0.5117843535348888], [0.023864790648323274, 0.22076471733163242, 0.4658265433671358, 0.2895439486529088], [0.011676191050937609, 0.013557578069066168, 0.8199109777225937, 0.15485525315740245], [0.030570863851560996, 0.12073906998762432, 0.5428470441893103, 0.30584302197150465], [0.11953721897436455, 0.11355497153332497, 0.45464124769094655, 0.31226656180136325], [0.0161369558455825, 0.023495344695223627, 0.4027892155334554, 0.557578483925739], [0.04483931900387188, 0.045408098733270265, 0.14736959590345539, 0.7623829863594022], [0.09850017638187031, 0.22931720773941106, 0.4686846972645715, 0.203497918614147], [0.13650170376996906, 0.13002943006440287, 0.3705676818314821, 0.36290118433414614], [0.0370502753995384, 0.0393597304504396, 0.5856064055363976, 0.3379835886136252], [0.5411495829906234, 0.048418556856471284, 0.3289293324347956, 0.0815025277181092], [0.11009784555354023, 0.10736294792764063, 0.22173572504687614, 0.5608034814719423], [0.23841803965357922, 0.23171455905856653, 0.20873740882676792, 0.3211299924610863], [0.09439418039397392, 0.022615416429869355, 0.6312001552309223, 0.25179024794523347], [0.024547166170054795, 0.5724478465281096, 0.14325129184144955, 0.2597536954603862], [0.008115839964163592, 0.002884257120267154, 0.9273462372364929, 0.06165366567907667], [0.04689375340450848, 0.018556889733320737, 0.5696047448952203, 0.3649446119669507], [0.04696300063766654, 0.06503339846893798, 0.04359548107770442, 0.8444081198156901], [0.016762865385876118, 0.025661660067701757, 0.3541957569923855, 0.6033797175540359], [0.04683201833429181, 0.0434294866511168, 0.6129865402178696, 0.296751954796722], [0.1468957221146005, 0.13805143070764703, 0.09609144860848907, 0.6189613985692644], [0.025016011360396183, 0.014622212977783386, 0.5562226769818209, 0.4041390986799995], [0.05042289701225554, 0.14474566631366786, 0.38790476312353117, 0.41692667355054597], [0.04191933589969736, 0.4542061602481031, 0.2672007829917637, 0.23667372086043528], [0.021755552074658326, 0.4343554352818296, 0.13965176761193282, 0.4042372450315796], [0.08299001558547459, 0.016281644261442147, 0.7314763084078046, 0.16925203174527795], [0.01444512817280152, 0.009772196378103308, 0.8930502788288078, 0.0827323966202881], [0.5615561118230497, 0.004947326486416658, 0.07978040490193924, 0.3537161567885944], [0.030496218315942868, 0.043853508841904226, 0.059871296700267536, 0.8657789761418844], [0.07805914785097307, 0.03817101251172793, 0.3460785283856362, 0.5376913112516628], [0.015782303634519268, 0.009949026459612466, 0.7544558241607219, 0.21981284574514634], [0.002786022209495458, 0.0027944892529693298, 0.9614318684356492, 0.032987620101885655], [0.07449781751642737, 0.339151004095854, 0.18263941272745096, 0.4037117656602678], [0.004802192351773717, 0.004757643396972135, 0.09009431557627717, 0.9003458486749766], [0.04221619300386461, 0.04665505357326117, 0.3009432123973139, 0.6101855410255607], [0.01327738589241231, 0.014799223541793029, 0.8200794637470413, 0.15184392681875275], [0.02080149606171364, 0.021531872976414828, 0.022000567320051907, 0.9356660636418187], [0.016981461601645518, 0.008749908567686543, 0.056673003333677224, 0.91759562649699], [0.03728047767687795, 0.035654359319929343, 0.6803907572148866, 0.2466744057883057], [0.008716210310595848, 0.2812487147890565, 0.5224978380141507, 0.18753723688619706], [0.017606241794190784, 0.02469750636200552, 0.08014694451277891, 0.8775493073310249], [0.014537673597429222, 0.025634967713482806, 0.06533282870780134, 0.8944945299812866], [0.02735814373859565, 0.05287493665432705, 0.03263135907279643, 0.8871355605342804], [0.1372578126188334, 0.024114244098200333, 0.017748520165495555, 0.8208794231174698], [0.09722883362289396, 0.044581121391073224, 0.6860890969469118, 0.1721009480391207], [0.00407367882414214, 0.00348052810966005, 0.8660287659848228, 0.1264170270813757], [0.005677844866389974, 0.006616403944400169, 0.9191301451566868, 0.06857560603252355], [0.0066262105513840526, 0.008351150814010349, 0.9185077097426638, 0.06651492889194077], [0.030750086833881186, 0.011733065206060949, 0.4679369755635991, 0.4895798723964586], [0.008802462242686708, 0.01837403859608882, 0.5602426233411305, 0.41258087582009345], [0.23152522447091958, 0.06262173145657109, 0.3556931784080462, 0.350159865664464], [0.011535333623888405, 0.01172104848522311, 0.8117024472838034, 0.1650411706070838], [0.03775713879008575, 0.01193212541026733, 0.5764743689658488, 0.3738363668337983], [0.08212455559979746, 0.07723854064598559, 0.40477609804518544, 0.4358608057090313], [0.04007744480338989, 0.06700407752318924, 0.6451990825538257, 0.24771939511959545], [0.18317824522041637, 0.1517965679460125, 0.5302905479939959, 0.13473463883957532], [0.07364468530259696, 0.0280363413247445, 0.13533511021449712, 0.762983863158161], [0.02141557924132492, 0.019001244986685213, 0.04140609606254066, 0.9181770797094502], [0.013876462351535437, 0.008347048035010074, 0.8992954310534453, 0.07848105856000956], [0.01906613548525837, 0.022895624135926607, 0.056479403206425256, 0.9015588371723893], [0.06801973998013348, 0.17594494199643054, 0.04850606994553243, 0.7075292480779033], [0.03627300038043222, 0.06509225960487845, 0.6422222032246252, 0.2564125367900652], [0.015433114548942195, 0.09721135738363991, 0.5852325481509899, 0.3021229799164275], [0.018483031782766834, 0.01246336425074461, 0.480302130520203, 0.4887514734462845], [0.020621375240316608, 0.04094389816531506, 0.8475372525356125, 0.09089747405875448], [0.013020511700339356, 0.015104381429895468, 0.8094563000753897, 0.16241880679437637], [0.17884819937315183, 0.1878544887318529, 0.3343521743884519, 0.2989451375065442], [0.11788985276273917, 0.09282198452585491, 0.275774941606953, 0.5135132211044526], [0.011063401524108602, 0.024414620967192404, 0.014511903220787409, 0.9500100742879121], [0.08400024287592399, 0.08852776495921637, 0.4768887436365003, 0.3505832485283589], [0.4075970593613095, 0.045375225715229825, 0.4886696977214649, 0.058358017201995946], [0.0877704979479569, 0.10151226351048541, 0.2115630114601148, 0.5991542270814428], [0.37190967002261127, 0.029849229841919914, 0.2943657759634425, 0.3038753241720259], [0.22901685489138418, 0.061157761926795624, 0.16629800876556766, 0.5435273744162521], [0.06306017564596211, 0.05795532933646282, 0.2816661599913279, 0.597318335026247], [0.010695265141579334, 0.04227084041067868, 0.5093469610430063, 0.4376869334047362], [0.0158796885879951, 0.01830963247341105, 0.6978666318435094, 0.2679440470950842], [0.19597588767069285, 0.011393016197858097, 0.08790917980217695, 0.7047219163292712], [0.021454534714887372, 0.017529634017352205, 0.8438787938134167, 0.11713703745434446], [0.05954936888975396, 0.10215679550978574, 0.3452585111355614, 0.4930353244648991], [0.025804123669915347, 0.03785574226182787, 0.7871763197944395, 0.14916381427381822], [0.5868027321143614, 0.03407494981826259, 0.2252827312490712, 0.1538395868183044], [0.29453170540260676, 0.3010046464154589, 0.31343820098866393, 0.09102544719327013], [0.01476333335809007, 0.0614085814877569, 0.42197494718678863, 0.5018531379673656], [0.01925086764580873, 0.016286510761283967, 0.5264107729302957, 0.43805184866261115], [0.023783373608183618, 0.07689557399455565, 0.3377833745948118, 0.561537677802449], [0.00827703952252154, 0.011992819391111386, 0.8524889138331498, 0.12724122725321801], [0.26479112533298615, 0.05082397091059763, 0.05220170191867697, 0.6321832018377388], [0.04080227767097131, 0.05675044505479168, 0.4465419874886906, 0.45590528978554734], [0.03520630705878297, 0.03301746856805966, 0.582428002752752, 0.3493482216204057], [0.0080366449782918, 0.009339713331302783, 0.5160471186139992, 0.4665765230764062], [0.7979357476827036, 0.011163583134058574, 0.06014159410946616, 0.13075907507377102], [0.015312289487664953, 0.0073680973665782665, 0.03494416969717545, 0.9423754434485812], [0.015898445673365073, 0.034233601768701744, 0.700810371237848, 0.24905758132008501], [0.14006657952944065, 0.140708287228248, 0.30229273210748836, 0.4169324011348214], [0.01647011693764686, 0.012956956649038356, 0.3281001905926202, 0.6424727358206944], [0.4372255304142856, 0.025505202060916953, 0.3666923440946634, 0.1705769234301341], [0.005782370981751153, 0.0036504330062501343, 0.8685245194409104, 0.12204267657108878], [0.01400831852426652, 0.0164440762229401, 0.07718393667392066, 0.8923636685788732], [0.035393004286828095, 0.39327542978254587, 0.44016190018089224, 0.13116966574973338], [0.10097619811052438, 0.018245014286305504, 0.4208044579280707, 0.45997432967509955], [0.2981884526647731, 0.33238737199816826, 0.0959587304133106, 0.273465444923749], [0.041890982772866875, 0.031242503359086196, 0.5369294539357033, 0.3899370599323431], [0.03149439915683721, 0.022952032275794152, 0.6697692684518884, 0.2757843001154807], [0.018514895718990683, 0.01842545037658456, 0.8085784502370218, 0.1544812036674022], [0.07155280624180602, 0.016838602864991777, 0.2743590742021998, 0.6372495166910024], [0.018040016255494604, 0.8478946392953317, 0.06980441836852246, 0.06426092608065091], [0.012392966893147794, 0.011476978031815695, 0.8568897701495489, 0.11924028492548755], [0.01055695509796835, 0.09445629406711645, 0.30750249890272807, 0.5874842519321867], [0.003974844767975629, 0.004967129975776093, 0.04579104545744977, 0.9452669797987987], [0.013332177596179879, 0.013801679649662488, 0.7692204992742139, 0.20364564347994385], [0.008612137197697899, 0.12344882168929529, 0.5983461786529051, 0.2695928624601022], [0.03471181185906729, 0.10084731947108153, 0.6492447262933091, 0.21519614237654092], [0.03094562671384884, 0.038681241797857036, 0.7176638892578061, 0.21270924223048726], [0.008033403406231784, 0.005015996739742621, 0.04217905980481284, 0.944771540049213], [0.10853147820049244, 0.09883926163553297, 0.026006248205199728, 0.7666230119587756], [0.04971017167083766, 0.20732543157639058, 0.5116273066784633, 0.23133709007430825], [0.013983635817393373, 0.0486086317801217, 0.1995511778623069, 0.7378565545401766], [0.004916296050501643, 0.004853882682384763, 0.9315952967745936, 0.05863452449251968], [0.006017289628046042, 0.006604708921182911, 0.8350358866587286, 0.15234211479204332], [0.010630802430351912, 0.011077465345136935, 0.5475343830074444, 0.43075734921706677], [0.09156085363015928, 0.05208495686073155, 0.7319428293397705, 0.1244113601693387], [0.029570700667989558, 0.00986353909389486, 0.8153125312866801, 0.14525322895143564], [0.04366432496445492, 0.036727314143242755, 0.612219290484907, 0.30738907040739505], [0.2658974351930927, 0.2684303139833519, 0.409358678969345, 0.05631357185421046], [0.010925769583913095, 0.034180785412769324, 0.642114649019267, 0.3127787959840505], [0.1777229756759998, 0.013375601359903316, 0.4923580762492932, 0.31654334671480394], [0.3204741413194021, 0.15617580086262725, 0.16307543805065602, 0.3602746197673148], [0.4766472926996956, 0.2445114315429415, 0.11355471835797971, 0.16528655739938342], [0.011762626899201668, 0.013786243070188666, 0.10576665090390401, 0.8686844791267049], [0.00542582740427946, 0.007395830340678969, 0.9500500377555697, 0.03712830449947202], [0.1119594609075429, 0.10327518429436537, 0.11481980270433184, 0.6699455520937608], [0.07718100875163242, 0.02574543460734142, 0.6796993286177204, 0.21737422802330664], [0.3977560794221728, 0.4066319392713225, 0.11245068037767214, 0.08316130092883302], [0.026595951664449412, 0.01704616142949019, 0.8135803887325548, 0.14277749817350505], [0.06987679755092509, 0.07650952219872476, 0.06076715975725475, 0.7928465204930955], [0.12067449262012808, 0.0400434631474585, 0.44924959132003456, 0.39003245291237887], [0.04079950744202972, 0.07240005051363703, 0.07908680697200819, 0.8077136350723257], [0.008216812891910064, 0.006284265297493949, 0.8618022999309979, 0.1236966218795975], [0.025393887955709238, 0.02875475847453457, 0.8566751841102758, 0.08917616945948072], [0.008124687642037515, 0.009076376374250171, 0.9344717000735405, 0.04832723591017154], [0.009178744128711487, 0.011081399338421638, 0.8937978964034137, 0.08594196012945338], [0.010967572563652791, 0.0358991733220289, 0.15155596096147725, 0.8015772931528397], [0.35965881228465985, 0.36684291035947264, 0.04064145979265527, 0.23285681756321186], [0.04306634166451119, 0.5529205222348651, 0.1811202149539483, 0.2228929211466753], [0.01626243155168081, 0.048221259882984875, 0.3443988065611628, 0.5911175020041728], [0.030015427883906837, 0.02493767638929627, 0.13078632655711045, 0.8142605691696855], [0.018421914597339942, 0.5450567897549925, 0.040686119523406665, 0.3958351761242619], [0.005581756928301743, 0.057732871380926025, 0.821657394822462, 0.11502797686831041], [0.25547690571358517, 0.19775763710011265, 0.05664797839363953, 0.4901174787926631], [