{"estimation": {"a": 25.887703145010192, "rho": [0.23035204230963774, 0.23306042743212393, 0.29695945645115224, 0.2396280738070865], "Mu": [[-1.0052233247392506, 0.2747444475445705, -1.1611693277038295, -1.174745874749125, 1.0733430513315736, 0.8808252264784124, -1.3754180648640513, 2.0118028220609045, 0.8278202652320993, -1.1942853573427314, -1.4468349868106256, -0.4057056777057444, -0.9944365594814398, -2.3124332188131134, 1.5035692383359116, 3.059748981943196, 1.6347552919650101, 3.792909288875973, -0.9650076166653138, 5.918844131343152, 2.8886251274857324, 1.0777315750818568, -2.7106863679530755, -0.9074329271956906, -2.176868521597292, -1.0315340571294502, 2.252836757472635, 2.719503112264817, 0.619479601376301, -0.4880382462687431, 0.01318777285395137, -2.464879132374101, 0.15857321008158312, -0.14159064823130074, -2.814321988759705, 0.2936169988640677, -3.6637920655212675, 0.4460714040541122, -0.467974991870981, 4.272128815138033, 0.08000525423371893, -4.3467916611299655, -1.1883244217205526, -0.10524174259333194, 0.18791311962294488, -2.6403846653018657, -2.481075956214097, 3.7315449241502243, -1.5722302288287477, -1.5371295738581598, -0.08929884440325787, 0.5881847146336183, -1.6270511541603243, -3.2756314341880546, -0.4885000412327265, 0.2911650311703629, 0.5419946055837217, -0.773855850145184, 1.004032268756773, 1.3764529479805885, -0.05327323735595648, -2.3652009389612405, -1.948996900492971, 0.21308479650481862, -0.2292312128364633, 3.815890315625511, -0.2774525394447271, 1.8908644242108004, 0.32551584767980996, 2.78570802747246, -2.267062446005563, 1.491559977753292, -2.9328194447061446, 1.561738226109223, 0.8143764733847327, -0.07774645547685698, -1.745030108035922, 0.44236218384536735, 1.870645468204778, 2.67167518070019, 1.2364623729099107, 0.21868282087635105, 0.5996557104261779, 1.0256484061793094, -1.7697684036130692, 1.0827041846818029, 1.0331915691827331, 0.004244248390759737, -2.0036987961695067, -0.021549493775824644, -0.4603225082634978, -3.261694982614951, -1.0724134627786719, 3.5302849307348088, -1.6644362531767842, 0.3995593966835937, -0.9106821158345969, -2.032773002511695, 1.4411816295591393, 0.9804620551532386], [-1.1186024117086322, 0.47975770214927416, -1.1038360612768836, -1.2174834864063704, 1.1402073770548917, 0.9112667152088965, -1.605250741121804, 1.9066535483615497, 0.6040124598751871, -1.0849794719320087, -1.2136432919106381, -0.5265921949227031, -0.571667799424181, -2.18990467071123, 1.7040889282339415, 2.8922895141421776, 1.607415686950682, 4.143003158144321, -0.9163077843095484, 6.246578055461527, 3.169782733023886, 1.1400936228107923, -2.6365096852741754, -0.5822830057450452, -1.9172113407117368, -1.105553786616445, 2.2679283081666317, 2.8557435741720347, 0.541744869804847, -0.306671386747063, -0.06370244987773618, -2.1384992317231464, -0.0371470977152843, -0.24076670812418013, -3.012194179358363, 0.25955958088522296, -3.3089386715351337, 0.3995565559235571, -0.5804472840200644, 4.447912407057276, 0.08774882124091246, -4.449386029514503, -1.1100054394954675, 0.20043502150168763, 0.056863089056525096, -2.2502472897796943, -2.39916527008335, 4.008397864852581, -1.5143973169822367, -1.5877111252094998, 0.05903240315219928, 0.4533986196170641, -1.6179909309793257, -3.185987678836823, -0.46640311592295797, 0.1738892407497069, 0.34695784363368826, -0.8488337811026847, 0.9896283121226978, 1.5354106604523958, -0.016610306895184414, -2.519725976457823, -2.2338488532963017, 0.21151493115875078, -0.21192743023547153, 3.8527108534347603, 0.09040775002660945, 2.0536882795548013, 0.5051661115365339, 2.601309833416578, -2.1686810697099856, 1.9639811352548389, -3.062844131063243, 1.5818073060878917, 0.8279060050047635, -0.2957682806283714, -1.9055679671421442, 0.5582405397689375, 1.8917065365304322, 2.8117656169560523, 1.1669986978573688, 0.28788907080047843, 0.702760375628148, 1.279325973220599, -1.6742083789372797, 1.2817898824423672, 0.9877095029101899, -0.024491074417418355, -1.8337261719257514, -0.02514539093159038, -0.32554394798369113, -3.275653774287326, -0.9830202665407289, 3.2438482360530445, -1.823886909340826, 0.0689805041711321, -1.3465572174919977, -2.1028621519930204, 1.5421094481914148, 1.0639827000830562], [2.007365247567453, 1.6023222108107809, 1.052455628345036, 0.02105065327015009, -3.2691906146229375, 2.343392593696732, -4.733841164525626, 4.474484021124202, -1.48322864762848, -0.16305248153533752, -0.9734427595766255, -1.7243807787503762, 3.7221251553717973, 1.9975451248455318, 1.8477069317691046, -3.8045618230600984, -0.759394451312737, -1.3974014932549115, 0.710757541650986, 2.087088330987093, -0.5087443218633055, -1.5950284396601748, -3.308894645278254, 1.7609450210601822, 3.3841791905690783, -0.6137593753963118, 0.3133524514688734, 1.2221632492037813, 0.901643316916322, 0.638742945236526, -1.7245595332778882, 3.62480310618095, -2.056224741437306, -1.6184289078092713, 0.32580702967157676, -0.1666680138815177, 0.6053063474560367, -0.8515840471794013, -0.9224946915139347, -0.317005660356781, -4.441714423333348, -0.5134043324201394, -2.4106210187578316, -1.2913958721158594, 0.6110661747198523, 2.169204519824043, 0.4655237857688129, -2.0070793297880094, -1.0786306409681403, 0.9126029142856402, -1.802838621305512, -0.05892083300617211, 2.101776765704505, 0.1294062292670481, -2.0772204665970126, 1.9361685310782535, 1.5292595766608206, 0.3573928648897777, -5.641817166600057, 1.4368779273081795, -0.14462697842605754, -2.943051774960261, -2.0518811573823514, -0.9686424158598026, 0.7952509442031505, -1.4875630778151734, -1.0985572795978242, -0.2535446998935114, -0.10435542727649762, -2.4521569947653403, 2.678373775987117, -0.4969996463664178, 0.3959300408194097, -0.8303027014712951, 0.7059816216112227, 0.3244602538025917, 0.24844773934169256, 0.2842235613314238, 2.4828294697304147, 2.418635166921846, 0.39673143798417054, -1.2137606812546196, -5.119173400757444, 2.123695596054727, 3.9465580799855324, 0.9332292702294078, 0.8010141087142593, 1.3077172809667788, -1.8782927776517997, 0.9870282365361216, 3.4760460486570466, 0.5314531318553761, 0.242305476590775, -2.4296796362268913, -0.7259038886061681, 4.965102015294157, -0.8746306042672432, 2.408997056116333, 2.3874722079374324, -0.3525460526305125], [1.7913182338457116, 1.5621883320627155, 0.8191096793263529, 0.0821595639844647, -3.118203933976042, 2.4661409317909992, -4.822624790917259, 4.329178126941057, -1.5176234232692, -0.2722758710959251, -1.1242552488708888, -1.7240335651249983, 3.6402652352448723, 2.297318969296347, 1.847944850836605, -3.6617324796535735, -0.9110079034516586, -1.4762411524197505, 0.4351236977887851, 2.1631213487255, -0.8782253367206521, -1.559381630864913, -3.2247233293221456, 1.7590879566870476, 2.8495528394003844, -0.5321536856912609, 0.32884251811638254, 1.2057808216409343, 0.8017414917589246, 0.6735985624901578, -1.8025842766513098, 3.741525038685049, -2.1022016072709766, -1.6520801146048663, 0.5392779523080685, 0.06357390451388933, 1.0840060778986667, -1.0551384825526995, -0.770969374763109, -0.23077813572742303, -4.517789303655664, -0.548524610589855, -2.149097619753485, -1.58238367357843, 0.623886477163648, 2.09592135779391, 0.44236437074576596, -2.1364477344978132, -1.169542120767752, 0.9046479372043177, -1.8929797087491158, -0.04876876406547926, 2.2054095361852264, 0.01679009974400637, -1.9792342176964621, 1.7854379807912772, 1.5757983830821245, 0.1751492415220761, -5.628285567643247, 1.44282051715611, -0.1060852662405117, -3.057799276537843, -1.8981376703656874, -0.9071027195295265, 0.8689765099600951, -1.4035180328422536, -1.0984502758638175, -0.34218303834547126, -0.056058433556901904, -2.401314441078806, 2.634996903712037, -0.3912688966181165, 0.41909497077502583, -1.0315770001381355, 0.5979604528844819, 0.22586262223237924, 0.2846879482097454, -0.5106880947609252, 2.256255803850529, 2.916123739006988, 0.8022205193274698, -1.1913426760627042, -5.00883341507126, 2.0878307109457017, 3.8576937761753953, 1.0494139542220635, 0.7153298722454446, 1.3143310821043788, -1.9627278796619623, 1.001861833930331, 3.344821399033772, 0.8992802215533731, 0.3748806090173615, -2.4637485991922903, -0.7100298701520116, 5.1539282229468935, -1.028343413382288, 2.2438405231021354, 2.4055224523953394, -0.550151642012943], [-1.6024585089757946, 4.049813398512141, -0.14301564372926567, 4.383847499767067, 0.1514773660714306, 0.06580495417328004, -1.5333844527789042, -0.8850882962106158, 0.1951909970305142, -2.3954092088495447, 3.9790730998442863, -4.026191905628621, -0.9125053569127305, 0.7228686064321435, -0.08090853824459182, -3.087064660250373, -1.2784599895111086, 0.3900176303097682, -3.0218780060472588, -1.7666931344154095, 2.3576161946184246, 0.6051229819049864, 1.1870023285832974, -3.4494799644765215, -2.46791841274082, 0.8962065121328489, -0.2487804286163773, 3.2315365147576216, -1.3623930211593938, 3.339048845332847, 1.0331579728904496, 0.49224742961593215, -0.8891536396851327, -2.9728660586153968, 0.5242406847092687, -0.07425159884653991, -0.9035351308467505, -5.252218275861152, -2.8668240760310666, -0.008798089873436787, 1.2790486410493604, 1.6026709861579072, -5.250966703555684, -3.3526705675514368, 1.1152631782034288, 1.2543805212130361, 0.2513135742465213, -5.101042054208688, -1.6681911638617037, -6.3190772019792485, 2.382085914565344, 0.7437063469987805, 5.20498266110637, -0.19481984009597206, 0.9218062934368519, -1.1430157521371624, -2.685795398540181, 3.925865892753184, 0.7128813990411775, 0.47974553900379613, -1.7895632001916326, -2.174309384178008, -1.4207466269748064, -0.12251386859257528, 0.9070358616049099, -4.055151228959854, 2.8391896006747377, 2.20762032292595, 2.9539107208344673, 3.369924767247298, -1.6156074985878912, -1.4930843161643699, -2.72527644889658, 3.5500804268589805, 0.5731948787499108, -3.0415749029598227, 0.3169577293383559, 0.01799899647135869, 0.11567637069106028, -0.5198028454466632, -0.456284989439608, -1.5116286087639066, 0.08818034758126131, -1.301575404173316, 0.18323882196572064, 3.86157350012193, -3.039424360018231, 0.025201735134515048, -0.7418707939331498, -0.6092974622617684, 5.966390982300731, -0.3593267921658941, -0.4685685163454524, -2.3575169512704655, -3.7141846276808903, 1.3369166456327681, 1.2221406171264824, -6.571764735968489, 0.8342078237977161, -2.2833383310583346], [-1.6016644899692307, 3.9282837997198587, 0.06257389201275136, 4.222932828124975, 0.16527958060784428, 0.07092501705665546, -1.4188160101389173, -0.7208165916954667, 0.35415750914610516, -2.7067493832078346, 3.892670420422758, -4.236184997400057, -1.2944536728907126, 0.6349158193779793, -0.208291585762086, -3.00723176438864, -1.215652776432689, 0.438464875699818, -2.766165391951834, -1.9978716538696808, 2.4141456018980265, 0.35778332939559004, 1.2084311336176752, -3.2759496496761384, -2.503559124120813, 0.9469189499718356, -0.10763204596966858, 3.1090212888145783, -1.3538355390246213, 3.691567603158179, 1.1183167626522255, 0.28247305629781116, -0.85357055683739, -2.7580272493171782, 0.613130802415251, -0.4942207626840026, -0.8347325200317616, -5.339488939305214, -2.9890510564994233, 0.06638103630774662, 1.3405812621968833, 1.5645127660457216, -5.223399867297242, -3.292958566176374, 1.1594210614665192, 1.309174655163108, 0.1560990612434604, -4.852830980699698, -1.5752725515814516, -6.344145887655929, 2.5460042159056187, 1.1176958995140243, 5.0858769900641345, -0.26566450485817505, 0.8391713967328651, -1.2563372515467257, -2.730771668072902, 3.5353507423702224, 0.6084821836054347, 0.4857061872606161, -1.6015588081630099, -2.2883746643416765, -1.4070856468527042, 0.058372434199094894, 0.8161049729624378, -3.9803367686863647, 3.097032929375397, 2.4497638235034613, 3.0554020275608647, 3.0729087945045723, -1.8006362635630333, -1.5824546108395965, -2.7518075360292866, 3.602129672871721, 0.6039230664267998, -3.0121823949969717, 0.4800064141002202, 0.12055694595381056, 0.16302977482480954, -0.639348450670599, -0.5243864190537849, -1.527045742826302, 0.1426482588632118, -1.2801708321021097, 0.0072728896541876704, 3.656425508753501, -3.074319959648937, -0.1917667020963369, -0.8258909069545838, -0.4477488372941428, 5.6848146199524905, -0.4739304470370944, -0.7204402946218632, -2.404839063124851, -3.8465414188673877, 1.3662314451566664, 1.308294931699282, -6.467881219622855, 0.46877426736366257, -2.1694968327363298], [0.6455363047082148, -2.0466293518710414, -0.5749307072767144, 4.985542474953077, 2.985144902960086, -1.376653007197682, 0.8923326381232769, -1.458068608074357, -2.8785325827385155, 0.14931897625083534, -4.762834030895221, -3.7168171366070966, -1.169249511414626, 0.4566184560768576, 0.24792341225137232, 1.151973063882182, 2.5227786467371534, -1.0288425563896355, 2.2384745142242375, 1.0601857880829377, -2.7649297120051517, -0.8640458849667817, 0.9960973899457352, -2.552266163766506, -1.6569523766867968, -1.293529055252616, 2.2559695661301142, -2.204146890449462, -2.424760037498972, -2.701025403388369, -0.7884303919348963, 0.8453547402104199, -0.7006398998078422, 1.1234538602388757, -3.1217972594273684, 1.6437832199363325, -0.8613984638342077, 4.360525264060135, 0.07088174463423627, -0.6679800182327256, -0.43547216399671734, -2.5178603575340155, 1.9466439999223357, 0.33730571896878014, -2.6719353813501545, -3.2630653116746866, 1.490067950046911, 1.4916973446910782, -1.1420495379927469, 1.091405035558413, 3.4694531856689994, -2.034289729888655, -0.7723554185618291, -5.400889934764521, -2.513606672284313, 1.4431775221418843, 3.605117581249335, -3.2285138583294186, -2.043699481214483, 0.768368222151866, 1.4672927914860203, -0.0024698639501724304, -0.5383205244817583, -2.30559264028928, 0.6943317030620958, 2.1865843747281684, -1.438629287866871, -1.9668749439096511, -2.6409194369020597, -1.1332563352606766, 0.6917978733982092, 3.253436252054371, 1.2194397216602657, 1.071505970898861, -2.947135721311053, -0.6552633418062837, -1.247768861169311, -2.6101855341482265, 0.12399348406538871, 2.617283544543322, -2.5270832848694713, -3.7534773449530716, 0.9985969265822318, 1.4586738120658356, -1.4244524739629212, 3.42055069545789, -0.2630248229267905, 0.8248931734000261, 0.4786232563180478, -1.8639237681025909, -4.10460790866553, -4.416625340943202, -0.371334791659716, 2.8884196942793174, 0.24454282207418537, 0.8659698288213454, 0.6669953013602337, -0.751980064959705, 0.8081137077969311, -0.5054495705940614], [1.4265998624382483, 3.5419941993543578, 0.12354832029930103, -3.214954707339278, 0.8743468524270591, 0.14302189862905954, 4.555347013443043, 2.761537150650156, 2.4155203380338914, 5.636681825459938, -3.0242830523405315, 0.7492852168118919, 0.18802749996575818, -3.304380943809522, -3.430028617765692, -1.842882972631659, 3.301619841796239, -2.2436870158264095, -1.8654062341906759, -2.801665874958164, 1.6614146082292987, -0.09200754457152308, 3.170249697364583, 2.315267435400031, -2.0985093889938984, -0.37842473007636945, -0.37563357930339153, 0.20590532061300326, 5.760800709917635, -0.0930915148502448, 0.6073840977356538, 2.1539254901389717, 0.17006943891628423, -0.10178729400376313, -0.14293292089490153, -3.3623899656889353, 1.3324746138631376, 0.9567450251032258, 4.56282949921982, -5.04343971789209, 2.7449415466520106, -0.28684191991652114, 4.297642345413614, 0.6956441801167911, 0.22900410771113208, 1.015968501191136, 2.1929080776580196, -5.755373513894797, 1.835736632845453, 0.9898644565454935, -1.433509971140132, 3.651693705420678, -0.25213634154320164, -1.223138408472445, 1.886109218446619, 1.7476336876653609, -1.7608563123938035, -2.8983027980893934, -0.7556927049597321, -0.2485121496462856, 3.797977095700235, 2.6733287484328487, 2.5288023808580165, 0.1724074772327834, 0.161247170222109, -2.4605795258839622, 2.00569013282746, 0.14970692752262046, -0.4735212011880021, 4.89543636923371, -0.9057862988709928, 1.0949077997283785, 3.1118916382166586, -1.528790464353279, -1.3401799082901173, 2.810158604202348, 1.2676528501829805, 1.2034216245494969, -0.022427005993560338, 2.2490751093498655, 3.0947756690506285, 2.5711406198750684, -1.5453812975010308, 1.5516761161670358, 1.0520491334722546, -2.824682448147215, -0.8107345305063799, -0.4460008263503585, 4.316067085074951, 0.3838315547665693, -3.2449732419233084, 8.775715604991866, 0.934560535245339, -1.7753219872467014, 1.421538282631775, -0.6126532111743541, 0.8749324449503577, -0.540190481193268, 0.9767933697253653, -2.3181140683849906]], "Lambda": [[0.7812136609685393, 0.8032605487954599, 0.570630805096026, 0.4726874998823314, 0.6398036560907269, 0.6578228740014408, 0.4511804421453795, 0.30080651346098575, 0.3565192035844975, 0.6842781676351666, 0.6319426236242036, 1.046195290645513, 0.40632946570808304, 0.5304141643907218, 0.5298588718141095, 0.2865371622753175, 0.676981346616188, 0.40639803109229394, 0.558816061549041, 0.4583322055959323, 0.3920867506321689, 0.6806600385435425, 0.4627087356188901, 0.7895183996956515, 0.6709715282850992, 0.5387240201843863, 0.3078342025172796, 0.2703593333421143, 0.3514889447325341, 0.39440330785459754, 0.5866173140578864, 0.6097136648373979, 0.4236989252726917, 0.358798195301622, 0.31674575927004855, 0.7093306087851527, 0.4252565631231417, 0.5246500959184879, 0.3911027821415342, 0.6237976046173134, 0.5334760445867976, 0.2660365577578218, 0.5768655773542374, 0.6391066482566875, 0.5031524143386711, 0.41533990523483066, 0.43720423052943197, 0.3210619701813765, 0.40451731862737855, 0.7010755961644465, 0.4248466812299695, 0.4239754315429461, 0.20877553696963172, 0.15492868924629913, 0.4247411737987762, 0.6487712424358015, 0.6517426768479235, 0.43980746480704, 0.638206658497468, 0.45416882921246693, 0.40757304737709255, 0.6669471438240795, 0.539389351618331, 0.5303578088337366, 0.7466723282721635, 0.45397352666527563, 0.4894930611575042, 0.8849048964943954, 0.45666036664636683, 0.4296008549264153, 0.5040543679499028, 0.43644290151985843, 0.5901741604834476, 0.44904096199676724, 0.3188351685865162, 0.2595784216984642, 0.44740008187574676, 0.23269809672591843, 0.3493525710143947, 0.39825815465715025, 0.7321243414899491, 0.39661234936265577, 0.5477666565287929, 0.9255906273801179, 0.317107494310219, 0.9643103904415162, 0.9544070540946753, 0.5006366216224698, 0.48340600623427576, 0.5184468262531847, 0.41813533431972005, 0.23081365079636115, 0.3535664507831406, 0.4999059888042314, 0.29794305732230003, 0.34133773142176155, 0.2812247942065004, 0.607476574475593, 0.6397840982606564, 0.7930338467976735], [0.7471545914400216, 0.7889997326189411, 0.5732051976655685, 0.4770037657728622, 0.6706685597714688, 0.6474779107468968, 0.4577377084303402, 0.31068568533390917, 0.3496086766456143, 0.6891428987344508, 0.6600279945524032, 1.1044879190298968, 0.37933099602060866, 0.5402683925859053, 0.5409650746064307, 0.298589349373352, 0.6666458349159549, 0.3906024289696085, 0.5423405502798446, 0.4264776292468304, 0.37719396233047764, 0.6561784760179475, 0.49643301437686, 0.7880722698428059, 0.6753000405338172, 0.5087312577171804, 0.3130059592277138, 0.26993768808729857, 0.3591484764811726, 0.39521163817012456, 0.5802638818498597, 0.5998100478469767, 0.39581069226880583, 0.3500234597553706, 0.32369930014295006, 0.7129118444961204, 0.42259814470950857, 0.4970495185948307, 0.37777305360348806, 0.6209837751558678, 0.5378085854363023, 0.25155682396496726, 0.6007882635739213, 0.6886038138453557, 0.5171675366677787, 0.407479786164587, 0.4272027118685545, 0.3032058759074176, 0.4208028793086716, 0.7111649726319291, 0.4161670524479959, 0.43525588928479453, 0.1993510280836759, 0.1515156229898393, 0.3995300221099483, 0.6486293951864315, 0.691313147803697, 0.45790113314213704, 0.6354039479679083, 0.4347614646555665, 0.4179538733083668, 0.6450596397548036, 0.5056909145707084, 0.5328933958587435, 0.7276085221962827, 0.44859229980441373, 0.5059090972783005, 0.9175463577292846, 0.4405085944995942, 0.4265086121190464, 0.5031777349984237, 0.43543518693014766, 0.589305874724904, 0.440319456299361, 0.3266047004479568, 0.26863411948418553, 0.4545298254871788, 0.25738291557592113, 0.36237585638974845, 0.38662856680805074, 0.7337422189606801, 0.39267266890628644, 0.5586303023246876, 0.9654777064106385, 0.303076130901227, 0.9208034587746665, 0.9141194515292641, 0.4928103923795207, 0.48569154964605193, 0.505736055365338, 0.40320252989506206, 0.23196825441542396, 0.357356390935707, 0.49634828020399546, 0.2910492653266477, 0.35647768038465494, 0.3002894137279262, 0.6069788488762969, 0.6295929289230914, 0.7999203484119285], [0.36980258770778723, 0.5643485343197752, 0.4758723429742102, 0.2809613982608152, 0.2929216136565666, 0.6832759091700633, 0.3830189565419369, 0.835623800554892, 0.39679031159300154, 0.995215857617305, 0.7511371408170673, 0.8563390978928636, 0.3845461367714428, 0.626458927619503, 0.3994915868543518, 0.3825688764752191, 0.4634163529661223, 0.5754035801549694, 0.43136037193609844, 0.24829094905301768, 0.38224851867404325, 0.7091310115954456, 0.5668052083761701, 0.40312260682232304, 0.46048115044820814, 0.4548983388297709, 0.5810492115605672, 0.45922107527445427, 0.5409897027382612, 0.7136368824120576, 0.4421229598903526, 0.9733029713631031, 0.49355082534462286, 0.33057048394923644, 0.8870297231636449, 0.38366104612879587, 0.36784805447701613, 0.36009777435762497, 0.9953231736930843, 0.4409759764265254, 0.330055144220612, 0.3070972930671426, 0.8228197090608227, 0.712203151441241, 0.3336942076927617, 0.6971311596839529, 0.8549639395064111, 0.9103434808901638, 0.6923374596581053, 0.592577555592247, 0.5694775730383109, 0.5743031348680769, 0.462916882707934, 0.42768553703839274, 0.8482214291839585, 0.47846422151850754, 0.29588032160172323, 0.3354426884675268, 0.2635467978904956, 0.6715493068771585, 0.4194245383580701, 0.5394082872956103, 0.43149923173564403, 0.46054768986938893, 0.2781470703522055, 0.43278095453033344, 0.5575912385661801, 0.3849164161313478, 0.3681175092801856, 0.7255671289054882, 0.3910766318044553, 0.5173624705432649, 0.6932257246333494, 0.4434947324202483, 0.43698591346338156, 0.43853462220484796, 0.7982835491984187, 0.43294476693453, 0.48451586850659534, 0.16328603635213762, 0.27975443969948716, 0.5132249756894177, 0.21782716332481727, 0.5989408895583201, 0.36627322288436465, 0.6311003033947249, 0.556580783231372, 0.476550751805918, 0.7542551689099574, 0.44783666061509814, 0.4965854683464242, 0.23844123387609858, 0.6470400534878818, 0.5906888582897902, 0.664882577514661, 0.2562364257461257, 0.30172417281237596, 0.5418965444991815, 0.3065302632106708, 0.1982622491645354], [0.3741382645979572, 0.5552094296795622, 0.4818417108399952, 0.28387970472846996, 0.2956514254741977, 0.6885719811449464, 0.38660300298331685, 0.8456833610201502, 0.38935686908939504, 0.9816207581009687, 0.7608145524766554, 0.8181833856842721, 0.3684288567392672, 0.6021229675611677, 0.3896281923215368, 0.38228100611019467, 0.4488803782125851, 0.5389617203983472, 0.4623644363783525, 0.24463533187066558, 0.3951706866720716, 0.7232705261888076, 0.5939177292835454, 0.3870393380628538, 0.45297035858788365, 0.46135823037173185, 0.5593671489272446, 0.43670617504800363, 0.532935445302751, 0.7003062818323701, 0.4442297254921993, 0.9494497588729298, 0.5028938654212273, 0.32055980149886215, 0.8669204971571214, 0.3671941252630192, 0.35334504151749774, 0.34223593741227376, 1.0116839417332246, 0.4652646657718127, 0.3075515480511347, 0.307989373140262, 0.8092762052643526, 0.7333729666171958, 0.3270978814545571, 0.6937466451842875, 0.8755581580511487, 0.9464415915963376, 0.6983559918394732, 0.6054479762017183, 0.5557426584184259, 0.5716105610877177, 0.4505351368812384, 0.4200584782240702, 0.8464438713370385, 0.4768879111216862, 0.2913306715927738, 0.32565740468704985, 0.2662400804306295, 0.6567356353928993, 0.44065505718661513, 0.5474955104441266, 0.4273731662853306, 0.46846469401149965, 0.2767319871876314, 0.4410282521026572, 0.5450257442667154, 0.3788031500811366, 0.37612987855091273, 0.7148916636240785, 0.396229057950871, 0.5087840076899551, 0.6630578738764633, 0.4426704135672087, 0.4245035967083993, 0.4364477887863376, 0.8117650076295265, 0.45175288803034447, 0.4919792659903051, 0.17649642062555812, 0.28351826525018786, 0.5280519320449515, 0.2161605771213489, 0.5956705794874394, 0.3603005951168911, 0.6074862310390251, 0.5677880584655733, 0.4565702908360099, 0.7701220745731946, 0.4535205826282837, 0.5109981494115835, 0.24703801119726132, 0.6442370435120509, 0.5826657456855526, 0.6768348940625687, 0.2473906806546999, 0.2786104078252495, 0.5364737166267818, 0.3257773059490555, 0.2002817717398683], [0.5649535265674436, 0.20088379378357604, 0.23718349260506907, 0.22066922342518352, 0.39411723252075237, 0.514414383175626, 0.4071911965687836, 0.7446106215587056, 0.7247530005852911, 0.3573358278644548, 0.3474027913548782, 0.22230631191363764, 0.19667051178585201, 0.9914674206066725, 0.6714948415546511, 0.4359499102830867, 0.21570317477338, 0.481008189865422, 0.39964542589428703, 0.37851000984416583, 0.41523266947339155, 0.39247721458576135, 0.4504827715607983, 0.4138567349104383, 0.33350344205950966, 0.4848882330519412, 0.4376157286127516, 0.5003807530000749, 0.32878523954397565, 0.3916208365792326, 0.7177294650602262, 0.36782280261182065, 0.6016067091198583, 0.7139022132975174, 0.5624804001710374, 0.3311574917252001, 0.40103403690065903, 0.44645028378403273, 0.25252735289088285, 0.6076937007303566, 0.4651763448038574, 0.6517722489612356, 0.517256933070512, 0.2790712826407002, 0.32372675551359315, 0.34876918220505726, 0.296599199233315, 0.2869224785312224, 0.5366380987801589, 0.25516335099714876, 0.39577263216045666, 0.21676064699800746, 0.4640469624164381, 0.5475757982272529, 0.5428610102861094, 0.3551683694892217, 0.772590725372628, 0.4401786835245687, 0.5455145727868765, 0.3774293129833529, 0.30417302192638906, 0.28285841949193724, 0.40269593268369835, 0.6631143270297993, 0.41997518931697764, 0.3570705070575487, 0.4335686426606394, 0.3661005951427967, 0.6701590823274064, 0.20659865276181277, 0.38212893366689493, 0.4618417490744757, 0.49809070485377327, 0.4891991999254494, 0.6231019277103043, 0.5362214111457639, 0.4124696048653406, 0.8017847970646951, 0.6725189946939517, 0.5400082963361306, 0.280475655403916, 0.3754156836303148, 0.8077718777261862, 0.6925436861221795, 0.5645332930291082, 0.4943268938188618, 0.3385279862813753, 0.3616929340876568, 0.4439166529243794, 0.49838822890475254, 0.23414151092904895, 0.7172812603250013, 0.48408597187091207, 0.38393822099827307, 0.31813671388760206, 0.7631715508040952, 0.6728472353321301, 0.20233543693955774, 0.43143136305879926, 0.4288169963736721], [0.5750799127822089, 0.20479864001973005, 0.24174337192502005, 0.22880099172895116, 0.39627950924501326, 0.5070610840564739, 0.40648483851214284, 0.7502911814159751, 0.7399520674331841, 0.3532569777288294, 0.3367628362695914, 0.21201508083744341, 0.19899219578189847, 1.0234537390399014, 0.6805124267742931, 0.445210514434825, 0.2171056996409164, 0.47902705399857504, 0.38435118647356914, 0.37617162900827383, 0.42108030467416147, 0.3882204353874528, 0.46513569546418904, 0.3922000404199344, 0.31570839351264807, 0.49340106324643523, 0.4365526843638453, 0.5069155792413574, 0.32420435430109507, 0.387684914363923, 0.7031917044799613, 0.3546932714799675, 0.6248642448915871, 0.6819010918466386, 0.5296600538745807, 0.3114261763038344, 0.38668490983381404, 0.4284736846816089, 0.260320596651689, 0.5848987987500347, 0.4500792849245425, 0.6637505813569499, 0.5085778695665457, 0.26370802861958526, 0.31779986500759355, 0.3532175395714064, 0.30952512916202524, 0.2766511588528313, 0.5440008606277462, 0.24496873971273822, 0.3910644559758777, 0.21503885868694678, 0.45241523215502366, 0.536776872874172, 0.5724248423482156, 0.34059760454817317, 0.7545506434175938, 0.44077222315288395, 0.5822532562869142, 0.3679461100374176, 0.3028606283019851, 0.2748933891008192, 0.4125676146795767, 0.6357317332492964, 0.4154690219624729, 0.3586234720848548, 0.41687357378561235, 0.35271988340288885, 0.6720378929820627, 0.20262187606451532, 0.3670432329326783, 0.44541269886798845, 0.4948212680268313, 0.4815867963752418, 0.6310934289346766, 0.523749580907736, 0.4016827113891431, 0.7934603607265344, 0.6716104770004451, 0.5415465361746483, 0.27393820928649987, 0.3702771090965963, 0.8174757301816956, 0.6777174276006724, 0.5696348545980603, 0.4976009667217058, 0.3340385274296171, 0.3778744839525483, 0.43885957413819704, 0.47898743224663143, 0.240901003092809, 0.6829621516547593, 0.48425253031637494, 0.3725369262138686, 0.30498417642056375, 0.7564789098787542, 0.6755011269849747, 0.20739023423032807, 0.4329923689673777, 0.4299380322874548], [0.30556214266194753, 0.36639100617981135, 0.3452781094827873, 0.1671410074161624, 0.3954477263314394, 0.38668521099280956, 0.6229531752082469, 0.3131172404109478, 0.58646698850583, 0.20265404153665012, 0.24203195029637403, 0.255611936913687, 0.39106747717515367, 0.15100868843266949, 0.41751986667707447, 0.44584245533864625, 0.3320122926411839, 0.35569568168136423, 0.24716991680598263, 0.3197537291531578, 0.40051163660683403, 0.6841611871948369, 0.4992739144453379, 0.2784753110254717, 0.314197171915123, 0.33278161208105417, 0.2306062536640993, 0.5084442771382872, 0.21620065602726374, 0.28378163907374004, 0.49890079333216353, 0.28213403511341667, 0.4218050940061854, 0.5336650435513168, 0.3419172527687518, 0.3321783830125338, 0.4859346199849625, 0.42263294621699043, 0.24880398026635472, 0.43160887852591007, 0.48556457993141344, 0.15489434289154003, 0.3631863110024352, 0.4709413240796549, 0.285136782765436, 0.3876624657359899, 0.29903985119096543, 0.34890001240439794, 0.27219324761486235, 0.20372973145721762, 0.3606155318513867, 0.70825382514572, 0.3142823600703108, 0.20051088435441286, 0.3414691105655427, 0.20082700163686307, 0.4606467986969747, 0.23704103243881858, 0.24261870545301223, 0.38512558450154, 0.29658514806126046, 0.30760173260651524, 0.43906211981118437, 0.5150560104252552, 0.29808203811012185, 0.2930451385810862, 0.5008693856140625, 0.3849927562834158, 0.2622902772584071, 0.4873956182214137, 0.4137188792389127, 0.18761117100383243, 0.3405673957586392, 0.26379283910681073, 0.48566215614645697, 0.5134096328484524, 0.7383820221446304, 0.2893712489162056, 0.448275616292039, 0.31453502172391745, 0.34114862685343095, 0.40514020821588465, 0.3169507906128216, 1.0398505296340756, 0.3859962021404878, 0.1436815633242764, 0.4176380248427678, 0.3711207592341637, 0.41982928337067416, 0.3485675329481282, 0.2444814002676377, 0.2558916787023411, 0.3117783854883151, 0.5215698088179253, 0.4395012639780768, 0.3718894572345657, 0.24762563307259078, 0.33488970592726025, 0.1556807624796688, 0.14912010604714684], [0.3320577745592248, 0.326082622346208, 0.34719148173659703, 0.3741641430037897, 0.5378995313971271, 0.3620779604258184, 0.48034389268253963, 0.4433219546142423, 0.4602313816053562, 0.5032382585537775, 0.17290134719995642, 0.4517909976163026, 0.45467670545719496, 0.3621620739077515, 0.32152456540553487, 0.6728081209118004, 0.42676020999476416, 0.5722237262004678, 0.21997553854802052, 0.5915230632248207, 0.2963676692266443, 0.4801428005371323, 0.3690402954329635, 0.45400399734473074, 0.2497395739090334, 0.6443694182974755, 0.3632711017925932, 0.360652901274789, 0.48243551822665826, 0.28665390368814353, 0.3320410445879556, 0.21679367455382656, 0.23297357699831575, 0.43925838562187813, 0.49896769390573065, 0.2558819900010918, 0.32569546112273284, 0.6846667451410983, 0.3276876934202608, 0.43998408021127833, 0.668074782362359, 0.5682030766886959, 0.4771698445180013, 0.49525711124320826, 0.3400497089238523, 0.9844982547791633, 0.7450073742511915, 0.46025639258939344, 0.5162031677115644, 0.6230535247167118, 0.4994135867730203, 0.35311122065729833, 0.24547023628154374, 0.4817759497968737, 0.4197028353326389, 0.6688125663017481, 0.43550264193940214, 0.4528602801945779, 0.9896919267573312, 0.6446589925186466, 0.5288364744607756, 0.8995012704056746, 0.3327370106831259, 0.3635994998771013, 0.5398275029190717, 0.5652599661645418, 0.30766523538715, 0.26877868337663735, 0.37315592661079644, 0.29865153622554175, 0.5500476047293578, 0.267863015501754, 0.6353052780848696, 0.6371451342126918, 0.5624513998188517, 0.4312246922422384, 0.8272238776714088, 0.3946906910802681, 0.5713454953159622, 0.3765007080985644, 0.3876037131674625, 0.44239890238515417, 0.38546489261239675, 0.49007264751428725, 0.5987143570378143, 0.3389841511955899, 0.4380625269255934, 0.5202105791190662, 0.40331419625968545, 0.7366455726007975, 0.2615120581996879, 0.1614326934782468, 0.4189465750494445, 0.4137212601591533, 0.23665228438852667, 0.4868235183017831, 0.3261680899177251, 1.0610632969504594, 0.6670892395729718, 0.6542083360829599]], "G": [[0.2801901821090003, 0.2838725300722289, 0.2575584108585486, 0.17837887696022253], [0.27429701322879163, 0.2806160359317962, 0.2715480261935945, 0.17353892464581747], [0.2273996561900915, 0.2315682601445343, 0.26637965166353683, 0.2746524320018379], [0.19315881773218485, 0.1919353994112993, 0.2742738035323706, 0.3406319793241446], [0.18491158847745734, 0.1878644359083547, 0.371477837827889, 0.2557461377862992], [0.20794423341368987, 0.21211552009430448, 0.3170899071826113, 0.2628503393093946], [0.30789276402880955, 0.3103268139303073, 0.24279285055255448, 0.13898757148832763], [0.2836697936286907, 0.29173572606199183, 0.23442941154721417, 0.19016506876210268], [0.24843755388166927, 0.25444093044445215, 0.3032662382440422, 0.19385527742983602], [0.2725549871577464, 0.271385363776068, 0.20053563143900727, 0.25552401762717863], [0.23714650386186586, 0.23778844246348607, 0.18716757198756623, 0.3378974816870819], [0.24345879131902862, 0.24521837150777795, 0.2610206662602014, 0.2503021709129924], [0.1978936400597025, 0.20147457774500002, 0.3971072018421677, 0.2035245803531298], [0.19575530025845092, 0.19787654761618087, 0.38978155030735206, 0.2165866018180165], [0.1352588342839546, 0.139429043365118, 0.27497147122808824, 0.4503406511228395], [0.2674831574623004, 0.2710987911408706, 0.2660868913133507, 0.19533116008347823], [0.1498566247355712, 0.1530160528310639, 0.42660936094359564, 0.2705179614897696], [0.19593129761821113, 0.199609281578099, 0.3526118679595709, 0.25184755284411886], [0.2515094950592081, 0.25710392605956983, 0.2886288127536625, 0.20275776612755939], [0.216737971501642, 0.21949873932247385, 0.24651407419039925, 0.31724921498548464], [0.23154796480093795, 0.230619994089577, 0.2860871981253434, 0.25174484298414185], [0.26051616865798943, 0.263708796774956, 0.2730158809421315, 0.202759153624923], [0.2925655198160898, 0.2965246103783447, 0.19890829269445937, 0.2120015771111065], [0.24585041839120936, 0.24568921217132456, 0.2746087898282898, 0.23385157960917655], [0.2738381928415944, 0.2747029470229582, 0.23401709296548223, 0.21744176716996474], [0.2558233075060496, 0.26137551764161193, 0.21635013417729743, 0.26645104067504094], [0.31018722660964265, 0.3157737392842886, 0.2184756135100999, 0.15556342059596884], [0.19152047742587966, 0.1937749537669235, 0.39949727560489956, 0.21520729320229695], [0.1966565331760257, 0.2003564040844548, 0.32998151609670684, 0.2730055466428125], [0.1928656167452844, 0.19572743071127202, 0.27360174515283825, 0.3378052073906051], [0.23672774793479406, 0.24298665144599624, 0.28733567055370707, 0.23294993006550319], [0.18695074609407336, 0.18710343325367337, 0.41546964504641576, 0.21047617560583726], [0.259374948025942, 0.2631426030626235, 0.28384454570587586, 0.19363790320555913], [0.1549844737174538, 0.16065181664994754, 0.38019415352118463, 0.304169556111414], [0.2247055100666572, 0.22717965092693096, 0.2826940011068919, 0.26542083789951976], [0.2673501731360441, 0.27262116359980154, 0.2927732092115817, 0.16725545405257208], [0.27451392454061774, 0.27961381717278067, 0.2842161171508615, 0.16165614113574014], [0.2816851287489198, 0.28547913120560314, 0.17457840712631625, 0.25825733291916064], [0.24830825901805384, 0.2511420838160143, 0.296580584103554, 0.2039690730623773], [0.2473088088227111, 0.24832683915312861, 0.345251729935036, 0.15911262208912408], [0.2700500734195559, 0.271046894565715, 0.2580020725813125, 0.20090095943341593], [0.2899660802384985, 0.29313039132435803, 0.25676527684468176, 0.16013825159246206], [0.16587754814067637, 0.16742213472191517, 0.37717133412845105, 0.28952898300895724], [0.2534598174175752, 0.2550550044501398, 0.2922806411737705, 0.1992045369585148], [0.25305514414156344, 0.25571221029937496, 0.29887876174485073, 0.19235388381421092], [0.24316975027056184, 0.24859854172415713, 0.28529940745060817, 0.22293230055467264], [0.24329902547085316, 0.24471276012605084, 0.32938593805217553, 0.18260227635092144], [0.18802339124236817, 0.19315411848878924, 0.32429079248865333, 0.2945316977801885], [0.2876883633679068, 0.29526962947486485, 0.26111062072784114, 0.15593138642938745], [0.23326048962326348, 0.23840700934277317, 0.31917460244059087, 0.20915789859337186], [0.2115579018455896, 0.21105778795900448, 0.3380114963339464, 0.23937281386145903], [0.18196188859500093, 0.18343175197362482, 0.2691692557647781, 0.3654371036665963], [0.19895774956888204, 0.20125445877557865, 0.3352014462540345, 0.26458634540150516], [0.27128038533908366, 0.2764471485551034, 0.23261485604029605, 0.21965761006551657], [0.2098108588439672, 0.2102315417142995, 0.4226305544672498, 0.15732704497448352], [0.2249011144709547, 0.2277220284203703, 0.23285813579002673, 0.3145187213186483], [0.23874474792801345, 0.23820077371302184, 0.31838638109596024, 0.20466809726300442], [0.2639039116036372, 0.2660542159302771, 0.2425705754896378, 0.22747129697644777], [0.2027205319735777, 0.20680585145074068, 0.35205506959519123, 0.23841854698049073], [0.19756851381064383, 0.2001166702195332, 0.2643598339195571, 0.3379549820502654], [0.2367345073119903, 0.236744563098361, 0.2936671248519789, 0.23285380473766987], [0.2638851552521778, 0.2655217142386337, 0.25333536347234614, 0.21725776703684246], [0.2520542819096541, 0.24991617292194682, 0.27832735525314406, 0.21970218991525506], [0.24832228272054382, 0.2513166570274298, 0.2701656036227302, 0.23019545662929622], [0.18790985201504495, 0.18671087146733614, 0.3745556453421205, 0.2508236311754987], [0.17611564834926907, 0.17637220305678877, 0.37258086350937647, 0.27493128508456566], [0.2825472583764665, 0.2861331480347409, 0.2178892820514754, 0.213430311537318], [0.2513772745941435, 0.25598710519051504, 0.25026482549128365, 0.2423707947240572], [0.20332248001750355, 0.20748550421112083, 0.3012126383013546, 0.28797937747002045], [0.23014012692513783, 0.23331971411640143, 0.31924147361933874, 0.2172986853391222], [0.22235690899594643, 0.22694044915184805, 0.3280567198716652, 0.22264592198053965], [0.2513631468377178, 0.2544556863160154, 0.3141907802658185, 0.1799903865804487], [0.20619416158891232, 0.21212677017912474, 0.2985743479529236, 0.28310472027903977], [0.19966941863433968, 0.20228096092094763, 0.3374451556039216, 0.2606044648407905], [0.25824442783087354, 0.26420480185358136, 0.20390800620728924, 0.27364276410825644], [0.2621430926632211, 0.2652915311812747, 0.2595406197496788, 0.21302475640582483], [0.2551105102905688, 0.2589661271202332, 0.2400825219482666, 0.24584084064093148], [0.2255748615799927, 0.2278486328912683, 0.30350857140378235, 0.24306793412495575], [0.1998496417048569, 0.2035448346488594, 0.4280787079124498, 0.16852681573383396], [0.23523867891185515, 0.23589927031709917, 0.3302906013846201, 0.1985714493864251], [0.25784145908045103, 0.2596812551269943, 0.30212281086800863, 0.18035447492454507], [0.3033351537446171, 0.3080072543862714, 0.1849700539417968, 0.20368753792731514], [0.1359203353453852, 0.13902437425912242, 0.3303812615262222, 0.3946740288692708], [0.26674788286768225, 0.2698246581415796, 0.2728246813612544, 0.1906027776294835], [0.20622855190374653, 0.20949855367763523, 0.28967668672864144, 0.2945962076899768], [0.18910230610779105, 0.19175734525395433, 0.3507190094214583, 0.26842133921679623], [0.2438599716766452, 0.24454677608009978, 0.3323484905133584, 0.17924476172989603], [0.19790040422788133, 0.19929572185239544, 0.2552209301107192, 0.34758