{"estimation": {"a": 15.473173908440865, "rho": [0.10029139227870427, 0.1266563994646045, 0.09237325185568523, 0.13085274967619126, 0.16952892646373302, 0.07201079199950451, 0.3082864882615774], "Mu": [[0.19723955228071305, 0.41025061866471, -0.44096617433445645, 0.017715182878955328, 0.8254680171878513, -0.5023926303814442, 0.4124182357249856, -0.32692369012011235, 0.37122171028107076, 0.5060781905457056, -1.3695368891252926, -0.03350897518942298, 1.0306677231822232, -1.933298200196209, 1.1833657380917564, -0.6205701086773249, -1.1968964058265052, 0.5899601339573193, -1.1058899652784127, -1.4988222886215108], [0.36183544615013935, 0.8429964077896227, -0.15515268108555608, -0.6833132509048463, 0.9390166014342283, -1.5561323878663482, 0.6378439440309921, -0.6568811703617315, 0.4274228871655015, 0.2982724071203504, -0.6725187918850632, -0.12184433409882241, 0.43518796404476195, -2.1931695874446495, 0.9357167063910322, -1.445608140193868, -1.6479080122171366, 0.7637072471705875, -1.993270990638941, -2.4589208481250306], [0.02656952603843711, 0.841415303200959, 0.4820114139869387, 0.2890179751864292, 0.6797689979447887, -1.1278188170174552, 0.9333400640207962, -0.43218923998404973, 0.946373650793001, -0.09644797955963218, -0.24105428250123684, -1.1156423612663655, -0.17175771728448638, -0.941417499203736, 0.9135453692826083, -1.1495028499642919, -0.38466647299872864, 0.35451115439155867, -1.190543523126284, -1.4846528268393113], [-0.14548708678897745, 0.6883450828454502, 1.0622410810785807, -0.5155379247447059, 1.4306336067796954, -1.7872119986895414, 0.8266622618808908, -0.7595326487612117, 0.6077406761474917, 0.03347695701692056, 0.22154094874551977, -0.956529346477498, -0.6934198933009821, -1.6169592209221046, 0.9390183303509765, -1.2158395345354984, -0.8212153856165111, 0.8104062532361167, -2.002804896508247, -1.8779266526493181], [-0.49037779166035156, 1.1399512646148573, 2.049523151551386, -1.1427737108295093, 1.452142199239551, -3.4135137677629874, 1.9263166701364691, -1.2210411778504289, 0.49485698562345953, -0.08518778274238602, 1.657576270739027, -1.5041397338881783, -2.3289930535872987, -1.3576864609701074, 0.9824864000074613, -2.547744388532789, -0.2388947252614919, 1.0908286938519518, -2.0722322543527776, -2.7027984767970414], [-0.069178393832587, -0.6010688542066469, -1.4110150931973053, -0.8451154043640483, 1.1042648392820307, -0.4194535549039864, -1.4149010599523906, -1.064665385074589, 1.297993929249853, 0.20487063256693855, 0.674452713588152, -0.7281133721414499, -0.27807882065541256, 1.1999844986577874, -1.4823593000178408, 0.27868208897383895, -0.1024280314255433, -2.0312757382919426, 0.7105538130646016, -0.5980958255116461], [-0.01746508275072104, -0.3968581262822443, -1.355842022118184, -1.0428636415388868, 1.540357290247992, -0.18022938034863523, -1.517397234793035, -1.208517196596448, 1.6833468630331003, 0.4778138200094735, 0.43051005863406655, -0.9228520728073236, -0.1782245718872269, 0.9161025052274048, -1.248819452554844, 0.5260232262446902, -0.08265089925366641, -1.907866594419437, 0.663601443931818, -0.42663477397539457], [-0.19607996247498974, 0.11321340437086812, -0.7853830152946495, -0.5027407219839448, 0.9654452699736628, -0.0029056442966158367, -1.2569419477702506, -0.9170148807107016, -0.35171289231237995, -0.015096130366193868, 0.566615829565308, -0.9971476991418206, -0.5950160888497464, 1.9773886558977651, -1.200775080865023, 0.26866313350396775, -0.16933980619122846, -2.283294788106377, 0.48740276946578986, -0.02388706114101136], [-0.47151605506999056, 0.3270094905175486, -1.1693030708443684, -0.6210278719056788, 1.2806724482571767, 0.0013185855471373653, -1.8310338341324568, -1.278855959216088, -0.9577065854636242, 0.3466093792303734, 0.2765386506996517, -1.3456266673730675, -0.3341939354316014, 0.9251822016188157, -1.6824993526596856, 0.38035620745265336, 0.15640612805563553, -2.8391046639232083, 0.8600928456058405, 0.22833950525970712], [-0.41420545731744013, 0.6774711475298757, -1.5498576314081165, -1.0293882388876765, 1.4947070210698048, 0.030447010344363222, -2.357624571570615, -1.6110677849182122, -0.06443060256325257, 0.2740896803858951, -0.05252618775109163, -1.5902875674418928, -0.4104840441105611, 1.1668268080529502, -2.142662567422822, 0.16059984925406084, 0.00485974471571488, -2.99940950047653, 0.713217040006159, 0.032795505094551855], [-0.47697101700729794, 0.6982990583810315, 0.00807944001701703, -0.3379124588409715, 1.0084368422677616, -0.08436452932966473, 1.7882940789467145, -0.43834607274032455, 0.4254098319005094, 0.06370158283983318, -0.673231125335841, -0.6474032384687076, 0.34473477022914745, -0.8901537769149835, -0.8100516606249669, -1.5508121933009107, -0.4873860322194616, -0.27697679791574736, -1.0664730203726402, 0.5686184368453218], [-0.30047322251382086, -0.9491438813472255, -0.6878945144134783, -0.5001846036818243, 1.111573963339607, 0.22352437348326346, 2.5945205485942275, -1.3541164307432785, 0.8863058974929876, 0.3579034345370355, -1.0975992964205008, -0.5154761533683605, -1.2160374059038581, -1.1730774832212099, -1.533626408793271, -1.4461691609045424, -0.4142102704842456, -0.3082434298891053, -0.3256718458608532, 0.7178752310214283], [-0.7057548498978224, -0.3793150250728292, -0.13378167246372508, -0.8347462792780482, 0.6684410886500542, 0.03624263911262762, 1.5790793646084234, -0.49136944359767937, 0.7857113821532331, 0.07337322447088404, -0.8464362036754752, -0.020963836167092638, -0.38735718674474606, -0.9318197353032924, -0.8149364494103922, -0.8770978578700074, -0.28286683977444727, -1.1472335934894158, -0.49158010972417354, 0.13429652461130456], [-0.39299721880983235, -0.9739114941242366, -0.7525205509110409, -0.9245847716797019, 0.6975645445205124, -0.11576567153043536, 2.228500010426451, -1.0406067940275512, 0.9284265619157337, 0.7710807373757403, -1.1737753731292946, 0.13156421922532885, -0.8799254192986122, -1.2889404605105053, -1.3012195443522128, -1.373393977583338, -0.4048776026769606, -1.0142583092836772, -0.2975335721757373, 1.1566419118046725], [-0.5468585095320836, -2.728067260736853, -1.1903831841968573, -1.1181846389521948, 0.19250186073007558, -0.02307259818131841, 2.7408622214421974, -2.3853176761177997, 1.69806592874942, 1.2930141018087498, -1.6759959379131912, 0.21212695973672624, -3.136916543930261, -1.2390843780462024, -1.4611838865934788, -1.6623601219660884, -0.17607818838235614, -0.9861508457341733, 1.1119785661801533, -0.039878792515282126], [0.9947981185177222, 0.16602224262413098, 0.8463827005787334, -0.20576813763572807, -0.7911396785804793, -2.1016744787116886, -1.1646627705833215, 0.5980932661151999, -0.24322360022356315, 0.07885905432815474, -0.0603206455746537, 0.6596360441972609, -1.2462246182569983, 0.7800098207869101, -1.4137114316024506, 1.723916756535422, -0.29361734157230457, -0.09681365377027007, -0.8816254301329544, 1.8081714605402832], [0.29776449180450665, -0.37133959154824214, 0.7747477177720449, -0.6032011410011722, -0.33163227155449565, -3.210987572188572, -0.5665724472252944, 0.17174383637821777, -0.808123436934009, -0.22451548784042086, -0.16785307321216397, 1.146669195788667, -0.8441028078576813, 1.2359124703808848, -1.454242739502743, 1.7147904277200654, 0.05949806448680179, -0.07149919669248778, -0.54499115681213, 2.3555349928175646], [0.8129379038503036, -0.3347867478341851, 0.7256690792336742, -0.28983406336826845, -0.6206063442633857, -2.0281028910996612, -0.7877050508886753, -0.00984203897226006, -0.5398891897910986, -0.3532950718730249, -0.12747656220967257, 0.5515164291166356, -1.0300806039412367, 0.7443376922928471, -1.3847008439166737, 0.95051020212927, 0.05573072024796664, -0.5238898485752592, -1.058532942095573, 1.3736746610380537], [1.26403134371204, -0.31094175747867153, 0.6333513398121825, -0.08282445560809994, -0.8859641779697283, -2.60706759038742, -1.1047335127040567, 0.3915063986014891, -0.5691846935149838, -0.07829183428668564, -0.028781664911186774, 0.32860024594940607, -1.5176389826113215, 1.184770799835151, -1.6337356973191368, 1.398230282401454, -0.14057078394407196, -0.34470536998695517, -1.1257258165935498, 1.8417773157457622], [-0.8925861119804747, -0.9358265709635358, -0.5352851765075567, -1.1876675134086383, -0.49033317833911827, -4.0470928918964875, 0.6077420695883471, -0.3986172692719787, -1.4354588138781887, -0.8137839795601587, -0.06723435600431768, 2.549990110051335, -0.6719778728907745, 1.6166323007061965, -2.285788216111894, 2.3702782711595667, 0.6471635074486821, -0.45559835387298914, -0.1726476273215844, 2.427253208155294], [-1.125091435183396, -2.0198698746974313, 1.2313248693750798, -0.40774298637418677, -0.1373282153196259, -0.21352965457244721, 1.679653260905701, 0.5968089121663661, 0.5051197506509761, 1.326354768627728, 0.17666639560110745, 0.07744364244296652, -0.36631950341212377, 0.8965991454887338, -1.5773193824562517, -0.06674147213183543, -0.4792183397804588, 0.6785952437018171, -0.8320637285005464, -1.5286068424519965], [-1.7610845536161703, -1.9887509042787639, 1.5545043500451297, -0.5040313339348654, 0.38876372836250106, 0.33273986237837133, 1.7177109298884297, 0.728000572553691, 0.16309574515352065, 1.5450564538949216, 0.6637612482175168, 0.21226380407365855, -0.31133008118516503, 1.1019381262664099, -2.5450144561612267, 0.04774067857361877, -0.5567488223493195, 1.1038273568743777, -0.3371470620018688, -2.5394656648537923], [-1.2651850893402155, -1.7879538927558756, 0.9760406889589555, -0.4551628462990585, -0.20957821616460448, 0.07874912261472722, 1.8215459774157747, 0.8230207975017553, 0.19583467277927943, 1.2454962306532074, 0.7039483041281064, 0.43784144524001045, -0.12649530641263587, 0.9091180433281845, -1.9980004012698744, 0.18561578483471494, -0.2962004594200164, 0.3698926483385985, -0.9049707608063766, -1.580693681477567], [-1.8198983615305986, -2.403795858474395, 1.2960289326261543, -0.34768267768094624, 0.5295290651376979, 0.8775841471826635, 2.0025994099101534, 0.7228220106955671, 0.5203334479294457, 2.038307719816567, 0.982077719808543, 0.6488380254231868, -0.09457062963570358, 0.9637161588450833, -2.1113068215793844, 0.21225458416644646, -0.8482258614904429, 0.8939745610604648, -0.3019716832978223, -2.1910178476012643], [-2.2101628176612484, -2.310298517945272, 1.3761142764987746, -0.7170943262281907, 0.30955707509648217, 1.5124864090521952, 2.2283780980285197, 0.8817346285671451, -0.3167212776503016, 2.0740885955236386, 0.890798508897943, 0.5589991788566845, -0.2003904463534226, 1.32594384038595, -3.3555323453287405, -0.4746818794556707, -1.1824008548753948, 1.3406939870418961, -0.3352765017429286, -3.1373442340947104], [1.6249653382669431, -0.7075470642974986, 0.49932902439453847, 0.39209939221794093, -0.2578559500446173, -0.1680688792894056, 0.04921196634234502, -0.7115425982256299, -0.4489228542790527, -1.0476841610117953, 0.35861868285080906, -1.0226401177684916, 2.085891360302504, 0.29990447569426726, 2.1361260347416944, -0.7517193661744596, 2.415037375854424, 1.066144222134973, 1.206648674309824, 0.6741166671399159], [1.5292268010846042, -1.5572281075233934, 0.4534063756397123, 0.7137700643455335, 0.35287529044714794, -0.11660913318334303, 0.32916704151112697, -1.2255390202251009, -0.4162564784844696, -0.8588616498209721, 0.5571254875054886, -1.4752141488687456, 2.3717177671286516, 0.24585871755090466, 2.751216246572637, -0.5994543183530489, 3.490001877398428, 1.2793926055240465, 1.6866397170755256, 1.460886966315498], [1.6144030102145408, -0.920689206357585, 0.503923430384382, 0.47060736419355925, 0.08449009367544777, -0.1833486921428656, 0.01498163278764999, -0.8681633086912928, -0.2606215860650096, -0.7457056741059158, 0.571560776857505, -1.3169527679058972, 1.395188179266672, 0.5591839984847806, 2.226583576549963, -0.541618246470169, 2.2653601206848295, 1.019100154753314, 1.1727946888279681, 0.94032088949654], [2.1303034090109167, -1.7246890281660705, 0.6020270063022777, 0.7457413940380999, 0.0468445328271655, -0.1377059224703108, -0.09112154335733563, -1.1863080942679214, -0.4701882141185809, -0.17704887880533332, 0.851679637376426, -1.4397141049645725, 1.8682245390793968, 0.899454666596774, 3.124642056236209, -0.5196970980519736, 3.6975528704498926, 0.9088816337294487, 1.8931647945638208, 1.7358596579858554], [1.66768562737037, -2.863735304676784, -0.3369100523163549, 0.3414371211341198, 0.7160131172404507, -0.37891067939788464, 0.1856241684193188, -1.4115553178154718, -0.5007993938457194, 0.21957511758563414, 0.804179928578693, -1.523335808888178, 2.0732462940069145, -0.036611943239274664, 3.8036787811599164, -0.7056687510206414, 4.449125982949178, 0.8028765111997951, 2.435113540689937, 2.649245569154938], [-0.4774399898782775, -1.1734717505112482, 0.14584877367892593, 0.7207078619388244, -2.5866770381023474, -1.1862472693528232, 4.96691248352798, 0.6043104528959726, 0.46209111300101613, -1.2048496053178572, 0.8567285154995988, 3.4457060036745277, 3.300304374637397, 1.8941052103741003, -1.7165826898413816, 0.5159599104077894, -5.851577673849866, 1.3306010650310878, -0.5778525437162665, -2.440377034431102], [4.699081284898663, -4.964588865978671, 3.4376069921311636, 2.5573681372638304, 6.106129945821378, -4.802282248741463, 0.3291300220479115, -0.7379815317461662, -1.2113970679578399, -0.1374634030216334, -1.9739902327822472, 6.829839771385104, 2.2483149045967683, -0.253362744330612, 0.06692055645449112, 2.573546524102285, 2.1934570348354208, -2.7865280264811787, 4.0280562117660255, 2.2394113679811922]], "Lambda": [[0.6159097331523461, 0.4358241240566146, 0.48895698784482095, 0.49639307480840683, 0.6428793504532523, 0.41751668797843533, 0.4834559928188438, 0.5034001809864999, 0.5939608545237914, 0.5138222181244021, 0.5105598655686336, 0.41879738851321596, 0.4276644566851386, 0.4557479390305765, 0.5558137379763601, 0.3573021724281489, 0.3823746794962146, 0.5262471634055892, 0.4660989960696873, 0.4964978054995456], [0.6431148813500659, 0.4459489436094332, 0.4753399414790589, 0.47358475513054354, 0.6936677981305676, 0.3968648896288399, 0.4871125629798939, 0.4804554212844644, 0.6508994321331586, 0.5331762567634696, 0.5044029539748668, 0.3812446255354339, 0.4079738905749805, 0.4509751757183376, 0.5811132073845382, 0.32859250209244545, 0.35742469889883866, 0.5828939837667385, 0.42839614002468196, 0.5559914203644419], [0.58399708137698, 0.4668833952976624, 0.4756281405415491, 0.47522362017166103, 0.6437891580202976, 0.43389741351446315, 0.49906377238386823, 0.5171396118296973, 0.612149356386476, 0.5594699863504031, 0.5138813723879756, 0.4335740501889694, 0.4474881810689551, 0.4839640348950878, 0.5460766719022254, 0.38234916382895423, 0.4114595445536873, 0.5234877586863895, 0.4538395743808931, 0.6105684383602887], [0.5999097042353947, 0.48267325213445567, 0.4642843856438541, 0.4567749979865435, 0.7204517635669735, 0.4146272877421186, 0.504531390923401, 0.48293314089698497, 0.6560896486189524, 0.5815129953600108, 0.49289995898329964, 0.4242085901325258, 0.4426595363309047, 0.4377664019457376, 0.5629397596238348, 0.3380100932801914, 0.36737444804534103, 0.5465305655418161, 0.4208958299409638, 0.6597879772890416], [0.6222910366357249, 0.4950270751273569, 0.4227012584977351, 0.42169611890949804, 0.8140821616326012, 0.4140771555355433, 0.497890579337014, 0.488943967300497, 0.6952121671331275, 0.6143988749103614, 0.4911653755504134, 0.410166697299925, 0.4248312059660238, 0.3848388640621914, 0.582411935264606, 0.30170028259847975, 0.3419363710518833, 0.5761557859521786, 0.36982591402806536, 0.7839594707376942], [0.520563511436657, 0.4267447295819205, 0.6136241847703238, 0.46324248918276617, 0.4810844976617126, 0.5563688092520719, 0.504742215843209, 0.4896582900358988, 0.2653708606519682, 0.4262760089843353, 0.4741913243283116, 0.5929364765277835, 0.5939368899907871, 0.6636078081384283, 0.5314456338433234, 0.4994195823432826, 0.5410703989853372, 0.5457796696785684, 0.5069638060105172, 0.6021583778144569], [0.5688438421021756, 0.39596379817610644, 0.6304353547919825, 0.44729399896759525, 0.43610864798488963, 0.5661822441030758, 0.47755604190955536, 0.4807252337868075, 0.2526849498096858, 0.4114597662747243, 0.45785129476057784, 0.6171364596434012, 0.616562145445776, 0.7362655406340028, 0.5245596152521746, 0.500641494917086, 0.5660680604767317, 0.5697139238773556, 0.4519623685931865, 0.6210545168136739], [0.5474691090020879, 0.41108837730665265, 0.549133887416625, 0.4422136591224736, 0.48721725322074566, 0.5707169951368726, 0.48630715432037325, 0.5001503492034427, 0.26239326117495687, 0.4603641578215137, 0.4570905194644329, 0.6006451489981218, 0.589625413099541, 0.63827897584536, 0.5539696260508988, 0.503005126494901, 0.5426072372491065, 0.540188909210084, 0.49112813069402095, 0.5744020847110398], [0.5380266551286759, 0.3839226634661871, 0.6048253125882809, 0.43539267991971137, 0.45088134561204846, 0.6023149862689635, 0.4754791429173851, 0.4874066446587746, 0.23238210116396688, 0.4055630653246328, 0.45171949872481876, 0.6371205992919733, 0.5965209639611062, 0.7378285125483478, 0.5257578489724644, 0.49934453727979344, 0.563189437182634, 0.5870518483218884, 0.4770912990327192, 0.5738089049945253], [0.5483844668280508, 0.3587811620985054, 0.6160650240829233, 0.4123631734450882, 0.44066346991286937, 0.6070917775802219, 0.47780800892253283, 0.48432151669603823, 0.2063333100251285, 0.376599853045076, 0.4399495256951947, 0.6642020708141817, 0.6518879465137474, 0.8132634078682813, 0.5420209303596496, 0.48733044697454214, 0.5789466271455039, 0.6179863725633289, 0.47166777820414846, 0.6377385755076406], [0.5350944110843743, 0.5305312511034248, 0.5191288648207008, 0.48870894758965305, 0.4750269349453636, 0.47826851283509414, 0.5028046919602424, 0.48968371684183565, 0.6445700085952141, 0.4697271547820683, 0.523360563989317, 0.47426581062632034, 0.44958382552250004, 0.46171558191470713, 0.5913631894586506, 0.40392893373301353, 0.5900572664015286, 0.3628494878171185, 0.4370019310825567, 0.3684275457958136], [0.47633182814667735, 0.4973873606978341, 0.548429156747603, 0.4826608654549528, 0.47843428375173563, 0.4576192538705712, 0.5006793926341754, 0.46379609568290797, 0.6440961627345957, 0.45742854833921887, 0.5762643807724305, 0.4529377146039661, 0.4079882545929438, 0.4269943031066503, 0.5943440884133516, 0.3991545016939524, 0.6676707600316099, 0.3262714076187319, 0.4438853559636829, 0.3412227914976055], [0.5445562391213069, 0.5143935009401593, 0.5230069667697487, 0.501782452455609, 0.49888556109963667, 0.4805535544807289, 0.5257442873913436, 0.4561803803631661, 0.5987991097358891, 0.49444428368118265, 0.5387802095211705, 0.45905982674150425, 0.44200114035992927, 0.43873861254471136, 0.5635505553630702, 0.4211964236807758, 0.592699848839764, 0.3619866836290495, 0.4370861196552993, 0.3718758746606672], [0.481236842219814, 0.4528022403919269, 0.5763691119496928, 0.4947117946636599, 0.4775642373623383, 0.4850014515805536, 0.5474227911402609, 0.4639168951540618, 0.6264261477476891, 0.4496457565128523, 0.5661204619567402, 0.4570410113492218, 0.4018754762862858, 0.430103307021216, 0.5869898205844891, 0.3905109053405512, 0.6710340846732493, 0.3168063645655129, 0.43650218871824814, 0.31163411301359706], [0.47158803032092456, 0.4041048263866504, 0.5513302125149122, 0.4815319335461212, 0.4932275983266967, 0.46272735776217616, 0.5229578989082231, 0.47518023191058, 0.6947261787365243, 0.43795007255091, 0.5908836445543196, 0.42535287767918256, 0.34166162654508114, 0.4130970707353626, 0.6585238914030701, 0.3799343723194457, 0.7061304756027581, 0.2897060344098071, 0.4274765829410746, 0.2945339929148217], [0.4703016962090341, 0.5102736302599878, 0.36962754106770856, 0.6513689560213983, 0.44897096747678567, 0.3307494968289744, 0.37896846007799223, 0.5587087722037906, 0.5376998022648477, 0.5412315220341063, 0.44284126400192697, 0.562382728363705, 0.4781019569257885, 0.5337286490418072, 0.5140187756349122, 0.5078376983128983, 0.5765232244066955, 0.4701911959473558, 0.4525699483887405, 0.4911053651438017], [0.4462467964393142, 0.4865512200705042, 0.3275569008692074, 0.7116763235579979, 0.4298553528933612, 0.3086517881926311, 0.33687461742462566, 0.6226866127184112, 0.5751708483400361, 0.5999436104085838, 0.428018407240623, 0.5398815142413079, 0.4324819297626824, 0.5167836755334363, 0.49667710831423245, 0.5023058648548294, 0.548432083443905, 0.4489865071523883, 0.4024338602868577, 0.5040893452763207], [0.4475718201713184, 0.48948561728888224, 0.36262806807440956, 0.6394565690208631, 0.46729497727267455, 0.36265076415617836, 0.3850406537659047, 0.584764060111084, 0.5330685265868521, 0.5407181448237416, 0.4652160209528585, 0.532920389580994, 0.48189740680337667, 0.5116597115461329, 0.5337455810975674, 0.5165127457230831, 0.5521250819330799, 0.4919745759979824, 0.44430133787990145, 0.5196657294567998], [0.4360004067876689, 0.48933301790882006, 0.3318317693478156, 0.7203358525290728, 0.4230294078190989, 0.30550917702582137, 0.3434243148582901, 0.6111253162769333, 0.5675140112462571, 0.5620969692934411, 0.4259949408812644, 0.5653302549481601, 0.4672607093788564, 0.49931700786652605, 0.5065202411004165, 0.524526338946127, 0.5740596857363619, 0.46398277215103045, 0.4104448427572644, 0.522253940423485], [0.45714165976337234, 0.45932273023394776, 0.30437152497846437, 0.8257445017903686, 0.4020327668198715, 0.2931120274559752, 0.2853737770664593, 0.6522054569515517, 0.6228101350888495, 0.6643872255934402, 0.3740922118142307, 0.4896010162739007, 0.3761492933672923, 0.5232300089223675, 0.48636097644784226, 0.45226033873416766, 0.5540253635263562, 0.40656308485717285, 0.34245290894919367, 0.561858568467792], [0.6332052119057932, 0.3672975411675341, 0.4886689058297032, 0.5321569826441233, 0.5483311355260088, 0.4359523385216665, 0.6355904032494748, 0.5221059987854973, 0.5494257972744436, 0.548844316080665, 0.5480418430422284, 0.3973780586416386, 0.6584566067455881, 0.5266991528755866, 0.49610314455622034, 0.44764652725952514, 0.5442233698010265, 0.5457714634248556, 0.46711693684229655, 0.4497914330908703], [0.708925548193825, 0.33981512904434386, 0.48100527614597444, 0.5097943614516892, 0.5842961911730798, 0.44655862348441433, 0.6495166524581717, 0.49170624659202167, 0.5416617463354945, 0.6032258632567763, 0.5679571899972672, 0.40479737271446986, 0.6664520594627492, 0.5147802784804412, 0.5018063735490363, 0.43383539979981195, 0.5409971448515687, 0.5349708612803197, 0.42964122262411925, 0.4367272330216661], [0.6318292391107188, 0.3622757727550089, 0.49646346405354275, 0.5134491489052052, 0.566529645692223, 0.4459390967038313, 0.60186105061082, 0.49738613697051004, 0.5226403126448256, 0.5480795605283495, 0.5800011897678506, 0.42909272899857553, 0.5986685884386651, 0.5127643446351269, 0.5376059957614585, 0.4719621809275558, 0.5366498118522738, 0.5209375639396406, 0.45333199093899135, 0.4407542765570695], [0.7628307734108404, 0.334296757728437, 0.4782310924252005, 0.515620645947571, 0.5979424228067325, 0.4579546565149505, 0.6833306052923536, 0.48406425320920765, 0.5262311673493143, 0.6068248388409057, 0.5697158998111033, 0.39409252729160515, 0.6619879035919018, 0.5241096122921898, 0.5195232578032202, 0.4294560893891057, 0.5556859862878607, 0.5215712406715636, 0.4263385193772188, 0.4152053334591286], [0.7982046462443078, 0.3256489423094324, 0.4834106847603372, 0.5271965263755177, 0.5761619849669716, 0.4289643015187929, 0.7414401214793707, 0.4982321634368715, 0.4614539676123473, 0.6607686739293718, 0.5710865467852684, 0.3731982649645767, 0.6643261695377434, 0.5374467544456201, 0.5235630157409534, 0.38674622890915056, 0.5480476632046947, 0.5169476010111669, 0.3929617656229933, 0.3873479526308524], [0.40663760417702355, 0.3946867800964719, 0.5144800232602946, 0.5590889572965231, 0.3650639023142174, 0.6233901377699521, 0.7192264012983647, 0.6132723445027045, 0.6787669417743247, 0.4539739903230594, 0.5677121954093565, 0.6641937479597603, 0.5536394371433925, 0.4683032375646467, 0.4535951450017361, 0.5557458514692665, 0.4199596092707313, 0.5949170702946623, 0.5133160543488354, 0.5345884200582559], [0.3887191468776059, 0.36611056187635205, 0.5222927199821188, 0.5693484256887368, 0.3412008108356239, 0.686997193806533, 0.7937748723184455, 0.6373515560140546, 0.7374658836608582, 0.42165514451563135, 0.5529239558742667, 0.7302727291083657, 0.6149497461934611, 0.47938030790514496, 0.4327567072233489, 0.5651851749699147, 0.4432909860545093, 0.5759228114124246, 0.5539893024330437, 0.547551780798807], [0.41206309180700706, 0.43632455775203505, 0.4858002864996644, 0.5817961437364044, 0.39271737420638, 0.600652414142369, 0.739343373819406, 0.5922621889659508, 0.6711487890389871, 0.4558222648186263, 0.5747278560889444, 0.6483255740609951, 0.5383957554552297, 0.49636639311345365, 0.45881518967105966, 0.5421728877273982, 0.4437776027232402, 0.5783572567059185, 0.5193859975449341, 0.5283812136979544], [0.3871416315525254, 0.3870958899983837, 0.4846301162674876, 0.549558843423344, 0.3265062495695819, 0.6631038839362194, 0.8428215598940918, 0.6381198046370475, 0.7516579498758835, 0.4187503607086086, 0.5417395131296452, 0.7649145050527092, 0.623140475519489, 0.4829329971650556, 0.43776818067559886, 0.5680893660621739, 0.44836708761534505, 0.57501606469684, 0.5268546649682634, 0.5223454470507631], [0.3945413724476587, 0.3398951152216908, 0.43507621872427327, 0.6078369354771044, 0.30780263954186343, 0.7399525008319265, 1.018443470982763, 0.7087188727993019, 0.874043413719845, 0.4004821604752475, 0.5341340677237568, 0.8877734314885198, 0.6955669916322883, 0.46389114242777835, 0.43601534113272733, 0.5913635969960906, 0.5238485269339989, 0.5477218721386294, 0.5368950817872279, 0.48000103457029825], [0.4931669215891812, 0.3842483459278537, 0.3953802440955217, 0.5222282166133779, 0.3805775934568607, 0.38820783204200865, 0.5838105468380246, 0.9780008919111542, 0.3876768920534482, 0.4570025085845084, 0.6878088518187289, 0.3996880116670465, 0.5477764657947116, 0.5345703493314704, 0.5232622551305692, 0.5228825753454757, 0.49855103426115316, 0.5503944684440699, 0.5099711730287416, 0.34732830503670414], [0.4967517464481102, 0.12091456914887345, 0.4931308137641448, 0.7498615232865672, 0.11844651843042724, 0.823213716645865, 0.502329410886072, 1.1851858685055188, 0.14149272329269927, 0.5559933058923564, 0.5511440229367119, 0.22284605076896943, 0.3753539072685459, 1.1016481220873338, 1.2584732588522827, 0.4930423259602788, 0.3422444975333614, 0.6388974565333344, 0.7878936069502829, 0.28386063604489253]], "G": [[0.10640377785795525, 0.13444678124317835, 0.09201834853811273, 0.13462163817827133, 0.18466247514403478, 0.05824392250261863, 0.28960305653582863], [0.09140885815777915, 0.11763605450880336, 0.08852067565030254, 0.11989072442374096, 0.16382271167237633, 0.057919869285949305, 0.3608011063010491], [0.08928498012500644, 0.1287335389945387, 0.10136695592346139, 0.15180309752916696, 0.22525529712905107, 0.0391681413289749, 0.2643879889698008], [0.09526169160186564, 0.11259596876010453, 0.08083500845803691, 0.10983444947445177, 0.13057621764554822, 0.07752169643166744, 0.39337496762832497], [0.09134947202703968, 0.12668313179999532, 0.09566520316830575, 0.13802831811283323, 0.19817020594869708, 0.05156541250970859, 0.2985382564334203], [0.09598389336668028, 0.12160445964320755, 0.09229432699671296, 0.13005441048649946, 0.1622499862412866, 0.06237413054618351, 0.3354387927194302], [0.09641148471442643, 0.11505284920840018, 0.08466703118909309, 0.10786067725945842, 0.14281912210058964, 0.09020168446132476, 0.362987151066707], [0.10508434141371327, 0.15420291051515694, 0.10075333930067297, 0.1699160711262706, 0.27015374055031044, 0.03897212750627659, 0.1609174695875988], [0.1076947425409201, 0.13236626276175067, 0.09330257408697622, 0.12862712841478666, 0.17485552297589235, 0.07829885870065982, 0.28485491051901396], [0.10455981192391081, 0.13274178725271432, 0.09225726509801231, 0.143500609740412, 0.16966210005866497, 0.0428825641802735, 0.3143958617460123], [0.091166725182031, 0.11901285300009716, 0.0809943018164425, 0.11284558845843408, 0.14411361986947177, 0.07437629952571174, 0.37749061214781093], [0.09375482381948905, 0.12489187253891323, 0.09425940354859504, 0.13579915746968388, 0.17995925048168795, 0.06006821901584101, 0.31126727312579006], [0.06212462391560116, 0.09689020640625565, 0.06481761784863335, 0.10050489452683019, 0.14652135651976866, 0.046009825529138036, 0.4831314752537732], [0.10655193660551261, 0.12860331059143243, 0.10725909894951123, 0.14343841715821629, 0.17283247296339957, 0.05564405631133777, 0.28567070742058953], [0.11559990085606249, 0.1414024370811971, 0.10431192721193713, 0.15563202606216883, 0.20380913481957388, 0.05454288509838572, 0.22470168887067532], [0.10002481639295938, 0.11644342938724815, 0.08477290627458632, 0.11609418106666998, 0.1445800952822518, 0.076332142222766, 0.3617524293735176], [0.10683621796652867, 0.12166783263372259, 0.0838865853835617, 0.11679774800505655, 0.1322073367878348, 0.09574233827587138, 0.34286194094742445], [0.12199212381603596, 0.12907064529578383, 0.10688437543294381, 0.1261045582194012, 0.13606063542311722, 0.06963588746309185, 0.31025177434962586], [0.09009128865943636, 0.12545625585632164, 0.08706184647883262, 0.13643945719993317, 0.19859683099177655, 0.04818306237622021, 0.31417125843747984], [0.09675142457337324, 0.13234161725201307, 0.09916254194480605, 0.13360716370705647, 0.17033469588708275, 0.05836997141973327, 0.30943258521593564], [0.09784110247974101, 0.12008793487294822, 0.0799964471496151, 0.12231303765912495, 0.14826148954248386, 0.05571472153885625, 0.37578526675723], [0.08345011178263091, 0.09644293135745252, 0.07019023020823256, 0.1029833299635575, 0.12401374922035874, 0.05777009232746333, 0.46514955514030465], [0.10811593796890202, 0.14709756983823122, 0.10712009891838138, 0.16551326391231724, 0.22056031922741723, 0.07091465944422491, 0.18067815069052592], [0.08938555808295995, 0.11999504410405427, 0.08616791563396665, 0.12039999206912082, 0.17240850613748696, 0.09727478850345646, 0.3143681954689549], [0.12442457366800108, 0.14854723534483424, 0.11151889406975606, 0.1478020172507149, 0.18814002182210288, 0.06191643502806129, 0.21765082281652953], [0.10056388227066518, 0.13750084144764457, 0.11466487904684378, 0.16546638580856832, 0.23059092763950365, 0.05688983623333411, 0.19432324755344035], [0.08968813473498555, 0.10892607944193257, 0.08494896410874811, 0.11658846321895844, 0.13905399751993555, 0.10297148482772707, 0.35782287614771313], [0.09629935015411868, 0.12047469709618469, 0.08546151321206046, 0.11982158930444778, 0.15757619946514292, 0.05805334440158458, 0.36231330636646053], [0.08089974219629338, 0.11530418292115868, 0.10974249903272365, 0.1616158008823004, 0.23642566849782284, 0.050811688656528374, 0.24520041781317314], [0.10581456368457973, 0.1345732203830234, 0.10010689694428139, 0.13964886458335493, 0.1828994915037938, 0.08746451541885829, 0.2494924474821083], [0.07603201242825652, 0.09989537804574283, 0.06912553965304616, 0.09658705983421402, 0.1531536383008187, 0.058406325624827046, 0.44680004611309443], [0.08564138876895047, 0.1270805529349814, 0.09117618729784628, 0.1334760834216533, 0.1980029751777102, 0.06417544647966075, 0.3004473659191974], [0.09308913151872412, 0.12743211856652092, 0.09280724716472007, 0.12756786445755047, 0.18443865355171096, 0.07167959177470896, 0.30298539296606436], [0.11968764484930758, 0.13072372957767714, 0.11023527346632302, 0.15085189875459165, 0.1395231695303967, 0.057562216870160464, 0.2914160669515432], [0.1035078420225572, 0.1310326181358931, 0.10231815042491216, 0.154611424365044, 0.19883973097150454, 0.053699078850215236, 0.25599115522987326], [0.10618831100604627, 0.13606053155215775, 0.09246590057892823, 0.13170015798109058, 0.17737340718174624, 0.09978600546072418, 0.2564256862393064], [0.07941097804136589, 0.1023545737911349, 0.07759027639011634, 0.10670929919997295, 0.13695998936858655, 0.07443504214417802, 0.42253984106464537], [0.08481035113744366, 0.10175261980016784, 0.07937035931229644, 0.10501204465125778, 0.12581756903425614, 0.19949221088363903, 0.30374484518093925], [0.10386514211012213, 0.13109398080037613, 0.099080070197799, 0.1386996084618401, 0.1826282668657218, 0.07946787346516664, 0.2651650580989743], [0.1075835077525121, 0.12035388517351701, 0.0924349297235688, 0.12325259782602957, 0.13503661225115482, 0.12414019594166681, 0.2971982713315508], [0.12117189605648554, 0.13757952071364077, 0.10326418405000112, 0.13835711671386539, 0.1663200618258753, 0.04464021288344694, 0.2886670077566848], [0.10336516030653282, 0.14728679633256986, 0.11148544499263165, 0.16626678730922553, 0.24158512100116672, 0.07746891204123868, 0.15254177801663463], [0.1228854248926578, 0.1550574230088343, 0.09469126747888197, 0.1340468799763115, 0.17803222588645815, 0.05248380658724896, 0.26280297216960724], [0.10161545502351856, 0.12149674808676171, 0.08880579679133105, 0.11966438057104849, 0.1532366895090394, 0.06850079244294092, 0.3466801375753601], [0.08629145209760593, 0.11083888894174478, 0.07493791178150548, 0.11078064693686482, 0.15365728271151338, 0.055031678516253346, 0.408462139014512], [0.09282151538431678, 0.11276948074108147, 0.09236765255501105, 0.12150741369221298, 0.16684378444516199, 0.06407122464878835, 0.3496189285334277], [0.10746848715447066, 0.13872518970927866, 0.09567007283108724, 0.14460743781000526, 0.20216523821627608, 0.04801994420341677, 0.2633436300754652], [0.1013585571187432, 0.1429237600843382, 0.10042104955587101, 0.15026868809725683, 0.22148614571491196, 0.04800281799414224, 0.23553898143473645], [0.07895687633900023, 0.10263984545381125, 0.06883455567274338, 0.10063094444728125, 0.14101629608216582, 0.055762810447352526, 0.45215867155764605], [0.10072506087299311, 0.14586488987550278, 0.09788705923439549, 0.14362791334596173, 0.20210629565287508, 0.05895245898575389, 0.2508363220325182], [0.09832056634564369, 0.12367055649164167, 0.08448135187405076, 0.11282403370150648, 0.14736279327666144, 0.06808676024662096, 0.36525393806387507], [0.07997286691916415, 0.09969368244955522, 0.07092566948331486, 0.10702031190894956, 0.13044439365901492, 0.06403620642563607, 0.44790686915436523], [0.11243579647788281, 0.1416022392493215, 0.10878282111981918, 0.14488097682573453, 0.195386660061029, 0.07340149508266441, 0.22351001118354868], [0.1020053710213223, 0.11780927774436359, 0.10661306888650912, 0.12462060080659886, 0.14747425475788126, 0.13802034277464237, 0.26345708400868245], [0.09386635037120519, 0.10589690430400849, 0.09067401512709798, 0.11008713855664133, 0.13869199602609325, 0.07423251056846204, 0.3865510850464916], [0.06552644759744096, 0.09264413320232048, 0.07635532916120433, 0.11633425774231487, 0.1667084955071263, 0.04493412561787155, 0.43749721117172213], [0.08884114639600098, 0.10886180090907104, 0.07507776203778364, 0.11070960042564472, 0.1380757208237222, 0.059892762769867824, 0.41854120663790917], [0.08577569493663736, 0.12095657862106694, 0.07595715524307797, 0.11362778780438497, 0.18548978300674357, 0.07879130697780987, 0.339401693410279], [0.0806950820297619, 0.11098170042507947, 0.0739867082099301, 0.10507192082037582, 0.12399993030355429, 0.07229418576203277, 0.43297047244926595], [0.11388796579633946, 0.15468161441437814, 0.10896097068073338, 0.1532867332124787, 0.207600701382032, 0.06028316130211676, 0.20129885321192148], [0.0828604320426058, 0.12120306080459142, 0.08271861855806331, 0.1323016792053361, 0.18327958686054657, 0.06978828644385829, 0.3278483360849989], [0.13026494899830038, 0.15280859750558387, 0.10165819030281895, 0.15379219708068534, 0.19480390743399736, 0.054070693187652265, 0.21260146549096157], [0.1070262276857659, 0.13107951799185047, 0.09506621208978755, 0.1413535612193479, 0.17764132008427008, 0.06847140763227029, 0.2793617532967072], [0.12312112777382042, 0.1485503046400895, 0.09384370006295684, 0.13404944397324264, 0.17653915832736738, 0.06092749301472699, 0.2629687722077969], [0.10283500990605395, 0.14318529750368253, 0.1060560277767075, 0.16771720962520076, 0.21240777623061374, 0.05804676151907331, 0.20975191743866858], [0.1213695509092664, 0.14872947915539111, 0.10445646575876712, 0.13827731419280234, 0.17905744279484692, 0.13454916988021642, 0.17356057730870958], [0.11151128960425746, 0.13785774230216244, 0.10043713908343535, 0.14205592926120114, 0.17680440495759608, 0.04960435112761835, 0.2817291436637293], [0.10659663143332386, 0.11889459722739563, 0.09096297103755686, 0.12873933788035258, 0.13211575300168388, 0.06975760807453261, 0.35293310134515427], [0.1342805834466413, 0.16177741672376433, 0.10507875291862312, 0.15648330849054168, 0.19115526354810056, 0.057172364091172316, 0.1940523107811564], [0.07969030730699925, 0.11273951631925182, 0.08342864663018747, 0.12377762081936755, 0.16911548816032293, 0.04641398584737147, 0.3848344349164996], [0.1065234698055417, 0.1342869261324684, 0.0965766924335487, 0.13707598825628395, 0.17381089488114193, 0.06462202533818548, 0.2871040031528296], [0.09704877254112529, 0.14596131392209324, 0.09759371476752887, 0.14540032257180402, 0.20375743778847585, 0.07513503783677125, 0.23510340057220186], [0.08825340546668504, 0.10818802808764658, 0.07966732193440937, 0.11846736785839306, 0.15458287502322166, 0.046638370370872546, 0.4042026312587718], [0.09234094886221515, 0.11760052394273543, 0.07727568675039596, 0.12067797410564075, 0.15085126699467766, 0.052283458600689114, 0.3889701407436456], [0.09734225981932827, 0.11244196034924804, 0.08487399066513227, 0.11442962308674334, 0.1456078951768764, 0.07236581437319449, 0.3729384565294767], [0.11204140659783278, 0.13002698285614975, 0.10716552336318626, 0.15355077172861753, 0.19725814613824139, 0.05480710520212864, 0.2451500641138436], [0.08866100832584461, 0.10229921478587425, 0.07928980423737186, 0.1055248742097782, 0.1266645742526107, 0.15320028806434227, 0.3443602361241784], [0.09551804861161597, 0.12686332864077982, 0.09193695396047831, 0.1287777733412135, 0.1761368043660962, 0.06379331389527235, 0.3169737771845438], [0.09361983111950514, 0.1009159557033087, 0.07290495255448554, 0.10499157846440303, 0.11637231414274178, 0.05185311622919679, 0.4593422517863591], [0.0873698641101085, 0.11288361259818543, 0.0798971320728639, 0.12148158008801241, 0.14802992270660614, 0.06330733427647375, 0.38703055414775034], [0.09227115199856972, 0.11053310194523565, 0.08446945422348326, 0.11848822973884317, 0.12747890345470514, 0.07457810678987481, 0.3921810518492885], [0.09187320042510654, 0.10685721022951071, 0.0793182375728452, 0.11250723972034826, 0.14543033685151943, 0.07883156628508048, 0.3851822089155893], [0.09380013182846478, 0.10725896034818007, 0.07153881784601936, 0.09978642671487412, 0.10893650452958697, 0.05509009717143084, 0.46358906156144425], [0.10543232735306865, 0.1212861075831306, 0.09603215785238034, 0.13488266944454771, 0.16229337026345772, 0.09348158650242529, 0.2865917810009893], [0.08744872801267688, 0.11725436662398957, 0.10642029007516302, 0.14822443215627365, 0.22436980919274255, 0.0504926377008021, 0.26578973623835145], [0.1173954331810052, 0.1363750556934854, 0.10979029999059488, 0.14566504285075935, 0.16070732404391225, 0.06621628393269215, 0.2638505603075509], [0.06988996009963523, 0.09578410826875712, 0.06858600396608618, 0.10295075369230934, 0.13353040875438693, 0.08053233056930169, 0.4487264346495232], [0.11229141394735755, 0.13437437928041326, 0.09712420862294205, 0.14284633054775528, 0.17669082715265, 0.0663571516998161, 0.2703156887490657], [0.09026433354300105, 0.1399348819174769, 0.0976446631852241, 0.14538988185812884, 0.22333254273033204, 0.056006882118044124, 0.24742681464779326], [0.09545428519556667, 0.14189032132612453, 0.11170474034445625, 0.16750806769478938, 0.25956940417081253, 0.060589521370730856, 0.1632836598975195], [0.07910054594186422, 0.12264591052550622, 0.06995503125486809, 0.11131206602837632, 0.21001070663554358, 0.06030780279910528, 0.34666793681473657], [0.11277596260989138, 0.13261664280521332, 0.10359911320984333, 0.14747539964487275, 0.14875818840109487, 0.061307242576234676, 0.2934674507528499], [0.1037