{"estimation": {"a": 8.675847081089579, "rho": [0.12073869083639119, 0.11887329747573179, 0.22681831679678932, 0.26851858397216716, 0.06372786640785327, 0.07544379332773568, 0.12587945118333146], "Mu": [[2.8773134512381224, -0.11881076053159599, -0.6335803264252989, -0.7287828334094713, 0.2855904065791189, 1.000798596878652, 1.5608805097466685, -2.2322071028125547, -2.8495759742537485, 1.8803789479498514, 0.5345440054968809, 0.4582845623073082, 0.8390712674213401, -3.0601028869446436, -0.32795010902087574, 0.49647996594048427, -2.516062467409088, 4.417705464975184, 1.1534880806182837, 0.46115550227343227], [3.2114432924457668, -0.2563678788097086, -0.6843364528589464, -1.6510205999592154, 0.5490077766378284, 1.4884582560481494, 1.2860300253486021, -2.119212631825346, -2.721588736526817, 2.016222777554112, 0.07153429382040287, 0.7304778431719415, 0.9964674210930674, -3.4731523438321448, -0.31769747793936703, 0.7353187738471457, -2.488628491413246, 4.280948917739473, 1.2230620536798948, 0.5340788212746066], [0.314463954945294, 1.8384001140202615, -0.6474568900350135, 0.1373283170363619, -3.120475134876728, 0.47521911953038726, 1.985527018783576, -2.2373548804273966, -2.9543645847972217, 4.476572468279008, 1.1975601237260523, 2.4429494815228425, -0.4708620339438937, 1.701144658646094, -1.6082416843052134, -3.7858361385499073, 0.28128813218261073, 3.8813158398577476, -1.077386502373775, -0.5591164718793344], [0.4256479016969894, 2.1463354972736335, -0.7541428647333981, -0.16383002116018305, -2.7335820816847702, 0.5744620986449653, 1.9659015557858759, -1.9846104258455117, -3.0112307941633585, 4.5350749148312675, 1.2692517524132063, 2.5259147973414824, 0.04193584586280919, 1.1589706046355948, -1.431699325946914, -3.742751498167033, 3.056952412651621, 3.4182456723522057, -1.173897163659851, -0.9267800027990296], [1.253423618096724, -2.0720984537013014, 1.939956029663199, -3.1786191774407637, 2.0478046535725145, -1.0892008153218453, -0.6806439909699497, -2.03216919482419, -2.141133692370841, -0.4362404340836547, -0.5806003857047799, -0.2641192180097902, 5.1496574914962405, 2.28396022014328, 1.4526150375805953, 4.069489392182254, -1.480792717442443, -0.8177688553466449, 0.3211999308566415, 4.847504963376565], [1.5284585921213065, -1.8504033577611805, 1.6420668424359628, -3.3041328537969767, 2.0255017538973683, -1.1556156968489069, -0.6985800831336786, -2.0151857603053456, -2.4289495253640783, -0.7404132146637018, -0.699711398339384, -0.1628615364318935, 5.37215674538114, 2.561780367454964, 1.4137981514823368, 4.1659267956270325, -1.7114618291207113, -0.5370157823270675, 0.006144310921205747, 4.976219814163127], [1.7326846642862197, 3.906863815246136, -0.5296441250253526, 2.3708151804833135, -0.1633921826288266, -1.7350370177074945, 0.5123473286998887, -0.2337431927935317, 3.485518628569036, -2.4387368785252774, -2.245012098751762, -2.8928169831339874, -1.476912302071528, 0.31169666411269753, 1.137977366520027, 1.6564954941750334, -0.03097551966177282, 1.031041542011466, 0.2472466750088493, -2.531829538742775], [1.5106999463107555, 2.963293736049689, 0.21669395968759478, 2.7229272128743727, 0.9005237816500059, -0.45004178581896653, 3.9820854698789683, 1.7241245879502727, 4.165388937330165, -2.2350614756141836, -0.19996435819141228, 2.457757284226649, 1.4286683509699, 1.2714285782807233, 4.081350127359117, 2.0341104660159117, -0.1336597708304184, -0.6518491007470266, 0.43649443299155966, -2.90675713129651], [2.388894581020961, -0.3943598675586281, 1.3443288511241445, -1.675327926496234, 1.3549142048022056, 0.928744698716448, -1.0013242846777157, 8.227425613120421e-05, 1.7855436846620039, 0.4368352234882166, 0.19942467985452494, 0.460002963078764, -1.6381872251095242, -2.777771362142741, -2.477783052556874, 4.770538888985814, -0.6081392624341316, -0.3292332736792986, 0.35621313597710086, -1.2143612593639603], [2.2842121088806118, -0.10219337514271742, 1.639447705454661, -0.8060277036283485, 0.9023420146859296, 0.6437226570577818, -1.8355431563856257, 0.003795168853159184, 1.4189574139058583, -0.025230696187096148, -0.017025119446238544, 0.2285571170436653, -1.8311990241052596, -2.4526835561485645, -3.1192710287836003, 5.137486744268855, -0.2132359624541918, 0.26406070378059876, 0.7319197696779954, -2.012225402622755], [0.7292218331522018, -0.4369875711753342, 1.397177636084213, 3.168205041726907, 2.031204619714782, 0.8574012479718062, 1.810960709577412, 2.1575320025624207, 2.9386056441807624, -0.9803222057055595, 0.2770975611311062, 3.2194658603860273, 1.7634553256996963, 0.1640324966549258, 0.608277457919835, 5.588617768127639, 0.7461788769848032, -0.012459535515755323, 0.7465794998936712, -2.6028378981644282]], "Lambda": [[0.3169771149139057, 0.42227303869615473, 0.44043146331941807, 0.2648501835762706, 0.5565911003717812, 0.5543212075644997, 0.30719621168878297, 0.4163955660542122, 0.42921906324074255, 0.42610641767656704, 0.40203726698409875, 0.4343831933106663, 0.8403222840614227, 0.4361191653599659, 0.4344034597376542, 0.5993207219073803, 0.47577886421875104, 0.27952407185257233, 0.6254153196658846, 0.596778750277948], [0.3099162722349148, 0.4039531512761913, 0.42020636799117966, 0.24897252225176378, 0.5730079599740681, 0.5182296845136195, 0.30411682410668806, 0.41544136812264587, 0.4090556155810876, 0.42957259028699873, 0.42146942792234016, 0.43850115016401514, 0.8213455518521801, 0.4182633005755946, 0.4220272209300847, 0.5941083990784686, 0.46379958098166196, 0.3026029860597171, 0.6425979349690997, 0.6022059228934217], [0.45186547546064904, 0.39909476544668265, 0.5388944064269139, 0.6406838957621213, 0.5790628259496522, 0.4756311161695499, 0.7968912672350096, 0.7376582772955785, 0.4177129472473051, 0.5262616350045685, 0.3387349097699564, 0.34287821312793854, 0.43015751442948585, 0.3895735576545995, 0.3224966462617328, 0.3115494572638858, 0.43578422172611286, 0.5530942534632112, 0.54178308123225, 0.602633198455949], [0.45199217462903574, 0.374763095479985, 0.5571745558097391, 0.6240600535231801, 0.5881067437255038, 0.4685575250913631, 0.7914184615461839, 0.7473396575727433, 0.41264025510936514, 0.5182859764177971, 0.34921837601676764, 0.3247652514702239, 0.4322990018194998, 0.40705329427912124, 0.317820773876188, 0.292261796831874, 0.3958171875803944, 0.5512043720694265, 0.5199979048180944, 0.6386152818305522], [0.5778214993539444, 0.3400348205809175, 0.6823930010627836, 0.36682893525173327, 0.5893055931026191, 0.4719337767659022, 0.5031673647401115, 0.39938107570252035, 0.5831271635718863, 0.7772002045782974, 0.5540353905218456, 0.4243145068469934, 0.36853733900984736, 0.5668500588157022, 0.6336938315849004, 0.4232801625766226, 0.6334535651545699, 0.43730836249306626, 0.6242974771793972, 0.5282858439948995], [0.598897076725025, 0.3408799964727497, 0.6893302036850365, 0.37013498188225563, 0.5626223154439488, 0.47466140391361483, 0.4968885150669842, 0.4267564419017455, 0.5606315376781618, 0.7249346519352343, 0.5419656435108969, 0.4050602607513033, 0.36692826395303496, 0.5863836532635982, 0.664015172838858, 0.42727562430803623, 0.6159730711696503, 0.4543896103215658, 0.6245124774828853, 0.5117789123221088], [0.46508432286093, 0.45244366265688624, 0.7546454991602093, 0.22299924103347024, 0.6057332877482668, 0.8822740947707822, 0.46751423273975523, 0.4137910727068647, 0.463408972410242, 0.5989883866881691, 0.5049877387083257, 0.41342031300469667, 0.3964394616701693, 0.7722002456390001, 0.5056397696538545, 0.4784559434022091, 0.5029113629890588, 0.20783959682095576, 0.9877482821407306, 0.4091598448385318], [0.4502436223152504, 0.6706013708007802, 0.5434166086214373, 0.13867210598261578, 0.49327114657326193, 0.9507971861986619, 0.34840401308678304, 0.4599685932992532, 0.4813026264050535, 0.5643394474698412, 0.5488820420589974, 0.41384921385265155, 0.2337392069975944, 0.7635422697379869, 0.39343165394839125, 0.6290125981134991, 0.6618404443014524, 0.441902774695601, 1.1235919332446078, 0.41654148759345183], [0.4464236495772014, 0.39173801011508097, 0.5211763672282426, 0.43550065270912436, 0.44312378890278165, 0.5367528698694838, 0.4724528509459224, 0.48993857940604035, 0.5258694627758672, 0.4677523116118075, 0.5783524470516611, 0.3881825414205739, 0.5621603815958681, 0.5748184854382284, 0.6159064972059697, 0.38812898992706046, 0.4488540349389266, 0.28449152208780926, 0.5800890354309729, 0.4607877176148572], [0.4726201191745266, 0.3599381511181824, 0.5878646006086891, 0.39008378409155314, 0.44588466344027616, 0.5104406947852607, 0.500350364699236, 0.4904601233365469, 0.5313656333687071, 0.43437546918920283, 0.5912175592095339, 0.3561425188705691, 0.5567237979229968, 0.5624340996325439, 0.5871278182078992, 0.3795042205013735, 0.41894802633222045, 0.2339258691769961, 0.5526848544715453, 0.43200594487513266], [0.4646071304407986, 0.5843790682949509, 0.46324395051708356, 0.27466007100168893, 0.43276409659974757, 0.7097266650452224, 0.44619238912275566, 0.5218238337920038, 0.5614302590526801, 0.4429271925738318, 0.6443349174015258, 0.3370768969246898, 0.3978076288039556, 0.5791767307351036, 0.42801084392391847, 0.6355498042158986, 0.5309562254755789, 0.5016433102220965, 0.6224704604890139, 0.42061958897810503]], "G": [[0.1060388018431198, 0.10667571307751214, 0.1661125546950858, 0.25749861912400157, 0.09360004759921824, 0.08904095201761386, 0.18103331164344855], [0.11896733127841762, 0.11609761422668384, 0.12552169742420075, 0.2864807730676964, 0.06922096229370565, 0.06317696821109735, 0.22053465349819812], [0.08120403596759876, 0.08030656880546701, 0.27630244183097497, 0.25997560688193466, 0.07722941756270364, 0.10295627949729665, 0.1220256494540249], [0.1278355758492131, 0.1338132656749828, 0.2036302408197713, 0.23384646586463786, 0.08028652386631524, 0.0931830585808192, 0.12740486934426007], [0.10373030750947251, 0.10883380333925186, 0.15996949638099459, 0.2629624052130963, 0.07610158800868844, 0.089726183695864, 0.19867621585263257], [0.05581733142031311, 0.05183990786101965, 0.294965128371803, 0.3099760239604202, 0.0571702187974713, 0.08076792413496929, 0.149463465454004], [0.07150768576502532, 0.06871597081505665, 0.2487020942218017, 0.3405731809509932, 0.059987736090201575, 0.06382031205541293, 0.14669302010150884], [0.11325121145536207, 0.109878816613644, 0.30988194399720576, 0.2688142632733455, 0.04919986420989502, 0.06967801910381412, 0.07929588134673438], [0.09758929331006114, 0.09023830607230023, 0.27754189957682984, 0.3339656929341997, 0.049440954010457144, 0.05104201635973278, 0.10018183773641948], [0.14979772752661832, 0.14718355112675993, 0.1964211913157997, 0.27425226829755983, 0.03569888848857817, 0.0452662636322279, 0.15138010961245602], [0.06456351994501959, 0.05968162160467511, 0.35204495602669206, 0.3228282401193348, 0.051204467208482846, 0.07150750173053856, 0.07816969336525678], [0.17722116626619822, 0.17901853487352792, 0.19090386514389163, 0.21969552425307368, 0.057690407307015926, 0.06659556255063127, 0.10887493960566148], [0.0728054009504326, 0.0684525376829475, 0.3160492096373345, 0.36817168600802896, 0.03742264881538742, 0.04105797030552339, 0.0960405466003452], [0.09139351003097569, 0.08479274866753814, 0.3377848568317512, 0.35153468399056664, 0.040282477650282034, 0.043243785218544245, 0.05096793761034065], [0.10554366999687993, 0.09712928037731365, 0.19410369918286768, 0.29169564216129307, 0.06274156925617948, 0.07063851978229113, 0.1781476192431749], [0.05738789838152872, 0.05457896739787858, 0.3330180851397791, 0.3646793006882441, 0.050653887420648226, 0.05698464260758488, 0.08269721836433558], [0.16791285955167412, 0.16314219588626533, 0.22453713084565996, 0.26272144184665364, 0.04409345753827684, 0.04965551645553219, 0.08793739787593802], [0.1359605181345597, 0.12901462046393206, 0.2139678288013792, 0.229004040122116, 0.08301975598331834, 0.09141637686235889, 0.11761685963233584], [0.08330129122604596, 0.07847822412179423, 0.21856181079096978, 0.28912177248859383, 0.10110416039079041, 0.08796637168623166, 0.14146636929557405], [0.11103142163826878, 0.11560482875149643, 0.10004076055299116, 0.339580091581052, 0.028720446966788434, 0.030435224805692773, 0.27458722570371086], [0.06305054815752688, 0.06311569332098148, 0.27492868213574007, 0.2865229410835955, 0.09998193086884304, 0.10795881124940934, 0.1044413931839037], [0.05781000409856295, 0.054671503479890214, 0.2905667714959508, 0.3952245488521018, 0.04052126049234287, 0.037574295460329185, 0.12363161612082157], [0.2716696764671301, 0.2680046587781179, 0.1607209623248504, 0.17531544001155178, 0.030627913818564494, 0.03400124051227246, 0.059660108087512966], [0.20788964551610345, 0.20846987828747848, 0.18881872231890337, 0.22570053878171462, 0.03104852643398746, 0.04488807955615466, 0.09318460910565779], [0.17430877327682318, 0.18185723302509413, 0.19526196620935385, 0.24253816901496492, 0.05360622982143888, 0.05824000909388023, 0.09418761955844498], [0.23731665543273617, 0.23860402097321792, 0.11594165573730482, 0.14061188441042055, 0.07813891616060525, 0.08321185215554806, 0.10617501513016729], [0.17289332666275656, 0.1770333848534188, 0.17203456844688553, 0.20364806017255474, 0.0810435007832542, 0.08922351622699125, 0.10412364285413926], [0.25812953861295374, 0.2573372414687592, 0.16757217165228408, 0.18479465422964358, 0.03374489592439353, 0.04005149401386274, 0.05837000409810279], [0.0476524778424852, 0.04795200759599215, 0.3193100575684542, 0.33853387558118514, 0.0599221600940578, 0.0770771586815658, 0.10955226263625954], [0.22369737416281774, 0.21768412775985066, 0.16318638936916663, 0.19572879055578554, 0.04392689291281991, 0.05045075360578124, 0.10532567163377818], [0.17037906252589924, 0.16236435558125642, 0.25159981993421815, 0.2600147320096872, 0.04270363693158309, 0.05538463689303174, 0.057553756124324416], [0.09250681816744008, 0.09431325315455587, 0.1428819681734392, 0.27756619079634026, 0.06952223637015915, 0.08640880832534127, 0.23680072501272356], [0.06878603018319822, 0.06253157395869006, 0.31354260087121333, 0.3565635847648433, 0.05588952810208018, 0.053928166452140956, 0.08875851566783384], [0.07244422900128919, 0.07777084499992432, 0.3372444270584525, 0.34720010551192254, 0.0445141386942199, 0.04605180351470835, 0.07477445121948342], [0.059650017891724194, 0.05455263094387259, 0.3125082136358399, 0.282535423055544, 0.08913044605460094, 0.10901304546817336, 0.0926102229502457], [0.18196945062903022, 0.1839021802558112, 0.19636981810928247, 0.22455631429140321, 0.047483870067135926, 0.06140446717596073, 0.10431389947137572], [0.11761986540902333, 0.10992470983016683, 0.2814740900631879, 0.20871474703775236, 0.07275360703472115, 0.10331745121617265, 0.10619552940897592], [0.08222109013207622, 0.07361884306844309, 0.22081889332952034, 0.3737012221352108, 0.02815828128480911, 0.03317083314197383, 0.18831083690796724], [0.0593066535594015, 0.06323643919328775, 0.22106939105722087, 0.35768698843933305, 0.03076101748968046, 0.04683945829939933, 0.22110005196167626], [0.16966953999516568, 0.1692049867886746, 0.19401976505836796, 0.17535051500565246, 0.07179196861202518, 0.09582451671189383, 0.1241387078282205], [0.09031212229519277, 0.09829453800276539, 0.30340778202826774, 0.27287414616882166, 0.06782910164142619, 0.0809530409164232, 0.08632926894710369], [0.06463510598182123, 0.06545184558287687, 0.3251727348599866, 0.27391769046958087, 0.05661840486772713, 0.0917562762275673, 0.1224479420104396], [0.14123384066866998, 0.13301006617901792, 0.25196083179217327, 0.2610984834352728, 0.060204558087007656, 0.06528327035640799, 0.0872089494814503], [0.1894874059129109, 0.18695685208714866, 0.12615636349558404, 0.2188153385186588, 0.07263833971320177, 0.060996989551601995, 0.14494871072089366], [0.05378054414464378, 0.052301946326909925, 0.24675542239936113, 0.3328742743224561, 0.06691189415077928, 0.07604941542275927, 0.1713265032330907], [0.0890946240985622, 0.09240630027470613, 0.16297202089525514, 0.3105967320100473, 0.06308951123755856, 0.07067025066043127, 0.21117056082343885], [0.08951252235522439, 0.09197956717271176, 0.2024352157968976, 0.24813830714247717, 0.09170855077037143, 0.12198773727015796, 0.15423809949216039], [0.1498179127134261, 0.14925929766296017, 0.2541084520936743, 0.26671195288399135, 0.03584304996226951, 0.048844375201853196, 0.09541495948182596], [0.1953420906809533, 0.19307462530818575, 0.17444623290295574, 0.20048832412841328, 0.0650732201157032, 0.08008685152168574, 0.09148865534210318], [0.07830458581703507, 0.08069323934092837, 0.2767262652638061, 0.3512297264767555, 0.04944723365678778, 0.04900563273345024, 0.11459331671123706], [0.16164414994706974, 0.1649712603796886, 0.1899345576421915, 0.2598152569917462, 0.04531331961597385, 0.051999051282453274, 0.1263224041408768], [0.06511324664048165, 0.06719965412827672, 0.23314813966835202, 0.36079971048502213, 0.05157989928374337, 0.04601550093150781, 0.17614384886261633], [0.10874568226560538, 0.10393015245671763, 0.192133014653558, 0.17710141325048862, 0.12160297980207858, 0.1556711683609751, 0.14081558921057652], [0.11189273270027261, 0.11104175648877161, 0.26446543498151065, 0.299431776646503, 0.039280059991611986, 0.05757181697157208, 0.11631642221975821], [0.10267561105412659, 0.10011240905755475, 0.22637369528833706, 0.2818071295337624, 0.08598069091544308, 0.07713270217701333, 0.12591776197376334], [0.16665944448434897, 0.1693352205842048, 0.11240572756123156, 0.23197424781015932, 0.06069285232651179, 0.06661359477771205, 0.1923189124558311], [0.05165236306928766, 0.05166559196410323, 0.3614451815591266, 0.3665233955408033, 0.040567548757352224, 0.05344057178271672, 0.07470534732660986], [0.051018989856949415, 0.04914557600948114, 0.1894236723690692, 0.3524782231581914, 0.04877713770518131, 0.06616265878677947, 0.24299374211434893], [0.08362714468420716, 0.08110013401325572, 0.16817602765617645, 0.25732026085822735, 0.09730731524302316, 0.1057169050039253, 0.20675221254118492], [0.09245218469694735, 0.0924364243726967, 0.25590114260130103, 0.3117892769646047, 0.055425997779463936, 0.06612854354130357, 0.125866430043683], [0.05848373089034789, 0.055771823143992726, 0.3194196831962144, 0.3712828887967438, 0.044236117371847655, 0.05395429878943377, 0.09685145781141978], [0.09210115496723552, 0.09279492728240382, 0.21362357442569108, 0.33789374765951136, 0.04727196910519199, 0.05156004992693076, 0.16475457663303508], [0.1037220269204805, 0.10055644863975144, 0.25830435513360767, 0.23694538075250668, 0.0726934686834589, 0.095532723497237, 0.13224559637295832], [0.09734553643080843, 0.09181922761998831, 0.21999959667913765, 0.22837995870454808, 0.10794313243733542, 0.1447228446617576, 0.10978970346642468], [0.07393035754218773, 0.06891606364130613, 0.26960447626520934, 0.32015299304297057, 0.0580181032605825, 0.07073528936325787, 0.1386427168844862], [0.07039863788975499, 0.06420552728445715, 0.3158020319024801, 0.3582365881820594, 0.03193112056453017, 0.04415101196922639, 0.11527508220749204], [0.1785916726752297, 0.17825536574196973, 0.16943547661874772, 0.24189201248232023, 0.049988746845420075, 0.05471892465407124, 0.12711780098224157], [0.2138467901641308, 0.21026766005598332, 0.17922163645753453, 0.2269920585469574, 0.03808172145972826, 0.04514587744506619, 0.0864442558705999], [0.0846952933258508, 0.08258858843842941, 0.19545437771300866, 0.2861246254184603, 0.0844218747220769, 0.08498111098633422, 0.18173412939583938], [0.08000473810505287, 0.07661456515602387, 0.26945292741621574, 0.32052044632453913, 0.04063697820334563, 0.05919913658397847, 0.15357120821084375], [0.06731637706360652, 0.06309878713324858, 0.29103229105822104, 0.31574435582913535, 0.05808071972531408, 0.08102389497283183, 0.1237035742176424], [0.1310843790406218, 0.1293514264184153, 0.2918282101507598, 0.30153427478661277, 0.042924776096213285, 0.045635649165401665, 0.05764128434197489], [0.09007883094077226, 0.0884348974996787, 0.32864695122089393, 0.30794539270931165, 0.04529279946662, 0.06566652585863618, 0.07393460230408731], [0.04070700955029602, 0.04129476631892587, 0.30813632700113036, 0.3543659547896556, 0.07478796332418462, 0.07867750978609506, 0.1020304692297132], [0.07021046466038913, 0.07003358800198876, 0.26600501469899906, 0.3501086444632993, 0.03890543770474724, 0.05021221846498234, 0.15452463200559385], [0.29479782892277917, 0.294824872571769, 0.10618223978514071, 0.13472588888128637, 0.04234675261515145, 0.04950441096958089, 0.07761800625429337], [0.0968903523882935, 0.08579531669354719, 0.23431359174310734, 0.26135909823160514, 0.07718185759410968, 0.09125572158865308, 0.15320406176068405], [0.12732501470497123, 0.12571644672030372, 0.28788699466757145, 0.27624177443195974, 0.048681540732643955, 0.06386291625434513, 0.07028531248820405], [0.13558638521631117, 0.13621402963525617, 0.10741391190214228, 0.2669777897254734, 0.07133158073879366, 0.06557815180324449, 0.21689815097877846], [0.07347079916262061, 0.06771252728882357, 0.2253398229148161, 0.3096021736220822, 0.05238644905278752, 0.07857428835889982, 0.19291393959996986], [0.1751642388840508, 0.18017047493093846, 0.15721776566215892, 0.22561872622861498, 0.06242696973449253, 0.07328153650177109, 0.1261202880579725], [0.12777054250792105, 0.12066174568072528, 0.18835710257595162, 0.2461957854893011, 0.08330003703576545, 0.08171279346872663, 0.15200199324160904], [0.10447119128605471, 0.09942020723205791, 0.25799962578823227, 0.274642982104778, 0.07258402887143572, 0.08185488785123993, 0.10902707686620129], [0.08270218977703739, 0.07966989072297823, 0.30149093818221784, 0.34025561018302564, 0.04017970865806499, 0.04803195629378351, 0.10766970618289207], [0.15593398359925126, 0.15027770572382573, 0.27471407852422247, 0.28806520392877283, 0.03342459659176689, 0.04520496080419289, 0.05237947082796762], [0.17537269006841796, 0.17322603209949405, 0.22177639300308188, 0.25591223558582343, 0.047074019960086304, 0.052313458693461636, 0.074325170589635], [0.08073357277837262, 0.07974460223902842, 0.19706134546774942, 0.34838011046909767, 0.04141119459849253, 0.04969380308735777, 0.20297537135990032], [0.18798942654674533, 0.18425380973334626, 0.2305260340400962, 0.24701988373816713, 0.03405162581682796, 0.04307350990380244, 0.07308571022101465], [0.17629345852057882, 0.1754659642301341, 0.17111777526035474, 0.22012694342748362, 0.060873278328014556, 0.06644551664476625, 0.12967706358866754], [0.09322788081832659, 0.08966007975056295, 0.19443669861510082, 0.24319747122745555, 0.12364334070833377, 0.11922946099292445, 0.13660506788729607], [0.1803966150486468, 0.18556293578087005, 0.18316621282973297, 0.19205074325424565, 0.07120291710992863, 0.0948177505757598, 0.09280282540081625], [0.08846838550845013, 0.08596293769921744, 0.3114098508327803, 0.31125902319789583, 0.06941447526673751, 0.06696870611410846, 0.06651662138081027], [0.14006962339871257, 0.13912361280126245, 0.1360741965821669, 0.22136430833742718, 0.08723032271788451, 0.09732630977778614, 0.17881162638476047], [0.1433241018388974, 0.14366199759283219, 0.24857288539705133, 0.24743678286257892, 0.06021934821161466, 0.06867410293744847, 0.08811078115957667], [0.09607462317117878, 0.08749941070826314, 0.1898951064050707, 0.3055852193968265, 0.05874655798509971, 0.07320149168446954, 0.1889975906490913], [0.052016296698956764, 0.05426171814127905, 0.1509299740240767, 0.3962091894310353, 0.02561917352615002, 0.03249439127750961, 0.2884692569009931], [0.07596472877454752, 0.07468304728595052, 0.11398290360111987, 0.2843635118455011, 0.08967869354664479, 0.10008246157177844, 0.2612446533744573], [0.08361449010173098, 0.08113795620303567, 0.25469259249886883, 0.25260532222063165, 0.10005414809127548, 0.11967469360428062, 0.10822079728017671], [0.07418971071580671, 0.06930304998697485, 0.31583251081720887, 0.3299520403345353, 0.05476244691638551, 0.06907773711864611, 0.08688250411044166], [0.1623475423852802, 0.16804250958897657, 0.11657472479783558, 0.1116942772573994, 0.14352103809633962, 0.15826870030668055, 0.13955120756748798], [0.2683432025720895, 0.25883341588591363, 0.13996962393493717, 0.15835940189772077, 0.05005834730806279, 0.05758234356178285, 0.06685366483949304], [0.050100751248005664, 0.05132577864682922, 0.2140500384435589, 0.36159819413188166, 0.04173104374988213, 0.05271027060198023, 0.22848392317786237], [0.09607966846721933, 0.09614247850883405, 0.17523154793002252, 0.2660923066354615, 0.09016645721209177, 0.09494217991783095, 0.18134536132853984], [0.0734883624843272, 0.06912165843069888, 0.30359520888712355, 0.3439151814367105, 0.043292266796576974, 0.053884634526018126, 0.11270268743854506], [0.16620428387340713, 0.15825333913163614, 0.25139902122997276, 0.24572010005945694, 0.04349127132227861, 0.05965457493959543, 0.07527740944365342], [0.232283583055665, 0.23721700845331065, 0.16007326838354521, 0.16031553348028887, 0.06452001624626034, 0.07092630517344513, 0.07466428520748512], [0.039192027882246586, 0.035410032082353764, 0.3204402958039278, 0.282437489551602, 0.06557566219538442, 0.10243842659842224, 0.15450606588606308], [0.05688802950037746, 0.05705029107402016, 0.29591230602497076, 0.34322663434711587, 0.058624503886064994, 0.06411907262861874, 0.1241791625388322], [0.13228180049613786, 0.13019430727606524, 0.23702229062275326, 0.2904830505379954, 0.042029820024700404, 0.05228204372375696, 0.11570668731859123], [0.06704095910591255, 0.0641646140932362, 0.3076956685660331, 0.3182411745481862, 0.05648619409059133, 0.07259292791957067, 0.11377846167647031], [0.07981816746207744, 0.08015066054912921, 0.3064761159717289, 0.3015560452848712, 0.05344157615825415, 0.07466305227770573, 0.10389438229623257], [0.0927166148287256, 0.09053024875156329, 0.31048028073097206, 0.22686989814305028, 0.06483652018441838, 0.09986234085416046, 0.11470409650710998], [0.09349907377343958, 0.08619755342716319, 0.21247702366502763, 0.36353517520868683, 0.026023104786043173, 0.03242654022046738, 0.18584152891917227], [0.24282845588834834, 0.24285390329547146, 0.1741838716123141, 0.18904969403581037, 0.04162633864099821, 0.04682796696389985, 0.06262976956315751], [0.07765054361270488, 0.07646077768851446, 0.1726213633507241, 0.2944661595804211, 0.07667398053294376, 0.09389621021395485, 0.208230965020737], [0.08520473038823652, 0.08467526407967105, 0.22553477016535034, 0.29992361426887454, 0.06153865684948426, 0.07559729294376324, 0.16752567130462015], [0.139153483704419, 0.1360879731285472, 0.18328736525084605, 0.2310472219220122, 0.09388080186925848, 0.09739123261889727, 0.11915192150601946], [0.15240658513881217, 0.146853889354976, 0.16388010693161081, 0.1673229600497972, 0.11996798186192187, 0.1272569348520512, 0.12231154181083034], [0.0652959399162414, 0.06401624648898989, 0.18290990363192733, 0.3200827211796904, 0.05794391701634462, 0.07777548521166158, 0.2319757865551444], [0.07331900653139728, 0.07125264605349466, 0.1471026228774085, 0.15825669780310433, 0.1632383766494669, 0.2134062486103761, 0.17342440147475194], [0.06429375811414446, 0.06192025934388197, 0.3449295652336851, 0.36297095587463135, 0.04057878153485303, 0.04639398663299786, 0.0789126932658071], [0.17007766983104808, 0.17446746473429137, 0.23512692529866527, 0.22893254645998082, 0.049662574570771945, 0.05935166394335509, 0.08238115516188785], [0.10136982164526225, 0.10018962993691506, 0.2932735353907067, 0.26253836280732457, 0.05400058409671677, 0.0793958202987232, 0.10923224582435156], [0.17676291691694787, 0.17143221810601045, 0.26219021593838016, 0.2310073327577286, 0.03775527784737353, 0.0520836611138263, 0.06876837731973293], [0.16153419146255318, 0.1709374964152742, 0.19446834608948319, 0.2533875899734182, 0.050942082311599496, 0.04857625891897815, 0.12015403482869347], [0.12835395230486832, 0.12480135303269607, 0.20052821914947253, 0.21232388090163587, 0.095377984527569, 0.11497013608263976, 0.12364447400111814], [0.12272783325543377, 0.132138365865093, 0.19688447840971227, 0.22412251116284784, 0.08169718704032938, 0.10192891188832366, 0.14050071237825942], [0.045154822192982905, 0.04410764295444652, 0.22102321780686546, 0.32110673381456994, 0.07526654420519335, 0.08669244504807644, 0.20664859397786559], [0.1662343195982762, 0.15636175350312975, 0.20462059613426348, 0.27875421406579226, 0.03905196808285233, 0.04131867889971866, 0.11365846971596788], [0.23849513096973005, 0.2377487592161731, 0.15495161406872643, 0.1936399610060477, 0.037157033143400034, 0.046824292204921736, 0.09118320939100087], [0.07122662988104933, 0.07010414884072717, 0.252814373429975, 0.33245482805147564, 0.05879927344385414, 0.0666539884733505, 0.14794675787956849], [0.18423078155692837, 0.1733320964572894, 0.17331378061817868, 0.17186246315391737, 0.08069179436019319, 0.10426630831183409, 0.11230277554165909], [0.180530738976992, 0.17509780167193603, 0.21432718289724167, 0.25362654988361355, 0.04471526241058484, 0.04457778895435547, 0.08712467520527675], [0.06138597605842687, 0.06161231883056501, 0.3529522431191612, 0.370220513908761, 0.03879767051772481, 0.04114978784182411, 0.07388148972353611], [0.07258156303584089, 0.07466614758816388, 0.15623113620624643, 0.3336570007615909, 0.0616547073218169, 0.062493859181720054, 0.2387155859046202], [0.11514346618786739, 0.1169533129497821, 0.14319889089749657, 0.2755468882784532, 0.06616212279625508, 0.07533190375408441, 0.20766341513606146], [0.2612146959415943, 0.2530261197410806, 0.12526462597106547, 0.13978469408718966, 0.06763278918471906, 0.07538046483393772, 0.0776966102404137], [0.08327026179524741, 0.08050257249618756, 0.32194840029471056, 0.2902772964109104, 0.06536472617945238, 0.08065318500389432, 0.07798355781959727], [0.12117660431148512, 0.11845042437109717, 0.18040243440471915, 0.19300619489271628, 0.1123418289060408, 0.1460367848504124, 0.12858572826352885], [0.040017263670546775, 0.041762286654455076, 0.1409181858481764, 0.30109143413690476, 0.10646483752759468, 0.10253010210558934, 0.2672158900567331], [0.07589837924920062, 0.07864386402658148, 0.2644892849298498, 0.2980347724072376, 0.07862275989039126, 0.08077276911148276, 0.12353817038525608], [0.06714996060061923, 0.07275304709474056, 0.29877133370336273, 0.3378030156451999, 0.05313656791354622, 0.06040296932810052, 0.10998310571443047], [0.08436448188139284, 0.07967557973385014, 0.21248720369247798, 0.3219394981582003, 0.05477939364411209, 0.05867220299315795, 0.18808163989680932], [0.1173137780773096, 0.11507068222606825, 0.25751818072954497, 0.28856260029430353, 0.0625180023021001, 0.0675449706582663, 0.09147178571240747], [0.08831056598073488, 0.08348868572448567, 0.23799888435926206, 0.34146257262154395, 0.03496204843812216, 0.047058712635259105, 0.1667185302405922], [0.14684663078498358, 0.14003952798819058, 0.13473525810451165, 0.23503982182030045, 0.05716913070297899, 0.08663113911520552, 0.19953849148382974], [0.0919074083917201, 0.08783678313153892, 0.2856293534832078, 0.2834002655742451, 0.060437207816502726, 0.07854576012700366, 0.11224322147578224], [0.14893734641019626, 0.14701507643412096, 0.2137180590097014, 0.2251979999445822, 0.08599315082373803, 0.09018401503345333, 0.08895435234420798], [0.08567765316729173, 0.07628078217923177, 0.2654886934330976, 0.3245036696625855, 0.06874888041017142, 0.06011597900478287, 0.11918434214283936], [0.10238551583742761, 0.09781576658350419, 0.2755737412166891, 0.2984179315649812, 0.05725614971059106, 0.07139740541307635, 0.09715348967373022], [0.22921971856766354, 0.22685556085880984, 0.18370696399881792, 0.1913196867732554, 0.042223448727938095, 0.0549721252040464, 0.07170249586946931], [0.13650362312733674, 0.1333597454433951, 0.2794286319728764, 0.28541605469892756, 0.04917853803160956, 0.05918734342477652, 0.0569260633010781], [0.05097642987781915, 0.04791514916375478, 0.2218191783096476, 0.34147843050182336, 0.05007373614442885, 0.06893478850193915, 0.21880228750058706], [0.11454516623804264, 0.11210679321067783, 0.20302257771200632, 0.2344517481957936, 0.08942474980253118, 0.10728379512795966, 0.13916516971298917], [0.09667594321364116, 0.09157457132407647, 0.200578695014377, 0.24073107514340902, 0.09805326406167184, 0.11661575475553082, 0.15577069648729383], [0.13650080296891062, 0.14071489011035201, 0.22402795647696505, 0.24585936696120103, 0.07705659664393984, 0.08110292577363681, 0.09473746106499416], [0.2530888929480926, 0.23957453021662622, 0.13223374574898308, 0.17243212838737698, 0.05552436629527731, 0.050777265420057206, 0.09636907098358653], [0.2815120135946182, 0.2731142114584543, 0.1507145478157003, 0.1557392074835115, 0.040817631280181496, 0.047966479317245056, 0.05013590905028944], [0.12050031836807111, 0.11665779071564307, 0.2697577367422163, 0.2977746253017393, 0.04062339142002993, 0.05300504552566775, 0.10168109192663288], [0.08429005665442686, 0.08174205862213214, 0.28603775995213016, 0.30276569140745957, 0.05868210826690815, 0.07277473130087794, 0.1137075937960659], [0.1382186259236416, 0.13643199737601397, 0.2224173574340562, 0.25369541983988947, 0.05996266407099013, 0.07878739500346589, 0.11048654035194258], [0.14797158175154207, 0.15106641094938514, 0.16327438999768298, 0.20271485473364018, 0.0834988739872764, 0.10213083111907943, 0.1493430574613939], [0.11301570095252998, 0.11518972977200717, 0.15326287559207494, 0.17873613666955906, 0.14997656983595845, 0.1540544885938061, 0.13576449858406428], [0.07375140434837049, 0.0707286001246336, 0.2802237178643799, 0.3063234929681636, 0.08577550707765845, 0.08624289002147312, 0.09695438759532157], [0.12966747347687274, 0.12554654323813605, 0.1944491571386247, 0.2899658128586248, 0.04851139709139486, 0.05056650678872926, 0.16129310940761765], [0.10786764374447819, 0.11166450351962932, 0.2811704855922102, 0.25484521463673426, 0.06929527860691642, 0.09209534724342133, 0.08306152665661083], [0.08362025189880642, 0.0772663440083099, 0.2587923560695583, 0.3306011099145229, 0.050703920412914924, 0.05698994846758619, 0.14202606922830166], [0.11357329944710395, 0.11419628944606308, 0.13983983384125, 0.20280848440448446, 0.12178522958949702, 0.13755611613359997, 0.1702407471380016], [0.09159905119281074, 0.09411371768058016, 0.21310385546978877, 0.2851934332857857, 0.07840863960336898, 0.08217388188838914, 0.15540742087927725], [0.06288220091935032, 0.05997054333236449, 0.21380498255608452, 0.3391151727654662, 0.055791900498484176, 0.06167082938799664, 0.20676437054025418], [0.1193643274301433, 0.113395114757982, 0.22422719326857157, 0.27495899271533397, 0.06202023981431418, 0.07156593610309171, 0.13446819591056317], [0.09029426683358772, 0.0910800181539209, 0.28949817522518295, 0.3070125952237169, 0.06003236609655905, 0.07083883176126839, 0.09124374670576368], [0.10286861328019345, 0.0984576209866644, 0.20866461074134465, 0.29628851741536827, 0.06162032971728281, 0.06599898354461355, 0.1661013243145336], [0.17518598618083908, 0.18369511719147658, 0.1442667957104614, 0.19567892455847874, 0.09083928243528294, 0.08619869591416719, 0.12413519800929397], [0.17576051016280608, 0.16219994531450896, 0.176916344813386, 0.24445225073163906, 0.050568489259134625, 0.056619911096744545, 0.13348254862178055], [0.06962934210425838, 0.06560218357949521, 0.3023337357763618, 0.3267902951478873, 0.0401596693649073, 0.06601531008629193, 0.12946946394079792], [0.13716343279175883, 0.13964388988842488, 0.25861185464845815, 0.27870800820991043, 0.054699832296023, 0.05836095811467988, 0.0728120240507447], [0.11653094402998215, 0.12223198696672351, 0.1386615307098668, 0.30621626294376036, 0.04377280535166806, 0.04975852018951983, 0.2228279498084793], [0.15516206339461133, 0.16003099926516812, 0.26202244728158797, 0.27304354952652027, 0.028726769264028697, 0.04388409872490228, 0.0771300725431813], [0.08045251393683553, 0.08030505485213076, 0.27364810752488905, 0.2991021399544197, 0.06818537322555975, 0.07872221602180905, 0.11958459448435574], [0.13722763040381566, 0.13531941207708115, 0.25503768130470617, 0.26378824255220823, 0.05469047286612268, 0.0700051869668966, 0.08393137382916913], [0.1776954706514107, 0.17616436015222312, 0.12307351964629576, 0.2158745957793071, 0.07364021823255508, 0.07481584663769837, 0.15873598890051044], [0.23870173475511922, 0.22819232778213397, 0.1740726863698555, 0.20473181620351835, 0.029535437715941276, 0.03984089647463149, 0.08492510069880006], [0.09033395475305972, 0.08038837986655804, 0.2729845789731277, 0.26478360618502333, 0.07518401268101757, 0.10060398930529525, 0.11572147823591815], [0.08824982389111548, 0.09339556863573546, 0.17535515628389958, 0.22696687131523902, 0.10619276793834753, 0.13264637103648144, 0.17719344089918132], [0.1747718619293041, 0.1712724676702723, 0.15998610202912567, 0.16359027771299475, 0.10353406722417256, 0.12460183199590939, 0.10224339143822121], [0.12476826901402509, 0.12190272674143147, 0.27777250994349817, 0.2858096137931906, 0.04194471196105679, 0.05735426391300839, 0.09044790463378982], [0.12557846982471274, 0.1172494247253308, 0.2450661855571058, 0.27074879763720966, 0.062065779377762566, 0.07756646232028765, 0.10172488055759159], [0.1022358752346315, 0.10439827027696398, 0.1546857413022544, 0.2554383395830761, 0.09132067944544506, 0.0911895800988924, 0.20073151405873635], [0.06729581375798999, 0.06454476418219889, 0.35426876689422326, 0.30404464997034875, 0.06089068603633011, 0.08134665436339428, 0.06760866479551447], [0.14727674035685007, 0.14625424200783113, 0.21503327352837615, 0.2696392483690865, 0.051685208343236894, 0.057549135340607425, 0.11256215205401221], [0.05125041211842909, 0.05325749767697372, 0.18479491168610088, 0.2837779290423456, 0.0972500821019287, 0.12127834269441219, 0.2083908246798094], [0.08499022014948322, 0.07923087618247988, 0.2585948705022923, 0.34602001664034393, 0.048885357022034066, 0.04511421642917518, 0.1371644430741914], [0.20389755694116912, 0.20113903768424019, 0.2150440790347711, 0.21365570545230803, 0.04530717754502623, 0.05636785828089121, 0.06458858506159387], [0.0703800108909305, 0.07224992264714113, 0.18964819030942992, 0.2768500557660439, 0.10763846851977008, 0.11224112613092391, 0.1709922257357609], [0.3022940057900322, 0.2944907120170517, 0.1066181326708175, 0.11197841301548064, 0.05625007788317506, 0.0634810442408245, 0.0648876143826192], [0.09780434337601575, 0.09629394522830254, 0.24647241584051868, 0.2615333755102226, 0.1116650195056209, 0.10310926533641544, 0.08312163520290392], [0.09177855636393854, 0.09061279655844443, 0.31386049821981776, 0.31757165994208336, 0.04183638164776565, 0.05895555862585005, 0.08538454864209999], [0.06045432041884231, 0.05766765953423911, 0.2748059379978039, 0.28177125993874663, 0.10625180442916109, 0.10639160918258544, 0.11265740849862207], [0.12443778818665238, 0.12235382579699212, 0.2394593831975464, 0.2179378547711159, 0.0918382995110044, 0.10401486693717343, 0.09995798159951522], [0.1966024000394161, 0.2018335361863846, 0.15439957275744315, 0.2111918126890874, 0.051302162600483495, 0.055870021258467156, 0.12880049446871802], [0.1329743507546067, 0.13167880501633034, 0.2502643870809281, 0.28737635744656076, 0.05407082593210272, 0.0665232401546003, 0.07711203361487125], [0.17977312283120378, 0.1804693357689645, 0.12701630041822531, 0.23132828956728535, 0.05555747194402453, 0.05882998108735343, 0.16702549838294287], [0.07046289395508039, 0.07502505245965746, 0.18187755794085902, 0.23343490001490952, 0.12069761197419851, 0.14591643223521591, 0.17258555142007945], [0.13220728049923594, 0.13293708332419704, 0.20926679649714192, 0.19837979248362578, 0.10177954822269215, 0.12240358622779911, 0.10302591274530788], [0.23790520932129358, 0.23093339987028497, 0.15705988606827545, 0.194580683296213, 0.04071534241796425, 0.04959835454413014, 0.08920712448183907], [0.04919481409329176, 0.0461829373312437, 0.2661925141632412, 0.32588130082063965, 0.06503609241347857, 0.08157711131158332, 0.16593522986652093], [0.08760502134026894, 0.08573574603215954, 0.3373228247363734, 0.2943101552831067, 0.04096164241854974, 0.06307787611107374, 0.09098673407846787], [0.07514663941890716, 0.06800830253890697, 0.27072816163779656, 0.3351062517894594, 0.04407757788289068, 0.05438104687954494, 0