{"estimation": {"a": 5.173055677183143, "rho": [0.16757203027194226, 0.16658264424110275, 0.19709844813547717, 0.4687468773514778], "Mu": [[1.553805019528099, 2.1105408932324043, -5.4635615875049455, -0.9882030819185856, 3.003973312680111, 7.133586704890039, -2.722636548779441, 6.090139881631997, -1.7159999340348915, -1.7741549206479554, -5.373097874834144, 2.1221770169027248, 4.613282562789438, -0.4809585386010711, 0.05807543915113668, 5.601092879611016, -1.7653404721834498, -1.0360053532599576, -1.1407700695000793, -6.536782946504811, 0.12301861734590053, 7.2619668006837585, -6.485978083473225, 4.819056967258645, -1.0458512331537677, -4.0932006455189125, -0.3450493767833348, -0.5877099171105962, -1.8868513652413443, 0.473161869312887, -4.370309595196085, 0.20091452959377448, 0.6927499127134613, -2.1060092581423584, 0.5809773993724476, -8.114188460804284, -4.008923856412769, 3.81095544464995, 0.4290148678937518, 0.0007231619969323213, 0.06231621482325238, -1.5907958890830451, -1.0547327710554382, -3.2714119137649553, 0.8347868275030075, 3.5129332046832538, 1.400963151208265, 0.8141758957875439, 0.8305199541237882, 6.2411134146302345], [1.2783724952752356, 1.9842369736790118, -5.961564144119489, 2.6199673605759353, 2.9105792612751236, -2.0948954370545065, 0.33540786066003664, 4.674480364080735, 3.5463759897785794, 0.6068233026744324, 7.814463314281883, 3.2082123480467137, -1.7880965347464115, -4.459887819672414, 3.3753513023523882, -5.271713746553182, 0.902937512494749, -0.531325655645963, -0.18072027736533544, 3.253813353656675, 3.0936221628090728, -0.9750355593821671, -0.45220701924658424, 0.9962824306247335, -0.27509037097880173, -1.1711274864657566, -0.9115236246703722, 0.568834567466786, 1.8740988799374823, 4.544838499877783, -0.302038271238969, 2.565814284272138, -1.916837977844561, -0.04457435918559911, -2.2513492834796054, 0.8981910559531741, 0.6838632584189314, 2.0123961043127814, -4.056721591026081, 1.8585466776440254, -0.704144938360979, 2.9083384502179763, -0.9088399992485778, 2.96728829460073, 4.871710782000048, -0.26626298332126774, -3.218962945337757, -0.35884710088548954, 7.03712574513207, -2.7994390928996347], [-0.12935713920636455, 3.303841745449576, -1.627231492332207, 4.081468189249146, 1.1449568362649376, -0.8399548274993446, 0.23517039425189754, 3.4275358481840286, 1.22732638951786, 0.7274620142084088, -1.8516758863756126, 1.5550355161077971, -0.9242649239053122, 0.9499821918280091, 1.686129778591297, 1.4983165461208976, 2.9564692381736877, -0.46417720930761386, -4.239941912112685, 0.42059811628714505, 6.891867993947209, -0.7842907670174492, -0.09918861106246425, 1.5835704907152124, 0.12860595113730278, -1.170837051018043, 0.6466842226565671, 0.7849263405318113, 1.650639270844711, 1.0007436422792113, 0.15472682200074717, 6.627612591347805, -2.0260104772233625, 2.1647367752399864, 2.401288641379572, 1.7755997390837477, -0.2772641046877032, 3.17954518014995, -0.2257655734728928, 1.7780970600659218, -2.206480405018327, 0.23050069348940522, -0.07334308603900619, 3.0323981732795784, 1.4900243872660655, -3.1688800898857568, -1.2486696727362407, -3.1156760528856893, 1.6266111275295967, -1.9573422669092093], [-0.16765085255705447, 3.232953730308262, -2.1629636708329723, 5.0965953125299075, 0.8720991094553623, -0.9541186089327042, 0.3277407784005898, 3.9355591791928943, 0.865641020181016, 0.642893270644923, -1.5577726344958087, 1.6390168045041853, -0.8747077304994278, 0.5770030025207454, 1.9386565408152403, 1.4245162489567313, 2.783629408208357, -0.8088083687788421, -4.206246310074927, 0.3290013243177189, 6.605526231640656, -0.7281457372641057, 0.07394289377156128, 1.6905940982460002, -0.045553378642483565, -1.0357924452638696, 0.7814258397118314, 0.6710891547607901, 1.3593930546237736, 0.9536530809281784, 0.1462954522084609, 6.033837959394363, -2.2128315983720412, 2.891417386841493, 2.5861950060286465, 1.54760704766052, 0.04944432866501496, 3.211127713881599, -0.27835389696899837, 1.5601203315702399, -2.1188748648436135, 0.2830182723042375, 0.004811973575577735, 2.777601735761024, 2.3580630607609145, -3.3737786110377415, -1.3278715237039675, -3.109221866019179, -0.34688132320848664, -1.7145910815636536], [1.3690546911353723, -0.005546518252527689, -3.43043457656553, -1.7677580004267788, 1.9832131710966172, 0.17573100988911294, 0.8612016285827698, 2.1544723451643875, 1.6896013668317171, 1.7051286222012407, 2.781740103133555, 1.5791714653261093, -0.753727199992908, 0.5807056204517664, 3.368281329527533, 1.4661050552760033, -0.7243601932825815, -5.250209709202148, -0.5367940570342903, -2.142293476237637, -1.0264607511697237, 0.6431387140212884, -0.8230636096975903, -0.3323276088500514, -0.5621729203013488, -1.5609638562624055, 1.2009693184148025, -8.036931665516306, -3.7396635868715205, 0.09597386623626888, 0.9476563897859235, 1.714584210707923, -4.143612137893837, 2.9173520317895933, -4.16925195604215, -2.078231903382061, 2.1392101708254856, -0.026096107600913142, -3.9240763412196724, 0.4055305262557622, 1.2105403454376042, -1.3850774075389487, -4.278743611640998, 0.1622771944051976, 2.332885214112047, 0.5738112605276912, -3.952456836193192, 1.5290376361653213, -7.937673153945933, 1.9743460981002312], [2.374335873532474, 0.016923946100315695, -2.980992868514672, -1.925311518357796, 1.8688192948717643, 0.20954488441739438, 1.2188614384093235, 2.0750936643889877, 1.245459481135715, 1.6493005313524167, 2.8151590868606053, 1.5040449552145372, -0.9800671292528856, 0.8215343123569184, 2.0602726838395706, 1.4692391867092967, -0.9303903837088412, -4.2727122546716165, 0.03552377690486901, -1.2580310036311988, -1.2067870446694073, 0.8562354678415908, -1.0817037026695253, -0.4402377664956851, -0.2758201433515958, -1.6493341227472311, 1.1623576482002285, -6.338140088399828, -3.3843753004467683, 1.1105253172584775, 1.0922327592957115, 1.5318228392717685, -4.053581498362238, 2.674093130360661, -2.31185389155883, -4.188745360835385, 1.8866416310214895, -0.026590386052602555, -4.063777229471858, 0.8033276895806957, 1.1834651591631824, -1.1448334820690962, -4.26044574345203, -0.8945387194537902, 2.0281131278323516, 0.7704453318023927, -4.213113618559234, 0.8988315058352281, -6.691967446434817, 1.6938793070381277], [-6.40256374410339, 0.14311416015442122, 5.3327669145415495, 6.09758367751179, -7.846602724268484, 1.4456042749382745, 0.843206676704266, 0.5126064453453051, -3.398875405538446, 5.000410323369347, 2.5461903347558326, 4.308409931156519, 4.4421212184295085, 0.735475550072199, 0.1257963756715783, -0.24978651474034735, 4.963045003746699, -7.437104999861703, 0.5340496760948954, 4.714014719535813, -1.2508364160524421, 4.939850628146417, 3.6069946617042463, 3.356334110056903, 0.8504565037680852, 5.419247378660748, -0.5929055564981854, 1.0774079389198072, 1.5926921799958522, -3.4892352593049027, 0.6278296384988242, 1.350906972808091, -2.8733652889339187, -4.470513189382762, 2.0629995988637053, -0.3699191678813142, -0.6852600074309484, -1.643702690925761, -3.091839822037029, 2.4491942749041424, -0.19284884707919536, -1.8955415292303888, 3.474061911136192, 4.384963387998578, 1.5668525942216447, -4.268725011226261, -4.523301141407299, 2.7591963379600903, 2.066690713391917, -2.6869589306730144], [4.216796407634488, -1.7551972432448795, 0.31544557736784185, -0.08847476562584627, 0.21506346772065543, -3.2696176331631066, -0.8875740211155169, -1.4149551652012002, 1.4422811786212397, -4.067486951557832, -0.21829912942807633, -1.9580788867861616, -2.869792655070906, 1.5132433929364646, -1.5829952959913742, -2.056369682949498, 1.6682935076294536, 1.302818538784695, -0.8489528869705508, -0.5741956995856625, -5.705218217634037, 0.33450529469681994, -1.2068638072619007, -0.4100439615644844, -0.7708374346884208, -1.6452771553930574, 3.3701140921690387, 7.316308562013503, 2.826120165764057, -0.9662656032625556, 2.2647875167460243, 0.7975996608063184, -0.15459806749183103, 0.08011097139264525, -0.9996459200188534, 0.20910166600521543, 1.9382226913967384, -3.415944400786244, 5.068373188870045, 1.4619586036519638, 5.032910670442904, 0.2819051425758242, 3.220018404631897, -0.5447027137793695, -1.5357382494752618, 0.6733185387688227, 4.742289923377408, 1.6390186934885895, 4.280012330246363, 1.273448522896895]], "Lambda": [[0.28601901655811046, 0.5956901866953319, 0.19745675233263119, 0.4493245079477732, 0.25184417253436997, 0.43611056138220755, 0.5248570908852648, 0.32962632706440637, 0.9878651445187738, 0.5872871115239843, 0.22743209511087223, 0.270680070749982, 0.4485285919667493, 0.42140354412733455, 0.7630122555134374, 0.3336446246696257, 0.5547306005306408, 0.6423583718945283, 0.46148083144230134, 0.3662049953115965, 1.4325810518075541, 0.3596909747825608, 0.48353659960926815, 0.6130992065822032, 0.15135201748245483, 0.22690687905030138, 0.6885976789481615, 0.20494983014446824, 0.628439308699764, 0.5914282522725071, 0.37215009925050524, 0.4081929508054454, 0.8204879559582928, 0.4112883926531682, 0.37099509481681464, 0.17641120301190122, 0.5502429955186529, 0.2053304037577464, 0.25316708095339946, 0.09782684395383662, 0.42738244237446477, 0.8077782103458562, 0.4086895735700219, 0.5264661711006225, 0.15036156301338258, 0.49979036168944696, 0.48244976313898996, 0.5842510106132851, 0.6070714662251364, 0.6001640714649166], [0.3114197863414308, 0.4084066874989593, 0.34399444557736353, 0.28830036683860066, 0.7095128723415531, 0.4659185832962415, 0.619352064520765, 0.259941746981987, 0.2640915129946083, 0.5879181984987738, 0.13211259294910535, 0.6032200062045382, 0.5897939692499816, 0.4379752215430144, 0.40637026369800444, 0.2483936920904209, 0.6746683526918533, 0.34681644006620904, 0.41184237461909506, 0.31357473161807375, 0.5263633049716085, 0.3184424953356884, 0.6793046590592235, 0.188416776301401, 0.2525766587168753, 0.41333644145924764, 0.8267102319130524, 0.461382254545489, 0.17309060994702694, 0.4940571119766439, 0.5338113937005474, 0.3161340840384574, 0.45581876779009084, 0.26444953890693723, 0.28190131197454804, 0.3821698158127669, 0.8747661619013793, 0.47619367603870005, 0.43476089226758957, 0.16023346233490715, 0.6766565631510982, 0.5866759399098086, 1.0951669690146677, 0.2629579294220546, 0.38226309670736297, 0.6746964110165699, 0.21879191059902647, 0.47659168034277694, 0.1531034065836817, 0.7868628221129765], [0.21538961669893633, 0.3257352921324885, 0.45697722624333137, 0.42941297760764446, 0.5285193282641488, 0.533839820631757, 0.45778367980149454, 0.46700977416428635, 0.39942943926436486, 0.4801435593340306, 0.2906319399678876, 0.3688193692048699, 0.741881468328751, 0.3952829243442971, 0.4816249534562936, 0.3282744306329605, 0.3634074916906888, 0.30256311932912633, 0.28904753741373324, 0.4291587341962068, 0.26440996840629877, 0.25877075313264886, 0.31399995859561236, 0.4765845222991805, 0.28355529568513077, 0.8937445032669313, 0.35219680357474786, 0.4475803135178195, 0.34948268144557104, 0.4968980063332795, 0.6075760014992708, 0.38672951587787674, 0.6621862163450596, 0.36238883617833284, 0.3358093499828022, 0.6613842061013235, 0.4846604715328403, 0.4034979860200279, 1.136578077642895, 0.4947892918343367, 0.531091231707157, 0.3924606752923063, 0.64102327739762, 0.4199887854493038, 0.4535081523481749, 0.16473733419609105, 0.44029560509371274, 0.3457381101199859, 0.3056199323863987, 0.42704974007621843], [0.21620783768430152, 0.3347015748319907, 0.40447752686461663, 0.4109835236090268, 0.5727130240126445, 0.5739205551304722, 0.46699826549053053, 0.4468079159895813, 0.4171650769854565, 0.47565802057390294, 0.2829186347362205, 0.3618975244196022, 0.8362273120776419, 0.37969497528882595, 0.49373049114543255, 0.31956917727670975, 0.3607835109445054, 0.2998679859208765, 0.27681604443846575, 0.4274658917123509, 0.30035706791450256, 0.25765731428223293, 0.3045760170780971, 0.458513647203495, 0.2930812499608627, 0.9939402606635392, 0.36756183782884766, 0.45816975645233843, 0.35295895020558327, 0.5054614863229026, 0.6302198607475993, 0.386247962458881, 0.6701106421762087, 0.36441004944007943, 0.3190143864769403, 0.6465268182109751, 0.466448840738148, 0.3991071769327143, 1.0945113558849349, 0.48874945103782824, 0.5478457530588318, 0.37738852052613503, 0.6310137711836076, 0.42837183737938844, 0.4111919621263953, 0.15274076921997604, 0.45292475422664535, 0.34933777857284354, 0.3163897361655322, 0.39858119368174566], [0.33527839198875464, 0.5007240235475056, 0.4213965810420123, 0.3476045017195983, 0.44633762984189546, 0.7277092944587108, 0.3871669282363099, 0.4334821287881003, 0.39815816312687863, 0.44852520180355543, 0.22557421429475602, 0.5554276427250108, 0.5639609848164225, 0.5411967714064417, 0.3523916149799328, 0.42449177089659773, 0.5037791560099525, 0.25736681326206007, 0.39882261915885303, 0.24361030226619354, 0.4106818155702011, 0.38782460528275603, 0.3667234221045337, 0.4254218833513429, 0.6098025001929495, 0.5099190511277087, 0.7934520128770104, 0.17637989667284468, 0.2755882041489165, 0.13781626926031676, 0.48110784112167176, 0.37354070236746084, 0.5226703565745514, 0.32164010693555733, 0.09271451599486612, 0.3168110323055131, 0.41244963960591713, 0.279693535779784, 0.3809812277500152, 0.46157931852529294, 0.499675972225741, 0.4062768172195686, 0.6070950179054634, 0.5014340706573357, 0.3203582747198674, 0.9189972575317934, 0.34508734683990433, 0.15288931765165373, 0.19870733711457164, 0.40849130453778415], [0.3370870821946956, 0.503973634092102, 0.46068082475812944, 0.3788751373837107, 0.47122137533986197, 0.7097200193615463, 0.40831981195689776, 0.44051024402992023, 0.413709172941798, 0.4819870241202553, 0.23842657474934115, 0.546798094163835, 0.6044978858578526, 0.4966742076697598, 0.40587049507557516, 0.39971007323863694, 0.5134835374306704, 0.24416337961135187, 0.3874114497144943, 0.2893624215838238, 0.4239201493023794, 0.4279714498164971, 0.36809561009612995, 0.44914417780889987, 0.6003043398638805, 0.48532159164192207, 0.8331630937922604, 0.22329939544433774, 0.3035057278126505, 0.15073086973649089, 0.4821242062754193, 0.38490172131389966, 0.5469838188855459, 0.33203482622389197, 0.10096441699258124, 0.2984115999050335, 0.4108935896200128, 0.3000678997831231, 0.367216648135893, 0.47950025147985964, 0.4984033260629958, 0.3948613321286798, 0.5948130098842529, 0.5225135537893614, 0.3573326805218308, 0.828221174919258, 0.33278406322097187, 0.1841693553019302, 0.246798120293422, 0.4269377317496634], [0.2736250428670506, 0.21375393559395559, 0.2957440724323277, 0.37919327918750884, 0.12758833250528617, 0.4864560978607271, 0.08849994111283671, 1.1011030435900764, 1.022676571171192, 0.6310829103161354, 0.3905396170718071, 0.16300852099754484, 0.5398791103367764, 0.4181673446704707, 0.792580979955721, 0.40995913929385186, 0.104660758456412, 0.34078693322085235, 0.44400707157207187, 0.3912765457252433, 0.5463790301871305, 0.22283146862810096, 0.3663460697353709, 0.25535282697714373, 0.24992301013651114, 0.3300189878363414, 1.041642653862816, 0.3909522470652626, 0.4586253665348054, 0.5369238634058828, 0.3667518812566061, 0.4813079075240818, 0.4765657956909179, 0.1673330689770263, 0.45137352784440865, 0.9233662889997452, 0.574989161005073, 0.20715470265510919, 0.15181050034488336, 0.3542888331586254, 0.16788213649572473, 1.2155233323464427, 0.4839441261808529, 0.14773402407150887, 1.0627670773395383, 0.24536960214486944, 0.0833957584989822, 0.4026244764300733, 0.4796899615484273, 0.38386277531911406], [0.17349229145951117, 0.30573609333004553, 0.873060586229067, 0.5954364301955732, 0.26544174985547436, 0.11776514444968365, 0.21675644651168507, 0.6039640501873246, 0.6394346855941749, 0.1616174887678167, 0.32635653556923105, 0.21726888351502513, 0.339498041875981, 0.4900864690433958, 0.40569460581393857, 0.4054598115818652, 0.2728630835252587, 0.6564787630615431, 0.34941059650600104, 0.4126124328630157, 0.21113799428014138, 0.6949373637327347, 0.3926797045471257, 0.34990720755582827, 0.22839550627859695, 0.24506635010592917, 0.1367662581101751, 0.13369522202793543, 0.351293850825922, 0.1640236897702862, 0.28228925995186865, 0.4812370157081861, 0.4273458138466697, 0.4198281856637673, 0.40975107116544557, 0.5196216241585365, 0.2982714513105529, 0.2699505954972174, 0.1049376492249253, 0.16824112509676795, 0.1963957129199789, 0.43480185865355514, 0.5266600772660309, 0.5771132474876578, 0.41560957019543593, 0.3299431943086693, 0.40254218775298717, 0.21308531857782595, 0.2963740018460087, 0.2559836103647177]], "G": [[0.046484616015229435, 0.047696378747755445, 0.0716259402580367, 0.8341930649789779], [0.15147166942824491, 0.14320386170396773, 0.0897249954731225, 0.615599473394664], [0.5516886033816898, 0.08039153879658663, 0.060842111762465304, 0.30707774605925875], [0.0405210756964893, 0.10973135682314182, 0.429919518406972, 0.4198280490733974], [0.2522541007989517, 0.22347301029098998, 0.0406459057374482, 0.48362698317260977], [0.09114946081320711, 0.14967058053011745, 0.2791149993801795, 0.4800649592764956], [0.19006202196632632, 0.17767104591345256, 0.0888628941828648, 0.5434040379373557], [0.37378052545559426, 0.17694999913720386, 0.11593890654355975, 0.3333305688636425], [0.03659162211923421, 0.03569235278492764, 0.5433999425965941, 0.3843160824992438], [0.03962984433670154, 0.14037517007589118, 0.1893873654299242, 0.6306076201574837], [0.2752019157914614, 0.26699458854826114, 0.08899768183090075, 0.368805813829377], [0.15380221750427692, 0.16568242997519614, 0.3556244028198063, 0.32489094970072063], [0.11951068746309586, 0.13843522652069756, 0.48713390340778384, 0.2549201826084228], [0.17960597613135695, 0.17048282145169896, 0.06166931457561478, 0.5882418878413295], [0.3436043530255601, 0.21259048495966126, 0.09711818970418595, 0.3466869723105932], [0.0940789051342696, 0.08517502093532024, 0.17500395210668337, 0.6457421218237268], [0.0829948127317054, 0.07449106139368546, 0.2410968528107228, 0.6014172730638869], [0.044848378320872385, 0.04703171687902609, 0.5545530131463082, 0.35356689165379346], [0.11382919817871837, 0.11479564462932208, 0.02880259997195878, 0.7425725572200014], [0.10951680595747589, 0.4139328847945349, 0.1098244563608898, 0.36672585288709936], [0.0702107593515003, 0.07326582141269647, 0.4620516862711692, 0.3944717329646342], [0.2481046818271638, 0.2589962623533411, 0.3329152632519263, 0.15998379256756842], [0.41112368972763946, 0.02357502386624339, 0.040138625423729264, 0.525162660982388], [0.40432812797442064, 0.3392606907867456, 0.027072987463785936, 0.2293381937750472], [0.027925174001570473, 0.04144057683091468, 0.029167574089833555, 0.9014666750776811], [0.1429988236351782, 0.13593115764232874, 0.15425573970656162, 0.5668142790159311], [0.24408821718151769, 0.25550938799887024, 0.10702441411978879, 0.39337798069982266], [0.020635911393807195, 0.20836947954843021, 0.027492213396400556, 0.7435023956613608], [0.05610849526375444, 0.053690213110447756, 0.37805932275161286, 0.5121419688741854], [0.12391772772644812, 0.13160174217327858, 0.32755603027291175, 0.4169244998273614], [0.20973998887873974, 0.21100576782228916, 0.3988124176859635, 0.18044182561300817], [0.06056088146496758, 0.24135531314330796, 0.175856709661619, 0.522227095730105], [0.04037539188257501, 0.012062419882923553, 0.19117786230028844, 0.7563843259342137], [0.27318914667789135, 0.27077643979660665, 0.19798413984814192, 0.2580502736773599], [0.2575544230430448, 0.2592453131207631, 0.06246377498960648, 0.4207364888465855], [0.17380212524351266, 0.3522004808341049, 0.3279836672531258, 0.14601372666925688], [0.03344938673279952, 0.04230894362102132, 0.03630329602877096, 0.8879383736174086], [0.0538447522165458, 0.021184653603452737, 0.3932004847067483, 0.531770109473254], [0.15419096645655322, 0.15303982755842122, 0.11406380359935214, 0.578705402385674], [0.0403226681078271, 0.06710105358364322, 0.10127014297772764, 0.7913061353308012], [0.30936260800116017, 0.2854304631237223, 0.12779834200664333, 0.2774085868684737], [0.4168313975884356, 0.0808125613792157, 0.0372187140824952, 0.46513732694985366], [0.03526792747676344, 0.02002172646429583, 0.3002523426794502, 0.6444580033794908], [0.17252691088882835, 0.1013753257323597, 0.23992928684003492, 0.4861684765387773], [0.1077106916962662, 0.10967339314390545, 0.09377908233458788, 0.6888368328252408], [0.11872900714284802, 0.1251399379498845, 0.2547620929415914, 0.5013689619656764], [0.19553036359659515, 0.21205174971697469, 0.042778814750884936, 0.5496390719355462], [0.08019948444353224, 0.20968423463774413, 0.1850828573498464, 0.5250334235688779], [0.25383323024536975, 0.2763512990775591, 0.15634046476706032, 0.3134750059100112], [0.26568140704959453, 0.268360141418541, 0.22840531456787716, 0.23755313696398722], [0.12492199765907522, 0.2656848962772052, 0.10759049876697138, 0.501802607296748], [0.10889390910948914, 0.07699415623233828, 0.21424806737397623, 0.5998638672841958], [0.041985151541358595, 0.04214631973455093, 0.5760546372366325, 0.33981389148745883], [0.11678550332913673, 0.11517458216237085, 0.21189629140811383, 0.5561436231003795], [0.21158691103741825, 0.22642307179324073, 0.38095358299017834, 0.18103643417916276], [0.11821480487689572, 0.30538306773844476, 0.14079670305781228, 0.4356054243268471], [0.12298440724289443, 0.02735950825912703, 0.07153581096529195, 0.7781202735326874], [0.17150135077769713, 0.3797639229771087, 0.06128258106955477, 0.3874521451756396], [0.23302079305396362, 0.24068127213036974, 0.09266435902818541, 0.43363357578748113], [0.2927057155911933, 0.2599379708476501, 0.1153866247316968, 0.3319696888294602], [0.2562828912327829, 0.2685836897734657, 0.07447583050132765, 0.40065758849242306], [0.03734385483865252, 0.2100245937829328, 0.10664581689945435, 0.6459857344789607], [0.25185859787149856, 0.23004363068783398, 0.08540653147976712, 0.43269123996090075], [0.06835567060889201, 0.07635270994758327, 0.23801035776759077, 0.6172812616759343], [0.24021775877108317, 0.23666245926009888, 0.12335155155923953, 0.39976823040957865], [0.11566365132344379, 0.11941871617820679, 0.09258805581180338, 0.6723295766865468], [0.21960101018369904, 0.22230631872484863, 0.1336496968465914, 0.4244429742448616], [0.2486962107552597, 0.2510483638510975, 0.2384531838229561, 0.2618022415706865], [0.23040415601897932, 0.12202392691595884, 0.1304277699800048, 0.5171441470850568], [0.18014597679559258, 0.026916133803618663, 0.08877647393496263, 0.7041614154658261], [0.07634913650492021, 0.0838758301151621, 0.05108226245102109, 0.788692770928896], [0.07622665363795848, 0.17760171742263117, 0.1802192321198453, 0.5659523968195641], [0.161523437229018, 0.1613878666225398, 0.30476906269678655, 0.3723196334516561], [0.2379737675288475, 0.2493188354757854, 0.17769238350381042, 0.33501501349155716], [0.14459837822489233, 0.18598133817595913, 0.28119231294104463, 0.3882279706581033], [0.07048088491083092, 0.06186494887201149, 0.199899425652889, 0.6677547405642686], [0.352498873823248, 0.3631862258820957, 0.08156711634343336, 0.20274778395122314], [0.15715337788488284, 0.16982428460169974, 0.2633517614567287, 0.4096705760566886], [0.1417916334784446, 0.1389575835583697, 0.03818349897084014, 0.6810672839923463], [0.33064103200898737, 0.31448676807829795, 0.1377310131193625, 0.21714118679335173], [0.04361332614928392, 0.04290709360507266, 0.6680932185881125, 0.2453863616575302], [0.030035173455156217, 0.02808440394257144, 0.7937315129384802, 0.14814890966379118], [0.33501134956506246, 0.05765080632763666, 0.3481274668591817, 0.2592103772481183], [0.142830994492945, 0.13923461261377756, 0.21590796560364867, 0.5020264272896299], [0.17865145267363466, 0.1866965070516261, 0.28664251788294015, 0.348009522391799], [0.147548019449061, 0.13814612510094812, 0.37434072241108063, 0.3399651330389109], [0.11329868632543665, 0.10959436684093155, 0.09442917002290102, 0.682677776810729], [0.3042325642633727, 0.28669195118502866, 0.22731667595755428, 0.1817588085940449], [0.08190661163716044, 0.2293588690682005, 0.2290574253085913, 0.45967709398604806], [0.2419449746804349, 0.22966721911081764, 0.2845841172663805, 0.2438036889423672], [0.03819161237274254, 0.035645674018397584, 0.24178823721569376, 0.684374476393164], [0.2446356331746542, 0.2316584677482853, 0.2755110015604348, 0.24819489751662588], [0.44805816118529124, 0.044154240599676174, 0.044273073507055075, 0.4635145247079778], [0.273120232943411, 0.2796222002055878, 0.14311272569375594, 0.3041448411572451], [0.06926436312508574, 0.26517363117574827, 0.16772595737518037, 0.49783604832398515], [0.06688566702264812, 0.11699108190125784, 0.11447468149490735, 0.7016485695811862], [0.13918663347542964, 0.14248438725407978, 0.5221713215907073, 0.19615765767978324], [0.19382851318890293, 0.20114247665577673, 0.09145866410721053, 0.5135703460481096], [0.1470656359603086, 0.11548544990163764, 0.3456398428078861, 0.39180907133016735], [0.17492387840441162, 0.1798510221734675, 0.2945650155719029, 0.3506600838502177], [0.38606793900914926, 0.3885247864565067, 0.0348318400600651, 0.190575434474279], [0.13885070300203237, 0.13905546649206968, 0.1452202333857113, 0.5768735971201864], [0.0971161285052816, 0.08657205988973216, 0.09218052975628092, 0.7241312818487051], [0.07756349552508841, 0.07375090218354796, 0.6024056853100839, 0.24627991698127993], [0.04274746906472512, 0.024689286723488336, 0.3103354709517301, 0.6222277732600561], [0.13580647275937666, 0.13772792784525298, 0.616525379715712, 0.10994021967965824], [0.12844895725841565, 0.05637707396466833, 0.4796511060549392, 0.33552286272197646], [0.0795543716356884, 0.23512024538595747, 0.13020123014176538, 0.5551241528365888], [0.2161017781367167, 0.06141654827770612, 0.24909024799836652, 0.4733914255872104], [0.1892796801697404, 0.13404057522788088, 0.18226858484338113, 0.4944111597589964], [0.21150540045916358, 0.20207648749816243, 0.19172397740272057, 0.39469413463995295], [0.3473319715755205, 0.2945212666749861, 0.1221487604504552, 0.23599800129903914], [0.2793322205301436, 0.2870069300272851, 0.07534750810782069, 0.35831334133475096], [0.24258985567414304, 0.1946932467620862, 0.07815905029253595, 0.48455784727123513], [0.027015859993372346, 0.12542367282149244, 0.27247391459627596, 0.5750865525888593], [0.15412010990152344, 0.15435350718255844, 0.29490974935756253, 0.39661663355835514], [0.29742003353899216, 0.29972524200639383, 0.14234153687010678, 0.26051318758450687], [0.430533220278109, 0.11783423599655925, 0.2987378737123783, 0.1528946700129536], [0.0987119138325024, 0.1016222107234422, 0.49998486839467876, 0.29968100704937617], [0.06189695504709976, 0.06047367345314679, 0.3831889436412149, 0.49444042785853853], [0.19804747570044376, 0.1997254288515568, 0.05038411224424266, 0.5518429832037564], [0.17046477385127506, 0.18154843389789013, 0.0617919693602433, 0.5861948228905909], [0.046397512832298725, 0.04492952670645687, 0.0571706952967274, 0.8515022651645165], [0.13231201055260783, 0.13746728503620792, 0.3364199231036102, 0.39380078130757423], [0.05432106860263758, 0.053678325405211676, 0.20642260474548668, 0.6855780012466647], [0.358218163059918, 0.3796990478440373, 0.1128133834358375, 0.14926940566020708], [0.19524808169738356, 0.1983201905640367, 0.2270242162063944, 0.3794075115321855], [0.20584824181570152, 0.13336428870221229, 0.10622211817578336, 0.5545653513063026], [0.2342947739409349, 0.2069358236047395, 0.15501373979095479, 0.4037556626633707], [0.06512932859272418, 0.06529546890136698, 0.27908417384973183, 0.5904910286561771], [0.0293815783179569, 0.012224164624825283, 0.0632247563358957, 0.8951695007213227], [0.13443657052880742, 0.13198695485311743, 0.10885848730460167, 0.6247179873134736], [0.1386773218637388, 0.24736312803864996, 0.11139670012116942, 0.5025628499764413], [0.19989270699329784, 0.20425797912075966, 0.11781792156120974, 0.47803139232473374], [0.0530455474720677, 0.301975071545151, 0.07993888163007487, 0.5650404993527056], [0.11170985774822445, 0.11020383205866967, 0.32938128858583804, 0.4487050216072676], [0.13143155007685967, 0.13574214918430347, 0.18614926910603985, 0.5466770316327972], [0.13959595149869725, 0.13793810549615024, 0.09277358888832905, 0.6296923541168238], [0.09969193442375374, 0.2425708353513823, 0.478957117918035, 0.17878011230682855], [0.15123965921354612, 0.016430982031722288, 0.03063808006856766, 0.8016912786861636], [0.17832987000917638, 0.162869467118551, 0.18183625469183023, 0.47696440818044256], [0.03542992802711159, 0.4692862552363041, 0.07473841157417417, 0.42054540516240996], [0.35365158800821184, 0.05792588645036224, 0.05754727731791216, 0.5308752482235128], [0.4036827617758868, 0.415755932845706, 0.03130518855628075, 0.14925611682212625], [0.2147812592120807, 0.2166820945177272, 0.4791887611904895, 0.08934788507970239], [0.06762324522157884, 0.12422155852546596, 0.2707334450990203, 0.5374217511539345], [0.11113621402188673, 0.110887381759965, 0.08184656113433965, 0.6961298430838094], [0.34374181857850317, 0.29583950726023045, 0.10273749451172229, 0.2576811796495441], [0.1395466411657494, 0.1428717804728004, 0.3332087787790638, 0.38437279958238635], [0.03415864955927758, 0.025733276139004137, 0.4841682559840603, 0.4559398183176579], [0.12835087922776317, 0.12977596815782394, 0.12368307262989897, 0.6181900799845135], [0.038958485507859686, 0.19182697826286194, 0.3832744884125422, 0.38594004781673574], [0.19394484322812913, 0.2104463979525586, 0.3877074568836604, 0.20790130193565176], [0.24826156827190465, 0.23594982348257812, 0.2933053860542491, 0.22248322219126793], [0.16659659191713996, 0.17039718526935543, 0.047975077120577754, 0.6150311456929265], [0.21631064051973473, 0.22057309275831638, 0.13490996962909013, 0.4282062970928592], [0.14934463998737607, 0.16000573062762977, 0.059381955788756595, 0.6312676735962371], [0.2606941772621413, 0.23024885781494506, 0.1993903356184828, 0.3096666293044304], [0.23139938142882796, 0.2232459854720535, 0.07382764655344624, 0.47152698654567227], [0.12286511430291668, 0.15450936923060601, 0.21711889213911217, 0.5055066243273661], [0.12943793013494492, 0.13442088763305926, 0.0993986196540194, 0.6367425625779762], [0.22110038262123585, 0.22977090054913282, 0.1487495997495258, 0.40037911708010504], [0.21573511519541677, 0.19342616072533114, 0.20990696295892958, 0.38093176112032284], [0.5512881318537509, 0.18158991826639087, 0.11541700860856627, 0.15170494127129158], [0.11920737679686672, 0.10644904006736998, 0.06977164969886149, 0.7045719334369022], [0.0918171543476322, 0.07388221437970234, 0.2965665427551824, 0.537734088517483], [0.19162665570835968, 0.18726295995257553, 0.2702556417131115, 0.3508547426259536], [0.18053556424741313, 0.18321746769348882, 0.039401615853016415, 0.5968453522060811], [0.2974783184274272, 0.3056714412456453, 0.13226244301436949, 0.2645877973125574], [0.07920159518763042, 0.11408114149162996, 0.1413167288822756, 0.6654005344384634], [0.34363381494632594, 0.34078206340427425, 0.07383259964564572, 0.24175152200375408], [0.5582824278565474, 0.1580660489025185, 0.12117503446182669, 0.1624764887791075], [0.12572659210853004, 0.1299711261145416, 0.12806898931443528, 0.6162332924624929], [0.23990820479692018, 0.25438131829081523, 0.07353407339444648, 0.43217640351781905], [0.025836083139828256, 0.02675515042343926, 0.2642211127730899, 0.6831876536636431], [0.2825609456886121, 0.2691608834106415, 0.16565622264215213, 0.28262194825859416], [0.05570828046157136, 0.047574135057574365, 0.05786900806119673, 0.8388485764196573], [0.03211184049718734, 0.05299485952800899, 0.05708270182179529, 0.8578105981530099], [0.059913175466765646, 0.33963949008129846, 0.11091247053593598, 0.4895348639159998], [0.09954829285818625, 0.10675002341617162, 0.04962462539958357, 0.7440770583260592], [0.17813966527873998, 0.03827941256985597, 0.06420565821385474, 0.7193752639375492], [0.17131479846888603, 0.07844498973353813, 0.09690524707129461, 0.6533349647262823], [0.10217825166066355, 0.09497180510742409, 0.14470855378767605, 0.6581413894442367], [0.056767837775482874, 0.3146369170261821, 0.14625541333942546, 0.4823398318589094], [0.07353505444912432, 0.04951142619027131, 0.13349814074934552, 0.7434553786112585], [0.13779716994793292, 0.14237545315357494, 0.0673357783538157, 0.6524915985446762], [0.057840747495710006, 0.02111513343682535, 0.038501537850580234, 0.882542581216885], [0.20199573140352897, 0.09783595117958438, 0.08077501285409308, 0.619393304562793], [0.04059972787851984, 0.4531483820620117, 0.15632042320751202, 0.3499314668519554], [0.30672668165851247, 0.2926399970292525, 0.1194651595266887, 0.28116816178554577], [0.10410773534779887, 0.10233866746211581, 0.06328702184681098, 0.730266575343274], [0.05813971358686795, 0.0602652875248706, 0.2075185082667419, 0.6740764906215201], [0.3155044692030061, 0.30317969304782744, 0.17305157984568223, 0.2082642579034847], [0.08192924601651196, 0.07480219578952346, 0.599755430025208, 0.24351312816875717], [0.23239809510981657, 0.24588082878552162, 0.19449986908650638, 0.32722120701815505], [0.23963294297411453, 0.24236859540049108, 0.1049700772829858, 0.41302838434240885], [0.040629589745356444, 0.02147352691798823, 0.10115413486102907, 0.8367427484756265], [0.15709449071845416, 0.17253081279767593, 0.06203361886922439, 0.6083410776146458], [0.4583726493542405, 0.1832054089323525, 0.08903562604112539, 0.2693863156722814], [0.17434202297252685, 0.19682632260610808, 0.08702551552672579, 0.5418061388946389], [0.1366689482259744, 0.15241488153756463, 0.18345476196094337, 0.527461408275518], [0.317102800280505, 0.32307996038458703, 0.057884768927087465, 0.3019324704078206], [0.4071954508561811, 0.3882938005355806, 0.04772625884364502, 0.156784489764593], [0.052440709187027854, 0.222825289153179, 0.22245970773085627, 0.502274293928937], [0.055387938535457905, 0.05923532326753043, 0.5895604252136527, 0.2958163129833592], [0.15454226208669844, 0.14356009176219992, 0.3045903193069389, 0.3973073268441628], [0.024426340887410254, 0.07770726707609865, 0.0959164383520391, 0.8019499536844519], [0.03436881016152795, 0.04021864443990732, 0.16554823871648047, 0.7598643066820858], [0.05193182805023037, 0.058254772909353804, 0.18262198394242432, 0.7071914150979909], [0.268485656030301, 0.27013672238214936, 0.08242470628712371, 0.3789529153004254], [0.10331852469717259, 0.10444982562793813, 0.5214627795869973, 0.2707688700878921], [0.2225440781817882, 0.2732027451911743, 0.13132775302747918, 0.37292542359955894], [0.06521859111907724, 0.060320531670597276, 0.04822740702466563, 0.8262334701856603], [0.061504542292584626, 0.029323546344774496, 0.2866866180327865, 0.6224852933298543], [0.21045601269723174, 0.20847569406098518, 0.10317775657404898, 0.4778905366677348], [0.10611792987084066, 0.08112522470633236, 0.21471936025290134, 0.5980374851699253], [0.09754289231481784, 0.09897918913320158, 0.11679935869007647, 0.6866785598619041], [0.09109544945602216, 0.08987480316965525, 0.06636851465409739, 0.7526612327202254], [0.12404322210442902, 0.12102214773867753, 0.16170075271097933, 0.5932338774459129], [0.15717734510334716, 0.15729954857317388, 0.10086268911373494, 0.5846604172097442], [0.2402409636689785, 0.23288164804203026, 0.16713854863734584, 0.35973883965164594], [0.11171666516160583, 0.11503145098843327, 0.15732518843657342, 0.6159266954133872], [0.0990873275744436, 0.09268667096585581, 0.19145333007708218, 0.6167726713826188], [0.12410254090931724, 0.11001773905883279, 0.3802059377529597, 0.38567378227889076], [0.16691050220307602, 0.07534954846351614, 0.16654613650338473, 0.5911938128300234], [0.20550568026306615, 0.18701074753412153, 0.04934926241971464, 0.5581343097830982], [0.026193422577583062, 0.025904748901116513, 0.05106306324375189, 0.8968387652775476], [0.3328237934531609, 0.32532779453633737, 0.09920096916699017, 0.2426474428435118], [0.045371632447485426, 0.026185228783665672, 0.0563438461940299, 0.8720992925748199], [0.16144546073412516, 0.16223248946224983, 0.3565374569874009, 0.31978459281622407], [0.08334246914243289, 0.08672866382251525, 0.04585479385524985, 0.7840740731798016], [0.08327413451141055, 0.08751755985996057, 0.22017680758086558, 0.609031498047763], [0.04371157046179827, 0.08960026291218381, 0.03411392942395007, 0.8325742372020672], [0.040333679916716984, 0.4794207072733154, 0.12433788605698361, 0.35590772675298377], [0.10339536098672299, 0.0476920919345409, 0.081483310443891, 0.7674292366348459], [0.06416990900451092, 0.07231543573264194, 0.41033851683363626, 0.45317613842921045], [0.1333984244619128, 0.13339690271857146, 0.28539078247181743, 0.44781389034769786], [0.3292042834681902, 0.27595283700862666, 0.0862409314600173, 0.30860194806316626], [0.15755108964789144, 0.1652958667929964, 0.16855552444472155, 0.508597519114391], [0.06984802487174249, 0.52021541992996, 0.08896278904376431, 0.32097376615453305], [0.13812181186337008, 0.3023754606075548, 0.07566773016731371, 0.4838349973617615], [0.20079786092103563, 0.18893439085192365, 0.06344680632145876, 0.5468209419055826], [0.3064834466634341, 0.07052083975495675, 0.3041772613682247, 0.31881845221338445], [0.025192016041765037, 0.02555376295499587, 0.7794023284395516, 0.16985189256368788], [0.10880941682327994, 0.10790489481102468, 0.1824713886059924, 0.6008142997597028], [0.056357021410251104, 0.30707868519987536, 0.17809178272379772, 0.4584725106660764], [0.2392895352284123, 0.2474414014898747, 0.32667909549498375, 0.18658996778672884], [0.13246965418278092, 0.14469967237456927, 0.18710092605710643, 0.5357297473855429], [0.24515573664233006, 0.2512158500196115, 0.049878575238624136, 0.4537498380994347], [0.29344471217486734, 0.30862076167511915, 0.0700656390966315, 0.3278688870533819], [0.2681048350849059, 0.2702181212366251, 0.2332469495502042, 0.22843009412826457], [0.19018048327677348, 0.19031988559712695, 0.14195485036999567, 0.4775447807561044], [0.030066321309324875, 0.02983516739802554, 0.642054295443068, 0.2980442158495817], [0.08499216780673068, 0.5697219505405431, 0.08079487474688078, 0.26449100690584554], [0.12828682665951585, 0.15907567504453538, 0.10403781718704873, 0.6085996811089006], [0.23305895300757792, 0.22098342887319553, 0.19580973543286417, 0.3501478826863621], [0.07093268373370866, 0.08077295258410064, 0.09974031889744495, 0.748554044784746], [0.32377736231519616, 0.3352928692825085, 0.11502115559057155, 0.22590861281172328], [0.12252070723672881, 0.4326534024023902, 0.046352695910249514, 0.3984731944506308], [0.086138490714777, 0.08476460273684903, 0.41854525994773284, 0.4105516466006411], [0.21154106579952006, 0.06767257469148073, 0.5585892818320094, 0.1621970776769901], [0.15029548748608088, 0.16617446388713794, 0.24237955994101557, 0.44115048868576673], [0.6074338370519952, 0.08252325646022585, 0.10116345974259192, 0.20887944674518621], [0.056208729591592295, 0.03711321858116299, 0.4273635887022994, 0.47931446312494486], [0.05788050971617844, 0.5204727438658558, 0.11019846817382191, 0.31144827824414356], [0.08893561037266119, 0.08195608098532492, 0.3255269332508783, 0.5035813753911357], [0.092211891827984, 0.09014952851269353, 0.07740004245097534, 0.7402385372083474], [0.10870363792877412, 0.10493082542968123, 0.4045693464006989, 0.3817961902408459], [0.17184916392168484, 0.15668926965799673, 0.14909556242323682, 0.5223660039970818], [0.25650182777990505, 0.24407866815111962, 0.22050472515932598, 0.27891477890964933], [0.0358467523892838, 0.102588172325598, 0.2519778258959521, 0.6095872493891652], [0.20442632851624087, 0.20533513502684353, 0.1980318552563816, 0.39220668120053376], [0.17770575646590475, 0.19191339409830901, 0.21845343083950602, 0.41192741859628035], [0.3876102798122894, 0.3299462760443867, 0.025902788457077636, 0.25654065568624634], [0.06798329870683818, 0.2184373599471984, 0.34418049617622215, 0.36939884516974125], [0.19284735895490718, 0.18205809092574407, 0.3754362261830884, 0.24965832393625975], [0.2334792933651042, 0.08207048353085222, 0.3077827040727307, 0.37666751903131285], [0.08000627654992071, 0.16632268188415164, 0.5632145754098817, 0.19045646615604564], [0.21452773667241531, 0.20128683769374695, 0.0495059544186181, 0.53467947121522], [0.05396803175841741, 0.0564660