{"estimation": {"a": 21.88059642402144, "rho": [0.4136834119641177, 0.18039334418135725, 0.09917625915857246, 0.3067469846959521], "Mu": [[-2.747999973290317, 0.10416807929175192, 2.9097478037614035, -0.12418349753000549, -2.093896484941796, -6.353050186371279, 1.6938056355344604, 1.62112846850351, -0.13076344780360047, -0.3135119091769401, -0.44784807274073163, 1.9430665663669506, -2.792036111327814, -1.3894090819811735, -2.681381523742785, -0.5417629888032445, 3.6504831720393245, 5.353274118838963, -5.161591134925038, -3.382667320883336, -2.8075023526755523, -5.513059998443518, -0.5247138164564071, 0.5992080218123487, -2.874454056057461, -0.5416523748058991, 3.692829615243077, -2.9758367030287523, -6.871603661793645, -1.7469673826122285, 3.3984029321960527, 4.05610739397698, -1.4943807622078367, -6.846815059874449, 2.8627486322767495, 3.2915038904515854, -0.9673662788851577, 3.5657357858201126, -6.03500603072624, -1.4238487865432166, -4.273622900498379, -3.200739477044655, -2.940322762623292, -3.700433128723454, 4.584011477745344, -0.9337332597981184, -2.232598828378414, -0.5996644349054411, -4.876087571773013, -1.4857577274202909], [-1.9318902240932443, -0.5507669586777282, -0.7906458222620689, -0.8107294773572211, -2.549276458789442, 1.627024631301149, 1.0275213102983598, 1.1722579483155686, -0.17022199121860776, 0.6315628162563818, 3.305816168653898, 3.113260341317077, -0.7389133432983199, -0.531476151587113, 0.39144595312592745, -0.937648944469054, -0.8295599609976007, 1.0986774744873937, -2.153207675944168, -2.429237501105893, 0.19465639347926159, -3.079116183116017, 3.6621478242781107, -3.039775636428076, 1.8041532762123582, 3.4465011796894114, -0.334028609404788, -4.846028139318528, -2.7675904766317285, -1.0389758881687816, -1.0638852574178417, 4.9932050367182335, -3.682936111843401, -6.212548016836959, -0.4655755830884097, -4.79153394878812, 0.6441706678246144, -4.459033591890668, -3.6262246600710664, -0.8814091711294446, -4.300769749634612, -4.087497233907526, 0.04638783790731253, 0.9514325722331424, 2.7147249400873252, -3.9117175641263047, -1.4594502575297124, 0.1732135185368134, -1.1479349885411254, -0.09135028866318223], [-0.2515939007138769, -6.271710171895687, -4.6060622627933405, 0.6378654723399467, -0.1983911268470023, -4.088744159935233, 5.275198102162655, 0.783844920305624, -4.212319218162513, 2.5939900799726945, 0.5800732552388117, 13.46196014430953, -0.6987854867235361, 1.2766050948453087, 2.7752234090405956, 3.657356943389249, -2.146234449805368, -2.856231999480345, 0.03279082324978336, 2.878508968375405, 1.8015940893874427, -4.83069883974842, -2.4696022878072577, 2.6242293504156855, -1.0627478043157597, -1.4420164563763942, -3.7484555271006625, -3.041001994476739, -4.581726579246518, -1.0020718670893833, -2.9293993812385284, 0.19805054265934482, -7.538084017993235, -5.496278110315868, -4.837379083812621, 2.167761471603308, -2.148901988529838, 2.8919363284332578, -3.4185714592468575, -6.302466203211949, -1.1388531761419205, -2.7144543609935696, 1.813770721987249, -0.18096685497265283, -7.806995199015809, 0.7006034294948807, -1.521840413257058, 2.178890341743204, 5.1111754223554104, -2.7596764330323804], [2.125441393569797, 0.2657134962886794, -1.06416237722162, -1.5103709654329005, 2.350370215306366, 0.4886056347286458, 4.792317173674984, 1.0184074453694834, -2.6636124237377055, -0.4271014459559668, 1.388290852358308, 6.69966902228869, 0.9484827730098051, -0.1498461785208274, -2.935341384297365, 1.619365713843863, 2.225668475275308, -5.668412138976538, 0.9005755648723887, -0.13216622842962034, 1.6169742306315331, -4.021873159947012, 1.0807877066605935, 5.425139645860549, -2.920016714928094, -2.9194055543104063, 3.0388878381432636, -2.4845589118489193, 1.287043349697611, -6.3763478204359245, 1.62933854070524, 1.6503290362970127, -6.194838273630403, 0.4259448941624457, 4.772414778441531, 1.5716670021419112, -0.2129275640725759, -0.9620273701810489, 1.3687911375847244, -2.8765857656943443, -1.9169507303415452, 2.3191884634110598, 8.646494535361148, 0.8593703413694997, 6.086459853184222, 2.223300787459313, 2.255781285920492, -0.09404704268286032, 4.632249318303528, 6.116363216050348], [3.737862338863523, 0.7015688910642883, 0.5880439378412976, 1.013740143824223, -4.843998468020169, 4.219004252735009, -5.500727139618952, 4.181108586829893, 0.5510956718999507, -1.6889784352996713, 4.616665086817223, 9.461925637636094, 0.8056735707528758, 3.071369563776149, -6.568494479946172, -0.38366265786311543, 1.5890815481178138, -1.9243200994406833, 1.72032328051076, 5.765370495272017, -6.907511448944725, 1.803485088843066, -2.1088205887639884, -8.122212559890269, 2.112140770646349, -1.8176593825643899, 0.782240637452141, -3.9653942631222847, 3.2925259081337948, -4.277338395382166, -0.29845172460079744, 1.7691681492772529, -0.8677605563679365, -1.996740868010818, 5.077392907678055, -2.078043723989638, -7.310528476698709, 4.053684375807341, 2.517169885473109, 3.475396619127359, -1.7911804464819503, 1.2687099712716532, 0.3508448246588843, -6.235434805116901, -0.9870111954957009, -1.349059058045899, 0.6723441917872348, 0.41507795174252304, -1.4080610859237706, 0.1528762341618516], [0.6453598510856707, -4.613991620172067, 1.4674430252928572, -7.592125364113041, 0.03269000249229308, 0.44639522145180005, 0.28387420449346673, -1.8883588940508764, -1.799697330466327, 1.318874139214519, 3.703100581264334, -4.873228449835396, -1.7335791337381854, 10.337312881723209, 4.604426544694731, 1.6517215156712501, -3.8619219664284334, 3.9213220009869634, 1.0928898187927367, -0.20242273785283382, 1.1630690438974463, 0.46940537208768246, 1.6880358896824503, 0.2069277655725519, 5.923973905449319, -7.338282429355891, 0.575991701568618, -0.5979419719658877, -2.819728048747332, 4.579138379946443, -2.75656387886675, 1.1072907483541332, -1.2511156057373705, 2.9487182285393763, 0.696053627275925, -0.118112938457947, -3.859873960437428, -0.8850701868438163, 1.3073999116359418, -1.5043645920097244, 3.451393079401553, -3.3291464633597516, -0.9579379397191655, -8.326900528150563, 3.904045265433698, -1.5360880489495283, 3.394790723571218, 2.3840414431528663, -2.284868767087533, -1.9861390280467333], [1.6899994142419497, -0.15002614749990906, 0.49864104476268484, 1.3984879893460644, 0.44101526291387205, -3.7080907172804123, 4.293943073165277, 2.382971159629223, 1.5762779855189704, 3.669268228821688, -2.0032007124605107, 4.25452280534562, -1.9940155465922158, 1.236899113766848, 1.5477670247492996, -0.09457113065490334, -3.984582410574757, -0.13404658147019108, -0.31637334068087286, 4.507138294358401, 0.11852866999591795, -2.4224514740222696, 1.123900171337121, -3.323491597289924, -0.4043889984444912, 3.786355540840597, 1.8219834071398964, -4.717953255057446, -0.41418162289550287, -6.6573280645038215, -0.09797895279614116, 1.254552669502643, -6.4502992598474735, 2.896179488803547, -1.0374263254301506, -4.268272227813529, 2.548028754248091, -3.0195846579811514, 0.789238276973318, 4.015227932294018, -4.028702137618109, -2.573901485116473, 4.783347001615497, 1.8148597796710437, -0.6384005333646854, 2.9609587218526268, 1.0946804350923183, -1.4407483771733502, 1.881443540266281, -2.8322980357253082], [-7.220995400625881, 0.6766120876356375, 2.4056725566483323, -1.3876642759249984, 9.27949189303235, 0.379631902701821, -6.387839421989242, 6.845717498466617, 0.44075046536136553, 3.5367893699609443, -7.966131315130814, 6.7263791533223625, -4.383813292059811, -4.151671305405632, -3.8920843933674543, 6.072754777201972, 2.5827235561540216, -1.1669076516012025, -3.323600199270004, -2.0560585918688177, 0.07739263720206861, 2.6001595418492665, 2.416690858470822, -0.06431447500945929, -5.808918377114732, -2.9118336153920006, 1.5192194740726115, 2.5453731076324067, -4.643612514655062, -1.8106810495543508, -7.638467131259191, 2.8622938534742612, 6.498135479746456, 0.9634296267664307, 1.1521067277916193, 3.213670537957607, -1.2255420805814101, -2.4521037887918653, 11.408276573601901, 1.549680007074154, -6.94824958515699, 2.2813282841380293, 2.228314266079167, 5.479909213704139, -1.3295755654990147, -0.9175943002627289, -1.2498019460232268, -1.1339984663760443, -1.7282603453393894, 1.817946299192441]], "Lambda": [[0.45738286583829474, 0.5979351998904794, 0.2766751347287817, 0.3717527556141253, 0.14358369225005949, 0.14231632371567435, 0.529873406902124, 0.3683969350778827, 0.9103247332496465, 0.502709405457605, 0.5027658682818154, 2.1937432170116296, 0.6565692555407895, 0.18645297042343556, 0.2965778293327204, 0.43481131111326304, 0.1600365116297645, 0.2569310093899865, 0.43347292763907086, 0.43912617383769353, 0.6608241745989142, 0.40633835728442447, 0.4106832899546912, 0.371924781393716, 0.45273986933371774, 0.3759588667397079, 0.8855347989647325, 0.6592164606973706, 0.46803113800413515, 0.5257912502036486, 0.3177671211916118, 0.7821332168275698, 0.29659025151514984, 0.11132570974372953, 0.44989232590101264, 0.18279790931478865, 0.2352287280820361, 0.267246507657864, 0.5234419719312793, 0.6838551879490792, 0.6999592112487156, 0.23938918350833183, 0.9414295650883172, 0.4449878726601184, 0.5221395705428399, 0.3203242733638793, 0.587058151046216, 0.4622445048921929, 0.45929766322873766, 0.6760336677070352], [0.5007647858812642, 0.5188351296632464, 0.5740914536129671, 0.6139052795509335, 0.27644597068248333, 0.38266329087500417, 0.458527008559399, 0.3287469587784201, 0.7332993251832776, 0.6591584933846713, 1.0142254189951747, 0.6162284978372279, 0.4284419981356692, 0.3441986673220775, 0.6907605662163616, 0.9028213231742481, 0.2574236782077365, 0.44961512188699526, 0.43948534441353754, 0.38971051532533635, 0.6263900795010767, 0.4446559607442485, 0.505547394712627, 0.47570316424809744, 0.797619784447621, 0.9264657033257102, 0.6276660341826268, 0.4637960787753397, 0.5953903892114534, 0.4048907571067422, 0.3781108580739088, 0.45242915564782693, 0.4289115235478788, 0.29214836757768986, 0.7841994286585042, 0.5593055873606343, 0.41770122924639763, 0.4848581280543586, 0.44918328559643156, 0.6111918548482973, 0.3429864116105259, 0.504300958087632, 0.6584465682246076, 0.4714415672169008, 0.5137198358920992, 0.446474149891155, 0.39378007503930645, 0.6253293734998618, 0.3795773798157237, 0.7455946852430255], [1.818694866992492, 0.6038209550229306, 0.7606476597656043, 0.6708704115751296, 0.9831968435494106, 0.4621028610651066, 0.21665942929158608, 0.4373240665453517, 0.3170001346580124, 0.3616915918041283, 0.22478518036544726, 0.18929017342221108, 0.5706712111007515, 0.2904577104427765, 0.25519681635009955, 1.0555943532120013, 0.19411173391594874, 0.4894234029986724, 0.8607536573675978, 0.17939281084822287, 0.6178635787846564, 0.5069317687375692, 0.2934867871733956, 0.3378303110963702, 0.4064390289182904, 0.534116146803289, 0.3899311566711931, 0.1301107996056329, 0.3670534217426931, 0.2685478610233915, 0.1960698329053242, 0.7971336341116343, 0.30599472758082386, 0.3072183827167457, 0.25886671832551855, 1.1774987789222715, 0.7552842116608035, 0.3371384221373352, 0.3834895835061149, 0.2633478384771095, 0.28089261549535344, 0.5245792752375745, 0.11090921583933923, 1.6071477672336063, 0.2473042898672892, 0.8122064478936478, 0.6318995616344272, 0.6233943273725535, 0.30885793962073343, 0.23477832641573432], [0.8554702622960905, 0.6331795922480679, 0.3849889847075642, 0.5044929954246488, 0.6076709995832144, 0.9413701962120437, 0.3359509881031824, 0.6093363404557623, 0.35276993852138117, 0.3901526150657393, 0.4815119763191888, 0.13611374292318998, 0.5984994692426484, 0.4327957841709823, 0.39523101581539777, 0.43040773969540896, 0.27069676160741196, 0.39569191258163544, 0.5158254495628979, 0.23605818363324127, 0.761026133638139, 0.6083889346614367, 0.35111937885599553, 0.4079848457449601, 0.565840595848956, 0.5720372619924498, 0.31988056244609353, 0.4011635210753121, 0.7642559194648013, 0.38486657892350695, 0.929073737609233, 0.44281324105143965, 0.43182345652361614, 0.5549833978148451, 0.458790963391395, 0.6936723476391959, 0.6652171300412139, 0.453661068669414, 0.34727544327360443, 0.24598552707961335, 0.22711866672682418, 0.6339711703954405, 0.19815342640799324, 0.8564089030433085, 0.5088340786087756, 0.6431878738010227, 0.4930474512357002, 0.48822955642682697, 0.4348054498091089, 0.6144092192420745], [0.5406194730422038, 0.26635850367230923, 0.5504280483781071, 0.3865843364267662, 0.5112428409641141, 0.43022144711525956, 0.3739668279351984, 0.261668893058178, 0.2516557380193913, 0.7227705631932807, 0.39389394157282165, 0.1386390077968757, 0.3132116795140255, 0.18547985391251212, 0.260031341720147, 0.5839944425671311, 0.5005574915462877, 0.6199294949275748, 0.7603783717820247, 0.5547138238417052, 0.2671755556463141, 1.295637809348649, 1.3946494403422134, 0.35524660322019075, 0.24140824945907727, 0.1950138082298052, 0.22368492051204789, 0.7251626255827376, 0.36862936308626637, 0.12378114495771785, 0.7396003564322715, 0.1696873476324226, 0.6955894460532415, 0.5421225223597113, 0.20432086832343466, 0.3888993342041808, 0.4132181110743273, 0.5776733012138804, 0.5919937951233225, 0.17731315672308295, 0.6561174004018626, 0.4934567477373176, 0.1933565677583652, 0.22045007165430616, 0.4121010191746744, 0.1985395626154002, 0.3118266174500409, 0.3174430252630773, 0.32650554634521367, 1.3371644568620038], [0.432686439072237, 0.3409244445913448, 0.643387040602473, 0.29889759680553135, 0.3814391813757726, 0.561333604560643, 0.8748132660752714, 0.32853671308154464, 0.5620459707950236, 0.24487712926954577, 0.4079658168048773, 0.3165520566896929, 0.32125370263602776, 0.45048973821027677, 0.2967243557421124, 0.5171790645408931, 0.37561924107212974, 0.6180551233358409, 0.7455627469196725, 0.672373712377224, 1.2565741441744012, 0.5542796069429458, 0.6352637328797472, 0.6686220908517941, 0.47208427827841476, 0.43662553751579275, 0.4024898603108319, 0.3723995964380832, 0.4908369346896039, 0.6644443698647859, 0.45600544490683215, 0.18719683974581, 0.6665005395861064, 0.4568141907462407, 0.2175425550523779, 0.5521965815233114, 0.3880908089222349, 0.6447778506636487, 0.43679968301308414, 0.21308645129550752, 0.9671606203898931, 0.4257822709601722, 0.35551726107645165, 0.29448789950330395, 0.6140650001524397, 0.47673971010179717, 0.29962981708010655, 0.40696130679259, 0.5551981867348335, 0.7071754492872632], [0.5239746564900043, 0.4944739977872202, 0.8319545997102903, 0.2687682440669763, 0.6214470349655773, 0.3355021088932736, 0.5007950880835801, 0.3652881297194374, 0.32470232921541003, 0.4629618585437919, 0.41353361007075273, 0.12959193097131996, 0.5860282886990926, 0.3987949671409047, 0.29213501012488235, 0.5883567756476767, 0.41273464970357976, 0.37490771226220626, 0.4444948429436084, 0.9204673702210849, 0.5840824511552665, 0.42074320952174166, 0.4633901718951602, 0.7176786115477579, 0.4543734919008063, 0.3811532358590018, 0.5536287058597389, 0.3365189148977861, 0.33149274621915176, 0.3333758754238095, 0.5133151678635919, 0.33849640557120664, 1.069937763941776, 0.7712230815392235, 0.581556908684036, 0.5046923114488907, 0.712742283881994, 0.3720052287674997, 0.4531326262516943, 0.7520405719986772, 0.4085269061107647, 0.728441667799847, 0.19433144647559078, 0.5902007123244184, 0.4383708258025902, 0.3424901604375731, 0.3407830506464799, 0.5271178333897714, 0.36529673755662967, 0.5322965698172787], [0.4687073781265091, 0.19994165414716653, 0.8070855180897603, 0.19829222566313334, 0.23973176624706904, 0.5280089950356179, 0.3556601726895407, 0.3639164765868618, 0.48679991117436533, 0.3525323738076952, 0.32384672080103166, 0.10056198021977383, 0.6198801183980593, 0.23380090213439197, 0.1457090667286978, 0.5482550859910231, 0.7075189643739523, 0.4675723946496733, 1.5330858609438, 0.5923474183882145, 0.19459091954443075, 1.2835627527294735, 0.7327043188902845, 0.5513344470748568, 0.4276870254254557, 0.7010528936168886, 0.5589221493038262, 0.5271416155722054, 0.24693696216607952, 0.3569875581127625, 0.20334512382859396, 0.5568566348434417, 0.23185546973754523, 0.3555138161101016, 0.4530592909580871, 0.33000196579854046, 0.8704215234784696, 0.9565877620475964, 0.29279258501126004, 0.20378835309483856, 0.5148401944216567, 0.7442336154903234, 0.49038862203397177, 0.22886065194303837, 0.4698749648067165, 0.5810466829243077, 0.28666161729150413, 1.2931055144582884, 0.2102141512494226, 0.46585475309373725]], "G": [[0.4834555712707507, 0.22817942429872928, 0.05525393473566305, 0.23311106969485745], [0.4554476124613102, 0.13290441722158566, 0.1935766653269984, 0.21807130499010668], [0.40173202828296406, 0.14759478272829463, 0.12116062874274984, 0.329512560245992], [0.33417274343904024, 0.38134385466621235, 0.047600827710044875, 0.23688257418470227], [0.46949916217440124, 0.08321412294822021, 0.12808952951156025, 0.3191971853658182], [0.5972173036911518, 0.17151771881200953, 0.08789290470592576, 0.1433720727909124], [0.4271893359527801, 0.12091379705859966, 0.0730840684781512, 0.37881279851046856], [0.290205173293012, 0.1770235535835547, 0.06596390463843309, 0.4668073684850014], [0.35938390691096045, 0.1637608025404235, 0.10277081058583493, 0.37408447996278077], [0.41737377010836607, 0.16227528449438103, 0.1725908657081726, 0.24776007968908054], [0.3311803443159406, 0.2085036931352741, 0.10651101112501885, 0.3538049514237676], [0.38134065526138133, 0.258970752046248, 0.11657554721944965, 0.24311304547292184], [0.4027968071483454, 0.14878678727587322, 0.10827827039129237, 0.34013813518448915], [0.39194409027796995, 0.16969595253803016, 0.08937448731305031, 0.3489854698709501], [0.35848408229295503, 0.2514817049521703, 0.11117887024047846, 0.2788553425143965], [0.5101782808350317, 0.14421577501666905, 0.046863226794016576, 0.29874271735428287], [0.3665047810865427, 0.16145166993707885, 0.07989752526521054, 0.392146023711168], [0.2506195269747591, 0.1665534085803089, 0.14431901883598436, 0.4385080456089472], [0.36435282235641586, 0.14291932014737085, 0.2102078916222541, 0.28251996587395845], [0.3851582691522571, 0.14648701384738674, 0.07584211241091157, 0.39251260458944454], [0.30723758860516986, 0.1354334800592387, 0.0784610570684733, 0.47886787426711763], [0.28730786079407544, 0.11444274540922511, 0.10747735257461744, 0.49077204122208196], [0.40183684070850784, 0.1019097943721241, 0.11993441544898367, 0.3763189494703841], [0.2982433152780467, 0.10814263947615112, 0.028205914255430852, 0.5654081309903711], [0.5463605917349226, 0.19163563966924907, 0.050718284022407835, 0.21128548457342047], [0.33361438774627533, 0.16061929830271232, 0.09271275272213864, 0.4130535612288742], [0.37856508702001435, 0.2132761312427294, 0.10807606416208697, 0.3000827175751692], [0.5616658899902428, 0.09285311557600516, 0.16189696027983577, 0.18358403415391766], [0.32806244804761564, 0.15391704610350113, 0.12254713371463441, 0.39547337213424855], [0.48977008109493003, 0.13697960809772175, 0.0681523091886127, 0.30509800161873557], [0.45106622184236755, 0.3177658255615793, 0.0790416229952619, 0.15212632960079187], [0.38135954278352063, 0.12296319350264862, 0.08274851158713968, 0.41292875212669083], [0.31484372344537004, 0.14221159904471034, 0.05372669837910815, 0.4892179791308112], [0.32111178610000723, 0.11275385733092871, 0.12510807186450604, 0.44102628470455824], [0.43471106172026397, 0.1973244994479524, 0.09559623085208672, 0.2723682079796976], [0.34505344447845454, 0.15913137522833964, 0.0793604924253392, 0.41645468786786605], [0.5305204680611377, 0.09686406341846325, 0.05544014253245474, 0.31717532598794407], [0.4077251890054343, 0.14034102955554725, 0.1423748694617383, 0.3095589119772809], [0.45745998287635975, 0.09806286808090538, 0.0474871315376508, 0.3969900175050835], [0.4878455218198669, 0.11780015339741791, 0.12934037081725813, 0.2650139539654565], [0.4660156087346763, 0.16357097470303136, 0.053894109828683, 0.3165193067336094], [0.4671688466975797, 0.23359483797026265, 0.060623554165079134, 0.23861276116707866], [0.3007970141921092, 0.1948368889801337, 0.11390081093733888, 0.39046528589041846], [0.3371838325614692, 0.12389117163196031, 0.11957020813805855, 0.419354787668511], [0.487760594664321, 0.25104102600709455, 0.03803483935422014, 0.22316353997436397], [0.5739172843498822, 0.1305181935446708, 0.11348665341192182, 0.18207786869352535], [0.32328344474617865, 0.13326352529038718, 0.0946674899464023, 0.4487855400170315], [0.4547581227291067, 0.2254528736226039, 0.10702634674410758, 0.21276265690418267], [0.45966011343788954, 0.1225124433991579, 0.05707332978181778, 0.36075411338113517], [0.3950503675350511, 0.14512719315610392, 0.039512039843895876, 0.4203103994649489], [0.24981341266125884, 0.15410678509662842, 0.07623728825580588, 0.5198425139863061], [0.5301493321626167, 0.09703082602040847, 0.11618043490481751, 0.2566394069121576], [0.33139640144832033, 0.1829131716049052, 0.0717867511157577, 0.41390367583101645], [0.40330552838893446, 0.149501338114248, 0.08516485706063706, 0.36202827643617996], [0.31165115262282117, 0.20926257227166545, 0.24697257738055106, 0.23211369772496235], [0.5271915085645738, 0.10462993362455689, 0.06744805628817335, 0.30073050152269537], [0.27112615635311577, 0.2202566710347977, 0.09110122721380182, 0.41751594539828507], [0.2746739064961983, 0.2105493733719823, 0.09353535635787114, 0.42124136377394916], [0.3497835798934619, 0.159176066947731, 0.1417388299288295, 0.34930152322997815], [0.5693265976892714, 0.1995914536581323, 0.0705723580521185, 0.16050959060047776], [0.47365948464440544, 0.11853833138943085, 0.05628128153371075, 0.35152090243245265], [0.37476904647417225, 0.2751223583802566, 0.12126436139351131, 0.2288442337520602], [0.4811228483645737, 0.09419342907006284, 0.06397216914436134, 0.36071155342100303], [0.44394877569166225, 0.18249301756475186, 0.08774264197913201, 0.28581556476445363], [0.4768001526215521, 0.223748245340076, 0.10271832877497468, 0.19673327326339696], [0.47312062061289517, 0.22119528681914954, 0.061632117624492215, 0.24405197494346276], [0.5404525049709076, 0.19823612542622268, 0.0586918558708379, 0.2026195137320318], [0.37294025676155956, 0.1679809139552503, 0.13444027210633155, 0.3246385571768586], [0.32351634600763296, 0.1524947966297056, 0.09027268489893268, 0.4337161724637288], [0.3716545091101208, 0.3132371975998098, 0.06906967941471903, 0.24603861387535025], [0.3879570285103442, 0.26113810407220656, 0.06973377464385286, 0.28117109277359675], [0.4627294078870233, 0.15497764208616363, 0.16359150868604402, 0.2187014413407687], [0.42790546673395985, 0.1308851878308626, 0.05229559336506646, 0.3889137520701111], [0.41733553418891417, 0.23671134146409292, 0.11612489292559988, 0.22982823142139341], [0.3717190974936701, 0.260413213600685, 0.13124378967484332, 0.23662389923080138], [0.39342409186613325, 0.1573385232091897, 0.1168347926083311, 0.33240259231634617], [0.30513481519403407, 0.21810367686808013, 0.12746523978520868, 0.3492962681526772], [0.3166822128860682, 0.22410300046136397, 0.11470893054509707, 0.34450585610747153], [0.46081235817151345, 0.12569339546374306, 0.05843857699416827, 0.3550556693705758], [0.445644648223601, 0.17659738380385226, 0.0510238252213396, 0.3267341427512066], [0.27263122754092933, 0.12630419368339474, 0.24789888377772767, 0.35316569499794814], [0.47392142259715675, 0.2574453523974536, 0.06627178176987276, 0.20236144323551628], [0.4729871628142804, 0.18905329836636406, 0.10715897627723434, 0.23080056254212064], [0.3070638504932747, 0.136082767515781, 0.061021182726487364, 0.49583219926445715], [0.5690171802935668, 0.05468523489724439, 0.07725657095999378, 0.29904101384919496], [0.47603813715730636, 0.12589526743918406, 0.07699557999605186, 0.32107101540745764], [0.4439728408768013, 0.12707040535356123, 0.14719677353199764, 0.28175998023764054], [0.3209075655774123, 0.3366714856437164, 0.08997014395766785, 0.25245080482120336], [0.5339801458334602, 0.21796521123936682, 0.08701920106661255, 0.16103544186056085], [0.3403276090105132, 0.1961894791119376, 0.08280579538208936, 0.3806771164954596], [0.35322182057848467, 0.19028638382225413, 0.07262518290006033, 0.3838666126992005], [0.4266111023948497, 0.1794373088310144, 0.08513077333817298, 0.30882081543596307], [0.37786175544414335, 0.23933858602505398, 0.0780462622653156, 0.304753396265487], [0.3606429133861711, 0.11658641506819882, 0.0692708303611292, 0.4534998411845009], [0.3826564345163204, 0.15270439509082528, 0.1042756168085756, 0.36036355358427824], [0.33820554046011314, 0.14123747568893327, 0.14383049503677567, 0.37672648881417736], [0.5116581039227824, 0.13047758824886008, 0.0872770839532578, 0.2705872238750996], [0.32962782020435516, 0.18703361490484827, 0.14078496233783358, 0.3425536025529633], [0.3527778805993844, 0.1922082770292446, 0.09519012848492873, 0.35982371388644246], [0.29586098012945955, 0.11097118492788682, 0.07570968481870906, 0.5174581501239452], [0.3854606125586354, 0.10861782794644385, 0.06151300374827194, 0.44440855574664806], [0.34525841894396553, 0.19946882135331825, 0.17731030603957462, 0.27796245366314176], [0.36662717181995225, 0.2393013014234364, 0.08234099538171216, 0.31173053137489926], [0.46721260383615953, 0.11713288123182417, 0.06499221879552444, 0.3506622961364922], [0.40557460717804006, 0.1875094023712789, 0.10136296745953739, 0.3055530229911442], [0.4076981115451644, 0.31473296066229883, 0.06326037588798594, 0.2143085519045512], [0.3426052271827272, 0.1906878400675904, 0.08163022825574212, 0.38507670449394055], [0.36871227434934534, 0.21944537822711876, 0.11166332261519372, 0.300179024808342], [0.34296183548474785, 0.16552810905678036, 0.11007502999358816, 0.3814350254648834], [0.4797063867115937, 0.2479362452475855, 0.06627605885332287, 0.20608130918749804], [0.41618420388381205, 0.16308592343087946, 0.09416037154893464, 0.326569501136373], [0.44819209229678836, 0.08465616359087215, 0.08509469717952974, 0.38205704693280945], [0.25362185294369444, 0.19521769164039718, 0.12705420583322186, 0.42410624958268744], [0.43908817896739244, 0.1322823117581012, 0.09378454036511984, 0.334844968909387], [0.3958921931251481, 0.18999027599632312, 0.19901680517707257, 0.21510072570145636], [0.41932406763206304, 0.14487299732255807, 0.2343961309773788, 0.20140680406800096], [0.2985397268151203, 0.18892835690603002, 0.06910433336137713, 0.4434275829174719], [0.6537020552538065, 0.08698575979850855, 0.11655837068013593, 0.1427538142675497], [0.3664909260972745, 0.23065290633690969, 0.08085718472699266, 0.3219989828388226], [0.46566182659025374, 0.06877502116615301, 0.05728109378123059, 0.4082820584623625], [0.44704452966987746, 0.15609293513888323, 0.07897147753622921, 0.3178910576550108], [0.38512113276165433, 0.2114386466042396, 0.13534259975564847, 0.26809762087845795], [0.33422204708520387, 0.28088276052110195, 0.06048060607545696, 0.3244145863182371], [0.30092879878315476, 0.0948327083987673, 0.03868523522354905, 0.5655532575945288], [0.30596765161882433, 0.1726646376928925, 0.08512598716115562, 0.43624172352712703], [0.3799667294110004, 0.25062825298300445, 0.09103840269671427, 0.27836661490928055], [0.40941584209096255, 0.14419118029044076, 0.07679313919406504, 0.3695998384245313], [0.47826195815783107, 0.1535334777420915, 0.08182692256036346, 0.2863776415397132], [0.34442609300156435, 0.18974623971627202, 0.0675913420592867, 0.3982363252228772], [0.42251865726605353, 0.21523440799649377, 0.1337714890971412, 0.22847544564031186], [0.5611821462097044, 0.17610281193371635, 0.06181756996524325, 0.20089747189133622], [0.38613752836977744, 0.16423581732821826, 0.1971961807051145, 0.25243047359688897], [0.3517979863350742, 0.25439663277423247, 0.040674060465216114, 0.3531313204254768], [0.4787285185751964, 0.16641272647128527, 0.1103076934660429, 0.24455106148747574], [0.40318215544684843, 0.18725810824530642, 0.12796506315731773, 0.2815946731505277], [0.4567214410816584, 0.22642312951979837, 0.072531587495222, 0.24432384190332063], [0.31742557297952145, 0.15631053240150639, 0.19342118014802287, 0.3328427144709485], [0.4683656899602302, 0.13096420332002107, 0.11903538457144262, 0.28163472214830637], [0.44857139314061434, 0.24706651966523963, 0.043289521206453824, 0.26107256598769274], [0.701694470609186, 0.10273243107325557, 0.039910521706994134, 0.15566257661056393], [0.4497615127691632, 0.17877766277219945, 0.08066436086025322, 0.2907964635983843], [0.4308716115121659, 0.14523917706997852, 0.09137604050502963, 0.3325131709128265], [0.3429358440897953, 0.15775786470010408, 0.07882577576443948, 0.42048051544566184], [0.38809287844983203, 0.2657492275042364, 0.08825147997276415, 0.257906414073167], [0.3892108289470368, 0.21593001189327815, 0.14430266603058267, 0.25055649312910183], [0.4988854197490176, 0.21445113515068198, 0.06653180166113391, 0.22013164343916675], [0.45299896238556514, 0.13062968162711028, 0.06394539874283435, 0.35242595724449033], [0.38341862843532487, 0.15604892782279872, 0.11321367649683149, 0.34731876724504385], [0.370652155778471, 0.1809293235499215, 0.047163505037701746, 0.4012550156339065], [0.3661043352162791, 0.14668098869420237, 0.09639948919244065, 0.39081518689707706], [0.5664186068627607, 0.09220368911865648, 0.08992558718718387, 0.25145211683139884], [0.4514720003149841, 0.2090085745847302, 0.13379478202756329, 0.2057246430727227], [0.5216975821377933, 0.15306053369665523, 0.07725792331836441, 0.2479839608471876], [0.3871972477620792, 0.18550807569403613, 0.18377230139824316, 0.24352237514564148], [0.37318877691664665, 0.2870285305270721, 0.07671287790638763, 0.263069814649893], [0.27165863913183047, 0.14941769071792493, 0.17073871647128383, 0.40818495367896085], [0.38711372220112955, 0.1870176892025197, 0.07541703894265984, 0.35045154965369013], [0.5496536108095139, 0.16935835403574967, 0.05545068865664095, 0.22553734649809523], [0.33442484021367586, 0.23749786195126385, 0.13748441281914137, 0.2905928850159186], [0.46983946749545663, 0.23769131720848638, 0.08038834155929062, 0.2120808737367659], [0.395604398967084, 0.16594387835189328, 0.08697141435889383, 0.3514803083221296], [0.28104029133803227, 0.38285457663203465, 0.05981577756170523, 0.27628935446822755], [0.44118044034721654, 0.07690511488961141, 0.07160347390035517, 0.410310970862817], [0.43862868000129634, 0.1739875285938692, 0.059944465164472556, 0.32743932624036237], [0.49541810312195184, 0.10035135184049496, 0.03622651272582728, 0.36800403231172585], [0.4182564046840896, 0.14930027179687647, 0.09839868986706318, 0.334044633651971], [0.4722515339634329, 0.20122886475718435, 0.0981916528121605, 0.22832794846722249], [0.47850531740574465, 0.2123168517838395, 0.1094032349987812, 0.1997745958116344], [0.37386261955384475, 0.12402704737606561, 0.09775049913344627, 0.4043598339366425], [0.4842281241738377, 0.24406340660209516, 0.05637094048231695, 0.21533752874174936], [0.4723260480405599, 0.11649320634273772, 0.04991672934160606, 0.36126401627509663], [0.46113440043637444, 0.20484383151263766, 0.06772913253886488, 0.2662926355121229], [0.4804412896062814, 0.11137367800276657, 0.05252768803773176, 0.35565734435322094], [0.46208394463002594, 0.15792653101269877, 0.11540956285790126, 0.2645799614993737], [0.556915231362085, 0.17308620228612687, 0.10008478636015682, 0.16991377999163157], [0.591748128786008, 0.0763340468391255, 0.09977331330920639, 0.2321445110656604], [0.3926955076941174, 0.19930466872203673, 0.1981549421647985, 0.20984488141904792], [0.36340572194253823, 0.3013632194403467, 0.0794874308880831, 0.25574362772903125], [0.39612252140777243, 0.3350457823872881, 0.06824975724483236, 0.20058193896010798], [0.39148012566532975, 0.18044841220170316, 0.1569187935533047, 0.2711526685796628], [0.4467428419478238, 0.15517322284872626, 0.12653380011069254, 0.2715501350927573], [0.4754927255766527, 0.1922457289249118, 0.06461048871040569, 0.26765105678803014], [0.5473772517675762, 0.13412852124295688, 0.0812950898245533, 0.23719913716491375], [0.41469589699699594, 0.36629977099832467, 0.056129844433211354, 0.16287448757146794], [0.3758027845712713, 0.134042963966675, 0.08220226600261084, 0.4079519854594436], [0.5335303999927691, 0.13672846722307877, 0.09767006159936524, 0.23207107118478715], [0.5552467688461021, 0.17576431400861178, 0.08374902652926858, 0.1852398906160174], [0.3220132355117724, 0.23945810898646647, 0.05036385504446789, 0.3881648004572927], [0.5945851748898491, 0.15737372063240382, 0.05370076464474162, 0.19434033983300553], [0.3545364267142839, 0.21671892393926884, 0.10138387581021506, 0.32736077353623155], [0.37304027386749594, 0.1330714817210728, 0.08311552836719452, 0.4107727160442374], [0.3661316677709365, 0.2860838880415703, 0.06612407394622763, 0.2816603702412652], [0.37234860470049497, 0.30098377233766566, 0.15320596301920292, 0.17346165994263715], [0.3784990407508172, 0.35604509228388515, 0.06039300470900263, 0.2050628622562954], [0.35739134300155306, 0.1566799976736422, 0.09341021115266239, 0.39251844817214204], [0.4015643706070768, 0.17697539767306514, 0.12735946789043862, 0.29410076382941897], [0.44521606054595175, 0.18887969769749174, 0.09235358850252008, 0.27355065325403627], [0.33214038177556704, 0.2006770582126595, 0.11154700371113918, 0.3556355563006341], [0.4003187821230877, 0.11914722450679019, 0.12001540802863565, 0.3605185853414866], [0.5478651083084529, 0.08826862647446776, 0.08045480927356968, 0.2834114559435094], [0.3179584827540661, 0.08046419344855002, 0.03483029933403094, 0.5667470244633533], [0.5890967610453879, 0.10107373982399628, 0.06204669116744618, 0.2477828079631688], [0.5893214056104148, 0.09376578760694296, 0.08145606888105779, 0.23545673790158325], [0.40345417466247696, 0.1083187749647363, 0.16295526688061082, 0.3252717834921758], [0.3688127600166107, 0.3022006045030112, 0.06596856217571224, 0.2630180733046661], [0.39041756530181493, 0.13005982061801835, 0.17930722301689395, 0.3002153910632729], [0.43747312183331233, 0.22660675643062542, 0.1623196663547028, 0.17360045538135874], [0.5444046412063055, 0.14834822455732627, 0.053021309113762086, 0.2542258251226051], [0.41466175841844705, 0.13743542457975574, 0.09627413968300894, 0.351628677318788], [0.37237589019655537, 0.15745708205413528, 0.07516863535287342, 0.3949983923964347], [0.3684525862106236, 0.13638843141108137, 0.1960956343815657, 0.2990633479967292], [0.5723567204831806, 0.16561790415437513, 0.05970101827127795, 0.20232435709116586], [0.4175341506241142, 0.23649919762745403, 0.08198488551175857, 0.26398176623667224], [0.3602732577405628, 0.14243820259923454, 0.08835204290884295, 0.4089364967513598], [0.38670838553649206, 0.17038322243310836, 0.10040328751242335, 0.34250510451797694], [0.45372366403989794, 0.24906238225584332, 0.12226042432240473, 0.17495352938185377], [0.28984856490377886, 0.16187847303644373, 0.154981573068902, 0.3932913889908757], [0.3263395426210475, 0.15558295738617428, 0.053078672176680976, 0.46499882781609736], [0.3006745107190836, 0.22367047448777982, 0.18810356077541904, 0.2875514540177183], [0.4955899932345083, 0.11514832403641667, 0.09229304909809731, 0.29696863363097825], [0.42573842931036876, 0.20840393535668336, 0.03708985559943296, 0.3287677797335155], [0.5049189303798551, 0.1505767821488485, 0.0871619927540475, 0.25734229471724873], [0.37441912498240426, 0.17553417618811287, 0.2739573497274458, 0.17608934910203686], [0.3376923188411804, 0.19258974532898307, 0.15489456586500355, 0.31482336996483395], [0.44241364343263395, 0.12411438596434396, 0.14794155121237285, 0.28553041939064944], [0.2672372108583065, 0.26356199307136, 0.07568280558627684, 0.3935179904840572], [0.41573656990689356, 0.18593621648937547, 0.16482227949576528, 0.2335049341079662], [0.2742035327840508, 0.1561113424418841, 0.09404467322970989, 0.47564045154435575], [0.4515947621519607, 0.16601806464699206, 0.10744441157043615, 0.2749427616306118], [0.4935216643497787, 0.08075346569410669, 0.06295078903068496, 0.36277408092542973], [0.4029132818219478, 0.19747868596699047, 0.08506240105533767, 0.3145456311557246], [0.534614502649772, 0.10168508344148988, 0.10926098332637632, 0.25443943058236107], [0.4645647013420787, 0.11017998029740746, 0.0949240742959596, 0.33033124406455516], [0.30539302419372516, 0.16929146092353434, 0.10447640717230115, 0.4208391077104403], [0.4169901252664231, 0.1328689385524967, 0.10025073996727714, 0.3498901962138018], [0.34311644725063123, 0.11398422210603523, 0.2036990024954055, 0.33920032814792794], [0.4731886529057272, 0.20596995913489102, 0.13062240093305091, 0.19021898702633047], [0.337663889592551, 0.2978921263517942, 0.10806725796654063, 0.2563767260891148], [0.32320972743993903, 0.16782472332336865, 0.09976754392469726, 0.4091980053119954], [0.34596224571225637, 0.14100101128421363, 0.09415509850809259, 0.41888164449543736], [0.4003345140479818, 0.14302178578705765, 0.08546660369810662, 0.371177096466853], [0.32585145948616634, 0.2510212879500346, 0.09057563619711934, 0.33255161636667957], [0.40357877405705367, 0.22334513996337146, 0.13721608907785798, 0.23585999690171747], [0.43597804315566285, 0.15919328337376673, 0.06111429179566132, 0.3437143816749089], [0.4214917011282845, 0.14060121194772326, 0.04879364989932094, 0.38911343702467116], [0.3737031180850732, 0.2095934971528938, 0.09066930676920314, 0.32603407799282996], [0.45807307397754815, 0.1993382581115523, 0.04721799297085656, 0.2953706749400428], [0.47347740169223745, 0.2234594778074106, 0.11029454182117159, 0.1927685786791805], [0.5279213957935733, 0.15796429947748114, 0.09798066847138333, 0.2161336362575622], [0.43975818495644026, 0.0989717052841244, 0.06301555108642819, 0.3982545586730069], [0.412997154501012, 0.16913037191531946, 0.14347824998958997, 0.27439422359407906], [0.40940165106650694, 0.10828830291138972, 0.12622949406842746, 0.35608055195367594], [0.5259504091922633, 0.26850109587389925, 0.05320301975862106, 0.1523454751752163], [0.44618872110602126, 0.26844758857637124, 0.14583520759639818, 0.13952848272120877], [0.2938210719994207, 0.1745802930132711, 0.08266815312037333, 0.4489304818669344], [0.34649087183314176, 0.13968887284771228, 0.08757263524588091, 0.42624762007326467], [0.37075420600096165, 0.12757615471281028, 0.07741365292293172, 0.42425598636329576], [0.3978346082834992, 0.16108991947471532, 0.0809239283664727, 0.36015154387531284], [0.3954096281217962, 0.22424021137232344, 0.06442027886855617, 0.3159298816373239], [0.4639862157652303, 0.19843844442406208, 0.14726641173847335, 0.19030892807223368], [0.3295766925320743, 0.26443556810857877, 0.11932284797406854, 0.2866648913852787], [0.5865875175521645, 0.09451802946951494, 0.06468950819029759, 0.25420494478802375], [0.1857480489132415, 0.30625935290930595, 0.16102973429117118, 0.34696286388628167], [0.3033845681246077, 0.1845920221050371, 0.04507121896540087, 0.46695219080495365], [0.3945960058889424, 0.16881424649913357, 0.12739874010464167, 0.3091910075072827], [0.40578405153964575, 0.27553468855587987, 0.11205408210026964, 0.20662717780420353], [0.431819311579365, 0.2740594347154485, 0.07540685982119934, 0.21871439388398697], [0.4713039603410459, 0.1405346903739072, 0.16152147233729405, 0.22663987694775398], [0.4153341470410412, 0.16554357887696458, 0.09884450142927427, 0.32027777265271995], [0.5288770034234067, 0.18333227564818144, 0.0676071182656651, 0.22018360266274678], [0.47405274362828814, 0.11058018127606378, 0.10022916513560931, 0.31513790996003915], [0.5414078092664377, 0.17039957189017776, 0.06305409386951161, 0.22513852497387393], [0.37188139500946044, 0.21119147721793036, 0.10058217467881927, 0.31634495309379057], [0.29174218825322856, 0.11111395927719017, 0.10355035456729003, 0.49359349790229134], [0.4465414176706124, 0.07084310947135036, 0.1166348961292474, 0.36598057672878886], [0.4546435703832068, 0.1934623645175965, 0.06378971900838273, 0.28810434609081453], [0.43630759466632013, 0.10423171152971825, 0.04807144733588606, 0.41138924646807545], [0.5394634307134598, 0.2515665478418594, 0.07314040346165358, 0.13582961798302695], [0.49507981215166325, 0.15299386709502605, 0.14882924387135332, 0.20309707688195738], [0.46629165867071515, 0.20521469099589, 0.06784539932704137, 0.2606482510063528], [0.498976751099