{"estimation": {"a": 9.798396236852449, "rho": [0.1970562707141433, 0.2455626074898519, 0.2176817355115487, 0.33969938628445556], "Mu": [[2.5086784953486156, -0.6575507108465615, -6.643770000670874, -0.8228525284681968, -0.4159328224809927, -0.6592323545180654, 0.7550156623127892, 2.498092295693168, 3.2025715772546888, 0.3243304844629887, -0.30280222707146853, -0.20253273037694025, 4.648357327580037, -0.3271906169628519, 2.9171857457479624, 1.3789988710346248, 0.03262887611251751, 0.5620360657070333, -4.172828804415374, 2.1194450599560772, 1.3854585730069957, 0.7396370803875263, 0.033879475111177844, 5.0929420533125205, -1.6705641275028804, -1.4728375467696466, 2.5883917357631936, -2.3009356980073887, -1.787672678843846, -1.298210704069586, -1.6062431254105027, -1.8549002084885815, 0.20077939134282866, 2.286765532510439, -0.39679690621236974, -2.387861051730673, -1.2227908274203159, 1.5465702968401427, 1.3809588099184478, -1.8120102025087512, -1.6712003161461788, -2.181894294161548, -1.2007637765510002, -0.41608679830025375, 3.3858093965259424, -2.9444133025212516, 0.45808341401401476, -1.2832592293980427, -2.282294735705157, -0.5048965797333691, 2.7050847787718837, 0.4303671596295179, -2.1896689298582217, 5.337723119923927, -3.935907047892017, -0.7272222675217712, -1.2455531004049893, -0.6667304115219582, -1.6582472293364707, -3.1021065778970613, -3.0584146006556505, -4.13136757050528, 7.013136827293877, 4.66356299798653, 1.1440327248319826, -0.9301339074423199, -2.095388239271482, 3.317615927565835, 0.05273802681615018, 0.7036253055032445, 2.088781169045988, 1.7192332034841875, -0.17298335351269456, -6.119995875551877, 2.957598613078548, 2.0253505674530734, -2.061916358331796, -1.739040901361184, -1.4929719531459213, -3.945261322140981, -1.722600584297032, -1.9178707327933242, 3.741585689782329, 0.9775866703639597, 2.1414839725786154, 4.339240878033522, 2.3990206852388454, -0.17293206953979065, -4.585257559715035, -5.017314814066058, -1.7852250860986045, -2.0467725582068583, 0.07114708051579735, -0.9669439233136367, 1.1497607491872421, 3.3578729575647976, 1.838590145432089, -0.11796436381844053, 10.599433365625401, -2.0722187671772425], [-0.27848610979458255, -0.4002892930258628, -4.741447053031682, -1.7538090620078979, 3.17486710323293, -2.6859568358454187, 3.788354019518128, 7.154053782335356, 1.3315894445499408, -2.034315949161461, -1.7883420839623356, -0.0202352313722948, -0.23458215334239252, -0.7516088689610433, 1.1428235026162459, 4.174890719594819, -0.39184500736899575, -2.897872199406716, -3.831620576191226, 4.141897887694032, 3.36321456040789, 3.353121307497548, 0.8267568995703509, -0.40326137253411737, -0.9814353878518925, 0.5036805720571029, 4.329409313103951, 3.8004797611593237, 0.29140949654941045, -2.040378530608795, 0.13462332646008945, -1.2549620327075737, -1.249189390355594, 1.338513641472822, 0.6625295853495459, -5.582564760434752, -1.1230481489076625, -0.6350972121707357, 1.4163902218156001, 0.6354682741742604, 2.5195721075452284, -0.12644530329698095, -2.5483189962486614, -0.6850639177938586, 2.7230157192059257, -6.244345319824365, -1.463854237755525, -1.2869646361359437, 0.8981657414553607, -1.0948500402665005, 0.9201082001548079, 1.6212484215346419, 1.1082144844249329, 7.04923290154257, -5.749111419892916, -3.268212183120599, 1.8157937335538687, 2.8818666592176743, -2.827423164281763, -2.3517408541319154, -0.8377450130386181, 2.760129716107691, 6.087418987868246, -0.2689992131505001, -0.2961652238080487, 1.687838114487971, 0.9602855617219781, 0.5388891044585056, -0.7109547471452288, -2.2457078671304593, 1.951172823475139, -0.7993610750347424, -0.39076577659515677, -6.455659429650005, 2.385285844507945, -0.036839327864593395, -4.191233367811006, -0.49485994575630665, -0.06328786194793484, -1.7490040212055378, 0.2144308306599706, 2.393526350745135, 0.2507068604177331, -3.8572951969589737, -3.160124774212316, 3.1176326244080657, -4.090529690452522, 4.575439956634547, -4.204323033634692, -3.7575862906617132, 0.49238037993234274, -1.667836156117175, 0.10300016636072488, 1.5112756862539667, 2.5992672353079973, 4.893691312008205, 1.0986835757146751, 1.2200120645782935, 6.439460422518927, -0.5006481088228381], [-1.1122797881872677, -0.1972154765103011, 3.5848873888040576, 1.3156960907936042, 5.603313659207274, -3.1885286523827, -2.9600277785594855, -1.4242579253147871, 0.6009978161847432, -2.6850709641769486, 1.0581018284170314, 2.637083725128271, 1.6336816968507561, -1.0180585355041762, -3.431607336164466, -0.7314615732769878, 2.134602537105775, 0.08199790283402253, 0.6734747787844128, 3.948841349078407, 0.9101162023142703, 2.2363776253989114, 0.7173292586817893, 0.9239341881968327, 4.616735056238602, -2.100405270340787, 2.0508835177469433, 1.3437234564253095, -0.019594640536610388, -3.7193655299224453, -1.0900398055222047, 1.3126806203470516, 4.1376676468465154, 0.8699774353057781, 2.841412095421933, -1.343303314710434, -0.3830351161145691, 1.7690596303940076, 2.1056363302042564, 1.8235225751199098, -1.3489235365635388, 4.238820109721849, -2.607089376543739, -0.8990735398950669, 0.04204157343104894, -2.7576105933264308, -0.532934104793666, -2.8337997629819354, -1.2011234093052754, -4.248753589791675, 0.9157348968256062, -1.9909821954267386, 1.0277046159064005, -2.0145883623343646, 0.6615126322319375, 3.9221597724898576, -1.138080346444354, 0.31655990280661706, -0.6120278221758126, 0.3885870938477325, 3.9262350961727543, 5.52801077477138, 3.584016760831191, -1.7145413855161038, -3.114233119834218, 2.998160255419676, 0.9085958075103505, -1.41914852064039, 2.203205055698171, -0.8795823065181448, -4.5029206889729805, -1.234143343616925, -1.0814920456622497, -1.799862858835186, 0.7544978067112929, -3.9315451292974117, 2.7810907354403605, 0.3193461446117379, 3.088532767774509, -3.147503939547792, 4.935406007342695, 1.76055728034561, -0.8750931295830424, -1.2250062642736748, -1.0672433708126803, 2.1812480593739805, -6.824058696012422, 1.1761679896034236, 2.039537393328559, -0.24219584361823213, 4.370975544086341, -1.3418362986611334, -0.11173196728560164, 4.6051743964993435, 2.5889579556136204, 3.5205697358022094, -2.4676551840566, -1.690219487499952, -2.682276693101489, 0.904013296737624], [2.366500516161472, 0.015193358403226822, 1.4134243065311232, 0.5421270909810509, 1.1855620600088252, -1.7632448249515713, -5.361364590226453, -3.74606900712684, 0.9514585174740849, -1.6241837210896866, 1.2600042926012953, 0.29919359728600203, 7.690895393039998, 0.9064072140266881, -0.7046198720487163, -1.299545701540364, 4.686584597514508, 2.3228874318107184, 1.3768875365452997, 2.7009395814684187, -0.1226180750967559, 1.898892141059383, -1.9632104413318776, 3.5873456723644077, 1.2831908483800127, -1.873164158253827, 0.3706039448165415, -2.5036242149817856, 1.1251148405068059, -2.507931760193669, -4.605694957083639, -0.40308770106486197, 6.139662036888046, 1.1036977145911648, 0.5165921000733653, 0.556073613361423, -1.4633340607427772, 2.08821033143606, 2.063095329493259, 0.6813741335349657, -3.1380591165119083, 1.76332577358836, 0.2030606119697022, 0.15558135385218902, 2.9769203705915506, -3.0823699252407084, 0.8848437824614371, -1.504594300263279, -1.5866982742541351, 0.6763047895281198, 2.883962649804788, -2.820355976450178, -4.499190617017041, -1.5837596426717166, 0.7891263057155148, 6.462465681948709, -5.223175232032094, -1.7799107244956576, 1.0845965949687904, -1.4610839669101339, 0.27619412482109895, -1.2978553023165391, 4.718188252006722, 1.5986808732643274, -0.2593108673738954, -3.069074572981736, -1.918507421422752, 4.159103768997466, 1.2496412115087554, 1.876372485762201, -3.271904761239682, 3.0922940915629074, -2.982950540617777, -0.33743202424435764, 2.470803136116547, 1.089135921181109, 8.058832611745876, -2.5741424044926036, 3.7141816142315154, -6.631972024097673, 1.572853684548094, -0.015402602583295916, 3.425326222987026, 0.9671186826634922, 1.8293019921812312, 5.257568275008921, 5.312202880551768, -0.5084449168832299, 0.36843171131367136, -2.3287953944444615, -0.5176391119695543, -0.09222474714955262, 0.4790302191081632, 2.79399958907445, 1.2829828344437721, 6.416468878529772, -1.1237026724023955, 0.19277590408945736, 1.2358175341008237, -1.3947423894616668], [-1.3643635678508537, -2.5201562544861855, -1.7086334962067335, 4.767933668765711, 1.2364657368990548, 1.3961661307325735, -0.9161495133543153, 0.8611130583362592, 2.337858469016712, 1.155734511979808, -0.3827424434186561, 2.3947726661961926, 3.785211063056956, -1.4721555234504575, 1.5342480662976705, -3.502032979902368, 2.352690098078968, -2.4126088961629564, -9.108641614210455, 0.17893394208919097, 1.9222845590720745, 1.2921251792571808, -2.7056924939475966, 0.14716189696991716, 2.352360861757158, -1.8060640091489117, 0.6112880127608521, 2.2003885923768647, 0.9639572645337355, -4.007919742404197, 1.0238776261274192, -1.6339204075836165, 1.0094823842913505, 2.263719105951665, -1.278371960646475, -3.772659228492519, -2.236741919584385, 2.6071065112079763, 0.7596530474706864, -1.6100756845990605, -1.2483790199785398, 0.8913226083203339, 0.07544245173469738, -3.7662818690747484, -0.026557082363744267, 0.5334146836795397, 1.858371776385114, -4.37647837809551, -5.648695519743281, -2.4734966694811256, 4.204722411078784, -1.188996068626609, -1.2909581428378978, 3.5876288208816707, -1.6553621402637755, 1.1940876678121373, -1.153312082650965, 1.4261255560706527, -2.4550873843606884, 0.7209026808654079, 0.8456689685180895, 2.746135519825087, -4.137304717369479, 0.3298321499171106, -0.9450133527151942, 4.102454204132724, 0.18240686763195138, 1.164504423211999, 0.3952104546312349, -0.9184542576960333, -0.3985041470806665, -1.7730488499844865, 3.0097261197602165, -0.38796778643919383, -1.7376864191928072, -3.0685239561069264, -0.9951402745423155, -1.8388906914280672, 0.8860181707285156, 0.4885072061683114, -0.3097074663713538, -2.286639826303727, 1.7547823676861092, 0.48693835055864654, -0.25713677911999205, 2.7728202681270386, -2.065641693973167, 0.10702818600688542, -3.2162914452634577, 0.7051449011646538, 1.0333988270518537, -2.562109189583865, -0.3563088058716135, 2.6544880275889255, 1.997538471237689, 3.0512065854790094, -2.5294240366181846, 0.039783245201419896, 2.0461437215926717, -2.445267310572256], [1.4833816381378897, 2.3812059358615674, 3.5422428081879715, 0.7613242595030516, -1.1868895688247325, -2.8137065755403334, -5.739474190406613, -0.5371409895093527, 3.9592468233621196, -0.3800186185460362, -4.369905206317329, -2.3937748113770536, 0.7196728329710006, 1.4605331440185139, -2.086116182156334, -2.9724775901237015, 0.035226020896398466, -1.563071831684675, -3.4581920045326022, -1.9211065873437452, 0.05913622861877164, 7.497671775419009, 4.355235634010374, -1.2217713917641888, -5.340198111639738, 7.1125968530594825, -3.2738082058666684, -5.538946711593368, 0.41765297616092917, 0.007314542103069613, -2.344293805505033, 3.36819775547908, 0.7719673818912725, -3.8556901571443754, 3.296512816252995, 3.33715491931722, 0.7672058339409437, -2.6167051843380915, 0.5236633196963376, 1.6414702412597821, 4.571495531913101, 4.382571962055594, -2.4485596855305585, -2.319961268888218, -3.760980291426876, -0.2553444413595873, -2.8191079508544847, -1.9882105415259081, 6.6466248139206305, 0.27991024857896907, -2.2881823746839367, 0.6473830891602795, -0.7975439554192055, -0.8629790502138238, 2.6574512131374712, -7.089114256693628, -7.026413824439805, 8.65907722233874, 2.7104261348626406, 7.193658770124508, -0.04054285682290972, 1.567262798404005, -0.18792789874178217, 3.062354182985778, 0.37560894286569235, 1.8755619560471724, 1.6885770756137448, -1.5168729729094665, -6.121226100356103, 3.143476996751828, 1.9149715823762847, 4.821930723170956, 2.501036702996042, -2.122591055467925, 0.013550124096907645, -1.3731745366518646, -0.035653162747185684, -7.044492629030406, -3.784062508478271, -4.747359056702736, 2.479183681116493, -8.406246539882682, -0.3928141227198866, -8.218998012017494, -0.8469550369998281, -3.245321598593224, -5.88120454291859, -2.0761481164666202, 4.029162582507722, 6.858992354131256, -0.7584359989426512, 1.82793976547707, -1.142476297674514, 1.5773439682768837, -2.049460858063651, 7.6260439426907825, 7.901139559654059, 9.739195422323847, 1.9176999153795193, 0.300485928331142], [-0.5498472343353543, -2.7474963734660998, -2.613644990525016, 2.2230575142941884, 1.3657246258591786, 0.4380885033358047, -0.5708889416887976, 0.7661076479947672, 1.9483292039503224, -1.1331598547850663, -0.07580159478232247, 1.9648229800907462, 3.9670770489951543, -1.2670133660865925, 3.3245370472786444, -2.9170014944492895, 2.7127951498490654, -3.066495690523346, -8.487816326335198, 0.15117517724514268, 0.8504122782124621, 0.887097054175366, -1.6098109774212086, 1.189859284825293, 1.820120792387995, -1.806570503544272, -0.26063047637043474, 1.2609234597668748, -2.3277755050293893, -3.141068921596603, 0.858826603979237, -2.1800482403684627, 0.6094859922612007, -1.5684084003546226, -1.5173743723851478, -3.8435545513901728, -3.227474317101572, 2.9959488352960038, -0.4106828768753926, -3.1666900013570065, -0.4808519286646704, 1.783917565925278, -1.3047697029361862, -3.5922882716516145, 0.29844044448895707, 0.6429713791796237, -0.4158160139683147, -2.735231189341098, -8.18561037686213, -1.1161705311688666, 5.020290086422974, -2.0140469934184133, -3.957459530845946, 7.011741648126685, -2.694457047549096, 3.2205750835478244, -0.8417443178588192, 2.202363284419542, -3.9064149507438093, 0.08172978711836834, 0.2407689551280343, 0.6578488973016525, -2.001817550381448, 0.7563351403880502, -0.8893395075215373, 2.9832792944457696, -0.1573940994238247, 2.1903233629194907, -0.8674055489613256, -0.31656926055989537, 0.02257564674755926, -2.1557111606081714, 2.8241729890053344, -0.5618609893253861, -0.5663371641114773, -3.620566256687261, -1.4167736620797866, -1.6141578501958962, 0.40720105814386565, -0.0055754337527523, 0.479326563618443, -1.7309901208710443, 1.7792923854971907, -0.9255107330320003, -1.2976829855194427, 2.854535031111057, -1.4549086101360746, 0.9551225156729786, -3.3813226096688345, 0.42909437196981626, 0.5905482084662231, -1.6531634609220789, 0.7161120002953136, 3.1227881338002965, 0.45865849194662867, 2.983803905279978, -1.423348157684225, 0.022640878223072383, 3.284810453318333, -2.5973331814105376], [-2.249338006302535, 5.310330406271565, 2.629828480921713, 0.7335556989770934, -1.5885498996308323, -0.5149831652032043, 4.406746085079742, 0.8215276524713813, -0.4577501863253414, -2.1955091054996454, -0.8590266274352748, 1.0285191895749812, -1.741556261219929, -6.053657903943393, -0.18341550223578698, -2.425606977189586, -3.3899666404533773, 0.8585595115469498, -1.0586454740313098, -0.28226632343258806, 0.5860707290194989, 0.6272008314190525, -1.3111072388197293, 0.15017768879056892, 3.19859643109223, 1.899263156387808, -0.22448752881953035, -4.768936363486775, -2.6726197890386048, -1.3014239593730808, -0.38956703716484653, 0.00477370048936508, -2.476443374854684, 0.9841587009624969, 1.063798405322582, 1.458299702828193, -1.4128766799022519, -0.20835760029712264, 1.6869634622321739, -0.38951395294365715, -0.24600932167114276, 0.8456408484096901, 1.1019773501336456, -1.3291948932083022, -1.058188342168491, 4.336719983748111, 0.9368600299222402, -1.6211165402151595, 2.924245421527487, -0.8375083537432214, -6.14882188832055, 0.2572457545581771, -0.24326018225403695, -3.733783988791486, 4.48919572033306, -0.8493521602593983, -0.34600073225270406, 4.576196149426775, 4.8025809775983435, 1.5673984091102706, 0.6844886226116249, -1.4785159721269678, -2.8181646849631425, -3.936546412149256, 2.680905828218802, -4.859461340281345, 4.312172508719137, -3.153842400189942, -1.4220554992463763, -3.4803660302924344, -4.488797560466054, 0.6294053719541893, -6.4902397061591905, 8.434081149477965, 0.10847804204378923, 0.49472780271028355, 0.5432633073699836, 6.565794871034993, 6.80415299230521, 7.127255257696318, 0.4952639765756996, 2.4778390169269833, -2.1907121812226844, 1.7619822918240131, 5.707423896261441, -2.5962315738987596, 4.474315018308542, -4.417007013552952, -0.7877063485939225, 0.1590020352246477, 3.0989237840405526, -0.589003012549906, -10.132396654934274, -3.2712793626583543, -0.9188450325366982, -0.5448939060340209, 1.5739630129663038, -0.8412423897303095, -11.411949084404371, 2.6648653549666985]], "Lambda": [[0.416337513728592, 0.4062879637782288, 0.27394593024704744, 0.5117774070779655, 0.2408193440384268, 0.5977285601101188, 0.32886873231244734, 0.23055617243458906, 0.27679612935955844, 0.41158276684967293, 0.2901166664510424, 0.4713980434230917, 0.563201854557795, 1.2691948274738183, 0.5506981513711388, 0.4044507292694145, 0.4661498209112993, 0.27237580908750925, 0.395313843678148, 0.3580413047560054, 0.28074854851112085, 0.4932576564810543, 0.6756455551818616, 0.3112213099579519, 0.5084672664898041, 0.560773486891707, 0.3329134281080323, 0.22634201617112887, 0.6419063502752559, 0.6318454828888759, 0.595187828117657, 0.48444691510354965, 0.46943360556244657, 0.4810289324130805, 0.5422264041427435, 0.6251587946008897, 0.5376430746985216, 0.4042294556906234, 0.3256644556840429, 0.5118323822259502, 0.3828156332628908, 0.22385724660367864, 0.53221242819419, 0.4257462684269876, 0.3688239013322248, 0.4883511371795018, 0.35342168162057475, 1.373144225735837, 0.7432679944269895, 0.663118670159879, 0.4130322396028371, 0.8229574573371227, 0.3890245240274734, 0.36335930168004926, 0.37960757567156383, 0.3814601274864446, 0.5526104088768838, 0.5419812478674032, 0.3600890935084118, 0.47303746683518394, 0.39708139843877405, 0.4568019289532632, 0.15674478660849192, 0.18047342685330978, 0.4970660360883291, 0.35081638646206875, 0.4329929274439489, 0.658092374025973, 0.33150200564206395, 0.570461278817445, 1.0361253666166101, 0.994421705640735, 0.770474515421264, 0.24066020690465517, 0.5777217486934372, 0.5139575298729003, 0.3953748925177509, 1.2304657089283415, 0.44998308264889586, 0.5734716208801095, 0.7043921557076859, 0.5079379792459332, 0.46917227945954, 0.43567390084855184, 0.2566093035552372, 0.4993132764681595, 0.5602032658046415, 0.44600846884163803, 0.33335465249355706, 0.21575163827081473, 0.7558186096570284, 0.5122642937405816, 0.6194865282323958, 0.43745860875218695, 0.12642272534028487, 0.31952641308236523, 0.32461727125691214, 0.37053654390563195, 0.21719705310492043, 0.48804161399544305], [0.6992240709597474, 0.6048881149389302, 0.3856702582183504, 0.3494990769206034, 0.24559364633244193, 0.49790186047748286, 0.38704966371432287, 0.2612072936143866, 0.2503957155933431, 0.5928965149429911, 0.20362827124808494, 0.46243222991649713, 0.5934626293479285, 1.2877091192652883, 0.3669030052645541, 0.3739426444063104, 0.5067152107653811, 0.2833315542073769, 0.34301809031858266, 0.3520384094471128, 0.30803315739996817, 0.4014513623146002, 0.7741024123335616, 0.41617712378156346, 0.6004056894059263, 0.6930688236580038, 0.4363273800021507, 0.23199177834182377, 0.7950670906170507, 0.9847643329145002, 0.6909494808812212, 0.5039593248500543, 0.3768166596239554, 0.5382158148479143, 0.7225315995442899, 0.44032957638385595, 0.4103111197112406, 0.2748150978898844, 0.4983757241920607, 0.802168179615672, 0.3735555415777949, 0.19827227625811775, 0.4878550767583865, 0.5101660886207683, 0.32306731407673406, 0.38710550330605753, 0.4872012887643256, 1.0849061463138157, 0.726470290437622, 0.4967800348104696, 0.4009315780381581, 0.5084102097833414, 0.29592732424006096, 0.26821896564459496, 0.38189302993274316, 0.4213088671996037, 0.5903557073193041, 0.5464088231802379, 0.4622552738427525, 0.7286108605475465, 0.4866326139325944, 0.48237677034978854, 0.2270188692780545, 0.20441634405389325, 0.716784668888486, 0.4544989003465087, 0.351120696536125, 0.674873058008071, 0.467885187438893, 0.2837713181513844, 0.9417271676078751, 1.0299718526769412, 0.7044677402376228, 0.25702510815842833, 0.6040245697377479, 0.5566216751557342, 0.5340392288595994, 1.1928007913804035, 0.6222948152736774, 0.5588786924352777, 0.8069778326281103, 0.44905289672987125, 0.5860755561921746, 0.4442982868017386, 0.32505330549861133, 0.48708188156167015, 0.48311952738121056, 0.5699542728177407, 0.30921959397702153, 0.22357427912850264, 0.855170542611739, 0.38118140698233355, 0.6478674055405588, 0.5235555861256082, 0.16231977046268373, 0.43032812060383824, 0.3785135435088956, 0.327137711974267, 0.2910169631023355, 0.4975407574722427], [0.6363738602028606, 0.5840482380588509, 0.34264330523229186, 0.31606383602999355, 0.26253184320853773, 0.39798681086909843, 0.3665376388992338, 0.5020040782298487, 0.41334630513053133, 0.8217075518401399, 0.6758950570739245, 0.5411901389503683, 0.30268258168374446, 1.0030965375964835, 0.368716887533488, 0.8538244688509863, 0.5801541510417624, 0.8956143090434467, 0.2796083691087432, 0.705037511266852, 0.7567920334978567, 0.4737760830023453, 0.7267286325425977, 0.4801674107505898, 0.3575871422098753, 0.46533486022571197, 0.4758782769294564, 0.3264919414910083, 0.3438652584249208, 0.3111640406789392, 0.5047976307650117, 0.327407377948408, 0.17996257993968873, 0.3041036088617933, 0.5661007138875053, 0.7234780034234092, 0.5490229888344048, 1.3766029685599728, 0.7639791133336274, 0.3935717141044309, 0.6143346925488278, 0.4521085483721793, 0.6580736332388835, 0.9638308797735093, 0.35972875528520576, 0.27999439189869996, 0.6968445635613926, 0.5963131458538538, 0.2026643770498208, 0.29730038596385, 0.4190499934723731, 0.6943410465208087, 0.4839435057196366, 0.2981287659395785, 0.6849478164376743, 0.352946949036134, 0.47061062517500585, 0.5431724356849138, 0.47184166099918584, 0.3953231853210567, 0.4067277036845827, 0.4849199545321446, 0.4312940496122712, 0.5208047802938137, 0.6082138149755014, 0.49323400466750095, 0.6742891022710623, 0.3238854295786583, 0.58276397260816, 0.4315776857357726, 0.3123910623646873, 0.40966056194678224, 0.37067804431661927, 0.2792916409956236, 0.6342880634111548, 0.2154162338966766, 0.25446292856235425, 0.5069838946163535, 0.3936947975633105, 0.5672150889356777, 0.3464329753812273, 0.6202013693210612, 0.6610587200968121, 1.049750527569406, 0.3980804682164505, 0.1640870618615346, 0.3366750201026749, 0.8944588868684495, 0.6452093530607602, 0.5209498458059223, 0.34303009480497976, 0.275703126611616, 0.7671990584740798, 0.3712710632373198, 0.617121506630508, 0.470228901080788, 0.4518315469171352, 0.23920879199110254, 0.35773097530339215, 0.22869864279310487], [0.6129713489663279, 0.5766742737309625, 0.22570331065837498, 0.3445590003863803, 0.1995267644610903, 0.557645047519754, 0.35417544152174213, 0.33687014068338766, 0.4981573036514849, 0.9118326648985338, 0.6317961395887775, 0.4514711364772971, 0.2716302119551111, 1.013830930427076, 0.40623425551822645, 0.9251347801082037, 0.49859683493187146, 0.9451525061575443, 0.24357759374713173, 0.7488473500378542, 0.9569227252105903, 0.35333130756927134, 0.6166747792984582, 0.2147078684630554, 0.6012705057509697, 0.33458680822921316, 0.4789118370174966, 0.17748080334148864, 0.33709421146909674, 0.4531304104477298, 0.2726497298625204, 0.3645195825881576, 0.18129171348836176, 0.1811809018002193, 0.43402926110110285, 1.1688406709603532, 0.3396679379722281, 1.3032015317393664, 0.37849341497910854, 0.28310865842588123, 0.5496817878888857, 0.4093141515147421, 0.7742542182833115, 0.9669228586844733, 0.3305069474722617, 0.4987409146255505, 0.3464555928738375, 0.9808853239190191, 0.31004432316278685, 0.2083686201107996, 0.24710948173023162, 0.6783788395406375, 0.4832214250685051, 0.3525412010709661, 0.5348271173161872, 0.21423236423694714, 0.4281820419751689, 0.3278109753295841, 0.6470177934737663, 0.5465838741107143, 0.32402266275668223, 0.6303274943999146, 0.37000547033996545, 0.5937494671111645, 0.4869332342366861, 0.32674496076627924, 0.7178777515092615, 0.12681213826831747, 0.756708462594939, 0.38351176788968383, 0.49979773869659344, 0.41141790461006816, 0.42172708479487364, 0.2548942077463005, 0.6199754685310206, 0.18310191032209358, 0.17484083931903804, 0.44090276976569515, 0.23410062762113923, 0.461204186796711, 0.42338028289654966, 0.5963848518647685, 0.5929776741346474, 1.187186716110782, 0.3788889986991085, 0.2482668176952487, 0.2183422980129443, 1.142662589383169, 0.5078068111204971, 0.45069728881520355, 0.3438848945770084, 0.4534061207495217, 0.7007313662488601, 0.2631930229291412, 0.6378871590539698, 0.31115029723540516, 0.4475613539194016, 0.43650874823848973, 0.33406672350246014, 0.26842068019930476], [0.7603635304475904, 0.42126809812979443, 0.43632364571427745, 0.3698793170665414, 1.2010405427241027, 0.4822389807240024, 0.5449827909127434, 0.3305133360060572, 0.47526423104795745, 0.31787861879444784, 0.45680997504019627, 0.5609673911393309, 0.338660219273699, 0.6800519935134367, 0.25792654103199586, 0.21836303433588758, 0.28827320338076723, 0.2583400610493153, 0.20951126000566947, 0.4317339583688639, 0.46456016548279105, 0.6927201015377564, 0.2883871909409142, 0.7042579320820646, 0.44434848405075145, 0.6824782530238169, 0.823908367242299, 0.4085264132227748, 0.19651259662097392, 0.37444869177472834, 0.32419451981602493, 0.7574524662816872, 0.5533343407696205, 0.2432149785363361, 0.24048029488855774, 0.40115518993753135, 0.2865925238485845, 0.4691615683727536, 0.5159030184331633, 0.9907822252747694, 0.21158777561785266, 0.5890504255409038, 0.4760399457587558, 0.5110100337054653, 0.3100555203171615, 0.3679105645234107, 0.391783455537116, 0.3551467787734927, 0.2683892502364171, 0.2022503856200521, 0.3758794356677481, 0.5077065481359518, 0.33129578235553253, 0.3874520684083936, 0.2307121734162007, 0.5951121224400335, 0.3372894511970125, 0.5112309510830418, 0.9334197738964142, 0.2702255744102112, 0.6258572886065596, 0.43492489862857003, 0.16772733919078173, 0.3640708997078541, 0.6126498539877984, 0.273886937677525, 0.46080171069216624, 0.3650794954048265, 0.2793874627370692, 0.3186286474620688, 0.4518586530442115, 0.4137279486211581, 0.3964721829271679, 0.3559880960651416, 0.5937085292295233, 0.5917421395132996, 0.5142513819234643, 0.3977169790324109, 0.4503627334995265, 0.6304228766753954, 0.6769402510274212, 0.39378029143205123, 0.5610330274627889, 0.3882528119475612, 0.44027815593796615, 0.4648576367102378, 0.7487355161935239, 0.751724996737945, 0.3005237407325909, 0.37117363014823285, 0.18906212971779565, 0.39479249549960177, 0.20193233614506736, 0.7797890515497855, 0.569026341809738, 0.5178505757106219, 0.22503245989366635, 0.4894046158690665, 0.31381729077891646, 0.47799620383664315], [0.3397074979279713, 0.6453748998274214, 0.2911766122231755, 0.7138738545516087, 0.4300373077401096, 0.21108712688512085, 0.16962385198881544, 0.7206466544888861, 0.23904625366797955, 0.8891229051125858, 0.7994988142423831, 1.1885565997635823, 0.5752474611353368, 0.5456745700862892, 0.3483709863735235, 0.16617280514248942, 0.4315749043779219, 0.1698512971883396, 0.13043862161420433, 0.25377468673161935, 0.3759195139435015, 0.6031319347704309, 0.40623708833410577, 1.0043047650890948, 0.27477742601459343, 0.3638319197212762, 1.1898444758727464, 0.2609491233562411, 0.84383254363442, 0.3278884397820627, 0.31380795411225904, 0.7862900144888031, 1.2950540468290155, 0.32286975271647417, 0.3726822674137924, 0.21681478328779524, 0.7425046739559279, 0.4679405150812153, 0.3693848888558261, 0.5402495458405362, 0.3578728102279177, 0.529679751612276, 1.3715318688455358, 0.3024178969161583, 0.20118057487402102, 0.2744372857685378, 0.6296264977853843, 0.11133386176384154, 0.14534732696681554, 0.20482042556971064, 0.24260884588150805, 0.6050414048338978, 0.3621920127720057, 0.37681197573590375, 0.3013861114356372, 0.6371199459391351, 0.372914808107635, 0.15732392741119894, 1.1419556898477567, 0.2082415943841364, 0.4744167826616134, 0.279177414941215, 0.12189043210954985, 0.37572935444369143, 0.5611359817812921, 0.19343883713373086, 0.3822744430531419, 0.8832976261749608, 0.4254375239071764, 0.20906026336456784, 0.48686102932364134, 0.2748052243145457, 0.8992779058156449, 0.8535416621845987, 0.6838577344700622, 0.6535479511981764, 0.3056931544975486, 0.2662532559802853, 0.484915739521324, 0.6327105882389837, 0.8105997017092946, 0.1855357736080387, 0.5567439268094093, 0.11143321062063673, 2.1368663941836195, 0.6323273351742918, 0.5296796213073852, 0.9138428485676469, 0.17751424578396305, 0.22995800342305014, 0.3546718858295244, 0.5531521581823373, 0.4363205184914866, 0.7944343709653727, 0.7444093429407638, 0.29547893900176486, 0.12931028864113256, 0.28420679727883513, 0.39426530945353655, 0.2436542648545421], [0.8224626371130236, 0.4554364545976494, 0.34704019623974625, 0.18620945212499945, 0.37586044743223124, 0.5181736485124228, 0.3322703445757162, 0.36190036566531647, 0.3934637681060938, 0.267008959788503, 0.3945899236872228, 0.47706012629523176, 0.2518407789235578, 1.2370760785044184, 0.16867148565175402, 0.25726043808746757, 0.24207684072132687, 0.27246205136580853, 0.19742850562524528, 0.36218408724701456, 0.5482813631925707, 0.6944953343265103, 0.3850099539072459, 0.7128554607286068, 0.35590730627645467, 0.5658063701326348, 0.5829680629732952, 0.27809414952370654, 0.148455213886451, 0.384009541416544, 0.37980294576105944, 0.5078232062586374, 0.2195155951976473, 0.3356070711210822, 0.2839943457377357, 0.3966955574145914, 0.3644745979490602, 0.42682841855525594, 0.6338184637871339, 0.48937483325657094, 0.21227875858440365, 0.4760427974437915, 0.8147685343491624, 0.4935984944229366, 0.23848897256397716, 0.3084464100450414, 0.5923509581547785, 0.6460235409338211, 0.13974010761662464, 0.1822761024977188, 0.37537929337124687, 0.5550744766496734, 0.21469869472190092, 0.16777500275489599, 0.2048279791240972, 0.37196149511064786, 0.3261825013119727, 0.47061939571277106, 0.385867098992773, 0.32958949193865744, 0.5486141165793883, 0.22866062464187747, 0.1271756166661727, 0.35457911464264863, 0.49888308547064514, 0.28535350124480907, 0.342477120448184, 0.31311005616908916, 0.40817848546037494, 0.36538977193661004, 0.4668491642503185, 0.5297442973301695, 0.29450592231680583, 0.293687264378216, 0.597244429143187, 0.2870767279002665, 0.40616316314241463, 0.9169507541379145, 0.5665556679820503, 0.8937597346045013, 0.6175372587302513, 0.3988565651701924, 0.6290581756264073, 0.3717352113258905, 0.3791488393805939, 0.3262694942512909, 0.533815434394275, 0.5590216185144491, 0.17190534575986688, 0.32316934713214895, 0.225213742957558, 0.5349588588539819, 0.38398265386440933, 0.4444919914746519, 0.43498069482510876, 0.3828999281746851, 0.22573443714925354, 0.3614873614682902, 0.33495566415097366, 0.325269230642709], [0.30293630812447436, 0.5088797552028937, 0.6032218073202963, 0.505879464779985, 0.43024571020111546, 0.3988136862194888, 0.1282006382417278, 0.17498926255497174, 0.3911121301417832, 0.27335136428615536, 0.6296425313953885, 0.5904316263082036, 0.4900279912137434, 0.24023000096236188, 0.25079713567149825, 0.7631843219136543, 0.2814867232033995, 0.3943052126532438, 0.41669461725178963, 0.31965101279713054, 0.10507365957532035, 0.34606389028736034, 0.5214556332114133, 0.5404865353228376, 0.2402680960369746, 0.22181205919838703, 0.26667984473685963, 0.26131830857001354, 0.10886408063639583, 0.23087013678722593, 0.08315983000470557, 0.47894997856537563, 0.264982410597353, 0.13984386309606164, 0.4405867862205487, 0.43740306026096315, 0.4438252849154662, 0.1552982802209206, 0.2587146225640029, 0.2523492049999847, 0.236267765766899, 0.2718037161741842, 0.5328048165455437, 0.5752405625339084, 0.37458933912289694, 0.23842169672781308, 0.19671795315842597, 0.6957811219752773, 0.18500864679897738, 0.33641845179641033, 0.20864461282901606, 0.23409863807292355, 0.35526259262823473, 0.20011892034463297, 0.17456141301537376, 0.6245962957010172, 0.28537504744115033, 0.1382040734944344, 0.2584398478627414, 0.15980710165279674, 0.36166959656768527, 0.235257148750599, 0.15258613215164502, 0.540239621631008, 0.3927767480815977, 0.1824166984491618, 0.2584901309316291, 0.124872507754317, 0.161858376821081, 0.16575396695115277, 0.34241440238866894, 0.36259224553255365, 0.24240963106601995, 0.08779437063016085, 0.42996109480503847, 0.5470366759472433, 0.3274339918079098, 0.2614009185359047, 0.14574269730676104, 0.27539492442829894, 0.6671222232691552, 0.3212920427277814, 0.25498880381451394, 0.35483761369003164, 0.17464861171934487, 0.19380486486438303, 0.15898780870357238, 0.34602144157015713, 0.3510860801817252, 0.23953261602898723, 0.16862870925774265, 0.4046453599292418, 0.14682369327352213, 0.5269117362952713, 0.2128754181948863, 0.6774519511901584, 0.513893153457456, 0.1652626476366326, 0.10589100426788907, 0.3223182003405467]], "G": [[0.22903765007849325, 0.1863159192587249, 0.2797233177481422, 0.3049231129146402], [0.27320287727261033, 0.3999173374882304, 0.18418926411119257, 0.14269052112796676], [0.2326381355643695, 0.25996848776201636, 0.12901672996696084, 0.3783766467066527], [0.11013020607654124, 0.06742234879416963, 0.10115637235799922, 0.72129107277129], [0.1791986777554124, 0.24824649194271542, 0.24127684405122635, 0.33127798625064575], [0.2143336257027955, 0.16072998534179497, 0.17622024101873487, 0.44871614793667486], [0.20065876224287044, 0.1654901959934884, 0.24261926734095415, 0.39123177442268664], [0.1312066815751021, 0.2981235619346285, 0.18224345510794251, 0.38842630138232637], [0.2012371834166247, 0.3148046363495754, 0.24880910514454602, 0.2351490750892543], [0.1530870164192757, 0.1288990939474048, 0.2987489101785811, 0.4192649794547376], [0.2583050679407022, 0.2557257412784355, 0.1610104816345291, 0.324958709146333], [0.12610367940593473, 0.3526634167694783, 0.2998513812949439, 0.22138152252964333], [0.285813914668964, 0.1820949605736765, 0.3222531765249013, 0.2098379482324584], [0.1399978267714415, 0.10806045310225856, 0.21399592323261793, 0.5379457968936815], [0.2686022019774355, 0.32151667569020925, 0.23079668624383234, 0.1790844360885234], [0.11260856678935743, 0.10360359977297948, 0.22890449274394695, 0.5548833406937161], [0.09417722683943032, 0.23776076117045883, 0.15449595792156304, 0.5135660540685474], [0.3034423513742074, 0.20534635333902032, 0.3306400615359009, 0.1605712337508711], [0.15471797942048957, 0.22849064184018297, 0.16724500502823791, 0.4495463737110888], [0.08032021792458285, 0.15436105183560478, 0.11571839657800789, 0.6496003336618051], [0.09084572462006578, 0.614854848858847, 0.10596395685357991, 0.18833546966750842], [0.20885187032137903, 0.23921535164460273, 0.3160896872646697, 0.2358430907693487], [0.23192349443701724, 0.21871320036497685, 0.2838070217711759, 0.26555628342682996], [0.19570206681610197, 0.2813018343694384, 0.23497275370223425, 0.28802334511222594], [0.10821632328837567, 0.12115685470314887, 0.16705380960482255, 0.6035730124036525], [0.34991466442276015, 0.05583238392346617, 0.3767937620631626, 0.2174591895906108], [0.279084217567752, 0.3676862546075943, 0.15854462252693266, 0.19468490529772073], [0.23808756958242294, 0.3716785937850801, 0.24174751039981918, 0.1484863262326779], [0.20109816010480658, 0.19164649307980589, 0.17812038795635612, 0.429134958859031], [0.236948700182157, 0.35436627758790534, 0.28925435466654986, 0.11943066756338741], [0.16714676735862816, 0.13823865175181607, 0.20059867528592526, 0.4940159056036308], [0.2590175620169965, 0.15468187598307553, 0.28617904766769914, 0.30012151433222867], [0.13433172955044262, 0.14306080207553604, 0.15526946098542016, 0.5673380073886011], [0.11751414419472415, 0.24816090646574648, 0.20144772564640032, 0.4328772236931292], [0.2247180116259984, 0.20102753466171935, 0.12732081385290106, 0.4469336398593817], [0.1988387577440516, 0.38482146945847295, 0.1851391389283485, 0.23120063386912698], [0.18484624733665772, 0.24276528089891958, 0.12175383817660611, 0.4506346335878172], [0.17481578963979885, 0.32621540091119605, 0.2191432439113662, 0.27982556553763854], [0.14369357755222084, 0.33752505897109986, 0.16164231748900196, 0.35713904598767804], [0.16133175846329698, 0.2798448143255183, 0.2579422353741828, 0.3008811918370021], [0.18595231861798342, 0.3224107160316411, 0.22000509725231499, 0.27163186809806006], [0.29146630198475976, 0.2962871148050756, 0.09571087949690396, 0.31653570371326034], [0.1840023793591107, 0.22486366346545542, 0.20072619821802057, 0.3904077589574131], [0.1995499904367104, 0.25794456513482666, 0.24454441616875333, 0.29796102825970905], [0.12197369267169504, 0.3718770175111176, 0.1610614975801529, 0.34508779223703573], [0.16731428088592215, 0.23916482577039605, 0.25061847658099123, 0.34290241676269034], [0.1791032430027407, 0.2822108168139981, 0.13514548410135355, 0.4035404560819081], [0.13629373763571495, 0.07894613460683053, 0.18292758026367537, 0.6018325474937798], [0.06352202357452516, 0.4697684059743054, 0.09603114199191619, 0.3706784284592536], [0.2632838769098455, 0.15448221292747577, 0.33965023549492634, 0.242583674667752], [0.06154333458010589, 0.15791396608052088, 0.16726249873202, 0.6132802006073542], [0.09398023249005678, 0.4141413525351562, 0.12442106037126328, 0.3674573546035237], [0.19427094051990607, 0.22844197579319644, 0.2528523880282049, 0.32443469565869276], [0.18583680234882272, 0.27236835409878163, 0.21604575885977192, 0.32574908469262315], [0.22884583447314713, 0.10680905796859527, 0.23865676375293463, 0.425688343805323], [0.18909962316962567, 0.2681667870342166, 0.32521729322532694, 0.21751629657083033], [0.19596626727432329, 0.24127247419790093, 0.175473769656369, 0.38728748887140707], [0.2793155201793211, 0.29890673859690164, 0.12289884802849912, 0.29887889319527844], [0.21301254417412607, 0.33945066214732617, 0.19318156847996631, 0.25435522519858056], [0.12817958463191623, 0.05478388725813429, 0.1295418560724555, 0.6874946720374939], [0.1452104734368644, 0.08571696378490337, 0.1385063568659122, 0.6305662059123194], [0.20265900280968877, 0.16972446739728467, 0.17348681438160754, 0.4541297154114195], [0.19052764275143533, 0.24035847660925733, 0.20406435531934333, 0.36504952531996443], [0.3178482007979784, 0.05544092608739278, 0.3211833041868487, 0.30552756892778016], [0.3046917025383366, 0.31710530770184975, 0.10308838928093574, 0.27511460047887826], [0.13142642024498966, 0.0972960625646207, 0.2076101305703425, 0.5636673866200476], [0.13746170993526513, 0.18771043122794176, 0.29363691216029103, 0.3811909466765016], [0.23179086900127813, 0.3009912346385542, 0.17111955967611484, 0.2960983366840536], [0.2105652050221551, 0.24757569662927686, 0.23254355289237402, 0.30931554545619416], [0.14594962860261335, 0.1519351022276612, 0.3412141424459984, 0.36090112672372654], [0.24011766961121453, 0.21812408497024263, 0.2825248601939803, 0.2592333852245627], [0.09638907850982947, 0.25510247663903396, 0.24379105503531204, 0.4047173898158249], [0.3090034195693893, 0.22949801533708358, 0.3337739629715036, 0.12772460212202338], [0.21699635156697478, 0.13558975885850075, 0.2613715581097138, 0.38604233146481054], [0.10542299854117387, 0.10402781926939388, 0.09493981033576217, 0.6956093718536699], [0.2046094688040732, 0.14959288649118704, 0.2621449298957324, 0.3836527148090075], [0.36523528678479006, 0.13605961200568248, 0.3765325391466927, 0.12217256206283478], [0.07956549918883968, 0.38084857413524886, 0.10893488108710694, 0.43065104558880407], [0.28293099252997467, 0.31934330205670175, 0.2613617753731433, 0.13636393004017955], [0.27510905957850307, 0.2733854228383317, 0.293239950444711, 0.15826556713845497], [0.22914105873515928, 0.13240801709302713, 0.2599449248728427, 0.3785059992989707], [0.07336241935424197, 0.6424478447086627, 0.09622302782376294, 0.1879667081133326], [0.13435255963926077, 0.2597634579876744, 0.33801193176878636, 0.2678720506042785], [0.24545715786185973, 0.43600315328385425, 0.17406872575579785, 0.14447096309848856], [0.1768016596257272, 0.28314108501231033, 0.2146719737435893, 0.3253852816183723], [0.22617557366893562, 0.1668016539185625, 0.24936627508190154, 0.35765649733060045], [0.3637097523406471, 0.2526196616822178, 0.2072601515049881, 0.1764104344721479], [0.2500763146632591, 0.11476660539463557, 0.27517381089300913, 0.35998326904909594],