{"estimation": {"a": 9.47619838917042, "rho": [0.40123871790802446, 0.3280570079270571, 0.1217162409356728, 0.14898803322924517], "Mu": [[3.747375149720866, -0.6487264369120155, -0.479110321186853, 4.091015280712769, 1.6615900180441132, 3.1281773661463976, -0.3335116062220933, 3.3499440041574466, 1.4267996852178293, -0.7375465401704185, 1.3937770647158028, -5.800821745844997, -2.348986270931896, 2.0268687868076545, 0.4514248791983574, -1.941797623185835, 1.8209345091648677, 0.9344962175147514, 0.4508809905140671, 2.7242432045100324], [1.3928228542585035, -0.7341936104172685, -0.6856128119046845, 3.62122346946571, 1.1595491059149974, 1.0564584517569033, -0.15293079422468253, 3.073624650710242, 1.8935172057942573, -0.07963063418180177, 1.180774245023029, -5.111115115495622, -2.1231748671489594, 1.437366318124834, 0.7202454574195113, -1.214547737964794, 1.991969254253, 1.0835942088767767, 0.20348659668819752, 2.7423666727965963], [3.0764975417898976, 4.847436634071953, -3.987561167241814, 1.1188182746713375, -2.046452258236327, 0.5745655510621513, 1.0291740207058868, 1.2995546510994127, 2.8869125430254647, 7.771357385242632, -2.0142504916233204, -1.7166562116171231, -0.7855134074412995, 1.7003971052221611, 3.013243343645388, -1.0131482588235656, -4.79982038438756, -1.785585342730207, 7.048207809023238, 0.9078356055927777], [-1.75542191635715, 2.1375141143250795, -9.168948876143089, -2.963960900639418, 1.5259750406847166, -2.0532306885927825, -1.249366140988625, -2.4887261916476273, -2.8110100236669284, -1.569932938773105, 1.9827003359840485, -0.3618996334296641, -1.2122986668205347, -0.01674228303835792, 1.7752239043175493, -2.866064508609863, -4.556014602300889, -0.674565083608015, -2.3062660645912723, -0.9994535508914406], [-10.030364549648473, 12.847442293214199, 1.1954022939034423, 6.843668297939815, 0.8310071129269573, 3.367035393868017, 7.968945668372615, 1.8138946028768281, 6.123408699564277, 1.481960588351912, 0.7724746150887959, 2.9829346215279093, -1.2273486445525286, 2.7072454883408152, -1.0378913720909695, -0.06950708230305447, -0.8231000253350501, 3.8555511465292676, -4.9094538222178254, -4.680815543104955], [0.8210921639898748, -5.553664800420221, 0.2824903951570548, -0.5850272647425376, -3.337302333759547, -2.3297841329741362, -1.6540383509938286, -4.141184263705354, 0.8173161563343001, 0.6942378900401733, -1.8845029916588434, -1.1969253669914235, -1.674754126710533, -0.9751745143739108, -4.775696328042414, 0.7103405488379206, -3.033789099400885, -4.982884276458973, 2.428983664247894, -2.929957660658335], [-1.6355230465462511, -0.4043722842463267, 3.6759795731465816, 0.6146542189767239, -0.126014965753307, 0.6788788504737103, -1.45516063777056, -1.780559289723295, 1.3862763590648552, -1.642012960572915, 2.159108326917557, -0.7589275041348942, 0.8077836698006563, -2.4856310259859113, -0.9052490268461209, 0.2598529919332846, 2.106113105060124, -0.261975159090198, 9.062095041725174, -0.9666604520401831], [-0.5487734706383725, 0.08645298753771155, 2.036468797579938, 0.9236809236218202, -0.202787197813593, -0.007169497414305763, -1.2615169771034964, -2.279883818182537, 1.4940958161386366, -2.2218349214465736, 1.6151585698161783, -0.9651283640965201, 1.4241389593164184, -2.1534728195571016, 0.20750281433621767, 0.9188734418448052, 1.0343573347005186, 1.0474005188669246, 5.778665111307632, -1.8041687879689807], [2.4496537119863557, 1.2744353885829285, 2.1602334051163625, -3.1986237936266027, 4.127124027700705, -2.746830366264244, 5.5275796806428374, -3.476371904325342, -0.26415374763099714, 0.7214137430369193, 1.0574781594414533, 1.9623762658952955, 2.513941813316953, -2.5339550207520904, -0.14871312722638813, 1.4083916918146493, 3.2706418939816913, 5.690145908515864, -1.2571493668343463, -3.2075725986572454], [2.246451438845461, 1.1595155965478285, 1.8505082576035814, -3.173057820246409, 3.563561408834468, -2.6221424244929317, 5.668235000829314, -2.39694340788865, -0.02026563152409171, 0.6508175799338397, 0.9902168210768423, 1.9475359675325328, 2.537028867484087, -2.171781603521387, -0.45706225684942664, 0.945561089607058, 2.646469351479404, 5.637359648871758, -1.2753034913729457, -3.0856447146883133], [3.8668230582706533, -1.509078607660383, -3.454362416715128, 4.084373148508129, 0.8767323918255372, 0.3551322107924559, -7.665427514968045, -2.311369466954569, 0.769012515571677, -3.2876368618879646, 0.5346334695072317, 0.8708926576549544, -1.1348329980544223, 4.573483982349845, 3.6411999282750536, -0.9529825397632765, 2.0029066158705624, 1.3030697060018495, 1.6479777500063755, 1.9363607515375618], [1.22436212584216, 1.0433477037432592, -1.588689725588282, 1.713645192325543, 0.6037886460629956, -0.8929679353012362, -5.39214023502832, -1.4496068417849446, 0.06359054695243543, -1.0574696318059644, 0.3003736410356186, 0.5663884091772732, -1.698894402887132, 2.323478832769377, 3.735676423852165, -1.7502815603221622, 2.799494981682904, 0.5279668058192398, 0.6828710636134537, 1.2960679910793458], [2.2653980471296027, 6.561182823712726, 3.5507027611304123, -1.2203859442727787, -1.7667000715913652, 0.061398213257504705, -1.1749233177426353, 5.011499276517033, 1.0061051305855302, 0.100605040516587, 2.3943543740946676, -1.1522936864126303, 7.311782804806505, -4.231370121825376, -0.8771519583036211, -0.4793248565034843, 4.278847508527123, -0.3958768190863392, 0.23464464707426905, 0.34031446002184146], [4.121494078281086, 5.374139039969324, 5.492195364795723, -1.599452593480218, -2.917148768646796, 0.14859344087177082, -1.3242805783367204, -0.5557641071641658, 2.3237997002675077, -0.925030653181461, 3.3916488292031937, 0.6099011004797341, 2.9980287003028945, -1.6745836702504089, -0.34965098390817567, 0.726129438188061, 2.1985869545530683, 0.6661163396099646, 0.32612471376746116, 0.6153688310235378], [-3.013974509778934, -2.8239719115930906, -1.180969582811561, -1.4244595358841778, -0.0036231039032738827, 4.46337505336147, -2.5078021487778748, -1.2845651784551873, -1.495069085107831, -1.3032854848384015, 1.9312448613643183, -3.071234269105868, -1.6465678901854572, -1.173887824576489, -1.9208599575017138, -0.5925548393173744, 3.9576608412755467, -2.047488217512341, 4.8917633398173646, -0.8931687971259887], [-2.5804803952458215, -2.348032238850419, -0.9937584479765181, -1.4180618569607373, -0.4594272003904453, 3.4851619610798767, -1.3570234993930836, -1.1622407900647633, -1.337615329564979, -1.0161476250509267, 2.66115373194916, -4.124892876376903, -1.962116661573561, -1.4842860661980242, -1.224912732598823, 0.20125000806116491, 1.6868778952129644, -1.4925784518401006, 2.832326466877225, -0.5984491306169297], [4.169554766548889, -1.624038951719235, 1.9808301146193579, -1.5201952434613262, 1.1633370160757903, 0.6157280890544076, -2.7395900976659076, -2.9598887494870905, 2.2282466382979194, -2.1958938858883066, 1.6750416522021316, 1.5924262253935522, 2.614079618255437, 2.8349070279226383, -6.073221903794717, -1.8249459255146014, -0.23322631995001467, -1.4819106298293532, -2.1185646332676598, 0.5967100758761046], [4.013235038978264, -1.6817182337366259, 2.0395802114926966, -1.3292663986283124, 1.348523838816549, 0.6896133630127004, -2.420428352965992, -2.5722913239036167, 3.258067511505991, -2.1924830521457763, 1.8121618820438623, 1.5893133813388562, 2.404549741700681, 2.7620820934746737, -6.055082639855575, -2.1566763625952268, -0.14434491106349046, -1.5172300092863327, -2.0938339024692163, 0.3847085643548139], [-1.0816195313773502, -1.097044024007365, 0.11576421918795818, 0.08604047096164234, 0.8953468892011754, -1.1039576924553751, 0.9996835162506039, 1.7085248472310688, 0.7558184073702308, -1.189084415192124, -1.3199846210768893, -0.7110631063727463, 0.5465749583932923, 0.5205851053596553, 2.3411937216204026, 1.2234059100285537, -3.9165046359664326, -0.8550522340183773, -1.1378607308802386, -0.5699172397389458], [-0.9821530373239034, -1.2042414940885218, -0.13754756117098352, 0.25017576219915116, 0.30114134795067027, -1.1747686514695996, 1.016314664013908, 1.4533555005965701, 0.8872247092397695, -1.5705869354415507, -0.7684760720922924, -0.19335912146913578, 0.8033216913455798, 0.2721008393990257, 2.273525970169314, 1.17499997955678, -3.0239578552394333, -0.6682812229831947, -1.0193686713053287, 0.23218701774723727]], "Lambda": [[0.47843815424667374, 0.8654021098298715, 0.4287873473323547, 0.17658036804247285, 0.49849187654438526, 0.30013430698102384, 0.5001729411499092, 0.4228393075276296, 0.5888241352522795, 0.4519681838619984, 0.17884319030901372, 0.1323268416403207, 0.24220268971926764, 0.376684933067028, 0.7092083440940646, 0.5038850217398699, 0.5317710238840466, 0.23430290463432726, 0.37829548747031155, 0.5606394748557678], [0.5189324848324071, 0.789908947336017, 0.4252842718789937, 0.2249922592182318, 0.5261283360994765, 0.29910223738381303, 0.5314106382005395, 0.5492164307758491, 0.5941425407854546, 0.46854373650760284, 0.23686563473449487, 0.15401088007688807, 0.28205831530103126, 0.4059976256996818, 0.7238925615336957, 0.5153893551704938, 0.5198837383438998, 0.2646481531426615, 0.4150412249660185, 0.5538505422939316], [0.6592291365433368, 0.1931739246495697, 0.1273075148762133, 0.758305324945617, 0.35573295148451606, 0.6784897146771819, 0.7112770960905244, 0.4197955791819065, 0.34661114960633654, 0.14899688099650807, 0.7454638826673629, 0.9070084239947417, 0.25556143044143287, 0.6278334169134532, 0.6283595718870756, 0.34576080421753796, 0.3137649152787675, 0.30717211933770444, 0.29213228122820495, 0.7260804491007208], [0.5094621713739944, 0.1592184280058578, 0.1985260721395872, 0.6423145907786177, 0.3289999104595622, 0.3901046931412991, 0.5102665143113292, 0.4561088228748841, 0.44421882072713204, 0.26485336837102075, 0.8178030733454866, 0.6849671328347955, 0.5350140166631574, 0.5404234503552262, 0.626715041422908, 0.398991236517502, 0.2491522756570219, 0.17129893221116874, 0.2813170763451635, 0.5964296231700295], [0.2616586937249693, 0.10644777339560059, 0.3313338490271147, 0.30415261321068543, 0.34398680871493753, 0.33461915815100135, 0.22341797700143518, 0.3700508277712248, 0.40692725355402126, 0.29577297864936514, 0.6015003916027958, 0.23758167144315206, 0.33428926014798294, 0.7265233455070033, 0.5572364541473077, 0.9919257891809907, 0.6122679558322444, 0.35889294239681185, 0.32610252530923345, 0.557694264328802], [0.5726904407161791, 0.2976764647380853, 0.5996375729196337, 0.3466687300199049, 0.3759021479189432, 0.5439461258505742, 0.22587283602965796, 0.3344198846873202, 0.523086719460681, 0.47029551863356445, 0.6712966643569672, 0.24626780790907166, 0.3633789507156716, 0.4991811259827553, 0.6323346219874726, 1.0896694195406407, 0.2838406027558046, 0.21685300534137628, 0.7214085472380896, 0.3252076480327107], [0.45561136713731804, 0.48839861786399524, 0.2850296091843825, 0.5405633726518978, 0.6599283676261182, 0.5200981077889438, 0.5492531323235755, 0.4510287167208817, 0.4236242243445509, 0.44218615251925464, 0.3558515220168359, 0.9383938331054678, 0.9647949794985426, 0.3669475523414159, 0.5198080592977133, 0.6158628509090365, 0.8999981922023651, 0.2520397187406609, 0.11706880596615689, 0.4032821124392849], [0.5158325942319715, 0.48417376771172527, 0.3543285742748993, 0.533985856840827, 0.667521628614078, 0.46164120768994227, 0.5475352554891292, 0.5440693839966251, 0.464059950029262, 0.430849718469408, 0.33647523046476774, 0.7914733067956744, 0.8695804562611538, 0.43537525991181364, 0.5522849386509872, 0.5701554273200603, 0.9000444905518187, 0.2541404889865127, 0.13726623546793937, 0.4234415635035718], [0.2927546610708233, 0.9428838634787382, 0.5591371200517037, 0.4184879007054503, 0.1829674869970694, 0.38020895876796146, 0.34627533733484217, 0.2241371052782965, 0.5416468242519923, 1.0166251570931386, 0.8113724446523596, 0.4261609069993301, 0.20011663756844744, 0.34350808797739496, 0.6202564651693289, 0.3917594140417167, 0.3591935081841862, 0.1747014291782143, 0.43990130810224004, 0.40376968429508636], [0.3367322529988067, 0.9291260013121933, 0.5572936580735441, 0.4603651428845913, 0.20592713705802995, 0.40162689897313075, 0.402330698696876, 0.2517519475275393, 0.5591893119880406, 0.9870627060609402, 0.8278587305130606, 0.4273402755916836, 0.25375775873041245, 0.34468748820693607, 0.6619107710881091, 0.3929935435286404, 0.38426987855935074, 0.2009606075660431, 0.4378144044294486, 0.4329365718268437], [0.19633657379360273, 0.4194674517300686, 0.43153807060152877, 0.39430558879039035, 0.7384063477605052, 0.5616019862147164, 0.14824056795119425, 0.7292066776931542, 0.2497870035130956, 0.4558174139272468, 0.5798195809203206, 0.5259973177692621, 0.35781665188066014, 0.41495989154794277, 0.2930577169780771, 0.43819095324629886, 0.5441264810807797, 0.8738633101596093, 0.41605425499765786, 0.577692041173505], [0.24105546313692522, 0.43106016741573683, 0.4932614847664222, 0.4267623776516981, 0.6829223404485724, 0.5826390685161, 0.19246523435337526, 0.7461885344386027, 0.2743868448454594, 0.4751320623196305, 0.5619689139909838, 0.5361970690925293, 0.32949124486925824, 0.5103947057384193, 0.3276066850104228, 0.40568828904454085, 0.5038977986335514, 0.8149872791285769, 0.39918204028988846, 0.5023472037822452], [0.42930908564560843, 0.41109498739851014, 0.24959645352247148, 0.31531488846254024, 0.5807081050339745, 0.6716457146527958, 0.34288632162599725, 0.18338725207580628, 0.8255112641328298, 0.8966655989447907, 0.6670570086564892, 0.7813161324264968, 0.2646949482868898, 0.16091996850749235, 0.6874018084422002, 0.4545219642918063, 0.5065882440332586, 0.6300660153260377, 0.37339070903113175, 1.0817969265842082], [0.494412691495825, 0.40178726767441164, 0.26719659895116954, 0.3045875342270781, 0.4661274269985732, 0.6758584403116131, 0.37573550594939953, 0.20153628480170863, 0.8266723285185352, 0.7893345806812464, 0.561587771118764, 0.6977684464945187, 0.35158527703044556, 0.17128677981682422, 0.7080467723757781, 0.4339211516357687, 0.43120036967688125, 0.8200859005970742, 0.43600043488233686, 0.9024168608263778], [0.6862514767049289, 0.35806970427738966, 0.7565897400982206, 1.037073050102886, 0.2228431798089429, 0.4898880669394217, 0.524191936910508, 0.510941098875001, 0.5471980706489358, 0.9763729148096867, 0.3982906976793408, 0.45299068537988224, 0.7096676065797594, 0.560432137005139, 0.4029212800239947, 0.14228739770307697, 0.2683914641099875, 0.47471874267176656, 0.29204893475441285, 0.6863769927572919], [0.6373482465075031, 0.3873423283438669, 0.6789495534925932, 0.9187627784131195, 0.23605493719435036, 0.49932666497653944, 0.6073782152730639, 0.48413303588659856, 0.5708942857161589, 0.8956231729638227, 0.43771871130517753, 0.4257700113230453, 0.6734939071276653, 0.5914933501035254, 0.440083175213814, 0.16415569987526588, 0.3290527350201595, 0.5022360459123663, 0.3831297280376781, 0.6748007593347437], [0.3432146442012388, 0.40845506048443114, 0.7933140552696171, 0.6524075806272556, 0.7275913696135969, 0.2937234205309191, 0.2743980130292624, 0.37237981319589325, 0.34952291523539236, 0.3965772608197975, 0.6599362615772498, 0.2875446799548887, 0.240189390542606, 0.4019076514415127, 0.12927946909145135, 0.5432267523041722, 0.6877192102063397, 0.538596213391809, 0.9284409177067773, 0.6148197352803151], [0.3886494185594537, 0.4804033303850185, 0.7347809403345176, 0.6266272370575023, 0.7320435781004788, 0.31665318097505435, 0.29757003958796396, 0.39600164858354847, 0.3840842156580729, 0.4146457225896423, 0.6800549509553168, 0.3136126148324163, 0.2952775244524223, 0.40324983728656055, 0.15551278158769952, 0.593530458822564, 0.7195231540258045, 0.5541938564677469, 0.7462194127865164, 0.6698148172600186], [0.3540684848761519, 0.3300687297755321, 0.3901387169643862, 0.4550651417844185, 0.4512290067811621, 0.4970242534522616, 0.4530060569415477, 0.40752411801669985, 0.2638395823904669, 0.34221282771804645, 0.47106213775726374, 0.28437480437725143, 0.29962553820638455, 0.3703000403788536, 0.4391795718072887, 0.47717026222572323, 0.2737896481539289, 0.33153189426001506, 0.2822186509435368, 0.3384298647001115], [0.3223628108628399, 0.2939400164998412, 0.35934636572701323, 0.39872297697633463, 0.4017889898558364, 0.5246668825041897, 0.38490421040298317, 0.37735147347294806, 0.23849289127557294, 0.3499526197825669, 0.45056000245656863, 0.25992429042035387, 0.27815895981977107, 0.35016075075810665, 0.4271342432469599, 0.4487590760504248, 0.26978488425950464, 0.3285011293705215, 0.24118516931036016, 0.2937002939467933]], "G": [[0.38695338115357397, 0.32030036318003297, 0.132648950935426, 0.1600973047309679], [0.484116711030896, 0.35378609098309455, 0.06566946484977523, 0.09642773313623504], [0.39327906262147766, 0.2796237266199973, 0.14536794998624386, 0.18172926077228163], [0.4461825497403715, 0.41345578600104244, 0.06039491999214685, 0.07996674426643861], [0.43836669037204773, 0.28561649223576924, 0.12600593617304215, 0.15001088121914102], [0.3576297944693907, 0.2996185387999907, 0.15363679949737538, 0.18911486723324264], [0.4354236330664711, 0.3941611658564425, 0.07353253706761351, 0.09688266400947308], [0.4249384116437445, 0.34534888850131207, 0.10588554396749161, 0.1238271558874521], [0.1792906377310127, 0.35597904533549724, 0.22385858634087794, 0.2408717305926119], [0.44534182457909893, 0.3642194139220492, 0.08456567119452114, 0.1058730903043311], [0.4121828910216945, 0.31134487068679156, 0.12582345432468606, 0.15064878396682727], [0.26068134241486396, 0.33403865797157956, 0.18963167835918684, 0.21564832125436928], [0.3572795206484252, 0.28410755748844574, 0.16027592181291428, 0.19833700005021418], [0.46370632776641585, 0.26625841235593184, 0.11701200796017387, 0.15302325191747887], [0.3487276988003535, 0.3674795233970276, 0.12870902286790886, 0.1550837549347103], [0.29670941208904905, 0.2803365153931027, 0.19468389875583464, 0.22827017376201345], [0.4279491651776055, 0.36067927199788047, 0.09441301980236563, 0.11695854302214868], [0.43166653926886694, 0.34757229547147117, 0.09593041136360121, 0.12483075389606055], [0.4004322569581699, 0.37147945726799414, 0.10145583188190248, 0.12663245389193323], [0.41253175612867293, 0.3402368938351459, 0.11394265772498337, 0.13328869231119708], [0.35327847599439605, 0.3137615514116162, 0.14802512774946652, 0.1849348448445222], [0.4556492558588562, 0.2544314467645662, 0.13099692168916272, 0.15892237568741518], [0.3426865807752718, 0.2909090721192812, 0.16588780078748808, 0.20051654631795926], [0.3937391622419628, 0.3278366080679973, 0.12257321263697321, 0.15585101705306784], [0.4006119792228282, 0.3435312687952191, 0.11597524854389898, 0.13988150343805403], [0.4290569272946783, 0.3714718437539367, 0.09086445123240014, 0.10860677771898568], [0.3890022681176967, 0.3126383964645004, 0.13128283958086837, 0.16707649583693487], [0.4093755407445068, 0.3461673810847884, 0.10482112232778233, 0.13963595584292252], [0.3847244174047318, 0.37309988205820593, 0.10763570140027864, 0.1345399991367834], [0.44088296214416867, 0.3799166410124384, 0.07880925014445779, 0.10039114669893545], [0.37662146720828904, 0.3026423369960858, 0.1493139305980154, 0.17142226519761045], [0.447053058405166, 0.33984071147728145, 0.09424551681270736, 0.11886071330484428], [0.36841909416514224, 0.2962998760876751, 0.1575096919002238, 0.17777133784695875], [0.3946301199978696, 0.3332588749544206, 0.12568304895942256, 0.1464279560882871], [0.43483269120514184, 0.3780204334044972, 0.08558365801633482, 0.10156321737402639], [0.39910852357160725, 0.33631732638856965, 0.11951593597524153, 0.14505821406458186], [0.4350776271613559, 0.3602054484137276, 0.08761002601933184, 0.11710689840558475], [0.4068438307605424, 0.3096362782442829, 0.12619457609139653, 0.15732531490377757], [0.4511189240160027, 0.36779445772382574, 0.07640161279677495, 0.10468500546339708], [0.21052337155261833, 0.4255019679752736, 0.1693409526975021, 0.1946337077746051], [0.39460602728913624, 0.3296062591928794, 0.12108256951492925, 0.15470514400305563], [0.48173855074408156, 0.3867863024463808, 0.055907987119065576, 0.0755671596904719], [0.2922029274459698, 0.25712254400753426, 0.20196034248044262, 0.24871418606605306], [0.4277839231278741, 0.3522552495984748, 0.09712553957099002, 0.1228352877026606], [0.2724956287332103, 0.41745936152805685, 0.14143929973956215, 0.1686057099991705], [0.3929746761994128, 0.36493720051724243, 0.10574228742264606, 0.13634583586069834], [0.41694591062942005, 0.33589091038251095, 0.11229011428535667, 0.13487306470271268], [0.4171870418966214, 0.3418211426437424, 0.11199699331380861, 0.12899482214582705], [0.42496412020352037, 0.32929939396746666, 0.10902554068545688, 0.1367109451435568], [0.44125207812445755, 0.3545358041934246, 0.08966272371625739, 0.11454939396586102], [0.44141537733811725, 0.35841694911027605, 0.08778008695877712, 0.11238758659282927], [0.4693787863990391, 0.21142498996977951, 0.13783418040411372, 0.18136204322706748], [0.4063347754931066, 0.3467012385243678, 0.11387056695889662, 0.13309341902362928], [0.5224410877158555, 0.32628384344257005, 0.06755092270744371, 0.08372414613413137], [0.6788595433222285, 0.18376846655702808, 0.058843831813926065, 0.07852815830681648], [0.4621965202753929, 0.3808354827894446, 0.07290758814974713, 0.08406040878541546], [0.448452435418484, 0.33236296674090793, 0.0946707698252841, 0.12451382801532283], [0.4768420111334216, 0.37121194637218796, 0.06475181788533688, 0.08719422460905403], [0.5381316067800886, 0.197733775495537, 0.11768670749920679, 0.14644791022516762], [0.33030943642045496, 0.31467679410711735, 0.1634261072192311, 0.19158766225319654], [0.4172047473432253, 0.3469133278744472, 0.10552312901236562, 0.13035879576996043], [0.47056034610933484, 0.3537144322194085, 0.08128841256627237, 0.09443680910498384], [0.28335895662459043, 0.3305479270967092, 0.18040958157804535, 0.20568353470065506], [0.481597313658724, 0.3797311634365581, 0.0610532389465583, 0.07761828395815948], [0.5167735952028445, 0.35770834347821817, 0.05526387687432146, 0.07025418444461587], [0.430370655009194, 0.3508630576004735, 0.09799757610859132, 0.12076871128174112], [0.25897042843533497, 0.2473780707454256, 0.22323524056076166, 0.2704162602584775], [0.48601471233053645, 0.44213720416624436, 0.030163031664877982, 0.04168505183834108], [0.44528854741692847, 0.36304574041324583, 0.08673675037607588, 0.10492896179375011], [0.5147219069005782, 0.25221907392953197, 0.1066291745149357, 0.12642984465495455], [0.40007390412325194, 0.3775939487902533, 0.09728629113181925, 0.12504585595467488], [0.3631095220858955, 0.2894286306454101, 0.16038840236853208, 0.187073444900162], [0.3766812495524335, 0.3106487410982643, 0.1396213909276332, 0.17304861842166905], [0.5358423549139644, 0.3395308171508306, 0.05452651648190818, 0.07010031145329751], [0.30187840919215664, 0.29748739730027274, 0.17726987628410174, 0.22336431722346858], [0.5635764254085117, 0.1595923940820178, 0.13135650635594737, 0.14547467415352336], [0.2799219961140504, 0.2215557867559353, 0.23107755595176577, 0.26744466117824783], [0.32121673686967606, 0.26166597858480267, 0.17729964355476496, 0.23981764099075645], [0.5067472176111658, 0.345010455471707, 0.06615099535022269, 0.08209133156690417], [0.6855289251132067, 0.16786684526201737, 0.06501814918224626, 0.08158608044252945], [0.44335155943756527, 0.3651599898522417, 0.08927384928627285, 0.10221460142392017], [0.37760275638175533, 0.32075633784485474, 0.13641634503708933, 0.16522456073630076], [0.39996739339196163, 0.32839763111655235, 0.12516501226310667, 0.14646996322837963], [0.44239799049717865, 0.3580685664445493, 0.09041786963162836, 0.10911557342664384], [0.4095969270620826, 0.36766565408439117, 0.09764712017146092, 0.12509029868206545], [0.45834947958735206, 0.35953060314360175, 0.08279303142797266, 0.09932688584107413], [0.2951425071508213, 0.2762629832998014, 0.19609660705286203, 0.23249790249651547], [0.4367543908730549, 0.3589489875441052, 0.09135692496070236, 0.11293969662213801], [0.4118095860138949, 0.33874796631831805, 0.11529666716491485, 0.1341457805028725], [0.4139580679181724, 0.34171365949062854, 0.1073255720548308, 0.13700270053636712], [0.25671099468043185, 0.2234166557831645, 0.24877896456825044, 0.27109338496815333], [0.46625274070631323, 0.2631678199572018, 0.12035577934965173, 0.15022365998683332], [0.4017214494397775, 0.30376149169598604, 0.14356190383372436, 0.15095515503051246], [0.31989088043318786, 0.28160586643861174, 0.17741171395147204, 0.22109153917672827], [0.3894467649019517, 0.3910599193972966, 0.0990114550194484, 0.12048186068130379], [0.4841641109287725, 0.3548656739344767, 0.06978396490541057, 0.09118625023134018], [0.430169319601708, 0.2823329249229339, 0.13054469578206554, 0.15695305969329246], [0.35465628283485967, 0.2992037366457213, 0.15484252305490545, 0.19129745746451315], [0.40291074810278454, 0.3426326047061824, 0.1119946330507698, 0.14246201414026294], [0.2790954055644231, 0.27846605068003255, 0.20188406614319968, 0.2405544776123443], [0.4376878234692421, 0.36437565655529214, 0.08852464002087543, 0.10941187995459101], [0.3647909077575885, 0.4234223891951795, 0.10061496201902058, 0.11117174102821133], [0.414571161501374, 0.3262051989986366, 0.11327688309838857, 0.1459467564015998], [0.3665897687819036, 0.3004368742261884, 0.15400180756533216, 0.17897154942657617], [0.4474978409882606, 0.35162911962637367, 0.08947318132344043, 0.11139985806192544], [0.5038832998756784, 0.34117461782945774, 0.06766057181204478, 0.08728151048282007], [0.38038659087279886, 0.3221615649083055, 0.12860740679318852, 0.16884443742570737], [0.3033986733498996, 0.2503722557438755, 0.19460623887180464, 0.2516228320344195], [0.4535152204155477, 0.34187293793361784, 0.0923438407764797, 0.1122680008743543], [0.44747460018123664, 0.3792112079976132, 0.07543329857203857, 0.09788089324911113], [0.35999027569070347, 0.3088613019004947, 0.1471583452096403, 0.18399007719916197], [0.4511575241590282, 0.3653684487163465, 0.08095562129675564, 0.10251840582787096], [0.5036160357956792, 0.24111978328032696, 0.11314073772420687, 0.14212344319978668], [0.3541656328054049, 0.27670089792031594, 0.16554162477386447, 0.20359184450041426], [0.43237820848033137, 0.2302393493563091, 0.15404204686887843, 0.18334039529448165], [0.32643578061446193, 0.27354740906886643, 0.1827425829625655, 0.21727422735410673], [0.34039329209834046, 0.3005540253225287, 0.17080960872735232, 0.18824307385177785], [0.4188331597044694, 0.3354407235678928, 0.10882626620174618, 0.13689985052589085], [0.38939168194546026, 0.27317446823642466, 0.15306257358329103, 0.18437127623482413], [0.2871521229166775, 0.23212416708399577, 0.22780732261511338, 0.2529163873842132], [0.4328878708379592, 0.3069555510981276, 0.11518612214980498, 0.1449704559141081], [0.40723787599098965, 0.32703592254449587, 0.1162973168516775, 0.1494288846128372], [0.3749386887918092, 0.29568115392490296, 0.146265216001371, 0.18311494128191635], [0.4887758721349202, 0.26149346243446975, 0.11135116478463204, 0.13837950064597832], [0.2939480764124316, 0.2617373113898282, 0.19741242131871736, 0.24690219087902315], [0.6002567892806014, 0.2526002397697389, 0.06851750273130972, 0.0786254682183503], [0.28164254118762094, 0.46218748999878523, 0.11202569532767821, 0.144144273485915], [0.5128969656507767, 0.3680365485698292, 0.05272670977118204, 0.06633977600821168], [0.40283461636818324, 0.36356702723831696, 0.10033362548359541, 0.1332647309099045], [0.4127042932386707, 0.35599866984739903, 0.1035604046867943, 0.12773663222713605], [0.38524712443453824, 0.34326457984938386, 0.11922930990043347, 0.15225898581564548], [0.3475944922651891, 0.28835395099709504, 0.1635870936392958, 0.2004644630984198], [0.43497276945518215, 0.326182888841683, 0.10379387036595922, 0.1350504713371748], [0.31806794392086357, 0.2603143589857868, 0.19159689208645425, 0.23002080500689565], [0.3730380409139806, 0.36847937464669456, 0.11398045905116792, 0.1445021253881569], [0.3916422350809482, 0.3448075117498584, 0.11886557569466746, 0.14468467747452576], [0.38536470084814284, 0.306921444948913, 0.14016518550121898, 0.167548668701725], [0.37627088726808455, 0.3193753606863294, 0.1420226236330427, 0.1623311284125435], [0.4904763069376742, 0.3652149203343937, 0.06020690939645153, 0.08410186333147963], [0.39748532610305326, 0.3273498406175448, 0.12362191376128226, 0.15154291951812002], [0.34809060447182116, 0.3122956291945753, 0.14972629367817708, 0.18988747265542635], [0.23528013326422798, 0.2268310724387904, 0.24737485764254574, 0.29051393665443576], [0.3193574212263406, 0.4788916409113629, 0.09128545875062753, 0.11046547911166943], [0.33808850497277, 0.2863776004654858, 0.17932740444994374, 0.19620649011179994], [0.2757855493392594, 0.3901285527595492, 0.15872255054373732, 0.175363347357454], [0.4188316723481095, 0.3380780412554954, 0.1099892818282981, 0.1331010045680973], [0.5843438856584985, 0.1767519172585459, 0.10949607771127202, 0.12940811937168262], [0.423259980465733, 0.3362663860249351, 0.10686014279892504, 0.13361349071040804], [0.4797141006570921, 0.3543242578289629, 0.07222602253240062, 0.093735618981546], [0.5011433209354428, 0.32677473225758996, 0.07625787839177352, 0.0958240684151936], [0.4373783377974025, 0.3811080898439718, 0.07978254711313858, 0.10173102524548745], [0.3611978577414057, 0.32401613204431506, 0.14207778609412244, 0.17270822412015763], [0.3961431888483652, 0.31758999884855227, 0.1368150465599116, 0.1494517657431715], [0.3522471835638665, 0.2856094846923411, 0.1645662856216476, 0.19757704612214433], [0.43398241607112614, 0.36030578823973275, 0.09033408363412099, 0.11537771205502036], [0.42674855585888916, 0.35571960112458323, 0.10031050161187098, 0.11722134140465697], [0.4141866541313878, 0.3296355916904098, 0.11458952196649434, 0.14158823221170838], [0.3228609522776443, 0.4380392195356478, 0.1026830168138901, 0.13641681137281766], [0.39636259744472097, 0.31636307322884905, 0.1258278613852991, 0.1614464679411306], [0.4244767298259625, 0.3418842408214411, 0.10703143110021084, 0.12660759825238604], [0.27750379736231834, 0.41198319259016425, 0.13928629004728013, 0.1712267200002373], [0.40165978775749117, 0.3278673203928147, 0.12165646073902778, 0.14881643111066672], [0.3994305881870855, 0.3116386281448629, 0.12538470946468291, 0.16354607420336906], [0.33033009858225826, 0.309537242182132, 0.17444145348608114, 0.18569120574952852], [0.40320608782067197, 0.383358006839548, 0.09359427910979243, 0.11984162622998831], [0.2643298197470269, 0.4708837695661101, 0.11330317330738184, 0.15148323737948108], [0.22642653981471117, 0.5635223144146572, 0.09179795004194222, 0.11825319572869136], [0.33654026454080177, 0.29605873649599657, 0.15389109334072806, 0.21350990562247357], [0.3124006743014242, 0.346725623758688, 0.1539420786644189, 0.18693162327546867], [0.3727401184695877, 0.4172546679470549, 0.08858209347763613, 0.1214231201057214], [0.42357870392240543, 0.34072322972041597, 0.10255539244241153, 0.1331426739147674], [0.45813083040144076, 0.3152584164283852, 0.10432738473581213, 0.12228336843436204], [0.24126180077128564, 0.45771610435287247, 0.13549291104915653, 0.16552918382668477], [0.3387306350747464, 0.381130189551178, 0.1216881670693772, 0.15845100830469844], [0.34743402748585633, 0.289538523277105, 0.1659369181178238, 0.19709053111921437], [0.35027383701569514, 0.3096834422156875, 0.15259102787838616, 0.18745169289023136], [0.3921668968777404, 0.4379613229473642, 0.07333907006238675, 0.09653271011250908], [0.6081094734930728, 0.15868340495668978, 0.1019284159557029, 0.13127870559453583], [0.27180655335575077, 0.266410396000292, 0.210795124651115, 0.2509879259928425], [0.4160768864065201, 0.35756059587212086, 0.10154381905789377, 0.12481869866346477], [0.4373736738948566, 0.36671571002204106, 0.08901637430144102, 0.10689424178166212], [0.45110233138927874, 0.3325810386765925, 0.09756063871745498, 0.11875599121667423], [0.3247265445228218, 0.2611455109828288, 0.19295297793311017, 0.2211749665612391], [0.34320289536007914, 0.3019440244614004, 0.15781061985541897, 0.19704246032310208], [0.4603212793382943, 0.28403459601442743, 0.11386854529196432, 0.14177557935531354], [0.42276201749912595, 0.3475151168776032, 0.1032794864580176, 0.12644337916525333], [0.38369691079679025, 0.36400412361605217, 0.11819371530222492, 0.13410525028493211], [0.39422260060491193, 0.3322498026382683, 0.12212311092383027, 0.15140448583298965], [0.329955782391631, 0.37338966410445307, 0.13642687088940753, 0.16022768261450898], [0.4178936372707172, 0.3377412817455211, 0.1084525929583753, 0.1359124880253868], [0.4865270756826168, 0.3438657206043756, 0.0757057930508354, 0.0939014106621732], [0.4275248287360105, 0.3600981420302323, 0.09532772306008079, 0.11704930617367625], [0.35255961036653993, 0.38271474611716, 0.11611167490254368, 0.14861396861375664], [0.35358539405107503, 0.3206294479396611, 0.1480997063146757, 0.1776854516945877], [0.5171636380805819, 0.33987836493098134, 0.06181204625766428, 0.08114595073077223], [0.37269715352425387, 0.3060190651008887, 0.1369874763572192, 0.18429630501763827], [0.46714956828870124, 0.3623033329970529, 0.07459116217231129, 0.09595593654193497], [0.4061270574946255, 0.3405147737751085, 0.1139096766623359, 0.13944849206793056], [0.3577150456350809, 0.38380789163184825, 0.11542293776147154, 0.1430541249715997], [0.4316736557411549, 0.38630627682307367, 0.07982791052771036, 0.10219215690806058], [0.34582498691636276, 0.3075382311448279, 0.14981014577005422, 0.1968266361687543], [0.23869047822960776, 0.364734602716343, 0.18497614061283477, 0.21159877844121455], [0.44793475185911474, 0.4003065340270473, 0.06574298640119158, 0.08601572771264629], [0.3471168843474486, 0.26923914074869465, 0.1803158631847786, 0.2033281117190773], [0.34656633456573177, 0.33638206543742655, 0.14122347539465938, 0.17582812460218247], [0.4541082707533199, 0.3816759375212234, 0.07219572251346426, 0.09202006921199242], [0.36316483941072464, 0.30094356629488184, 0.15790455104579038, 0.17798704324860298], [0.3662740840451612, 0.34840513024557024, 0.12752493420596908, 0.1577958515033002], [0.2965506294984672, 0.336917101229052, 0.16084867149562518, 0.2056835977768555], [0.3526622295339504, 0.2841145406464806, 0.1616117319954058, 0.20161149782416368], [0.4281672362566215, 0.3364935047483531, 0.10453470254609994, 0.13080455644892597], [0.31853667261531987, 0.26699960182006055, 0.18904379053535436, 0.22541993502926538], [0.4269826758451601, 0.34314336137583273, 0.10303581402407186, 0.12683814875493477], [0.3555811203889644, 0.2922547484562293, 0.15736579482115848, 0.1947983363336479], [0.3053140013489797, 0.2786995091777389, 0.1936634501796941, 0.22232303929358607], [0.36292417979326486, 0.2897311887791837, 0.15886723911580966, 0.18847739231174207], [0.41852110110943797, 0.40562730463654645, 0.08028295296975979, 0.09556864128425531], [0.45480972625021904, 0.3480591244505197, 0.08560809513085046, 0.11152305416841014], [0.39982234296327107, 0.32349119501799817, 0.12151193705175456, 0.15517452496697678], [0.42164316754147874, 0.3617553550856668, 0.09459214050690828, 0.12200933686594526], [0.24858340550788494, 0.5325339586653, 0.09973815952497773, 0.11914447630183807], [0.33927786765948764, 0.36264956028823325, 0.13681882349056892, 0.16125374856171046], [0.4276891070700392, 0.3456579143266175, 0.10389783013405017, 0.12275514846929271], [0.3579332591538957, 0.45795548030474076, 0.08119813080388782, 0.10291312973747577], [0.4213943012427706, 0.3654164665883324, 0.09443428204018833, 0.11875495012870961], [0.42770394640257764, 0.35125342012092736, 0.09956954804489705, 0.12147308543159785], [0.4200094046117425, 0.33454052154004704, 0.11218259853616201, 0.13326747531204938], [0.27880833875505423, 0.2830029791219445, 0.20829756796261242, 0.22989111416038838], [0.4747209234296421, 0.3385220699630869, 0.08418787822084975, 0.1025691283864212], [0.42190754346649756, 0.34304984853643783, 0.1050667071445527, 0.1299759008525127], [0.3266066631420128, 0.19283056679573435, 0.2271919963026086, 0.25337077375964373], [0.4713685423384317, 0.3748968797645056, 0.06441287996065512, 0.08932169793640812], [0.3881322938236742, 0.35864607952259864, 0.11419533077630095, 0.1390262958774263], [0.4316702006867242, 0.30667622636339403, 0.12235130616733361, 0.13930226678254895], [0.3826337553853826, 0.3320058927784168, 0.13410959393384306, 0.15125075790235656], [0.36359316395675556, 0.31876017406970714, 0.1425930386421834, 0.17505362333135394], [0.4822819263281659, 0.2292444629166457, 0.13244382578979513, 0.15602978496539335], [0.4597587155455889, 0.37899482930764034, 0.07020435494223543, 0.09104210020453564], [0.28430032923230875, 0.23636557724041463, 0.22178287316339365, 0.2575512203638828], [0.4625465258859831, 0.34199843925110085, 0.0894002605235739, 0.10605477433934175], [0.43473622280806545, 0.3626842726729179, 0.09072650118784138, 0.11185300333117491], [0.44820006884138236, 0.3242375472391646, 0.10132482059519009, 0.1262375633242623], [0.48451488704229123, 0.3590079307725318, 0.06865817570664805, 0.08781900647852825], [0.43231969957731864, 0.28097133700862065, 0.1346131862337416, 0.15209577718031886], [0.37908422864361835, 0.3791782651057392, 0.10503881272772231, 0.1366986935229199], [0.39990423722023544, 0.35080200047845883, 0.11712985083755659, 0.13216391146374923], [0.25897972209239745, 0.4661993027825436, 0.12689338784994814, 0.14792758727511124], [0.5944068372763209, 0.21149951201745124, 0.0877142865372312, 0.10637936416899574], [0.37019921292108443, 0.29861104342691097, 0.14501122718568396, 0.18617851646631947], [0.43456937521567623, 0.3707273327732464, 0.08678975584846457, 0.10791353616261298], [0.42473601156302354, 0.3220227731430317, 0.10970777845420362, 0.14353343683974165], [0.48679436396226405, 0.33546417196219297, 0.07878717334805478, 0.09895429072748858], [0.3803622470697636, 0.32374885679993987, 0.13065885208210434, 0.16523004404819297], [0.4221884588977584, 0.38040476031443315, 0.08480173849906762, 0.11260504228874016], [0.3518297719168714, 0.29380509186397963, 0.16376982186515712, 0.19059531435399196], [0.32221717714740117, 0.27224712522040667, 0.18373877314248516, 0.22179692448970706], [0.4663401628587702, 0.2867420848548206, 0.11098486156783997, 0.13593289071856937], [0.32896334480964723, 0.29925697398554457, 0.1680706337512075, 0.20370904745360052], [0.40843227840719104, 0.3951914765753788, 0.08531988849964989, 0.11105635651777991], [0.44689971801087525, 0.3349426794957548, 0.09681400214288112, 0.12134360035048841], [0.4114518493552666, 0.3769281197894241, 0.08955878667527153, 0.122061244180038], [0.46178253866212826, 0.3536781358336431, 0.08114762396759638, 0.10339170153663102], [0.2963765713771311, 0.2219541039157154, 0.22286196262361216, 0.25880736208354144], [0.42808919748936836, 0.3742806117395402, 0.08401008477017226, 0.11362010600091879], [0.4724100427294302, 0.35353181653640464, 0.07271497588147698, 0.10134316485268838], [0.3372128561673838, 0.4222511051561475, 0.1055835342679281, 0.13495250440854126], [0.4516322160699627, 0.32121820289091885, 0.09815107189284646, 0.12899850914627212], [0.41810638137198153, 0.31741483314450686, 0.11525825350660672, 0.1492205319769048], [0.5189406294041751, 0.17715150298702792, 0.13919386800358577, 0.16471399960521138], [0.41125980126742967, 0.2986561314994968, 0.12672743744400544, 0.16335662978906787], [0.39455494062119184, 0.36031639352182615, 0.11161542988407822, 0.13351323597290465], [0.4283389893098351, 0.34539863982534186, 0.10297714225391938, 0.12328522861090344], [0.34249490077503536, 0.2768109198160758, 0.165786447046119, 0.21490773236276942], [0.3856515376927473, 0.28959438789297415, 0.1561656694017386, 0.16858840501254002], [0.3973133429277808, 0.3303444074791547, 0.12158527863180592, 0.15075697096125923], [0.48846881333766223, 0.19567086290497668, 0.14606858703615466, 0.16979173672120607], [0.3959205146484118, 0.2691419854950287, 0.1446884774405531, 0.19024902241600603], [0.32776960068049965, 0.332249456461659, 0.15043975225014136, 0.18954119060770067], [0.34804452719089424, 0.31301809233436245, 0.15275632406550488, 0.1861810564092383], [0.30141122602336123, 0.22878864201959406