{"estimation": {"a": 15.315831785375604, "rho": [0.16312868798395402, 0.19623473457111168, 0.3405351554337845, 0.30010142201114853], "Mu": [[2.8049077360034698, -0.36934966441777517, -0.972578237215278, -0.46601100022337405, 2.639432361244654, -0.8800357372937306, -1.3927950919820928, 3.0156152781550483, -0.6888410493869467, 0.4943147627806897, 0.28855377476122274, -1.6673876205605405, -1.3091786184327543, -2.5183849106185083, -1.138420209923951, -0.4307438338209161, 0.4504439105689567, -0.3369745680470576, 1.104464998762847, 1.4394638260830528, 5.719094944152815, -2.39277157444999, -3.1361619511779546, 0.17460377236018598, -2.055186141936381, 1.0994044841493025, -2.099927497500984, 0.09460982951362482, 1.5002452393099344, 2.2667377879712607, -1.7413080631339617, -1.5858943216225956, 0.4820249056850018, -5.229791274460721, 2.5934986901305135, 5.394191223850589, 4.486222747418116, 1.1196779522363187, 3.814130434740334, 0.8309171847105493, -3.1025447226029694, -2.9050952250686666, -3.219108724530827, -2.805941912779709, 3.333818170447428, -1.3272646812635946, 0.913235874685397, 1.1301407517339266, -0.28289245382983746, -1.479864363668171, 0.841258751575615, 1.7550403690241088, -3.8613753785166667, -0.7336289776503341, -1.1802654602376133, -1.4994375602922434, -1.2539072128533462, 0.8109950878205361, 0.5912493305213933, -0.14098822297681168, 1.4392962443178248, -0.8372860766620625, 1.1050561905041842, -0.13156284413571387, -1.456686789939464, 2.7611374735506473, -1.1460021232608129, 0.653498553992237, -1.4539582971897862, -1.89351349414149, -1.0647853465635517, 0.10283752773210011, 1.3134376371578291, -0.9643234266136902, 3.384558477041805, 1.197596091482431, 4.700761522570856, -2.2953559780562265, 0.6505130105800202, -3.8009547108069124, 0.5666564152318093, -1.4211760400012854, 4.671071545816158, -3.005812297472541, 0.2520556516542757, 2.1408333941884443, -4.039435799662356, -0.001997886739903673, -0.31741389618178295, -2.7626390454614067, -1.641628880880467, 0.4725617006747883, -0.7574870720493244, 2.3084996735331127, 1.216807593250122, 3.990168157995238, -3.392888180273869, 1.5005821898476501, 3.063770675089132, 1.6697880073131726], [2.921847770475711, -0.13704456206039028, -1.1229893574890268, -0.1031048094920342, 2.774436337931282, -0.9503700381112367, -1.7593286724481239, 3.3084907887615644, -1.3450453836327325, 0.6403066362506652, 0.48831913023160384, -1.6413040677205772, -1.4588490163207426, -2.5061039816644204, -0.9866506294085267, -0.5997032618634308, 0.49055916226902546, -0.2938711520707785, 1.325885874154619, 1.7833913673434334, 6.849228348139338, -2.5558666147852978, -2.87707470662976, 0.08130635807819568, -2.108587064414041, 1.6928665331059662, -2.3590676944687683, 0.601584749237953, 1.5326453197424132, 2.3520765187761854, -1.4704978304125418, -1.8516551525718943, 0.5006846844168079, -6.259904568346725, 2.8286012695932192, 5.230723275691708, 4.555220557316213, 0.7698463110191638, 4.185185850979233, 0.7066213346169373, -3.0386621296010095, -3.0255861313957286, -3.417813643688832, -2.213565372613568, 3.6136018108870447, -1.9149963595285446, 0.8830250887655933, 1.802757232403497, -0.43819354682975703, -1.5565062161853842, 0.19664728780461352, 1.956508030008738, -4.084195330829477, -0.01738093463662367, -1.1206117356733394, -1.9551144479759377, -0.7805165420439466, 1.2797590924230051, 1.2892522671181255, -0.31282988710181947, 1.9584037128234502, -1.0547169964085403, 0.7968600027964978, -0.4078050188978859, -1.895669644955145, 2.9779692676521883, -1.650477650982137, 0.8766681100626379, -1.4515661507029614, -2.0161119312558746, -0.26272584363694584, 0.3789786904839723, 1.260691960270517, -1.0686588103396468, 2.862524771494493, 0.7054084712931257, 4.5504966713070605, -2.6412760965797575, 0.6371262809329634, -4.108477669979573, 0.5563516693119397, -1.6253734668413862, 5.1630944738088305, -2.925314819943428, 0.9786500792070512, 2.8324505996606737, -5.244134670198507, -0.13943720118312206, -0.7054974233143456, -3.2246356941098, -1.6248727763655555, 0.190295936586721, -0.9041901562349617, 2.4362611960834264, 1.765630356761213, 4.21993784566923, -3.689874597732084, 1.744715623479363, 3.0459577739162524, 2.2937387143066963], [2.3908039621580444, -3.6772450658843967, 0.9203862522933177, -1.649543954186145, 3.2977420578261527, -3.500500362352443, -2.133148722373109, -4.063021022037186, -0.9009783772291893, 0.6259163965558034, 2.7173064152392836, -1.859684757512987, 2.898751933126888, -3.3974492930794105, 0.41652857005280725, -1.7473138413368645, -0.2405704661490337, 1.7666520249800117, 0.7113119886295198, -3.09979577063362, 3.8111855675301394, 0.3322077729205007, -0.9228546283455615, -4.081838376565006, -0.6330384249497978, -3.342833533821172, 1.9749394356161838, -2.495186214904085, -2.241909869908134, 3.7820657615143856, -2.9003827998164846, 0.6505981035658502, 1.2220875266274798, -5.100723699224, 0.8993785483193131, 4.353868597179858, 3.9068322866846996, 5.42553524441241, 2.143686550743066, 2.743069065663259, -3.1850779654645778, -5.209054637420511, 2.1542380521389655, 3.0406395844877734, 5.762334169791173, 3.4122164363556586, 4.7148243250859805, -0.5216057760530508, 2.861574887529208, -2.3820008459819455, 2.3773841592618585, 3.052068697917355, -0.9101834944289273, 1.415576890511174, -0.04329425779783889, -5.82266455980361, -1.3165504634495095, 0.5857623671715583, -0.6414936987224527, -0.1791353937676485, -0.5027149866862792, -2.115256297461242, -2.5814773737429126, 0.1763483648167106, 1.2315630511785052, 1.3756057518393814, -5.715546895499133, -0.5305991299141055, -1.8729386713192626, 0.387779968614963, -0.2932953090897075, -2.2667026701839346, -0.885740559835991, -1.7522215115716153, 7.164774635273303, -0.759295377274274, -1.8538833368922212, -2.935325072317106, 4.1213418442568495, 1.7959614269726223, 0.5774467144820182, -3.0787975769343094, 2.5160655660356515, -4.395065039408209, -4.825553501033751, 4.425018525191626, -4.322378302659572, -0.5037810291536535, -0.9125817591212788, 3.4197000950656444, 1.1817472017582038, 1.9961642495514902, -0.4752865571238669, 1.7622403782865488, 1.5577198038317985, 5.544415158131658, -4.3934941060828585, 1.3619942528659008, 4.4369123210529855, 4.142766838921928], [4.442243743605293, 1.2190657602349388, 0.9488909953847957, -1.879081290974654, -1.384397988479123, 7.637635071519275, -9.321499705956208, -4.620730593667094, 1.9033880845512576, -3.3670395355823324, -5.373719447355856, 5.1475025294062595, 5.6401076683501135, -1.589326112588379, -4.790260945452799, -1.9489491847884775, 3.8168876890203283, -2.604069708905349, 0.3425122908259051, 0.6744354034593822, -0.7002432204596002, -3.728822636108597, -4.7955406517370545, -8.988144959052779, -5.71672158196059, 7.4578760681843415, -6.67234667280317, 2.295036324822171, 1.6557614058767465, -6.62158368884429, -1.2477852408313994, 5.98157283617327, -0.14686404469843584, -3.9495000136724916, -2.0819629058038767, 5.502243308983793, 0.07860624976047029, 1.691322116328149, -0.3901291303634362, 5.191872242665144, 1.3520068976576736, -1.3819913192185225, -2.5766429998514786, -7.065069888641213, 2.657292258859361, -7.1389079589930065, 4.5724872629521345, 0.529687191842392, -0.9579652032206115, -2.858265390450899, 2.5370733730110846, 3.0265984320232207, 0.20219384191293602, 1.896136136959361, -0.07403805650070697, -1.820679304078062, 1.396596100161297, 0.39299814829870416, 3.060595673512618, -1.8345408516893618, 1.644553907915345, -0.8603123731799703, -3.313868198260068, -2.1659497089423785, -0.27881354663685654, -0.3600585958628851, 0.9149288451355709, 0.9406965696209897, -2.6175621816201886, -3.286898920650081, -2.299896775113699, -6.521420750884514, 1.7347348664698503, -1.4763717740657931, 0.6175075108512439, 3.0552310120731048, -0.16049930019874692, -0.5715620161944637, -2.2625367621024095, -0.9972888547864648, 2.8181778123980097, 0.7126641555984297, -3.2075961555816837, 5.082699700433328, 3.146674898958806, -6.063769456762503, -3.754026739322147, -3.146839195919752, 4.730440081427936, -4.864374114520276, 3.607187491354686, 4.037606240076716, -1.9017095067477157, 0.589380030750685, 2.605476009423869, -0.3291954630408564, 0.3649675168004308, -7.339868017543235, -0.9215464192122266, 4.300757452234504], [-0.19904972787081696, -3.0935642810691864, -0.9702630065718441, 0.7318435140575495, 2.5263297738535364, 2.0403724948346333, -2.6943249777428107, 1.0472873717189486, 0.28778222619957944, 0.7215583291738571, -0.7524599600294838, -1.3351187128371667, 2.5131834822755774, -0.2882880051972759, 2.053498009828642, 1.266133693994926, -1.5683825258051043, 0.7312565780679479, 3.4670986265673074, -0.3849707024756103, 0.683112084494753, -0.25539440517908457, -0.6500626658310318, -3.8247593282795376, -0.8049460800034476, 0.6991574498473409, -0.22666392450578202, -1.6072519269900314, -3.008344848572994, 0.7704792602711862, 2.509510893120872, -1.0315701799330348, 1.1603896287307287, -4.119424132641492, -3.302009628972506, 4.731386382556029, 0.37163566918471574, 3.523747541065961, 1.5951125827695785, -0.2705809300554522, -4.3016945709514935, -4.51725291754512, -4.061903857867716, -1.1734543595503337, 3.882642043798231, -2.157966914505958, 0.4725269288728192, -0.330067298879463, -0.7235416719536101, -3.1870235720462814, 2.127746353700511, 2.070783611620977, -0.7718836468765677, 2.4364254412508832, -3.986179661202791, -4.871785306988375, -0.22025775353676377, 1.7655836300584553, 1.74372133131817, 2.134267567868368, -0.9627130427968331, 1.4324497483953718, -0.32851984946300344, -3.8654960568630745, 0.6018462531820192, -2.721355406680452, -1.817230598686245, -0.30535005141878085, -1.116323027629442, -0.574163041416745, -0.7095068935262716, 2.729823282019741, -1.7923412309960831, -3.860422886544151, 1.5553959211192412, -1.0578099005275836, 1.3998784421081658, -2.9856532760708046, 0.02749078698494543, -3.9082096210147808, 4.392115935057133, -1.9777609061501782, 2.7415633419718843, -1.4326196985915356, -2.3206951652828014, 3.05336445746233, 1.1138854667347389, -2.103818066780192, -0.814600278422623, 0.7067465801408949, -2.7936347423213963, 0.10317998317684841, -4.682254398037781, 0.20732423375752412, 1.8495325802595817, 2.7435378344083827, -1.5535981892922424, 0.6060694971249336, 4.574759954076497, 5.183579763227982], [0.013101430611522248, -3.4485400954333403, -1.2314299220139757, 0.8559668302800355, 2.8200516649020484, 2.241919151211878, -2.4496784912927883, 0.9789869040732744, 0.40615561806049116, 1.2752905808710293, -0.5259802579216046, -1.1229698365329075, 2.704488740816119, -0.37036336446320606, 2.0626727781253043, 1.4565939000395374, -0.8452922570516658, 1.074712485051591, 3.7189494887045305, -0.6522900505713506, 0.5755218130566362, -0.7489701246844225, -0.38695272578348555, -4.348283869115005, -1.2929223466868858, 0.7288836026320625, -0.4060653728772105, -2.0751841278045178, -2.7629145885938113, 1.2517476145296713, 2.878677721959508, -1.1843954047602925, 0.5589100574535978, -4.665133781716705, -3.2164227744349696, 5.247466796560441, 0.8515866424176646, 5.115654116597469, 1.8200959114295607, 0.051132692890797665, -4.246542412998208, -4.324922691538333, -4.337037563132094, -0.8963045079033031, 4.396556655440731, -2.005753320499893, 0.6011659174493429, -0.12484668203282354, -1.4118943871455816, -3.3860957557732574, 1.2982768572903622, 2.1831172994898758, -0.6560120385968795, 3.0127213799379207, -3.474160324755839, -5.02142534423374, -0.4442718226090767, 1.5287606674212233, 1.7416156494399666, 2.645269475183125, -1.046795136393246, 1.2840287203146223, -0.6841752093420695, -4.58737145421885, 0.49136398495134587, -2.4122852402019572, -2.2821180375663213, -1.036008939689568, -1.083114931788435, -0.2939082191488636, -1.049176713843249, 3.8995087754298003, -2.6678476600160534, -4.3957373935775115, 1.7493163560678282, -0.8217685872859728, 1.3654636015950798, -3.2514143240780227, -0.1766015230649543, -4.053884984188915, 4.669502357802707, -2.139989696403198, 2.9265111316832213, -1.5766465883034746, -2.802192228526695, 3.4814085126437644, 0.9057796104223087, -2.8298333014351793, -0.714198699264953, 0.9349834409891343, -3.533043825496106, 0.06903375594717749, -5.279848578234604, 0.44731671687753277, 2.1220003787033033, 3.226365724551788, -2.8178138486909314, 0.5573252164326015, 5.430468310756391, 5.843975344771366], [2.1069504188289967, -2.8698710199255366, 3.4001420847543615, 0.48856158594366383, -2.4687977136702934, -0.332102553979385, -2.0177090624275147, 0.3938618525598655, 0.6867863859933285, -0.32290402517882943, -0.8682212794227654, -1.0573294799029438, -3.995323311843421, 1.4355906220659698, -0.1350218579069706, 1.2193036118869265, -0.6231510806964252, -3.0693895899952692, 1.9462686409573626, -3.124648306747896, -7.137715871736691, 2.0560616002086576, -1.4466257657584423, 10.582360871803333, -1.1462857211652822, 1.2502996645436075, 1.338743867251469, -1.8540190920692325, 0.09256210194089058, -10.184112876005704, 2.497278181212999, 0.15391650846644125, -0.7495196377183956, 6.8717042615069435, 1.1467518578831546, 1.3202869622939741, -0.8057194996822172, 6.351125839085116, -1.4519288486476263, 0.6201280159880078, 1.66262305164553, 2.179406654392531, 0.6204597801394669, -5.351827484687543, 1.8885885349681142, 1.3912786633550844, 2.7982669569619905, 3.036070438588959, 5.35521737342994, 6.722330755708224, -8.105038998940907, 1.1307724712205076, 3.587909240978181, 1.1739282731662457, -5.305214096938419, 3.1765925259489327, -0.29284858509019346, -3.401984965220207, 0.5431630072580125, -2.210278341603535, -4.610052949859471, 2.97187833241118, 0.8522017700649281, 4.962424309080946, 3.8268869357602813, 0.2504711801454957, 1.2208137057663597, -7.17160765356129, -1.3892028540894363, -1.3041621140650297, 0.1921666234733361, -1.5501998627733993, 3.51272273849855, 0.5062335743822852, 5.802257003187955, -1.965113702535748, 4.942107815728269, 0.4173331408153869, -4.426376716404019, -0.5046615864739367, -0.7393922240952912, -1.9562252764384118, -1.901742143768848, -7.430538579224194, -6.766469927052112, -5.970399202012373, 3.453311239500097, 0.6142637125910565, 1.5857178340224618, -1.2404780082985765, -1.8797897250268127, -2.3444777880392382, -0.8609207971104152, 2.388109824478012, -1.9086144039811486, 0.44162780075864166, 1.2729387787123276, 1.5311509876334854, 2.599186866503886, -1.6002885676831622], [-3.206322372815296, 0.8963180281058797, 3.4526342886123205, -4.338827641474912, -0.08614736429072149, -0.42632156756443856, -1.537333954855621, -1.7565304210435517, -2.6309072855664213, -2.882179456499641, 0.8171586051908897, -0.3241332255424185, -1.1468632586200924, 1.0262272803305612, -1.422586047704613, -3.592025436141891, -0.7807133983558544, 4.3309207612084695, -6.431668662138153, 0.2705352074641501, 2.0321312877591198, -0.45386139019848215, 2.0582889277232908, 2.192166988747754, 4.133475098402117, -0.639430803750524, -4.516282405507621, -0.8147713092593429, -3.304299075541205, -2.46650022000049, -0.45557373044640914, 1.951004152601412, 7.68842522846736, -2.5798672397781575, -8.57501313534255, 3.1957997663137374, -2.2539997074237936, 0.289355163431276, 3.383281620141227, -2.6086271631550906, 1.0418081134406223, 6.956590739228747, 2.189355587774881, -1.7178776154483668, -1.9387498370391698, -6.571133244375277, -1.044184148243215, 0.6196571426177255, -1.0480481340281986, 6.581580985384014, 2.3192762630923784, 2.1832883264970135, -0.7686416888640397, -2.0844802719512385, 0.08339669591602752, -1.859365343570784, -0.4706984134617533, 9.17761432911708, -15.539423143346927, -2.540627754361806, -0.6754001719072601, 5.870980197844034, 2.794990541109125, 0.9790351481770598, 0.19285571332683554, 1.3320734479883032, -4.140505090750372, 1.9617104941331769, 5.4220397759601395, 4.340429779184595, 0.1073174063192491, 1.5860579250326614, -1.4065689137636002, -1.3873141067696557, -0.3421268948742604, 5.0009057494370985, 9.362166910539035, 5.818644826523178, -4.640514879839462, -1.6420446386317862, -3.4749730957679343, -0.019644567694857937, 3.664577967323089, 2.728438866795374, 0.18404070824835334, 1.7721916816391465, -2.9157424643378476, 4.3182527446033845, -0.8524142872724192, -2.4784683503075176, 5.297493024048631, 2.2258506168798395, -1.5939475989363459, 3.545156689615088, -2.038689347378814, -0.7629987439705123, 10.284924776897178, -3.503186930988122, 0.7992135429816232, -5.284212259414782]], "Lambda": [[0.5088676411947797, 0.4731818084868776, 0.5467201556665175, 0.45146199652612595, 0.633913173940442, 0.406658067223609, 0.35183162641779514, 0.7113243715257009, 0.3244208328976268, 0.4463149034761917, 0.7023836404244321, 0.5272551802541985, 0.7803778806319025, 0.609668880814935, 0.41360510978389387, 0.4315161715814439, 0.38780574368497744, 0.40230757260987676, 0.6272657628339049, 0.8345527007177923, 0.3166536800114765, 1.096699341140398, 0.5716915580874369, 0.7076982379727416, 0.606642018670223, 0.35013866745426653, 0.42912727122743716, 0.47654747691062843, 0.43387094190700065, 0.2577488764907399, 0.6492007916875375, 0.41571009197777076, 0.6122506427285376, 0.31070365393268423, 0.2731755813672983, 0.666577800934367, 0.530150462698568, 0.26466235864522697, 0.3713863343986181, 0.4257389864591541, 0.5798192575339589, 0.6453815665095708, 0.4071462667645672, 0.23568485380602378, 0.2900097107382456, 0.36294414111333073, 0.5699221184014078, 0.32440004720765625, 0.3832241083633941, 0.4277726131697449, 0.385830364148561, 0.4786718161629917, 0.7094603977228747, 0.4827802343751963, 0.46857077298686467, 0.4388317490977839, 0.24875470449213208, 0.4961812972379523, 0.4927894049278516, 0.3366436590382118, 0.38448221373275, 0.576196530296728, 0.5448802284634282, 0.6687588061097711, 0.4042795105576416, 0.3323044140065424, 0.16556503393564048, 0.5044567455504583, 0.5027629858483645, 0.46088497346770063, 0.7241391951877156, 0.3783274302086388, 0.438180698514172, 0.6475918270132206, 0.18792577449628461, 0.3594955020566169, 0.39618332342859464, 0.4550709437016862, 0.449858722296701, 0.46893875163770216, 0.6572467556364844, 0.27641471827108427, 0.4360534906736576, 0.35573979218133284, 0.31333763278941906, 0.4707871538307233, 0.41948675043318756, 0.7882984049169706, 0.32201446710300125, 0.43556149304356434, 0.6572767709959186, 0.4562896501151649, 0.4667558613500969, 0.5460107249579986, 0.4891758520281983, 0.6047611023706819, 0.4183030600764589, 0.40496858033703886, 0.5981226423429344, 0.48414871468727605], [0.4682143532688939, 0.4422469679128842, 0.5702649750343611, 0.40768436766028754, 0.5913166710784089, 0.4064461840135053, 0.3101623375750344, 0.8119040054161636, 0.29769327462120415, 0.417285751356937, 0.6961124783219643, 0.4888849018107144, 0.8434091796585246, 0.6370071489720612, 0.38351375481069494, 0.4257998462221696, 0.37464538674813985, 0.3546971716450445, 0.6644011891424059, 0.797604167397606, 0.28599920599272166, 1.1756260358412765, 0.5395938977027467, 0.7287939851800413, 0.5725106702551729, 0.3096532691448099, 0.39227817211016913, 0.4572816653322314, 0.41726921149882396, 0.23391178758915251, 0.5654635522706838, 0.4328821610816032, 0.6515473392122229, 0.30555260011031954, 0.234692428287524, 0.6210422362162551, 0.539098955538323, 0.25475682588337256, 0.3813726462314636, 0.4018848958878688, 0.5831949568752566, 0.6112206842339925, 0.43059482662501875, 0.22217601959830496, 0.2716482757427461, 0.3467734240259416, 0.5770850820584893, 0.3209317390614439, 0.3800469744639436, 0.43531222328927793, 0.35923451453629884, 0.4716249214270372, 0.6718301302937084, 0.43574945191514497, 0.476810883202572, 0.39735813767402, 0.21509325120415138, 0.5070722491048756, 0.4555960897375623, 0.3329214788769003, 0.38945189903953564, 0.5802331286484242, 0.5042889024889496, 0.6992625203632962, 0.38959033500592616, 0.3294164264145897, 0.14764433632651375, 0.4486146861338308, 0.4928500555084859, 0.47061285708776757, 0.7162290993896778, 0.36763903362351064, 0.4215303458514866, 0.6653053375358761, 0.16475851883014203, 0.3411845809643031, 0.3276711707254668, 0.4275399857123256, 0.45206664525708895, 0.3758024019059674, 0.7020864765372561, 0.2642483289300925, 0.42040264099880953, 0.33685124361069724, 0.30483153936184865, 0.4456009066376263, 0.3837796997222618, 0.8001715536671888, 0.2757803387132972, 0.4174417626033634, 0.6805809601125578, 0.4064384526814878, 0.44479819123748976, 0.5644157308843969, 0.44225322574825426, 0.6106152893995946, 0.4285284707072981, 0.37268570101686704, 0.6608278040757505, 0.4348026531430006], [0.3895895231391807, 0.41531845092993624, 0.3794287850852943, 0.34655537570456346, 0.827183536728933, 0.25158375782081005, 0.1770611708112811, 0.20103560958094868, 0.3701350467480749, 0.6213313923743911, 0.25622578077059427, 0.6754095368773876, 0.3641953740182241, 0.3608523541114176, 0.4526213692774741, 0.21541636734629588, 0.7571210265915532, 0.5164878718134941, 0.7021144815085754, 0.6250374592527324, 0.7182632601900178, 0.530544768009773, 0.33065734851110706, 0.3073128601609697, 0.4868627653796502, 0.4259969279954277, 0.18151622365557019, 0.6541973004281344, 0.5983645162528898, 0.5558787461001384, 0.5597031228316984, 0.7214415393610797, 0.3269710482343126, 0.6469205355354843, 0.7715340576335743, 0.39165482455454, 0.5452099305357927, 0.5590360082438107, 0.5923866413706981, 0.24706592136164646, 0.7340247467486641, 0.4611056640670507, 0.5527955861394758, 0.6659731947433146, 0.43200955733269497, 0.27699315097687555, 0.3415855361814082, 0.8515689673926862, 0.829667580922701, 0.6237020099071863, 0.6311068695470193, 0.2774899827902786, 0.48390384369116485, 0.39235175469223815, 0.37536820012319877, 0.6812216321582417, 0.5640668216865314, 0.3759763381422425, 0.543897652472869, 1.1687714612507627, 0.5023456824801609, 0.4385900675247923, 0.5863384399275666, 0.6987135485301302, 0.8269251543564192, 0.5516289444610478, 0.30445909200923627, 0.6324620172095544, 0.3456149942883952, 0.38817022018747027, 0.47025877579387804, 0.3032320062355727, 0.5690509811121145, 0.4508569973303543, 0.3617938285205781, 0.38606811002230207, 0.37554828130193235, 0.4854339882596967, 0.6598509838116479, 0.6030557093679032, 0.517658474548677, 0.4307286908763818, 0.7103054414847426, 0.5453162527048074, 0.5298948939258131, 0.21852593863662512, 0.3376255349953688, 0.3177453709114025, 0.2932699293620655, 0.4542838923135921, 0.21641462739528994, 0.3996590847499999, 0.5038333910168645, 0.32724713628110436, 0.5520897505085707, 0.34518181539858844, 0.3034089981468266, 0.20198941570947826, 0.2105800623684288, 0.5834947173347826], [0.22943984543176452, 0.8086277791976375, 0.39713055072488235, 0.5372698126734368, 0.4366940975004239, 0.29138474120423924, 0.1567835933579643, 0.23547096333030706, 0.28089736309803437, 0.5686384133116948, 0.29871067166165977, 0.5302539501809036, 0.3260304617593269, 0.34953842883366876, 0.3510001689652746, 0.20080415574853358, 0.6884652176723112, 0.4300084788040655, 0.5126681858920777, 0.8527165719199337, 0.70880676325972, 0.46179619097280356, 0.4028641855517065, 0.18825896385425847, 0.5140465339384979, 0.44360436473984943, 0.27083010665102936, 0.7793433319949725, 0.8499474952133412, 0.29370887686042996, 0.925213734847531, 0.79736731959624, 0.5172394327237, 0.5267672564543144, 0.4991486348250254, 0.5011138310029083, 0.7803335702182177, 0.7216469178493718, 0.5369017369181145, 0.332540781162261, 0.697101713285488, 0.8178892184370128, 0.8280569984842101, 0.3771596831616463, 0.5479753786578827, 0.25574088569982645, 0.5169402402101965, 0.5065454470018848, 0.3586207300446382, 0.41708863471554536, 0.39659765880075076, 0.3754293333885811, 0.4118228710628297, 0.7081514194269651, 0.34187315136224, 0.3015972810171415, 0.4764650184688072, 0.3511402403660854, 0.47139247670000844, 1.0136696024175544, 0.6991310227906593, 0.23447148394008605, 0.36125705406220826, 1.2161164969684664, 0.5558527645350387, 0.4964189546156623, 0.46909419217522247, 0.647220402797566, 0.3171521542342471, 0.3320534409591203, 0.3037802346394334, 0.35534205702041216, 0.6073913383993093, 0.7646980985536009, 0.42132402410330605, 0.39898482328679213, 0.9912363512957846, 0.5052194399077776, 0.31202514188723407, 0.4526236518743138, 0.3118857946647044, 0.40125565184335216, 0.6369994668377604, 0.17581849447590142, 0.4207490917698247, 0.12304845042260426, 0.287519649976199, 0.5294922516587148, 0.3792422562404899, 0.4640721740766679, 0.13522036769118115, 0.25033571086079226, 0.45011538004588986, 0.30149465842193657, 0.8447113677899694, 0.16690866370541613, 0.6019927166374325, 0.2806086844446288, 0.2661274205196419, 0.48841201599034945], [0.3778463803062012, 0.5789812016785768, 0.7684973547749839, 0.3195947809487135, 0.4143249226544269, 0.3521896673958061, 0.5015165311682603, 0.5017669670913505, 0.39065556464767487, 0.1784489542620258, 0.37711634737372607, 0.4152167409154422, 0.44345847428978663, 0.3849769601360797, 0.6482399442411936, 0.3846211686083132, 0.3708632772442279, 0.33109409038510346, 0.3335592964648309, 0.6095625093159304, 0.6656010123654001, 0.31926449461434886, 0.6604399667280431, 0.3057877637123633, 0.5624249297936006, 0.5472942973654893, 0.3099873373411214, 0.3458078621497695, 0.3587167649301902, 0.46588045089028807, 0.48189327169877594, 0.3954331488917951, 0.4633083220152541, 0.6901982976740094, 0.5321366028809127, 0.1914229867104205, 0.37050918404895167, 0.1399947197859928, 0.4256527143481441, 0.43743159334365045, 0.6609331359014368, 0.5252508833586211, 0.3745407290986192, 0.37823413229757297, 0.6187014649175224, 0.657036141513123, 0.9083781027159791, 0.6945381960494733, 0.24536197305811763, 0.36495873979278504, 0.21368302404378142, 0.6168244536949619, 0.5603136425387999, 0.391076374421171, 0.34298530618500334, 0.33709195861016533, 0.5944658998482715, 0.37169394977589715, 0.25114659967258907, 0.4107021140814393, 0.33765820131495317, 0.6768929964889203, 0.6299802858786997, 0.46875691945995535, 0.3376651424961727, 0.3330806953247624, 0.32513025796951955, 0.33524977490773505, 0.3839836121366474, 0.6540989211797761, 0.283848265458762, 0.23641968309671188, 0.30863710046301684, 0.3519416111987776, 0.3387121025670919, 0.711124103546128, 0.3340823340601127, 0.5423042445629853, 0.4787710793291716, 0.4685123714034269, 0.4151956363054155, 0.4892555340457051, 0.5689939857524824, 0.5089086040656552, 0.355498216931365, 0.3280748161581444, 0.6143370232956916, 0.31677930323535436, 0.6171301731670219, 0.6780498505478971, 0.31999227220430204, 0.34541154895058923, 0.35313193509430457, 0.36242578677620096, 0.7384434553472926, 0.41404549042097594, 0.39086942167498334, 0.6048455776519228, 0.23999394341638752, 0.4904259285936505], [0.3484366853861989, 0.572553359692763, 0.8042518889251404, 0.3226556346995327, 0.43087999004119276, 0.33608935515724503, 0.541734037763708, 0.4873692144988397, 0.35857548498823455, 0.16835653064452286, 0.3316605741996202, 0.37705324713398597, 0.4700086357623078, 0.34624447253421786, 0.6556051706526622, 0.34617176855983806, 0.3755253588197268, 0.27849909174113885, 0.36683322522692147, 0.6101883644370831, 0.6411432894024662, 0.27163132248224964, 0.6371356034714277, 0.2974523906307984, 0.4952524564567506, 0.5337235290585105, 0.276729791289411, 0.3388809445370915, 0.3419774294041234, 0.45276043711781755, 0.5026378774458367, 0.350466252657212, 0.4273989679541618, 0.6971621897540927, 0.5096946760213976, 0.18503795340382356, 0.3254448252849496, 0.11565933063400308, 0.41782494779883556, 0.41356426826642045, 0.6838195904255454, 0.5066342964336157, 0.3824524055839676, 0.3593149214103241, 0.5567215712403307, 0.6727182461397692, 0.931413435430526, 0.714549157018894, 0.21605944015049283, 0.3519943822335874, 0.20446731301986787, 0.5912783215902314, 0.5987720612680174, 0.39305935540474807, 0.3131656017391678, 0.3473917538483893, 0.6301762448143039, 0.3503450069664058, 0.2497864006588885, 0.38444973428383394, 0.32439399820260356, 0.7267046243821249, 0.5999168187486594, 0.4582496631630023, 0.3008691300413338, 0.30537847270715945, 0.2873069670612967, 0.3281016895595611, 0.36186537391013207, 0.6577317179462547, 0.26331233980866764, 0.19733967749588485, 0.24704959253284534, 0.33000126838184357, 0.3036014248811295, 0.7906495901844036, 0.34244394951947454, 0.5463506563486266, 0.4872267772471494, 0.48661943512651606, 0.4501527795930165, 0.47991638595002417, 0.6275426540340295, 0.4877220976520019, 0.3569309713684001, 0.30199162136618074, 0.5779295143298734, 0.2890944075335935, 0.6585547100540333, 0.5963973130910516, 0.29790401392788574, 0.29524839608132036, 0.37686926141793897, 0.3230579301762845, 0.727340764080246, 0.37036574898683605, 0.3564728728511565, 0.5818941969482399, 0.22119477321517234, 0.46971253794001816], [0.533188483834309, 0.24114943502138136, 0.2197787175987584, 0.14748364898504043, 0.1628766411528304, 0.9200655108487773, 0.2436665062520707, 0.5237048509560293, 0.7725970545185089, 0.6520267892863628, 0.49812978329536256, 0.4321149790236604, 0.3759989660361017, 0.3862015891769246, 0.4823539014020832, 0.6181317638270424, 0.7909041163684114, 0.5519014701499368, 0.3052133612597193, 0.49390882998448543, 0.17146013563307583, 0.25212438476363097, 0.36610815249918016, 0.2178859269605056, 0.44875970716672225, 0.3045207869849009, 0.7158111751914791, 0.3334632122953611, 0.4396750051759622, 0.21060077451627343, 0.29141316959687236, 0.5186252764864481, 0.2563842274817169, 0.4549395218298632, 0.5443457511369855, 0.22325466562678045, 0.1978883373617683, 0.08733268373795593, 0.5060710118022714, 0.34514268504385875, 0.2945973201149344, 0.2437502590092881, 0.4357514502953658, 0.14292526124425028, 0.3638374982143993, 0.3042587406413943, 0.8391186946572496, 0.2872104651868929, 0.19029722305400396, 0.22013912500104715, 0.08045751419317809, 0.462830618031825, 0.7441647541575074, 0.45468192617768244, 0.42681017649460073, 0.40456956013342393, 0.6227384596710075, 0.35063477396245185, 0.41735438342512954, 0.3994920818787388, 0.5339425367856067, 0.3175597301468318, 0.9235576927697291, 0.5224619103047927, 0.4138824162500994, 0.49196432139339746, 0.4136812816179696, 0.22316672364099058, 0.6943329293676074, 1.1162230486097795, 0.28271775227016144, 0.259343666897702, 0.5057937900426324, 0.6630208604604703, 0.057391455286930335, 0.4230714342699758, 0.3044211059722799, 0.29316683891528483, 0.19800540379250842, 0.2596219162314012, 0.5726041973284209, 1.1707761764870115, 0.28019289989887053, 0.12228288446153278, 0.2068297292153241, 0.4471522626400024, 0.4677799827653062, 0.5073943311291949, 0.3047396823173284, 0.7477405233338759, 0.9418828208443407, 0.48963806638095747, 0.5330549216498875, 0.8909663410674377, 0.5123317190515976, 0.39783143257381864, 0.2961860265565106, 0.38880025121994394, 0.47093441247927587, 0.22949938905055625], [0.41212112875673645, 0.18562582408987655, 0.22366874982604706, 0.806810134535507, 0.162371743829347, 0.49292849516032344, 0.5561223107539544, 0.24342336927471392, 0.7517708146426779, 0.22927807499043462, 0.25163145667731984, 0.4136645410881756, 0.3097046656832109, 0.34695592201033915, 0.15649433900609352, 0.22140722749561692, 0.5698280086827383, 0.4533251417695825, 0.38035519359425674, 0.6492689158768199, 0.2483620497595908, 0.9458313835496343, 0.41677645434606264, 0.19658930833766097, 0.3853786048348061, 0.3384541317275624, 0.27576251220971587, 0.43807348761906423, 0.5037059797626552, 0.6379603805423824, 0.6312358607037236, 0.5081493580676866, 0.3311400903597207, 0.0869966326918739, 0.1431248522038508, 0.19819906473793383, 0.5073601482544449, 0.4313357990744455, 0.19401147852477263, 0.6189404984785585, 0.503310269707878, 0.2136550867426345, 0.5970414937070264, 0.11700038324756788, 0.5161591465521218, 0.24465052199195353, 0.6583890216587192, 0.557428059634847, 0.5152921146114063, 0.09455130763150832, 0.2755616319172447, 0.5726194721794841, 0.2773687394393672, 0.6756702167425734, 0.42596281666204444, 0.2762716138043498, 0.5090788950659654, 0.2790105445550474, 0.1608924091540792, 0.3796771099411527, 0.34110882813942306, 0.23144585479755306, 0.5009491275682264, 0.5370178134719685, 0.5065447472862586, 0.39755570924014055, 0.13589495995968773, 0.44012864348414504, 0.24778945635574867, 0.5625487991764787, 0.6017197810053099, 0.5464908401245352, 0.27369146981728815, 0.37484040548906583, 0.36208534340719645, 0.30601449373631867, 0.2034165887537799, 0.3159657481193053, 0.21412286223379526, 0.48635909471728733, 0.5828913277637465, 0.5871302848237075, 0.36397369410309743, 0.486372734549499, 1.5931074301578598, 0.1810578286508448, 0.2643372326051321, 0.2597434712879916, 0.4506251392156026, 0.24465630865727858, 0.4194237710062529, 0.4048739307363145, 0.9056910309794043, 0.372119519290762, 0.8992322400061239, 0.5257591169400759, 0.16843399402554735, 0.5517505293358149, 0.6021880752876689, 0.0845135224795061]], "G": [[0.16330513780430717, 0.18249981501501533, 0.4021383570796339, 0.25205669010104337], [0.08869973612929986, 0.10607017307341832, 0.517479065874443, 0.28775102492283877], [0.14674579859244585, 0.17660689659328022, 0.4616692454692346, 0.21497805934504008], [0.09781639039295068, 0.1113573410595365, 0.6261369666764541, 0.16468930187105735], [0.1303518850071946, 0.14584008248989327, 0.21683132848855946, 0.5069767040143528], [0.14195567422555422, 0.16641235520218073, 0.282405431252473, 0.40922653931979125], [0.15586904033402602, 0.17801803878779104, 0.3903210456026538, 0.2757918752755303], [0.19895259025224693, 0.2366812645183972, 0.37036295653732987, 0.1940031886920255], [0.07683627280470041, 0.284330880774854, 0.33510443946570656, 0.3037284069547382], [0.06974339386174622, 0.08150843325102826, 0.5451070486036801, 0.3036411242835464], [0.13140429541869905, 0.1600435841263318, 0.25737774944965375, 0.4511743710053157], [0.13895611448361714, 0.16646429859568387, 0.48172427801359724, 0.21285530890710158], [0.10246318326696258, 0.1162671729646806, 0.38941899567546306, 0.39185064809289283], [0.08539297018728635, 0.1007056205682353, 0.48447538547693475, 0.3294260237675438], [0.17908830814840593, 0.21181445885862518, 0.3649764932820508, 0.24412073971091752], [0.07866231045749408, 0.07738019259811786, 0.4334370215590853, 0.4105204753853034], [0.1146567510278138, 0.1480589862612288, 0.13240367943701728, 0.6048805832739395], [0.025754876283941356, 0.029988524496004886, 0.47627776558826224, 0.4679788336317922], [0.1480771762930762, 0.1805079141166814, 0.35996855670969496, 0.311446352880547], [0.17322398238106082, 0.21381698533488844, 0.3916729420012859, 0.22128609028276527], [0.16118100512576267, 0.1766432945773456, 0.4917311569718598, 0.17044454332503223], [0.2343082526813395, 0.26650309404590966, 0.2255731874792621, 0.27361546579348905], [0.10796999545987027, 0.12203878384751636, 0.29661132226703707, 0.4733798984255761], [0.20622587419817207, 0.17104482379453465, 0.30854908483335725, 0.3141802171739355], [0.18901262665272842, 0.17369077207029435, 0.17437723120642967, 0.4629193700705478], [0.07862119022848432, 0.26095015482132317, 0.2900104449152398, 0.37041821003495234], [0.1753200667120783, 0.20824631567779125, 0.2748158563115003, 0.3416177612986305], [0.08420477283350344, 0.38628177819473736, 0.28827674628472805, 0.24123670268703198], [0.2659058958570918, 0.18214661482290134, 0.2223679183216409, 0.32957957099836593], [0.05192826334649892, 0.06692769254290702, 0.6427714185421359, 0.23837262556845776], [0.18075347953813647, 0.21349120503553437, 0.3606274868126695, 0.2451278286136596], [0.18293827181155173, 0.2179972630427057, 0.31046736170699013, 0.28859710343875306], [0.2362702078007574, 0.27874417660896805, 0.2251309488409705, 0.2598546667493047], [0.16072891517297558, 0.18498328189653046, 0.2596351233029509, 0.39465267962754386], [0.21624055604592865, 0.25958658151104985, 0.3183800920777922, 0.20579277036522875], [0.1198401861767854, 0.14238968807833835, 0.3887471459197101, 0.34902297982516645], [0.22240635504166706, 0.2699418421611932, 0.28122513359521584, 0.22642666920192406], [0.28295605760211534, 0.3483878124509643, 0.22639929212859744, 0.14225683781832305], [0.13550601257531422, 0.1684133383379329, 0.35305474542727394, 0.3430259036594796], [0.06223028946614243, 0.07194741557541792, 0.24585919295718603, 0.6199631020012535], [0.19845584207634118, 0.23642232485049158, 0.24582905907081581, 0.3192927740023519], [0.1517094340699863, 0.06440764090028217, 0.47246400937824085, 0.3114189156514912], [0.24078506953222498, 0.27361417396416066, 0.2971501143680424, 0.18845064213557164], [0.14947777431079612, 0.24560023963207195, 0.3333289439864123, 0.27159304207071966], [0.19729921673989614, 0.1622300521979665, 0.25157798802891135, 0.3888927430332251], [0.18638922132841432, 0.20768294448522304, 0.45451862728347203, 0.1514092069028909], [0.15740991073558455, 0.1904137578148843, 0.3521691116924507, 0.3000072197570798], [0.07340123566284709, 0.23307857157227085, 0.3800702079700146, 0.3134499847948681], [0.08890507918890345, 0.10179461681499323, 0.40862962405477843, 0.40067067994132455], [0.2641779550566753, 0.3193645570160436, 0.1942906148750737, 0.22216687305220834], [0.1954364674136728, 0.30948569515738483, 0.2785504064107442, 0.2165274310181981], [0.1863237741930769, 0.14403144117249259, 0.4704562073068585, 0.19918857732757134], [0.16904998687785838, 0.2866693918337309, 0.27007364359295527, 0.27420697769545527], [0.1978748657952202, 0.22717206631397807, 0.2948298326486712, 0.2801232352421309], [0.26929840198256727, 0.17135667160448137, 0.37421390022942214, 0.18513102618352986], [0.04714755705140227, 0.05533766218859613, 0.21410940920654578, 0.6834053715534564], [0.09276097284840738, 0.10608931905923272, 0.23122162182288825, 0.5699280862694713], [0.27233391694610815, 0.3145131215589046, 0.2542740186973119, 0.15887894279767587], [0.174223876307057, 0.209458083826777, 0.19173432308820332, 0.4245837167779619], [0.12175844635558014, 0.1464527042903243, 0.2830281716561487, 0.4487606776979465], [0.22482415841636488, 0.1357071214941823, 0.4293387663664196, 0.21012995372303267], [0.13607778979860108, 0.16520894482643125, 0.36855703623062125, 0.33015622914434706], [0.20417086389741096, 0.25053538163556244, 0.29975836511996434, 0.24553538934706262], [0.08959878500127491, 0.1111029863503189, 0.5128342255165413, 0.2864640031318649], [0.1462207865644329, 0.1730973740009831, 0.2932115610577132, 0.38747027837687115], [0.1913674755683558, 0.23148936615161886, 0.34940059629568293, 0.22774256198434212], [0.11743215298959556, 0.14451915740678078, 0.5030995459223957, 0.2349491436812286], [0.20292769324223034, 0.24778338516250983, 0.3218687255031084, 0.22742019609215122], [0.21899962595132894, 0.26092856548527693, 0.33093529867227056, 0.18913650989112293], [0.2355853790576223, 0.28120292461378155, 0.2574579188597738, 0.22575377746882308], [0.11201803913675351, 0.1404439381021067, 0.23229958642774048, 0.5152384363333995], [0.12294121283494833, 0.14472666362687506, 0.2717861465100572, 0.4605459770281199], [0.3402687714175794, 0.25198948376034325, 0.21414823113230794, 0.19359351368977024], [0.23017394915617487, 0.18021418059045297, 0.31793895146260853, 0.27167291879076344], [0.15914722233279374, 0.13713179423847088, 0.4987124081502165, 0.2050085752785194], [0.16361743357774625, 0.23347590200041124, 0.2680246728505777, 0.33488199157126547], [0.07670184869478897, 0.1847790447568175, 0.28195694328142196, 0.4565621632669711], [0.09188689323767607, 0.11084871963529393, 0.5079167967536787, 0.2893475903733515], [0.14357244227400182, 0.16586300783877525, 0.41993409534138415, 0.27063045454583906], [0.26187361886772054, 0.1922772390620215, 0.26842335239762544, 0.2774257896726325], [0.2058287690050219, 0.2518691835978362, 0.23654050837848123, 0.3057615390186609], [0.18034631387036404, 0.20418853710571966, 0.5166783218642909, 0.09878682715962532], [0.03289695028712757, 0.12186371316316924, 0.5176183866820993, 0.32762094986760393], [0.1819154452392505, 0.22246951461113268, 0.22178919610824643, 0.37382584404137065], [0.06321177899495933, 0.07237166402066458, 0.4974536044162487, 0.36696295256812766], [0.24631893723850437, 0.289578716760733, 0.2777345750145268, 0.18636777098623605], [0.16333025106063845, 0.19414474255911165, 0.4473026920223805, 0.19522231435786927], [0.17302232210130208, 0.2099294685147384, 0.2995185946773308, 0.3175296147066288], [0.1852619260928631,