{"estimation": {"a": 4.659705012241562, "rho": [0.13612742657784072, 0.15745989193286408, 0.34359487432033275, 0.36281780716896167], "Mu": [[-1.9242848814149238, -0.6094738482087678, 1.5482989584718876, -7.213998255587134, -3.247804601151647, 2.4711106834724665, -1.3307960336205977, 1.7990408488944332, -0.7085114410869651, -3.3379359413464504, 1.5031425373183174, -1.5934967976669265, -5.708347086410324, 2.655116034318583, 5.5497677625247155, 6.316853423421078, 7.041781277696604, -1.0239155123180355, -3.495761175367255, -2.2356137034997396, 1.7007704296629054, 3.8340272409457397, -0.5531006838462948, 3.2089154958728217, 2.668700942052893, -5.102055573136124, 2.1072016123824135, -2.0237629614362866, 1.1888155323761842, -5.279838654563625, 0.24818308703519407, -7.008184441507497, 1.4340366650992393, -1.1030324629051163, -3.1503976322301215, 3.893062213561651, -2.1920357874223084, -1.8288136730991513, 2.831304568811068, -6.308239291589931, 2.6499113087097177, 1.5546824392377712, -1.3440301360776938, 0.6028993369071274, -5.247069513334738, 2.4617143369607244, 3.0361306956120404, 3.009506405006768, -6.377488533815716, -9.72052376113969], [1.6619391470099067, -1.9792431224255105, -2.198935403695638, -0.552334572878972, -1.9611917557940735, -1.222937155275069, -2.105309946804731, -2.8479447409621703, 0.41109705859189016, 0.3119251755158413, 3.4581330222239655, 3.82556975195558, 4.33104813566298, -0.6109484252532013, -9.55954853567199, -2.8048263485032887, 0.7433973075547902, -3.9262150763719403, -0.2074880303091086, -5.346476198478172, 3.5198504024985526, 0.7730223758249227, 1.5340881813865355, -2.567617061274556, -3.1949710461075878, 1.0998723419977119, -5.0397459466276935, 8.004723760557722, -2.9964568161904803, 3.6780965551427602, -6.856825012646081, 0.58950115083402, -2.0050033745386227, -3.5877858729238596, 4.733847198360885, 2.3256785233235213, -2.5963788187937027, 3.214064815636413, 1.8066379713848877, -2.5607922690154195, -3.703307765666905, 13.946550291523732, -5.377464529261169, 0.883956270984503, -4.2075612837124545, 2.5638087581316666, -0.34685055547186344, 3.5826980281585583, -1.9232199733788369, 3.898602797874927], [-6.580067925593691, 0.07362115433885637, -2.0444606136660273, -1.8417873160788216, 0.33086125340139094, -3.5086299190240196, -2.1095668380665633, -1.1538474033811215, -0.21211893599790835, -3.473963174794174, 1.8286928864554646, 0.6867749525806407, -1.9283676985384175, 5.65735109734344, -4.35818865927208, -3.551953434031254, -1.1707520288869007, -2.4484061442893785, -3.7013713408460442, -3.349837189762389, -1.5395529670292527, 1.3559677956224085, -0.17423825999483014, 0.8256319766252381, -2.0922201821929485, 0.5789242768837844, 2.3317508625644763, -3.383438223903199, -0.21955629691809703, -2.641872277428201, -4.394994320360708, -3.335964939256208, 0.7062796247763893, 6.423951938994563, -1.3921136847127702, 5.178749729483069, 3.4883749380105424, -2.5549581009829576, 1.6133810938191424, -0.915358171674773, 2.0725892775006884, -3.2956253790522845, 1.0124837271475031, -5.356970996156888, 1.6268032207125835, 1.327170056899214, 0.3655568170716946, 0.8026896723210468, 6.127138534099944, 0.86274544228757], [-2.7473235013750874, 0.8540696469747848, 2.4179056667970116, -6.5188362102899085, -1.3099498502499496, 1.2203908004198007, -0.09666631133528986, 3.3350595197043758, -1.4923205772315022, -4.599528960767142, -0.020475848057613957, -1.1033392961179194, 2.289453761913914, 4.932898394815207, 0.9524776464043577, 4.152424400308422, 5.554895189539151, -1.5222166580422716, -0.7370212654755037, -6.195405988551965, 6.592939708390774, 2.8164628010504753, -0.7333376420276497, -0.2778931696202877, 6.952441119192677, -5.850977715088448, 2.9280563275391125, -1.3727181792453231, 1.1410835130460706, -0.4402204119186154, 1.575113176125721, 1.6918021548251312, 1.6295751391843456, -2.1636613923155488, -0.36491002856781785, 8.410084751899026, 0.026687810263780073, 3.599448734038785, 3.353582968288575, -6.1514470535210215, 9.494573908359348, 3.0294534652625984, -1.39036303504628, 2.91198937269419, -4.136295844112887, 4.337986368713304, 9.419998186073569, 4.092111056204446, -4.580446159436867, -5.881307184471963], [-2.981828700712663, -0.5663567137521939, 3.6886318276514984, -8.004472684016442, -1.1281480988959747, 0.14162792904856233, -1.6823205134820094, 0.2530589900102191, -1.0526098131444581, -2.1598157171714587, 0.005136975587658703, -0.028011524044636842, -3.361894639275976, -0.7748989981535317, -0.891769544961639, 0.21061728511954167, 1.0224556148676838, -1.5639453055250478, 5.292288212152748, -0.40777145121858915, -0.08677384602447873, 5.180831456092169, -2.869537845274553, -0.8265112258866588, -2.339833854052162, -3.4469550561920608, 0.6973563150013674, -2.5600395304395733, -0.53355941478947, -0.0007606878565782482, 0.1275062357418089, 3.6872976837158307, -3.382696929656997, 2.015595913270085, -3.5694967759735476, 1.077671845430372, 0.46815732197168636, -0.24988651210618093, 3.5041885069766647, -2.871703033668073, 9.28670882223968, 4.656684025464023, -0.47624912856099155, -0.787092419383815, -1.8228066513357521, 1.596555413103189, 3.2609932897261715, 2.056145034991559, -0.9013710960103105, -4.301730499854745], [-2.986769443188212, -0.724094014513947, 3.9105069620214437, -8.031874196390628, -1.028861785049568, 0.009910789153452709, -1.5616613951443041, 0.21236297831873568, -0.7935168858626025, -2.479834902995371, 0.14670702761299703, -0.32929428112562786, -3.9320634756968884, -0.6180116337263263, -0.8779618504969087, 0.05618731308208328, 1.3421378034476859, -1.3733482961478307, 5.536732841357062, -0.49342076560188, 0.2719086265439505, 5.080743626943544, -2.7366181642110137, -0.8049608222485636, -2.8032127660187336, -3.3535849330906036, 0.7517625410839622, -2.7940564966150854, 0.037147871509040184, -0.583872305842457, 0.42427841885101425, 2.3892171154407698, -3.9179331446949264, 2.2519970181809255, -3.9561691800465253, 0.6352476181306256, 0.7204482165190949, -0.2789855185108071, 4.100595942649712, -2.4879588205713357, 9.328972081953669, 4.782237659802525, -0.5524259156029591, -0.9483331186392688, -2.0637382884596382, 2.109236024618621, 3.3072737782481485, 1.83210611443931, -0.4136379115574579, -4.053313122270276], [-0.8639223522829517, -0.046803777537086505, 3.4005878418027606, 0.34955787262299043, -0.6685746024215531, 1.9246141373020318, -1.9798133863370397, 1.2151789934915354, 0.48959918932592805, -2.401400703984382, 1.4385801243853649, 0.6980690701348773, 0.7116737336780312, 1.2222262805569815, 4.3511459510601345, -0.10935963861282161, 2.944782613255532, -0.4521142061720428, -1.1511202659752828, -2.207311857024092, -0.514064133320379, 7.594980776624675, 1.647973419594347, 2.781963566083191, 1.3306787901503905, -4.508576059802015, 2.3195453202610037, 0.8401563429375658, 0.3444602636698598, 0.23600497712590515, 0.6611980848615834, -1.8420727962001693, 0.047649630592343804, -2.0797837796098295, -4.962836179741452, 1.6800368438437154, 0.5629612117155379, -0.2556184420318813, 3.14213205330002, -0.010657679277959558, 2.8554485546856743, 0.9977247850963931, -1.7644321574311304, 0.5435616099534614, -1.3721593637913128, 1.361238947885267, 1.7370242369104518, 1.6953182859239748, -2.105497649879822, 1.3919944488712874], [0.2484313999900913, -0.3597624311977431, 3.153865877155629, -0.8620258429342251, -0.4625813575655831, 1.9601054648531258, -2.7811955237849992, 1.946512192083109, -0.6444394721130761, -3.2977438085414743, 1.8642165496329406, 0.23751424044471467, 0.8145874571427549, 1.99355697581726, 5.7689813990694425, 0.8808714725629733, 3.1901804951468695, -0.6999045998558573, -1.5106566826733108, -2.7229510559006016, -0.3558452863345352, 7.7850477873036015, 0.8957409168498992, 2.9756981027775855, 1.856212794260235, -5.0492216556001, 2.802166641638221, 0.38505478741441057, 0.6736806255586477, -0.05854906683375762, -0.07616170500374282, -2.0654537630137932, 1.345096444969499, -2.035308711011102, -4.74159459143862, 2.9812320412832403, -0.10299537093299133, 0.2742635562699785, 3.6493499699360816, -0.5832804666847463, 3.5238619774785844, 1.5750955734005427, -1.9398022303960256, 0.8785952253755711, -1.7127448518999682, 1.8942240509169803, 2.1420873187963516, 2.1543896154119806, -1.7242846765934925, 0.8977459640711437], [-2.665652696284265, -1.252941636188831, 1.4170000709494581, -3.1286275878424563, -1.508793842682136, 0.6448298961589619, -1.1596949163532473, 0.6165101767032017, -0.7586751647588261, -2.9973506359002484, 0.5693422274276322, -2.3768231236858184, 2.6020410254990938, 1.5881798212041096, 4.981718923529791, -0.11372227285305292, 2.992729595167973, 1.8561586226790483, 2.05554858415114, -2.309447567754396, 5.518436752970887, 2.7323618302010027, 2.2181916176634995, 1.1471300780807772, 0.4093380738696075, -3.523289872719954, 1.5438306566530244, -0.23424904775427235, 1.8937747107177336, -0.9768272679514196, -0.7848111739830806, -6.340353882867355, 1.0955996751995338, -2.2447166552414726, -5.065395645568687, 1.298770029162733, -2.3637149107557107, -1.190795282639048, 1.0307888205512232, -0.228156381901234, 7.019397937957824, 2.217399393549386, -0.9959559461083087, -1.7466065644663575, -1.039153513023678, 2.5274906852744037, 1.3264415019763542, 3.533658018102743, -1.242627490571667, 0.3401512116913598], [-2.962169117151991, -1.4959345682303653, 1.8017582168886208, -3.3054007917043347, -1.7481387802257176, 0.7042536881907693, -1.3237654750926766, 0.4643034885661291, -1.0907606768338158, -3.2332110532427296, 0.429582734560883, -2.618749163105054, 2.2154831782895386, 1.7910965123762392, 5.270580592778901, 0.56094157690195, 3.3687398233544075, 1.6561994487047247, 2.4058879496841694, -2.5788226374246244, 5.579542250470481, 2.8206670316798244, 2.1754937806029258, 1.0082586348854017, 0.27589673788981894, -3.9877008781996803, 1.4597654768238482, -0.3975476457633132, 2.0590551369626926, -1.0039152263496087, -0.9444890949214862, -5.973771033600017, 1.834410888790387, -2.286310525899948, -4.844052076936282, 1.2869968867368247, -2.261893162567746, -1.4440254184542214, 1.3663960466240719, -0.050467667902726866, 7.66413906507416, 2.5540968074563732, -1.0522888607443361, -1.5719793462094633, -0.6281573011749367, 2.5312466765057784, 1.6195507175293542, 3.4656532117567447, -1.1120915919519232, -0.27933199228244965], [0.7851262413044917, 0.3348255544223476, 0.7519434407123015, -15.908256739898853, -0.3515668639555661, 0.1352983168555184, 0.8189162806037102, 2.580877261515626, -1.9995265033990972, -5.383934995627127, 1.4154325361058913, -0.0556073105878708, -1.0413212799784082, 4.761059503766766, 6.124134505083694, 5.272578645327367, 7.234085840495643, -3.185696251699792, -2.429752457150058, -2.1746988749359106, 1.6034100749630693, 0.6493525355655154, 0.4235131513671604, 2.0251423100994366, 7.776830697278107, -4.101204731201378, 1.4898676667914965, -1.5781515491637552, 1.1491257649988658, -1.1138594888112603, -0.5487490263445204, -3.7212653312567245, 7.9092227098238705, -0.046165418705080834, -1.7617124943287945, 7.135813422683918, -1.97967735990055, 1.4188750432286645, 1.7789099114874904, -7.192057530751003, 4.915062453331304, 3.5210218613046287, -3.3218567500465563, 6.533822618574779, -9.330243584618033, 2.7358055759995508, 2.2976317341278607, 4.029786542606049, -5.478883558789662, -13.523428901393217], [-8.953392041581157, -2.3775775682515747, 4.1084197582452795, -2.8231709744554454, -0.9576398489414234, -3.1861299978101347, 1.920749672345323, -11.646546499057528, 0.7266820036313363, 0.7443402857131844, 0.5796890244708286, -2.355172559827216, 3.8205360774031796, -1.2140894131583535, 1.6747147472787811, -0.09117854342710281, 0.2708650530292218, 0.4250200858369026, 4.696460401656717, 0.22973772942699675, -1.1793133342063602, 3.749454864176033, -4.454971528316871, -2.7608585405173147, 0.24692787831961494, -5.476375250194016, -0.341890407108118, 2.5234630453840112, -5.421958840812639, 2.6852846341564307, -3.2058921142225794, -1.9584717844528323, 3.6069467350879902, 3.3704533958529725, 0.8817677165124505, 2.791187018366422, -6.315338586548562, -7.21246289052817, 1.8792212650256368, -3.9379449298306937, 0.21648460764151592, -3.148918113228509, 5.121946483003323, 0.8034753273426326, -0.13947427175328433, 2.9633029840241294, -0.10090295953892875, 0.7442544418138817, 0.2997710604484985, -0.5681727983399902], [-0.8830054482058703, 6.546331289290257, 0.9327661071017839, -0.7779094015732643, 1.4243525639203187, 4.089118194856072, 3.1269511935955703, -0.42628414030995443, 3.081073205483476, -2.080914733454114, -0.6416131051463667, 2.9371646694018656, -0.013964706907399552, -0.8188260525847216, -1.3731348776834011, 0.05820124507902371, 3.949782689720978, -0.10490369168938955, -0.8329311105507392, 5.332761606868074, 1.0568283658633044, 1.9621801422544236, 3.5673793483061575, 1.0870380991560298, -2.481380385311995, -0.726071187563894, -5.026884723181105, -0.5605567962444906, 0.3018555833622705, -0.36469370705875565, -0.668863422495904, -1.9190131607439638, -2.359558167312741, -3.853692913718714, 2.249864473938939, 1.0386984924460918, 1.439414824117492, 0.10854379253264829, -0.868684035553172, 2.209452619911944, 0.6794900754530683, 0.36264504811565473, 2.137433614991725, 4.119529497466278, -0.09630404422093905, -0.06983183649812669, 1.2438329940560815, -1.0675533860635373, -1.8114125056203452, -1.6040460027994843], [-0.9245958615801938, 6.499043044685121, 0.9829470294523639, -0.743823455812828, 1.385066419860497, 4.03906022367466, 3.0276491056566015, -0.23018214113476193, 3.0243515900737634, -2.0643745993138785, -0.725418628028278, 2.7251508516045906, -0.0240142333424656, -0.8879210368282006, -1.327369634303036, -0.037235049053284855, 3.948639722727962, -0.14209250351248842, -0.8316575646025081, 5.2925386532482666, 1.1001789961850794, 2.040884696137052, 3.4413313650101016, 1.1799475791072633, -2.4107110713336177, -0.8612859790921107, -4.951597550956482, -0.5526176465347457, 0.0785794201524766, -0.373777336017103, -0.6927329631362532, -1.916834967427237, -2.3088497153140377, -3.7032289328125265, 2.18612552297275, 1.0766610270342007, 1.3128328952526902, 0.28694380526601204, -0.9351031076862989, 2.214803657247421, 0.7103348115816093, 0.3909602364129055, 1.9992695149634554, 3.997737196304302, -0.12735117896422185, -0.028457110476851077, 1.1255354631842671, -0.9512971258083606, -1.812645927610579, -1.6098411958021663]], "Lambda": [[0.4510087120916694, 0.3494725920601762, 0.44528378841099264, 0.3543434324233575, 0.18593649218412414, 0.602423178006769, 0.54853112975962, 0.5644118375708744, 0.5254351478295884, 0.3389620538040752, 0.5586013351053735, 0.47440165276690577, 0.09231834236783144, 1.0389171329401048, 0.1819516560329298, 0.13685173191212058, 0.2958673920041571, 0.5267823643823933, 0.5677005528051968, 0.3834154078274005, 0.27494423959022857, 0.20732813514327295, 0.3892683514102675, 0.364169130934841, 0.28396916333353944, 0.7442995245817391, 0.5886540018531831, 0.5289071382519402, 0.835522235943478, 0.15358633566198207, 0.685570228273215, 0.4202755454326054, 0.5437242769924453, 0.28931406172255186, 0.8145266870341683, 0.27591647338588365, 0.5492629429933465, 0.49430512931323844, 0.6348807678892331, 0.11557483731666988, 0.4260624983649968, 0.29868818295212185, 0.8776374197530982, 0.4333785080663669, 0.43888009862465144, 0.6869899602647521, 0.5224813231880859, 0.5534600764298766, 0.06906730625604338, 0.3205258100119165], [0.3342138576202573, 0.13826664579948642, 0.3019799235076496, 0.8007264360802328, 0.7556902041615858, 0.32937847159357914, 0.3663736428457185, 0.6445903616908185, 0.5032129558063443, 0.3211349931897204, 0.8554253812534585, 0.44188832745904405, 0.7461648827316174, 1.091433838762984, 0.1996569380802104, 0.2070249460446398, 0.3667445166029076, 0.43142908977341726, 0.8448838734870773, 0.11563050623455941, 0.37607596407961985, 0.8000921597251146, 0.35568726055494454, 0.6094187240928082, 0.4288502966263648, 0.5786286320475736, 0.23039853001490324, 0.23572277994325652, 0.5208738956458977, 0.9032139236231294, 0.38729227012905376, 0.5211810816721832, 0.2762915791345541, 0.43238513403486484, 0.32439599585723317, 0.4237213206297269, 0.25521549272624505, 1.0861241696785742, 1.0596147103737101, 1.1206658029187127, 0.48749801852707586, 0.13933466289837584, 0.30010710795883555, 0.47511828870364053, 0.34453800594021544, 0.7680745549936085, 0.5709695547338597, 0.40432170220393765, 0.29935968491970755, 0.27646309788485235], [0.47663390262132543, 0.5245946077655713, 0.4033971067695514, 0.2206238180464079, 0.5000214575738591, 0.6678815044039197, 0.43166334389356376, 0.30175266581267274, 0.4855225152812164, 0.5079090566468873, 0.49481853947612553, 1.047956428200981, 0.9043275982713779, 0.18332786093480358, 0.24719807141806235, 0.13023183924708798, 0.6816292925103671, 0.4339751833468635, 0.3819460952990523, 0.6708769195435498, 0.41497349883846835, 0.5545542517014543, 0.29947480002117266, 0.2341392639863122, 0.3521434799646719, 0.5499687211100199, 0.5011169078270633, 0.34257685065256865, 1.0341686817045566, 0.45154354920923656, 0.48706579682893736, 0.38018547575459355, 0.4163011864599543, 0.19549604774874257, 1.0241103597509131, 0.20959463197075384, 0.8014370778992929, 0.3703697837743963, 0.3300006156651002, 0.3888845765957758, 0.40920947375270766, 0.4460901953878629, 0.38011903569883354, 0.472552889765151, 0.8116354884332684, 0.1932059515923743, 0.9620561826782822, 0.6905781607669575, 0.5861999388808293, 0.5367437114477893], [0.39652132577877397, 0.4230102856623636, 0.35460727803856495, 0.2533087970502045, 0.18363087359408534, 0.5349616441614465, 0.9253974255868884, 0.2279131797386676, 0.5279694584774121, 0.30462747268225515, 0.23534003175957813, 1.055063937501469, 0.32757687644597866, 0.2634462002804837, 0.6753048665559057, 0.304166928644054, 0.5303229385982097, 0.5519751322283692, 0.16264998580785617, 0.20619937062700586, 0.19485583863575823, 0.1868709355475086, 0.39917013939818224, 0.5056072152181869, 0.21360350704498476, 0.39761576421934497, 0.6521935891478999, 0.41891592598455446, 0.44816467526610165, 0.14309157122707364, 0.40937823109385313, 0.07644802566829206, 0.23279508430433232, 0.49446399321268225, 0.8899520919681806, 0.23997731667122973, 0.6702920819825601, 0.28926671264466586, 0.4201969917697587, 0.2310332568954718, 0.26141119469937385, 0.3776159210569625, 0.2051930421970383, 0.18487538847716917, 0.41562580914277625, 0.2702985628746885, 0.17224309415797065, 0.57725240048816, 0.29826316721530866, 0.3974831774057588], [0.4661884358148965, 0.44056709571901426, 0.4105261758266592, 0.2874119795725071, 0.34971594254360044, 0.663336832901115, 0.5996770169763546, 0.46461804865322437, 0.6247703096406348, 0.2975643184149205, 0.6387750402981696, 0.4052106034957755, 0.29400359445988977, 0.4799057783022027, 0.6999652340266118, 0.4243200145535271, 0.44342565259425687, 0.3442263849207494, 0.30665364214197044, 0.3447218105235853, 0.4366211050828486, 0.5496217173514686, 0.25788519283555345, 0.6855770327387465, 0.2945502360396517, 0.48725720511435894, 0.6052311971175074, 0.6412816574210071, 0.46229333125466504, 0.2545646008362155, 0.4225499513139983, 0.3895312907808225, 0.14774395218857517, 0.3014960498421916, 0.4108274204581306, 0.4779669569890598, 0.44748058757616904, 0.4762835785501769, 0.41017844605224024, 0.3313148526880124, 0.16897846276287487, 0.40903157778470733, 0.49223306698855446, 0.603478897314285, 0.47562466808360104, 0.539811831481304, 0.3713072309018998, 0.8620970254034719, 0.4198673203784925, 0.47096901919728534], [0.4640889802591404, 0.4539872974932147, 0.3904975802722944, 0.26035188210345084, 0.3509863916968492, 0.6248081080645028, 0.6422435158874563, 0.43628228909714656, 0.6122107163006331, 0.31204709923242097, 0.6437808612919499, 0.37605880750437004, 0.24690450428059443, 0.500191205428355, 0.6375514548471424, 0.38241236457553773, 0.4255159344223875, 0.34002957605210626, 0.2668259858330394, 0.3367508225620242, 0.4121577599626899, 0.5637551301301603, 0.24473127825853644, 0.6744458849123461, 0.2582933422148954, 0.4909786478466769, 0.6684184840884612, 0.6345927221006602, 0.43806665709640163, 0.23391848634985338, 0.4189655901379642, 0.3588680610099693, 0.13514020901808407, 0.2850237838871431, 0.41426140051990595, 0.48495897134744487, 0.4510663468922466, 0.447472911539518, 0.40768121940587454, 0.2981057599087975, 0.17486522968148713, 0.40194287516451116, 0.5373169300799687, 0.5980927072350083, 0.481713981048749, 0.5171144603661803, 0.3881368472335529, 0.9432335424192537, 0.3979562261098913, 0.44076445871726355], [0.3835390874065016, 0.8824710012012559, 0.5130485056565357, 0.2167262399345572, 0.5170198232493887, 0.6396335013937992, 0.5256754705046582, 0.42205921212560515, 0.43840005959885636, 0.3426581526785753, 0.4726209108957269, 0.4236313687917125, 0.41257569913287157, 0.8150099058596632, 0.46085818611813417, 0.4767084556176352, 0.3763943025485898, 0.5097029251616385, 0.36220214596448147, 0.4130123702966562, 0.6176960216771412, 0.36051042521034526, 0.4421638074343476, 0.2821123464804687, 0.8298778850819791, 0.2656307576333158, 0.6003540484727573, 0.30699086571255657, 0.7083024306944636, 0.2791882835365486, 0.4730039408819033, 0.4781463826282529, 0.4925137505460771, 0.47711460337964956, 0.6838738202131723, 0.3943254498595533, 0.431338612954465, 0.4976538643258159, 0.5941042580256058, 0.31096618598382686, 0.4296375984434973, 0.6257729996913761, 0.7215252780326706, 0.37481398138828254, 0.5086699705697497, 0.6315109217673501, 0.60892972764871, 0.36125342477109007, 0.4971822794679645, 0.31540748159427756], [0.36325454395308665, 0.9463488948183599, 0.5273164774940894, 0.18373834237382322, 0.4716656224680561, 0.6688043167903753, 0.5200641351085381, 0.4513751449203114, 0.3944632793749607, 0.31168359384270666, 0.5237993642902933, 0.34916778897148126, 0.41203458386394964, 0.7858048754621778, 0.33728809410324523, 0.402191739875351, 0.33097898190408376, 0.4592855913491339, 0.3815655320082111, 0.4332938812852093, 0.5527543866164382, 0.34324624536087167, 0.3988903213540324, 0.28262273151592404, 0.8890776801620347, 0.2553210306381731, 0.6515106496337791, 0.28589198700592094, 0.7248577564904415, 0.23165307796506257, 0.4375831212374214, 0.46361029339824206, 0.4767040912798036, 0.45994348771963117, 0.7448261195271915, 0.34852617430473826, 0.4273471037213245, 0.5048306911508349, 0.6328821502614712, 0.2649314397120359, 0.4538057262936482, 0.6677377305830273, 0.7892498244636384, 0.377666170976058, 0.49919773762324043, 0.6938759034031124, 0.6036482277974929, 0.2770806324811849, 0.4184568598396319, 0.2600487048030686], [0.38986563106413236, 0.447482837954446, 0.41901940420985023, 0.6242851999973779, 0.42102171003459465, 0.6183630399346296, 0.4372786471058272, 0.8052391357544209, 0.6019379906345034, 0.45099420427423725, 0.6122945767069969, 0.5438536327008614, 0.33631228257896284, 0.687884307267369, 0.19407203954309915, 0.5411403445479711, 0.242287297331232, 0.46867107947635195, 0.2225558146044981, 0.38746226945565077, 0.33411426256437227, 0.31642738000194764, 0.624482157719899, 0.25177284187307775, 0.2648341391731502, 0.3487185515866034, 0.4986808491493408, 0.4409286867556845, 0.29631749396449564, 0.36298477995621603, 0.45691175583962473, 0.24873509910453764, 0.4770863495312493, 0.70754430272372, 0.43099119530843494, 0.5769599863934785, 0.5641036772848345, 0.4220619051773377, 0.5195518692043338, 0.3649156070031395, 0.28094406878098077, 0.43665823291497563, 0.7719216550645931, 0.48584085840338775, 0.4487993780859014, 0.48793724549757, 0.43553132265237804, 0.5374029844927212, 0.7413233688142743, 0.1486330893719897], [0.3926270605937678, 0.4407497483325628, 0.3874919554635114, 0.6316935884920548, 0.3967925775119265, 0.614181637400301, 0.4577717204381769, 0.8406617991552054, 0.5831582552521821, 0.4619798849451985, 0.6189284305587536, 0.5218761173510066, 0.3387403806125094, 0.6512151198119269, 0.19090587913755508, 0.5250652266555914, 0.23885276087836826, 0.45571861728618235, 0.21807900580292158, 0.3736671299318511, 0.3159569112539888, 0.29286816085482664, 0.6292375767441677, 0.25644550491864465, 0.24813194484553927, 0.3169530095543985, 0.5114351551184367, 0.4322743329277628, 0.2771517141412715, 0.3656958413044976, 0.44785456491118864, 0.2507348627972419, 0.47780198853432787, 0.7342694201388896, 0.40052214197033054, 0.5314404114161863, 0.6196434526807812, 0.399403516003413, 0.5214274396274101, 0.3603168372167716, 0.23745451190115105, 0.4397997436928485, 0.7518316470413567, 0.4906653218332425, 0.4270839169986022, 0.5043014530464512, 0.4280918047082348, 0.5270461307874531, 0.7542367218925641, 0.14773177223390274], [0.5474556889426336, 0.26481499557521937, 0.6225722198299771, 0.10611797337124892, 0.19209313246224585, 0.5371521358226867, 0.4381012503004569, 0.3792451168278089, 0.4222221041979161, 0.552415237923086, 0.8287197305930657, 0.8998520667047424, 0.21469491585391376, 0.447682210305103, 0.19274199380599805, 0.5878331071603591, 0.1768692598199967, 0.5010841110558917, 0.5681826108874369, 0.2368396200142725, 0.25634591148150576, 0.5478214525600834, 0.348070290095182, 0.5070420800031341, 0.16816621091536701, 0.21674887619857863, 0.5287780685390314, 0.8733669258996186, 0.4214456532884783, 0.5911137436386232, 0.5963459069573367, 0.9915707997074052, 0.17938991854172626, 0.5038633280349984, 0.6797415246332974, 0.4847774934224018, 0.4982661508514954, 0.4272546779846101, 0.21660998725067546, 0.10502494910802423, 0.2453798400629149, 0.5430564015587098, 0.42335634563660435, 0.19437545010140422, 0.17628404488017116, 0.9489074071060748, 0.3017741316332334, 0.40958026735415515, 0.26586201932064224, 0.20060219428292547], [0.196888951038708, 0.4974617547806049, 0.44186365335415834, 0.7896875040563738, 0.4411095980399813, 0.5326136314103508, 0.57176221882743, 0.06165719631324528, 0.815769687624156, 0.3768852219033472, 0.34107725699549196, 0.36447873892850635, 0.13056546539301409, 0.3573799993458762, 0.36628309905057954, 1.00626015139351, 0.2736139187118765, 0.23349843618985855, 0.4941024299423983, 0.5810042948685192, 0.5117898810356579, 0.3697928562948129, 0.1792144384615497, 1.0017654027928338, 0.3871408297687639, 0.3744731093893223, 0.22811909635288574, 0.590413315927133, 0.140426600165384, 0.22082860906611246, 0.3891509765887788, 0.34649956007962057, 0.5701644069479752, 0.2749671794863715, 0.9678436072582743, 0.4931738396730739, 0.36254934228155855, 0.1351078116092845, 0.3981776514179575, 0.11742304321999851, 0.4229513266624803, 0.5125092556165965, 0.4238539157639338, 0.6862409460921385, 0.18030090693617754, 0.6375574857514851, 0.20910071772947017, 1.3191844863279345, 0.451584011740779, 0.8037341582273462], [0.6368440921076576, 0.22005014630377923, 0.32818210997951625, 0.42358570207170304, 0.2727312113635128, 0.21490122255261215, 0.2619799546349566, 0.32359170294763534, 0.4903366786483671, 0.3654275859226806, 0.22830258463521255, 0.24750354598079116, 0.48538396047286453, 0.2564235481227076, 0.17341603552515397, 0.1873139684766055, 0.15621740360105676, 0.8210566578740287, 0.4419493028093627, 0.22095453010337787, 0.7694582968840676, 0.3054899991577518, 0.48514882768666995, 0.2242149250085464, 0.19307069768891905, 0.17236274763833864, 0.2867964234121817, 0.37212873185306083, 0.17233016660637906, 0.5077893152307883, 0.635356110500077, 0.36421058965439923, 0.5922112374352221, 0.40669661471227253, 0.26593468044362745, 0.5779195392342442, 0.6451821156964956, 0.2390300476855731, 0.6721982275860111, 0.2512577336766899, 0.463112379009815, 0.5918487458561326, 0.32192940904577133, 0.40734311018563196, 0.9284805537198033, 0.9462365014415091, 0.27884743916489485, 0.4766108748179441, 0.20356468565174018, 0.1892424227290659], [0.624240060092902, 0.21427337502111424, 0.31927488754675293, 0.4003238402928836, 0.2636135837414583, 0.21764723675983713, 0.2660172720128226, 0.3280711640142002, 0.48488309355246545, 0.3624734536231433, 0.2357385852428116, 0.24293990863088016, 0.47286745163601784, 0.2625981070542384, 0.1694784426842726, 0.18133299119659202, 0.15562307991468247, 0.7913124937879689, 0.42218310311245677, 0.21040866411196238, 0.7725018186979135, 0.3086732920739876, 0.4734450747804893, 0.2242077153082354, 0.18641083296014332, 0.16897346063029586, 0.2806179473363122, 0.360410403697974, 0.1727029995664167, 0.4812008216721961, 0.6385807657149296, 0.33458807986413414, 0.5787105641056448, 0.38807221373813305, 0.257215236485331, 0.566004575035683, 0.6470367595770874, 0.2298074843769229, 0.6365419252411875, 0.2382788976832714, 0.458569304547612, 0.5821373130988858, 0.3255622170567922, 0.3981053548361156, 0.9084054326718328, 0.940539781496387, 0.27206334502512214, 0.46696685804705723, 0.20317500942517927, 0.1835609159445143]], "G": [[0.07316816578136716, 0.08206614833953235, 0.4091955031700138, 0.4355701827090867], [0.1163688496904058, 0.29489055412691345, 0.28934071488865365, 0.29939988129402745], [0.20427808099401662, 0.030649899966909446, 0.3766213658747295, 0.388450653164344], [0.08224915740929956, 0.10635467338151085, 0.39104758025190905, 0.4203485889572811], [0.10758841256018638, 0.7375762883566934, 0.07363349898762137, 0.08120180009549892], [0.06189197603428008, 0.043993953796121914, 0.4319769585322994, 0.46213711163729804], [0.01789357929387638, 0.12045615594762732, 0.42111608464527184, 0.4405341801132244], [0.20783527850381553, 0.20709138730263704, 0.28241782682599664, 0.30265550736755115], [0.21791665276585648, 0.23504504474985288, 0.2644120992621634, 0.2826262032221277], [0.032851963629122606, 0.4649662128271096, 0.2441150260021871, 0.25806679754158157], [0.2533864006592763, 0.025532376287672794, 0.3522474826018018, 0.36883374045124856], [0.15796591353229436, 0.18183358386454976, 0.32240073126293123, 0.3377997713402252], [0.07729576743529655, 0.3580315613177057, 0.27317059248060627, 0.29150207876639117], [0.04930287559274109, 0.044048032650517994, 0.44338372447579866, 0.463265367280942], [0.06587865436525564, 0.07460557348365826, 0.4188225105316584, 0.4406932616194279], [0.11321111195101363, 0.06348452471916212, 0.39617464959655474, 0.4271297137332702], [0.05322363278413326, 0.07170577924732405, 0.42459961214408853, 0.4504709758244543], [0.11808139827244044, 0.13341634352254406, 0.3619360423301559, 0.3865662158748588], [0.6486035785220496, 0.0204234448145816, 0.16350046549293348, 0.16747251117043502], [0.05114752346862932, 0.339715289889177, 0.2945738367509166, 0.3145633498912776], [0.101478726785784, 0.11780182449323878, 0.37950283003990337, 0.4012166186810739], [0.12874773177986554, 0.15340318755214014, 0.34632314761195926, 0.371525933056035], [0.0540557615442106, 0.06660044331826141, 0.4270654052289434, 0.45227838990858465], [0.022209016859685494, 0.015098187882846519, 0.4736655028845769, 0.4890272923728906], [0.10914070375377603, 0.12664875949528828, 0.3723678494414785, 0.39184268730945765], [0.2909471302781387, 0.32239290436102114, 0.1883583815624175, 0.19830158379842314], [0.175657511805999, 0.34186023683743766, 0.230542965576243, 0.25193928578032077], [0.5824972789300715, 0.10396990475549835, 0.1512488936259501, 0.16228392268847996], [0.09508950930906626, 0.09971521311231869, 0.3947952006690127, 0.41040007690960245], [0.14441738525263473, 0.16199546022935496, 0.33929485466868115, 0.3542922998493294], [0.08742861812820249, 0.10954276292176092, 0.3911122818670427, 0.4119163370829944], [0.20189878504973824, 0.24270501227013838, 0.2645055058895355, 0.290890696790587], [0.08147378827253791, 0.11762666122852633, 0.38892228390394395, 0.41197726659499156], [0.10512308371101442, 0.11354296609379899, 0.3800971581323542, 0.40123679206283197], [0.03968942895983479, 0.041336676093600436, 0.4518355965503499, 0.4671382983962154], [0.1520631372739306, 0.19489486656616953, 0.3142276098421629, 0.33881438631773647], [0.11773507162578505, 0.1282173364944922, 0.3690433736861128, 0.3850042181936104], [0.19498520775921524, 0.2275893494431714, 0.284578424239951, 0.29284701855766293], [0.12420622770704773, 0.1363872651934262, 0.3550155467142126, 0.38439096038531356], [0.10577054763527999, 0.11235402995042103, 0.38334477564546243, 0.39853064676883637], [0.01150718775531663, 0.012247415871217922, 0.48207270469118335, 0.49417269168228156], [0.1386402018247395, 0.08173741962363347, 0.3833658830540141, 0.39625649549761277], [0.08877486525119284, 0.0887568818353714, 0.40132611296203025, 0.4211421399514057], [0.03534171798573831, 0.0574104556240869, 0.4443929079582148, 0.46285491843196025], [0.08273641995479257, 0.09619202892095162, 0.40325978398482665, 0.417811767139429], [0.08102177627597199, 0.0691886251848196, 0.41192543329655196, 0.4378641652426565], [0.2793549021188344, 0.2832076750557359, 0.205966675305437, 0.23147074751999203], [0.054564302243763164, 0.07310341761188695, 0.42260060735606503, 0.4497316727882861], [0.014433671837592138, 0.0159260769202056, 0.4733618670539695, 0.4962783841882333], [0.06513275184569338, 0.050949105066156235, 0.43677951291150746, 0.4471386301766431], [0.20329328365622265, 0.21068704580517192, 0.28160164436871615, 0.30441802616988906], [0.06517925219205922, 0.21665265678097975, 0.34976215742291195, 0.3684059336040494], [0.03282774788377904, 0.06772394995956514, 0.4358106137560066, 0.46363768840064856], [0.10880466454007982, 0.5617452580443099, 0.1607223606638439, 0.16872771675176668], [0.18487321095731551, 0.20956202795052142, 0.2938750825193051, 0.31168967857285823], [0.03056909006173564, 0.09633703585390284, 0.4285974600861556, 0.4444964139982048], [0.014590232191642556, 0.5650255941870594, 0.2050441749145742, 0.21533999870672435], [0.06299648522832738, 0.08753150201704521, 0.41086217312771234, 0.43860983962691474], [0.10717164913111978, 0.06774121544586323, 0.3998395189656473, 0.42524761645736975], [0.1507833927601707, 0.16726146353630508, 0.3335339844488103, 0.3484211592547141], [0.03887584054598335, 0.26580156591539006, 0.34185675653623154, 0.3534658370023947], [0.1486918720739007, 0.17883016681113287, 0.3281302519152297, 0.34434770919973673], [0.24042241912618012, 0.28116526232360134, 0.23305736783771913, 0.24535495071249963], [0.039222790038120126, 0.04356257098485276, 0.44635784607418094, 0.47085679290284566], [0.013475316746951559, 0.07814210866036318, 0.44374720286906416, 0.46463537172362096], [0.018377539614832582, 0.06617557795628093, 0.45314162286482695, 0.46230525956405977], [0.13459824778770127, 0.14953907078635048, 0.3512898546623054, 0.36457282676364355], [0.1435633745712224, 0.4249361055205321, 0.2074503655391972, 0.2240501543690478], [0.03717481021413871, 0.389023466640616, 0.2745916288046134, 0.2992100943406312], [0.12512824189470387, 0.1404687442668147, 0.35604674388916197, 0.3783562699493196], [0.16729694457877914, 0.18586394190261782, 0.3121173280343526, 0.3347217854842505], [0.07318144855693362, 0.07432148676174151, 0.41471775707249564, 0.4377793076088291], [0.20868055718464643, 0.2186726947715613, 0.2812993925524131, 0.2913473554913796], [0.13129430849124524, 0.13081562933798807, 0.36318038195335095, 0.37470968021741446], [0.08106673361118615, 0.08463002122774572, 0.41010688005364715, 0.42419636510742137], [0.06478004026032905, 0.28300113305929064, 0.3189664344423718, 0.3332523922380084], [0.04423240794487558, 0.04094594529161152, 0.44618035450308985, 0.468641292260423], [0.03419302644414099, 0.15652810457026622, 0.39565514585369455, 0.41362372313189877], [0.22029768076174686, 0.19686996821828023, 0.2822213661349745, 0.30061098488499804], [0.024702040299280754, 0.08084179140345249, 0.43629039341107284, 0.4581657748861945], [0.059192847813703625, 0.4451513240134921, 0.24175509537924883, 0.2539007327935551], [0.13600436524723142, 0.02353103263220939, 0.4081112107102012, 0.4323533914103568], [0.01690693690275655, 0.02020098097684002, 0.47068895823332296, 0.4922031238870806], [0.24216369748021513, 0.24537938575794616, 0.25192697626678356, 0.26052994049505523], [0.2169710099352583, 0.2138250679141623, 0.26819194350324765, 0.30101197864733203], [0.009070134078612005, 0.01564184263212849, 0.47846888450445096, 0.49681913878480843], [0.19870001769593862, 0.292683676765674, 0.24154701509431098, 0.26706929044407657], [0.3085362861972985, 0.11243105813140954, 0.27829372004365743, 0.3007389356276349], [0.2375349534184172, 0.07347084805365728, 0.3356731826136401, 0.35332101591428455], [0.021274808824573478, 0.019736854402872483, 0.4685785822253852, 0.49040975454716795], [0.2502604007032499, 0.3565515326103094, 0.18960896923488063, 0.20357909745155908], [0.04961278661893722, 0.0537539167753338, 0.4385110234541913, 0.4581222731515376], [0.20907198866961468, 0.2330180041542792, 0.26714198725861277, 0.29076801991749407], [0.21859066746750075, 0.24518396757918864, 0.2580909658129975, 0.2781343991403129], [0.13974018583407502, 0.15643815717769954, 0.3465052430609334, 0.35731641392729235], [0.1266551242298039, 0.07646983607664638, 0.39057643679881976, 0.40629860289473096], [0.1244520641858466, 0.16018758583045, 0.34985307622907497, 0.3655072737546288], [0.02760177819030042, 0.028182403110016647, 0.45957756913534303, 0.48463824956433865], [0.1082921630624969, 0.12253963238203412, 0.3772018162276816, 0.3919663883277875], [0.07634030136261132, 0.16332293108991303, 0.36992253865434493, 0.3904142288931306], [0.2959891605153497, 0.029426945030552612, 0.3272663991383163, 0.34731749531578127], [0.11448867181899272, 0.1256670719865803, 0.3725086273722319, 0.3873356288221955], [0.054320312999365516, 0.03224226877873417, 0.45304903170877736, 0.46038838651312336], [0.2775510068224013, 0.2888402180301923, 0.20948663291135342, 0.22412214223605326], [0.0640934213674794, 0.09626888885367174, 0.40663052359630947, 0.43300716618253937], [0.49276329215740744, 0.0642712857161419, 0.20730173245214947, 0.23566368967430137], [0.11228520741543628, 0.2039294203078099, 0.32897970787861763, 0.3548056643981356], [0.1736349366313471, 0.2056794922642904, 0.2935675878434131, 0.32711798326095004], [0.39577800859078477, 0.2879523799143761, 0.15152082187164304, 0.16474878962319459], [0.08152602560825191, 0.13084243920854174, 0.38320601196387677, 0.4044255232193291], [0.1321347902659425, 0.1645102107547654, 0.34172898210317687, 0.3616260168761153], [0.015366939270756143, 0.343108417017853, 0.3118901129608519, 0.32963453075053917], [0.06379663379473133, 0.06910139732848175, 0.42564571767072856, 0.4414562512060579], [0.16914631099309474, 0.18751653886442501, 0.3176182541392234, 0.32571889600325676], [0.14189101889164318, 0.15934752370830427, 0.33677356026190625, 0.3619878971381454], [0.043384373178881164, 0.06867749277495713, 0.4315269406423718, 0.4564111934037899], [0.02870800637873733, 0.03439449468001783, 0.4583411630708604, 0.4785563358703846], [0.03391299983954735, 0.0588437219918242, 0.4436817220262296, 0.4635615561423988], [0.19893430199938242, 0.24340223604236744, 0.27348918592840804, 0.2841742760298418], [0.22663959422008806, 0.24922312880841901, 0.25458721847342275, 0.26955005849807], [0.12572188998773431, 0.15050008663611858, 0.3549177826515687, 0.368860240724579], [0.04373186994937129, 0.04042696441106113, 0.4517623830067451, 0.46407878263282315], [0.2601171297183644, 0.08306401759358886, 0.31602631460184805, 0.340792538086199], [0.2680274532723885, 0.26488706111021154, 0.22170538734561757, 0.2453800982717832], [0.034533553106644105, 0.08759367729910439, 0.4267894894753713, 0.4510832801188806], [0.26189890260835835, 0.020543272026290058, 0.3560601481033658, 0.36149767726198645], [0.17083323397619557, 0.20033131865158754, 0.3019187173106413, 0.3269167300615748], [0.09540985758309266, 0.1124252328420438, 0.382999192348756, 0.4091657172261073], [0.15439343960990745, 0.16513682620113834, 0.3300286191957877, 0.3504411149931661], [0.14511310763662155, 0.06844024162428573, 0.3779320846196655, 0.4085145661194271], [0.22354967144859755, 0.06995380240714805, 0.34683365469288113, 0.3596628714513727], [0.13991881446284157, 0.223470833802166, 0.3102799340879475, 0.32633041764704457], [0.08474221499596231, 0.05276434763840706, 0.42183321676694985, 0.4406602205986802], [0.0532016873742258, 0.144382351824466, 0.3927695322518613, 0.4096464285494473], [0.029639116901983783, 0.07326501119990726, 0.44259823736390774, 0.45449763453420094], [0.154