{"estimation": {"a": 29.96432839359552, "rho": [0.0749937481305896, 0.0628642905166265, 0.4980972808694915, 0.3640446804832928], "Mu": [[0.26430152164921855, -1.0949715296390745, 2.7548871008065845, 1.3715835066169306, -2.948034225116867, -0.16478524098006214, -2.1339534414826744, -0.7872153803054529, 0.3995562787794995, 1.9035528914674944, 1.315121427632922, -0.3009244456421739, -0.9174663895128621, 0.6504813606713391, -0.8994332075364327, 0.28239019511510766, -0.6268232910464049, 0.7600711724926288, -0.872260533996237, -0.7954122021101044], [0.6021133212708363, -0.7692044131745912, 1.7405369235928108, 1.065183770742007, -2.1749859484875547, -0.3006531024974195, -1.6444123134963349, -0.49159941230334303, 0.45727225708032626, 1.3070660390478008, 1.02077219963909, -0.2683285309615586, -0.6523918058550642, 0.6958051482211957, -1.3191954561912935, 0.10039500813106803, -0.9805612729676642, 0.6719855053374179, -0.9561482562107265, -0.24891940893794115], [-0.8874668209877271, -2.118917622209734, 0.7948841607804976, 1.408578920884314, -1.8942751168752934, 2.150244412125093, -2.771022095690672, 0.9262319449255297, -0.45107595468335704, 0.16516661572977437, -0.889032834455245, -3.8970130510438796, -2.993408088279918, -1.6641808073423296, 1.1323423111359159, -0.5069323246421423, 0.6293244182545181, 4.131421690662817, -1.8405832885907467, 0.7447446625143183], [-0.5407436302477062, -2.185582993226846, 0.9417652100040094, 1.0502257644165827, -0.5507407375990768, 1.45041337277969, -2.576727666119325, 1.5585012438056753, -0.6820206040937001, -0.3449734577189665, -0.6413115526894809, -2.9481860209244504, -2.1015469048127873, -1.1102394725409677, 1.3349840963585953, -0.3313365326926644, 0.008385043360676463, 3.398539372099667, -1.7253974242951582, 0.12210754388977611], [-1.9146701459677846, 2.470420535947906, -3.2551701004842157, -0.7126641384554026, -1.135714453474019, -1.2296624716423086, -0.17782611151917888, 0.5646780842792803, 0.4992212124877834, -1.9577615185165742, -3.473861068356197, -1.6481539557357698, 0.7823784807066289, -0.07014374567384667, 3.5094866296985225, -0.22446976169056054, 0.20699283135658328, 1.0313681569654778, 2.2668367998674213, 0.49860704855957033], [-2.13659484249605, 2.1771144289629647, -2.670509298386399, -0.5673838585582502, -1.1527932016782902, -1.3596801766494562, -1.1360670118871838, -0.22301778033031186, 0.5710708937511911, -1.1558739411299452, -3.3265521910110176, -0.7645116370944236, 0.8477747729823882, 0.3912574635835235, 2.7255198453352136, -0.923301326686608, 0.27578299154622027, 0.09683586036971392, 1.6018880112118112, 0.30222712613240177], [0.8008174007318106, -1.9283365872719807, -1.0042683379937323, -0.5150362128216367, -2.6033532279895653, -1.244600288152497, 0.019665808874915612, 2.0744007863299228, -1.3711172400556422, 1.0515993213874706, -0.8443378480039929, 2.222804179002222, -0.299659644769111, 0.1584654676600543, -0.15977143320779955, -1.2762636135208352, 2.277043806965794, 0.32692143167862187, 1.314532325950987, -1.9839092169513965], [1.0036625168225672, -0.994551438080818, -1.2976920877164981, -0.5404309444891564, -2.1850937937078196, -0.7698120178415397, 0.055230182669354845, 2.1380606871386254, 0.10230975101100594, 0.7319189103567847, -0.055421292592049996, 1.4365417745887958, 0.19513662923029443, -0.030895056827340752, -0.5814379284975297, -0.6213473348520834, 2.0042723915184655, 0.17005839149920599, 0.6238640780949131, -1.3789601970076162], [3.270241370383825, 2.395529966959843, -0.1707860357361874, -0.08469628782772401, 1.3679878081929742, 0.6961952181204066, 3.138746489536366, -1.5826577093760583, 1.8176016017438041, 3.0453136028997765, 1.232618851645078, 1.5789367832000343, 0.8385890428688091, -0.20460357421512246, 2.1439685062876257, 1.355683814711544, -0.6155955793553295, -2.125553451085184, -2.8719437572213655, 2.7982106636114934], [2.718960686535256, 2.30532835521951, -0.33522944683607314, 0.6360154290811855, 1.338179989494434, 0.5383862827383857, 2.342015019549799, -1.3878061957102399, 1.510925640293718, 2.3896734160001496, 1.3212334276445703, 1.3914944328905112, 0.4595547483080413, -0.5877902306908169, 1.7887371700738681, 1.1651677601356647, -0.3787850317274637, -1.6222514740206146, -2.403575723993357, 3.160212987149602], [-1.2907954210620012, 0.18558044045841426, 1.699337212778538, 0.7016252510902068, 0.4100779158724067, 1.0868934432236907, 0.9225343503998333, -0.8630026687671624, 0.2790285672113831, -1.479005859927912, 1.7123150331588177, -1.5979713353179565, 2.5218434558420313, 2.7084791310807383, -3.9147003767956954, 0.38862426578293807, -0.11109121803851212, -1.4335974621056353, 0.20540580299475208, -1.7590870580010483], [-0.9436375027002089, 0.04655873790329026, 1.1480018303227808, 0.34871305640102734, 0.41218907060570903, 0.2664356697176852, 0.9568111805448596, -0.583142117608425, 0.2161195917678258, -1.509949494852713, 1.5890183710565637, -1.2901892886183202, 2.174742932061851, 2.3454603964508665, -2.8968005479102112, 0.46987995637832186, -0.25064386293440527, -1.016905232556269, 0.23277911241562105, -1.6371980178883305], [0.3348386184790598, -0.7386811896289146, 0.7514757745849653, -1.3371957997128043, 1.5871424051941845, -1.322818243026079, 0.38724562643525456, 0.5548845564315414, 2.114417573192337, -1.420937679489309, -1.1301536359430042, 2.7669389670568028, -2.9334593143697356, 0.9256306398183168, -0.4261499488217229, 0.16885868765971204, 1.1939274881403161, 0.3643615855411152, 0.26816201623671687, 0.7153832679390617], [1.5269696406955784, -0.42327695607798405, 1.0435623829953247, -1.5622631904043818, 1.2252069068765599, -1.526269635378336, 0.31055398920392924, 0.5535072141398183, 2.0555282028406996, -1.98512463407828, -0.858678068682651, 2.6428683406111055, -3.139275116770043, 0.6907288190920547, -0.8787787023442585, 0.5076661595986731, 1.257905631501451, 0.4732503822043198, 0.4661819245761599, 0.9788916129023085]], "Lambda": [[0.5629962891819673, 0.3982771008768114, 0.4863351333223539, 0.5782726016831142, 0.5430535479015766, 0.485057500057391, 0.47430194518906105, 0.3733430101305505, 0.3656994616172258, 0.5364515334204334, 0.5934200091698602, 0.3760161568551756, 0.3905200001677999, 0.42948311477164774, 0.4624961569600412, 0.3309334911281883, 0.6515465301475957, 0.7277572555133773, 0.46445448504631404, 0.47938892594722404], [0.5261310301595042, 0.4251587080139, 0.49253114196328757, 0.578586518318559, 0.5462027335715488, 0.4749291089949221, 0.49370485221245086, 0.39297237692204534, 0.3806219285650431, 0.5467444335771672, 0.567428013689592, 0.39799918396015505, 0.39032800398921563, 0.43694635874057997, 0.44899081541412933, 0.34224635261686887, 0.5892684175334835, 0.683819705088479, 0.46361254772373484, 0.4652510137259994], [0.5526176907872514, 0.4882117822449477, 0.4730168035055892, 0.4190941681944694, 0.3694585654327209, 0.5071717564936812, 0.3606210388077644, 0.5772458272289136, 0.5211837051885486, 0.5400466084345291, 0.7150876517890699, 0.5671693450858637, 0.32572963862087856, 0.3864581990820696, 0.4867938914528112, 0.7864776861234329, 0.31610074140787997, 0.5621204491266492, 0.48592118871039985, 0.46561686614524567], [0.5877411224513603, 0.4819032046398529, 0.46347047657505774, 0.42972889325787667, 0.36828836398926723, 0.4935973280162064, 0.3809084467970117, 0.5408981275621524, 0.5357790418750977, 0.5742520589730892, 0.6873131263972609, 0.52674621877447, 0.3404372564407768, 0.4295543168861477, 0.4986975281944085, 0.7486366341885861, 0.3393814146117201, 0.5005948107457566, 0.4870673061198847, 0.4600877582834596], [0.42911057499332034, 0.5974272236666655, 0.43266380523025166, 0.68425907477264, 0.41526324374738416, 0.5573563985073958, 0.4299170468622561, 0.4066976598215098, 0.43990262106306066, 0.5026279925507393, 0.5680583690329692, 0.543258772214864, 0.5605248849423334, 0.48824454858814953, 0.4431999324869526, 0.47813041495945174, 0.4378317258181255, 0.4068286011218071, 0.484744456626366, 0.4272312579386771], [0.43386599829924655, 0.5956153955581691, 0.44629449477827654, 0.627946244573666, 0.44157754082685247, 0.5520359549114188, 0.45931026866924246, 0.43105451295042624, 0.4528826450502598, 0.48680485069204904, 0.5454751502337295, 0.5607275513254041, 0.6164835509667533, 0.4673137328921914, 0.4822629207330976, 0.48336109748829154, 0.4806088201289422, 0.4242333482504044, 0.46991407393115114, 0.4643963970011761], [0.48035587274300773, 0.4180643146706377, 0.8338945710831551, 0.4311038576539592, 0.9603696606475768, 0.40748398326495083, 0.4501241606219994, 0.41263691039224476, 0.5859295141405872, 0.529298100620799, 0.28982377505637436, 0.35360072341314913, 0.4886239154777336, 0.4419119955130308, 0.4354854455864289, 0.4301312553035417, 0.34853909244985054, 0.4703750387343687, 0.48415497723297557, 0.42098495674427694], [0.4713163697049802, 0.4119403383389812, 0.7269781538107261, 0.4538659107661433, 0.8564952681369163, 0.4286765419188803, 0.45005780945769674, 0.42969955014987665, 0.5407878487806997, 0.5371780943780243, 0.29541882833203165, 0.37659949450258984, 0.48957354199132647, 0.4334313597190434, 0.4722661523680911, 0.3953135298247431, 0.36327683301933383, 0.46966462940023634, 0.4849494898678875, 0.4388830314247254], [0.49021638873554974, 0.5685006961694398, 0.4225334761988054, 0.5111487779925541, 0.44139161865512266, 0.43790759918640126, 0.6546784651766359, 0.4995688165893406, 0.49516171236122697, 0.29205247957980507, 0.4781001949020706, 0.49121180230221945, 0.4109422318254362, 0.8662435436455973, 0.5646297537727186, 0.6157295880768818, 0.5642418890405474, 0.42714483454592544, 0.6028138531016785, 0.564484903451646], [0.4698000605788066, 0.5889773265283935, 0.4285911232402812, 0.5131883022399844, 0.42192339753697655, 0.4523076560788915, 0.611021940605717, 0.5201018217588697, 0.47638185230880153, 0.3174876562390427, 0.49189142521599266, 0.5029362445845841, 0.4301820470729269, 0.7913007254349711, 0.5523830789977371, 0.5971952959870322, 0.5389439401086696, 0.4461398409737222, 0.5757998048528097, 0.5423960267453336], [0.4797855120681679, 0.5992813749549368, 0.37789067243004054, 0.3109077060686331, 0.46212625754822384, 0.5136117274977222, 0.4983667733182126, 0.5161754844017555, 0.44139765202436554, 0.5256158054051518, 0.5462731869778533, 1.1189643489162433, 0.7643263327413793, 0.35900314091421753, 0.7451133645835187, 0.5184410657056054, 0.5865685751387467, 0.5144177340931384, 0.5715825386861596, 0.5301210741461301], [0.47985359541517836, 0.5845670180767284, 0.3912080267796769, 0.35272532274164375, 0.4706492875398882, 0.5466210378811353, 0.5239204525231083, 0.5282974141052142, 0.44827071644992733, 0.5121574641288471, 0.5601167336195357, 0.9903736640748785, 0.7071121999240098, 0.3830506049995789, 0.666584328927087, 0.4856495371785027, 0.5918204306899937, 0.5316252992028138, 0.5089409123718429, 0.5179827184815301], [0.461354046158238, 0.5218797821763124, 0.29194929105945727, 0.4666134803874351, 0.2887789886201565, 0.6968262882869479, 0.28252613478268296, 0.4541016965823643, 0.6368590531044291, 0.38100314300775445, 0.43733094943623013, 0.25177419699163367, 0.29917984260048874, 0.33657672372207026, 0.4733128080726804, 0.4865166983853978, 0.2687932264426919, 0.4325745275994584, 0.6909635791717543, 0.5016957413352859], [0.45500409948413145, 0.5315173013860462, 0.3292446175475447, 0.5655405744088868, 0.3180160741147357, 0.6890645545963219, 0.3301130860719735, 0.5620224880817659, 0.6631177644547281, 0.47146943386329077, 0.4273481050236879, 0.2687607828945078, 0.344362596499776, 0.34557824695700784, 0.5588032132033071, 0.49643275562928807, 0.2886853850131289, 0.46053535627866976, 0.7824890457341844, 0.48484638991093126]], "G": [[0.0966202744463578, 0.0810648444069968, 0.4755714723189634, 0.3467434088276818], [0.0770900925142122, 0.06503122087238862, 0.4920229536723006, 0.3658557329410989], [0.055673460264629576, 0.04496970936584274, 0.5263564765332868, 0.3730003538362413], [0.07384996409086032, 0.06888542018939986, 0.49543446427553267, 0.3618301514442072], [0.06646659270104197, 0.05949458557409508, 0.509693951402959, 0.36434487032190377], [0.08360213816560819, 0.07066260480684151, 0.49187695730253855, 0.35385829972501104], [0.07569556980648764, 0.0650054163768446, 0.49696149076379076, 0.3623375230528773], [0.07972582982583334, 0.06868444434662624, 0.4900411729720344, 0.36154855285550547], [0.08225037726035123, 0.07091606762093068, 0.49059231367938705, 0.35624124143933095], [0.10680252397760633, 0.08577545214025027, 0.4669875399375729, 0.34043448394457015], [0.08221884897243856, 0.07029868302721214, 0.48990247327340847, 0.35757999472694096], [0.06656440558998655, 0.05798120236420256, 0.5082100530049046, 0.3672443390409071], [0.09011133839510835, 0.07151038503763445, 0.48902294021687037, 0.3493553363503866], [0.0712072900867276, 0.060821201530673115, 0.5086794584297462, 0.35929204995285347], [0.06498598560547343, 0.05417711874425142, 0.5083154799394515, 0.3725214157108229], [0.08458523717108533, 0.06449780048386293, 0.49215215571467363, 0.3587648066303782], [0.08675790170133468, 0.07342881024394178, 0.48285126076292806, 0.3569620272917945], [0.12727919443333574, 0.10061598327176349, 0.4484400456114957, 0.3236647766834054], [0.08155728104657052, 0.06934706652104775, 0.4942737977339953, 0.35482185469838656], [0.08645891988288892, 0.06922384578591716, 0.48717928167311386, 0.35713795265808], [0.0879247726641565, 0.07032029760735568, 0.4859855977013558, 0.3557693320271313], [0.07447116115133966, 0.06308566359016424, 0.4948705749801969, 0.36757260027829913], [0.06568572610896023, 0.05484619677191847, 0.5090623922405144, 0.3704056848786068], [0.07505950450325533, 0.06056874124080933, 0.5028168786649551, 0.36155487559098065], [0.06276172881428706, 0.054554378185287244, 0.5108424409112441, 0.3718414520891812], [0.08090571334047876, 0.06678288271435452, 0.49252719208308815, 0.359784211862078], [0.09718341008091805, 0.09019285953981424, 0.4781227347303655, 0.334500995648902], [0.07068574621556499, 0.060570896301299366, 0.5018628188626467, 0.3668805386204892], [0.09519566040064419, 0.07587280197222361, 0.47826728326170714, 0.3506642543654248], [0.051663247956667976, 0.045003259334720803, 0.5174577105969237, 0.38587578211168744], [0.061577909238256144, 0.04901119817946536, 0.5104243214629037, 0.37898657111937445], [0.07525072874423801, 0.059665636350946696, 0.4945124529612336, 0.37057118194358163], [0.08197181612094931, 0.06900029863616992, 0.48911877278718063, 0.3599091124556998], [0.0685164951179917, 0.05944269425873603, 0.5018337700105625, 0.3702070406127103], [0.06262294499130337, 0.05563117086409778, 0.5123502528397891, 0.3693956313048095], [0.06578785126222379, 0.05499640002812333, 0.5039649108709691, 0.37525083783868396], [0.0706460931233072, 0.0567534340466816, 0.5057343683090343, 0.3668661045209764], [0.07932397797326408, 0.06670668182427272, 0.49430582989626454, 0.35966351030619803], [0.07494976914013478, 0.06531363325653787, 0.49698970311193125, 0.36274689449139647], [0.06711103375492543, 0.0588837334224983, 0.501599348672217, 0.3724058841503588], [0.09450873444579795, 0.07184980947546353, 0.47982235806698176, 0.3538190980117574], [0.06730744230220037, 0.05944066852361863, 0.5070658303421245, 0.3661860588320567], [0.08193460050810265, 0.07239828359855942, 0.4856918721125489, 0.35997524378078843], [0.10711051839382026, 0.07856765115137812, 0.4724223865156053, 0.341899443939197], [0.06891657480917544, 0.0582855411999121, 0.5066904654699367, 0.3661074185209759], [0.05311248358514958, 0.04765112670316702, 0.5157949410655541, 0.3834414486461297], [0.07716185117641129, 0.06414414988813273, 0.49718760265084, 0.3615063962846159], [0.08075089128358999, 0.06772151157553331, 0.4887356689552408, 0.3627919281856352], [0.10379457435231826, 0.08128164721108072, 0.4745353971536147, 0.3403883812829857], [0.08348321631609039, 0.07209831447187114, 0.4923018697042225, 0.35211659950781615], [0.07485978060591078, 0.06424221647395052, 0.5034075374249669, 0.3574904654951714], [0.06870150454255042, 0.059810363062569816, 0.5035326948444268, 0.36795543755045335], [0.07308622002916577, 0.06326353824916085, 0.4916804299574853, 0.3719698117641874], [0.0685585820581061, 0.06006338281183931, 0.5047377527738813, 0.3666402823561736], [0.07011214858476052, 0.06073094972290019, 0.5042499780571229, 0.3649069236352163], [0.0757190162530874, 0.06457193168856538, 0.49806265920039633, 0.3616463928579514], [0.060617169222317954, 0.05382542965926523, 0.5115948201084898, 0.37396258100992613], [0.07618514189253568, 0.061994453368963746, 0.49626902388501354, 0.3655513808534866], [0.09001021346474493, 0.07459995672361944, 0.48910994462603896, 0.34627988518559616], [0.059352671910936926, 0.04868843117911139, 0.51127392843417, 0.38068496847578215], [0.06707319542023703, 0.05377874134380438, 0.5070109273748421, 0.3721371358611166], [0.06703792563441323, 0.05451287342858825, 0.5054493097098665, 0.3729998912271328], [0.058996756741702946, 0.05275522506346188, 0.5124364191499329, 0.3758115990449018], [0.07979609654177383, 0.06279236027170389, 0.4978915990185494, 0.3595199441679736], [0.0995026914850435, 0.07893212932881405, 0.47252417989774315, 0.34904099928839905], [0.0664732657798073, 0.05744105110481905, 0.5104927510833005, 0.36559293203207355], [0.08081786534059819, 0.06493716932905672, 0.48984337028011393, 0.36440159505023156], [0.0715325592001435, 0.061098855393864844, 0.49410849865391177, 0.37326008675207933], [0.06178971296328992, 0.055703320329462486, 0.5195901168145095, 0.36291684989273837], [0.08123449593113677, 0.06777373384368357, 0.49230007406013276, 0.35869169616504637], [0.06810964596437183, 0.05738359867523545, 0.4987607954420433, 0.37574595991835025], [0.07918381976093006, 0.06382392255669829, 0.4937559929798339, 0.36323626470253684], [0.07064748315729892, 0.06275181228605321, 0.5023714461821441, 0.3642292583745031], [0.05103010873041936, 0.043845264962413935, 0.5242493519181092, 0.3808752743890575], [0.08961352986044763, 0.07245441875818825, 0.47849403237755816, 0.35943801900380634], [0.06338008270726901, 0.05580288450237149, 0.5062140237939471, 0.3746030089964131], [0.07442724182386996, 0.06454540750762461, 0.49521612586900915, 0.3658112247994957], [0.10099692178562315, 0.07562347486560961, 0.4769040149383252, 0.3464755884104413], [0.06351135602979897, 0.056130683113257966, 0.511378401626816, 0.3689795592301271], [0.08251267111115038, 0.06711635459333865, 0.4891397079877036, 0.36123126630780755], [0.072452314310966, 0.06456097525940735, 0.4976562153896714, 0.3653304950399551], [0.08856177334234666, 0.06629307386680919, 0.48624921689117606, 0.35889593589966784], [0.06917914746417612, 0.058301047564934476, 0.5004953359790115, 0.37202446899187896], [0.08029696299914359, 0.07015797948965481, 0.4899933355205822, 0.35955172199062024], [0.05909242284415323, 0.04810852361815933, 0.5146738378417013, 0.3781252156959861], [0.0952752353393668, 0.08302486849007841, 0.4720174590993754, 0.34968243707117913], [0.09810040906715044, 0.0792104226160994, 0.4781383745427195, 0.3445507937740306], [0.0703139929024651, 0.06208814394121688, 0.5024307847785883, 0.36516707837773027], [0.051253744506155004, 0.04791855515884847, 0.5242628687115698, 0.3765648316234268], [0.08458590992807975, 0.06925895727615411, 0.4856796123989572, 0.36047552039680836], [0.05085733912584458, 0.04731701154400322, 0.5177374237784862, 0.38408822555166594], [0.0843590599233594, 0.06451095149043477, 0.49374032827530157, 0.35738966031090436], [0.09104195942436777, 0.07261323360574526, 0.48838995344627184, 0.347954853523615], [0.06423708378253636, 0.05399663481262421, 0.5050817590821186, 0.37668452232272065], [0.05853913503840027, 0.05006920178011271, 0.5134858248995088, 0.377905838281979], [0.08354215487951457, 0.06959062539859277, 0.4920294106149661, 0.3548378091069266], [0.07713414804059077, 0.06383212259783884, 0.49856390010363466, 0.36046982925793514], [0.05592136305317099, 0.05128979079684348, 0.5169998849052617, 0.375788961244725], [0.06563056468685613, 0.05623265461505942, 0.5071148326241818, 0.3710219480739022], [0.07142177734743409, 0.05933432754648726, 0.5089224923711221, 0.36032140273495655], [0.06423103546175465, 0.05344494396297112, 0.5022411437917317, 0.38008287678354324], [0.08213296798625437, 0.06587358934330344, 0.4938976008251955, 0.3580958418452464], [0.07341606655921094, 0.05443772355770935, 0.49481212790413137, 0.377334081978948], [0.0610824885879872, 0.05231652330961287, 0.5132336063940892, 0.37336738170831074], [0.08964195659899525, 0.07253744056510648, 0.4809975365379553, 0.35682306629794247], [0.07308665926936989, 0.06417948115860918, 0.4964151101913826, 0.366318749380638], [0.08232559123791411, 0.07103317205375928, 0.48799253423572336, 0.3586487024726039], [0.06225471217258386, 0.05289788364271506, 0.5087749589080182, 0.3760724452766835], [0.06101411598573817, 0.05230245387181452, 0.510504291917341, 0.3761791382251069], [0.058058277268400724, 0.049369062993870255, 0.5136901194330726, 0.378882540304657], [0.07711061072009133, 0.06356207980068765, 0.4991997697385728, 0.36012753974064954], [0.059356783525504615, 0.054457906707365576, 0.5099370258546722, 0.3762482839124583], [0.06698716880295263, 0.05606362158051466, 0.5044085182870814, 0.3725406913294515], [0.05503883233943181, 0.04754026576230967, 0.5175180653966516, 0.3799028365016071], [0.07921923020346854, 0.0658540162347227, 0.4929023279845825, 0.36202442557722647], [0.05555018630226404, 0.04949491938829007, 0.5121624714642347, 0.38279242284521153], [0.08164565977784545, 0.06905631341090201, 0.49056472148287433, 0.3587333053283776], [0.07891138272258182, 0.06604447579413197, 0.4883195837026438, 0.3667245577806424], [0.07903238022628523, 0.06492191493138916, 0.4921400488284428, 0.3639056560138832], [0.06749920070614882, 0.05857127316747212, 0.5046356440864931, 0.3692938820398868], [0.07877948817115994, 0.06293731338594885, 0.4914218068118303, 0.3668613916310605], [0.09565643480699282, 0.08417493278214659, 0.47134770143812327, 0.3488209309727366], [0.05753358457910971, 0.052974927648016756, 0.5114921807887967, 0.37799930698407674], [0.07373615847975333, 0.062213973803517994, 0.5016486522666086, 0.36240121545012016], [0.05947172509326294, 0.051498895079116286, 0.5101759800794233, 0.3788533997481975], [0.06430463185481536, 0.05845579411402939, 0.5090519830084262, 0.3681875910227286], [0.07045881090228745, 0.06147354488777031, 0.5045148098990841, 0.363552834310858], [0.07561585706936245, 0.06104732693000404, 0.5001194391754594, 0.36321737682517446], [0.07321305086636909, 0.06208171791768018, 0.49993351581913886, 0.36477171539681175], [0.08403040910647878, 0.07239206941043065, 0.48455685499891626, 0.3590206664841756], [0.06544565714379001, 0.052752399899531635, 0.5060478619679801, 0.37575408098869795], [0.08483165923845408, 0.06758491273682224, 0.4855132268855676, 0.3620702011391561], [0.06857924615433235, 0.057345235392811396, 0.5023101304667159, 0.3717653879861401], [0.06181612409325763, 0.05487472483377852, 0.5121313357148694, 0.37117781535809485], [0.08914821447598956, 0.07406928435854598, 0.483965512850193, 0.35281698831527186], [0.07367561211491813, 0.06296614361143242, 0.49637540372783034, 0.36698284054581953], [0.05449704081267941, 0.05145864339816798, 0.518502402237717, 0.37554191355143507], [0.07071962039471473, 0.06405023155925746, 0.5002063569766529, 0.3650237910693744], [0.06378218744666671, 0.057203855647921756, 0.5055443529800948, 0.37346960392531736], [0.07407454909360821, 0.0598675662277699, 0.5018805053780837, 0.36417737930053823], [0.08296375240768192, 0.0674168924717976, 0.48953061794161706, 0.3600887371789034], [0.07460140600936804, 0.06590556967197098, 0.49471210459635784, 0.3647809197223031], [0.07010895632629113, 0.05806825700943862, 0.5051449730668555, 0.3666778135974141], [0.08102253645093695, 0.06648024321979204, 0.4927707751490172, 0.35972644518025443], [0.06711274621320942, 0.05679204817760365, 0.5044738149965571, 0.3716213906126301], [0.08679888491961386, 0.06933290622974303, 0.48795567174457155, 0.35591253710607196], [0.05273834177780333, 0.045032439323239845, 0.5205524676587597, 0.3816767512401972], [0.07911766490185537, 0.06864291720328311, 0.48949573404171254, 0.362743683853149], [0.07101264099045054, 0.061387024728220864, 0.5023178846208508, 0.3652824496604771], [0.06861515537446546, 0.05910859089139258, 0.49882851243788895, 0.37344774129625286], [0.06455233000971607, 0.05883691967048078, 0.5048879685185463, 0.3717227818012555], [0.07579777978251162, 0.06303590326262341, 0.4960554301548574, 0.36511088680000936], [0.07252549552103518, 0.06342678496456738, 0.49729286331670086, 0.36675485619769643], [0.10635327004451264, 0.0836923491471515, 0.4679717491218513, 0.3419826316864848], [0.06265278563962463, 0.054086322017438467, 0.510561178070623, 0.37269971427231363], [0.04842568825166631, 0.04149892262312192, 0.5229227538233084, 0.38715263530190414], [0.08037265591127848, 0.06704297769007854, 0.4956668133689507, 0.3569175530296917], [0.1034904862851768, 0.08096028592081779, 0.4687243435415311, 0.34682488425247404], [0.06951996115469658, 0.06071993099251866, 0.5040551967995668, 0.365704911053218], [0.06471931186381691, 0.05661358322088577, 0.5066160838988762, 0.37205102101642035], [0.06120216518552578, 0.054269473223558316, 0.513415765811013, 0.3711125957799033], [0.08932981061551694, 0.07342494534264268, 0.48163782848985603, 0.35560741555198455], [0.0735890742263033, 0.064342488823103, 0.4979911757634728, 0.3640772611871217], [0.07365913580343238, 0.062122348832507585, 0.5022165818859694, 0.36200193347809007], [0.07364327231230564, 0.06148333112849071, 0.5021361822550062, 0.36273721430419703], [0.09196883740078142, 0.07526823910724305, 0.4788691903234583, 0.3538937331685184], [0.08877221024648276, 0.07351335292153667, 0.48125288094554963, 0.3564615558864312], [0.06123050811784524, 0.05485264124489922, 0.5095124264687158, 0.37440442416853886], [0.07080085836260179, 0.0573290926445485, 0.504493914776417, 0.3673761342164323], [0.0697210609883885, 0.06058877779634579, 0.49861293835805376, 0.3710772228572112], [0.06997186527666674, 0.05668338323499526, 0.5031201446540812, 0.3702246068342571], [0.06892315116358398, 0.05822323579230969, 0.4996284579317244, 0.37322515511238225], [0.062262453460474036, 0.05648109487528304, 0.5143625676167184, 0.3668938840475245], [0.09980411259845665, 0.07894652037739762, 0.47744523010589757, 0.3438041369182495], [0.05488490866387523, 0.04716342192786156, 0.5213677434990702, 0.3765839259091933], [0.1033333067932101, 0.08688239565291102, 0.4710396272028377, 0.3387446703510405], [0.06077454039176982, 0.053168756675555706, 0.5130031901359925, 0.37305351279668175], [0.06915197008736827, 0.059075104053489334, 0.5031870311127546, 0.368585894746388], [0.07478936043445321, 0.06944283380549272, 0.49783979889373353, 0.3579280068663201], [0.10243150540745535, 0.0767913813648549, 0.4729284597396421, 0.3478486534880471], [0.05713819854435367, 0.047170586816486906, 0.5116896016539283, 0.3840016129852305], [0.05735580555601178, 0.0519981901206349, 0.5116158581406458, 0.37903014618270786], [0.09131306348833947, 0.07314112340617929, 0.47701399050216836, 0.35853182260331135], [0.05860831402550064, 0.05402885692347908, 0.5189906614634214, 0.36837216758760016], [0.07904965091917587, 0.0653912127804771, 0.4821438634876464, 0.37341527281270104], [0.06374158957295943, 0.05774244844580246, 0.5053576605513074, 0.37315830142993106], [0.07220485288426974, 0.06033744507974485, 0.49655870222467585, 0.3708989998113098], [0.06760435953077817, 0.05894772503088581, 0.5036417594511629, 0.3698061559871729], [0.0753039125128926, 0.0630380014021372, 0.4943676441522225, 0.3672904419327479], [0.07344379510590943, 0.06413161673956416, 0.4982530655472819, 0.36417152260724506], [0.060670845107514665, 0.04897565353656705, 0.5161800546930629, 0.3741734466628548], [0.06063160780668737, 0.05436461063457792, 0.5039079681284014, 0.3810958134303324], [0.047233039347587435, 0.0423087248461212, 0.5263566551513863, 0.3841015806549043], [0.07657628700173562, 0.06182655694134433, 0.49620336854147223, 0.3653937875154481], [0.11387247880167048, 0.08569240107328076, 0.4648234163407437, 0.33561170378430566], [0.0760685905407463, 0.06696831300411843, 0.49439233284590467, 0.3625707636092317], [0.057992487685486475, 0.052269634443532595, 0.5115725315884168, 0.37816534628256404], [0.06005156729465938, 0.05253718219502262, 0.517199162170437, 0.3702120883398814], [0.05666546924359081, 0.04758133356429509, 0.5180241054262827, 0.377729091765831], [0.06680770446201288, 0.054980890453576965, 0.5043055184032145, 0.3739058866811959], [0.10107392277555172, 0.08355443362207071, 0.4753006400812921, 0.340071003521086], [0.05886039130910139, 0.05016068659401276, 0.5147366134923401, 0.376242308604546], [0.06754810116888797, 0.05795649476724863, 0.5092721062866952, 0.3652232977771687], [0.07856116996661472, 0.06719599932644786, 0.4960880637193683, 0.35815476698756904], [0.08902850153702058, 0.07708154916994821, 0.4825357939114593, 0.3513541553815729], [0.07464487864563449, 0.06373676752395042, 0.49892866095777505, 0.36268969287264013], [0.05912790050264312, 0.05010561998940184, 0.5173765565224471, 0.3733899229855075], [0.08815472090756979, 0.07433817962239814, 0.4827633846440735, 0.3547437148259577], [0.062278980467337104, 0.057922905970426215, 0.5140144428073216, 0.3657836707549151], [0.0635899731905161, 0.05858566168495079, 0.508920758990791, 0.3689036061337422], [0.08235646177749753, 0.06748721814435887, 0.48934810558311415, 0.3608082144950298], [0.08455383968729044, 0.07454138750631736, 0.4833880495063486, 0.3575167233000446], [0.08090365202512481, 0.06590240843412744, 0.49490462233882204, 0.3582893172019262], [0.05669993897576445, 0.048157209797934676, 0.5216030329531094, 0.37353981827319094], [0.08809708968579152, 0.07300094180056645, 0.48235055082456535, 0.3565514176890766], [0.08485370845317014, 0.07180939420295245, 0.48997569848977535, 0.35336119885410255], [0.055170726282938835, 0.04876977983505739, 0.521629285888207, 0.374430207993797], [0.07959548951891195, 0.07386550776408739, 0.48294241351202816, 0.3635965892049726], [0.05825183629127513, 0.04844348906386657, 0.5198267089189582, 0.3734779657258997], [0.06211310904340356, 0.05202820713318195, 0.5066216155719657, 0.3792370682514484], [0.06781177088924334, 0.05585680482025031, 0.5119375341888552, 0.3643938901016508], [0.09180142288200285, 0.07450686397073107, 0.4807371765553934, 0.3529545365918728], [0.06544051117067881, 0.054829799723057265, 0.5105394924555114, 0.36919019665075176], [0.09025799188139111, 0.07211348785695475, 0.4773817188252096, 0.3602468014364447], [0.06362130341019459, 0.054932127993716474, 0.507097228440999, 0.37434934015508897], [0.06217555815500274, 0.05497171617241174, 0.5088951055365536, 0.3739576201360321], [0.07560078722234208, 0.062360021965991906, 0.49593980355494405, 0.36609938725672186], [0.08368269462252964, 0.07175016627337262, 0.48704315391725067, 0.3575239851868482], [0.07861979776634995, 0.06626044854050707, 0.4918963505388409, 0.363223403154302], [0.06919303495701676, 0.05859830523794336, 0.5023215879722307, 0.3698870718328088], [0.06277507517076807, 0.0590982417606332, 0.5089138119201317, 0.3692128711484666], [0.06339256641709994, 0.04853781817344255, 0.517900611543224, 0.37016900386623314], [0.08257838736605659, 0.07289189596401727, 0.4864767080059904, 0.35805300866393536], [0.09969376127835713, 0.07563467792260069, 0.47783981897252087, 0.3468317418265215], [0.08801131777118983, 0.06822198250997825, 0.48896321178909186, 0.35480348792974054], [0.0732594233789535, 0.06367454346064214, 0.5004327612509635, 0.36263327190944056], [0.06945078034135915, 0.059578452219920565, 0.5025290889982843, 0.3684416784404364], [0.0666323740779155, 0.05401571870478025, 0.507037553552907, 0.3723143536643972], [0.07035964782213892, 0.061857511686885344, 0.5051537612708813, 0.36262907922009446], [0.074454225927008, 0.06015860722991393, 0.5039345669318344, 0.36145259991124395], [0.09607028707352429, 0.07419631597801508, 0.4811086026816668, 0.34862479426679455], [0.08879462115855773, 0.07148265746584628, 0.48929896138607937, 0.35042375998951675], [0.07251785515436013, 0.057415717585757434, 0.5050269005834098, 0.3650395266764728], [0.05811362183648854, 0.04831772882064014, 0.5143085533256443, 0.3792600960172272], [0.08321949205572532, 0.07146447491184642, 0.4993489765480925, 0.34596705648433534], [0.09314044498241132, 0.07742641171180555, 0.4800058734707201, 0.3494272698350637], [0.054601304968514494, 0.047571921773193304, 0.5161828498125365, 0.38164392344575654], [0.07745660578568261, 0.06805937442351542, 0.5026480592537136, 0.3518359605370885], [0.10672987530038386, 0.08883841197478573, 0.46361297921565314, 0.34081873350917785], [0.09844166236604934, 0.07442337838761562, 0.48110718983360395, 0.3460277694127315], [0.06752050856686713, 0.0570524316987989, 0.5087396398758706, 0.36668741985846337], [0.06359075618383817, 0.05799527442606111, 0.5024536248327196, 0.3759603445573813], [0.08749887046343492, 0.06910093043638843, 0.4872530828927205, 0.35614711620745665], [0.06536517057964147, 0.056958413053179946, 0.5018813136083666, 0.37579510275881195], [0.08221755683751368, 0.06941875527710341, 0.4889467798787003, 0.35941690800668274], [0.05567581978640738, 0.05117797873904541, 0.5152631996191064, 0.3778830018554405], [0.0867475331365338, 0.07449201913065087, 0.4828151745636878, 0.35594527316912755], [0.07805808519532371, 0.06725456123848324, 0.4952511789502762, 0.35943617461591704], [0.07223428204821723, 0.06402543704948584, 0.5018193761052442, 0.36192090479705313], [0.06210307820863775, 0.05606305239783431, 0.5076395073473462, 0.37419436204618195], [0.06400930583227747, 0.05120385476163043, 0.5134708604556727, 0.3713159789504188], [0.0785811455791038, 0.06419740857318096, 0.492562841154571, 0.3646586046931442], [0.08933618854911929, 0.07036259881004568, 0.47907655082398737, 0.36122466181684787], [0.07298156583453697, 0.06185066679162437, 0.5005864269063014, 0.36458134046753765], [0.10596015109485306, 0.08478254147662666, 0.46968851275810813, 0.3395687946704117], [0.088181150000747, 0.0718925953682678, 0.4852719331765452, 0.3546543214544399], [0.09716343982662042, 0.07692329845707417, 0.47440624297358885, 0.35150701874271717], [0.07128217790444726, 0.06260758233316598, 0.5007025503658497, 0.36540768939653817], [0.05979781583383179, 0.05204754491749617, 0.5127748241807932, 0.3753798150678785], [0.07281289907047545, 0.06620255098127831, 0.4985865330540828, 0.36239801689416407], [0.09440576229714798, 0.07728468019600779, 0.4774334121901567, 0.35087614531668676], [0.07410499552786651, 0.057551261526247476, 0.5012008046806944, 0.3671429382651908], [0.06602462035587824, 0.057301867686859, 0.5013953267923568, 0.3752781851649062], [0.07516242066352158, 0.06518959734142632, 0.49345106656313387, 0.366196915431918], [0.08740824291894822, 0.07930390085289878, 0.47965534493294537, 0.35363251129520934], [0.07607807506834914, 0.05858640332876387, 0.49690689760771833, 0.36842862399516857], [0.06158800806732009, 0.05618168007600548, 0.5124846877894794, 0.36974562406719585], [0.06716783536076754, 0.05668408824941246, 0.5043977139081743, 0.3717503624816462], [0.07938653782507743, 0.06965968205072678, 0.4878438218827767, 0.36310995824141895], [0.10938721918517223, 0.08782674576608958, 0.46773170150353394, 0.33505433354520514], [0.06922462697588237, 0.058856430269522406, 0.5038995364852324, 0.3680194062693634], [0.08091472169027349, 0.06843149404577988, 0.49269878620199786, 0.35795499806195025], [0.06676897821799471, 0.05544370168407306, 0.5082377778594108, 0.36954954223852204], [0.07205724170459536, 0.060920308221910746, 0.4993256403088255, 0.3676968097646681], [0.08274283871843531, 0.06860915267970086, 0.4890647412593225, 0.35958326734254153], [0.07550976784329623, 0.06301538262125381, 0.5007228890650189, 0.3607519604704313], [0.07652070298946291, 0.06629637023053847, 0.4967686867499484, 0.36041424003005024], [0.07485555908529361, 0.06212671164389725, 0.49647047797456917, 0.36654725129624005], [0.06860129583660023, 0.05844184807291382, 0.4995785083866988, 0.373378347703787], [0.08941646967443735, 0.07226357589453018, 0.48414888229098374, 0.35417107214004945], [0.07161429983525007, 0.05650700086266331, 0.5069723289043033, 0.36490637039778406], [0.062460380376581956, 0.05265720841949323, 0.5138904769492723, 0.3709919342546524], [0.0898527635615209, 0.07316541957529762, 0.48035295404453915, 0.35662886281864276], [0.047637737055009385, 0.04497061458464419, 0.5215630923760085, 0.38582855598433735], [0.0914301921734033, 0.07446627534392782, 0.48315462489530187, 0.3509489075873668], [0.05836161001876692, 0.050748891442434226, 0.5170318158966167, 0.37385768264218183], [0.09047555386684467, 0.07292124153809636, 0.4828597185117117, 0.35374348608334727], [0.07799373462919959, 0.06601408151143395, 0.49328598856552164, 0.36270619529384435], [0.05493767665890228, 0.04825429140634334, 0.5234544159670842, 0.37335361596766925], [0.07331786558947355, 0.06140361577764442, 0.4980742592052487, 0.36720425942763346]]}, "supervised_prediction": {"G": [[0.07938103473756904, 0.06859810693129861, 0.4888391377864687, 0.36318172054466435], [0.10324114461151943, 0.0833940295344526, 0.4889625525728962, 0.3244022732811325], [0.07563313731092734, 0.07193563081356298, 0.5152727769278044, 0.3371584549477056], [0.0803261369365416, 0.06819211930730391, 0.4900217202765502, 0.3614600234796046], [0.07578361696174947, 0.06486215367598876, 0.49154034118772594, 0.3678138881745367], [0.06460971028211782, 0.05609626211940548, 0.5128918176584585, 0.36640220994001893], [0.0981102400901138, 0.08323250083002436, 0.47154312126132913, 0.34711413781853284], [0.08940238603377561, 0.07369007762232378, 0.490264147238484, 0.346643389105416], [0.10195647093780431, 0.08086346502107625, 0.49344999126186034, 0.32373007277925914], [0.07292278758573072, 0.06382266130679749, 0.5050491680531423, 0.3582053830543305], [0.09192399359297201, 0.07873216224996495, 0.4922272537444354, 0.33711659041262726], [0.06919204100552771, 0.05639460441401194, 0.5235093467548877, 0.3509040078255721], [0.09559369895313102, 0.07200739412084885, 0.4941444572017131, 0.338254449724307], [0.09334005915366864, 0.07576606782971029, 0.4889147263852154, 0.34197914663140516], [0.08918449465120105, 0.08237541880805865, 0.508377328413492, 0.3200627581272486], [0.09637700820418914, 0.08200330524815053, 0.4766383947530216, 0.34498129179463854], [0.06928305898019127, 0.06261851280695685, 0.5130602479016995, 0.3550381803111528], [0.08810931006011662, 0.07147977827810084, 0.49469909703012277, 0.3457118146316598], [0.0837915200590671, 0.07358323536013309, 0.5014083338075601, 0.3412169107732402], [0.06768998836947533, 0.06326064603946605, 0.5202624280469681, 0.348786937544091], [0.1041497254727653, 0.07930992471679697, 0.47012448099164783, 0.34641586881879005], [0.06645240686219502, 0.059106330898531914, 0.5166616165921291, 0.35777964564714393], [0.08681103297127156, 0.07514041595572467, 0.5124830800182403, 0.32556547105476336], [0.06817645367574862, 0.06062039797034157, 0.5111250970392429, 0.3600780513146668], [0.09892824781533784, 0.08437472397679452, 0.4897841598854327, 0.32691286832243516], [0.08392863005334318, 0.06515781539666937, 0.5015440971706824, 0.34936945737930536], [0.11376350602152836, 0.08276285468827944, 0.4796032131350941, 0.32387042615509803], [0.07918205370866128, 0.06240651473447631, 0.5163330665224347, 0.3420783650344283], [0.0770306715928809, 0.06721323292840034, 0.5265803327162274, 0.3291757627624919], [0.0679241574849872, 0.05518240206161665, 0.5190108758202369, 0.35788256463315843], [0.0821888787855867, 0.06660049291861929, 0.508022387209428, 0.3431882410863659], [0.09938530472614927, 0.0829405554974363, 0.4818472778438022, 0.33582686193261185], [0.07716569694462144, 0.0591221284951304, 0.5186964541232779, 0.3450157204369698], [0.07602143118887855, 0.063475974801083, 0.49628600792900596, 0.36421658608103286], [0.0811445343509696, 0.07528810492096648, 0.5127485707982609, 0.3308187899298028], [0.06095442877654949, 0.049903847855404214, 0.5351204039