{"estimation": {"a": 17.98732935135156, "rho": [0.2672364183499293, 0.07210374328850512, 0.13576413077714516, 0.13312441172665126, 0.1748760078080232, 0.12482836881161427, 0.09206691923813164], "Mu": [[-0.3282494775675522, 0.9102261601181655, -3.688034408132546, 2.474881110142117, -2.837566442215494, -4.190075040075226, 1.4146929235830683, -5.0290786579225735, 1.8108772573975924, -9.251364509732415, 1.1107276241354282, -1.0567021991607723, 8.199820772851321, -5.525529466418245, 0.8570304685597429, -4.829470216066158, -2.1631420941671404, 4.215633871008703, -2.0266034851545984, 3.0920084684555267], [0.10195112190552302, -0.6166696402879732, -0.4085029812265921, 0.7816130831594318, 0.023359692461547673, -1.6419966808206408, -0.1602540953718199, -0.7451472829732362, 0.13009105911994318, -1.838292111189239, 0.4159237729799342, 0.2243547694295936, 3.1582789231449424, -1.8499340157658408, 0.645304604907372, -2.3445870487832785, -1.0452241710577166, 1.6113563714249144, -0.3263162815902379, -0.8638168223827377], [0.8991549954707674, 1.9315007305444631, 1.6114098538006958, -2.2415869698290747, -2.0908384774838846, 5.059158298348923, -1.6253101801986805, 2.3214995520550477, 5.074146590489706, -0.5283412842257248, 4.0137110586185285, -2.2337403192217833, 2.2987710410704123, -2.1235640900220014, 1.539426213825522, -1.3722947492659967, -3.302132762875425, -2.9848670530542605, 2.323222944423494, -1.4544233009272263], [0.33250362506188075, 0.3685232232500183, 0.66474244123851, 0.016959969170871572, -0.2103039503378073, -0.19716471986422637, -1.0105817979980374, 0.5957673772762013, 1.082107684964182, 0.9238820621168463, 1.807383327157876, 0.06539466592808486, -0.24125060829460732, -0.5650635223244641, 1.1112795628723675, -0.9467363174205392, -1.2845335092054448, -0.48130440792186047, -0.2666865118308349, -1.1738976016612286], [2.423450453070462, -8.414515258358305, -0.25767468914174885, -0.9329042027702719, -0.7104317969395525, 2.7190694592570432, -5.294042737337278, 0.14969863667457053, -5.193220364294109, -6.204062456332551, -1.7348785317637165, -1.0216765440729598, 0.5032658671437692, 4.718435096110901, -1.548518172677015, 2.167601585144816, 4.814433691719067, -3.734430045527549, 1.5990290684541228, 5.658304904257676], [2.7057009543388393, -1.348476376590566, 0.18675472873837973, -0.34566579872014236, 0.7346686406247073, 1.2259946635191725, -1.8355192267103282, -1.6023839462750287, -0.4674512136574319, 0.04734363534738324, -1.7204037817954132, -1.0302548108145455, 0.8519018897650946, -0.159481187262141, -2.127085752869619, 1.0592857090138794, -0.4992281446469462, -0.9796018427309131, -0.14701450795999624, 1.041147532209357], [-0.06462312681222622, -1.5621022019069526, 6.413890550199339, -2.1230770198351516, 3.37412127142589, -1.3509743349511179, 3.2593301534192674, -0.371202636645971, 1.749828215636429, -5.195516932741209, -6.898285103323281, -0.23667384442173428, 1.0407764331982603, -3.7145522484789155, 3.4520677484821567, 1.9739762700782875, -3.8400578451154805, -1.250979035709838, -0.990073302128531, 0.34129649225290265], [0.17533613277764226, -0.854464512032548, 1.3706459661291606, 0.17716991800297818, 1.0901583478535974, -0.3632354754232357, 1.107473575116966, -0.07525975655922303, 0.3041807398084776, -1.9835233772349823, -2.8721859011979256, -0.4370945681601305, -0.11555156593480721, -0.8051603576717157, 1.309176916583743, 0.1626509702024995, -0.15609457107833738, -0.14191247774936458, -0.7519227027035441, -0.016438653942454275], [2.3590032378345196, 4.672956874244137, -4.380249368665709, -2.0351134776478728, -1.806086361178899, -2.235338792712777, -5.103157877878303, -6.836354121850994, 2.6464747256976806, 2.4686039468034395, -7.105654650337381, 0.29299367979823515, 3.6898863711253864, 8.484508194363537, 2.7755674747158134, -2.2381804955680336, -0.4162367499542693, 0.4283373128667365, -1.1138877916173076, -1.4140974083009115], [0.9779032181350649, 1.4358758218267105, -1.321347263295017, -1.1164095355911565, -0.8920824613766056, -0.15158255657166333, -1.612385081547854, -2.0916247063693754, 0.20531466562586867, 0.33173195465277266, -2.748059901451993, -0.7299788413586651, 1.5803827642120811, 2.776240771031151, 0.8309055923479997, -1.3289326532153647, -0.010395780474496638, 0.6473559774416289, 0.025162486547095547, -0.39503620187399063], [-4.745321790742102, -2.17739578164007, -4.495940672914224, -5.579911436065928, -0.5762103848671993, -0.967169592627353, 3.842849958687504, 1.9252354604716921, 3.738144544548104, -2.1109149708177073, 9.019640800081518, 1.1678168866724192, -4.314038212214613, 3.443490281922451, -1.5343913673537042, -1.2662523256516927, -4.274645464185086, -2.2472762058770144, -4.272975819335524, 3.594494715372803], [-1.781034925966642, -0.09701550869225882, -2.0471906227287606, -1.3696063664708207, -0.21499592799831663, 0.7978029074054652, 0.627253166234799, -0.38090180117954286, -0.04836888428696381, -0.6335432616893395, 2.020475779652282, -0.03562209769721024, 0.40551457656174883, 1.3779393395467248, -1.14772653678477, -0.705264937490864, -0.0675237874236517, 0.11934276258424478, -0.37879112514726565, 2.0901929844097125], [-1.0849867981201542, -1.4262897603033575, -4.046685960540826, 0.026478643921136854, 0.6072762798735005, -0.6270794781515191, 0.5254037499833074, -1.840504925197927, -0.6275089175534279, 1.0985645555557857, 0.6588089343953467, 0.9643304869901336, -1.8563780949260817, 2.3960656682679353, -0.6499996821636282, -4.1764593592254045, -1.514229628143422, 4.269852700332795, -0.3426493903562918, -1.720812062187678], [0.5896470865166908, -0.21094885689720008, -0.7404084032272085, 2.24194270518763, 1.7790353466807027, 0.2480162104308855, -0.6096547549009762, -1.9379560766584503, -0.05394092922195261, -0.3873470748436233, 1.0078376285858746, -0.6638909459392534, 1.6706810844067568, 1.9979196705199447, -1.4731947203705795, -2.9172924553739503, 0.767701495655464, 2.9545158948849077, 1.481764186852361, -0.12963229569260246], [0.7351957886982036, -0.43563564016019274, -0.4719524697474143, 2.8385772528245883, 2.8273528073409127, -0.6548513757346136, -1.7720294505561307, -2.601890250779547, 0.8695464569503106, 1.2017358546427201, 1.3869606293178427, -1.5882456469930666, 2.659539994401751, 0.6999768367596516, 0.24811950135142344, -1.8851067161816624, 2.091499290287091, 3.358861625263039, 0.7485447744231379, 1.354078432678964], [-0.044498450696495565, -1.0944712606478797, -2.1463890968659998, 1.0568199980256963, 1.0646905534116495, -0.5588765088191591, -0.001953027237510298, -1.8353380051809423, -0.4250052263397334, 0.6347879824326065, 0.7038744149427553, 0.08393180645509947, 0.0964642255079836, 1.743258471434049, -0.8940981641000139, -3.1317269624715287, 0.39825585838985456, 3.2552605722547936, 0.4201207606031337, -0.5340654099124763], [0.6011136365033817, -0.19505633430082162, -1.0528851127205918, 1.323479083200746, 0.268879678239425, -0.01894241611193951, -0.13248845492597594, -1.397893498367495, -0.4906269053047543, -1.331632610707893, -0.6506074333888779, 0.05982131868625788, 0.6122467038362205, 2.4010906462448824, -1.9112461946693857, -3.9350151203199264, -0.5670120077180242, 2.4959174102090547, 1.1337683961990552, -0.5753558995581369]], "Lambda": [[0.2839536980219983, 0.4066447887662953, 0.4949393188488312, 0.6134480919125911, 0.45015681751333514, 0.4013997139114543, 0.6768717121517587, 0.3554131515260911, 0.8875287200095264, 0.3484608112286482, 0.29521371355412807, 0.4745765830747951, 0.28157648134604474, 0.6084446636873895, 0.7276049747620041, 0.4221631072185912, 0.16908270980538725, 0.28638354389797294, 0.4944715057329137, 0.18574482286196248], [0.44004793888531785, 0.493834077550594, 0.5333596067457769, 0.5768880363152661, 0.46802075677240157, 0.4843039513203173, 0.5652135146810511, 0.4633213785150491, 0.5573879997006371, 0.3906849888551309, 0.4400221409952847, 0.5245173601624996, 0.3992273803649545, 0.5241606406044014, 0.5964446874276819, 0.4248100286036115, 0.4098044536742493, 0.3849279897606443, 0.5025538966287658, 0.41392115044691513], [0.7350563744713192, 0.6858760740350962, 0.4323943387175974, 0.34145146651406244, 1.0973310074313818, 0.4401878422592312, 0.8547056008144477, 0.9641768267311748, 0.4827238104589994, 0.7926166228154161, 0.49073511229479333, 0.2503275730734973, 0.285183486191626, 0.4231632069863284, 0.24829106997879827, 0.3144643409292568, 0.8323579543570606, 0.5389864484127525, 0.9018448300240159, 0.33585953821049763], [0.5531438219850925, 0.5647093412981723, 0.5125512261459295, 0.44714215508594907, 0.5796071522433897, 0.3758539601969295, 0.5285169731137831, 0.5770240181579053, 0.5068173221958802, 0.5225301911293387, 0.47060472042514684, 0.4140434669547736, 0.4446096253180299, 0.5125749435301971, 0.461905808118245, 0.44216618734024765, 0.5194657322472983, 0.48626430853099145, 0.5385500788484695, 0.46682697253366123], [0.3157299711117019, 0.5519796804771804, 0.5706066851037318, 0.8496272597264013, 0.4638817432538156, 0.9124360260080225, 0.29539872309872184, 0.3718291457880963, 0.3698440628702562, 0.4078730755124483, 0.4055661605187678, 0.4989162199881586, 0.24101775344171925, 0.472195548377745, 0.8731935723141983, 0.24630163192108198, 0.2245874267556196, 0.6425974549664959, 0.4453396747695869, 0.5014788270168721], [0.504926750456218, 0.38191416655198696, 0.548833044904721, 0.5514144242072885, 0.5862337238563158, 0.5510637921374111, 0.47376723420915984, 0.4760341324713355, 0.4076341009577291, 0.5039932062946831, 0.4003616324941388, 0.49805479874260034, 0.3948663746246049, 0.5223720655436046, 0.669528482913991, 0.5021473583956836, 0.4300570711953068, 0.513534984229511, 0.5114135429997864, 0.4381282776608927], [0.49945242953207597, 0.635107200546305, 0.2249460456751762, 0.23846741271931907, 0.3277540417001133, 0.40425032713457626, 0.2649438354675203, 0.4573185979656148, 0.47288380299475624, 0.34963465286859374, 0.5316672805887493, 0.42252184883203536, 0.8115832977927908, 0.3813524082649893, 0.9077177343454752, 0.9319596437147531, 0.33713795584334605, 0.6431904125749778, 0.3072890923654222, 0.34238689514723136], [0.52437784160155, 0.56217826852887, 0.3777488637269494, 0.4489682790389482, 0.44109709491464033, 0.4770866967426974, 0.5020540543023487, 0.5530492046416563, 0.5097786033546604, 0.4632680640063996, 0.42964096312222466, 0.485785272100995, 0.5882390995111368, 0.45288156162210047, 0.5805877964179362, 0.5825839803461345, 0.48893629560958957, 0.6009818720202572, 0.4783582567292343, 0.4640620462848678], [0.4547423740689089, 0.9306116709615226, 0.2621731134370856, 0.35977410017705763, 0.30083412382836516, 0.5225107114106793, 0.2337543395544444, 0.43716168828267643, 0.44353064193494646, 0.5647102843679372, 0.488886438539854, 0.4511358860101634, 0.37488546888308644, 0.4613263390476909, 0.29845133933117063, 0.1880588584809025, 0.6512638278296288, 0.19420662444595974, 0.4883835014451124, 0.7793111226301508], [0.5131097728028233, 0.583139875171821, 0.3818335454512761, 0.4973191489117981, 0.4786012550609714, 0.5500561248881931, 0.4169913819242314, 0.4298661409902473, 0.5000756526265157, 0.5293924099944235, 0.4246351113765428, 0.5304148005111835, 0.49417107077529954, 0.43549828197411466, 0.46862678584162754, 0.3515141797364163, 0.5421388711382815, 0.4130940720546694, 0.5459208347399046, 0.592240369849991], [0.30869706059401786, 0.3787531058622003, 0.4178653719527698, 0.25795788106539747, 0.7846198763559998, 0.47807954550768617, 0.2686403796055858, 0.6750419963802812, 0.49592744836044705, 0.47761967378396464, 0.3600953229581776, 0.630030485053624, 0.26304416191582203, 0.46016738374402916, 0.26989994782605464, 0.7822002813609098, 0.3323415352927028, 0.39224580769603307, 0.45386404991849255, 0.6876804217490806], [0.4648566544229286, 0.5229072988733019, 0.4910208742416629, 0.40607921253275775, 0.5454614064570695, 0.6001417571730197, 0.4234801688834675, 0.5203209932980523, 0.5034715713747379, 0.467265430703824, 0.4053036991820641, 0.5446697321498932, 0.40631358798649264, 0.5316017683080771, 0.4279092166282554, 0.5952093257996679, 0.4535933183508692, 0.49289781013421197, 0.49307262051339457, 0.5504748088022894], [0.6041598920722949, 0.4367579237733998, 0.3996170051333979, 0.36251821980363413, 0.6135249478873007, 0.3832877840623755, 0.40669069283230785, 0.6543465844615954, 0.5507246925405064, 0.30149644757987276, 0.21777614001429638, 0.5649400084792197, 0.34141430821787766, 0.387511542864757, 0.3488936901063084, 0.3213785682260149, 0.31779159099228976, 0.5702550176186408, 0.5583063715164702, 0.38180842783959495], [0.5377449960789138, 0.5145742598793165, 0.3626484833075847, 0.38222870406911935, 0.6267808864792606, 0.5381973441160045, 0.4907321968199557, 0.6227740488244099, 0.4853135587484678, 0.34804846108526893, 0.29666544382479865, 0.6701641543777334, 0.36504404397016993, 0.4324302866742929, 0.4199424627528425, 0.40533512815068184, 0.2725026854940045, 0.5058164976125918, 0.8571468174373598, 0.437022178736282], [0.5473621410697803, 0.5578783697867716, 0.34829952674472786, 0.38712008088328814, 0.7094187541741765, 0.5400124994975993, 0.5292715941570606, 0.7655977046722064, 0.4962182418964328, 0.365440061726108, 0.23004445430696713, 0.7289453721195795, 0.32767453068873226, 0.42803125200766157, 0.37963119712013793, 0.41329569931759097, 0.2450186730950567, 0.5195207448994444, 0.8506750373005068, 0.40036788324489714], [0.5645592239781722, 0.4812916281541078, 0.3906183782831593, 0.35241170696588126, 0.6007509652702597, 0.4910106516725515, 0.44424785875899303, 0.6238513420148041, 0.5229848139047419, 0.3374439302514727, 0.2639784118024754, 0.6171287011812251, 0.36806819156250487, 0.4300519538043553, 0.39632772368967495, 0.3703214712132816, 0.29707120604188114, 0.5440231782215288, 0.7151103454908223, 0.4327187219487556], [0.5347735716240419, 0.44534970069454194, 0.4003661119662998, 0.3571512688661369, 0.5650492851012044, 0.5053655927813686, 0.4729977724151026, 0.5146959862874396, 0.5556272313755074, 0.3529326181003758, 0.3375247506746733, 0.6086041111255267, 0.42007756729088325, 0.4220408640661361, 0.4320391602919982, 0.4196857898092131, 0.3249949192594628, 0.5307739457721705, 0.6557627943813465, 0.4908033632832153]], "G": [[0.21101926463673365, 0.0783334657681991, 0.13998439638842822, 0.14155941487090504, 0.20706510048089258, 0.1316133821672594, 0.09042497568758238], [0.1612271807781332, 0.06315447246052677, 0.16107918918618144, 0.15688738639323133, 0.21138828949894578, 0.14725267218233903, 0.09901080950064332], [0.3197825462243287, 0.06592525376444848, 0.09931570090439489, 0.13808230905636415, 0.17901802341060555, 0.10757381488484458, 0.09030235175501375], [0.23259651868523992, 0.06463160915662074, 0.1421336965819895, 0.1383698434163992, 0.1937441771416458, 0.13397503573594804, 0.09454911928215642], [0.37324335040795703, 0.08207860206949064, 0.11002068507133404, 0.11062990118251892, 0.13419386536028208, 0.1035460766127, 0.08628751929571721], [0.3016259114273596, 0.07357173362023077, 0.1101564051712924, 0.1322293009651295, 0.18962957429470673, 0.11462766495397972, 0.0781594095673009], [0.28720312497340533, 0.07066176948390888, 0.1594397222741729, 0.11851804415400324, 0.15358182772558152, 0.12410504543319471, 0.08649046595573351], [0.22803253279136496, 0.08220472307424825, 0.14054656992464667, 0.14012395022840968, 0.18182273930220788, 0.12943520810063577, 0.09783427657848691], [0.21596164589617695, 0.06518618172151719, 0.19431316999956785, 0.12619341342700527, 0.15435825100627096, 0.14573146075911098, 0.09825587719035045], [0.20095030033425887, 0.06467911563397127, 0.1823293913635334, 0.1401380119311301, 0.14587217080583853, 0.144529202625694, 0.12150180730557397], [0.21750555650703315, 0.06503424795513035, 0.13009589972307953, 0.14815109708968066, 0.22536097265912702, 0.13063202708404695, 0.08322019898190207], [0.19450473303236743, 0.05917882496644386, 0.21750970808787196, 0.13227066229067486, 0.1302714756089282, 0.1543681673536566, 0.11189642866005717], [0.20624975412034022, 0.05766825683826708, 0.15148754233038775, 0.1422721024687352, 0.21771564728381326, 0.1425317300258714, 0.08207496693258487], [0.2715293134903616, 0.08412483881512169, 0.14244582792715701, 0.12516855640248362, 0.16040103145065837, 0.1255656088505512, 0.09076482306366673], [0.25745858579277603, 0.07639981037934142, 0.16921308517320383, 0.11723436838671143, 0.1589296087628789, 0.13070966028308612, 0.09005488122200206], [0.34727521105144354, 0.06730494024795049, 0.10921738540279578, 0.11806690888214165, 0.17799864965045564, 0.10573954424703128, 0.07439736051818222], [0.24948274568706083, 0.06169978951390655, 0.14298908695452184, 0.13325243859365657, 0.19345704125327792, 0.13737463451411877, 0.08174426348345826], [0.17759822853444748, 0.054423452635899816, 0.1716311342982687, 0.14834145839754942, 0.20048544998384987, 0.15039006412101621, 0.09713021202896877], [0.40673185851239557, 0.06607222908833679, 0.11956413007681786, 0.09692980331970749, 0.14770895824704386, 0.10404467173671927, 0.05894834901897919], [0.34181188525925815, 0.057170467947214185, 0.1401834082398569, 0.11443836650989579, 0.1391430101590924, 0.11384967294848368, 0.09340318893619932], [0.17423557899004777, 0.06838468757808867, 0.12161720893325784, 0.1690405401275978, 0.21287293473598554, 0.13885970992088284, 0.11498933971413997], [0.36306182392725017, 0.06993608186398356, 0.11204573644304243, 0.11787570192143247, 0.14917235724765454, 0.10866330213200429, 0.07924499646463236], [0.21363365644137478, 0.07496003426732416, 0.17490363558511016, 0.1302807022410673, 0.16543664246672984, 0.14287528256800794, 0.09791004643038494], [0.2759111175035903, 0.08785247344021405, 0.13777335485828082, 0.12271736990822722, 0.16570446365514935, 0.12126141848987251, 0.08877980214466497], [0.27689677109606586, 0.07515843696623932, 0.14027732772135232, 0.12624238360696027, 0.14482288748833644, 0.1252779588057942, 0.11132423431525185], [0.3121810472885953, 0.07571475806701389, 0.13305549000974415, 0.12438832930720324, 0.15238402300372872, 0.11550849457207155, 0.08676785775164311], [0.18836806446192167, 0.05970422339204647, 0.1644431749312518, 0.14574439392752173, 0.21947437458961205, 0.14467484430599198, 0.07759092439165426], [0.2616075715368876, 0.07974277168735944, 0.14311151768416935, 0.12570522807750878, 0.18976050590173554, 0.12519271729448733, 0.07487968781785244], [0.18808290200112057, 0.07620219477855956, 0.14194821665083596, 0.15094319673869522, 0.1997721806615101, 0.13942765941981242, 0.10362364974946627], [0.18208651371287982, 0.06113399621979986, 0.1265078644116186, 0.16414788708283465, 0.22972577521506213, 0.1360854815243212, 0.10031248183348371], [0.13789196864431486, 0.07947871812592042, 0.1640471382239966, 0.1500295904341137, 0.23343788927198325, 0.15395464677655013, 0.08116004852312106], [0.2492415356075266, 0.061459303971121294, 0.1619762554356164, 0.1291927330225371, 0.17721125145976865, 0.1325389962445251, 0.08837992425890434], [0.28955957480535693, 0.06743484713614084, 0.1522074743538889, 0.1277205336837745, 0.12861436237303991, 0.12264341715844662, 0.11181979048935191], [0.19856539797593156, 0.10764554639984837, 0.13726234431667875, 0.14489725204506526, 0.18029854618219895, 0.12654878079571755, 0.10478213228455951], [0.3258053508196911, 0.07773507922445844, 0.13656639886968366, 0.11316099455651904, 0.14068177169545304, 0.11445821148579029, 0.09159219334840403], [0.4008051585276725, 0.07915908401457873, 0.09385922981799319, 0.11184119611186119, 0.14565279663734218, 0.09579904115809149, 0.07288349373246047], [0.2674038568605525, 0.07274104223480728, 0.12411641261519388, 0.14758303135826698, 0.16382268682120252, 0.11904773318885327, 0.10528523692112397], [0.3976873112200682, 0.08267058601988929, 0.09227461993268118, 0.10739809911561705, 0.14916667554402413, 0.09841680319713646, 0.07238590497058404], [0.3339384332056368, 0.07655022953955919, 0.11219054506207093, 0.11786084571123243, 0.17770235941108262, 0.10788520925822122, 0.07387237781219638], [0.20961044915399085, 0.07678967696760358, 0.12308925355408235, 0.1535457023680476, 0.22139948334988319, 0.12713325554177418, 0.08843217906461891], [0.32300023695594615, 0.06187920661587397, 0.11941495935804743, 0.11964805548923263, 0.20441196112740037, 0.11070683089198613, 0.0609387495615136], [0.23647960009329086, 0.06289128396933233, 0.15230769421287862, 0.14105261510259476, 0.15865271274156606, 0.1360457358009734, 0.11257035807936407], [0.25135346889984084, 0.06845586519576369, 0.11583238682792278, 0.1529269546562468, 0.2051296343250357, 0.11770767351687231, 0.08859401657831859], [0.2958004797870033, 0.06894941969431087, 0.1275093737665763, 0.12759400112232164, 0.17430217836896908, 0.12123977473869028, 0.08460477252212892], [0.22953739235004345, 0.07713190864489966, 0.14461212227847503, 0.14253844896073833, 0.17531083342264184, 0.13504739436755153, 0.09582189997565004], [0.3422928910318558, 0.08051600710586462, 0.12180802976294805, 0.11168844177262181, 0.14709361197220733, 0.11215845847505428, 0.08444255987944875], [0.23529645894016826, 0.052834555605756756, 0.17133030724890747, 0.13193980289239238, 0.1757952742201999, 0.13688647279580907, 0.0959171282967659], [0.43135750586557925, 0.0900576134516908, 0.08794111057248505, 0.10301196075559207, 0.13037423701406808, 0.08924717210600597, 0.06801040023457826], [0.14940847804736246, 0.07334282603863111, 0.1458937291881156, 0.16186920948033068, 0.2249569063344425, 0.1407126650385967, 0.10381618587252137], [0.28243565721103797, 0.07112013267548066, 0.10995441176060344, 0.13719632074999885, 0.196817341270961, 0.12206697194969361, 0.08040916438222505], [0.2466778330571897, 0.07369124179854905, 0.11422421749942395, 0.152894567845158, 0.18533935832151768, 0.12175170338878523, 0.1054210780893764], [0.3714575474974461, 0.06862322827731872, 0.11624061500271483, 0.10973381970069493, 0.14333504579225953, 0.10994722052853506, 0.08066252320103114], [0.2998067421019657, 0.09194006907169638, 0.1129642966161853, 0.12153949446391635, 0.1829693061840101, 0.11404356030982259, 0.07673653125240312], [0.21711861972941102, 0.06687436387858516, 0.11337927846473489, 0.159933269547292, 0.21696994601128047, 0.12600433276323633, 0.09972018960546006], [0.27404808706291056, 0.07262235858044286, 0.139662559137386, 0.13029123500390424, 0.16147742250150407, 0.12927242982249823, 0.0926259078913538], [0.3072165095965018, 0.06706083338207715, 0.14653190610027408, 0.1216611304443479, 0.14295554731112692, 0.1156624431485299, 0.09891163001714268], [0.36832016211179414, 0.0792271469811711, 0.10162673070743622, 0.11635348576819572, 0.15218592849029908, 0.09848587389773379, 0.0838006720433688], [0.25215998018113206, 0.0828695328238698, 0.12954473618135975, 0.14468428683383128, 0.16458205751088129, 0.12096581770783733, 0.10519358876108877], [0.2626302457760265, 0.05011245590380614, 0.15027315110095876, 0.13822764795783912, 0.17312571091604462, 0.12791515621244873, 0.09771563213287579], [0.20880100435850116, 0.05692142343449161, 0.1443557666093466, 0.15056187132281995, 0.1999465861912358, 0.1377734715269028, 0.10163987655670116], [0.24710029784887755, 0.07376620181402122, 0.11425809394983052, 0.15276885051325859, 0.1948956183206932, 0.12276570360149175, 0.09444523395182745], [0.2956020642227421, 0.05862396366867007, 0.15718290134850502, 0.12339225591069718, 0.1283372344138006, 0.12812921260099777, 0.10873236783458716], [0.22287239905610304, 0.06684487096520617, 0.11253800969513202, 0.1614131252490117, 0.20328007222042618, 0.12676080441238222, 0.10629071840173891], [0.26162594049453763, 0.0671808382330127, 0.14417120388771043, 0.13143130792557864, 0.1818159765680398, 0.12909654163141226, 0.08467819125970902], [0.20018922720315488, 0.0777168549861662, 0.13913515892185696, 0.14918644799788996, 0.1874855024851921, 0.13254471861283332, 0.11374208979290656], [0.29494792982675533, 0.07865998780184498, 0.13717016722403674, 0.12371691004422607, 0.15564823904739697, 0.12366832848450428, 0.08618843757123561], [0.35316000465144554, 0.06888172134426307, 0.16455434493935522, 0.10168850198200398, 0.11087473932370734, 0.11907461414305069, 0.08176607361617393], [0.2675142562812503, 0.06602115770387375, 0.12904086157927913, 0.13382514152961197, 0.20498063049092793, 0.12640683465309827, 0.07221111776195879], [0.25654974337227654, 0.07004888228680113, 0.1179394985380446, 0.1428633447536388, 0.20803033502890786, 0.119138553679859, 0.08542964234047205], [0.26372034685774237, 0.07143534753525983, 0.13181532120119638, 0.13623304038619588, 0.17337205063676622, 0.12898236181863143, 0.09444153156420773], [0.17851120420753305, 0.0589725940136092, 0.14127574608214521, 0.1571287721944181, 0.22907970027903848, 0.1381899493463096, 0.09684203387694566], [0.26228166970220895, 0.050017243306038586, 0.13536156799337848, 0.14443252647199556, 0.1875585663608221, 0.13379456534064277, 0.08655386082491394], [0.36972268891790433, 0.08434719665884503, 0.11139610683404502, 0.10992035656191852, 0.14245820730677192, 0.10831796803150912, 0.07383747568900619], [0.2673532716606229, 0.063524002704178, 0.13115861326085812, 0.1354781060023941, 0.1950551420139169, 0.1258161851343672, 0.08161467922366274], [0.34625625748046795, 0.08531659591420353, 0.09343306881243986, 0.1216114810676909, 0.17129976475990658, 0.09859783130941734, 0.08348500065587257], [0.25080802170748173, 0.06684364978237242, 0.16397893621702478, 0.13095391645944762, 0.15911449032438957, 0.13532962573973942, 0.09297135976954424], [0.2869811772877626, 0.06865154377671015, 0.15018897699712946, 0.11791497867670282, 0.15687434991701574, 0.12976783562037975, 0.08962113772429847], [0.2108402212857936, 0.06608193925331018, 0.18788333595874956, 0.13173370390727526, 0.13410837044623458, 0.14023188093487254, 0.12912054821376415], [0.21989769399111694, 0.06298178468891248, 0.13649778810457822, 0.1452480858756633, 0.20735468711735483, 0.13763670419879756, 0.09038325602357679], [0.29582485503315853, 0.07717153586430833, 0.12428316653986263, 0.12814983355796675, 0.16655277235649638, 0.11704036411284106, 0.09097747253536619], [0.2406894224151224, 0.06519390847511214, 0.1396064873132442, 0.135816999547926, 0.2077751611115184, 0.13185154240780816, 0.07906647872926847], [0.300327325227765, 0.06669112913198666, 0.13000035737681287, 0.12943064762698234, 0.1519741253145092, 0.12506683773050867, 0.09650957759143557], [0.32320028427430875, 0.08073027254019326, 0.1461607742665431, 0.1122048753090717, 0.12065959967171752, 0.11900932962003713, 0.09803486431812872], [0.2455521515720748, 0.06736768023199734, 0.13449430980729934, 0.14127694259724263, 0.19200422401683392, 0.12737791262114184, 0.09192677915340977], [0.2377904043513583, 0.0747758892013774, 0.1242062356273334, 0.14383952956729862, 0.20448251382091714, 0.12607634759333303, 0.08882907983838186], [0.2413893940156849, 0.047203310480437057, 0.1974632766609984, 0.12762778250714238, 0.14247070617747334, 0.13953201896863876, 0.10431351118962484], [0.28396212793590286, 0.06928395216113599, 0.12744752569628442, 0.14070358203543337, 0.15457977457174318, 0.12064187700867125, 0.10338116059082893], [0.25883970993173316, 0.06156476175978677, 0.1672830557449722, 0.12521502070266338, 0.16363634753007655, 0.13466604644069124, 0.08879505789007638], [0.26682346988566114, 0.08953500797324869, 0.11998462052847585, 0.13522921602639232, 0.1585399973064982, 0.11936190561318008, 0.1105257826665434], [0.20455811039977836, 0.060845955657150855, 0.11772573636246698, 0.1692719413135784, 0.20341789664033533, 0.13208753980026203, 0.11209281982642758], [0.3627360207722556, 0.0806743613487417, 0.11365603659159156, 0.11114456727676651, 0.1487185743193345, 0.10320151315387965, 0.07986892653743054], [0.20110298196086196, 0.06199638899912932, 0.1270789988927614, 0.16411335669260932, 0.19806567554653914, 0.13349159676023747, 0.11415100114786188], [0.21969234219467487, 0.06040557270939523, 0.1200552640592085, 0.16031278085567974, 0.21283265835681797, 0.12974990164327724, 0.09695148018094665], [0.15510146618607096, 0.06923486156097365, 0.1353012092415302, 0.16496073578322362, 0.22603831223185525, 0.1438586416369251, 0.10550477335942127], [0.2262277758730711, 0.06002786623609408, 0.11925162163145711, 0.15474075572437357, 0.22027914014908448, 0.12959242478302155, 0.08988041560289785], [0.2006240088974966, 0.06123768609675369, 0.15690321610076102, 0.14346546669903018, 0.1992167023091586, 0.14371800082500313, 0.09483491907179761], [0.17178325143051978, 0.057991645348245115, 0.15754379705715923, 0.15692437839269305, 0.20435302113971446, 0.14503617987435727, 0.10636772675731135], [0.20676408165099508, 0.07835050723925792, 0.13703787154394093, 0.14912910665511264, 0.18756954294721678, 0.13322210104081916, 0.10792678892265735], [0.34720833756605496, 0.08111843995616269, 0.12392532247049758, 0.11507531849746465, 0.14063146191887382, 0.10427466414664262, 0.0877664554443037], [0.180592776502809, 0.07447931864830404, 0.1523269871554284, 0.1536222640118454, 0.20432355036369007, 0.13862323994239578, 0.09603186337552788], [0.36183999996216343, 0.0845171659539055, 0.11816118426154743, 0.10856145931520443, 0.14452789175094846, 0.1050640621861312, 0.07732823657009981], [0.3006370785501493, 0.07597275468597897, 0.12040294596268825, 0.13133508537950742, 0.16487393692680616, 0.11325547147983249, 0.09352272701503697], [0.4820406647866654, 0.06997440699095916, 0.10285825959696351, 0.08287274914267771, 0.11514927745246145, 0.08546394099940217, 0.06164070103087033], [0.2197567592863049, 0.061669199604658595, 0.13114025438099008, 0.15371167155042986, 0.19064041088596562, 0.1316596726447951, 0.11142203164685578], [0.25439355970490746, 0.07053703192346411, 0.1443683527024498, 0.1304550484413708, 0.18199930239094558, 0.1303587453768837, 0.08788795945997878], [0.31150512303637296, 0.05441142482307373, 0.15445284513473218, 0.1244380416497441, 0.1249814613820107, 0.12368522999204772, 0.10652587398201847], [0.33689283788658037, 0.059982694816367824, 0.14075248618007238, 0.11092845872677262, 0.1572018901673994, 0.11902457320722422, 0.07521705901558264], [0.3260131001336772, 0.06507709108815236, 0.133124943533521, 0.12442533804245412, 0.14302962487063525, 0.11550998769105308, 0.0928199146405078], [0.3949277435942276, 0.09047146488538796, 0.12143703975900126, 0.09587124211614943, 0.1219088863908938, 0.10111365950498193, 0.07426996374935815], [0.17796497940187989, 0.06056843803662543, 0.17165258756535987, 0.14475954056337628, 0.18567404208764388, 0.15513348010985886, 0.10424693223525615], [0.3314007069774307, 0.06975792623754089, 0.1273909792368106, 0.1196358506896594, 0.1489941770122128, 0.11689315750196025, 0.08592720234438544], [0.2639563437992298, 0.061307968197148406, 0.1263274113269554, 0.14240643585717294, 0.18920890386956996, 0.12343304427329756, 0.09335989267662499], [0.25783305489979114, 0.06668184848135358, 0.15614092720541592, 0.13106753611307734, 0.15902200196887373, 0.13781015384481238, 0.09144447748667577], [0.20054367802226827, 0.08848891474607545, 0.14475064575139887, 0.15200028942578228, 0.16343051807401948, 0.12927619939628862, 0.12150975458416664], [0.28630521363468686, 0.0724370022590075, 0.117169114488103, 0.13342238253996327, 0.19321613548010383, 0.11629502532025987, 0.08115512627787524], [0.1749588386063739, 0.05545787497755306, 0.16610643014475185, 0.15954604826410307, 0.17756109476314727, 0.14689785497953348, 0.11947185826453743], [0.3084449065705835, 0.06992583135047728, 0.16122684102566978, 0.10933706522967325, 0.14280926429578064, 0.12441485158594633, 0.08384123994186876], [0.32084813387600153, 0.09497947891580152, 0.14782005913398358, 0.10582015641566363, 0.1191826986309336, 0.11836127529515335, 0.09298819773246249], [0.20655418499009495, 0.06793601200567878, 0.20076119932793382, 0.12356902159002799, 0.15141071447657978, 0.15031705754561173, 0.09945181006407323], [0.22125364201988976, 0.07835204696376312, 0.11457884965038939, 0.15623548338734547, 0.1952347715429639, 0.12143278663042391, 0.11291241980522436], [0.23905426437535807, 0.08551733824331444, 0.11353789741530013, 0.14705221215245626, 0.1872888566831218, 0.12420464065254684, 0.10334479047790243], [0.3259935955135501, 0.07808614509416599, 0.14426853674134413, 0.11686117317619461, 0.1310611665114693, 0.11762949439861146, 0.0860998885646643], [0.25721942794960917, 0.09411578020455463, 0.13696601175611506, 0.13277670834229133, 0.16103481263585506, 0.12427414553885849, 0.09361311357271608], [0.2149979938276288, 0.08809969918570966, 0.16570008373720177, 0.1330866314299514, 0.16787362205854758, 0.13487437787460402, 0.09536759188635689], [0.19953297831403116, 0.05385897360607632, 0.13453770127305356, 0.1529325269747935, 0.2262713013262251, 0.1380096502502993, 0.09485686825552139], [0.3171461022339626, 0.07080080383484072, 0.1257308672004162, 0.12534738015972843, 0.1567707171020093, 0.11547131943193564, 0.08873281003710781], [0.2664512984038667, 0.06069937442797148, 0.11281121304553421, 0.14787244355425103, 0.1837749887047253, 0.1253375119666857, 0.10305316989696586], [0.23234689935421743, 0.0615998047967006, 0.15594267725656893, 0.14527015580679964, 0.14956312492866328, 0.13791175934575622, 0.11736557851129328], [0.34240801023756345, 0.07038507250345638, 0.12271160635781103, 0.1131952470111763, 0.1622195709496788, 0.11178772856899337, 0.07729276437132111], [0.23134667292362676, 0.09475343188075912, 0.13972761752415427, 0.1346356316018766, 0.17818686363499417, 0.13042258224465933, 0.09092720018992939], [0.3449391787990491, 0.08099362908575683, 0.10927454457239977, 0.119267631649327, 0.15837213609308373, 0.10510721499433862, 0.08204566480604543], [0.25688501028514205, 0.08065460490367156, 0.12803333751735996, 0.1351907547240982, 0.19186226403971024, 0.12421539795641821, 0.0831586305736], [0.16431364503568532, 0.06948561227587374, 0.12779031328960064, 0.1673731732523647, 0.22470642528976567, 0.14163527646272694, 0.10469555439398316], [0.35567112403374285, 0.07904934786006262, 0.13705453735193251, 0.10458549834862016, 0.13463095486837878, 0.1118200137818243, 0.07718852375543923], [0.254645927133701, 0.08010564655464257, 0.1311319086748287, 0.1307313953570419, 0.1913211550515274, 0.12937516080558834, 0.08268880642266992], [0.3177891639375718, 0.06895092827587002, 0.14566509298017444, 0.11400755262198758, 0.16267760988354787, 0.11960319017165666, 0.07130646212919153], [0.329262089927031, 0.06539785537036891, 0.1052073008300438, 0.13584174065818214, 0.16396318088445208, 0.10791496691396701, 0.09241286541595563], [0.17463820662751592, 0.0675640901148861, 0.15788797268489874, 0.14515374683551616, 0.2161043451216903, 0.13853138676084512, 0.10012025185464772], [0.12571352044940193, 0.05009315011651357, 0.18452886917513467, 0.16594032672438216, 0.21233656776916454, 0.1597370654550838, 0.10165050031031911], [0.19722299647361072, 0.06215045664712679, 0.1398616096411146, 0.15980729900258867, 0.1969140189963745, 0.1392000310597396, 0.10484358817944493], [0.4194471725082052, 0.07186165526028157, 0.09768849639675982, 0.10671106927500593, 0.13288008330597012, 0.0973464363512043, 0.07406508690257248], [0.2466306361993652, 0.08490833259266471, 0.1305820800093399, 0.13118229430386613, 0.19092821621527856, 0.12447479110644503, 0.0912936495730407], [0.22694990392517161, 0.0635117840522553, 0.17652823113667482, 0.1342711866593059, 0.14718875654363098, 0.13923461341307827, 0.11231552426988307], [0.34364994545353666, 0.07598955500411565, 0.14607844611892226, 0.1129964276142056, 0.11773964159709924, 0.1108732130807753, 0.09267277113134557], [0.39984496342999176, 0.08793660060487335, 0.11121177976543155, 0.09877450177304217, 0.12830433569761948, 0.09938735638528198, 0.07454046234375962], [0.22116096756470674, 0.07159005071402763, 0.1354082326415804, 0.14368260618530185, 0.22219276419473138, 0.12962976497012282, 0.07633561372952948], [0.40813086994542663, 0.09957770866531922, 0.10048348254818927, 0.09665831169851961, 0.13932146577822757, 0.08976260299956064, 0.06606555836475696], [0.21521652911163008, 0.07083394801995235, 0.13535025436257445, 0.15084515579198807, 0.19515397830349915, 0.1341230509420969, 0.09847708346825894], [0.33661565523682807, 0.06295470564850267, 0.13147428075647852, 0.11807735215677294, 0.14433790221066206, 0.12177634541831661, 0.08476375857243892], [0.19348415578139233, 0.06559218070249544, 0.16937215732000577, 0.14667364847488126, 0.15887127616037322, 0.14201235276147844, 0.12399422879937327], [0.143695096393199, 0.06379663429093149, 0.14434585244997689, 0.15597688716086133, 0.25427914754742087, 0.14557250460219154, 0.0923338775554189], [0.2823271240114049, 0.07993708239211242, 0.12257705997864828, 0.12550713888238998, 0.17928557045422555, 0.12178996979201996, 0.08857605448919892], [0.2923679284374492, 0.06993683245391023, 0.12038477316794367, 0.13145150340869108, 0.1674662723609812, 0.12033139301337126, 0.09806129715765335], [0.2601639230502107, 0.05575140403983524, 0.18545787872309918, 0.12172612194548459, 0.13836440176779208, 0.13833752653888443, 0.10019874393469395], [0.25074278791579163, 0.06886810008753955, 0.12908799183432917, 0.138475462526745, 0.22241208999072085, 0.12196404809664886, 0.0684495195482251], [0.27617766608757705, 0.06376472375748576, 0.15802574191647684, 0.12297497262683281, 0.15358410251058086, 0.12887055571430922, 0.09660223738673776], [0.34188778422515054, 0.07118825665489768, 0.09411163468909933, 0.1316035458273373, 0.16894047797243297, 0.10317907803513475, 0.08908922259594747], [0.38519014858455347, 0.08733833760120104, 0.09245257717154377, 0.1133033455628224, 0.14751191170305916, 0.09779778801326157, 0.0764058913635588], [0.31309424220104765, 0.07903874829663081, 0.1303333136793895, 0.11937007337022747, 0.15779725978438897, 0.11891174451820345, 0.081454618150112], [0.26024021573625344, 0.09822794172777097, 0.12188009663119544, 0.137725858449958, 0.1657899823408426, 0.11999206961925009, 0.09614383549472968], [0.23006849715909194, 0.08337357601436608, 0.15027547429059293, 0.13253982689334406, 0.16636348766806783, 0.13647794049595421, 0.10090119747858253], [0.14939966663515888, 0.10295938850259875, 0.14027266559985965, 0.15548089358409053, 0.22785411644395076, 0.13072460800305932, 0.0933086612312816], [0.3802134186648136, 0.07299120177084921, 0.14982532497075993, 0.09636831217742184, 0.11804939873213481, 0.10988944604308067, 0.0726628976409406], [0.3283123230165612, 0.06949282139138187, 0.11916568328339032, 0.12310028548080183, 0.1670771333643982, 0.11677279360232604, 0.0760789598611408], [0.31266789526699285, 0.06980855563401016, 0.13997359709859578, 0.12467180111847855, 0.12924439843025096, 0.11951370321019317, 0.10412004924147858], [0.15639428981541806, 0.06959625919882599, 0.14323606325927107, 0.169739956398225, 0.1815163674786506, 0.14491951960491148, 0.13459754424469747], [0.20752596978844823, 0.08730985923163481, 0.13728433770286255, 0.13901740201023907, 0.2040335670718909, 0.12928117724974247, 0.09554768694518224], [0.19344694234411133, 0.06967626753343714, 0.18134121516087506, 0.13334471504687137, 0.19269489089933295, 0.14122996299503135, 0.0882660060203405], [0.283591655513915, 0.08948970106007076, 0.10201679606559469, 0.14353476079801294, 0.17748141030644032, 0.11064692297680795, 0.09323875327915788], [0.14680149046451407, 0.05440102707608142, 0.13472823472436202, 0.1722759389289811, 0.24699864217903897, 0.14189051380697598, 0.10290415282004597], [0.25030567649972074, 0.08437548382264135, 0.1423899020876825, 0.13349987813397615, 0.16333268287557895, 0.1267772716444742, 0.09931910493592626], [0.23741058529330789, 0.07633902093408161, 0.14418252143449, 0.1346899919209889, 0.18192572060217285, 0.12946281591345718, 0.09598934390150186], [0.2897194875084733, 0.06759369408272772, 0.13760580315111573, 0.12237948343237928, 0.19532272045126056, 0.12233436528494418, 0.0650444460890986], [0.2569225791818934, 0.07139640712079186, 0.12650476758066526, 0.13918597915937866, 0.19606189584084727, 0.12228844690495314, 0.08763992421147104], [0.24141328121439456, 0.08513838805092709, 0.1379695657169726, 0.1359774538463798, 0.17708601951059483, 0.1284830736149967, 0.09393221804573444], [0.16512561299321402, 0.07277748686458184, 0.15701584121496537, 0.14748793825650608, 0.2126889