{"estimation": {"a": 2.827806551526354, "rho": [0.10829166696445275, 0.12803746521978582, 0.13847713782929072, 0.12252364400014958, 0.11623595981817936, 0.09252908791725827, 0.08184431715829789, 0.07378556877019765, 0.07101885290434919, 0.0672562994180386], "Mu": [[-2.90076309475339, 18.13458358105505, 2.3834952376039054, 0.9863814419711758, 2.4111837740490043, 5.722404680435615, 4.398106537265605, -0.5948059768166221, -1.658904227691289, 0.41617698489450844, 1.32114937369922, 2.384815655052635, 0.8538123407680274, -7.3990928297859195, -0.6508997685453471, -13.134435015740587, -7.09034306306769, -3.607285124297936, -0.580040823874121, 8.374692154824535], [-2.0081401966456935, 13.268303969248937, -1.120127733304796, -0.1458711375025099, 2.058354271102798, -3.0900333484364375, 5.204925095723876, -2.988696271239858, -3.4200680488915385, -1.0499873292724113, 1.6294599707160538, -6.2721415811237575, -0.7744446249858327, -1.414657689634394, -2.243543459351401, -10.356591596640637, -7.16903864533803, -2.4500575313361455, -2.2108137305620836, 4.302356664251995], [1.8529994679603141, -1.1930903161629238, -0.19874701572591072, -2.9759844640610806, 0.4860871601346562, -0.4967622041641349, 4.958838590172674, 1.9698647283038053, 6.841697113364366, -0.38864340575358364, -3.6150655718119884, 16.17689107826058, 3.1243188502318575, -2.146609064859592, -3.4091063316389336, 0.09374272553421778, 6.57255927595014, 1.6656961535654542, 0.5712803811747155, 0.1881148122698139], [-1.308137018377391, 2.7108925747385904, -2.3948516459010056, -2.613466720328721, 2.967165647126837, 8.544736318079606, 2.8308265629234772, 0.22468223523758507, 5.156764652557049, 3.105874256623306, -4.232971580763397, 18.362998175715123, 5.012165852405051, -7.268691154101027, -6.232664002610189, 0.4635473359922373, 1.919804467965108, 3.0456613458687003, 0.8224089702373429, 5.979784596747564], [0.8338100561593343, -2.495246361080557, 2.9706849135037157, -2.6803768329801922, 1.645977569727222, -3.638309847445839, 3.5978955526541347, -1.656188933179064, 2.0595957873443105, -3.6883888459904544, -0.20279084222403537, -4.432717119648966, 2.2173082071468784, -2.1136178959071583, -1.1898227346313413, -2.6186119577333473, 1.3894334275077764, -1.02363873846994, -1.765984877697235, -0.4948516387874876], [-2.694391627625848, -4.294073112164314, 1.0851616885737116, -0.3796832822062298, 1.3577800375618898, 2.300716177193464, 4.20181204445833, 5.576635031342368, -2.172291195755189, 2.8169221134115046, 7.790190629771068, 0.3540120614667452, -1.1320079872136175, -3.7351062042489214, -5.3314343020484065, 4.343716238652177, -3.533789285482109, -0.071628149852847, 5.949787249627753, -3.9308144700261693], [-1.0738611083049494, -5.519782408466019, 1.0334044094542292, 0.456030925831295, 0.4307411293646651, 4.069968840476854, 4.5171457453198345, 4.443600818978504, -1.5889794922994915, 2.358035684517202, 7.280401194979959, 0.23031668220969892, -1.7500122608130937, -7.23149070862492, -6.645166794323867, 4.7083280692691645, -1.73579196295232, 0.04637006716886861, 6.562161512700548, -4.212164187469658], [-6.969273256412851, 1.0231738495640919, -4.502585158749542, 0.04468139776453058, 1.6064750124399658, 3.563846401514488, -0.8817150973562239, -1.2783466697550028, -6.155197847023747, -3.035299598702497, -4.629595247643833, 3.7607828909824432, 0.9282656809294283, 1.2858469960029413, -1.5626495438625276, -5.825237394450504, 1.8085426112673457, 8.728699795938901, -0.7758178440244551, 0.37519980741391135], [-3.7122957804271963, -0.4542228597454839, -3.7151293958508154, -0.027478273289503537, 1.063562388245847, 7.316345786708858, -0.8160829804174682, -2.840528272348956, -6.525789148412031, -2.1834073480780276, -3.6413790960461476, 2.6533286824721887, 0.6673122713534559, -0.5847519602014173, -1.038895176973205, -0.002014865362653573, -0.05408695286553821, 3.5203849161690757, 4.218962551677315, 0.1567852224413915], [2.613751638997202, -1.6937576559247753, -3.3497010038087036, -1.5403121672192075, 0.7956295908796209, 4.126100322630351, -2.2149374819793732, -4.442906969251405, -1.4896806229811328, -3.340494131323176, 0.19590873635762285, 6.7470498097576, -0.041073677458783105, 2.0244997625414753, -3.057110026022236, -3.912941365382217, 3.102524073295909, 6.938545772990768, -1.1065027680028077, -3.1756437159945023], [-3.120372902743372, 1.2783535577439313, -0.9684072865069039, 1.8074662249742708, -0.05713756319525832, 4.560957174150068, -2.4027819370058565, -4.818126994099729, -2.057887105235603, 9.253045920030432, -2.8045797088601256, 1.0731901947360878, -0.17180375234688022, -1.7850726272665047, -2.779997502391265, 1.7450631996592225, -0.4247398389572824, -3.596577710631538, -1.3834410609541181, 3.1827636584608925], [-6.569665408270715, 0.484333682462193, -9.367224066967582, -10.515847541487346, -3.3311573757180266, 3.1188950157554816, -7.974306227882122, 5.553227726649509, -0.5548872228695887, 3.863509557710074, -2.3766919014665047, 0.5129560545532204, 0.1781998334729594, 1.2140254299443172, -1.1124728042694043, -1.214480860130217, -0.03187280149513072, -3.73029348766649, 6.115333733244394, -6.441992526565966], [-1.9533097035414047, 0.2353687314654755, -1.3868625206589682, -1.7845227242733965, -1.5717798610353027, -0.9537739232173786, 0.6856097337785482, -11.791988543142448, 0.7782346496228806, 5.381058628109669, -1.2731730355408597, 2.5559686038216336, -2.0363069375334484, 1.9694541952224514, -4.458793438920841, -0.40030207116516187, 2.7169088745652905, -2.8360208464978327, -0.5121718780742969, -0.3383105978303104], [1.7195438899348667, -1.427171086606696, 0.41720470983993907, -5.046314213387973, -2.4871776014861275, -1.810800344910457, -1.8259864372548031, -6.926833264783821, 2.922074423498706, 0.502336530452798, 0.9373379543762147, 0.11355338308133758, -0.37509877507295614, 1.7949918850250723, -1.3893413507239347, -3.288223134122462, 1.4272021255048994, 0.7164487465090227, 0.6716169601712154, -2.3210860541393683], [-3.7330191850474685, 0.36715010458553, -4.961674347288793, -1.6138795630474296, -4.0758656124667745, 4.005950138823011, -3.3706758453099126, 0.3098904345395344, 1.2334351747738261, 0.27175200751890083, -2.4785040695302016, 0.5598579206655631, 1.0045808641811436, 2.689698334270406, -3.646243366108347, -1.120203093021702, 0.22551773227022837, -2.7485411185791055, 5.226822396769458, -6.575945449937044], [-5.179433226989881, -0.6622312915257146, -5.318609584519382, 0.4556898922181064, -6.052117648678828, -2.6785660302869347, -5.776936410020202, 0.33725115888863477, 0.17476586098485192, 3.438837831464488, 4.877414254671296, 0.026946777258216877, 3.055123031919781, -3.3930930942721456, 0.10813181581146541, -10.06506149555859, 2.426833213784264, -1.053168149210207, 13.116604418937525, -2.2422369925244627], [3.050330412290561, 0.15206900892092604, 4.202914949627542, 1.22171882400163, -7.43672202723781, 5.066713083766829, 1.9189286883774777, 1.7005168359763818, 2.7188765204502534, 5.345183652797329, -5.157334964740977, -5.19487779667955, -8.054996369233937, 4.237955365812972, -1.7883669492692846, -9.222611401034005, -13.407491155265983, 1.769595815757624, -2.2514907693904562, 6.496051860866162], [3.700597616221732, -1.5548856525286687, -1.8546397680933302, -3.3693472877289588, -2.176070417802151, 1.2394296223546588, -4.127540038077605, 0.5345687494034479, 5.545303941331346, 2.6296515011738935, 4.114369948526768, 0.16060743399253805, 17.056984908215046, 0.07819131722857894, -0.33523322228877905, -8.764180273368453, -1.8241823558476868, 0.6827503174634778, 6.275460452457393, 8.566925445207692], [0.41005800394835545, 0.43586485363594385, 5.720866428658829, 0.7209460761652293, -8.374404333888085, 2.470601034620637, 10.816528942384387, 2.762898473123142, 0.1459988459973996, 6.720717328320753, -5.842313900907485, -4.42297538678447, -0.8342228077350957, 5.4794477045534915, 4.700729027540402, -9.240697177579783, -1.6742729633579783, -0.43848228265644984, 6.018914386870081, -1.4396810966517122], [-8.00322327152512, 1.1970353647949015, -4.363289960987196, -12.694692240670173, -6.185994258242178, -1.6389606992056112, -6.528026050131252, 7.525395198314636, -2.6860433118955083, 4.837867922493472, 0.9400309504489092, -3.4853684597556365, -0.6404856787267251, -1.876197185006969, 5.97520860120325, -11.30875687452192, -0.30543408681847284, -1.2741344680477307, 5.3085600745716235, -0.04627641038020448]], "Lambda": [[0.24138132910295076, 0.45642489291203175, 0.5975601746783745, 0.7636685523504285, 0.23747545398601994, 0.5410697683501923, 0.3818380537735517, 0.8396769621652415, 0.5682980680846962, 0.5638432654147674, 0.587809976963145, 0.73356554992711, 0.419419390152784, 0.3276284736423548, 0.39962029829406726, 0.09819535514648546, 0.3588343399802353, 0.2518239175145416, 0.4535938169710779, 0.2511731269611977], [0.39395790812955706, 0.273843529334757, 0.4153117812020707, 0.4310692035772733, 0.545343043357744, 0.6117050907555511, 0.2649201304820865, 0.691854995854376, 0.34012031713039903, 0.3577944907048503, 0.5264303761827653, 0.3666123830718906, 0.4940354645501077, 0.31951055622645447, 0.2901677123720741, 0.15766424011376146, 0.20831788171039278, 0.44729472572799867, 0.3219707309751612, 0.3294602173883874], [0.8510516220120077, 0.7119593370538839, 0.20095988700455233, 0.45646284774475065, 0.39661487765424364, 0.6970269823220189, 0.3600808551957244, 0.6774735346028781, 0.25161336712787596, 0.5060086122111593, 0.6348263698628964, 0.2514884476199112, 0.5685405587833788, 0.6114513530763038, 0.37175177984603863, 0.3181132418905998, 0.2059995593455208, 0.2693983762721207, 1.0754873535452216, 0.8164531433180812], [0.7690957853048376, 0.9990670968060333, 0.3492210703150011, 0.8786476822008421, 0.2545537073245552, 0.5035888752322206, 0.43206705345518853, 0.7897993814548241, 0.4889157494630067, 0.489849547745097, 0.6628157497926682, 0.4382737713190004, 0.5005765065191167, 0.3690468117030751, 0.4255721230774844, 0.16074218058013637, 0.305666999693749, 0.31427731592340247, 0.919974838380249, 0.7681457530905119], [0.7513303396968715, 0.3670540413547405, 0.17452011921648244, 0.489098178513183, 0.6626720287898695, 0.42370642484812904, 0.37165875537114784, 0.7148373291688231, 0.19107561614802102, 0.4023454747044181, 0.42475187889457844, 0.1782278301012791, 0.3153906325368304, 0.4000773361938558, 0.14776656597706303, 0.37329507497346587, 0.26442505812881356, 0.30509778838665785, 0.3667642065852574, 0.4574003233585967], [0.4899076463179358, 0.546083960236737, 0.3051324365670999, 0.27570384474108267, 0.2758707909728268, 0.36644625997353636, 0.33257515816269345, 0.431216583367207, 0.33724506696051504, 0.6458860962703574, 0.5455341992941917, 0.34284797640086767, 0.7872758201609895, 0.28653505139705704, 0.29358985912883684, 0.45139269643796076, 0.26887319951170485, 0.6599832658868613, 0.6899134762654129, 0.4652146052306583], [0.39566475336224516, 0.46927671729272374, 0.3955758551714993, 0.2882267218690725, 0.2515965608880461, 0.36003286044883354, 0.3097008867074668, 0.272015718768492, 0.31494264970364294, 0.707395634058669, 0.5913682441375081, 0.3897230732164623, 0.6584213263594121, 0.19566347099955733, 0.3402055982999262, 0.3713075088744636, 0.32241693279727396, 0.6665088607469353, 0.6456462011738834, 0.5727914792815435], [0.23776348782659107, 0.5318689950346989, 0.1972392661891878, 0.9405738721114509, 0.7199126776402883, 0.28990482057810163, 0.7621422458287407, 0.6251757187069871, 0.6666574094235743, 0.6918221904458165, 0.5522789712865519, 0.31991207754638334, 0.7523569025251589, 0.5741013629844619, 0.4471049194257426, 0.47928579864389126, 0.34436768277531976, 0.2509483158348473, 0.3261134712435753, 0.41955314861422144], [0.21148181139010294, 0.6520049012740605, 0.2215757308183454, 0.7100800561165028, 0.39423057308817333, 0.34308825020523703, 0.8068130350635326, 0.5088457735403472, 0.2872952448429836, 0.45583803975329673, 0.6684175319423393, 0.20380211135230794, 0.7486201889931513, 0.43143169121590547, 0.2298779612570891, 0.41230138288441764, 0.4483794597488639, 0.2759595266198999, 0.32201511064186633, 0.31310541273544185], [0.24775163542991185, 0.43869833903667055, 0.22362238306805465, 0.8446980255038197, 0.8484971277700674, 0.5520339565963958, 0.694512156937307, 0.6456766158202983, 0.8323562614142266, 0.7435326936369937, 0.7830814290473918, 0.5556993255528488, 0.5508318698966681, 0.5974762608605376, 0.4509972021215102, 0.24544568164286212, 0.5301606156992746, 0.19705291039434264, 0.21890739479178598, 0.5446881370554081], [0.524572875974725, 0.5305362028891327, 0.5208119974918441, 0.35101794591244756, 0.7245952332901973, 0.30734647535071047, 0.16433725101191501, 0.27769115536841926, 0.7180730890655265, 0.15851407080909982, 0.5346426896763566, 0.5104526030181253, 0.44548430797227634, 0.4514144850084768, 0.5328019909484879, 0.577455191336161, 0.48955743793004786, 0.2753357074308614, 0.4338529858423826, 0.2932125058844697], [0.30277091204537665, 0.9183213930105456, 0.20248818111003672, 0.38760120734776854, 1.2184445380131725, 0.9895561112953337, 0.39832080441005036, 0.26543839258970514, 0.41231487807936257, 0.5064789561985847, 0.5513197884457296, 0.937624978364657, 0.9696759028051735, 0.5293005104131824, 0.4076737386694139, 1.033926711447019, 0.27489413183315853, 0.7429876530392179, 0.2756403438993346, 0.46866407162876955], [0.6764174526580291, 0.6017029604879163, 0.4420665448309046, 0.1910279230174514, 0.6940658469314862, 0.339019309792434, 0.1675767090782318, 0.21601378854369424, 0.3912296031161317, 0.3550831038340531, 0.3487183243431323, 0.6310789045454847, 0.6516114090767111, 0.425342148083554, 0.49399038416422275, 0.7300866721214317, 0.4692206377040029, 0.5006957962916381, 0.6105135680314947, 0.35603893129608477], [0.543024507786015, 0.3700956378800655, 0.2877453894680895, 0.1500509776600145, 0.5726210901126184, 0.3592968170336367, 0.19204628391340367, 0.2785676174319494, 0.3617518964345789, 0.5871009472175691, 0.35371823805861835, 0.469226481738044, 0.5809821634846762, 0.3532670313226204, 0.2926969399244242, 0.6186247644288208, 0.37824611472637687, 0.3957953185043497, 0.4938204919133075, 0.2566883024373864], [0.29637236332344075, 0.7716836227083416, 0.2552366307603349, 0.5957107391704464, 0.8909168580409783, 0.7137561688341656, 0.37162496224359975, 0.3709058116009579, 0.4614596227592102, 0.6817409035341062, 0.428058303095832, 1.0468599034772166, 0.9492692664950785, 0.620277969990871, 0.34418229681737383, 0.863182648973397, 0.4326740992316472, 0.8143784656903249, 0.19890386322029974, 0.3261595690786768], [0.32415834394004095, 0.4145366594758908, 0.19491842862475234, 0.43201096285032015, 0.2873000300845189, 0.32941455938194775, 0.2709374266730586, 0.513443239494769, 0.5580772224833176, 0.20148115687215756, 0.17578175108474636, 0.4451938438750187, 0.27079413294931975, 0.8529606581820633, 0.24774187802338496, 0.10737840112304037, 0.9324286762775176, 1.143828965172362, 0.19063516443355472, 0.501615181983865], [0.15349358723068568, 0.7359315331672871, 0.7730922620015981, 0.3587471500916411, 0.3123796537949852, 0.4086232573316513, 0.7333344227975929, 0.30525556692277556, 0.8574717614800396, 0.27415759621418456, 0.4579897292397731, 0.3050920551999056, 0.6505284334397547, 0.23592849544665484, 0.0907615316969948, 0.18695226881483296, 0.5529109805766471, 0.3637995950248462, 0.1099063753596132, 0.21920549900824537], [0.16813929908051745, 0.5196260236370145, 0.3484010683901576, 0.30793489897969784, 0.5158523518833681, 0.24462689782051966, 0.30112388622738345, 0.5865236964160555, 0.4196443305459763, 0.18198628228970815, 0.3296164919885964, 0.2535122111863525, 0.18816939140417077, 0.9017772829202021, 0.21744573757266647, 0.09919017759235335, 0.7839333792302444, 0.9202782090985768, 0.1346990419061077, 0.5497071923624642], [0.298325898402045, 0.48713095124777256, 0.7542520464038962, 0.433765984864913, 0.22524678892233602, 0.4531558616168525, 0.662268898517908, 0.4071118902930808, 0.9611185898341027, 0.3591556591802213, 0.4973209875793601, 0.24132027651856147, 0.829149173618912, 0.20156278969503413, 0.20694493458301919, 0.1895241896254876, 0.7520251712001028, 0.33582166307234246, 0.25608852386197695, 0.32815672891597086], [0.24170409606462456, 0.9022173049517258, 0.2100200864014487, 0.1294599551495668, 0.3291317445090964, 0.7211845829790902, 0.2050284449645773, 0.343356728759796, 0.5085062704555783, 0.23441143695865513, 0.4908167211817579, 0.13663206765880984, 0.8308950790569564, 0.5813740325190269, 0.40165786107747853, 0.09919713366181708, 0.23639421146237385, 0.8946410694591644, 0.2721765052951349, 0.51318740900961]], "G": [[0.04925891635291584, 0.32780061399897664, 0.04461618341852814, 0.011361865199567424, 0.3869206316477356, 0.09737366613466188, 0.010127582949922305, 0.04318995145984077, 0.00626680946928033, 0.02308377936857069], [0.07843268151357313, 0.17940105259449854, 0.08678909022032215, 0.03561928827487577, 0.25637859848033234, 0.008821902392597558, 0.18370439229298607, 0.010380832970874877, 0.1450794604526464, 0.015392700807293073], [0.12258525317091971, 0.3468850929987006, 0.021754275109992793, 0.016459014622621275, 0.21626938180370833, 0.03879629017560044, 0.0980467091965855, 0.030569894502907417, 0.08964536759594438, 0.018988720823019688], [0.020004377834096275, 0.035110420561900196, 0.015490681026678128, 0.05942736762610849, 0.015764911677302436, 0.037535485448680565, 0.3052738831869027, 0.04668005124914391, 0.2820390330522111, 0.1826737883369759], [0.18093880201141607, 0.033728971108369636, 0.02195228297815002, 0.15689576728655846, 0.03548174124245695, 0.17029193113027905, 0.13480764914836485, 0.0706227813427939, 0.15669952763723316, 0.03858054611437797], [0.2840965945324299, 0.24742939631025865, 0.09616643311778744, 0.09411642113446204, 0.11496731419508101, 0.06478705238152499, 0.03319472182737274, 0.029030171440006296, 0.010516813425106037, 0.025695081635971406], [0.039935274075025354, 0.04780544924344905, 0.05256230201361828, 0.04519225679940015, 0.1301072224437741, 0.020879016865812703, 0.3701641884550634, 0.0484823931036611, 0.21784714131144145, 0.02702475568875424], [0.03735511688315227, 0.07807603735976092, 0.29129951398050213, 0.24267816111150253, 0.1617135406225035, 0.03997934463166232, 0.01129866419835937, 0.022913838559913288, 0.006950456097083161, 0.1077353265555603], [0.031775962807878935, 0.06604013796125158, 0.1292877064918045, 0.019617253079496567, 0.1485495276786363, 0.1711930162967231, 0.019163628041509582, 0.24604649477349802, 0.011530878752177724, 0.15679539411702406], [0.34371242295027654, 0.28355637796648525, 0.04437295642162545, 0.08494796025752936, 0.004977505191842538, 0.024581364207566826, 0.08386310855835198, 0.008811484333031444, 0.09722739410344196, 0.023949426009848084], [0.30282870780359317, 0.28907005891476306, 0.02348187908078338, 0.02933780625748772, 0.03710255855116983, 0.07589610524228356, 0.05196127677351427, 0.032861818256963146, 0.083401546336306, 0.07405824278313661], [0.04164292599946112, 0.035258287861348034, 0.03133104265370387, 0.034580266805308325, 0.11840826369161166, 0.33583469527387694, 0.021178758679662645, 0.35296972196789367, 0.00887925483283716, 0.01991678223429677], [0.23273934832770313, 0.2947925056970627, 0.053995649558343496, 0.10078154617535855, 0.016848649083802503, 0.040649158335300514, 0.10717373220800155, 0.018815010886632715, 0.08905088467678278, 0.04515351505101173], [0.07024956007882685, 0.044801736315342545, 0.29763100399017567, 0.05105769075027639, 0.24097561019555946, 0.08708289051758937, 0.02822621508404123, 0.01844986042960538, 0.05678217842533658, 0.10474325421324716], [0.08251363737011366, 0.021643211529964596, 0.32757993927454987, 0.09812093094868089, 0.28329581244394064, 0.09380066052478876, 0.015005544191084425, 0.03961674284876205, 0.00703666497280703, 0.031386855895308576], [0.06637690156032773, 0.04685692747764435, 0.3048667266842754, 0.17870234867183543, 0.2528004952069814, 0.05513118211150218, 0.02134495414349737, 0.015699513858473138, 0.04558493311102872, 0.012636017174434223], [0.16342535298465724, 0.09450045204793936, 0.08764290669224171, 0.0686822806839663, 0.04963693863585746, 0.24307175357669092, 0.015524097851661397, 0.21138966927874617, 0.00863369229918563, 0.057492855949053845], [0.021549292338586847, 0.39110734863253854, 0.024915490966465816, 0.01117897240333871, 0.4017281329526951, 0.059720768935938785, 0.022650444665796503, 0.02296995268556397, 0.010729037757411719, 0.03345055866166435], [0.08500278807245906, 0.05960410621154639, 0.24186194795485788, 0.04843698058725915, 0.21596588086274646, 0.05493552811370453, 0.0710453385297515, 0.05007605173980129, 0.05222699381504197, 0.12084438411283124], [0.02345712474229953, 0.06370793492975585, 0.15638397129120227, 0.15400005423392346, 0.07481585113006232, 0.2026714545983364, 0.04480485454018738, 0.24716624709774535, 0.01064173071783919, 0.022350776718647644], [0.012804566312261756, 0.07771256205105703, 0.350053907867308, 0.3589044586332598, 0.09080768971594685, 0.029629230770819946, 0.010112282809835164, 0.012733983521775252, 0.0163517300066781, 0.04088958831105787], [0.022523794529443284, 0.04971432250408028, 0.3332644058540992, 0.27717084086634636, 0.12152957260044742, 0.08726706477247226, 0.03922606597417959, 0.02914354784085353, 0.023145104662835998, 0.01701528039524193], [0.024493005764640075, 0.24413426664764185, 0.051701564283306724, 0.06149694393174516, 0.016309593952022527, 0.018484350910574914, 0.04685573750721941, 0.028806551048780632, 0.019548892203739617, 0.4881690937503285], [0.11408135945670116, 0.18799367222445415, 0.21128687878741378, 0.12927932694112898, 0.14506660730426307, 0.042717279509114435, 0.0819883807264705, 0.03229209721676752, 0.026258483325849933, 0.02903591450783647], [0.42893691042570153, 0.41823089161879956, 0.040821125210966334, 0.021716119640497425, 0.020807244256898946, 0.015955008136547467, 0.014993273631998523, 0.009872573462011511, 0.00780122892574143, 0.020865624690836852], [0.061157153293208505, 0.35079605504704314, 0.03166933622658382, 0.025337777646745305, 0.3985062148181765, 0.04830420611287657, 0.012759034404233774, 0.037441145947441856, 0.023304951114277786, 0.010724125389413192], [0.026833967423276903, 0.03173690395718002, 0.10602783284992302, 0.024834445547116373, 0.10869270805361454, 0.011755966272383204, 0.32640949801100655, 0.015831210433257067, 0.31290486580440924, 0.03497260164783263], [0.243016439032325, 0.14588441025330903, 0.2771859822243055, 0.0836224407826318, 0.16248532465949037, 0.02147731489142596, 0.021188403364338665, 0.021130931366096936, 0.011754801467315725, 0.012253951958762006], [0.02466195225489042, 0.028989307807031597, 0.20189506525444972, 0.08279575011603209, 0.14708563621586257, 0.09667099109707318, 0.09233063628051653, 0.06980757830309679, 0.08826276436150084, 0.16750031830954648], [0.008560196419484448, 0.029261053482914766, 0.00418559664642168, 0.01095373085564488, 0.030810317933261524, 0.002772525618889918, 0.4500701091939953, 0.4470668664619421, 0.004032368916223418, 0.01228723447122212], [0.0223083909911598, 0.07009310477922996, 0.2862829919746939, 0.17644657694141513, 0.17152379514852567, 0.06074767933324756, 0.07424692241890905, 0.07790777182523857, 0.019911707537486716, 0.04053105905009352], [0.02914031735927442, 0.009548073019982426, 0.014670908203890014, 0.0025307197818517707, 0.014166511061879817, 0.438287002883993, 0.03392780677017466, 0.35498112049634256, 0.033590497374716206, 0.06915704304789554], [0.2610005828100646, 0.2718813988120619, 0.10577613686913694, 0.11221888518707979, 0.051765025534231485, 0.035241832866248816, 0.04789875651335006, 0.02015253512585916, 0.046511991091162795, 0.047552855190804405], [0.02984338523431571, 0.03251078761057098, 0.28968138521237097, 0.037653535603634776, 0.27613063521812653, 0.12430481738561555, 0.024576159434275345, 0.13753792203597517, 0.019914127218756256, 0.027847245046358486], [0.007969366598097665, 0.012257421566967455, 0.02342832330536314, 0.018605445692830503, 0.017794659896750213, 0.012105525882915235, 0.40977577476031396, 0.02740332748701975, 0.44252266871196533, 0.02813748609777641], [0.04326199031064665, 0.020003881355589306, 0.3889636368006709, 0.42099233596925084, 0.016900103892654166, 0.03747603390654504, 0.014047711139732945, 0.02782291898925986, 0.012562210443810834, 0.01796917719183956], [0.06503767882832959, 0.06515776661655809, 0.16296211105591565, 0.04933333537110953, 0.2579616008656494, 0.10893438597072815, 0.07382479501372978, 0.08798242980473414, 0.1047811494287462, 0.02402474704449997], [0.04274418610087413, 0.0811453071795725, 0.31750775070236475, 0.11068574840320658, 0.276718979918019, 0.022292748591146407, 0.059268054941257024, 0.037334968416929085, 0.02330036825711378, 0.029001887489516175], [0.013205116930326107, 0.005718910994088132, 0.04213187982260255, 0.040278191345659825, 0.020049113218896887, 0.4013068790262567, 0.0076781378968661254, 0.2857840028194826, 0.008971409979930194, 0.1748763579658914], [0.2313454978155351, 0.17844932583304834, 0.19468576317509448, 0.09706201912291329, 0.16745071658297658, 0.06090010729957554, 0.015607416671261979, 0.025986712346123646, 0.008370037903860905, 0.02014240324961003], [0.37666613158837847, 0.1979403461081376, 0.02161719223946363, 0.13439004071252875, 0.012196782191249943, 0.012403351264925179, 0.03959658391095504, 0.12662904949064072, 0.006284401109958431, 0.07227612138376237], [0.016147912548649036, 0.050643171785187215, 0.1787357732518278, 0.18642161698798496, 0.03549126757201222, 0.25254444128447867, 0.016602899113777186, 0.22095870711510504, 0.010899567194707551, 0.03155464314627033], [0.03571170870548187, 0.032232576133169696, 0.03851963012455073, 0.037273950959643365, 0.04093324107072457, 0.06668032836515783, 0.3204387444938711, 0.07803015091109612, 0.34070775850592083, 0.009471910730383323], [0.06333174752723232, 0.09225442183576171, 0.08716986403392712, 0.11279282921625737, 0.027531256076206295, 0.03499501760424192, 0.23688439682781215, 0.037761483866812606, 0.26394909406635003, 0.04332988894539823], [0.018148272427496726, 0.09823070301611882, 0.23075189778009803, 0.19738263965423364, 0.12863575240474265, 0.2072861820967577, 0.009867641354336893, 0.08126659029593296, 0.006880659990217751, 0.021549660980065236], [0.018348010454261158, 0.07701773902451911, 0.02491012708827122, 0.07359729015715767, 0.06739728055357441, 0.17185796359990405, 0.17295258668888033, 0.17128821788477108, 0.19901391500286686, 0.02361686954579374], [0.023620315731629073, 0.0973955777568841, 0.16054629072129348, 0.2065624869657924, 0.13471979930019976, 0.16913844444594597, 0.014718098192566965, 0.16904823953632037, 0.007070459878059237, 0.01718028747130815], [0.046821885609336936, 0.03726138193277695, 0.2094348321414627, 0.21231266290832024, 0.0267679295516916, 0.14459635735961907, 0.08802085198032059, 0.1573497037955484, 0.056603311607622595, 0.020831083113301], [0.032141518176003435, 0.026008004477259834, 0.3278484946730629, 0.332043535479178, 0.08083147822917655, 0.1277763820411425, 0.008099924568599048, 0.01927046209306389, 0.007474105412226177, 0.03850609485028769], [0.05906457896917722, 0.037894862431742775, 0.03635901406221516, 0.018699775183922775, 0.05642796003663717, 0.36473950612081685, 0.012118328968003972, 0.34230158183734694, 0.03301158954924749, 0.039382802840889776], [0.07943611877164988, 0.12002055882830344, 0.03828584451016018, 0.04268743740881578, 0.11176797702066522, 0.04042014643922, 0.2528662762658004, 0.02573428053449323, 0.25222598647462674, 0.036555373746265565], [0.20444232319617747, 0.2203983271793744, 0.13941025790610373, 0.020463431886237903, 0.08748008823133517, 0.09698904340677052, 0.07468047857968013, 0.0607699229265841, 0.062161472385996994, 0.03320465430173992], [0.009864010434882052, 0.021286137252710266, 0.06335579280751426, 0.11957672888956901, 0.02781874163314079, 0.37038667104753614, 0.03263493446317425, 0.3307637912472518, 0.00927623193240273, 0.015036960291818826], [0.014154634977216538, 0.03721585305948468, 0.04337424717648231, 0.07728433708542573, 0.03395663753220943, 0.3602629757990939, 0.03060803657132206, 0.35709591796379997, 0.01625510682047371, 0.029792253014491128], [0.00973653434642778, 0.014482991198257663, 0.0207553472300366, 0.032114744174369006, 0.007543445337668081, 0.08008009347138423, 0.3608637016211379, 0.04861317426708903, 0.3191381336593813, 0.10667183469424943], [0.03938977265813114, 0.4131648490294445, 0.025997456237983017, 0.04794217790902749, 0.02156755476355261, 0.010186602093834027, 0.010057583360337026, 0.025609927866226383, 0.006299701770921173, 0.3997843743105421], [0.2781111111551413, 0.3204825611404548, 0.026164114226680604, 0.028109743987744455, 0.05757876087802475, 0.04270413430125311, 0.08559172356608041, 0.039219701702062564, 0.06531147035999577, 0.056726678682562516], [0.029085827719583533, 0.01862426604800312, 0.08896822982812573, 0.1857474765682021, 0.055036613645072244, 0.27281327014735446, 0.024769549379544252, 0.2739291205628333, 0.020143103376531978, 0.030882542724749697], [0.06835473701204252, 0.047018013928052445, 0.0657929601431968, 0.03911682177201277, 0.0648746740339425, 0.23908517101071622, 0.04558196867496866, 0.2706670166229856, 0.021430778514892293, 0.13807785828719055], [0.1074761378105941, 0.019485907933827467, 0.38115791672929183, 0.24354874135694185, 0.03430547216550546, 0.024227891102026347, 0.07538993775601124, 0.01912701342242554, 0.060532545657141626, 0.03474843606623451], [0.025172801805390794, 0.026532809733170924, 0.03236444299567134, 0.0517983241598903, 0.08642701023562026, 0.3777825294282699, 0.021201423368915007, 0.33701508837863325, 0.006061754350263873, 0.035643815544174305], [0.439220633658524, 0.4337025567251424, 0.014785648149172135, 0.012447772289073459, 0.02774489425506621, 0.03817776098553788, 0.007000693361313475, 0.013638757062249734, 0.006086884202009957, 0.007194399311910427], [0.21625891000450176, 0.23895331990260196, 0.07030005975588176, 0.16145374932139783, 0.035130661319674454, 0.03108328425534944, 0.07752538824669018, 0.04537277072979541, 0.10108992760445148, 0.02283192885965562], [0.03553462021678341, 0.03727790516868001, 0.13634383595826213, 0.20113750282691806, 0.03062199200754687, 0.07378883934220709, 0.19438632686197255, 0.0503198795115426, 0.20743176039811717, 0.03315733770796989], [0.13275153731733902, 0.234319274123683, 0.16526721469015324, 0.23260875011925525, 0.08000553838697078, 0.025520653204342193, 0.030503490113497688, 0.038563067746874034, 0.05073191292641838, 0.009728561371466545], [0.3481995497922106, 0.06679711771934016, 0.030316953116763842, 0.2893004857053687, 0.0667998558715053, 0.07668381081052165, 0.016589653499128346, 0.08239608261333312, 0.00563374896376245, 0.017282741908066238], [0.03361612614957976, 0.033619826805519525, 0.17536556398390404, 0.07982219348797823, 0.13238467034016999, 0.02060088928154317, 0.2244507902769704, 0.016190395274353214, 0.21098711272481713, 0.0729624316751644], [0.05347010068886921, 0.24209567304512347, 0.1331905726738878, 0.20877310428581408, 0.24489464372134218, 0.013487107870456462, 0.04199010730111591, 0.007940023495823983, 0.03381782253870713, 0.020340844378859874], [0.39789270095940604, 0.21368490299383083, 0.04399816231587962, 0.18835479249756282, 0.05778136769377959, 0.0129813998715332, 0.021211735363932862, 0.008832315014543384, 0.034058465518149124, 0.0212041577713823], [0.019748813217652386, 0.02447988448890291, 0.3077911624488372, 0.20828232781753545, 0.013777132718368907, 0.3335481866153646, 0.009825995736182773, 0.06394386185407845, 0.005231853564710948, 0.013370781538366574], [0.011755560797462192, 0.058475962655335514, 0.36985358052824346, 0.39261011820877717, 0.04918420729170325, 0.02241052851409393, 0.015197560835920183, 0.015316735838492652, 0.03776397261139903, 0.02743177271857195], [0.023306066240495957, 0.025340089724913042, 0.4294743408957628, 0.3544539184696839, 0.0809928721182384, 0.03599109613312092, 0.008674008097837829, 0.025640078389267677, 0.00794128514286979, 0.008186244787809445], [0.23533168770003077, 0.24698716877195068, 0.06736133273683062, 0.19006076819627202, 0.04929131843279768, 0.09628452125816127, 0.02681207571039031, 0.04416316809849239, 0.02705074083572952, 0.016657218259344485], [0.05621103657524444, 0.05684949408318957, 0.014721511774498168, 0.014459733109993479, 0.015415082857313973, 0.1389647578808238, 0.2954007203818604, 0.08581717425705501, 0.305386329502013, 0.016774159578008315], [0.04739014821535177, 0.3535474556733296, 0.06182637719335196, 0.0574911319875653, 0.06995068399474047, 0.02960276697885427, 0.04303303861003455, 0.03278648608591418, 0.05572557239326932, 0.24864633886758825], [0.1434258734499838, 0.14391896404645663, 0.20799214817137546, 0.22550337942007603, 0.02439593116072204, 0.04119305946617462, 0.06548044827220752, 0.04389159863507142, 0.05660954861719814, 0.04758904876073439], [0.024203831681278456, 0.17550284699395977, 0.2593145073774637, 0.26409001680661054, 0.12226141403187323, 0.02216538767475706, 0.019388273373507438, 0.0270320689978708, 0.012759405053413091, 0.07328224800926575], [0.1762657317039228, 0.1946209343073612, 0.027274151192653653, 0.036988064956138225, 0.010264150342665222, 0.18866537019930857, 0.04808669796461381, 0.0645763944393947, 0.01823977661464972, 0.23501872827929315], [0.009133175525554798, 0.009643852741303709, 0.009444716916780786, 0.010724001414163126, 0.00726726427033688, 0.42969887674975465, 0.018973582833550877, 0.3212640385618706, 0.008494625977062792, 0.17535586500962083], [0.017151474323856924, 0.027663954512883924, 0.03469122712732769, 0.021533561693459196, 0.0678623997627514, 0.3938252228702829, 0.030969717052392057, 0.34189280025667995, 0.034271066893865734, 0.030138575506500512], [0.05578760915424803, 0.03038917210800511, 0.27105063055762085, 0.020286161308068696, 0.20610980790533154, 0.07556902311016188, 0.13256357314883258, 0.02016304570856621, 0.12019670884616075, 0.0678842681530047], [0.078300442104018, 0.06761857873538468, 0.2894564540115513, 0.03557797863343567, 0.29950069839111637, 0.048079289072257614, 0.035533504049566025, 0.07934779005061592, 0.03943873466430297, 0.027146530287751637], [0.050489813130727715, 0.06396263200719567, 0.07036292526724815, 0.05073262239524069, 0.08122981210492049, 0.05284392136493867, 0.2606059843836467, 0.039111629314038915, 0.28731123137543557, 0.04334942865660654], [0.01969281737584544, 0.2897022412372501, 0.16029258938227237, 0.12109881594062934, 0.34491527246781145, 0.01978603400021282, 0.012157322482048503, 0.01099875807364359, 0.008441087165961864, 0.01291506187432477], [0.012126222787823908, 0.010257293012676834, 0.018322958142051298, 0.01676019909967252, 0.014047380242589304, 0.15234627790734254, 0.37355031173706144, 0.050828988586756836, 0.32420669106248196, 0.027553677421543292], [0.04229127931772283, 0.19409591903027845, 0.20741110859379916, 0.23313637962359401, 0.1492302691610681, 0.027664303440601584, 0.03582828730874674, 0.014133038256327472, 0.025710967785717184, 0.07049844748214429], [0.11388256456499625, 0.29997035054810123, 0.05832489075196347, 0.0721754727305388, 0.2964489123372983, 0.043412462889223326, 0.031706707836862566, 0.007500810472004175, 0.0415008390900661, 0.03507698877894682], [0.09704146952224425, 0.06597886642063135, 0.32827609009086245, 0.07985811405032868, 0.3321627119131663, 0.0294095729088908, 0.010209509802838797, 0.02346400540386631, 0.0221444645302155, 0.011455195356955529], [0.17400774954347156, 0.16789188639109714, 0.13084045594287966, 0.04173528999725134, 0.15864486805107256, 0.0927842899145996, 0.06142567097053101, 0.07024901396584037, 0.059428276474275794, 0.04299249874898071], [0.014753203479858628, 0.018006187013152392, 0.025394080426051867, 0.02284052407302421, 0.025382866474601314, 0.3209875613976294, 0.08647103775907919, 0.15245986170117276, 0.0684940100565199, 0.26521066761891], [0.052495087628971406, 0.11760844026457537, 0.01617665748431433, 0.04531563927828526, 0.12921953361579014, 0.10665718502455973, 0.21697329538518337, 0.03419377346974405, 0.21259571711086164, 0.06876467073771442], [0.30596824373320025, 0.3490824232347408, 0.046552315185379736, 0.04379713463831337, 0.07655558534247806, 0.038981509763072575, 0.019617954226203275, 0.05782371993468585, 0.04491542573120955, 0.016705688210716097], [0.235645458492317, 0.35898359767311105, 0.08355415996451744, 0.2136682197031357, 0.0333132623819984, 0.024316756367189912, 0.013168065623521078, 0.01483652974413581, 0.015558747563054967, 0.0069552024870184834], [0.262513139611674, 0.2872204318357502, 0.007309660978772101, 0.005995135000318245, 0.006279254398057484, 0.1128355496388226, 0.015071166453531723, 0.19236060708203978, 0.011505395231370558, 0.09890965976966405], [0.04203006848644836, 0.06368416522233117, 0.11357707256710346, 0.041704068520988145, 0.10340274921748104, 0.02877594080057547, 0.23685979229609697, 0.03781948155611458, 0.3204185476763122, 0.011728113656548519], [0.31724255136569274, 0.3383994002249297, 0.06952402041670966, 0.025773287423923298, 0.09359184057583987, 0.02118924799073555, 0.04038161711682436, 0.013068363840925277, 0.06802647106089581, 0.012803199983523583], [0.012040823831210041, 0.4377488645039931, 0.012781186371088564, 0.008172140249731046, 0.4450937587951486, 0.03003756196024338, 0.017361662148665427, 0.022406871470463278, 0.006076709859036057, 0.008280420810419702], [0.07322728689451977, 0.3791653532622216, 0.015212236543618304, 0.010737401856002925, 0.35328546204607597, 0.04837721308989213, 0.023574170411067172, 0.051668490240655465, 0.02796612237580156, 0.01678626328014531], [0.3383504517987139, 0.0782528580837854, 0.3922119065750957, 0.04091247171920072, 0.06550266281057461, 0.014710416116654374, 0.01501772659029103, 0.013986505445554746, 0.012148757216282023, 0.028906243643847262], [0.038278037995842853, 0.02808531763785202, 0.30322803290100797, 0.2912737918473546, 0.03195717595686859, 0.09444585730407593, 0.02804390366133876, 0.056560547071620115, 0.013136942960943894, 0.11499039266309492], [0.24863118597796888, 0.24307937278808983, 0.08379616193700194, 0.13307544788914039, 0.11343345347148395, 0.05406830140291033, 0.03327648628411772, 0.04219324510422288, 0.012499263540110874, 0.035947081604952955], [0.10214764413239501, 0.21418637292059384, 0.15707890483312617, 0.3599177608072401, 0.03323656509710399, 0.04525475099057377, 0.03965889059585924, 0.013062873098950725, 0.023680889729106723, 0.011775347795051398], [0.018341193752175383, 0.4471780428470937, 0.04064490221821799, 0.027666892687912937, 0.016505951563693118, 0.022972483465565515, 0.007051510168485239, 0.021415595027727215, 0.007924367196286428, 0.39029906107284185], [0.2985272101882818, 0.12790470253397954, 0.2969837245311817, 0.061550648123713615, 0.0702141024131648, 0.03361484136169419, 0.014852881224868834, 0.021185863182357448, 0.008550312478540833, 0.0666157139622167], [0.06331742185371733, 0.07255499036744736, 0.36646699335789756, 0.36594566584731664, 0.04510825645848711, 0.02217952139163311, 0.025726312041767313, 0.011911192055180292, 0.01174309350155995, 0.015046553124993057], [0.040630509440575835, 0.07427053431408466, 0.02873856025377777, 0.057784022002188455, 0.04891412494945683, 0.3198885263984922, 0.02707182103542387, 0.2392022097061068, 0.025593397514674005, 0.1379062943852199], [0.05294755761326563, 0.03378284147475437, 0.039725529186613526, 0.04053126898525888, 0.030925070651728354, 0.05453435996655324, 0.35800116633916823, 0.03094721801940593, 0.35107701681841674, 0.007527970944835267], [0.06874331406754973, 0.4154997050426363, 0.0375568748184, 0.024332767845503075, 0.018897369071379115, 0.01565495497165488, 0.007426894787586958, 0.034796969676415566, 0.004995064705253182, 0.3720960850136218], [0.3248803217113722, 0.04346176423822054, 0.31650672036476984, 0.04215878429372501, 0.03805244727299799, 0.04552219794461293, 0.0805090713900317, 0.02443117205181904, 0.014720513764374823, 0.0697570069680763], [0.23797111996236775, 0.1439051048996662, 0.279483215725019, 0.0546420762917754, 0.025943160540167928, 0.0750235103168733, 0.03190380062586739, 0.06814120737148527, 0.02126626543515246, 0.06172053883162551], [0