{"estimation": {"a": 13.272114949352428, "rho": [0.24456331043185275, 0.2136716213150804, 0.26088585443244, 0.2808792138206267], "Mu": [[7.1725592550082995, -4.765302444890242, -1.2673258744122733, -2.9457061851488144, -1.5553261585061815, -3.0871881827368157, 1.6771955773485576, -2.7564365804361692, -4.256115973688515, -5.298116909854641, 2.243454875781145, -2.598663577826661, 0.1974207342677008, 1.7594656928144217, 0.9660179355697738, 3.4566397660152344, -0.21966111764493298, -0.8661225235789016, -1.8041452047269007, -1.2960565900317904], [-2.438510564432694, -4.531830697742245, 5.9401218608040605, -2.685670322051275, 3.8296463070423883, -0.3863847208211871, -3.03194344431547, 1.6792166277258156, -0.6170608122604792, 6.88294753066713, 3.5610648110947465, -1.3441514048413177, 2.9364738505302843, -2.3953807533516147, -2.1917644492177804, -2.4966613980642447, 2.5561706669239452, 4.1555077703781285, 1.7329954931083835, 3.8258141218727637], [2.3166268627998745, -0.1143224523879457, 4.044813064307834, 1.6445626585116606, -0.7977179838956023, 6.211073003255895, 0.03040317280928824, 3.9552718125883914, -0.23047179537824042, -0.3736271282903439, -0.911280451356974, 1.7012507663193954, -0.8836295412576692, 2.9334080543434844, 0.7580071323914611, -2.900767647818973, 3.419429445492299, 5.693525758987108, 0.42486016908344176, 0.027917890047055246], [2.9630237821797616, 2.0060843637197436, 2.4335695044909413, 0.0248447405746597, -2.7420694721920356, 5.826684590315439, -0.15267970489342908, 4.659832335144371, -1.2655472081880672, 1.3652952889399164, 0.7667053518084086, 0.8050409715521174, 0.4386467613355274, 3.609365373463503, 2.906356604637978, -2.4696690087731117, 2.9736055927569858, 5.645508039906991, -0.7503159049327183, 1.1920826087437506], [2.6639720141824563, -1.2249812299365912, 1.868537412464382, 0.34586644604413325, 0.5091666102204657, 3.972273845481708, 1.596102283939366, 0.8784194789033234, 0.75956507204729, -1.9105751505842896, -1.7978204951559162, 1.3270390860325307, -0.42827195398082635, 0.5976991555795196, -1.9597719884899913, 1.9380520788133933, -2.01656432073638, -2.559351271284144, -2.232596970054067, -3.2081181622970223], [2.323546292071938, -0.6140020495039785, -1.2311465129432746, -2.1555021322554797, -0.8409040937868352, 0.8658609472398089, -0.9003552303195158, 1.678644832196424, -0.3349897968401384, 0.2250261737554082, -1.0462388701609127, 0.4979018004793266, -2.5256807633427467, 2.434666881906242, -2.0677922639110387, 2.6184582108464163, 0.7787088369931708, -0.537684690053771, 0.03893090585095285, 0.8487119056091036], [2.243794968134036, 2.573924578832977, 0.21242669449551735, 0.8474023892998053, -2.7553560398247186, -2.7519603526774623, -1.2773551403123766, -3.6969236033540507, 0.5074528839216847, 2.6156686813523744, 1.4268729840869008, 0.16481443133338672, 2.8463732034837586, -0.7914399685801943, -1.5043947865253238, -0.029072505985052195, -1.660272707735896, -2.894388647171788, -2.6883455228743114, 3.633491151990545], [2.2672842744329413, 2.01440681650492, 0.23845704680273072, 0.9829994323531062, -2.544455400008254, -2.664215309734666, -1.3905333914300277, -3.639179731017729, 0.5326413529201388, 2.6265703120038144, 1.139055964711109, 0.5743164202391577, 2.411804818649221, -0.47157673861408095, -1.6891797318996047, -0.0058809536695029595, -0.7903917481315771, -2.9480110188645834, -2.6261027042150347, 2.758489244340174], [-2.133852997779518, 1.2960429930683497, 0.6815165255328414, 3.319874593047518, -0.43906954209103183, 2.059209491168571, 2.704464102554783, 4.414896091580603, -3.308252765563098, 2.678171235471677, 5.398036490865256, 0.6080705422342144, 0.4697808462790627, -1.1750424671714879, -4.130407487126131, -3.6775852717094235, 0.7734209246407078, -1.1893862526643484, 0.7594435092557207, 2.0022038819515564], [-0.1948092575767238, 0.5193320621872795, -0.6419213183933493, -1.177163740439854, -0.9832279137841509, 1.7578126131212444, 1.0422867386161112, 2.753966987174939, -1.2172103032849186, 1.5781621349751254, 4.97589781760635, -1.0165118443550716, -1.2527348787388515, -1.397463332644121, 2.6097896792636424, 4.39068148886315, -4.272603564272304, -1.3964324106581978, -0.03271473333088719, 0.5306922756399711], [1.2466813928476053, -2.6183109331133747, -3.82795627914451, -0.42938346645031944, -0.1009898500572911, -0.4130456240573822, 2.3621790644036853, 3.4626141194035007, 2.641908986760829, 6.676523086663417, -1.9929831936036992, -2.507704016043582, 1.4802488673409688, 1.2499296036438337, -1.4924364896785791, 2.3761996090172657, -1.4655311049052653, 0.14451932235146317, 1.1931858131088182, -2.7064657953525777], [0.4300171681329844, -2.2515582087600294, -4.078311447443141, -0.363175735598848, 0.9049406560632888, 0.27975979079467506, 1.7261729817935698, 2.2854511609906236, 1.356803849288883, 5.8537488133814675, -2.215725772681944, -3.1352041316167893, 1.3729301533844251, 1.453520116764943, -1.0145420085480756, 1.9733902144150366, -1.6223664306232892, 0.05052632321762342, 1.3582910844133513, -3.4387819348895983], [-1.9661956471457434, -0.3427350010700879, 0.23221977008871478, 2.014728631232417, 0.45087890662749497, 2.156667558850486, 2.167408020154592, 1.1276135986943654, -0.30729923464316056, -0.7364014235656825, 1.9977974542040515, -0.1028555821712049, -2.8080855342929643, 1.3184082876994372, -0.8769806815097629, -0.8884066457547893, 0.16823140314850735, 3.249333096131004, -0.6938835209229042, -1.5208589354724482], [-1.7621099200207953, -0.1889545662081625, 0.46681213896325546, 1.5623069131467384, 0.4074536828332191, 2.184174381376309, 2.3296353412828488, 1.3566128764899006, -0.6149284506692396, -0.8204039372270198, 2.0400315328534018, -0.18389180649121536, -3.04734573336982, 1.352836998542278, -0.5022860903515105, -0.7790181156151501, 0.17671569481949842, 2.944844281117384, -0.8344688950173919, -1.5506271913821021]], "Lambda": [[0.3722125845247474, 0.3234944158985125, 0.7215982630462304, 0.322724788854421, 0.576962685786704, 0.6854781433802343, 0.3670767962324089, 0.36555567975433423, 0.39883537664593405, 0.29629613761342105, 0.6436000936276304, 0.4558122325982023, 0.6965055621242507, 0.44378791935459905, 0.6934981518532737, 0.7775798925966898, 0.6539678206039758, 0.5654211002250132, 0.20082758733199307, 0.8171498900132295], [0.4409195794621232, 0.37858961801528374, 0.4017481855887559, 0.6075962730072808, 0.544774494764527, 0.5592289198178196, 0.43530481791607234, 0.2996306368346232, 0.2270619770955893, 0.3761517098549494, 0.6089615668655488, 0.2241116229546255, 0.42830146195015717, 0.5172276595585374, 0.42978364651776163, 0.5075364655696234, 0.7774046900755838, 0.5881357453519411, 0.4192256471999969, 0.45968725063534555], [0.4695312208748468, 0.4982579252224174, 0.4383631592835221, 0.7698606933235511, 0.4305681377015287, 0.39965662804432767, 0.5403291148140597, 0.4860570578647438, 0.497266904482789, 0.487490335510483, 0.8659030222023995, 0.5927867909777259, 0.42410427574340864, 0.4108081297636593, 0.41903491724018405, 0.5302372085106315, 0.43655006124350204, 0.3957639697337278, 0.37131536312178837, 0.8205662785097206], [0.48177684251527514, 0.5307044677069371, 0.5194113171256746, 0.6896454704690913, 0.4310068301410658, 0.4188998252954516, 0.5634290773397383, 0.48218699071327187, 0.447513466649437, 0.5935660185437559, 0.7745301572408687, 0.650820155378055, 0.4486688310340485, 0.48305589382738295, 0.45129267059757344, 0.5949844976844445, 0.47243871010110927, 0.3840204959537017, 0.4096597015468621, 0.7779333375842444], [0.7371626727180729, 0.31768333550894545, 0.3404612405583821, 0.6827206547832806, 0.5901298268867865, 0.3771348910261811, 0.22821658819135718, 0.4377787813672477, 0.7058087629181663, 0.4267424733696029, 0.3542640071286476, 1.1728558683652233, 0.6515892412668592, 0.4348034875141788, 0.4742369230749584, 0.9325236194071901, 0.2419861676895325, 0.6302047455730516, 0.7150919002955448, 0.3921367925620483], [0.5652547666972668, 0.360307455530638, 0.35399230025667533, 0.5945796342678237, 0.4675153577346653, 0.36077717318433833, 0.27977648117625253, 0.3949294050546736, 0.6418631160398628, 0.42887963087749964, 0.37119478565870156, 0.7918691848798607, 0.5718430062432717, 0.4731177478461466, 0.43308247969065466, 0.8757135957926562, 0.2507187190618151, 0.6033137371159915, 0.7742751833635444, 0.5498243008576921], [0.4179063787550299, 0.6894263794463948, 1.2890272944849208, 0.42964290152242646, 0.4687055337164518, 0.4145431852118727, 0.8238194002516736, 0.565621852333149, 0.45787222958812424, 0.8503304527642553, 0.9665411829089176, 0.2840071791464188, 0.6736872359116798, 0.7690519132589301, 0.4169815614571, 0.7372247679953151, 0.6108245758880118, 0.5674370612217298, 0.49086941833567516, 0.34601233698782874], [0.4537504816227797, 0.702664571582514, 1.072550178589611, 0.4577985616476054, 0.5031352778900356, 0.41738372040194, 0.7357706910477523, 0.5914582886485378, 0.5030229607739204, 0.7964141972535943, 0.8261082610023862, 0.30226369458829605, 0.6288283649077767, 0.7573761326524716, 0.4575676918684393, 0.6837819736067615, 0.6214535957152977, 0.5157780581320717, 0.47363800667065953, 0.3484466353059529], [0.5164597256782041, 0.4571148950143993, 0.5325975349463484, 0.30982817471368757, 0.44081994906250227, 0.782845316755655, 0.2874826964124993, 0.4672349880306099, 0.6029435745609919, 0.40894761728635426, 0.4942493726836654, 0.6572064175624974, 0.44087349105765267, 0.6731472437273442, 0.2997313930101528, 0.21879514450505289, 0.3474661919000363, 0.27461195857843984, 0.39840746634029706, 0.6819590343693563], [0.5909506414468143, 0.5330308163940931, 0.5873728955070535, 0.27248909987637016, 0.4643528211924409, 0.7477030303961375, 0.33953203555041195, 0.4271180543942458, 0.4897376637432073, 0.5124369090110619, 0.49929893666269, 0.6586221895703912, 0.4354503267463911, 0.6687582431266706, 0.3509272768639541, 0.28117697378935014, 0.39947823195078, 0.3507923341457913, 0.41417980045679625, 0.781017941192224], [0.42798553858827143, 0.5045040271392399, 0.4739810781524208, 0.5164692599308907, 0.23953461353024103, 0.3939625578805027, 0.24619397961284392, 0.4541564210562511, 0.442172830564492, 0.2189535005884197, 0.3689396332063809, 0.34124940005971666, 0.38729942988117666, 0.25171077274429543, 0.644061751713397, 0.5277915374302611, 0.611946393239155, 0.6533017016316036, 0.2811451628787975, 0.2974990888413361], [0.44971983993496056, 0.5098358930278392, 0.4898718979103284, 0.5017641793560415, 0.24433239058134792, 0.43033040992290733, 0.282585927873476, 0.4804716039304437, 0.4606288664489548, 0.23093447689320548, 0.41676565119092535, 0.36487295737991, 0.40831164694695066, 0.2885051779167528, 0.6364374161465592, 0.5659185995120493, 0.6433584709882227, 0.6147713459556404, 0.2927266126300862, 0.31665124324754507], [0.33985751330881525, 0.899844448839104, 0.4329494989749649, 0.4274373481584966, 0.5779367103719898, 0.5074664336427508, 0.3548486959436507, 0.397031069874144, 0.4968750398208732, 0.3533066903643765, 0.5862022330652018, 0.3456563212362204, 0.6035137740828858, 0.6165315483252329, 0.4871347397274963, 0.21110938317978156, 0.41778968383823867, 0.4546387137136849, 0.28028145145553407, 0.4478722072808625], [0.3289162609982676, 0.8932291918192287, 0.45826826141054955, 0.4319219626566736, 0.5407215083959025, 0.5105162719974298, 0.35707793377127145, 0.4286396633510028, 0.4916584019255612, 0.38433820582279515, 0.5786853435170229, 0.3120472713153681, 0.543184864082119, 0.6269209653033838, 0.4465553907214574, 0.2160073833121069, 0.3991876509558883, 0.42769047405963173, 0.2739529791618598, 0.44621954840285133]], "G": [[0.23103327950896135, 0.19561006632996022, 0.27683139152722297, 0.2965252626338557], [0.25444105524336574, 0.22750457861962936, 0.24838340728415925, 0.2696709588528451], [0.2727733473671567, 0.2146359512491445, 0.24682230291133256, 0.2657683984723663], [0.21858544180601983, 0.24105112173507035, 0.2613124155656999, 0.27905102089321004], [0.33625411027292856, 0.1906357040505966, 0.23053124803747216, 0.24257893763900257], [0.23591544184156865, 0.28458317610649747, 0.2255930541904677, 0.2539083278614658], [0.23188965826955055, 0.19151498629586602, 0.2792606543282585, 0.29733470110632415], [0.26675924398430095, 0.23191150411860373, 0.24872279640135608, 0.252606455495739], [0.22576222669462773, 0.1836868412303213, 0.28845972171196194, 0.3020912103630891], [0.20023627723653487, 0.18703890661264708, 0.29461296758413696, 0.3181118485666824], [0.20950219454360905, 0.2756077339546033, 0.24364124467568765, 0.27124882682609985], [0.20973935580269631, 0.1917404408457473, 0.2874411185455519, 0.31107908480600466], [0.33138056069790506, 0.2171157702790832, 0.21473623673416548, 0.23676743228884656], [0.2540584830815291, 0.21869319199670054, 0.2609469159043973, 0.2663014090173728], [0.36377438237720855, 0.32375515561627083, 0.14494350642235687, 0.1675269555841627], [0.19066695860745747, 0.14086352325228343, 0.3260295948466037, 0.3424399232936555], [0.19408049514742776, 0.16846568933236403, 0.3092005223437997, 0.32825329317640883], [0.32935111904241976, 0.2727584061850128, 0.1869812581360555, 0.21090921663651185], [0.2737810198867417, 0.21832924493343753, 0.2477662663599672, 0.260123468819854], [0.2681206270297198, 0.20090854800582422, 0.25783124081909853, 0.2731395841453574], [0.1081846511891075, 0.10724673853515558, 0.38425582776758926, 0.4003127825081478], [0.20158274239775215, 0.2173189559181799, 0.28119538106378916, 0.2999029206202788], [0.2786794906460002, 0.24416336753983428, 0.2324569428090749, 0.24470019900509082], [0.3098979048128267, 0.1889398533241197, 0.24063245813333578, 0.2605297837297177], [0.3082373905970506, 0.25818917804112124, 0.20691636854296286, 0.22665706281886439], [0.20964440153957897, 0.19044921517126467, 0.28879377995438843, 0.3111126033347676], [0.18853395673257722, 0.1727730168712155, 0.3114237445442959, 0.32726928185191223], [0.2392362630680274, 0.25059891148063906, 0.2455411680962373, 0.26462365735509613], [0.25079685565771365, 0.22019760782385156, 0.24959201331501854, 0.27941352320341606], [0.2800015711752882, 0.22960348751410417, 0.2242154713753921, 0.2661794699352148], [0.25206516067250695, 0.20541208499722075, 0.2634214993044196, 0.2791012550258519], [0.3072636878336726, 0.18554655911756185, 0.23874310527111803, 0.2684466477776477], [0.2714650311529966, 0.22423975943341873, 0.2445348641600135, 0.25976034525357095], [0.2155214495779745, 0.2162931658001223, 0.27285215631751064, 0.29533322830439207], [0.2897144470141858, 0.22059784330835527, 0.24023708383448433, 0.2494506258429747], [0.26845209721820584, 0.3073918681059583, 0.19648735995950264, 0.2276686747163329], [0.20481191549488512, 0.15204107516197898, 0.31255683370844484, 0.3305901756346913], [0.2330365716700121, 0.19267298732920773, 0.2753832370836741, 0.29890720391710596], [0.21162204947955063, 0.17765849467612166, 0.29025947134623287, 0.32045998449809554], [0.2599265368323464, 0.2985855266204784, 0.2162228268887865, 0.2252651096583886], [0.22612909814999577, 0.3035924347690664, 0.22433318510261305, 0.2459452819783242], [0.18886716922703262, 0.3009419985121724, 0.239590024497193, 0.2706008077636021], [0.17857463196884182, 0.2068982422061704, 0.29710015741929746, 0.3174269684056913], [0.21960759844574523, 0.3112107755517395, 0.2215171680207286, 0.2476644579817871], [0.23050409824269896, 0.18269160771456663, 0.2840092521205196, 0.3027950419222156], [0.22616958173943777, 0.16788907085528784, 0.29001132762101883, 0.31593001978425517], [0.23926168792070582, 0.20886503597528144, 0.2675693779609223, 0.28430389814309026], [0.46483889055070016, 0.13297495111009605, 0.19225298154875553, 0.2099331767904496], [0.21282961050963825, 0.1854296689697511, 0.2925172959645195, 0.30922342455609175], [0.29530794864779747, 0.24960474665995794, 0.21970713814942924, 0.23538016654281518], [0.27803443164429675, 0.20304752201196427, 0.25216733796843466, 0.26675070837530346], [0.21414536257270372, 0.17819840393028566, 0.29433964720735584, 0.3133165862896547], [0.29414112010458215, 0.2615196986408767, 0.21422891391206833, 0.23011026734247217], [0.18299654461908943, 0.13566107029115917, 0.33207069024052205, 0.34927169484922926], [0.1962182078655943, 0.17645915616324434, 0.30741020394369417, 0.31991243202746755], [0.32142127302128104, 0.26980564312649663, 0.1951122832910263, 0.21366080056119624], [0.21569539945875124, 0.1989586834429778, 0.2805451766631658, 0.30480074043510574], [0.22298058107530783, 0.2079643905784749, 0.27112874204291326, 0.29792628630330437], [0.37076718647823675, 0.3021980613104099, 0.15561427738723116, 0.17142047482412284], [0.21716484146805295, 0.15859979965115453, 0.31039472439723564, 0.31384063448355665], [0.2604191131801665, 0.24516341216694032, 0.23858127741263732, 0.2558361972402561], [0.2218369835898291, 0.20922015941838512, 0.27574488684910015, 0.293197970142685], [0.13048509582843018, 0.11192448118104462, 0.36540938054793354, 0.39218104244259155], [0.17529312058217675, 0.15911487787617914, 0.32038604633745993, 0.34520595520418396], [0.22828557553095702, 0.2102507288677854, 0.2683551137198826, 0.29310858188137445], [0.20095750567211237, 0.17144284855787462, 0.3038052731002053, 0.32379437266980715], [0.3009902585001667, 0.17034901578591358, 0.25517666882981316, 0.27348405688410693], [0.28904864248658807, 0.34405023050348177, 0.17788615013290504, 0.18901497687702562], [0.2545961409609973, 0.22549682862029521, 0.24768201757533723, 0.2722250128433704], [0.2278310964190594, 0.19566635811119512, 0.2755029430848182, 0.300999602384927], [0.40975340761525786, 0.09382037591797499, 0.2400581536209633, 0.2563680628458031], [0.26245788435983747, 0.1270232068125597, 0.2952107798186632, 0.3153081290089393], [0.21021486048040017, 0.15289241897687036, 0.30521498949121967, 0.3316777310515097], [0.20777066920339168, 0.17649953481770497, 0.2966950418048757, 0.31903475417402805], [0.2359735050757945, 0.21404548790572508, 0.2645406407837895, 0.2854403662346919], [0.2399866696529408, 0.22353667950560774, 0.26111850056937774, 0.2753581502720742], [0.2930572691374952, 0.2040070014381006, 0.23919316614248196, 0.26374256328192236], [0.40766856903063525, 0.16686761697508748, 0.20500990216922887, 0.22045391182504895], [0.34588794279111035, 0.10364572550192495, 0.2619959158404759, 0.28847041586648897], [0.15492037815191376, 0.1837792507611439, 0.32088360678090416, 0.34041676430603834], [0.2764199076034819, 0.2200773613369647, 0.2453309661289966, 0.2581717649305568], [0.21375460269014657, 0.19837073901023686, 0.28328705350343897, 0.3045876047961779], [0.15595592901574587, 0.1952342391764055, 0.3124876708365923, 0.33632216097125567], [0.24911805281952543, 0.21479120678457136, 0.2582303990220773, 0.27786034137382576], [0.27778386905108216, 0.22929419741625873, 0.24329523008552234, 0.24962670344713678], [0.2600778847338063, 0.22175028758252158, 0.25070463907098556, 0.2674671886126868], [0.27718359687726335, 0.26664529128712783, 0.21679610940275246, 0.23937500243285567], [0.2403476209682446, 0.2946913286105342, 0.21762518820624333, 0.24733586221497772], [0.22195772687459886, 0.23147440098484962, 0.2624687803700475, 0.2840990917705043], [0.21522082194821818, 0.18955252867862138, 0.2890749478547764, 0.3061517015183843], [0.27564806036743145, 0.2584606755256525, 0.22235418390666106, 0.24353708020025502], [0.2759533908207714, 0.23226076922693323, 0.23189124274830109, 0.25989459720399366], [0.19392445131424912, 0.12475838242143264, 0.3358832810527897, 0.3454338852115282], [0.1175147063902974, 0.11229267954793469, 0.3730707938406737, 0.39712182022109527], [0.2766202983490817, 0.23319476905359224, 0.2329000238157758, 0.25728490878155], [0.15636746256107467, 0.13483787532573857, 0.3458424212469765, 0.3629522408662101], [0.22027676903040003, 0.2500218179133467, 0.2494564991521167, 0.28024491390413636], [0.12781820411572975, 0.14570520187982441, 0.3515014050748041, 0.3749751889296424], [0.19600909721847945, 0.1686388649857721, 0.3070969506489754, 0.32825508714677365], [0.26894086829652714, 0.15926641464179267, 0.27412923908390774, 0.29766347797777276], [0.24209243070724257, 0.21681819237565786, 0.2590081376328279, 0.2820812392842707], [0.2269938092647076, 0.19523445723665714, 0.28042283517280936, 0.29734889832582595], [0.3500868097533455, 0.21213728874404397, 0.21369185710854613, 0.22408404439406387], [0.22045390463546588, 0.19186634894785107, 0.2805246568951026, 0.3071550895215806], [0.20115442406752584, 0.17816635929145483, 0.2912917881748466, 0.32938742846617225], [0.2364391510412539, 0.21214669412048334, 0.2675081577035792, 0.28390599713468406], [0.2137578584260927, 0.19274134654038735, 0.2891187335906652, 0.30438206144285423], [0.1593201097851576, 0.21867546217013412, 0.30433914386763533, 0.3176652841770723], [0.14043853791593558, 0.12596519798528874, 0.36403987802418925, 0.3695563860745865], [0.26338951186710435, 0.22038648311730774, 0.2500415273172224, 0.26618247769836534], [0.30858372475344376, 0.2544939608933585, 0.20458879755692969, 0.232333516796268], [0.31521822621863693, 0.30499725321978793, 0.18359576725802165, 0.19618875330355337], [0.1473044059611346, 0.13433672478538208, 0.34224469203500896, 0.37611417721847357], [0.1736998111247592, 0.1457606810989365, 0.3302169364061459, 0.3503225713701578], [0.20371952233163876, 0.20400854797637472, 0.28004520432739766, 0.31222672536458884], [0.23912427063694217, 0.20031970786593703, 0.2665124346460879, 0.29404358685103243], [0.2403766335880814, 0.12827725519305072, 0.30797834890206366, 0.3233677623168052], [0.28565053723852335, 0.376711963097822, 0.1615570982627873, 0.1760804014008673], [0.24501379709723398, 0.22887688980396992, 0.24816724425496262, 0.27794206884383377], [0.08465475016460959, 0.1903599401523155, 0.35540112080562375, 0.3695841888774514], [0.2114723064083951, 0.21376264496138087, 0.270956174925935, 0.30380887370428894], [0.3694280166336015, 0.1281711024173847, 0.23860441786067085, 0.2637964630883424], [0.2817755903579481, 0.24112487681425981, 0.22619949373959577, 0.25090003908819564], [0.19261609532697957, 0.2717763615634563, 0.2505556062828744, 0.2850519368266889], [0.2372371375516179, 0.1944065904516854, 0.26873188170640694, 0.29962439029029053], [0.18477045840429754, 0.2436532386636536, 0.2749424078288032, 0.2966338951032455], [0.1899625084836661, 0.15785689847739925, 0.31091150990072897, 0.3412690831382064], [0.233012651186382, 0.23715357334307077, 0.2577890666151229, 0.2720447088554243], [0.25905508945463285, 0.1605005776162386, 0.2770473450957439, 0.30339698783338465], [0.24289677743956348, 0.21544265918833463, 0.25966975870982406, 0.28199080466227744], [0.28298459531609377, 0.24724889100219272, 0.22611131442401397, 0.24365519925770024], [0.292594743635877, 0.2857290331118022, 0.2049125278627185, 0.21676369538960177], [0.29500279470103663, 0.23902893671266265, 0.22598430809710177, 0.2399839604891988], [0.25801302651403285, 0.17593991701969813, 0.27506638817501244, 0.2909806682912566], [0.2932742392233571, 0.29126599500443956, 0.2034385467272982, 0.21202121904490467], [0.3046781352819989, 0.2298236330869215, 0.22765773068761075, 0.23784050094346815], [0.21714803541984296, 0.22515514042801368, 0.2663461661175012, 0.2913506580346415], [0.36215699569265725, 0.2885376718707517, 0.17241500808291252, 0.17689032435367846], [0.17753785701325545, 0.2564087968085304, 0.27218422741879755, 0.2938691187594158], [0.3251048507151118, 0.2834365572788482, 0.18400981484213963, 0.20744877716390056], [0.26278521055019827, 0.23334470032430782, 0.236779797125869, 0.26709029199962486], [0.15273774128764683, 0.13752707849906814, 0.3425398203281188, 0.36719535988516616], [0.261332555949236, 0.2197300758434098, 0.24947160092466944, 0.26946576728268523], [0.266802469455669, 0.2941355263828053, 0.21311630363271797, 0.22594570052880716], [0.21269087725292102, 0.19409727476213012, 0.2833002028917312, 0.30991164509321745], [0.20840202913618713, 0.16045959122820438, 0.3067136213281183, 0.32442475830749007], [0.22182112493869957, 0.19724386129503196, 0.27950220279323534, 0.3014328109730329], [0.242956133237871, 0.2994393683923126, 0.22250821265265797, 0.23509628571715802], [0.18197328213948138, 0.1546218366805848, 0.3152858293027464, 0.34811905187718756], [0.2839123744661024, 0.24009716792645286, 0.2246065365450213, 0.2513839210624235], [0.3210740263233002, 0.17272992128461057, 0.24367738934983196, 0.262518663042258], [0.2855723489692202, 0.20783134027740247, 0.2462159642193993, 0.26038034653397796], [0.26220869009146347, 0.1764491049132795, 0.2728403156923612, 0.2885018893028962], [0.24306313765578516, 0.20723226347919213, 0.2645761187772822, 0.28512848008774005], [0.16394512678035295, 0.15872320924249195, 0.3303118121115155, 0.34701985186563905], [0.16829886081873044, 0.2685798636324295, 0.27116139881932716, 0.2919598767295139], [0.2667120907687274, 0.23119392885876594, 0.24076877505716943, 0.26132520531533754], [0.1974618885034643, 0.16291038113925724, 0.3125940881633471, 0.3270336421939315], [0.3091493845820875, 0.26869435686689375, 0.20152590219791877, 0.22063035635309997], [0.18890123452648755, 0.17387495707088257, 0.3062174628238269, 0.33100634557880265], [0.30149613033659123, 0.26856755947112015, 0.20727432027972134, 0.22266198991256697], [0.3089973405066246, 0.26310466966469553, 0.20692487737133153, 0.22097311245734827], [0.3621687247616121, 0.2318737130483385, 0.1963874455357014, 0.2095701166543476], [0.27876567311842015, 0.240985343773863, 0.22852194522067043, 0.25172703788704626], [0.2931639677910487, 0.21780782877724597, 0.23638110288020323, 0.25264710055150197], [0.24688186715429175, 0.21464295095341568, 0.25266918896666285, 0.2858059929256298], [0.19338426415831347, 0.1682870825087639, 0.30462877781437897, 0.3336998755185427], [0.32660733457849855, 0.1466942876552347, 0.25741354731353977, 0.26928483045272733], [0.3330149713308301, 0.25288467190548847, 0.203285999976004, 0.21081435678767765], [0.25074686347241865, 0.23390707428047805, 0.24729449201393155, 0.2680515702331716], [0.23883242643546126, 0.21317722004396417, 0.2671917340921702, 0.28079861942840434], [0.20640340169936658, 0.17867915876070262, 0.2982850534160919, 0.31663238612383776], [0.3119634942020925, 0.2747325894595163, 0.2029362077350351, 0.2103677086033557], [0.18668279938809804, 0.17925750293343393, 0.3008147963139108, 0.3332449013645564], [0.22206509845301306, 0.2831256403450507, 0.23617416191593657, 0.25863509928599954], [0.23857552526943288, 0.18144572164006956, 0.2805830371313904, 0.2993957159591065], [0.22737302040601978, 0.29023506030294216, 0.22765126948526074, 0.2547406498057772], [0.15525407163472624, 0.14952364420876474, 0.33538801869194507, 0.35983426546456393], [0.25108192541934415, 0.22096862618916818, 0.2519996395090572, 0.27594980888243054], [0.24944954964531427, 0.16035414629242706, 0.2804642044076495, 0.30973209965460846], [0.255959988795713, 0.18698827060849663, 0.27346618914908144, 0.2835855514467087], [0.2106887830658096, 0.1745811109821515, 0.29382750871488306, 0.32090259723715586], [0.2510285997447077, 0.19024664998029164, 0.2667945006299395, 0.2919302496450613], [0.2471229164849815, 0.21414825110171007, 0.25990076409405516, 0.27882806831925316], [0.2709958877345684, 0.22047575435220237, 0.2437293305460548, 0.2647990273671739], [0.21396370697474607, 0.15691400249182294, 0.3090586841649112, 0.32006360636852], [0.2682842246514127, 0.22487724862766573, 0.24493099165914073, 0.26190753506178055], [0.23880560845670995, 0.23603996288271542, 0.24932275287892966, 0.27583167578164547], [0.27676596260154485, 0.2148916901266696, 0.24361719768339732, 0.26472514958838816], [0.2231903468456293, 0.162358339915712, 0.2976185722446341, 0.3168327409940245], [0.23209390393929108, 0.2407158750233618, 0.25083303832132864, 0.2763571827160178], [0.17645392080427857, 0.15302117091880452, 0.31699789170527126, 0.35352701657164565], [0.2648608267767837, 0.2407413598301201, 0.23705069910867782, 0.2573471142844186], [0.2826917390679651, 0.2587047360915451, 0.22365747664090102, 0.23494604819958884], [0.22111881727103175, 0.18130347221269608, 0.2941131009595376, 0.3034646095567339], [0.3119944174157267, 0.21023168438569026, 0.2339141838356023, 0.24385971436298173], [0.21742749662507946, 0.1474759509583296, 0.3080613139432647, 0.32703523847332644], [0.3002271707276159, 0.18559781163137795, 0.2528712937886665, 0.26130372385233974], [0.2650519812617069, 0.28403537671742807, 0.2169198681467453, 0.2339927738741201], [0.20280668328277787, 0.18433193426825797, 0.2980971512770118, 0.31476423117195307], [0.25380400654434904, 0.22970865852562364, 0.24944114111885898, 0.26704619381116884], [0.35180550012622036, 0.26873836032663045, 0.1859809411074259, 0.19347519843972286], [0.2721792353030181, 0.2281259380545587, 0.23915436240141538, 0.2605404642410077], [0.2298436837386266, 0.19847939846016263, 0.27362842397611764, 0.2980484938250931], [0.3154698366035824, 0.23027813052732737, 0.22453626685416678, 0.22971576601492386], [0.25606189874646945, 0.11609025459438962, 0.3012167866044049, 0.32663106005473636], [0.22108895410811955, 0.19204718265132487, 0.2868028727039324, 0.3000609905366227], [0.2015551597445285, 0.1834951551229049, 0.2916667640218498, 0.3232829211107176], [0.2287688795021067, 0.176467027790701, 0.2888143916584938, 0.30594970104869845], [0.2504796751448498, 0.22682984360545413, 0.25108637013449014, 0.2716041111152056], [0.17459265792518008, 0.14593285191431915, 0.3277143822458198, 0.35176010791468054], [0.12280682026951485, 0.10766118309947763, 0.3706229601064898, 0.3989090365245171], [0.2939262907894444, 0.18991935172319066, 0.25046922796127996, 0.2656851295260847], [0.22617038477668805, 0.19620469828391873, 0.27720759982022974, 0.30041731711916325], [0.21713958060682184, 0.19937540146240698, 0.2759763141908659, 0.30750870373990524], [0.18030467574500317, 0.16221960219720424, 0.3148813844040796, 0.3425943376537122], [0.188743012270745, 0.4216920929222263, 0.188718488535492, 0.2008464062715375], [0.3462783547457037, 0.2765546093638635, 0.17745461270383614, 0.19971242318659674], [0.23767952634607767, 0.22928153524990344, 0.25905156880541097, 0.273987369598608], [0.20695519516141767, 0.35648572237539844, 0.20120690422626022, 0.23535217823692248], [0.25063057610868744, 0.20061035993457652, 0.27080349459442987, 0.2779555693623061], [0.34715163481678735, 0.23824319045406064, 0.2014141904995474, 0.2131909842296045], [0.18235542196171856, 0.21058192937816622, 0.2826432822398001, 0.32441936642031544], [0.3237878537452205, 0.24183785840821945, 0.20984587739584115, 0.22452841045071864], [0.1843389941513144, 0.2321630625589428, 0.27658977448658817, 0.30690816880315447], [0.15666716657195015, 0.2564492416807907, 0.2835446473261788, 0.3033389444210803], [0.28639534682535717, 0.26051685417502735, 0.2179168821806629, 0.23517091681895214], [0.24070525411326313, 0.14224259659975624, 0.29147529178025233, 0.3255768575067282], [0.23581383869529243, 0.2526062805755568, 0.24352211474450208, 0.26805776598464903], [0.1862180390352265, 0.17279148579763212, 0.3076696952580538, 0.3333207799090879], [0.24111848243093104, 0.21388524125480438, 0.2648025483611372, 0.2801937279531273], [0.2736731025573756, 0.18754696110442154, 0.2605274926124113, 0.2782524437257911], [0.2425807322786245, 0.20575880658354487, 0.26663676728333746, 0.2850236938544925], [0.21027357764503815, 0.19145182408441877, 0.29045080845319593, 0.3078237898173478], [0.1366451520482827, 0.25276589614581474, 0.28980539318609905, 0.32078355861980307], [0.2766400471839326, 0.23708320436044072, 0.23373596387425005, 0.2525407845813769], [0.2274668230131688, 0.21014760864004997, 0.2687511652463168, 0.2936344031004636], [0.16725254953833896, 0.19701430935116465, 0.3022605021109793, 0.33347263899951746], [0.28449261146073423, 0.1851683322388498, 0.25243752874546793, 0.2779015275549482], [0.17690029101512136, 0.1600676014971527, 0.3217936541064682, 0.3412384533812584], [0.296407189395595, 0.32644163873467535, 0.18065474027226844, 0.19649643159746122], [0.23742299031226216, 0.20339708260713668, 0.2644823042399806, 0.29469762284062034], [0.23903277024330943, 0.20272530115160545, 0.2655699846260486, 0.292671943979036], [0.2577969275777254, 0.19743859080775164, 0.2556001047232222, 0.28916437689130015], [0.2032178595614732, 0.15855485353913493, 0.30739596676772907, 0.3308313201316628], [0.28431394097065366, 0.2322271723815763, 0.2298025339043855, 0.25365635274338505], [0.24232867070987557, 0.22035545886585003, 0.2555102271208678, 0.2818056433034068], [0.1746996573203379, 0.14614999900216064, 0.329723851424613, 0.3494264922528887], [0.34466837763772395, 0.27084973561350556, 0.18541700871112332, 0.19906487803764733], [0.44212576986995505, 0.13855368657901265, 0.19755289272497928, 0.2217676508260533], [0.2701560493221981, 0.2719446940379402, 0.21473897366219583, 0.24316028297766556], [0.2995442004084269, 0.2698391203701976, 0.21125111961334384, 0.2193655596080314], [0.2542182199792023, 0.209163001369228, 0.26113223154255283, 0.27548654710901677], [0.36244719840065687, 0.1765292330027985, 0.21951805384009804, 0.24150551475644727], [0.16372224832252447, 0.15005923699207552, 0.33043034582075886, 0.3557881688646409], [0.24848040599243715, 0.20575399911478537, 0.2610007418916741, 0.28476485300110327], [0.2877817653290192, 0.1963515046025508, 0.24601729183557636, 0.2698494382328536], [0.1455549294419101, 0.41413134062564133, 0.2101926253940298, 0.23012110453841808], [0.25243074528642717, 0.15006027285875878, 0.2909347912930402, 0.30657419056177465], [0.1888446485527708, 0.11103605690567629, 0.34058536255945093, 0.35953393198210193], [0.1937116038004302, 0.31193565291350406, 0.239795995861947, 0.2545567474241188], [0.2659919958420446, 0.1639192677348787, 0.2730490444204457, 0.2970396920026314], [0.28568963374890743, 0.23311784101198638, 0.228520052493946, 0.25267247274515997], [0.12025226851181775, 0.5567252667920669, 0.15359044685618087, 0.16943201783993506], [0.19315295162987905, 0.15885801993431942, 0.30975585434747477, 0.33823317408832726], [0.22634815734905472, 0.18748879573765165, 0.2814215947752875, 0.3047414521380064], [0.2260962181128376, 0.22362394167922714, 0.26658865989328423, 0.2836911803146512], [0.19411114044793842, 0.23412655803691987, 0.2708148203751927, 0.30094748113994935], [0.2791005076572434, 0.3465115719564039, 0.1745100974068808, 0.19987782297947163], [0.22738790430766767, 0.1819052369622879, 0.2892735078763798, 0.3014333508536651], [0.20625921542007913, 0.18299885877070096, 0.3011581403911126, 0.3095837854181072], [0.20854591264992356, 0.25221651858289834, 0.2546213250778048, 0.2846162436893734], [0.21097945726190975, 0.18956347394808784, 0.288061215069056, 0.3113958537209468], [0.33069960055362696, 0.2954899962836798, 0.18320635102331953, 0.19060405213937312], [0.3519410493059899, 0.2862511974361328, 0.17461347617328182, 0.18719427708459524], [0.1955664889699086, 0.30567994602890136, 0.22886565080512414, 0.26988791419606617], [0.18688132015802839, 0.16901391015309616, 0.31042026192031014, 0.3336845077685656], [0.28991352705264367, 0.23800724442946894, 0.2294643476319706, 0.24261488088591704], [0.28845640076391066, 0.16386741976215355, 0.2666193186872724, 0.2810568607866631], [0.2980590761119929, 0.2690048110816221, 0.2100852291918825, 0.2228508836145033], [0.21531197106712613, 0.17859300062861322, 0.29615382761226916, 0.3099412006919912], [0.25735971407374236, 0.2262167235973997, 0.24966864374640718, 0.26675491858245176], [0.29454434391424855, 0.28086395211808174, 0.20839544074423336, 0.21619626322343663], [0.21110344644825302, 0.15139070990398154, 0.31153043389565954, 0.32597540975210576], [0.29753927709089945, 0.262156102208361, 0.2118540264190946, 0.22845059428164605], [0.2777746025370521, 0.23533892962067182, 0.23580785272641522, 0.25107861511586116], [0.2588765642531018, 0.1611792450428223, 0.2774996540582188, 0.30244453664585724], [0.1938408492929778, 0.1722229416401367, 0.305709262462724, 0.3282269466041607], [0.3024724157055152, 0.27619186917972366, 0.20586057455921983, 0.2154751405555422], [0.3111998159521733, 0.25165633194105347, 0.2093985615347453, 0.22774529057202864], [0.16235978757546468, 0.27213743632610693, 0.2690062976502709, 0.29649647844815763], [0.37392382698387033, 0.24792892580044604, 0.18131238554273243, 0.1968348616729508], [0.26884727597773656, 0.22392484770730808, 0.24538640095034764, 0.26184147536460783], [0.3935011008010279, 0.1458950420270023, 0.2250915028991077, 0.2355123542728623], [0.3121829958379155, 0.27329838413762947, 0.20114760786850094, 0.21337101215595392], [0.20075896683016367, 0.14161912570540588, 0.3159316297170586, 0.3416902777473719], [0.2313060372624439, 0.182738685023858, 0.2796567781668009, 0.3062984995468976], [0.1670961131933748, 0.2747312097610362, 0.27383658997321064, 0.28433608707237834], [0.12049110988598286, 0.18536724781438338, 0.33550418275063293, 0.35863745954900106], [0.25910977910168503, 0.2609590852807453, 0.2310623240905128, 0.2488688115270569]]}, "supervised_prediction": {"G": [[0.17744700174011593, 0.17347392753671906, 0.3044328306685774, 0.34464624005458727], [0.2267810353174384, 0.24780230199217565, 0.24346643891223588, 0.28195022377814943], [0.2250597961845323, 0.15608417400219662, 0.2878765994360359, 0.3309794303772354], [0.1967929925614637, 0.16941809908732516, 0.2918848127524352, 0.34190409559877605], [0.24523146436925597, 0.223261940750639, 0.26495288200326866, 0.26655371287683727], [0.19525323116603124, 0.16366592872024896, 0.29336497602605255, 0.3477158640876676], [0.200514740585945, 0.17111670648545743, 0.28672023898866994, 0.3416483139399277], [0.257127970510431, 0.31700295001229667, 0.19772979679471428, 0.2281392826825585], [0.14407448880378448, 0.24940313857160606, 0.30431110754671586, 0.30221126507789386], [0.21417584086004485, 0.18673832243386512, 0.28562642610284716, 0.3134594106032431], [0.3150194012425287, 0.2616637921076882, 0.20102717835261785, 0.22228962829716498], [0.2881956101794961, 0.16710732669184222, 0.2714286335342942, 0.27326842959436853], [0.16405902911762943, 0.15917340796901483, 0.32534339323019024, 0.3514241696831645], [0.20046709517650224, 0.28723910984566664, 0.24142034837891052, 0.2708734465989206], [0.22207223155674852, 0.20755810887833653, 0.2736821616793845, 0.2966874978855318], [0.21636330234566817, 0.21838572507156145, 0.2703295862687795, 0.29492138631399056], [0.18467743495698105, 0.3495148393285044, 0.2238357600920181, 0.241971965622496], [0.19078352761960918, 0.20617217763816062, 0.2714481936019188, 0.33159610114031046], [0.2188248461489787, 0.21039300033311203, 0.27087121882015497, 0.29991093469775454], [0.2037787069516462, 0.20056880718186204, 0.29620840283872274, 0.2994440830277692], [0.2583534115317866, 0.15111310815668838, 0.2916258936875111, 0.29890758662401395], [0.1469486033079486, 0.1703484598674199, 0.303734593731865, 0.37896834309276756], [0.20414363570462732, 0.2945613185692524, 0.23498111643138334, 0.26631392929473646], [0.2243224007305243, 0.23027017838840597, 0.2560206974363884, 0.28938672344468097], [0.22373363906554442, 0.24911454467714841, 0.2483219640466305, 0.2788298522106764], [0.1802817127437582, 0.2816742676617973, 0.25371448162235155, 0.2843295379720933], [0.33861941989275085, 0.10336110924755987, 0.25795206688322636, 0.30006740397646336], [0.22296530795982017, 0.15756798566193433, 0.30029747049954114, 0.31916923587870455], [0.2228378716473298, 0.16691346033152424, 0.292413326467904, 0.3178353415532421], [0.1013636778798026, 0.43694452605588935, 0.20479082625554887, 0.25690096980875904], [0.34754144255382063, 0.28465876280493535, 0.1741552567584228, 0.19364453788282074], [0.1646828362805161, 0.1512694905886338, 0.32083877672693784, 0.36320889640391313], [0.33686179375208986, 0.18599295029978916, 0.22541703867418553, 0.2517282172739357], [0.1947410074032645, 0.36317557051294636, 0.20831572097253406, 0.23376770111125572], [0.4356638292287528, 0.21005361771185274, 0.1640047858879411, 0.19027776717145287], [0.26329621346156823, 0.21945239340745382, 0.2360994886251852, 0.28115190450579236], [0.19191109932283282, 0.2010107118992127, 0.29359451633011924, 0.3134836724478348], [0.1628791649342923, 0.2426034234247697, 0.2853125294857