{"estimation": {"a": 22.145891116582263, "rho": [0.13650522541001617, 0.14915702167859707, 0.3855901321504263, 0.3287476207609604], "Mu": [[-2.0198988716682766, 1.487234993869338, -2.543754157512173, -0.3689867909637144, -0.19704780606233, -0.4850413157684759, 1.8431952959199172, -4.034464589332149, 3.064732150307408, -0.7846385197551725, -0.5452180462189204, 1.1255614995828436, 2.5282306069451352, 0.16221671996495546, -3.061219092370264, -1.7859937677982867, -1.6043952405367274, -1.3601594893720674, 1.538267268377727, 2.653015606118086, -2.1158364350305847, 1.0262058017098323, 2.092536019624514, 1.384553575632121, -0.3974243356893314, 1.2185801635185172, -3.5024815812276153, 0.26467543325373194, 4.143375660639973, -1.7643412968708283, -2.2196982962991676, 0.32318573338612344, -1.4299808567845091, 0.4884842145971971, 0.6664193947759549, -2.1034769187359768, -1.0666351931007219, -2.7579464005898386, 1.353922470176208, -3.3052095784180247, 1.0283886167813128, -5.29324167943544, -1.3610531269776212, -2.9954446484729407, 2.3672715266419835, 1.2192264950574805, 0.35621917991715607, 0.17778485248260315, 0.0171472530084386, 4.251410952301022], [-1.9356740948309683, 2.1391622069782246, -2.710744085338157, -0.7315922181847271, 0.2874839035202427, -0.3307757526620558, 1.9689982494359686, -4.212518343899496, 2.5523375633870864, -0.5519656170279031, -1.226378435240484, 0.857427364629628, 2.529281615852743, 0.38014825798147234, -2.5604289894884515, -1.4207829972114732, -1.2775479512570034, -0.33692746413545005, 1.1215702810778014, 2.9203554768067432, -1.4184097995424754, 1.1533002590354482, 0.5983063605707445, 1.3401629205107064, 0.6345318100778373, 1.349876007242999, -2.911035541198001, -0.34194884864759073, 3.6846965058365617, -1.12658434817921, -1.5538896948862844, 0.021398589765121677, -2.3557131828241964, 0.4597252892736373, 1.0125852826755415, -1.3229384637073778, -0.8138290821062533, -2.3079502521513864, 0.8461807048769673, -4.003682728727492, 1.0588689761350427, -4.8188281606073495, -1.8398437624085804, -2.3857690659679145, 2.9341396815723377, 1.4000704239101092, 0.49581890220614, 0.05308044708759182, -0.03425940414624329, 3.923949843884839], [-1.1827566419807753, -4.3775695210494865, -1.0457057185087424, 1.0470095927813867, 0.8752416633166509, -0.8648313099365909, 1.0542683463877618, 0.1846828336438547, -0.8384263201403863, 1.3668583582016351, 1.8063157684496138, 0.04046402367628481, -2.152793359362169, -0.6914583815403398, 0.6388968602060946, 1.897160093343969, 3.276191940507601, 3.5732786361496585, 3.192847606589418, 0.16140276273866397, 1.631199929934466, 3.4121508707219865, 1.1819437704248577, 2.1220062376531903, -1.883800058958008, 2.883526774869365, -0.3363672614153654, 6.6816403843715495, 0.4700691622785431, -2.6328008370979403, -1.4587423960102488, 1.2836390462584848, 1.333173845575133, 4.76288356942839, 0.29648528348913245, -0.6516677900593694, -0.27169794892815874, -3.5041616626942083, 3.082973920021884, -2.887227313205665, 2.6256393061087273, 1.98433759785998, 1.465557625485743, -0.2851785517088219, -0.7900828847793445, -1.5974031642765258, 2.4945688972576723, 2.0278299849260977, -2.2923832794735155, -2.097823542629762], [-0.03750226217049752, 2.963897552933086, -0.04682329971439084, 0.80078034535081, -7.601857057188955, 2.7841500173112417, -4.636047756569566, -0.7822463488400556, -2.441545305170465, 4.603335893649406, -0.3863904514434481, 5.287995077239012, -2.1132073620433682, -0.15841844795040205, -2.605646032954983, 1.4099284306497386, 1.9580722885214772, -1.5759078042948944, -0.039440475062491265, 0.9604056462159998, 1.3372869541376282, -0.7112242378740187, -1.9129952440744291, 0.7862554099690768, -2.606811649312991, -2.7350459461527343, -0.5530677674803227, 4.210553068158898, 0.04589953252036337, 4.111976981536919, -3.573498731561792, -2.75386870102656, 1.8963681072236516, 1.7112178536433176, -1.0935956597260752, 0.46010451698187216, 4.029447582605534, -2.2293528924329746, -1.44584803209921, 2.560911829813654, -3.2863418030603504, 1.5887290461372139, 4.222704626169118, -1.9284196162723657, -6.061644454162935, 4.20414998541663, 3.21756319179449, -1.5014732817291099, 1.2256096107290477, 2.959509501882324], [-1.2483488843287964, -2.163012040764529, -3.1725124434360827, 0.3625607947563744, -1.9830058347573352, -1.0329650411737725, -1.5626265227066574, -0.588773549964681, 0.3962038457976872, 6.11768527544969, -3.930154853003101, -5.4367526617359285, 0.7680465909681576, 0.5204997959168436, -3.1964451414368753, 2.252725223190266, 2.110397070063383, -2.158191938418146, 4.197866540393437, 3.8141721402856525, -3.708246114854597, 0.02526147923163261, 0.37456784686531075, -3.2342761169000713, -1.0590856189191848, 1.2169493443249355, -0.7548647907356487, -0.009537634373184988, -0.0810268553192864, 2.3034360830776577, 1.1787715575434339, 3.1984007129216807, 1.0307347477803726, 4.762016182843441, 1.6907906525372116, 4.168112500050032, -1.1559791598640121, -0.9624231936086798, -2.8333371079229113, -4.808741742496423, 2.191944485819832, -0.2600766264198973, -1.3131887992016276, 2.1485832495082415, 0.6195758321314726, -0.7080018186061827, -1.5204037524559633, -2.977950910043874, 0.7159005572037775, -0.5242757654868381], [2.3815595593080325, -2.7793593079764176, -2.183614074081933, 0.605297449101892, -5.16296722232752, 1.343003370683836, -1.8632546500633251, -0.6224097590523282, -2.2803932635151263, -1.4510512471558403, 2.1041025714145665, -5.628868265860933, 0.12934538027536388, 5.246509366257808, -2.9788083711847486, -4.861225283132311, -1.3594059245034882, -3.7319704953371695, 4.309727997985493, -1.1745529773067964, -4.504401382924985, -0.020918377106874667, 4.131398699526901, -1.406540877240239, -0.8904858455972958, -0.25300489279822713, 1.4664172462304155, 4.190007418225056, 2.551149925137198, 1.2244910264425406, 1.056198927450599, -3.8886544424518616, -1.7603859468988547, -1.505925750700776, 3.421524138390024, 3.2993086137607017, 1.4624952716842339, 3.437474574201399, -5.025093774342912, 1.6435030032343794, 0.7797205101578878, -2.4975696976127644, 1.6999718385305371, 3.1223064239317355, -4.436110950422736, 3.599830960994989, -6.7188627127151825, 1.4631695890685923, 3.632551968243886, 4.290349679928732], [0.5270252186505887, -1.0720844501722235, 0.7417243732039415, -5.880057920985203, -1.0508609923031904, -1.1337922932602602, 0.09876857129117492, -0.559002692458874, -0.8875819197082294, 1.524628300787978, 0.9809240234367703, -0.13361144899111146, 0.7872237643685318, 0.8079928233497642, 0.3886785857220648, 1.1387458449700747, -0.51160511376638, 0.6320057814785837, 0.30479664454002764, 1.36154445799544, 4.351656067080791, -1.9351911461604152, -0.41725890518065123, 1.285474340258447, 0.3369487965364984, -1.7385401823508773, 1.2066228366573317, -0.07743533993404371, -0.8161424221303087, 2.533395874847732, 0.5042152980750555, -1.898672259487086, -0.20099958550446811, -0.6909369303631471, 1.116231080464194, -1.9436432361004194, -1.4990432399524025, 1.3787257015545034, -1.4082259505329473, -0.07518427652618892, -1.7083423871947125, 0.8457494353885381, 0.6351731084734275, 1.0447784355094927, 1.8377366752782633, -0.6028712783213273, -2.819201529381683, -2.1902512674443786, 1.4507007510811392, 0.7638012059739455], [0.330261852796701, -1.5835837732581928, 0.684479621776336, -5.446373761806196, -0.41692210898329785, -1.1618872721562088, 0.2858807414582816, -0.6486486320242995, -0.287833318609683, 1.3962456895869328, 1.0618177672719158, -0.13640449835736704, 0.8041993322537611, 0.6943638966434684, 0.5298204833719619, 1.1754962193414489, -0.4797832151142347, 0.7434311092918552, 0.2884591467304328, 1.4937611383021563, 3.809237644232101, -1.425524612185842, -0.7401261636338151, 0.8727809725241408, 0.3760452542995158, -1.038812537219515, 0.8827385439015679, -0.2981637347675206, -0.8690104212373782, 3.05850991322041, -0.0887796947320083, -1.9410869016601726, -0.2736549980831812, -0.31384252171207205, 1.1187283708054716, -2.063954645024957, -1.7522059728238426, 0.8389977587350874, -1.396763565097557, -1.0173483526271028, -1.356490936302439, 0.7823263282703483, 0.19784776690212919, 0.8898355533242153, 2.2053272504265222, -0.679834975034701, -2.863018138946052, -2.5786339498539723, 1.5469373704471614, 0.5479041856834381]], "Lambda": [[0.6646420852737782, 0.5305853153530758, 0.5816207512774331, 0.19903917353725997, 0.34323902346161217, 0.46687955413163357, 0.3572603520247217, 0.517568390071476, 0.4204815371752353, 0.8071505739430516, 0.4078073083916137, 0.5737998426543723, 0.4026295483467908, 0.49385434219725766, 0.47126121487633543, 0.5937935140030209, 0.5260501981813112, 0.406822474999218, 0.3511101646651674, 0.4985040080353907, 0.6016132166389889, 0.5249710644340906, 0.29478047177900607, 0.6034581206019797, 0.5991887783297954, 0.7330257982566365, 0.5141402704703408, 0.40547283442261517, 0.6996725867672551, 0.4199795299979061, 0.5019694709227653, 0.6822170758764956, 0.7147327492753394, 0.7013627368236772, 0.7108929929472845, 0.931541691686658, 0.5171300076625734, 0.8457277408612812, 0.4656826236975623, 0.7007303826879351, 0.2689375815879437, 0.4949282204301061, 0.5817371093247266, 0.3302154510722533, 0.3712949942616237, 0.5180608943246231, 0.5360516630622731, 0.363241062815179, 0.6433738736404198, 0.43854519386892], [0.6969590660126886, 0.4796819859217022, 0.5274869819565419, 0.18208860408740846, 0.34608890096733647, 0.4878791674140917, 0.3425528939461955, 0.5547388454591045, 0.3951604573657166, 0.8142510541040998, 0.36973022818125845, 0.5580306471726841, 0.3892865531398118, 0.5245654046710972, 0.4938645183041365, 0.5233925687049203, 0.5042830504809571, 0.3777483618941338, 0.3321893401611107, 0.4612136358773901, 0.5142144136223883, 0.5321185575918482, 0.2855217000313155, 0.5678389511128266, 0.570442033099875, 0.6339958027468289, 0.5068839764296245, 0.4206619512773414, 0.7109103361902098, 0.4190111515346242, 0.43177382799973507, 0.6683414251116049, 0.7155757278883385, 0.719604677731591, 0.7230059765773427, 0.9313006343263659, 0.5053123450039427, 0.9200626046640807, 0.4870939912476078, 0.6373677267412203, 0.2417271616503104, 0.4706767680284591, 0.561095513894063, 0.32305276347646467, 0.3668549710402141, 0.5179240856359645, 0.5586869466027282, 0.347100773434215, 0.6334794820593204, 0.435894778395836], [0.3488308393495725, 0.39235142432290204, 0.46669082083024765, 1.0939214303718579, 0.46768564154373193, 0.44092470734039724, 0.7107640910648463, 0.8136825511557909, 0.43069756070360915, 0.47118583256453667, 0.3042011359642888, 0.5040698532454155, 0.47871231273800996, 0.35490005010993686, 0.6122427711449486, 0.6787518333372388, 0.7023912978620764, 0.46518914787723914, 0.49043699959764403, 0.336150844195664, 0.43441482877496695, 0.6554461756578132, 0.6513290899119274, 0.5327232286346543, 0.3329740311059338, 0.49059426776677345, 0.5645685306798476, 0.449358748719815, 0.3546302807871796, 0.6980393335922993, 0.6466171640952102, 0.5321212399493277, 0.45883333403145465, 0.4631047527463995, 0.4718661047257446, 0.4172197868383336, 0.24735572442916468, 0.2904329414391122, 0.6314812740992087, 0.487158850556883, 0.46845617695445096, 0.9204192983016767, 0.5578371960289767, 0.5461989570532096, 0.34080292745239815, 0.4094104356262309, 0.36570694527854264, 0.5832934126256115, 0.6168284605011645, 0.2732260154117207], [0.48701920854287045, 0.3872611680839566, 0.40976911118358417, 0.6534697690921516, 0.40489820052294984, 0.5283896278493561, 0.6390742492888432, 0.583569006634467, 0.4856330623920079, 0.43505832525552784, 0.33111113039347534, 0.45709538802001004, 0.599041881390349, 0.4203177658711227, 0.621359237207271, 0.4666780988017901, 0.9378127108304561, 0.5047596655068718, 0.5396724560325072, 0.5597474227178888, 0.5459993119126975, 0.3909042383373231, 0.5694670457497008, 0.7174808522695193, 0.23818501192127203, 0.4093380384719109, 0.6675135061560239, 0.2936805902539383, 0.46771913096859136, 0.38032345710942234, 0.5777833582420103, 0.4199192229924369, 0.5587739589289925, 0.5643482487606644, 0.5295188600652597, 0.4825343083798913, 0.39177055395099347, 0.2956067308048411, 0.45443409933703527, 0.5217256358090127, 0.5402427444310353, 0.7983362540543882, 0.48558662294643984, 0.5602226569981347, 0.5997952874801475, 0.5927947857263656, 0.5587694968838511, 0.36412117355961826, 0.5943842455886755, 0.29282609312195035], [0.43360147257640763, 0.6337438839201319, 0.4047882656373525, 0.5842014305642507, 0.5829747252945792, 0.3964550895939139, 0.4417136524690627, 0.43937059473817525, 0.4495203565891377, 0.36682648630628056, 0.2669460275790476, 0.3443793857434292, 0.4464967928000714, 0.28903296209589163, 0.5002320742453912, 0.28805967047379083, 0.41445808578987703, 0.4754332375988616, 0.32850360646731874, 0.7618317413667955, 0.5594062997651547, 0.30955238236991817, 0.4916142537530753, 0.44207656222736014, 0.500211704493467, 0.42861184068263336, 0.3271251414303926, 0.7933750264607327, 0.4133594768188929, 0.30339682055389317, 0.4328798881697507, 0.4872831449739418, 0.3333883475140241, 0.6315694625356845, 0.281233024633863, 0.3372034418613335, 0.7087773351762057, 0.7522382872343866, 0.4027240459362346, 0.5105963334461315, 0.6159809001968081, 0.5096521794409591, 0.5690111540491984, 0.3530419764534855, 0.8749864195670531, 0.37711878290402634, 0.273928181829236, 0.47785544530378843, 0.24356722804218317, 0.9429216979776629], [0.42452633266582457, 0.680218711807052, 0.5237258004895087, 0.45865061942192653, 0.5219698347658545, 0.4989868677247117, 0.5193860006772987, 0.5047473596816893, 0.6697425630411066, 0.23063808575452124, 0.288967366991074, 0.37104272644757713, 0.6032797951915396, 0.30317366793746026, 0.5723449263570394, 0.2506007517706251, 0.3164177965998342, 0.6392644544057359, 0.26033593062405436, 0.5925210432803244, 0.614041507880106, 0.3280882904185458, 0.38778540613779755, 0.39305730952566215, 0.5094564115069833, 0.5512504058665345, 0.3768426931614782, 0.579439601876996, 0.5169279929776618, 0.3367961283115423, 0.41383092657811493, 0.37387639436973535, 0.3833650112114951, 0.762721197804894, 0.28686752875128657, 0.2676665567592043, 0.5650854611397357, 0.6148957953726065, 0.46481657829782486, 0.6038093974468128, 0.9936188813831957, 0.5946826912888493, 0.5052746806682078, 0.26306518284511166, 0.7968396885302432, 0.5384188715427981, 0.2883364671606999, 0.41495346654600873, 0.19295893863050287, 0.6487195625909606], [0.4644089850914243, 0.46186559459333637, 0.32674123976901454, 0.14892161934468146, 0.45297374959599196, 0.5843515642439839, 0.6527556895283135, 0.3625642749020951, 0.28517657943795277, 0.345382160763114, 0.35436687410709694, 0.3091556993884709, 0.4308905069499181, 0.435692448191678, 0.4276835933694862, 0.3194094343122296, 0.4007168315470164, 0.5472956203561208, 0.3127043423318918, 0.4692867506525212, 0.3028258068553932, 0.5599514914172609, 0.37150408347695, 0.4737806533321437, 0.3787101532092868, 0.3333772939758574, 0.290320684248053, 0.28939546662302224, 0.6430967938996153, 0.5151827120726573, 0.4131518856350361, 0.5073029237463166, 0.4787259731515528, 0.3019084780147572, 0.7301762202212482, 0.46100408134673176, 0.38821054922507886, 0.33516971873506735, 0.49003568498176825, 0.2377060089949712, 0.20417481255980577, 0.5655857003284657, 0.3700110810160288, 0.3365977046532321, 0.32643137466078326, 0.4973870418127711, 0.4216758308453069, 0.3778441197363124, 0.33624146979891206, 0.3892419481349725], [0.4879540418717936, 0.456943723171621, 0.3510826349823597, 0.1543491672351802, 0.4671873199711594, 0.5655747629453407, 0.7210402108826142, 0.38639902509263896, 0.3060495928300923, 0.39127842384043204, 0.4333862848792424, 0.3404090753933752, 0.46700193806262363, 0.436558129850464, 0.44051106542438645, 0.34843836244688675, 0.4247652894506244, 0.5865788440370684, 0.3175024405792801, 0.5313599026483352, 0.32741431703382445, 0.5738539870449143, 0.3824510052384612, 0.4761692475617756, 0.41038707073878516, 0.36697278899447544, 0.28904211546499703, 0.2930310326936448, 0.6387606822515028, 0.5173068652416768, 0.4239548161725341, 0.5200985930443165, 0.459223227800019, 0.32479703729300047, 0.7234313915371097, 0.4884099425246676, 0.4067580408181337, 0.35975672763784927, 0.5374396328896057, 0.2706287853990287, 0.22029860705354018, 0.571333753075555, 0.38315662503180054, 0.3758205886161814, 0.33099716358880543, 0.4726135903344903, 0.43057599494964993, 0.4044797727837108, 0.36886732924022975, 0.3765213991681628]], "G": [[0.18105482414755916, 0.17246793066432406, 0.3510350914348068, 0.2954421537533095], [0.17677853128177343, 0.17990721435125206, 0.3486771921609887, 0.29463706220598485], [0.10102801415456168, 0.23714248376431685, 0.35915523959398227, 0.3026742624871387], [0.13754838053328025, 0.14737057279023577, 0.38680112836287833, 0.32827991831360565], [0.09834893886066665, 0.11886187166061515, 0.42439974942048886, 0.3583894400582303], [0.14760454847573182, 0.14333427261019568, 0.37545483035534716, 0.3336063485587254], [0.1420574455888816, 0.15901779171317887, 0.3730088725475468, 0.3259158901503925], [0.11660272998875196, 0.20552078476022048, 0.36763848040768327, 0.310238004843344], [0.2023117323008158, 0.1338222681369561, 0.35442863075768255, 0.3094373688045459], [0.12127845879125253, 0.09712686951583106, 0.4257511345559153, 0.355843537137001], [0.13041488568081958, 0.1364194987299822, 0.3925424684486426, 0.3406231471405553], [0.10012182494829122, 0.21793097865577402, 0.3739423828675939, 0.30800481352834125], [0.14290759663149588, 0.1499703658389542, 0.3841051677548197, 0.32301686977473065], [0.16657738813669565, 0.15587970520558844, 0.36166323663521166, 0.31587967002250494], [0.12497315297148054, 0.20455955161989375, 0.3645392092577785, 0.3059280861508469], [0.17004426405004083, 0.17832051491975173, 0.35263461000738083, 0.2990006110228265], [0.1458619552125642, 0.11135284468614914, 0.40461012736016316, 0.338175072741123], [0.13204233167160345, 0.1477082068181605, 0.3923335534857227, 0.327915908024514], [0.13481525732339386, 0.14782452391384532, 0.3830072424904967, 0.3343529762722644], [0.09194572666950836, 0.08071759243701405, 0.4413052205035049, 0.38603146038997205], [0.11210945311462941, 0.10719600310523054, 0.4241720730889921, 0.3565224706911483], [0.1131206662565395, 0.10765075407564229, 0.42283128576516726, 0.3563972939026506], [0.12965270277961347, 0.2039615698578161, 0.36160150427198146, 0.3047842230905888], [0.18226753188592085, 0.16814512121839012, 0.3494720659497395, 0.30011528094594975], [0.1426452822409335, 0.15471663341996103, 0.37606283975238647, 0.326575244586719], [0.1254670116086673, 0.16026647812928252, 0.3836841965390002, 0.3305823137230501], [0.0821530762319548, 0.110272262418924, 0.4348546157354627, 0.372720045613659], [0.23526338307064373, 0.1365889330212221, 0.3361095036832233, 0.292038180224911], [0.06482008125936813, 0.07403096485650261, 0.4648445224924842, 0.396304431391645], [0.09150522097578942, 0.12167379000807625, 0.4213656771092711, 0.36545531190686215], [0.17907175044952828, 0.09190093522020991, 0.38993143615894554, 0.3390958781713168], [0.18402288071602307, 0.18827502078156236, 0.3420983798502008, 0.28560371865221446], [0.12155542927893172, 0.129885927579108, 0.40081981579358555, 0.347738827348375], [0.11264862247452048, 0.10725633224778494, 0.4163478592526331, 0.36374718602506156], [0.16465519496542888, 0.09846144644658689, 0.3929996308745282, 0.34388372771345593], [0.162360880878887, 0.12711318503312546, 0.3809375522660181, 0.3295883818219696], [0.14488313434981065, 0.18083910246434068, 0.3599023254058078, 0.3143754377800407], [0.10352185369751793, 0.0984643820707367, 0.4269325995520489, 0.3710811646796967], [0.14940906467722495, 0.15973087954619558, 0.36821454994287733, 0.32264550583370233], [0.1398836838510464, 0.11434372655097397, 0.404439290544641, 0.3413332990533386], [0.18993952956131968, 0.11834045676471655, 0.3715592118136807, 0.32016080186028373], [0.10693659116059258, 0.11241626307858378, 0.4205243668313107, 0.3601227789295131], [0.11438458062034876, 0.12940367760387717, 0.40876697930697564, 0.347444762468799], [0.1437678267416948, 0.12367988193053746, 0.3995090026661743, 0.33304328866159383], [0.05935212974139402, 0.07587573780452452, 0.47140384731667223, 0.39336828513740885], [0.17358955777715482, 0.1376930207777921, 0.3750209436749635, 0.31369647777008974], [0.11660737230140196, 0.09255932121856823, 0.4306111066397219, 0.3602221998403076], [0.17491400185769077, 0.18325900843631654, 0.34745630088655605, 0.2943706888194369], [0.12247959174380882, 0.15086902116384118, 0.39957889851379974, 0.3270724885785504], [0.12657391004902815, 0.1536987259039269, 0.3894971671897042, 0.33023019685734056], [0.11630300025783617, 0.24331679216231705, 0.3506735287118947, 0.2897066788679523], [0.10577813619780572, 0.12519552647419302, 0.4155161452214627, 0.35351019210653856], [0.11183745601111127, 0.11065725610490995, 0.41600692251922095, 0.3614983653647588], [0.2293892779889417, 0.2179605195954122, 0.2964560204853057, 0.2561941819303402], [0.14891107001209664, 0.13586156629827192, 0.3856925845491975, 0.32953477914043333], [0.11613229921291478, 0.3398773306556578, 0.2951026160489231, 0.24888775408250408], [0.08523132247806069, 0.11821796052019817, 0.423780130012873, 0.37277058698886806], [0.10165446319090554, 0.12076918718416137, 0.4160638364072461, 0.36151251321768585], [0.29517278150430026, 0.13833386228601655, 0.30801764396878817, 0.2584757122408947], [0.08166695146624027, 0.1867127215553593, 0.39344656439585646, 0.33817376258254356], [0.11915192316947981, 0.1667172624746299, 0.38618731767317177, 0.32794349668271877], [0.13713140441783822, 0.18787542419524186, 0.36682988664166827, 0.30816328474525245], [0.2147744523596879, 0.20870654261435687, 0.31403171937345653, 0.2624872856524982], [0.14887717488585256, 0.1746456317063592, 0.363210667970143, 0.31326652543764594], [0.12506774241677274, 0.14499354942457526, 0.3957569741906063, 0.33418173396804574], [0.08571376392921255, 0.10134916707937099, 0.4323331038510145, 0.3806039651404025], [0.14539423923241213, 0.19414441856994144, 0.3579639020001321, 0.3024974401975149], [0.1527175275089982, 0.1559914507917314, 0.37295253043306476, 0.31833849126620584], [0.1457586348694234, 0.13654339003557997, 0.38452600926265984, 0.3331719658323362], [0.08795608411459975, 0.10521970376615492, 0.44399582338658783, 0.36282838873265655], [0.15458165968813625, 0.1264897733380097, 0.3860163572013738, 0.3329122097724803], [0.19135090061052287, 0.185057373471876, 0.33733036037612674, 0.286261365541474], [0.12786040889605982, 0.13121142907777322, 0.3966105468604469, 0.34431761516572024], [0.1776478171068765, 0.0998966253786595, 0.3949990949788521, 0.3274564625356126], [0.18040483140738156, 0.0941607476374045, 0.38797638762965825, 0.3374580333255559], [0.20596993915437126, 0.1279239623084662, 0.36118373999918607, 0.30492235853797606], [0.11320310496713716, 0.22493656651517283, 0.36140593556583284, 0.3004543929518568], [0.16121709858696995, 0.1268926186000323, 0.38559846060840597, 0.3262918222045922], [0.25155923474157654, 0.2333341791809602, 0.27760371898342656, 0.23750286709403645], [0.06993236952933822, 0.3295974838655339, 0.3290781352536587, 0.2713920113514688], [0.11279791829147995, 0.12261782426689531, 0.41312540954601595, 0.35145884789560883], [0.19958952895984208, 0.1662345278092642, 0.3388238888919919, 0.2953520543389029], [0.1512010828855097, 0.17127751015415682, 0.36689731052895386, 0.31062409643137856], [0.1198374445545162, 0.06037514249753782, 0.4345240867397532, 0.3852633262081913], [0.10378248335562536, 0.1186684459254475, 0.4190498798942952, 0.3584991908246315], [0.1025736366658235, 0.1542567558520595, 0.4036170982596358, 0.3395525092224815], [0.18614252619520902, 0.20425164264141046, 0.3260853719978151, 0.28352045916556573], [0.10397622668391418, 0.12879791680538433, 0.41339069565416253, 0.35383516085653915], [0.12201184735173456, 0.2744036237402012, 0.3329908251784749, 0.27059370372958924], [0.0905063262688228, 0.1288080554799376, 0.4211356947233775, 0.35954992352786236], [0.153700134812676, 0.15985839169640814, 0.3714405886161719, 0.31500088487474387], [0.08670949969259366, 0.25992216264936735, 0.35188866090608373, 0.3014796767519555], [0.12157108149283667, 0.1285528745561623, 0.40554096157334024, 0.34433508237766103], [0.07268557602886595, 0.0724499090194808, 0.4637836129860775, 0.391080901965576], [0.10917298562476996, 0.11678881531764838, 0.4225195233826624, 0.35151867567491857], [0.12201531921638731, 0.16249400456494612, 0.3850871127726104, 0.3304035634460555], [0.10157447447081867, 0.13406038137302795, 0.40289836760596276, 0.36146677655019105], [0.12339439645581297, 0.12503398773415117, 0.4025530067863373, 0.3490186090236985], [0.14220162070668735, 0.15451787662324099, 0.3799459389166109, 0.32333456375346076], [0.12160270559539664, 0.18579806430320076, 0.37751003842438197, 0.31508919167701976], [0.10687286315721126, 0.1461418909879303, 0.40071414965933405, 0.3462710961955232], [0.10729834420805823, 0.29579493875011614, 0.32083221325822453, 0.2760745037836006], [0.11623342288664243, 0.19876096502424875, 0.37293341855508133, 0.3120721935340274], [0.06980499562266787, 0.14893185838383838, 0.4207186991186727, 0.36054444687482196], [0.13654167578392834, 0.11125547827326442, 0.40380523407918734, 0.3483976118636194], [0.17134892643920324, 0.16461845837436248, 0.35900991523379666, 0.3050226999526378], [0.08079204636816495, 0.16619132965547642, 0.4101957833203606, 0.3428208406559979], [0.15393198309918335, 0.10104091613393022, 0.39789051907868933, 0.34713658168819755], [0.16427463849630422, 0.16112161233638808, 0.36301253044632004, 0.31159121872098783], [0.14168838051657973, 0.17124815746772282, 0.3736625770693532, 0.313400884946344], [0.15581576313556872, 0.1338686628781839, 0.38134627532100734, 0.32896929866524], [0.12237965482621076, 0.08411974751686727, 0.42664362484771234, 0.3668569728092097], [0.18044714749595125, 0.1815069705576445, 0.3428228411588939, 0.29522304078750977], [0.11528570113483023, 0.14185190969262929, 0.4037320139264535, 0.339130375246086], [0.19164017012385864, 0.19942742454464077, 0.3295998336079227, 0.2793325717235777], [0.09848909590984774, 0.15524514385145033, 0.4057929469097269, 0.3404728133289755], [0.14354110446308652, 0.15478187301701835, 0.37458967839624535, 0.32708734412364926], [0.07492124884517166, 0.07649603049826179, 0.46015189677196194, 0.38843082388460476], [0.19187661668804187, 0.2014326069479932, 0.3238436540360043, 0.2828471223279605], [0.09809683588366082, 0.13558197044928735, 0.4151931610939608, 0.3511280325730916], [0.26841228078438445, 0.18068822123849285, 0.29770808366227713, 0.25319141431484554], [0.2872965070833686, 0.21475053823721627, 0.2694328127056369, 0.22852014197377762], [0.08563469932327634, 0.1481068653736686, 0.4135809505494346, 0.3526774847536207], [0.14371716469329573, 0.15722721242363816, 0.3803607872457904, 0.3186948356372761], [0.16366923183284204, 0.18623028326990118, 0.350438747011158, 0.29966173788609995], [0.09492231229126334, 0.2080762433985702, 0.3788032166500707, 0.31819822766009576], [0.09516897141596047, 0.11144865663702883, 0.42834169953628287, 0.3650406724107277], [0.15699314637478695, 0.17125639751023697, 0.36526925769388574, 0.30648119842108984], [0.10841694698277715, 0.20841328004133136, 0.37323486315066534, 0.30993490982522576], [0.13208568275925503, 0.0958371559050527, 0.4182311007042491, 0.35384606063144397], [0.10634526239243734, 0.16841324245147782, 0.4001186634598855, 0.3251228316962001], [0.08373795930710827, 0.09492966574056623, 0.44369985634643333, 0.37763251860589303], [0.16044165699117904, 0.13873600937853678, 0.37611292077731084, 0.3247094128529733], [0.11235241259358354, 0.1221002352836456, 0.4140542905776322, 0.35149306154513893], [0.174931852909052, 0.19387497453608746, 0.3405592324911182, 0.2906339400637426], [0.07824386186342289, 0.11021416835983679, 0.44101486026175724, 0.3705271095149833], [0.15483086874061217, 0.09972842463733292, 0.4047124717568521, 0.3407282348652031], [0.11102088807425237, 0.20899347039553212, 0.3748338393296367, 0.30515180220057836], [0.18840521504166813, 0.06862347839799315, 0.3961415587170488, 0.34682974784328924], [0.10657774086770247, 0.12584652897157408, 0.4148317397990847, 0.3527439903616392], [0.07031472615550574, 0.24133059676879026, 0.37403767535103616, 0.31431700172466814], [0.14427938573139767, 0.16437317630946094, 0.36946639824348937, 0.32188103971565163], [0.13158013640982727, 0.14727538024267955, 0.3923367251620002, 0.328807758185493], [0.1537271616672659, 0.1060139578080821, 0.3994148389342643, 0.34084404159038845], [0.18767673783219188, 0.19142625075970612, 0.3369954903715975, 0.28390152103650373], [0.11924906759806414, 0.2298272217909086, 0.35198768563178356, 0.29893602497924415], [0.10856177428929685, 0.16953584889384163, 0.4005494830088895, 0.32135289380797166], [0.10202081293936609, 0.06402758498804244, 0.44544942434397383, 0.3885021777286176], [0.12698792579991391, 0.21253721141246962, 0.3565123206131884, 0.30396254217442836], [0.1380133114541273, 0.1467065217805593, 0.38520942022625576, 0.3300707465390574], [0.13818607957708084, 0.1403837583556945, 0.38941893273491135, 0.33201122933231353], [0.1048165694376847, 0.24739575619547954, 0.3538098913479939, 0.29397778301884214], [0.12656139784177367, 0.1415643884702266, 0.3945124160058316, 0.3373617976821691], [0.17668917598018596, 0.2107221017641258, 0.3317384932138064, 0.2808502290418822], [0.1647076780734601, 0.1663554335785173, 0.363417850404426, 0.3055190379435961], [0.1222064617370052, 0.12130105547024603, 0.4040406299070298, 0.35245185288571895], [0.14429517555677185, 0.1354038545318271, 0.39205744831364986, 0.32824352159775144], [0.17373615204999895, 0.1657875946597715, 0.35394040794911197, 0.30653584534111733], [0.08707021626222522, 0.10869653317434978, 0.4261347849463015, 0.37809846561712246], [0.1666212668875796, 0.1330067415774112, 0.38184381331501993, 0.3185281782199893], [0.1379200484515825, 0.13784301630738136, 0.39322676653729466, 0.3310101687037412], [0.15278572700894547, 0.19014165921081358, 0.3548817919317264, 0.30219082184851415], [0.050772452382832754, 0.2508192887484887, 0.38141369262076796, 0.3169945662479098], [0.10289807615953425, 0.12374652411207984, 0.4190341388860249, 0.35432126084236093], [0.07256274383549943, 0.09117363239536938, 0.45132747594819184, 0.38493614782094], [0.08538819233625632, 0.13213289313784435, 0.4192263829924055, 0.36325253153349474], [0.1547655458131198, 0.15153344599611052, 0.3750653869964036, 0.3186356211943662], [0.17558323437907739, 0.1883186414197126, 0.3460248062512416, 0.29007331794996777], [0.1700189335787626, 0.12448883828315907, 0.38345664598536716, 0.32203558215271116], [0.10123462884687692, 0.16575340064461258, 0.3992770482729757, 0.33373492223553364], [0.17327212223894736, 0.15995263952897304, 0.3543025586223022, 0.31247267960977765], [0.10870966176583562, 0.08059523878067416, 0.43430858949898327, 0.37638650995450634], [0.15867962959659512, 0.11836425389422933, 0.39215037163288585, 0.33080574487628894], [0.08638891007901686, 0.10640501091469855, 0.43827555170741234, 0.36893052729887194], [0.11303518089415357, 0.1187310230244734, 0.41316548618814186, 0.3550683098932313], [0.1966769872997625, 0.138971390641018, 0.3610290969123151, 0.30332252514690433], [0.11540310205293698, 0.17333862894663504, 0.384357803266252, 0.3269004657341764], [0.14486746174351614, 0.23523227292292373, 0.3377693602059252, 0.28213090512763483], [0.13926660705268762, 0.14669541619034415, 0.3871460933556572, 0.326891883401311], [0.10822916714451926, 0.12090484815225598, 0.41961034014837617, 0.35125564455484826], [0.15869225097689918, 0.1704763327758327, 0.3600738766093161, 0.31075753963795233], [0.1080449541938743, 0.14034861194740214, 0.40702971213674866, 0.34457672172197495], [0.22574125332390213, 0.10979788192171151, 0.357306143047075, 0.30715472170731173], [0.08565562333529177, 0.10124298988570063, 0.4389338214174802, 0.37416756536152673], [0.15715069524100575, 0.1694330574977595, 0.3634264212803061, 0.3099898259809279], [0.11234658095640007, 0.12329777195903885, 0.41071120362920377, 0.3536444434553569], [0.24055213401947606, 0.15881214338493901, 0.32332573422383093, 0.27730998837175413], [0.12297997890594485, 0.1330145202876521, 0.4020739041743805, 0.3419315966320222], [0.14225739049510802, 0.1443882192791113, 0.38182843229144847, 0.3315259579343323], [0.09312733521489948, 0.11622800726526847, 0.43008460930010195, 0.36056004821972987], [0.1896551610729539, 0.0987119087405801, 0.3829007326775683, 0.32873219750889787], [0.23135892257566837, 0.07654069831400705, 0.36741754114613057, 0.3246828379641936], [0.1932654742601922, 0.18397558582431678, 0.33806299016552444, 0.2846959497499663], [0.1552270912683458, 0.16398045691112043, 0.3653564274391044, 0.3154360243814287], [0.09309101183911536, 0.10316167908280402, 0.43606071569128824, 0.3676865933867916], [0.13169538251069005, 0.06560911084376893, 0.42745771090323387, 0.37523779574230764], [0.1297204043899154, 0.08855243902449138, 0.4128016252997426, 0.3689255312858505], [0.1271867817766015, 0.1320157388660631, 0.3949959789542448, 0.3458015004030909], [0.09749341826884664, 0.1933445511625755, 0.3850121630817477, 0.32414986748683033], [0.1431553876496013, 0.14968992029929729, 0.3915885948864398, 0.315566097164661], [0.14053616024423304, 0.16222564760979832, 0.3668066314737765, 0.3304315606721919], [0.07120579580463919, 0.07794179275711276, 0.4624538286628308, 0.38839858277541706], [0.13246153275865818, 0.12909571795870342, 0.3944134296297063, 0.3440293196529322], [0.1405742072261864, 0.08494772599817374, 0.41302273554841057, 0.3614553312272286], [0.10592121126558515, 0.12429266134237166, 0.412923805682479, 0.3568623217095639], [0.12846804308230766, 0.08591108868786544, 0.4229948614050286, 0.362626006824798], [0.12087883089563044, 0.1231697035285868, 0.40876844846685106, 0.3471830171089312], [0.12691898994900838, 0.1403868457611977, 0.3934287305374392, 0.33926543375235624], [0.08775808613336653, 0.1378566175245572, 0.4224926652200078, 0.3518926311220683], [0.2083885887700134, 0.21721939409008176, 0.3135494799060008, 0.2608425372339035], [0.1535651276231703, 0.1590475844819972, 0.37076332686269153, 0.31662396103214124], [0.1829396574293565, 0.09453493923897596, 0.38321990551107127, 0.33930549782059627], [0.15512444043643148, 0.1623584528112573, 0.3697913144798967, 0.31272579227241465], [0.09034829219552404, 0.08675526681613122, 0.44566934470611996, 0.37722709628222495], [0.09581321582189797, 0.10499991859692975, 0.43499203951301857, 0.36419482606815395], [0.15191843946978534, 0.1821362117286413, 0.36538857646727235, 0.30055677233430145], [0.16005735699314613, 0.2448603468707106, 0.32739544852145186, 0.26768684761469214], [0.13501745218066025, 0.14938309006110423, 0.38877996904855855, 0.3268194887096769], [0.11900633163532628, 0.14457630590090428, 0.398617951442537, 0.3377994110212325], [0.10373001508628808, 0.12117885499994153, 0.4169360538239535, 0.3581550760898174], [0.1867062078204582, 0.2106578059809451, 0.32274491238146946, 0.2798910738171267], [0.07213657250175341, 0.13151358891195106, 0.435699499469584, 0.3606503391167115], [0.1693803130177453, 0.1280227259152614, 0.37982915002229833, 0.32276781104469476], [0.20087982978721797, 0.13247374046224097, 0.3582168429649649, 0.3084295867855762], [0.10035730135836468, 0.10898060790987212, 0.4259002058102319, 0.3647618849215306], [0.08889028743131991, 0.19075854048066046, 0.387925168158146, 0.3324260039298736], [0.08758884224576173, 0.13721911519273677, 0.4230954174963899, 0.3520966250651106], [0.11723477932216687, 0.1318017474324165, 0.40472619477836114, 0.3462372784670559], [0.19545484330794996, 0.19745510636533356, 0.3276180190709055, 0.279472031255811], [0.18010867170238573, 0.14961733144995223, 0.3656032207746416, 0.3046707760730202], [0.2658763713261522, 0.11358519679289367, 0.3336006005873125, 0.2869378312936416], [0.14608778770548245, 0.13491156186838218, 0.3886721664229215, 0.33032848400321296], [0.1322438888894649, 0.15513999833759134, 0.37962495227252613, 0.3329911605004176], [0.16120468149129535, 0.08871187235747893, 0.3992756951268113, 0.3508077510244139], [0.19831949059445922, 0.0778848817276668, 0.38781873603597633, 0.33597689164189787], [0.12684839819327856, 0.17669649039376265, 0.3724940918224691, 0.3239610195904901], [0.19494588562931242, 0.10267877447076462, 0.3763912933405605, 0.32598404655936225], [0.07078514949478268, 0.08489121513749427, 0.4610007703405049, 0.38332286502721835], [0.11675850299494311, 0.14279825733090476, 0.39818247759678393, 0.3422607620773677], [0.07854546962196744, 0.11630780661651316, 0.4353274440019773, 0.36981927975954254], [0.14253713744861976, 0.15843304379716766, 0.3781726763921025, 0.3208571423621103], [0.0618337291382223, 0.09591338373983903, 0.45193850732582114, 0.39031437979611666], [0.1717279319288675, 0.13518303968215795, 0.37742348990458807, 0.3156655384843861], [0.11115382678644098, 0.27390483462886384, 0.33622424794300376, 0.2787170906416914], [0.11285988708831889, 0.14102717750792404, 0.40140016849057564, 0.3447127669131804], [0.1371589264567559, 0.13154930979034754, 0.3901446305199398, 0.34114713323295653], [0.1259773375805614, 0.20318842551195895, 0.3647456280087977, 0.3060886088986809], [0.12687850020781746, 0.12368075866981003, 0.40644905321038344, 0.34299168791198964], [0.07942375185043381, 0.08858222942484756, 0.44740675700120064, 0.38458726172351804], [0.12144264198428181, 0.07785749536050339, 0.4252625931812856, 0.3754372694739294], [0.18096657958074472, 0.2092775321024515, 0.3207284132919725, 0.28902747502483095], [0.11942577215439483, 0.16259589735768223, 0.3829944578562938, 0.33498387263162904], [0.10732737499948751, 0.10652047969594457, 0.4178086914377055, 0.36834345386686246], [0.11342744691462821, 0.1386702167019516, 0.4060038245529843, 0.34189851183043524], [0.1407154021513778, 0.16376013500925288, 0.37476545766462044, 0.3207590051747488], [0.18423805802972612, 0.1837686165245046, 0.3385166118749272, 0.2934767135708416], [0.17406842596218902, 0.1199449466398816, 0.37912667637802466, 0.32685995101990556], [0.13883678806389607, 0.14893114900095328, 0.38081779848488817, 0.33141426445026245], [0.12012795857655985, 0.16876890903115807, 0.38331001966637945, 0.3277931127259021], [0.12924801119131066, 0.179931864997264, 0.3729189452991555, 0.31790117851226973], [0.19770013632880576, 0.1846166363048628, 0.33228473224082017, 0.28539849512551096], [0.10472911510539856, 0.11692745727643335, 0.41376376725912234, 0.3645796603590466], [0.1565376899479109, 0.1843719909672174, 0.3555751066207773, 0.3035152124640945], [0.09268570854434569, 0.10237373463218981, 0.43177712234473126, 0.37316343447873346], [0.1612574475239162, 0.14456574309897868, 0.37714347615927657, 0.31703333321782873], [0.12483389570479728, 0.16803437145402939, 0.3836011597199695, 0.32353057312120304], [0.14698442094093778, 0.1234366707815158, 0.39297379850415554, 0.3366051097733911], [0.18862313157752775, 0.19119635824041514, 0.3379005902111622, 0.2822799199708948], [0.08650277639669728, 0.19403089915036834, 0.3887874056500819, 0.33067891880285294], [0.16040083074988434, 0.16837229910824608, 0.3727354115812237, 0.29849145856064646], [0.22048663740410232, 0.24472099258122446, 0.29144729234063765, 0.2433450776740355], [0.11956636861681837, 0.13600456188023624, 0.4002185603018094, 0.34421050920113583], [0.11395199600329667, 0.185795769037875, 0.3771164910475206, 0.32313574391130767], [0.12437197552597307, 0.1579128925781579, 0.381660042226255, 0.33605508966961445], [0.23411139211034035, 0.1550706327431468, 0.33032649029991723, 0.28049148484659553], [0.11217954418518261, 0.1134647794703579, 0.4171065936545077, 0.3572490826899524], [0.09405982354411112, 0.15222414774321089, 0.40859479898948825, 0.3451212297231902], [0.21350458210424136, 0.16701990292426755, 0.3409366225986524, 0.2785388923728386], [0.12362444938610326, 0.12530855956045678, 0.4029215965312399, 0.34814539452220045], [0.16707969305713602, 0.17835247126195047, 0.35222374373322624, 0.30234409194768663], [0.12173816542393982, 0.2042141304146307, 0.36