{"estimation": {"a": 1.7928795097315768, "rho": [0.15715117136450865, 0.14103244160211303, 0.5838180101828576, 0.11799837685051993], "Mu": [[-1.801180361836883, -0.25625424827408455, 0.9558981405965037, -0.5119014704059276, 1.3609544352687135, -0.8651884688234995, 0.4888145452773797, -2.9838523010112006, -2.4770181049858317, 1.5532368842470379, 0.7320267694629361, 2.2207449515967705, 1.1145224490783296, -4.454570715323262, 2.037589384089543, 0.7677635940207188, 2.3457759912082787, -0.737169809313954, 1.3733142560749234, -0.7912346999307368, -2.1574682446352362, -5.320303120098919, 3.072100114196469, -4.510179450751926, 2.0635797097480615, 2.5480876424036563, 1.0996843740019728, 0.7355345235620714, -0.6806431059029344, 1.5950090765861098, 6.556487058384168, 0.7880769001120578, 3.1735650291075594, -0.5731912232142982, -3.138626170113986, 0.07723348424128595, 0.32483156006870767, 0.7354662365301243, -0.7480888195781632, -0.3833937769351562, -0.3684737140580711, -1.0639128133772244, -1.7185714475514036, -2.544180737059718, -4.841493277802331, -1.0885300155376758, -0.6981528807929908, 3.0295630553368342, -2.2741465265101852, -2.102083677234328], [-0.1255796790566456, -3.0429616602324128, 2.801519460687133, -2.778667043496532, -0.19390295203642635, -2.450784340339291, -3.0172715544143753, -2.791823562938563, -1.1159867568296018, 2.345418770046585, -7.174659439474613, -0.8059932486684555, -0.09038488276953673, -3.1905246645588967, 0.8410201847173187, 1.0502081648635606, 1.5420549735366729, 1.8416581349786763, -0.8775643137044424, 0.18907320671793437, -2.2052766185730404, -0.6012496385985312, -0.7319328700995812, 0.2337207982604476, 1.1270516838347406, 2.297423887907052, 2.7324808129864597, 3.579231709295937, -1.1030597116680851, -1.3633903428971088, 2.620381356653705, -1.576272279060104, -3.171394375160002, 2.186948724084405, -0.7301748109477544, -1.0596940901422065, -2.1393586368447224, -0.3490798876965771, 1.5303069410040966, -0.7270171281090507, 1.5208425250198778, -3.003282606578115, -1.908742004646842, -2.158927482357876, -1.394167575182192, -4.803939167039062, -3.48347676686526, 3.8111176757721488, -0.04892585410479828, -0.11157204596058806], [-0.534380787528761, -2.53905081792918, 0.2639875584496537, 1.708437841166782, 0.4009761319964167, 1.9113894029861, 0.04421870246799493, 1.2661317197925301, 0.5205868611952077, 1.6473153969530627, 1.7810952603128394, -1.0318605034273671, -0.7936079429265989, 0.5672306430937175, -2.1543260382492297, -6.949592344842967, 0.2429885686325325, -1.7883903931906155, 1.4055490469288148, -3.908978950554883, -2.007315198629408, -1.4730678088336056, -2.8367609709060897, -0.6149204621868499, 3.5005198262531154, 0.9445533533197097, -1.568822021105785, 1.0506665864194316, -4.635833935142039, 3.4334769176919946, 3.632414949173757, -1.593604183891042, 1.1527126046315528, -3.6614210223577888, 0.03678575306970294, -1.0012559776825982, -1.637114250249324, -5.380946204143624, -1.379560916031369, -0.34010471113491736, -1.400694798591414, -3.033686861723412, -0.6234436579414266, -1.2233235409383958, 1.9098687270650958, -2.327907173189169, 0.5728140405409984, 2.411146610637388, -2.832650470207233, -0.31923931130591426], [-0.8188342016052661, -2.0006523783899763, -1.2438885295710422, 1.4601790566079245, 3.18448243463557, 3.17940306695594, 1.7347570413531275, 0.5410640663652102, -2.74269300194151, 0.7545376456101723, 1.6405584071144053, -0.40367206675089695, -0.04993464592404779, 0.36197084549951014, -2.0948279364720976, -6.002286378334073, -1.0781632912430161, -0.2554228159032708, 2.235512330573607, -2.3846131030035, -1.2582775898752856, -2.1995425641925097, -4.917822753864963, -2.132760167431508, 2.984678930561439, 2.922957390242824, -2.5219478978269225, -1.0149369806174355, -1.9569713542802003, 6.925109244960914, 4.710964655982578, -0.3541794688303599, 4.144126586868309, -3.464963747361166, -3.795008110449438, -0.7804661562082507, -0.0736644316305558, -1.7664722002015454, -2.9403112129758298, -2.581604799823391, -0.24525124147963162, -0.6557260771154395, 0.36399058355658087, -3.480914719329565, -6.007791323772812, 2.1697674954657784, -0.9093230543208808, 2.5393387306062256, -3.2092672374075293, -2.266574488863787], [-3.5795515492372965, -1.3845034286634132, 2.489556340854398, 2.288526043912554, -6.063192100931637, 15.536889390489709, 0.6934905262839821, -11.617293604285209, -1.2368861445781882, 3.16232220844551, 1.9851531215517746, -2.9324084504738, -2.1940756412967226, -4.352936247944055, 2.0952455875209837, 0.627654569939834, -8.263900784060887, 3.207973166080718, -1.3513079620925552, -0.7448075591928861, 0.05132107207324615, 5.536146549765216, -6.848000389564833, -8.365749667298468, 3.293020365770501, 19.33832846126767, 3.600096905397731, 2.8888636512541876, 3.2363667060429013, 1.8337456893027062, -0.7575539812562222, 1.6436212417436846, 4.035956766031371, -0.9462627903105469, -8.428080454775154, 1.419376094558241, 0.2617289009881102, 0.4925826964775005, 0.6687978599293566, -3.306494022388994, 1.8388978616097544, 0.6037154504242371, 1.5647503696165441, 9.424367265268014, -1.5433983302644814, -0.943791514544893, -1.9669549883809374, 2.0220841454658935, 0.18769203199784568, 2.995124530540052], [-0.24667624973762065, -0.8408770491925549, -0.9654676956632163, -3.948424831143189, -2.9688830550256355, 3.614688827677827, -1.1580980665430143, -2.25140407209373, -6.891046276657555, 1.0256137576735165, 1.2888717812682204, -0.0975081021958169, -0.22573133354896407, -0.46508185253051565, 2.1968803691715837, -1.615514744776589, 0.02362367377283905, -0.5095453449885685, 3.0007593675413973, -1.1465075979212087, -0.5883672802645251, 0.03389876015950302, -1.2165421655506568, -4.303524523585675, 4.2045871333659255, 2.1253761235485014, 2.9178484354290783, -0.443072081026083, -0.6113177067144835, 0.6598282577253797, 5.637605666389205, -1.582887352611063, 0.8474459048813572, -0.42890189385708943, -3.801983540625875, 0.10228603884486484, 6.948812690808546, 2.1251738501814876, -4.892079569640829, 1.2595403414084148, 0.5573602140925423, -0.23394338723342142, 2.7585163867944438, -2.98204684754239, -0.4757318260035575, 4.2533718292858955, 1.2045101552925352, -0.8315725666335552, -1.9863953656789868, 2.960720548851816], [-1.043150057807962, -1.9989491438250842, -0.16973220268507658, -1.4088302855196826, 1.0765049829098436, 0.8187469377265161, -0.7228080766546707, -3.221907798013299, -2.280543136791691, 3.5058477446009118, -0.21754268269416144, 2.2128770603796086, 2.659030739310053, 1.2060712829501776, 2.7074917194916743, -1.5837968016637627, 2.881838050096069, -0.7455294926716347, 0.6564955127725715, -2.350537813777737, 1.1244403673326706, -7.622429482332502, -2.2548704742827606, -1.2814839428591827, 2.3226371795402603, 1.8548989027261913, 4.604600899462596, 1.0978228183599008, -1.0702581626066743, 2.1765823824257824, 0.9318195831446056, -0.8785702882880361, 1.8091671568335923, -1.6822713520228214, -0.48828758461411575, -0.028208659612990114, -3.757112836417485, -0.8926144845424322, -6.606812677771783, 0.3788335255797054, 2.3189825037636016, -1.1193462695472718, -0.8197112528648242, -0.6351526115214339, -0.9855355072757241, 1.9663525366234929, 0.460189369181317, 1.767037197069853, 1.975534792467473, -0.2001884047337569], [0.8052303559477263, -1.0388960792500843, 0.37152358145664405, -2.1075245460448913, -0.5239785928202879, 1.5822413584090382, 1.9654482974106295, -9.398729724207463, 0.7958782404276912, -4.642669530232702, 0.6570952327757783, 2.5996830369212427, -4.524642276545107, -1.6119261750388765, 1.4499518036429704, -0.7283379940654298, 3.529290763773987, -8.649693572309054, 0.3774842106844386, 1.8232592096332538, 0.7559561240649304, -0.1304172638574228, 0.16882097939040433, 0.6978694176323132, -4.671543180261374, -4.029017665691058, -6.668475898218365, -2.564415804861279, 2.670155187188052, -2.1569035437149036, -2.31341270843023, -2.6262410626396395, -3.8109415425688526, -2.74337926938711, -5.603446892357298, -2.3859374811131673, 2.0098875579680344, 2.184495635646066, 0.6659109949805728, -0.4121633916524103, -0.4899145049626036, -2.480033502769949, 1.6654351885766037, 3.279591918847953, -2.04663240945334, -0.6753052111668022, -4.681896267716112, -2.8382707898650055, -0.11933078668572628, 0.8135347525587833], [-0.5577357693659594, 0.7886316120031511, 1.6532561398280488, -0.5418975168523417, 2.080284653064561, -2.411924439354286, 3.5925476878656206, 2.1116115094990224, -2.3322936436175095, -0.14789182047885902, 0.19476738307491967, 1.2803977654366645, 2.35455782334986, 0.520300006190839, -0.034596640612654384, 0.14047121077183952, 2.3069584100529417, -1.0982496938367186, 1.0463321812273008, -0.671161594120362, -0.43935670188604997, 1.9891147425076805, -0.26732112902597294, -5.2448901723456025, -2.666500692209525, 5.59667804571729, 2.703778437762274, -1.6943881623971435, -0.15380976046531583, -4.99597436702869, 7.774417986484926, 0.4003660534872207, 2.3335937732895826, -1.8763464728063268, -4.067065642476816, 3.849388185165083, 0.48066087833716087, -3.0148303625128463, -7.416726250310494, 0.1375121036520574, 1.2176590821458078, 0.13277467882188088, 3.7323710477894787, -0.22418583054802974, -4.145854551247603, 4.9881790764355, -5.235537536932201, 1.83843423084453, -0.10469755179806027, 2.4147255866890043], [0.24791895010501735, 5.310697638200083, 3.438012057304908, 1.0054882587479543, -1.258921722609205, -3.6403064868682495, 1.4781735372442693, 0.6733434696139828, 1.0065769913500173, -0.01190090001888943, -2.0256794028048626, 3.550513008273403, -0.30233393031258876, -0.8988740365793346, -1.4169752206361232, 0.030515542951864063, 1.3204144331482592, 2.464615743528859, 0.17555169302034504, -3.0276684802682743, -0.9420843680594603, 2.9382776462475335, 1.9277143366561682, -0.94364477657805, -3.94001150161614, 6.059044139646223, 2.81025396259918, 0.0018823714645575676, 0.3936280012571751, -4.721831378869614, -0.08752764925428042, -0.2919997403693739, -1.2924747989535021, -2.368382108060196, -2.4347050549700717, 5.605976892806169, -0.4601624352075955, -4.378052047693453, -4.585018520214889, -0.8920523445504946, 3.9957516639758666, -1.6686206518833737, 2.8369098237274897, 0.9862177218186189, 3.289291466174923, 1.110540210124436, -4.104706561427897, 1.232897721239455, 0.8373066570636785, 3.263902363881838], [1.3892553577833975, 0.42149611309526097, 0.7661847145920767, -1.9510645255826313, 0.9575593313298667, -0.032188697106353595, 0.20740630623692058, -0.09906482836069706, -2.765210654746692, 2.479123950882721, 0.13389584477722594, 1.1440075133023122, -0.38105133456829826, -4.130646947615318, -0.6929561392822347, -5.75923099123402, 1.7629464318917183, -0.5722000023569707, 1.194493522259157, 0.3332913883083918, 0.16858854525645348, -1.0889091997163387, 0.7144099511486843, 3.9984131223083677, 1.7461322371288013, 7.5604284985436685, 2.354022296553887, -0.9019328647882882, -0.44897222004056353, 8.439810065845881, 5.265467971413081, 1.8781640177995067, 5.4134864335407435, -2.4164651852646126, -1.936284539055291, 2.7499932962124305, -1.0395972049030995, 1.484061727958382, -6.096846826985027, -2.1996081745411504, -0.9272024670419708, 0.7307172129650785, 0.382526943551521, -1.886296075808718, -4.456133908027305, 2.914636885750817, 3.598769072359654, 0.6680732283848986, -3.8947634784438447, 0.9260593535208024], [1.9190087135971754, 1.2760659155981366, 1.249703148699314, -2.0673954298126094, -2.3469226874188185, 4.158267123991504, -1.0316445031004844, 1.1505273736213708, -1.623409381162478, 4.508936829597842, -2.146756691270836, 2.5910360910639523, -1.3749569512247375, -2.322107070145661, -16.005955750149628, -6.111639328296393, 1.7890392191377844, 0.8899604307668293, -2.665135673682251, -4.2176291111043955, 4.388261587715383, -1.3832499438475614, 2.017875074013088, 4.930826150959958, 1.560593563404926, 6.39783867181556, -4.5454598070488, 0.4342791377211595, -0.381379771169671, 5.828239083338301, -0.436808243582569, -0.5724891317938883, 1.480889319665856, -3.99076644138107, -0.6061243698990503, 1.3895524082177613, -6.752562179779701, 1.2435062638062697, 0.07828344769480974, -2.973143570164093, -0.007884990220462604, -2.715933866115543, -0.049594529584404516, -0.3118796645819644, 0.2655532386578585, 0.5032462932955954, 2.068350881263558, -3.485044682971956, -4.162614813486267, 1.2899525934189304], [-0.7473121659956378, -1.1949437537414065, -1.1300634974695531, 2.2329085863975413, -0.8942648534797416, -0.6367541028492387, -0.19516309553374878, 2.4950772441222644, 2.9858209194645156, -1.839256320773949, 1.578999030995133, 0.06498209455126526, 0.5154337275677897, -1.2457628906609308, -0.6881712778585815, -0.43115537394657555, -1.0421958713200772, 0.5327488158476394, -0.9403266228464018, -0.712970797701306, -1.3990212940936895, 1.0013243036341812, 2.028880625168367, -2.356887130816032, 0.6559271851280677, -3.052246304722127, -0.3201217655682155, 2.057025427325844, 0.36162415626369926, -0.0046260753734051405, -0.526502636472732, 0.143227507110574, -0.28892319325763716, 0.5493218487736516, -0.7961350301384152, 0.33408641834193537, 0.19102267328445408, 0.09173123608236862, 0.1549053921267995, -1.0956054005744191, 1.2524293593048268, -0.1252751196964869, -3.777537059798212, -1.5895645463920987, 0.15612542665539172, 0.004973654225270788, -3.150629337504922, 0.3469153916999732, 2.821961306380055, -3.577335760435013], [-0.04434321725619052, 0.9853363618896831, -0.6913376553952058, 1.3009253493059092, 2.2312870681083696, -1.8887902400111252, 3.0200378297442048, 1.5707355365897562, -2.2019048812978026, -2.650151741181699, 3.474775648970361, 0.6997231678545011, 1.4310706148907442, -3.029872348870342, 2.560958428306713, -1.7220505872302154, -1.5536938328925407, 1.6948683817400392, -0.341355632279933, 1.5590592344826835, -0.00621779841626608, -0.4404358189438581, -0.5704078606819504, -6.883868816288982, -0.7774798681033417, -4.863095513785696, -0.38256148419045294, 3.7262161320573233, 0.3492566735436231, 3.203346867262564, 6.482015025548839, 2.9602115813776377, 4.825023466666944, -0.5598908188180449, -1.1594981239017363, 5.849925670255187, 0.3118800560360924, -0.42894410207803, -1.312025835918809, 1.0172488921795568, 0.9326546311602903, 3.3833883568452947, 0.8008449325353749, -6.932528160291165, -8.544486552602725, 4.02978265357365, -0.9131597354081479, 1.8393777510297586, 1.5395669555541631, -5.712998505481966]], "Lambda": [[0.5895686205139652, 0.9309421257001356, 0.5403219781627769, 0.3707344625567376, 0.6160575546876227, 0.43615029262323274, 0.48214798188803687, 0.3894441849797769, 0.7221768914392523, 0.520375600584492, 0.6006540927070766, 0.6046275855264686, 0.4446028373103007, 0.4194077475553851, 0.6808582472820481, 0.8392719760095089, 0.8836037388734489, 0.4607264725134333, 0.9152294801250256, 0.5486740598014987, 0.7127399369998187, 0.307815244739856, 0.3302203213798978, 0.2525297035628944, 0.3448397901364889, 0.2596378882086994, 0.48746410068703444, 0.49559958950620964, 0.633695801282386, 0.24287970271400205, 0.3347581923668797, 0.47645033894867417, 0.37156486376007153, 0.5994113335160591, 0.6387184398006065, 0.7088801961738891, 0.4794113236014999, 0.3944515623546081, 0.43755515007887336, 0.5393768532127082, 0.7937165476063214, 0.40340273285333483, 0.6629157697573601, 0.6555112608563611, 0.4248049315794532, 0.33127627760045186, 0.5860693004147897, 0.4226919243467386, 0.2875531518630693, 0.3875253019900955], [0.491582326464989, 0.8338281171651777, 0.8120460693969817, 0.32608297258685964, 0.563463687137448, 0.41376998265434717, 0.7332074147744105, 0.4682461293405715, 0.7819997025431181, 0.43605890295970073, 0.42363071589556, 0.46725167339761725, 0.4801674346323298, 0.6437446421070604, 0.7659212308697682, 0.6343401999531777, 1.1341464880740877, 0.4542911208042574, 0.914573902907022, 0.40639393737784196, 0.3903544928740927, 0.08844914338074739, 0.14107624595818521, 0.7118534795805096, 0.662920804663658, 0.35674268199032677, 0.622715567441711, 0.7653684565002042, 0.3187337400645344, 0.40828610030728024, 0.48838817827834385, 0.5756430064352877, 0.2306555221967312, 0.2873465602824789, 0.7343840366437225, 0.952093136222149, 0.4676506992913221, 0.31010253373434976, 0.4921721812626228, 0.590131030740053, 0.7484909032351943, 0.3504297228857605, 0.36100888923172497, 0.4420976608295053, 0.44240687546594676, 0.22461317048288013, 0.33558529276943905, 0.39687458573997025, 0.2555491030420631, 0.5221509373069934], [0.4879075824517875, 0.4498748476810094, 0.6101480408588267, 0.6954989447487152, 0.6762029942099914, 0.4520644684310839, 0.379075828298265, 0.5391670132419528, 0.5287545171809342, 0.7790944092527597, 0.8149651109728868, 0.8592654352260817, 0.937524973834356, 0.8402862773983211, 0.6208169439322051, 0.29290826519695395, 0.2339236752632181, 0.7602513514130431, 0.43080689610656236, 0.43581317108386447, 0.6582414070758746, 0.5109940064223369, 0.3354535001340545, 0.3478405549999909, 0.6137000685022279, 0.8093891476757009, 0.48867175040799055, 0.5205684327696575, 0.3066214481702412, 0.34669316979867976, 0.33959411483492113, 0.4516571869822111, 0.2330654747994284, 0.6589009053414806, 0.17092152330630875, 0.24777502459334652, 0.6152966720544519, 0.3543242848538243, 0.8425031913104952, 0.18814172333784718, 0.5819966323655845, 0.2908336409535672, 0.6951579736383283, 0.3337296782625775, 0.6489618188739448, 0.3227417943030705, 0.41096494730373767, 0.36172062732904714, 0.32800173548033557, 0.7401699937904983], [0.39965780042487203, 0.7314993315019352, 0.6826654704277753, 0.6210102896453785, 0.5296238951165431, 0.36345779425834907, 0.20772859726188006, 0.4867102858750732, 0.5357792480207588, 0.6769163938888701, 0.7177259710791077, 0.6747294717359857, 0.5487356087209895, 0.9534665398618849, 0.5806318237683329, 0.3573356407363021, 0.28440884136787337, 0.6856717435211271, 0.49030188342385056, 0.5449703793895138, 0.9065484370759967, 0.6535623499326371, 0.5294600610399564, 0.2827144501659309, 0.5878950049008062, 0.6473089565691497, 0.36390230883500896, 0.642061078925112, 0.2525007141524894, 0.30910542832117516, 0.4142115136235113, 0.2972303906102074, 0.3738833569183973, 0.628262387506864, 0.106013924723564, 0.34996607792360784, 0.5055925616964297, 0.37653872564061164, 0.9516715078628325, 0.24703327800391867, 0.7385114370427859, 0.2231119844683597, 0.6581101139710434, 0.3101444855741175, 0.6196991284346509, 0.3332452227486692, 0.6158149245144712, 0.46784696322589076, 0.5540436919421066, 0.5489164216935428], [0.4820776971199554, 1.004239594939917, 0.38355390684368945, 0.5661662538402079, 0.34903413106546805, 0.24697343267580807, 0.4420631568284477, 0.2709784000541086, 0.4177524265654643, 0.5869558990385184, 0.7259672746393999, 0.7575151410627301, 0.3571118891934272, 0.22408468815461532, 0.48067817648054034, 0.2119407289701446, 0.12023257764559314, 0.4563126283934644, 0.520269138649491, 0.5218710171961914, 0.7001552937804015, 0.14425940296272538, 0.7824558218407301, 0.3894364714979039, 0.7703628142609559, 0.010308044251260329, 0.9293991307749956, 0.6191681975453552, 0.5131748554158819, 0.7585452216140154, 0.4076261845418495, 0.7685124190913122, 0.16087754683056285, 0.5360551475158389, 0.13285824814663807, 0.43477135391944666, 0.2210169215099552, 0.9165382855269765, 0.389229649152802, 0.578302032115537, 0.3289081006740854, 0.8890974508277966, 0.317296234540427, 0.1434793190614638, 1.4501430093671217, 1.625806248393688, 0.8734103344849453, 0.4519902500235206, 0.35656409887915397, 0.5976746986804664], [0.8363362570943711, 0.7954603310213961, 0.682512616652536, 0.49009826178138133, 0.5167592387427127, 0.5035243913437814, 0.43168462710786654, 0.22991595403700937, 0.476091533059235, 0.6801609773543795, 0.5860028050574145, 0.3297133347996657, 0.3660482637901245, 0.38148927642173813, 0.9015907947591981, 0.6172457255320046, 0.4064377098406169, 0.6278720144396485, 0.4401665317007107, 0.7547386921951527, 0.7180376452524149, 0.5322535180974676, 0.7764179773351728, 0.3976429483055456, 0.27455276552950936, 0.33966216399382254, 0.3664699793420095, 0.9337404449714741, 0.7155984252568323, 0.34707965480892805, 0.48440172931011705, 0.15802887292137247, 0.4806336336707908, 0.5082352522647455, 0.26127800171727167, 0.4545103045508856, 0.19824111241846085, 0.3987118679532399, 0.2826002495872024, 0.6104685419584908, 0.4062780173676214, 0.5839723990368239, 0.5758568786014112, 0.3437747314989298, 0.16050149305893371, 0.482277071879475, 1.061239701304139, 0.5038575368685632, 0.618298703958283, 0.3766965811121254], [0.4303661177033342, 1.0311696161616066, 0.6525928608810695, 0.4935017656276565, 0.6290072830351922, 0.5836220519764685, 0.1978882917622706, 0.5602925111896288, 0.34512012366272105, 0.19431720482157683, 0.7265517004120955, 0.5847101040805126, 0.3124100760604804, 0.43274725152439847, 0.8518181530207865, 0.43981487572054373, 0.26879230845584595, 0.49668679318138237, 0.7641225954435541, 0.5045361637364699, 1.0090027722130184, 0.26826239255854556, 0.40194613810320257, 0.1739967335234967, 0.3174146095605173, 0.3790758433231647, 0.20158906270100166, 1.0497475889956156, 1.037596203048586, 0.4489966827061303, 0.23881264756170556, 0.20817841729193012, 0.6857771276840651, 0.8920733070069058, 0.37649556647520593, 0.8351642315696757, 0.3455053555905304, 0.6441442357333812, 0.3021928096577645, 0.6171352768191319, 0.5020947444910117, 0.4847921824323421, 0.9469638770586284, 0.4503101916671765, 0.09521370662592663, 0.4904503324442466, 0.7430423289542235, 0.29313705561947445, 0.34246085739470017, 0.5710034303154715], [0.27828455013138376, 0.9991124426462465, 0.3110420521135991, 0.8983143804846425, 0.05123768016301466, 0.43013972223576447, 0.6027834892398433, 0.16323269569277266, 0.19767928076742822, 0.7617661613329378, 0.8028746834220878, 0.39609697776118596, 0.4468435713373143, 0.42970474021371396, 0.8396336515247117, 0.3830879344225794, 0.6215812318167395, 0.18194615111064635, 0.5723867171681943, 0.5100777370795478, 0.6611974046461724, 0.32661383990155995, 0.22368301104290966, 0.9760654821068624, 0.3915799303519255, 0.5259050677584404, 0.2443206532211833, 0.314893946593898, 0.32966422155708497, 0.8431661170154227, 0.718333876757268, 1.2475488892090945, 0.2548823265760719, 0.5303680865993229, 0.03709725476463085, 0.7361265832798329, 0.11005001728449956, 1.2441008410222134, 0.5347578208529044, 0.8847931237800657, 0.47200598246465086, 0.23074151245003827, 0.4981225844277971, 0.749141236384954, 1.1084838689497125, 0.6785272846257404, 0.24428943179627088, 0.6438683352403125, 0.5489722977082384, 0.9836351280099738], [0.3282996335796778, 0.7873884828572364, 0.45539214139161444, 0.5905469013556354, 0.3718020398769683, 0.5325688281275981, 0.2505560713260046, 0.2804419506762381, 0.4371206550566354, 0.6825884217434305, 0.6487848298133252, 0.6726299621782771, 0.18477436790962543, 0.4852453306529103, 0.3554677017259213, 0.46639133429363977, 0.6898169655369963, 0.29906553868216346, 0.7679679682346873, 1.0147494190999538, 0.793425292753958, 0.39815704288084675, 0.4221522001713121, 0.19229307248946578, 0.23342090716194672, 0.18205594481485493, 0.6145444167655307, 0.5931441122579311, 0.4267490893775077, 0.16635694700977743, 0.3735418717310243, 0.4026988574798064, 0.43485807750621586, 1.061264428658468, 0.28311243696803484, 0.5617463281251452, 0.663107314278446, 0.5138288017906922, 0.20487170664448023, 0.5095677165243333, 0.6715823312092095, 0.48539459857169004, 0.653216245798117, 0.39676932140679283, 0.1882770244878861, 0.532382556160399, 0.8241273327996873, 0.3439409370020704, 0.4452692000878934, 0.3717815423107263], [0.312269261897913, 0.5212732367606533, 0.709987695598326, 0.8866289025451078, 0.5845651870000568, 0.887442298448348, 0.2947683103227766, 0.2265722818746094, 0.8438467535426992, 0.875657618798292, 0.3529616425623025, 0.497724582353824, 0.46828828932182853, 0.17982315299092286, 0.21338698884577256, 0.2854273454495361, 1.146245603126466, 0.11692400740838516, 1.0028284635338187, 0.6808663095015375, 1.0914245923806554, 0.3526556112716185, 0.41835951467144994, 0.5619168073259775, 0.4386794096224197, 0.5463126962940258, 0.6664560961269733, 0.4523419448787911, 0.2602261004412677, 0.19353368876135685, 0.48596045221290746, 0.4503368839668783, 0.41909044061226125, 0.7867715154576953, 0.6485358567438263, 0.531591751891423, 0.5861315567573221, 0.647901888269969, 0.5878965562119904, 0.4295137218449806, 0.40667847928142675, 0.42665548008216014, 0.3087222950565392, 0.21291910724588736, 0.39343918937180167, 0.558973522795974, 0.29322217099904774, 0.4609482316768039, 0.4110813734183741, 0.5470785394176633], [0.4973229906665308, 0.7685101954909601, 0.617696194548348, 1.1800541152012425, 0.4422351341594051, 0.31230555292657963, 0.7087099149965839, 0.5487153296097449, 0.6167282808611334, 0.5088512561829855, 0.5039385252766929, 0.6187608776095089, 0.7250123051620574, 0.44091045296047837, 0.33203288846511725, 0.37856053916011134, 0.80517733693321, 0.3946818707307393, 0.6950666883624221, 0.781724721756357, 0.5910539916370676, 0.6517504326445801, 0.6979224007302545, 0.042027739704154084, 0.6516756060487998, 0.1601445535849383, 0.27933441562015837, 0.9984437620399587, 0.5085214148451891, 0.18847791865564137, 0.3592031670619495, 0.37349906369049396, 0.27809629710025513, 0.5977701990158859, 0.432165289183188, 0.4468345859287578, 0.5807898456940339, 0.8472193930321397, 0.682175480976452, 0.38201064287254244, 0.8766006896648014, 0.2989304951062718, 0.7323157541132486, 0.3990165426578349, 0.36609223595161056, 0.6136286790677274, 0.8361512294336773, 0.5886970905567782, 0.6578669866388082, 0.1924926434924434], [0.48905392026876476, 0.415293604930023, 0.6788423986590411, 0.9500305666657326, 0.5838344308208625, 0.18665031471971344, 0.6443827216331696, 0.830520827288574, 0.5262340973123981, 0.7157397995603032, 0.46813239446304783, 0.5098871214104109, 0.6459282991240018, 0.4651168443284654, 0.1604833442805879, 0.24232818711755785, 0.5654645430483264, 0.2611284159015654, 0.2184276328563515, 0.38585797025492546, 0.3852036774733324, 0.6777806580294813, 0.41096115751320555, 0.1382483733241347, 0.5678308296588738, 0.16899949472947287, 0.41149511855423765, 0.7647963996395973, 0.4209227125687247, 0.278029364754978, 0.4046823090854532, 0.5424060373544699, 0.5007412646340471, 0.28363330857419067, 0.4464087551060673, 0.34951093886135987, 0.3192966647226523, 0.6876636212564191, 0.5842397189908095, 0.23880444503208972, 0.9345359272224296, 0.38362272760515365, 0.555333048276915, 0.8716498241069462, 0.6688379644739827, 0.4662724455412188, 0.6793161478876012, 0.4664310961291519, 0.3075386838991946, 0.09892214442325771], [0.07473826974330157, 0.04608923184351552, 0.04984743457370894, 0.0886770707878948, 0.11101497575765984, 0.06562843527776109, 0.06646723820273506, 0.0664203573302005, 0.08251564812051136, 0.07382828385125628, 0.0641127954999076, 0.12524789071656287, 0.14909494744380392, 0.08941206983876021, 0.0514363301951039, 0.05744138842438874, 0.07999658093457979, 0.09565404660881996, 0.09150506868051973, 0.09285861659819254, 0.04702447924870082, 0.1349218258230996, 0.06671075499162343, 0.05573815352534314, 0.08918398267630803, 0.03583833884384104, 0.11122739215324368, 0.026454842824629118, 0.08804082083993792, 0.17042062004256023, 0.14774425285848133, 0.14426254709927833, 0.0989623297362078, 0.17398893306636828, 0.08449640930563831, 0.10223142097575548, 0.06569570226929522, 0.05911559100075428, 0.0862524394844008, 0.07496598854336958, 0.0963099264727329, 0.10133970866494629, 0.03819004265006914, 0.0709506823411822, 0.04650424832523221, 0.15353380040307726, 0.08033204085013082, 0.1283812830841261, 0.05388468863627274, 0.06283764709873252], [0.6706734363422931, 1.129213004577778, 0.8967700991009651, 0.428367054824523, 0.743817422557565, 0.46910288726857846, 0.1367890474897146, 0.25568734881093697, 0.5593354920836696, 0.5825012903101772, 0.5666182713288295, 0.8190672254710187, 0.15398774050317085, 0.4519077207873031, 0.4246798230889032, 0.8298026984580881, 0.32101808301892504, 0.26429517311839407, 0.8954238762627118, 0.8426015953284337, 1.241430372126916, 0.7533940740583557, 0.3928782965769816, 0.21869250240362592, 0.647201905218107, 0.1597919623014562, 0.4133300931866123, 0.552902245927449, 0.5207244866588572, 1.2033766684428342, 0.41399375583371995, 0.6468578227681917, 0.6782294039964479, 1.3089440252522209, 0.11315587776041343, 0.4608443633290073, 0.4374747903853114, 0.49826947940633776, 0.42737578847053975, 0.5617429990082956, 0.7245388900461909, 0.5085228835997997, 0.931010232987837, 0.3267854299801044, 0.204824925884629, 0.629869187522516, 1.1145211175923238, 0.502453206504796, 0.5596778423261765, 0.2129674284356483]], "G": [[0.2626031943303372, 0.18312619338058478, 0.47443710356418195, 0.0798335087248965], [0.34446449907336524, 0.3798528950055523, 0.270531993965734, 0.005150611955348145], [0.07100446110135725, 0.14683762449726392, 0.7221340682058501, 0.06002384619552792], [0.04584026741624034, 0.014532683477137381, 0.8763576197236898, 0.06326942938293295], [0.19872873909503347, 0.1907993414110368, 0.40823521934600937, 0.20223670014792], [0.34524809073352003, 0.2961345127883286, 0.2686720575076623, 0.08994533897048825], [0.028012833603049875, 0.7038875117190024, 0.260126577615776, 0.007973077062171737], [0.019803824800532152, 0.04821244990985075, 0.9087842249228401, 0.023199500366777672], [0.1184708896655397, 0.11611952787224078, 0.725255988865774, 0.040153593596445464], [0.016628009179105924, 0.12685232089220128, 0.8185794940065372, 0.03794017592215485], [0.06241121820496777, 0.12712206264571457, 0.7393936343666269, 0.07107308478269177], [0.028218421631207392, 0.019970695433368695, 0.93426541945458, 0.017545463480845576], [0.022834815433850603, 0.006491329164844672, 0.5993119010924637, 0.3713619543088403], [0.3697754407549738, 0.0050705289516342605, 0.31097071080717054, 0.3141833194862223], [0.033549416888305546, 0.013613266550382133, 0.6393650937964135, 0.3134722227648996], [0.058639217682144425, 0.09345016688364105, 0.8186338780509825, 0.029276737383233296], [0.36889280116715106, 0.01439707709926039, 0.3261456890145266, 0.29056443271906185], [0.32548345010736435, 0.027659112839905565, 0.6412725209285616, 0.0055849161241691625], [0.0021076042419003495, 0.0017167039789974371, 0.5162932686569807, 0.47988242312212104], [0.10483772705115245, 0.0017019731116905182, 0.888465026485217, 0.004995273351942595], [0.007842916108357844, 0.012319043019371855, 0.6428669006701263, 0.33697114020214486], [0.08387867765172975, 0.2251253937929211, 0.6797275836609016, 0.011268344894448584], [0.019871195968843947, 0.10593496449307153, 0.8711756027930789, 0.0030182367450055495], [0.04574736796172686, 0.08305206405913142, 0.8232912547947225, 0.047909313184418705], [0.18813938097479452, 0.09169911781375523, 0.6969013033131627, 0.02326019789828608], [0.0022644784200241273, 0.0033846560224766323, 0.9906468596722864, 0.003704005885211793], [0.012541281430782248, 0.024938684906022784, 0.5775454179223654, 0.3849746157408291], [0.041939636424166885, 0.20090724030841098, 0.6878343675758989, 0.06931875569152253], [0.09848825503754072, 0.10625829588530461, 0.748452864733937, 0.046800584343217384], [0.062203660776740693, 0.007645608417685842, 0.7712103449181803, 0.15894038588739406], [0.2169168489463187, 0.1850882402122418, 0.5911985716430002, 0.006796339198439276], [0.2193644971228219, 0.012139124229719191, 0.6792252639926725, 0.08927111465478682], [0.35733008654305654, 0.06694780646468344, 0.5630341076602865, 0.01268799933197348], [0.4005815814982112, 0.2687218644908835, 0.2110560321423495, 0.11964052186855587], [0.1848721001785189, 0.2444027069454451, 0.5648202717415637, 0.005904921134471089], [0.35129384267, 0.11979984966192993, 0.437627338355315, 0.09127896931275455], [0.04546402096740338, 0.006752003624582487, 0.9018580197415803, 0.04592595566643333], [0.011799037919745408, 0.014268798735772083, 0.9712809596701898, 0.002651203674291762], [0.3014487700259356, 0.09936247849712858, 0.4045407997095528, 0.19464795176738403], [0.02607373854135118, 0.2795671880530462, 0.6884180204031612, 0.005941053002441588], [0.010621771278284512, 0.13350650594270033, 0.7469622829986747, 0.10890943978033937], [0.047875473322700215, 0.033283339882515084, 0.9095913238491706, 0.009249862945614666], [0.401714311531447, 0.43773627756838807, 0.15147962530758596, 0.009069785592578728], [0.04572081804604997, 0.20203412695689626, 0.7446820800029635, 0.007562974994088487], [0.09911406736730242, 0.07059771164155572, 0.7715885627591839, 0.05869965823195699], [0.6210162736527107, 0.10468212744560923, 0.2624081738286422, 0.011893425073038104], [0.31604601139197686, 0.37007309661313914, 0.21068896332167636, 0.10319192867320758], [0.018287729097582535, 0.04472470451928862, 0.9130594482563179, 0.023928118126811594], [0.05091182053673783, 0.1639292670564379, 0.7697332925841143, 0.01542561982271165], [0.04148257460216842, 0.035253220972005325, 0.6787318562983655, 0.24453234812746064], [0.10306929536511324, 0.40690110043055466, 0.18032515028662147, 0.3097044539177111], [0.03490708102606263, 0.15332230246419823, 0.8028082825546613, 0.008962333955078504], [0.3165141472741095, 0.007974697105766513, 0.3150638598153232, 0.36044729580480017], [0.8482854147983512, 0.008808245251116759, 0.13842955166974175, 0.004476788280791051], [0.007276020869012205, 0.006456179062240365, 0.9762612715090098, 0.010006528559736614], [0.034229810351580424, 0.03459820050506877, 0.9130165613344654, 0.018155427808885863], [0.4429524868185649, 0.4595703484165315, 0.0906752186472269, 0.006801946117676633], [0.039722090714398035, 0.0076194254295111116, 0.9290623794688305, 0.023596104387259228], [0.057140102853173134, 0.24768755449910093, 0.688894924124662, 0.006277418523064274], [0.03561801176220416, 0.2819781969087234, 0.6650089737049634, 0.017394817624108428], [0.010812144864472446, 0.05474349355900527, 0.6273322472869357, 0.3071121142895877], [0.02891555784521542, 0.012985741709222048, 0.933798898064008, 0.024299802381554637], [0.11015348443351188, 0.23594405152742287, 0.6390664646908422, 0.014835999348223425], [0.00666792415861459, 0.004217647269810522, 0.9330756020665807, 0.05603882650499237], [0.0021926752105002707, 0.0035905803443537603, 0.9902358926659925, 0.003980851779153141], [0.03317520805289946, 0.1715482162933839, 0.7230887524973949, 0.07218782315632113], [0.023688162423780204, 0.07064242534900571, 0.8485071135015175, 0.05716229872569608], [0.21485355994339772, 0.0542183177645433, 0.5376745855406158, 0.1932535367514429], [0.2412955634503708, 0.004999815905640235, 0.7430803925904428, 0.01062422805354571], [0.007534425234739309, 0.07393846268141639, 0.9081969876198612, 0.010330124463982555], [0.1095626764045468, 0.13146068023769714, 0.7323426565180741, 0.026633986839683554], [0.09319514246864714, 0.006073004087695203, 0.5505202517713567, 0.35021160167230136], [0.034550990785785975, 0.0272735831932689, 0.9247325956819233, 0.01344283033902127], [0.31095389629088577, 0.019842291917954284, 0.32427714873482133, 0.3449266630563383], [0.00330089558204876, 0.005035862293130823, 0.9876271093504488, 0.004036132774372153], [0.41120811994630846, 0.07825563929835241, 0.11792089514647616, 0.39261534560886324], [0.051188166563753405, 0.13511318072076625, 0.6741131924134837, 0.1395854603019979], [0.08459767168277796, 0.06801498580791983, 0.8172261460170568, 0.030161196492245208], [0.09412845867891957, 0.02453769240522169, 0.8197674284611935, 0.06156642045466607], [0.2950962353195803, 0.22121052947212838, 0.40181141502996937, 0.08188182017832148], [0.17301390780006626, 0.1916814921767857, 0.5693085088906294, 0.06599609113251904], [0.06925316428981486, 0.6276506149725173, 0.27398253949772167, 0.02911368123994594], [0.03873771130467204, 0.06870954715397339, 0.8827672527963053, 0.009785488745050037], [0.3746987011937863, 0.44742604703736516, 0.1553721899785652, 0.02250306179028422], [0.004215577595061735, 0.005166016150688936, 0.9897568126105625, 0.0008615936436850047], [0.4554633162688449, 0.41909803374069615, 0.11757945113293015, 0.007859198857528678], [0.10332599635532712, 0.06788314543870082, 0.8221452415372631, 0.006645616668709198], [0.3141209220401633, 0.13889591079028227, 0.49546628922639163, 0.05151687794316228], [0.04910139641563542, 0.01061203758852945, 0.849707995443743, 0.09057857055209108], [0.013708618925732162, 0.1817717207177436, 0.7872430234209495, 0.01727663693557353], [0.17948380311725315, 0.044229112129874106, 0.47162397449350785, 0.3046631102593653], [0.285073891283942, 0.29774285047272786, 0.35387958433832456, 0.06330367390500613], [0.4028683528779963, 0.32600935140477244, 0.2561339851658414, 0.014988310551390747], [0.045557604481345534, 0.03967950892263847, 0.8645065846212535, 0.050256301974763766], [0.011873454296923365, 0.005015632844315982, 0.9811973427496901, 0.0019135701090707777], [0.3364096880493606, 0.2626879822066335, 0.17382435026790172, 0.22707797947610397], [0.10005101450464696, 0.013299629398536933, 0.8668199733540676, 0.019829382742748078], [0.02296598914737733, 0.006735167530086084, 0.9497398798460008, 0.02055896347653457], [0.020866522827908997, 0.08051374973393473, 0.8733369258116154, 0.025282801626541233], [0.2361528539085925, 0.27461806082570883, 0.4066923346373134, 0.08253675062838563], [0.2228446445302946, 0.18241715093801025, 0.37884021507035015, 0.2158979894613446], [0.08274698301149826, 0.14941943226766877, 0.7226182168159402, 0.045215367904893985], [0.17574840297927327, 0.16585271613772756, 0.48752030876555347, 0.1708785721174452], [0.915360020250101, 0.00655269754052175, 0.07183017881356998, 0.0062571033958068335], [0.12660065989183472, 0.31897279040292187, 0.29426894468103815, 0.260157605024205], [0.022767933566534195, 0.04456346123770553, 0.8762619702539528, 0.056406634941806456], [0.35645251346456697, 0.043165587919045574, 0.5955692677706019, 0.0048126308457853255], [0.22398563022060927, 0.2551251301502414, 0.5105908334600592, 0.010298406169090881], [0.348501125483655, 0.20402003042769967, 0.2741232542157327, 0.17335558987291286], [0.03608416550713526, 0.057032297918371055, 0.8961506241811507, 0.01073291239334241], [0.517556650398943, 0.008118465949952873, 0.36197186304413753, 0.11235302060696725], [0.16372317860354352, 0.10711360172705907, 0.523825181143733, 0.20533803852566504], [0.37263661678458826, 0.40138753351051587, 0.21824654599205864, 0.007729303712838432], [0.0939169331264757, 0.21624278248492276, 0.6586900981940298, 0.031150186194572535], [0.06281023467897222, 0.3401821460025188, 0.5740383583769929, 0.022969260941516103], [0.21569917387382842, 0.4618247768184069, 0.2170524367971949, 0.10542361251057028], [0.4202464701977528, 0.4032715165973555, 0.17069110136383175, 0.00579091184105984], [0.01077721216154303, 0.03603407220523607, 0.9487159360349892, 0.004472779598231562], [0.017136173372469823, 0.8490776079566575, 0.12994012661029036, 0.003846092060581514], [0.12207764491772809, 0.14023018977293383, 0.7248564894951142, 0.012835675814222982], [0.014105965828136828, 0.01765039396013709, 0.9419538929080994, 0.0262897473036274], [0.018497881235597924, 0.20400530298690303, 0.7423534917633833, 0.035143324014116316], [0.1754416897968068, 0.168758045336902, 0.6204324141829616, 0.03536785068332926], [0.03969657642705764, 0.08281203278286751, 0.8727836049235452, 0.004707785866529879], [0.34918977910175003, 0.37078727435876857, 0.22674534223092926, 0.05327760430855295], [0.04623736652421978, 0.006127978944035687, 0.6948184459780924, 0.2528162085536517], [0.0036552516731363093, 0.0019889302886541282, 0.9911827733993036, 0.0031730446389058972], [0.21910808282540828, 0.19935508609289784, 0.5418740586541149, 0.039662772427578846], [0.1805047493139446, 0.03716673826060237, 0.5271811243199125, 0.25514738810554133], [0.29817819613314533, 0.3386644047274414, 0.34290140666130337, 0.020255992478109], [0.45315278390458485, 0.4465277713740255, 0.07794366368370773, 0.022375781037681328], [0.01928114431822861, 0.6914897538396519, 0.18410300789036163, 0.10512609395175804], [0.4029472527385136, 0.07469782172225672, 0.1381763819616528, 0.3841785435775772], [0.041567400749572554, 0.06742351609829697, 0.8544803427363546, 0.03652874041577