{"estimation": {"a": 9.456536546966134, "rho": [0.20540271614694638, 0.11299302605575026, 0.2788355159959885, 0.40276874180131483], "Mu": [[1.442618631002519, -0.5909981295209132, 1.0199243565789755, -2.332458169927731, 2.470840033476096, -3.617797905431072, 3.496445827108158, 0.7813508787207225, -2.1301338261570364, 0.7434914732017751, 0.5000066641055875, 1.1154058585141329, 0.12003600808342461, 0.6043154763993, -2.6502110549259315, 1.5883197580932105, -1.070964287735975, -4.611982991841688, -1.0169572792613568, 0.8569168384326463, -0.7465635777963247, 7.4049835956658185, 0.7543379748006903, -1.4822901989480597, 3.933465440256222, 0.8186850305647577, 4.850389322787462, -1.2851624822634826, -0.05845144670144531, 2.4597993978140527, -2.3358594947004763, -1.9197467034230644, -1.3237401452566497, -2.453621510591601, -3.621135814888411, 6.395762319505505, -6.402051011402953, -1.9754578046917441, 2.6950641553229233, -2.506951626783492, 1.8977363671391747, -1.224376974056015, 4.3392140740851834, -0.28973876849780966, 0.5124583355483722, 1.1761288633805032, 1.2991246802534233, 2.641300405371737, 1.379808855923374, -0.12257710744051775], [1.8770089716508604, -3.259316422240822, -0.21467851518243372, -0.8407166555852156, -2.969910159245539, -1.308563207353948, -1.5644531202674148, -2.969274797288219, 1.5273632218872493, 0.857129342701512, -3.8325360044277867, 2.9613431045777765, 2.6606447988325286, -0.16911802728063371, -1.0022817406177955, -3.495676074365213, 4.306580619097922, 4.999083454153959, -3.0837269073694875, -0.3541603690010168, -0.714728150424757, -5.081593756399128, 1.3673369034094032, 0.28552833433475033, -3.627814520304987, -1.1068355749395296, -1.679523068222145, 1.3249945798817362, -1.7713589374604708, 3.9814918931533234, 3.2195987871591902, 2.864262917732433, 1.2837981787890258, 4.481566217527611, 0.2720377151830699, -4.734677300419957, 0.7621343128805684, 3.709945286411563, -2.7930919932175264, 3.5637495920798647, -4.73812167007235, 5.497115727634717, 2.39109391882107, -1.2222159914046526, -0.9158120339665727, 3.3292365753707784, 5.798446842960085, -4.105773000158471, 1.34179375535741, 3.83352502436952], [-0.4734886805550843, -0.8571523821690838, 0.6237078049456588, -1.8828096960898917, 1.5593388724410016, -4.346700993666897, -1.0913044697269012, 1.5522719845279742, -3.726553397959026, 0.898480194775557, 0.9096864319373402, -0.3654595486961807, -0.9592361004890136, -0.20902677329038732, -5.491509163489665, -0.7692115394078057, 0.5960325463275779, -8.458660361008192, -1.1795456549047305, -0.2687254825955967, 0.24075363236548689, 2.66974458139523, -6.199756425047235, -2.041578739206489, 5.480205406061303, -0.8855070617908072, -0.42310669871494105, -2.128190287997614, 0.15138192110265458, 0.3479098774172974, 3.3394973248414814, 0.7490906080660271, 0.05446408625091649, 0.05132579352091469, 0.4960971380545698, 4.299855014237838, 1.0651551021896613, -1.6686764997498165, 4.398945432263354, 1.795430023040013, -3.357746086843059, -0.3520103734464377, 2.090688007783095, -1.3218102306371822, 4.327632574527939, -0.7615610040016344, 7.254272091879833, 2.4960032657912783, 1.0517920521270812, -3.4789159448830786], [3.2313741640830647, 2.077293988015962, -1.4016900614644834, -2.5714641812053993, -2.8682988410584342, 2.0725080012204553, -2.1965348492274637, -1.4442143767628244, 0.4418759351617664, 4.143235055946468, -0.8961629950623119, 2.457216628177369, 2.080686898941503, 2.1335457288402786, -0.01876179040731294, -4.1722519120179715, 5.102507418815815, 2.8988047784918516, -4.078213385880625, -0.9508196913757939, -0.7614644611649674, -2.3018712518389592, 1.0322728119248026, 1.7172413124368548, -5.210409847496487, -0.5701047210535175, 0.011132626112285422, 1.543029925844559, -2.3273334609109715, 1.5021028195386619, 2.454574406450914, 1.2972640044381585, 1.715576274402469, 4.041682755320054, 1.2214464945694388, -4.228152092291009, -1.1296202469618577, 1.1505510109155999, -1.5197596259676118, 2.6778962286329606, -7.4260300855371355, 1.6725149435357827, 1.0350788637525699, -2.3630173006157835, -0.6998754354528149, 3.5965997274376322, 3.9596871555570985, -1.4685533172735454, -0.9168423841211771, -0.6076339255060502], [-0.5996460559819993, -1.469866913577105, 1.4116093439696695, 3.4240069352922897, 5.9765040316368045, 0.2669452431648154, 1.9141800882870297, 4.471731345996082, -2.6551920162598464, 5.14588185308089, 0.14996679766552962, 2.2811567685246197, -1.491031595013878, 0.10086570988141041, -2.407708574809493, -2.7564686373715315, 1.7599230604815752, -4.186583601730851, -0.7054575694318646, -1.7325716950341143, 0.12598214937427368, 3.899507366298657, -1.351586449438356, 2.2884214320905456, 4.727072499101042, -0.5295404129732479, 3.591782175671839, -2.9191713130574275, -0.4848820364491365, 0.20765649619547008, 2.816783967709615, -0.4846931343047697, -0.154533083753458, -0.37647887970563515, -3.111061864279605, 2.2934698015878947, -0.8777033660985866, 1.4440846003286065, 3.381077568040628, -2.823071286403076, -0.11874533752650264, -3.2127631369703793, 1.7822345143063525, -0.2794827387111164, 3.2734309025497037, -2.729853345841875, 1.8432384335089, 5.544391612362274, -0.5493589193708333, 0.7483164685174822], [3.4891383966831793, -2.2994846624594167, -3.4043150663539037, -4.1498750027656515, -3.8084044696238526, -2.4303172528724564, -2.3659356137531735, -7.085993274535446, -0.6627365333974264, 0.4060052582151233, -4.838652393996822, 0.24148743429213487, 0.6165137126312273, 0.34524648689431137, 0.7020472913711843, -2.1897428187665873, 3.5575219659389776, 2.551491579107666, -4.026206539679141, -0.7768587356120988, -3.6085132105419397, -2.62099571991743, 3.184555003455646, 2.4969963948196563, -3.451479870832713, -1.985450191431003, -0.789360294521989, -0.25765722698937965, -5.878627357003368, 0.5305724580929269, 2.185211158466641, 0.9472755065409331, 0.17885842791337278, 2.7191441995461596, -1.1071409895605635, -5.42176333641077, 0.7144157032361473, 1.6713299839868332, -1.323638656115192, 0.9421843887629138, -4.874206571711668, 6.799014974379388, 2.7210445002383232, -0.4453099764503397, 0.5619228534500758, 4.910947718109569, 3.9118222704281407, -6.308352598314153, 1.8746442333527578, -1.392832315364898], [-0.6757854497231254, -3.338063838024332, -0.4516072027313524, 0.5845691276281509, 1.0629216298590314, -1.3291610041497939, 0.8368785825117269, 1.6406384593246996, -0.39817717763229293, 0.3287306783804239, 1.5936735506360178, 3.0092396617100667, -2.2098033372023984, 1.6315979088523633, 3.221488380578413, -1.332592755285306, -0.1563952887912253, -1.1456517071624381, 2.624171590111149, 0.6405520740359445, -1.6119077134972142, 5.48046740304626, -0.43091606318880155, -0.12521401424167064, 0.37772101687732157, -2.5915664888560874, 0.9266402158291196, -0.5532645355711812, -3.698349894928647, -2.487865788305786, 2.1218815404529874, 2.8480832447648012, -2.107093205793357, -0.156104084090776, -0.7187758482163764, 4.421660475239918, -1.6497739276370276, -5.475096447865473, 4.75517142043358, 1.301695344922691, 7.457720440251639, 2.065782865821537, 3.2081311104825816, 1.8546076270191398, 3.2136860952334674, 2.937613764063104, -4.401991907923507, -0.07759752199972211, 3.31842696020983, -2.431263213391726], [-3.7929752955830107, -3.2087607143831804, 3.4570493180372184, 2.837622644689169, 1.8198146240231377, 1.4105997003538648, 1.6555862077941825, 0.3837154840588755, -1.7743110388160597, 0.4312957049418453, 1.825739095598181, -0.8832428966213289, -0.25856674217302744, -2.017620084497312, -2.518937347604721, -2.33779610513573, 0.01834890213299021, 0.6579464724966823, 3.3505422455472575, -3.593900612804638, 0.36760327698966977, 1.2688902504337551, -1.1235268701599814, -2.3526589902120874, 2.773391788273299, 0.8076170205719301, 2.2263549157186766, 1.107811531317655, 0.6897052773332449, 0.07362242218800026, 1.621827420206736, -1.0464149722161011, 4.2292246860312455, -3.5927213816961747, 1.2403800664222242, 0.16887728960127563, -0.6462353441211018, -1.9242732000748637, -0.9006268116761855, 1.6435610544094081, 2.2407465337043, 1.304512648059637, 0.6483661141241444, -1.653084085936331, 4.414367671492286, 0.24329772727676635, 3.572104587546976, 0.2899185996458909, -0.7350550330219173, -0.14050194690003728]], "Lambda": [[0.4448107545284583, 0.2728651425158447, 0.5083506228507919, 0.2992364343768014, 0.5926979661177093, 0.393095322145849, 0.353992007681778, 0.7157222549426785, 0.22171697906231427, 0.5112763998325968, 0.6374355199253955, 0.6080171233297629, 0.36550271972866866, 0.675427647280928, 0.2795459769824739, 0.2741469504109443, 0.9085790439968524, 0.48027224928955264, 0.5469026936294938, 0.8549644730493318, 0.37769669897814484, 0.18888997925671247, 0.7352017503754519, 0.3501668497822062, 0.39842845176463726, 0.3001856964521037, 0.26822359304515464, 0.34074330204907055, 0.7256909406601221, 0.3767396973736671, 0.2823993844350045, 0.2930078046369605, 0.5109294574478007, 0.38342354221236064, 0.5885071448415903, 0.2007156253126988, 0.29435257773774, 0.3346703891859493, 0.4326142796031135, 0.4154123259192993, 0.18264591281562148, 0.4659330621813519, 0.2253086543153032, 0.8419708703277853, 0.18360687077266427, 0.6248011565119408, 0.3695790529095392, 0.5250467092611016, 0.5978631453368554, 0.2770466134576922], [1.3927657015612231, 0.5359453816330182, 0.4273809478087757, 0.4083618023143187, 0.5804810426021046, 0.4538683836190364, 0.2834006408155434, 0.5408292761994852, 0.3420104050919969, 1.2661828862534505, 0.34524462896711844, 0.5963926763426247, 0.12140577230139339, 0.8993527130329729, 0.4109838712396944, 0.3607236727290016, 0.5725670102101833, 0.47275110435925466, 1.0485579022665175, 0.5751856011266394, 0.5650985781667995, 0.43121876946850746, 0.2793417468589257, 0.40610806766032304, 0.577503326545088, 0.4393176017990162, 0.5299483415354937, 0.37291010232746175, 0.44292900872684143, 0.3807487557753272, 0.6076508944606276, 0.3163865612883504, 0.4871039799601841, 0.4336842218192995, 0.24832850661998593, 0.7275590379386895, 0.35212590366880975, 0.5497879816395224, 0.9201844851123282, 0.3987319638010191, 1.0480971271155837, 0.23315572389026926, 0.5071204219116463, 0.5962574377143404, 0.784658914003967, 0.766813922959868, 0.2808080127571433, 0.5076082278740374, 0.6907299584625302, 0.30562949370308756], [0.7195091549320504, 0.32339029666015456, 0.7665816045014456, 0.31886550528449287, 0.6238576274330813, 0.27142158880785044, 0.4044034430176821, 0.29818581738153016, 0.3306481215171321, 0.22732955046889605, 0.4164887564704545, 0.24754757050055218, 0.2537749583771317, 0.5479444608921987, 0.3618328584789644, 0.5138986969490632, 0.7192563221263945, 0.3906430743879384, 0.9318966686987391, 0.667011991538317, 0.5553356145859918, 0.2868804022937883, 0.3123546295650813, 0.48499411396289077, 0.2622214745056776, 0.4602984485575471, 0.7419544792850343, 0.4494046685578012, 0.6427430973989453, 0.293697752451156, 0.40309313623913723, 0.4118884256595223, 1.0483469955427753, 0.4606001297376045, 0.7056731388908418, 0.4272825962484252, 0.19276468970416688, 0.4991617731798136, 0.6958535463485161, 0.7601438758670539, 0.31786579927236197, 0.6086491884513207, 0.6277617416521425, 0.4401980144676422, 0.4687986641800452, 0.7027444100927018, 0.1786816039776329, 0.4426857201718189, 0.4185738934507355, 0.23517984023863145], [0.7905789384270979, 0.4707207544875547, 0.43352990116128526, 0.5788238494023011, 0.6798732048496923, 0.6499289786614009, 0.30194097770829814, 0.4895733153844402, 0.40008096681243926, 0.4201923410416313, 0.4949677998768898, 0.43471814779723333, 0.3801385538287627, 0.8070554740895332, 0.9192645392847354, 0.4436824534151032, 0.34702761576326624, 0.2753916836604909, 0.947534445635621, 0.384308082398207, 0.45210473925831507, 0.5976342874846572, 0.39837573298482176, 0.8467841081971318, 0.2532305699017952, 0.3875751821734678, 0.5213577592536035, 0.6196663433096495, 0.44339067952378397, 0.5072432903488135, 0.36711217249586375, 0.5642469437674077, 0.7103977019157067, 0.5154038578579643, 0.2541603595344515, 0.6322550474018104, 0.36134695646639425, 0.9762365964042493, 0.5731746169064533, 0.5077046839023172, 0.6193891257376954, 0.173552412349815, 0.6333614165822931, 0.48588380753167054, 0.5973673417213117, 0.34156218098415625, 0.777542421564253, 0.684335667597398, 0.6460765032747559, 0.41218664237825725], [0.3406953784370769, 0.7698377921548132, 0.7473624352641501, 0.26349971889126045, 0.3232761431421177, 0.4640292927967365, 0.2607645212011177, 0.2516322545541673, 0.6969468302726458, 0.36630205930056164, 0.5288030103299145, 0.5346106746750463, 0.5254631644834679, 0.47614665463774175, 0.5169415562499411, 0.5285305745901512, 0.5137407276129158, 0.23287614793837957, 0.676113760708845, 0.7142042840693467, 0.6677426969888507, 0.6301475862071847, 0.45666856153350716, 0.23515372808821391, 0.5674755697498862, 0.5940595477388745, 0.407387275589638, 0.42934702566608934, 0.7158252536914743, 0.7438052085920841, 0.31911626164651685, 0.3275770112526784, 0.8358836521645862, 0.7979718306248094, 0.5424317503986428, 0.365302477732717, 0.33453332381616446, 0.32019308981589484, 0.33216811803737645, 0.31462165886402643, 0.528037788275126, 0.29592906671957353, 0.31839656774312064, 0.6456751687287825, 0.38566453561515174, 0.4080547516534901, 0.2299251817084291, 0.37053717129753355, 0.897205926097581, 0.4492636803403937], [0.6215586161994041, 0.4621317921141277, 0.4345809106034534, 0.35135459503289046, 0.7535005604057187, 0.435863123788424, 0.553293547869851, 0.36321056470666796, 0.3111418762932277, 0.53932620256875, 0.4432876745824822, 0.9559895362213953, 0.36839255331612797, 1.0799567735659668, 0.26021982490246076, 0.27018574477778895, 0.3046702548626144, 0.3232019885388786, 1.0650038713824197, 0.4065791494053205, 0.5291300296325593, 0.3915199447666376, 0.5157793306749483, 0.6571234085517812, 0.5758410241302074, 0.3752653824346781, 0.4664248704983826, 0.5868997546409187, 0.3450980114453161, 0.7391510256228825, 0.7502574369956876, 0.358091115318731, 0.5639056123371986, 0.5267526919591026, 0.3057415523596668, 0.5594257954346176, 0.3757949147336821, 0.7367142697017652, 0.3039755119611081, 0.30844634605571875, 0.720685025291539, 0.15278949170683603, 0.44351712635401774, 0.5187679740238069, 1.0659564437783715, 0.5662326746451629, 0.7581053788019765, 0.403530031401949, 0.46754290098480883, 0.37878788243800765], [0.7237246560708801, 0.40223023209608877, 0.7057538499757938, 0.6354738811228432, 0.6843162907830389, 0.4558618329402502, 0.4289703904709929, 0.3036476129862086, 0.89617121648844, 0.32570539145179733, 0.3689614416864971, 0.4065291538060972, 0.3968033775382393, 0.2924570694848034, 0.49518921664597465, 0.4938643210259124, 0.6995777663674506, 0.3115052469119193, 0.6988259745263571, 1.095393255968373, 0.7599312631894666, 0.44222686512279136, 0.7806111661483986, 0.28758062517725197, 0.6226904422812406, 0.5159982775276701, 0.30751630218037795, 0.9282800703552904, 0.4181827191840263, 0.4680299544291228, 0.5314480220168112, 0.2577902887203517, 0.6182118201889802, 0.71726613723487, 0.6963191370071895, 0.2607217441411454, 0.35529747199498357, 0.4952865221861445, 0.39352924690031643, 0.4736434435009386, 0.24347816863240554, 0.17974634501465794, 0.5499725158415453, 0.9394384454218108, 0.38509237891059545, 0.1449081026801773, 0.2265007981978308, 0.5324011791518021, 0.41690584496614935, 0.1633056438946236], [0.30268579306896026, 0.4547414658606842, 0.2945582129229337, 0.3385434050986323, 0.36899537131372456, 0.2787563309197405, 0.15420414328030407, 0.2943668277215408, 0.4360737854420135, 0.4511040847289243, 0.46736216955347437, 0.39292238008155145, 0.19784425255214297, 0.5063010145200885, 0.20825081519367047, 0.6863107063583997, 0.2546872457571472, 0.1805114234308923, 0.525434243194297, 0.3797961635744611, 0.6649324682303094, 0.5264144258388083, 0.45402800419638945, 0.31545846636478514, 0.2541777906028645, 0.3498932616026434, 0.3118258029476769, 0.5807968073099232, 0.42393840683917244, 0.3827365510658876, 0.46996539667296444, 0.2202106740199592, 0.31674183333679606, 0.2452748858614273, 0.5058404189429838, 0.5441868776670522, 0.38126595865370355, 0.3959318400902567, 0.5192465199152595, 0.3018960870003724, 0.35787626963744457, 0.3132348893169465, 0.5522104239703466, 0.24820078821974026, 0.19703220329238919, 0.351270570019651, 0.1955606629110398, 0.5411835156012911, 0.4917748952189237, 0.3912305217517986]], "G": [[0.1464299107726585, 0.04670923466094013, 0.3776598622427189, 0.42920099232368286], [0.0922129693387723, 0.05793049720566076, 0.35123110328928325, 0.4986254301662838], [0.34694040945393134, 0.05641620487932626, 0.1652136475483307, 0.43142973811841095], [0.2522285079827478, 0.03269064584699906, 0.39319432111106206, 0.3218865250591913], [0.21807295524934783, 0.25872926748180664, 0.1725828783279652, 0.35061489894088066], [0.25858880947364093, 0.08762290596329954, 0.17038441335260998, 0.48340387121045025], [0.23979789799648243, 0.03141566105184105, 0.19007759522279868, 0.5387088457288768], [0.14319492811644505, 0.14771527734063583, 0.2936100456800078, 0.4154797488629109], [0.22829015373387004, 0.23700343395028353, 0.1732212653521177, 0.3614851469637285], [0.1341880859681944, 0.15825967117208173, 0.28055014463092964, 0.42700209822879537], [0.1684008074645547, 0.32256926703444394, 0.27127810404453434, 0.2377518214564672], [0.25578886348625474, 0.01761728722518981, 0.36039615530797364, 0.36619769398058244], [0.1313415489059646, 0.060173991988048854, 0.4158342103184769, 0.39265024878751015], [0.2665505903075267, 0.14805759763941898, 0.19023566881691972, 0.3951561432361345], [0.18311178374079304, 0.08992268116568987, 0.43594187072995444, 0.2910236643635622], [0.12086330281430377, 0.04986362388965635, 0.28207689735726016, 0.54719617593878], [0.29883890910701394, 0.16073206214240568, 0.2624665162667989, 0.27796251248378195], [0.19022342457801197, 0.16839973908842717, 0.17213205252769576, 0.46924478380586565], [0.14705825234003303, 0.042043832412081796, 0.23754451220610617, 0.5733534030417788], [0.2139140927554708, 0.017888806076523732, 0.33090443568384753, 0.437292665484159], [0.2630322976420146, 0.13291771444840525, 0.1636746781001249, 0.44037530980945433], [0.10507592925552117, 0.13236834142212353, 0.24915067076160952, 0.5134050585607456], [0.20195911431860558, 0.09579018879094246, 0.3563610195813619, 0.3458896773090903], [0.2971605592784631, 0.17518905978346286, 0.17424551604840574, 0.35340486488966827], [0.29673737345994755, 0.08494556231827646, 0.19216592240655742, 0.4261511418152184], [0.12992784776239386, 0.2543153611599414, 0.24209183619986402, 0.3736649548778002], [0.17706277679329813, 0.018989545047660303, 0.33314299574900036, 0.47080468241004103], [0.20267650013428312, 0.1405805402001819, 0.2594859773426117, 0.39725698232292306], [0.14531681177016195, 0.18703074928512098, 0.24556797294315952, 0.4220844660015582], [0.31212805434468566, 0.11366871313430492, 0.11764769052086795, 0.4565555420001411], [0.13722830747983567, 0.09104257053442993, 0.36580774185770687, 0.40592138012802736], [0.19641597175199574, 0.2645022592296428, 0.21088408029177527, 0.32819768872658633], [0.18080066062444963, 0.06716259613500118, 0.25290842929455254, 0.4991283139459969], [0.2700005250415457, 0.05829921603494574, 0.24064115717350032, 0.4310591017500076], [0.10153914137043904, 0.33057954139945533, 0.26189269384150937, 0.30598862338859534], [0.06768085699424173, 0.0320310793200487, 0.39840528779012174, 0.5018827758955876], [0.14897206651735823, 0.07770207788441608, 0.4004571468650994, 0.372868708733126], [0.21498231270025553, 0.02763693525082425, 0.35297847492723516, 0.404402277121685], [0.26295669912752656, 0.023078065066247447, 0.44828344786833696, 0.2656817879378889], [0.16440984060347094, 0.09877891119596421, 0.3080180414170741, 0.428793206783491], [0.07228152585096063, 0.4496217506086804, 0.18678354860064617, 0.29131317493971276], [0.18095067991226624, 0.11224891796895815, 0.25000742333962284, 0.4567929787791531], [0.19145325052152085, 0.09023304440742091, 0.4005854582654484, 0.31772824680560946], [0.3334566263192011, 0.020847347740991208, 0.35206584931084517, 0.29363017662896257], [0.165425203536193, 0.062172908540580926, 0.19746653192532815, 0.5749353559978981], [0.19907322784116005, 0.056208634192415424, 0.3433301836625853, 0.40138795430383906], [0.28523278160698384, 0.05676289036900932, 0.3943236038690308, 0.2636807241549766], [0.24437685373215903, 0.05304993446818335, 0.3665646025081274, 0.3360086092915298], [0.2978664767166134, 0.0350569635215663, 0.30895760349146273, 0.3581189562703571], [0.3031189935657267, 0.031519665526533173, 0.2693590262564059, 0.39600231465133434], [0.20194400404032864, 0.03544736457309917, 0.33091303653059895, 0.4316955948559735], [0.1398264027775842, 0.12000453507459896, 0.2500468215259582, 0.4901222406218586], [0.15756035004207447, 0.05366930230952255, 0.2535990277087175, 0.5351713199396857], [0.11107442127814668, 0.30594376585795646, 0.18200411216087814, 0.4009777007030185], [0.18264922121408947, 0.052273861886689775, 0.38966709362003293, 0.37540982327918787], [0.2152265966910346, 0.13422325708244362, 0.19972865533343015, 0.4508214908930918], [0.23418625396246764, 0.11196063309849057, 0.36996679789798576, 0.283886315041056], [0.23468777598637772, 0.07933675750425222, 0.2133017781560179, 0.47267368835335233], [0.11802118175166694, 0.11368515622616182, 0.4185402534286975, 0.34975340859347376], [0.17262546484800786, 0.016876174661924332, 0.2249439786648831, 0.5855543818251847], [0.1649830424080562, 0.2415548902807283, 0.2565489381108798, 0.33691312920033556], [0.14134747116802887, 0.14023240519662095, 0.276014154317884, 0.44240596931746645], [0.18599826015854606, 0.05071202941128424, 0.24135109114494527, 0.5219386192852241], [0.27688053861714285, 0.050124747829825914, 0.173642682196361, 0.49935203135667067], [0.20763329328325683, 0.0785496223336153, 0.26921469621847394, 0.44460238816465486], [0.15144536471987302, 0.019899827836961533, 0.3350173675706133, 0.49363743987255215], [0.23148070644725668, 0.05143738465172068, 0.3639642125401732, 0.3531176963608492], [0.10420409479519045, 0.2572257659824839, 0.3364072479597064, 0.3021628912626194], [0.21893743168114815, 0.0923569747430242, 0.32319091055368876, 0.36551468302213874], [0.12221079631345859, 0.044848426774310966, 0.3319296277280014, 0.5010111491842294], [0.3670167363302934, 0.048200377576997654, 0.2570904411164027, 0.32769244497630584], [0.20701313706808624, 0.11682591789811696, 0.3166461089064536, 0.3595148361273424], [0.15799690049503323, 0.0670536688095994, 0.44807279151194174, 0.32687663918342624], [0.22616254199896743, 0.18598606691411984, 0.29313977768666244, 0.29471161340025037], [0.14964261771949167, 0.20968635230175792, 0.24541936739112538, 0.3952516625876256], [0.2783270297298059, 0.04629147145277657, 0.1539737279834551, 0.5214077708339624], [0.07761865705111305, 0.42313244841918196, 0.19764460367402703, 0.3016042908556777], [0.3772406639132537, 0.07819929964061155, 0.3307816741718016, 0.2137783622743325], [0.14088323081081083, 0.0470411663909795, 0.41875803383319105, 0.3933175689650175], [0.2974105533787526, 0.0536373679034543, 0.2964282260220024, 0.35252385269579034], [0.28019789208581103, 0.0804120933749321, 0.19307668803650274, 0.44631332650275346], [0.2938019932271202, 0.1556998937463865, 0.3169979389279096, 0.23350017409858467], [0.3257273000892504, 0.07103299075451452, 0.16202683791639028, 0.4412128712398455], [0.1284451094101436, 0.024358674609262252, 0.3416015815974475, 0.5055946343831471], [0.2504077589912487, 0.08559517379627171, 0.21821216891980133, 0.445784898292678], [0.28476051422335646, 0.10111790601722738, 0.3210177168148698, 0.2931038629445456], [0.15223995298864074, 0.14970223389333015, 0.2031570082206793, 0.49490080489735017], [0.23447758457745488, 0.04625519927850575, 0.4973935207803434, 0.22187369536369547], [0.2518737195830473, 0.1053113364848011, 0.14890355298506908, 0.49391139094708164], [0.23121838469018588, 0.2076063105603434, 0.1646620061357712, 0.39651329861369916], [0.28882351413698887, 0.11651566046499062, 0.21492327704097655, 0.37973754835704493], [0.34663537311446935, 0.03381569690872696, 0.3580924989562866, 0.2614564310205166], [0.08184839021644587, 0.02645537612716622, 0.3727172481303523, 0.5189789855260357], [0.16900260511253934, 0.08880748750706657, 0.34255916244806406, 0.39963074493233025], [0.09932239210365319, 0.04657589863323929, 0.3108283987169245, 0.5432733105461837], [0.21464627565987737, 0.2767527770465495, 0.17699559050516886, 0.3316053567884037], [0.13766468401414217, 0.09330179606790064, 0.2288957175965482, 0.5401378023214094], [0.24263034209884113, 0.08795813057434913, 0.16924364698950206, 0.500167880337307], [0.18700241464073594, 0.06011848874379868, 0.2418880795652927, 0.5109910170501724], [0.24567339096722537, 0.08550098445145016, 0.20388275007317846, 0.4649428745081464], [0.08584551379616441, 0.37503321149413454, 0.19797898155434232, 0.341142293155359], [0.12785050554281374, 0.2276274808436216, 0.2433524875367162, 0.40116952607684775], [0.3170232492814873, 0.03149116877804154, 0.37853143397298705, 0.27295414796748435], [0.24027724186444804, 0.14075183885931697, 0.14492419791546712, 0.47404672136076753], [0.26253240103571673, 0.1283379045079045, 0.25721049995831785, 0.35191919449806064], [0.06405511896091816, 0.20148158168236374, 0.3143071090274919, 0.420156190329226], [0.22284747633280008, 0.02274704646970644, 0.44464580391992653, 0.30975967327756737], [0.1860633194446581, 0.2472842036005768, 0.30886621650505686, 0.2577862604497083], [0.10746649762652041, 0.26470053409157873, 0.29752797243945245, 0.3303049958424481], [0.18413871044285704, 0.14460086161999894, 0.19318624078765714, 0.4780741871494874], [0.22416627164005765, 0.066986521260603, 0.2419347456193092, 0.46691246148002985], [0.30793946968212466, 0.046524118955530464, 0.22521623590339693, 0.4203201754589477], [0.18152547858746548, 0.13400849607673354, 0.3369500386468843, 0.34751598668891703], [0.22825403573402367, 0.07757071121257379, 0.32048329005582854, 0.3736919629975743], [0.07652662224791021, 0.1647023335779347, 0.34950658285504616, 0.40926446131910893], [0.305565562259962, 0.027264774309526837, 0.4538675695546605, 0.21330209387585117], [0.10945255655118272, 0.12908454294225252, 0.28606135186980486, 0.47540154863675976], [0.3164018550518748, 0.05708760635578711, 0.1535859026123402, 0.472924635979998], [0.2532004976604226, 0.050556849652072675, 0.37412756205898656, 0.3221150906285183], [0.13268514102714146, 0.2679379106311817, 0.2553864791859551, 0.34399046915572246], [0.11191666293364964, 0.03972513077063216, 0.33026075856476617, 0.5180974477309518], [0.21803726359299647, 0.199761564492259, 0.11733781825568346, 0.46486335365906134], [0.17171313675038882, 0.36415571516404405, 0.23514396885708239, 0.22898717922848463], [0.2326805863809726, 0.16567124450778692, 0.31223348180556604, 0.28941468730567427], [0.20581985535108813, 0.06587225304262484, 0.34611005542406453, 0.38219783618222175], [0.19168845061592862, 0.2949676250330885, 0.1683311058363532, 0.3450128185146294], [0.15603623563369096, 0.043289840408155235, 0.25087466004220543, 0.5497992639159491], [0.18758601299753333, 0.06600829436266094, 0.3839886197658185, 0.36241707287398695], [0.06166138411336346, 0.4382959048643278, 0.2520460431552824, 0.2479966678670262], [0.36517919826576584, 0.06420783450082793, 0.1711485774849762, 0.39946438974843], [0.19585621876825277, 0.08478872979199484, 0.2551103962106878, 0.4642446552290649], [0.21791959231845953, 0.18384029496456245, 0.17868457833355125, 0.4195555343834272], [0.30563745216551325, 0.1033712736380694, 0.2335838835845809, 0.3574073906118367], [0.19732800637509526, 0.132189311115499, 0.29732998211945, 0.37315270038995496], [0.3921314831425939, 0.04154313373243956, 0.3592411207476293, 0.2070842623773378], [0.10408516347803956, 0.059548012572297936, 0.37758851876422295, 0.45877830518543977], [0.2510637877269589, 0.21202669650017422, 0.3158789637461293, 0.2210305520267377], [0.09612000245637145, 0.36598712403625644, 0.24327841357168972, 0.29461445993568247], [0.1812334252794972, 0.19143609919779642, 0.2535519069113337, 0.3737785686113738], [0.27329847783315214, 0.13994836237913388, 0.24122271408861284, 0.34553044569910113], [0.11715869364065075, 0.028195813532252974, 0.31574417733219995, 0.5389013154948963], [0.1393576740726679, 0.03354065246547081, 0.3381122478113515, 0.48898942565051057], [0.10939500626768123, 0.037491870064315855, 0.37645439677842013, 0.47665872688958194], [0.18418189627996975, 0.05208477911822761, 0.34060088424522655, 0.4231324403565759], [0.20610073309085905, 0.14961644315444017, 0.17830323742276333, 0.46597958633193787], [0.28083256989659144, 0.07076513775717894, 0.2734319078925145, 0.3749703844537147], [0.15219541796750805, 0.05144391999018852, 0.29564154690778727, 0.5007191151345161], [0.21722919754118764, 0.02519648969246145, 0.4034613448340745, 0.35411296793227676], [0.313392446425577, 0.10886183248089816, 0.29041225155510453, 0.28733346953842065], [0.135165004532356, 0.17139394491630658, 0.2413982659495623, 0.4520427846017751], [0.19053319463038307, 0.12912267714304643, 0.34425776005973985, 0.33608636816683074], [0.23324635253383585, 0.1493052985766811, 0.17620248613750283, 0.4412458627519803], [0.19549561918743183, 0.20282759612985043, 0.17438904092982807, 0.4272877437528901], [0.1253420476581545, 0.1733163249438487, 0.2352740141388125, 0.4660676132591846], [0.32959833971773106, 0.11816096954490378, 0.2596064997184311, 0.2926341910189341], [0.18387775201128537, 0.05344606767084776, 0.3221372752080763, 0.4405389051097899], [0.2695961040950594, 0.039930005294785534, 0.16478300371132065, 0.5256908868988338], [0.14497935083514485, 0.044376190789393075, 0.2395959400986295, 0.5710485182768321], [0.09641253876067034, 0.3703138342723504, 0.20700202528781833, 0.32627160167916053], [0.19426105976480768, 0.18958843230355601, 0.16621295263618646, 0.4499375552954502], [0.1193067194814612, 0.031029114663940423, 0.3861690163811217, 0.46349514947347636], [0.2408485330430305, 0.0670716692502241, 0.14161986359452255, 0.5504599341122229], [0.20327400725086162, 0.05133232310765793, 0.2640525900967452, 0.48134107954473626], [0.12506034227493082, 0.39273044212953095, 0.2729721362233715, 0.20923707937216607], [0.1720023014355609, 0.16261000980648976, 0.20795020982831236, 0.457437478929637], [0.3869017897672725, 0.03879411217233496, 0.378004954206288, 0.19629914385410446], [0.14477124762141108, 0.19244452453525732, 0.2773592358100651, 0.3854249920332657], [0.29725940004326695, 0.062430029639032054, 0.3237803925587289, 0.3165301777589722], [0.21890106325137745, 0.17427164997203642, 0.18245913589283907, 0.4243681508837465], [0.27026732245545726, 0.0253591301348525, 0.44425359273466936, 0.2601199546750216], [0.24221028501881844, 0.03522066919426178, 0.21933361694006376, 0.5032354288468562], [0.33912513191550897, 0.04784729072988965, 0.26592391605864946, 0.3471036612959526], [0.26644826624131224, 0.18134205546945395, 0.23927640008430778, 0.31293327820492584], [0.18939356807009292, 0.17503379680439043, 0.17228761999078443, 0.46328501513473247], [0.17157321287335808, 0.22266713569151178, 0.16281157027322685, 0.4429480811619034], [0.390899868043417, 0.03736210526222737, 0.27514049817612296, 0.2965975285182329], [0.14002473054101158, 0.09177978423161942, 0.34062531687383607, 0.4275701683535333], [0.1542102877198741, 0.10883536742673203, 0.2908080520676664, 0.4461462927857268], [0.10066811332155687, 0.02758317001615908, 0.5204284330903429, 0.35132028357194034], [0.24769872223075295, 0.05480030641972931, 0.30040496110611786, 0.39709601024340013], [0.17731200193822666, 0.1530023918105773, 0.1853462482354253, 0.4843393580157706], [0.2220114344677857, 0.12918773699008343, 0.35719938036427845, 0.29160144817785294], [0.28384536793584625, 0.03291070833204001, 0.3800416936107123, 0.3032022301214009], [0.11201337909261498, 0.08621993407710148, 0.29792667162965686, 0.503840015200627], [0.15333218442950372, 0.07046007429574991, 0.2969510239629566, 0.4792567173117903], [0.3432507761822207, 0.10007783836061501, 0.0863676916789161, 0.4703036937782487], [0.1276429386371291, 0.050868316995709845, 0.33884426716401, 0.4826444772031509], [0.13842446048992765, 0.08998729315306503, 0.2996539689071652, 0.47193427744984323], [0.1404593910469896, 0.1338447295673143, 0.2855573412384481, 0.44013853814724757], [0.27687140822407696, 0.07202401830445122, 0.418441499984205, 0.23266307348726828], [0.11883539396344539, 0.22237842398447796, 0.22240314239465034, 0.4363830396574263], [0.2449699697328922, 0.03428814822546854, 0.1751599286710865, 0.5455819533705527], [0.3111080518611434, 0.128311947549451, 0.2266761795207921, 0.3339038210686139], [0.3801905786376472, 0.07536417478470864, 0.2123963316044676, 0.33204891497317746], [0.15544655695586668, 0.06697945463016883, 0.32048346589818233, 0.4570905225157825], [0.14838914619318547, 0.10858042113618828, 0.30149907926767633, 0.4415313534029506], [0.22478543302339923, 0.040643575535047466, 0.24419127732151824, 0.4903797141200348], [0.240504264594523, 0.12517031817295965, 0.215503591898475, 0.4188218253340424], [0.1727074898149091, 0.18730190181193532, 0.23757504622937636, 0.40241556214377944], [0.17568831912388694, 0.17030061106879638, 0.17522944688651176, 0.47878162292080545], [0.2602333517292373, 0.12061980638639418, 0.3300622728309984, 0.2890845690533703], [0.27373568081486904, 0.0893228107997613, 0.2797235673098916, 0.35721794107547805], [0.234903996172182, 0.043354343092799376, 0.3300541766740587, 0.39168748406095977], [0.10242701102753525, 0.3169202295313177, 0.2729674320176348, 0.3076853274235125], [0.2976424616367136, 0.15021420352049136, 0.18665855985680102, 0.36548477498599474], [0.28512826345417297, 0.04039434596066255, 0.2822455882400397, 0.3922318023451251], [0.15630857541756632, 0.058536184520501695, 0.2243536671454666, 0.5608015729164652], [0.18626360084640975, 0.1929413293722314, 0.21882442687464726, 0.4019706429067115], [0.2578159242214037, 0.09439517259464826, 0.40767667929367, 0.24011222389027873], [0.16586595733251083, 0.34661950290736376, 0.18827185129239912, 0.29924268846772606], [0.40866817309576847, 0.037095053302659865, 0.2703728823840155, 0.2838638912175556], [0.26454835626930706, 0.08775595268713011, 0.29916572249074913, 0.3485299685528141], [0.3459709321505569, 0.13485074134287012, 0.1567112717103117, 0.362467054796261], [0.12167706653987433, 0.052574563457260484, 0.3138970977998619, 0.5118512722030033], [0.17951069376458031, 0.08862583278455745, 0.3015412631729407, 0.4303222102779216], [0.37059803532857394, 0.05740206048304771, 0.2100593971791991, 0.3619405070091785], [0.23600044452557356, 0.22836032669344375, 0.20018336274310042, 0.3354558660378823], [0.14711291321168313, 0.048210362472055505, 0.35161098431725474, 0.4530657399990064], [0.1985629059796155, 0.1142013597255526, 0.3007713885579561, 0.3864643457368758], [0.26468474657046037, 0.12548462582049608, 0.23217566933463857, 0.3776549582744043], [0.18707159297405285, 0.17898762665852203, 0.3088641030959414, 0.3250766772714836], [0.1992059948484356, 0.072543642028676, 0.21296834678433932, 0.5152820163385489], [0.3234225524757346, 0.08932392488845405, 0.1330550140738798, 0.45419850856193184], [0.2385559914874552, 0.04362425454783762, 0.2706855600232266, 0.4471341939414807], [0.13596456628829773, 0.0691977078821737, 0.33233781133425794, 0.46249991449527006], [0.09029686255455668, 0.1957522999507011, 0.2813274156047473, 0.43262342188999503], [0.33527698924468713, 0.04564905528679095, 0.18775613786605178, 0.4313178176024701], [0.2810292128481553, 0.02787739569876969, 0.14302745692204608, 0.5480659345310293], [0.21026487294485868, 0.19727992904315972, 0.22574524299648038, 0.36670995501550147], [0.23541756164340347, 0.022086275683367317, 0.18900420075220167, 0.553491961921027], [0.08918541717354941, 0.05634117787320336, 0.3710588841809989, 0.4834145207722476], [0.1526421829846399, 0.10922066609230514, 0.2562985922437371, 0.48183855867931696], [0.1656542420441928, 0.08973311658669342, 0.3748914454515282, 0.3697211959175858], [0.10290847777002497, 0.05192718542259832, 0.3835281934431653, 0.4616361433642117], [0.17187207729981618, 0.08393411447100962, 0.28126372020291507, 0.462930088026259], [0.34643773094073516, 0.04040904207348613, 0.3111155142581369, 0.30203771272764113], [0.10573584910810513, 0.2034496254237331, 0.2869627700153384, 0.4038517554528237], [0.23479446115389066, 0.036282299238319535, 0.19437854594022663, 0.5345446936675636], [0.12215632960766626, 0.07431062855525518, 0.3600301058390212, 0.44350293599805757], [0.1861348889670774, 0.06975227407962978, 0.3779374594479259, 0.36617537750536744], [0.20783208810400183, 0.107905683420554, 0.31284501858933816, 0.3714172098861063], [0.2129565664253795, 0.0848296174671776, 0.271371119676315, 0.43084269643112727], [0.18556896083209318, 0.11350954256696713, 0.22454174213659722, 0.4763797544643426], [0.25135035203504424, 0.029886561689091096, 0.37414154853072434, 0.34462153774514054], [0.1740632553338736, 0.10709690419895473, 0.4246597349008827, 0.2941801055662892], [0.20795209099239226, 0.23008317781495224, 0.14517507322916792, 0.4167896579634887], [0.21641023136113988, 0.03810274748706251, 0.21891984395790762, 0.5265671771938901], [0.24082056951680916, 0.11089552423421253, 0.2277919648730086, 0.4204919413759693], [0.1570569133566164, 0.054375652651250196, 0.4038607455884859, 0.38470668840364725], [0.20806862887634725, 0.03912250795177728, 0.31828141526605563, 0.43452744790581993], [0.11216240332031728, 0.029428017513429154, 0.339613685838854, 0.5187958933273996], [0.1432619152667737, 0.24736814318150416, 0.2168386030702595, 0.3925313384814627], [0.2183161904165878, 0.035344662584076425, 0.4275564181610768, 0.31878272883825864], [0.19702437625781458, 0.11888232931093755, 0.28529669270807895, 0.3987966017231688], [0.2778528145142991, 0.11117340093237839, 0.2843517759937586, 0.32662200855956286], [0.381163677614207, 0.03960985793841621, 0.23742115643674078, 0.3418053080106362], [0.1939751547922637, 0.2143579875932626, 0.31811189852347554, 0.27355495909099825], [0.2371052155351498, 0.04270089835557605, 0.29909139008581387, 0.4211024960234594], [0.15679780820107506, 0.2631276247935316, 0.1867822573215236, 0.39329230968386947], [0.29359280833302365, 0.04098524150977695, 0.23513491007148782, 0.43028704008571234], [0.1715904244833271, 0.03752641617454429, 0.38059109956492243, 0.4102920597772064], [0.17380796671393164, 0.03532663161563504, 0.3370847847180888, 0.4537806169523437], [0.23679208092519527, 0.2446054655543217, 0.2557360643240265, 0.2628663891964561], [0.36857582322490184, 0.026802425314386345, 0.12333508825230152, 0.48128666320840946], [0.1287707750024416, 0.24391506304107755, 0.27893284661320966, 0.3483813153432709], [0.21525119708948923, 0.11983522388304643, 0.2674057766078776, 0.39750780241958655], [0.10903503682430718, 0.14752342627437046, 0.24505940224605574, 0.4983821346552667], [0.18035678838961747, 0.12545836722737685, 0.22177826326829603, 0.47240658111470957], [0.14110256716412026, 0.03912390808715059, 0.30898115647959334, 0.5107923682691355], [0.15534537324135647, 0.03921105626633659, 0.3433392435513599, 0.46210432694094716], [0.16317821916183892, 0.12017258514218705, 0.3501345945482324, 0.36651460114774126], [0.29884981275569716, 0.05038856447580723, 0.23030291077877119, 0.42045871198972506], [0.3482018694389644, 0.11206720117517988, 0.18868708184776956, 0.3510438475380862], [0.2292858444888466, 0.1796893691623245, 0.18364435967603165, 0.4073804266727985], [0.27947435113270896, 0.12569109436385525, 0.29787160548484426, 0.29696294901859055], [0.2489134416333644, 0.06472048994939893, 0.15562207983155218, 0.5307439885856843], [0.20532523323898633, 0.32861840743184834, 0.2804260518163451, 0.18563030751282006], [0.23561507701186546, 0.159231621748082, 0.1804143337804195, 0.42473896745963313], [0.2363667591121347, 0.13757227527090043, 0.14662158436713824, 0.4794393812498269], [0.17876704378579858, 0.10627914595786069, 0.29453680597803605, 0.42041700427830475], [0.16385001035840333, 0.188907