{"estimation": {"a": 5.310748635832806, "rho": [0.09649094503787012, 0.07810025699193665, 0.08452869353853137, 0.06198078823691636, 0.05240360477151254, 0.05949329962306067, 0.05189092213435791, 0.05283052991027064, 0.14290340186934658, 0.042645790448049684, 0.13015143908724794, 0.04701728007639191, 0.04022346775224732, 0.0593395805222605], "Mu": [[-4.443859721895614, -1.7759044254948337, -1.7288706808958494, -3.5235268357656286, -2.761218706167974, -7.001553774631428, -1.5906289230830182, 2.266091758970701, 1.6150334231299097, -2.726084996416774, 3.2961119680749373, -2.3139239071547917, 2.7881573964763833, -1.49869076986301, 2.394325622457139, -3.2993337556360074, -1.2391663386931244, -0.7688194811494479, 6.56463811707912, -2.2106819213449285], [-4.672768841278006, -2.1896059283823344, -1.447538841478787, -6.391567624736097, 0.09231230346967251, -0.07941960727058003, 3.6016181468553907, 2.9376012739447774, 0.4409120164872276, -2.7206804290600983, 3.6469808403625135, 0.20792884277610965, 5.446256944852384, 0.0958076945077507, 0.47109697181919713, 2.253705419489158, 0.10786478156475005, -4.547713446370181, 6.707653184941035, -7.221940497525654], [-0.6761777404385726, 5.336775510373073, 2.0974699881362264, -1.1519661647334556, -4.6528573060726535, -1.0049090375270169, -0.5032895961146517, 3.1650652821113354, 6.149841364192482, -0.425324499975161, -1.3516207391113715, -3.4647970687721, 2.2395708131621093, -1.5425805388266776, 1.0992519761005073, -5.1142677551755815, 2.883722216035222, -0.0525799801744511, -0.2574686627854066, 1.0791389431038168], [-1.8317070832473703, 3.240871329289036, 1.5760173876601435, 0.138723700089294, -2.6721140769336524, 0.11093516292417344, 1.0614405764446817, 0.22070974650962696, 5.083794600464828, -0.6457999546392692, -1.6497074446181563, -3.0413373394195826, 1.3944681135575825, -2.4310881529040844, -1.406440539561034, 0.08723707711544376, 4.039399100293413, -1.0429755892002723, -0.29894150816506865, -0.22886102298646233], [-0.5929660806533605, 0.6115421562779636, 2.555035188782841, -0.5922205175562721, -1.9218677328941907, -4.241787601370533, 0.9100359653055954, 1.3591736347935093, -1.3514762077728157, 2.9261569689651954, 0.7715115090375858, -2.2074711625953416, -1.3899719603402645, 3.1522969960549476, -4.187528212693005, 3.2519464802660303, -1.332869057890852, -6.365936763850479, -1.226970171628246, 1.007002871256069], [1.1678658724719573, -1.0093834247415456, 2.6308903463716242, -0.5720757689629021, -1.790200206576567, -1.8519083230062736, 0.04472597080444321, 0.750467765442937, -3.7735851890539682, 1.7983904498051042, -2.464698812890257, -2.9211847464826013, -0.18783573193370273, 5.239438442899297, -3.5763420618966224, 0.9113897949485089, -1.5354071508858242, -6.095174662877184, -2.6498134241957763, 2.9834956758773314], [2.2710043798563144, -2.70474487280488, 0.6476037023597404, -1.5785168103063847, -0.5706356331608313, 0.3116015462870902, -0.3192841325610173, -0.6483119320250468, -3.8677278017882655, -1.2570959204673526, -1.4659585088457927, -2.5403564974256163, -0.8173031512741858, 1.0115065706143325, -0.9214800691999709, -3.6022843128351383, 1.7526178987261873, -1.3279575363891953, -4.4326976959640705, 1.5159113215827573], [0.9790646567620305, -0.9403683126788093, -0.7964210329114383, -0.006178701344626544, 0.21573559650797855, -0.04271164918219114, 3.356669737959842, 1.7643285474589363, 1.8722218336165104, -0.9491218682546283, 1.8190263997583993, 0.7939893219882086, 3.6790568106041275, 0.43272108107584617, -0.15756279385896568, 2.378071080803339, 0.30913899408418233, -1.7386795618294038, 2.01591134153073, -4.9972894833996575], [0.3518921885268028, -1.0810360995300234, -6.008616429067095, 2.7421286285432376, 0.19456801996077472, 1.54870595742319, -0.6795084100469316, 2.2275146684713896, 2.8388028320100207, 1.8144047393405807, 4.193818257477242, -1.566469216825311, 0.3151539888287213, -0.9158057698576446, 0.2560448393884769, -1.0367206976290066, -1.0283570209816233, -6.3123237362499856, -3.5841303402444513, 0.8702539444486439], [0.02947397531017041, -1.072630149633782, 0.09821046405517986, -1.9269731636336593, 0.19627240151584577, -3.363962267369237, 0.05714540273050531, -0.4517444790146255, -0.08786383878832335, -1.00829831968648, 0.7697038405259181, 1.3772747765548283, -0.8877332608167399, -0.10532513701890134, -1.8476184357881753, -0.1366314476517737, 1.4651370623165942, 0.2755037353395887, -1.0444261396784498, -0.4930558272085478], [-0.5954717628049307, -1.126765327870555, -5.648348156538317, 2.7090587237540347, -0.2870098592343761, 1.53865933078173, -0.8288314494501617, 2.586278368539442, 3.0594348342123636, 1.8053301382522975, 3.8463804784629887, -0.041121745484908476, 0.03899866750842935, -1.250272139608709, -0.4938780385366685, -0.5691938250894963, -1.214285827407375, -4.482676733505862, -2.5147335513985816, 0.23400160693672456], [0.3760103486774094, -0.6720956749481496, -1.090762604730493, -0.006154307038658772, -1.6210680941142557, -1.2169398566844833, 0.4795994243639403, 1.3389443851772975, 1.3572828200817175, -1.0999063688043824, 2.2102141437717053, -1.848300248103883, -0.7780408801226768, -0.5716882901502502, -1.7332675395859618, -1.855086113476895, -0.4930652061200022, 2.020883401202704, 1.5816389313250212, -0.30780183052950383], [-1.0850578828857862, 1.4423933189726121, 0.7002711911141861, 0.06765926889680719, -0.12404551979953862, -1.5823517654062997, 2.270168960538157, -0.319601602295565, -1.094444455054543, -0.6819426578627953, 0.047273733714702816, 0.6111893689716958, -1.1893242280707068, -0.7374654678965966, -1.1049456472219217, 1.293166161106421, 2.5221226145964537, 1.1683600375988423, 0.17346367650957512, -2.01603755455847], [0.30673529551971657, -2.0890550879998724, -0.7855578521276365, -0.5852513124227432, -1.1104616302066341, -3.249815102856719, -0.38983038634805334, -1.5381584949027876, -0.08513503689212301, -0.3052595990769757, -0.1414627721832803, -0.8206269389303504, -0.6090921133559056, -0.8897408568141486, -1.5603620652699763, -0.9894004666916744, 1.7950000944833853, -1.787152583948586, -2.1827933392258996, 1.4522127912821827]], "Lambda": [[0.5413043157887425, 0.48927195040606714, 0.39344777371667616, 0.31147618356353424, 0.6286867712759799, 0.23498037187561274, 0.352154074330883, 0.49787651823471957, 0.26230790061342507, 0.30030155564869815, 0.49794508331488513, 0.32755794223698176, 0.502990027818784, 0.3309700597608812, 0.518208382113001, 0.38200605641792784, 0.3063114485139061, 0.2768437112791903, 0.35725634790553823, 0.5483338023967298], [0.4085440601431199, 0.5426828623331784, 0.5681402874018016, 0.28424025484385346, 0.7826563536556145, 0.2832990502964831, 0.4569834597539896, 0.49743667529923613, 0.42643406365162556, 0.6182806237888985, 0.37893540274681764, 0.41481895293570337, 0.47385263340133754, 0.40988010261331315, 0.4523521764644648, 0.5486265944897856, 0.20027106115339682, 0.2482118797057609, 0.17946904139445147, 0.5307407979730993], [0.7728927328706364, 0.5607545582906517, 0.31515344122350875, 0.4969572720947297, 0.5323111486506126, 0.26866745782027507, 0.5000422037945956, 0.29261702432690906, 0.1954080349815386, 0.3305718051209444, 0.5079051401795245, 0.5330810509515904, 0.45350723995788045, 0.4620976115820372, 0.49328909132176546, 0.22448960464682355, 0.5270372862791065, 0.21798244592094868, 0.3828344485112139, 0.41947975976229596], [0.5873786898542643, 0.5534456642813125, 0.41567244961916144, 0.4358515692010069, 0.5775058595861771, 0.3015227331239288, 0.48988708770863243, 0.36840032574021186, 0.3235750393964924, 0.432648983059106, 0.4975022061520562, 0.48645623359501744, 0.444886224367358, 0.5317085360323444, 0.3800721930856997, 0.2597271772747608, 0.5146639918419788, 0.374381877728545, 0.4225024393342175, 0.39674241750571065], [0.5088053269076941, 0.508573942674239, 0.44463023467983304, 0.4271385563881152, 0.5518279802176792, 0.43712643235295917, 0.3972544855920075, 0.47739672431839875, 0.5586818766625269, 0.4937238225039543, 0.40458380386103304, 0.43212832984465716, 0.4190749212500455, 0.4159199851835705, 0.35489126404966975, 0.33282297124244464, 0.5609442680064741, 0.3447596465513507, 0.4831034880303651, 0.45030307762299276], [0.5647618235103827, 0.4270449382201514, 0.41722177457855286, 0.520997357406621, 0.5005670792605877, 0.30747181218300496, 0.4655563691044981, 0.4422318405186658, 0.5898412600848564, 0.48021937164417544, 0.4171987138392686, 0.43426948100332635, 0.4297992173220225, 0.4372023597952693, 0.3777890619471234, 0.3016581681035188, 0.5472599777074817, 0.2226707243097542, 0.5724284434535989, 0.3455174746231168], [0.5426403841795773, 0.3359000950568219, 0.3963241171128264, 0.5037273333172926, 0.4610916870436409, 0.2582105419452174, 0.5218560058418238, 0.5351662586568365, 0.46009391482315787, 0.41154730045231563, 0.5035325372919911, 0.36238624401096775, 0.3947100162026109, 0.5114149593160919, 0.4445625601304906, 0.3184563105231777, 0.5164177908910382, 0.3883055573038753, 0.36126439277173095, 0.4201490046801043], [0.5687439758871196, 0.5114490817220403, 0.5141759089826077, 0.3663021772300041, 0.5769357870416904, 0.3304885541213761, 0.4860319879061716, 0.42927549385310565, 0.44445997342468724, 0.6885594459817054, 0.5431655002898147, 0.36808548186682866, 0.4574602651875333, 0.5401934379965859, 0.4073439080153158, 0.5550904820890858, 0.3380941320595348, 0.41570813147318764, 0.36111905799075544, 0.35011483854545716], [0.6239436842019734, 0.6194821107500641, 0.34297195816884135, 0.5872747908476672, 1.1277701247052556, 0.43074908134922685, 0.75770115508593, 0.6869162590940958, 0.5063753079521552, 0.2994074726417567, 0.38370146839375785, 0.2529093889329583, 0.6889902724458298, 0.2846785621234948, 0.5482490723266583, 0.4988608981100847, 0.4541568596582978, 0.28789565213087503, 0.22481002696453875, 0.45391523901130415], [0.41322776282909984, 0.48783463679824013, 0.4664801410682315, 0.3093815190045619, 0.47267257764834286, 0.3908512829899135, 0.49190571233445823, 0.5733394026015755, 0.45119950530860126, 0.45857934567936837, 0.43098217921948007, 0.40485617924799977, 0.49786905264275483, 0.5131464357449415, 0.38852716680873106, 0.3242473544001568, 0.46501696659267316, 0.6159248746088851, 0.45703603404470433, 0.5543099431439947], [0.5269191103717626, 0.6660978461498366, 0.419335456934756, 0.6002062154081262, 1.1038365994586523, 0.4641658073967171, 0.7734169307542126, 0.6317790669638983, 0.5404839087437734, 0.3227946470726256, 0.43350174710285383, 0.2684689014232767, 0.7333903501215353, 0.28859383607646866, 0.5711611514362541, 0.5208456402897642, 0.4255102412216801, 0.2922945730873156, 0.2589076518094395, 0.49287817477372625], [0.5039154757640918, 0.5057794118582122, 0.39663314095211405, 0.3601607191904159, 0.41515743859195126, 0.43040000612520446, 0.46453990095313413, 0.37300469248188806, 0.38465571746132193, 0.427415980896473, 0.47377917095157857, 0.33710418611556625, 0.4435401787811984, 0.4032376092833884, 0.43481403161708226, 0.3788524797645042, 0.526891716827137, 0.5237013615501711, 0.4931531404161598, 0.43451810236299515], [0.45707209588689757, 0.4607261839022256, 0.4657399191663162, 0.5226862923085819, 0.42559597144713524, 0.464507785254177, 0.4155691701367049, 0.5657663590393209, 0.36762630114029327, 0.49378229126646217, 0.4383336780240739, 0.3549250621460419, 0.48141915931988477, 0.598678578717553, 0.43632272094044033, 0.39279896162450956, 0.4791689244232923, 0.6940032920916086, 0.43162343671448095, 0.5793460615252374], [0.4402272809118663, 0.438040094839308, 0.4416792744302552, 0.3631399427602323, 0.4835324885510171, 0.211953514891583, 0.5240640193313151, 0.5624298501610943, 0.38619324310288705, 0.3721520269493479, 0.46517495587617924, 0.3664813515890015, 0.46632594014925477, 0.5341513218396283, 0.3682957402770426, 0.3548747344103983, 0.4773354298594978, 0.5759371062075075, 0.3842837970582466, 0.43581857645367755]], "U": [[0.0921708182974501, 0.1054302523293142, 0.06724959089412672, 0.02716270328251122, 0.01808904128430278, 0.01529324647722141, 0.017267072645893052, 0.07576887620173894, 0.2476681283441125, 0.019327565923783725, 0.24108952694092128, 0.03108089753440631, 0.019908344533743606, 0.02249393531047394], [0.2491992137134377, 0.0345476600532183, 0.23879446419941036, 0.03811492005010119, 0.09814089156804649, 0.07841242285306582, 0.025434449164278297, 0.020641459554281816, 0.05379154121207791, 0.02259521902433327, 0.0460065485205962, 0.04174614526460835, 0.015760659153567183, 0.03681440566897613], [0.11288129355553832, 0.04937034931654392, 0.12558833463835894, 0.09877783299043176, 0.09957010976674549, 0.08752432200401142, 0.06917009049793184, 0.03762000826492749, 0.07155268637303296, 0.04773367057354875, 0.04269391974612441, 0.02950393087227493, 0.03150150926833928, 0.09651194213219066], [0.11747899902087994, 0.10702594477521113, 0.06588855696706865, 0.028967351294025487, 0.035917567925232825, 0.03232219562499128, 0.03176949538099877, 0.05051559248974273, 0.18228343099022673, 0.03180842031123813, 0.1668225336459267, 0.06567524877774372, 0.044815012497152466, 0.03870965029956113], [0.11440833735632189, 0.034189487508152865, 0.11848844197622667, 0.07540246153900398, 0.07774832261886833, 0.07028577921763907, 0.059029111377548286, 0.04207681608020445, 0.1153056439795282, 0.04307774063740568, 0.09489962349777915, 0.058722772383490565, 0.02912300328076388, 0.06724245854706723], [0.16094034271357185, 0.16722618675414355, 0.05391190142321039, 0.03835982888473857, 0.032651666498820876, 0.031190682912844766, 0.025586864634697587, 0.05130175517404558, 0.1553335277163756, 0.027265257612905828, 0.15371611546438743, 0.03660037042734304, 0.021728964114809336, 0.04418653566810587], [0.15666638485864434, 0.06779133228669933, 0.13697520082720166, 0.05357205052798523, 0.04695426604330885, 0.059481196524729225, 0.04380540051690185, 0.039194202647195475, 0.1393712466545651, 0.024377382094182564, 0.11520068485555485, 0.03879597995866246, 0.024259549388790855, 0.05355512281557783], [0.09461755712795548, 0.09081193692737416, 0.03746030359816578, 0.029539154398959246, 0.043451163206499076, 0.07003826210708888, 0.08070380962798013, 0.06351143027086169, 0.12489662820319272, 0.06632135244355326, 0.11038977137436426, 0.05406653704851366, 0.051248452140974274, 0.08294364152451715], [0.12837380992302577, 0.09265092154474329, 0.0568816210022379, 0.06613816765407916, 0.034860118280610156, 0.027710696638465506, 0.0298090391343029, 0.04267815237800517, 0.1957108628947529, 0.02930442014299006, 0.1735002483582775, 0.04496251906047302, 0.024059288832345087, 0.05336013415569192], [0.1503192115276263, 0.03835717472400048, 0.16323406765568713, 0.12103705380628671, 0.0693345800128185, 0.04827199353090256, 0.03758645623910764, 0.05594491756290474, 0.06835869748977823, 0.026144203899199178, 0.05604490933821634, 0.061576602303180315, 0.026598307338333467, 0.07719182457195871], [0.04234113816188359, 0.03559064340128858, 0.03791221260475197, 0.0430955551834778, 0.05095832990349761, 0.04389400736869492, 0.030166850718175802, 0.12679750318689803, 0.1534472356366946, 0.05690491058003677, 0.15446224459228042, 0.08419716543085233, 0.03903081302432923, 0.10120139020713845], [0.051782781223601415, 0.04748827172912163, 0.04764005217266516, 0.03609906468108313, 0.02168283226787793, 0.0430955196293352, 0.05632989066460183, 0.03740810914912003, 0.2633558995053795, 0.0322412792270248, 0.24110579040031183, 0.026946164513612165, 0.026853268429866545, 0.06797107640639859], [0.032728269609220956, 0.03994797269916817, 0.036656863203409926, 0.027200254604708516, 0.036337975017941324, 0.03569130169371046, 0.029138028927044514, 0.022135176465448315, 0.34462170339577175, 0.016879753972974025, 0.32286857604953245, 0.013885452588731383, 0.013639550034476325, 0.028269121737861388], [0.0956961121583774, 0.1332690098647695, 0.06715545945809977, 0.041438512031965614, 0.06050760515681458, 0.05302192543675181, 0.05091878763627894, 0.10832969639061875, 0.1081958932590415, 0.049609261791756384, 0.08294683656437284, 0.044122816455705725, 0.04064727596647305, 0.06414080782897405], [0.06917229852867214, 0.042162599631614416, 0.06365940897965164, 0.028493739622553724, 0.037337302089701305, 0.08400360821076477, 0.06399458309371266, 0.028649439841533383, 0.2133293468316334, 0.03985233135580692, 0.2034262470247702, 0.046516101482445255, 0.03446696052179614, 0.044936032785344034], [0.2559989020169586, 0.24513316626105006, 0.03363907254428646, 0.0502146949529884, 0.049154281263716744, 0.044652874144371996, 0.04427805378928766, 0.023524782641529393, 0.07080798380339788, 0.02665628435245405, 0.05330676209826742, 0.024823302093410066, 0.01603834904098285, 0.06177149099729884], [0.1264779461596523, 0.17918266873651212, 0.09674335671015996, 0.03587373013059797, 0.08492491090200198, 0.09892011341938234, 0.05284807549146963, 0.07591478811846884, 0.08437947861407023, 0.02949240255637345, 0.06614974440598294, 0.01703664040286545, 0.017601751543397808, 0.034454392809064975], [0.05958055143476168, 0.07510150258583229, 0.047536731487306014, 0.03215626140923002, 0.14438479673004972, 0.20113493872153773, 0.08441368236894985, 0.04863659567045947, 0.09541852525590867, 0.030537047575056667, 0.07599605462245398, 0.028138362737515063, 0.03538513430051419, 0.041579815100424564], [0.07732515662984846, 0.06513636359529763, 0.0545266010256431, 0.05931645537959964, 0.03831699062388752, 0.04525205346774742, 0.049562916700434834, 0.05136574911674295, 0.20631134664217105, 0.034849541739638584, 0.18799599499823194, 0.030497444777057462, 0.029405332734961077, 0.07013805256873815], [0.044345545658444833, 0.04205080333189385, 0.15700555867895608, 0.18643755381341423, 0.06120043266175838, 0.03574947146719575, 0.029708704068486632, 0.037947919232453164, 0.09739448369164158, 0.03646999787937593, 0.09462941649004447, 0.04985777092440759, 0.06731177219363543, 0.05989056990829203], [0.07038891359212616, 0.05222639641725255, 0.05121681698849558, 0.047874106281098054, 0.06679230724638534, 0.08936633215046673, 0.09612956651538616, 0.05302497236729461, 0.08045635438240167, 0.09364361439692394, 0.08236822324002546, 0.0611474488577727, 0.06475289556023092, 0.0906120520041397], [0.10807064296763044, 0.05142222310843449, 0.10057188190759433, 0.058473945308445754, 0.08242101625340256, 0.07015911892784146, 0.0368922834869697, 0.04918871177201767, 0.10875113138095571, 0.0704863960216445, 0.0914378824754687, 0.04386205697142083, 0.054382850812777335, 0.07387985860539661], [0.09331705596299501, 0.13388133999194718, 0.05302085249110245, 0.06031141012908406, 0.02741662424135375, 0.019779165914421887, 0.030394589114455594, 0.08836014689694478, 0.18461983551251784, 0.0308698130048784, 0.17581111024092416, 0.03252814982165605, 0.0236053609365344, 0.04608454574118469], [0.05985347290097259, 0.0502278182788745, 0.03866955062550944, 0.04668528471615041, 0.04388186608192972, 0.03879954182839578, 0.03552565664341904, 0.054871763809800286, 0.22581051501915594, 0.03901513390600351, 0.21272472098584355, 0.033958035309469614, 0.036592086378207676, 0.08338455351626797], [0.07082655084049376, 0.03960271874341439, 0.09235987787906642, 0.04464293832878172, 0.04378874517945402, 0.03706698049949365, 0.03885184331369543, 0.02329445630274325, 0.28051557003301913, 0.014733041485315073, 0.23243822346408854, 0.024097081280587504, 0.012954133555553915, 0.04482783909429307], [0.04205381689815049, 0.03230990292752195, 0.040332100730939, 0.026715858015938124, 0.018451958480116378, 0.01552822176221493, 0.01987621204430027, 0.022201851338753163, 0.36239223939269194, 0.013527848925399218, 0.34973387402023254, 0.01821304025931167, 0.010705811688369317, 0.02795726351606016], [0.03821753928052556, 0.04424457610573858, 0.0382391622691768, 0.041586029796456925, 0.035577481025791655, 0.025080799886503056, 0.028844985639471632, 0.03602447763682436, 0.30602841080099025, 0.02996861792340182, 0.2752622896428792, 0.02992662203255892, 0.02674421776135504, 0.04425479019832635], [0.15193328339673906, 0.204555702498707, 0.07089076683421694, 0.03271412920412614, 0.02480799059685674, 0.019379539770665078, 0.03099875645102507, 0.16634849137107924, 0.04250403523223052, 0.05183008935888478, 0.040480720845302486, 0.056267827105541235, 0.05026958746390079, 0.057019079870724895], [0.028657064431586967, 0.0320602180977746, 0.02766333782117062, 0.021111206581670167, 0.03372441195389301, 0.08286090733944963, 0.10980173515889446, 0.034364257678316946, 0.23821627560723993, 0.05201368020246001, 0.2085547529086325, 0.01757347513978196, 0.025201425255711455, 0.08819725182341798], [0.052689656831070936, 0.1180928632283382, 0.10509268762052426, 0.0816999839074897, 0.02900202285769787, 0.02021034889671535, 0.025551404617687127, 0.1020252329057638, 0.16979050583728353, 0.03368924954454223, 0.15718156852705553, 0.034474232759298035, 0.030441092166419655, 0.040059150300113366], [0.17076552084532817, 0.08635020067130707, 0.1469794359387613, 0.03830062604415553, 0.061277455635410344, 0.05241297996866796, 0.04104749253883992, 0.03389270028824403, 0.1463820530580428, 0.026739171956465392, 0.10917042349633085, 0.02579610822233688, 0.01592092040514099, 0.04496491093096884], [0.09665932598439797, 0.06785718762539547, 0.06942353134618699, 0.05547436861381476, 0.030907311054444792, 0.050555466109926984, 0.04473668711775134, 0.10166717265009348, 0.12617448383372828, 0.04572173572341152, 0.12204875993758195, 0.07416214633225288, 0.033298554777096145, 0.08131326889391759], [0.10837749372865829, 0.0296937244100844, 0.1349570779024845, 0.0760102770333919, 0.07354875184417292, 0.04967551939651781, 0.040869473779920895, 0.03212489541717228, 0.14390747922782454, 0.028949244738571234, 0.11755178828557442, 0.05943893387652586, 0.029109537857327, 0.07578580250177419], [0.0454641712092744, 0.0951711245402993, 0.03451191264029092, 0.022975733625596625, 0.061621833124689676, 0.06124549424833689, 0.036382066819997345, 0.05480207351955507, 0.27804423186584937, 0.020725878669345874, 0.22486888806710473, 0.01511684570830019, 0.010867625268426686, 0.03820212069293311], [0.11769912324448861, 0.057118622092249174, 0.08736508649273216, 0.01889385044147145, 0.021520439634518294, 0.02164177610012991, 0.019861683032897773, 0.0319803809806288, 0.2399012128194455, 0.03160202023663177, 0.2271474923788569, 0.0690145499024187, 0.02742574086230969, 0.028828021781221527], [0.17486949700707083, 0.022491269528231553, 0.16979230298968237, 0.10607994802843818, 0.04365127132923466, 0.03604559937780509, 0.040122274866647954, 0.048403184023594566, 0.05153815975527672, 0.04911640740151021, 0.04883964363844254, 0.08821129445543284, 0.03537001615924424, 0.08546913143938899], [0.0946662310942392, 0.07391521105071286, 0.05889083886704304, 0.04921560178177248, 0.0626990754072903, 0.02030671459858834, 0.048331548784721054, 0.02829248250858107, 0.06591386549243328, 0.09246470058167336, 0.11524793813806572, 0.162651779409817, 0.060965875740545614, 0.06643813654451736], [0.09502265801325005, 0.0425068385126678, 0.0839709071122397, 0.0658381629721332, 0.06318659621728019, 0.04054952385401212, 0.07324779826036874, 0.0250737060355098, 0.11061328369578717, 0.058296386771992476, 0.10703575877022273, 0.08661489172131444, 0.05556812655392633, 0.09247536150929542], [0.19183389024741943, 0.040570367627188596, 0.16264866314330081, 0.0344638668617664, 0.03944602896137348, 0.07467055412355424, 0.059512424871996206, 0.026848527783260842, 0.10788001840303879, 0.03188394753521028, 0.09664971112103829, 0.05404913873640165, 0.031021104259045286, 0.04852175632540553], [0.06132231335017726, 0.04174439471437229, 0.08382470126997012, 0.06770113839522149, 0.05989242340867248, 0.14869717883308783, 0.12387146481563253, 0.03359112345930978, 0.10935883427651145, 0.03824962803561117, 0.10234786792863323, 0.03724994116418271, 0.045788637105347765, 0.046360353243269745], [0.045146962730200454, 0.060359343805773, 0.04998004646691145, 0.026037448946674178, 0.028230249971712622, 0.024346679234329656, 0.017343932476265974, 0.03325212755886721, 0.3360553845636406, 0.01499097892288987, 0.30746107251785626, 0.016559260757263362, 0.017940545353028813, 0.02229596669458679], [0.05287847524437784, 0.07458878479170301, 0.029741142668404705, 0.033155767723697556, 0.03482257077478307, 0.04077994575530761, 0.037924448737603283, 0.1267186260622984, 0.14942973668924517, 0.03736706766830155, 0.1611797566095564, 0.0857222980952068, 0.04072504761789029, 0.0949663315616241], [0.06855417219212619, 0.06541432363278968, 0.05466265668631175, 0.027824830611557, 0.02812188165369162, 0.02697566348236214, 0.033684019283958, 0.0546691904775334, 0.24391057838543517, 0.033804227615639525, 0.22900317574139908, 0.04552717255003482, 0.037158079530925286, 0.05069002815623674], [0.0676773222681232, 0.04920632266219854, 0.07110630716747714, 0.06353145149293372, 0.09992535555771453, 0.08231178447347821, 0.035042027540803176, 0.04522183089610829, 0.1589655621925449, 0.03260631868119916, 0.14984135636710016, 0.04071370257760833, 0.03525145090807553, 0.06859920721463504], [0.16798079677273506, 0.0892606785054784, 0.10184766074278524, 0.06345505644872836, 0.03337971659768167, 0.02365260370740049, 0.032315720307770995, 0.06087047625421659, 0.1052073568271045, 0.037765832069242354, 0.10435316089398072, 0.07249392836525705, 0.043554808250141124, 0.06386220425747742], [0.05976375483620644, 0.0458137750430133, 0.049773982393497125, 0.07929130383585445, 0.0766578837772476, 0.0749993092743947, 0.06161568145712958, 0.06498500507818922, 0.11094737335598215, 0.06519603532534264, 0.09749283047662982, 0.06438416222063431, 0.056657763587928116, 0.09242113933795046], [0.06610050360179005, 0.050237849470326494, 0.05040009360529478, 0.02543317569921668, 0.0468583393619596, 0.08722313135059316, 0.10326971427934625, 0.03302405740502918, 0.15680008800700732, 0.06783858569692272, 0.14270349691587386, 0.05074082677775339, 0.04104975384117362, 0.07832038398771314], [0.1752339663194638, 0.18706564384354712, 0.06667969086666138, 0.06133776727231249, 0.02317735324382804, 0.015560675126139551, 0.0185178864368537, 0.04935243228338158, 0.1373082302747295, 0.023788633551857605, 0.13265006162313933, 0.037309517985800546, 0.035840476278228776, 0.03617766489405648], [0.08394968177316373, 0.10272679799798724, 0.0417480969506736, 0.033025631844288215, 0.08775225661418484, 0.061763038929198565, 0.0709702392035876, 0.04354078071921635, 0.06734285147785003, 0.10762134299091182, 0.07834942793213918, 0.10314162021284858, 0.05598717845594676, 0.06208105489800353], [0.06163012589023084, 0.07901142819959561, 0.05686266247030463, 0.07321385836217685, 0.05404899644400531, 0.035926826364221134, 0.04048463906086354, 0.05780679789836863, 0.18439597544280814, 0.047029104947350756, 0.15474143560938827, 0.045448537505522066, 0.04295179529784527, 0.06644781650731867], [0.14642866327586285, 0.1440364875767195, 0.07856158773817659, 0.04644955064504065, 0.02911577752585198, 0.02434752083023999, 0.04640691944818376, 0.06917553801438048, 0.11207276683186632, 0.06904069394080442, 0.08622354637302057, 0.04790218466186297, 0.03741777085888541, 0.06282099227910437], [0.1621723691753149, 0.19745415560773366, 0.028427634312578085, 0.025178378791588567, 0.026386236629332847, 0.012606959221936364, 0.01528063345834841, 0.05004456908744104, 0.2025056459091438, 0.015931209701582093, 0.1965653345046388, 0.019049285970733798, 0.02786505729112732, 0.02053253033850029], [0.17698741859017475, 0.09351090117696191, 0.12321466663777281, 0.03381385940708932, 0.060036018682103336, 0.04372557134690478, 0.0359854815951548, 0.03923977705119881, 0.14737589400037407, 0.03519735281975638, 0.13120860714286062, 0.022234874746748498, 0.01742212195340572, 0.040047454849494034], [0.07372405434135708, 0.04046919357036226, 0.07950378892350204, 0.04662982317987517, 0.050938808262978405, 0.04130304376131627, 0.02837984428676256, 0.02892641096809256, 0.2592506691060791, 0.024087324862926373, 0.23309843416817455, 0.03180284325138285, 0.016449494686489013, 0.045436266630701744], [0.0424772526081879, 0.0337346249291506, 0.06787504106543775, 0.03224048607398627, 0.029400498720417955, 0.20210320460249756, 0.17641248697824738, 0.027282517366261173, 0.1436878287458387, 0.02991220101167669, 0.1283256843068043, 0.025282112975218537, 0.021978158702537928, 0.03928790191373794], [0.24677752232769198, 0.03724413307054107, 0.21377925539725862, 0.056909469658292, 0.04017026664665954, 0.030715441480895687, 0.025190447534200425, 0.027868021703113754, 0.09405006909857844, 0.02931303497361777, 0.07458217066608012, 0.053191181527206324, 0.01842231463439095, 0.05178667128147292], [0.03821773934902421, 0.045660421390036975, 0.04109548976272323, 0.04852376781662323, 0.022491554474977755, 0.018068624568662987, 0.03482620415725642, 0.047590970621618496, 0.2619621737073933, 0.03589907583147303, 0.2513759860799175, 0.03727221684401742, 0.049935125809718234, 0.06708064958655766], [0.07375733456668963, 0.03600567234291864, 0.045063477131011755, 0.06846210899758902, 0.0294134363093239, 0.02011880256394065, 0.05997453130259712, 0.05517077880422085, 0.14721101450564814, 0.0976361886653922, 0.1446769339210925, 0.05655053191223725, 0.062031227200199913, 0.10392796177713846], [0.044389086252098316, 0.04825459343394795, 0.036184306716988926, 0.025023497956667366, 0.2892524014464356, 0.30107095453207805, 0.0460348730265665, 0.022444668774944256, 0.0525306692097502, 0.02218826886145793, 0.04677445829678835, 0.017093452568780813, 0.011476220415433953, 0.03728254850806178], [0.05416134609859544, 0.054387534039943, 0.05740668225475633, 0.061248684601605305, 0.09147270619859064, 0.10006335445954888, 0.03769269408978207, 0.038093107693975774, 0.1493159660471442, 0.046491365918297986, 0.1439789367890526, 0.058518847621545224, 0.049716183551508496, 0.05745259063565402], [0.0653015357825421, 0.043871863260574746, 0.06516348417524168, 0.08142517832210622, 0.0523418007400379, 0.04724854456026981, 0.04011482901471919, 0.04660454037366818, 0.1627809700839516, 0.04694140096360631, 0.16026343439244214, 0.06259271198753617, 0.04222035589759299, 0.08312935044571049], [0.08182256563409178, 0.06606090661606956, 0.05090972392631698, 0.05566194161228283, 0.026257326615713377, 0.025631071712333708, 0.03034154744983426, 0.09188253176151907, 0.17454255045429207, 0.03825629193380672, 0.18514720186978595, 0.05808696380815417, 0.03738301067945676, 0.07801636592634241], [0.07530080472485223, 0.08282141191907814, 0.07742548029695695, 0.032656395671990746, 0.12198535632750258, 0.11021797462416062, 0.0315947926497262, 0.052171793114887136, 0.15162793823316129, 0.028747621932308006, 0.13808071480524103, 0.032062163646627596, 0.03670414561676213, 0.02860340643674508], [0.05647264049309398, 0.04605188734036495, 0.06576454624806952, 0.04830811520902489, 0.08421291480420698, 0.06440652979529629, 0.06099902184749387, 0.04431520414611377, 0.12742849901272918, 0.07776172327598478, 0.12304253886488331, 0.06621187091180801, 0.08060052858041868, 0.054423979470512036], [0.0522902302548352, 0.049539706997927695, 0.05606864255038244, 0.03798594452783717, 0.03496634235534558, 0.04952390301195369, 0.03578665450541211, 0.0398321256127679, 0.27856450473343664, 0.024365746042621903, 0.2546175747099392, 0.025918379268579032, 0.020636370089455923, 0.03990387533950499], [0.04284526571150126, 0.042655323361151395, 0.03137078982380501, 0.030047180785870275, 0.22192146541897637, 0.2432212115474658, 0.044040374744899816, 0.023966151647972847, 0.11709666483371987, 0.016749514181690964, 0.11522741785833773, 0.022784721752448066, 0.01637429956780856, 0.031699618764351976], [0.09400811707945085, 0.033601573418505136, 0.09492868188791481, 0.02887919248823066, 0.024209157208375177, 0.032956404597655246, 0.030075881871534735, 0.01634944395508445, 0.290518983090617, 0.020417835614077742, 0.26038616259856406, 0.027846451748981302, 0.015947731514357185, 0.029874382926651497], [0.05601362846362371, 0.0508196763446259, 0.060729966681394125, 0.09595938245581055, 0.040295500958304406, 0.027313901233342926, 0.031748656628355264, 0.059129301244297154, 0.19661931420443515, 0.04036666617853155, 0.18604192751905613, 0.049755108727598134, 0.03654471597553182, 0.06866225338509326], [0.2383485332605667, 0.036572749090690956, 0.2124028909905641, 0.030168048103408233, 0.022620878947142528, 0.012945328660737785, 0.011849836523319694, 0.022435168394500077, 0.1346642197165378, 0.021142243320279756, 0.12187674817274041, 0.09155331726943394, 0.021871973906358148, 0.02154806364372035], [0.07363846285165473, 0.03678635759774185, 0.06398752850135261, 0.029205047931911615, 0.031493459576613626, 0.09636328255933459, 0.1151942715084575, 0.03466593906452011, 0.15447180718966202, 0.06765578681746733, 0.13832855820249315, 0.038589141470734556, 0.030364157114114772, 0.08925619961394154], [0.047037967958814035, 0.03204665714416093, 0.050420849420666165, 0.03931575660146291, 0.050270457395809015, 0.20264781412051236, 0.18997552861421144, 0.02647504165538356, 0.08586881292151442, 0.04745290171728802, 0.07581963532751397, 0.041728291251081406, 0.028199469156986002, 0.08274081671459607], [0.13311028812699213, 0.0761120806616074, 0.11163989948751017, 0.04045318662253397, 0.027383557651835328, 0.037397466663318, 0.037708972568210895, 0.041043837831183566, 0.16618693860364275, 0.04114726490430553, 0.15072761136298762, 0.06244936257234008, 0.031005892630990576, 0.04363364031254236], [0.09138724621468616, 0.10863583692766567, 0.0499721892552177, 0.03259611963845139, 0.09744798764583379, 0.06286868879132725, 0.05321351735790991, 0.08471654497578128, 0.05968731584189105, 0.06295363252776824, 0.06157974783913696, 0.06568350814720952, 0.1156926234882553, 0.053565041348866034], [0.16078619976710878, 0.04176896403718332, 0.16656225136452735, 0.028437175012215706, 0.020095405440951338, 0.03070902187837429, 0.02191930167690673, 0.02604532387688864, 0.18014729965249202, 0.030345221694802197, 0.16746250554793857, 0.0845395744680028, 0.02155920668933029, 0.01962254889327774], [0.06373898529569363, 0.05880739026813034, 0.056418761122528666, 0.06730383579526912, 0.0576870263937971, 0.034274379683455855, 0.03474863516402864, 0.06250918283659146, 0.22411555918927617, 0.018931456512395438, 0.1799164803184486, 0.04486617473805451, 0.014122685350965553, 0.0825594473313653], [0.058477290329368964, 0.028526364279931136, 0.05775375909486654, 0.03321041350960331, 0.03452707367217888, 0.059654284803159166, 0.07579117742146411, 0.024943947213731534, 0.20788337876122767, 0.06239954923611411, 0.19770934562738207, 0.031058658584936685, 0.03780182759519202, 0.0902629298708437], [0.14344970703235585, 0.02797239180886373, 0.31389832667881706, 0.20946800033196947, 0.012559914464412278, 0.012622299065759525, 0.015418202042276731, 0.01946261829425729, 0.06835057219854274, 0.016007717738236563, 0.06140542658896817, 0.06431995988508611, 0.01591090850055154, 0.019153955369902834], [0.13552787815201575, 0.0636463356402042, 0.13614377314877255, 0.1021072518088883, 0.054948042296408914, 0.06323603251345832, 0.06951636255428405, 0.03539723745541756, 0.052419407099326014, 0.05128997671699769, 0.04928175399457207, 0.08506434681167088, 0.04271535125209268, 0.058706250555890904], [0.31415674054813053, 0.31145158077663915, 0.022332150514664653, 0.021836790266365938, 0.03201926756891746, 0.03227558758025502, 0.03081610256654628, 0.025149527835571242, 0.047361496425007484, 0.03887965693428406, 0.04025746245467506, 0.02155501341072642, 0.022011630992961172, 0.039896992125255604], [0.06838590080933299, 0.142419139930567, 0.09789897781398024, 0.07172908566089088, 0.05381396543521983, 0.05221204485698231, 0.05561069279015249, 0.09089701855331489, 0.12113075557922157, 0.03731068853609546, 0.09137142016993172, 0.03650391082600231, 0.03231598177567425, 0.048400417262634464], [0.07530275617026805, 0.0847320055663684, 0.057009275492938875, 0.06997680859902881, 0.08352505064008975, 0.10528456308356526, 0.10339013831973744, 0.04297694672310962, 0.1013694788827466, 0.055385405712326315, 0.05768230496548887, 0.05178568562911197, 0.03224224865516143, 0.07933733156005843], [0.10083410388040476, 0.0739533946817144, 0.10168598023210544, 0.056920399814338433, 0.055225552044110254, 0.0286332638445291, 0.0212684192412062, 0.05826962560463399, 0.1709580420615927, 0.030957396576258584, 0.16896644446851314, 0.049727774137080766, 0.031112152184420556, 0.05148745122909167], [0.28073930401679226, 0.2645873588090011, 0.04626038447511968, 0.022221322529241215, 0.034345044152020686, 0.032185879070032966, 0.03557045838052513, 0.028017675329963604, 0.06256859911547873, 0.030053796548870693, 0.06257533073550119, 0.04287092733763305, 0.021062073635249774, 0.03694184586456957], [0.09717061024400953, 0.021052456733607575, 0.08555905520663665, 0.018392628104707535, 0.03224859047093383, 0.08600864536205777, 0.08261107255508116, 0.01575794262618182, 0.17024229865775642, 0.038887665106129884, 0.17597342554754972, 0.11114561175778259, 0.02056251858598873, 0.04438747904157683], [0.038968944880501996, 0.02820292825650443, 0.05359786804527718, 0.05859999402786365, 0.02837525335803107, 0.019123228650718558, 0.022986010477907912, 0.026340907779117698, 0.28619022229668717, 0.02903390898883513, 0.2806395669848568, 0.030958248447089477, 0.05167707839998629, 0.04530583940662237], [0.06322519316316735, 0.04931363781366692, 0.1141310509086781, 0.11162510646382114, 0.07960521559813147, 0.03462334928047383, 0.036925004725486044, 0.04056729356013118, 0.11287523411804186, 0.04726632269271109, 0.11329332407931428, 0.05613223228879888, 0.09326193636231243, 0.04715509894526549], [0.043034707874094864, 0.21117839933091687, 0.03449814724246951, 0.02299561500568768, 0.023758958368152935, 0.028435684527914232, 0.030390694301136577, 0.17575103935399414, 0.19201769074475275, 0.01698383052607938, 0.1687512089974268, 0.01358876081596147, 0.013412652510459923, 0.025202610400952518], [0.04446947247493651, 0.04068615685480652, 0.04676755446874059, 0.03974070506084376, 0.18846766461556283, 0.18821605149982387, 0.01404156972080513, 0.022276094785786456, 0.17518152517711422, 0.015603874348310641, 0.15714949815043067, 0.020281335439877507, 0.019822646729926587, 0.02729585067303447], [0.06346273061267348, 0.2326153593523534, 0.041403368029969155, 0.03901073204181317, 0.02545159525373638, 0.021439918212276116, 0.017149201139908983, 0.1929084229489137, 0.14592321718935647, 0.018240952513638428, 0.1355167963391384, 0.020564459734375123, 0.01952272182147171, 0.02679052481037507], [0.06114053080175369, 0.11006387616152788, 0.03314868660219532, 0.035069275330656555, 0.03464850912845002, 0.025202836744769905, 0.022458805416224695, 0.09294783511471806, 0.22802036556775646, 0.035308168211119, 0.21377737874028915, 0.03875126107854531, 0.03431923486519923, 0.03514323623679443], [0.15896514605768633, 0.07324931164583069, 0.12007239879426497, 0.07800958223796597, 0.037649294056359243, 0.0381161852153673, 0.045612417628393416, 0.05800237712259929, 0.09611232958073576, 0.05363384697389386, 0.09023680276626574, 0.04256284213871417, 0.03957308264719056, 0.0682043831347328], [0.07798915489515558, 0.05845814671807944, 0.06668802986444904, 0.06385739442698662, 0.04653768991381801, 0.0816821772174964, 0.0820411077559578, 0.04151473939452826, 0.1582462216938297, 0.05313100784292305, 0.13044228539941846, 0.04323433845952489, 0.03850694018368001, 0.05767076623415283], [0.035660696427885975, 0.023702863347879386, 0.04088025058929781, 0.033341773235789844, 0.030232896556312602, 0.025856417885374215, 0.01869500848564078, 0.035072524456396234, 0.32515985921306956, 0.01619201166668711, 0.3191227800556787, 0.033873777311935145, 0.02052853093915818, 0.04168060982889335], [0.09502641158106746, 0.1579924074526962, 0.04529456726569523, 0.03320863850609916, 0.04039204464164894, 0.03631964460972385, 0.046576190303069774, 0.13829028928631398, 0.10188156352388604, 0.04928384054563338, 0.0787489566508023, 0.05486807746891633, 0.06231343256470879, 0.05980393559973841], [0.06242263220242177, 0.046613930989015485, 0.06858803183391021, 0.04956758574660945, 0.03164861722952456, 0.04947569480201093, 0.039264272250956675, 0.030830482067417266, 0.252735566664