{"estimation": {"a": 10.401375164030553, "rho": [0.33799927921568196, 0.07279179604102769, 0.04559710963014228, 0.03485023051500606, 0.3377908431668026, 0.05795931879468751, 0.0646689074671404, 0.04834251516951178], "Mu": [[0.42615491046269155, 2.5626923419509433, 0.8443743155594292, -2.021407030667771, -0.7142934932865854, -2.361352261131182, 1.9124075779233212, -0.29550977476978196, 3.8149030583809704, -1.3394378214981155, -0.23824154631841155, 0.405969980071225, -0.2868710547389518, -0.036914020439108866, -1.902224684864397, 4.098548932010282, -2.9261258940211503, 0.9899019955577326, 2.087509754929491, -0.9819002787094357, 0.5867696969450645, -5.419513369714575, -6.866755043932219, -0.03424101587988806, -1.272266676574962, -2.877303080982056, -5.646388722062983, 0.28719201520503335, -1.1504656750841151, 1.9750855025998155, 1.3760224243346875, 0.7555667672253304, 0.7163516209370349, -0.22030115700488892, 2.3374986035444145, 0.8784820585063976, 0.9862270339855371, 0.9712037939094772, 6.026484791208383, 1.612913413640967, 1.6930108306967844, 2.5194731656203437, 5.978138452030813, 0.925552079852929, -0.2468183543956604, 2.1188539700789337, -0.4437807881790938, 3.749725104912802, -5.879393044645744, -7.557723018626987], [-0.5888781572793006, -1.8446475908542475, -2.628784332617137, 2.0450949731651127, 1.4052088396130107, -0.42000987173174376, 0.46167670230619734, -0.6336593896046206, 1.6953354069288136, 1.216577309176652, 3.1723140371574816, -3.9121865610524362, 1.1668028754874553, -1.9938464722008677, -2.3246814906531363, -3.25664962984024, 0.6028642269031852, 5.031963058971457, -0.9158707691985021, 0.2621999206350442, 1.0032115940237782, 3.6333410546550917, -0.3007517804473634, -3.2574551272350685, -0.8923061625087809, -0.3972021452142619, 0.5994828671935771, -0.42371124600837884, 0.44762338711082583, 1.5310116974494221, 0.11692826656298702, -2.926189440438912, 7.342122386772318, 1.1981613118506655, 1.771410525444578, -0.5041161583620694, 2.690333242187525, -0.1787937349838496, -1.3425493044880965, -3.6856518478679527, 1.0795944104643007, -1.1038017200058032, -1.1164328986693832, 2.7415794826585276, 0.7407838649297596, 0.23366456957285947, -2.1975951985313604, -0.8428552084926713, -1.0182443999659356, 1.9296207904170066], [2.5092366408730524, 2.885685911974301, -1.5815880177388553, 2.0161814655010026, 0.4634159250146317, -3.6997553785842703, -1.5753329890039836, 1.0031137811106907, 0.41861311212188973, 4.275821580711213, -1.3456901024352905, 0.18981081706853026, 0.00792070792983016, 2.566912866586896, 1.8923019041110951, -0.5116669421158928, -1.6961718205244463, 0.5993155227702982, 1.668907175146111, -0.2749761695197496, -1.317463825547745, 0.18966329288209033, 0.6240317027268677, 3.480414036856611, 1.6929160010657522, -0.11133509600115837, -0.6060158681270106, 2.921462509562482, -2.7385917735999143, -3.5104463018717547, -4.865453068295257, -2.3660944709240104, 0.6695554932430327, -4.3537357428444, 2.117219411283301, 1.2061705431277412, -0.5436275126794372, 0.5191283225284783, 0.8141799150723523, 2.282133532095849, 0.9528885919145269, 1.0882932644615373, -0.939011065344, -0.8128179244632745, 0.12336906875314409, 1.8547169517846152, 0.19433659127833636, 1.963047272351044, 0.5901271608825815, -4.852498591703161], [-2.339500991473654, 1.606421691941088, 1.744975712366424, 3.041068105622089, 1.776796334111347, 0.9341226158669192, -2.485953294794468, -2.9030201880608537, 5.7910376044124074, -2.4788984843048425, 0.37383679142805143, 1.7582367894779414, -0.636348696465998, -0.20606580856416296, -1.6559065134023891, 0.9345370064144829, -5.574256439916861, 1.0406648373235936, -3.324592207198981, -1.6015915966870504, -5.379246119556325, 0.8736149640110881, -0.8907077765741839, 3.0178923067697685, -1.730870536471632, 0.5333081913238233, 2.704398767685391, 2.7742506219904954, -2.264602534063339, -1.1164271012213414, 5.623892371490028, 1.51014967877058, -0.001182823363715206, -1.5870489616768875, -1.4832447084647182, 3.3513163355339324, 0.890502614178948, -1.1708510928941296, -2.9248014306691243, 2.605749320570512, 1.5893326946655089, -3.017694960545248, 0.2064099507500161, 0.5775062137255026, 2.605479674713554, 3.347473461034085, -3.2408622821088393, -5.316449720350653, -2.4182799996609248, -2.5397396659748663], [-2.701244109234132, 1.7968863789236997, -0.8776404891605205, -0.8965792113326911, 2.084478914877975, -3.0442289220090584, 0.9111736088411702, 1.8332008575949785, 6.949610643224713, 1.6613150705531075, 2.975993659086522, -0.9719581189122936, 0.7748249851292849, -0.6989206817641148, -2.0764980292901987, 4.024634982918222, -2.680129131469912, 0.7467572397351753, 3.042209584874553, -3.6591589841464747, 0.12504264023744832, -4.215493363560913, -2.6523127121762897, 0.6865198438991768, 0.6900698127905536, -1.1049989030116616, -2.248532792149537, -2.204400592052603, 1.1010530906463312, 0.2619138982975894, 1.9450581737122616, -0.6801914895275477, -0.08762388525885137, -1.2625906631036927, 5.468304729427053, -2.115700384123092, 0.5515414864509087, -0.6695791106341671, 2.8538721514267924, -0.23356734389309142, 0.8482146972583101, 1.6154638545083388, 4.625229263302309, 1.3754440926014828, 2.4625425869790933, -0.7438314317182735, -0.38438346292531284, 2.6556238869779745, -4.902101602161656, -5.306631205526195], [1.2275505315466921, 0.5304460538818997, -0.20235284538771803, 1.1275531517442352, -1.2758418500371276, 1.824558435293748, 3.6615591673971397, -1.1406913644511, -0.5150117237803691, -3.891126495147337, 0.06850965500461195, -2.2833576324931473, 0.17766605940133884, -1.917105374326586, -1.0141232336870556, 0.7196347647241418, -1.0052575225234543, 2.424029823047468, -0.4289003177660566, 1.1839881575307507, 3.1820015782862456, 3.4334672379836277, -3.561515742148274, -2.625208148439416, -0.1364988234373063, -1.6596019572073635, -1.472933331381756, -0.8856213690668882, 0.3971400232574154, 5.388940808096459, -1.0604925077344016, 1.1643082330854382, 3.912318644028163, -0.8511251043930234, 1.5706699229772547, 0.29348188230533817, 0.6841411879450063, 1.1792666965145722, 1.4624648985599418, -0.8068860601592973, -1.0886883435854584, 0.5708736662684738, -0.4072908366709637, 1.1972579973854869, 0.16736207715610066, 3.243204643707682, -0.15429605359075685, 0.3850554911936301, -0.7495870416930848, -0.4605836992616431], [-3.2690287246682597, -0.45572114234457217, -2.3521611605709882, 0.10547465336475324, 4.895841979896686, -0.2761227708626846, -1.2641444870437089, -0.19282750061847728, 6.5935901368122565, 4.283366269453886, 3.3729827756931883, -3.1209567355851733, 2.677140767081543, -1.6041389430863668, -2.4351342946349894, 0.8048576792112753, -0.4359499597016513, 0.8210246955303199, -1.2856523721954902, -1.0411210467381076, -1.5728288535703943, 0.13926358408911765, -0.9633066936004557, -1.3490393319460254, -0.7154817807339223, -3.185859234082211, -2.420722675257723, -0.7293931326098263, 2.6819294209182996, -4.663066454494268, 1.9582010431445338, -2.7262359029069816, 3.370483487600308, -2.2275903264317085, 3.99611792822452, -0.8678607563959644, -0.060058656752305095, -1.6145882618197398, -3.2326880456722966, -0.9899506233965958, -1.039517780755035, -1.3041008519154675, 0.797838284024394, 3.088117356753472, 3.0611126141609457, -4.624929963617051, -0.9501960638751284, -1.4707035703736944, 2.988331273941245, -1.129900414157592], [2.3721275275694116, 2.697450955713976, -1.5074778392003205, 2.188734945497687, 0.7799762202460176, -3.569169730699564, -1.6839453300093248, 0.7789220683341561, 0.43130266902078196, 4.416351590765875, -1.2636324241779364, 0.27317922138268913, 0.3279686788380361, 2.7640715647514096, 2.2135534342633463, -0.4218563738069059, -1.9177240093074022, 0.576563929375318, 1.5758683793138752, -0.24328380572220198, -1.5983558691724309, 0.04578237529114232, 0.5227320465495657, 3.833988339721355, 2.142891414743125, -0.3009108888495978, -0.8409039013089984, 3.124672197381935, -2.9015690797851965, -3.7767366333918164, -4.75413995688589, -2.1751826127583955, 0.4522545469471024, -4.1977643852502, 1.9857455391949932, 1.2650963420082741, -0.5766515965921537, 0.6025021209879428, 1.0002559526222343, 2.5662398520632537, 0.8437211119765408, 1.7205470895886419, -0.98008345490367, -0.38261622142070006, 0.005665407226151746, 1.9530441224450024, 0.21342276076866606, 1.024695018527574, -0.13070673992902998, -5.580616113255622]], "Lambda": [[0.5885505983967526, 0.33425217426844056, 1.175631520021087, 0.41441642392502187, 0.3944668180904493, 0.42012288472198145, 0.39012833551486253, 0.7770215641971062, 0.14881020352533852, 1.0615516765127944, 0.9456072319738005, 0.7689448700612903, 0.6654528762203583, 0.9675327268946139, 0.4946808223344753, 0.2319482994281494, 0.652288987148094, 0.5815147716139719, 0.7824934139772852, 0.550652788071125, 0.26900100041918523, 0.5246304453496581, 0.2784342324923146, 0.5886189747681044, 0.524355706473411, 0.5886034833177402, 0.22649641727271086, 0.47755134783711983, 0.5534597783843873, 0.5127161186431759, 0.3661416163732781, 0.6229408240575899, 0.6700818424661129, 0.3969175806495125, 0.2722799032047154, 0.9036059187599725, 0.572574370317926, 0.6853867883336655, 0.3196915776885379, 0.6485085844454643, 0.4103062559614492, 0.3799053339249227, 0.3616725923120056, 0.35126843116254536, 0.5716881116832089, 0.46957353650260075, 0.6002406256315765, 0.34958121238283746, 0.2623222864698259, 0.20852163855008002], [0.5836901444910378, 0.47156313377271636, 0.4337175438071568, 0.4902856415740326, 0.5060799400549727, 0.36372622080483946, 0.31721364680547137, 0.5452464557783485, 0.6470303987050575, 0.6505057525119748, 0.4021064316455957, 0.6057812907816884, 0.4745048394529886, 0.4435467173803599, 0.42540202065833477, 0.4521759745387511, 0.5363324785550703, 0.5333176665852462, 0.3630022609220067, 0.8597280455308165, 0.723008664609282, 0.49473809982008216, 0.49177319361719524, 0.84471479087854, 0.5158820977700691, 0.38668116062558117, 0.5122718829441149, 0.4700087659248633, 0.34846482333112955, 0.41205202422347653, 0.4371511829969413, 0.4873070528576987, 0.35319969639393745, 0.5362311734864909, 0.48103599804349995, 0.542231934416644, 0.6901681793755078, 0.735146712970101, 0.812428033068166, 0.5223719331211926, 0.4429070582326082, 0.4831142441850074, 0.40489623946522085, 0.2651028388405236, 0.42703307496008913, 0.44364486281084925, 0.6474651900650723, 0.8034886028847176, 0.34891757875637675, 0.6349106761236726], [0.570592052161131, 0.6878025015876208, 0.5335929557147793, 0.49732657038821865, 0.4267026321563618, 0.2737452157545835, 0.8172896744170787, 0.5295281249988182, 0.7776820457783536, 0.517142952940752, 0.40808522460471214, 0.5512053466351757, 0.4558874979629583, 0.48903021736492347, 0.4370043914961571, 0.30329904653414086, 0.43286135093107364, 0.5560575544260798, 0.3025757649440408, 0.5525201509928396, 0.407330386489095, 0.6236195018251648, 0.42246833995607164, 0.557205515395325, 0.6180981639502919, 0.6943153696494879, 0.42861334741777257, 0.8028052043274782, 0.33764338480564354, 0.4938114008206962, 0.48631902150467166, 0.4318065504780029, 0.3984365683410848, 0.4776565588970042, 0.5851281699023064, 0.7222348021716825, 0.5685049612309975, 0.5325711001800234, 0.40034182368390064, 0.46868281031581666, 0.45017374450555814, 0.43891276752596065, 0.6442642341961813, 0.4274153054569026, 0.49342185301524466, 0.4682392078051815, 0.39137802953255796, 0.3493508415314221, 0.48379009432191294, 0.29361459336733187], [0.47059106325682476, 0.31943039174488486, 0.5277295568119351, 0.30296249876834985, 0.46500752574280885, 0.6872555515521839, 0.4962901021229607, 0.752763558773211, 0.4103157786132976, 0.5548488127473434, 0.4186797122526153, 0.5786659353376017, 0.5277023077457679, 0.4824389678651447, 0.475597165108959, 0.45004088072272824, 0.4509955947489495, 0.4747004560756657, 0.5665407604617433, 0.4211200627015109, 0.5133877016953363, 0.4705660907721597, 0.4629928257998971, 0.4461060313015649, 0.6034049002405629, 0.570990622146165, 0.35282318937331053, 0.5471783112682931, 0.38064332018134833, 0.5183428782910771, 0.4661703637823684, 0.5022621613543797, 0.521963575897055, 0.4938945227892457, 0.5044251307517054, 0.6298578252413146, 0.4634617686480314, 0.5114283991147452, 0.7136041117516172, 0.4761140937744525, 0.4784474760348695, 0.7181234077793079, 0.6986888431789444, 0.38691782502081934, 0.42748107832728127, 0.32203386401692735, 0.507434341173962, 0.691813474744984, 0.21085396917380958, 0.3747413239437822], [0.6153183172639392, 0.29195637759257925, 1.2107466910570612, 0.3251421512636447, 0.5734326921032765, 0.37738891523855156, 0.3824792075542494, 0.6607102442989267, 0.17811672640573006, 0.7479192850344614, 0.774799816517973, 0.6557435515768351, 0.66394124094294, 0.9822137845875907, 0.24184420406076199, 0.32874762832071747, 0.742551862309951, 0.4838597814244556, 0.5132701821101848, 0.579781375575336, 0.3657975961739162, 0.20697399474955436, 0.42099627954007196, 0.6443307623548542, 0.5856835556278952, 0.5267038611971506, 0.4221344131577068, 0.465990899346555, 0.7683089795325836, 0.27833568033283157, 0.2760593271759597, 0.466155693199449, 0.6622404085864336, 0.22723768416570234, 0.2349409185596855, 0.7577172530230891, 0.6532877437740364, 0.7194905386676795, 0.40897041872311307, 0.6055626284709051, 0.19806464257128795, 0.47332954424415663, 0.37808777728018145, 0.3560984021027822, 0.9611138498698815, 0.5254050874968956, 0.6035649124597164, 0.408642955299044, 0.46406395077936347, 0.27695444341853637], [0.4514905613590027, 0.4925486845866444, 0.42750089284078285, 0.4232830072877202, 0.33414268627441834, 0.5213521584785511, 0.28289621967556133, 0.7057739988524512, 0.5774436447850294, 0.8043344863640497, 0.5255896191159798, 0.6539168533614164, 0.4508868473729231, 0.45165635490830675, 0.6081986322407763, 0.30650893120049716, 0.396942254096281, 0.7105453719243598, 0.9138286467832276, 0.8327019696189032, 0.40606440999063315, 0.7180616866751764, 0.41026702356472294, 0.4510281911189687, 0.47920591148457226, 0.5445601333285536, 0.44574957018457595, 0.3581478300998585, 0.4269203981134768, 0.5823153050301838, 0.45453866294916384, 0.6423840679837686, 0.3740792326934947, 0.49310627570168875, 0.336194054098131, 0.6609922475847126, 0.7603480897279824, 0.6889902619266854, 0.5975138980862458, 0.397367146023718, 0.5926625889574115, 0.346849895968498, 0.31594274112130166, 0.282776167157437, 0.50992885961689, 0.41811924320246663, 0.6780293864176539, 0.7962968452501635, 0.31804585463719237, 0.35687092765712536], [0.6871142471328414, 0.4084635890889875, 0.5200045196452275, 0.29175783790151405, 0.5581524272443655, 0.4596390703766592, 0.3650986386042855, 0.5426714092521739, 0.3047319590029752, 0.4762587830537312, 0.3930373753853818, 0.4181035873208076, 0.47759215437026875, 0.44545391677431784, 0.30441672954333154, 0.5302587453354094, 0.5319708006083295, 0.5561412323117493, 0.5225859539980863, 0.5554845900763323, 0.7629195591643371, 0.3855754521651742, 0.45302624539112185, 0.8688361755753855, 0.5923050607918364, 0.42784719438081775, 0.5750431202470297, 0.5227324392078454, 0.4920568402121898, 0.38003031758815903, 0.3547589810277223, 0.49479173628631584, 0.3882970806782312, 0.5148426842067654, 0.47419980803924044, 0.5643604762746581, 0.6279975984932952, 0.5773237906948098, 0.6907059759161038, 0.5101983542111413, 0.35289687090236993, 0.584614929250142, 0.38169867296365084, 0.3412159996901645, 0.7040959677250428, 0.502216706522486, 0.6017840362911805, 0.5306995886026834, 0.47717271927172533, 0.5670702436459074], [0.5830927576533432, 0.6945751611497598, 0.5105725522457139, 0.516655308003964, 0.4244591381544465, 0.2593346086889311, 0.8010504515500232, 0.5310684504051035, 0.7869600262490338, 0.5184036902176572, 0.4236653984902656, 0.5490462556305147, 0.43768884229774374, 0.45545014796213973, 0.421172412795786, 0.3086595946016559, 0.4174093544163872, 0.5877101043908497, 0.3189695907346129, 0.5459592704859122, 0.41299558345105397, 0.6354002001050341, 0.39067619031701967, 0.5566401929101292, 0.58817930638037, 0.680957753824358, 0.43380461868198567, 0.8163857545679456, 0.32886863885969503, 0.4791003100211736, 0.5020145690126658, 0.44401222732784035, 0.3974537161492546, 0.49825359552585485, 0.6175714083758473, 0.6985589696318206, 0.5836152275640667, 0.5098078442206901, 0.38229045028572906, 0.46281548351803636, 0.45754342233561623, 0.4440834470388822, 0.6448549775355777, 0.4548179217001059, 0.4894027968557939, 0.46731242782978505, 0.3871463294147812, 0.33566440148959886, 0.4963294470328443, 0.2846420581789139]], "U": [[0.30550343737642766, 0.12221295918107092, 0.03553027701250388, 0.03639497636800662, 0.3128367633403165, 0.07972720018900104, 0.0703868932002314, 0.03740749333244119], [0.3749330304742152, 0.05407378662554525, 0.036309909624822896, 0.03793412758456759, 0.3105588389773854, 0.10392694463220754, 0.04471719613877158, 0.03754616594248504], [0.30258995127513405, 0.09792709191492084, 0.06588899192817545, 0.03019677655023271, 0.29666823681346177, 0.09864849387482184, 0.04322087190253168, 0.06485958574072181], [0.3873824343875258, 0.05405894609540179, 0.05185837818578339, 0.00892225683285764, 0.3761300038799816, 0.05815973847313049, 0.010559913105075622, 0.05292832904024343], [0.35747382985670356, 0.10738656517682225, 0.019038613829486854, 0.017480926056229598, 0.34312325532939936, 0.11083254619002957, 0.025090560372740753, 0.019573703188587414], [0.3819373050070979, 0.07412475340598504, 0.017190583995513428, 0.03660433497979058, 0.3674664088892477, 0.037990069393677287, 0.06304198707002752, 0.02164455725865984], [0.3278058545764831, 0.09477550412306, 0.056540710847509064, 0.019750616291936668, 0.32708194960714804, 0.020093127164569905, 0.09510940237402281, 0.05884283501527107], [0.4146199380308072, 0.027918265358174512, 0.04279417805979964, 0.011912227602275666, 0.4120565699023834, 0.022710695563241255, 0.021412790388066715, 0.046575335095251774], [0.20586960491140832, 0.08151992706975095, 0.17383937002625072, 0.020456137495584066, 0.2241854846743543, 0.07047966721305057, 0.04447913054689506, 0.1791706780627059], [0.416025426076514, 0.0401568582467889, 0.028177337746023098, 0.018463015041034977, 0.4089558380489139, 0.01900877686545619, 0.04057559984492196, 0.02863714813034739], [0.369904258610617, 0.02407151206452458, 0.09099118136312918, 0.014102199713172003, 0.3611067829852428, 0.02400679718971458, 0.022779320823416393, 0.09303794725018288], [0.2436756524483536, 0.09768799817599941, 0.07799419227417659, 0.038895411600128355, 0.2720830780208709, 0.0946648332524402, 0.08680753131668018, 0.0881913029113511], [0.3921831835476089, 0.049103321288709686, 0.018069073210094124, 0.030661462666102555, 0.33017790933852004, 0.08494042701681516, 0.07434925928895805, 0.02051536364319221], [0.32008321574528037, 0.10776114752659192, 0.02860066484062386, 0.02946528462091175, 0.3043015137191781, 0.050124803315587343, 0.1263690585035802, 0.03329431172824616], [0.37853717001471837, 0.08121670328632793, 0.018298886370002085, 0.014682633772659638, 0.3808970818925218, 0.028647332043776418, 0.0793181932257595, 0.018401999394233377], [0.4048921256924011, 0.05063123402492126, 0.02832372080016614, 0.019975100544037477, 0.33969679935858754, 0.0867469378380329, 0.04052184095259099, 0.02921224078926254], [0.3113794145292966, 0.05986559442187421, 0.11834355460181757, 0.014306836833824669, 0.30505973671975223, 0.023526311372342453, 0.04829309686908493, 0.11922545465200755], [0.43336497344364167, 0.032550176853751105, 0.018509184958588276, 0.012147003592921394, 0.4271043877391109, 0.0323912172444072, 0.026657857012432572, 0.01727519915514765], [0.43588365936246876, 0.017539910677331478, 0.033673195467206284, 0.0072484044245901815, 0.4350590837385815, 0.016136135733400246, 0.018192856638151306, 0.036266753958270524], [0.3825348039782224, 0.03728210806876704, 0.03311140101535814, 0.03858525046477826, 0.39666510685599843, 0.03485137436167526, 0.041021785759864086, 0.035948169495336996], [0.2646742393277248, 0.17414788447202897, 0.030790542216606518, 0.0500906774405896, 0.2532002007396891, 0.1265517664999149, 0.069368447360759, 0.031176241942688015], [0.4472248638953045, 0.028009596434819338, 0.012682421943444395, 0.018030314567821365, 0.42545712148209125, 0.030655942814043186, 0.024821006810392385, 0.013118732052083257], [0.26827279909947005, 0.1325433903456153, 0.028427573625480793, 0.024954768224264047, 0.2951798464347187, 0.13412388756278706, 0.08574800645318699, 0.030749728254476964], [0.33465200204610934, 0.0536497227218418, 0.07577514569515865, 0.03733128658823887, 0.2320603763503171, 0.1393776030436455, 0.042661749863957064, 0.08449211369073284], [0.3341778062547352, 0.09114843598894055, 0.04251857908570623, 0.03554803604700111, 0.3436505023487108, 0.026535836892607998, 0.08630765236315095, 0.04011315101914701], [0.27496361161279537, 0.14107122910644826, 0.06025808950646711, 0.02166887081603673, 0.2502728845239873, 0.06322830424856993, 0.12555427521859178, 0.06298273496710374], [0.3838585777802875, 0.07236305265734534, 0.021112047208576033, 0.012832985191436812, 0.3880101621912119, 0.05566695354863863, 0.04378350621664938, 0.022372715205855667], [0.3120374594569338, 0.04751232771350786, 0.04748034999142382, 0.02165639063271345, 0.31403822037740636, 0.10246672495398074, 0.1096090344958997, 0.04519949237813408], [0.3179973029081922, 0.05479656889328294, 0.05176998177869073, 0.054426299050608376, 0.34442627217854743, 0.03284627535664, 0.08730554578362963, 0.05643175405040875], [0.4504293809910643, 0.01733390619210144, 0.019370427065468123, 0.010641474424791578, 0.45220573609783193, 0.015258270006994399, 0.01621005160020168, 0.018550753621546415], [0.3561262583699408, 0.06190047636443388, 0.04181463830699794, 0.018560235946307232, 0.23467839149282027, 0.19413795211870546, 0.049744262241061925, 0.04303778515973268], [0.4060670675469675, 0.0657165158639474, 0.010686387457253109, 0.01875495845594602, 0.40252982868449183, 0.05765998492625404, 0.02788367470844076, 0.01070158235669964], [0.42157412261933563, 0.03666740040715212, 0.013831188212704864, 0.03926663120419557, 0.3935837205855029, 0.048785063667020616, 0.031816552762428, 0.014475320541660194], [0.2886344326537132, 0.16923765479789818, 0.01796053603544634, 0.01613956894321343, 0.2830304230604511, 0.1481497062300345, 0.05667649525832664, 0.020171183020916975], [0.39472401866219603, 0.03974641598405211, 0.01976669821208561, 0.02876047044006195, 0.41386877884920265, 0.021821477084878714, 0.06016273836867734, 0.021149402398844712], [0.3182074329549868, 0.13535817732884495, 0.017610905771145217, 0.02868770215334055, 0.3003578577414754, 0.14338836191837978, 0.03668341668845219, 0.019706145443375143], [0.331995557030682, 0.11312419593469143, 0.027816892676858395, 0.038302623652861294, 0.3347482048795275, 0.018799031608038468, 0.11149362926634607, 0.02371986495099471], [0.4066726757254987, 0.03591602148986488, 0.028618189233347437, 0.016923488526046845, 0.40852586293930293, 0.03062334693075043, 0.04279618696057279, 0.029924228194615658], [0.3118651138246814, 0.09183930887864096, 0.03641344455679561, 0.0780107754795081, 0.3072876484989386, 0.0833653284610088, 0.05609613685224188, 0.03512224344818489], [0.37360855318455005, 0.08845679438718206, 0.01846028848410076, 0.024123226789458253, 0.36649369193127485, 0.06919489232537065, 0.040232515444309155, 0.019430037453754195], [0.24070410153450952, 0.17680457124944426, 0.02999775482774907, 0.01834631319232473, 0.26166151848305286, 0.17170780488349294, 0.07108386082775936, 0.029694075001667975], [0.3160569288659791, 0.03650761079792208, 0.10029407096713709, 0.010749350181497728, 0.34067055059002904, 0.03368953523035548, 0.054472867278275265, 0.10755908608880503], [0.18880657130306946, 0.05686087367172149, 0.05665229467993687, 0.17079441990658728, 0.27704037004676835, 0.04320609943210514, 0.14838711696257906, 0.05825225399723288], [0.3483209870691318, 0.04440781343360841, 0.09308464866434316, 0.0081209160455965, 0.3502246591806886, 0.035625085883355834, 0.02705572052047166, 0.09316016920280375], [0.3809504007677426, 0.07653552585374136, 0.031109021669559908, 0.01173449690185305, 0.37848499206713476, 0.023703787905197508, 0.06705174077610478, 0.03043003405866552], [0.3821714338650805, 0.03728833504983312, 0.03844514227178772, 0.030521060206671332, 0.3702933771830556, 0.05400204817533582, 0.04903351487048077, 0.038245088377754866], [0.4747416801505796, 0.009493679195287322, 0.009586051185019618, 0.006392846390543233, 0.4526001220867396, 0.02632157153108078, 0.010459954771988345, 0.010404094688761401], [0.38163279771294295, 0.036545493674904374, 0.030210540501238763, 0.06301898578701633, 0.35285262231889447, 0.05813453523847679, 0.04074419711341039, 0.0368608276531173], [0.19078111661846578, 0.19412622468849958, 0.02591808417738393, 0.014912349831481129, 0.25224815666700534, 0.19681775246412078, 0.09609101820247586, 0.029105297350567758], [0.37353805443313265, 0.061233629355274, 0.040878798541076254, 0.008571135928752076, 0.3818823422150992, 0.026138841581572345, 0.06365389197103159, 0.04410330597406178], [0.3185884856168381, 0.03952159083240155, 0.03347177942190846, 0.18860208621410698, 0.290246277850106, 0.04921505900388567, 0.04161232620087584, 0.03874239485987682], [0.22951161368985382, 0.12381311634824112, 0.03526168195500366, 0.030002193023926677, 0.28699968322239644, 0.0637836270253542, 0.19245742266031227, 0.03817066207491168], [0.3447691533939721, 0.0800014190958527, 0.04439290465109726, 0.03193884275517623, 0.34843660560614187, 0.02968842651058193, 0.0750785143423483, 0.045694133644829896], [0.4016453737305984, 0.04218883441465978, 0.032553802907349653, 0.02631916764959434, 0.37695819822475096, 0.04837782396154296, 0.03182832564325513, 0.04012847346824912], [0.31331746799514487, 0.0895797567244135, 0.04102882954769337, 0.041947886055744524, 0.3306228678114431, 0.062189777685728885, 0.0812876213913581, 0.040025792788473534], [0.38952165072504175, 0.05194952435086801, 0.014856138953780332, 0.025898437598087676, 0.4092263849369468, 0.020712801503478807, 0.07353275749248475, 0.014302304439312019], [0.32267441563725396, 0.06880859948695921, 0.06981004435488655, 0.03565828681819205, 0.29533678517478446, 0.0871154366324139, 0.04480394865470273, 0.07579248324080722], [0.32460326200302764, 0.03630324678409588, 0.0348794861656146, 0.1981840249247929, 0.297252551871577, 0.0478856648369759, 0.019467561494949954, 0.04142420191896573], [0.33553409371921866, 0.05087367796802418, 0.08634055676466032, 0.02248746275930529, 0.3383553481695261, 0.03845852091283119, 0.04219965346681944, 0.08575068623961414], [0.3635336152103403, 0.06717144569439296, 0.04982494830568933, 0.0175127644721275, 0.36515976097700026, 0.0536581942744062, 0.03153756992804701, 0.0516017011379965], [0.31249468084786763, 0.09841847711653351, 0.041814440135278304, 0.05378291157187141, 0.2989364523344836, 0.10883228381787018, 0.04302876303874285, 0.042691991137352774], [0.394112433246807, 0.02976884654825472, 0.02880235248940739, 0.0719254005401167, 0.37972181667717675, 0.033337591846848404, 0.027079829140159505, 0.03525172951123005], [0.36850988517526584, 0.044122701367118045, 0.05515555361381832, 0.04653545463297341, 0.2155178995624826, 0.1711899800967138, 0.03938940859849851, 0.05957911695312935], [0.335898180649873, 0.12334978259213761, 0.018686867725798383, 0.017285216085582995, 0.3347332509211205, 0.06040875705166681, 0.08965771895939818, 0.01998022601442267], [0.32920807274575076, 0.01926012909784974, 0.1358669590073824, 0.010352358600297793, 0.32710767603908575, 0.014617985224652423, 0.01906574156688525, 0.14452107771809525], [0.4099634158984613, 0.04318699528960502, 0.023402030230140515, 0.011480959072501415, 0.4134095870599802, 0.030643706152636528, 0.04041450578431596, 0.02749880051235923], [0.379767073965034, 0.024449569933633484, 0.07138656475682344, 0.014781123041936243, 0.3560789170444815, 0.047682480137888825, 0.030101104278626004, 0.07575316684157624], [0.3251782383146042, 0.13512773277223097, 0.025014626494438835, 0.01498806571527278, 0.3035693469895949, 0.1488888430116971, 0.023375192671231865, 0.023857954030929374], [0.3932867405533127, 0.08077771913482126, 0.01675511938288403, 0.008621781186910212, 0.39341085612159604, 0.0755661737637941, 0.015399238657163947, 0.016182371199517244], [0.3285186037092394, 0.10588570735795176, 0.049444950769285616, 0.011343358244309357, 0.3123785945465988, 0.05742834696112159, 0.08629233816045832, 0.04870810025103498], [0.3847515684765791, 0.04371301294278042, 0.05254805514121527, 0.018924291609393004, 0.3569961894354414, 0.059044438509339534, 0.024242734405701398, 0.059779709479549394], [0.4115990042990295, 0.06081603522556354, 0.01255736704568924, 0.012707330334515895, 0.40197611677735234, 0.06665856489894063, 0.020213866458134302, 0.013471714960774019], [0.37982574304258854, 0.06104726918974179, 0.03398574236740097, 0.013200303531622586, 0.38638345676891855, 0.038425484819678654, 0.05249277496188524, 0.03463922531816384], [0.322649017126299, 0.07915147007256193, 0.02114041285551148, 0.10009802363778007, 0.31618159433386195, 0.08043533120784517, 0.05940443669042461, 0.020939714075715737], [0.4019458342483772, 0.05845431237674755, 0.016672951413498345, 0.025190406176709704, 0.40235118105575224, 0.03095264791062735, 0.04726182011000471, 0.017170846708283744], [0.43029654668255657, 0.016754187530331005, 0.010972614396419104, 0.026848522971197816, 0.4064065114243701, 0.05448331738909276, 0.04181159055232197, 0.012426709053710547], [0.38432281904357946, 0.03566272654066007, 0.029708176568254047, 0.0519645772630936, 0.3767645725168035, 0.0418079903963427, 0.046269216089821076, 0.03349992158144572], [0.3491874759864352, 0.03231629264897932, 0.06385240508550638, 0.07575085842596188, 0.32704742767418016, 0.04870753913001141, 0.03573821397312109, 0.06739978707580441], [0.28636112298298927, 0.034278631070641954, 0.022402653474205215, 0.013232054295692693, 0.4035908485259768, 0.0326876104220642, 0.1838199000631378, 0.023627179165293024], [0.35726033891961967, 0.03973509451629784, 0.0725947873903338, 0.014906821270192824, 0.3679508802765002, 0.02601006090602487, 0.048455550033822646, 0.07308646668720795], [0.3487897239326232, 0.025020020117049332, 0.1021776224655989, 0.028927259245135624, 0.3304702553955896, 0.03113777361143413, 0.02874230451192707, 0.10473504072064238], [0.3759945313342628, 0.038095496542848835, 0.05939864732192263, 0.02677150142068283, 0.3459701002020189, 0.049500450129636275, 0.03568271457108598, 0.06858655847754085], [0.3578510438037687, 0.06028645525492124, 0.06769018351511849, 0.010795622865742456, 0.35438186604292965, 0.04747484727202112, 0.03133118837031111, 0.07018879287518726], [0.27115314799353685, 0.05392715260635737, 0.14958766464866513, 0.028353747512237373, 0.23915377340656807, 0.06476420325042308, 0.03195202623288737, 0.16110828434932448], [0.2918485259522064, 0.0350917057798751, 0.13466837187794753, 0.0333797776682081, 0.2904257434458415, 0.030531525439683054, 0.03761399246656205, 0.14644035736967584], [0.23924261534619384, 0.04651820319307041, 0.15311372044245836, 0.07361371921877467, 0.24828199356993957, 0.03274020518727865, 0.04702828992947649, 0.1594612531128081], [0.1474391110664438, 0.15644878390140218, 0.08079351703654736, 0.020454806802571324, 0.23308332538851917, 0.047604309221861194, 0.22546470782137498, 0.0887114387612804], [0.3647357316609522, 0.06466296009237134, 0.0414433833429747, 0.01885569195729433, 0.37484049646611645, 0.038540614824492544, 0.053398914234334426, 0.043522207421463587], [0.3745461870120427, 0.04133963661657853, 0.04533647030599969, 0.018408402269335683, 0.380880284590009, 0.0324874643823546, 0.06260519350173249, 0.044396361321947145], [0.4288593056516948, 0.023598611979113702, 0.0313493652748493, 0.012043559663561021, 0.3744533152255008, 0.06811004852992954, 0.026631372802946918, 0.0349544208724041], [0.35361907301882345, 0.08860104021684362, 0.04564986566525937, 0.01792217449325362, 0.35358998100790956, 0.04054041095781108, 0.055929789394895846, 0.0441476652452031], [0.3335544109945939, 0.09221954552405659, 0.036886487307789845, 0.029340584795518453, 0.3264194347614632, 0.0892943169029212, 0.049265519358382796, 0.04301970035527398], [0.2843529139899181, 0.09931049793720317, 0.09770480971989066, 0.02223617181775706, 0.2848598866021649, 0.051675508440128075, 0.062211599360043564, 0.09764861213289419], [0.2825657358810997, 0.05070347139705034, 0.027015859295815486, 0.2551759652362654, 0.27648640774160105, 0.0215840128039506, 0.05628753985015991, 0.03018100779405756], [0.2921771739689756, 0.11100093589789538, 0.06865622525566102, 0.022893503410147793, 0.29778636726843705, 0.08276280236055247, 0.05690504195663237, 0.06781794988169854], [0.40725609322606743, 0.051124223010956225, 0.02241286650867052, 0.01179386302990642, 0.32728043635989973, 0.09530581562485761, 0.060070049142487224, 0.024756653097155603], [0.2469661564198313, 0.14221467191184822, 0.04027011736981919, 0.02818622998114659, 0.2771371535354775, 0.10892894751708798, 0.11515240373228025, 0.04114431953250924], [0.33606603481644987, 0.034517564399762016, 0.10748173056702406, 0.024829625540810526, 0.3269826441564408, 0.029234421777722477, 0.026251908003490993, 0.11463607073830018], [0.4323562223415471, 0.0282531101535989, 0.020514850086425878, 0.015334032093423948, 0.4303743627867655, 0.023811440778620067, 0.02681472090312579, 0.022541260856492832], [0.2595836884368336, 0.1588432131619667, 0.02024577060286095, 0.06504928924063359, 0.27111419388471697, 0.02788076719695863, 0.17408309173896608, 0.0231999857370631], [0.36801562096032586, 0.04618548131260462, 0.029625082147450122, 0.019274071414386085, 0.4009877920945115, 0.026048214443724134, 0.08022400934004513, 0.029639728286952906], [0.2256594192780687, 0.04055701153012048, 0.17769835868592043, 0.017507332069911598, 0.24428957218610806, 0.03328230543832186, 0.07149103661193794, 0.18951496419961095], [0.335590438598064, 0.09649772200737508, 0.03767752625259164, 0.04377668193850609, 0.2342500717778107, 0.13423972246857718, 0.07513068747422341, 0.04283714948285129], [0.3941166518815276, 0.06510360548211229, 0.026052313362209038, 0.012794974821817802, 0.39469378685282813, 0.05238864982537742, 0.02958325234653849, 0.025266765427588697], [0.2868553022584107, 0.1414824593238881, 0.056068353940896876, 0.012636751450806906, 0.2804297518703406, 0.1368019480768384, 0.028466461705627465, 0.057258971373190866], [0.29530329292705304, 0.11461788137046593, 0.019549742449800206, 0.0206855201179543, 0.33749867699807606, 0.03609050299454379, 0.15497486059175303, 0.021279522550354025], [0.3407452738766422, 0.11646147298091758, 0.022570380996345812, 0.014207625784191736, 0.3382145261522364, 0.11709970236926583, 0.02820696956761676, 0.022494048272784218], [0.2945864803123559, 0.16771623642898204, 0.01977207350068253, 0.018831058148552907, 0.2949837743571816, 0.1480316949191206, 0.03581813291119221, 0.020260549421931933], [0.2857260439696156, 0.13266525322630274, 0.0362003105219849, 0.015001454125833773, 0.2947198361718476, 0.05499036996294119, 0.14002103804950505, 0.0406756939719686], [0.3836367925382815, 0.07575200647385869, 0.02223468217278904, 0.015954984941491782, 0.3787880636826573, 0.06925152803145906, 0.03363607990016833, 0.02074586225929473], [0.28397827241418594, 0.03441572344818462, 0.06738785723783869, 0.04634189971693286, 0.3500851346401289, 0.035538910645250096, 0.11258741122849836, 0.06966479066898035], [0.351483303637264, 0.1143218186837072, 0.015737051657088892, 0.016367496242461723, 0.3351241589590278, 0.1238555988320459, 0.02667018720129845, 0.01644038478710616], [0.3905386131669112, 0.043226829848263155, 0.02602157195836946, 0.033154957993562766, 0.4052392927484003, 0.014285236604626644, 0.06201043658555792, 0.025523061094309168], [0.39564501462331264, 0.03580437845005047, 0.02118159579994591, 0.07727334935719984, 0.37145599303455185, 0.044557405919277406, 0.031869642558859546, 0.02221262025680227], [0.3924077949316758, 0.05237625974717989, 0.0236171832342783, 0.01622193252735492, 0.3977557555941785, 0.032574112872713556, 0.056927303766435934, 0.028119657326184024], [0.25538678719218677, 0.1850786572658265, 0.02804550338434781, 0.02926551416926221, 0.24936767634503407, 0.034535895354647274, 0.18640884689484408, 0.031911119393851016], [0.4471344882815011, 0.026159152998840248, 0.013385245864519352, 0.0197062221529352, 0.3166692763744295, 0.13843868864275688, 0.025824441620340168, 0.012682484064676697], [0.278344624236879, 0.16079840129931958, 0.019515726932602513, 0.05927438584471763, 0.2716365848384687, 0.14860041475564956, 0.04087890954761961, 0.02095095254474346], [0.26572478347866346, 0.18259518061372892, 0.032961863264756, 0.019845880112498316, 0.2668852395294239, 0.021032446135409118, 0.1782935929417314, 0.032661013923789076], [0.33155306051572386, 0.08829175148422717, 0.054995992073201015, 0.01823732360030004, 0.33385707044055196, 0.02990835035415276, 0.08643028317939577, 0.05672616835244795], [0.3353295715509215, 0.05378627372454447, 0.04783612480419263, 0.1082195359188081, 0.33318362949232244, 0.04811474098268417, 0.02664518197599643, 0.04688494155053066], [0.24203647623580882, 0.11373077136473028, 0.10698861406170654, 0.02294191839103452, 0.2388100230721219, 0.047218127945802296, 0.11818653797994318, 0.1100875309488526], [0.37533986854109264, 0.06911921893613425, 0.02445135334215364, 0.019364394482758163, 0.3685006362954416, 0.08312427351766118, 0.033830182199679155, 0.026270072685079554], [0.27383548686219367, 0.04738945374425783, 0.06542343092837179, 0.022463542307703928, 0.3609069971929706, 0.026835793438317983, 0.13756773850022921, 0.06557755702595469], [0.3139113726824188, 0.08257675437742583, 0.05916459978825776, 0.01514280964449907, 0.3369389906204629, 0.035050089226499555, 0.09825170923574952, 0.05896367442468706], [0.39698316505049963, 0.04865162621178716, 0.042941427392581576, 0.01588679362997616, 0.3979188158003697, 0.03199642719878477, 0.024770918166923138, 0.04085082654907729], [0.29131433937814344, 0.10496852601764667, 0.0250182780617216, 0.01866761332923016, 0.34383341450086663, 0.033154320553224016, 0.15481338785857948, 0.028230120300588118], [0.3415225670083585, 0.04369294234166168, 0.033617034977730297, 0.11896287421200419, 0.29564257158890306, 0.07031119588341397, 0.054870954030331105, 0.041379859957597416], [0.1613922765829087, 0.2569869039976455, 0.06000161982130963, 0.020086139520355296, 0.15755819773634538, 0.23725254482140085, 0.04828350385999232, 0.058438813660041423], [0.35996883323857876, 0.062496987875527925, 0.05676936716886282, 0.023154960042424545, 0.3467945808024793, 0.04821376888612978, 0.04464852783015905, 0.057952974155837174], [0.4281002527031634, 0.03060884216033029, 0.029235194474120128, 0.018033444273003296, 0.3457311060857205, 0.10063585597825374, 0.01832840037313884, 0.02932690395226935], [0.308433292489674, 0.05277653564666256, 0.03632580994602471, 0.022236014655221258, 0.380047892397646, 0.04140341331444847, 0.12493947759129247, 0.03383756395903017], [0.3951990446027768, 0.019703769454157336, 0.035308080180391506, 0.03364670614657208, 0.3763800975386082, 0.04884235256540708, 0.050091550295128504, 0.04082839921695913], [0.4086461725198129, 0.026223413839059503, 0.041683473466499955, 0.012963231284551565, 0.4147808096434422, 0.016209963494461913, 0.03462351280303963, 0.044869422949132466], [0.3686120692746533, 0.07382412338181525, 0.025782212246037318, 0.04300127949997419, 0.361114988836701, 0.05592831825475524, 0.047334008225119184, 0.024403000280944102], [0.35890588925768696, 0.028886612786719872, 0.06657472557236842, 0.042578332933054866, 0.3625297827060663, 0.02963022788241948, 0.037887416536296695, 0.07300701232538812], [0.25900551474096284, 0.07270222420220741, 0.052885465320303686, 0.1507840722381859, 0.2794091154627193, 0.037733943764290866, 0.09110006081055029, 0.05637960346077918], [0.28254701257316356, 0.06845672634316641, 0.0584114419300036, 0.14682095071243026, 0.2753484587969282, 0.04192464536655691, 0.06244132786143075, 0.06404943641632059], [0.4626594475725408, 0.018377854443157274, 0.008759421160002539, 0.009388