{"estimation": {"a": 4.047158183874548, "rho": [0.13952305310553184, 0.11921036188994917, 0.13438351129925363, 0.09328635768807148, 0.12909855264719997, 0.11770575090842196, 0.12344782175599478, 0.14334459070557734], "Mu": [[-1.6690418906332902, -0.12949173234032374, 2.2508726977152516, 0.31168777378335677, 0.5164501243819345, -0.839611585362729, 3.2409993510297688, 3.1344808783746347, 1.9432817648772303, 1.2965718063174567, 4.218151507297112, 1.9591621076354655, -1.7941143743146715, 2.1103057145669837, 2.038456696612462, 0.4937554936926692, 1.0770515028405503, 2.346002623121146, 4.859284299933263, -0.560600908656978], [1.295525201774858, -2.7477458365806973, -7.906805146205312, -4.964704001573096, 0.37433122301840693, -2.2881033856353388, -4.508364985411018, 1.471957291690594, 3.4101132878323885, -1.264452152397332, -2.185140393097431, 5.933606628200102, 0.5342176527596908, -2.8740563376009005, -3.8137418774721943, -2.379072185421072, 0.762231338111418, 1.0989521309639185, 0.5480305492391045, 0.703463221931597], [-0.5531913518449398, 5.245767669900709, -1.3003143603059841, 2.7638797784512197, 0.3374508018553207, -0.19262214977211747, 0.33146930716256673, -1.8719801001171017, -0.2875499189430064, -1.160351660000148, 5.819588260601077, 0.5111457964965798, -2.849335583849188, -0.4833513618578699, 2.271625164307753, 1.868720310221942, 1.8726716940645163, 1.419716275980686, -2.8801262014253584, 2.2785702574924427], [3.305046550565599, 3.6574358512488336, -1.9980999195264648, 3.4066616605741724, -1.486138182848741, -1.91928421164738, -2.2487934952283415, 3.0094479940743595, 6.304142202200097, -4.340053800803322, -2.1593197021836614, -1.5007377886122646, -1.8379933958210646, 2.7699868043626026, 0.24556724111882425, -1.9645516843159772, -0.6079327649259145, -3.3861772038396154, -4.083935114507155, -0.30353729690411557], [-0.9091725148526458, 1.8473613444309427, 1.8323285881668947, -1.833770006111049, 1.093358936876301, 0.002676444986900514, 1.9262395668019614, -0.954786424590258, 3.3695482851986602, -2.0548843528585086, 8.15443020991696, 1.4333922239678525, -2.778711903496192, 1.668923540115607, 1.4678440841241016, 2.2710584603602744, 2.4803166952093796, 0.490802124360022, -0.6549988772034232, 1.4089573288358817], [-0.8919478299282722, -0.353177874005676, -1.658648433996633, 2.1206706467663854, -4.0015190299428625, -0.0783869763025653, -1.7449910379108386, 0.8385869199219995, 0.036109342460431175, -4.946913196307698, -1.5556309394529069, -1.4410783991780776, -0.47023195176156857, -0.1124755178694076, -1.744859046600473, -0.9671705721892893, -0.6028098193970878, -1.644835564819088, 1.410904397483974, 2.2846734185224604], [-1.8798100766771018, 1.1843789908214697, 0.349129821979145, 3.006810644050859, -2.8444434463209047, 1.2636284225251508, 1.1483376642521246, 0.843967476149437, -3.834765527515956, 0.12987690318584388, -0.811666745164827, -1.7995001377245698, 1.7234672791071017, -1.0023887553223296, 1.44912875034828, -3.2140174866178897, 1.4426230496712684, 2.0106557924502404, 7.630029364684541, 1.6571928294997453], [-0.21442296501611688, 1.4070271927541844, -2.8665173282775176, 3.950076530798185, -1.3348661180073746, -2.714335530071148, -1.2169161191452376, 2.1550895630422895, 2.7799247277724968, -2.3609192995531987, 0.6981899408319632, 1.4691062699722168, -3.934176804337558, 0.3514502261002426, -0.02578501079559223, 2.088752499941069, -1.5288974504522186, -0.029773623070053764, -2.8898296722107863, 1.242872895895637]], "Lambda": [[0.41798913444016167, 0.43032938508390445, 0.7674699349876126, 0.5498141598017365, 0.5540108389690923, 0.41426989415896714, 0.6547565308166678, 0.4394168331775836, 0.41311171786746054, 0.45510459679964027, 0.42847335825039173, 0.7453342877180347, 0.3839372857157616, 0.4281764357714476, 0.5192582387064714, 0.5777279377720648, 0.5448101593023371, 0.4699508503830148, 0.38670391440031066, 0.44003256123415935], [0.5393434919205677, 0.8910164261949419, 0.3657543446252902, 0.3692132643707115, 0.28282140103002495, 0.9482427400674032, 0.36501862158576287, 0.5008065539310341, 0.39222352847776526, 0.7112730216506615, 0.44988577957033404, 0.12303551051416375, 0.9516776056435344, 0.36363209330858304, 0.41693518203720226, 0.439260329408631, 0.33172815228564745, 0.12294328092436047, 0.292146215340502, 0.9391200095501665], [0.7005365561512932, 0.2234233140377213, 0.4792617084701981, 0.3709365585809182, 0.6961762329008458, 0.5477382256455724, 0.40271526451295747, 0.29038687705839067, 0.8934302111328675, 0.38978453837924965, 0.3170508726898793, 0.33860449567397255, 0.29516180878165155, 0.4322809620413301, 0.3670005002903744, 0.4714919832966132, 0.3298591504376984, 0.3816035064146253, 0.3267184526914822, 0.4410417170173615], [0.2944297306312037, 0.14512045300474308, 0.5616636851515083, 0.24293915104521682, 0.5484618302346095, 0.32820415286775295, 0.5515791710020767, 0.45131874738967037, 0.18328637466765804, 0.5192943319149365, 0.4061393564273215, 1.0096940293946595, 0.43781867126105756, 0.9007044506021494, 0.20516824844194567, 0.29665176499319645, 0.2325597550880516, 0.41363090022029725, 0.7660228671966351, 0.5630663484261564], [0.6203867538711707, 0.46392154561658716, 0.43355933416355186, 0.6017156736460939, 0.6471166572803975, 0.3486689897814051, 0.33902686037664287, 0.3288164294206415, 0.6692211597858339, 0.41528361081385606, 0.21856043028145136, 0.3809039936741811, 0.3093478875989589, 0.28646820448769783, 0.3754504551444971, 0.5101263199452345, 0.4131645168129253, 0.4543365988376105, 0.29213996067924264, 0.48277095627875444], [0.38003252758492895, 0.6157372278612245, 0.42181519531640105, 0.47773333679340857, 0.3688915720926886, 0.21842967293047685, 0.6532082088222335, 0.35086559372675563, 0.41323778119495275, 0.4546426383195935, 0.5637109459376886, 0.3284275526487653, 0.36863089243032504, 0.5882565772867425, 0.5833260234959373, 0.4475231521176896, 0.756237878697311, 0.5237646174742244, 0.4372832355493944, 0.26309276536464754], [0.3095932073051837, 0.3999922887335741, 0.8210858996014515, 0.5196491960307121, 0.3627285691902953, 0.4767873989249194, 0.8929313047528792, 0.5133946706935673, 0.4540518990007349, 0.5172530409263896, 0.5335846257707784, 0.687046149812701, 0.40050910126551514, 0.7860194730118415, 0.7584383296776294, 0.664062125074585, 0.6928588772199374, 0.5005596107816428, 0.5058689074002972, 0.39260449532907926], [0.6260905721388609, 0.4897797746053701, 0.43858595230342395, 0.24179818323519608, 0.6684956071573406, 0.3583957408775162, 0.5028343185487244, 0.26726538082749063, 0.6748228609185838, 0.34915086713230664, 0.5115104282364386, 0.3404288930022101, 0.2872976979465652, 0.37364183527106254, 0.2336594740866406, 0.369452367354253, 0.43096087171988073, 0.4474547539624301, 0.34754933053868814, 0.2306078938690885]], "U": [[0.09586573655580999, 0.09026601284609055, 0.08985423170848733, 0.1534140474362901, 0.09589394533026047, 0.20678257769352476, 0.1053003295427056, 0.1626231188868315], [0.23765078990642627, 0.1455489147223261, 0.10139412277330352, 0.06056876579788367, 0.07662525120339253, 0.06396019829972065, 0.2112795761938418, 0.10297238110310561], [0.13136235189584014, 0.05660279619688991, 0.1879204515386013, 0.03589827921228897, 0.08459917524404464, 0.13149474070695077, 0.17306889295406994, 0.19905331225131417], [0.13409937807899217, 0.166329041968203, 0.1140453148094171, 0.045629782437431876, 0.10282089897833614, 0.14732053050031638, 0.22473490879653468, 0.06502014443076867], [0.12777563652624657, 0.07160340152330077, 0.18345238813537973, 0.0864904023935141, 0.1282198362754405, 0.0995035450734524, 0.08629041143315587, 0.21666437863951019], [0.15464957995673884, 0.2614711183113187, 0.09854164998800755, 0.040281816676605776, 0.11317740366581151, 0.09761015121803, 0.1425193747741135, 0.09174890540937443], [0.2358956720567678, 0.08946774315406528, 0.10566027897347031, 0.09846252248279426, 0.2268533524885453, 0.06096170617991283, 0.06716686034106327, 0.11553186432338122], [0.3566807440904554, 0.05463518336818778, 0.06202665731653418, 0.019252752340970007, 0.04546063771692713, 0.047557723305783624, 0.35342747246417794, 0.060958829396964724], [0.07743014119920476, 0.019605433823777562, 0.30709396593305543, 0.03806064557926201, 0.11091499234642095, 0.07123332631049356, 0.07035450421749528, 0.30530699059029126], [0.1954216847718756, 0.060908727413105636, 0.09602668841815741, 0.03058268336155131, 0.1250598856733178, 0.1820899227392654, 0.2506093774270311, 0.059301030195696006], [0.04269430874807452, 0.4817514903725781, 0.07622239865613914, 0.04368881900292131, 0.05078031491859692, 0.10860194404947801, 0.041912380698300986, 0.154348343553911], [0.10323025047670706, 0.09975325688092149, 0.15788993113203342, 0.16411750512148698, 0.040749736185552624, 0.12025922728838191, 0.12226961485184987, 0.1917304780630664], [0.05198995904360297, 0.4881055609570061, 0.06554054237302194, 0.12345763720393901, 0.0673608187596848, 0.06841200474165429, 0.034064737771765385, 0.10106873914932547], [0.10341670468018437, 0.40686707104674774, 0.11848525337517336, 0.013253816605851908, 0.14739070893353234, 0.059068447004368425, 0.03926416554111403, 0.11225383281302825], [0.10129933104541085, 0.21385307692162278, 0.09582998842331128, 0.0829995476113145, 0.050156254575820916, 0.14778736793469222, 0.10163623252458148, 0.20643820096324575], [0.18077908654655558, 0.04506586411642908, 0.1707186457353138, 0.0457231659695553, 0.14794863925864288, 0.09504470336736714, 0.13612487560208714, 0.1785950194040487], [0.2511286997448035, 0.040555563134703994, 0.09658488103118419, 0.0724202982203136, 0.10575037706086501, 0.11039338244204067, 0.25958436606566315, 0.06358243230042536], [0.07126649820756494, 0.5012130041215761, 0.06555342923690555, 0.03719138837411255, 0.06620365692021977, 0.0854406654733214, 0.059125833856213755, 0.11400552381008575], [0.13809585892501233, 0.12278178566402977, 0.18776003493889482, 0.10586946020606988, 0.14124088036317, 0.050210198870295916, 0.04543505542392378, 0.20860672560860383], [0.2040910407259908, 0.08051111328702963, 0.09970777209225475, 0.10910515963726815, 0.06725239618595183, 0.11788585040050018, 0.24363079216731098, 0.0778158755036934], [0.09559813691877232, 0.1480393833091911, 0.2157315073631534, 0.05890192569509026, 0.10082337599964562, 0.07881461922741075, 0.04689179923890342, 0.2551992522478329], [0.1543793565132981, 0.025594830100993768, 0.24899440205814233, 0.06896976932751318, 0.31305279181473705, 0.04268230744736802, 0.042743416965214526, 0.10358312577273311], [0.23786051629227367, 0.21366037679063363, 0.07495917658673765, 0.0678663874745053, 0.07192521700179964, 0.046723844809455364, 0.2001058330042703, 0.08689864804032396], [0.1294402063438702, 0.037166468028303194, 0.22173208869862585, 0.07668101449737695, 0.1369436780234397, 0.08820907812810719, 0.09187635755366129, 0.21795110872661538], [0.11597537879967619, 0.056940623941176854, 0.2525571786551623, 0.0728811444648512, 0.27125232471646493, 0.07326576239562811, 0.07287150843833737, 0.08425607858870371], [0.21468429002066164, 0.08085377377026338, 0.11772891401254834, 0.05724466954096007, 0.09137011650686998, 0.09795412383212894, 0.22103253657853117, 0.11913157573803616], [0.17260652431911755, 0.03557818818496114, 0.18392865874503878, 0.03356851326477923, 0.19097941989377729, 0.09721311754311197, 0.10404483129255368, 0.1820807467566601], [0.16508123499369542, 0.04474677945368, 0.09348805297157294, 0.15523134390328797, 0.07519242659937916, 0.1546751457693075, 0.22232757858100669, 0.0892574377280704], [0.1928614652722528, 0.15634395339232976, 0.1046124637054294, 0.046142915403155585, 0.08863437044813238, 0.09248812826100958, 0.1734915303039075, 0.14542517321378315], [0.12835184375500402, 0.31669490153878493, 0.08285672275641434, 0.07222425224529158, 0.10509855307742338, 0.0802839050589287, 0.11571766876811534, 0.09877215280003813], [0.2666823243812915, 0.04099668377662055, 0.13255296435213018, 0.040127366730807995, 0.27259940724670456, 0.05684202096594359, 0.03424167195288109, 0.15595756059362093], [0.05664006337813246, 0.14479962966617752, 0.09289049868766051, 0.21216579003083627, 0.07465371358318205, 0.1695658986624386, 0.04892238877634702, 0.20036201721522584], [0.07297578060369389, 0.033134876144730804, 0.09379913056598625, 0.0540718524570149, 0.09565241800247837, 0.28439815737848695, 0.30225066171490345, 0.06371712313270515], [0.09437279294877073, 0.06650608756055774, 0.06375366842971843, 0.048115291536838085, 0.10501423446970842, 0.28378389174164975, 0.2406261119661857, 0.09782792134657047], [0.18702277634014963, 0.033630987448609664, 0.21432863934358642, 0.036905267375424385, 0.06136896012871008, 0.05175199500983513, 0.17572844894343098, 0.2392629254102531], [0.27378970642107725, 0.07784663788375132, 0.08236210695416234, 0.050700539205642686, 0.2754027021801622, 0.07386325885876334, 0.08526632644074164, 0.08076872205569995], [0.05684466828715199, 0.4161478041826642, 0.05380169340434139, 0.17992408401563997, 0.061128717335999304, 0.0832142560380134, 0.033589472453604156, 0.11534930428258587], [0.1063837314815447, 0.024391605542068664, 0.21531274361648733, 0.22225568180378893, 0.12436103173231085, 0.04723713443108037, 0.08295646658171066, 0.17710160481100953], [0.06468393870301847, 0.11535989696300575, 0.09869053057779459, 0.04130452168980004, 0.08276725163333042, 0.26946840689509116, 0.2581500564932017, 0.0695753970447576], [0.09126530189295963, 0.12328410630136963, 0.11108970772569583, 0.11403290569868577, 0.13284545843463103, 0.18337913245456444, 0.049322342061380545, 0.1947810454307139], [0.13524651138761018, 0.11564761662200528, 0.2048454269022932, 0.06596138961180498, 0.2578530700588771, 0.05827536297249504, 0.060959000354794235, 0.1012116220901199], [0.2101381766904029, 0.05685221484572036, 0.17479151353359848, 0.035763100177604666, 0.28784770065599596, 0.04672374756100231, 0.04063772221475079, 0.1472458243209246], [0.04951687782403428, 0.20049855607360484, 0.14131902171734007, 0.28956841786853404, 0.12880355889348352, 0.06189233408699056, 0.030936283534652293, 0.09746495000136006], [0.057222695998080046, 0.04964275061536223, 0.18475337333088782, 0.3623356333226154, 0.15877260958576864, 0.06576384152830839, 0.04082644996256597, 0.08068264565641134], [0.08807537020752594, 0.0867419235996392, 0.2864902517040311, 0.07515217582519884, 0.070580002598391, 0.037942153998811165, 0.05381409040677026, 0.3012040316596333], [0.28326674590397455, 0.10936437364776422, 0.08940005906701957, 0.024473904307223245, 0.07085226052277062, 0.057811610631960116, 0.2755344557754248, 0.08929659014386225], [0.06743305414204069, 0.36809188537076787, 0.11529908654750955, 0.068449055207983, 0.08528955115782046, 0.09516331813709171, 0.04483017985470762, 0.1554438695820795], [0.18986045965786608, 0.07063126754510847, 0.1177806319300727, 0.05417408597924598, 0.20386997482109132, 0.13078869259610215, 0.07008043030689094, 0.1628144571636223], [0.1532854159091917, 0.160609742314287, 0.08407310858064476, 0.017668664966099847, 0.12366028858486465, 0.17101360589136816, 0.21047747827539529, 0.07921169547814842], [0.06013168726182069, 0.024959951636278052, 0.3426610689281377, 0.07236127597175644, 0.05770292050646398, 0.043245432995396425, 0.05861744373593465, 0.340320218964212], [0.11861393232110287, 0.1838641055117355, 0.08817195037864209, 0.13440428098252813, 0.14793371052616164, 0.12493079480020419, 0.03503491500625038, 0.16704631047337565], [0.143083366316502, 0.10448892357920402, 0.14740416573661136, 0.021195335674263984, 0.09291240923085159, 0.15441190753047976, 0.20442233264868198, 0.13208155928340487], [0.18470344042016754, 0.10601255445602752, 0.08895496193063022, 0.13039665702717104, 0.09134011067671899, 0.12023168286082139, 0.19192204764398296, 0.08643854498448046], [0.14762868432996448, 0.02641893183690372, 0.12478817084026299, 0.30840298968775304, 0.05729533339830745, 0.05643592136301335, 0.16117780470810106, 0.11785216383569375], [0.2599657904612345, 0.05105077758405618, 0.12924197652315045, 0.04098258116653242, 0.1308955619445944, 0.07318067063197276, 0.24756018356374462, 0.06712245812471486], [0.08002782478190006, 0.02694615431274359, 0.08997083635586851, 0.5337774394253038, 0.06344103486363539, 0.05962175859827516, 0.07482461072941277, 0.07139034093286069], [0.2882000742634678, 0.1179230622624963, 0.07333312189944848, 0.018845944777735, 0.1259760129500189, 0.06832906365655513, 0.21530308548715696, 0.09208963470312131], [0.07697596709422865, 0.5229209563694511, 0.08724481997531815, 0.059167410908733696, 0.08807098238917328, 0.03847016241095711, 0.06270447799203112, 0.06444522286010651], [0.29348811698067523, 0.07606131900782112, 0.092311558161145, 0.04653989878768576, 0.10014050513446458, 0.05781169494236425, 0.25207367722936985, 0.08157322975647403], [0.07737228937134302, 0.5070227233553771, 0.07306004576324988, 0.03629488574683753, 0.057459011006256284, 0.07269595877413876, 0.08040857435730886, 0.09568651162548926], [0.12638694595605024, 0.07820949099438644, 0.2556015750848429, 0.03431589889984234, 0.17221606176022028, 0.04696526389842295, 0.060700051319479635, 0.22560471208675548], [0.03683017547075361, 0.07619955394302465, 0.1160025985726002, 0.186135097222219, 0.05380894150005677, 0.21370369351210192, 0.022342339279477676, 0.294977600499766], [0.17324715715233466, 0.09193678865609985, 0.0556911428801153, 0.11682519409422187, 0.056533268257710975, 0.2086398943970139, 0.24622556101294105, 0.05090099354956232], [0.08138146398777547, 0.0602873883348426, 0.09304660622409093, 0.10156257487685214, 0.06779561012661516, 0.24659879054916597, 0.04947838983605719, 0.2998491760646007], [0.22296511326515261, 0.10151720745446355, 0.12095917110849994, 0.06292009247223788, 0.10410424719293064, 0.07815686705471729, 0.1926521060363519, 0.1167251954156461], [0.27501701402374085, 0.09349737276248267, 0.06593845573556469, 0.058637326250069184, 0.049483791286741956, 0.08917856333288203, 0.30082436135191615, 0.06742311525660188], [0.12307947992388837, 0.06838470773673054, 0.19634097314683333, 0.07328411730996522, 0.1609026965266467, 0.09650995309679349, 0.07223505372503768, 0.20926301853410464], [0.37157647115905573, 0.04991807105662717, 0.06380978991696622, 0.021875835844712463, 0.35727036644687016, 0.02298969430483972, 0.03926732906607422, 0.07329244220485405], [0.14589769082102377, 0.12259198586088123, 0.18978717161072284, 0.04150727676135545, 0.2507779787805396, 0.062388841782528855, 0.04215600125885619, 0.1448930531240928], [0.1447517445104781, 0.03718369735253641, 0.21776712762291112, 0.025393253129001085, 0.19092768182404596, 0.08782007882476482, 0.1176964418217931, 0.17845997491446905], [0.15976707106413401, 0.059800472482241594, 0.20983126837657648, 0.03507300044293155, 0.2487729954930965, 0.05977758457572011, 0.07861816507298287, 0.14835944249231686], [0.1752576321097622, 0.08610477709441523, 0.1398511726592762, 0.11327938691997959, 0.17609621438431064, 0.0744571543195482, 0.05815886587932977, 0.17679479663337874], [0.07222610419659863, 0.031499086954336016, 0.039539713060070876, 0.3637738377793077, 0.038193771104786195, 0.20062427456416237, 0.07862176699390112, 0.1755214453468376], [0.3609227182344533, 0.0364177121599122, 0.05511910114275509, 0.015814433589230827, 0.3413461659845541, 0.05261512714332044, 0.0874763654682714, 0.05028837627750283], [0.08706452445086477, 0.5405865483537665, 0.03790938582524117, 0.02445716813177442, 0.04763480633678826, 0.08706868941822081, 0.08300179661621414, 0.09227708086713045], [0.03680366682134332, 0.09250356590664734, 0.06640061507805804, 0.41398535240777284, 0.027261441834687972, 0.13180596380319692, 0.0292968774348451, 0.2019425167134475], [0.07931846551161081, 0.05237058811877298, 0.10954071757073189, 0.13577651449331948, 0.08400850374646686, 0.22629417987149, 0.23254299105780082, 0.08014803962980788], [0.13405159086982557, 0.09809384408715252, 0.21200048892707818, 0.0775624160210499, 0.11738139543577032, 0.0560916123203785, 0.05294006495189041, 0.25187858738685504], [0.17579973673821284, 0.13061798861441531, 0.13617513773090723, 0.049070692914655704, 0.22689858109776903, 0.0807882353769356, 0.08113601223157756, 0.11951361529552662], [0.03446615331226127, 0.1671036742601378, 0.09153035834301834, 0.10862830676265234, 0.08385498675985302, 0.23762553242353637, 0.035910499741242836, 0.24088048839729817], [0.051382438868467564, 0.06182042037078139, 0.2181935516500626, 0.1867132365731722, 0.07013258736045473, 0.09873749580497383, 0.039777653238763366, 0.2732426161333235], [0.09421311947572565, 0.31959953527725316, 0.11088937610481141, 0.08224271484403685, 0.1087021433738663, 0.08379213992993013, 0.09983583193211575, 0.10072513906226047], [0.10197341461413488, 0.09735464888622763, 0.2550101840197613, 0.06516898346596926, 0.08921825596743055, 0.05787662086420718, 0.0292341783800048, 0.30416371380226376], [0.2956990351455058, 0.07933629347918678, 0.05710207634840019, 0.04317622327880786, 0.05120471534838779, 0.09217364276650548, 0.29803174508074604, 0.08327626855246045], [0.18908534557743767, 0.15013099218745182, 0.10224306325432446, 0.04674204779565065, 0.05375541183190898, 0.11199810789255835, 0.20422907844415722, 0.14181595301651095], [0.10793008837853034, 0.05022151349675405, 0.2830695171311153, 0.035484640624776784, 0.24752219948325277, 0.04949426131588801, 0.04597106893686136, 0.18030671063282117], [0.06326404681943629, 0.04785559937222981, 0.07987775705312254, 0.047859498765601076, 0.09040650439306154, 0.2984821641049038, 0.2798173005518992, 0.09243712893974566], [0.14185966807299047, 0.06870281791741617, 0.06802748805014894, 0.11118584333001151, 0.0675162293558787, 0.2258812583909751, 0.25214651226816814, 0.06468018261441084], [0.0845055768227772, 0.17193240597887932, 0.16627655508846972, 0.18578346927362482, 0.17065822094418923, 0.07399046730010038, 0.0492195265589752, 0.09763377803298431], [0.10362440861212655, 0.12551959691871792, 0.11421901386797488, 0.20121053281669732, 0.09613592288727446, 0.1174398038649809, 0.10480086684731714, 0.1370498541849113], [0.09009702537464205, 0.056866085122654904, 0.26005209798959106, 0.01762642456742297, 0.27347622682571815, 0.10625511717448094, 0.1167284616962199, 0.0788985612492701], [0.10950871640641567, 0.03717075916368757, 0.25221038198617024, 0.13950045633114921, 0.05679758432753816, 0.04938379282254628, 0.08392763829759918, 0.27150067066489336], [0.3463145665422298, 0.09470319923045414, 0.05900141976495103, 0.03073045047882149, 0.03263747942496174, 0.030813149598657406, 0.34488221601814956, 0.060917518941774246], [0.10021924626054461, 0.0170375695467941, 0.07560843162399526, 0.09409370634884646, 0.06880320229594727, 0.29269221125632533, 0.32199023842513325, 0.029555394242412776], [0.1950877519683567, 0.03677052923428044, 0.16263315284363306, 0.12254335911833086, 0.1859981296787461, 0.06017006683560711, 0.04384508673261508, 0.19295192358843025], [0.08500122983290034, 0.273888938682642, 0.10652858333428251, 0.12281984793904206, 0.09753098529302913, 0.1011312362871717, 0.06047256531990205, 0.15262661331102992], [0.11821167352445028, 0.12004870948168882, 0.16421597841425226, 0.06924657388245992, 0.12336264882929879, 0.12171929613872011, 0.1130934205993604, 0.17010169912976975], [0.2557362159022456, 0.10339561148192025, 0.1047643200555695, 0.04090014668546693, 0.067319091483107, 0.0760618213369021, 0.24276060987611445, 0.10906218317867404], [0.07249139674341802, 0.019028626963125118, 0.31093439120607774, 0.0299516775271417, 0.1793364208169371, 0.05853813408244134, 0.08954787665393199, 0.2401714760069273], [0.21924173582611695, 0.12366742046552223, 0.1261433678342722, 0.0300158555567248, 0.24359506304157258, 0.07322963980607172, 0.05941772394435795, 0.12468919352536131], [0.14454277343654037, 0.1666617104484315, 0.13050283172753635, 0.06068800733106465, 0.11649063517134217, 0.11287259039093164, 0.14350705968982244, 0.1247343918043304], [0.17053976997511217, 0.1049274989149571, 0.12318337656676003, 0.025808861270920313, 0.153759832361904, 0.1361883410364638, 0.18902951218936612, 0.09656280768451639], [0.36020444936090873, 0.0864914901864642, 0.045104198717627345, 0.018694636993289975, 0.04307113145707331, 0.047677747461724186, 0.35106491037688664, 0.04769143544602487], [0.11490278851889185, 0.04169474044233636, 0.0872664083142243, 0.3309484154668184, 0.05744419635621207, 0.12394702218377307, 0.10801387609575014, 0.13578255262199396], [0.3393696627279354, 0.04887811577472711, 0.06310730003915091, 0.030128005873896777, 0.069429392496041, 0.05802029483150237, 0.3150979247317696, 0.07596930352497686], [0.14024065812705375, 0.037137040567742696, 0.18315473679683383, 0.05620284017685237, 0.18020559617739842, 0.12144925389734192, 0.11635996674660502, 0.16524990751017196], [0.2244915768833532, 0.06874118992250806, 0.1129938474063892, 0.05344340176209709, 0.26999564425125766, 0.08809519482031625, 0.0926743342423635, 0.0895648107117157], [0.06155441693865874, 0.056064584283563965, 0.08472852456882413, 0.3829330418099638, 0.0623704525984945, 0.1359509159252045, 0.06904758923907481, 0.14735047463621617], [0.0729223548916327, 0.08322283950966816, 0.1386178586826981, 0.2111351107435847, 0.08072210958371902, 0.14271906567061737, 0.0499904963511355, 0.22067016456694422], [0.217454362130205, 0.11328729938144776, 0.11930342939435243, 0.026403120998393204, 0.2281618746487158, 0.08796681938187788, 0.08805001925811055, 0.1193730748068972], [0.22381599144393002, 0.09600605611475448, 0.07890685788745574, 0.022214424279144676, 0.10071447486525026, 0.1321100367785475, 0.26727916116539285, 0.07895299746552441], [0.02395631771581391, 0.04585359604148925, 0.21757664645745292, 0.09170621006274193, 0.1823547133774394, 0.19127868576879603, 0.023357732297773468, 0.22391609827849276], [0.0846422044559675, 0.1162436752876471, 0.06134161219046479, 0.1860059768757468, 0.0749050540855975, 0.2079397617116968, 0.08273786702588867, 0.1861838483669906], [0.17979407309395515, 0.23348512038523914, 0.08188656856523006, 0.0222479821294698, 0.07290986376274525, 0.12269254550482935, 0.2085626139626652, 0.07842123259586666], [0.14904561771509586, 0.2214333154825851, 0.16801746405112555, 0.01656148536071883, 0.15218206684134145, 0.05891408403257337, 0.058973433726780225, 0.17487253278978007], [0.08100749435171738, 0.08824204639911414, 0.19264079092378877, 0.02845875247474503, 0.10275475150061973, 0.1584578555858687, 0.17604510538219487, 0.17239320338195097], [0.1526975959457499, 0.01981411458525447, 0.25448233344417914, 0.07440478428676324, 0.2870037774258466, 0.015644734088638392, 0.022252813352069155, 0.17369984687149914], [0.1722063404521671, 0.20571775683474192, 0.059413981154532135, 0.07638026988726278, 0.11973724000732001, 0.12148613373498103, 0.1085496070437541, 0.13650867088524038], [0.1462539972071991, 0.09917189508622531, 0.1612476260137176, 0.02227296824229415, 0.1592291258986309, 0.12355999551024839, 0.0975401527764727, 0.19072423926521154], [0.06681258806979617, 0.053936499144715676, 0.3099738850219661, 0.04322379928457255, 0.23700930778893356, 0.05243651076678703, 0.051968062165457816, 0.18463934775777086], [0.10843610914546346, 0.05311255377515968, 0.24669450735693346, 0.11839981991068219, 0.1835842557583556, 0.045390042277865875, 0.043217716267793235, 0.20116499550774666], [0.11291512827206689, 0.23623486125739412, 0.1283109999301224, 0.047731296790813206, 0.13316522019150878, 0.10886777875502288, 0.10914193211892664, 0.12363278268414472], [0.07076202029341429, 0.30031822095465793, 0.1515576692058781, 0.049852371363095296, 0.13552732504768522, 0.0841711468846989, 0.08992750580405907, 0.1178837404465108], [0.25110853235938135, 0.07518780789442285, 0.11222755414333259, 0.07011828991642248, 0.09984528327867784, 0.07067542892398189, 0.27568454454123925, 0.045152558942542456], [0.2707933983530571, 0.06974297293748576, 0.07662410607054093, 0.058696801025144386, 0.046403549473176445, 0.08603096057335419, 0.25497264558588933, 0.13673556598135192], [0.04191248190036068, 0.308856701705713, 0.06522203018636416, 0.04671066141747886, 0.05603388114975761, 0.20251826999700775, 0.10593735902057635, 0.1728086146227414], [0.09691048852904101, 0.15513349691890632, 0.10838129913632133, 0.18921558898917196, 0.05829600555919841, 0.12207940169819688, 0.12380092812517905, 0.14618279104398482], [0.259785541350588, 0.0716130839393531, 0.07285058089226665, 0.05000197411619694, 0.09529373491940928, 0.12428554233084582, 0.26100087814637696, 0.06516866430496282], [0.11052134466365238, 0.1801010548867002, 0.07076475808738455, 0.029874984926273242, 0.07596531991739487, 0.2339957688558949, 0.24763248780923217, 0.0511442808534677], [0.18078164534271518, 0.02708371088141592, 0.12158417941576762, 0.22292170445483298, 0.07322016923863477, 0.08366996007866402, 0.17766482652597662, 0.11307380406199279], [0.10364782516358377, 0.055576170741426956, 0.25539568781871297, 0.02010556961735591, 0.16764948195546195, 0.0760852498766243, 0.0665603363598585, 0.25497967846697617], [0.3032186401290557, 0.060252521957391274, 0.036883788233709566, 0.017138100483638147, 0.2971336775207431, 0.11716454840801166, 0.11072433083321062, 0.057484392434239695], [0.0862518387814951, 0.1555019018582785, 0.1765540875209106, 0.044704455813355574, 0.15670798164369787, 0.1599823644790863, 0.16534130527635407, 0.05495606462682202], [0.0334218437461859, 0.5227671269757959, 0.04234332660957847, 0.030377698191960577, 0.036459613375397514, 0.13462384658348253, 0.024618245855329235, 0.17538829866226952], [0.044939213287745215, 0.05538505826115285, 0.15425119152319566, 0.0887772205951923, 0.08282697438527331, 0.20581262209290035, 0.05845881159683649, 0.30954890825770376], [0.05081006966634315, 0.20402098560923546, 0.13318233641627802, 0.289902727151067, 0.10792432327385723, 0.06706701017134373, 0.04905051014042361, 0.09804203757145184], [0.12097278865389444, 0.08422180208492196, 0.23096913103184566, 0.07801584300580851, 0.16280987765355706, 0.04153758790862688, 0.06369696791308124, 0.21777600174826486], [0.16598286814293214, 0.05381253707747984, 0.21173828255525187, 0.05656276857350285, 0.21263954815565364, 0.05451089562223638, 0.08064604020930283, 0.16410705966364006], [0.03354737474307302, 0.03904512492872243, 0.2265005914473816, 0.03590685322611977, 0.22605336753352595, 0.19916737427361464, 0.04790867745766746, 0.19187063638989496], [0.15583828548881798, 0.08411313139393324, 0.19242925319683413, 0.09065505460527522, 0.16474237265492991, 0.05229979649891336, 0.044324679547906476, 0.2155974266133896], [0.0617128616537841, 0.5877483246422616, 0.0712065309798634, 0.04574340453228002, 0.05694110613713479, 0.046561690146541254, 0.05407812074781101, 0.07600796116032384], [0.13808948286332737, 0.0148065501707672, 0.20856255309449528, 0.05433448562227964, 0.04372270894680089, 0.13066899120163222, 0.20792369309827324, 0.2018915350024237], [0.25538681686991516, 0.07864836203735018, 0.09060968117461882, 0.04942930701309882, 0.26057619784706987, 0.08467232925384652, 0.0404665031119063, 0.1402108026921945], [0.08008210302593759, 0.05873921464375986, 0.08953678913043382, 0.30014115590170637, 0.06571516813667193, 0.1614496670829894, 0.12166798990062298, 0.122667912177878], [0.14711629508723006, 0.021766951498586706, 0.2715930767815984, 0.049629868051197186, 0.16219036743759246, 0.029729523819065264, 0.046484244116269176, 0.27148967320846074], [0.20439531897447583, 0.07750807036548439, 0.13711050087950633, 0.06757082545059802, 0.0555369123990979, 0.08339512360577966, 0.19146688661670277, 0.18301636170835525], [0.09415808992133977, 0.08802079457024865, 0.1400694343595841, 0.1761228305790741, 0.14168332451868032, 0.14160084632652764, 0.09900674531187353, 0.11933793441267213], [0.18244652987062226, 0.23564617352141132, 0.0819412272137506, 0.04853233372485103, 0.06176054671977686, 0.09913784907314269, 0.19540579207793102, 0.09512954779851368], [0.08397036395175476, 0.05971671925476674, 0.18623836698878826, 0.022531102805855244, 0.16444015515920293, 0.1628781387669679, 0.16884155734665668, 0.15138359572600799], [0.27035671458688637, 0.17370799724754254, 0.062133606515253924, 0.023370545616704028, 0.06472990349593605, 0.07097784954728918, 0.27896739850265956, 0.05575598448772811], [0.06762251772939512, 0.30059181446305816, 0.10546135844306427, 0.16942774801132773, 0.09008137147136591, 0.08162192341818786, 0.07076524802452537, 0.11442801843907609], [0.060658954584624024, 0.033037555143329234, 0.10348076640994405, 0.03710419263588441, 0.1156279565813969, 0.2859636598253995, 0.28211706038337997, 0.0820098544360421], [0.19450819490502336, 0.03939077738452751, 0.059447764229650105, 0.01616089022885222, 0.06713954117658312, 0.2416944460108862, 0.32878334569172635, 0.05287504037275132], [0.0400776073860482, 0.16077730058323855, 0.05835681358920422, 0.22157531786425977, 0.04551465151494784, 0.21405513798927586, 0.05093299735907668, 0.20871017371394798], [0.12470035098562947, 0.20775113716772423, 0.1239975521790578, 0.1770839665230485, 0.15891023066166896, 0.043377740158677174, 0.05025626042195419, 0.11392276190223936], [0.10828162144773885, 0.5242419666743416, 0.04166449836866521, 0.028726988759117607, 0.0425797155854448, 0.06994494004108229, 0.11497450106050745, 0.06958576806310196], [0.18501599186248605, 0.07449008400407638, 0.16935222605497416, 0.1012990590032484, 0.22384646160898042, 0.04939536239412121, 0.0495572322766301, 0.14704358279548316], [0.06715639391080491, 0.2203642542467962, 0.1231297331719686, 0.1275682205384552, 0.12038964284690472, 0.15310811853053416, 0.07894129408927474, 0.10934234266526194], [0.08607894082603723, 0.13165520227984576, 0.11149157789414132, 0.13361023510134065, 0.09352639394157078, 0.16107662874911666, 0.09995179493203234, 0.18260922627591444], [0.193957555481051, 0.07547128551281157, 0.08471056733424896, 0.055316413846003526, 0.09385892284693578, 0.16289135240592761, 0.2575403146691129, 0.07625358790390924], [0.15712746911069536, 0.052064092407938495, 0.09274702323398963, 0.16380067484384503, 0.06359803963283477, 0.13944928253341324, 0.14231277709250037, 0.18890064114478333], [0.10239418317144529, 0.06872365181251118, 0.20738342643920124, 0.05214310958042829, 0.16256951435118794, 0.12795679199645055, 0.0950003167913334, 0.18382900585744213], [0.042499230650138456, 0.11413577655780106, 0.07554941138549998, 0.43316534904852955, 0.057707272476809186, 0.1157745389685403, 0.03582819087716323, 0.12534023003551828], [0.058575933364903986, 0.05099240410692764, 0.11826450229331613, 0.22575594256215334, 0.05050163482284421, 0.17909759054865984, 0.044049936856547824, 0.27276205544464777], [0.1033153924586334, 0.25963853520973806, 0.08740971805318984, 0.1360402143062423, 0.103809298262965, 0.10475578519461975, 0.04388081714073312, 0.16115023937387812], [0.057522302398698606, 0.6849836462099987, 0.056330844510791525, 0.009363727599240288, 0.05802474720231386, 0.03495212742843237, 0.04368797776532838, 0.055134626885196596], [0.11636853023847432, 0.07687564241128717, 0.037149302184736256, 0.34961473475335986, 0.09895963326394695, 0.12960121238446395, 0.04646755882765473, 0.1449633859360764], [0.14672800279364642, 0.0410939599913661, 0.16353654034075105, 0.19360171136991364, 0.12063209530982652, 0.0678242737143571, 0.10389924492419284, 0.16268417155594667], [0.3187609708466937, 0.044020381411815176, 0.06997414895624407, 0.030682813975889324, 0.08295896735799434, 0.09081087943197323, 0.3105370817027158, 0.052254756316674325], [0.18940370560748157, 0.1041262425476742, 0.1111232968570104, 0.07164565645463561, 0.06398075749690789, 0.12120117462686637, 0.2066749289520906, 0.1318442374573328], [0.08054002855778786, 0.4777785770157139, 0.05085096069828226, 0.019299856443946054, 0.07800549590080547, 0.11296288207129146, 0.048598285074653136, 0.13196391423752005], [0.13824101364068697, 0.27125839015730074, 0.13593787594254464, 0.06238983730632419, 0.1523674298214368, 0.05441063256860341, 0.08262035031756622, 0.10277447024553729], [0.07544083318077072, 0.04519645865784759, 0.05728748937297929, 0.12140563700113145, 0.07411403076645995, 0.28264447427816697, 0.05157080586163622, 0.292340270881008], [0.1128531345212131, 0.03577911463046453, 0.30606992651983705, 0.021219929122919746, 0.079325893562457, 0.047774145090152514, 0.1001907076000579, 0.2967871489528987], [0.25775899026445886, 0.024635978053359864, 0.08654864767791699, 0.2089118795925756, 0.0762897453319436, 0.04573791538867054, 0.23363188129774393, 0.06648496239333054], [0.06047412092269067, 0.4476205012416021, 0.07056221084172248, 0.03864572296294764, 0.07442993172896852, 0.11619665165193084, 0.08152781953578825, 0.11054304111434954], [0.08429839075581066, 0.234828532010635, 0.04715200629114776, 0.292639215620706, 0.09533230409971447, 0.10050389979865995, 0.0302828025830052, 0.11496284884032096], [0.2559949150181338, 0.04041668246089803, 0.13240139135270687, 0.023699298948288657, 0.31044745153860354, 0.07512720322698153, 0.09588467619432875, 0.06602838126005875], [0.1336845985732535, 0.07646204033824934, 0.19764516073593727, 0.05873292571096924, 0.1581194983305574, 0.09322733763198328, 0.08140098970010998, 0.2007274489789396], [0.17140385032613323, 0.06323412449343233, 0.21172959432979188, 0.034800090220995936, 0.10356516718405868, 0.055599486948836936, 0.14061299594001095, 0.21905469055674012], [0.15960319677355864, 0.13075324895417473, 0.110625075928192, 0.035770339893694846, 0.10454154020532319, 0.14007693761644643, 0.16255836506908308, 0.156071295559527], [0.15185165355017471, 0.09479880942161237, 0.14567561806558002, 0.08387803609691409, 0.16718969096528766, 0.11612818839931957, 0.08863328224546342, 0.1518447212556482], [0.19885360171913935, 0.11082399416963298, 0.12004188074682504, 0.0830441512422985, 0.1949493032585535, 0.08343717701023494, 0.055892088270351, 0.1529578035829648], [0.08436095545389292, 0.1922092499692006, 0.0681713848332941, 0.19072483352147235, 0.06386901321603633, 0.15210749502266063, 0.07022187950502365, 0.17833518847841934], [0.07911145819661816, 0.1487054366004036, 0.06826556775579834, 0.05997496338840832, 0.048451924723655344, 0.24250808070671828, 0.11259386088976296, 0.24038870773863513], [0.09922095447320965, 0.049199546566019124, 0.1684748109978805, 0.17643577539630753, 0.04396323699586468, 0.12286219876680492, 0.16784074600497784, 0.17200273079893572], [0.0678459083975516, 0.0834863990973752, 0.1284182342171871, 0.21462534219433793, 0.06465764550443329, 0.14435761187217888, 0.06524284967736095, 0.23136600903957472], [0.22137344162257133, 0.038661768945125886, 0.10904579940461313, 0.13868518556121298, 0.19813402171511976, 0.08855133759541702, 0.07360315153553068, 0.13194529362040994], [0.1532700377228895, 0.12099266239815812, 0.07880663496206869, 0.03700022333550982, 0.07511812560007879, 0.2085882399422158, 0.24943287986145635, 0.07679119617762281], [0.2555172216919618, 0.05542723409773668, 0.10178527120759097, 0.06995277566478379, 0.29919183770426494, 0.07352226271640042, 0.051832439752228864, 0.09277095716503254], [0.10840482872029701, 0.04450609366831703, 0.1001992536909809, 0.19573334175832688, 0.06676151762633499, 0.1840562430559766, 0.22120529238682052, 0.07913342909294609], [0.13719406806023368, 0.16432202694978032, 0.05803842179139121, 0.021972231029952646, 0.03792966277983595, 0.2047590434473723, 0.18286793457502395, 0.1929166113664095], [0.09238503425816455, 0.07196228711376756, 0.2754943600296428, 0.03833241840914604, 0.10303757974019158, 0.0709992770842617, 0.0816644660223259, 0.2661245773425], [0.10388662135588424, 0.10998759175292841, 0.09455480224684155, 0.20622264419088285, 0.09243504365451921, 0.14066412760824645, 0.0854910195451296, 0.16675814964556765], [0.08048569837408133, 0.038320426248659126, 0.32839678908158626, 0.033178735617164876, 0.08590316380959757, 0.04745780022184665, 0.048298610851172055, 0.33795877579589295], [0.0747008646207058, 0.3349341883056176, 0.0363440817730733, 0.0383661686130682, 0.04557222573900719, 0.18352095069602256, 0.11984878478916622, 0.16671273546333884], [0.14715137438969447, 0.08804589599424989, 0.10391622229465056, 0.13308448141661489, 0.06552010289332987, 0.13994072648870415, 0.152607182523