{"estimation": {"a": 2.5110119561804067, "rho": [0.14445383125062605, 0.12415771562589036, 0.12175616709433151, 0.09848661685764463, 0.157226677615665, 0.12284957936048826, 0.13279441437830314, 0.09827499781705053], "Mu": [[0.9232556691599683, -6.408890148012845, -0.6217348527768924, -7.413701864113023, -0.8779603361275987, -4.962156196802892, 4.003270480477245, -1.3404366533516687, 3.2133173983255663, 3.838084100310117, -2.7138727689028004, -0.132190729792737, -1.7074035432946204, -3.2303909117655203, 1.1058171577792595, -2.4602775494159066, -2.6995256142416357, -1.6670190311724915, 4.122935405208307, -5.1110558588792605], [-1.1374773066894766, 2.2285227425957075, 0.3053187579296976, 4.245177367381364, -4.742706632750635, -1.0680242134811038, 0.029099112766744633, 0.4703600867209657, 0.6599517475218073, -4.384180990379755, 0.2413161396202674, 1.6866882859347334, 0.2621255609120843, 0.9972996484929291, -3.1489332370139316, 0.5288636809408022, 0.8094498988678583, 2.0801323514556262, -9.067651221620068, -4.316391806900595], [3.9992444156881897, 2.8110650988996904, -1.735023228013706, 4.351426736349078, 0.26632456777735986, -3.2984802788857994, -0.19898903148621386, 3.1432656422578957, 1.4391889524505743, -0.9013470410627594, 1.1642341892117254, 3.7125588518737587, 2.6845605335202856, -3.5224386409543142, -2.55099171085882, -0.012237127149109244, 3.4179749590012944, 2.8567568449373915, -3.039803655099669, 0.6370406362533793], [-1.8835351108084661, -7.980850626772788, -1.2052578838214383, -8.766635189065871, 4.304372782212961, -0.26033442010109975, 2.671545814487411, 1.7229655004822344, 7.780937441830527, 1.567717043853119, -2.3275544462788047, -1.6401320912562172, 0.037088512297478726, -0.7128540094125011, 2.1144658249911914, 0.6254396201752761, -4.685609169735913, -0.2245107992955274, 4.636151010158414, 1.2136239156724578], [-19.767334397257624, -3.8686963472724463, 4.9939199530685086, -0.6770226534985053, 6.240528365000281, 0.4509790850597484, 3.0039059926806795, -3.777416451987206, -0.6215365905034345, 1.461317775355966, -1.278324168747593, -2.5791660903209763, 0.30134001313753267, -0.8518495460320656, 6.023530189837557, 1.3450280884332195, -0.10856923285675102, -2.841358130373813, 5.48479345739389, -1.5818612760773634], [4.0713403083077555, -0.6953154027634482, 0.363931832111227, 0.9701383670486338, -4.580342804445128, -2.777172831577645, -0.2588235210127443, 6.234805400136106, 0.4451349061562653, -1.7560683671622457, -1.5239806958210966, -1.0594462141724246, 3.0628380710646836, -4.17007000494426, -3.0366308864837452, 1.2112342224351094, 2.255436218862054, -2.8070800701202288, -6.024963977637744, -3.141476769735971], [-1.168557193835496, 0.5885470579325349, 3.31755313411506, -2.2915833541869097, 6.639993848862895, -3.2464328712999566, -0.17004079628778002, 3.8672234614047243, 3.3252147069383313, 4.189011148136427, -0.8034930744424676, -1.6401384186714907, 0.12751889874792455, 0.5518207324496404, 2.7757209605575315, -3.612045586760789, -0.9046242552064006, -1.464156286355922, 0.9540225878276728, -3.9091793612199925], [3.5083902649098415, 0.9516673983438035, -0.8094156382984621, 6.168177228099929, 1.0300899361350546, -1.0454249904412232, 4.4560036931109055, 1.5545444210196397, -4.288210023132395, 1.1462653034637205, 2.8214655461284193, 2.6613994660852507, 3.3928656416069765, 1.7430278554671597, 0.30388085250968, -0.743174390779487, -4.510491723782032, 0.83950525979633, -2.824643930900875, -3.124321000209912]], "Lambda": [[0.4204892073243019, 0.5644979770777303, 0.24605021516036038, 0.21572066243356305, 1.684434558731518, 0.33616444519067773, 0.2878536675504956, 0.6274493415147577, 0.20449047185924302, 0.22915230555953056, 0.8606278282472843, 0.46265619704302785, 0.3358474429607134, 0.6960554404904732, 0.622467398201958, 0.24953563313599667, 0.4342745012858324, 0.4527327345528785, 0.7696487102411486, 0.3660194617103263], [0.9122797640171624, 0.1250995965543966, 0.7006977519244136, 0.5473221828287697, 0.2602448958557037, 0.4280218138015711, 0.793812592673208, 0.33475656710228596, 0.36206649793619594, 0.8942373306518454, 0.5653074165121023, 0.6698738708283455, 0.2543214848857907, 0.7443564889678019, 0.25574331178496, 0.7107852708566156, 0.393857793346126, 0.2257901385947731, 0.14510546260724733, 0.13664064242333906], [0.08930787782689359, 0.3365263192802306, 0.20629272375262653, 0.4846753190958689, 0.40606353241476456, 0.31880280795653876, 0.6319986189228326, 0.09437768388863645, 0.2393197441615268, 0.276372637076944, 0.35271121758552, 0.3725338545788299, 0.14502610320810547, 0.6164687236831043, 0.2887730545508937, 0.30778536213190383, 0.1608430577633407, 0.1520215308988159, 0.5480507858796425, 0.17089747096795888], [0.373549952942811, 0.6297260847064065, 0.15253475892894938, 0.2934990844738894, 0.2178633421772863, 0.3458844666190045, 0.3508495773583922, 0.29993859135743334, 0.1359303127192084, 0.4913466260361199, 0.33669390690714984, 0.16924523957923915, 0.34064954416696236, 0.8211429998287872, 0.3150299656912069, 0.46776083091805115, 0.3278923640879017, 0.3699487867403599, 0.4026438725814406, 0.34505462428668526], [0.029389971818489756, 0.8841477832384397, 0.30806266340634697, 0.7108596839624287, 0.07410154106584135, 0.15431884542748894, 0.15090255834251445, 0.35398215766522007, 0.45364481305408294, 0.19987198650876126, 0.48188453341424664, 0.7279165358898665, 0.8541501092934278, 0.3875898869634428, 0.32753045677733367, 0.3057991409401008, 0.5852801571988351, 0.2994177038019546, 0.18324235983135603, 0.5907295252236514], [0.2575639018047876, 0.39599248114618374, 0.7166109930726929, 0.6579400552069025, 0.2705027956164403, 0.3536554491967514, 1.1053483990038364, 0.22819327957760158, 0.38793325546745827, 0.9617790541728738, 0.35441705578431515, 0.7629202234426458, 0.2847064442085481, 0.31032363580390915, 0.22775510905420074, 0.2671163830348647, 0.23588792322410798, 0.18238800977209788, 0.3903622219146654, 0.233385947976967], [0.5652292444750222, 1.103994598789668, 0.3559249413982354, 0.27988084997226637, 1.619037171431839, 0.3675399703688994, 0.5704521779421958, 0.7692068479794939, 0.21448911194082831, 0.4208626132425795, 1.0801238985257382, 0.40275756673520363, 0.49854121065207035, 1.2532430668393233, 0.6215423109791272, 0.26122387014937853, 0.47411003594567314, 0.5225982066632439, 1.052630347176466, 0.2193460996910329], [0.4922285909346573, 0.2417935024694466, 0.7588458211090572, 0.10831293199153864, 0.47910262403887244, 0.4707164036351584, 0.2798138414581228, 0.34065146860875817, 0.17681105760982302, 0.482691049863037, 0.38514822207355687, 0.25990804450776384, 0.2911950707257463, 0.5985565713278328, 0.6525511149454146, 0.5584901388841802, 0.3650603701586019, 0.4681591797262886, 0.23654175134282934, 0.18917332051887736]], "U": [[0.053472692464104875, 0.07881472211702154, 0.3925569268513109, 0.07078244018076582, 0.10997528570803294, 0.20237279957273654, 0.027954602655294206, 0.0640705304507334], [0.26585738505432654, 0.07388901122508214, 0.039699218316813195, 0.10446943208968419, 0.17382995594769682, 0.08306901432733298, 0.23032957487744052, 0.02885640816162328], [0.2059743437140946, 0.07274083166100911, 0.13891512356890465, 0.08652071226540788, 0.10987309516097761, 0.15121620709926617, 0.20362752164310216, 0.031132164887237686], [0.06470182913179429, 0.14073077156682676, 0.16712503982620563, 0.06776825830370041, 0.19742180718384778, 0.053783251689599076, 0.06449808905930281, 0.2439709532387236], [0.11527933048873257, 0.22235509733484912, 0.2517236418974805, 0.06737469950426649, 0.06228455100813824, 0.057337253560646714, 0.1377972283566198, 0.08584819784926727], [0.061052770311885586, 0.3464496145054381, 0.06212789535382943, 0.020020104694620823, 0.04986147178755152, 0.35594805741107954, 0.05011300581117288, 0.05442708012442249], [0.04390735174625748, 0.03387094406384365, 0.3423586058366115, 0.05186985906106643, 0.03172792818137058, 0.31705090987655815, 0.0260825034571679, 0.15313189777712452], [0.18407887107069662, 0.11528717302645836, 0.1604372736845852, 0.025356994082407738, 0.06684921964334302, 0.08625627485288895, 0.1657415446368621, 0.19599264900275756], [0.3811864296967358, 0.03280756069527818, 0.05113516732889995, 0.017277984195159798, 0.052719370590573626, 0.05495841933442207, 0.38775185909266846, 0.02216320906626216], [0.08261572354978136, 0.2888828190286091, 0.10613342283200139, 0.03408091513856069, 0.01632532445405281, 0.3206076191061488, 0.09532809169010846, 0.05602608420073682], [0.1431389361679913, 0.06242637417434489, 0.09056233750837779, 0.0761102393684688, 0.37252334461177067, 0.0477097166298879, 0.14811624038366955, 0.05941281115548897], [0.13363781449651152, 0.15966798405045146, 0.08309602845977823, 0.047059285868436454, 0.1744499065538988, 0.1759352323556943, 0.16422727884149368, 0.06192646937373528], [0.21170884346212387, 0.031270381818990965, 0.02124911200744046, 0.15682566224851716, 0.2120971185271178, 0.019891195038550788, 0.05705112723719599, 0.28990655966006296], [0.035324213189633996, 0.25925881005388696, 0.030590508371811126, 0.029115103233424266, 0.3484064736051095, 0.2495909668991408, 0.011913227461136724, 0.035800697185856635], [0.05641998420320907, 0.33861192155012865, 0.0315428036649886, 0.016999799307421584, 0.15771253195093596, 0.3200270536474169, 0.041249846067819444, 0.037436059608080254], [0.3251457533018395, 0.1095668997806457, 0.0196300324718003, 0.025191607280805692, 0.04815420211777091, 0.12152667058102222, 0.3296824456351905, 0.0211023888309249], [0.2936685473311637, 0.06688770693009437, 0.06462377860236812, 0.1008979297188436, 0.14224065719816095, 0.10377875483957527, 0.20389782798406625, 0.02400479739572841], [0.08827749377984877, 0.1704659101353767, 0.202010496949707, 0.0356672228130364, 0.06983605755821391, 0.3469266672166043, 0.061869783555184216, 0.024946367992028918], [0.23489645847599497, 0.05211079449291895, 0.1293506465993174, 0.15237920802024355, 0.13064751315623982, 0.18166601911759434, 0.078710411184387, 0.04023894895330361], [0.0953208985329448, 0.2796630072299465, 0.03297330266228985, 0.10956195895650898, 0.14478365075059968, 0.28676472537199754, 0.024892794003888212, 0.026039662491824395], [0.3254109419488995, 0.08044712416605165, 0.12616048476104127, 0.023764304882978784, 0.021079804499032875, 0.0497581612329472, 0.3134396884196144, 0.05993949008943459], [0.25318807878604893, 0.04167730882484097, 0.028536188012824648, 0.22351715062441213, 0.04231534231096592, 0.04248252152413091, 0.29153233641918097, 0.076751073497595], [0.23762742793669853, 0.024460890483091705, 0.06498389946535735, 0.30469496197858476, 0.09182755216472967, 0.05647152415180313, 0.14619724105164494, 0.07373650276809048], [0.10179868142949572, 0.13988523594464614, 0.07332122071956636, 0.048597932619760545, 0.280104670533755, 0.25154340381733753, 0.07805933600480867, 0.026689518930630256], [0.03597257873490597, 0.3371593278687139, 0.09515619270407064, 0.030664555226033955, 0.027508039742373536, 0.38633452411121405, 0.04712412784554246, 0.040080653767146666], [0.17958174388816847, 0.017989417026452723, 0.2580200107639348, 0.03282907059847961, 0.044724245833260706, 0.019946630171365057, 0.17578766515678934, 0.27112121656154936], [0.08897565008730439, 0.21049330371226996, 0.22156607152210808, 0.0696029313782709, 0.03382310675539701, 0.18601754018894565, 0.10614178951082301, 0.0833796068448813], [0.039102536324214926, 0.2105459646997832, 0.3088625683178694, 0.05475656114100525, 0.1435279783784996, 0.12371584717492087, 0.031891124398371044, 0.08759741956533576], [0.12057218511226159, 0.03191542802249136, 0.08641884621179897, 0.3298951066246939, 0.0412661314645294, 0.02917683238186415, 0.3119309646285136, 0.04882450555384687], [0.02818513328735015, 0.11165394234999772, 0.2578430399003383, 0.026938321990176848, 0.04805627287292161, 0.043754183825316637, 0.021015341993433523, 0.4625537637804657], [0.3541333953510943, 0.05736338429827334, 0.05123514493253881, 0.03646216274854306, 0.039615188056961605, 0.037473050118739075, 0.34144787531207377, 0.08226979918177592], [0.23572362959787901, 0.06842411111166641, 0.080886214511708, 0.028450966734654134, 0.14555508752594123, 0.05954280112650363, 0.2328928388031217, 0.1485243505885263], [0.07039043972747157, 0.2811472409058168, 0.04992872407116102, 0.05632673655502489, 0.18675352291005734, 0.30557916740508145, 0.01227683283825032, 0.03759733558713574], [0.3607000393294481, 0.03505870139493567, 0.0579838255847598, 0.3001302114631826, 0.041215284149967356, 0.03746610160285108, 0.09410730799728158, 0.0733385284775728], [0.30219595466774357, 0.08332173710210372, 0.08513794316807415, 0.11825101891873276, 0.04156415545026675, 0.07229771752348568, 0.23857122154646507, 0.058660251623128726], [0.25036937761795586, 0.09361092809778583, 0.09622430143573929, 0.0508799214027832, 0.08284637505025277, 0.07801990686809472, 0.2848333232826617, 0.0632158662447269], [0.35002963769949247, 0.03650605421315274, 0.060609576666449436, 0.030090656477536202, 0.051396409272065756, 0.04574267143498159, 0.35793367588128766, 0.06769131835503343], [0.07011444516123351, 0.22835741763640294, 0.13068257890065943, 0.044398753386271805, 0.23514650269322046, 0.21911378175082089, 0.03789491412461309, 0.03429160634677782], [0.03353265604615027, 0.404231794682846, 0.024136806697541903, 0.05114014090398142, 0.04215810505477754, 0.4100229831259815, 0.00985106819647767, 0.02492644529224427], [0.19594962142646508, 0.09142160485543482, 0.1853034192306783, 0.03321378745284426, 0.041946111936820324, 0.2697768700787385, 0.1551437891961022, 0.02724479582291669], [0.045824681099324756, 0.025112256049836423, 0.04789323423926744, 0.05608159117334843, 0.7368038261648374, 0.04410640725996401, 0.020658002304497755, 0.02352000170892358], [0.019951498866984267, 0.3861659262182665, 0.07734419044080185, 0.018541831044045883, 0.029404741975835563, 0.41602773961001954, 0.01098878258235469, 0.041575289261692454], [0.12032430457052463, 0.1110610992913558, 0.058290741652600876, 0.1236955710908463, 0.3388677703362216, 0.12701822759051148, 0.018033545372286207, 0.10270874009565231], [0.02266285762487103, 0.2220692664752137, 0.26358567971621527, 0.20888797620653282, 0.034014567647020516, 0.017081368028321813, 0.16257430073441734, 0.0691239835674075], [0.03550177297958655, 0.07431170086231634, 0.05030593017824277, 0.11420951476617015, 0.4315094259816117, 0.0335256638911079, 0.09149831881501781, 0.1691376725259471], [0.15362738826356306, 0.26285113502664614, 0.03963343349012793, 0.02560672338428006, 0.04167128981733277, 0.27803983186454706, 0.14914403358197342, 0.049426164571528285], [0.051835626318839895, 0.22047250858571601, 0.06141547251535681, 0.03393791273441304, 0.29131919946325985, 0.2154664870718738, 0.04407125567750159, 0.08148153763303873], [0.20742198239480328, 0.034398707735726945, 0.24761475303889596, 0.0996585640256035, 0.02532021487621119, 0.06413587678153918, 0.101037095221847, 0.22041280592537224], [0.04390823535217244, 0.01875017810062036, 0.04768886641075787, 0.26854866767821334, 0.38153044495883964, 0.0319877912610116, 0.17454355659506082, 0.03304225964332412], [0.33016911540232374, 0.024907360172236496, 0.110980333681047, 0.19035224671288026, 0.0493500896173044, 0.04375234910021854, 0.18250840831377313, 0.0679800970002168], [0.14364202982580232, 0.03611409125110287, 0.14828502429080853, 0.13306388391169066, 0.07505738774802044, 0.030697211707184726, 0.21783975038059372, 0.2153006208847972], [0.020217064328156956, 0.06755389812125946, 0.09148643902676583, 0.33779237223786013, 0.100649289804793, 0.03688733897310712, 0.28970545147066307, 0.05570814603739425], [0.06017403448510339, 0.2885216936085405, 0.11890266078472386, 0.044242945000426935, 0.02882843321751631, 0.3250550310141393, 0.0777116678070574, 0.05656353408249246], [0.27950213157848924, 0.08048164847657442, 0.06304475420143946, 0.279776652449636, 0.0940098253162496, 0.10313140031030553, 0.037403712931856826, 0.06264987473544889], [0.2832323969963892, 0.01087849190442974, 0.14141578971913207, 0.32109496692766215, 0.013574436502833779, 0.009242310934413566, 0.028868436700394226, 0.19169317031474545], [0.2101487752034633, 0.06815627326236132, 0.18110892175438095, 0.04216467629983194, 0.14392209171346845, 0.023654824583410568, 0.24707998841306042, 0.08376444877002316], [0.07263729648709892, 0.09784028787274378, 0.12020564862026714, 0.05032725595000156, 0.1517003023880136, 0.03186949564829005, 0.05126929339922999, 0.4241504196343548], [0.11733791936011312, 0.09796583570519286, 0.07610681161015044, 0.0995038178406451, 0.3413927180783568, 0.09276155476226335, 0.1400753600522334, 0.03485598259104534], [0.1415712309010799, 0.1624094648657613, 0.03062003301349203, 0.08122028877654358, 0.2676122589029899, 0.13374123342534167, 0.13709588513860443, 0.04572960497618769], [0.23300127460242923, 0.034787653983930085, 0.1676534835791751, 0.05836698085303834, 0.04400988920925434, 0.03809716239106346, 0.2433132203809851, 0.18077033500012463], [0.17271156792309045, 0.08295554023917998, 0.13632813844112776, 0.166661172080389, 0.16443983434790557, 0.09123838989476417, 0.13852274928931385, 0.04714260778422912], [0.1463749496518647, 0.09054115437214726, 0.21800318392326543, 0.03683477011828519, 0.0741239019804595, 0.2972698316237831, 0.11432873969989736, 0.022523468630297392], [0.08519520902079844, 0.19764832375261965, 0.11879768789290623, 0.10683978007685838, 0.1300746758157902, 0.17798025166006579, 0.1432244744495157, 0.040239597331445366], [0.04956566636723864, 0.10560116953234044, 0.16842495550822162, 0.11028318475224187, 0.12963515002253648, 0.12635786396658805, 0.03292341133634246, 0.2772085985144901], [0.061709958233046085, 0.2977668574256643, 0.13714147737052307, 0.014527696602280708, 0.015645902768527717, 0.3502062490824019, 0.05930453839677993, 0.06369732012077639], [0.03482214267684778, 0.06494641352481856, 0.03987534379288399, 0.06711980841808433, 0.5611013031841461, 0.03140692848160916, 0.06694349183107952, 0.13378456809053113], [0.3527759884471643, 0.04418956474876895, 0.04333998067462903, 0.12642356417359973, 0.05043319248389242, 0.035734439497203195, 0.26064016110366256, 0.08646310887108058], [0.4151456728097086, 0.06879864441317232, 0.010815993225118333, 0.40825365801746655, 0.011653817501638313, 0.06714410405766782, 0.004090096407111131, 0.014098013568116506], [0.038316145348001276, 0.32922420494517646, 0.21731097208107023, 0.027451995218700804, 0.06773349317050409, 0.1395044223167489, 0.04071993499006855, 0.13973883192972997], [0.04030893350683432, 0.04013554811330077, 0.06708781997501465, 0.037419804869074355, 0.7351750470856127, 0.030484804634029125, 0.013789167339096344, 0.03559887447703702], [0.18822750015842407, 0.21240076532663654, 0.1798535794588499, 0.030743836025174644, 0.05694558077322612, 0.08261335814425862, 0.18055086498895037, 0.06866451512448035], [0.1800694633947497, 0.03909414051499751, 0.12314434507686718, 0.150235536919332, 0.05331626706806303, 0.06981810267130964, 0.2592650085426445, 0.12505713581203645], [0.05957264355552843, 0.04682786077115537, 0.16314759289054265, 0.12787539422874455, 0.13211483245917371, 0.10860871512297902, 0.12181934818051367, 0.24003361279136276], [0.1873396473508315, 0.227062089713098, 0.12034491697781959, 0.03036671641062486, 0.1553720047824163, 0.05738265387200109, 0.1702973852730748, 0.051834585620134155], [0.3048648531129239, 0.11205184577908847, 0.10367284360147952, 0.08026103452519968, 0.03383291022821958, 0.04171843215580412, 0.247940642908446, 0.07565743768883876], [0.08904583834685888, 0.34124886400145465, 0.27930683628888187, 0.02740859807437338, 0.0453852188415626, 0.09506863487042377, 0.0848929454980278, 0.03764306407841717], [0.2865650320665154, 0.02246820052803678, 0.03670772027085332, 0.1269920170685497, 0.16786384384290645, 0.017882966738960664, 0.32471979017595104, 0.016800429308227175], [0.12018158653283961, 0.03899012524845988, 0.06393709886498967, 0.07225244549938833, 0.48485921718912783, 0.025160938351840318, 0.153064425385261, 0.04155416292809331], [0.08784431291457455, 0.06373652317914466, 0.2847556612988964, 0.052054270849167625, 0.11921592644560705, 0.29205971274621695, 0.06320349894741395, 0.03713009361897803], [0.34931194078922495, 0.07758778204222544, 0.040022976577523045, 0.027695851996281808, 0.03421722914397497, 0.07515735150184215, 0.3667618564508634, 0.02924501149806452], [0.3645637163342192, 0.07549895697719983, 0.05036248374289354, 0.020296547352379214, 0.036836330312003326, 0.060841452969276066, 0.374831702825554, 0.016768809486475064], [0.054256540533915605, 0.21383537225392, 0.17976180224189392, 0.022219423115100254, 0.04023099725354518, 0.4338892400090088, 0.030373208186746173, 0.025433416405869488], [0.11688782293002432, 0.14962956544186654, 0.059225309866078615, 0.10060730551708359, 0.2027125410225132, 0.21602592100886214, 0.11713902984633992, 0.03777250436723151], [0.28430720109717894, 0.14805039461842176, 0.02847008557361487, 0.26796113999089327, 0.07786626652103674, 0.15294704588480285, 0.020376596107758556, 0.020021270206292928], [0.06950817370877654, 0.3571555867868001, 0.044979683918694884, 0.025855373118605755, 0.02699583217058654, 0.3689625764644943, 0.06435198593221828, 0.04219078789982401], [0.031581698127967975, 0.20217665968800413, 0.05544814549564865, 0.21066031768188667, 0.036075012742475876, 0.21727208862463174, 0.20171033928636511, 0.045075738353019985], [0.23334476051771422, 0.08721405476813843, 0.08640704647992245, 0.06558801265571967, 0.17059116664264481, 0.03325601275387254, 0.27502917336155464, 0.04856977282043375], [0.18321616454272094, 0.03111906532985678, 0.037409784707144074, 0.023465429527288577, 0.47320125878341873, 0.039830095159515674, 0.19380730410338953, 0.017950897846665363], [0.16206137961362044, 0.054348441399437675, 0.12056507129235994, 0.0478678280972681, 0.17486335539840922, 0.06866563985032577, 0.14640386894189492, 0.22522441540668373], [0.027592782905738075, 0.25543518656653613, 0.17299735441769165, 0.03150408685197576, 0.015435610227729745, 0.21357485199354903, 0.049483486036810506, 0.23397664099996937], [0.03145514255841364, 0.15297229331530152, 0.06252208026065441, 0.05123867800737178, 0.42309865679753045, 0.079374039359976, 0.04348185340722224, 0.15585725629353], [0.049559602984675814, 0.12238875330149304, 0.24043172328604276, 0.038321995316216495, 0.17203264587623013, 0.049482408164504575, 0.06396175553064568, 0.2638211155401917], [0.19098009516913006, 0.10854774122994143, 0.14025905906635575, 0.16478126586546865, 0.1529714775386422, 0.1522888462751022, 0.04825480961728869, 0.04191670523807101], [0.27001915282363337, 0.1219487782105952, 0.057975044499966134, 0.02339885090875706, 0.053259524369614585, 0.13989525334133462, 0.28001205313969224, 0.05349134270640636], [0.09357385101651806, 0.014714793468331969, 0.038789197190568656, 0.11486314439995753, 0.666445818707093, 0.022642626074917002, 0.02883543316510826, 0.02013513597750636], [0.03548750120043489, 0.2746838509529661, 0.29219484651389765, 0.020998211954383398, 0.2497473375136142, 0.05372305094626233, 0.018208950875593655, 0.05495625004284893], [0.03200231344400986, 0.16511371834338695, 0.1494221306736374, 0.144570947163184, 0.04213237969586588, 0.24139329513751132, 0.14074855719930293, 0.08461665834310136], [0.06777148419299181, 0.07026166858416386, 0.05859338305169493, 0.16945949549034095, 0.3474498164256778, 0.08259848283018395, 0.17944773564122057, 0.024417933783726534], [0.03391485112683503, 0.34491912839917993, 0.09753790267256116, 0.033988958484532816, 0.02298413374803841, 0.3865510600761347, 0.02677285259592128, 0.05333111289679662], [0.3060252989696866, 0.12365159810238738, 0.030293190316056616, 0.019534210987976693, 0.05608605702973376, 0.14594213025945546, 0.2988644276639223, 0.019603086670780825], [0.4003407462676327, 0.051814794999749475, 0.042946942865039146, 0.020866700667895983, 0.029460557749156575, 0.03481685180988417, 0.3997682822802058, 0.019985123360435984], [0.2456651783826032, 0.024030690611580443, 0.051166987860939456, 0.028106836394780274, 0.36517082149238306, 0.03593829822380285, 0.22388333517971234, 0.02603785185419867], [0.02611921376470427, 0.09190313528866055, 0.24874698290275324, 0.061916989980157565, 0.08939990526919807, 0.24012372268442708, 0.01647647273327115, 0.22531357737682814], [0.14300150822262728, 0.09639099080242239, 0.06898980415376302, 0.030435302908397334, 0.30679948581752325, 0.14824181669999106, 0.12808801887449572, 0.07805307252077982], [0.3840574006680208, 0.021725232301543076, 0.034684612412198355, 0.040555707312219254, 0.06454019120461713, 0.02223985122793819, 0.3923868952171159, 0.03981010965634677], [0.2594089177054409, 0.014880948547607182, 0.13803226588516343, 0.11678799948851579, 0.16351421941546848, 0.05774229041106847, 0.22747045903591503, 0.022162899510821035], [0.19481028322761682, 0.022044420524589086, 0.15339002516486552, 0.09855600502915038, 0.0646844813052547, 0.05051486595907267, 0.1966173982259901, 0.2193825205634607], [0.2489454613135855, 0.22072801369900694, 0.0757744295766475, 0.017936885071410273, 0.027219165860204352, 0.1466387714375482, 0.23012042723983328, 0.03263684580176398], [0.12391350096613504, 0.0656636982314943, 0.13975463393751386, 0.18853063910702927, 0.06205738664901534, 0.09556442237267426, 0.1989587665059023, 0.12555695223023514], [0.02463533731743015, 0.032360463267354686, 0.04084681793569997, 0.08053312781082202, 0.6649457339068774, 0.03057749167412119, 0.08671331305249765, 0.039387715035196905], [0.08891865617198506, 0.25198529022866756, 0.10577230057235193, 0.02827563927083315, 0.04051642719257238, 0.20640380805814712, 0.08295556153079058, 0.19517231697465265], [0.03672847719301876, 0.07976524519938023, 0.06297935526840169, 0.08902345140638614, 0.5810582726971096, 0.03987814793797709, 0.09768850066479338, 0.012878549632933693], [0.2648724210014993, 0.18454336891256556, 0.09118170226838827, 0.21158211132276336, 0.021928959103697805, 0.13146391132327942, 0.04979375842435563, 0.04463376764345052], [0.41724823439437336, 0.011681835301537106, 0.050987541099253464, 0.022003808087765375, 0.09505927314691819, 0.027468265554711678, 0.36301620066834517, 0.01253484174709459], [0.15419890314327458, 0.022000782690912705, 0.14579272077535566, 0.1356422789304632, 0.18679245968550978, 0.07984394461176947, 0.20955559469629495, 0.06617331546641969], [0.07646550487600966, 0.07959917562441794, 0.10484050420794823, 0.18853866836580607, 0.0543126689076493, 0.039096862334423804, 0.1781330479869001, 0.2790135676968444], [0.21322415553517882, 0.0234921863624904, 0.026215142249085038, 0.4240634617585032, 0.03745999260420135, 0.03024379768570171, 0.21971109298336552, 0.02559017082147426], [0.04697508362648185, 0.179818042255898, 0.04460906900831773, 0.2175160019576666, 0.05936628080871142, 0.21602147639298472, 0.20494992192199857, 0.03074412402794116], [0.09526957775181809, 0.06791812854272393, 0.053910582398063525, 0.11335017591406471, 0.4355783611346425, 0.048642741986218, 0.12617310067388496, 0.059157331598583815], [0.24823176579506281, 0.15796040250205434, 0.06162519535218906, 0.19122514054248096, 0.054988967626550936, 0.17105170570477604, 0.06390906892671414, 0.05100775355017154], [0.05347926855405304, 0.13304777225984527, 0.340078336538296, 0.022596964912603563, 0.05576170902772819, 0.30286021678940717, 0.045767915558453005, 0.046407816359613246], [0.042695899944031064, 0.38067035060489274, 0.2628890429458856, 0.020531166140608972, 0.08467001858101042, 0.09856161557427351, 0.04259090932582837, 0.06739099688346922], [0.1270316844833387, 0.14031568696849164, 0.10524406002031983, 0.10899891169956774, 0.1740113655939413, 0.18749178832669924, 0.09169276839644797, 0.065213734511194], [0.33383590081488734, 0.01631663122927077, 0.0763572024494441, 0.019854284021464812, 0.1127361900085667, 0.024318038468535953, 0.3728104932253056, 0.043771259782524496], [0.030565147014415754, 0.04493523221461705, 0.035472011139735166, 0.036060619565658245, 0.7406379984358032, 0.04968105704951622, 0.034386688488812565, 0.028261246091442482], [0.09348720759762617, 0.07971160694123601, 0.1170433267411961, 0.2663600599222103, 0.10534200584166954, 0.06604104406290331, 0.24841296390874387, 0.023601784984415], [0.04465141267412626, 0.07796760638979099, 0.388532969194877, 0.011481554922607367, 0.015667003906943387, 0.028094149222803254, 0.03173965086354222, 0.4018656528253088], [0.05704763862444191, 0.3467887943658677, 0.3678668566334529, 0.047108368653610344, 0.05904807582321728, 0.05397146054372766, 0.0158160976889568, 0.05235270766672506], [0.43419899815135654, 0.015989700971352765, 0.027173690579413084, 0.43429257734954735, 0.025257805227416056, 0.015106137947890997, 0.020909992345059098, 0.0270710974279642], [0.13393306729246846, 0.05205173193976515, 0.027551309399372174, 0.13071295306564074, 0.183221275776538, 0.026637546593875617, 0.11982874204618171, 0.3260633738861578], [0.1159083898089259, 0.02407090946015336, 0.13003949851387378, 0.11377931272718896, 0.4227981266217729, 0.08032951761173472, 0.04899998634471188, 0.06407425891163886], [0.1809676808274477, 0.1149661723441821, 0.08033967691902698, 0.07112349065613183, 0.2431862010277527, 0.08233870665742106, 0.18835443572732224, 0.03872363584071574], [0.15196859049821637, 0.02293291320522894, 0.04507341942603195, 0.24496968174448436, 0.13160589406771653, 0.0467647506807946, 0.32830751704549355, 0.028377233332034135], [0.028675117999885313, 0.03828305734667281, 0.036589514377903386, 0.035766971474696756, 0.7559292410535111, 0.045252503952458376, 0.013275892318969487, 0.04622770147590173], [0.07710718925108015, 0.022920478854569635, 0.03369063169534726, 0.0644464293969937, 0.6777492234788952, 0.03801612109957414, 0.03817257618178443, 0.04789735004175514], [0.3075803717590247, 0.10318464986318168, 0.05560383459674695, 0.02454689403049583, 0.06805126346863524, 0.07805365723250453, 0.3231823714727889, 0.03979695757662112], [0.093879836142018, 0.18198471506273425, 0.16599558593096944, 0.067401223755664, 0.058136563452916436, 0.3022112978989683, 0.11439774913620206, 0.015993028620528], [0.054373122306317676, 0.32056745426901667, 0.3805173273712663, 0.07976291003269932, 0.021529025197848994, 0.03082173402561895, 0.02326106987436186, 0.08916735692286946], [0.040979131061092154, 0.12327700610015038, 0.06377928960687673, 0.024759616331033466, 0.3575778970594417, 0.02122456840993816, 0.012532556599414145, 0.3558699348320534], [0.15028668496871694, 0.09736960467735166, 0.2507152990538036, 0.02354637437515969, 0.04151342317912611, 0.03952544720459353, 0.1347794259726982, 0.2622637405685503], [0.03059000950112746, 0.2222958523487285, 0.08386223589078728, 0.05646424001735068, 0.11218244234870435, 0.12247634007012612, 0.042417127901837416, 0.3297117519213377], [0.202668309727536, 0.0729756906188092, 0.04127294968305476, 0.1873106460134792, 0.027581054821982018, 0.06932881235818146, 0.33494199144351067, 0.0639205453334466], [0.30384630875613505, 0.01602088568740011, 0.11235009774253824, 0.04448529122737798, 0.12444180837857348, 0.08070735725853206, 0.2573548503258943, 0.060793400623549244], [0.28807009973782693, 0.027237329145159913, 0.06088667330167628, 0.02857419867331677, 0.2314990261579574, 0.04771768337305146, 0.27700632877410775, 0.03900866083690286], [0.036219785898912, 0.3308918953983395, 0.29581104068807745, 0.04745856345170034, 0.05491499943235698, 0.07863847815454747, 0.046961165721394166, 0.10910407125467186], [0.2973389349898446, 0.10992273847954652, 0.07979430988056671, 0.016899353998433928, 0.01866039427436121, 0.11744605578671755, 0.31363329751563235, 0.046304915074897667], [0.4344567335172272, 0.009314150064504376, 0.04415014531713381, 0.4022396145444962, 0.03385473091031804, 0.01396048944509531, 0.022724952093614775, 0.03929918410761133], [0.03540447537181424, 0.3293638682784516, 0.36095499875549003, 0.03641810792367436, 0.07177000711379894, 0.034665610482851016, 0.020157683362537804, 0.11126524871138226], [0.04573985204866103, 0.1653795648680265, 0.06529089925396082, 0.06509381265136654, 0.34864272275530955, 0.16934831507340856, 0.06336411997867007, 0.0771407133705971], [0.18296573572427408, 0.030571168363630254, 0.03666993508040546, 0.1259279664445956, 0.39701971480683307, 0.03521445366086002, 0.1642291545240078, 0.02740187139539345], [0.16203764874081192, 0.03589835266921185, 0.2607452593516831, 0.05153955878978903, 0.038391497041900445, 0.03360775439941997, 0.1119837731484189, 0.30579615585876474], [0.04453720564735132, 0.40758695872654, 0.2357622782430419, 0.022371476030252666, 0.03062508365544388, 0.19636099063739443, 0.024305915215776856, 0.03845009184419955], [0.1033801626415095, 0.29233233455946794, 0.24347107717846567, 0.031276619212417756, 0.06932128071043357, 0.10526998076508035, 0.10450859217431921, 0.05043995275830574], [0.07406026144093844, 0.025694135380017108, 0.3640352126597765, 0.03380511651345365, 0.038299439117714044, 0.015697599069927435, 0.06347111979977879, 0.38493711601839364], [0.03254903192703736, 0.015969549697769685, 0.251785757124189, 0.2602335550717174, 0.06847981300001532, 0.047948941313884025, 0.28551079171269816, 0.037522560152688705], [0.3095212338720855, 0.07925492101137595, 0.12440118485821394, 0.2857348772576953, 0.03903026516259787, 0.08399211670158209, 0.020285409099276043, 0.05777999203717402], [0.048158164164522656, 0.1450427805807696, 0.11093872600159914, 0.17980100923438405, 0.2778616810327589, 0.0477425625486899, 0.17333125355226664, 0.01712382288500954], [0.1896207621262366, 0.1314061634813966, 0.06306195667228355, 0.11986384975023465, 0.19327752049757724, 0.16597817709048987, 0.11582471170448662, 0.020966858677294833], [0.04419006892078388, 0.1501060387484036, 0.25094248937259206, 0.051658485583667, 0.023508393484096335, 0.1477737293506356, 0.04962585140435026, 0.2821949431354712], [0.2873596293222811, 0.09579468215713906, 0.08011909957650606, 0.02620496487600894, 0.045207081825526324, 0.09548722184193274, 0.2649219448505796, 0.10490537555002588], [0.0291613632576638, 0.07050940726878228, 0.4187313408401978, 0.05198476561561051, 0.013426786451353595, 0.025740843626993536, 0.049274775420514214, 0.3411707175188843], [0.045004917543055314, 0.29491288437545016, 0.3715867080676659, 0.027848085281451603, 0.041477281721779294, 0.09267787255224823, 0.053489232220029576, 0.07300301823832014], [0.12308345818744987, 0.13132499165741432, 0.10165436027017231, 0.09430872980724644, 0.09674625366658558, 0.11511050253094268, 0.12428439209015527, 0.21348731179003375], [0.42339973230846645, 0.01552082565357105, 0.027496098373289618, 0.015225986861384877, 0.0391043319898892, 0.023968611820212815, 0.4295782931974804, 0.025706119795706226], [0.02727701835706448, 0.04421054183108402, 0.3650828647384789, 0.016895795629555593, 0.029477255826669727, 0.4934827193441595, 0.015125732040151392, 0.008448072232836092], [0.2526116258917836, 0.12399013234128622, 0.05686968942410405, 0.052152799174144816, 0.06128728770581191, 0.12619881436493918, 0.26861716358465954, 0.05827248751327025], [0.15975416708518952, 0.1224440320184025, 0.1871955276564078, 0.05589490995374136, 0.06373008695056688, 0.17362791990842874, 0.17402745354420573, 0.06332590288305757], [0.05226372885250167, 0.14450008166299386, 0.12069974855123347, 0.1474486316723781, 0.2015792350486691, 0.1440465855588776, 0.11296408863788042, 0.07649790001546578], [0.14808769396405175, 0.09322037452776978, 0.21628170153020487, 0.13084903576530213, 0.08392603037627859, 0.20028478972776145, 0.03626081044819208, 0.09108956366043922], [0.050617349470286885, 0.05253500854057409, 0.029601696430001847, 0.03920386897769295, 0.705365233316063, 0.040962993400992916, 0.027630557152368326, 0.054083292712020316], [0.03535907422254668, 0.1611097987793658, 0.17108985031343646, 0.044043913685941884, 0.21397150128734213, 0.3254797824334712, 0.029607244816566777, 0.019338834461329116], [0.06135712811089952, 0.1052440368857319, 0.032368287119413405, 0.027015256773072996, 0.20725909478408755, 0.016580095259391796, 0.007599062445739129, 0.5425770386216641], [0.2598394332595308, 0.015344947055550246, 0.044009077097169245, 0.16591347199367934, 0.2946909155191391, 0.0243680787533051, 0.17364343212005812, 0.022190644201567696], [0.15495006956351587, 0.05806774243099126, 0.11131196076962149, 0.0994429012924019, 0.13013948143946094, 0.04533302968817746, 0.02925409273832748, 0.37150072207750395], [0.20187143396217003, 0.03824279772800271, 0.01860073754486668, 0.24192378318514415, 0.4325647035142917, 0.025082364502752905, 0.016997994764217206, 0.02471618479855448], [0.11295094769229491, 0.24931621597935202, 0.27717381709288363, 0.04795174882740103, 0.06242701378156438, 0.0852481630153838, 0.12621421873370342, 0.038717874877418186], [0.3166684417584604, 0.09242653269820937, 0.037168511386244246, 0.2926145941113489, 0.07398751551636455, 0.13259347814370312, 0.0394734845443751, 0.015067441841294276], [0.3455812797156007, 0.029804053987262845, 0.06427908575441087, 0.06482221344096076, 0.03870579347445441, 0.07023376436450907, 0.35627999401716676, 0.03029381524563528], [0.3498810254393978, 0.09045441407770878, 0.049277395641923745, 0.05841360826115741, 0.057065553082571836, 0.03319718550485611, 0.3136135488635111, 0.04809726912887338], [0.08338213214665187, 0.07291254763279652, 0.07187281303019613, 0.016190383279058484, 0.5496437385788158, 0.03742010710798943, 0.049364751306984894, 0.11921352691750649], [0.06078196966356463, 0.2606722147738561, 0.05412440491611161, 0.08867438862976885, 0.08014424148807563, 0.28100436876018225, 0.11415354604086862, 0.06044486572757211], [0.16078157334480153, 0.24648712794802954, 0.03860020614925097, 0.02202431219038942, 0.04287648458485202, 0.2704534089798868, 0.1674565601573759, 0.05132032664541403], [0.03313335891089035, 0.26362495839566324, 0.06500311965116651, 0.06883168924988148, 0.11261081912006488, 0.3247717278611088, 0.083078499761712, 0.04894582704951367], [0.3117354255502205, 0.06976049540105006, 0.08083552456390802, 0.06366779080243536, 0.03117374571068866, 0.046914631305175605, 0.2687377362801612, 0.12717465038636053], [0.21930253414975948, 0.15142792365885785, 0.16354727168828004, 0.034455623529958686, 0.11884541050551357, 0.046499479451686226, 0.2203083761021577, 0.04561338091378674], [0.08900965420856484, 0.23560105516656712, 0.23046853667275638, 0.06889666087697513, 0.08343895149548478, 0.06419722101103985, 0.036837065277763634, 0.1915508552908482], [0.06532717452424026, 0.1953057996932068, 0.20530521029833898, 0.20037037846987715, 0.04122536763028367, 0.07629014531476239, 0.1832875538687546, 0.03288837020053589], [0.10111594634458693, 0.26384509414797674, 0.05050866464375882, 0.14601026585345953, 0.09047562941969406, 0.2799111374316213, 0.02023495114609478, 0.047898311012808344], [0.10842061377192694, 0.05305161770312632, 0.06374920605612718, 0.33912790132739506, 0.03724490941577056, 0.04295221020725681, 0.30221701087475633, 0.053236530643640506], [0.07732306635585987, 0.03982574726620031, 0.3784885038510284, 0.010417213056771445, 0.013100213925303793, 0.025975423187656364, 0.05540672138825676, 0.3994631109689228], [0.036486449449013476, 0.38144683703519183, 0.3853020119587895, 0.030933825086180488, 0.01364146727610265, 0.05864192190128019, 0.027864581036639035, 0.06568290625680245], [0.22073577916133838, 0.09931215939847997, 0.0477357952197399, 0.04109504479582664, 0.16844678811119498, 0.1398527317746675, 0.2305973425397428, 0.0522243589990098], [0.25262791556947983, 0.011838384936595104, 0.021011160447316185, 0.021620655406339732, 0.41637328954433045, 0.02382820232906195, 0.24561437286747734, 0.007086018899399159], [0.21720528104380757, 0.0967350743236247, 0.022564714078498214, 0.08965211036367493, 0.0904254080520878, 0.013583982352485698, 0.09394731604021375, 0.37588611374560693], [0.4163734550576862, 0.02091784144947899, 0.03215685726770273, 0.01783952009985096, 0.05465086729757165, 0.02421760746895322, 0.4127529893189758, 0.021090862039779872], [0.044459934045006214, 0.36042921480983375, 0.018320341823620603, 0.012933102147763312, 0.10705245134652053, 0.3185148752734398, 0.030766956881933042, 0.10752312367188