0.04452,0.01138,0.01121,0.01388,0.01119,0.03895,0.00882,0.01267,0.01284,0.01502,0.02666,0.01589,0.21260,0.12431,0.03319,0.21705,0.02290,0.13549,0.01096,0.02047
0.14789,0.01995,0.01526,0.01355,0.02995,0.13082,0.01282,0.01444,0.01270,0.01639,0.01584,0.02049,0.10677,0.13381,0.00828,0.11349,0.01395,0.14845,0.00965,0.01549
0.15970,0.02309,0.03639,0.05056,0.02693,0.17490,0.03307,0.03224,0.03665,0.03551,0.02577,0.01637,0.09015,0.03562,0.02634,0.10782,0.01949,0.03824,0.01241,0.01876
0.26203,0.00675,0.01442,0.00717,0.01248,0.26833,0.01282,0.00868,0.00962,0.01095,0.01137,0.01213,0.04985,0.10973,0.00936,0.04696,0.00982,0.11770,0.00632,0.01351
0.22953,0.03159,0.02599,0.02115,0.01660,0.22472,0.04158,0.02777,0.02642,0.02868,0.02205,0.01740,0.06603,0.03359,0.01404,0.07110,0.01395,0.04678,0.01789,0.02314
0.08131,0.00957,0.01297,0.01069,0.00898,0.08894,0.28001,0.00935,0.00945,0.00780,0.01223,0.01046,0.03542,0.03061,0.29177,0.02928,0.01203,0.03357,0.00905,0.01652
0.17719,0.01408,0.01563,0.01232,0.01210,0.17240,0.01782,0.01397,0.02190,0.01030,0.02086,0.02036,0.12358,0.07721,0.01624,0.13502,0.01437,0.08952,0.01358,0.02156
0.13326,0.01608,0.03338,0.01905,0.02881,0.13781,0.02585,0.01504,0.02245,0.01668,0.01914,0.02442,0.18477,0.04156,0.00800,0.17565,0.01896,0.04492,0.01611,0.01806
0.12110,0.01993,0.02396,0.01545,0.01801,0.11683,0.03829,0.01577,0.02339,0.01741,0.01996,0.01335,0.19545,0.04268,0.00997,0.20314,0.01397,0.05896,0.01392,0.01845
0.21825,0.00627,0.01151,0.01048,0.01208,0.21242,0.01401,0.00972,0.00736,0.00913,0.01080,0.01509,0.06749,0.13480,0.01025,0.07127,0.00739,0.15105,0.00837,0.01226
0.08950,0.01608,0.02894,0.01607,0.02407,0.09230,0.03210,0.01866,0.02064,0.02212,0.02392,0.01985,0.14534,0.09462,0.03409,0.15959,0.01650,0.10767,0.01107,0.02687
0.07673,0.00825,0.01099,0.00900,0.01241,0.07463,0.01563,0.01337,0.00743,0.00964,0.02392,0.00995,0.07957,0.23260,0.01885,0.08971,0.01962,0.25950,0.01105,0.01717
0.04952,0.02856,0.03048,0.01565,0.01719,0.04131,0.02930,0.03940,0.04574,0.02751,0.01671,0.01325,0.14348,0.13479,0.01607,0.12300,0.01708,0.15271,0.02993,0.02832
0.24131,0.01896,0.02306,0.02221,0.02410,0.24004,0.01914,0.03990,0.02259,0.01721,0.02772,0.01594,0.06164,0.04379,0.01948,0.07376,0.01860,0.03888,0.00878,0.02289
0.15521,0.01927,0.03298,0.02991,0.02324,0.13968,0.05499,0.03184,0.03767,0.03298,0.02668,0.02257,0.06452,0.07770,0.02074,0.06644,0.02414,0.08400,0.02338,0.03208
0.09813,0.02518,0.02485,0.01616,0.01933,0.09908,0.04310,0.02255,0.02534,0.02597,0.01952,0.02948,0.06433,0.13147,0.03294,0.09270,0.01802,0.17197,0.01250,0.02736
0.23684,0.01117,0.01361,0.00807,0.00941,0.24333,0.01313,0.00878,0.01126,0.01311,0.01541,0.00930,0.09187,0.07907,0.01235,0.09618,0.00751,0.09757,0.00776,0.01427
0.06358,0.00630,0.00571,0.00343,0.00535,0.07284,0.29437,0.00352,0.00454,0.00424,0.00636,0.00612,0.07710,0.02913,0.29982,0.06362,0.00480,0.03794,0.00441,0.00683
0.14036,0.01493,0.02190,0.02790,0.02362,0.16117,0.02970,0.02475,0.02947,0.01777,0.02045,0.01748,0.12762,0.05061,0.01607,0.15584,0.02618,0.05850,0.01382,0.02187
0.17015,0.01677,0.02295,0.01612,0.01733,0.16928,0.02334,0.02191,0.01575,0.01844,0.04632,0.01306,0.06591,0.11084,0.01307,0.07404,0.01173,0.13409,0.01609,0.02283
0.27591,0.00839,0.01835,0.01341,0.01650,0.28269,0.02023,0.00915,0.01294,0.01075,0.01671,0.00973,0.06469,0.05595,0.02398,0.06565,0.00889,0.06254,0.00955,0.01398
0.12379,0.01009,0.01792,0.01545,0.01215,0.14836,0.02198,0.01141,0.01464,0.01638,0.01679,0.00867,0.16793,0.09388,0.01130,0.16512,0.01725,0.10283,0.00975,0.01431
0.11243,0.01174,0.01647,0.01120,0.01364,0.10280,0.01075,0.01259,0.01493,0.01685,0.01853,0.01624,0.14958,0.12806,0.01429,0.16636,0.00884,0.14575,0.00949,0.01946
0.14421,0.02045,0.02010,0.01720,0.01730,0.14644,0.02775,0.02371,0.02221,0.01821,0.02322,0.01904,0.15343,0.05806,0.02066,0.15456,0.01550,0.06544,0.01090,0.02160
0.18627,0.01843,0.03294,0.01511,0.01701,0.20147,0.02546,0.02146,0.01740,0.01856,0.03080,0.01677,0.10859,0.04513,0.01930,0.12055,0.01522,0.05141,0.00953,0.02859
0.08648,0.01023,0.01577,0.01835,0.02612,0.08199,0.01617,0.01979,0.01649,0.01976,0.03331,0.03544,0.22556,0.04469,0.02622,0.23300,0.01677,0.03645,0.01538,0.02204
0.07225,0.01546,0.01500,0.01646,0.01640,0.07296,0.01734,0.00849,0.01361,0.01402,0.05585,0.01550,0.24062,0.05250,0.01208,0.25651,0.01064,0.06274,0.00847,0.02308
0.22231,0.01527,0.01581,0.00926,0.01133,0.21881,0.02086,0.01287,0.01747,0.01932,0.01390,0.01550,0.10968,0.05573,0.01655,0.11791,0.01556,0.05910,0.01165,0.02109
0.19085,0.02845,0.04390,0.01416,0.01864,0.17788,0.02094,0.01462,0.02770,0.01839,0.02525,0.02478,0.08245,0.07357,0.00903,0.06962,0.02633,0.08980,0.01950,0.02413
0.20520,0.01567,0.01311,0.01149,0.01758,0.21028,0.01668,0.01305,0.01329,0.01764,0.01607,0.01588,0.05257,0.12047,0.01870,0.05860,0.01404,0.13783,0.01680,0.01506
0.22091,0.02508,0.03675,0.02174,0.03018,0.23249,0.04033,0.03876,0.03627,0.03067,0.02667,0.01867,0.04655,0.03565,0.01531,0.04333,0.01932,0.04010,0.01972,0.02149
0.11771,0.01914,0.01307,0.01779,0.01565,0.12701,0.01663,0.01149,0.01373,0.01284,0.02326,0.02112,0.14800,0.12205,0.00786,0.14983,0.01062,0.12249,0.00892,0.02081
0.11238,0.01995,0.03679,0.02059,0.02257,0.12566,0.02160,0.02032,0.02166,0.03000,0.01819,0.01428,0.13666,0.09856,0.01782,0.12646,0.01045,0.11597,0.01141,0.01869
0.21745,0.02486,0.01476,0.02109,0.01502,0.20849,0.02610,0.01604,0.01613,0.01744,0.02306,0.01784,0.08712,0.05730,0.01847,0.09514,0.01363,0.07125,0.01843,0.02039
0.16946,0.01529,0.02940,0.01145,0.01687,0.16078,0.03187,0.01656,0.01447,0.02523,0.01692,0.01869,0.09653,0.09598,0.02320,0.10519,0.01023,0.10945,0.00965,0.02279
0.38142,0.00608,0.00920,0.00628,0.01049,0.38400,0.01124,0.00755,0.00906,0.00490,0.00963,0.00725,0.03062,0.03039,0.00895,0.02674,0.00913,0.03165,0.00677,0.00865
0.07776,0.02613,0.02320,0.01275,0.01511,0.07742,0.02780,0.01808,0.01755,0.01488,0.02342,0.02000,0.18026,0.10179,0.01004,0.18786,0.01283,0.10964,0.01659,0.02690
0.20292,0.02044,0.02892,0.01496,0.02490,0.19412,0.03021,0.02592,0.02741,0.01405,0.03120,0.01513,0.10795,0.04883,0.00888,0.11512,0.01009,0.04978,0.00836,0.02081
0.18333,0.02808,0.02026,0.02394,0.02782,0.17555,0.03223,0.02587,0.02645,0.01649,0.01972,0.01475,0.07818,0.08968,0.00767,0.07874,0.01754,0.10145,0.01383,0.01843
0.07628,0.01400,0.01813,0.01089,0.01557,0.07304,0.00986,0.01606,0.01463,0.02307,0.01613,0.02395,0.19998,0.10426,0.01581,0.21201,0.01350,0.11227,0.01182,0.01873
0.07814,0.01840,0.01965,0.01041,0.01079,0.08180,0.01506,0.01190,0.02004,0.01266,0.01509,0.01907,0.21348,0.08099,0.01164,0.22292,0.01566,0.08645,0.03708,0.01877
0.10399,0.01702,0.02724,0.01814,0.01540,0.10160,0.01880,0.01651,0.02528,0.03345,0.02397,0.01943,0.17009,0.07015,0.01457,0.18102,0.02471,0.07002,0.01398,0.03463
0.14403,0.01531,0.02464,0.02079,0.01891,0.14122,0.01831,0.01668,0.01928,0.01886,0.02042,0.01893,0.11586,0.09414,0.02515,0.12728,0.01320,0.10810,0.01868,0.02023
0.19246,0.01243,0.01933,0.01975,0.01633,0.20864,0.02125,0.03532,0.01844,0.01360,0.01194,0.01558,0.15197,0.02409,0.01587,0.15558,0.01621,0.03096,0.00760,0.01266
0.06852,0.01331,0.02909,0.01694,0.02274,0.06920,0.01848,0.02758,0.02512,0.02794,0.02002,0.01333,0.13269,0.14550,0.02114,0.12779,0.01879,0.16393,0.01407,0.02380
0.18431,0.00812,0.01112,0.00969,0.01202,0.18863,0.01652,0.01173,0.01434,0.00923,0.01416,0.01187,0.09788,0.12046,0.02577,0.09517,0.00917,0.13681,0.00867,0.01433
0.02728,0.01383,0.01374,0.00971,0.01567,0.02702,0.01421,0.01472,0.00901,0.01123,0.02906,0.01089,0.18331,0.15883,0.01441,0.20691,0.01572,0.18292,0.01301,0.02852
0.16386,0.01511,0.02108,0.02082,0.02233,0.16017,0.02261,0.01750,0.02088,0.02156,0.02297,0.01729,0.09964,0.10337,0.00970,0.10564,0.01541,0.11189,0.00923,0.01892
0.11049,0.01952,0.01382,0.01746,0.02114,0.11164,0.01825,0.01722,0.02301,0.01650,0.01890,0.03327,0.17917,0.05122,0.02572,0.18342,0.02662,0.04420,0.04161,0.02683
0.13112,0.01329,0.01495,0.00865,0.01027,0.14220,0.01951,0.01134,0.01384,0.01640,0.02415,0.01583,0.13774,0.10860,0.01462,0.15721,0.01066,0.12252,0.00959,0.01752
0.09868,0.00926,0.01399,0.00817,0.01166,0.09493,0.01210,0.01560,0.01117,0.00917,0.01533,0.01285,0.18187,0.11231,0.01757,0.19487,0.01040,0.13417,0.01351,0.02238
0.15377,0.01247,0.01835,0.01282,0.01021,0.15631,0.01331,0.01448,0.01241,0.01570,0.02343,0.01801,0.11726,0.11569,0.01782,0.11301,0.01010,0.12942,0.01321,0.02222
0.16662,0.01530,0.01820,0.01545,0.01723,0.18086,0.02379,0.02438,0.02333,0.01628,0.01655,0.01970,0.14730,0.03740,0.01525,0.16546,0.02385,0.03815,0.01502,0.01989
0.27281,0.01979,0.02348,0.02254,0.02692,0.27945,0.03247,0.02958,0.01667,0.02221,0.02363,0.01260,0.04591,0.03104,0.01780,0.04413,0.01408,0.03108,0.01427,0.01954
0.15172,0.01523,0.01420,0.01293,0.02877,0.14552,0.01426,0.01645,0.01018,0.01930,0.01900,0.01862,0.18891,0.03837,0.04434,0.18856,0.01161,0.03582,0.00832,0.01789
0.09256,0.01304,0.01471,0.01291,0.01703,0.09532,0.01308,0.01363,0.01701,0.01799,0.01966,0.01165,0.23423,0.06165,0.01646,0.23509,0.01896,0.06525,0.01240,0.01737
0.23652,0.01511,0.02034,0.01384,0.02425,0.23813,0.02819,0.03770,0.02088,0.02320,0.02695,0.03505,0.04614,0.06670,0.01525,0.04657,0.00764,0.06716,0.01367,0.01670
0.04647,0.01876,0.03072,0.02482,0.01458,0.04834,0.01354,0.02059,0.01150,0.02583,0.02820,0.02671,0.11327,0.19004,0.01945,0.12491,0.01581,0.20102,0.00854,0.01687
0.09846,0.01329,0.01931,0.01581,0.01723,0.09040,0.01800,0.02243,0.01742,0.01959,0.01894,0.01263,0.04122,0.24257,0.01457,0.04316,0.01110,0.26047,0.01290,0.01050
0.20455,0.01216,0.01275,0.01119,0.00957,0.21099,0.01830,0.01376,0.01174,0.01273,0.01983,0.01075,0.03602,0.16205,0.00754,0.04157,0.01042,0.17531,0.00849,0.01029
0.26377,0.01144,0.01941,0.01113,0.01323,0.26083,0.01955,0.01408,0.01846,0.01696,0.01496,0.01370,0.09190,0.03576,0.01154,0.09948,0.01202,0.04492,0.01000,0.01685
0.17726,0.00973,0.01127,0.00781,0.00917,0.17874,0.01873,0.00913,0.01009,0.01045,0.01439,0.00987,0.04708,0.18870,0.00870,0.04744,0.00796,0.21258,0.00499,0.01593
0.09945,0.02428,0.01980,0.01637,0.01425,0.10518,0.01620,0.01505,0.02224,0.01355,0.02296,0.01470,0.03202,0.24359,0.00706,0.03441,0.01179,0.26303,0.00723,0.01684
0.39007,0.00383,0.00569,0.00540,0.00659,0.38941,0.00765,0.00557,0.00583,0.00561,0.00925,0.00637,0.02643,0.03759,0.00470,0.03208,0.00357,0.04443,0.00421,0.00572
0.17798,0.02693,0.05036,0.02504,0.02750,0.19638,0.04343,0.04207,0.03525,0.03404,0.03126,0.01688,0.06420,0.03724,0.02413,0.07253,0.02009,0.04253,0.01609,0.01606
0.17911,0.02013,0.01838,0.01304,0.02481,0.17161,0.03093,0.01629,0.02104,0.01948,0.03050,0.02822,0.05138,0.11250,0.01779,0.06407,0.01738,0.12547,0.01589,0.02199
0.17336,0.01523,0.01436,0.01138,0.01191,0.17482,0.02265,0.00919,0.01554,0.01464,0.02187,0.03519,0.13183,0.07616,0.00792,0.13811,0.00908,0.08833,0.01005,0.01837
0.09495,0.01863,0.01950,0.01189,0.01238,0.09671,0.02727,0.01217,0.01649,0.01445,0.02221,0.01558,0.22032,0.05432,0.01672,0.23912,0.01450,0.06121,0.01404,0.01755
0.27828,0.01153,0.01086,0.00893,0.00975,0.28436,0.01637,0.01271,0.00739,0.00852,0.01249,0.00825,0.12001,0.02787,0.01138,0.12071,0.00733,0.02934,0.00509,0.00882
0.20651,0.01303,0.01060,0.00973,0.01248,0.20210,0.03055,0.01383,0.01504,0.01436,0.01496,0.01386,0.15747,0.03872,0.00853,0.15773,0.01042,0.04333,0.00877,0.01796
0.05156,0.03606,0.03486,0.02569,0.03105,0.04150,0.03457,0.03971,0.05661,0.02450,0.02200,0.02720,0.14680,0.08861,0.01645,0.15151,0.01749,0.11009,0.02026,0.02345
0.18597,0.01258,0.02451,0.01621,0.01871,0.17903,0.02924,0.01793,0.02594,0.02202,0.01364,0.01667,0.03238,0.12964,0.01572,0.03970,0.01394,0.18137,0.01081,0.01398
0.13132,0.00940,0.01436,0.01616,0.01184,0.12120,0.01736,0.01255,0.01872,0.01635,0.02637,0.01538,0.17818,0.08989,0.01451,0.17519,0.01390,0.08912,0.00937,0.01881
0.11619,0.03592,0.04294,0.02425,0.02734,0.11493,0.03645,0.02507,0.03960,0.01912,0.03062,0.02783,0.06577,0.10406,0.01360,0.06657,0.03961,0.12578,0.01708,0.02726
0.18125,0.00658,0.00862,0.00802,0.00739,0.17524,0.01277,0.00801,0.00751,0.00693,0.01378,0.01195,0.16871,0.07750,0.01290,0.17351,0.00979,0.09210,0.00579,0.01166
0.03855,0.02284,0.02651,0.00803,0.01885,0.04865,0.01845,0.01393,0.01021,0.01839,0.02048,0.01282,0.19903,0.09136,0.04467,0.21996,0.01451,0.11437,0.01996,0.03844
0.11946,0.02001,0.02131,0.01412,0.01555,0.11914,0.02652,0.01856,0.02646,0.01314,0.02773,0.01500,0.09314,0.11221,0.04217,0.09759,0.01600,0.13492,0.02870,0.03825
0.28652,0.01131,0.01509,0.01447,0.01374,0.28906,0.02210,0.01589,0.01300,0.00914,0.01465,0.01093,0.07995,0.03072,0.01567,0.08695,0.00643,0.03862,0.01096,0.01479
0.16538,0.01241,0.02103,0.01966,0.01076,0.16922,0.01693,0.01901,0.01528,0.01561,0.02426,0.02300,0.12060,0.08030,0.01123,0.12850,0.01817,0.09363,0.01280,0.02221
0.31032,0.01179,0.01170,0.00891,0.00906,0.31179,0.01776,0.01411,0.01091,0.01222,0.02158,0.01130,0.05560,0.04406,0.00877,0.05766,0.01175,0.05030,0.00600,0.01441
0.24706,0.01480,0.02024,0.01552,0.02116,0.24224,0.01231,0.01663,0.02114,0.02431,0.02620,0.00820,0.10100,0.03095,0.01540,0.09946,0.01349,0.03628,0.01161,0.02203
0.04759,0.02056,0.02336,0.01567,0.02039,0.04270,0.04226,0.02125,0.02563,0.01622,0.02734,0.02510,0.23664,0.04311,0.02679,0.24930,0.01723,0.05352,0.01685,0.02847
0.18798,0.01123,0.01431,0.01706,0.01203,0.19960,0.02064,0.01308,0.01180,0.01817,0.01232,0.01122,0.10145,0.09918,0.01148,0.10400,0.01652,0.10965,0.01257,0.01571
0.17677,0.01275,0.01725,0.01330,0.01457,0.18483,0.01819,0.01676,0.01250,0.01668,0.01480,0.01764,0.16748,0.04238,0.01471,0.17541,0.01535,0.04744,0.00755,0.01365
0.11485,0.00989,0.02448,0.01748,0.02385,0.13099,0.01750,0.02031,0.02192,0.02052,0.04451,0.02153,0.16037,0.05486,0.01835,0.17183,0.00906,0.07144,0.01797,0.02828
0.17846,0.02069,0.02183,0.01478,0.01840,0.18509,0.02516,0.01987,0.01657,0.02338,0.02379,0.01798,0.12584,0.03860,0.03562,0.13380,0.01067,0.04470,0.01708,0.02769
0.17779,0.01879,0.03328,0.01485,0.02081,0.18198,0.03417,0.03436,0.02454,0.02493,0.01216,0.02298,0.03541,0.12246,0.02364,0.04340,0.01127,0.13381,0.01208,0.01726
0.16982,0.00676,0.01598,0.00924,0.00988,0.17801,0.01463,0.01110,0.01204,0.01094,0.01783,0.01000,0.17190,0.06581,0.01192,0.18260,0.00999,0.07691,0.00442,0.01022
0.12278,0.03353,0.04657,0.02200,0.02978,0.10869,0.05501,0.02608,0.02445,0.03262,0.03393,0.02669,0.08987,0.07142,0.03448,0.08920,0.02722,0.07845,0.02117,0.02605
0.31976,0.00591,0.00958,0.00861,0.00923,0.31965,0.00884,0.00658,0.00899,0.00859,0.01282,0.00714,0.04380,0.06893,0.00668,0.04516,0.00509,0.08719,0.00914,0.00831
0.05585,0.02811,0.02901,0.02030,0.02271,0.05408,0.02938,0.01065,0.02368,0.02022,0.03426,0.01325,0.25213,0.04170,0.01981,0.25046,0.01985,0.04317,0.01242,0.01896
0.09834,0.01930,0.01972,0.01781,0.01446,0.09507,0.01486,0.01203,0.01418,0.01647,0.02228,0.01774,0.17382,0.10957,0.01345,0.17454,0.01398,0.12491,0.01060,0.01687
0.20468,0.00556,0.00771,0.00677,0.00688,0.20881,0.01006,0.00901,0.00829,0.00661,0.01044,0.00819,0.07247,0.15630,0.01099,0.07394,0.00463,0.17536,0.00531,0.00798
0.20608,0.05058,0.05132,0.01824,0.02122,0.21129,0.05919,0.01585,0.02153,0.02715,0.01542,0.01331,0.04815,0.07034,0.00993,0.04587,0.01105,0.07021,0.01489,0.01839
0.17155,0.01372,0.01655,0.01249,0.01022,0.17740,0.01045,0.01697,0.01529,0.01078,0.02754,0.01377,0.14845,0.06497,0.01893,0.15369,0.01544,0.07306,0.01053,0.01822
0.19167,0.01605,0.02507,0.02230,0.02006,0.18833,0.02348,0.02245,0.01849,0.02001,0.02360,0.01759,0.07812,0.08450,0.01828,0.09964,0.01190,0.09057,0.01426,0.01366
0.29980,0.01230,0.01037,0.01321,0.01380,0.31513,0.02803,0.01056,0.00978,0.01037,0.02003,0.01194,0.06396,0.02559,0.01970,0.07256,0.00932,0.02896,0.01092,0.01366
0.11405,0.02157,0.01816,0.01432,0.01853,0.11410,0.02529,0.01495,0.01747,0.01385,0.02707,0.01273,0.12229,0.12793,0.01520,0.13020,0.01276,0.14480,0.01426,0.02046
0.21427,0.01785,0.01475,0.01312,0.01821,0.21323,0.01645,0.01368,0.01920,0.01526,0.01957,0.02338,0.08985,0.07298,0.00735,0.09826,0.01137,0.09065,0.00651,0.02406
0.08365,0.01848,0.02278,0.03009,0.02122,0.08466,0.04739,0.03735,0.03883,0.03063,0.02182,0.01397,0.02617,0.19858,0.02687,0.03135,0.01504,0.21766,0.01378,0.01965
0.18035,0.02005,0.02832,0.01876,0.03218,0.17786,0.02337,0.02256,0.02735,0.02358,0.02345,0.01439,0.08659,0.07651,0.01740,0.09507,0.01065,0.08132,0.01720,0.02306
0.07951,0.01400,0.01297,0.00779,0.01239,0.07912,0.01345,0.01326,0.01142,0.01241,0.02338,0.02032,0.18892,0.12690,0.01183,0.19103,0.01124,0.13440,0.01567,0.01999
0.23013,0.01296,0.01758,0.01002,0.01262,0.21780,0.01887,0.01478,0.01684,0.01075,0.01486,0.02233,0.13500,0.03874,0.00797,0.14018,0.00953,0.04758,0.00754,0.01393
0.10744,0.02184,0.03144,0.03285,0.05264,0.11550,0.03928,0.03831,0.03708,0.02964,0.02760,0.03909,0.09414,0.08564,0.01247,0.09686,0.01939,0.08480,0.01419,0.01980
0.10282,0.00952,0.01667,0.01436,0.01145,0.09621,0.02407,0.01169,0.01328,0.01548,0.03441,0.01814,0.08679,0.18029,0.01631,0.09618,0.00894,0.20484,0.01514,0.02339
0.05128,0.01388,0.02028,0.01579,0.03344,0.05527,0.04812,0.01127,0.02385,0.01898,0.01472,0.01683,0.11079,0.18608,0.01450,0.13096,0.00959,0.20270,0.00733,0.01434
0.28344,0.00497,0.00971,0.00565,0.00804,0.28439,0.01010,0.01140,0.00881,0.00931,0.02273,0.01168,0.09514,0.05333,0.00709,0.09575,0.00685,0.05185,0.01020,0.00957
0.10822,0.02182,0.01652,0.02340,0.01340,0.10719,0.03597,0.02166,0.02435,0.01976,0.02166,0.01401,0.07346,0.16002,0.02778,0.07825,0.01906,0.18051,0.01161,0.02136
0.24363,0.01357,0.02142,0.01293,0.01386,0.24855,0.01731,0.01972,0.01950,0.01366,0.01690,0.01124,0.03602,0.10663,0.00914,0.03399,0.01140,0.11870,0.01193,0.01990
0.18290,0.01088,0.01296,0.00848,0.00836,0.19359,0.01907,0.00831,0.00811,0.00852,0.01533,0.01013,0.11148,0.11731,0.01207,0.11394,0.01155,0.12694,0.00719,0.01289
0.21846,0.01350,0.02143,0.01570,0.01820,0.21864,0.02629,0.02092,0.01826,0.01641,0.01507,0.01663,0.05648,0.09474,0.02585,0.06067,0.01434,0.09688,0.00987,0.02166
0.19682,0.01303,0.01652,0.01394,0.01645,0.20101,0.01649,0.01232,0.01014,0.01195,0.01192,0.01009,0.16650,0.04220,0.00979,0.17305,0.00890,0.04486,0.00911,0.01491
0.17168,0.01374,0.01526,0.00691,0.01212,0.17515,0.01675,0.01954,0.01695,0.01333,0.02093,0.01018,0.13666,0.06318,0.02333,0.14207,0.01604,0.08160,0.01921,0.02537
0.05875,0.07547,0.03417,0.02382,0.01469,0.06456,0.11204,0.01586,0.03313,0.02298,0.02555,0.02112,0.14714,0.04068,0.02006,0.15287,0.01461,0.05480,0.02002,0.04768
0.12395,0.01123,0.01102,0.01119,0.01318,0.12091,0.01736,0.01581,0.01059,0.01366,0.01372,0.01219,0.09826,0.19282,0.00758,0.09624,0.00888,0.20283,0.00846,0.01011
0.06188,0.01857,0.02510,0.01944,0.01621,0.06532,0.02314,0.02793,0.01698,0.02062,0.02602,0.02585,0.15890,0.09538,0.01478,0.17308,0.02529,0.12366,0.03283,0.02901
0.29355,0.02395,0.03036,0.02883,0.01692,0.31383,0.01187,0.01150,0.02270,0.01066,0.01895,0.02515,0.04169,0.03171,0.00901,0.04075,0.01179,0.02810,0.00854,0.02016
0.26048,0.00592,0.01244,0.00744,0.00773,0.24953,0.01703,0.01477,0.01003,0.00451,0.00984,0.00733,0.06697,0.10549,0.00959,0.06643,0.00558,0.12204,0.00435,0.01249
0.11021,0.01505,0.03063,0.01605,0.01914,0.11902,0.03051,0.01817,0.01508,0.01580,0.02122,0.01642,0.10067,0.13410,0.02096,0.10429,0.01735,0.14761,0.02563,0.02210
0.20781,0.00697,0.00985,0.01153,0.01516,0.20091,0.01191,0.01369,0.01229,0.01385,0.01758,0.01256,0.05170,0.14546,0.01178,0.05542,0.00833,0.16565,0.00849,0.01905
0.21948,0.01581,0.02202,0.01842,0.01827,0.19952,0.02336,0.02107,0.01617,0.02300,0.01915,0.00855,0.04218,0.12835,0.00952,0.04361,0.00858,0.14352,0.00869,0.01073
0.15801,0.01135,0.01465,0.01126,0.01286,0.15724,0.01755,0.01282,0.01454,0.01276,0.02168,0.01554,0.15413,0.07967,0.01541,0.16169,0.01406,0.08877,0.00961,0.01637
0.23611,0.01511,0.01286,0.01208,0.01415,0.23897,0.01788,0.01728,0.01850,0.01705,0.02845,0.02798,0.08304,0.03796,0.01225,0.11549,0.01384,0.04461,0.01133,0.02506
0.10009,0.03050,0.03373,0.02704,0.02121,0.11329,0.05111,0.03133,0.01831,0.01803,0.01622,0.03766,0.16469,0.03798,0.03521,0.17300,0.01610,0.04255,0.00805,0.02388
0.12721,0.01444,0.01856,0.00945,0.01362,0.11790,0.01286,0.02359,0.01603,0.01530,0.01389,0.01932,0.21546,0.04602,0.01402,0.23067,0.01205,0.05817,0.00713,0.01428
0.12311,0.01261,0.01910,0.01432,0.01231,0.11987,0.01424,0.01383,0.01559,0.01379,0.01626,0.01244,0.20892,0.05537,0.01612,0.21252,0.01769,0.06265,0.01531,0.02394
0.25385,0.01600,0.01354,0.01164,0.01220,0.24975,0.01447,0.01275,0.01362,0.01403,0.01640,0.01020,0.04985,0.10513,0.00981,0.05048,0.01156,0.11109,0.01128,0.01234
0.18211,0.01015,0.01294,0.00879,0.01114,0.18246,0.01462,0.01196,0.00976,0.01600,0.01427,0.01250,0.19755,0.03658,0.01048,0.20462,0.00754,0.03564,0.00854,0.01236
0.14144,0.02477,0.02496,0.01763,0.02297,0.13958,0.03168,0.01576,0.03042,0.02027,0.02157,0.01565,0.17537,0.03914,0.01853,0.17002,0.01150,0.04571,0.01128,0.02176
0.05752,0.01356,0.02565,0.01472,0.01937,0.04566,0.02738,0.02458,0.01707,0.01309,0.02385,0.02087,0.06261,0.24348,0.02043,0.06180,0.01633,0.26011,0.01390,0.01802
0.07543,0.01025,0.01275,0.00963,0.01211,0.08927,0.01889,0.01081,0.01286,0.01588,0.01713,0.01666,0.22255,0.09743,0.01219,0.23249,0.01059,0.10076,0.00926,0.01305
0.10181,0.01458,0.01261,0.01275,0.01619,0.09130,0.02784,0.01382,0.01443,0.01605,0.02362,0.01654,0.13676,0.13575,0.01940,0.15906,0.01712,0.14658,0.00919,0.01459
0.09077,0.01304,0.02370,0.01293,0.01703,0.08598,0.01894,0.01730,0.02517,0.01974,0.01910,0.01858,0.22010,0.05864,0.02038,0.22746,0.01048,0.06113,0.01678,0.02276
0.18310,0.01710,0.02115,0.01833,0.02213,0.18117,0.01402,0.01459,0.02256,0.02650,0.05028,0.01851,0.12598,0.03521,0.01314,0.13102,0.02256,0.03757,0.01613,0.02897
0.07234,0.01388,0.01534,0.00981,0.01207,0.08235,0.02615,0.00782,0.01257,0.00865,0.01791,0.01186,0.29351,0.02347,0.01607,0.30581,0.01172,0.02606,0.01532,0.01730
0.21724,0.01738,0.01408,0.01380,0.01960,0.20376,0.01545,0.01705,0.01462,0.01341,0.01596,0.01333,0.03527,0.13463,0.01785,0.03664,0.01970,0.15556,0.01212,0.01256
0.07895,0.01084,0.01388,0.00952,0.00980,0.07927,0.01337,0.01142,0.01164,0.00963,0.01138,0.00854,0.04470,0.29627,0.01548,0.04387,0.00743,0.31059,0.00465,0.00875
0.23755,0.01496,0.02256,0.01505,0.02386,0.24110,0.02417,0.02233,0.01795,0.01834,0.01599,0.01562,0.06210,0.06432,0.01400,0.07057,0.01046,0.08430,0.00926,0.01551
0.17001,0.00927,0.01555,0.00947,0.01417,0.17013,0.02496,0.01368,0.01289,0.01244,0.01871,0.01041,0.04423,0.17175,0.01194,0.04128,0.01057,0.20578,0.01306,0.01970
0.15126,0.00904,0.01459,0.01526,0.01313,0.15922,0.01398,0.01122,0.01781,0.01434,0.01785,0.00746,0.23238,0.01961,0.00882,0.24251,0.00847,0.02055,0.00898,0.01351
0.18135,0.02492,0.01814,0.01628,0.02185,0.16939,0.09250,0.02532,0.01759,0.01729,0.01822,0.01745,0.04539,0.07710,0.08028,0.04669,0.01246,0.08508,0.01377,0.01892
0.08356,0.02362,0.03419,0.02117,0.02100,0.08211,0.03879,0.02843,0.02252,0.02837,0.02081,0.02432,0.19552,0.03522,0.01949,0.21907,0.01293,0.05021,0.00877,0.02987
0.08776,0.02158,0.01962,0.01419,0.01990,0.07393,0.02558,0.01786,0.01540,0.02283,0.02688,0.02980,0.21264,0.06477,0.01171,0.20962,0.01983,0.06616,0.01645,0.02347
0.18010,0.01700,0.01325,0.00863,0.01299,0.18490,0.01492,0.01453,0.01484,0.01539,0.01629,0.01730,0.10557,0.10146,0.01108,0.11366,0.01145,0.11645,0.01424,0.01595
0.20365,0.01676,0.01988,0.01937,0.01569,0.21919,0.05661,0.01788,0.02311,0.01593,0.02156,0.01388,0.08384,0.04780,0.03866,0.08489,0.01037,0.05571,0.01351,0.02172
0.11345,0.02865,0.07331,0.02266,0.02206,0.11622,0.07511,0.06355,0.02691,0.02489,0.01785,0.01811,0.12255,0.03915,0.01945,0.12290,0.01070,0.04405,0.02204,0.01637
0.19364,0.00890,0.01428,0.01115,0.02157,0.19814,0.01797,0.01808,0.01971,0.01248,0.02216,0.02260,0.08237,0.10419,0.01496,0.08288,0.01305,0.11130,0.01388,0.01670
0.33177,0.00985,0.01295,0.00931,0.01355,0.33764,0.01302,0.01180,0.01637,0.01341,0.01135,0.01198,0.04551,0.03517,0.01223,0.04756,0.00945,0.02876,0.01074,0.01758
0.07984,0.02572,0.03005,0.02038,0.02480,0.09220,0.02452,0.03976,0.01886,0.02332,0.05086,0.01734,0.08658,0.12258,0.02967,0.09737,0.02557,0.14169,0.01371,0.03518
0.15082,0.02992,0.01625,0.01876,0.01231,0.14410,0.03417,0.02386,0.01749,0.01697,0.02032,0.01576,0.02681,0.16806,0.01831,0.02623,0.04073,0.19669,0.01104,0.01140
0.18875,0.01118,0.02226,0.00941,0.01526,0.20348,0.01715,0.01616,0.01104,0.01424,0.01349,0.02334,0.15779,0.03290,0.01800,0.16707,0.01475,0.03812,0.01145,0.01414
0.09318,0.04196,0.06717,0.01912,0.02676,0.11050,0.02049,0.00829,0.03590,0.00850,0.04429,0.00698,0.04198,0.14999,0.00812,0.03769,0.08330,0.17689,0.00772,0.01116
0.05391,0.01202,0.02736,0.01029,0.01749,0.06423,0.02491,0.01618,0.01492,0.01618,0.02087,0.01524,0.07833,0.22973,0.01532,0.09057,0.01177,0.24429,0.01308,0.02330
0.13583,0.01133,0.02148,0.01525,0.01570,0.14958,0.02487,0.01269,0.01283,0.01740,0.02939,0.01122,0.13790,0.09411,0.01461,0.15255,0.01506,0.10250,0.00981,0.01587
0.17242,0.01923,0.02399,0.02484,0.02145,0.18283,0.03416,0.01873,0.01704,0.02195,0.03384,0.02117,0.12159,0.04846,0.00911,0.11835,0.01851,0.04767,0.02063,0.02403
0.04416,0.01933,0.03730,0.02619,0.01414,0.05360,0.02441,0.02139,0.02014,0.02136,0.02662,0.03245,0.19085,0.08985,0.01862,0.18603,0.01817,0.10362,0.02370,0.02807
0.08024,0.01026,0.01545,0.00869,0.00798,0.07758,0.01412,0.01372,0.01029,0.00975,0.01363,0.01072,0.22387,0.11092,0.01371,0.23340,0.00964,0.11168,0.00686,0.01748
0.33698,0.00915,0.01163,0.00875,0.01190,0.33105,0.01128,0.00959,0.01139,0.01172,0.01509,0.00764,0.03925,0.04597,0.01467,0.04605,0.00707,0.05368,0.00734,0.00979
0.27223,0.01357,0.01484,0.01166,0.01169,0.26935,0.01164,0.01120,0.01435,0.01251,0.02308,0.01499,0.08894,0.02881,0.02041,0.10896,0.01818,0.03148,0.00836,0.01376
0.10918,0.01915,0.02374,0.01593,0.01999,0.12186,0.02702,0.02563,0.01545,0.02066,0.02393,0.01775,0.17294,0.05968,0.01554,0.18043,0.01516,0.06574,0.01983,0.03040
0.10155,0.01275,0.01813,0.01437,0.01212,0.09814,0.01709,0.00863,0.01293,0.01388,0.01259,0.03451,0.25818,0.04007,0.01069,0.26083,0.01041,0.03956,0.00767,0.01590
0.23489,0.01288,0.00972,0.00898,0.00803,0.23524,0.01354,0.01247,0.01302,0.01310,0.01562,0.00749,0.05092,0.12386,0.01415,0.05520,0.00824,0.13488,0.01117,0.01659
0.12785,0.01450,0.01657,0.01249,0.01312,0.11622,0.02577,0.01668,0.01490,0.01203,0.02775,0.01247,0.10732,0.14312,0.02071,0.11539,0.01033,0.16580,0.00770,0.01928
0.21622,0.01841,0.01949,0.01717,0.01857,0.23025,0.01809,0.01702,0.02001,0.01408,0.01464,0.01717,0.08502,0.04811,0.01237,0.11189,0.02498,0.05654,0.01833,0.02165
0.15337,0.01781,0.01895,0.02193,0.02555,0.14284,0.01840,0.03020,0.02124,0.02242,0.02787,0.02223,0.05601,0.11344,0.00915,0.07532,0.01878,0.14219,0.01502,0.04730
0.22314,0.00947,0.01103,0.00607,0.01034,0.21859,0.00576,0.00938,0.01402,0.01132,0.01669,0.01168,0.05904,0.13233,0.00927,0.06487,0.01000,0.15585,0.00662,0.01452
0.16872,0.02527,0.02733,0.02560,0.01915,0.16836,0.02880,0.03394,0.02167,0.02472,0.01818,0.01899,0.12208,0.04593,0.01306,0.13730,0.01121,0.05202,0.01279,0.02491
0.15616,0.02080,0.03182,0.01802,0.02364,0.15029,0.01993,0.02556,0.02327,0.02292,0.02388,0.02582,0.10215,0.08985,0.00975,0.09856,0.01994,0.10134,0.01565,0.02067
0.08557,0.01764,0.04380,0.01672,0.01910,0.08826,0.01502,0.02840,0.02084,0.01786,0.01396,0.00851,0.14085,0.13820,0.00750,0.15145,0.01560,0.15281,0.00572,0.01221
0.05622,0.01309,0.02206,0.01056,0.01479,0.05539,0.02182,0.01891,0.02115,0.02011,0.02074,0.01464,0.10066,0.21644,0.01513,0.09667,0.01550,0.22955,0.01803,0.01853
0.07669,0.02803,0.11493,0.04013,0.02308,0.08937,0.08927,0.09727,0.02393,0.03049,0.02529,0.01824,0.04107,0.10033,0.00893,0.04129,0.01450,0.10944,0.01492,0.01280
0.03596,0.02490,0.03051,0.01886,0.03023,0.02908,0.05563,0.01978,0.04568,0.01175,0.04880,0.01643,0.11714,0.12910,0.01123,0.13468,0.01179,0.14820,0.01099,0.06927
0.11159,0.08695,0.04459,0.02483,0.01770,0.11852,0.10302,0.01221,0.02585,0.02630,0.02802,0.01168,0.12704,0.02942,0.00906,0.12365,0.02061,0.03363,0.01074,0.03459
0.33681,0.00596,0.01335,0.01556,0.00680,0.34119,0.01610,0.01388,0.00901,0.02030,0.01091,0.00728,0.03785,0.04204,0.00891,0.03855,0.00810,0.04635,0.00988,0.01119
0.15121,0.01566,0.01824,0.02135,0.01500,0.15153,0.01608,0.01647,0.01719,0.01332,0.01981,0.01319,0.18374,0.03278,0.01746,0.20104,0.01497,0.03547,0.01565,0.02983
0.05917,0.01590,0.03060,0.01189,0.02284,0.06271,0.03178,0.02138,0.02854,0.02123,0.03500,0.02289,0.13955,0.11477,0.03165,0.14122,0.02379,0.12723,0.02006,0.03781
0.14081,0.01481,0.01509,0.01651,0.01272,0.13937,0.01831,0.01776,0.01364,0.01628,0.03348,0.02009,0.18899,0.03690,0.02006,0.19902,0.01135,0.05023,0.01436,0.02024
0.14667,0.01673,0.02327,0.01532,0.02057,0.15257,0.02222,0.01526,0.01707,0.01451,0.02294,0.01420,0.15400,0.05744,0.01820,0.16538,0.01534,0.07025,0.01253,0.02554
0.31025,0.01512,0.01682,0.01017,0.01142,0.32445,0.01850,0.00970,0.01306,0.01188,0.01566,0.01434,0.05217,0.03941,0.01308,0.04638,0.01887,0.03925,0.00623,0.01325
0.10661,0.01306,0.02369,0.01871,0.02661,0.11481,0.02381,0.02656,0.02275,0.01650,0.01823,0.01200,0.06161,0.19078,0.00923,0.06458,0.01404,0.20161,0.01430,0.02051
0.16500,0.01310,0.02035,0.01536,0.02055,0.17796,0.01932,0.02100,0.01837,0.02073,0.03600,0.01083,0.03083,0.14112,0.01921,0.03349,0.04517,0.15627,0.01780,0.01753
0.16589,0.02106,0.02585,0.01734,0.01640,0.17616,0.08049,0.01595,0.02336,0.01907,0.02420,0.01610,0.06422,0.07797,0.05315,0.06291,0.01195,0.09558,0.01353,0.01883
0.29434,0.01318,0.01237,0.00777,0.01453,0.29815,0.02000,0.00865,0.00994,0.00967,0.01136,0.00779,0.03274,0.09007,0.01252,0.03390,0.00647,0.09632,0.00882,0.01142
0.10078,0.01841,0.02490,0.01084,0.04067,0.10044,0.02125,0.02423,0.03967,0.03271,0.02097,0.02021,0.05038,0.18998,0.01417,0.03748,0.01965,0.20287,0.01474,0.01563
0.09389,0.01750,0.02132,0.01643,0.01803,0.08408,0.02422,0.01681,0.01591,0.02882,0.01405,0.00775,0.19600,0.09043,0.01258,0.20389,0.01216,0.09924,0.01391,0.01298
0.14648,0.01340,0.02723,0.01532,0.03478,0.16223,0.02031,0.02724,0.02435,0.01754,0.01634,0.01309,0.16968,0.03781,0.01733,0.17873,0.01460,0.04031,0.00685,0.01636
0.11749,0.01339,0.02110,0.01915,0.01742,0.12930,0.01831,0.02326,0.02027,0.01358,0.02010,0.01565,0.12628,0.11258,0.02264,0.13121,0.01159,0.13305,0.01139,0.02226
0.16254,0.00798,0.02227,0.01737,0.00794,0.16619,0.01620,0.01111,0.00873,0.01407,0.02745,0.02391,0.19199,0.03253,0.01111,0.18298,0.01709,0.03574,0.00850,0.03431
0.22012,0.00724,0.00960,0.00807,0.00813,0.21705,0.01164,0.01799,0.01597,0.00743,0.01308,0.02124,0.05366,0.12829,0.01573,0.06295,0.01237,0.14061,0.01475,0.01409
0.22759,0.01213,0.01333,0.00877,0.01191,0.21774,0.01447,0.01327,0.00906,0.01072,0.01132,0.01459,0.11117,0.08002,0.01536,0.11632,0.00843,0.08530,0.00619,0.01230
0.28269,0.00858,0.01487,0.01935,0.01805,0.28682,0.02012,0.02218,0.01553,0.01299,0.01428,0.00967,0.02639,0.07483,0.00969,0.03041,0.00963,0.10038,0.00737,0.01617
0.21579,0.01733,0.02224,0.02778,0.03274,0.21342,0.04816,0.02194,0.02621,0.01366,0.02028,0.01599,0.06122,0.06119,0.01696,0.07322,0.01085,0.06928,0.01148,0.02025
0.19718,0.01106,0.00850,0.01007,0.00912,0.20163,0.01849,0.02025,0.01436,0.00758,0.01154,0.01198,0.18180,0.03376,0.01649,0.18185,0.00964,0.03615,0.00705,0.01151
0.20562,0.01025,0.01366,0.00727,0.00918,0.21736,0.01620,0.01158,0.00992,0.00970,0.01288,0.00736,0.12530,0.07665,0.01183,0.13220,0.00954,0.09034,0.00569,0.01747
0.21698,0.01578,0.02357,0.01148,0.02154,0.21349,0.04407,0.02232,0.03013,0.01942,0.03355,0.01424,0.05878,0.06661,0.01630,0.07302,0.02080,0.07020,0.00976,0.01796
0.12280,0.01334,0.01455,0.01128,0.01064,0.11867,0.01230,0.01244,0.01270,0.01784,0.01821,0.01926,0.14937,0.13078,0.00910,0.15340,0.00861,0.14007,0.00712,0.01753
0.09395,0.01534,0.01376,0.01063,0.00945,0.09024,0.01630,0.01421,0.01135,0.01003,0.01649,0.00963,0.21419,0.08606,0.02037,0.22280,0.01131,0.10183,0.01262,0.01943
0.09487,0.03158,0.02259,0.02325,0.02737,0.10431,0.04173,0.03454,0.03123,0.02403,0.03629,0.01647,0.07991,0.13594,0.01732,0.07550,0.02185,0.14971,0.01167,0.01983
0.04750,0.01241,0.02221,0.01721,0.01987,0.04711,0.02017,0.02243,0.01584,0.02252,0.02708,0.01658,0.12822,0.17418,0.02587,0.12363,0.01809,0.19236,0.01307,0.03367
0.16088,0.01929,0.01752,0.01256,0.01810,0.16961,0.05203,0.04348,0.01339,0.01580,0.01799,0.01232,0.03420,0.16644,0.00713,0.02494,0.00994,0.18392,0.01061,0.00987
0.15795,0.01677,0.01877,0.01789,0.01719,0.17008,0.02107,0.01956,0.01994,0.01761,0.01849,0.01810,0.09667,0.10369,0.01948,0.10278,0.01573,0.12020,0.01088,0.01714
0.15312,0.02402,0.02607,0.01435,0.02493,0.15624,0.03519,0.02128,0.03410,0.03254,0.02267,0.02050,0.13327,0.03256,0.01846,0.13108,0.02804,0.05934,0.01182,0.02043
0.18608,0.01908,0.03162,0.01774,0.01416,0.19985,0.02955,0.02190,0.02983,0.02593,0.02379,0.01637,0.11151,0.04379,0.01687,0.11111,0.01221,0.05225,0.01932,0.01703
0.22591,0.01497,0.02147,0.01359,0.01300,0.23820,0.01329,0.01259,0.01209,0.01262,0.01989,0.01282,0.04996,0.10837,0.01178,0.04967,0.01031,0.12502,0.01395,0.02051
0.23763,0.01526,0.02487,0.01974,0.01453,0.23798,0.02990,0.02033,0.02537,0.01470,0.02390,0.01782,0.09483,0.03221,0.01127,0.10508,0.01103,0.03218,0.01322,0.01815
0.22927,0.01198,0.01332,0.01330,0.01431,0.22899,0.01631,0.01343,0.01305,0.01319,0.01818,0.01112,0.07678,0.09708,0.00985,0.07896,0.00977,0.10293,0.01088,0.01731
0.10440,0.01186,0.02571,0.02210,0.01669,0.10094,0.02769,0.02074,0.01650,0.01482,0.02451,0.01628,0.17996,0.07273,0.02243,0.19783,0.01050,0.07664,0.01040,0.02727
0.15895,0.01478,0.01457,0.01195,0.01867,0.15089,0.02382,0.02223,0.01848,0.01372,0.02210,0.02398,0.15744,0.04699,0.02669,0.16457,0.02909,0.04541,0.01508,0.02059
0.17959,0.01021,0.01805,0.01216,0.01323,0.18534,0.01436,0.01527,0.01225,0.01093,0.01203,0.01104,0.03750,0.19082,0.01503,0.03501,0.00904,0.20064,0.00648,0.01102
0.23503,0.01150,0.01607,0.01478,0.01110,0.22497,0.01348,0.01246,0.01478,0.01764,0.01932,0.02083,0.09954,0.05788,0.01122,0.10742,0.01521,0.06203,0.01754,0.01720
0.19811,0.02218,0.03107,0.01875,0.02031,0.18911,0.04038,0.02715,0.01969,0.01610,0.02032,0.01311,0.11758,0.03571,0.02057,0.12789,0.01660,0.03734,0.01488,0.01314
0.16603,0.02732,0.02317,0.02256,0.03954,0.17208,0.05964,0.01922,0.02823,0.01791,0.01914,0.02162,0.08410,0.04651,0.01143,0.10225,0.02339,0.07331,0.01040,0.03216
0.07443,0.01546,0.02047,0.02005,0.02725,0.07374,0.02743,0.01937,0.01682,0.02760,0.01858,0.01561,0.19633,0.08843,0.01200,0.18947,0.01802,0.11081,0.00974,0.01840
0.24879,0.01259,0.01389,0.00999,0.01101,0.25120,0.01152,0.00860,0.01403,0.01119,0.01757,0.01908,0.05775,0.10762,0.00720,0.05266,0.00918,0.11703,0.00686,0.01224
0.15945,0.01539,0.02564,0.02283,0.02721,0.16236,0.03562,0.03038,0.02748,0.02557,0.03807,0.02165,0.08204,0.06703,0.02346,0.09138,0.01890,0.07711,0.01757,0.03084
0.30790,0.01020,0.01181,0.00807,0.01098,0.31376,0.01635,0.01225,0.01489,0.01120,0.01471,0.00855,0.05845,0.04830,0.01495,0.05751,0.01150,0.05432,0.00467,0.00962
0.09132,0.02136,0.01838,0.01573,0.01488,0.09446,0.01900,0.02150,0.02381,0.01757,0.05690,0.02059,0.10952,0.11237,0.02418,0.13346,0.02330,0.13635,0.01905,0.02627
0.24302,0.01269,0.01520,0.01052,0.01532,0.24961,0.01902,0.01584,0.01745,0.02056,0.01452,0.01301,0.10158,0.04437,0.01318,0.10242,0.01205,0.05223,0.01145,0.01596
0.20006,0.02219,0.02500,0.01921,0.02424,0.20949,0.02321,0.01743,0.01843,0.02863,0.02318,0.02126,0.04926,0.07627,0.01821,0.06961,0.01903,0.09257,0.01639,0.02631
0.24334,0.01610,0.02471,0.01870,0.01612,0.24260,0.02592,0.02394,0.01647,0.01771,0.03040,0.02056,0.06650,0.04849,0.03098,0.06514,0.01575,0.05308,0.00915,0.01435
0.29843,0.01694,0.01287,0.01173,0.01025,0.29037,0.01060,0.01492,0.01097,0.01072,0.01210,0.01026,0.07639,0.03817,0.00806,0.07985,0.00984,0.05351,0.00734,0.01670
0.34880,0.00893,0.01236,0.00671,0.00992,0.35229,0.00939,0.00971,0.00855,0.00703,0.00923,0.00841,0.04398,0.03727,0.00694,0.05325,0.01338,0.03599,0.00674,0.01113
0.33800,0.00996,0.01374,0.00888,0.01261,0.33204,0.01182,0.01208,0.01034,0.01522,0.00998,0.01111,0.03401,0.04937,0.00890,0.03519,0.00657,0.06618,0.00542,0.00854
0.22606,0.01577,0.01289,0.01441,0.01381,0.23468,0.01425,0.01782,0.01537,0.01502,0.01457,0.00887,0.03469,0.12580,0.01109,0.04321,0.01751,0.14403,0.00761,0.01253
0.12524,0.00665,0.00997,0.01345,0.00810,0.13559,0.01782,0.01082,0.00756,0.01180,0.02532,0.01385,0.06751,0.20654,0.01426,0.07206,0.00963,0.22237,0.00571,0.01575
0.14498,0.01852,0.02212,0.02771,0.03987,0.14997,0.02813,0.01647,0.02450,0.01645,0.02596,0.01702,0.07577,0.10494,0.01616,0.10141,0.01558,0.11783,0.01751,0.01913
0.17054,0.01199,0.01706,0.01274,0.01851,0.18322,0.02231,0.01350,0.01912,0.00895,0.02790,0.01411,0.07252,0.12715,0.01444,0.07757,0.01856,0.13640,0.00684,0.02657
0.17075,0.00866,0.01054,0.00612,0.01062,0.17124,0.01189,0.01372,0.00816,0.00967,0.01373,0.01231,0.03757,0.20349,0.01326,0.03951,0.00646,0.23007,0.01141,0.01082
0.09887,0.01735,0.01595,0.01093,0.01291,0.10328,0.01913,0.01157,0.01051,0.01451,0.03326,0.01887,0.09106,0.17725,0.01378,0.09893,0.01260,0.19673,0.01343,0.02906
0.13056,0.01775,0.01658,0.01488,0.01175,0.13722,0.01943,0.01095,0.01264,0.01062,0.03238,0.01815,0.16726,0.07539,0.01912,0.17081,0.01354,0.08616,0.01268,0.02213
0.14165,0.03183,0.04307,0.02910,0.02171,0.13320,0.07340,0.04798,0.03980,0.01773,0.01163,0.01515,0.08962,0.07545,0.01499,0.09017,0.01497,0.07976,0.01399,0.01480
0.21646,0.00784,0.00988,0.00839,0.01069,0.21212,0.01023,0.01000,0.00728,0.00856,0.01344,0.01041,0.17718,0.02800,0.00977,0.18875,0.01030,0.03821,0.00874,0.01374
0.14793,0.01394,0.00633,0.00972,0.01115,0.16753,0.01740,0.01000,0.00805,0.01297,0.02098,0.00899,0.18119,0.05705,0.01112,0.20074,0.01405,0.06493,0.00989,0.02604
0.10664,0.01117,0.01116,0.01251,0.01413,0.11255,0.01145,0.01659,0.01189,0.01318,0.02310,0.01202,0.11577,0.16488,0.00958,0.12584,0.01169,0.17600,0.01675,0.02311
0.09726,0.01722,0.01979,0.01930,0.02152,0.10331,0.03979,0.02099,0.02702,0.02250,0.02214,0.01233,0.22203,0.02378,0.02236,0.23033,0.01188,0.03277,0.01265,0.02102
0.30659,0.01097,0.01329,0.00864,0.01288,0.30342,0.01485,0.01248,0.01620,0.01166,0.01692,0.01261,0.05490,0.05254,0.00801,0.05654,0.00885,0.05867,0.00648,0.01350
0.24745,0.01272,0.00973,0.01576,0.01549,0.24206,0.02512,0.01134,0.01528,0.01272,0.01322,0.01912,0.11190,0.03786,0.02537,0.10906,0.01459,0.03527,0.00946,0.01649
0.14663,0.01453,0.01576,0.01166,0.01382,0.13603,0.02623,0.01886,0.01405,0.01354,0.02048,0.00983,0.03683,0.19339,0.02238,0.03624,0.01737,0.21355,0.01328,0.02554
0.15175,0.01277,0.01876,0.00984,0.01361,0.15547,0.01046,0.01652,0.01122,0.01163,0.02237,0.01249,0.20075,0.03457,0.01436,0.21386,0.00867,0.04253,0.01058,0.02778
0.21385,0.00997,0.01856,0.01607,0.01192,0.21260,0.02125,0.01476,0.01232,0.01259,0.02892,0.04396,0.11499,0.04935,0.01167,0.09905,0.01184,0.05266,0.01186,0.03180
0.21798,0.00931,0.00826,0.00557,0.00905,0.22357,0.01369,0.01002,0.00941,0.00694,0.01294,0.00758,0.05522,0.15592,0.01021,0.06143,0.00835,0.16248,0.00405,0.00801
0.15762,0.02441,0.02146,0.01442,0.02363,0.15917,0.03332,0.02233,0.01323,0.01802,0.02949,0.01350,0.13588,0.04341,0.01614,0.16514,0.02909,0.03942,0.01486,0.02546
0.20641,0.01557,0.01742,0.01009,0.01799,0.21494,0.01994,0.01394,0.01191,0.01452,0.02200,0.01709,0.12953,0.04678,0.01394,0.12816,0.00962,0.06257,0.00828,0.01931
0.17408,0.00886,0.01608,0.01097,0.01103,0.16607,0.01445,0.01121,0.01082,0.00887,0.02182,0.00917,0.09432,0.12294,0.01258,0.10014,0.02045,0.14801,0.01486,0.02324
0.14984,0.01185,0.01675,0.01437,0.00909,0.15317,0.01754,0.01157,0.00965,0.01142,0.03285,0.00968,0.11526,0.12354,0.01501,0.11589,0.01239,0.14216,0.00776,0.02021
0.33608,0.01190,0.01290,0.01073,0.01207,0.34321,0.01751,0.00990,0.00873,0.01124,0.00983,0.00902,0.06421,0.01645,0.00963,0.06876,0.00811,0.01831,0.01141,0.01000
0.20764,0.00858,0.01938,0.01119,0.01019,0.19862,0.01271,0.01543,0.01110,0.01459,0.01727,0.01898,0.06039,0.14217,0.01269,0.05564,0.01227,0.14657,0.00887,0.01571
0.08501,0.00925,0.01403,0.00703,0.00587,0.08703,0.01431,0.01116,0.01045,0.01033,0.01732,0.00981,0.13090,0.20071,0.01168,0.13843,0.00738,0.21052,0.00481,0.01397
0.09858,0.03475,0.02039,0.01948,0.02567,0.10431,0.04178,0.02625,0.01973,0.02069,0.02838,0.03087,0.07420,0.13812,0.01449,0.08379,0.02208,0.14825,0.01839,0.02979
0.11112,0.03347,0.05579,0.03178,0.02612,0.12999,0.03917,0.02060,0.04385,0.01886,0.05626,0.01459,0.05618,0.07938,0.02161,0.05559,0.06029,0.09781,0.01387,0.03367
