0.23835,0.06611,0.14976,0.09273,0.03314,0.21740,0.04831,0.03210,0.02714,0.03612,0.05885
0.12555,0.05539,0.36469,0.09198,0.03800,0.11433,0.05583,0.03310,0.02625,0.03975,0.05513
0.15336,0.11549,0.08278,0.12760,0.05477,0.14493,0.06631,0.05597,0.04764,0.05229,0.09887
0.14797,0.08279,0.25878,0.06259,0.06448,0.15994,0.03313,0.03757,0.03350,0.04288,0.07638
0.12212,0.11079,0.24827,0.08538,0.06417,0.12118,0.04762,0.03338,0.04108,0.04274,0.08329
0.16232,0.14692,0.13168,0.09024,0.06217,0.15561,0.03505,0.03352,0.03143,0.04014,0.11092
0.24352,0.09266,0.10242,0.05594,0.07815,0.24641,0.02587,0.03035,0.03208,0.03185,0.06074
0.13825,0.12454,0.14996,0.09127,0.06510,0.11894,0.05789,0.04821,0.05201,0.05431,0.09951
0.16659,0.11583,0.07967,0.17543,0.03107,0.16245,0.06206,0.03377,0.04508,0.02198,0.10608
0.14564,0.08792,0.21235,0.08992,0.05830,0.13849,0.05474,0.04207,0.04125,0.04628,0.08305
0.12758,0.06858,0.31940,0.05508,0.06040,0.12920,0.04631,0.05921,0.03194,0.03879,0.06351
0.16831,0.10035,0.16878,0.09512,0.04430,0.15074,0.05003,0.04418,0.03251,0.04896,0.09670
0.16410,0.12827,0.10380,0.16187,0.03130,0.12943,0.05979,0.03069,0.03068,0.06310,0.09698
0.11989,0.08486,0.11874,0.06242,0.04805,0.11956,0.06694,0.13328,0.06950,0.07699,0.09977
0.15719,0.06074,0.27384,0.09347,0.03346,0.15698,0.04736,0.03301,0.03964,0.04581,0.05850
0.12656,0.06600,0.36334,0.06916,0.04431,0.13343,0.04169,0.03530,0.03062,0.03515,0.05443
0.15007,0.06294,0.34067,0.06393,0.04634,0.14133,0.03708,0.02647,0.03536,0.03484,0.06097
0.25479,0.09619,0.06543,0.10619,0.02886,0.21967,0.04700,0.02685,0.02413,0.05053,0.08037
0.11156,0.08725,0.14505,0.07158,0.03984,0.11832,0.05163,0.13556,0.04788,0.08772,0.10360
0.23588,0.08435,0.09531,0.10651,0.03127,0.22082,0.04083,0.03755,0.03161,0.02983,0.08605
0.14970,0.13504,0.11108,0.16089,0.04148,0.12175,0.06137,0.03974,0.02698,0.05538,0.09659
0.19088,0.07284,0.16400,0.06921,0.06933,0.18785,0.03541,0.05192,0.03894,0.04033,0.07927
0.14848,0.17968,0.09284,0.16923,0.02119,0.12203,0.04742,0.02264,0.01262,0.04850,0.13536
0.18184,0.07415,0.15766,0.07655,0.03861,0.17922,0.04987,0.06687,0.04606,0.04198,0.08721
0.12574,0.10484,0.25370,0.14516,0.03503,0.09754,0.06238,0.02220,0.02547,0.04858,0.07936
0.09288,0.05145,0.32906,0.05504,0.04143,0.08297,0.05512,0.09876,0.05111,0.07817,0.06401
0.21175,0.08178,0.06011,0.11843,0.05468,0.20104,0.06779,0.03621,0.05372,0.03562,0.07888
0.10198,0.08845,0.28127,0.09679,0.03580,0.10026,0.06004,0.05998,0.03532,0.06401,0.07611
0.14351,0.11688,0.18703,0.11879,0.03922,0.13113,0.06073,0.03713,0.03129,0.04773,0.08657
0.15603,0.08175,0.12497,0.05769,0.06258,0.14567,0.05267,0.08904,0.06044,0.07121,0.09795
0.19790,0.09503,0.10004,0.06952,0.07425,0.20379,0.03174,0.05330,0.03485,0.04992,0.08967
0.11195,0.11802,0.07089,0.06166,0.06315,0.12804,0.04326,0.14294,0.05789,0.07067,0.13152
0.22738,0.06876,0.15870,0.07509,0.05408,0.21211,0.03982,0.03532,0.03343,0.03454,0.06077
0.18404,0.11539,0.11808,0.08495,0.06260,0.16879,0.04289,0.04832,0.04410,0.04006,0.09077
0.11531,0.11187,0.20337,0.11207,0.04384,0.10458,0.07200,0.03809,0.04890,0.05016,0.09982
0.08811,0.17241,0.19398,0.12027,0.04343,0.08313,0.05036,0.03438,0.03740,0.04341,0.13311
0.11924,0.07711,0.28667,0.07917,0.05451,0.11932,0.05494,0.04134,0.04577,0.05307,0.06886
0.19024,0.03143,0.28091,0.05352,0.04755,0.19746,0.02786,0.04155,0.03911,0.04051,0.04985
0.14802,0.10924,0.18926,0.11619,0.04413,0.13301,0.04672,0.03533,0.02264,0.06447,0.09100
0.22009,0.12463,0.06433,0.04755,0.11564,0.24720,0.02147,0.03600,0.02741,0.02488,0.07080
0.16065,0.08276,0.16769,0.12076,0.04005,0.15717,0.05177,0.04006,0.04599,0.04381,0.08928
0.20766,0.08210,0.10595,0.12258,0.03924,0.17366,0.05519,0.04525,0.04711,0.04762,0.07366
0.29607,0.02459,0.22830,0.03280,0.01740,0.29321,0.01818,0.02182,0.01542,0.02063,0.03157
0.13516,0.10872,0.23632,0.10921,0.03745,0.12195,0.04594,0.03778,0.02693,0.04656,0.09398
0.14751,0.07054,0.30620,0.05809,0.05971,0.16154,0.03536,0.04015,0.02820,0.03338,0.05932
0.10774,0.08032,0.30736,0.07402,0.04659,0.12177,0.04604,0.05726,0.03689,0.04130,0.08072
0.14659,0.15784,0.07410,0.16694,0.03074,0.12032,0.06090,0.03032,0.02979,0.06108,0.12140
0.19290,0.10069,0.16288,0.08682,0.03210,0.19245,0.03511,0.03552,0.03023,0.03180,0.09950
0.15783,0.08437,0.23199,0.07988,0.03672,0.16013,0.04381,0.04052,0.04459,0.04328,0.07688
0.25232,0.05719,0.13922,0.09432,0.04118,0.21262,0.05687,0.03011,0.03241,0.03587,0.04788
0.15990,0.04118,0.28462,0.08067,0.04291,0.16757,0.04521,0.04532,0.04011,0.03943,0.05309
0.17870,0.10409,0.11920,0.12573,0.04145,0.16902,0.04855,0.03494,0.04028,0.04445,0.09359
0.17341,0.04860,0.22241,0.05302,0.05478,0.15331,0.03294,0.07753,0.03687,0.08398,0.06314
0.12071,0.12798,0.09430,0.09228,0.06751,0.13187,0.05109,0.08244,0.05161,0.06110,0.11910
0.15613,0.07189,0.31249,0.09027,0.03053,0.14167,0.04379,0.02769,0.02416,0.04125,0.06012
0.12495,0.13727,0.09472,0.14893,0.05761,0.10412,0.07078,0.04881,0.06221,0.03205,0.11855
0.14121,0.16689,0.05084,0.15593,0.04764,0.13802,0.04533,0.03137,0.03990,0.03176,0.15111
0.19342,0.10442,0.06442,0.14012,0.04690,0.18012,0.07088,0.03536,0.05594,0.02193,0.08648
0.19992,0.09101,0.10442,0.10400,0.06274,0.16686,0.06133,0.03816,0.04497,0.05359,0.07300
0.07759,0.04646,0.33412,0.04053,0.06490,0.09073,0.06515,0.10202,0.04884,0.06786,0.06181
0.09201,0.03867,0.55209,0.06755,0.01996,0.09213,0.03098,0.02499,0.01457,0.03149,0.03557
0.22796,0.06517,0.13799,0.06607,0.06022,0.21689,0.04947,0.03573,0.04304,0.04189,0.05557
0.25303,0.05152,0.15277,0.05162,0.05407,0.23785,0.03077,0.04710,0.02966,0.03758,0.05403
0.17524,0.08344,0.18790,0.09960,0.03175,0.18296,0.03687,0.03534,0.03121,0.04195,0.09373
0.11118,0.07834,0.24836,0.07726,0.06245,0.09496,0.06509,0.07023,0.05504,0.04364,0.09345
0.14971,0.11136,0.10380,0.12174,0.04360,0.16942,0.06144,0.04766,0.03616,0.04174,0.11336
0.18375,0.06423,0.22573,0.07019,0.03460,0.17764,0.03751,0.05568,0.02981,0.04679,0.07409
0.10181,0.08612,0.30059,0.11640,0.03085,0.09723,0.06921,0.03841,0.03527,0.04510,0.07900
0.19077,0.07662,0.17311,0.08079,0.05461,0.17643,0.04606,0.04241,0.03718,0.04019,0.08183
0.17960,0.06920,0.17685,0.08446,0.04542,0.16986,0.04628,0.04521,0.04237,0.06321,0.07752
0.14613,0.09972,0.10999,0.16901,0.02459,0.15103,0.07158,0.04088,0.05312,0.03254,0.10140
0.16725,0.06703,0.32822,0.09775,0.02404,0.14400,0.03815,0.02287,0.01957,0.03598,0.05513
0.15240,0.11328,0.13434,0.14026,0.03761,0.12901,0.06800,0.04330,0.03133,0.06105,0.08942
0.18940,0.06288,0.25436,0.05845,0.05100,0.19839,0.03130,0.03231,0.03014,0.03412,0.05765
0.15570,0.14364,0.12884,0.06264,0.08468,0.15129,0.05015,0.04291,0.05194,0.04339,0.08481
0.17316,0.07745,0.22863,0.07218,0.05083,0.16860,0.04117,0.04405,0.03491,0.04064,0.06838
0.13136,0.09664,0.25349,0.13024,0.03269,0.11549,0.06486,0.03166,0.02956,0.04292,0.07107
0.14967,0.14011,0.14416,0.12933,0.04097,0.14360,0.03998,0.02965,0.02985,0.03379,0.11888
0.22400,0.06433,0.14873,0.08228,0.04888,0.21557,0.03811,0.04284,0.04088,0.03232,0.06205
0.18707,0.07228,0.17938,0.08964,0.04346,0.17691,0.05363,0.04965,0.03940,0.04231,0.06627
0.24523,0.07047,0.07142,0.08929,0.04678,0.22566,0.04775,0.05217,0.04754,0.03807,0.06562
0.20232,0.08520,0.03116,0.17409,0.03301,0.16248,0.07752,0.04843,0.05028,0.04587,0.08963
0.23904,0.08869,0.10620,0.07892,0.03264,0.23907,0.03857,0.02861,0.02571,0.03657,0.08598
0.26597,0.05614,0.12769,0.05501,0.05327,0.26470,0.02546,0.03835,0.02378,0.02606,0.06357
0.17192,0.11334,0.16750,0.06613,0.07681,0.17729,0.03568,0.03373,0.04055,0.03684,0.08021
0.16113,0.09923,0.20741,0.07408,0.06287,0.14705,0.04207,0.04311,0.04559,0.03597,0.08147
0.16249,0.12898,0.07325,0.14270,0.03787,0.16135,0.05446,0.03659,0.03436,0.05409,0.11387
0.16141,0.09386,0.17917,0.12796,0.03226,0.15292,0.06151,0.03385,0.02370,0.05096,0.08241
0.14547,0.14960,0.10066,0.12172,0.04896,0.12593,0.05570,0.03935,0.04263,0.04622,0.12376
0.16645,0.11422,0.14444,0.08697,0.06526,0.16011,0.04161,0.04422,0.04171,0.04712,0.08791
0.16007,0.05906,0.32040,0.06791,0.04327,0.15596,0.03597,0.03138,0.03089,0.03837,0.05672
0.13389,0.11234,0.07442,0.15740,0.05848,0.12584,0.08701,0.05086,0.06149,0.04114,0.09713
0.13802,0.15589,0.06858,0.10702,0.07194,0.16603,0.04216,0.04400,0.04872,0.03261,0.12503
0.15289,0.13047,0.09738,0.09922,0.06853,0.15545,0.06096,0.04427,0.04320,0.05636,0.09127
0.24866,0.06388,0.12133,0.06696,0.04808,0.23447,0.03833,0.03898,0.03431,0.03900,0.06601
0.19875,0.04788,0.23292,0.05309,0.02871,0.19721,0.03065,0.06483,0.02918,0.05097,0.06580
0.14988,0.08899,0.23513,0.08233,0.05682,0.14889,0.04019,0.03862,0.04364,0.03938,0.07613
0.15420,0.13703,0.11691,0.06018,0.09388,0.18000,0.03211,0.04765,0.03624,0.05295,0.08885
0.15522,0.06393,0.31964,0.04580,0.06535,0.16679,0.02014,0.02852,0.03758,0.04054,0.05649
0.15918,0.08558,0.19580,0.08381,0.04655,0.14758,0.04228,0.06096,0.03812,0.05789,0.08223
0.21071,0.04450,0.19130,0.11022,0.03393,0.19893,0.05855,0.02707,0.04688,0.03471,0.04319
0.23271,0.09382,0.09978,0.06673,0.04048,0.22672,0.02646,0.04284,0.02786,0.04087,0.10173
0.26849,0.06919,0.12908,0.07648,0.03531,0.24311,0.03404,0.02673,0.02326,0.02778,0.06653
0.11619,0.18605,0.10137,0.11973,0.04694,0.11532,0.04209,0.03814,0.03331,0.03267,0.16820
0.15809,0.12325,0.09900,0.08447,0.07790,0.18095,0.04782,0.05248,0.04232,0.04766,0.08607
0.16266,0.12431,0.11329,0.09857,0.05103,0.16613,0.04306,0.04820,0.04392,0.04251,0.10632
0.11190,0.17307,0.06092,0.12048,0.05530,0.12498,0.05409,0.05832,0.05538,0.03837,0.14721
0.23971,0.06149,0.14370,0.08017,0.04337,0.20531,0.04862,0.04688,0.03084,0.04552,0.05439
0.22716,0.05435,0.06472,0.16848,0.03654,0.20243,0.07837,0.03437,0.05960,0.02151,0.05247
0.31324,0.06706,0.09331,0.08498,0.02488,0.26340,0.03031,0.02329,0.01760,0.02656,0.05537
0.21149,0.08731,0.12253,0.09932,0.02906,0.20904,0.03919,0.03915,0.03266,0.02875,0.10149
0.17300,0.08632,0.19769,0.11138,0.04036,0.14824,0.05959,0.03173,0.03716,0.04807,0.06646
0.17512,0.11701,0.17067,0.10604,0.03708,0.16552,0.03739,0.03002,0.02117,0.04387,0.09611
0.18775,0.08301,0.20185,0.05874,0.06568,0.20004,0.03646,0.03942,0.02987,0.03507,0.06211
0.14721,0.04559,0.07131,0.06190,0.05016,0.12672,0.05521,0.19908,0.07744,0.07702,0.08835
0.16809,0.11834,0.13602,0.12867,0.04106,0.14701,0.05240,0.03288,0.02889,0.05726,0.08938
0.12562,0.18968,0.06040,0.12019,0.04264,0.12368,0.04044,0.04946,0.03045,0.04264,0.17479
0.11827,0.12529,0.15149,0.11242,0.03287,0.11478,0.04661,0.07106,0.04601,0.04614,0.13506
0.19509,0.08827,0.09609,0.06041,0.08370,0.21363,0.03999,0.03773,0.05452,0.05209,0.07849
0.14546,0.16797,0.06622,0.09809,0.07929,0.16471,0.03397,0.04174,0.04464,0.03767,0.12023
0.20645,0.08912,0.08459,0.04178,0.09108,0.22386,0.04030,0.05574,0.04538,0.05544,0.06627
0.12923,0.12981,0.16209,0.10799,0.04439,0.14077,0.04911,0.03445,0.04366,0.03188,0.12663
0.09861,0.21094,0.06917,0.09934,0.05847,0.10926,0.03579,0.05652,0.03902,0.03116,0.19173
0.09399,0.16052,0.10104,0.12794,0.05424,0.10513,0.05689,0.06024,0.04662,0.04573,0.14765
0.11025,0.14372,0.08264,0.09714,0.06071,0.10634,0.05406,0.07558,0.06072,0.05202,0.15682
0.17325,0.05736,0.29261,0.07777,0.03723,0.17067,0.03486,0.02557,0.02765,0.04982,0.05321
0.15149,0.08485,0.18622,0.11269,0.03373,0.15235,0.06861,0.04458,0.04935,0.04027,0.07586
0.22215,0.04126,0.24679,0.02677,0.05654,0.22368,0.02037,0.04423,0.02199,0.04727,0.04896
0.21004,0.08708,0.09728,0.14178,0.03030,0.18734,0.06454,0.03211,0.03404,0.04960,0.06591
0.17281,0.10395,0.10753,0.07633,0.06946,0.17447,0.04713,0.05231,0.04839,0.05737,0.09026
0.15494,0.07165,0.26059,0.09083,0.03484,0.13964,0.04834,0.04632,0.03749,0.04594,0.06941
0.19353,0.07515,0.15088,0.08305,0.06310,0.17610,0.05128,0.04639,0.04876,0.03445,0.07731
0.11440,0.15349,0.12779,0.14693,0.03134,0.10157,0.05666,0.04121,0.04012,0.04260,0.14389
0.20594,0.12939,0.08142,0.10765,0.04273,0.17998,0.05510,0.02509,0.02395,0.04700,0.10177
0.18762,0.06481,0.18838,0.05671,0.06949,0.17359,0.04871,0.05166,0.04843,0.05164,0.05896
0.14563,0.04779,0.29958,0.06325,0.04517,0.15079,0.03939,0.06580,0.03226,0.04710,0.06325
0.07119,0.06870,0.09493,0.05021,0.04376,0.07725,0.05870,0.23851,0.08216,0.09931,0.11527
0.17953,0.06663,0.27271,0.10674,0.03193,0.14786,0.04204,0.02498,0.03205,0.03817,0.05735
0.21513,0.04690,0.30396,0.06173,0.01997,0.20593,0.02543,0.02597,0.02013,0.03310,0.04177
0.14474,0.09966,0.22977,0.08505,0.03684,0.13474,0.04409,0.04315,0.03376,0.03419,0.11400
0.12753,0.12805,0.11494,0.08514,0.06392,0.14055,0.03968,0.06416,0.04404,0.06147,0.13051
0.14438,0.09153,0.25626,0.08848,0.05344,0.13608,0.05028,0.03237,0.03114,0.04290,0.07313
0.18084,0.05770,0.10696,0.06739,0.04122,0.17994,0.05418,0.10636,0.06156,0.06284,0.08103
0.12318,0.05612,0.35650,0.08829,0.03879,0.11590,0.05373,0.04135,0.02599,0.04256,0.05758
0.13186,0.09445,0.26007,0.09488,0.04191,0.11822,0.04628,0.04355,0.03616,0.04381,0.08881
0.15947,0.07448,0.22200,0.11137,0.03794,0.15696,0.04726,0.03694,0.04639,0.03293,0.07425
0.12715,0.11441,0.22628,0.13846,0.02683,0.09510,0.07108,0.03450,0.02702,0.05606,0.08312
0.12514,0.13676,0.21779,0.07571,0.06886,0.12384,0.04082,0.03793,0.03329,0.03907,0.10079
0.13166,0.11151,0.18594,0.11703,0.04323,0.13350,0.06025,0.03717,0.03666,0.03908,0.10397
0.14332,0.04452,0.38282,0.04635,0.05926,0.14912,0.02976,0.02129,0.04214,0.03384,0.04758
0.16779,0.17250,0.06290,0.05659,0.10486,0.22732,0.01951,0.03587,0.03180,0.02194,0.09893
0.18867,0.07954,0.16532,0.04041,0.08744,0.20721,0.04108,0.05134,0.03546,0.05275,0.05078
0.13148,0.04771,0.41062,0.08769,0.02894,0.12593,0.04147,0.02118,0.02552,0.03548,0.04399
0.19922,0.10984,0.15998,0.10511,0.02091,0.19030,0.03615,0.02228,0.01921,0.04716,0.08985
0.17709,0.09561,0.10549,0.10662,0.05003,0.17505,0.06329,0.04240,0.04254,0.05418,0.08770
0.11837,0.14071,0.10473,0.08370,0.06111,0.12362,0.06132,0.06468,0.05853,0.06201,0.12123
0.09914,0.08048,0.28387,0.08635,0.05041,0.08864,0.05881,0.06824,0.04882,0.04546,0.08979
0.17651,0.07271,0.17044,0.08276,0.04749,0.16547,0.04885,0.05886,0.05361,0.04660,0.07670
0.15473,0.08409,0.24447,0.08799,0.04031,0.14147,0.05471,0.03960,0.04013,0.04148,0.07102
0.23658,0.04395,0.15759,0.06153,0.04487,0.23497,0.03890,0.05118,0.03783,0.03778,0.05483
0.14310,0.09460,0.24901,0.11728,0.03985,0.11989,0.05086,0.03024,0.02565,0.05835,0.07117
0.17162,0.05811,0.14831,0.04144,0.05730,0.17301,0.06213,0.06560,0.05887,0.07283,0.09080
0.23551,0.07635,0.09024,0.10700,0.05012,0.21841,0.05984,0.03275,0.04357,0.02982,0.05639
0.13205,0.09463,0.19152,0.11194,0.04109,0.12192,0.05085,0.06438,0.04181,0.04952,0.10030
0.20539,0.10503,0.07867,0.08645,0.02588,0.21365,0.03754,0.05413,0.03219,0.04797,0.11309
0.22956,0.05445,0.24446,0.05402,0.03881,0.23235,0.02577,0.02202,0.02575,0.02341,0.04942
0.15443,0.11326,0.17038,0.08945,0.06539,0.15603,0.04351,0.03116,0.04565,0.03198,0.09876
0.21747,0.05924,0.16406,0.05695,0.07016,0.22481,0.04578,0.03766,0.03492,0.04079,0.04815
0.19228,0.05073,0.18838,0.04994,0.04769,0.18556,0.03909,0.09008,0.04105,0.05477,0.06044
0.17406,0.12984,0.09061,0.11741,0.05295,0.16544,0.04786,0.03686,0.04463,0.04162,0.09873
0.15232,0.08975,0.20763,0.10965,0.03667,0.14777,0.04604,0.03645,0.04336,0.04363,0.08674
0.19489,0.04734,0.19961,0.06115,0.07326,0.21892,0.03970,0.03595,0.06066,0.02690,0.04162
0.19648,0.08954,0.14998,0.07828,0.04986,0.16927,0.04594,0.04807,0.04134,0.05400,0.07722
0.20252,0.04353,0.18225,0.02294,0.08699,0.20171,0.03055,0.07410,0.03969,0.05618,0.05952
0.21107,0.12740,0.07755,0.15397,0.02966,0.17165,0.05358,0.02131,0.02037,0.04145,0.09198
0.27066,0.05705,0.14320,0.08118,0.02755,0.23494,0.04514,0.02729,0.01953,0.04073,0.05273
0.12336,0.19942,0.05510,0.13606,0.03991,0.12350,0.04304,0.03810,0.03185,0.04531,0.16435
0.12751,0.10527,0.23369,0.13515,0.02630,0.10804,0.06143,0.03279,0.02955,0.05671,0.08355
0.15359,0.07771,0.27148,0.08598,0.03324,0.15003,0.04158,0.03867,0.02965,0.03920,0.07887
0.21351,0.07429,0.18349,0.06372,0.06973,0.21423,0.03486,0.03246,0.02655,0.04217,0.04499
0.13238,0.13088,0.14566,0.14892,0.04591,0.10466,0.08164,0.03052,0.03485,0.05972,0.08486
0.12650,0.12691,0.13091,0.11654,0.05428,0.12142,0.05077,0.06413,0.03978,0.04387,0.12488
0.13703,0.14403,0.07709,0.12575,0.06077,0.12674,0.05899,0.04839,0.04080,0.06233,0.11808
0.16068,0.07885,0.23184,0.12136,0.02528,0.16102,0.04865,0.03339,0.03444,0.03045,0.07403
0.12942,0.15627,0.11244,0.13958,0.04185,0.12677,0.05943,0.03188,0.03417,0.06038,0.10782
0.17825,0.08800,0.08465,0.16530,0.03350,0.16117,0.07344,0.03441,0.04675,0.04461,0.08992
0.21112,0.06331,0.13380,0.05263,0.07914,0.19861,0.04459,0.06117,0.03941,0.05418,0.06205
0.17306,0.10450,0.15832,0.06008,0.05866,0.16450,0.03176,0.05961,0.02954,0.05976,0.10022
0.16742,0.14582,0.07656,0.09529,0.04520,0.16505,0.05114,0.03951,0.03444,0.04540,0.13416
0.13434,0.10665,0.21996,0.08979,0.05338,0.12527,0.05227,0.03450,0.03654,0.05622,0.09108
0.19818,0.10360,0.09588,0.06373,0.07818,0.20856,0.04563,0.03939,0.04897,0.04180,0.07608
0.22643,0.07267,0.12874,0.05985,0.06451,0.22614,0.03476,0.05691,0.02807,0.03632,0.06559
0.10306,0.17741,0.10442,0.15433,0.03347,0.09860,0.05277,0.04595,0.02995,0.05657,0.14346
0.18696,0.11915,0.10247,0.09064,0.04933,0.18148,0.04100,0.04819,0.03007,0.04973,0.10100
0.13553,0.06869,0.30974,0.10750,0.03615,0.12428,0.05162,0.02900,0.02852,0.04777,0.06119
0.17464,0.09875,0.12740,0.13250,0.04848,0.13605,0.06827,0.03170,0.03460,0.07146,0.07614
0.12317,0.11123,0.15799,0.11922,0.05776,0.09481,0.07437,0.05859,0.04575,0.05665,0.10046
0.12341,0.16149,0.07455,0.21775,0.02451,0.07484,0.08506,0.02611,0.02185,0.08488,0.10553
0.13190,0.17117,0.05793,0.15037,0.03864,0.12115,0.06941,0.03823,0.03998,0.05528,0.12594
0.11605,0.04222,0.05897,0.29568,0.02200,0.10469,0.16275,0.04208,0.10099,0.01618,0.03840
0.25332,0.05648,0.14397,0.08721,0.04245,0.22340,0.04242,0.03152,0.02938,0.03469,0.05516
0.15191,0.11894,0.17593,0.05453,0.10134,0.17700,0.03790,0.03350,0.04078,0.04036,0.06781
0.22722,0.06961,0.19029,0.09906,0.01955,0.20147,0.04615,0.02428,0.01781,0.04728,0.05729
0.17846,0.12454,0.09955,0.16707,0.03057,0.14306,0.06956,0.02600,0.02350,0.05775,0.07995
0.12631,0.05124,0.42403,0.04428,0.04254,0.12249,0.02845,0.03988,0.02744,0.03572,0.05762
0.13926,0.12231,0.22185,0.12486,0.04123,0.11872,0.04696,0.02972,0.02904,0.04233,0.08372
0.11174,0.11162,0.22266,0.08829,0.05077,0.10728,0.06851,0.05257,0.04341,0.04646,0.09669
0.16049,0.09617,0.13865,0.10782,0.05519,0.16418,0.05070,0.04265,0.05129,0.04101,0.09187
0.16870,0.14718,0.07277,0.11730,0.04352,0.15358,0.04960,0.04129,0.03885,0.04098,0.12623
0.22994,0.11493,0.08031,0.09970,0.03329,0.20286,0.03779,0.03721,0.02681,0.04098,0.09618
0.15657,0.07759,0.24150,0.05741,0.06424,0.14600,0.03883,0.06503,0.03196,0.05020,0.07069
0.19729,0.11771,0.06489,0.12887,0.03872,0.19214,0.04637,0.03265,0.03485,0.03390,0.11261
0.19810,0.09041,0.15074,0.09021,0.06602,0.16598,0.04798,0.03875,0.04180,0.04167,0.06835
0.13436,0.11573,0.09231,0.10491,0.06451,0.12425,0.06664,0.06598,0.04941,0.07800,0.10390
0.21892,0.11884,0.07003,0.11579,0.02948,0.21207,0.03521,0.02628,0.02059,0.03411,0.11867
0.23207,0.07800,0.09659,0.08197,0.03649,0.22433,0.03782,0.05195,0.03689,0.04272,0.08117
0.10364,0.17989,0.09751,0.11495,0.04423,0.11914,0.03674,0.05302,0.03924,0.03423,0.17742
0.15855,0.06737,0.28218,0.10244,0.02529,0.13943,0.05658,0.03770,0.02563,0.04483,0.06001
0.19491,0.07180,0.21576,0.08662,0.02304,0.19838,0.03231,0.02910,0.02747,0.03693,0.08369
0.16203,0.11657,0.15879,0.12833,0.03635,0.14841,0.05058,0.02713,0.02897,0.04086,0.10198
0.19251,0.07979,0.19117,0.05906,0.07694,0.19721,0.02990,0.04055,0.02700,0.04474,0.06114
0.16444,0.10314,0.15585,0.09177,0.05586,0.15823,0.05397,0.04928,0.04102,0.04331,0.08314
0.16079,0.04371,0.37028,0.07448,0.02308,0.16184,0.03867,0.02740,0.03251,0.03045,0.03680
0.22037,0.09799,0.10218,0.14861,0.02531,0.18623,0.06398,0.02132,0.02690,0.03961,0.06751
0.13711,0.15777,0.08112,0.10136,0.03857,0.16084,0.03627,0.05005,0.03858,0.03148,0.16685
0.19544,0.05908,0.25932,0.05559,0.04268,0.18974,0.02724,0.03697,0.02803,0.04891,0.05700
0.11393,0.04684,0.43654,0.08895,0.02219,0.12528,0.03798,0.02668,0.02479,0.03044,0.04636
0.21149,0.06424,0.22194,0.08177,0.04173,0.18662,0.04432,0.02543,0.02867,0.04124,0.05255
0.09765,0.18454,0.15668,0.11378,0.04657,0.10944,0.02873,0.03168,0.02996,0.03145,0.16954
0.21291,0.07838,0.07949,0.14915,0.02752,0.18052,0.07442,0.03744,0.05062,0.03413,0.07543
0.18929,0.13735,0.06482,0.14475,0.02961,0.16642,0.05078,0.03135,0.02994,0.04339,0.11230
0.16760,0.06141,0.27514,0.07258,0.02764,0.18365,0.02903,0.04034,0.02963,0.03160,0.08137
0.12671,0.11819,0.25172,0.11021,0.03805,0.10746,0.05388,0.02542,0.02924,0.04357,0.09555
0.15033,0.11500,0.14459,0.11035,0.04066,0.15407,0.04763,0.04884,0.03879,0.04281,0.10694
0.15568,0.12618,0.09541,0.09585,0.06535,0.15650,0.06330,0.03887,0.05627,0.04567,0.10090
0.19977,0.08216,0.08903,0.07430,0.08827,0.22485,0.04429,0.04224,0.04395,0.05517,0.05597
0.10029,0.09364,0.34762,0.10802,0.03657,0.09054,0.05482,0.03354,0.02696,0.04057,0.06743
0.19927,0.09466,0.09653,0.09359,0.04483,0.18071,0.05955,0.04930,0.04603,0.05315,0.08238
0.21567,0.10737,0.06929,0.14208,0.03656,0.16958,0.05616,0.03990,0.03877,0.04174,0.08287
0.11574,0.11661,0.18595,0.08947,0.05849,0.12488,0.05536,0.06164,0.04640,0.04697,0.09849
0.14470,0.10395,0.20682,0.05180,0.08171,0.15323,0.03474,0.04810,0.03552,0.04922,0.09021
0.19467,0.03980,0.25854,0.07570,0.03642,0.19733,0.03689,0.03140,0.04517,0.03374,0.05035
0.12187,0.12872,0.05782,0.08830,0.06417,0.13533,0.05870,0.08043,0.04844,0.09203,0.12419
0.11468,0.20620,0.05592,0.11601,0.06466,0.12877,0.03628,0.03695,0.04366,0.03201,0.16486
0.16914,0.12313,0.10736,0.14202,0.03485,0.12999,0.06856,0.03542,0.03356,0.06800,0.08797
0.14196,0.09521,0.24843,0.12314,0.04481,0.10699,0.05593,0.03227,0.03099,0.04885,0.07142
0.15644,0.13190,0.12181,0.09116,0.04198,0.15192,0.03665,0.05076,0.03676,0.03633,0.14428
0.17899,0.09270,0.21287,0.08325,0.03166,0.17813,0.04277,0.03028,0.02770,0.04217,0.07949
0.12340,0.09717,0.27829,0.09810,0.04663,0.12417,0.04990,0.02729,0.03899,0.03369,0.08236
0.15969,0.06148,0.23897,0.04614,0.05564,0.14316,0.03665,0.07961,0.03978,0.06532,0.07355
0.12793,0.17357,0.06222,0.11105,0.04169,0.12649,0.04150,0.07128,0.03854,0.05113,0.15461
0.21279,0.08059,0.05521,0.07892,0.07279,0.20862,0.05799,0.06717,0.04354,0.05200,0.07039
0.15419,0.06223,0.28604,0.06903,0.04142,0.15361,0.03948,0.04533,0.03980,0.04755,0.06134
0.10319,0.12987,0.21359,0.08399,0.06943,0.10466,0.06092,0.05029,0.04669,0.04233,0.09504
0.17960,0.09001,0.21381,0.08491,0.05095,0.14564,0.04075,0.03725,0.02734,0.05830,0.07143
0.14317,0.10623,0.12522,0.06340,0.08406,0.15671,0.04936,0.06426,0.05301,0.05667,0.09790
0.16218,0.08999,0.15541,0.11865,0.04281,0.16673,0.07645,0.03429,0.04341,0.03856,0.07153
0.17594,0.05988,0.22105,0.03792,0.06400,0.16948,0.03881,0.07717,0.03486,0.05469,0.06619
0.11698,0.13530,0.14692,0.08125,0.06923,0.13143,0.06008,0.05033,0.04519,0.05879,0.10450
0.13803,0.08785,0.26168,0.04712,0.06763,0.14021,0.03417,0.05817,0.03509,0.05191,0.07812
0.15459,0.06470,0.14418,0.16525,0.03330,0.13593,0.08978,0.05088,0.05520,0.03939,0.06681
0.15097,0.11236,0.19315,0.13389,0.03817,0.11383,0.05786,0.03090,0.02393,0.05979,0.08516
0.15037,0.12449,0.16866,0.08254,0.07606,0.13191,0.04793,0.04087,0.04594,0.04628,0.08496
0.14170,0.16482,0.10800,0.06652,0.09742,0.18877,0.03551,0.03851,0.03608,0.03961,0.08306
0.38204,0.03161,0.05529,0.07505,0.01546,0.33610,0.02282,0.01542,0.01461,0.02205,0.02954
0.16128,0.06444,0.23129,0.08446,0.04395,0.15728,0.05917,0.03766,0.03763,0.05038,0.07246
0.21912,0.11398,0.11698,0.07214,0.05686,0.21237,0.02507,0.02565,0.02209,0.02592,0.10983
0.20012,0.06741,0.14793,0.10232,0.05068,0.17276,0.05830,0.03737,0.03769,0.06060,0.06483
0.18566,0.07756,0.11964,0.07592,0.06244,0.19111,0.05804,0.05608,0.05109,0.05213,0.07032
0.22009,0.07890,0.14898,0.06175,0.06975,0.20032,0.03861,0.03765,0.03828,0.03584,0.06981
0.15279,0.05242,0.17921,0.06463,0.05490,0.14804,0.06866,0.08211,0.05590,0.06426,0.07709
0.12510,0.08218,0.27252,0.10011,0.03604,0.13041,0.06568,0.03341,0.04070,0.03415,0.07969
0.09410,0.19636,0.09961,0.14523,0.03583,0.09294,0.06058,0.03311,0.04016,0.03469,0.16740
0.17483,0.10727,0.10222,0.08187,0.05814,0.16871,0.03993,0.07462,0.04363,0.04818,0.10060
0.19552,0.12739,0.08354,0.12975,0.04282,0.16591,0.04600,0.03092,0.02902,0.05657,0.09255
0.16125,0.11031,0.11953,0.08533,0.06086,0.15095,0.04659,0.06031,0.04393,0.04179,0.11915
0.11344,0.06690,0.36908,0.09841,0.03105,0.10536,0.05569,0.03769,0.02718,0.04387,0.05132
0.16688,0.07513,0.22698,0.06619,0.05666,0.16440,0.03874,0.03781,0.04567,0.04242,0.07913
0.18484,0.13898,0.05557,0.11528,0.05677,0.18923,0.03820,0.03575,0.03410,0.02055,0.13072
0.12204,0.09412,0.09258,0.06551,0.11697,0.13305,0.06730,0.07368,0.07144,0.07070,0.09261
0.17902,0.14034,0.06408,0.10847,0.04728,0.17192,0.04246,0.03886,0.04307,0.02799,0.13650
0.11620,0.15587,0.05125,0.18825,0.03235,0.11561,0.07468,0.03818,0.05626,0.02298,0.14837
0.21563,0.10597,0.08686,0.08982,0.07275,0.21295,0.04172,0.03355,0.03284,0.02918,0.07874
0.12040,0.14940,0.16298,0.08557,0.05843,0.14025,0.04098,0.04050,0.04117,0.03934,0.12099
0.15231,0.11853,0.04822,0.19506,0.03085,0.13690,0.08715,0.04261,0.05790,0.02964,0.10083
0.12040,0.07324,0.33740,0.06322,0.05182,0.10843,0.04848,0.05329,0.03829,0.04393,0.06151
0.16660,0.05752,0.25689,0.06253,0.03389,0.16062,0.03271,0.07119,0.04663,0.04710,0.06432
0.13771,0.07534,0.24386,0.06045,0.06749,0.15374,0.05026,0.04746,0.05418,0.04704,0.06247
0.22009,0.05679,0.18055,0.10489,0.03064,0.18358,0.05127,0.03415,0.03138,0.05068,0.05598
0.10717,0.14695,0.14913,0.09587,0.05262,0.11486,0.04398,0.06393,0.04270,0.03545,0.14735
0.28514,0.05544,0.06642,0.12178,0.02582,0.24130,0.04348,0.03706,0.03745,0.02613,0.05999
0.20990,0.05437,0.13032,0.04481,0.04385,0.18832,0.03319,0.10596,0.03651,0.07961,0.07315
0.13193,0.12149,0.17705,0.11720,0.04192,0.11689,0.05364,0.04637,0.03465,0.04974,0.10911
0.18167,0.05340,0.28539,0.05322,0.04885,0.19085,0.02628,0.03590,0.02815,0.03941,0.05688
0.10637,0.16432,0.14073,0.11359,0.04664,0.11028,0.04619,0.03513,0.03700,0.04407,0.15568
0.09196,0.13254,0.14348,0.08885,0.08065,0.08832,0.06556,0.05940,0.06838,0.05682,0.12403
0.17219,0.07407,0.24386,0.07837,0.04450,0.17225,0.04566,0.02898,0.03768,0.03699,0.06545
0.13227,0.08027,0.26912,0.12506,0.03390,0.11312,0.05702,0.03409,0.04614,0.03668,0.07233
0.22789,0.04216,0.07963,0.03840,0.04531,0.23123,0.03797,0.12109,0.04428,0.06677,0.06528
0.07312,0.08322,0.31893,0.09050,0.06239,0.07713,0.07709,0.05453,0.04204,0.05710,0.06395
