0.00921,0.01063,0.08693,0.00994,0.00941,0.08703,0.00881,0.00787,0.01003,0.00853,0.00823,0.31156,0.01322,0.34942,0.01012,0.01650,0.00887,0.01124,0.00918,0.01325
0.00860,0.00854,0.12362,0.00895,0.00920,0.12018,0.00902,0.00707,0.00906,0.00882,0.00730,0.31729,0.00981,0.29463,0.00899,0.01236,0.00743,0.01036,0.00758,0.01119
0.01332,0.01438,0.10047,0.01244,0.01456,0.09758,0.01225,0.01271,0.01552,0.01192,0.01242,0.28799,0.01677,0.28814,0.01344,0.01990,0.01169,0.01602,0.01262,0.01585
0.00981,0.00839,0.25990,0.00921,0.00935,0.24882,0.00891,0.00846,0.00912,0.00874,0.00806,0.17035,0.01108,0.17134,0.00870,0.01397,0.00827,0.00954,0.00766,0.01032
0.00910,0.00920,0.25779,0.01003,0.00952,0.24283,0.00966,0.00738,0.00987,0.00903,0.00848,0.17552,0.01159,0.16726,0.01023,0.01400,0.00875,0.00980,0.00807,0.01186
0.00989,0.01136,0.11186,0.01046,0.01065,0.10609,0.01182,0.00963,0.01313,0.00963,0.00996,0.29156,0.01422,0.29908,0.01252,0.01885,0.01149,0.01231,0.01056,0.01493
0.01134,0.01265,0.15871,0.01093,0.01230,0.16139,0.01165,0.00995,0.01433,0.01115,0.01138,0.24393,0.01379,0.23826,0.01314,0.01664,0.01026,0.01283,0.00935,0.01604
0.00897,0.00838,0.18693,0.00875,0.00985,0.16916,0.00905,0.00857,0.00929,0.00869,0.00819,0.24138,0.01282,0.24495,0.00962,0.01553,0.00911,0.01086,0.00802,0.01187
0.01350,0.01427,0.15651,0.01265,0.01523,0.14373,0.01352,0.01233,0.01524,0.01225,0.01079,0.24698,0.01551,0.23267,0.01280,0.02007,0.01119,0.01476,0.01041,0.01560
0.00955,0.00982,0.18800,0.00935,0.00961,0.17329,0.00973,0.00835,0.01078,0.00914,0.00807,0.23984,0.01286,0.23865,0.01109,0.01512,0.00783,0.00976,0.00804,0.01113
0.01348,0.01406,0.25551,0.01310,0.01292,0.25868,0.01129,0.01199,0.01368,0.01183,0.01104,0.14348,0.01425,0.12968,0.01322,0.01846,0.01131,0.01548,0.01045,0.01610
0.00790,0.00866,0.20854,0.00827,0.00961,0.19664,0.00828,0.00767,0.01048,0.00801,0.00792,0.23013,0.01185,0.21055,0.00949,0.01489,0.00863,0.01024,0.00867,0.01356
0.00670,0.00699,0.14725,0.00698,0.00725,0.14898,0.00634,0.00543,0.00751,0.00566,0.00676,0.28694,0.00914,0.29520,0.00903,0.01188,0.00628,0.00816,0.00747,0.01005
0.00717,0.00760,0.09466,0.00789,0.00781,0.08628,0.00743,0.00655,0.00788,0.00721,0.00716,0.35005,0.00936,0.33611,0.00817,0.01351,0.00721,0.00933,0.00676,0.01186
0.00911,0.00983,0.27279,0.01028,0.01142,0.30434,0.00991,0.00726,0.01122,0.00887,0.00819,0.13688,0.01177,0.12334,0.00989,0.01376,0.00766,0.01093,0.00810,0.01443
0.01349,0.01249,0.12670,0.01396,0.01410,0.12832,0.01304,0.01219,0.01341,0.01077,0.01147,0.26753,0.01444,0.26249,0.01219,0.01908,0.01269,0.01329,0.01164,0.01670
0.01477,0.01660,0.14796,0.01818,0.01940,0.13885,0.01347,0.01305,0.01831,0.01404,0.01195,0.22955,0.01686,0.22627,0.01323,0.02378,0.01477,0.01687,0.01390,0.01820
0.00932,0.00971,0.08047,0.01039,0.00993,0.08313,0.00905,0.00914,0.01054,0.00812,0.00835,0.34753,0.01211,0.32785,0.00967,0.01559,0.00856,0.00952,0.00905,0.01199
0.01510,0.01745,0.23281,0.01519,0.01666,0.20888,0.01378,0.01293,0.01426,0.01205,0.01074,0.17147,0.01764,0.15705,0.01278,0.01826,0.00996,0.01462,0.01082,0.01755
0.01075,0.01167,0.12518,0.01233,0.01122,0.12505,0.00908,0.00913,0.01095,0.00984,0.00896,0.28813,0.01515,0.27755,0.01205,0.01592,0.00958,0.01299,0.00974,0.01472
0.01134,0.01064,0.18451,0.00971,0.01083,0.18138,0.00963,0.00878,0.01208,0.00905,0.00821,0.22957,0.01147,0.23614,0.00970,0.01592,0.00892,0.01094,0.00768,0.01348
0.01280,0.01296,0.19566,0.01263,0.01346,0.18130,0.01330,0.01205,0.01335,0.01140,0.01157,0.21420,0.01427,0.20208,0.01164,0.01768,0.01095,0.01277,0.01083,0.01510
0.01079,0.01171,0.11412,0.01178,0.01255,0.11026,0.01104,0.01066,0.01188,0.01183,0.01066,0.29240,0.01319,0.29393,0.01167,0.01728,0.00980,0.01079,0.00967,0.01398
0.00931,0.00966,0.17968,0.00884,0.00955,0.19879,0.00865,0.00815,0.00920,0.00922,0.00893,0.22983,0.01536,0.22674,0.00979,0.01486,0.00905,0.01160,0.00979,0.01299
0.01212,0.01255,0.13133,0.01238,0.01274,0.12230,0.01245,0.01082,0.01253,0.01107,0.00994,0.28302,0.01346,0.26800,0.01239,0.01652,0.01075,0.01227,0.00944,0.01392
0.00779,0.00837,0.09488,0.00738,0.00904,0.09991,0.00866,0.00701,0.01011,0.00741,0.00797,0.34713,0.01098,0.31233,0.00845,0.01367,0.00869,0.00907,0.00710,0.01407
0.00593,0.00567,0.06793,0.00594,0.00597,0.07103,0.00526,0.00453,0.00650,0.00540,0.00633,0.36801,0.00825,0.38530,0.00747,0.01120,0.00622,0.00678,0.00623,0.01004
0.01028,0.01069,0.08509,0.01077,0.01183,0.08352,0.01046,0.01006,0.01120,0.00828,0.00849,0.36224,0.01119,0.30085,0.01000,0.01507,0.00849,0.01090,0.00718,0.01341
0.01325,0.01469,0.16483,0.01418,0.01490,0.17084,0.01505,0.01212,0.01400,0.01208,0.01302,0.22355,0.01794,0.20065,0.01482,0.02503,0.01186,0.01549,0.01369,0.01802
0.01119,0.01045,0.12045,0.01184,0.01360,0.11982,0.01030,0.01080,0.01178,0.00963,0.00974,0.29551,0.01166,0.28368,0.01044,0.01804,0.00869,0.01023,0.01009,0.01204
0.01406,0.01344,0.18806,0.01450,0.01458,0.17453,0.01337,0.01339,0.01511,0.01316,0.01225,0.20578,0.01506,0.20631,0.01315,0.01918,0.01230,0.01562,0.01013,0.01601
0.01053,0.01281,0.11343,0.01073,0.01267,0.10888,0.01093,0.01033,0.01245,0.00919,0.00927,0.30415,0.01324,0.29062,0.01013,0.01674,0.00944,0.01132,0.00981,0.01332
0.00874,0.01021,0.29116,0.00934,0.00942,0.27800,0.01014,0.00887,0.00921,0.00929,0.00748,0.14326,0.00966,0.13800,0.00927,0.01272,0.00736,0.01098,0.00669,0.01019
0.01295,0.01344,0.13990,0.01270,0.01436,0.13814,0.01338,0.01187,0.01389,0.01283,0.01083,0.25597,0.01466,0.25572,0.01232,0.01826,0.01158,0.01152,0.01019,0.01547
0.01221,0.01059,0.14394,0.01282,0.01495,0.14793,0.01215,0.01063,0.01347,0.01143,0.00923,0.25795,0.01264,0.25948,0.01131,0.01625,0.00920,0.01055,0.01053,0.01277
0.01180,0.01149,0.13347,0.01223,0.01155,0.12834,0.01196,0.01051,0.01310,0.01245,0.01023,0.26280,0.01473,0.26582,0.01396,0.02050,0.01133,0.01412,0.01197,0.01762
0.00980,0.00973,0.14333,0.01037,0.01003,0.13385,0.00982,0.00770,0.00986,0.00837,0.00914,0.28672,0.01190,0.26995,0.01128,0.01642,0.00831,0.01220,0.00804,0.01318
0.00726,0.00748,0.05749,0.00701,0.00754,0.05685,0.00716,0.00595,0.00716,0.00644,0.00646,0.39370,0.00912,0.36891,0.00699,0.01257,0.00686,0.00852,0.00638,0.01014
0.01101,0.01124,0.09703,0.01080,0.01185,0.09212,0.00950,0.00919,0.01185,0.01083,0.00862,0.30333,0.01264,0.32479,0.01105,0.01864,0.00982,0.01208,0.01012,0.01348
0.00744,0.00763,0.15930,0.00767,0.00775,0.15849,0.00648,0.00614,0.00748,0.00643,0.00775,0.27304,0.00989,0.27910,0.00824,0.01285,0.00759,0.00914,0.00705,0.01055
0.00917,0.01055,0.14377,0.01158,0.01050,0.14660,0.01082,0.00884,0.01258,0.00929,0.00966,0.26325,0.01390,0.26303,0.01127,0.01981,0.01047,0.01123,0.01023,0.01344
0.00890,0.00955,0.17978,0.00952,0.00926,0.22710,0.00842,0.00729,0.00911,0.00721,0.01038,0.21402,0.01178,0.22291,0.00902,0.01499,0.00993,0.01020,0.00878,0.01185
0.01421,0.01369,0.14033,0.01435,0.01533,0.14319,0.01423,0.01233,0.01595,0.01224,0.01222,0.23904,0.01892,0.24401,0.01464,0.01964,0.01080,0.01506,0.01189,0.01793
0.00769,0.00777,0.07867,0.00882,0.00901,0.07341,0.00876,0.00664,0.00855,0.00774,0.00705,0.33564,0.01061,0.37177,0.00898,0.01437,0.00801,0.00834,0.00726,0.01089
0.01212,0.01006,0.24509,0.01044,0.01220,0.26550,0.01044,0.00918,0.01142,0.00896,0.00952,0.15475,0.01481,0.15777,0.00991,0.01443,0.00913,0.01072,0.00927,0.01431
0.01112,0.01118,0.09452,0.01072,0.01258,0.09025,0.01048,0.00970,0.01316,0.00980,0.01041,0.33004,0.01412,0.30293,0.00980,0.01651,0.00910,0.01144,0.00887,0.01328
0.00935,0.00867,0.08711,0.00791,0.00850,0.08550,0.00795,0.00740,0.00862,0.00874,0.00769,0.35019,0.01051,0.33366,0.00780,0.01433,0.00788,0.00991,0.00762,0.01066
0.01272,0.01117,0.12200,0.01110,0.01193,0.11949,0.01168,0.00972,0.01159,0.00989,0.01219,0.30379,0.01395,0.25648,0.01183,0.01967,0.00918,0.01483,0.01064,0.01617
0.00598,0.00631,0.27308,0.00566,0.00660,0.27289,0.00672,0.00521,0.00580,0.00556,0.00520,0.18902,0.00801,0.16451,0.00608,0.00887,0.00499,0.00621,0.00529,0.00802
0.01011,0.01116,0.11443,0.00985,0.01088,0.10395,0.00898,0.00871,0.01045,0.00905,0.00748,0.32414,0.01055,0.29831,0.00988,0.01402,0.00831,0.01030,0.00837,0.01106
0.01222,0.01424,0.19613,0.01230,0.01287,0.19448,0.01155,0.01077,0.01359,0.01151,0.00936,0.20408,0.01421,0.20237,0.01222,0.01781,0.01015,0.01438,0.01009,0.01565
0.01364,0.01743,0.21885,0.01598,0.01545,0.21577,0.01559,0.01230,0.01530,0.01399,0.01505,0.15921,0.01792,0.15463,0.01568,0.02050,0.01323,0.01645,0.01178,0.02127
0.01168,0.01257,0.12802,0.01193,0.01166,0.13191,0.01169,0.01100,0.01596,0.01102,0.00943,0.26532,0.01470,0.27749,0.01160,0.01809,0.00925,0.01236,0.00960,0.01475
0.00906,0.00984,0.09818,0.00967,0.01011,0.09414,0.00896,0.00733,0.01033,0.00882,0.00734,0.33155,0.01065,0.32501,0.00871,0.01377,0.00781,0.00945,0.00832,0.01097
0.01307,0.01521,0.13648,0.01329,0.01542,0.13516,0.01368,0.01255,0.01577,0.01391,0.01360,0.24242,0.01700,0.23781,0.01462,0.02641,0.01535,0.01556,0.01308,0.01962
0.01508,0.01242,0.23821,0.01408,0.01359,0.23079,0.01322,0.01046,0.01354,0.01040,0.00974,0.16615,0.01481,0.16064,0.01229,0.01685,0.01073,0.01213,0.00921,0.01566
0.01220,0.01162,0.12722,0.01167,0.01227,0.12953,0.01145,0.00956,0.01180,0.00922,0.01160,0.28274,0.01582,0.25884,0.01285,0.01934,0.01061,0.01347,0.01157,0.01664
0.01764,0.01936,0.13945,0.01682,0.01900,0.13667,0.01840,0.01536,0.01973,0.01711,0.01676,0.21350,0.02130,0.21006,0.01951,0.02521,0.01769,0.01871,0.01543,0.02230
0.01220,0.01219,0.13122,0.01122,0.01246,0.12004,0.01153,0.00981,0.01258,0.01015,0.01007,0.28517,0.01473,0.26872,0.01092,0.01678,0.01135,0.01336,0.00987,0.01564
0.00945,0.00948,0.12018,0.00991,0.01029,0.10928,0.00944,0.00756,0.00991,0.00863,0.00918,0.30538,0.01163,0.30556,0.00980,0.01464,0.00911,0.01027,0.00914,0.01118
0.00994,0.01200,0.25671,0.01125,0.01245,0.27337,0.01116,0.00839,0.01312,0.01002,0.00953,0.14857,0.01178,0.14574,0.00966,0.01499,0.00899,0.01079,0.00878,0.01279
0.01328,0.01451,0.25278,0.01276,0.01650,0.26379,0.01463,0.01087,0.01516,0.01297,0.01273,0.13308,0.01522,0.12986,0.01384,0.01658,0.01015,0.01528,0.01037,0.01566
0.00819,0.00970,0.09358,0.00927,0.00998,0.09050,0.00879,0.00863,0.00976,0.00943,0.00909,0.33829,0.01290,0.31016,0.00991,0.01898,0.00988,0.01121,0.00865,0.01308
0.00912,0.00857,0.18758,0.00878,0.00969,0.20118,0.00783,0.00710,0.00959,0.00876,0.00902,0.21871,0.01395,0.23306,0.01040,0.01598,0.00885,0.01173,0.00759,0.01253
0.01631,0.01562,0.13293,0.01512,0.01672,0.12497,0.01333,0.01397,0.01633,0.01470,0.01349,0.24921,0.01720,0.23917,0.01632,0.02323,0.01243,0.01723,0.01306,0.01867
0.01304,0.01146,0.16635,0.01149,0.01289,0.15356,0.01202,0.00906,0.01177,0.00974,0.01100,0.25042,0.01348,0.23096,0.01187,0.02010,0.01125,0.01213,0.01019,0.01721
0.01174,0.01246,0.24606,0.01184,0.01294,0.24501,0.01107,0.00962,0.01248,0.01176,0.00971,0.16205,0.01357,0.15524,0.01245,0.01546,0.00998,0.01252,0.00928,0.01473
0.01107,0.01004,0.17325,0.00987,0.01068,0.16566,0.00976,0.00862,0.00968,0.00911,0.00745,0.25828,0.01239,0.23646,0.01002,0.01408,0.00918,0.01120,0.00894,0.01425
0.00836,0.00804,0.10998,0.00795,0.00876,0.11100,0.00841,0.00696,0.00981,0.00689,0.00792,0.29962,0.01152,0.33159,0.00939,0.01529,0.00805,0.01101,0.00744,0.01201
0.00756,0.00892,0.14062,0.00752,0.00891,0.14428,0.00671,0.00675,0.00877,0.00772,0.00755,0.28144,0.01082,0.29425,0.00927,0.01352,0.00716,0.00964,0.00738,0.01123
0.01150,0.01246,0.18285,0.01247,0.01205,0.15997,0.01194,0.00990,0.01222,0.01046,0.01019,0.23527,0.01295,0.23317,0.01041,0.01623,0.01040,0.01201,0.00949,0.01408
0.00807,0.00770,0.22369,0.00802,0.00810,0.21339,0.00775,0.00704,0.00886,0.00760,0.00668,0.22029,0.01004,0.20977,0.00861,0.01193,0.00642,0.00837,0.00725,0.01042
0.01244,0.01194,0.16592,0.01081,0.01070,0.16218,0.01084,0.00991,0.01269,0.00954,0.01047,0.24596,0.01263,0.23421,0.01318,0.01957,0.00907,0.01206,0.00963,0.01625
0.01356,0.01302,0.23759,0.01366,0.01407,0.21688,0.01603,0.01160,0.01441,0.01221,0.01105,0.16311,0.01615,0.16364,0.01329,0.01689,0.01170,0.01505,0.01160,0.01450
0.00864,0.00839,0.08546,0.00841,0.00855,0.07937,0.00878,0.00725,0.00891,0.00653,0.00734,0.34602,0.01082,0.34393,0.00906,0.01586,0.00828,0.00887,0.00783,0.01168
0.01625,0.01819,0.17438,0.01585,0.01600,0.17368,0.01542,0.01443,0.01594,0.01482,0.01089,0.20908,0.01499,0.19610,0.01384,0.01939,0.01330,0.01850,0.01270,0.01624
0.01603,0.01393,0.19764,0.01556,0.01335,0.19037,0.01449,0.01157,0.01490,0.01303,0.01172,0.19666,0.01527,0.19126,0.01184,0.01914,0.01220,0.01387,0.01069,0.01649
0.00871,0.00939,0.16469,0.00862,0.00990,0.17005,0.00876,0.00695,0.00989,0.00823,0.00727,0.27040,0.01211,0.24601,0.00871,0.01354,0.00753,0.00930,0.00847,0.01147
0.01090,0.01222,0.20777,0.01043,0.01331,0.19494,0.01164,0.00998,0.01217,0.01107,0.01142,0.20330,0.01595,0.19433,0.01253,0.01834,0.01065,0.01314,0.00976,0.01617
0.01034,0.00948,0.16892,0.00929,0.01108,0.16647,0.00911,0.00851,0.01153,0.00883,0.00846,0.24820,0.01021,0.24941,0.01038,0.01614,0.00923,0.01105,0.00884,0.01452
0.01237,0.01193,0.14421,0.01370,0.01583,0.13660,0.01183,0.01079,0.01440,0.01136,0.01048,0.26037,0.01413,0.25163,0.01069,0.02018,0.01061,0.01358,0.01036,0.01495
0.01167,0.01361,0.20385,0.01147,0.01327,0.18830,0.01069,0.01059,0.01339,0.00893,0.00836,0.21493,0.01452,0.20751,0.00944,0.01714,0.00907,0.01057,0.00854,0.01414
0.00883,0.00864,0.16097,0.00859,0.00951,0.16012,0.00745,0.00697,0.00892,0.00729,0.00782,0.26204,0.01040,0.27172,0.00772,0.01546,0.00825,0.01053,0.00720,0.01156
0.01581,0.01709,0.22381,0.01615,0.01655,0.21274,0.01595,0.01371,0.01585,0.01529,0.01373,0.15836,0.01498,0.15344,0.01495,0.02153,0.01335,0.01490,0.01264,0.01917
0.01379,0.01357,0.15717,0.01361,0.01388,0.14594,0.01440,0.01072,0.01244,0.01296,0.01340,0.23757,0.01652,0.23608,0.01468,0.02118,0.01148,0.01197,0.01127,0.01735
0.00771,0.00736,0.07344,0.00766,0.00831,0.07019,0.00695,0.00666,0.00850,0.00646,0.00713,0.35358,0.01038,0.36585,0.00823,0.01506,0.00741,0.01019,0.00686,0.01207
0.01194,0.01331,0.26807,0.01322,0.01259,0.24092,0.01292,0.01039,0.01176,0.01084,0.00954,0.15228,0.01144,0.14690,0.01190,0.01632,0.01009,0.01155,0.00895,0.01507
0.01724,0.01887,0.17366,0.01809,0.01854,0.16251,0.01929,0.01594,0.01859,0.01750,0.01573,0.18565,0.02016,0.17522,0.02102,0.02475,0.01674,0.02171,0.01528,0.02350
0.01218,0.01169,0.19911,0.01193,0.01401,0.17315,0.01149,0.00990,0.01208,0.01089,0.01072,0.22631,0.01488,0.20027,0.01307,0.01721,0.01169,0.01290,0.01076,0.01576
0.01055,0.01047,0.19459,0.00994,0.01057,0.19117,0.01098,0.00981,0.01284,0.01043,0.01011,0.21920,0.01503,0.21327,0.01040,0.01772,0.00917,0.01226,0.00807,0.01341
0.01174,0.01137,0.11275,0.01134,0.01161,0.11121,0.01066,0.00992,0.01314,0.01148,0.01075,0.29535,0.01218,0.29308,0.01117,0.01788,0.01020,0.01094,0.01046,0.01277
0.01157,0.01230,0.19178,0.01407,0.01399,0.16777,0.01417,0.01122,0.01376,0.01308,0.01178,0.21305,0.01493,0.20816,0.01391,0.01796,0.01147,0.01478,0.01093,0.01929
0.01206,0.01372,0.15791,0.01197,0.01378,0.14971,0.01202,0.01135,0.01166,0.00975,0.01003,0.24674,0.01505,0.24602,0.01211,0.01815,0.00994,0.01173,0.00982,0.01647
0.00576,0.00591,0.13521,0.00625,0.00566,0.13696,0.00601,0.00484,0.00614,0.00499,0.00594,0.29878,0.00869,0.32403,0.00635,0.01105,0.00594,0.00741,0.00541,0.00869
0.00636,0.00684,0.17156,0.00627,0.00706,0.20577,0.00644,0.00573,0.00779,0.00594,0.00632,0.25784,0.01050,0.24775,0.00655,0.01169,0.00530,0.00828,0.00646,0.00954
0.01265,0.01393,0.16513,0.01284,0.01478,0.15721,0.01235,0.01119,0.01364,0.01178,0.01154,0.23438,0.01548,0.22701,0.01387,0.01830,0.01079,0.01366,0.01182,0.01763
0.00841,0.00851,0.08082,0.00792,0.00918,0.07801,0.00786,0.00710,0.00829,0.00730,0.00784,0.33303,0.01009,0.36819,0.00896,0.01308,0.00761,0.00908,0.00780,0.01092
0.00900,0.00820,0.23571,0.00871,0.00958,0.24325,0.00687,0.00691,0.00951,0.00863,0.00806,0.18654,0.01174,0.18489,0.00971,0.01443,0.00732,0.00975,0.00802,0.01318
0.00854,0.00940,0.08141,0.00977,0.00999,0.08190,0.00921,0.00756,0.00927,0.00818,0.00797,0.35242,0.00993,0.33486,0.00898,0.01492,0.00886,0.00834,0.00696,0.01153
0.01290,0.01422,0.09729,0.01330,0.01541,0.10079,0.01306,0.01247,0.01661,0.01262,0.01275,0.27781,0.01917,0.28364,0.01505,0.02168,0.01519,0.01599,0.01283,0.01722
