0.21570,0.13918,0.04153,0.04044,0.06410,0.03334,0.14791,0.08613,0.12976,0.10191
0.11549,0.23849,0.24425,0.10114,0.04269,0.08310,0.02719,0.08322,0.01397,0.05045
0.12761,0.06983,0.05067,0.12929,0.05693,0.25605,0.02743,0.18740,0.03257,0.06222
0.07837,0.03279,0.00984,0.05001,0.02570,0.01432,0.45650,0.05410,0.00804,0.27033
0.04023,0.01450,0.01094,0.02389,0.01351,0.10315,0.01822,0.42101,0.01107,0.34347
0.31311,0.03386,0.02572,0.22729,0.04548,0.09861,0.04784,0.13517,0.01322,0.05969
0.04455,0.02994,0.02095,0.02691,0.03444,0.04104,0.22365,0.12801,0.14697,0.30353
0.14512,0.03670,0.04558,0.09106,0.04320,0.23429,0.06228,0.16646,0.08886,0.08644
0.24292,0.21560,0.02628,0.04317,0.02425,0.17131,0.04052,0.17132,0.01671,0.04793
0.14052,0.04586,0.06301,0.06662,0.03999,0.02561,0.06245,0.26852,0.01198,0.27544
0.14949,0.08818,0.09376,0.15748,0.05218,0.21170,0.01848,0.12425,0.01197,0.09251
0.12710,0.02130,0.01125,0.03796,0.01185,0.22232,0.04762,0.34272,0.01607,0.16182
0.24609,0.05145,0.05776,0.04737,0.07571,0.08892,0.12386,0.16712,0.01972,0.12200
0.17903,0.09696,0.05985,0.04914,0.05988,0.11722,0.05493,0.19624,0.07071,0.11604
0.35109,0.05869,0.04462,0.19833,0.05973,0.03885,0.10359,0.07144,0.01612,0.05753
0.02758,0.01500,0.00763,0.01707,0.01109,0.02412,0.37990,0.07801,0.00725,0.43235
0.03790,0.19526,0.01238,0.03238,0.03603,0.02440,0.29260,0.13958,0.00460,0.22488
0.36215,0.02325,0.00871,0.33390,0.00963,0.06931,0.01989,0.10661,0.01379,0.05276
0.17037,0.03218,0.03149,0.15336,0.02768,0.08288,0.02241,0.26304,0.01315,0.20343
0.12089,0.13114,0.03248,0.15561,0.02328,0.01927,0.03422,0.23432,0.00644,0.24235
0.19108,0.10860,0.06886,0.12892,0.04577,0.05798,0.05856,0.18306,0.00824,0.14893
0.08861,0.01905,0.01333,0.02776,0.01699,0.15164,0.04266,0.30281,0.14326,0.19390
0.07753,0.03173,0.03594,0.06410,0.01979,0.31569,0.06078,0.31396,0.02587,0.05462
0.02856,0.02660,0.32487,0.13056,0.23125,0.01889,0.05364,0.06701,0.00810,0.11051
0.09019,0.12203,0.09027,0.08589,0.02971,0.10679,0.02640,0.21201,0.04099,0.19570
0.04031,0.00837,0.00560,0.02330,0.00509,0.01196,0.01083,0.41619,0.07030,0.40805
0.06296,0.03044,0.01577,0.04239,0.04402,0.04227,0.02255,0.32264,0.10824,0.30872
0.34101,0.03468,0.07235,0.11445,0.05802,0.19890,0.01051,0.09788,0.01150,0.06070
0.18230,0.03097,0.02375,0.04386,0.02774,0.08998,0.14428,0.19625,0.00973,0.25113
0.47766,0.03527,0.01798,0.06074,0.01702,0.03322,0.02571,0.11147,0.11650,0.10442
0.05696,0.01512,0.01294,0.04440,0.00935,0.02962,0.09128,0.05334,0.58371,0.10328
0.17198,0.13962,0.09328,0.13355,0.10495,0.10305,0.04023,0.10004,0.04003,0.07327
0.20870,0.03220,0.02276,0.16929,0.01275,0.11056,0.06244,0.22058,0.01827,0.14245
0.04328,0.23029,0.16425,0.24472,0.12264,0.02594,0.04466,0.05137,0.00889,0.06397
0.07639,0.02807,0.03588,0.07874,0.03272,0.03192,0.07374,0.26075,0.07818,0.30361
0.25066,0.17926,0.09011,0.08373,0.11316,0.02401,0.05066,0.07229,0.03102,0.10510
0.08695,0.03414,0.01177,0.04740,0.01200,0.01868,0.04622,0.35519,0.02233,0.36532
0.24222,0.13497,0.09864,0.18311,0.04622,0.02415,0.15865,0.05216,0.00512,0.05476
0.42527,0.09448,0.02469,0.30790,0.03268,0.01872,0.01792,0.03705,0.00869,0.03260
0.09863,0.14924,0.12094,0.07008,0.01206,0.03267,0.04365,0.23115,0.00651,0.23507
0.22981,0.08918,0.03790,0.10620,0.02706,0.21250,0.02579,0.22171,0.00712,0.04271
0.17297,0.03623,0.04341,0.18186,0.06210,0.07547,0.01704,0.21801,0.01252,0.18037
0.05560,0.04613,0.07449,0.05329,0.03871,0.32474,0.02769,0.32053,0.00579,0.05305
0.27305,0.08208,0.05271,0.15416,0.01590,0.05448,0.06994,0.07814,0.11097,0.10856
0.17527,0.06827,0.04525,0.11908,0.04457,0.10698,0.04357,0.05992,0.26149,0.07561
0.44243,0.03568,0.02417,0.29835,0.03077,0.01375,0.02550,0.05137,0.02167,0.05632
0.21942,0.15905,0.03189,0.08112,0.02969,0.06495,0.02065,0.16498,0.07585,0.15241
0.16729,0.13924,0.01169,0.03180,0.01235,0.06416,0.25389,0.04491,0.00642,0.26825
0.38285,0.19474,0.01296,0.17271,0.01203,0.03034,0.01265,0.09246,0.00942,0.07984
0.20426,0.13384,0.09802,0.12976,0.07784,0.19723,0.03958,0.04918,0.01114,0.05915
0.12679,0.07530,0.04498,0.07099,0.04282,0.14439,0.23494,0.07491,0.00909,0.17577
0.04731,0.03897,0.02129,0.03073,0.01881,0.22336,0.04057,0.37654,0.00777,0.19462
0.15592,0.03999,0.02345,0.19712,0.24597,0.02472,0.02958,0.13905,0.01208,0.13212
0.43340,0.04348,0.02036,0.06656,0.01546,0.17292,0.01656,0.18441,0.01973,0.02713
0.04585,0.03318,0.06955,0.06310,0.05545,0.20328,0.17748,0.14400,0.00876,0.19934
0.03946,0.07556,0.11003,0.10746,0.20831,0.05507,0.05429,0.16699,0.01065,0.17217
0.09084,0.06310,0.06326,0.13205,0.05258,0.11576,0.03132,0.11248,0.23439,0.10422
0.24472,0.07851,0.03496,0.18953,0.02764,0.03105,0.18505,0.05893,0.06694,0.08266
0.27463,0.12937,0.07743,0.16283,0.07343,0.03305,0.07395,0.06448,0.01779,0.09303
0.08798,0.17372,0.14418,0.07621,0.02824,0.18490,0.04333,0.12234,0.09437,0.04472
0.09376,0.04280,0.04025,0.05061,0.03272,0.03418,0.36205,0.04665,0.01403,0.28295
0.10376,0.05751,0.03239,0.09295,0.14295,0.13709,0.02904,0.12398,0.16370,0.11663
0.14165,0.02565,0.01012,0.10805,0.01451,0.02584,0.02787,0.30696,0.03576,0.30358
0.04917,0.05740,0.03082,0.08647,0.02699,0.08269,0.02889,0.34015,0.01179,0.28562
0.06448,0.03653,0.01477,0.03174,0.00936,0.25144,0.02214,0.39395,0.00904,0.16654
0.17779,0.11152,0.05892,0.07595,0.05161,0.07806,0.21501,0.04522,0.03055,0.15539
0.20552,0.06309,0.09837,0.23852,0.04465,0.02685,0.02473,0.14269,0.02036,0.13521
0.06085,0.02853,0.15680,0.04825,0.04925,0.19225,0.02681,0.18790,0.06172,0.18765
0.22045,0.15269,0.03250,0.12192,0.04246,0.05736,0.19582,0.06690,0.04830,0.06160
0.07916,0.13429,0.03875,0.13473,0.03247,0.20707,0.08193,0.18242,0.02627,0.08292
0.06501,0.05639,0.03779,0.03722,0.03218,0.11646,0.02890,0.15935,0.39596,0.07075
0.07035,0.03133,0.00904,0.04606,0.01356,0.12245,0.02776,0.31950,0.14094,0.21900
0.17261,0.05292,0.01937,0.16934,0.17720,0.02371,0.02398,0.17736,0.01071,0.17280
0.09864,0.08782,0.05539,0.07454,0.09955,0.01649,0.02840,0.26092,0.00654,0.27172
0.34632,0.09849,0.02455,0.24747,0.02175,0.06674,0.07911,0.06740,0.00639,0.04178
0.28067,0.02441,0.03958,0.26759,0.02855,0.01288,0.01954,0.05652,0.20720,0.06305
0.19030,0.05754,0.03371,0.12635,0.03076,0.04968,0.12015,0.18743,0.02840,0.17568
0.20438,0.18688,0.04045,0.03637,0.02490,0.02809,0.02951,0.11059,0.23293,0.10590
0.46195,0.01638,0.01698,0.03085,0.01280,0.02934,0.11749,0.02295,0.16107,0.13020
0.08003,0.04853,0.06533,0.08771,0.09664,0.13735,0.03248,0.21638,0.10011,0.13543
0.11639,0.02500,0.01666,0.09489,0.01229,0.08758,0.03947,0.10780,0.47177,0.02816
0.11747,0.11257,0.08397,0.06672,0.05248,0.08958,0.08637,0.15990,0.10887,0.12209
0.31176,0.06893,0.02900,0.12844,0.02092,0.18569,0.02638,0.15594,0.00689,0.06604
0.04595,0.08168,0.01929,0.09293,0.01388,0.05770,0.01381,0.09014,0.53940,0.04522
0.05763,0.07799,0.06919,0.03693,0.02738,0.07008,0.11740,0.26808,0.02219,0.25314
0.14026,0.05728,0.03005,0.10899,0.04644,0.17084,0.10794,0.16881,0.04731,0.12209
0.05251,0.02425,0.01402,0.02296,0.01341,0.03437,0.07144,0.36111,0.02080,0.38514
0.32991,0.08491,0.04336,0.21049,0.06160,0.08251,0.01261,0.11447,0.01482,0.04532
0.19721,0.03311,0.03262,0.16088,0.01613,0.07789,0.04981,0.24113,0.00857,0.18265
0.03666,0.02762,0.02333,0.03923,0.02142,0.10716,0.33731,0.10279,0.02666,0.27782
0.41241,0.02386,0.01225,0.35302,0.00974,0.04029,0.03248,0.04719,0.02196,0.04681
0.22475,0.05272,0.05891,0.21775,0.03527,0.03794,0.04247,0.09398,0.14831,0.08790
0.11983,0.05871,0.01729,0.08085,0.03394,0.04276,0.07221,0.26343,0.04735,0.26362
0.19881,0.03290,0.05837,0.20532,0.05136,0.15182,0.02775,0.12514,0.05722,0.09131
0.06021,0.14214,0.01948,0.12326,0.02376,0.23829,0.02685,0.28399,0.01212,0.06989
0.12526,0.13713,0.04650,0.12551,0.04829,0.02265,0.20170,0.04276,0.02328,0.22692
0.18327,0.11390,0.02944,0.08837,0.03656,0.07020,0.12080,0.14473,0.02280,0.18993
0.22524,0.01213,0.01053,0.13813,0.00818,0.05668,0.01726,0.27748,0.01299,0.24138
0.13028,0.04725,0.03880,0.11728,0.06225,0.13054,0.05773,0.21711,0.07236,0.12639
0.16352,0.13883,0.09460,0.12754,0.07268,0.06296,0.03020,0.15687,0.01877,0.13403
0.06960,0.04825,0.02974,0.04335,0.01454,0.19406,0.06421,0.32174,0.01802,0.19648
0.15442,0.08456,0.06290,0.11081,0.06124,0.05567,0.11514,0.05554,0.16343,0.13629
0.19843,0.09223,0.02929,0.16203,0.20908,0.03761,0.07199,0.08209,0.02644,0.09080
0.29751,0.03000,0.01017,0.07108,0.01693,0.24949,0.03582,0.26515,0.00560,0.01824
0.25499,0.03464,0.06290,0.28958,0.03372,0.07914,0.02390,0.12760,0.00750,0.08603
0.17807,0.04732,0.02103,0.10785,0.01730,0.20275,0.05454,0.24890,0.03204,0.09020
0.07947,0.10916,0.01137,0.08270,0.30459,0.17240,0.12250,0.04970,0.01250,0.05560
0.11399,0.02313,0.02094,0.07016,0.01847,0.01878,0.04638,0.15472,0.36365,0.16978
0.11268,0.09971,0.10201,0.15141,0.03689,0.21409,0.05403,0.10021,0.01006,0.11891
0.11120,0.05917,0.04672,0.08307,0.03986,0.07612,0.22512,0.11159,0.05959,0.18755
0.15093,0.08458,0.14782,0.14732,0.04497,0.02274,0.21234,0.06422,0.04913,0.07596
0.35836,0.07564,0.02151,0.24064,0.03115,0.05331,0.06347,0.05875,0.02050,0.07666
0.33188,0.02328,0.01482,0.19853,0.01433,0.16889,0.01296,0.18942,0.00827,0.03761
0.07222,0.07573,0.02713,0.07524,0.03190,0.24349,0.04055,0.31075,0.02350,0.09949
0.24580,0.01893,0.01658,0.02785,0.01353,0.03348,0.02572,0.27503,0.07858,0.26451
0.19843,0.09104,0.03341,0.12411,0.03462,0.10877,0.12155,0.16163,0.01020,0.11624
0.15705,0.05199,0.07852,0.17189,0.02999,0.03207,0.06237,0.14714,0.09784,0.17114
0.07549,0.20817,0.17928,0.05064,0.01264,0.08841,0.03243,0.19062,0.01224,0.15008
0.20647,0.10280,0.02641,0.11415,0.02917,0.02234,0.17740,0.07194,0.00984,0.23948
0.21207,0.13880,0.01062,0.08938,0.03319,0.04257,0.24281,0.09885,0.01712,0.11460
0.18349,0.05644,0.05053,0.18805,0.04172,0.11193,0.01663,0.18665,0.00517,0.15940
0.08059,0.04127,0.03398,0.04128,0.03128,0.21650,0.15216,0.28442,0.01339,0.10513
0.06105,0.23708,0.03823,0.28948,0.02452,0.05107,0.07489,0.08873,0.02073,0.11423
0.06943,0.03673,0.03872,0.07342,0.05132,0.25122,0.04932,0.31294,0.00664,0.11026
0.09262,0.03431,0.02525,0.07668,0.02730,0.02822,0.15300,0.20889,0.02549,0.32823
0.35831,0.08838,0.06492,0.10170,0.05246,0.02878,0.03415,0.12942,0.00580,0.13608
0.21646,0.02399,0.01695,0.18289,0.01213,0.06601,0.02240,0.24012,0.02398,0.19506
0.39278,0.12309,0.02593,0.14782,0.03404,0.02485,0.01511,0.07142,0.10535,0.05962
0.09130,0.04000,0.01319,0.06049,0.01823,0.10622,0.07511,0.32401,0.01924,0.25222
0.15651,0.13685,0.01839,0.02935,0.01872,0.23264,0.03079,0.26821,0.02418,0.08434
0.15446,0.06795,0.04708,0.09573,0.03587,0.07213,0.12198,0.15107,0.08607,0.16765
0.39127,0.13805,0.03620,0.22686,0.06904,0.03483,0.02646,0.03133,0.00891,0.03705
0.09650,0.11042,0.10523,0.08633,0.07914,0.24351,0.03616,0.11877,0.03244,0.09149
0.12469,0.30965,0.23061,0.06814,0.07942,0.05146,0.04548,0.04866,0.00679,0.03511
0.38200,0.07475,0.02935,0.25548,0.01831,0.06203,0.02471,0.04477,0.05985,0.04877
0.22245,0.06706,0.18116,0.06425,0.07490,0.19936,0.02341,0.09059,0.00733,0.06949
0.23175,0.02069,0.03083,0.22417,0.02801,0.07280,0.05444,0.16950,0.00899,0.15883
0.03925,0.02078,0.01971,0.03256,0.01843,0.07539,0.14586,0.06728,0.39428,0.18647
0.22918,0.04122,0.03868,0.14914,0.05467,0.04072,0.10091,0.07536,0.19266,0.07748
0.14465,0.02876,0.02361,0.07461,0.01380,0.24379,0.05449,0.28204,0.00827,0.12600
0.02667,0.05650,0.02336,0.06662,0.02103,0.18316,0.04010,0.31840,0.09778,0.16637
0.25384,0.07904,0.02177,0.11613,0.04102,0.10838,0.12824,0.14598,0.01082,0.09480
0.21254,0.08307,0.08188,0.07649,0.07165,0.02126,0.07473,0.15622,0.04451,0.17764
0.15737,0.07459,0.01555,0.06651,0.02764,0.05370,0.02007,0.14859,0.30298,0.13299
0.15837,0.06985,0.02155,0.10824,0.03555,0.09764,0.08553,0.23718,0.01127,0.17482
0.08437,0.05503,0.01451,0.05814,0.02063,0.02517,0.09378,0.05535,0.51376,0.07926
0.19253,0.14740,0.01475,0.05570,0.01076,0.24483,0.02245,0.25757,0.01641,0.03760
0.46387,0.07359,0.13389,0.05158,0.10800,0.04428,0.02786,0.05236,0.00804,0.03654
0.33325,0.26669,0.02646,0.07745,0.02308,0.04130,0.07545,0.05037,0.01971,0.08623
0.06710,0.09178,0.07990,0.04390,0.01500,0.06949,0.02684,0.08069,0.49048,0.03483
0.34025,0.01499,0.01423,0.15107,0.01579,0.02252,0.17733,0.04241,0.01086,0.21056
0.33652,0.02018,0.01683,0.30619,0.01977,0.03199,0.01270,0.10882,0.06148,0.08552
0.08169,0.29366,0.04707,0.24735,0.03557,0.13004,0.03760,0.05651,0.00704,0.06346
0.29950,0.06207,0.01963,0.08763,0.01597,0.15674,0.02966,0.20359,0.04699,0.07823
0.09514,0.18209,0.05438,0.20702,0.04810,0.11196,0.05378,0.15297,0.02035,0.07421
0.24797,0.07237,0.05796,0.18245,0.02685,0.10937,0.01538,0.14247,0.03500,0.11020
0.17788,0.02843,0.04378,0.19159,0.02960,0.04769,0.19791,0.04287,0.03705,0.20320
0.20403,0.08907,0.08207,0.07919,0.06182,0.06831,0.13173,0.11005,0.00868,0.16506
0.27620,0.03143,0.02097,0.14700,0.01377,0.03271,0.02063,0.22488,0.02350,0.20891
0.13962,0.11310,0.03049,0.02923,0.01331,0.18765,0.10705,0.26476,0.00840,0.10639
0.18902,0.01694,0.02056,0.16798,0.01105,0.23295,0.02532,0.26109,0.03083,0.04424
0.29457,0.17372,0.02016,0.11871,0.02293,0.03417,0.04930,0.04692,0.17645,0.06309
0.11545,0.03562,0.02766,0.09657,0.02430,0.11874,0.02823,0.30056,0.04697,0.20591
0.06888,0.03002,0.02040,0.04212,0.01702,0.19482,0.07579,0.22514,0.21485,0.11097
0.03772,0.05050,0.05991,0.05119,0.04274,0.15951,0.05960,0.18629,0.18243,0.17010
0.03528,0.07745,0.11426,0.05743,0.10015,0.06959,0.03313,0.26022,0.00648,0.24602
0.14101,0.04303,0.04023,0.08125,0.05616,0.03446,0.12618,0.17004,0.04012,0.26751
0.06009,0.02108,0.02752,0.09676,0.10735,0.02255,0.08424,0.23104,0.10727,0.24213
0.09869,0.04153,0.02043,0.07328,0.02337,0.02579,0.01685,0.34081,0.02129,0.33795
0.21334,0.04359,0.08291,0.24097,0.03849,0.11094,0.05157,0.13922,0.02913,0.04984
0.12982,0.14391,0.05559,0.02418,0.02767,0.06833,0.23191,0.11982,0.01405,0.18472
0.08193,0.07487,0.04510,0.04017,0.02187,0.06299,0.14992,0.24755,0.01666,0.25894
0.12097,0.02371,0.03315,0.03673,0.02812,0.09108,0.07653,0.28092,0.01469,0.29412
0.27070,0.23396,0.01757,0.03526,0.01442,0.05669,0.11981,0.08018,0.04756,0.12384
0.06202,0.03414,0.02154,0.03049,0.01557,0.13190,0.11917,0.24269,0.01202,0.33045
0.12190,0.14604,0.08925,0.07364,0.04289,0.09766,0.04086,0.08088,0.23264,0.07425
0.13148,0.11341,0.07026,0.08431,0.04808,0.10145,0.01741,0.22209,0.00789,0.20362
0.18096,0.04955,0.03008,0.11277,0.01928,0.03874,0.23660,0.05081,0.02693,0.25429
0.10981,0.08825,0.05860,0.06430,0.08906,0.17152,0.02587,0.18872,0.13448,0.06939
0.14019,0.03995,0.01597,0.08431,0.04237,0.04766,0.31486,0.09087,0.00824,0.21558
0.12070,0.05076,0.11685,0.06916,0.06253,0.21942,0.06313,0.16492,0.04659,0.08593
0.28292,0.23687,0.03956,0.06189,0.01834,0.08190,0.03064,0.14172,0.01852,0.08764
0.31551,0.10865,0.06781,0.28301,0.03281,0.02251,0.03135,0.05246,0.02616,0.05973
0.30432,0.05531,0.03036,0.32280,0.19622,0.01852,0.01312,0.02698,0.01282,0.01955
0.20847,0.02578,0.01541,0.05175,0.01995,0.09318,0.02739,0.29506,0.03780,0.22520
0.04684,0.01779,0.01240,0.02599,0.01603,0.04358,0.01545,0.42037,0.02054,0.38103
0.08001,0.05407,0.02456,0.03276,0.01910,0.03326,0.04947,0.17322,0.34816,0.18537
0.39570,0.05633,0.02465,0.09200,0.03062,0.10162,0.06918,0.12672,0.01249,0.09069
0.27421,0.06935,0.02610,0.11464,0.02036,0.15590,0.12721,0.04739,0.01136,0.15349
0.18108,0.03346,0.04483,0.17903,0.03575,0.03332,0.16279,0.08962,0.01269,0.22744
0.10871,0.08726,0.06287,0.04588,0.03537,0.21095,0.08063,0.25317,0.00861,0.10654
0.47946,0.02681,0.01761,0.29540,0.02056,0.02300,0.01243,0.06491,0.00949,0.05034
0.14842,0.05178,0.03334,0.09424,0.02874,0.02890,0.22731,0.02548,0.12921,0.23258
0.23515,0.01360,0.01230,0.21998,0.01279,0.02577,0.06860,0.19599,0.00632,0.20951
0.03294,0.01642,0.01223,0.02454,0.01239,0.38171,0.02978,0.41753,0.01380,0.05866
0.13017,0.10917,0.09008,0.08532,0.03083,0.03838,0.06099,0.19732,0.02296,0.23476
0.28477,0.13337,0.07675,0.10283,0.07314,0.03099,0.02189,0.14245,0.02244,0.11137
0.15904,0.03619,0.01931,0.12247,0.01893,0.03727,0.13074,0.18339,0.03155,0.26110
0.11180,0.10966,0.11093,0.06879,0.07150,0.03172,0.15214,0.09657,0.03676,0.21013
0.06231,0.05753,0.06233,0.05337,0.05537,0.13424,0.20675,0.16828,0.00846,0.19135
0.06338,0.04264,0.16119,0.10564,0.06446,0.09911,0.17077,0.05778,0.03853,0.19649
0.01870,0.11663,0.01516,0.12614,0.01222,0.03467,0.18476,0.16922,0.00867,0.31385
0.07487,0.06923,0.13365,0.09072,0.05991,0.18141,0.14847,0.06644,0.02001,0.15529
0.39874,0.05973,0.04404,0.07789,0.03376,0.13303,0.05304,0.14203,0.01155,0.04620
0.25041,0.12724,0.05439,0.16173,0.03423,0.03234,0.02057,0.15461,0.01228,0.15219
0.35195,0.08149,0.02651,0.12125,0.03271,0.06212,0.07044,0.11899,0.02694,0.10761
0.21826,0.01441,0.03516,0.24685,0.04085,0.15688,0.02378,0.07825,0.11826,0.06729
0.27365,0.06664,0.02899,0.16894,0.03317,0.01638,0.04548,0.10002,0.15501,0.11171
0.26982,0.15524,0.01762,0.10816,0.01918,0.12945,0.05810,0.15497,0.03434,0.05312
0.07967,0.05437,0.05833,0.04546,0.02209,0.12557,0.01975,0.30729,0.02215,0.26531
0.07628,0.15437,0.04139,0.19411,0.04005,0.13867,0.04418,0.17011,0.07682,0.06401
0.18055,0.05260,0.02748,0.06437,0.04950,0.04767,0.13733,0.10095,0.16269,0.17686
0.40851,0.29785,0.04089,0.11390,0.01719,0.02257,0.01353,0.02769,0.03118,0.02670
0.09478,0.04378,0.06195,0.13098,0.07368,0.25793,0.06013,0.18443,0.02356,0.06878
0.07502,0.07977,0.03420,0.08939,0.03180,0.07384,0.06924,0.28461,0.02383,0.23831
0.06507,0.05393,0.03388,0.05625,0.08995,0.22391,0.01508,0.31729,0.01834,0.12630
0.19204,0.05582,0.05423,0.15114,0.04944,0.15932,0.02363,0.09397,0.14650,0.07391
0.06912,0.06627,0.04094,0.07049,0.06955,0.30395,0.03776,0.27873,0.01339,0.04980
0.02241,0.03848,0.08294,0.05125,0.03919,0.23128,0.05694,0.26558,0.01233,0.19960
0.07282,0.04177,0.02781,0.04191,0.02001,0.06207,0.16302,0.21844,0.01003,0.34212
0.07270,0.04151,0.02623,0.04310,0.01891,0.02950,0.16355,0.14794,0.18100,0.27556
0.17616,0.15954,0.03167,0.02404,0.02420,0.15078,0.07163,0.23502,0.00785,0.11911
0.23205,0.06923,0.02049,0.17029,0.01736,0.05541,0.16255,0.07384,0.05227,0.14651
0.25998,0.06804,0.03801,0.08637,0.03107,0.01509,0.03754,0.19385,0.05556,0.21448
0.04264,0.21933,0.03054,0.24566,0.02274,0.01783,0.03218,0.17061,0.04435,0.17412
0.20551,0.27343,0.02859,0.24652,0.02921,0.07259,0.01576,0.08125,0.01327,0.03386
0.12090,0.06150,0.06033,0.04639,0.06740,0.02441,0.23308,0.15360,0.01245,0.21994
0.25412,0.06811,0.02926,0.21165,0.03784,0.06914,0.02667,0.05905,0.20222,0.04194
0.30360,0.07887,0.04732,0.21761,0.03174,0.05888,0.11349,0.05323,0.05179,0.04347
0.26180,0.04427,0.02619,0.17038,0.01496,0.01364,0.06786,0.18168,0.02268,0.19653
0.23596,0.06594,0.05459,0.19338,0.12864,0.02541,0.02325,0.02753,0.21772,0.02757
0.14219,0.06839,0.05581,0.09943,0.05200,0.15493,0.09214,0.20324,0.02304,0.10885
0.19242,0.05318,0.02796,0.13621,0.09016,0.14037,0.09077,0.16042,0.01653,0.09197
0.43560,0.02828,0.02383,0.05413,0.01771,0.17580,0.05236,0.12210,0.01589,0.07431
0.06125,0.03927,0.03166,0.05236,0.03141,0.18024,0.11958,0.26883,0.05426,0.16114
0.15263,0.03209,0.02088,0.04531,0.03683,0.04957,0.24524,0.13375,0.01629,0.26741
0.45890,0.02424,0.01935,0.04549,0.01830,0.07717,0.06113,0.14313,0.01256,0.13973
0.34201,0.04364,0.04395,0.31402,0.02559,0.01099,0.01918,0.09450,0.01293,0.09319
0.46153,0.08012,0.02659,0.31254,0.01708,0.01048,0.01596,0.03011,0.00854,0.03705
0.35582,0.05435,0.04334,0.32073,0.03884,0.04952,0.04188,0.05794,0.00950,0.02810
0.16320,0.01860,0.01401,0.15037,0.01292,0.26038,0.02132,0.29423,0.00858,0.05639
0.24931,0.04161,0.02283,0.21723,0.02538,0.15547,0.03732,0.16570,0.03817,0.04699
0.28944,0.06354,0.04912,0.23956,0.03053,0.04322,0.11882,0.08074,0.02959,0.05542
0.08329,0.03164,0.02919,0.05893,0.02978,0.07738,0.12902,0.16921,0.24996,0.14160
0.07270,0.03990,0.02449,0.04997,0.02278,0.02093,0.01884,0.37299,0.00473,0.37268
0.29100,0.05612,0.02402,0.10003,0.02043,0.03722,0.05841,0.20630,0.01159,0.19489
0.08177,0.03409,0.02701,0.06793,0.03519,0.30641,0.01513,0.34506,0.03337,0.05404
0.13499,0.11166,0.05435,0.08161,0.05665,0.20062,0.05581,0.12037,0.04991,0.13405
0.16118,0.04794,0.05775,0.16085,0.04555,0.04263,0.23057,0.05223,0.00472,0.19658
0.10677,0.05830,0.04666,0.09127,0.07886,0.02550,0.10308,0.14501,0.11431,0.23022
0.25154,0.10631,0.03501,0.16425,0.02810,0.09845,0.03766,0.17181,0.00670,0.10018
0.37174,0.33792,0.02550,0.02554,0.02424,0.01764,0.05591,0.04238,0.02584,0.07330
0.08361,0.04939,0.07946,0.08686,0.02850,0.03025,0.14624,0.18162,0.07508,0.23899
0.07474,0.06811,0.08075,0.02990,0.03695,0.16999,0.17227,0.15535,0.06199,0.14996
0.06433,0.03703,0.01828,0.04895,0.08253,0.09079,0.01772,0.31903,0.04993,0.27141
0.07210,0.11873,0.03875,0.03355,0.03871,0.07569,0.20617,0.18990,0.02528,0.20112
0.37680,0.08018,0.03173,0.29740,0.02510,0.05723,0.01879,0.06607,0.00741,0.03929
0.05216,0.03363,0.02033,0.02639,0.02098,0.25833,0.02604,0.39519,0.01266,0.15430
0.37961,0.03580,0.05893,0.05459,0.04425,0.06256,0.02751,0.05234,0.25812,0.02628
0.52184,0.02241,0.01127,0.04687,0.01473,0.03434,0.01226,0.10681,0.15401,0.07546
0.21618,0.03478,0.01852,0.14386,0.01054,0.03350,0.01859,0.04601,0.44992,0.02810
0.14533,0.02003,0.01182,0.11970,0.01010,0.02068,0.03092,0.30535,0.01063,0.32545
0.11963,0.12230,0.12941,0.08575,0.40706,0.02206,0.01956,0.04240,0.00814,0.04368
0.09583,0.03950,0.03271,0.08123,0.04725,0.08887,0.21471,0.18653,0.02788,0.18549
0.18890,0.06074,0.02065,0.08928,0.01705,0.09804,0.07592,0.19070,0.08706,0.17166
0.10480,0.17732,0.28083,0.07852,0.06600,0.13492,0.02927,0.05988,0.03946,0.02899
0.27853,0.25859,0.04320,0.04797,0.03094,0.02735,0.03580,0.11618,0.04372,0.11772
0.05878,0.04400,0.03589,0.04901,0.03259,0.10666,0.10115,0.30201,0.01276,0.25715
0.74703,0.01916,0.01430,0.07295,0.01403,0.02485,0.02019,0.04491,0.00675,0.03583
0.17206,0.12458,0.08346,0.15694,0.13146,0.14072,0.03129,0.08373,0.01596,0.05980
0.15667,0.15344,0.07361,0.05722,0.03173,0.03417,0.19652,0.05414,0.01026,0.23224
0.10974,0.08651,0.26900,0.12886,0.08336,0.13629,0.03310,0.07291,0.01200,0.06823
0.03796,0.01681,0.01674,0.03006,0.02008,0.10331,0.20669,0.22321,0.03815,0.30698
0.16259,0.03976,0.02480,0.09272,0.02272,0.04437,0.07404,0.22297,0.06502,0.25101
0.04256,0.21649,0.03430,0.20187,0.03310,0.06098,0.02760,0.20260,0.01689,0.16360
0.48086,0.03710,0.04180,0.06524,0.03081,0.08049,0.03484,0.10609,0.04917,0.07360
0.19672,0.14951,0.07737,0.08353,0.07553,0.15339,0.10644,0.07833,0.01575,0.06343
0.12531,0.07368,0.06122,0.10059,0.05165,0.02335,0.23116,0.06138,0.02430,0.24736
0.13936,0.13537,0.06658,0.06818,0.08047,0.21584,0.07646,0.08254,0.00985,0.12535
0.09303,0.06271,0.02943,0.04264,0.03853,0.10507,0.19498,0.18825,0.04155,0.20381
0.33831,0.04050,0.03286,0.24462,0.04821,0.07044,0.04123,0.07402,0.03578,0.07403
0.05539,0.37340,0.34195,0.03636,0.01869,0.02957,0.04171,0.03882,0.01810,0.04601
0.10921,0.06752,0.05076,0.07545,0.05645,0.12609,0.14582,0.18239,0.01138,0.17493
0.18258,0.05752,0.10832,0.19675,0.06351,0.08659,0.05209,0.12600,0.03675,0.08989
0.05977,0.01793,0.02346,0.06001,0.01517,0.04293,0.03244,0.38088,0.00550,0.36191
0.32668,0.27816,0.02251,0.04764,0.02817,0.01705,0.05118,0.10230,0.00837,0.11794
0.28263,0.07940,0.05892,0.11763,0.06563,0.04729,0.08987,0.11290,0.04532,0.10043
0.19200,0.02979,0.02127,0.15657,0.01710,0.02916,0.16086,0.12803,0.01342,0.25180
0.05756,0.00926,0.00700,0.03089,0.01106,0.06564,0.01987,0.30878,0.22992,0.26001
0.29471,0.12716,0.09498,0.16789,0.02235,0.06411,0.04803,0.09126,0.02981,0.05969
0.27160,0.13010,0.09306,0.16393,0.02893,0.06455,0.07923,0.08709,0.01928,0.06223
0.06973,0.05340,0.04115,0.04961,0.03996,0.05763,0.10254,0.27025,0.01527,0.30046
0.14431,0.02339,0.06567,0.18704,0.03502,0.16661,0.03210,0.21705,0.02935,0.09946
0.05272,0.02390,0.02204,0.04923,0.04164,0.15010,0.07942,0.31308,0.03060,0.23728
0.13757,0.11288,0.09042,0.08075,0.04155,0.09355,0.10805,0.15172,0.08179,0.10171
0.14895,0.11063,0.09561,0.07893,0.03126,0.20420,0.02399,0.22554,0.01858,0.06231
0.10895,0.07086,0.08283,0.07866,0.10612,0.12102,0.21909,0.07493,0.01530,0.12223
0.07040,0.04386,0.04057,0.04290,0.03483,0.09753,0.03738,0.14734,0.41358,0.07160
0.26001,0.04192,0.03560,0.21953,0.02248,0.02284,0.05326,0.16965,0.00577,0.16894
0.20830,0.19591,0.07727,0.20930,0.06432,0.05917,0.03537,0.08853,0.02496,0.03687
