0.11402,0.11751,0.11336,0.09761,0.09236,0.18092,0.18361,0.02772,0.03349,0.03940
0.12640,0.15961,0.13012,0.15432,0.08539,0.13845,0.13756,0.03240,0.01759,0.01816
0.13784,0.14603,0.09440,0.12143,0.09588,0.13427,0.13741,0.04995,0.03916,0.04363
0.06868,0.10281,0.08239,0.06933,0.05193,0.26243,0.26461,0.04632,0.02421,0.02729
0.09084,0.09198,0.07432,0.07834,0.07030,0.19629,0.19576,0.05682,0.06410,0.08125
0.06424,0.07782,0.06498,0.06519,0.07134,0.24296,0.24611,0.03196,0.06859,0.06681
0.09202,0.14758,0.08036,0.08462,0.06309,0.19347,0.19536,0.10200,0.02057,0.02092
0.14367,0.14881,0.12221,0.10981,0.10120,0.08796,0.08999,0.01971,0.08534,0.09131
0.14189,0.12818,0.12585,0.10936,0.09756,0.10647,0.10786,0.04947,0.06124,0.07212
0.06690,0.11700,0.07115,0.08134,0.09989,0.21303,0.21581,0.06544,0.03091,0.03851
0.08181,0.09870,0.10450,0.08095,0.09402,0.12453,0.12807,0.07227,0.09685,0.11830
0.06462,0.07608,0.06679,0.06428,0.05834,0.24602,0.24756,0.05805,0.05557,0.06268
0.08065,0.10313,0.07721,0.10372,0.07805,0.22840,0.22966,0.04281,0.02682,0.02956
0.10894,0.10356,0.11269,0.10334,0.09662,0.15922,0.16278,0.05053,0.04970,0.05263
0.04493,0.06004,0.05730,0.05000,0.04390,0.22009,0.22470,0.08377,0.10725,0.10803
0.04631,0.05721,0.07498,0.05447,0.05028,0.13266,0.13359,0.29288,0.07885,0.07877
0.11452,0.12747,0.12873,0.10738,0.07561,0.16756,0.17186,0.04269,0.02986,0.03433
0.08256,0.09857,0.09863,0.10079,0.09085,0.10901,0.11352,0.03591,0.12228,0.14788
0.10536,0.15678,0.12674,0.13924,0.09162,0.12785,0.12901,0.07351,0.02406,0.02582
0.13693,0.14358,0.09426,0.14172,0.10488,0.14766,0.14742,0.03301,0.02422,0.02631
0.10492,0.16989,0.10713,0.12905,0.15831,0.12023,0.11856,0.02309,0.03626,0.03256
0.07054,0.07121,0.11420,0.08187,0.06937,0.22915,0.22885,0.02661,0.05148,0.05672
0.07056,0.16063,0.12663,0.09054,0.12430,0.17277,0.17393,0.02793,0.02683,0.02587
0.05981,0.07977,0.05978,0.04291,0.05693,0.28293,0.28768,0.02492,0.05102,0.05423
0.11380,0.16172,0.12290,0.13357,0.10956,0.07634,0.08041,0.13564,0.03182,0.03425
0.13849,0.09088,0.10086,0.08239,0.11725,0.11578,0.12179,0.05953,0.08246,0.09056
0.16166,0.16153,0.11942,0.12122,0.10532,0.10792,0.11042,0.04186,0.03517,0.03548
0.10877,0.10240,0.11314,0.08415,0.09406,0.17040,0.17037,0.05351,0.04808,0.05512
0.09585,0.07882,0.11564,0.10118,0.10389,0.14921,0.14872,0.04567,0.08097,0.08004
0.09833,0.10458,0.09063,0.10421,0.10742,0.19747,0.19607,0.02901,0.03639,0.03589
0.08372,0.10032,0.08457,0.08385,0.08377,0.20202,0.20119,0.06097,0.04408,0.05552
0.12055,0.08488,0.07641,0.09040,0.08482,0.15187,0.15898,0.01881,0.10803,0.10525
0.11645,0.12270,0.11497,0.11215,0.08889,0.11004,0.11426,0.11156,0.04382,0.06515
0.08829,0.13002,0.11215,0.08708,0.12302,0.12795,0.13425,0.04678,0.07018,0.08027
0.08964,0.10365,0.09202,0.08845,0.08202,0.18075,0.18333,0.12760,0.02597,0.02658
0.09850,0.10240,0.07365,0.09034,0.07725,0.14634,0.14966,0.16283,0.04670,0.05232
0.06059,0.07202,0.06405,0.06847,0.04931,0.30546,0.30118,0.01729,0.03078,0.03085
0.10163,0.13527,0.11037,0.11627,0.07404,0.15443,0.15868,0.05195,0.04810,0.04925
0.14179,0.08364,0.09294,0.10064,0.13514,0.12297,0.12282,0.09202,0.04607,0.06197
0.15014,0.13315,0.13137,0.10658,0.12608,0.11986,0.12174,0.05563,0.02639,0.02905
0.13317,0.12239,0.10587,0.13144,0.11881,0.12068,0.11894,0.04943,0.04817,0.05110
0.08924,0.08604,0.07810,0.06929,0.07939,0.23078,0.22869,0.05438,0.04097,0.04311
0.20797,0.10623,0.12207,0.12553,0.15906,0.07911,0.07693,0.03820,0.04318,0.04172
0.14388,0.10108,0.08981,0.14910,0.11192,0.11291,0.11648,0.03783,0.06375,0.07323
0.05904,0.07943,0.07014,0.06959,0.04421,0.30682,0.30178,0.03575,0.01610,0.01715
0.11959,0.13501,0.12519,0.12257,0.13832,0.12029,0.12163,0.04865,0.03337,0.03536
0.07370,0.09668,0.07958,0.07733,0.06760,0.17238,0.17688,0.06314,0.08890,0.10382
0.08599,0.17201,0.10911,0.08707,0.05873,0.19189,0.19478,0.02470,0.03544,0.04028
0.11896,0.19459,0.15597,0.12192,0.09209,0.11724,0.11589,0.04055,0.01995,0.02283
0.10370,0.11633,0.10108,0.10692,0.07616,0.19730,0.20204,0.02608,0.03519,0.03519
0.17729,0.12871,0.10644,0.12962,0.11234,0.08531,0.08649,0.07113,0.04680,0.05586
0.09196,0.11372,0.10609,0.13043,0.15309,0.14211,0.14168,0.03574,0.04182,0.04338
0.13142,0.06977,0.05708,0.09649,0.07902,0.21625,0.21812,0.02982,0.05305,0.04896
0.08216,0.08976,0.08706,0.07934,0.07802,0.16440,0.16430,0.07167,0.09426,0.08903
0.09634,0.09546,0.13845,0.11886,0.10576,0.11239,0.11082,0.02977,0.09793,0.09423
0.16157,0.16569,0.07850,0.15020,0.10540,0.13250,0.12992,0.03509,0.01994,0.02119
0.10753,0.11020,0.13691,0.09744,0.08992,0.17070,0.17084,0.05421,0.03031,0.03193
0.07826,0.13372,0.12401,0.10409,0.11551,0.15146,0.15491,0.07830,0.02651,0.03324
0.10529,0.10696,0.11169,0.10659,0.09086,0.16207,0.15683,0.11767,0.01966,0.02237
0.08428,0.08663,0.08706,0.07666,0.06674,0.25230,0.25054,0.03960,0.02750,0.02869
0.12417,0.18040,0.11976,0.10802,0.08203,0.16199,0.16438,0.02897,0.01535,0.01493
0.10713,0.13470,0.11487,0.12959,0.07955,0.13911,0.14035,0.02182,0.06830,0.06459
0.15845,0.09420,0.15386,0.10825,0.05637,0.17682,0.16958,0.04080,0.01907,0.02261
0.13014,0.12687,0.12767,0.11062,0.11687,0.12614,0.12889,0.03692,0.04722,0.04867
0.09058,0.07855,0.07643,0.06565,0.05834,0.24738,0.25307,0.03737,0.03950,0.05312
0.07544,0.08835,0.07590,0.07879,0.06383,0.20629,0.20573,0.06323,0.06839,0.07405
0.07112,0.09386,0.08544,0.08517,0.06653,0.24917,0.24276,0.04172,0.03269,0.03153
0.10602,0.13626,0.11759,0.10717,0.06223,0.13581,0.14222,0.07714,0.05057,0.06500
0.09302,0.07367,0.09512,0.07798,0.05433,0.20350,0.20291,0.11475,0.04265,0.04208
0.08568,0.09908,0.07447,0.11440,0.07924,0.17161,0.17345,0.11141,0.04601,0.04465
0.07785,0.06431,0.07617,0.05967,0.04272,0.15318,0.15240,0.05811,0.15545,0.16015
0.07979,0.12365,0.09584,0.09992,0.08234,0.16121,0.16096,0.10928,0.03960,0.04741
0.09718,0.11153,0.08733,0.10774,0.08940,0.17482,0.17531,0.02912,0.06463,0.06295
0.12047,0.09867,0.11111,0.10685,0.09092,0.16160,0.16003,0.03937,0.05703,0.05395
0.13047,0.07695,0.10664,0.09407,0.07769,0.19418,0.19849,0.03884,0.03799,0.04468
0.07787,0.06429,0.07738,0.07126,0.07887,0.22459,0.23063,0.10962,0.02979,0.03570
0.15630,0.12017,0.14603,0.11843,0.08835,0.09680,0.09771,0.08578,0.04292,0.04751
0.08480,0.09753,0.06494,0.09127,0.06512,0.21444,0.21592,0.07457,0.04412,0.04730
0.08551,0.08753,0.10811,0.07207,0.08904,0.18967,0.18576,0.08310,0.04664,0.05256
0.08952,0.12314,0.09088,0.09664,0.10079,0.17366,0.17601,0.05503,0.04356,0.05076
0.09665,0.10487,0.11405,0.08633,0.10952,0.13758,0.14120,0.09426,0.05122,0.06433
0.13192,0.16106,0.13574,0.13268,0.11189,0.11933,0.12134,0.03563,0.02509,0.02531
0.10305,0.16368,0.08426,0.09842,0.08683,0.18425,0.18610,0.04410,0.02461,0.02469
0.08221,0.10488,0.11140,0.08293,0.08707,0.09201,0.09693,0.13314,0.09619,0.11323
0.16781,0.10063,0.08311,0.11900,0.09365,0.14406,0.14277,0.07822,0.03296,0.03779
0.10252,0.12252,0.10303,0.10341,0.11723,0.14408,0.14575,0.03472,0.06497,0.06178
0.13572,0.12889,0.11257,0.11076,0.08100,0.13856,0.13811,0.06034,0.04576,0.04830
0.08950,0.10861,0.09427,0.10001,0.05625,0.17242,0.17241,0.09499,0.04985,0.06169
0.10688,0.10156,0.11002,0.11345,0.09979,0.08343,0.08474,0.07952,0.10714,0.11349
0.10832,0.06419,0.06825,0.06155,0.08330,0.21488,0.21396,0.03883,0.06648,0.08025
0.08409,0.11930,0.08979,0.07896,0.06349,0.23270,0.22966,0.06908,0.01672,0.01622
0.08581,0.12607,0.10611,0.10879,0.09725,0.20246,0.20275,0.02054,0.02607,0.02414
0.04692,0.06372,0.06883,0.05210,0.07555,0.30036,0.30008,0.03805,0.02580,0.02860
0.11525,0.10135,0.09837,0.10385,0.10141,0.18925,0.18554,0.05037,0.02603,0.02857
0.11536,0.16166,0.17751,0.13090,0.15135,0.07685,0.07852,0.04292,0.02839,0.03654
0.09256,0.10641,0.10577,0.12678,0.09526,0.16087,0.16229,0.05925,0.04496,0.04585
0.11595,0.11839,0.10446,0.09194,0.08531,0.16471,0.16522,0.05928,0.04693,0.04780
0.09737,0.09796,0.09472,0.09929,0.08147,0.18134,0.17565,0.06145,0.05251,0.05824
0.14497,0.14476,0.13207,0.12257,0.09921,0.10932,0.10947,0.06137,0.03471,0.04155
0.14371,0.11706,0.11464,0.09869,0.09002,0.15403,0.15711,0.05049,0.03250,0.04173
0.07181,0.07956,0.08663,0.05894,0.07417,0.13069,0.13209,0.03619,0.16247,0.16746
0.10037,0.12132,0.12933,0.10018,0.10021,0.14970,0.15155,0.07428,0.03194,0.04111
0.09407,0.14723,0.06809,0.09122,0.07135,0.22173,0.22295,0.03226,0.02734,0.02375
0.09585,0.10823,0.07986,0.08302,0.07681,0.20288,0.20300,0.03779,0.05373,0.05883
0.06597,0.10241,0.11210,0.08414,0.06827,0.22753,0.23309,0.03254,0.03494,0.03901
0.16875,0.13029,0.12479,0.13017,0.13755,0.09144,0.09426,0.04012,0.04037,0.04225
0.08963,0.10295,0.07571,0.10360,0.07970,0.23812,0.23659,0.03200,0.01958,0.02212
0.09186,0.10756,0.10205,0.08979,0.08195,0.18614,0.18500,0.03535,0.05814,0.06216
0.08297,0.09019,0.07697,0.05977,0.06321,0.20584,0.20990,0.13238,0.03543,0.04335
0.05744,0.06017,0.04834,0.05161,0.05026,0.29206,0.29520,0.07695,0.03252,0.03547
0.18062,0.14331,0.17533,0.12931,0.08056,0.09310,0.09351,0.02826,0.03799,0.03801
0.07642,0.10644,0.09418,0.07668,0.09446,0.23121,0.22941,0.03253,0.02760,0.03106
0.10897,0.10143,0.11086,0.08652,0.06408,0.19281,0.19412,0.04115,0.05106,0.04900
0.09548,0.11121,0.11808,0.10716,0.09265,0.18144,0.18297,0.02448,0.04021,0.04632
0.09748,0.12085,0.10128,0.09595,0.08972,0.19390,0.19017,0.05637,0.02859,0.02569
0.13107,0.11642,0.10744,0.09339,0.07690,0.16864,0.17078,0.07839,0.02672,0.03024
0.10677,0.10999,0.10363,0.09701,0.08519,0.19242,0.19460,0.03102,0.03725,0.04213
0.09987,0.10745,0.10108,0.10592,0.10980,0.16814,0.16995,0.06787,0.03269,0.03724
0.11411,0.14929,0.12742,0.15486,0.10935,0.12280,0.12638,0.04082,0.02634,0.02863
0.09853,0.14377,0.09589,0.09456,0.06518,0.18275,0.18035,0.03365,0.05170,0.05363
0.09028,0.11388,0.10266,0.09663,0.07983,0.16086,0.16905,0.04383,0.06572,0.07725
0.08769,0.13510,0.15850,0.11900,0.08850,0.15714,0.15638,0.03338,0.03165,0.03266
0.11480,0.09667,0.08002,0.09660,0.07588,0.16077,0.16006,0.13079,0.03656,0.04784
0.06945,0.08970,0.07737,0.08097,0.07664,0.13869,0.13881,0.06473,0.13205,0.13159
0.06991,0.08316,0.07153,0.07700,0.06745,0.18298,0.18753,0.07298,0.08974,0.09772
0.08984,0.13948,0.14995,0.11443,0.11497,0.13285,0.13550,0.04805,0.03710,0.03782
0.13510,0.15778,0.13578,0.12286,0.06196,0.12282,0.12579,0.09009,0.02413,0.02369
0.09738,0.11062,0.09070,0.08299,0.06627,0.23047,0.23199,0.04281,0.02220,0.02458
0.09933,0.10754,0.09423,0.08073,0.08885,0.17801,0.17983,0.05114,0.05785,0.06249
0.14782,0.10024,0.12279,0.12048,0.12330,0.13033,0.13416,0.04957,0.03209,0.03923
0.12956,0.13016,0.12262,0.11984,0.10933,0.14897,0.15371,0.02387,0.02980,0.03214
0.10195,0.09235,0.08444,0.07608,0.07385,0.15852,0.16206,0.10642,0.06747,0.07685
0.09794,0.06400,0.11070,0.09864,0.10694,0.16963,0.16819,0.05125,0.06418,0.06853
0.10902,0.12407,0.10743,0.10362,0.11308,0.14432,0.14674,0.03617,0.05797,0.05757
0.08289,0.09838,0.08763,0.08637,0.06498,0.21722,0.21782,0.04931,0.04799,0.04741
0.11385,0.11253,0.10901,0.09504,0.10201,0.15204,0.15440,0.03950,0.05915,0.06248
0.11472,0.10353,0.09794,0.08910,0.07840,0.16307,0.16268,0.07841,0.05431,0.05784
0.14504,0.10806,0.09104,0.10678,0.08570,0.16392,0.16532,0.08426,0.02325,0.02663
0.08822,0.11092,0.10843,0.09820,0.07753,0.11083,0.11187,0.05869,0.11508,0.12024
0.10552,0.18288,0.13278,0.12678,0.09169,0.13678,0.13703,0.02926,0.03030,0.02698
0.07970,0.08598,0.07181,0.08317,0.06462,0.19283,0.19256,0.12241,0.05130,0.05562
0.09366,0.11182,0.09505,0.10248,0.06923,0.23390,0.23127,0.02780,0.01711,0.01768
0.08578,0.10562,0.09618,0.08617,0.09175,0.20093,0.19721,0.05963,0.03709,0.03964
0.13400,0.12764,0.09880,0.09532,0.11182,0.12101,0.12756,0.09339,0.03860,0.05185
0.11243,0.11746,0.08885,0.09380,0.09745,0.19447,0.19495,0.04571,0.02697,0.02790
0.08303,0.11089,0.10250,0.08597,0.07400,0.23424,0.23000,0.04004,0.01791,0.02142
0.07880,0.11643,0.06803,0.09034,0.09335,0.18407,0.18210,0.13072,0.02720,0.02896
0.08220,0.11474,0.09480,0.13724,0.07022,0.22584,0.21865,0.02584,0.01600,0.01445
0.09618,0.11855,0.09170,0.09409,0.08214,0.16434,0.16235,0.06632,0.06054,0.06381
0.13556,0.11824,0.11957,0.09623,0.08757,0.11033,0.10936,0.02864,0.09556,0.09894
0.11729,0.12678,0.11010,0.10411,0.10192,0.14214,0.14115,0.05069,0.05298,0.05284
0.09249,0.11027,0.09315,0.09243,0.08401,0.19849,0.20088,0.07655,0.02401,0.02771
0.11218,0.15080,0.12727,0.14933,0.09451,0.11161,0.11196,0.06864,0.03668,0.03702
0.07457,0.08945,0.06186,0.09034,0.06250,0.24885,0.24919,0.04755,0.03347,0.04221
0.08076,0.09926,0.09300,0.11180,0.06944,0.17711,0.17827,0.02568,0.08141,0.08327
0.08644,0.07727,0.10929,0.08607,0.07820,0.20345,0.20730,0.05015,0.04339,0.05845
0.10167,0.10384,0.12356,0.09481,0.07545,0.21250,0.20962,0.02301,0.02671,0.02883
0.13268,0.12364,0.12271,0.11080,0.09705,0.10823,0.10843,0.03778,0.07972,0.07897
0.16363,0.09894,0.15146,0.10078,0.05749,0.15286,0.15704,0.03407,0.04050,0.04323
0.10825,0.10020,0.09854,0.07862,0.11619,0.14661,0.15005,0.10474,0.04682,0.04998
0.13178,0.11239,0.12555,0.10235,0.07516,0.14074,0.13937,0.05828,0.05455,0.05983
0.13852,0.13628,0.13917,0.10082,0.11841,0.10018,0.10034,0.07870,0.04465,0.04293
0.10151,0.15042,0.15376,0.11666,0.09777,0.14140,0.14253,0.03695,0.02933,0.02968
0.10762,0.12413,0.10208,0.08218,0.09124,0.20530,0.20665,0.02677,0.02687,0.02716
0.07903,0.06841,0.08343,0.07571,0.06410,0.16025,0.16846,0.04803,0.11807,0.13451
0.12140,0.12524,0.10983,0.10461,0.07095,0.11050,0.11211,0.05956,0.09477,0.09102
0.08966,0.10103,0.08923,0.09408,0.06070,0.18527,0.18837,0.12809,0.02797,0.03558
0.10136,0.08510,0.08194,0.08144,0.07692,0.24021,0.23626,0.05181,0.02230,0.02266
0.09724,0.09531,0.08311,0.09345,0.07417,0.18272,0.18355,0.10845,0.03878,0.04321
0.12282,0.11079,0.10619,0.11702,0.13665,0.13895,0.14015,0.06051,0.03272,0.03419
0.08197,0.08717,0.07662,0.07928,0.07155,0.23680,0.23414,0.07375,0.02783,0.03089
0.08101,0.14878,0.08696,0.10297,0.15505,0.15097,0.15467,0.03480,0.04300,0.04178
0.15368,0.18257,0.15781,0.15034,0.12443,0.05701,0.05879,0.06613,0.02340,0.02584
0.13222,0.12946,0.12543,0.11359,0.11279,0.07720,0.08148,0.12780,0.04748,0.05254
0.07853,0.13367,0.10716,0.08772,0.09939,0.15502,0.15865,0.06724,0.05492,0.05770
0.15670,0.12405,0.11718,0.12259,0.10824,0.12514,0.12180,0.03336,0.04137,0.04957
0.11678,0.17226,0.08115,0.09606,0.08162,0.13080,0.13354,0.11895,0.03215,0.03669
0.16183,0.09666,0.07470,0.10907,0.08570,0.14712,0.14632,0.09850,0.03775,0.04236
0.06749,0.08264,0.06287,0.06586,0.05712,0.25600,0.25590,0.05432,0.04280,0.05499
0.06207,0.07412,0.06319,0.06947,0.04970,0.27630,0.27674,0.02376,0.05316,0.05149
0.11727,0.10237,0.07407,0.08662,0.07605,0.18832,0.18689,0.06070,0.05214,0.05555
0.23806,0.12792,0.08601,0.15369,0.11193,0.10067,0.10143,0.03650,0.02180,0.02199
0.06281,0.06320,0.06127,0.05610,0.05289,0.28001,0.27713,0.04654,0.04964,0.05041
0.10342,0.09624,0.11098,0.09675,0.12001,0.12372,0.12191,0.17117,0.02803,0.02779
0.15122,0.15224,0.09351,0.11918,0.10728,0.12861,0.13228,0.03802,0.03715,0.04052
0.12326,0.13200,0.08873,0.12357,0.09813,0.14398,0.14844,0.07157,0.03079,0.03953
0.13445,0.11935,0.11062,0.10388,0.09142,0.15581,0.15935,0.03174,0.04750,0.04589
0.05467,0.07449,0.06449,0.07139,0.05604,0.27553,0.27629,0.05567,0.03460,0.03683
0.07764,0.07693,0.07221,0.07096,0.06851,0.24135,0.24047,0.03792,0.05952,0.05449
0.09694,0.07608,0.07354,0.06813,0.09634,0.21503,0.21134,0.09466,0.03168,0.03625
0.06247,0.06314,0.06576,0.05399,0.05167,0.28168,0.28324,0.02813,0.05417,0.05574
0.09099,0.08877,0.07794,0.06673,0.07939,0.17088,0.17649,0.03955,0.09901,0.11025
0.09899,0.13401,0.11673,0.12444,0.06366,0.13738,0.13930,0.06902,0.05871,0.05776
0.12894,0.08111,0.12179,0.08528,0.05258,0.20146,0.20082,0.04203,0.03871,0.04728
0.08441,0.11159,0.08489,0.09586,0.09412,0.19386,0.19443,0.08629,0.02664,0.02791
0.10201,0.11991,0.11265,0.11817,0.08818,0.15013,0.14924,0.08220,0.03801,0.03950
0.10190,0.10943,0.11741,0.09495,0.10874,0.16478,0.16293,0.07884,0.02939,0.03163
0.08675,0.08483,0.08869,0.09791,0.07424,0.12484,0.13031,0.05021,0.12563,0.13657
0.08828,0.07709,0.08183,0.08195,0.07687,0.21973,0.21940,0.06265,0.04807,0.04414
0.08441,0.11199,0.08483,0.09293,0.09016,0.21543,0.21789,0.02688,0.03672,0.03875
0.08662,0.10067,0.06809,0.08580,0.07429,0.24734,0.24559,0.05044,0.02021,0.02094
0.08608,0.13702,0.11157,0.09287,0.07642,0.15538,0.15889,0.04219,0.06395,0.07563
0.10804,0.22288,0.08868,0.11464,0.08240,0.12621,0.12772,0.03167,0.04740,0.05036
0.07606,0.11021,0.07583,0.08878,0.10739,0.16159,0.16146,0.11723,0.04090,0.06055
0.14952,0.19179,0.16097,0.12053,0.09190,0.08776,0.09128,0.02365,0.04072,0.04188
0.12423,0.15717,0.12949,0.12375,0.10891,0.12127,0.12469,0.03675,0.03793,0.03582
0.07989,0.07880,0.08033,0.07446,0.06679,0.19316,0.19582,0.09252,0.06757,0.07065
0.09865,0.14731,0.11915,0.10146,0.13204,0.10260,0.10650,0.04709,0.06186,0.08335
0.09447,0.12034,0.10134,0.09363,0.07160,0.15103,0.15587,0.04508,0.08018,0.08646
0.07672,0.07523,0.08067,0.07855,0.07115,0.20017,0.20142,0.11204,0.05241,0.05164
0.13431,0.10385,0.11455,0.08932,0.10957,0.15916,0.16403,0.05612,0.02978,0.03931
0.06529,0.10493,0.09104,0.07477,0.06961,0.18209,0.18683,0.02768,0.09757,0.10019
0.17541,0.11404,0.15921,0.11409,0.07676,0.12735,0.12390,0.04092,0.03197,0.03636
0.07822,0.08093,0.07334,0.07591,0.06550,0.18942,0.19029,0.15306,0.04221,0.05112
0.11638,0.13520,0.15032,0.10825,0.12672,0.09974,0.10430,0.07034,0.04442,0.04435
0.14262,0.16088,0.13602,0.13086,0.10158,0.11277,0.11718,0.04414,0.02649,0.02747
0.12256,0.11787,0.11463,0.10911,0.12084,0.14115,0.14552,0.05439,0.03575,0.03817
0.04994,0.05827,0.06070,0.04785,0.04804,0.29533,0.29659,0.05586,0.03986,0.04755
0.12295,0.11893,0.11845,0.09998,0.09658,0.13417,0.13680,0.07848,0.04481,0.04885
0.09476,0.08298,0.09167,0.07433,0.05407,0.25291,0.25096,0.02905,0.03437,0.03490
0.05429,0.07067,0.06003,0.05762,0.05184,0.30240,0.29905,0.03198,0.03648,0.03563
0.10407,0.09998,0.09344,0.08919,0.07695,0.16497,0.16447,0.15883,0.02464,0.02346
0.11042,0.11114,0.11830,0.08182,0.10521,0.16040,0.15784,0.08945,0.03290,0.03253
0.10153,0.09948,0.09513,0.08405,0.07941,0.18955,0.19187,0.02441,0.06260,0.07197
0.08446,0.08781,0.10448,0.07881,0.07686,0.22096,0.22327,0.05621,0.03253,0.03461
0.09919,0.10101,0.08084,0.08265,0.07540,0.16789,0.17134,0.14782,0.03254,0.04133
0.10295,0.12948,0.11133,0.10655,0.10261,0.15366,0.15716,0.07023,0.02998,0.03606
0.10670,0.10604,0.10958,0.11060,0.09725,0.17558,0.18088,0.04811,0.03162,0.03364
0.07748,0.12327,0.11153,0.11207,0.09374,0.19900,0.19982,0.02038,0.03029,0.03242
0.08254,0.11059,0.10005,0.08434,0.08261,0.22410,0.22657,0.04627,0.02016,0.02277
0.07399,0.14499,0.11233,0.15018,0.07383,0.18976,0.18996,0.02641,0.01870,0.01986
0.04536,0.05310,0.04622,0.05403,0.05105,0.24048,0.23423,0.06431,0.10932,0.10189
0.11323,0.18539,0.09817,0.11761,0.11968,0.09906,0.09874,0.02380,0.06756,0.07676
0.07634,0.09740,0.10409,0.07912,0.08233,0.21246,0.21688,0.04293,0.04358,0.04487
0.12708,0.11969,0.09142,0.09882,0.08770,0.14888,0.15139,0.04890,0.06297,0.06315
0.06958,0.08174,0.05685,0.07738,0.05721,0.27257,0.27379,0.06251,0.02205,0.02631
0.09398,0.08196,0.08931,0.08502,0.10541,0.19218,0.19306,0.06914,0.04386,0.04609
0.12188,0.14765,0.10999,0.11537,0.08863,0.09844,0.09869,0.06879,0.07548,0.07507
0.13824,0.12817,0.13611,0.09747,0.14034,0.11650,0.11544,0.05858,0.03442,0.03473
0.10413,0.14469,0.12165,0.13182,0.10093,0.15218,0.15547,0.03201,0.02701,0.03011
0.08235,0.06154,0.08669,0.07562,0.08589,0.17685,0.18188,0.06414,0.09051,0.09453
0.06278,0.06637,0.06151,0.06384,0.08191,0.25078,0.25291,0.05779,0.04545,0.05665
0.08480,0.13262,0.10391,0.10272,0.07976,0.13228,0.13652,0.15214,0.03309,0.04216
0.12839,0.15009,0.10764,0.14973,0.10073,0.09612,0.09801,0.03802,0.06555,0.06572
0.14116,0.08828,0.09188,0.11899,0.09390,0.14559,0.14557,0.07338,0.04829,0.05297
0.09083,0.09064,0.07524,0.08699,0.07305,0.17088,0.17094,0.02547,0.10594,0.11002
0.10017,0.10474,0.09868,0.09423,0.09247,0.14798,0.14921,0.11003,0.04592,0.05657
0.09587,0.11841,0.10834,0.09123,0.11020,0.17878,0.17728,0.05536,0.03074,0.03378
0.11394,0.11105,0.11188,0.11860,0.09094,0.13113,0.12996,0.03045,0.08429,0.07776
0.11553,0.12951,0.11728,0.11745,0.11097,0.14741,0.14749,0.06298,0.02364,0.02775
0.07640,0.10713,0.09983,0.08425,0.06772,0.21801,0.21519,0.04480,0.04171,0.04497
0.07970,0.08498,0.09713,0.07887,0.07513,0.20802,0.20957,0.04587,0.06001,0.06073
0.07196,0.09829,0.11407,0.08219,0.07888,0.17481,0.17181,0.03774,0.08646,0.08379
0.09293,0.12201,0.08689,0.08492,0.07603,0.20517,0.20766,0.02967,0.04844,0.04627
0.11535,0.16405,0.11546,0.12496,0.12630,0.12603,0.12476,0.02383,0.03700,0.04225
0.10633,0.08872,0.07135,0.08965,0.08851,0.19476,0.19533,0.08242,0.03514,0.04780
0.10862,0.12484,0.10591,0.10677,0.10002,0.13880,0.13886,0.11222,0.03208,0.03187
0.10340,0.12535,0.11326,0.09564,0.09854,0.17483,0.17444,0.04626,0.03168,0.03659
0.09216,0.12136,0.08760,0.09735,0.09874,0.17511,0.17626,0.03735,0.05509,0.05897
0.13105,0.12303,0.10802,0.10258,0.08793,0.16148,0.16395,0.04215,0.03627,0.04355
0.10390,0.21474,0.07226,0.10514,0.06961,0.16750,0.16932,0.03232,0.03422,0.03099
0.08563,0.10087,0.10930,0.09847,0.08205,0.16255,0.16340,0.13082,0.03028,0.03663
0.13277,0.17497,0.12384,0.12463,0.09770,0.10575,0.10758,0.05010,0.03846,0.04421
0.06056,0.06774,0.05061,0.05610,0.04269,0.26908,0.26832,0.04668,0.06107,0.07715
0.06673,0.07331,0.06006,0.07197,0.06172,0.27997,0.28102,0.05118,0.02686,0.02718
0.09126,0.09274,0.08784,0.07560,0.06879,0.23168,0.23206,0.05880,0.03028,0.03095
0.13219,0.14302,0.13090,0.12743,0.11489,0.13155,0.12952,0.03921,0.02481,0.02647
0.09453,0.09299,0.10577,0.10117,0.09323,0.16176,0.16107,0.07803,0.05404,0.05741
0.09743,0.13640,0.12322,0.12344,0.15201,0.13345,0.13297,0.03637,0.03254,0.03217
0.08974,0.14319,0.10567,0.08771,0.07998,0.18810,0.18790,0.04682,0.03597,0.03492
0.12891,0.12988,0.12193,0.10226,0.11680,0.13077,0.13542,0.05666,0.03796,0.03941
0.10495,0.11834,0.08036,0.12826,0.08824,0.16313,0.16467,0.05784,0.04556,0.04865
0.07477,0.07969,0.07082,0.07212,0.06669,0.26940,0.27278,0.03649,0.03111,0.02613
0.11871,0.07837,0.17077,0.12388,0.13475,0.11239,0.11512,0.10322,0.02093,0.02185
0.09751,0.10344,0.09261,0.09762,0.09238,0.20904,0.20628,0.04130,0.02877,0.03106
0.10928,0.13666,0.12686,0.10838,0.11065,0.13689,0.13807,0.05672,0.03921,0.03729
0.08315,0.13128,0.13448,0.10373,0.10667,0.11674,0.11964,0.11583,0.04153,0.04695
0.07793,0.12423,0.06457,0.06717,0.04480,0.22361,0.22777,0.06499,0.05004,0.05489
0.09753,0.07988,0.08844,0.08107,0.05899,0.14597,0.14513,0.15223,0.05981,0.09096
0.13183,0.10214,0.11933,0.14050,0.16577,0.11370,0.11361,0.04896,0.03224,0.03193
0.10839,0.14692,0.11429,0.13307,0.10066,0.11412,0.11542,0.05016,0.05761,0.05936
0.09902,0.09698,0.17331,0.12035,0.10066,0.12782,0.12436,0.04295,0.05335,0.06121
0.08622,0.08845,0.08086,0.09004,0.08205,0.20779,0.21026,0.07005,0.04087,0.04344
0.09564,0.09539,0.11781,0.09485,0.08090,0.15286,0.15389,0.14790,0.02686,0.03389
0.16518,0.13765,0.16491,0.12533,0.10025,0.10271,0.10054,0.05605,0.02169,0.02569
0.07356,0.09550,0.09862,0.13145,0.13593,0.19128,0.19021,0.03012,0.02608,0.02727
0.07542,0.11523,0.11286,0.16927,0.17707,0.13479,0.13515,0.02708,0.02778,0.02534
0.10186,0.13248,0.11293,0.11505,0.08343,0.10830,0.11197,0.12648,0.04969,0.05782
0.09805,0.10540,0.09140,0.09355,0.08457,0.20000,0.19697,0.04285,0.04296,0.04426
0.10263,0.10574,0.09782,0.09406,0.08188,0.21087,0.20906,0.03478,0.02952,0.03364
0.09048,0.07732,0.09921,0.08673,0.07423,0.14338,0.14725,0.01869,0.13050,0.13221
0.08785,0.11023,0.08267,0.06274,0.08554,0.25419,0.25533,0.01608,0.02330,0.02208
0.07683,0.06336,0.06544,0.06026,0.05279,0.24992,0.25272,0.05950,0.05475,0.06442
0.06968,0.12693,0.06564,0.09207,0.10446,0.20479,0.20724,0.05589,0.03769,0.03561
0.10235,0.17122,0.13779,0.15438,0.08444,0.11595,0.11739,0.05912,0.02648,0.03088
0.11098,0.08084,0.10700,0.08528,0.07967,0.13883,0.14115,0.02184,0.11746,0.11695
0.11907,0.35351,0.07255,0.11450,0.04554,0.08953,0.09369,0.06482,0.02334,0.02346
0.07598,0.07291,0.06704,0.05938,0.06562,0.26332,0.26711,0.04082,0.03646,0.05136
0.08563,0.09055,0.08016,0.06257,0.06379,0.18030,0.18650,0.11489,0.05458,0.08104
0.14016,0.13154,0.10162,0.12016,0.08474,0.14958,0.14595,0.07406,0.02494,0.02725
