0.03329,0.30371,0.04125,0.02595,0.05005,0.02550,0.02107,0.03473,0.04105,0.04152,0.02357,0.03953,0.18091,0.02405,0.02062,0.01183,0.03246,0.01926,0.01758,0.01205
0.16008,0.06030,0.01956,0.06264,0.02680,0.01889,0.02328,0.01310,0.02236,0.03476,0.03774,0.01822,0.10758,0.18925,0.01226,0.01849,0.13764,0.01015,0.00726,0.01964
0.04017,0.06860,0.07852,0.01655,0.03014,0.04275,0.06594,0.36937,0.01532,0.02587,0.01061,0.01779,0.02049,0.01473,0.02536,0.06334,0.01622,0.01828,0.04378,0.01617
0.03333,0.05708,0.04420,0.02188,0.08144,0.01513,0.02281,0.04084,0.03377,0.03401,0.01949,0.03188,0.36640,0.05215,0.01701,0.01370,0.02038,0.05179,0.02543,0.01729
0.10096,0.14280,0.04114,0.02190,0.03217,0.09616,0.03353,0.20059,0.02015,0.03514,0.02034,0.02022,0.02105,0.01737,0.03773,0.01988,0.01635,0.02261,0.06574,0.03416
0.03674,0.38336,0.04715,0.01312,0.03073,0.01428,0.07442,0.12424,0.01865,0.04911,0.01535,0.03381,0.04180,0.01779,0.01405,0.01629,0.01562,0.02103,0.01680,0.01567
0.03180,0.07634,0.02779,0.02042,0.08555,0.03235,0.04736,0.01849,0.01838,0.03009,0.01573,0.01197,0.32031,0.03921,0.03965,0.07167,0.08109,0.01065,0.00868,0.01246
0.07422,0.27508,0.03256,0.02267,0.14612,0.02444,0.02755,0.03559,0.03316,0.08584,0.01741,0.02275,0.03913,0.01741,0.02778,0.01428,0.04107,0.01505,0.01708,0.03079
0.06095,0.04591,0.06326,0.02584,0.10848,0.01925,0.03416,0.01642,0.01231,0.04752,0.01874,0.00824,0.32356,0.03380,0.01947,0.02438,0.10368,0.01060,0.00668,0.01677
0.02254,0.14514,0.04325,0.02785,0.08997,0.01571,0.03600,0.04021,0.06572,0.04044,0.02233,0.03064,0.12939,0.18136,0.01316,0.01374,0.02703,0.03622,0.01181,0.00747
0.08143,0.07003,0.04818,0.01051,0.08270,0.01763,0.08545,0.05012,0.01491,0.04687,0.01254,0.03506,0.25651,0.02155,0.01791,0.04006,0.03163,0.02056,0.02062,0.03574
0.04503,0.09835,0.02112,0.03005,0.10217,0.03298,0.05875,0.07899,0.02279,0.04376,0.04709,0.04176,0.12634,0.07732,0.01191,0.03884,0.07001,0.02902,0.00956,0.01417
0.10947,0.08888,0.06476,0.03260,0.03386,0.02110,0.13117,0.01819,0.01853,0.04898,0.03677,0.02243,0.11052,0.06306,0.01135,0.07101,0.07160,0.01450,0.00770,0.02353
0.02656,0.18488,0.12382,0.04094,0.03499,0.04086,0.02948,0.20162,0.04539,0.01720,0.02687,0.01945,0.03047,0.04057,0.02671,0.01367,0.01488,0.04707,0.02173,0.01286
0.05199,0.09820,0.09554,0.02459,0.07136,0.02981,0.10149,0.08743,0.02204,0.04142,0.01624,0.02043,0.11275,0.02946,0.03655,0.06315,0.04660,0.01813,0.00999,0.02282
0.03015,0.13422,0.02562,0.04351,0.04667,0.04887,0.01862,0.34665,0.04767,0.02268,0.02468,0.03860,0.03250,0.02295,0.03002,0.01336,0.02083,0.01544,0.01354,0.02341
0.03522,0.26604,0.02181,0.01817,0.07042,0.01295,0.04142,0.02243,0.03223,0.06137,0.01764,0.02042,0.13531,0.06267,0.01040,0.01434,0.13029,0.01340,0.00586,0.00761
0.01697,0.03134,0.02970,0.01390,0.22785,0.01278,0.02835,0.05713,0.01125,0.01134,0.00953,0.00806,0.43586,0.04293,0.01002,0.01160,0.00804,0.01647,0.00548,0.01140
0.02615,0.06900,0.02512,0.02530,0.03172,0.02181,0.03212,0.01036,0.02300,0.06084,0.01542,0.01475,0.08810,0.31253,0.02273,0.01418,0.18591,0.00727,0.00563,0.00808
0.02391,0.08540,0.02510,0.01090,0.04324,0.01915,0.07323,0.09736,0.01037,0.01086,0.00903,0.01689,0.43097,0.02397,0.01970,0.02614,0.01149,0.04026,0.00956,0.01247
0.07701,0.09847,0.04256,0.05800,0.14670,0.04561,0.03398,0.06475,0.03802,0.02175,0.01891,0.03958,0.02311,0.10756,0.02891,0.01656,0.01413,0.06219,0.02267,0.03953
0.02541,0.33326,0.04793,0.03572,0.01763,0.04852,0.02577,0.22113,0.01925,0.01369,0.01893,0.01169,0.02779,0.02737,0.05880,0.01326,0.00986,0.02088,0.01411,0.00898
0.07018,0.26935,0.01694,0.01518,0.03162,0.02751,0.03300,0.02001,0.02946,0.02947,0.02039,0.03487,0.14215,0.03586,0.02938,0.03117,0.09703,0.01810,0.02910,0.01924
0.07603,0.15941,0.04644,0.03081,0.04725,0.02935,0.02560,0.03538,0.01600,0.09560,0.06040,0.04306,0.09403,0.02848,0.01355,0.02151,0.10899,0.01604,0.01834,0.03374
0.07978,0.08095,0.02767,0.26444,0.02591,0.08184,0.02752,0.06128,0.01640,0.01315,0.01885,0.01955,0.01365,0.05262,0.01364,0.04623,0.02128,0.09695,0.01599,0.02230
0.03432,0.26582,0.04613,0.06534,0.01988,0.16493,0.01433,0.08025,0.06653,0.01329,0.02603,0.01949,0.03451,0.01140,0.03731,0.01602,0.02093,0.01254,0.03002,0.02093
0.05860,0.05216,0.05885,0.01148,0.05605,0.01227,0.20133,0.04609,0.01161,0.03839,0.01129,0.01400,0.22616,0.02176,0.01438,0.06779,0.01787,0.02848,0.01250,0.03893
0.05416,0.13516,0.09761,0.02565,0.02803,0.02164,0.06438,0.06906,0.03188,0.05409,0.03745,0.07349,0.13512,0.02373,0.02412,0.01391,0.02314,0.04092,0.01574,0.03074
0.02284,0.06298,0.03970,0.01375,0.22785,0.01154,0.02086,0.08386,0.01424,0.42043,0.00538,0.00959,0.00816,0.00587,0.01169,0.00503,0.00790,0.01515,0.00434,0.00885
0.09627,0.01590,0.04502,0.01967,0.12337,0.02391,0.02382,0.01535,0.01563,0.04181,0.01516,0.01915,0.02556,0.01019,0.01552,0.19282,0.23670,0.01136,0.01185,0.04094
0.07448,0.06287,0.02832,0.02032,0.04931,0.03673,0.04726,0.02421,0.06186,0.04610,0.02600,0.08308,0.14162,0.03948,0.02643,0.04328,0.09517,0.03159,0.04552,0.01636
0.11196,0.06024,0.02147,0.01955,0.11246,0.02989,0.02463,0.01163,0.04730,0.03763,0.01247,0.02087,0.03889,0.22895,0.01870,0.03300,0.12954,0.00907,0.01859,0.01316
0.03585,0.13588,0.03221,0.03149,0.06960,0.03399,0.03191,0.31083,0.04458,0.02453,0.01831,0.03530,0.02775,0.03192,0.02919,0.01772,0.02322,0.03952,0.01293,0.01328
0.09976,0.08133,0.02603,0.09093,0.04686,0.06023,0.01648,0.03311,0.20171,0.04512,0.02354,0.02481,0.01705,0.07685,0.08134,0.01018,0.01164,0.01334,0.01485,0.02484
0.08992,0.08356,0.07081,0.04360,0.02383,0.04948,0.03768,0.18393,0.03646,0.04675,0.02964,0.03000,0.02105,0.01296,0.01357,0.06669,0.06834,0.02354,0.03484,0.03334
0.02786,0.26715,0.03636,0.01763,0.06821,0.02330,0.04016,0.10624,0.03333,0.03083,0.01604,0.03893,0.15071,0.02460,0.02013,0.01751,0.02941,0.02048,0.01957,0.01155
0.03700,0.06655,0.05173,0.03463,0.03285,0.03314,0.03266,0.14893,0.01844,0.02442,0.01692,0.01933,0.01976,0.01955,0.01096,0.23361,0.13023,0.03778,0.01254,0.01899
0.03999,0.31658,0.03370,0.01059,0.11342,0.01017,0.02569,0.05430,0.01313,0.04765,0.01231,0.02723,0.19522,0.01400,0.01171,0.00744,0.02523,0.01889,0.00698,0.01580
0.03768,0.23465,0.02167,0.02077,0.19686,0.04648,0.03715,0.11665,0.01399,0.01991,0.01283,0.01038,0.04910,0.04221,0.02412,0.02481,0.02104,0.03208,0.01031,0.02734
0.02131,0.24960,0.03000,0.03004,0.05612,0.01715,0.01770,0.03311,0.04760,0.03337,0.02330,0.02599,0.24403,0.05550,0.01512,0.01096,0.05179,0.01574,0.01178,0.00981
0.04076,0.04762,0.01863,0.02109,0.05501,0.02248,0.05990,0.01801,0.02914,0.05026,0.01717,0.01969,0.27210,0.04617,0.04288,0.07128,0.13724,0.00973,0.00941,0.01142
0.13781,0.04754,0.06412,0.01694,0.09876,0.01710,0.03683,0.01276,0.01747,0.03486,0.02271,0.02024,0.21510,0.05734,0.01740,0.03073,0.06136,0.03789,0.01815,0.03488
0.02471,0.09619,0.06885,0.02268,0.08553,0.01334,0.02795,0.01811,0.03551,0.09743,0.01775,0.01625,0.13756,0.08263,0.01313,0.01009,0.19440,0.01930,0.00887,0.00972
0.04410,0.08850,0.05407,0.02542,0.01903,0.03013,0.06370,0.30671,0.02715,0.01335,0.03112,0.01610,0.08103,0.01825,0.01909,0.04546,0.03053,0.04755,0.02441,0.01429
0.02863,0.22646,0.06400,0.01926,0.03797,0.02547,0.03005,0.21877,0.02425,0.03434,0.02139,0.02248,0.05856,0.02558,0.04948,0.00803,0.00937,0.04240,0.02805,0.02546
0.02663,0.04433,0.03550,0.03743,0.11595,0.03859,0.06222,0.02525,0.02559,0.03505,0.02549,0.02049,0.23822,0.04754,0.03138,0.05124,0.09840,0.01591,0.01229,0.01252
0.02425,0.12263,0.12945,0.03652,0.04739,0.03413,0.03394,0.13174,0.02938,0.05720,0.02846,0.06654,0.02494,0.01555,0.02386,0.01406,0.02360,0.10855,0.03261,0.01519
0.05989,0.39601,0.02122,0.01588,0.09407,0.01444,0.01959,0.03378,0.02846,0.03751,0.01285,0.02804,0.08049,0.08019,0.02394,0.00570,0.00968,0.01440,0.00886,0.01499
0.04814,0.21659,0.05786,0.01526,0.04701,0.03980,0.04438,0.23020,0.02611,0.02836,0.01443,0.01407,0.03708,0.01861,0.02695,0.02691,0.02982,0.02068,0.03335,0.02441
0.05227,0.13130,0.10900,0.02753,0.08019,0.02733,0.04979,0.07784,0.03268,0.07081,0.03414,0.03955,0.04335,0.03548,0.03237,0.02626,0.01973,0.06310,0.02424,0.02302
0.02165,0.04749,0.02637,0.01528,0.12803,0.02273,0.03974,0.18141,0.01315,0.01301,0.00672,0.01025,0.37529,0.02512,0.02274,0.01166,0.00810,0.01547,0.00700,0.00879
0.02338,0.23274,0.01945,0.01520,0.02942,0.01662,0.03168,0.02534,0.01128,0.01725,0.01286,0.00955,0.37724,0.02783,0.00956,0.01650,0.09574,0.01179,0.00722,0.00933
0.01846,0.03615,0.07363,0.01842,0.06678,0.01872,0.03651,0.34111,0.02808,0.03262,0.01698,0.03446,0.14427,0.01770,0.02027,0.01879,0.01712,0.02786,0.01566,0.01641
0.01596,0.03210,0.10956,0.01014,0.04573,0.01519,0.09982,0.03414,0.01521,0.02473,0.01144,0.01459,0.37487,0.01238,0.01277,0.05264,0.09129,0.00920,0.00825,0.01000
0.05301,0.09193,0.03023,0.03705,0.01754,0.02951,0.08428,0.31491,0.02767,0.02934,0.03859,0.02271,0.03230,0.02225,0.06555,0.03288,0.01434,0.01703,0.01727,0.02157
0.04227,0.08782,0.05902,0.08457,0.03735,0.02772,0.02274,0.03695,0.06602,0.03210,0.08527,0.02548,0.23857,0.04200,0.02792,0.01266,0.02691,0.02028,0.00776,0.01660
0.04836,0.04883,0.02629,0.01027,0.05144,0.01980,0.05395,0.30703,0.02676,0.03880,0.01260,0.01119,0.08601,0.03106,0.02368,0.01288,0.00792,0.06310,0.07488,0.04516
0.03014,0.22896,0.01751,0.01130,0.05858,0.00967,0.03881,0.01719,0.02184,0.02092,0.00992,0.02293,0.32120,0.05822,0.00953,0.00969,0.08513,0.01284,0.00620,0.00940
0.09296,0.15832,0.03330,0.04038,0.02170,0.05511,0.02666,0.09217,0.03867,0.02924,0.05032,0.08258,0.10606,0.01843,0.03381,0.02230,0.02629,0.01752,0.01899,0.03518
0.05223,0.05973,0.16869,0.05116,0.02998,0.04878,0.06318,0.11024,0.04533,0.02845,0.02566,0.03213,0.09497,0.02372,0.04765,0.03521,0.01647,0.02868,0.02222,0.01549
0.05703,0.08157,0.05359,0.02825,0.02300,0.03236,0.07787,0.17425,0.03985,0.04748,0.03868,0.03285,0.02659,0.01350,0.01845,0.08448,0.09488,0.03830,0.01941,0.01760
0.03546,0.03604,0.13590,0.01765,0.03577,0.02749,0.04101,0.20222,0.02473,0.05399,0.01794,0.03686,0.12912,0.01896,0.10277,0.01190,0.00849,0.02149,0.01486,0.02732
0.04407,0.07214,0.03792,0.01615,0.06856,0.04571,0.07147,0.25492,0.02159,0.01791,0.01222,0.01635,0.09211,0.03088,0.06778,0.01861,0.00947,0.04608,0.02519,0.03086
0.02935,0.04986,0.02771,0.01539,0.18144,0.01771,0.06691,0.04803,0.01187,0.01816,0.01089,0.01261,0.37154,0.02460,0.01490,0.03514,0.02444,0.01271,0.00639,0.02036
0.05868,0.03603,0.01046,0.03409,0.00627,0.04197,0.31577,0.04573,0.01003,0.01097,0.02249,0.01017,0.00886,0.01221,0.01351,0.31856,0.01225,0.00683,0.00465,0.02047
0.03817,0.01090,0.01292,0.20376,0.01176,0.03489,0.02476,0.01027,0.01790,0.04287,0.43905,0.02462,0.01163,0.02386,0.04042,0.01197,0.00524,0.00996,0.00739,0.01768
0.07127,0.04288,0.01767,0.25828,0.02142,0.02464,0.01418,0.01865,0.02532,0.02361,0.26960,0.02518,0.03945,0.03684,0.01282,0.01367,0.03440,0.01146,0.00780,0.03087
0.03274,0.07762,0.04133,0.02677,0.01759,0.02093,0.03180,0.37655,0.10236,0.05411,0.02298,0.04064,0.03093,0.01640,0.03607,0.01388,0.01321,0.01431,0.01461,0.01516
0.05714,0.07392,0.02773,0.01168,0.13087,0.01820,0.01871,0.35796,0.01623,0.11945,0.00900,0.02034,0.02158,0.01565,0.02050,0.01012,0.01362,0.02153,0.01513,0.02064
0.04398,0.09312,0.03477,0.21816,0.02839,0.07520,0.02911,0.17731,0.01778,0.01755,0.04213,0.02071,0.02851,0.04242,0.01914,0.02625,0.01419,0.02843,0.00990,0.03296
0.03423,0.01454,0.03370,0.02990,0.01902,0.01675,0.01728,0.01798,0.01833,0.02030,0.02036,0.01573,0.02715,0.00936,0.00862,0.40938,0.25165,0.01025,0.00627,0.01920
0.12548,0.07231,0.03154,0.05341,0.05284,0.07177,0.03939,0.01936,0.03236,0.03054,0.01749,0.09989,0.01807,0.18991,0.03254,0.01945,0.01783,0.03938,0.01901,0.01744
0.05987,0.07973,0.03808,0.01910,0.06967,0.04033,0.04406,0.03262,0.01289,0.01489,0.01826,0.01278,0.29859,0.02437,0.04008,0.09004,0.04688,0.01052,0.01603,0.03121
0.05028,0.07219,0.05742,0.04872,0.11173,0.03186,0.05332,0.01662,0.03642,0.04523,0.01696,0.01493,0.04667,0.09489,0.02519,0.09607,0.13254,0.01852,0.01518,0.01527
0.03913,0.12174,0.06809,0.01594,0.03390,0.04911,0.06385,0.22957,0.01827,0.03047,0.01625,0.02518,0.06155,0.02315,0.09323,0.01637,0.01079,0.03506,0.02898,0.01936
0.03262,0.11872,0.05586,0.03085,0.09201,0.04805,0.05683,0.03642,0.01630,0.06504,0.01467,0.01362,0.01524,0.14456,0.09963,0.00631,0.00672,0.12285,0.01145,0.01226
0.03531,0.08532,0.03558,0.01631,0.04633,0.02478,0.03818,0.09419,0.01879,0.01446,0.01431,0.01240,0.39150,0.03792,0.01504,0.04115,0.03095,0.01984,0.01471,0.01293
0.04404,0.17999,0.02322,0.04204,0.04492,0.06370,0.02284,0.02536,0.05433,0.07503,0.02864,0.02754,0.08976,0.03797,0.07267,0.03024,0.09276,0.00943,0.01505,0.02047
0.06367,0.10013,0.02332,0.03679,0.02484,0.03264,0.01446,0.51273,0.02097,0.01613,0.01832,0.02154,0.02147,0.02270,0.00912,0.01087,0.01536,0.01168,0.00633,0.01691
0.03587,0.12088,0.05379,0.08425,0.04136,0.08006,0.03681,0.03287,0.02775,0.02135,0.02487,0.04363,0.05220,0.08446,0.13388,0.02525,0.03228,0.03250,0.01861,0.01732
0.04213,0.02999,0.04483,0.06491,0.02124,0.03624,0.01733,0.02421,0.01122,0.03111,0.02049,0.01678,0.01560,0.00921,0.00769,0.31133,0.21693,0.01175,0.00793,0.05908
0.52786,0.03176,0.02394,0.02563,0.03137,0.01940,0.02021,0.02381,0.02787,0.02474,0.02229,0.01762,0.03753,0.02796,0.01070,0.02650,0.03144,0.01752,0.01266,0.03919
0.06241,0.07794,0.02573,0.07587,0.07358,0.08537,0.02880,0.01677,0.02285,0.02606,0.04100,0.01451,0.09107,0.12069,0.02993,0.04808,0.09618,0.03002,0.01441,0.01876
0.03337,0.11536,0.02687,0.02643,0.07442,0.02843,0.02292,0.01733,0.02690,0.02925,0.01654,0.01715,0.04748,0.34400,0.04920,0.01359,0.04323,0.04403,0.01388,0.00963
0.04230,0.02004,0.01467,0.02936,0.07531,0.39035,0.01518,0.01417,0.04714,0.02533,0.01632,0.11648,0.02689,0.01876,0.03508,0.01193,0.02086,0.01301,0.05121,0.01562
0.08413,0.06277,0.01346,0.04208,0.02091,0.09965,0.08006,0.01065,0.01026,0.03244,0.02928,0.02532,0.02617,0.03444,0.08006,0.15012,0.16723,0.00845,0.00808,0.01447
0.04465,0.10334,0.09808,0.02402,0.06688,0.01884,0.03766,0.14027,0.02040,0.03285,0.02804,0.01739,0.17284,0.03272,0.01011,0.02001,0.06924,0.03451,0.01189,0.01626
0.03507,0.03111,0.06246,0.04505,0.03493,0.03608,0.06193,0.05654,0.02049,0.01593,0.02483,0.02108,0.39622,0.01978,0.01196,0.04244,0.03490,0.02287,0.01026,0.01607
0.05707,0.02340,0.07259,0.01450,0.13790,0.01389,0.02579,0.04398,0.02509,0.04507,0.01743,0.04246,0.19051,0.04168,0.01103,0.03507,0.04287,0.10177,0.01764,0.04025
0.06161,0.03541,0.03795,0.02412,0.20494,0.03440,0.03071,0.02792,0.03002,0.30146,0.01256,0.02926,0.01100,0.01517,0.03215,0.01205,0.00912,0.02569,0.04429,0.02017
0.06251,0.06160,0.05675,0.02288,0.06779,0.01852,0.10762,0.01215,0.01446,0.02941,0.01132,0.00782,0.07632,0.27291,0.02026,0.06002,0.05520,0.02080,0.00823,0.01344
0.05547,0.02041,0.01800,0.09951,0.01735,0.05511,0.02394,0.01344,0.03581,0.01830,0.31719,0.04676,0.04372,0.07851,0.07496,0.01012,0.00746,0.02467,0.02197,0.01731
0.04949,0.25167,0.03699,0.03247,0.05357,0.05373,0.03697,0.04995,0.03427,0.02526,0.02207,0.01638,0.13082,0.03891,0.03147,0.02662,0.04997,0.02124,0.02027,0.01789
0.02996,0.18211,0.02880,0.02871,0.04065,0.04258,0.03463,0.01972,0.03136,0.03815,0.02450,0.02481,0.25594,0.03206,0.02889,0.03169,0.09124,0.00827,0.01699,0.00892
0.06908,0.10639,0.02621,0.05459,0.02011,0.06234,0.02524,0.23417,0.03613,0.04818,0.03736,0.01501,0.02593,0.01679,0.01895,0.01907,0.06868,0.01747,0.01829,0.08002
0.03564,0.13992,0.04815,0.03693,0.01196,0.02182,0.03084,0.24257,0.04723,0.05180,0.09974,0.08415,0.03810,0.01743,0.02457,0.00750,0.01525,0.01660,0.01223,0.01756
0.11993,0.10869,0.03463,0.01419,0.06889,0.02750,0.06436,0.07259,0.01963,0.01934,0.01255,0.02235,0.14441,0.03276,0.02221,0.09393,0.02769,0.03474,0.03351,0.02611
0.03176,0.04436,0.02143,0.43803,0.05255,0.10739,0.02473,0.01939,0.01506,0.01287,0.02301,0.01400,0.02478,0.04004,0.01233,0.03492,0.03512,0.02222,0.00867,0.01733
0.02432,0.11488,0.10760,0.01837,0.03574,0.02800,0.13891,0.09755,0.02590,0.01823,0.01562,0.02103,0.17122,0.03190,0.02337,0.02305,0.01480,0.05683,0.02432,0.00836
0.03730,0.01331,0.06796,0.03748,0.02493,0.02271,0.01469,0.03386,0.03798,0.03913,0.02753,0.02957,0.01643,0.00812,0.00623,0.37564,0.15216,0.01156,0.00747,0.03593
