0.05990,0.15436,0.04823,0.10079,0.03395,0.01411,0.03452,0.17423,0.01341,0.06241,0.05269,0.07792,0.03105,0.02021,0.01466,0.02546,0.02920,0.02218,0.00874,0.02197
0.03799,0.25165,0.04849,0.04140,0.03080,0.01635,0.02428,0.23548,0.02603,0.02178,0.01209,0.00880,0.03471,0.07686,0.02103,0.01596,0.01396,0.05860,0.01066,0.01307
0.03672,0.23865,0.05426,0.04129,0.02816,0.03307,0.02660,0.04161,0.03907,0.02236,0.03204,0.02114,0.05869,0.04284,0.03643,0.00999,0.16682,0.03711,0.01381,0.01934
0.03181,0.11159,0.07992,0.02294,0.07138,0.03714,0.02992,0.10683,0.08170,0.06412,0.02454,0.09347,0.04261,0.03034,0.02915,0.02098,0.01912,0.02545,0.05527,0.02173
0.03821,0.16202,0.03865,0.04876,0.09914,0.07195,0.04339,0.03903,0.01932,0.04042,0.02175,0.01345,0.05978,0.01739,0.01566,0.07343,0.13524,0.04406,0.00792,0.01044
0.08451,0.05092,0.08494,0.02820,0.03205,0.03602,0.05369,0.01722,0.09602,0.03005,0.03810,0.02350,0.08981,0.04187,0.03718,0.10672,0.10775,0.01287,0.01703,0.01157
0.04839,0.02712,0.03454,0.09652,0.02395,0.04520,0.01174,0.02329,0.13208,0.06225,0.05258,0.21732,0.02673,0.02505,0.01068,0.01251,0.01429,0.01998,0.09420,0.02160
0.03497,0.13177,0.03428,0.08286,0.03084,0.01365,0.03065,0.02612,0.05539,0.01981,0.04514,0.01871,0.04570,0.02212,0.01669,0.14258,0.21729,0.01511,0.00791,0.00842
0.06316,0.13416,0.08245,0.04095,0.12075,0.02403,0.04224,0.08035,0.03081,0.07729,0.01478,0.02265,0.03980,0.08702,0.02866,0.01027,0.02808,0.04268,0.00983,0.02003
0.03710,0.08885,0.06024,0.03392,0.03678,0.02468,0.16134,0.07857,0.03201,0.04249,0.03980,0.02620,0.02215,0.03333,0.02859,0.15559,0.02372,0.02496,0.02079,0.02889
0.04479,0.02149,0.01318,0.06443,0.01824,0.31106,0.01845,0.01293,0.04902,0.02013,0.02062,0.03596,0.02079,0.02233,0.26523,0.01125,0.01279,0.02208,0.00485,0.01038
0.04698,0.13402,0.03581,0.01052,0.12214,0.03077,0.02980,0.06560,0.03026,0.03564,0.02985,0.02475,0.10291,0.02300,0.02239,0.10301,0.11179,0.01192,0.01494,0.01390
0.04166,0.07643,0.08706,0.02250,0.14266,0.04193,0.08211,0.09345,0.03756,0.15426,0.02419,0.05683,0.02929,0.01338,0.02817,0.01836,0.01871,0.01174,0.01030,0.00939
0.03490,0.04395,0.05029,0.01695,0.29658,0.01959,0.03369,0.04862,0.00948,0.30410,0.02206,0.01504,0.01767,0.01070,0.00842,0.01054,0.01143,0.01855,0.00391,0.02353
0.09043,0.03563,0.03040,0.04944,0.07021,0.03437,0.02505,0.01312,0.06600,0.07084,0.04627,0.06587,0.08277,0.03284,0.02341,0.05822,0.07098,0.02035,0.04879,0.06501
0.03325,0.23215,0.03283,0.06895,0.02121,0.05207,0.06602,0.07749,0.01568,0.03134,0.04025,0.02781,0.02034,0.01190,0.01850,0.08478,0.11684,0.02294,0.01039,0.01526
0.07060,0.08483,0.04798,0.03229,0.07791,0.02584,0.07642,0.06665,0.02185,0.05217,0.03552,0.03811,0.07906,0.01373,0.00789,0.09418,0.09340,0.01888,0.02306,0.03964
0.04188,0.11434,0.03230,0.03308,0.11993,0.06952,0.05137,0.10195,0.02888,0.02122,0.05853,0.02172,0.12140,0.01717,0.03350,0.04832,0.03871,0.01082,0.01294,0.02242
0.05382,0.06872,0.02864,0.23503,0.05021,0.19341,0.02622,0.04050,0.02492,0.02466,0.02698,0.02743,0.05437,0.02090,0.01675,0.02620,0.05340,0.01287,0.00744,0.00752
0.05635,0.23017,0.02565,0.08375,0.02768,0.04251,0.01983,0.20951,0.03243,0.03097,0.05524,0.03016,0.02689,0.01219,0.00837,0.02890,0.03122,0.02266,0.00813,0.01739
0.02401,0.05318,0.06548,0.04890,0.16911,0.01954,0.05243,0.03936,0.04480,0.01428,0.04178,0.02862,0.15290,0.03005,0.00823,0.09243,0.08171,0.00982,0.01308,0.01031
0.03868,0.07777,0.02168,0.04301,0.21558,0.04089,0.01493,0.01838,0.01949,0.18246,0.02988,0.02884,0.01532,0.02352,0.01839,0.05132,0.10012,0.02258,0.01286,0.02429
0.05402,0.22686,0.02312,0.05579,0.04001,0.04450,0.03470,0.09595,0.01868,0.02194,0.02987,0.01103,0.03564,0.01242,0.03329,0.06418,0.14770,0.01973,0.01389,0.01669
0.06063,0.04484,0.12501,0.07972,0.06234,0.05972,0.10621,0.09351,0.02034,0.06544,0.04551,0.02263,0.07027,0.01533,0.01613,0.01129,0.01433,0.02193,0.02894,0.03587
0.03157,0.01876,0.00749,0.32404,0.01351,0.30288,0.02493,0.01105,0.01800,0.03187,0.01536,0.05895,0.01405,0.01127,0.01631,0.04445,0.03137,0.00905,0.00734,0.00774
0.03755,0.04725,0.02202,0.26972,0.02355,0.14546,0.03284,0.03987,0.03550,0.03250,0.13397,0.03134,0.02129,0.01839,0.01824,0.01843,0.02233,0.01479,0.00936,0.02561
0.03084,0.04804,0.15534,0.01105,0.11844,0.01117,0.06063,0.09523,0.02869,0.01319,0.01887,0.01945,0.11228,0.01910,0.01075,0.06189,0.08465,0.07480,0.00486,0.02073
0.04357,0.14889,0.11275,0.04053,0.06706,0.02636,0.07895,0.15945,0.02786,0.04866,0.02644,0.02852,0.05960,0.01413,0.02858,0.01629,0.01582,0.02190,0.01547,0.01919
0.05200,0.15383,0.09352,0.05440,0.06435,0.03346,0.07458,0.09713,0.03793,0.03106,0.03226,0.02574,0.04410,0.04289,0.02678,0.00848,0.04347,0.03894,0.02226,0.02282
0.05885,0.19622,0.04434,0.04405,0.08297,0.03282,0.03912,0.05587,0.02474,0.05898,0.01764,0.01932,0.04785,0.02336,0.01153,0.01059,0.16724,0.01057,0.01877,0.03517
0.06134,0.09559,0.03075,0.05742,0.06799,0.03491,0.03812,0.11213,0.08602,0.05518,0.02028,0.02221,0.03869,0.02933,0.02283,0.07993,0.07618,0.01270,0.02540,0.03298
0.04409,0.21871,0.04647,0.03377,0.05105,0.02356,0.02471,0.04834,0.03974,0.04419,0.03358,0.02523,0.02619,0.02780,0.01773,0.03569,0.21746,0.01821,0.01048,0.01301
0.02910,0.08124,0.07586,0.04796,0.10519,0.02363,0.02176,0.10663,0.02972,0.03403,0.07271,0.03462,0.09714,0.00977,0.02745,0.06497,0.07651,0.03752,0.01441,0.00977
0.05131,0.07483,0.03681,0.06410,0.06138,0.01888,0.03428,0.03392,0.09043,0.05612,0.08118,0.02799,0.07386,0.04306,0.03674,0.02897,0.07349,0.04551,0.03211,0.03500
0.05675,0.13845,0.11593,0.02593,0.06251,0.04971,0.08935,0.05490,0.02978,0.02785,0.02136,0.02677,0.05214,0.02239,0.03548,0.04598,0.09598,0.02281,0.00862,0.01730
0.09358,0.05684,0.04150,0.02470,0.08862,0.01462,0.02358,0.03434,0.05739,0.03730,0.01716,0.04908,0.08350,0.03617,0.02380,0.14139,0.13482,0.01420,0.00497,0.02246
0.03385,0.07050,0.18616,0.04265,0.08006,0.03682,0.04990,0.19139,0.02166,0.03243,0.02087,0.02620,0.05921,0.03110,0.04560,0.01293,0.01394,0.01943,0.01206,0.01324
0.02809,0.16967,0.03109,0.04182,0.10377,0.03255,0.02822,0.14376,0.02659,0.04973,0.06707,0.01586,0.09567,0.03418,0.04060,0.01485,0.02388,0.01981,0.01596,0.01682
0.05438,0.08250,0.03510,0.03672,0.09435,0.02059,0.01968,0.02892,0.16141,0.10670,0.00769,0.12391,0.03576,0.01978,0.01311,0.03088,0.08089,0.00925,0.02871,0.00967
0.04612,0.09576,0.06786,0.03824,0.06729,0.04435,0.06180,0.06123,0.02553,0.04524,0.10403,0.03597,0.07140,0.03071,0.03947,0.04558,0.03847,0.03359,0.00913,0.03824
0.04911,0.07596,0.09355,0.08227,0.08362,0.03177,0.04282,0.07236,0.03020,0.04072,0.05463,0.05592,0.09524,0.06605,0.01768,0.01184,0.02621,0.02950,0.01383,0.02671
0.04498,0.10384,0.08414,0.08013,0.06855,0.00678,0.04919,0.09230,0.02957,0.03791,0.05317,0.02961,0.06621,0.01942,0.00572,0.08755,0.10365,0.01721,0.00962,0.01045
0.04805,0.15344,0.02489,0.03450,0.04876,0.08087,0.04601,0.02298,0.01900,0.03752,0.02320,0.02424,0.02834,0.03233,0.05173,0.07104,0.19500,0.01342,0.02464,0.02003
0.09861,0.21010,0.02404,0.04076,0.03782,0.03104,0.01968,0.01882,0.02772,0.04787,0.03784,0.05732,0.02204,0.02691,0.01396,0.03377,0.23146,0.00615,0.00459,0.00948
0.04925,0.05401,0.01329,0.01439,0.21015,0.02818,0.00777,0.05608,0.08864,0.02631,0.03769,0.05730,0.22954,0.04371,0.00673,0.01660,0.00953,0.01278,0.01832,0.01973
0.05293,0.04352,0.04472,0.05153,0.12635,0.04007,0.02947,0.05881,0.08066,0.04747,0.05353,0.03665,0.09727,0.03394,0.03123,0.01609,0.01445,0.03759,0.05594,0.04779
0.02857,0.07620,0.04642,0.03671,0.15697,0.04850,0.08129,0.05594,0.02809,0.01737,0.03702,0.02436,0.14876,0.03093,0.02653,0.06994,0.02036,0.01533,0.02884,0.02184
0.05277,0.15228,0.01775,0.01600,0.19562,0.03646,0.04840,0.09160,0.03437,0.02871,0.02013,0.02135,0.12410,0.01401,0.02703,0.02155,0.02625,0.01783,0.02810,0.02571
0.04946,0.04427,0.04675,0.04781,0.13211,0.05460,0.04537,0.05553,0.04016,0.01145,0.03203,0.01777,0.14146,0.04948,0.00978,0.09054,0.06891,0.02411,0.00834,0.03007
0.04810,0.14504,0.04141,0.04517,0.04071,0.04233,0.05340,0.04133,0.03906,0.02737,0.02733,0.02684,0.05563,0.03278,0.04275,0.07367,0.18154,0.01258,0.00741,0.01555
0.08069,0.20035,0.02383,0.07673,0.03743,0.01928,0.01723,0.03951,0.04572,0.02739,0.06454,0.03440,0.02557,0.02356,0.00533,0.02795,0.18439,0.02111,0.02836,0.01665
0.03985,0.28040,0.04205,0.03018,0.03653,0.01845,0.02245,0.03899,0.04820,0.03721,0.01837,0.02988,0.01510,0.02609,0.02758,0.01995,0.22997,0.01179,0.01271,0.01425
0.02896,0.15385,0.04934,0.04557,0.09454,0.02788,0.05267,0.17050,0.04005,0.02105,0.01637,0.02853,0.09933,0.02592,0.05117,0.02294,0.01590,0.01756,0.00960,0.02829
0.04548,0.13222,0.04993,0.02773,0.08956,0.04349,0.03707,0.08852,0.04167,0.04070,0.03930,0.02160,0.13525,0.02840,0.06192,0.02394,0.04030,0.01389,0.01035,0.02867
0.04668,0.05892,0.05491,0.05217,0.19493,0.03190,0.03516,0.06556,0.02949,0.03310,0.04940,0.03312,0.17925,0.03029,0.01490,0.01387,0.02119,0.01364,0.01491,0.02660
0.06086,0.16356,0.08295,0.03967,0.06021,0.04241,0.05958,0.11702,0.02609,0.07340,0.03847,0.02825,0.02953,0.02442,0.02506,0.03239,0.03264,0.01775,0.01964,0.02611
0.03795,0.05972,0.02871,0.03379,0.03932,0.05372,0.02791,0.05633,0.01562,0.05435,0.02255,0.02477,0.01462,0.01912,0.01520,0.20620,0.21164,0.04612,0.00849,0.02387
0.04091,0.20080,0.03202,0.06319,0.05243,0.07762,0.02750,0.09405,0.02497,0.01717,0.01544,0.02590,0.04428,0.05361,0.01169,0.03720,0.08499,0.04560,0.01567,0.03497
0.06233,0.02304,0.03112,0.04408,0.09653,0.20399,0.04118,0.02899,0.01834,0.06092,0.01724,0.05590,0.03880,0.01614,0.12441,0.02438,0.02050,0.02227,0.02713,0.04270
0.05841,0.15785,0.04183,0.03665,0.02817,0.04843,0.02577,0.10786,0.03154,0.03805,0.04246,0.02287,0.04228,0.01650,0.01082,0.10856,0.10939,0.02159,0.02133,0.02964
0.06975,0.10914,0.03645,0.03390,0.10512,0.04314,0.02956,0.04751,0.02205,0.04286,0.02421,0.02287,0.09667,0.03357,0.02033,0.07124,0.11626,0.03772,0.01076,0.02688
0.05083,0.10405,0.06568,0.09031,0.06267,0.10018,0.05730,0.08318,0.02667,0.05384,0.04037,0.02683,0.03447,0.04789,0.03087,0.01936,0.01359,0.02926,0.00998,0.05268
0.08599,0.12335,0.07044,0.07045,0.04277,0.02238,0.04785,0.02897,0.02802,0.04561,0.05291,0.05599,0.02856,0.03371,0.02429,0.03321,0.11644,0.02444,0.02045,0.04416
0.08836,0.04804,0.02024,0.02901,0.02314,0.07448,0.07494,0.01531,0.03666,0.02708,0.02515,0.04591,0.05028,0.01739,0.02318,0.16331,0.13361,0.02293,0.05018,0.03082
0.02377,0.01843,0.02541,0.02169,0.26384,0.01543,0.10007,0.02200,0.01299,0.01883,0.02385,0.01631,0.28891,0.03657,0.01492,0.05251,0.01564,0.00767,0.01000,0.01116
0.11234,0.09695,0.03100,0.03290,0.02664,0.04216,0.01743,0.06669,0.01646,0.02351,0.03699,0.03368,0.02618,0.03248,0.01624,0.14198,0.15480,0.06234,0.00770,0.02152
0.05691,0.18702,0.04738,0.04843,0.09027,0.03336,0.00848,0.02785,0.02084,0.03487,0.02854,0.03106,0.05559,0.05033,0.01937,0.02404,0.16030,0.02139,0.01450,0.03946
0.05022,0.13629,0.05042,0.06657,0.07935,0.05273,0.04222,0.08397,0.03372,0.04170,0.03687,0.01227,0.07728,0.02893,0.03413,0.02604,0.06956,0.01619,0.02580,0.03572
0.01624,0.08453,0.05862,0.04849,0.08049,0.03011,0.02265,0.13020,0.02966,0.04499,0.05570,0.03066,0.10153,0.02621,0.02099,0.00636,0.05787,0.10454,0.00684,0.04332
0.04885,0.03913,0.04187,0.08857,0.03922,0.06406,0.04382,0.02731,0.07269,0.05394,0.02929,0.10569,0.02549,0.09123,0.07820,0.02340,0.01791,0.06062,0.02955,0.01915
0.04315,0.07642,0.02630,0.02900,0.23016,0.02816,0.03543,0.04787,0.02202,0.06243,0.02417,0.01647,0.20729,0.01750,0.05327,0.00806,0.04079,0.01133,0.00293,0.01725
0.03318,0.07301,0.05450,0.02693,0.03113,0.02709,0.03281,0.05659,0.02145,0.02449,0.01839,0.02426,0.01941,0.24743,0.01628,0.01056,0.00974,0.24598,0.00860,0.01815
0.09739,0.08926,0.03831,0.06103,0.12753,0.03749,0.04011,0.01517,0.02178,0.02451,0.05625,0.01948,0.08064,0.02567,0.02371,0.05116,0.10002,0.02934,0.04357,0.01758
0.07520,0.08628,0.03165,0.04966,0.08321,0.03634,0.03529,0.04701,0.01716,0.06472,0.02831,0.05771,0.05913,0.02996,0.01450,0.10557,0.13553,0.01156,0.00757,0.02363
0.07474,0.05131,0.04039,0.05833,0.03473,0.01286,0.01393,0.02664,0.06045,0.04356,0.03978,0.05076,0.06088,0.01296,0.02351,0.14794,0.16879,0.01760,0.03454,0.02629
0.05252,0.29281,0.01944,0.04246,0.01724,0.02449,0.00708,0.22735,0.01278,0.02153,0.03141,0.04791,0.01563,0.01976,0.01043,0.06809,0.04586,0.00945,0.00605,0.02770
0.05472,0.05951,0.23448,0.03169,0.03544,0.05100,0.21328,0.02260,0.03463,0.02803,0.02597,0.01631,0.04741,0.03338,0.01892,0.02439,0.02555,0.01321,0.01948,0.01002
0.03081,0.02363,0.01191,0.32512,0.01466,0.04454,0.02134,0.02291,0.03020,0.02080,0.30806,0.02256,0.01996,0.01167,0.01321,0.01750,0.02546,0.01367,0.00932,0.01266
0.03276,0.24632,0.04822,0.04029,0.05260,0.00438,0.03226,0.02725,0.03289,0.03454,0.03112,0.04574,0.07596,0.03131,0.02170,0.00761,0.19357,0.02596,0.00647,0.00904
0.02954,0.04955,0.12033,0.02178,0.08406,0.02364,0.08257,0.06009,0.02618,0.06247,0.01137,0.01548,0.08590,0.02403,0.01288,0.09230,0.10085,0.04455,0.01152,0.04092
0.04812,0.08708,0.05041,0.05599,0.04316,0.02938,0.04500,0.03576,0.05939,0.07496,0.09018,0.05089,0.10578,0.03938,0.02760,0.02232,0.07065,0.01021,0.02396,0.02978
0.03797,0.30757,0.02245,0.02194,0.06007,0.01999,0.03332,0.15975,0.01850,0.02446,0.01952,0.01035,0.05045,0.02654,0.01807,0.01624,0.11514,0.01149,0.01129,0.01490
0.04277,0.02928,0.06325,0.07277,0.13209,0.01411,0.04368,0.02650,0.05628,0.04957,0.06344,0.02421,0.11934,0.01145,0.02396,0.09273,0.09801,0.01038,0.01513,0.01108
0.04736,0.17555,0.02240,0.04238,0.04691,0.04567,0.02463,0.01307,0.03072,0.09992,0.03577,0.04687,0.07356,0.02285,0.03932,0.02865,0.17556,0.01345,0.00932,0.00604
0.02926,0.06347,0.06470,0.02115,0.09190,0.02224,0.04492,0.04185,0.07560,0.04089,0.03314,0.02526,0.08461,0.02335,0.04073,0.10288,0.14092,0.02894,0.01296,0.01123
0.03134,0.24751,0.05876,0.04243,0.08136,0.02517,0.03084,0.06246,0.03864,0.02498,0.02672,0.03118,0.04154,0.01720,0.01847,0.01279,0.16165,0.02219,0.01357,0.01119
0.02998,0.02010,0.06639,0.22675,0.01497,0.21797,0.12211,0.03518,0.03957,0.03255,0.02179,0.01821,0.01537,0.01423,0.01475,0.05430,0.02341,0.01743,0.00536,0.00958
0.01757,0.02868,0.01890,0.36207,0.03198,0.03390,0.01725,0.02580,0.03203,0.02258,0.32792,0.01524,0.00908,0.00928,0.00833,0.01009,0.00604,0.00705,0.00614,0.01005
0.05790,0.23435,0.07870,0.02591,0.02542,0.02343,0.05100,0.25727,0.03062,0.02125,0.01771,0.03857,0.01649,0.01567,0.02656,0.02626,0.01788,0.01354,0.00978,0.01169
0.04243,0.15079,0.08935,0.04250,0.08352,0.04554,0.05330,0.13937,0.03082,0.02972,0.02664,0.01672,0.07930,0.04404,0.02834,0.00692,0.01540,0.03453,0.02357,0.01721
0.03008,0.02558,0.02031,0.25964,0.01758,0.19024,0.03381,0.01477,0.01120,0.03102,0.22470,0.01333,0.01503,0.01003,0.02137,0.01652,0.00752,0.00759,0.01251,0.03718
0.11832,0.01826,0.01619,0.02213,0.04104,0.01976,0.02026,0.01769,0.02613,0.04628,0.01395,0.02435,0.01770,0.01594,0.01319,0.25094,0.25294,0.00707,0.01596,0.04191
0.03161,0.09404,0.02097,0.26932,0.01972,0.15061,0.02019,0.09426,0.01978,0.01572,0.13344,0.00815,0.01586,0.02838,0.01294,0.01864,0.01147,0.00845,0.01161,0.01485
0.06551,0.23333,0.04235,0.02209,0.04315,0.02053,0.05026,0.06322,0.01671,0.03822,0.01719,0.02460,0.04020,0.04513,0.02267,0.01422,0.17160,0.03444,0.01514,0.01942
0.06355,0.16819,0.06863,0.04608,0.05579,0.02217,0.03349,0.10829,0.02875,0.02775,0.01457,0.02445,0.05258,0.03400,0.03185,0.03133,0.14845,0.02173,0.00538,0.01295
0.04618,0.05281,0.02763,0.03898,0.02469,0.03607,0.04183,0.04651,0.02539,0.02701,0.01937,0.03223,0.02376,0.01374,0.02096,0.23726,0.22698,0.02878,0.00959,0.02023
0.10518,0.17184,0.04042,0.03879,0.02628,0.04614,0.03869,0.01765,0.03977,0.02665,0.03436,0.03551,0.04241,0.03471,0.03849,0.00787,0.14141,0.01171,0.04781,0.05432
0.06121,0.04007,0.05325,0.04627,0.01527,0.01586,0.02819,0.03118,0.24546,0.06288,0.01473,0.02573,0.15123,0.06673,0.04094,0.01811,0.03492,0.01566,0.01759,0.01472
0.03113,0.08851,0.03383,0.08466,0.14620,0.06797,0.02695,0.06156,0.03056,0.03104,0.04773,0.01663,0.13357,0.04338,0.01659,0.02389,0.02762,0.04682,0.01570,0.02568
0.04531,0.10315,0.02318,0.20567,0.02930,0.03548,0.02478,0.06915,0.04022,0.03911,0.15678,0.02057,0.05434,0.03643,0.01614,0.01699,0.04971,0.01339,0.01196,0.00834
0.01884,0.02212,0.04517,0.04036,0.23923,0.06990,0.03570,0.01903,0.02210,0.02841,0.02251,0.01718,0.23975,0.02085,0.02722,0.02838,0.02911,0.02476,0.00848,0.04089
0.05839,0.17320,0.09616,0.06676,0.04275,0.01816,0.03174,0.15975,0.03641,0.04683,0.05316,0.02510,0.03087,0.02318,0.03068,0.01800,0.03414,0.01436,0.02964,0.01075
0.03058,0.03084,0.02880,0.24660,0.02796,0.13279,0.03509,0.03922,0.01562,0.03313,0.18454,0.02771,0.02677,0.01632,0.01952,0.03079,0.01473,0.01242,0.01012,0.03643
0.03397,0.16751,0.04607,0.10585,0.04147,0.04742,0.03498,0.17535,0.00899,0.02971,0.06548,0.02194,0.03758,0.05408,0.02085,0.02119,0.01691,0.03312,0.00672,0.03082
0.02291,0.18579,0.08030,0.02403,0.07125,0.01362,0.05254,0.10072,0.07764,0.04814,0.02988,0.04501,0.06195,0.02022,0.04515,0.00987,0.06921,0.02393,0.00634,0.01149
0.02710,0.20452,0.01594,0.01441,0.17275,0.01776,0.03371,0.16481,0.01728,0.02694,0.01492,0.01943,0.13919,0.00980,0.02182,0.04541,0.02049,0.00779,0.01204,0.01390
0.06074,0.14585,0.05992,0.02424,0.11232,0.02704,0.04049,0.11556,0.02972,0.08037,0.01770,0.03098,0.06183,0.03706,0.02830,0.02912,0.05179,0.02233,0.00715,0.01750
0.04468,0.07965,0.20956,0.04298,0.03408,0.02318,0.13702,0.08092,0.03286,0.03469,0.03673,0.02100,0.05889,0.02410,0.02205,0.01634,0.04526,0.01492,0.01664,0.02445
0.07479,0.03819,0.16213,0.02572,0.04451,0.03501,0.15932,0.02915,0.04033,0.03492,0.03156,0.02345,0.06700,0.05372,0.03110,0.04341,0.03514,0.01313,0.02510,0.03233
0.03664,0.04877,0.04532,0.06261,0.03132,0.02439,0.02129,0.03367,0.03027,0.23520,0.03829,0.23968,0.02893,0.01559,0.00960,0.02471,0.03533,0.00964,0.00835,0.02042
0.03507,0.04333,0.01509,0.03789,0.00913,0.03285,0.02100,0.01412,0.01060,0.01359,0.01235,0.00926,0.00810,0.00846,0.01021,0.33680,0.34927,0.00325,0.01774,0.01191
0.01927,0.03416,0.06101,0.04783,0.27279,0.01905,0.01288,0.06162,0.01616,0.03736,0.03312,0.01157,0.27597,0.01938,0.01400,0.00899,0.01508,0.01814,0.00541,0.01621
0.06849,0.23437,0.01500,0.05010,0.02679,0.03272,0.03046,0.18626,0.03560,0.04080,0.05411,0.04605,0.03019,0.01659,0.02965,0.03351,0.04007,0.00903,0.00644,0.01377
0.04323,0.11337,0.02480,0.04023,0.07056,0.01916,0.02209,0.07883,0.04189,0.03271,0.03036,0.02082,0.07990,0.10575,0.03321,0.01966,0.05866,0.13713,0.01354,0.01410
0.06486,0.03614,0.02605,0.02185,0.23498,0.03405,0.06319,0.02578,0.02003,0.05223,0.00860,0.02005,0.20514,0.02342,0.03654,0.03407,0.02572,0.01350,0.00739,0.04641
0.05885,0.05481,0.03239,0.03258,0.12284,0.04513,0.02932,0.03177,0.02504,0.04561,0.02526,0.01237,0.10248,0.01721,0.01979,0.16066,0.14743,0.01425,0.01178,0.01042
0.05850,0.23357,0.01523,0.05171,0.04347,0.04758,0.02100,0.19845,0.03758,0.02238,0.04266,0.04784,0.02928,0.02305,0.01070,0.03088,0.02433,0.02052,0.01645,0.02484
0.04821,0.10322,0.03702,0.04994,0.03529,0.09305,0.03033,0.08629,0.03208,0.05661,0.06728,0.05918,0.03394,0.03055,0.01369,0.06437,0.03352,0.01956,0.06480,0.04108
0.07235,0.24382,0.02989,0.07368,0.02584,0.02713,0.01362,0.20269,0.02798,0.03989,0.05298,0.03730,0.01998,0.01536,0.01041,0.01750,0.02640,0.03168,0.01686,0.01466
0.04531,0.05355,0.07696,0.03863,0.11507,0.01995,0.06904,0.06840,0.02548,0.03267,0.02333,0.02443,0.13015,0.02811,0.01535,0.08426,0.10551,0.01860,0.01393,0.01126
0.03648,0.02205,0.09012,0.01985,0.17394,0.01853,0.02269,0.06843,0.03951,0.04444,0.01190,0.03149,0.16085,0.01843,0.03047,0.08218,0.07892,0.02266,0.00875,0.01831
0.02486,0.24012,0.05174,0.03900,0.06597,0.03849,0.01827,0.19219,0.01692,0.03355,0.01578,0.01653,0.04900,0.02992,0.01319,0.05617,0.06377,0.01359,0.00644,0.01450
0.08069,0.12325,0.12498,0.02849,0.06710,0.03875,0.04657,0.14579,0.01544,0.04300,0.02458,0.04986,0.03571,0.01798,0.02117,0.01536,0.03047,0.02472,0.02534,0.04074
0.05671,0.09287,0.02771,0.20065,0.03632,0.16340,0.02958,0.03891,0.01908,0.01235,0.05996,0.02333,0.04455,0.03096,0.00420,0.01166,0.07203,0.03244,0.01335,0.02994
0.06682,0.03132,0.02410,0.03923,0.02581,0.04341,0.06247,0.01875,0.01853,0.02977,0.02934,0.04559,0.05314,0.01666,0.02535,0.21067,0.19515,0.00961,0.02772,0.02658
0.04701,0.05187,0.01768,0.16163,0.03260,0.13531,0.05162,0.02270,0.03676,0.04552,0.13991,0.02740,0.04408,0.02321,0.01336,0.03061,0.03224,0.01907,0.01029,0.05712
0.08104,0.07843,0.03395,0.04559,0.12269,0.05737,0.03509,0.05190,0.02432,0.03635,0.04963,0.04383,0.09172,0.04816,0.01618,0.02781,0.04096,0.05513,0.02568,0.03417
0.07917,0.10878,0.18883,0.02120,0.05949,0.00905,0.01843,0.22043,0.02013,0.05437,0.00689,0.01628,0.01039,0.03571,0.01547,0.01600,0.03079,0.03768,0.00761,0.04332
0.05769,0.11052,0.16190,0.01964,0.02701,0.04022,0.14305,0.08336,0.07209,0.02803,0.01892,0.01360,0.05288,0.01916,0.04220,0.02799,0.03624,0.01145,0.01965,0.01439
0.02393,0.08429,0.01823,0.30008,0.02065,0.01062,0.00849,0.06520,0.02333,0.02063,0.27940,0.05536,0.01651,0.01152,0.00794,0.00659,0.00846,0.01067,0.00883,0.01927
0.02796,0.01603,0.33314,0.01989,0.05061,0.01937,0.32343,0.02115,0.01403,0.05132,0.01448,0.00954,0.02447,0.00510,0.01026,0.01759,0.01427,0.01081,0.00527,0.01128
0.05394,0.04757,0.03561,0.03846,0.20254,0.01734,0.02115,0.02403,0.04700,0.02879,0.03727,0.02606,0.20449,0.01871,0.01702,0.07118,0.07359,0.00814,0.00540,0.02170
0.04812,0.07188,0.03257,0.31793,0.02281,0.20760,0.01946,0.02787,0.01709,0.01486,0.04600,0.01162,0.03078,0.02139,0.01172,0.02067,0.04905,0.00663,0.00678,0.01519
0.04598,0.04842,0.02100,0.03399,0.21689,0.03062,0.01759,0.04798,0.03284,0.23589,0.02050,0.09614,0.02580,0.01591,0.00886,0.01846,0.02125,0.02475,0.02566,0.01144
0.04822,0.04904,0.04371,0.02849,0.22676,0.02942,0.03290,0.07467,0.01951,0.21709,0.02509,0.04235,0.01170,0.01691,0.01183,0.02292,0.02198,0.03011,0.01837,0.02894
0.03615,0.03942,0.02295,0.24448,0.03916,0.02939,0.02557,0.03803,0.04689,0.04216,0.24634,0.02627,0.03141,0.02542,0.01270,0.01653,0.03649,0.01155,0.01714,0.01194
0.04584,0.09061,0.10434,0.01738,0.05454,0.04746,0.02717,0.06618,0.07227,0.06291,0.03050,0.02100,0.11682,0.01697,0.04316,0.04945,0.08400,0.01401,0.01286,0.02254
0.05272,0.20875,0.04593,0.04063,0.07863,0.02088,0.03997,0.02384,0.05351,0.02944,0.00726,0.01796,0.05528,0.04908,0.01761,0.01345,0.18220,0.01601,0.01533,0.03152
0.01745,0.05957,0.03974,0.02521,0.27913,0.03159,0.02849,0.05595,0.01731,0.03927,0.02335,0.00879,0.25778,0.01783,0.01985,0.02423,0.02670,0.01570,0.00481,0.00725
0.04409,0.06997,0.04587,0.07346,0.09599,0.08866,0.03016,0.02966,0.03436,0.01729,0.03148,0.01168,0.08850,0.05422,0.02389,0.11249,0.07222,0.03666,0.01847,0.02088
0.05098,0.10416,0.04912,0.09002,0.06015,0.03172,0.03397,0.07475,0.05490,0.05169,0.07049,0.03585,0.06379,0.06482,0.02536,0.01639,0.07866,0.01794,0.00397,0.02128
0.06506,0.01710,0.06423,0.07739,0.20301,0.02934,0.03474,0.02338,0.03069,0.06075,0.02345,0.05530,0.24568,0.00301,0.01085,0.02331,0.01005,0.00939,0.00413,0.00915
0.03009,0.15293,0.02999,0.01564,0.23120,0.01925,0.02380,0.05742,0.01823,0.02077,0.01789,0.01317,0.19894,0.01247,0.00838,0.02212,0.07560,0.02378,0.00832,0.02002
0.04947,0.12984,0.02445,0.04436,0.05287,0.03078,0.03391,0.07834,0.02708,0.06746,0.04046,0.02506,0.04302,0.02022,0.02668,0.13139,0.13964,0.00999,0.01395,0.01105
0.05280,0.20503,0.03856,0.04458,0.06791,0.04752,0.03285,0.16011,0.02040,0.02791,0.03960,0.02108,0.06757,0.02801,0.04295,0.02197,0.01956,0.01224,0.01216,0.03719
0.08192,0.09754,0.03087,0.02612,0.05351,0.03323,0.02196,0.06733,0.13309,0.08369,0.06294,0.03575,0.05799,0.01354,0.04908,0.04562,0.05445,0.01487,0.02470,0.01180
0.02321,0.06124,0.02268,0.03013,0.01704,0.03458,0.01438,0.02045,0.01383,0.01458,0.00873,0.00838,0.00861,0.01944,0.01339,0.32642,0.32134,0.01287,0.01244,0.01625
0.03957,0.30982,0.02817,0.03892,0.03094,0.03777,0.01390,0.24641,0.03463,0.03164,0.03907,0.03393,0.01869,0.01489,0.01690,0.01534,0.01692,0.01364,0.00767,0.01118
0.04351,0.16702,0.04700,0.04485,0.02813,0.02137,0.04379,0.07158,0.08879,0.03768,0.06536,0.02017,0.03149,0.01679,0.05561,0.01196,0.10943,0.06889,0.01355,0.01302
0.05830,0.13024,0.06237,0.03937,0.02937,0.01695,0.04416,0.04260,0.01270,0.03839,0.02044,0.01974,0.01768,0.15568,0.01734,0.01792,0.04911,0.19376,0.01188,0.02201
0.06071,0.12050,0.06669,0.17914,0.02362,0.13670,0.05286,0.07522,0.00897,0.03184,0.01977,0.01774,0.02768,0.02369,0.01636,0.02247,0.04879,0.03932,0.01164,0.01629
0.05427,0.07716,0.06633,0.05870,0.08484,0.04897,0.04488,0.07525,0.01676,0.05007,0.02102,0.02479,0.05247,0.02006,0.02050,0.10805,0.10496,0.02445,0.01043,0.03603
0.04606,0.09875,0.20158,0.03608,0.03724,0.02593,0.12409,0.07110,0.03831,0.02925,0.01853,0.01967,0.07070,0.04427,0.05253,0.01572,0.03110,0.02182,0.00920,0.00808
0.04596,0.07296,0.02548,0.02142,0.28978,0.01834,0.01430,0.04539,0.02710,0.02556,0.01521,0.00654,0.26329,0.02809,0.01985,0.00872,0.01974,0.02256,0.01501,0.01468
0.03890,0.03466,0.06395,0.07388,0.06191,0.11238,0.07790,0.02929,0.04949,0.03475,0.01395,0.02440,0.04066,0.01537,0.02218,0.13554,0.09923,0.02517,0.01281,0.03359
0.06034,0.07278,0.05928,0.02950,0.12000,0.03147,0.04783,0.08839,0.02288,0.05006,0.03509,0.04174,0.13033,0.03789,0.01573,0.02037,0.01334,0.02872,0.05028,0.04399
0.06499,0.02571,0.02901,0.02998,0.13356,0.05150,0.02112,0.02867,0.04653,0.19838,0.02740,0.19829,0.01684,0.00971,0.00841,0.01859,0.01653,0.02602,0.03541,0.01334
0.01470,0.07904,0.06017,0.08644,0.03961,0.00922,0.04039,0.05826,0.02912,0.16339,0.04609,0.19839,0.04370,0.04220,0.02505,0.01938,0.02794,0.00619,0.00192,0.00881
0.03062,0.34012,0.02655,0.03383,0.02343,0.01630,0.01963,0.15643,0.02813,0.01682,0.02026,0.01559,0.02486,0.02597,0.02137,0.00859,0.15120,0.01807,0.00759,0.01464
0.04459,0.10618,0.03028,0.02462,0.03691,0.04585,0.02293,0.09008,0.05299,0.04583,0.04109,0.02697,0.03188,0.02328,0.02498,0.11779,0.14440,0.05548,0.01305,0.02080
0.06322,0.05762,0.03265,0.02851,0.18929,0.03971,0.03203,0.04241,0.04766,0.20120,0.01194,0.08901,0.02900,0.02045,0.01657,0.01542,0.02205,0.02659,0.00721,0.02749
0.02942,0.09518,0.07093,0.08175,0.06563,0.04971,0.05490,0.06066,0.04277,0.06026,0.04915,0.02831,0.05077,0.04337,0.04484,0.01253,0.05051,0.04201,0.02269,0.04463
0.02863,0.10385,0.06704,0.01955,0.13772,0.02429,0.06762,0.05691,0.03266,0.06734,0.01505,0.05645,0.12050,0.00974,0.01639,0.04859,0.06970,0.01741,0.02427,0.01628
0.15511,0.04066,0.03107,0.04641,0.03291,0.06944,0.01975,0.02201,0.09437,0.05465,0.05770,0.07005,0.03022,0.01676,0.04089,0.02211,0.06431,0.04023,0.03789,0.05347
0.07844,0.13094,0.02968,0.03944,0.03468,0.03839,0.01227,0.03976,0.08482,0.05743,0.05049,0.02491,0.08749,0.04799,0.02440,0.01761,0.09182,0.02737,0.05433,0.02774
0.04834,0.02563,0.03259,0.04606,0.03784,0.01760,0.03382,0.05059,0.03118,0.03883,0.04679,0.04264,0.03997,0.01649,0.01584,0.21393,0.22050,0.01312,0.00792,0.02032
0.05131,0.05231,0.05886,0.03311,0.06869,0.03793,0.04165,0.02129,0.04780,0.02420,0.03016,0.01578,0.08914,0.01622,0.02459,0.16119,0.17125,0.01861,0.02688,0.00902
0.09289,0.06467,0.10211,0.03502,0.03933,0.02644,0.07117,0.07432,0.05143,0.06546,0.04310,0.05317,0.08032,0.02999,0.03778,0.02517,0.02972,0.01007,0.04126,0.02657
0.02299,0.05188,0.05991,0.04795,0.05126,0.03911,0.01656,0.07228,0.13299,0.03048,0.02143,0.20147,0.04002,0.01568,0.02579,0.01171,0.00920,0.02182,0.10644,0.02105
0.05184,0.11908,0.02529,0.03715,0.03235,0.06752,0.03650,0.05342,0.02881,0.04661,0.01390,0.20078,0.02078,0.02501,0.01328,0.02972,0.08265,0.02906,0.07492,0.01135
0.02840,0.27385,0.06077,0.01852,0.04779,0.01926,0.03223,0.14900,0.03244,0.04079,0.02021,0.01798,0.03228,0.01265,0.02187,0.01643,0.11702,0.03172,0.01440,0.01237
0.11410,0.06062,0.01866,0.02527,0.03545,0.08664,0.02807,0.02650,0.04352,0.09198,0.04032,0.18959,0.03538,0.01828,0.02512,0.04364,0.05078,0.03686,0.00477,0.02446
0.05717,0.01829,0.01949,0.03811,0.02131,0.31227,0.02401,0.00805,0.02599,0.02914,0.02989,0.02867,0.02577,0.02576,0.29367,0.00844,0.01681,0.00411,0.00593,0.00712
0.03872,0.24328,0.03951,0.02739,0.09917,0.01603,0.03473,0.04826,0.02135,0.02017,0.00920,0.02031,0.05971,0.05586,0.02034,0.00864,0.16947,0.03883,0.00652,0.02252
0.03498,0.21928,0.06125,0.04147,0.08737,0.06101,0.02930,0.18321,0.01938,0.05011,0.01941,0.01450,0.04972,0.02264,0.02244,0.01183,0.01892,0.01333,0.02432,0.01552
0.08738,0.17709,0.02498,0.07240,0.03828,0.02834,0.02497,0.02226,0.02983,0.03446,0.06404,0.03904,0.04399,0.01434,0.02600,0.03436,0.17929,0.01952,0.01313,0.02630
0.02417,0.04314,0.03641,0.00894,0.35438,0.02548,0.02154,0.02381,0.00964,0.34432,0.01407,0.00521,0.01858,0.00338,0.01728,0.00904,0.02205,0.00824,0.00410,0.00620
0.02304,0.23488,0.05418,0.05347,0.03566,0.05479,0.04659,0.27014,0.01327,0.02854,0.01020,0.02287,0.02574,0.01475,0.02283,0.01245,0.02048,0.01862,0.01395,0.02355
0.02053,0.02388,0.04935,0.06898,0.29949,0.03301,0.02986,0.01280,0.03132,0.01206,0.01674,0.01881,0.27589,0.01288,0.01891,0.01477,0.01399,0.02618,0.00920,0.01136
0.03800,0.09299,0.04066,0.04165,0.12866,0.04387,0.04024,0.08542,0.05514,0.06100,0.03388,0.03188,0.14546,0.02172,0.02054,0.02960,0.01944,0.02662,0.01955,0.02368
0.06678,0.06652,0.02556,0.11056,0.02274,0.03034,0.03511,0.05883,0.06933,0.06350,0.06729,0.10064,0.07336,0.00980,0.03902,0.04265,0.05234,0.03336,0.01057,0.02170
0.04653,0.26629,0.03938,0.02074,0.06463,0.02261,0.03536,0.12482,0.01760,0.04413,0.02427,0.01274,0.04277,0.01488,0.01840,0.01772,0.12940,0.01841,0.01144,0.02787
0.03953,0.27361,0.03869,0.03123,0.06963,0.03095,0.02632,0.04767,0.02176,0.02769,0.02299,0.02523,0.03688,0.02607,0.00224,0.01132,0.22571,0.01153,0.01781,0.01312
0.03261,0.24682,0.04276,0.03287,0.03104,0.02080,0.02626,0.13705,0.01678,0.03639,0.03839,0.00966,0.03459,0.02491,0.02213,0.05866,0.14104,0.02191,0.00841,0.01691
0.03482,0.19149,0.08801,0.03443,0.06578,0.03038,0.01611,0.05948,0.07677,0.04336,0.02809,0.02168,0.05863,0.05166,0.02016,0.01719,0.12396,0.01887,0.01093,0.00820
0.06374,0.06893,0.03987,0.04990,0.02874,0.02313,0.01945,0.07401,0.16445,0.02404,0.03139,0.02553,0.11575,0.01511,0.05140,0.03505,0.06434,0.04236,0.03861,0.02419
0.07214,0.13181,0.03916,0.02135,0.09014,0.07389,0.03348,0.03390,0.04343,0.03811,0.02406,0.03670,0.05204,0.03782,0.04135,0.03951,0.13898,0.02123,0.01249,0.01842
0.05583,0.07655,0.01682,0.05074,0.20179,0.02239,0.01575,0.03866,0.03936,0.04650,0.03205,0.03836,0.17256,0.04279,0.01120,0.02569,0.01998,0.02742,0.02052,0.04503
0.02035,0.07025,0.02456,0.03269,0.20916,0.02633,0.02646,0.08966,0.03984,0.02244,0.02325,0.02275,0.25324,0.05206,0.02361,0.00989,0.00795,0.02149,0.01422,0.00981
0.02719,0.03147,0.00998,0.31870,0.02705,0.06342,0.01918,0.01579,0.02620,0.01777,0.28851,0.03390,0.02199,0.01398,0.01676,0.01598,0.01301,0.01725,0.00614,0.01575
0.04157,0.08021,0.02737,0.03041,0.18746,0.04364,0.01738,0.04656,0.07163,0.04646,0.01779,0.02152,0.17048,0.02520,0.02871,0.04401,0.05258,0.01733,0.01496,0.01473
0.03420,0.26249,0.02695,0.02087,0.07316,0.02060,0.02170,0.15750,0.02466,0.04774,0.01707,0.02713,0.03581,0.03602,0.01577,0.00945,0.12499,0.02333,0.00710,0.01346
0.08143,0.24414,0.03167,0.02297,0.07502,0.02740,0.02681,0.08868,0.01740,0.04025,0.02809,0.05047,0.02838,0.02787,0.01580,0.01280,0.11658,0.01663,0.00925,0.03834
0.03333,0.18571,0.02643,0.03574,0.02941,0.03601,0.03136,0.02814,0.03618,0.02482,0.02425,0.03552,0.03863,0.02178,0.03547,0.10589,0.22486,0.01722,0.01065,0.01859
0.04315,0.20027,0.03433,0.03906,0.04049,0.07431,0.04373,0.03140,0.03350,0.04786,0.02234,0.02548,0.02574,0.02092,0.02176,0.06675,0.18139,0.02525,0.00752,0.01475
0.02479,0.05428,0.04650,0.08412,0.04179,0.03105,0.02210,0.03298,0.10933,0.05823,0.02018,0.05842,0.05488,0.03069,0.02809,0.11716,0.14460,0.02271,0.00734,0.01075
0.03467,0.02378,0.01751,0.02936,0.03903,0.24412,0.10713,0.02206,0.03338,0.03678,0.02228,0.02128,0.01207,0.02188,0.22380,0.06635,0.01483,0.00737,0.00650,0.01582
0.06162,0.19864,0.03634,0.02164,0.04449,0.04261,0.03389,0.03889,0.01432,0.06904,0.03967,0.05216,0.01698,0.03122,0.02080,0.05997,0.16130,0.02140,0.01722,0.01780
0.02886,0.07829,0.14123,0.04175,0.13713,0.01602,0.10249,0.06256,0.01937,0.06436,0.03871,0.02984,0.13488,0.01891,0.02866,0.01780,0.02207,0.00753,0.00529,0.00425
0.03966,0.15773,0.04093,0.02448,0.07469,0.03617,0.04923,0.04841,0.04265,0.04000,0.03440,0.01936,0.04783,0.04715,0.02915,0.05441,0.17492,0.01192,0.00894,0.01798
0.09189,0.07484,0.05374,0.07611,0.09343,0.07697,0.02240,0.07754,0.02404,0.07861,0.03762,0.02479,0.08056,0.02615,0.03559,0.00754,0.02623,0.01362,0.01390,0.06442
0.07954,0.06738,0.03409,0.01560,0.02628,0.02754,0.22997,0.03253,0.03065,0.01798,0.01620,0.02717,0.03113,0.02763,0.01164,0.24457,0.02955,0.01549,0.00939,0.02565
0.03793,0.08442,0.03027,0.02428,0.24118,0.03852,0.04950,0.05129,0.01937,0.04664,0.02279,0.03287,0.18883,0.01862,0.01115,0.02620,0.04964,0.01083,0.00449,0.01115
0.04709,0.16582,0.02548,0.01661,0.14361,0.02428,0.02539,0.05679,0.04617,0.03494,0.02806,0.03165,0.11030,0.02282,0.02911,0.05597,0.09210,0.01646,0.01557,0.01178
0.02725,0.10319,0.02134,0.04051,0.01533,0.06532,0.05249,0.02698,0.02549,0.02451,0.02796,0.00692,0.02138,0.02620,0.05496,0.18243,0.23349,0.01219,0.01482,0.01724
0.05877,0.04595,0.08118,0.03504,0.11852,0.02234,0.04123,0.02356,0.00650,0.06533,0.03739,0.02391,0.10564,0.01978,0.01157,0.12804,0.11914,0.02466,0.00780,0.02366
0.08869,0.10530,0.03432,0.01916,0.04464,0.02569,0.07720,0.08100,0.04076,0.06095,0.05042,0.05902,0.03963,0.01997,0.01830,0.10377,0.07429,0.02606,0.01113,0.01970
0.06368,0.05414,0.09481,0.11389,0.02045,0.02780,0.05637,0.01844,0.03902,0.12624,0.10112,0.06128,0.05938,0.02923,0.03445,0.01091,0.04983,0.00610,0.01069,0.02216
0.02593,0.22710,0.05573,0.03106,0.05397,0.01768,0.06165,0.02587,0.02780,0.03216,0.02695,0.03662,0.06206,0.05463,0.03929,0.01773,0.16859,0.01724,0.00918,0.00877
0.03021,0.21101,0.05868,0.03568,0.06840,0.02420,0.03224,0.09837,0.02824,0.04073,0.03976,0.03148,0.08678,0.01883,0.01920,0.03541,0.10456,0.01125,0.01598,0.00899
0.03679,0.06430,0.08100,0.08591,0.08488,0.01339,0.02376,0.03983,0.03528,0.13078,0.02950,0.14400,0.11156,0.01078,0.01494,0.01565,0.03077,0.02181,0.00928,0.01580
0.09126,0.02266,0.06505,0.02358,0.04351,0.02299,0.05127,0.01763,0.02680,0.08878,0.05464,0.08564,0.05181,0.01590,0.06540,0.10988,0.11012,0.01171,0.01581,0.02558
0.05877,0.06787,0.02922,0.10456,0.04465,0.14485,0.02182,0.07007,0.02911,0.02062,0.05401,0.01883,0.05500,0.03377,0.01328,0.06854,0.05207,0.01524,0.02519,0.07254
0.01543,0.04741,0.05473,0.05140,0.06155,0.01562,0.02554,0.03434,0.04904,0.02758,0.00950,0.01555,0.07510,0.02574,0.01387,0.21717,0.22573,0.01457,0.00771,0.01241
0.01210,0.05044,0.02690,0.04590,0.18058,0.02365,0.02891,0.04339,0.03298,0.04146,0.02629,0.02694,0.19312,0.05618,0.02898,0.06583,0.07507,0.01678,0.00956,0.01492
0.07627,0.11043,0.05172,0.03013,0.17659,0.02508,0.02200,0.08846,0.06335,0.10902,0.03424,0.01949,0.06314,0.03556,0.02663,0.00830,0.01140,0.01810,0.01415,0.01592
0.03457,0.18660,0.01501,0.04914,0.02714,0.06234,0.09999,0.01539,0.03338,0.03293,0.02100,0.01322,0.03089,0.02117,0.02286,0.07467,0.19145,0.02941,0.02721,0.01164
0.06725,0.07583,0.02519,0.03054,0.11787,0.04664,0.04911,0.03802,0.03024,0.03310,0.03425,0.02490,0.09817,0.02079,0.01873,0.10088,0.12742,0.01235,0.02236,0.02638
0.03119,0.10122,0.03099,0.06249,0.20998,0.02116,0.01057,0.04728,0.05108,0.02303,0.01707,0.04142,0.23302,0.03745,0.00747,0.01020,0.03110,0.01410,0.00744,0.01174
0.07025,0.15566,0.04468,0.02553,0.04417,0.02773,0.03099,0.05292,0.04680,0.06195,0.06617,0.02681,0.05784,0.01903,0.04241,0.03778,0.12156,0.01589,0.01944,0.03238
0.06254,0.05191,0.23337,0.03560,0.03550,0.05194,0.17238,0.02533,0.02457,0.03934,0.04497,0.02144,0.03159,0.02302,0.01831,0.02078,0.02974,0.02809,0.02625,0.02331
0.06148,0.20638,0.03079,0.08411,0.01727,0.02460,0.02613,0.19220,0.01712,0.05415,0.05413,0.02535,0.03073,0.03576,0.02306,0.01553,0.05689,0.01465,0.01666,0.01303
0.07527,0.11330,0.02201,0.07415,0.07571,0.03842,0.03701,0.05719,0.03405,0.06550,0.04605,0.03713,0.03131,0.04505,0.02439,0.04394,0.09803,0.03489,0.02161,0.02501
0.04535,0.17034,0.03986,0.04374,0.13200,0.03009,0.01312,0.08182,0.03042,0.04528,0.02540,0.01724,0.11067,0.03614,0.02021,0.01407,0.08044,0.02110,0.01930,0.02343
0.03746,0.13536,0.02965,0.14964,0.02571,0.05647,0.04209,0.03817,0.02718,0.03999,0.08148,0.03481,0.04808,0.03613,0.03193,0.02590,0.11408,0.01529,0.01161,0.01896
0.08976,0.08906,0.03675,0.03617,0.09918,0.03439,0.04483,0.05949,0.01472,0.07949,0.02374,0.07210,0.09130,0.02296,0.02873,0.04345,0.05761,0.01599,0.01864,0.04164
0.02710,0.15009,0.03706,0.04381,0.11880,0.03050,0.04448,0.07620,0.02998,0.02053,0.05022,0.02409,0.09037,0.05792,0.00641,0.02271,0.06018,0.06009,0.02130,0.02816
0.04337,0.19219,0.04939,0.01041,0.07512,0.02782,0.07450,0.13713,0.01606,0.04265,0.01641,0.03055,0.05544,0.03126,0.02093,0.05955,0.03322,0.04403,0.01032,0.02964
0.03314,0.10914,0.02501,0.06957,0.11251,0.05729,0.02691,0.06571,0.02421,0.05240,0.02189,0.02054,0.08175,0.02441,0.01536,0.08271,0.11442,0.03264,0.01721,0.01317
0.12645,0.05215,0.01523,0.04912,0.03129,0.01332,0.01920,0.04123,0.03747,0.05139,0.02028,0.06509,0.04223,0.03835,0.00369,0.13173,0.13541,0.01603,0.01458,0.09578
0.03253,0.23965,0.05645,0.02656,0.07083,0.02416,0.02430,0.17875,0.05293,0.03155,0.03154,0.02449,0.04719,0.01202,0.02487,0.01420,0.04219,0.02524,0.01321,0.02734
0.03081,0.24969,0.03041,0.03695,0.02430,0.03659,0.05407,0.22377,0.02898,0.02022,0.04297,0.02555,0.03112,0.06606,0.01556,0.02657,0.01552,0.02293,0.00688,0.01105
0.05831,0.04529,0.11381,0.06256,0.14640,0.04025,0.05217,0.03924,0.02502,0.06350,0.03189,0.04898,0.12559,0.02126,0.01090,0.02919,0.04235,0.01154,0.01450,0.01726
0.04694,0.17425,0.03588,0.01696,0.15098,0.02484,0.01667,0.17762,0.01325,0.05879,0.03339,0.04640,0.10513,0.01290,0.03167,0.01520,0.01056,0.00657,0.00805,0.01395
0.03948,0.04677,0.04239,0.11238,0.17363,0.06879,0.02297,0.03021,0.04092,0.02305,0.03062,0.01800,0.19566,0.02824,0.01576,0.01347,0.03407,0.02019,0.01409,0.02930
0.02952,0.19221,0.04292,0.02243,0.09615,0.02732,0.02400,0.19754,0.03930,0.04656,0.01160,0.03626,0.07251,0.02598,0.02354,0.01973,0.02945,0.01855,0.02237,0.02206
0.06195,0.03874,0.08616,0.20809,0.02282,0.02151,0.03279,0.04276,0.02990,0.04059,0.20954,0.03593,0.01660,0.02532,0.02224,0.02224,0.02244,0.02055,0.02120,0.01865
0.07204,0.08655,0.04034,0.03044,0.20853,0.04354,0.01284,0.07131,0.01695,0.03831,0.02938,0.02524,0.17485,0.02598,0.03974,0.01487,0.01864,0.01631,0.01721,0.01692
0.05813,0.07468,0.07336,0.03286,0.06019,0.03513,0.06055,0.06189,0.08473,0.02682,0.04416,0.04441,0.07344,0.02792,0.04322,0.04127,0.04363,0.04874,0.03350,0.03136
0.15346,0.04211,0.03375,0.11096,0.05238,0.18975,0.05994,0.02152,0.02460,0.03200,0.04220,0.01919,0.00918,0.02829,0.00538,0.04642,0.04838,0.04210,0.00619,0.03222
0.02056,0.13072,0.12060,0.06086,0.04787,0.02375,0.03294,0.17827,0.05843,0.02129,0.02317,0.02909,0.06161,0.04292,0.02855,0.02385,0.05207,0.01707,0.01574,0.01065
0.03770,0.18592,0.02911,0.04232,0.09518,0.04671,0.04019,0.13245,0.02530,0.03027,0.03902,0.01907,0.09064,0.03356,0.02447,0.01674,0.06707,0.02328,0.00754,0.01346
0.07609,0.03180,0.01886,0.10646,0.01330,0.02475,0.01944,0.01986,0.20313,0.03744,0.07104,0.02978,0.21876,0.02567,0.03911,0.01114,0.01980,0.00794,0.00727,0.01836
0.05098,0.13568,0.04086,0.04330,0.15318,0.01939,0.03873,0.04651,0.02257,0.02546,0.02062,0.02883,0.11871,0.03211,0.02712,0.03829,0.11386,0.01546,0.01303,0.01533
0.10385,0.16616,0.04371,0.02272,0.04515,0.01780,0.04236,0.17356,0.01386,0.02891,0.02106,0.04076,0.02766,0.05649,0.01755,0.04580,0.01926,0.03733,0.01384,0.06217
0.39293,0.00887,0.01485,0.02012,0.02427,0.02021,0.01240,0.01572,0.01095,0.03734,0.00789,0.00673,0.00908,0.00876,0.01186,0.01676,0.01736,0.00978,0.00319,0.35093
0.04350,0.21635,0.01635,0.01958,0.02956,0.06450,0.03970,0.02078,0.03058,0.02222,0.07005,0.03256,0.03527,0.01972,0.03381,0.04819,0.21272,0.00767,0.01506,0.02183
0.02975,0.04842,0.02631,0.24631,0.01881,0.20490,0.02160,0.04511,0.03378,0.02275,0.09959,0.02741,0.01235,0.06128,0.01169,0.03364,0.01560,0.01183,0.00934,0.01954
0.06591,0.14020,0.03700,0.04907,0.02442,0.03971,0.03803,0.10671,0.02553,0.03105,0.04007,0.01674,0.02792,0.02469,0.03556,0.09774,0.12260,0.02647,0.02680,0.02378
0.04886,0.25087,0.05523,0.03692,0.04632,0.01558,0.03683,0.23706,0.03344,0.03281,0.02894,0.01651,0.03118,0.01628,0.01895,0.01162,0.01967,0.01368,0.02848,0.02078
