0.51880,0.00000,0.10233,0.00083,0.24204,0.00000,0.13600
0.00000,0.00002,0.86795,0.00000,0.00125,0.00000,0.13077
0.06461,0.00058,0.00001,0.00001,0.10277,0.00000,0.83202
0.44007,0.31984,0.17703,0.00008,0.04878,0.00000,0.01419
0.07734,0.19002,0.04985,0.37048,0.03122,0.00000,0.28109
0.01407,0.00000,0.00003,0.88597,0.03425,0.00000,0.06567
0.96873,0.00000,0.00021,0.01661,0.00004,0.00000,0.01442
0.00678,0.45142,0.00005,0.22859,0.00007,0.00000,0.31310
0.04391,0.00000,0.30445,0.05448,0.00000,0.00000,0.59716
0.00000,0.04915,0.00000,0.13644,0.74658,0.00000,0.06783
0.23564,0.00000,0.03706,0.00008,0.25967,0.00000,0.46756
0.00130,0.00120,0.16860,0.13725,0.51849,0.00000,0.17316
0.49079,0.00000,0.01461,0.11088,0.00157,0.22894,0.15321
0.00000,0.00001,0.67235,0.00084,0.05389,0.00000,0.27291
0.01281,0.00001,0.00000,0.03219,0.05173,0.00000,0.90326
0.00166,0.03372,0.00053,0.81547,0.00000,0.06425,0.08437
0.00004,0.30244,0.00087,0.14084,0.00000,0.19940,0.35641
0.17106,0.00002,0.08829,0.50436,0.00009,0.00075,0.23542
0.04383,0.00000,0.03303,0.05754,0.83102,0.02315,0.01143
0.89041,0.00637,0.00000,0.04107,0.00001,0.00000,0.06214
0.00000,0.00000,0.01064,0.36063,0.27313,0.00000,0.35560
0.00349,0.53055,0.00000,0.02138,0.02523,0.00000,0.41935
0.00196,0.00007,0.00014,0.03920,0.89887,0.05224,0.00753
0.00261,0.00009,0.00000,0.00250,0.56599,0.00000,0.42881
0.00000,0.04502,0.02862,0.90410,0.00006,0.00000,0.02220
0.00071,0.00000,0.00000,0.08905,0.90899,0.00000,0.00125
0.33262,0.00000,0.00000,0.00023,0.03435,0.01019,0.62260
0.03575,0.10047,0.11335,0.23719,0.08399,0.00000,0.42924
0.01149,0.28561,0.00004,0.11414,0.58102,0.00000,0.00770
0.00000,0.00000,0.00098,0.06907,0.00211,0.00461,0.92323
0.86301,0.00000,0.00006,0.00000,0.09748,0.03743,0.00201
0.00000,0.93729,0.04148,0.00470,0.01475,0.00002,0.00177
0.91397,0.00000,0.04721,0.00041,0.03839,0.00001,0.00000
0.00005,0.00229,0.00413,0.00002,0.00114,0.00000,0.99237
0.00000,0.00000,0.49737,0.00900,0.00124,0.00000,0.49238
0.19749,0.00000,0.64796,0.00030,0.01558,0.00000,0.13867
0.96359,0.01928,0.00000,0.00191,0.00014,0.00000,0.01507
0.00134,0.00000,0.01431,0.47397,0.00031,0.00000,0.51007
0.07934,0.00181,0.00209,0.74273,0.16231,0.01126,0.00045
0.14177,0.00000,0.10839,0.04853,0.25328,0.00000,0.44803
0.46506,0.00000,0.00000,0.35279,0.00009,0.00000,0.18206
0.00000,0.00001,0.00703,0.67594,0.28755,0.02251,0.00696
0.00733,0.00000,0.00032,0.10956,0.00001,0.85683,0.02596
0.27702,0.00000,0.15735,0.00385,0.00000,0.00000,0.56178
0.83587,0.00000,0.00112,0.00080,0.02394,0.00000,0.13827
0.03015,0.53850,0.00000,0.13736,0.21229,0.00468,0.07702
0.15133,0.00000,0.84742,0.00114,0.00011,0.00000,0.00000
0.00000,0.00001,0.44015,0.50537,0.00001,0.00000,0.05447
0.13467,0.52850,0.00140,0.03659,0.15349,0.07334,0.07201
0.06658,0.00109,0.00000,0.00909,0.00046,0.00000,0.92278
0.00002,0.00000,0.00075,0.24233,0.03901,0.00000,0.71789
0.00426,0.00570,0.00000,0.18999,0.00025,0.00036,0.79944
0.47010,0.22529,0.03079,0.00001,0.00000,0.00428,0.26952
0.08156,0.12261,0.00282,0.08908,0.00006,0.00008,0.70378
0.04740,0.01247,0.00056,0.04397,0.73120,0.00000,0.16439
0.47413,0.07394,0.00022,0.00015,0.13516,0.00000,0.31640
0.00000,0.00000,0.00011,0.80226,0.00000,0.00094,0.19669
0.00366,0.00000,0.90353,0.05276,0.00824,0.00000,0.03180
0.00771,0.00000,0.00000,0.09231,0.25648,0.00001,0.64350
0.09897,0.00000,0.00001,0.22748,0.65839,0.00001,0.01514
0.00009,0.07585,0.00000,0.00002,0.00000,0.00000,0.92404
0.00000,0.00012,0.00574,0.67209,0.00899,0.00000,0.31306
0.00000,0.00000,0.00499,0.05211,0.00695,0.00000,0.93595
0.00505,0.00000,0.00000,0.00001,0.09251,0.00000,0.90243
0.50015,0.00046,0.01799,0.00152,0.00000,0.00000,0.47988
0.00734,0.00000,0.16591,0.22811,0.45292,0.00000,0.14572
0.01316,0.00009,0.00252,0.28853,0.00392,0.00000,0.69178
0.01323,0.00000,0.60009,0.14268,0.00333,0.00010,0.24056
0.05952,0.00000,0.00000,0.38723,0.31702,0.00000,0.23624
0.44158,0.00000,0.41683,0.07907,0.00058,0.00000,0.06194
0.80549,0.00000,0.00000,0.19259,0.00000,0.00000,0.00192
0.06988,0.89632,0.00000,0.00819,0.00146,0.01376,0.01040
0.00850,0.83440,0.00007,0.00000,0.00000,0.01753,0.13950
0.04377,0.00843,0.30859,0.00494,0.51153,0.00472,0.11802
0.00014,0.02640,0.13781,0.00000,0.00087,0.23820,0.59659
0.02074,0.00000,0.00001,0.76672,0.06922,0.00000,0.14331
0.03030,0.00000,0.01766,0.28322,0.05546,0.00000,0.61337
0.00028,0.00000,0.00701,0.00039,0.00494,0.00004,0.98734
0.50122,0.00000,0.00337,0.32847,0.06752,0.03603,0.06339
0.03520,0.00008,0.00000,0.00002,0.96469,0.00000,0.00001
0.03387,0.00447,0.00023,0.15814,0.00421,0.00176,0.79732
0.00041,0.00000,0.27886,0.71421,0.00550,0.00030,0.00071
0.00000,0.00000,0.95690,0.00335,0.00732,0.00000,0.03243
0.00012,0.00000,0.00000,0.00159,0.00483,0.00017,0.99330
0.06157,0.00000,0.00092,0.35837,0.42441,0.00000,0.15474
0.01140,0.00000,0.00000,0.81523,0.13773,0.00000,0.03564
0.93241,0.00000,0.00000,0.00263,0.00377,0.00000,0.06118
0.00004,0.21758,0.00044,0.49972,0.02339,0.00000,0.25884
0.00010,0.00000,0.04285,0.02323,0.00016,0.07281,0.86085
0.00055,0.00000,0.07307,0.00011,0.77231,0.00000,0.15396
0.94644,0.00003,0.00000,0.04810,0.00000,0.00000,0.00543
0.07501,0.00011,0.87003,0.00602,0.04611,0.00163,0.00110
0.27156,0.00005,0.00602,0.00003,0.07393,0.00000,0.64841
0.00001,0.00011,0.29151,0.10783,0.59618,0.00000,0.00436
0.26465,0.00000,0.00328,0.71839,0.00002,0.00008,0.01357
0.55139,0.07197,0.00000,0.03362,0.00053,0.00000,0.34249
0.05002,0.93483,0.00976,0.00105,0.00000,0.00255,0.00178
0.00000,0.00000,0.00260,0.84080,0.15659,0.00000,0.00001
0.00000,0.00036,0.21452,0.00351,0.00017,0.00000,0.78144
0.03639,0.00000,0.00000,0.79353,0.03609,0.03108,0.10292
0.02122,0.01919,0.29144,0.03776,0.39559,0.00000,0.23480
0.00010,0.10785,0.00264,0.78880,0.00000,0.01050,0.09010
0.01531,0.01221,0.00000,0.23813,0.36920,0.00000,0.36515
0.03072,0.00155,0.04332,0.73726,0.10523,0.00000,0.08192
0.13329,0.00014,0.00033,0.24377,0.14742,0.00000,0.47504
0.21579,0.34104,0.01485,0.00309,0.24663,0.00005,0.17856
0.05752,0.03510,0.00000,0.00269,0.32969,0.00000,0.57500
0.00266,0.00000,0.00000,0.46543,0.00000,0.00601,0.52590
0.02388,0.00694,0.00000,0.01265,0.01373,0.16854,0.77426
0.05361,0.00099,0.00004,0.33029,0.54274,0.04722,0.02511
0.00332,0.00000,0.03087,0.04561,0.04514,0.02580,0.84926
0.02439,0.00004,0.00177,0.75857,0.01101,0.00002,0.20420
0.00070,0.00000,0.70575,0.06399,0.00000,0.00000,0.22956
0.00080,0.00000,0.01247,0.02126,0.00881,0.06451,0.89215
0.18815,0.16213,0.00000,0.54983,0.02032,0.00000,0.07956
0.29049,0.58738,0.00000,0.11204,0.00618,0.00000,0.00392
0.00001,0.00000,0.18623,0.00080,0.00136,0.00006,0.81155
0.05547,0.00000,0.11018,0.19321,0.00274,0.00007,0.63833
0.00000,0.00001,0.27267,0.22272,0.50226,0.00002,0.00232
0.00007,0.00000,0.01237,0.18976,0.61281,0.00000,0.18499
0.02673,0.00000,0.58002,0.02354,0.36623,0.00000,0.00347
0.77642,0.00000,0.00000,0.21986,0.00000,0.00297,0.00075
0.00055,0.23347,0.00000,0.28520,0.48077,0.00000,0.00000
0.05075,0.01138,0.23535,0.36354,0.11292,0.00000,0.22605
0.00030,0.00000,0.04000,0.00000,0.78601,0.00000,0.17368
0.01655,0.01523,0.36421,0.13844,0.09815,0.00000,0.36742
0.18310,0.00000,0.00000,0.28623,0.02689,0.00000,0.50378
0.04652,0.04587,0.12372,0.04624,0.36511,0.00000,0.37254
0.00000,0.00000,0.00000,0.16719,0.01896,0.00036,0.81349
0.98435,0.00064,0.00000,0.00691,0.00017,0.00047,0.00746
0.00000,0.00000,0.03636,0.00000,0.51533,0.00217,0.44615
0.10590,0.00000,0.00000,0.69890,0.00000,0.00112,0.19408
0.00978,0.00011,0.33082,0.35418,0.20784,0.08976,0.00751
0.00009,0.00000,0.03432,0.00447,0.65139,0.00000,0.30973
0.00164,0.00115,0.06685,0.29932,0.42288,0.00074,0.20742
0.00579,0.00000,0.04594,0.59488,0.05128,0.02988,0.27224
0.04322,0.00000,0.00002,0.28435,0.43816,0.00000,0.23425
0.06033,0.04242,0.00323,0.07839,0.05698,0.00000,0.75866
0.00000,0.00000,0.00050,0.41951,0.00014,0.43112,0.14873
0.63748,0.02790,0.00006,0.31933,0.00001,0.00000,0.01523
0.01154,0.00000,0.03962,0.87577,0.00000,0.00000,0.07307
0.03911,0.00000,0.00248,0.72433,0.00082,0.00000,0.23325
0.02315,0.39975,0.00052,0.06746,0.05772,0.00000,0.45139
0.00000,0.00000,0.14302,0.32667,0.02280,0.00003,0.50748
0.00661,0.88298,0.00971,0.00055,0.00213,0.00000,0.09802
0.14288,0.00000,0.02789,0.68069,0.02657,0.10897,0.01299
0.00001,0.00011,0.00000,0.00009,0.13231,0.01791,0.84958
0.07295,0.00078,0.16081,0.00029,0.00994,0.00872,0.74651
0.00000,0.10858,0.00201,0.25528,0.62387,0.00000,0.01026
0.03118,0.00771,0.01520,0.00042,0.70000,0.00101,0.24447
0.00001,0.00000,0.00000,0.14104,0.00052,0.16923,0.68920
0.88287,0.03430,0.05188,0.00911,0.01440,0.00000,0.00744
0.00027,0.02884,0.00033,0.83670,0.00427,0.00000,0.12959
0.00469,0.22173,0.00032,0.28422,0.47145,0.01733,0.00024
0.00001,0.00813,0.00005,0.00000,0.00142,0.00000,0.99039
0.06666,0.00222,0.14519,0.50257,0.28278,0.00000,0.00058
0.61038,0.00099,0.00000,0.00004,0.08807,0.18160,0.11893
0.33484,0.20974,0.00015,0.25883,0.00000,0.00000,0.19645
0.00072,0.95573,0.00008,0.00572,0.01087,0.00137,0.02550
0.00084,0.00000,0.03958,0.81296,0.00000,0.14661,0.00000
0.23551,0.00001,0.61633,0.00000,0.00000,0.00000,0.14815
0.00000,0.00000,0.00000,0.00094,0.82425,0.01734,0.15748
0.03510,0.00000,0.00003,0.96371,0.00098,0.00001,0.00018
0.00531,0.01613,0.03084,0.02536,0.03814,0.00000,0.88421
0.00080,0.02053,0.00054,0.00003,0.14403,0.00031,0.83376
0.23712,0.00000,0.50005,0.11188,0.10028,0.00000,0.05067
0.41276,0.04557,0.00000,0.00009,0.43182,0.00000,0.10976
0.01704,0.00172,0.00000,0.00006,0.83172,0.14723,0.00221
0.00002,0.00000,0.00952,0.00253,0.63265,0.00000,0.35528
0.00000,0.01074,0.00000,0.98909,0.00010,0.00000,0.00007
0.00200,0.00000,0.00000,0.32818,0.00050,0.54682,0.12249
0.01950,0.00000,0.00000,0.75552,0.01719,0.00000,0.20778
0.01275,0.00562,0.11613,0.32893,0.14745,0.07842,0.31070
0.00000,0.00000,0.10676,0.56394,0.00022,0.00177,0.32730
0.05065,0.01529,0.00067,0.00660,0.30883,0.00000,0.61796
0.35540,0.00000,0.00015,0.31629,0.01280,0.00000,0.31537
0.31929,0.00886,0.00010,0.06247,0.49469,0.00002,0.11458
0.00000,0.00001,0.00619,0.00454,0.93174,0.00000,0.05751
0.00017,0.00001,0.00000,0.00000,0.03440,0.14073,0.82469
0.00001,0.00000,0.00001,0.00000,0.00001,0.00000,0.99997
0.17981,0.15997,0.00678,0.02132,0.09404,0.00082,0.53725
0.00000,0.77924,0.00000,0.00011,0.03937,0.00055,0.18073
0.34780,0.00000,0.00008,0.00202,0.00241,0.00074,0.64694
0.00028,0.00000,0.00000,0.07702,0.20549,0.71685,0.00035
0.00000,0.66377,0.01765,0.03666,0.27051,0.00000,0.01141
0.00001,0.00000,0.00001,0.00003,0.06364,0.00056,0.93576
0.66188,0.17584,0.00146,0.00003,0.00145,0.00225,0.15710
0.00300,0.00000,0.00000,0.03301,0.53063,0.00000,0.43335
0.04957,0.00000,0.04146,0.55255,0.00615,0.00000,0.35026
0.00005,0.00081,0.09684,0.02095,0.00001,0.03113,0.85022
0.03008,0.00009,0.02842,0.00001,0.01773,0.00000,0.92367
0.00487,0.00000,0.00001,0.00181,0.77088,0.15696,0.06548
0.47350,0.00000,0.00062,0.03425,0.49081,0.00000,0.00081
0.00007,0.92831,0.00000,0.03314,0.00257,0.00000,0.03590
0.14007,0.00000,0.00059,0.00004,0.45296,0.00000,0.40634
0.03265,0.00002,0.00031,0.00032,0.88620,0.00000,0.08051
0.00031,0.00035,0.00002,0.26765,0.45606,0.01163,0.26398
0.72831,0.00000,0.00000,0.00002,0.00014,0.00001,0.27153
0.00002,0.34439,0.00000,0.30860,0.34339,0.00000,0.00360
0.00022,0.72651,0.00001,0.00237,0.00001,0.00000,0.27090
0.00694,0.00000,0.00020,0.18716,0.00002,0.00000,0.80568
0.00040,0.00000,0.75375,0.01474,0.00000,0.00002,0.23109
0.01351,0.00000,0.00000,0.20161,0.02957,0.00000,0.75531
0.06776,0.00000,0.55686,0.23890,0.08950,0.00246,0.04453
0.00000,0.00000,0.00871,0.28935,0.04142,0.01401,0.64651
0.00000,0.00000,0.01571,0.00038,0.87231,0.01223,0.09936
0.00137,0.00154,0.00269,0.11088,0.34606,0.00011,0.53734
0.01805,0.02079,0.00000,0.00000,0.93547,0.00519,0.02050
0.00000,0.00000,0.07741,0.00011,0.01530,0.51203,0.39515
0.27614,0.00000,0.00499,0.26960,0.11330,0.00003,0.33593
0.02013,0.00000,0.17219,0.45970,0.29497,0.00001,0.05299
0.00000,0.00000,0.00000,0.38913,0.12408,0.00000,0.48679
0.00000,0.00067,0.92411,0.01947,0.00236,0.00000,0.05339
0.37582,0.00000,0.01965,0.54449,0.00000,0.00000,0.06004
0.06244,0.00273,0.76215,0.03106,0.03577,0.00000,0.10585
0.27211,0.04176,0.01968,0.00000,0.00031,0.00030,0.66584
0.00141,0.00004,0.00001,0.00643,0.07771,0.00126,0.91315
0.45916,0.00000,0.09662,0.00416,0.43992,0.00000,0.00013
0.12120,0.12880,0.11174,0.00010,0.63732,0.00000,0.00084
0.24532,0.00028,0.00857,0.09435,0.00000,0.00002,0.65145
0.81102,0.00000,0.01339,0.01147,0.00284,0.00000,0.16128
0.00066,0.00000,0.01009,0.83311,0.00012,0.12665,0.02936
0.19922,0.00000,0.00005,0.21694,0.00144,0.57592,0.00644
0.28404,0.47969,0.00117,0.23422,0.00000,0.00027,0.00061
0.01693,0.00022,0.00331,0.03177,0.05433,0.56329,0.33015
0.96583,0.00000,0.00000,0.00141,0.00312,0.02776,0.00188
0.00000,0.00000,0.00173,0.55995,0.01319,0.39851,0.02662
0.05446,0.01872,0.00000,0.15205,0.00052,0.00003,0.77422
0.00046,0.00000,0.05796,0.00053,0.00000,0.00540,0.93565
0.16966,0.00213,0.36123,0.16324,0.06669,0.00001,0.23704
0.25747,0.00000,0.00000,0.73764,0.00039,0.00000,0.00450
0.01818,0.00606,0.23548,0.10094,0.01128,0.60905,0.01900
0.89727,0.00092,0.03442,0.00156,0.02186,0.01855,0.02542
0.00000,0.00000,0.00003,0.01434,0.02037,0.63669,0.32857
0.00847,0.00035,0.91205,0.07773,0.00089,0.00000,0.00052
0.00006,0.41678,0.00459,0.47413,0.09299,0.00000,0.01146
0.83999,0.00000,0.00005,0.00005,0.00166,0.00000,0.15825
0.00002,0.00000,0.00897,0.35311,0.30059,0.00000,0.33731
0.23995,0.00534,0.00530,0.74333,0.00000,0.00000,0.00609
0.36026,0.00000,0.00001,0.01852,0.00101,0.00004,0.62017
0.00000,0.00000,0.00215,0.09539,0.00005,0.00000,0.90240
0.00008,0.00002,0.12451,0.00090,0.00223,0.00000,0.87227
0.83223,0.00000,0.01069,0.02069,0.01240,0.00002,0.12397
0.80589,0.06996,0.01624,0.10744,0.00046,0.00000,0.00001
0.61214,0.00000,0.00000,0.14253,0.03902,0.00490,0.20141
0.00000,0.00000,0.00039,0.58958,0.08859,0.18862,0.13281
0.16559,0.03867,0.25395,0.16883,0.09866,0.27428,0.00002
0.36442,0.00000,0.10990,0.00160,0.00000,0.12198,0.40210
0.49715,0.00000,0.00024,0.16782,0.00825,0.00000,0.32653
0.00000,0.00000,0.57671,0.09527,0.32787,0.00002,0.00013
0.00001,0.00093,0.00756,0.46751,0.52302,0.00000,0.00098
0.00001,0.01640,0.00000,0.38539,0.45812,0.00000,0.14008
0.00821,0.00148,0.50000,0.02371,0.43321,0.00000,0.03340
0.06203,0.00000,0.00000,0.14798,0.30168,0.00000,0.48832
0.61484,0.00000,0.00095,0.18306,0.01171,0.00000,0.18945
0.89166,0.00001,0.00000,0.10238,0.00454,0.00000,0.00142
0.00034,0.00000,0.62332,0.00941,0.06927,0.00044,0.29721
0.00000,0.00025,0.07662,0.00001,0.00137,0.00000,0.92175
0.00000,0.00000,0.02834,0.16360,0.00029,0.00000,0.80777
0.00000,0.00000,0.02404,0.97528,0.00000,0.00001,0.00067
0.00011,0.37708,0.01127,0.00000,0.60911,0.00000,0.00243
0.00010,0.69687,0.00054,0.23735,0.00094,0.00000,0.06419
0.01625,0.07245,0.03699,0.00953,0.05178,0.00000,0.81300
0.04998,0.00502,0.00096,0.78589,0.00677,0.00000,0.15139
0.00001,0.00000,0.00000,0.35684,0.02734,0.01088,0.60492
0.00007,0.94497,0.03684,0.01358,0.00001,0.00000,0.00452
0.00002,0.00001,0.71701,0.02858,0.18537,0.00000,0.06901
0.04966,0.00000,0.19020,0.60612,0.00031,0.00000,0.15373
0.00000,0.00000,0.01253,0.60588,0.09279,0.00002,0.28877
0.96844,0.00000,0.00000,0.00286,0.01350,0.00000,0.01519
0.00151,0.00000,0.11322,0.17777,0.67796,0.00021,0.02934
0.00000,0.00000,0.00807,0.40774,0.00001,0.00003,0.58415
0.19997,0.26403,0.00000,0.45375,0.04744,0.00008,0.03473
0.00001,0.00000,0.00006,0.00384,0.04518,0.00218,0.94873
0.05600,0.00000,0.00000,0.24255,0.00000,0.00000,0.70144
0.03617,0.00005,0.04198,0.26702,0.63262,0.00000,0.02217
0.10163,0.00084,0.06038,0.00807,0.23353,0.00003,0.59553
0.00042,0.00000,0.00000,0.01073,0.09178,0.00025,0.89681
0.69297,0.01910,0.21207,0.00000,0.07345,0.00000,0.00240
0.00646,0.02759,0.00000,0.82361,0.00000,0.00000,0.14234
0.00056,0.00792,0.00716,0.00131,0.00087,0.00971,0.97247
0.58170,0.06348,0.01090,0.00103,0.00457,0.00000,0.33833
0.00000,0.00183,0.34872,0.00506,0.56037,0.00309,0.08094
0.15741,0.02704,0.05407,0.01467,0.71110,0.00009,0.03563
0.79962,0.00000,0.00010,0.00000,0.02368,0.00000,0.17660
0.03672,0.00000,0.10811,0.37991,0.00000,0.00000,0.47526
0.13556,0.01200,0.00002,0.17618,0.04253,0.00000,0.63372
0.12066,0.00000,0.00007,0.29342,0.57866,0.00001,0.00719
0.00063,0.00106,0.00004,0.02126,0.65884,0.18921,0.12897
0.00088,0.15600,0.00012,0.28313,0.02859,0.00083,0.53046
0.00933,0.00000,0.00001,0.01739,0.00013,0.00000,0.97314
0.15157,0.00002,0.00038,0.06371,0.00026,0.00000,0.78407
0.06478,0.00000,0.00215,0.68668,0.02375,0.16223,0.06040
0.00076,0.00000,0.00265,0.00000,0.78235,0.00000,0.21423
0.86984,0.00000,0.03604,0.01031,0.00097,0.00047,0.08237
0.29493,0.03805,0.00000,0.46248,0.01191,0.00000,0.19263
0.07309,0.00000,0.42737,0.11221,0.02564,0.27342,0.08826
0.16663,0.80053,0.00264,0.00538,0.00162,0.02153,0.00167
0.03863,0.95459,0.00000,0.00000,0.00112,0.00001,0.00564
0.03100,0.00004,0.00000,0.00442,0.89244,0.00000,0.07208
