0.05712,0.04870,0.45812,0.43605
0.07557,0.06396,0.44484,0.41563
0.08906,0.07283,0.43973,0.39838
0.08438,0.07091,0.44304,0.40167
0.08597,0.07241,0.43616,0.40546
0.08510,0.06869,0.43839,0.40782
0.07416,0.05963,0.44596,0.42025
0.07380,0.06349,0.44427,0.41844
0.06619,0.05640,0.45965,0.41776
0.07580,0.06221,0.44515,0.41684
0.07254,0.06248,0.44918,0.41581
0.07880,0.07021,0.43687,0.41412
0.07147,0.05869,0.45735,0.41250
0.05733,0.04994,0.45839,0.43434
0.09167,0.07671,0.44234,0.38928
0.08382,0.06707,0.44552,0.40359
0.06236,0.05373,0.46577,0.41814
0.07693,0.06678,0.43662,0.41967
0.05987,0.05140,0.46974,0.41899
0.07268,0.06249,0.44684,0.41799
0.10811,0.08898,0.41935,0.38356
0.05275,0.04462,0.47860,0.42403
0.06710,0.05598,0.45813,0.41879
0.07675,0.06234,0.46165,0.39926
0.07538,0.06156,0.44645,0.41661
0.06903,0.06168,0.45844,0.41085
0.07604,0.06423,0.44554,0.41419
0.06701,0.05924,0.45781,0.41594
0.06008,0.05022,0.46474,0.42496
0.05588,0.04564,0.46550,0.43299
0.06388,0.06060,0.44691,0.42862
0.07693,0.06509,0.44571,0.41227
0.06065,0.05297,0.44794,0.43844
0.07584,0.06049,0.44928,0.41439
0.07189,0.05981,0.45477,0.41352
0.06608,0.06039,0.45658,0.41695
0.08006,0.05999,0.44674,0.41321
0.07353,0.06918,0.45334,0.40395
0.06146,0.05372,0.46967,0.41516
0.06461,0.05451,0.45556,0.42531
0.05675,0.04977,0.46172,0.43176
0.08706,0.07848,0.44208,0.39238
0.07425,0.05931,0.45145,0.41498
0.06738,0.05725,0.45823,0.41714
0.06089,0.05187,0.46635,0.42090
0.06981,0.05662,0.46506,0.40851
0.05815,0.04682,0.46938,0.42564
0.06875,0.06218,0.44769,0.42138
0.07018,0.05530,0.45722,0.41730
0.05825,0.05183,0.46850,0.42141
0.06075,0.05392,0.45947,0.42585
0.07406,0.06158,0.44492,0.41943
0.06752,0.05963,0.46336,0.40948
0.08317,0.07082,0.44408,0.40192
0.06305,0.05334,0.45934,0.42426
0.06731,0.05434,0.45601,0.42234
0.07373,0.06094,0.45098,0.41435
0.09697,0.08005,0.43120,0.39178
0.07960,0.07082,0.43046,0.41911
0.06584,0.06084,0.45702,0.41630
0.07328,0.06371,0.44864,0.41436
0.05621,0.04761,0.47296,0.42322
0.06348,0.05370,0.46292,0.41991
0.06542,0.05609,0.46174,0.41676
0.06143,0.05416,0.47238,0.41203
0.05929,0.05143,0.47733,0.41195
0.06749,0.05557,0.45922,0.41772
0.07984,0.06344,0.44256,0.41415
0.07989,0.06456,0.44626,0.40929
0.07114,0.06091,0.44447,0.42348
0.07053,0.05101,0.46694,0.41152
0.04991,0.04270,0.47420,0.43320
0.06404,0.05098,0.47163,0.41335
0.06341,0.05807,0.46988,0.40864
0.07028,0.06218,0.45581,0.41173
0.10239,0.08022,0.42019,0.39720
0.06086,0.05161,0.46904,0.41850
0.07450,0.05790,0.44220,0.42541
0.06409,0.05472,0.44715,0.43404
0.07724,0.06896,0.44639,0.40741
0.08060,0.06862,0.44463,0.40615
0.08719,0.07279,0.43987,0.40015
0.07760,0.06198,0.45278,0.40764
0.05770,0.05075,0.47447,0.41708
0.07976,0.06624,0.45407,0.39994
0.06383,0.05447,0.45234,0.42935
0.05551,0.05237,0.46362,0.42849
0.06066,0.04975,0.46781,0.42179
0.05528,0.04771,0.46894,0.42806
0.07488,0.06312,0.45560,0.40641
0.06969,0.05649,0.45669,0.41713
0.07737,0.06264,0.45191,0.40808
0.06579,0.06043,0.45687,0.41690
0.08110,0.06885,0.43753,0.41251
0.06670,0.05548,0.46227,0.41554
0.08236,0.06894,0.44861,0.40009
0.07638,0.06542,0.45291,0.40529
0.06038,0.05388,0.45752,0.42822
0.05654,0.05034,0.46456,0.42856
0.08249,0.06712,0.45071,0.39967
