0.04203,0.09174,0.08303,0.01105,0.04859,0.03114,0.01780,0.04114,0.23212,0.04126,0.03322,0.28636,0.00890,0.03160
0.01279,0.06883,0.05504,0.00896,0.37986,0.00610,0.36121,0.03965,0.01267,0.03889,0.00325,0.00438,0.00314,0.00522
0.00409,0.06384,0.04348,0.00505,0.00243,0.00796,0.00635,0.44521,0.00342,0.01045,0.00416,0.39494,0.00458,0.00403
0.01912,0.03366,0.04154,0.01573,0.01198,0.40969,0.00591,0.00570,0.00705,0.38989,0.00532,0.00593,0.04316,0.00531
0.23020,0.07536,0.11073,0.04793,0.19338,0.00866,0.00338,0.00712,0.00578,0.01661,0.16856,0.00728,0.00556,0.11945
0.01060,0.03963,0.03925,0.01005,0.04093,0.02819,0.02457,0.36585,0.00715,0.40504,0.00726,0.00961,0.00386,0.00800
0.03421,0.03291,0.02491,0.01310,0.00665,0.01104,0.00441,0.19386,0.02006,0.21245,0.22189,0.01931,0.00470,0.20049
0.06257,0.32032,0.05554,0.27847,0.01454,0.01165,0.00757,0.04580,0.02059,0.06053,0.04857,0.00977,0.01563,0.04844
0.03206,0.05183,0.08517,0.00541,0.03698,0.00780,0.00363,0.33454,0.01633,0.40096,0.00717,0.00612,0.00559,0.00640
0.00902,0.47124,0.45487,0.01600,0.01053,0.00344,0.01072,0.00256,0.00087,0.00257,0.00986,0.00286,0.00146,0.00401
0.01576,0.04340,0.05185,0.01009,0.03664,0.01183,0.02996,0.01403,0.01215,0.01463,0.34830,0.01020,0.00757,0.39359
0.05972,0.30102,0.22166,0.07986,0.01461,0.00501,0.03585,0.08063,0.05932,0.03582,0.02101,0.03678,0.02685,0.02188
0.00882,0.05641,0.02998,0.13079,0.01106,0.00579,0.00671,0.00887,0.30048,0.01005,0.00825,0.30303,0.10825,0.01152
0.02318,0.03730,0.04323,0.02556,0.04424,0.00591,0.00792,0.01969,0.07994,0.02074,0.27952,0.08302,0.00575,0.32401
0.00516,0.48040,0.47190,0.00361,0.00295,0.00288,0.00107,0.00235,0.00218,0.00313,0.00572,0.00192,0.01217,0.00456
0.01168,0.03761,0.10882,0.00579,0.01090,0.01698,0.02095,0.00331,0.31211,0.00544,0.03959,0.36657,0.00712,0.05315
0.03408,0.05339,0.12283,0.01912,0.01746,0.26640,0.30327,0.00625,0.03245,0.00872,0.03185,0.01595,0.06070,0.02752
0.01236,0.05193,0.02645,0.01637,0.00616,0.00665,0.00346,0.12867,0.01479,0.12191,0.30557,0.00277,0.00626,0.29665
0.02701,0.04944,0.05915,0.00732,0.02125,0.05276,0.02698,0.01508,0.01556,0.03932,0.34958,0.02234,0.00970,0.30453
0.01594,0.07023,0.08521,0.01029,0.34062,0.03195,0.28621,0.00830,0.03002,0.02638,0.01398,0.01478,0.00815,0.05793
0.02015,0.09807,0.05173,0.09869,0.01654,0.00426,0.00674,0.00837,0.00831,0.00542,0.30463,0.00876,0.00751,0.36082
0.01452,0.26866,0.57085,0.01861,0.00703,0.01456,0.00500,0.01156,0.01179,0.00999,0.00906,0.02487,0.01548,0.01801
0.00932,0.28711,0.26021,0.11262,0.02495,0.04373,0.03698,0.03112,0.02151,0.01996,0.03347,0.01922,0.08472,0.01507
0.01445,0.09405,0.03882,0.02480,0.00750,0.08137,0.06151,0.05515,0.00458,0.01005,0.28160,0.04431,0.01825,0.26357
0.01277,0.08392,0.12864,0.04053,0.00910,0.05031,0.02845,0.01303,0.00706,0.00565,0.31032,0.01033,0.02532,0.27458
0.35460,0.05179,0.04666,0.01593,0.01320,0.00751,0.00543,0.00964,0.33492,0.00354,0.05521,0.02265,0.02356,0.05537
0.40631,0.03907,0.05793,0.00666,0.00408,0.00414,0.00784,0.01077,0.43060,0.00744,0.00413,0.01030,0.00552,0.00520
0.01928,0.11034,0.17061,0.03407,0.00576,0.01501,0.00622,0.01730,0.00525,0.00797,0.30299,0.00819,0.05097,0.24603
0.00555,0.06926,0.12373,0.02681,0.01870,0.01819,0.01525,0.09714,0.05897,0.11613,0.16114,0.05789,0.01608,0.21515
0.01113,0.24415,0.18067,0.00444,0.02874,0.01172,0.00635,0.23626,0.01283,0.01006,0.00328,0.23727,0.00556,0.00754
0.02393,0.09455,0.36923,0.00783,0.00453,0.03962,0.01231,0.24788,0.02344,0.00317,0.01224,0.14548,0.00722,0.00858
0.01700,0.05142,0.07347,0.02022,0.01693,0.01732,0.00850,0.24898,0.00800,0.11794,0.10968,0.13685,0.04352,0.13019
0.01442,0.09516,0.07617,0.03548,0.00484,0.28901,0.28502,0.09726,0.00968,0.00376,0.00467,0.07478,0.00283,0.00693
0.04746,0.04274,0.05294,0.02519,0.03702,0.08328,0.07649,0.03649,0.21335,0.05697,0.01646,0.26068,0.02196,0.02897
0.00485,0.48839,0.33696,0.00441,0.05776,0.01107,0.00414,0.03421,0.00884,0.01287,0.00299,0.02890,0.00310,0.00151
0.00181,0.02682,0.03886,0.01823,0.00957,0.03128,0.03198,0.31258,0.01618,0.35428,0.06561,0.01344,0.01006,0.06929
0.36229,0.05966,0.05611,0.02175,0.00766,0.00881,0.01308,0.02253,0.39314,0.01771,0.01004,0.00991,0.00607,0.01122
0.04752,0.13453,0.14983,0.00626,0.06299,0.01912,0.00624,0.29890,0.00269,0.00417,0.00464,0.25563,0.00220,0.00528
0.00571,0.03732,0.03146,0.02433,0.01285,0.01204,0.01772,0.37932,0.01179,0.40063,0.01153,0.01279,0.02360,0.01892
0.00323,0.05221,0.08171,0.01691,0.01273,0.00685,0.01663,0.01590,0.00384,0.00730,0.35541,0.01176,0.00243,0.41309
0.07769,0.08586,0.12913,0.03794,0.06446,0.00979,0.01013,0.00698,0.00610,0.01331,0.21977,0.01300,0.05302,0.27283
0.00848,0.49432,0.39624,0.01002,0.02659,0.00683,0.00372,0.00372,0.00820,0.00316,0.00640,0.01501,0.00953,0.00776
0.01183,0.09339,0.02853,0.06757,0.01218,0.27737,0.01845,0.01699,0.03103,0.29654,0.06570,0.01445,0.00389,0.06210
0.01055,0.08577,0.79132,0.00649,0.00804,0.01268,0.03165,0.00661,0.01017,0.00348,0.00607,0.01306,0.00839,0.00571
0.01184,0.04869,0.05735,0.00825,0.01159,0.01019,0.04592,0.00740,0.28305,0.00963,0.07645,0.29976,0.00376,0.12613
0.34969,0.03461,0.06261,0.02751,0.35900,0.01501,0.03591,0.00824,0.02146,0.01335,0.01931,0.02527,0.00493,0.02308
0.00061,0.48414,0.44951,0.04311,0.01102,0.00116,0.00171,0.00088,0.00218,0.00101,0.00124,0.00188,0.00066,0.00089
0.00951,0.10196,0.09560,0.00733,0.02207,0.00870,0.02315,0.01276,0.03921,0.00696,0.30541,0.02554,0.00810,0.33370
0.00385,0.04814,0.06871,0.00776,0.01048,0.00427,0.01860,0.01974,0.00553,0.00332,0.42423,0.00706,0.00582,0.37250
0.00656,0.04433,0.05160,0.00614,0.01874,0.00326,0.01008,0.00738,0.39952,0.00541,0.00723,0.42182,0.00827,0.00964
0.00573,0.03503,0.06878,0.01000,0.00702,0.01609,0.00940,0.36930,0.01007,0.42263,0.00629,0.01189,0.02061,0.00717
0.01187,0.07687,0.10371,0.00626,0.00394,0.01179,0.01080,0.02011,0.00458,0.01656,0.33026,0.00874,0.01047,0.38404
0.00573,0.04697,0.04064,0.03929,0.03550,0.01958,0.01474,0.30940,0.01026,0.33582,0.05333,0.01781,0.02463,0.04630
0.00682,0.04681,0.03842,0.05253,0.00802,0.01857,0.01426,0.05481,0.01228,0.00917,0.37746,0.03566,0.00202,0.32316
0.11664,0.04922,0.03162,0.05704,0.09067,0.01555,0.01139,0.26248,0.03159,0.01839,0.04504,0.21738,0.02873,0.02427
0.00337,0.44865,0.39738,0.04212,0.00998,0.01017,0.00725,0.01387,0.00193,0.01577,0.01844,0.00995,0.00784,0.01328
0.03086,0.09642,0.07372,0.02792,0.04024,0.03231,0.03069,0.02738,0.19270,0.01736,0.12561,0.20713,0.00552,0.09214
0.00334,0.05314,0.04416,0.02042,0.00362,0.33861,0.35141,0.05426,0.00609,0.08368,0.01525,0.00919,0.00359,0.01327
0.01135,0.04445,0.07462,0.02487,0.01283,0.01540,0.01815,0.01303,0.01005,0.01062,0.33570,0.00692,0.03459,0.38741
0.00499,0.04997,0.04491,0.02059,0.01281,0.00534,0.01505,0.14679,0.25308,0.05037,0.00701,0.34241,0.02395,0.02272
0.00225,0.03173,0.05082,0.00398,0.00635,0.02403,0.00834,0.00411,0.37445,0.00943,0.04364,0.39316,0.00293,0.04477
0.01387,0.07133,0.05843,0.01825,0.04300,0.04647,0.06311,0.08511,0.00592,0.06095,0.27001,0.02298,0.01041,0.23016
0.00990,0.10457,0.14290,0.01643,0.01138,0.00444,0.03168,0.01279,0.22547,0.00845,0.07937,0.25135,0.00821,0.09306
0.00521,0.08286,0.12972,0.00593,0.00518,0.00406,0.00551,0.00583,0.33912,0.00230,0.00541,0.40123,0.00248,0.00516
0.06393,0.08630,0.03982,0.00458,0.08227,0.04264,0.00842,0.33028,0.00279,0.04699,0.00874,0.27282,0.00419,0.00623
0.00391,0.15718,0.35880,0.00824,0.01267,0.00611,0.03797,0.01788,0.00580,0.00365,0.20652,0.00748,0.00226,0.17153
0.05721,0.42419,0.34888,0.04743,0.06116,0.00966,0.00644,0.00530,0.01361,0.00327,0.00839,0.00665,0.00296,0.00487
0.00505,0.04372,0.08802,0.00453,0.01497,0.02549,0.01391,0.38577,0.00375,0.19664,0.01390,0.18188,0.00525,0.01711
0.01005,0.51347,0.25422,0.00745,0.09030,0.01567,0.00855,0.02585,0.01177,0.00946,0.00541,0.02897,0.01092,0.00791
0.04919,0.11707,0.10766,0.03620,0.01074,0.01262,0.01140,0.17426,0.04251,0.19428,0.10697,0.00592,0.00274,0.12845
0.00806,0.06076,0.05849,0.03454,0.02419,0.01017,0.01258,0.04781,0.01762,0.01939,0.31844,0.02382,0.02372,0.34041
0.00288,0.35629,0.19511,0.01442,0.01341,0.02869,0.02836,0.00416,0.13835,0.00865,0.03146,0.12904,0.00577,0.04340
0.00701,0.22453,0.23210,0.02542,0.00912,0.02296,0.01578,0.01485,0.00637,0.02568,0.16060,0.00959,0.06010,0.18587
0.01014,0.46450,0.02626,0.42533,0.01447,0.00501,0.01524,0.00584,0.01077,0.00375,0.00414,0.00335,0.00330,0.00789
0.00764,0.08668,0.09506,0.02175,0.01426,0.00663,0.00956,0.01549,0.01086,0.00946,0.32066,0.01851,0.00917,0.37428
0.02487,0.64157,0.14493,0.02744,0.00290,0.02313,0.01326,0.00488,0.04505,0.00127,0.02630,0.00371,0.00564,0.03505
0.17420,0.10709,0.06270,0.01435,0.20156,0.00692,0.01909,0.14082,0.01246,0.18209,0.02211,0.02321,0.00617,0.02722
0.04284,0.08791,0.09402,0.08156,0.01464,0.01236,0.00267,0.00327,0.03549,0.00759,0.33857,0.00135,0.00489,0.27285
0.01189,0.06921,0.13161,0.13870,0.01960,0.10617,0.08795,0.13823,0.03129,0.04194,0.01066,0.08346,0.10813,0.02116
0.01253,0.62736,0.03810,0.01733,0.00414,0.00395,0.00417,0.03633,0.03359,0.00168,0.08087,0.00838,0.01057,0.12100
0.05816,0.02905,0.05401,0.01203,0.01303,0.00515,0.01450,0.20827,0.02179,0.00951,0.19512,0.17746,0.01102,0.19088
0.00399,0.11388,0.23166,0.00915,0.00736,0.06568,0.14280,0.01832,0.16953,0.00567,0.01149,0.19827,0.00429,0.01792
0.00582,0.07049,0.07144,0.03601,0.00623,0.34082,0.35956,0.00907,0.00342,0.00786,0.03560,0.00300,0.01935,0.03135
0.31558,0.11922,0.16480,0.01037,0.30684,0.00575,0.01268,0.01015,0.00301,0.01000,0.01615,0.00604,0.00674,0.01268
0.01384,0.26648,0.12237,0.12812,0.03037,0.01687,0.02721,0.09494,0.05978,0.10518,0.03319,0.05208,0.01059,0.03899
0.01124,0.09027,0.48834,0.00903,0.01017,0.00598,0.03386,0.00364,0.00482,0.00651,0.20252,0.00369,0.01126,0.11868
0.00899,0.02912,0.03581,0.00986,0.03176,0.04279,0.05549,0.18305,0.01555,0.00735,0.19881,0.16221,0.00733,0.21190
0.00670,0.17187,0.18226,0.02783,0.00997,0.01713,0.00880,0.02246,0.00496,0.01428,0.24726,0.00915,0.00607,0.27126
0.00999,0.06753,0.10758,0.07952,0.01604,0.01051,0.02316,0.01856,0.21598,0.01935,0.06685,0.24122,0.03756,0.08614
0.01279,0.07582,0.06951,0.01287,0.00919,0.00521,0.01208,0.01326,0.00962,0.00746,0.36828,0.00792,0.03317,0.36280
0.02121,0.30647,0.21931,0.06340,0.03339,0.06813,0.07265,0.04695,0.01296,0.01217,0.04831,0.04100,0.00463,0.04941
0.09443,0.05095,0.15268,0.01075,0.07915,0.00890,0.00582,0.00645,0.00622,0.01060,0.23489,0.00595,0.01175,0.32146
0.00411,0.04990,0.10556,0.01104,0.00324,0.01644,0.00771,0.00964,0.00240,0.02634,0.35964,0.00722,0.00529,0.39148
0.11622,0.04669,0.03890,0.01031,0.39628,0.01306,0.27357,0.03475,0.00443,0.02402,0.00974,0.01444,0.00427,0.01333
0.00784,0.03571,0.05380,0.04486,0.00913,0.01195,0.00606,0.01170,0.36702,0.01131,0.00445,0.42733,0.00438,0.00445
0.00334,0.11054,0.76375,0.00463,0.01655,0.00725,0.05909,0.00772,0.00345,0.00762,0.00293,0.00430,0.00530,0.00352
0.00712,0.12461,0.06745,0.08396,0.06708,0.03482,0.07148,0.01101,0.24017,0.00647,0.01399,0.25501,0.00900,0.00783
0.01325,0.44694,0.36394,0.06278,0.01153,0.00751,0.01118,0.00333,0.00507,0.00178,0.03628,0.00341,0.00437,0.02863
0.00103,0.47135,0.42860,0.05219,0.01754,0.00141,0.01072,0.00283,0.00247,0.00320,0.00285,0.00195,0.00094,0.00292
0.02236,0.06664,0.35401,0.01614,0.01104,0.00963,0.02601,0.05992,0.15518,0.00586,0.00914,0.22217,0.02557,0.01632
0.01092,0.11209,0.50132,0.04086,0.00467,0.01452,0.03162,0.00731,0.00632,0.00852,0.09337,0.00596,0.00901,0.15351
0.05531,0.33798,0.30328,0.00642,0.05704,0.08848,0.01987,0.00437,0.01109,0.08493,0.00975,0.00335,0.00430,0.01384
0.00414,0.05031,0.09538,0.01159,0.00545,0.00342,0.00520,0.00401,0.00985,0.00280,0.36205,0.00275,0.01876,0.42428
0.01107,0.05176,0.03765,0.01280,0.00597,0.02202,0.01311,0.00815,0.00426,0.00285,0.39634,0.00195,0.00276,0.42931
0.00435,0.43079,0.42226,0.00449,0.00557,0.00258,0.00712,0.00141,0.00348,0.00618,0.05131,0.00221,0.00120,0.05704
0.00292,0.46781,0.38632,0.07766,0.00367,0.00247,0.00247,0.01463,0.00224,0.00698,0.00584,0.00612,0.01753,0.00334
0.01439,0.03910,0.07435,0.01357,0.00484,0.01696,0.00758,0.02357,0.35393,0.02309,0.00341,0.41057,0.00668,0.00797
0.00665,0.19533,0.23685,0.01344,0.01943,0.00467,0.04773,0.01922,0.00492,0.01116,0.19117,0.00750,0.00266,0.23926
0.06081,0.05573,0.38081,0.00632,0.01029,0.00712,0.00895,0.00232,0.01325,0.00853,0.02025,0.05921,0.35032,0.01610
0.01034,0.02836,0.06886,0.01019,0.00208,0.01521,0.01101,0.01052,0.00830,0.00792,0.37752,0.00767,0.00864,0.43339
0.01433,0.40061,0.38861,0.02125,0.00866,0.00854,0.00762,0.05776,0.00364,0.05359,0.00520,0.00865,0.01643,0.00512
0.00290,0.08055,0.04939,0.04151,0.00252,0.00512,0.00262,0.36667,0.00224,0.37519,0.00928,0.03485,0.01843,0.00874
0.21398,0.06666,0.09405,0.01227,0.01908,0.04683,0.04053,0.00921,0.25689,0.00593,0.07908,0.06056,0.00654,0.08838
0.02526,0.34766,0.30830,0.01094,0.08652,0.04215,0.02348,0.01368,0.00659,0.07870,0.01294,0.00818,0.02188,0.01371
0.04586,0.05073,0.10906,0.00543,0.02153,0.07846,0.05344,0.31662,0.02782,0.01955,0.00496,0.25473,0.00493,0.00687
0.00417,0.02673,0.03941,0.00424,0.00666,0.42261,0.44515,0.01039,0.00301,0.01997,0.00515,0.00565,0.00291,0.00395
0.00600,0.03025,0.08091,0.43312,0.01496,0.00299,0.00505,0.01020,0.00384,0.00582,0.01799,0.00566,0.36792,0.01527
0.02381,0.14263,0.27842,0.00812,0.01082,0.00202,0.00587,0.01715,0.00281,0.00457,0.12173,0.00530,0.18205,0.19470
0.01861,0.07020,0.05235,0.01673,0.01340,0.01508,0.01872,0.00276,0.03067,0.00710,0.34546,0.01028,0.01720,0.38144
0.00587,0.13951,0.15706,0.00922,0.03403,0.20419,0.22926,0.00842,0.01863,0.01088,0.06879,0.02936,0.01045,0.07433
0.00267,0.60938,0.21938,0.00219,0.11042,0.00325,0.00221,0.01945,0.00705,0.00048,0.00108,0.02148,0.00037,0.00058
0.00609,0.03889,0.03393,0.01502,0.03066,0.01738,0.02551,0.01852,0.00227,0.00684,0.39413,0.00874,0.00758,0.39444
0.00366,0.07159,0.38025,0.00968,0.01423,0.00651,0.06128,0.16275,0.01229,0.24286,0.00841,0.00558,0.00549,0.01542
0.01736,0.41682,0.31324,0.00365,0.04925,0.01383,0.02760,0.02708,0.03307,0.03230,0.00843,0.04807,0.00429,0.00500
0.00597,0.06683,0.05735,0.02273,0.02238,0.02121,0.03438,0.01228,0.00733,0.00783,0.33330,0.01476,0.00394,0.38971
0.01054,0.31606,0.27475,0.00632,0.06932,0.01261,0.06855,0.08433,0.00474,0.08638,0.02689,0.00273,0.01180,0.02499
0.01137,0.38115,0.35889,0.00599,0.04099,0.01312,0.01215,0.01840,0.02236,0.03718,0.02820,0.02597,0.01531,0.02892
0.01050,0.07551,0.12302,0.01905,0.01734,0.00512,0.01279,0.36843,0.00900,0.00409,0.01012,0.32006,0.00979,0.01518
0.02481,0.03047,0.03113,0.29243,0.03286,0.01564,0.00729,0.13051,0.01329,0.00577,0.00879,0.13494,0.26471,0.00737
0.02686,0.05579,0.10392,0.03499,0.01739,0.01227,0.01530,0.00297,0.07970,0.00605,0.29859,0.08326,0.00683,0.25608
0.43368,0.02760,0.04235,0.00759,0.00477,0.00248,0.00550,0.00414,0.45916,0.00288,0.00275,0.00263,0.00216,0.00231
0.00388,0.14177,0.05497,0.01362,0.00668,0.31691,0.03226,0.00826,0.05058,0.30457,0.00728,0.04989,0.00175,0.00758
0.00567,0.04489,0.10481,0.00409,0.01715,0.01121,0.01294,0.21604,0.00658,0.26079,0.16104,0.01156,0.00457,0.13869
0.01303,0.08318,0.03703,0.01723,0.02657,0.00863,0.00417,0.38435,0.00272,0.38881,0.00673,0.00554,0.01569,0.00631
0.01445,0.09564,0.58770,0.00701,0.01117,0.01630,0.04205,0.01392,0.00731,0.01584,0.05794,0.00529,0.00944,0.11593
0.02162,0.11196,0.05386,0.02571,0.05251,0.03790,0.00795,0.13125,0.02811,0.02294,0.15596,0.14862,0.02355,0.17805
0.01096,0.05286,0.08414,0.00492,0.01543,0.00362,0.01370,0.35777,0.00710,0.42775,0.00521,0.00373,0.00833,0.00449
0.00258,0.07736,0.15464,0.01593,0.00655,0.07177,0.03116,0.00702,0.21938,0.00458,0.06124,0.23460,0.03139,0.08181
0.02159,0.08817,0.08113,0.08500,0.00865,0.05495,0.00958,0.01093,0.00413,0.05866,0.31127,0.00567,0.00907,0.25118
0.00406,0.17228,0.16712,0.00694,0.00665,0.00541,0.00475,0.00713,0.00610,0.00746,0.30799,0.01490,0.00709,0.28213
0.00421,0.10688,0.82231,0.00374,0.00385,0.00377,0.02845,0.00382,0.00344,0.00481,0.00551,0.00303,0.00178,0.00439
0.00467,0.45471,0.35067,0.11528,0.00472,0.00673,0.00099,0.00935,0.00167,0.01376,0.00971,0.00298,0.01794,0.00682
0.00753,0.03719,0.05678,0.02436,0.00725,0.00801,0.00527,0.00983,0.38773,0.00427,0.00807,0.43269,0.00187,0.00915
0.00185,0.43560,0.38603,0.05613,0.04671,0.00142,0.04524,0.00355,0.00353,0.00402,0.00440,0.00277,0.00330,0.00545
0.01962,0.07205,0.23454,0.01769,0.00851,0.00635,0.01494,0.23213,0.02778,0.29758,0.02272,0.00962,0.00541,0.03108
0.02278,0.05603,0.05338,0.06258,0.00488,0.01912,0.04205,0.03669,0.01358,0.01199,0.30920,0.00597,0.00613,0.35561
0.43402,0.03869,0.08485,0.00501,0.37897,0.00685,0.01202,0.00423,0.00476,0.00577,0.00737,0.00195,0.00936,0.00614
0.04458,0.06504,0.04819,0.03250,0.03481,0.01210,0.01223,0.26948,0.00930,0.30419,0.05748,0.00556,0.05478,0.04976
0.02608,0.06464,0.08674,0.40742,0.00234,0.00511,0.00785,0.00125,0.01869,0.00353,0.00350,0.00171,0.36950,0.00166
0.00187,0.48343,0.44872,0.03451,0.00573,0.00169,0.00209,0.01464,0.00133,0.00208,0.00067,0.00162,0.00095,0.00067
0.03053,0.03539,0.08296,0.07513,0.28022,0.03318,0.31192,0.02255,0.04016,0.02046,0.01762,0.01876,0.01365,0.01748
0.01977,0.04165,0.03850,0.01042,0.01213,0.31963,0.33247,0.00576,0.00938,0.01105,0.08918,0.00553,0.00474,0.09979
0.01172,0.13348,0.04001,0.11832,0.01953,0.00761,0.01506,0.02396,0.00409,0.03263,0.27996,0.00382,0.00512,0.30469
0.02301,0.46638,0.02783,0.16143,0.02410,0.00693,0.00550,0.01514,0.03169,0.00599,0.01809,0.00639,0.20054,0.00698
0.00763,0.06466,0.10700,0.00722,0.01141,0.00532,0.00720,0.00360,0.00997,0.00212,0.34804,0.00629,0.00753,0.41201
0.01565,0.07771,0.05870,0.04589,0.02873,0.01257,0.01133,0.00628,0.02641,0.01390,0.27420,0.01903,0.09050,0.31910
0.00795,0.17878,0.06381,0.01103,0.00542,0.10225,0.08508,0.28231,0.01858,0.00792,0.00512,0.21553,0.00497,0.01125
0.01505,0.09464,0.05742,0.01726,0.04738,0.02520,0.06323,0.00729,0.01623,0.01623,0.31620,0.01133,0.01643,0.29612
0.01872,0.03657,0.04535,0.04536,0.04789,0.03822,0.05862,0.09538,0.02241,0.08710,0.22202,0.09734,0.01119,0.17383
0.00468,0.07579,0.08728,0.02441,0.00455,0.00705,0.00478,0.00275,0.00330,0.00517,0.36433,0.00292,0.00450,0.40848
0.01144,0.06775,0.07663,0.03199,0.03936,0.03851,0.02579,0.02051,0.00604,0.02548,0.34552,0.01147,0.01344,0.28607
0.02660,0.06689,0.04588,0.01034,0.01210,0.22111,0.02095,0.01629,0.01531,0.19809,0.14906,0.03941,0.00996,0.16800
0.01227,0.07747,0.08777,0.01678,0.02599,0.08647,0.08059,0.04475,0.01828,0.05112,0.19989,0.03477,0.03281,0.23104
0.00876,0.13384,0.08376,0.03028,0.01304,0.07460,0.09602,0.24136,0.00291,0.00955,0.03846,0.19200,0.02449,0.05094
0.46084,0.01852,0.02693,0.00118,0.00121,0.00172,0.00185,0.00104,0.47511,0.00113,0.00523,0.00078,0.00084,0.00360
0.00610,0.04288,0.06800,0.00517,0.01492,0.39112,0.43373,0.00358,0.00447,0.00467,0.00964,0.00308,0.00244,0.01021
0.01531,0.05614,0.05729,0.01300,0.03424,0.01746,0.01310,0.02177,0.00339,0.01774,0.36640,0.01423,0.02414,0.34581
0.04213,0.05909,0.04556,0.02964,0.01625,0.00892,0.02054,0.00773,0.32608,0.01400,0.01053,0.36419,0.04632,0.00901
0.00774,0.04530,0.04353,0.43088,0.00216,0.00788,0.01043,0.00668,0.00693,0.01318,0.01475,0.00433,0.39442,0.01181
0.02409,0.07518,0.15493,0.03675,0.01978,0.01459,0.01347,0.01474,0.00734,0.00959,0.26738,0.00495,0.01043,0.34679
0.04019,0.05289,0.04708,0.00288,0.00673,0.00949,0.00597,0.03115,0.36883,0.00969,0.01737,0.38202,0.00495,0.02076
0.02140,0.04621,0.06161,0.00972,0.42489,0.01367,0.35904,0.01017,0.00644,0.02208,0.00773,0.00356,0.00964,0.00384
0.00815,0.64789,0.04736,0.00665,0.17866,0.00589,0.00646,0.03030,0.02656,0.00301,0.00254,0.03301,0.00048,0.00305
0.00432,0.20333,0.23405,0.01187,0.08765,0.00907,0.10917,0.00464,0.02934,0.02870,0.12403,0.02077,0.02386,0.10922
0.00207,0.02772,0.07852,0.00945,0.00297,0.00152,0.01247,0.00684,0.03256,0.00118,0.36116,0.01691,0.00407,0.44256
0.01051,0.44473,0.12504,0.00854,0.07756,0.03348,0.02053,0.02803,0.02273,0.03146,0.08161,0.02047,0.00246,0.09285
0.03900,0.30931,0.29929,0.00830,0.02947,0.01563,0.00692,0.09948,0.00583,0.00362,0.04002,0.09571,0.00710,0.04031
0.01862,0.08215,0.06153,0.01136,0.03874,0.00784,0.09797,0.01602,0.01290,0.00911,0.31662,0.00756,0.01096,0.30862
0.00495,0.15960,0.12069,0.02261,0.01028,0.00488,0.00598,0.00456,0.00990,0.00340,0.30029,0.00681,0.00345,0.34260
0.00883,0.43987,0.31874,0.08859,0.01059,0.00688,0.01047,0.02967,0.02259,0.00455,0.01901,0.02534,0.00526,0.00961
0.01099,0.41210,0.02751,0.33571,0.01256,0.01681,0.00750,0.02008,0.04829,0.01198,0.04264,0.01630,0.00414,0.03339
0.00196,0.88179,0.04834,0.00272,0.01660,0.00452,0.00244,0.03040,0.00301,0.00087,0.00113,0.00388,0.00152,0.00082
0.00663,0.41553,0.36569,0.07871,0.01602,0.01183,0.04637,0.00495,0.00959,0.00593,0.00998,0.00535,0.00972,0.01370
0.01119,0.07554,0.30769,0.01119,0.02469,0.02239,0.02907,0.18627,0.00452,0.26056,0.01748,0.01083,0.00573,0.03285
0.01291,0.05353,0.06839,0.01184,0.04062,0.01661,0.03635,0.25250,0.07278,0.30519,0.01467,0.09580,0.00511,0.01369
0.01033,0.05938,0.07601,0.02260,0.01541,0.01304,0.02057,0.25236,0.01330,0.29036,0.10141,0.00950,0.01591,0.09982
0.00120,0.48983,0.48182,0.00740,0.00277,0.00226,0.00254,0.00214,0.00298,0.00138,0.00120,0.00220,0.00158,0.00071
0.00870,0.06953,0.35538,0.01232,0.00589,0.00732,0.00361,0.00228,0.08629,0.00179,0.00685,0.18008,0.25563,0.00433
0.02248,0.23156,0.02629,0.03007,0.04796,0.18173,0.14852,0.02070,0.01972,0.02814,0.10071,0.02929,0.00560,0.10724
0.01064,0.04529,0.01483,0.01824,0.01355,0.38318,0.00476,0.05223,0.00266,0.37538,0.01265,0.04380,0.01163,0.01118
0.00532,0.03391,0.02746,0.06486,0.03006,0.15955,0.21103,0.00968,0.10373,0.00757,0.10388,0.10277,0.00580,0.13437
0.09870,0.32960,0.26860,0.01855,0.09186,0.03138,0.01644,0.02898,0.01017,0.00362,0.02424,0.03967,0.00774,0.03045
0.00055,0.49334,0.48112,0.00169,0.00117,0.00180,0.00152,0.00052,0.00080,0.00026,0.00105,0.00040,0.01490,0.00087
0.00660,0.03649,0.06901,0.00945,0.01262,0.02855,0.03167,0.01326,0.01316,0.01240,0.35114,0.01138,0.00461,0.39967
0.01575,0.22949,0.29910,0.01392,0.02122,0.01022,0.00840,0.01007,0.08577,0.01655,0.07859,0.10174,0.02215,0.08702
0.03198,0.04154,0.08299,0.01636,0.01026,0.03054,0.02123,0.01639,0.02071,0.01380,0.31981,0.00890,0.00967,0.37583
0.00570,0.04274,0.05267,0.01460,0.24202,0.01851,0.21794,0.03373,0.04594,0.01915,0.12571,0.06286,0.00694,0.11149
0.00817,0.52259,0.21849,0.01184,0.09410,0.01023,0.01531,0.03445,0.02055,0.00561,0.00537,0.04581,0.00250,0.00498
0.00390,0.07502,0.13108,0.00381,0.41403,0.00344,0.34477,0.00466,0.00317,0.00130,0.00239,0.00412,0.00397,0.00435
0.01034,0.03418,0.06199,0.01602,0.01180,0.01416,0.00994,0.09064,0.00961,0.11425,0.33153,0.01169,0.00873,0.27512
0.00377,0.06524,0.14957,0.00338,0.00298,0.33797,0.41342,0.00587,0.00293,0.00340,0.00301,0.00363,0.00155,0.00327
0.28501,0.10073,0.10551,0.00746,0.24292,0.03595,0.02254,0.03222,0.05850,0.02833,0.01800,0.03662,0.01201,0.01420
0.00754,0.12267,0.12392,0.00876,0.01497,0.01189,0.09467,0.00439,0.14232,0.00577,0.12665,0.16286,0.00519,0.16840
0.02387,0.15711,0.09409,0.03936,0.04565,0.05815,0.02617,0.00728,0.01384,0.01119,0.25215,0.01361,0.01167,0.24587
0.00688,0.08681,0.08074,0.01962,0.02969,0.01731,0.01768,0.00654,0.33805,0.00661,0.01118,0.35985,0.00503,0.01402
0.00372,0.03538,0.02889,0.01129,0.03191,0.08118,0.07749,0.28470,0.00552,0.30423,0.06565,0.00760,0.00729,0.05513
0.01586,0.20270,0.15348,0.01940,0.03685,0.01862,0.01177,0.09074,0.02248,0.00650,0.15290,0.08862,0.00270,0.17738
0.00356,0.08843,0.07084,0.02117,0.01480,0.02411,0.02191,0.22628,0.03878,0.24612,0.10769,0.01817,0.00817,0.10997
0.00364,0.08871,0.15857,0.01363,0.00925,0.01217,0.00872,0.00877,0.01404,0.00256,0.29003,0.01132,0.00786,0.37074
0.00880,0.03435,0.02061,0.02160,0.00719,0.04153,0.05512,0.18992,0.00515,0.00507,0.21906,0.17368,0.00477,0.21315
0.00464,0.03727,0.05846,0.01340,0.00994,0.00212,0.01119,0.39095,0.04441,0.00790,0.01329,0.38915,0.01191,0.00537
0.01520,0.08859,0.04222,0.00975,0.04179,0.03781,0.02312,0.06662,0.01511,0.03939,0.29336,0.01906,0.01243,0.29555
0.00331,0.10855,0.10894,0.02062,0.00601,0.00899,0.01122,0.37062,0.00519,0.00485,0.01417,0.32551,0.00210,0.00991
0.05798,0.37834,0.34951,0.03191,0.00608,0.01056,0.01557,0.02443,0.07222,0.00780,0.00918,0.01203,0.01776,0.00662
0.00828,0.14683,0.09060,0.02528,0.03004,0.01308,0.02752,0.30175,0.00374,0.29733,0.02054,0.00361,0.02052,0.01086
0.02520,0.04404,0.02201,0.05792,0.03269,0.03243,0.04742,0.31383,0.01606,0.33891,0.01253,0.00724,0.03077,0.01896
0.00349,0.33916,0.32028,0.00723,0.01584,0.05318,0.07814,0.00404,0.00450,0.01174,0.07200,0.00634,0.00505,0.07901
0.02748,0.15964,0.07460,0.10136,0.00739,0.06286,0.06791,0.10280,0.12088,0.13581,0.01488,0.09011,0.01694,0.01734
0.01298,0.05141,0.06529,0.00691,0.00251,0.43165,0.00449,0.00598,0.00437,0.39230,0.01137,0.00321,0.00399,0.00354
0.02956,0.05261,0.13610,0.02184,0.04553,0.02612,0.00698,0.01542,0.01200,0.05126,0.21359,0.02064,0.09959,0.26876
0.00554,0.07377,0.05083,0.02480,0.00693,0.04101,0.02003,0.00358,0.00367,0.00281,0.36624,0.00391,0.01083,0.38606
0.02251,0.18711,0.12248,0.04193,0.01192,0.27336,0.26955,0.02292,0.00883,0.01700,0.00327,0.00433,0.00656,0.00823
0.01199,0.07580,0.06485,0.00932,0.01344,0.01264,0.01206,0.37806,0.00735,0.27146,0.01763,0.10354,0.00707,0.01479
0.02158,0.14214,0.27263,0.01533,0.01201,0.04208,0.01750,0.01643,0.19536,0.02318,0.01851,0.18417,0.01510,0.02397
0.01381,0.37227,0.31027,0.05862,0.04310,0.01208,0.01082,0.00667,0.07038,0.00509,0.00785,0.07764,0.00670,0.00469
0.00409,0.09977,0.03649,0.01811,0.00273,0.09622,0.04122,0.31940,0.00166,0.31760,0.01971,0.02110,0.01132,0.01058
0.04063,0.08615,0.24594,0.03914,0.04055,0.09967,0.00838,0.01877,0.00809,0.09309,0.04945,0.01289,0.24368,0.01357
0.03045,0.09690,0.02682,0.02575,0.00999,0.01209,0.02043,0.01737,0.00998,0.02112,0.35439,0.01280,0.01715,0.34475
0.00603,0.03179,0.03651,0.40495,0.00340,0.00701,0.00616,0.00330,0.00212,0.01125,0.05470,0.00242,0.37276,0.05760
0.00848,0.03400,0.04661,0.00773,0.00672,0.00390,0.00563,0.44978,0.00888,0.01195,0.00905,0.39881,0.00253,0.00591
0.00261,0.47497,0.43942,0.00370,0.00142,0.01242,0.00667,0.02977,0.00134,0.00154,0.00153,0.02040,0.00144,0.00277
0.01350,0.09551,0.14903,0.01302,0.01306,0.00755,0.00549,0.00264,0.00809,0.00692,0.29559,0.00469,0.00992,0.37501
0.01957,0.17373,0.18169,0.00379,0.00736,0.00824,0.00356,0.00322,0.28180,0.00177,0.00179,0.30894,0.00198,0.00256
0.01045,0.11065,0.64842,0.02124,0.00697,0.03140,0.09995,0.00695,0.01460,0.00457,0.00601,0.02487,0.00517,0.00876
0.00234,0.46040,0.44123,0.00538,0.01489,0.00701,0.01251,0.00232,0.00219,0.00453,0.02442,0.00238,0.00179,0.01861
0.01529,0.06895,0.05489,0.02478,0.01876,0.11062,0.13555,0.03180,0.01974,0.03857,0.20811,0.02107,0.01222,0.23966
0.05047,0.05893,0.06375,0.01654,0.05004,0.01224,0.02123,0.00716,0.01128,0.01755,0.29849,0.00999,0.02540,0.35693
0.00807,0.87250,0.05514,0.00278,0.00193,0.00549,0.00232,0.01873,0.01131,0.00374,0.00924,0.00267,0.00171,0.00437
0.00567,0.06278,0.06703,0.00821,0.00807,0.38894,0.41444,0.00580,0.00313,0.00932,0.00639,0.00423,0.00934,0.00665
0.01670,0.10429,0.08905,0.03335,0.04510,0.29287,0.33205,0.00821,0.01094,0.00793,0.02164,0.00480,0.00798,0.02509
0.19101,0.09782,0.10744,0.00434,0.06477,0.15101,0.16644,0.00569,0.16624,0.01782,0.00513,0.00851,0.00686,0.00691
0.01613,0.42761,0.08061,0.02830,0.01387,0.03208,0.02073,0.01872,0.02097,0.02987,0.14304,0.00227,0.01121,0.15458
0.01351,0.08261,0.11819,0.00426,0.00696,0.01968,0.03353,0.30638,0.01164,0.30313,0.01870,0.04060,0.01153,0.02927
0.01003,0.03350,0.04049,0.01110,0.00312,0.05636,0.02238,0.17050,0.22070,0.00372,0.00851,0.39909,0.01183,0.00867
0.01142,0.04998,0.02845,0.01279,0.00730,0.00659,0.00890,0.01000,0.00893,0.00572,0.39913,0.01176,0.01435,0.42468
0.01633,0.03233,0.01367,0.01201,0.43707,0.01852,0.41327,0.00604,0.00690,0.02153,0.00812,0.00533,0.00363,0.00526
0.01264,0.03697,0.04136,0.01327,0.01855,0.00580,0.00841,0.01152,0.38798,0.00461,0.01727,0.42098,0.00643,0.01421
0.00874,0.04712,0.07674,0.00532,0.01277,0.00451,0.01050,0.01492,0.00820,0.00891,0.37896,0.02501,0.00831,0.39000
0.01455,0.03277,0.07015,0.00885,0.43239,0.00876,0.38945,0.00805,0.00608,0.00722,0.00341,0.00551,0.00802,0.00479
0.05932,0.40485,0.35448,0.03897,0.04923,0.01889,0.02613,0.00307,0.01417,0.00266,0.00686,0.01020,0.00362,0.00756
0.00516,0.05059,0.10412,0.00768,0.00239,0.00556,0.00483,0.40782,0.00574,0.10940,0.00770,0.26865,0.00427,0.01607
0.00485,0.06522,0.09605,0.03094,0.00586,0.00571,0.00450,0.15798,0.00508,0.01703,0.25911,0.11049,0.00557,0.23161
0.03215,0.12139,0.02817,0.02100,0.15030,0.00863,0.18365,0.20776,0.00588,0.01280,0.01344,0.18815,0.01159,0.01511
0.03411,0.04799,0.04129,0.01488,0.03955,0.11432,0.13377,0.24611,0.01909,0.14823,0.01816,0.11839,0.00755,0.01654
0.03147,0.03944,0.34552,0.00720,0.00504,0.00301,0.00664,0.00737,0.01701,0.00404,0.07724,0.01811,0.29422,0.14368
0.05025,0.05394,0.24003,0.01775,0.02385,0.01613,0.01896,0.00660,0.01438,0.01208,0.14205,0.00670,0.20314,0.19414
0.00363,0.06694,0.14499,0.00917,0.00360,0.01482,0.02169,0.01236,0.00667,0.00125,0.31507,0.00826,0.00512,0.38643
0.00697,0.05136,0.03518,0.02490,0.01592,0.00608,0.00466,0.00212,0.00452,0.00443,0.39496,0.00402,0.01182,0.43306
0.01820,0.39673,0.07674,0.01115,0.01598,0.00870,0.00636,0.02271,0.03907,0.00436,0.18590,0.01851,0.01145,0.18412
0.02296,0.33292,0.32042,0.07846,0.03372,0.00522,0.00779,0.03196,0.00397,0.01470,0.01516,0.00591,0.11477,0.01206
0.28545,0.05424,0.04834,0.01254,0.00706,0.11852,0.11346,0.01126,0.26959,0.00853,0.00733,0.00460,0.05402,0.00507
0.45832,0.02716,0.03227,0.00540,0.42960,0.00399,0.00910,0.00598,0.00286,0.00313,0.00663,0.00566,0.00640,0.00352
0.00296,0.13367,0.14931,0.00625,0.00839,0.00584,0.00507,0.02754,0.00517,0.02865,0.27200,0.00387,0.00849,0.34279
0.18098,0.26436,0.24450,0.04093,0.17573,0.00663,0.00714,0.00476,0.00473,0.00756,0.00982,0.00351,0.04143,0.00791
0.00555,0.18963,0.70453,0.01103,0.00458,0.00546,0.02565,0.00331,0.01299,0.00436,0.00753,0.00892,0.00847,0.00798
0.01465,0.32418,0.10718,0.19172,0.00809,0.00741,0.01641,0.02860,0.02072,0.04299,0.12177,0.00309,0.00480,0.10837
0.01101,0.08703,0.09943,0.01103,0.01395,0.04548,0.03182,0.30575,0.01595,0.34201,0.00829,0.01087,0.01007,0.00730
0.01540,0.09014,0.12995,0.03890,0.01831,0.19197,0.23137,0.00268,0.00979,0.00757,0.10225,0.00654,0.01292,0.14222
0.00338,0.10355,0.81796,0.00273,0.00543,0.00472,0.03317,0.00643,0.00213,0.00229,0.00272,0.00428,0.00527,0.00594
0.01218,0.05618,0.03320,0.01207,0.01005,0.01582,0.00683,0.20570,0.18689,0.21593,0.01299,0.19548,0.01760,0.01907
0.00435,0.42182,0.41171,0.00541,0.01801,0.03394,0.06646,0.00382,0.00472,0.00645,0.01013,0.00276,0.00383,0.00660
0.00573,0.36796,0.34839,0.01306,0.09917,0.02792,0.07829,0.00411,0.00305,0.00343,0.01547,0.01534,0.00572,0.01236
0.00382,0.05792,0.10044,0.02476,0.00912,0.02002,0.02292,0.35343,0.01147,0.17230,0.01562,0.18313,0.01925,0.00582
0.02040,0.06002,0.05147,0.00567,0.01116,0.01782,0.01529,0.25943,0.14651,0.02286,0.00896,0.35806,0.01814,0.00421
0.00670,0.10565,0.13692,0.02115,0.00545,0.00655,0.00805,0.02654,0.29599,0.00803,0.01004,0.35173,0.00268,0.01452
0.02371,0.17743,0.10814,0.02498,0.04137,0.03863,0.01778,0.04975,0.03967,0.03185,0.20964,0.05506,0.01618,0.16581
0.01167,0.08793,0.06972,0.02547,0.01292,0.21891,0.23546,0.04869,0.10244,0.00605,0.01279,0.12293,0.02804,0.01699
0.01417,0.74099,0.07599,0.01448,0.00331,0.01344,0.00601,0.03066,0.00803,0.02540,0.01820,0.00660,0.01454,0.02818
0.00584,0.05325,0.04934,0.01275,0.02712,0.02364,0.03537,0.21439,0.00379,0.22241,0.15757,0.00535,0.00289,0.18626
0.00704,0.02793,0.03242,0.00585,0.01110,0.01224,0.00736,0.23399,0.00519,0.02947,0.22668,0.16461,0.00191,0.23421
0.00746,0.37758,0.37999,0.00436,0.01235,0.01643,0.00741,0.04542,0.02435,0.02147,0.01398,0.05391,0.01577,0.01949
0.00980,0.48946,0.46375,0.00174,0.01540,0.00282,0.00159,0.00351,0.00085,0.00235,0.00130,0.00283,0.00353,0.00106
0.00939,0.07332,0.04671,0.01794,0.03482,0.00769,0.04763,0.00926,0.04129,0.01015,0.31174,0.04494,0.00514,0.33999
0.01375,0.02975,0.04533,0.00784,0.00560,0.41779,0.44939,0.00330,0.01051,0.00332,0.00344,0.00465,0.00312,0.00221
0.00409,0.05458,0.05790,0.00537,0.01394,0.02185,0.04417,0.01196,0.37361,0.00275,0.00206,0.40086,0.00315,0.00372
0.00442,0.45530,0.39679,0.02413,0.00601,0.01113,0.00635,0.01280,0.00678,0.02038,0.01817,0.00608,0.01557,0.01611
0.04295,0.11693,0.04591,0.03036,0.01826,0.01255,0.00893,0.07298,0.13957,0.02647,0.18567,0.16316,0.00496,0.13129
0.01282,0.07471,0.09157,0.00620,0.01061,0.02882,0.01823,0.00381,0.29118,0.01121,0.04919,0.32157,0.00455,0.07551
0.00579,0.05950,0.03402,0.01437,0.01744,0.00650,0.02734,0.35050,0.00787,0.03086,0.05901,0.31781,0.00562,0.06337
0.01228,0.06717,0.18819,0.00727,0.00494,0.00696,0.00540,0.00611,0.01163,0.00761,0.38562,0.00908,0.01536,0.27238
0.00304,0.09651,0.12990,0.00571,0.00361,0.32904,0.34719,0.00938,0.00353,0.04039,0.01201,0.00329,0.00261,0.01377
0.00375,0.03067,0.05355,0.00689,0.00277,0.45413,0.00868,0.00233,0.00176,0.41392,0.00584,0.00457,0.00605,0.00511
0.00441,0.22064,0.21391,0.07159,0.01207,0.09002,0.11547,0.06736,0.00350,0.12424,0.02712,0.00510,0.02464,0.01992
0.00978,0.07799,0.06961,0.01800,0.01249,0.01088,0.01028,0.01117,0.33403,0.00722,0.03187,0.37660,0.00376,0.02634
0.00350,0.06460,0.04739,0.00332,0.00556,0.00740,0.00332,0.44201,0.00358,0.00716,0.00544,0.39878,0.00333,0.00461
0.25098,0.07800,0.07178,0.04187,0.01974,0.01506,0.01524,0.06286,0.27650,0.09061,0.03293,0.01577,0.01455,0.01411
0.01567,0.05142,0.04520,0.06180,0.00787,0.02091,0.02257,0.37720,0.01473,0.00929,0.00332,0.34812,0.00562,0.01626
0.22031,0.02987,0.02143,0.03350,0.21319,0.00807,0.01489,0.13491,0.01812,0.17271,0.06251,0.01099,0.01161,0.04789
0.00860,0.45121,0.43239,0.00125,0.02231,0.03079,0.00246,0.00248,0.00184,0.03729,0.00308,0.00173,0.00258,0.00199
0.01956,0.38260,0.05113,0.31374,0.01541,0.00387,0.01262,0.00461,0.01245,0.00492,0.07462,0.00471,0.00667,0.09309
