0.17300,0.15047,0.33355,0.34298
0.06107,0.03116,0.44663,0.46114
0.22631,0.23832,0.26260,0.27277
0.07097,0.07279,0.42248,0.43376
0.34588,0.34338,0.14694,0.16379
0.12075,0.11962,0.37137,0.38826
0.15790,0.16782,0.32933,0.34495
0.32066,0.02582,0.32358,0.32994
0.41813,0.09715,0.23742,0.24730
0.10054,0.04187,0.42526,0.43233
0.04536,0.04860,0.44208,0.46396
0.35403,0.36296,0.13319,0.14982
0.21229,0.22471,0.27959,0.28341
0.15043,0.15492,0.33822,0.35643
0.07963,0.07748,0.41368,0.42921
0.18943,0.19092,0.30552,0.31414
0.74693,0.01970,0.11394,0.11942
0.08806,0.08902,0.40676,0.41616
0.18282,0.19580,0.30986,0.31152
0.18920,0.20590,0.29418,0.31072
0.02833,0.05607,0.45186,0.46373
0.08053,0.09300,0.40400,0.42246
0.22403,0.24136,0.26193,0.27269
0.03598,0.03566,0.45327,0.47509
0.32965,0.34388,0.16239,0.16408
0.18838,0.20255,0.29535,0.31372
0.17018,0.17625,0.31931,0.33426
0.05270,0.18543,0.37626,0.38561
0.29431,0.30085,0.19847,0.20637
0.04802,0.04999,0.44801,0.45398
0.12844,0.09160,0.38354,0.39643
0.06726,0.07526,0.42064,0.43684
0.03989,0.04243,0.45743,0.46024
0.06511,0.07044,0.43015,0.43430
0.09407,0.05678,0.41996,0.42919
0.23019,0.16345,0.30129,0.30507
0.05270,0.04388,0.44588,0.45754
0.13612,0.14584,0.35382,0.36421
0.21249,0.21054,0.28203,0.29494
0.31919,0.33409,0.16610,0.18061
0.47225,0.01989,0.25215,0.25570
0.05136,0.05408,0.43993,0.45463
0.26212,0.27275,0.22769,0.23745
0.16758,0.17180,0.32339,0.33724
0.41177,0.03325,0.27453,0.28045
0.00834,0.00906,0.48730,0.49529
0.11565,0.12114,0.37527,0.38795
0.08672,0.09093,0.40509,0.41725
0.16989,0.18396,0.31743,0.32872
0.32288,0.22397,0.21977,0.23338
0.22387,0.23171,0.26550,0.27892
0.10830,0.10806,0.38870,0.39493
0.06024,0.06961,0.42853,0.44161
0.07986,0.08827,0.40702,0.42485
0.18474,0.18959,0.30891,0.31675
0.03916,0.03791,0.45618,0.46676
0.06223,0.06621,0.42862,0.44294
0.04671,0.02417,0.46083,0.46830
0.40283,0.04211,0.27029,0.28477
0.03444,0.59674,0.18466,0.18416
0.26873,0.27880,0.21875,0.23372
0.10550,0.11463,0.38446,0.39541
0.15694,0.17344,0.32636,0.34327
0.20047,0.20561,0.29191,0.30202
0.02175,0.28225,0.34522,0.35077
0.09132,0.09729,0.39934,0.41206
0.10598,0.19825,0.34481,0.35096
0.12987,0.13547,0.36174,0.37292
0.19289,0.19876,0.29706,0.31129
0.14489,0.15077,0.34046,0.36388
0.13745,0.13990,0.35328,0.36937
0.12665,0.12924,0.36814,0.37597
0.22333,0.23674,0.26331,0.27662
0.10210,0.11299,0.38490,0.40001
0.11106,0.30233,0.29148,0.29513
0.17819,0.18371,0.31552,0.32258
0.36955,0.37351,0.12369,0.13325
0.03825,0.03965,0.44919,0.47291
0.06366,0.06896,0.42731,0.44007
0.07471,0.08210,0.41772,0.42547
0.04046,0.04204,0.44794,0.46955
0.19973,0.14839,0.32322,0.32865
0.06762,0.07139,0.42177,0.43922
0.08350,0.08219,0.41051,0.42379
0.01866,0.02512,0.46690,0.48932
0.32917,0.34741,0.15464,0.16878
0.28625,0.28946,0.20937,0.21492
0.23564,0.24451,0.25333,0.26652
0.28411,0.29013,0.20767,0.21808
0.03807,0.04176,0.45487,0.46531
0.27135,0.28534,0.21643,0.22689
0.33520,0.35059,0.14900,0.16521
0.27168,0.28628,0.21737,0.22466
0.08563,0.08818,0.40788,0.41830
0.08820,0.09355,0.40147,0.41678
0.08390,0.21453,0.34613,0.35544
0.08189,0.08883,0.40764,0.42164
0.06899,0.04402,0.43654,0.45045
0.21790,0.27363,0.25171,0.25676
0.05782,0.06846,0.42838,0.44535
0.02087,0.48685,0.24233,0.24994
0.08393,0.09045,0.40167,0.42395
0.16506,0.11147,0.35318,0.37029
0.25422,0.26362,0.23458,0.24758
0.25447,0.26189,0.23255,0.25109
0.19746,0.02753,0.38645,0.38856
0.02348,0.02569,0.46501,0.48582
0.03448,0.02442,0.46255,0.47854
0.02019,0.40043,0.28821,0.29117
0.04099,0.01852,0.46720,0.47329
0.06292,0.06285,0.43157,0.44266
0.17921,0.19011,0.30636,0.32432
0.04449,0.49381,0.22861,0.23308
0.17322,0.18815,0.31196,0.32668
0.22140,0.22887,0.27011,0.27962
0.06293,0.07209,0.42341,0.44157
0.25351,0.26407,0.23450,0.24791
0.49958,0.16075,0.16971,0.16997
0.15970,0.16256,0.33158,0.34616
0.17538,0.18056,0.31534,0.32872
0.04599,0.04857,0.44626,0.45917
0.17472,0.17427,0.31985,0.33115
0.22475,0.24865,0.25667,0.26993
0.17808,0.18193,0.31179,0.32820
0.15129,0.15453,0.33993,0.35425
0.08229,0.08973,0.40886,0.41912
0.06692,0.07249,0.42497,0.43562
0.04142,0.04335,0.44935,0.46589
0.03698,0.02951,0.46026,0.47325
0.24886,0.25155,0.24305,0.25654
0.27537,0.28530,0.21293,0.22640
0.02810,0.04792,0.45744,0.46654
0.15098,0.15246,0.33814,0.35842
0.10641,0.11837,0.37620,0.39901
0.16587,0.18666,0.32145,0.32603
0.09291,0.14467,0.37570,0.38672
0.07192,0.08254,0.41027,0.43526
0.12781,0.14426,0.35413,0.37380
0.21748,0.22250,0.27670,0.28331
0.07088,0.07141,0.42304,0.43467
0.07027,0.19514,0.35977,0.37482
0.02274,0.06269,0.44943,0.46514
0.23084,0.23326,0.26029,0.27560
0.30195,0.32242,0.18183,0.19380
0.13537,0.14402,0.35372,0.36689
0.12526,0.13123,0.36286,0.38065
0.17829,0.18838,0.30789,0.32544
0.02882,0.20798,0.37821,0.38499
0.09404,0.09713,0.39907,0.40976
0.02740,0.02860,0.46390,0.48010
0.32429,0.34814,0.15904,0.16853
0.30013,0.31656,0.18628,0.19702
0.19110,0.19808,0.30112,0.30969
0.05256,0.05908,0.43901,0.44934
0.08369,0.20933,0.34812,0.35887
0.20905,0.21411,0.28119,0.29564
0.03823,0.04424,0.45226,0.46527
0.09665,0.10179,0.39044,0.41112
0.21283,0.21956,0.28005,0.28756
0.14228,0.19071,0.33075,0.33626
0.03853,0.04040,0.44873,0.47235
0.04437,0.04804,0.44490,0.46269
0.07391,0.41800,0.25174,0.25635
0.22893,0.23672,0.26361,0.27073
0.04456,0.13330,0.40415,0.41799
0.05149,0.05954,0.43496,0.45401
0.08772,0.09110,0.40354,0.41764
0.20107,0.21058,0.28741,0.30094
0.16054,0.16338,0.33226,0.34382
0.03290,0.03537,0.45714,0.47460
0.06119,0.06402,0.42946,0.44533
0.17784,0.18841,0.31468,0.31907
0.07980,0.01882,0.44784,0.45354
0.17919,0.18435,0.31187,0.32459
0.02502,0.02814,0.46729,0.47956
0.08553,0.09338,0.40129,0.41980
0.15419,0.16805,0.33270,0.34506
0.24806,0.24837,0.24658,0.25699
0.02033,0.02132,0.47433,0.48403
0.18105,0.18523,0.30991,0.32381
0.13751,0.15143,0.35079,0.36027
0.02163,0.05476,0.45758,0.46603
0.05572,0.05839,0.43365,0.45224
0.15875,0.16792,0.32924,0.34409
0.03774,0.03771,0.45691,0.46764
0.06658,0.07847,0.42096,0.43398
0.21312,0.22177,0.27834,0.28677
0.05563,0.20388,0.36379,0.37670
0.12161,0.12962,0.36750,0.38127
0.12956,0.13423,0.36414,0.37206
0.05096,0.43377,0.25550,0.25977
0.03172,0.02637,0.46010,0.48180
0.12046,0.12255,0.36890,0.38808
0.29105,0.29635,0.20363,0.20897
0.14414,0.15150,0.34582,0.35853
0.29703,0.31664,0.18889,0.19743
0.07721,0.07872,0.41783,0.42624
0.10807,0.12243,0.37638,0.39312
0.12882,0.14189,0.35576,0.37354
0.07663,0.07963,0.41501,0.42874
0.37712,0.11218,0.25096,0.25974
0.15655,0.16523,0.33097,0.34725
0.03471,0.23620,0.35936,0.36973
0.06450,0.06580,0.42984,0.43986
0.23887,0.24299,0.25012,0.26802
0.04211,0.39546,0.27523,0.28721
0.25355,0.26384,0.23504,0.24757
0.16843,0.17108,0.32369,0.33679
0.33323,0.33671,0.16023,0.16983
0.05537,0.05842,0.43456,0.45165
0.16895,0.18197,0.32502,0.32407
0.06744,0.07840,0.42186,0.43230
0.18857,0.19665,0.30247,0.31231
0.19883,0.19966,0.28984,0.31167
0.11147,0.11922,0.37924,0.39008
0.03468,0.03470,0.45736,0.47326
0.07828,0.08672,0.41355,0.42145
0.06134,0.24824,0.33703,0.35339
0.03021,0.03036,0.46626,0.47317
0.17137,0.17717,0.31760,0.33387
0.13078,0.13665,0.35837,0.37419
0.02460,0.08837,0.43581,0.45122
0.22659,0.24810,0.25944,0.26587
0.11961,0.11880,0.37452,0.38707
0.30808,0.31538,0.18496,0.19158
0.12674,0.20764,0.32947,0.33614
0.19004,0.20473,0.29635,0.30888
0.18310,0.18802,0.30620,0.32268
0.18856,0.19685,0.29776,0.31684
0.22609,0.23535,0.26740,0.27115
0.18420,0.18614,0.30621,0.32345
0.04233,0.10829,0.42211,0.42727
0.06872,0.07167,0.42390,0.43572
0.22248,0.23255,0.26980,0.27518
0.05898,0.11570,0.40469,0.42064
0.14969,0.06927,0.38556,0.39548
0.11456,0.11668,0.37888,0.38988
0.08075,0.18165,0.36404,0.37356
0.10003,0.10839,0.38636,0.40522
0.06376,0.06300,0.43031,0.44293
0.25422,0.28068,0.22644,0.23865
0.01760,0.01920,0.47745,0.48575
0.05873,0.09437,0.42072,0.42617
0.09052,0.10970,0.39061,0.40916
0.05452,0.25110,0.34165,0.35273
0.09654,0.19508,0.34982,0.35857
0.20202,0.20778,0.28852,0.30169
0.17979,0.18997,0.30859,0.32165
0.18408,0.21003,0.29423,0.31166
0.08637,0.10312,0.39800,0.41251
0.17277,0.17593,0.31358,0.33772
0.13267,0.13960,0.35722,0.37052
0.01104,0.44779,0.26879,0.27239
0.06261,0.02377,0.45292,0.46069
0.12246,0.16634,0.34901,0.36219
0.04415,0.05048,0.44484,0.46053
0.17069,0.02259,0.39996,0.40675
0.10199,0.11048,0.38475,0.40278
0.33755,0.13394,0.26297,0.26554
0.03164,0.03534,0.45517,0.47786
0.05424,0.13045,0.40237,0.41293
0.07314,0.07127,0.42163,0.43396
0.06900,0.07241,0.42361,0.43498
0.06838,0.07302,0.42130,0.43730
0.27790,0.28311,0.21279,0.22620
0.10113,0.11088,0.38863,0.39935
0.03253,0.03472,0.45859,0.47417
0.10287,0.11349,0.38226,0.40138
0.18383,0.20336,0.30006,0.31275
0.08148,0.08646,0.41017,0.42190
0.10182,0.36446,0.26589,0.26783
0.35393,0.37532,0.13006,0.14070
0.25698,0.26594,0.23274,0.24434
0.22222,0.22584,0.27172,0.28022
0.14156,0.03604,0.40337,0.41903
0.04144,0.04645,0.44822,0.46389
0.16583,0.17504,0.32209,0.33705
0.09252,0.09958,0.39640,0.41150
0.32635,0.34009,0.15972,0.17384
0.05963,0.06745,0.43076,0.44215
0.06616,0.05173,0.43523,0.44688
0.18957,0.19392,0.30223,0.31428
0.13810,0.14172,0.35275,0.36743
0.17340,0.17776,0.31784,0.33100
0.02598,0.02951,0.46737,0.47714
0.22939,0.06090,0.34907,0.36065
0.21555,0.23011,0.27113,0.28321
0.16673,0.11602,0.35559,0.36166
0.16183,0.16545,0.33457,0.33815
0.12755,0.13629,0.35985,0.37631
0.08006,0.08269,0.40990,0.42736
0.08393,0.08100,0.41320,0.42186
0.15183,0.16496,0.33271,0.35050
0.42242,0.09220,0.23664,0.24875
0.18220,0.19824,0.30311,0.31645
0.17209,0.17485,0.31833,0.33473
0.13390,0.11017,0.37270,0.38323
0.30787,0.32707,0.17683,0.18823
0.02438,0.25926,0.35369,0.36266
0.08205,0.08632,0.40947,0.42215
