0.03990,0.09026,0.11781,0.04053,0.06607,0.16804,0.12189,0.17588,0.08991,0.08972
0.05989,0.02977,0.03610,0.05097,0.02734,0.21943,0.16044,0.18190,0.11881,0.11535
0.04274,0.01727,0.02235,0.03261,0.01357,0.16357,0.10729,0.11591,0.22548,0.25921
0.08829,0.14842,0.06201,0.05962,0.07684,0.07315,0.19605,0.06340,0.11468,0.11755
0.04448,0.01700,0.01974,0.04302,0.01100,0.04842,0.30431,0.04570,0.22263,0.24370
0.02742,0.08435,0.09502,0.02791,0.02747,0.30435,0.05372,0.15766,0.10422,0.11788
0.03982,0.04976,0.03532,0.04209,0.04768,0.11071,0.08082,0.09055,0.26244,0.24081
0.09467,0.05891,0.04576,0.09138,0.02688,0.04080,0.23006,0.03649,0.18317,0.19188
0.14829,0.03749,0.04421,0.10155,0.02118,0.14033,0.15314,0.12993,0.11137,0.11251
0.03295,0.02371,0.02308,0.03016,0.01927,0.21060,0.25061,0.19254,0.10477,0.11230
0.03711,0.02232,0.02145,0.05273,0.02047,0.11517,0.13001,0.12693,0.22958,0.24423
0.19619,0.01659,0.01214,0.14041,0.01281,0.20542,0.03360,0.18237,0.09930,0.10117
0.03383,0.06683,0.04231,0.02661,0.02254,0.03580,0.06099,0.03356,0.30235,0.37518
0.06612,0.01703,0.01721,0.08316,0.01708,0.16990,0.09728,0.17960,0.16849,0.18413
0.05617,0.13606,0.11348,0.05479,0.03517,0.12617,0.18114,0.10361,0.08799,0.10541
0.07194,0.02324,0.02756,0.09970,0.02556,0.14088,0.16455,0.15312,0.14961,0.14383
0.08430,0.04203,0.06812,0.08757,0.02537,0.12296,0.34098,0.12175,0.05279,0.05413
0.06257,0.10398,0.10020,0.07934,0.06666,0.10969,0.18861,0.12702,0.07720,0.08473
0.19839,0.04091,0.02764,0.17012,0.01842,0.07627,0.18026,0.06545,0.10361,0.11892
0.06043,0.02544,0.02752,0.05300,0.02098,0.14919,0.28088,0.14940,0.11139,0.12177
0.02581,0.02044,0.01858,0.02480,0.01837,0.06857,0.44677,0.06518,0.15923,0.15226
0.04727,0.07393,0.13007,0.04373,0.02815,0.13052,0.17323,0.10819,0.12638,0.13854
0.03885,0.01682,0.01806,0.04065,0.02772,0.13102,0.32526,0.10887,0.14014,0.15262
0.14979,0.05142,0.04851,0.13247,0.03603,0.09841,0.15675,0.09519,0.12084,0.11059
0.05202,0.02121,0.02606,0.05389,0.02158,0.23879,0.19090,0.21292,0.08746,0.09517
0.06715,0.03378,0.04736,0.05610,0.02972,0.03620,0.11894,0.03430,0.31594,0.26051
0.03761,0.19997,0.10449,0.03709,0.07442,0.14685,0.10675,0.12586,0.08263,0.08433
0.08180,0.04175,0.03256,0.08878,0.02613,0.05140,0.17111,0.04723,0.20989,0.24934
0.03262,0.03128,0.03272,0.03018,0.02516,0.17842,0.23246,0.14961,0.13196,0.15559
0.04708,0.02083,0.01843,0.05535,0.01531,0.12356,0.26468,0.11004,0.16635,0.17837
0.03311,0.02227,0.02638,0.02970,0.01913,0.03926,0.47684,0.03831,0.14794,0.16706
0.06393,0.06239,0.06677,0.06666,0.05550,0.12640,0.12406,0.10696,0.15258,0.17474
0.15746,0.01682,0.01388,0.05943,0.01711,0.08672,0.32498,0.08478,0.11324,0.12557
0.03865,0.02773,0.02797,0.03359,0.02848,0.26789,0.09636,0.22010,0.12152,0.13773
0.06456,0.02779,0.06693,0.04186,0.02395,0.21220,0.10310,0.19103,0.13384,0.13472
0.08992,0.07239,0.04158,0.08338,0.04198,0.10934,0.28767,0.09869,0.07801,0.09705
0.05504,0.02092,0.04005,0.05968,0.03942,0.26509,0.14683,0.23269,0.06855,0.07173
0.03170,0.08876,0.05714,0.03009,0.03965,0.12762,0.26349,0.12219,0.11924,0.12012
0.04819,0.05378,0.04791,0.04755,0.03726,0.07531,0.43501,0.06703,0.08819,0.09975
0.02494,0.05667,0.05752,0.02555,0.04550,0.04114,0.09516,0.03673,0.27882,0.33797
0.06665,0.07915,0.06479,0.05357,0.02111,0.19690,0.18681,0.15323,0.08414,0.09364
0.12127,0.03651,0.03188,0.12370,0.02195,0.13150,0.11755,0.12919,0.13808,0.14837
0.27642,0.01493,0.01900,0.12175,0.01139,0.17535,0.04117,0.16182,0.09194,0.08624
0.06453,0.03150,0.03026,0.07753,0.02035,0.11382,0.12736,0.08936,0.21141,0.23388
0.07465,0.06874,0.04229,0.08745,0.05538,0.08110,0.08447,0.06951,0.21241,0.22400
0.06966,0.04365,0.04878,0.06199,0.03287,0.18999,0.12307,0.13454,0.13821,0.15725
0.03403,0.03074,0.03293,0.03241,0.02155,0.37243,0.07999,0.20039,0.09627,0.09926
0.03569,0.03334,0.03965,0.03114,0.02803,0.10954,0.23617,0.09623,0.17643,0.21378
0.03953,0.02907,0.02574,0.04351,0.02105,0.08140,0.35698,0.07435,0.15515,0.17322
0.04365,0.02148,0.02235,0.03992,0.01170,0.18017,0.17902,0.13317,0.17061,0.19793
0.10175,0.02873,0.03390,0.14061,0.03566,0.09613,0.16635,0.09492,0.14544,0.15650
0.15345,0.02843,0.03554,0.09024,0.01463,0.04244,0.35452,0.03916,0.11222,0.12937
0.08240,0.03322,0.04126,0.10103,0.02488,0.14523,0.19889,0.11301,0.12276,0.13733
0.31991,0.02587,0.02979,0.19728,0.02470,0.04504,0.18814,0.04037,0.06256,0.06634
0.02554,0.02658,0.02041,0.02999,0.01804,0.14559,0.16062,0.11864,0.19767,0.25694
0.05062,0.03877,0.03486,0.05371,0.02147,0.07524,0.07795,0.07603,0.29217,0.27918
0.06460,0.06024,0.04639,0.05573,0.03114,0.03698,0.32719,0.03391,0.16164,0.18219
0.02875,0.03294,0.02878,0.03239,0.01863,0.17023,0.14150,0.13754,0.20138,0.20786
0.34623,0.01417,0.01650,0.08197,0.01196,0.13563,0.06483,0.13443,0.09402,0.10025
0.03269,0.02631,0.02620,0.02531,0.02233,0.32004,0.08777,0.21640,0.11561,0.12735
0.15593,0.03858,0.03062,0.09283,0.02118,0.07314,0.12481,0.07305,0.19824,0.19161
0.15975,0.03555,0.01882,0.29725,0.02507,0.14983,0.04221,0.15208,0.06035,0.05907
0.03214,0.03293,0.02786,0.03021,0.02456,0.38413,0.10150,0.20168,0.07611,0.08889
0.13848,0.02503,0.01831,0.13029,0.01598,0.29313,0.04652,0.21443,0.05724,0.06060
0.06661,0.05429,0.04724,0.08433,0.01974,0.07912,0.11448,0.08234,0.25079,0.20107
0.07462,0.02824,0.04203,0.04459,0.03003,0.18527,0.13658,0.14338,0.14484,0.17042
0.03922,0.04401,0.03964,0.04273,0.02853,0.11305,0.18667,0.11484,0.18948,0.20183
0.02762,0.02149,0.01904,0.02716,0.01697,0.13132,0.11365,0.12098,0.24200,0.27977
0.03444,0.01926,0.01930,0.03427,0.01461,0.22371,0.06600,0.20815,0.18045,0.19981
0.05025,0.03166,0.03591,0.03736,0.02967,0.11630,0.16577,0.11453,0.19632,0.22224
0.06405,0.02552,0.02200,0.05581,0.01906,0.06429,0.45153,0.06478,0.11394,0.11900
0.04016,0.03318,0.03059,0.05287,0.02900,0.16216,0.22742,0.17070,0.12138,0.13253
0.07054,0.05775,0.03229,0.08134,0.02966,0.17368,0.06177,0.15348,0.17314,0.16635
0.03291,0.08125,0.05612,0.03098,0.04935,0.18669,0.16643,0.14776,0.12361,0.12491
0.05798,0.04866,0.04160,0.07872,0.02335,0.04139,0.13531,0.03991,0.27849,0.25461
0.04283,0.04958,0.06243,0.06391,0.02402,0.06908,0.49939,0.06351,0.06122,0.06402
0.02698,0.02886,0.01907,0.03326,0.02718,0.09680,0.36855,0.10144,0.13458,0.16328
0.04109,0.02161,0.01934,0.04810,0.01894,0.20103,0.31346,0.14191,0.09493,0.09960
0.03346,0.01487,0.01611,0.03057,0.01575,0.18448,0.31698,0.18617,0.10026,0.10134
0.11080,0.07013,0.11109,0.09421,0.04940,0.13281,0.06144,0.12204,0.11529,0.13279
0.04256,0.02063,0.02851,0.04086,0.01366,0.11633,0.07726,0.09896,0.25561,0.30563
0.03936,0.23522,0.08364,0.08073,0.04828,0.10029,0.07705,0.09242,0.11463,0.12838
0.17979,0.04516,0.02945,0.07374,0.01436,0.08890,0.03018,0.08711,0.21506,0.23626
0.03382,0.02951,0.03458,0.03213,0.02190,0.10711,0.26187,0.09529,0.16790,0.21588
0.15859,0.03568,0.05812,0.09917,0.02023,0.09816,0.20605,0.09590,0.10881,0.11929
0.05715,0.15974,0.09342,0.05146,0.01930,0.13891,0.04839,0.10003,0.14834,0.18326
0.05308,0.06126,0.05966,0.04563,0.03004,0.20467,0.19143,0.15131,0.09854,0.10438
0.05215,0.12548,0.09034,0.05173,0.06439,0.10564,0.24408,0.11328,0.07099,0.08193
0.14219,0.02308,0.01971,0.13586,0.01315,0.10274,0.08740,0.08774,0.18575,0.20237
0.08378,0.02150,0.02127,0.08345,0.02222,0.25836,0.26810,0.15983,0.03894,0.04254
0.18286,0.03689,0.05051,0.18404,0.03290,0.11037,0.15211,0.11040,0.06515,0.07477
0.03975,0.09585,0.11155,0.03331,0.04812,0.10087,0.12520,0.09024,0.17737,0.17775
0.06724,0.01950,0.01576,0.05935,0.01140,0.16725,0.12345,0.13598,0.20168,0.19840
0.04809,0.01674,0.01834,0.05056,0.01606,0.15433,0.13018,0.13584,0.22428,0.20556
0.02707,0.23575,0.10965,0.02605,0.03420,0.17082,0.11904,0.12372,0.07311,0.08058
0.04538,0.02846,0.01739,0.05899,0.02691,0.24866,0.14768,0.19658,0.11039,0.11956
0.04547,0.03545,0.03433,0.06253,0.03578,0.11587,0.17552,0.09264,0.19762,0.20478
0.34217,0.01873,0.01587,0.15465,0.01035,0.11353,0.14501,0.12326,0.03891,0.03751
0.15706,0.01882,0.02097,0.13612,0.01407,0.18624,0.13204,0.13981,0.09515,0.09973
0.06374,0.12597,0.12086,0.05268,0.04409,0.16081,0.13471,0.14103,0.07838,0.07773
