0.06012,0.01822,0.01781,0.05600,0.01917,0.09561,0.09062,0.09298,0.26982,0.27967
0.03790,0.03457,0.02563,0.03466,0.02422,0.04964,0.13503,0.04494,0.30022,0.31319
0.11003,0.03642,0.03999,0.12325,0.03797,0.10404,0.34620,0.09364,0.05354,0.05492
0.06698,0.05452,0.05178,0.05190,0.03345,0.20977,0.06995,0.20068,0.12540,0.13557
0.07840,0.04868,0.05971,0.07021,0.03389,0.09045,0.19065,0.08438,0.16856,0.17508
0.14554,0.02508,0.02615,0.13690,0.02684,0.09030,0.23191,0.07993,0.11620,0.12116
0.08801,0.03093,0.02377,0.08462,0.01826,0.04621,0.42635,0.04247,0.12069,0.11869
0.05542,0.05452,0.04918,0.04658,0.02488,0.13064,0.10743,0.12327,0.19796,0.21013
0.07305,0.07588,0.06984,0.05588,0.05898,0.09220,0.22273,0.09150,0.12795,0.13198
0.06365,0.08415,0.08910,0.05341,0.07115,0.10142,0.08836,0.09151,0.17367,0.18357
0.04383,0.02856,0.03019,0.03870,0.02923,0.14653,0.08212,0.14014,0.22603,0.23467
0.05064,0.04666,0.07561,0.05616,0.02410,0.22742,0.05550,0.19887,0.12875,0.13629
0.03903,0.02346,0.02060,0.03696,0.01626,0.17410,0.04938,0.16108,0.23771,0.24143
0.14833,0.06149,0.05490,0.13929,0.03468,0.13664,0.10869,0.12432,0.09463,0.09704
0.06978,0.02597,0.02446,0.06409,0.01941,0.19627,0.04532,0.19203,0.17455,0.18813
0.04414,0.08579,0.05017,0.04432,0.02644,0.06799,0.15788,0.05667,0.22853,0.23807
0.11700,0.05470,0.05542,0.10728,0.04104,0.21107,0.08913,0.19607,0.06345,0.06484
0.02995,0.01471,0.02117,0.05034,0.01861,0.06231,0.50338,0.05917,0.11816,0.12220
0.05865,0.17492,0.13013,0.03982,0.05839,0.04405,0.10895,0.04106,0.17083,0.17321
0.13975,0.02828,0.02071,0.12346,0.01714,0.09093,0.13611,0.08098,0.18128,0.18137
0.22791,0.06357,0.05821,0.21426,0.04004,0.04450,0.07396,0.04170,0.11705,0.11880
0.07807,0.06406,0.09008,0.04250,0.04344,0.03538,0.11012,0.02931,0.24682,0.26023
0.04010,0.02862,0.02654,0.04105,0.02044,0.17413,0.13659,0.16708,0.17621,0.18925
0.09103,0.06482,0.05794,0.08403,0.05604,0.16446,0.16931,0.15443,0.07683,0.08111
0.12430,0.09599,0.07474,0.11841,0.04701,0.08392,0.17770,0.07778,0.09894,0.10122
0.03866,0.02521,0.03049,0.03182,0.02864,0.10274,0.17781,0.09721,0.23085,0.23657
0.09736,0.02987,0.03886,0.09130,0.02034,0.11856,0.11855,0.10276,0.19059,0.19180
0.04649,0.04615,0.04230,0.05372,0.03037,0.15128,0.17026,0.13879,0.15465,0.16599
0.04381,0.04089,0.03919,0.03774,0.03145,0.08756,0.20962,0.08709,0.20562,0.21702
0.26264,0.03763,0.03261,0.25153,0.01660,0.03654,0.14721,0.03521,0.08642,0.09360
0.04019,0.02422,0.02635,0.04358,0.02067,0.12269,0.12158,0.11761,0.23705,0.24607
0.03050,0.02987,0.04003,0.03134,0.02083,0.19241,0.09575,0.16720,0.19089,0.20118
0.14465,0.02249,0.01883,0.12633,0.01666,0.07176,0.19160,0.06507,0.16849,0.17412
0.07661,0.02231,0.02332,0.06558,0.02460,0.13712,0.35961,0.12711,0.07771,0.08603
0.02069,0.03666,0.03520,0.01725,0.02452,0.19128,0.06473,0.18501,0.20797,0.21671
0.02442,0.02893,0.02755,0.02130,0.01992,0.07092,0.09744,0.06296,0.31943,0.32712
0.05228,0.04362,0.04740,0.04526,0.03442,0.16494,0.07555,0.16047,0.18460,0.19146
0.04721,0.03211,0.02831,0.04399,0.02249,0.18195,0.15634,0.16388,0.15754,0.16618
0.05486,0.02731,0.02627,0.04922,0.02112,0.26243,0.05318,0.25151,0.12114,0.13296
0.09352,0.03690,0.03509,0.08104,0.02793,0.07270,0.13917,0.06725,0.21953,0.22687
0.03683,0.02003,0.01771,0.03673,0.01583,0.03310,0.07284,0.03129,0.36145,0.37420
0.06840,0.08870,0.06942,0.05901,0.04749,0.08754,0.13036,0.07938,0.18089,0.18880
0.04102,0.01260,0.01512,0.03883,0.01243,0.20323,0.09935,0.19162,0.18686,0.19893
0.10035,0.04065,0.04070,0.10641,0.03743,0.21524,0.07657,0.20306,0.08668,0.09291
0.03446,0.04630,0.04596,0.03178,0.03105,0.03486,0.38365,0.03069,0.17816,0.18308
0.03882,0.02916,0.03478,0.04464,0.02951,0.14496,0.21773,0.13722,0.15680,0.16637
0.06550,0.02677,0.02774,0.06667,0.01672,0.25617,0.07563,0.24034,0.10775,0.11669
0.02981,0.02972,0.02798,0.02717,0.02225,0.23294,0.20348,0.22364,0.10010,0.10292
0.03978,0.02415,0.02295,0.03525,0.01588,0.24612,0.21788,0.23054,0.08181,0.08564
0.06337,0.02766,0.03552,0.05955,0.03115,0.17651,0.30088,0.16166,0.06957,0.07414
0.13225,0.03427,0.02971,0.11996,0.02421,0.10205,0.10011,0.09251,0.17968,0.18524
0.12014,0.02427,0.02744,0.10239,0.02581,0.04860,0.27160,0.04295,0.16255,0.17424
0.05037,0.05786,0.06744,0.04472,0.03664,0.04968,0.23625,0.04226,0.20311,0.21167
0.04525,0.03012,0.03214,0.03871,0.02722,0.05388,0.14916,0.04583,0.28325,0.29445
0.07818,0.05606,0.04344,0.06651,0.02874,0.14741,0.07104,0.13804,0.18190,0.18869
0.07836,0.08879,0.08127,0.06447,0.05271,0.07299,0.24765,0.06818,0.12019,0.12539
0.14380,0.02112,0.01644,0.14563,0.01165,0.16695,0.05432,0.15672,0.13677,0.14659
0.08866,0.03412,0.02966,0.07705,0.02963,0.09565,0.28460,0.09237,0.13251,0.13575
0.02698,0.01733,0.02614,0.02653,0.02335,0.17813,0.04031,0.17132,0.24053,0.24939
0.08333,0.09605,0.15106,0.06307,0.05376,0.04239,0.18927,0.03628,0.14263,0.14217
0.02596,0.01896,0.02597,0.03773,0.02571,0.14543,0.11920,0.13873,0.22533,0.23698
0.02879,0.02217,0.02809,0.02191,0.02710,0.23523,0.17712,0.22152,0.11571,0.12235
0.05493,0.03045,0.02843,0.05444,0.02312,0.05705,0.29564,0.05202,0.19463,0.20929
0.04240,0.02052,0.01227,0.03783,0.01579,0.06551,0.49956,0.06199,0.11971,0.12441
0.06506,0.06497,0.06688,0.06830,0.08045,0.14055,0.12370,0.13543,0.12587,0.12880
0.04337,0.01261,0.02415,0.03810,0.01918,0.12234,0.21299,0.10732,0.20740,0.21254
0.04723,0.05664,0.08426,0.05523,0.03048,0.18748,0.08230,0.17027,0.13614,0.14996
0.04873,0.02568,0.02886,0.04837,0.03534,0.11884,0.06050,0.11434,0.25207,0.26728
0.04738,0.03829,0.02941,0.04308,0.03170,0.22618,0.11458,0.20839,0.12986,0.13112
0.03654,0.04644,0.05430,0.03460,0.02022,0.08344,0.19471,0.07567,0.22245,0.23163
0.07315,0.02872,0.02490,0.06080,0.01884,0.29101,0.10385,0.26919,0.06106,0.06848
0.08306,0.06649,0.04893,0.08222,0.04728,0.13890,0.09497,0.13454,0.14964,0.15397
0.03122,0.01982,0.01626,0.02543,0.01484,0.18219,0.06577,0.17460,0.22919,0.24068
0.05303,0.03306,0.03157,0.05632,0.02154,0.19765,0.12667,0.19017,0.13761,0.15238
0.01735,0.01302,0.01680,0.02149,0.01424,0.12894,0.21570,0.12147,0.21929,0.23169
0.04621,0.10371,0.07340,0.03655,0.02898,0.07870,0.42484,0.07208,0.06587,0.06965
0.04926,0.04639,0.04135,0.04287,0.01896,0.03255,0.05650,0.03018,0.33499,0.34695
0.11152,0.02509,0.02098,0.10760,0.01668,0.24473,0.14248,0.23790,0.04541,0.04761
0.03105,0.02106,0.02837,0.03082,0.02461,0.19147,0.07484,0.17871,0.20668,0.21240
0.07517,0.07174,0.05138,0.08234,0.08277,0.17036,0.11456,0.16069,0.09355,0.09746
0.10436,0.17182,0.12031,0.07981,0.03376,0.07948,0.16269,0.07395,0.08376,0.09005
0.07162,0.07046,0.05702,0.05475,0.04352,0.19660,0.07675,0.18854,0.11584,0.12491
0.12302,0.03293,0.02986,0.11936,0.02374,0.07842,0.37938,0.07001,0.06927,0.07401
0.03888,0.01500,0.01463,0.03371,0.01067,0.10424,0.25448,0.09198,0.21349,0.22292
0.12716,0.03697,0.03404,0.11349,0.02786,0.08300,0.27322,0.07400,0.11257,0.11769
0.08638,0.02612,0.02768,0.09455,0.02641,0.20583,0.15268,0.19895,0.08592,0.09550
0.05106,0.05285,0.04044,0.04895,0.03382,0.03922,0.27927,0.03592,0.20607,0.21240
0.02313,0.03404,0.03133,0.02232,0.01832,0.27471,0.03208,0.26793,0.14229,0.15387
0.04850,0.03687,0.02273,0.04547,0.02310,0.05055,0.44377,0.04695,0.13642,0.14564
0.03850,0.02624,0.01833,0.03421,0.01863,0.10226,0.32927,0.09417,0.16278,0.17561
0.05380,0.03193,0.02278,0.05187,0.02265,0.14749,0.31584,0.13466,0.10596,0.11302
0.07521,0.02093,0.01314,0.06941,0.01250,0.29269,0.10758,0.27524,0.06625,0.06706
0.09144,0.03145,0.02431,0.07713,0.01582,0.03462,0.05890,0.03024,0.31428,0.32180
0.03819,0.03414,0.02438,0.03842,0.02288,0.15603,0.11814,0.14317,0.20704,0.21761
0.02958,0.01875,0.01893,0.02964,0.01847,0.07001,0.24375,0.05989,0.24994,0.26103
0.02822,0.06568,0.05388,0.02832,0.03060,0.17646,0.09969,0.16857,0.17181,0.17677
0.10794,0.08681,0.11801,0.05821,0.09324,0.03433,0.11089,0.03023,0.18004,0.18030
0.09557,0.05872,0.10255,0.04658,0.05997,0.10198,0.27922,0.09194,0.07923,0.08425
0.09094,0.09033,0.07246,0.09426,0.05947,0.07246,0.16074,0.06996,0.14269,0.14668
0.07748,0.07791,0.06512,0.04814,0.04897,0.09682,0.22829,0.08949,0.13053,0.13727
0.05042,0.03127,0.03309,0.05968,0.02874,0.04641,0.10664,0.04304,0.29589,0.30481
0.10869,0.04027,0.05390,0.08436,0.03633,0.07896,0.06322,0.07526,0.22626,0.23275
0.06117,0.01874,0.01495,0.06147,0.01464,0.27800,0.09948,0.25651,0.09465,0.10040
0.03933,0.14067,0.09727,0.07428,0.09620,0.05713,0.25571,0.05396,0.09061,0.09482
0.08646,0.02055,0.02597,0.08007,0.02078,0.18299,0.17462,0.17024,0.11728,0.12103
0.06141,0.01714,0.01942,0.05588,0.01813,0.04411,0.06061,0.03989,0.33220,0.35120
0.02728,0.01533,0.02074,0.02494,0.01577,0.23445,0.11990,0.21986,0.15739,0.16435
0.03862,0.05149,0.04948,0.03290,0.03305,0.15087,0.08377,0.15289,0.19527,0.21168
0.03439,0.02154,0.02668,0.03265,0.02477,0.17766,0.05913,0.17459,0.21826,0.23032
0.13792,0.11650,0.09912,0.10091,0.04235,0.03109,0.13326,0.02840,0.15415,0.15629
0.13890,0.02644,0.02924,0.13988,0.03194,0.12407,0.11984,0.11357,0.13455,0.14158
0.23438,0.12864,0.09703,0.16477,0.03989,0.06276,0.07363,0.06271,0.06683,0.06936
0.05064,0.01597,0.01893,0.04937,0.01568,0.14141,0.14778,0.13073,0.20446,0.22502
0.02767,0.01818,0.01772,0.02433,0.01356,0.18217,0.32193,0.17318,0.10435,0.11692
0.04472,0.01733,0.01599,0.04096,0.01524,0.06751,0.04965,0.06175,0.33170,0.35515
0.03022,0.05576,0.04235,0.02404,0.02636,0.29445,0.08264,0.28520,0.07740,0.08157
0.07508,0.10714,0.12908,0.07393,0.11210,0.07236,0.07191,0.06768,0.14258,0.14814
0.02842,0.01549,0.01423,0.02421,0.01122,0.14077,0.53708,0.12204,0.05072,0.05581
0.05539,0.04690,0.04553,0.05478,0.03349,0.20651,0.12933,0.19947,0.11070,0.11789
0.07408,0.03842,0.04070,0.07488,0.03470,0.08249,0.11880,0.08447,0.22223,0.22923
0.04449,0.10662,0.08538,0.03493,0.04506,0.05156,0.08530,0.04884,0.24666,0.25117
0.02913,0.02278,0.02291,0.03103,0.02360,0.07970,0.44147,0.07293,0.13508,0.14137
0.06954,0.03723,0.03151,0.06101,0.02756,0.13732,0.06690,0.13483,0.21054,0.22357
0.04343,0.07814,0.05259,0.05050,0.05739,0.18930,0.12090,0.18258,0.10494,0.12022
0.03437,0.02721,0.03013,0.03515,0.02543,0.17256,0.21172,0.16366,0.14544,0.15433
0.03614,0.04840,0.04063,0.04177,0.03199,0.10863,0.19995,0.10727,0.18753,0.19769
0.11973,0.04128,0.04198,0.12490,0.02023,0.04437,0.15659,0.03895,0.20109,0.21088
0.04608,0.02050,0.02790,0.05450,0.03478,0.17205,0.14661,0.16263,0.16120,0.17375
0.02350,0.01709,0.01574,0.02116,0.01200,0.09029,0.03335,0.09133,0.34181,0.35372
0.13096,0.02663,0.02488,0.12158,0.02692,0.09483,0.33894,0.09175,0.06789,0.07562
0.07421,0.07648,0.04856,0.07319,0.04496,0.07569,0.23149,0.06769,0.15132,0.15641
0.05506,0.17266,0.11269,0.05137,0.06080,0.09600,0.16229,0.08646,0.09699,0.10567
0.12736,0.02519,0.02842,0.12661,0.02612,0.12693,0.22239,0.11749,0.09520,0.10429
0.04828,0.06492,0.04666,0.04603,0.03731,0.14088,0.16574,0.13341,0.15175,0.16503
0.06074,0.02470,0.02319,0.06240,0.01708,0.30487,0.10714,0.28841,0.05367,0.05780
0.06204,0.01836,0.02356,0.06474,0.01898,0.09582,0.10011,0.08244,0.26140,0.27255
0.05675,0.02749,0.02428,0.04648,0.03078,0.24155,0.08083,0.22695,0.12908,0.13582
0.02130,0.01551,0.01822,0.02339,0.01620,0.11736,0.09200,0.11175,0.28741,0.29687
0.06806,0.02288,0.02796,0.07756,0.02904,0.14406,0.12958,0.13482,0.17897,0.18706
0.08100,0.07352,0.07394,0.06022,0.05574,0.21390,0.08528,0.19031,0.08181,0.08429
0.04709,0.04196,0.04067,0.04608,0.02926,0.07364,0.13481,0.06908,0.25391,0.26352
0.04246,0.04131,0.04370,0.04259,0.02739,0.09924,0.13546,0.09139,0.23298,0.24348
0.04128,0.03116,0.02926,0.03618,0.02395,0.11397,0.07762,0.09893,0.26744,0.28022
0.03271,0.04129,0.03848,0.03348,0.02776,0.16791,0.15475,0.14866,0.17179,0.18317
0.09080,0.08277,0.05915,0.08012,0.02220,0.04783,0.24659,0.04223,0.15973,0.16858
0.13750,0.02238,0.01646,0.11424,0.01358,0.12553,0.23717,0.11758,0.10433,0.11124
0.04171,0.06190,0.03717,0.04646,0.03604,0.13098,0.15011,0.11699,0.18430,0.19434
0.02874,0.02107,0.02252,0.02710,0.01630,0.20095,0.15695,0.18775,0.16639,0.17223
0.02483,0.03834,0.03756,0.02940,0.02347,0.21448,0.23541,0.20843,0.09048,0.09758
0.05019,0.03070,0.03234,0.04729,0.03050,0.12637,0.15976,0.12497,0.19759,0.20029
0.13016,0.06107,0.05715,0.11168,0.02977,0.12184,0.04863,0.12354,0.15439,0.16177
0.15268,0.06233,0.07558,0.11914,0.05362,0.06890,0.16253,0.06781,0.11467,0.12273
0.02953,0.03824,0.04630,0.03071,0.02396,0.06504,0.27693,0.05435,0.21202,0.22292
0.02292,0.02210,0.02615,0.03382,0.02078,0.11025,0.15212,0.10266,0.24798,0.26121
0.02757,0.02559,0.02520,0.03355,0.02074,0.24993,0.19177,0.22986,0.09490,0.10089
0.05241,0.06478,0.05902,0.03904,0.02192,0.09916,0.17448,0.09442,0.19283,0.20195
0.05576,0.08636,0.04594,0.05800,0.02510,0.05804,0.42167,0.05575,0.09565,0.09774
0.09139,0.14891,0.11995,0.06074,0.03112,0.03851,0.10324,0.03546,0.18366,0.18703
0.03110,0.01675,0.01492,0.03255,0.01571,0.07738,0.13785,0.07637,0.29164,0.30573
0.05871,0.07162,0.06921,0.06978,0.05406,0.05697,0.26414,0.05072,0.14784,0.15695
0.03627,0.02145,0.02220,0.03323,0.01730,0.10385,0.12048,0.09584,0.27007,0.27930
0.08341,0.01486,0.06031,0.08487,0.04695,0.07173,0.39564,0.07935,0.08257,0.08030
0.07198,0.02601,0.02988,0.06640,0.02400,0.09642,0.28883,0.08940,0.15159,0.15548
0.02613,0.01515,0.00987,0.02220,0.01106,0.15176,0.03296,0.14990,0.28294,0.29802
0.06651,0.06828,0.06704,0.06874,0.04220,0.06415,0.21178,0.05787,0.17327,0.18017
0.05843,0.02897,0.02955,0.05352,0.02059,0.30046,0.14302,0.28622,0.03820,0.04104
0.14032,0.05376,0.05840,0.12706,0.05683,0.07516,0.06898,0.06448,0.16968,0.18535
0.07576,0.02628,0.02090,0.06645,0.01775,0.21249,0.23525,0.20473,0.06704,0.07335
0.04842,0.03339,0.03467,0.04603,0.02778,0.12013,0.29949,0.11189,0.13708,0.14112
0.03262,0.02921,0.02553,0.03447,0.02036,0.30047,0.04394,0.28133,0.11367,0.11839
0.06977,0.01946,0.07346,0.07559,0.04758,0.11488,0.34445,0.11576,0.07236,0.06668
0.10830,0.02309,0.02550,0.10045,0.02165,0.16326,0.24978,0.15524,0.07234,0.08039
0.03243,0.03096,0.03086,0.03995,0.02167,0.15948,0.28862,0.14913,0.12144,0.12545
0.08514,0.04248,0.03771,0.07868,0.03001,0.06259,0.26385,0.06037,0.16651,0.17266
0.09106,0.03596,0.02550,0.08843,0.01826,0.03872,0.21098,0.03596,0.22338,0.23176
0.03621,0.05712,0.04767,0.03046,0.02743,0.31877,0.07922,0.30031,0.04946,0.05335
0.04723,0.03616,0.03390,0.04541,0.02470,0.09507,0.12866,0.08946,0.24182,0.25759
0.07312,0.04903,0.03685,0.07530,0.03257,0.08547,0.15130,0.07308,0.20603,0.21726
0.01202,0.01108,0.01141,0.01181,0.01003,0.16424,0.02651,0.16086,0.29025,0.30179
0.05334,0.06067,0.08024,0.06273,0.03680,0.17442,0.11797,0.15630,0.12562,0.13191
0.05827,0.17848,0.08809,0.09248,0.12614,0.05230,0.13226,0.04998,0.10814,0.11386
0.04191,0.02940,0.02516,0.03612,0.01952,0.19060,0.15279,0.18470,0.15533,0.16445
0.03278,0.02069,0.02113,0.03453,0.01446,0.24356,0.20468,0.23400,0.09298,0.10120
0.02704,0.02438,0.02555,0.03391,0.02212,0.06733,0.23852,0.05996,0.24505,0.25615
0.06274,0.05263,0.07063,0.05395,0.03876,0.08262,0.13706,0.08341,0.20370,0.21450
0.31644,0.03042,0.02122,0.31708,0.01800,0.03874,0.11197,0.03344,0.05596,0.05673
0.03506,0.04723,0.03954,0.03142,0.03155,0.08454,0.15499,0.07852,0.24313,0.25402
0.05276,0.03792,0.02750,0.04845,0.02376,0.08358,0.18977,0.07699,0.22537,0.23390
0.06764,0.04577,0.04092,0.05637,0.03090,0.09049,0.13632,0.08179,0.22201,0.22780
0.05187,0.04081,0.02908,0.04839,0.02187,0.25333,0.07725,0.24809,0.10845,0.12086
0.06818,0.12787,0.09092,0.04986,0.03944,0.03802,0.07050,0.03798,0.23756,0.23966
0.04811,0.04868,0.08135,0.05534,0.03030,0.04772,0.39620,0.04309,0.11738,0.13183
0.05032,0.04341,0.03043,0.05369,0.03183,0.20719,0.21588,0.18834,0.08569,0.09322
0.13851,0.09703,0.08385,0.08734,0.05806,0.12280,0.18795,0.11990,0.05178,0.05278
0.04357,0.08295,0.07136,0.04560,0.04574,0.12166,0.07324,0.11206,0.20041,0.20342
0.05418,0.01974,0.01726,0.04657,0.01553,0.12412,0.10099,0.10827,0.24778,0.26556
0.10056,0.05223,0.05473,0.09500,0.02955,0.08641,0.20044,0.07505,0.15145,0.15457
0.04783,0.03474,0.02881,0.04546,0.02446,0.08916,0.33003,0.08099,0.15399,0.16454
0.06054,0.07611,0.06672,0.04800,0.04055,0.13079,0.15095,0.12546,0.14694,0.15394
0.05438,0.08827,0.08265,0.03480,0.04955,0.03759,0.21052,0.03488,0.19804,0.20932
0.05878,0.02415,0.01933,0.04902,0.01505,0.21056,0.15544,0.19422,0.13317,0.14028
0.07721,0.04477,0.03782,0.07344,0.02817,0.24176,0.07437,0.22501,0.09557,0.10188
0.08717,0.01908,0.01608,0.08573,0.01675,0.19121,0.16417,0.17655,0.11884,0.12440
0.04003,0.02582,0.01452,0.03708,0.01618,0.10002,0.06777,0.09800,0.29197,0.30862
0.09205,0.05378,0.04234,0.08157,0.02889,0.19143,0.19996,0.17980,0.06269,0.06748
0.14682,0.06044,0.04587,0.11575,0.04124,0.14684,0.12451,0.13868,0.08835,0.09151
0.04004,0.03311,0.03171,0.03854,0.02605,0.04611,0.34683,0.04171,0.19295,0.20294
0.08976,0.03241,0.03963,0.10211,0.04047,0.06972,0.20019,0.06654,0.17412,0.18506
0.03245,0.02915,0.02846,0.03330,0.03323,0.24222,0.09899,0.23169,0.12892,0.14159
0.06070,0.07651,0.07401,0.04605,0.04101,0.07874,0.08251,0.08121,0.22525,0.23402
0.09066,0.10871,0.09256,0.05403,0.06908,0.19384,0.11337,0.18041,0.04737,0.04999
0.07312,0.04815,0.03939,0.06240,0.02270,0.25276,0.10918,0.23018,0.07881,0.08333
0.05093,0.08226,0.07453,0.03364,0.05657,0.09937,0.36161,0.09517,0.07247,0.07346
0.03710,0.02116,0.02216,0.03827,0.02014,0.09610,0.20099,0.08532,0.23535,0.24341
0.07160,0.02846,0.01890,0.07119,0.02056,0.17459,0.07904,0.16651,0.17928,0.18985
0.07281,0.02704,0.02299,0.06666,0.02268,0.14317,0.37525,0.13662,0.06216,0.07063
0.03719,0.05086,0.06185,0.04562,0.03228,0.12909,0.22378,0.12119,0.14454,0.15360
0.03798,0.02131,0.02567,0.03800,0.02329,0.16252,0.10709,0.14342,0.21512,0.22560
0.06551,0.02291,0.02421,0.05821,0.01774,0.11594,0.17393,0.10702,0.20237,0.21216
0.05146,0.05741,0.04011,0.06220,0.03246,0.14355,0.25877,0.13521,0.10763,0.11120
0.03893,0.01969,0.03114,0.03512,0.03155,0.19911,0.10922,0.18674,0.16682,0.18168
0.08066,0.04349,0.03980,0.07273,0.03081,0.05902,0.33216,0.05344,0.14083,0.14706
0.12264,0.03726,0.05325,0.16716,0.06008,0.04891,0.33712,0.04518,0.06265,0.06575
0.06536,0.10245,0.13113,0.09171,0.05655,0.11041,0.11384,0.09717,0.11269,0.11870
0.06632,0.02157,0.02327,0.06024,0.01974,0.08294,0.14094,0.07869,0.24973,0.25658
0.07335,0.09724,0.10521,0.06604,0.07578,0.04668,0.09859,0.04337,0.19367,0.20007
0.02868,0.02641,0.02395,0.02751,0.02247,0.18838,0.38176,0.17509,0.06205,0.06370
0.04775,0.02547,0.02219,0.03933,0.01872,0.03552,0.57539,0.03293,0.10085,0.10184
0.09702,0.02224,0.01652,0.08980,0.01626,0.14719,0.10458,0.14478,0.17904,0.18256
0.10900,0.03084,0.03101,0.08947,0.02526,0.05273,0.40294,0.04673,0.10795,0.10409
0.03752,0.02573,0.02641,0.03419,0.02450,0.07011,0.12771,0.06531,0.29039,0.29813
0.03275,0.02570,0.02492,0.03003,0.01689,0.07972,0.27711,0.07162,0.21840,0.22285
0.04469,0.02931,0.02756,0.04133,0.02078,0.16763,0.08374,0.15497,0.20917,0.22082
0.02378,0.00932,0.01092,0.02567,0.00890,0.17074,0.08874,0.15872,0.24750,0.25572
0.06563,0.03439,0.02823,0.06249,0.02456,0.09890,0.20325,0.09068,0.19110,0.20075
0.06303,0.03750,0.04171,0.06196,0.02733,0.29974,0.03324,0.28021,0.07632,0.07893
0.02699,0.02102,0.01925,0.02165,0.01208,0.08101,0.10150,0.07191,0.31370,0.33089
0.04973,0.06915,0.05852,0.03956,0.06179,0.06164,0.37791,0.05718,0.11102,0.11349
0.07044,0.03475,0.03588,0.07543,0.03356,0.10856,0.07042,0.09379,0.23281,0.24435
0.06219,0.02480,0.02564,0.05952,0.01681,0.15975,0.08020,0.14813,0.20749,0.21546
0.04802,0.01497,0.02414,0.04657,0.02275,0.16031,0.21028,0.14931,0.15859,0.16504
0.08366,0.06557,0.04563,0.08186,0.05667,0.10436,0.15079,0.09742,0.15535,0.15870
0.22524,0.05230,0.03919,0.22786,0.02858,0.03824,0.08585,0.03411,0.13204,0.13660
0.07512,0.09011,0.06751,0.05414,0.04968,0.14824,0.05562,0.13883,0.15750,0.16323
0.05505,0.02246,0.01433,0.05482,0.01573,0.19828,0.04637,0.18233,0.19794,0.21270
0.08954,0.12808,0.09251,0.09069,0.08197,0.06316,0.15537,0.05640,0.11890,0.12338
0.08065,0.04340,0.04081,0.07278,0.02909,0.04402,0.34170,0.03851,0.15179,0.15724
0.04876,0.02061,0.01752,0.04573,0.01649,0.14686,0.33335,0.13981,0.11056,0.12030
0.08222,0.02205,0.01954,0.08407,0.01439,0.13735,0.07337,0.12519,0.21484,0.22699
0.04568,0.13108,0.10120,0.02952,0.05510,0.11925,0.13127,0.11502,0.13438,0.13750
0.05652,0.06180,0.05584,0.04714,0.02408,0.07312,0.10152,0.06625,0.25185,0.26188
0.07777,0.04758,0.02345,0.07585,0.02826,0.04904,0.14172,0.04752,0.24921,0.25959
0.04346,0.04427,0.03843,0.03789,0.02815,0.22340,0.05535,0.20954,0.15559,0.16393
0.08316,0.02235,0.01683,0.07142,0.02024,0.11483,0.18891,0.10954,0.17838,0.19432
0.08775,0.13115,0.11430,0.05511,0.08159,0.13124,0.08001,0.12507,0.09453,0.09926
0.04554,0.14683,0.12785,0.04857,0.06559,0.20804,0.05147,0.19974,0.05286,0.05351
0.03058,0.02111,0.01660,0.02521,0.01237,0.19282,0.12382,0.18644,0.18910,0.20195
0.05166,0.05232,0.08635,0.05788,0.02918,0.12498,0.23574,0.11680,0.11759,0.12752
0.04371,0.01975,0.01952,0.05314,0.01915,0.06940,0.28687,0.06907,0.20667,0.21272
0.06994,0.06417,0.05760,0.07509,0.04860,0.18861,0.13937,0.16976,0.09242,0.09445
0.03713,0.04794,0.04539,0.04717,0.02668,0.14250,0.13546,0.13244,0.18967,0.19562
0.08028,0.02074,0.01732,0.07317,0.01444,0.13148,0.15808,0.11569,0.18942,0.19938
0.04902,0.04550,0.05032,0.03371,0.03121,0.20637,0.12881,0.19571,0.12350,0.13585
0.04155,0.02804,0.02213,0.04368,0.02240,0.06869,0.63036,0.06684,0.03690,0.03939
0.02214,0.02079,0.01911,0.01972,0.01834,0.12861,0.20531,0.12197,0.21340,0.23061
0.12265,0.02045,0.01541,0.12092,0.01296,0.11103,0.21376,0.10086,0.13620,0.14574
0.04258,0.04567,0.04719,0.04306,0.02658,0.05255,0.09675,0.05008,0.29166,0.30388
0.04948,0.06274,0.06371,0.04887,0.03757,0.09846,0.16651,0.09492,0.18545,0.19230
0.02262,0.03649,0.02673,0.02630,0.02160,0.07255,0.28822,0.06518,0.21704,0.22327
0.04049,0.03587,0.03352,0.03740,0.02460,0.12291,0.12800,0.11579,0.22484,0.23659
0.04021,0.02660,0.03260,0.04205,0.03692,0.15466,0.09441,0.14361,0.20864,0.22030
0.04134,0.04752,0.04128,0.03378,0.02702,0.20955,0.22061,0.20001,0.08720,0.09169
0.08599,0.04285,0.03643,0.07884,0.02122,0.20742,0.24496,0.19637,0.04138,0.04456
0.05206,0.07591,0.06520,0.03751,0.03882,0.07333,0.28016,0.06532,0.15380,0.15790
0.04811,0.02770,0.02158,0.04404,0.01858,0.20026,0.22740,0.18965,0.10653,0.11615
0.06647,0.20077,0.12047,0.05130,0.03346,0.04562,0.26778,0.04133,0.08625,0.08656
0.04836,0.02684,0.02258,0.04525,0.01782,0.20581,0.04447,0.20267,0.18611,0.20009
0.05195,0.02898,0.02534,0.05043,0.01636,0.08320,0.36691,0.07472,0.14540,0.15669
0.08664,0.10684,0.09962,0.05876,0.07659,0.04997,0.24988,0.04374,0.11185,0.11610
0.13072,0.02191,0.01612,0.10751,0.01660,0.11131,0.13529,0.10168,0.17647,0.18239
0.04823,0.03008,0.03018,0.04794,0.03052,0.13251,0.23196,0.12379,0.15877,0.16604
0.03212,0.03286,0.03118,0.02715,0.02259,0.25186,0.14750,0.23591,0.10571,0.11312
0.07721,0.03196,0.03859,0.07288,0.02709,0.09412,0.24993,0.09139,0.15542,0.16140
0.05398,0.02161,0.02399,0.05320,0.01911,0.09815,0.05361,0.08969,0.28835,0.29833
0.04570,0.06796,0.04785,0.05859,0.04436,0.06474,0.06040,0.05583,0.27256,0.28201
0.03921,0.02965,0.02931,0.04130,0.02191,0.15563,0.16790,0.15455,0.17508,0.18546
0.05169,0.03785,0.03226,0.04757,0.04438,0.30571,0.06108,0.28795,0.06345,0.06805
0.07012,0.02673,0.02901,0.05668,0.02398,0.07058,0.07669,0.06462,0.28785,0.29374
0.02076,0.02906,0.02649,0.02865,0.01885,0.16517,0.11083,0.15620,0.21884,0.22515
0.10270,0.02608,0.02562,0.10022,0.01713,0.07612,0.05592,0.07008,0.25970,0.26644
0.05135,0.03196,0.02999,0.04538,0.01955,0.13217,0.10552,0.12649,0.22420,0.23339
0.07393,0.10273,0.05942,0.09043,0.06229,0.08263,0.13575,0.07723,0.15482,0.16077
0.03605,0.04350,0.03901,0.02921,0.02394,0.17442,0.07683,0.16162,0.20265,0.21278
0.04801,0.07934,0.07298,0.04416,0.03931,0.20454,0.06365,0.19538,0.12362,0.12901
0.04020,0.02909,0.03037,0.03740,0.02971,0.09110,0.26206,0.08566,0.19456,0.19986
0.06678,0.04010,0.04267,0.05880,0.02935,0.11045,0.25216,0.10257,0.14638,0.15074
0.05736,0.02246,0.01538,0.05555,0.01504,0.15220,0.39288,0.14480,0.06995,0.07439
0.05118,0.03179,0.04876,0.04530,0.03658,0.09690,0.31888,0.09171,0.13836,0.14053
0.05217,0.01656,0.01449,0.05198,0.01284,0.06387,0.13074,0.05581,0.29702,0.30451
0.03939,0.09360,0.06944,0.02901,0.02467,0.05285,0.17435,0.04733,0.22859,0.24079
