0.02391,0.07945,0.12256,0.06930,0.01305,0.02061,0.08158,0.02677,0.01029,0.02698,0.01859,0.12615,0.01070,0.01435,0.24897,0.00916,0.06102,0.01005,0.01150,0.01500
0.01975,0.01921,0.03192,0.01165,0.01565,0.01339,0.03710,0.01081,0.01221,0.01869,0.00404,0.08910,0.08406,0.05320,0.02620,0.11014,0.27776,0.00573,0.05680,0.10259
0.01776,0.02026,0.03346,0.02227,0.02784,0.02161,0.02656,0.02567,0.02322,0.02980,0.03781,0.22463,0.01413,0.00805,0.28081,0.01255,0.01978,0.01527,0.05659,0.08195
0.01329,0.03402,0.03293,0.00988,0.02143,0.01667,0.01419,0.01066,0.02107,0.01769,0.01874,0.05666,0.16730,0.01949,0.03775,0.33338,0.06422,0.01113,0.08288,0.01663
0.01957,0.01642,0.02921,0.01529,0.01307,0.02005,0.02366,0.03286,0.01199,0.01570,0.00375,0.05190,0.03674,0.01652,0.10315,0.16967,0.02209,0.00649,0.28020,0.11168
0.01489,0.00859,0.01070,0.00916,0.01035,0.00737,0.01057,0.00786,0.24651,0.06728,0.01549,0.02827,0.00544,0.00943,0.01996,0.05744,0.04415,0.00980,0.14682,0.26991
0.02069,0.07590,0.02194,0.02097,0.03310,0.04143,0.05562,0.04117,0.04636,0.02597,0.12279,0.13560,0.00806,0.00886,0.02526,0.03343,0.02513,0.00552,0.07533,0.17687
0.01744,0.01708,0.02301,0.01752,0.01637,0.02642,0.02539,0.02313,0.01844,0.02572,0.02297,0.09000,0.04905,0.01274,0.16891,0.15243,0.09412,0.01939,0.16275,0.01712
0.02336,0.06847,0.18147,0.01949,0.01247,0.01293,0.02436,0.02407,0.01502,0.02887,0.03931,0.12698,0.02071,0.00960,0.06187,0.04065,0.12158,0.01052,0.14126,0.01702
0.01741,0.01679,0.02100,0.01386,0.01039,0.01572,0.01379,0.05621,0.01650,0.01792,0.00966,0.19332,0.05512,0.00977,0.01620,0.01433,0.01576,0.00298,0.35643,0.12685
0.04515,0.06002,0.05371,0.05250,0.02727,0.04348,0.03088,0.02782,0.03735,0.05427,0.01279,0.12362,0.01565,0.00712,0.21002,0.02780,0.10253,0.00877,0.04253,0.01672
0.01357,0.01430,0.02149,0.00811,0.00956,0.01295,0.01544,0.01873,0.01130,0.01121,0.01277,0.04728,0.11746,0.00576,0.09649,0.01904,0.01090,0.01261,0.52284,0.01820
0.03041,0.02161,0.03398,0.02916,0.02622,0.02928,0.02617,0.02177,0.01966,0.04070,0.01731,0.10638,0.04448,0.07223,0.13613,0.10608,0.01792,0.03411,0.12996,0.05643
0.02398,0.02652,0.03081,0.02635,0.01761,0.03577,0.02316,0.03470,0.02668,0.03760,0.02309,0.11365,0.05196,0.01848,0.02078,0.11873,0.04455,0.00472,0.16887,0.15199
0.05473,0.02966,0.09327,0.00985,0.01398,0.01277,0.02501,0.04256,0.00629,0.00715,0.03780,0.08033,0.00363,0.01055,0.01059,0.10981,0.03308,0.00943,0.36577,0.04376
0.01072,0.01266,0.01509,0.00999,0.00856,0.01093,0.01232,0.01059,0.01079,0.01227,0.00679,0.04774,0.16656,0.00463,0.13738,0.01134,0.01360,0.01486,0.40867,0.07450
0.01504,0.01558,0.02789,0.01203,0.01133,0.01331,0.01488,0.03241,0.01114,0.01106,0.21396,0.09049,0.01884,0.00864,0.01559,0.10579,0.01486,0.00839,0.34421,0.01454
0.00749,0.01050,0.01511,0.00528,0.00719,0.00751,0.01037,0.01104,0.00825,0.01124,0.01227,0.01984,0.00413,0.44653,0.06240,0.17379,0.02141,0.02123,0.01447,0.12996
0.03301,0.02484,0.08128,0.02758,0.02089,0.06013,0.03598,0.05323,0.03033,0.12724,0.01884,0.07178,0.00410,0.00406,0.02877,0.16891,0.03867,0.00844,0.15361,0.00830
0.01225,0.01194,0.02944,0.00750,0.00931,0.00931,0.01354,0.01912,0.00969,0.00847,0.03982,0.06241,0.00683,0.01501,0.01535,0.28304,0.32151,0.03261,0.06256,0.03027
0.03422,0.06009,0.04460,0.04234,0.02705,0.04684,0.04221,0.05803,0.03898,0.02203,0.02051,0.03996,0.01178,0.01593,0.03842,0.05288,0.09194,0.03517,0.06465,0.21237
0.01246,0.07164,0.05676,0.01436,0.01268,0.02203,0.05721,0.05820,0.02222,0.02064,0.00947,0.05050,0.00698,0.02743,0.04419,0.15389,0.11728,0.01481,0.21804,0.00922
0.01263,0.16251,0.01216,0.02029,0.02267,0.01964,0.04117,0.01100,0.02554,0.01545,0.00262,0.03391,0.00489,0.01005,0.00778,0.01718,0.16953,0.00458,0.23428,0.17210
0.02820,0.02110,0.02565,0.01745,0.02812,0.01259,0.02362,0.02597,0.02212,0.01770,0.01981,0.14609,0.00748,0.00956,0.08197,0.32216,0.02102,0.01598,0.13859,0.01481
0.01867,0.06854,0.09523,0.02460,0.01706,0.02357,0.01484,0.06756,0.02594,0.01761,0.02589,0.06730,0.00437,0.00480,0.21540,0.02852,0.14640,0.01930,0.07346,0.04092
0.02578,0.02155,0.05119,0.02022,0.03252,0.01541,0.02059,0.06597,0.01742,0.01158,0.01215,0.19344,0.00571,0.00852,0.00692,0.08699,0.01248,0.00285,0.38168,0.00703
0.01776,0.03603,0.04590,0.01468,0.01998,0.02872,0.02131,0.01894,0.01208,0.01525,0.01706,0.13103,0.01596,0.01182,0.11706,0.07637,0.02402,0.00450,0.35402,0.01752
0.01921,0.02047,0.02962,0.01657,0.01377,0.01875,0.03735,0.02785,0.01744,0.01565,0.13856,0.03077,0.04755,0.00954,0.17973,0.16878,0.01558,0.01236,0.16221,0.01825
0.00573,0.06108,0.06708,0.00610,0.00612,0.00584,0.01478,0.01646,0.00673,0.00534,0.00616,0.16968,0.00749,0.02079,0.23634,0.22278,0.01711,0.01559,0.09867,0.01011
0.00532,0.00369,0.00489,0.00498,0.00597,0.00629,0.00545,0.00574,0.30308,0.07981,0.00784,0.06446,0.00538,0.00622,0.02736,0.23355,0.15011,0.00708,0.06469,0.00809
0.01656,0.01978,0.03209,0.01845,0.01436,0.01811,0.01448,0.03995,0.01922,0.01671,0.21889,0.04555,0.00870,0.00745,0.37123,0.01485,0.04509,0.01184,0.04051,0.02617
0.01170,0.01140,0.02513,0.01518,0.01021,0.01378,0.01376,0.02839,0.01365,0.02340,0.01204,0.20903,0.00490,0.00817,0.04487,0.09189,0.03260,0.00548,0.08454,0.33990
0.01092,0.01439,0.01564,0.00753,0.01053,0.02015,0.01256,0.05204,0.01125,0.01085,0.00859,0.26415,0.00620,0.00756,0.02544,0.02599,0.03101,0.00443,0.22384,0.23694
0.02979,0.01874,0.03048,0.01928,0.01233,0.01558,0.01645,0.02966,0.01377,0.03013,0.04648,0.17114,0.02174,0.01199,0.38698,0.01759,0.04696,0.02319,0.04914,0.00858
0.03157,0.02018,0.02394,0.02885,0.02625,0.02823,0.02064,0.02825,0.02944,0.02874,0.28686,0.14407,0.02796,0.00591,0.02481,0.07909,0.03821,0.00374,0.11013,0.01313
0.04411,0.03998,0.09015,0.02536,0.03688,0.03213,0.01778,0.06222,0.03875,0.01706,0.00632,0.03888,0.00586,0.16536,0.04022,0.02911,0.05273,0.01812,0.05425,0.18472
0.00662,0.01115,0.03989,0.00500,0.00436,0.00490,0.01085,0.01485,0.00518,0.11458,0.01004,0.06434,0.00658,0.00834,0.01104,0.38456,0.18919,0.00861,0.09600,0.00392
0.02132,0.05046,0.03035,0.01814,0.02230,0.03213,0.04551,0.02587,0.04363,0.02007,0.00623,0.06371,0.00882,0.00641,0.43208,0.06007,0.04013,0.01676,0.03936,0.01665
0.01375,0.01318,0.02212,0.01185,0.01346,0.01141,0.01988,0.01557,0.01347,0.01315,0.01620,0.03952,0.01149,0.02530,0.09764,0.08505,0.06118,0.01363,0.05692,0.44523
0.02602,0.03928,0.04006,0.02006,0.03357,0.01971,0.03402,0.02288,0.02671,0.03093,0.23485,0.10561,0.01491,0.06610,0.09734,0.02410,0.01289,0.02917,0.10740,0.01438
0.07198,0.02156,0.02535,0.02588,0.02484,0.03093,0.02362,0.01971,0.01951,0.03265,0.01535,0.07777,0.01187,0.00633,0.04342,0.01070,0.01768,0.03370,0.25058,0.23658
0.05323,0.02288,0.03830,0.04126,0.01555,0.04165,0.01962,0.11890,0.05893,0.03471,0.07403,0.02929,0.01865,0.01603,0.03138,0.10792,0.16421,0.01699,0.03265,0.06381
0.02393,0.04021,0.06631,0.02315,0.01413,0.01232,0.01018,0.02076,0.02577,0.02478,0.01696,0.23499,0.00545,0.00757,0.03424,0.03092,0.20347,0.00681,0.17958,0.01847
0.01914,0.02218,0.01950,0.00928,0.01173,0.01505,0.01118,0.17671,0.00664,0.11891,0.00810,0.05041,0.00687,0.01016,0.13034,0.14808,0.01604,0.00451,0.16142,0.05374
0.01781,0.01813,0.03334,0.03297,0.01375,0.03577,0.02528,0.01997,0.02573,0.05991,0.02464,0.21664,0.04288,0.02595,0.13077,0.02231,0.07400,0.06620,0.05241,0.06155
0.02097,0.08016,0.10275,0.00946,0.01736,0.01870,0.01535,0.05003,0.01209,0.01703,0.02796,0.04380,0.02740,0.00583,0.02953,0.06984,0.13700,0.22623,0.08183,0.00667
0.01471,0.01843,0.04173,0.02415,0.01370,0.02131,0.22674,0.03086,0.01721,0.05018,0.00816,0.09513,0.01021,0.00649,0.04600,0.11387,0.01462,0.00377,0.23544,0.00729
0.00818,0.01733,0.01812,0.00988,0.00700,0.00595,0.00853,0.01434,0.00858,0.00857,0.01687,0.18144,0.00356,0.04899,0.00584,0.05923,0.05530,0.00375,0.41619,0.10236
0.01082,0.01802,0.02631,0.01060,0.01116,0.01217,0.01680,0.02393,0.01222,0.01410,0.00662,0.35947,0.00454,0.00454,0.01812,0.02889,0.01165,0.00431,0.39159,0.01415
0.02020,0.01987,0.03266,0.01543,0.01617,0.02092,0.02867,0.02823,0.01483,0.01794,0.21901,0.03471,0.00808,0.02209,0.05058,0.28736,0.05122,0.05295,0.04853,0.01053
0.01418,0.02147,0.02299,0.00868,0.00894,0.02590,0.01207,0.17943,0.00835,0.02999,0.25101,0.07157,0.00442,0.02006,0.02023,0.02477,0.09908,0.01196,0.07914,0.08578
0.02673,0.01705,0.01512,0.01878,0.03115,0.06443,0.03239,0.01870,0.01403,0.01485,0.01994,0.04709,0.00884,0.00627,0.36033,0.02263,0.06694,0.06447,0.08822,0.06205
0.02068,0.02158,0.01749,0.01569,0.01367,0.01839,0.05234,0.01670,0.01443,0.01543,0.02014,0.03170,0.00804,0.00556,0.27336,0.17469,0.07216,0.00911,0.18514,0.01371
0.00528,0.00586,0.00824,0.00451,0.00447,0.00537,0.00461,0.00786,0.00437,0.00460,0.00530,0.46931,0.00227,0.00366,0.00575,0.03657,0.01114,0.00216,0.40113,0.00752
0.01538,0.01399,0.02161,0.01004,0.01099,0.01209,0.01225,0.01886,0.00928,0.00907,0.01693,0.08687,0.00603,0.00972,0.15732,0.21515,0.01254,0.00960,0.15534,0.19694
0.01891,0.02678,0.03182,0.01344,0.01458,0.02257,0.02024,0.02554,0.01968,0.02206,0.03254,0.11255,0.01462,0.01339,0.34932,0.01978,0.10070,0.03466,0.04047,0.06634
0.01566,0.03897,0.09387,0.01841,0.01660,0.02686,0.02786,0.06902,0.01546,0.01007,0.01709,0.06392,0.00470,0.23426,0.01478,0.07718,0.06290,0.03399,0.15102,0.00738
0.04320,0.04426,0.05816,0.01264,0.01836,0.02094,0.05790,0.02813,0.01654,0.01844,0.04880,0.03735,0.01294,0.00441,0.02560,0.01672,0.01926,0.09196,0.38107,0.04333
0.01470,0.01457,0.01667,0.01126,0.00919,0.01449,0.01670,0.01671,0.01259,0.00960,0.01760,0.09714,0.18622,0.01295,0.40594,0.05422,0.02340,0.01425,0.04132,0.01048
0.01080,0.00765,0.01864,0.00773,0.00472,0.00669,0.00895,0.19603,0.00504,0.08960,0.01848,0.08625,0.13256,0.01218,0.07032,0.12062,0.00990,0.00351,0.17876,0.01157
0.02663,0.02354,0.02540,0.02876,0.03891,0.02679,0.03788,0.02215,0.03328,0.04440,0.01264,0.28130,0.01569,0.03395,0.01490,0.02920,0.02135,0.01085,0.16683,0.10556
0.01794,0.03619,0.08870,0.01508,0.00939,0.01451,0.01847,0.01909,0.01367,0.02000,0.00650,0.04784,0.00768,0.26745,0.02917,0.14332,0.03829,0.10752,0.05921,0.03998
0.01574,0.02062,0.03190,0.01491,0.01889,0.02006,0.02882,0.02813,0.01389,0.01365,0.02976,0.04629,0.00769,0.00646,0.22039,0.15353,0.27380,0.01391,0.02421,0.01736
0.00682,0.00995,0.01336,0.00480,0.00506,0.00532,0.00658,0.00881,0.00538,0.00701,0.07372,0.05033,0.00413,0.00681,0.00708,0.33844,0.29225,0.00415,0.14480,0.00519
0.02394,0.02915,0.08800,0.01136,0.01140,0.01504,0.11647,0.02518,0.02264,0.03050,0.00720,0.18542,0.01236,0.00544,0.02964,0.07091,0.00636,0.00341,0.30075,0.00484
0.01644,0.02799,0.21878,0.01474,0.02205,0.06075,0.04476,0.01470,0.01057,0.02270,0.03074,0.03632,0.01050,0.04840,0.27148,0.08543,0.00789,0.01279,0.03205,0.01093
0.01053,0.01074,0.01568,0.01005,0.00938,0.00856,0.00872,0.01062,0.00927,0.01238,0.24813,0.07948,0.03680,0.12647,0.04460,0.23045,0.06782,0.00746,0.04316,0.00970
0.00784,0.01153,0.11000,0.00672,0.00744,0.00641,0.00617,0.24224,0.00525,0.00743,0.03619,0.14861,0.00364,0.00702,0.01913,0.23885,0.04144,0.00887,0.07783,0.00740
0.02235,0.02244,0.02705,0.02200,0.02432,0.03573,0.03480,0.01366,0.01549,0.01852,0.03656,0.05493,0.02132,0.00831,0.09454,0.02104,0.01893,0.02330,0.44000,0.04472
0.01265,0.01848,0.02098,0.00748,0.00902,0.01015,0.02265,0.22789,0.00869,0.02334,0.00517,0.13118,0.00551,0.00707,0.01284,0.15792,0.20785,0.00566,0.09116,0.01431
0.02147,0.01587,0.02633,0.02340,0.02989,0.03268,0.02559,0.01639,0.02745,0.02082,0.02709,0.02752,0.00642,0.00438,0.06401,0.35780,0.04035,0.01693,0.19813,0.01747
0.01478,0.01723,0.02318,0.01006,0.02729,0.01121,0.17323,0.09460,0.01980,0.01207,0.03248,0.03086,0.00939,0.01004,0.23508,0.10880,0.02027,0.01175,0.12048,0.01739
0.02723,0.01718,0.02541,0.01942,0.01762,0.03843,0.02392,0.05974,0.02555,0.02984,0.16510,0.14674,0.00776,0.00326,0.01539,0.01910,0.02088,0.00301,0.25853,0.07589
0.04220,0.05734,0.28232,0.01461,0.01524,0.02489,0.01839,0.08512,0.02323,0.01201,0.01320,0.06913,0.01786,0.01407,0.08322,0.06994,0.02487,0.00800,0.05358,0.07080
0.02964,0.03232,0.07389,0.04871,0.02456,0.02120,0.02277,0.01930,0.02325,0.03954,0.04329,0.02023,0.02752,0.02212,0.01810,0.13756,0.02955,0.20849,0.14506,0.01292
0.00835,0.01401,0.01577,0.00774,0.00720,0.01492,0.00959,0.01315,0.00967,0.00795,0.01212,0.26407,0.00236,0.00261,0.00529,0.23268,0.03867,0.00209,0.32480,0.00697
0.01108,0.01284,0.01689,0.00973,0.00755,0.01025,0.01069,0.01302,0.00847,0.01117,0.29198,0.30418,0.01507,0.00860,0.03737,0.04129,0.00854,0.00550,0.16926,0.00653
0.02059,0.02871,0.04656,0.03277,0.01781,0.02586,0.02246,0.02448,0.01893,0.01671,0.03965,0.06466,0.00989,0.01625,0.31205,0.11272,0.04670,0.02462,0.10577,0.01280
0.02220,0.01879,0.02612,0.01840,0.01411,0.02133,0.02367,0.01665,0.01437,0.03420,0.01081,0.05030,0.01496,0.00555,0.03675,0.04043,0.01746,0.01654,0.56060,0.03678
0.01562,0.03431,0.02528,0.01477,0.01263,0.02276,0.01233,0.01338,0.01152,0.01824,0.01439,0.19086,0.01226,0.01017,0.01163,0.12851,0.20387,0.00700,0.23030,0.01015
0.01767,0.02369,0.07213,0.01793,0.01532,0.02673,0.02343,0.02625,0.02323,0.02238,0.04258,0.06690,0.01060,0.05960,0.02039,0.22683,0.01730,0.00920,0.26687,0.01097
0.03148,0.01947,0.02729,0.03909,0.03195,0.02852,0.07730,0.02197,0.02586,0.02586,0.00429,0.07051,0.01592,0.04819,0.22686,0.11669,0.01832,0.01774,0.11397,0.03873
0.05738,0.29007,0.05468,0.00776,0.01086,0.01378,0.00928,0.02279,0.01218,0.01060,0.05209,0.05498,0.00667,0.02179,0.02039,0.17098,0.05610,0.01237,0.10955,0.00568
0.04068,0.03185,0.04607,0.02611,0.04724,0.02778,0.06152,0.03233,0.02643,0.02587,0.02811,0.04589,0.02963,0.04885,0.25888,0.07032,0.04939,0.01381,0.05284,0.03640
0.01168,0.01325,0.15811,0.00943,0.01073,0.00802,0.00892,0.16926,0.01026,0.01123,0.10747,0.17465,0.00728,0.00325,0.04980,0.03380,0.02437,0.00329,0.17046,0.01475
0.01245,0.01452,0.01694,0.00943,0.01126,0.01284,0.01071,0.01329,0.01337,0.01615,0.03228,0.04657,0.00809,0.01154,0.01469,0.29079,0.16669,0.19528,0.09654,0.00655
0.02427,0.02355,0.02781,0.01659,0.01565,0.02166,0.01877,0.02981,0.01413,0.01717,0.13547,0.06410,0.05360,0.01365,0.06001,0.13871,0.23749,0.00993,0.06900,0.00861
0.02341,0.01757,0.02666,0.01885,0.01433,0.01596,0.04625,0.01741,0.02288,0.01768,0.01342,0.02629,0.20330,0.03655,0.25481,0.05145,0.01767,0.02477,0.11247,0.03827
0.03165,0.04124,0.06261,0.01625,0.01364,0.03627,0.05002,0.03994,0.02531,0.03331,0.07550,0.09803,0.02122,0.02288,0.12916,0.12952,0.10496,0.01608,0.04370,0.00872
0.01488,0.01745,0.11033,0.01493,0.01071,0.01299,0.01060,0.09290,0.01592,0.01743,0.03322,0.04141,0.01209,0.00596,0.05256,0.05519,0.02047,0.20883,0.24190,0.01021
0.01074,0.04132,0.13712,0.01142,0.01023,0.01046,0.02022,0.06314,0.00506,0.00514,0.08676,0.23832,0.00483,0.18132,0.03235,0.05519,0.02312,0.01181,0.03423,0.01722
0.00802,0.01152,0.02045,0.00891,0.00858,0.01099,0.01270,0.01174,0.00819,0.01020,0.01241,0.07042,0.00919,0.00628,0.49530,0.03093,0.02099,0.01633,0.09431,0.13255
0.00716,0.00952,0.01210,0.00481,0.00529,0.00535,0.00783,0.00925,0.00605,0.00674,0.00371,0.24250,0.00384,0.00543,0.00841,0.24334,0.06478,0.00335,0.33059,0.01997
0.01513,0.01525,0.02395,0.01559,0.01555,0.01334,0.07846,0.02228,0.01465,0.01518,0.00896,0.32891,0.00378,0.10632,0.01280,0.00917,0.00944,0.00856,0.14911,0.13361
0.01685,0.02404,0.02276,0.02849,0.02377,0.02357,0.03801,0.01954,0.02519,0.02727,0.01980,0.02083,0.00992,0.00979,0.08570,0.18758,0.02601,0.07367,0.12533,0.19188
0.04770,0.04606,0.10638,0.03608,0.01402,0.05476,0.02971,0.06502,0.01562,0.01751,0.06866,0.09993,0.00555,0.00553,0.04426,0.02185,0.01178,0.00997,0.28237,0.01722
0.02070,0.04846,0.10954,0.01562,0.01502,0.01929,0.05389,0.02757,0.01853,0.02015,0.01507,0.03774,0.01641,0.06519,0.22327,0.10042,0.01209,0.01595,0.15109,0.01401
0.01311,0.01238,0.01479,0.01379,0.01419,0.04426,0.25067,0.01014,0.01478,0.01486,0.00730,0.15289,0.01106,0.00676,0.07097,0.17798,0.00906,0.00450,0.14639,0.01014
0.02006,0.03589,0.09007,0.03847,0.03973,0.03170,0.04385,0.05389,0.02259,0.02626,0.06875,0.08902,0.00889,0.00895,0.04367,0.06876,0.16056,0.00478,0.08524,0.05885
0.03752,0.01441,0.21128,0.00650,0.00537,0.00808,0.00643,0.02161,0.00771,0.01147,0.03400,0.03630,0.00506,0.20403,0.01557,0.12085,0.12384,0.05410,0.06921,0.00665
