0.02720,0.01401,0.12251,0.03933,0.01216,0.45221,0.01446,0.06690,0.01530,0.01971,0.06920,0.01625,0.01282,0.06876,0.00773,0.00723,0.00733,0.00753,0.00439,0.01499
0.01304,0.01549,0.03096,0.54743,0.01835,0.01351,0.01441,0.02500,0.02207,0.00978,0.16653,0.03517,0.01068,0.01270,0.02101,0.00912,0.00807,0.00976,0.00669,0.01022
0.01955,0.02106,0.13429,0.21975,0.02450,0.03213,0.02882,0.18146,0.01412,0.01949,0.09328,0.02165,0.04068,0.02336,0.02151,0.01460,0.01361,0.02697,0.01978,0.02940
0.17271,0.07470,0.03441,0.05821,0.01361,0.01417,0.02574,0.06277,0.30144,0.01726,0.02166,0.08593,0.02697,0.02500,0.01629,0.01207,0.01087,0.00655,0.00609,0.01355
0.26316,0.02479,0.04040,0.02262,0.02030,0.01925,0.03466,0.05233,0.22116,0.01368,0.01256,0.11611,0.02179,0.01259,0.01829,0.01782,0.03745,0.01929,0.01409,0.01767
0.31663,0.02415,0.05633,0.04721,0.02271,0.01928,0.01914,0.22763,0.04272,0.01654,0.05863,0.04400,0.01971,0.01931,0.01362,0.01160,0.00814,0.01289,0.00863,0.01115
0.03141,0.01870,0.14884,0.04176,0.01149,0.44161,0.02452,0.13409,0.01583,0.00937,0.04363,0.01503,0.00972,0.01435,0.00643,0.00570,0.00778,0.00754,0.00424,0.00797
0.06017,0.01495,0.15406,0.03220,0.01763,0.37989,0.01814,0.09784,0.01831,0.02731,0.05552,0.01465,0.01960,0.01779,0.01124,0.01236,0.02256,0.00640,0.00798,0.01140
0.01992,0.02156,0.08197,0.11186,0.06446,0.28766,0.04329,0.03347,0.02722,0.04058,0.11483,0.00705,0.01934,0.04306,0.02498,0.02043,0.01016,0.00723,0.00961,0.01132
0.02742,0.01985,0.16046,0.35358,0.02284,0.02295,0.01850,0.06177,0.01603,0.02277,0.06692,0.04644,0.01362,0.04217,0.02057,0.01187,0.00726,0.02465,0.01680,0.02350
0.05211,0.09818,0.07317,0.05794,0.09895,0.01792,0.03582,0.14332,0.16904,0.03403,0.01412,0.03660,0.01909,0.02478,0.03375,0.02135,0.01472,0.02515,0.01411,0.01583
0.12216,0.02538,0.07826,0.02981,0.04159,0.02426,0.02340,0.10709,0.19755,0.02076,0.01897,0.07857,0.02963,0.01843,0.06064,0.01976,0.03271,0.02598,0.02840,0.01665
0.03304,0.01066,0.04235,0.54265,0.01358,0.01589,0.01027,0.04039,0.01630,0.02074,0.08063,0.03493,0.02443,0.02145,0.02367,0.00978,0.01041,0.01579,0.01775,0.01530
0.01987,0.03461,0.26010,0.38269,0.01593,0.01152,0.02397,0.04708,0.01277,0.02512,0.03015,0.01370,0.01486,0.02443,0.01797,0.00988,0.01003,0.01769,0.01184,0.01578
0.06352,0.01374,0.07414,0.02067,0.02774,0.01891,0.01236,0.12883,0.08368,0.01922,0.01676,0.39957,0.00995,0.02243,0.01775,0.01678,0.01177,0.01555,0.01046,0.01617
0.02403,0.01327,0.05413,0.62865,0.01135,0.01140,0.01652,0.02160,0.01138,0.01168,0.06164,0.03555,0.01617,0.01230,0.01733,0.00835,0.00700,0.00827,0.00634,0.02302
0.30856,0.02417,0.08412,0.05332,0.01227,0.02462,0.01954,0.14109,0.03168,0.02359,0.04343,0.04878,0.03833,0.06407,0.01021,0.01501,0.01479,0.02124,0.00808,0.01310
0.02394,0.01253,0.08805,0.04714,0.04001,0.40661,0.01896,0.07503,0.01466,0.01689,0.06781,0.01673,0.02300,0.04738,0.03478,0.02102,0.00943,0.01505,0.00747,0.01350
0.01585,0.01625,0.05055,0.55372,0.01684,0.00895,0.01844,0.02207,0.01326,0.01786,0.14621,0.01208,0.01437,0.01395,0.02291,0.01069,0.00979,0.01225,0.01275,0.01120
0.04392,0.01325,0.18608,0.42144,0.01031,0.01312,0.01350,0.04169,0.01526,0.02020,0.10801,0.01238,0.02192,0.02288,0.00873,0.00867,0.00797,0.00826,0.00839,0.01404
0.37624,0.04840,0.05314,0.03626,0.03105,0.01540,0.03094,0.10912,0.03339,0.04214,0.02715,0.05091,0.02324,0.01280,0.03952,0.01432,0.00851,0.02198,0.01302,0.01248
0.29829,0.02145,0.10588,0.03837,0.04653,0.01667,0.01462,0.12592,0.03750,0.03578,0.01564,0.04854,0.03547,0.04606,0.02094,0.02335,0.01282,0.01773,0.01575,0.02270
0.02755,0.01996,0.29003,0.27273,0.01616,0.05087,0.04537,0.08402,0.01213,0.01786,0.04119,0.01866,0.01131,0.02051,0.01878,0.00893,0.00833,0.01451,0.00812,0.01299
0.01636,0.01242,0.23049,0.38829,0.01505,0.02016,0.02075,0.10133,0.00754,0.01265,0.05719,0.01291,0.02180,0.01216,0.02664,0.01005,0.00726,0.00798,0.00573,0.01322
0.02673,0.01406,0.03270,0.08590,0.02551,0.39533,0.01915,0.03198,0.02681,0.02430,0.11787,0.03353,0.02865,0.01893,0.04568,0.02726,0.01184,0.01011,0.00867,0.01500
0.07756,0.02288,0.07271,0.05017,0.09668,0.02551,0.02763,0.16796,0.14779,0.02745,0.05559,0.06617,0.01770,0.02409,0.01962,0.01999,0.01074,0.01901,0.01465,0.03611
0.01542,0.02509,0.13575,0.02899,0.01530,0.41731,0.02348,0.06877,0.01576,0.01485,0.07286,0.02376,0.02019,0.02344,0.01898,0.01598,0.02174,0.01625,0.01212,0.01398
0.32358,0.02480,0.05970,0.05567,0.03416,0.02114,0.01526,0.11160,0.11967,0.02448,0.02108,0.05963,0.02548,0.01898,0.01711,0.01961,0.01248,0.00770,0.00815,0.01972
0.02860,0.01159,0.09012,0.04742,0.01361,0.48767,0.02701,0.08573,0.03118,0.00764,0.04761,0.03917,0.01211,0.01717,0.01070,0.00686,0.00809,0.01040,0.00546,0.01187
0.03114,0.03110,0.23624,0.19208,0.02295,0.02629,0.09854,0.11071,0.01993,0.02982,0.09493,0.01307,0.02047,0.02154,0.01196,0.01161,0.00490,0.00635,0.00707,0.00929
0.03126,0.01945,0.09629,0.48005,0.01305,0.01995,0.02501,0.04357,0.01305,0.02153,0.03007,0.01870,0.02053,0.04862,0.01345,0.01442,0.02919,0.02129,0.01325,0.02726
0.03668,0.01501,0.05867,0.43396,0.01397,0.01720,0.01269,0.07975,0.01401,0.01487,0.11157,0.05297,0.01511,0.02599,0.02818,0.00939,0.00976,0.02040,0.01507,0.01474
0.02686,0.09257,0.23851,0.33282,0.01029,0.01005,0.03988,0.05350,0.01004,0.02399,0.05513,0.01303,0.01585,0.02987,0.00638,0.00893,0.00634,0.00766,0.00642,0.01189
0.49150,0.02538,0.03250,0.02191,0.02104,0.02920,0.01832,0.05542,0.07589,0.01857,0.03076,0.03958,0.01783,0.01327,0.02785,0.01333,0.02627,0.01284,0.01172,0.01682
0.17634,0.02511,0.04507,0.04578,0.03326,0.01364,0.02235,0.24328,0.16592,0.03143,0.01554,0.03154,0.04324,0.02199,0.01314,0.01804,0.01089,0.00944,0.01841,0.01559
0.18651,0.03371,0.02342,0.03630,0.09071,0.01569,0.01991,0.10042,0.12786,0.03102,0.02374,0.08732,0.05119,0.02413,0.04348,0.02507,0.01847,0.00872,0.02416,0.02818
0.16552,0.02049,0.04953,0.02572,0.02105,0.03125,0.01553,0.13965,0.24527,0.01525,0.01407,0.12978,0.01754,0.02051,0.02423,0.01450,0.01300,0.01243,0.01084,0.01385
0.03604,0.05617,0.04682,0.56532,0.01174,0.01647,0.03228,0.02266,0.01387,0.02372,0.03985,0.01202,0.01566,0.01627,0.01904,0.01039,0.01144,0.01219,0.02350,0.01453
0.14012,0.02573,0.04641,0.03502,0.02980,0.01531,0.01398,0.19342,0.25542,0.02036,0.02064,0.07821,0.01738,0.01800,0.01648,0.01769,0.01533,0.01332,0.01179,0.01558
0.05416,0.02146,0.07023,0.04842,0.03034,0.41146,0.01928,0.04668,0.03053,0.04092,0.04409,0.02641,0.03323,0.02121,0.02458,0.00906,0.00993,0.02756,0.01049,0.01997
0.02473,0.01300,0.02848,0.05216,0.04430,0.37503,0.01822,0.02556,0.02214,0.01710,0.10213,0.02628,0.01682,0.02352,0.12299,0.01870,0.02801,0.01403,0.01468,0.01210
0.02480,0.03370,0.04035,0.40678,0.04160,0.01869,0.05164,0.03456,0.02910,0.02363,0.04563,0.02259,0.02839,0.04173,0.03563,0.03611,0.01034,0.02419,0.01914,0.03139
0.01066,0.00734,0.22078,0.36662,0.01213,0.00990,0.01190,0.14713,0.01472,0.01046,0.09481,0.01742,0.01117,0.01757,0.00782,0.00662,0.00503,0.01273,0.00475,0.01043
0.02926,0.00909,0.08399,0.54680,0.01481,0.01441,0.01120,0.05251,0.01440,0.01412,0.04096,0.03632,0.01380,0.04195,0.01490,0.01016,0.00901,0.01362,0.00845,0.02023
0.04580,0.03448,0.08913,0.38811,0.01704,0.03340,0.04772,0.05930,0.02086,0.02723,0.09716,0.01906,0.01777,0.04177,0.00738,0.00951,0.00940,0.00916,0.00848,0.01724
0.04122,0.02334,0.08184,0.04753,0.03436,0.38206,0.02548,0.05837,0.01407,0.03267,0.07570,0.01120,0.01611,0.03578,0.04134,0.01291,0.01634,0.01880,0.01657,0.01429
0.32005,0.02088,0.05221,0.04462,0.03465,0.02783,0.01813,0.06658,0.09067,0.04212,0.02100,0.07922,0.02356,0.02845,0.02024,0.03037,0.01961,0.01958,0.01813,0.02209
0.05791,0.04513,0.09023,0.03265,0.05523,0.03332,0.03174,0.21693,0.11849,0.01544,0.01914,0.09600,0.02413,0.01976,0.02308,0.02012,0.01374,0.03250,0.01284,0.04163
0.03933,0.05078,0.04820,0.41682,0.01582,0.04155,0.02309,0.04348,0.03277,0.02500,0.07407,0.04042,0.03284,0.02372,0.03378,0.01098,0.00750,0.01043,0.01710,0.01235
0.03066,0.04837,0.05838,0.44459,0.01323,0.01904,0.03222,0.06018,0.01609,0.02177,0.04230,0.02272,0.05606,0.01144,0.03557,0.01064,0.01453,0.01388,0.02298,0.02533
0.04660,0.01973,0.05782,0.04989,0.02307,0.40482,0.02556,0.04819,0.06210,0.01474,0.13183,0.02233,0.01635,0.02310,0.01009,0.00894,0.00963,0.00671,0.00541,0.01310
0.02208,0.02914,0.13306,0.02280,0.01351,0.34537,0.01911,0.17113,0.01194,0.01555,0.11346,0.01192,0.01907,0.02166,0.01081,0.00787,0.00765,0.01016,0.00558,0.00812
0.03906,0.11055,0.06827,0.36119,0.01389,0.02045,0.09284,0.07819,0.01603,0.01440,0.03730,0.02655,0.01642,0.02815,0.02172,0.00964,0.00950,0.00758,0.01233,0.01591
0.02943,0.02474,0.12112,0.03537,0.02863,0.28169,0.03820,0.13432,0.04242,0.02295,0.12129,0.01900,0.01407,0.01858,0.01531,0.01367,0.01180,0.00935,0.00670,0.01136
0.02637,0.05981,0.05174,0.51123,0.01525,0.00921,0.05337,0.05063,0.01655,0.01553,0.04310,0.01361,0.02411,0.02145,0.02830,0.01195,0.00999,0.00828,0.01435,0.01516
0.14932,0.02597,0.09582,0.03626,0.05154,0.03563,0.03076,0.28626,0.03298,0.04730,0.02585,0.02367,0.02128,0.02168,0.02788,0.02719,0.02192,0.01489,0.01103,0.01277
0.03284,0.01846,0.05333,0.04977,0.03223,0.51266,0.01600,0.04572,0.04877,0.02531,0.06527,0.01376,0.00931,0.02067,0.01513,0.01231,0.00861,0.00612,0.00512,0.00862
0.35430,0.01863,0.04607,0.03007,0.02420,0.02658,0.01542,0.07635,0.09476,0.02912,0.02948,0.11845,0.01889,0.01920,0.02451,0.01896,0.01288,0.01579,0.01493,0.01141
0.04400,0.02150,0.03150,0.11018,0.04940,0.03999,0.03217,0.04603,0.18941,0.01942,0.06474,0.21244,0.02029,0.02147,0.02752,0.00948,0.00996,0.02060,0.01352,0.01639
0.01938,0.06169,0.07121,0.32466,0.02455,0.02117,0.13051,0.04526,0.01334,0.02259,0.06409,0.01560,0.01541,0.01298,0.09035,0.01713,0.01152,0.01316,0.01107,0.01434
0.31618,0.01388,0.06549,0.04102,0.01723,0.01667,0.01711,0.28397,0.02154,0.01684,0.02381,0.04564,0.02079,0.02153,0.02037,0.01268,0.01091,0.00973,0.00742,0.01718
0.04554,0.02483,0.06370,0.02764,0.07576,0.01795,0.03773,0.11613,0.23580,0.02832,0.01103,0.09150,0.02150,0.08967,0.02812,0.02464,0.01154,0.01978,0.01192,0.01689
0.04519,0.02517,0.05288,0.04729,0.02730,0.41760,0.02913,0.04325,0.01581,0.04572,0.11361,0.02670,0.01685,0.01814,0.02506,0.01268,0.01189,0.00862,0.00870,0.00842
0.29504,0.02003,0.04543,0.03550,0.03543,0.01393,0.01245,0.05447,0.19094,0.01189,0.01435,0.05286,0.02051,0.04023,0.02933,0.02707,0.01299,0.03085,0.02285,0.03387
0.05368,0.01714,0.08045,0.04619,0.01627,0.42107,0.02288,0.04255,0.02731,0.02873,0.05307,0.02643,0.02364,0.02831,0.04962,0.01381,0.01667,0.01127,0.01217,0.00874
0.14148,0.01628,0.04994,0.06297,0.01802,0.01799,0.01903,0.19190,0.28851,0.03415,0.05808,0.02663,0.01351,0.01184,0.00948,0.00877,0.00809,0.00662,0.00386,0.01285
0.02024,0.00856,0.23719,0.43151,0.01418,0.01015,0.00952,0.10202,0.01474,0.01935,0.04377,0.01148,0.01209,0.01808,0.01253,0.00846,0.00410,0.00478,0.00621,0.01102
0.02783,0.01435,0.09376,0.50788,0.01363,0.01132,0.01731,0.07949,0.01499,0.01415,0.03951,0.02609,0.01885,0.01890,0.02651,0.01559,0.01068,0.01730,0.00894,0.02290
0.02419,0.03342,0.15691,0.23592,0.01529,0.02533,0.20315,0.10008,0.01687,0.01294,0.08146,0.01278,0.01230,0.01849,0.00733,0.00942,0.00702,0.00871,0.00555,0.01285
0.03321,0.02130,0.04971,0.04188,0.02005,0.43629,0.02609,0.06904,0.06333,0.01461,0.10427,0.02034,0.01708,0.01337,0.01983,0.01183,0.01281,0.00731,0.00653,0.01111
0.01275,0.00810,0.15256,0.33764,0.02687,0.08626,0.01123,0.06291,0.02254,0.01655,0.06277,0.04039,0.01460,0.05447,0.01082,0.01387,0.00988,0.01656,0.00567,0.03355
0.03722,0.01603,0.04607,0.04128,0.01208,0.43724,0.01539,0.04155,0.03364,0.01571,0.11880,0.08603,0.01554,0.01244,0.01315,0.01107,0.01773,0.00871,0.00746,0.01286
0.07860,0.02219,0.12189,0.04298,0.03814,0.05255,0.04246,0.20778,0.04116,0.04132,0.02650,0.02620,0.01886,0.15076,0.00932,0.02328,0.01210,0.01134,0.01180,0.02074
0.02125,0.01091,0.17116,0.36138,0.02568,0.02215,0.02472,0.13457,0.01288,0.01251,0.07698,0.01608,0.00979,0.02431,0.01633,0.01191,0.00737,0.01690,0.00744,0.01569
0.02420,0.02413,0.04500,0.06861,0.02076,0.03224,0.03883,0.05094,0.48020,0.02033,0.03927,0.03317,0.02191,0.02833,0.00818,0.01491,0.01241,0.01089,0.00571,0.01997
0.08024,0.03606,0.06829,0.04654,0.02638,0.06821,0.03439,0.14410,0.15793,0.01953,0.07958,0.09519,0.02514,0.02698,0.01540,0.01363,0.01165,0.01680,0.01027,0.02370
0.21122,0.06730,0.04255,0.05639,0.06336,0.01345,0.02556,0.03342,0.15677,0.09674,0.01248,0.02905,0.02177,0.05944,0.01906,0.02788,0.02174,0.01037,0.01624,0.01522
0.27402,0.02167,0.02995,0.04934,0.02064,0.02045,0.02234,0.05733,0.09023,0.02366,0.05351,0.06733,0.14653,0.01548,0.02588,0.02058,0.01311,0.01589,0.00798,0.02408
0.02496,0.02353,0.08119,0.03431,0.05347,0.46716,0.05369,0.04159,0.02526,0.01625,0.05443,0.01316,0.01370,0.02554,0.01237,0.01493,0.01133,0.01492,0.00645,0.01176
0.03223,0.02656,0.11978,0.03815,0.03663,0.20334,0.02286,0.15779,0.02111,0.03376,0.08273,0.04472,0.02131,0.03050,0.02488,0.02610,0.02784,0.02064,0.01412,0.01495
0.16143,0.03531,0.03839,0.04424,0.02932,0.03714,0.01727,0.05878,0.13155,0.01772,0.03608,0.15602,0.07074,0.03175,0.03262,0.00998,0.01876,0.02324,0.02251,0.02714
0.02528,0.00773,0.07073,0.61122,0.00919,0.01277,0.01292,0.03628,0.01304,0.01694,0.05902,0.03326,0.01473,0.01364,0.01391,0.00811,0.00832,0.01196,0.00796,0.01299
0.02969,0.01815,0.09197,0.42823,0.01767,0.01828,0.03099,0.10636,0.02015,0.02291,0.02868,0.06166,0.01478,0.01944,0.01798,0.01072,0.00808,0.02322,0.00950,0.02153
0.14953,0.01668,0.09047,0.03040,0.01296,0.01697,0.01875,0.38301,0.04058,0.00986,0.03770,0.08705,0.01584,0.03894,0.00897,0.00954,0.00758,0.00958,0.00703,0.00855
0.17206,0.01806,0.05360,0.03143,0.01896,0.02090,0.01802,0.26087,0.20632,0.01334,0.03795,0.05108,0.02236,0.01964,0.01302,0.01044,0.00614,0.00770,0.00590,0.01221
0.01938,0.02628,0.08754,0.02376,0.02336,0.48100,0.03564,0.04686,0.02024,0.02018,0.06796,0.02986,0.01956,0.02065,0.01744,0.00903,0.01433,0.01442,0.01004,0.01247
0.02959,0.01556,0.23369,0.27211,0.01333,0.02163,0.01431,0.06796,0.01311,0.02563,0.04793,0.03126,0.02136,0.08573,0.01215,0.02278,0.01068,0.02571,0.01045,0.02504
0.01572,0.02807,0.06391,0.04310,0.05416,0.39367,0.03898,0.05235,0.02725,0.02747,0.03797,0.02983,0.01651,0.05182,0.02166,0.03974,0.01958,0.01294,0.00989,0.01540
0.08625,0.01262,0.03404,0.02015,0.01622,0.04645,0.01255,0.09264,0.11323,0.01410,0.02378,0.43827,0.01420,0.01052,0.01260,0.01137,0.01191,0.00826,0.00882,0.01203
0.23293,0.04090,0.03135,0.03921,0.02610,0.01045,0.01608,0.23043,0.16332,0.03308,0.02959,0.06430,0.01323,0.00927,0.01677,0.01084,0.01081,0.00620,0.00465,0.01049
0.07942,0.02209,0.09677,0.02883,0.04485,0.03862,0.02743,0.15197,0.05252,0.01487,0.02349,0.17495,0.01850,0.08803,0.03333,0.01802,0.00936,0.02928,0.03105,0.01661
0.04028,0.09037,0.06720,0.41127,0.01875,0.01564,0.02984,0.04809,0.01561,0.03205,0.06547,0.01665,0.02317,0.04139,0.01403,0.01378,0.01400,0.01559,0.01244,0.01437
0.18624,0.02175,0.03332,0.02489,0.03017,0.02246,0.01715,0.37146,0.09082,0.03901,0.01611,0.03279,0.02049,0.01884,0.01511,0.01803,0.01198,0.00985,0.00863,0.01091
0.03666,0.03127,0.13632,0.03323,0.02927,0.33568,0.03054,0.06341,0.01556,0.02630,0.05919,0.02193,0.01608,0.02247,0.03521,0.02832,0.03036,0.01942,0.01826,0.01052
0.01730,0.02425,0.02516,0.02697,0.03723,0.46335,0.02111,0.02328,0.02821,0.01320,0.16570,0.02008,0.01340,0.01104,0.04395,0.01264,0.01598,0.01029,0.01314,0.01371
0.01817,0.00710,0.14512,0.50622,0.01877,0.01147,0.01158,0.06043,0.03110,0.01190,0.03789,0.03813,0.01178,0.02224,0.01062,0.00845,0.00753,0.01815,0.00721,0.01615
0.01158,0.02197,0.10766,0.45263,0.01511,0.02798,0.13324,0.05610,0.01147,0.02794,0.05583,0.01257,0.00982,0.01673,0.00977,0.00598,0.00434,0.00647,0.00456,0.00825
0.24056,0.02176,0.04783,0.02050,0.05683,0.02778,0.01269,0.19364,0.10606,0.02220,0.01647,0.05253,0.01058,0.01398,0.08877,0.01477,0.01400,0.01208,0.01403,0.01293
0.18248,0.02344,0.07627,0.03609,0.01699,0.02868,0.02051,0.31205,0.13942,0.01999,0.04142,0.02457,0.01150,0.01544,0.00716,0.01128,0.00787,0.00919,0.00688,0.00876
0.06631,0.01779,0.07999,0.50997,0.01382,0.01027,0.01399,0.08088,0.01531,0.01832,0.05881,0.01307,0.02011,0.01101,0.02091,0.01017,0.00694,0.00858,0.00886,0.01487
