0.05815,0.05575,0.04903,0.06693,0.04236,0.21744,0.18254,0.14726,0.09980,0.08076
0.05167,0.06251,0.05023,0.06766,0.03985,0.12885,0.36631,0.06862,0.09866,0.06564
0.05979,0.07054,0.05957,0.09810,0.06112,0.06014,0.14423,0.06147,0.20045,0.18458
0.06837,0.07823,0.07604,0.09927,0.05108,0.10662,0.19548,0.06554,0.12973,0.12964
0.07273,0.06695,0.05564,0.07021,0.04653,0.13315,0.07355,0.13019,0.17688,0.17418
0.05052,0.05616,0.05216,0.06368,0.03705,0.07661,0.08048,0.09601,0.14826,0.33908
0.09945,0.08192,0.07194,0.11872,0.05561,0.14201,0.09316,0.24572,0.05615,0.03531
0.10531,0.10150,0.10324,0.14453,0.08916,0.11510,0.10822,0.09748,0.07335,0.06212
0.06706,0.06049,0.05397,0.06942,0.04706,0.22015,0.19851,0.09900,0.08477,0.09957
0.05840,0.06229,0.05129,0.07101,0.04465,0.15118,0.21485,0.11597,0.13495,0.09541
0.06546,0.05341,0.04717,0.10408,0.03912,0.06559,0.14595,0.11731,0.24609,0.11582
0.05883,0.06016,0.05620,0.07340,0.04956,0.15511,0.07498,0.18323,0.13553,0.15300
0.06279,0.06095,0.04941,0.06061,0.04393,0.15178,0.26549,0.09097,0.12234,0.09172
0.05148,0.05287,0.04555,0.05391,0.03861,0.19417,0.20513,0.14800,0.13549,0.07479
0.06765,0.06808,0.07031,0.07808,0.05711,0.18680,0.11717,0.13277,0.10543,0.11659
0.06361,0.06695,0.06965,0.08539,0.04959,0.11867,0.15601,0.09837,0.12682,0.16494
0.05058,0.04686,0.03659,0.06695,0.03290,0.14991,0.25300,0.16672,0.12248,0.07403
0.05152,0.05191,0.04329,0.06785,0.03493,0.07938,0.23414,0.08241,0.19582,0.15876
0.03146,0.03246,0.03003,0.03365,0.02210,0.08970,0.51949,0.05408,0.11468,0.07235
0.05534,0.05923,0.05270,0.06375,0.04230,0.35254,0.09792,0.16217,0.06175,0.05230
0.05043,0.05089,0.04570,0.05635,0.03558,0.12639,0.28817,0.11239,0.14621,0.08789
0.09765,0.09520,0.08851,0.11861,0.06631,0.13899,0.10361,0.14415,0.08118,0.06578
0.05564,0.06011,0.05251,0.07611,0.04497,0.22288,0.08056,0.19164,0.08828,0.12730
0.11553,0.12075,0.08680,0.13267,0.08583,0.09827,0.07971,0.10878,0.08565,0.08602
0.05358,0.05724,0.04490,0.05702,0.04175,0.08566,0.13477,0.08553,0.17163,0.26791
0.04909,0.05687,0.05028,0.06166,0.04073,0.28561,0.19713,0.12400,0.06874,0.06591
0.03338,0.03768,0.03420,0.04197,0.02920,0.10585,0.36274,0.06223,0.16485,0.12789
0.04545,0.04501,0.04012,0.05374,0.03378,0.11939,0.13536,0.13983,0.23313,0.15419
0.03737,0.03791,0.03961,0.04745,0.02936,0.08833,0.38104,0.06873,0.17140,0.09878
0.06223,0.05994,0.05633,0.06377,0.04906,0.16256,0.19896,0.10203,0.12721,0.11792
0.04355,0.04150,0.04206,0.04900,0.02964,0.06106,0.39709,0.04545,0.16862,0.12202
0.03567,0.03871,0.03014,0.04399,0.02621,0.07004,0.45480,0.05069,0.16376,0.08599
0.04184,0.04917,0.04489,0.06488,0.03270,0.13789,0.22259,0.12104,0.17012,0.11489
0.06927,0.06602,0.05550,0.07427,0.04927,0.13456,0.19210,0.09714,0.13076,0.13111
0.05775,0.05874,0.04449,0.06089,0.03669,0.20968,0.17658,0.18757,0.09697,0.07066
0.09538,0.09322,0.07003,0.10446,0.06670,0.09457,0.08557,0.08592,0.13191,0.17224
0.06386,0.05575,0.04852,0.07446,0.04188,0.11451,0.10641,0.11932,0.16486,0.21043
0.04612,0.04345,0.03722,0.05268,0.03281,0.25052,0.14299,0.20046,0.10614,0.08761
0.08739,0.07983,0.07685,0.08575,0.05811,0.08749,0.15441,0.07044,0.14754,0.15221
0.04982,0.04760,0.04444,0.04804,0.03215,0.05506,0.12397,0.05431,0.24546,0.29916
0.05673,0.06045,0.04594,0.05876,0.03841,0.10790,0.18179,0.08647,0.16051,0.20304
0.05646,0.05541,0.05433,0.06765,0.04345,0.08361,0.09050,0.09823,0.18232,0.26806
0.04670,0.05516,0.05086,0.06209,0.04384,0.23035,0.15395,0.13385,0.12053,0.10269
0.05436,0.05545,0.04777,0.06463,0.04271,0.09943,0.23972,0.10384,0.16439,0.12771
0.05109,0.05670,0.04455,0.06695,0.03309,0.08158,0.10244,0.10779,0.16944,0.28638
0.05564,0.05073,0.05165,0.06222,0.04027,0.19598,0.19991,0.13221,0.12600,0.08539
0.06382,0.08263,0.05256,0.11269,0.06235,0.20383,0.07592,0.20963,0.06787,0.06870
0.05983,0.06186,0.04912,0.06707,0.04126,0.16813,0.25600,0.12045,0.11056,0.06573
0.06120,0.06896,0.06527,0.07925,0.04723,0.09397,0.26170,0.06912,0.13649,0.11681
0.06897,0.07253,0.06684,0.08423,0.06344,0.13848,0.15706,0.09715,0.13413,0.11716
0.05184,0.05389,0.04667,0.06372,0.03681,0.23216,0.06166,0.26449,0.07229,0.11647
0.09348,0.10068,0.09592,0.08874,0.06905,0.10367,0.11069,0.12372,0.11123,0.10281
0.06572,0.06752,0.05724,0.07323,0.04394,0.07744,0.24905,0.06521,0.17016,0.13049
0.08460,0.09196,0.05964,0.11582,0.06343,0.07592,0.20916,0.07426,0.11530,0.10990
0.07563,0.07614,0.05995,0.08463,0.05304,0.11385,0.08979,0.15648,0.15322,0.13727
0.03407,0.03342,0.02695,0.03968,0.02473,0.27480,0.22123,0.19530,0.09217,0.05765
0.04969,0.04950,0.04216,0.05162,0.03392,0.10656,0.21767,0.09469,0.21503,0.13916
0.05504,0.05986,0.05160,0.10856,0.04239,0.12781,0.11802,0.19419,0.13446,0.10808
0.06217,0.05267,0.04900,0.07856,0.03522,0.05681,0.37621,0.06312,0.14386,0.08239
0.04427,0.04361,0.03769,0.05366,0.02969,0.07592,0.30934,0.07287,0.21622,0.11673
0.06521,0.05924,0.04796,0.07875,0.03929,0.15784,0.20926,0.14058,0.12317,0.07872
0.06246,0.05625,0.04667,0.07395,0.04292,0.11535,0.18934,0.10176,0.20266,0.10863
0.03961,0.03710,0.03272,0.04584,0.02679,0.07649,0.42920,0.06392,0.15591,0.09241
0.06424,0.06001,0.05780,0.08978,0.04179,0.09641,0.20239,0.09359,0.15858,0.13541
0.03060,0.03203,0.02665,0.04281,0.02478,0.13287,0.17505,0.08484,0.18320,0.26718
0.05614,0.05751,0.05554,0.06042,0.04181,0.20716,0.22412,0.11197,0.09666,0.08866
0.13077,0.11706,0.09866,0.15072,0.08250,0.05710,0.08809,0.05854,0.11188,0.10470
0.09381,0.08400,0.08224,0.10314,0.06457,0.09569,0.11711,0.10088,0.13745,0.12111
0.06937,0.07014,0.06033,0.07607,0.04087,0.11018,0.26364,0.10048,0.13039,0.07853
0.08345,0.06702,0.05910,0.09256,0.05660,0.08563,0.12489,0.08707,0.17455,0.16913
0.07581,0.08296,0.08851,0.09431,0.05546,0.21012,0.11228,0.11789,0.07765,0.08501
0.06570,0.07141,0.05670,0.07846,0.04887,0.17569,0.09436,0.22150,0.09973,0.08758
0.06624,0.06935,0.06225,0.08367,0.04553,0.33750,0.07558,0.13961,0.05851,0.06176
0.10229,0.08844,0.10245,0.16101,0.07131,0.08451,0.05563,0.11818,0.10058,0.11560
0.04888,0.04779,0.04272,0.05850,0.03685,0.15828,0.12036,0.19951,0.15867,0.12844
0.05527,0.06215,0.05233,0.07746,0.05330,0.22289,0.08530,0.22743,0.08434,0.07953
0.08103,0.07783,0.07103,0.08922,0.05221,0.08744,0.17769,0.09636,0.15032,0.11685
0.05439,0.05366,0.04926,0.06300,0.03819,0.28189,0.15743,0.17550,0.06872,0.05798
0.09032,0.07406,0.06718,0.05415,0.03933,0.05135,0.08225,0.04967,0.11847,0.37321
0.04287,0.04396,0.04136,0.04832,0.03137,0.12941,0.23301,0.17954,0.17046,0.07971
0.06184,0.06711,0.05941,0.06332,0.05180,0.10289,0.28749,0.08723,0.14265,0.07626
0.05728,0.05587,0.05221,0.06020,0.04212,0.09755,0.17899,0.08810,0.20311,0.16456
0.06983,0.06793,0.06669,0.09371,0.06172,0.14771,0.10642,0.16467,0.10386,0.11745
0.07873,0.07509,0.08382,0.09000,0.05962,0.10023,0.26266,0.08252,0.09687,0.07048
0.10642,0.07841,0.05664,0.13746,0.06032,0.12107,0.10676,0.14421,0.10676,0.08196
0.04600,0.04829,0.03971,0.05486,0.03316,0.14507,0.24141,0.06375,0.14024,0.18752
0.06829,0.08489,0.07863,0.08450,0.06552,0.19323,0.06763,0.07692,0.07491,0.20548
0.05023,0.05128,0.04157,0.05302,0.03619,0.17249,0.12401,0.19929,0.13907,0.13284
0.07746,0.08582,0.06114,0.10241,0.06475,0.19692,0.11294,0.12888,0.07871,0.09097
0.08357,0.07662,0.06327,0.10987,0.05889,0.11235,0.10993,0.16919,0.12667,0.08964
0.03955,0.03589,0.03290,0.04852,0.02826,0.12758,0.21492,0.10626,0.22298,0.14314
0.07903,0.09134,0.06169,0.09647,0.06054,0.12073,0.11284,0.10626,0.13667,0.13444
0.04370,0.04933,0.03035,0.06444,0.02659,0.13668,0.09082,0.18273,0.12856,0.24679
0.04321,0.05039,0.04770,0.04644,0.03369,0.06262,0.13564,0.06180,0.20719,0.31133
0.05293,0.05579,0.04904,0.06124,0.04264,0.16999,0.29096,0.08753,0.09135,0.09854
0.04715,0.04847,0.03950,0.05903,0.03333,0.06480,0.29678,0.06909,0.19941,0.14244
0.05915,0.04851,0.04633,0.06283,0.03971,0.12546,0.29534,0.09073,0.14775,0.08419
0.04213,0.04358,0.04114,0.04942,0.03801,0.09770,0.17882,0.11259,0.25253,0.14408
0.08932,0.07803,0.07202,0.09994,0.06642,0.14795,0.12971,0.06949,0.09273,0.15440
0.07581,0.06056,0.05625,0.11302,0.03609,0.06740,0.13860,0.13619,0.20056,0.11551
