0.16428,0.08853,0.13416,0.08189,0.09482,0.19252,0.08277,0.16104
0.05318,0.27932,0.12011,0.03946,0.27697,0.07930,0.02028,0.13138
0.34260,0.15603,0.04909,0.03768,0.15976,0.19038,0.02657,0.03789
0.40716,0.13312,0.03173,0.04821,0.12952,0.14633,0.07409,0.02984
0.08966,0.07188,0.11631,0.22727,0.07493,0.10857,0.08675,0.22463
0.07959,0.17524,0.04106,0.13872,0.17360,0.22296,0.03317,0.13566
0.12197,0.18162,0.10099,0.10125,0.17558,0.14440,0.04124,0.13294
0.14080,0.05387,0.13818,0.13514,0.06258,0.14672,0.25312,0.06958
0.10040,0.13644,0.04298,0.16421,0.12787,0.23553,0.03583,0.15673
0.03437,0.08497,0.09442,0.17339,0.08990,0.20179,0.28953,0.03162
0.04888,0.22153,0.06133,0.13325,0.21441,0.11877,0.06336,0.13848
0.38602,0.18845,0.03490,0.06581,0.18815,0.04983,0.02162,0.06522
0.12021,0.15567,0.10115,0.15934,0.16230,0.02715,0.07087,0.20331
0.12694,0.08999,0.06568,0.10068,0.08725,0.34795,0.12315,0.05835
0.07417,0.09399,0.08942,0.18803,0.08986,0.20980,0.06024,0.19448
0.41534,0.11473,0.01692,0.02985,0.11353,0.26400,0.02275,0.02288
0.14394,0.15780,0.02149,0.14289,0.14274,0.22361,0.14691,0.02062
0.11513,0.09812,0.10910,0.14300,0.10012,0.25435,0.14794,0.03225
0.07722,0.08041,0.05461,0.16349,0.08569,0.32172,0.03391,0.18296
0.03774,0.25063,0.09249,0.09891,0.26324,0.05247,0.03967,0.16486
0.06427,0.11889,0.11588,0.05999,0.11662,0.35954,0.04025,0.12457
0.04756,0.19523,0.04131,0.12225,0.18699,0.25602,0.10069,0.04995
0.02977,0.17836,0.05201,0.05514,0.17382,0.39395,0.04591,0.07104
0.07878,0.15118,0.02458,0.11531,0.14260,0.32545,0.14308,0.01902
0.43039,0.13321,0.06845,0.07514,0.13155,0.03913,0.08822,0.03391
0.30658,0.20920,0.03689,0.03687,0.20206,0.13956,0.03333,0.03550
0.09558,0.21230,0.02976,0.14926,0.21604,0.11220,0.03359,0.15126
0.38758,0.06914,0.07324,0.06159,0.07760,0.13426,0.14314,0.05344
0.33964,0.14205,0.06198,0.03832,0.14983,0.12283,0.08217,0.06318
0.04089,0.35756,0.02649,0.08116,0.35066,0.03803,0.02894,0.07625
0.06370,0.17094,0.08468,0.07278,0.19650,0.05406,0.28975,0.06760
0.25140,0.11154,0.16590,0.08596,0.12228,0.11001,0.08046,0.07244
0.03871,0.25861,0.03253,0.16641,0.24978,0.04641,0.04859,0.15895
0.09066,0.21549,0.04120,0.11767,0.20918,0.19610,0.10085,0.02885
0.35505,0.24487,0.01789,0.03775,0.24070,0.03470,0.04622,0.02281
0.14913,0.06245,0.19233,0.07492,0.05846,0.24426,0.02946,0.18898
0.06334,0.06559,0.04535,0.23703,0.06423,0.26024,0.03323,0.23099
0.04480,0.12686,0.13490,0.19689,0.12752,0.03367,0.08721,0.24815
0.32860,0.12092,0.07769,0.03476,0.13335,0.23273,0.04035,0.03161
0.08794,0.13829,0.04589,0.15307,0.13125,0.28027,0.12916,0.03413
0.06578,0.23743,0.11707,0.07042,0.23403,0.07801,0.04713,0.15012
0.05336,0.08413,0.09544,0.09505,0.08417,0.40789,0.02560,0.15436
0.07682,0.23905,0.03333,0.12621,0.22835,0.13386,0.12941,0.03296
0.05004,0.30215,0.08208,0.07159,0.29136,0.06527,0.04117,0.09634
0.35568,0.15579,0.07257,0.02526,0.16326,0.11014,0.05984,0.05745
0.14188,0.06194,0.05150,0.14955,0.05715,0.34365,0.14215,0.05218
0.07232,0.16653,0.16086,0.05391,0.16362,0.22139,0.03005,0.13132
0.07915,0.19679,0.02719,0.07278,0.19420,0.31477,0.09868,0.01643
0.13857,0.13733,0.04896,0.14709,0.13518,0.15274,0.19407,0.04605
0.38597,0.15194,0.04927,0.02809,0.15688,0.16961,0.02114,0.03710
0.07978,0.12016,0.08634,0.11747,0.13637,0.17165,0.24598,0.04224
0.16233,0.14538,0.02528,0.19132,0.13502,0.12012,0.19040,0.03015
0.03957,0.30377,0.01489,0.14523,0.27772,0.06756,0.12970,0.02157
0.07899,0.14013,0.04934,0.06370,0.14991,0.33142,0.16329,0.02322
0.05095,0.12474,0.09324,0.18708,0.11428,0.21092,0.16981,0.04898
0.43460,0.13332,0.11699,0.04337,0.14217,0.04498,0.04586,0.03870
0.28001,0.18382,0.04525,0.06827,0.18430,0.12241,0.06683,0.04911
0.06784,0.21771,0.06069,0.09742,0.22884,0.04653,0.24342,0.03754
0.08675,0.15088,0.06307,0.20567,0.14344,0.08292,0.21470,0.05257
0.05076,0.22360,0.03957,0.19014,0.21883,0.04738,0.14630,0.08341
0.05334,0.13204,0.17438,0.18442,0.13649,0.05408,0.22180,0.04344
0.03606,0.25823,0.08772,0.06805,0.25032,0.15010,0.03130,0.11822
0.09325,0.13335,0.16354,0.17797,0.13994,0.04906,0.14610,0.09679
0.03431,0.09783,0.13309,0.09337,0.09139,0.35180,0.03726,0.16096
0.39425,0.08775,0.04988,0.05542,0.08672,0.21437,0.05252,0.05909
0.33370,0.23509,0.03408,0.05089,0.23327,0.03299,0.02721,0.05276
0.31625,0.20020,0.03958,0.06505,0.19341,0.09632,0.02685,0.06233
0.10786,0.15683,0.02879,0.17695,0.13675,0.19157,0.17124,0.03000
0.16288,0.27666,0.02207,0.01686,0.28108,0.20327,0.01531,0.02187
0.11364,0.13808,0.08830,0.18987,0.13098,0.11008,0.17776,0.05129
0.11056,0.08862,0.14042,0.12660,0.08258,0.20377,0.02991,0.21754
0.08159,0.09728,0.20835,0.12287,0.09577,0.09651,0.04845,0.24918
0.13244,0.09099,0.09517,0.20958,0.08758,0.11038,0.03168,0.24218
0.07401,0.24301,0.05486,0.11576,0.24089,0.09952,0.03001,0.14195
0.36593,0.11106,0.05306,0.07084,0.10714,0.19353,0.05272,0.04572
0.05189,0.18145,0.08380,0.05937,0.19540,0.16667,0.19390,0.06752
0.04742,0.16022,0.12467,0.14855,0.15300,0.09694,0.05581,0.21340
0.14568,0.09267,0.03388,0.22524,0.08277,0.16999,0.21826,0.03152
0.05604,0.23637,0.09528,0.06655,0.23151,0.16956,0.03696,0.10774
0.40243,0.09529,0.03291,0.04290,0.09459,0.27111,0.01901,0.04177
0.30380,0.17561,0.02909,0.03637,0.17749,0.22478,0.02570,0.02715
0.06095,0.29236,0.02208,0.11320,0.29176,0.04773,0.14552,0.02639
0.06602,0.17651,0.04044,0.22947,0.15969,0.06109,0.21937,0.04740
0.34863,0.10467,0.09108,0.04540,0.10349,0.18123,0.03760,0.08791
0.03660,0.10576,0.27279,0.05496,0.09457,0.11224,0.03663,0.28645
0.09249,0.03824,0.09435,0.12356,0.03634,0.38185,0.14765,0.08552
0.30264,0.15338,0.03509,0.02835,0.15349,0.27952,0.02220,0.02534
0.09247,0.17699,0.02608,0.18669,0.16186,0.16240,0.15187,0.04163
0.12730,0.06671,0.13841,0.16785,0.06432,0.16025,0.02016,0.25499
0.05636,0.09424,0.07869,0.13327,0.10624,0.17125,0.28139,0.07857
0.05718,0.20797,0.06769,0.07813,0.23158,0.12410,0.20803,0.02531
0.08212,0.19363,0.07276,0.09448,0.21179,0.06661,0.24462,0.03400
0.05596,0.16957,0.03989,0.04588,0.19188,0.23489,0.23573,0.02618
0.31830,0.11912,0.10704,0.09106,0.12027,0.06509,0.06996,0.10917
0.04571,0.24890,0.06366,0.06591,0.25958,0.09424,0.17813,0.04387
0.31083,0.06415,0.03955,0.04738,0.06822,0.35742,0.07659,0.03586
0.05712,0.21273,0.02599,0.16118,0.19950,0.16325,0.03152,0.14870
0.30490,0.21262,0.02216,0.04622,0.20947,0.13240,0.03463,0.03760
0.01901,0.16670,0.01983,0.22721,0.13909,0.19444,0.17552,0.05821
0.04412,0.09404,0.11192,0.17756,0.09583,0.19569,0.18498,0.09585
0.04593,0.11281,0.16218,0.13722,0.11639,0.11131,0.08057,0.23358
0.24710,0.24258,0.03508,0.04249,0.24833,0.10168,0.06253,0.02021
0.38528,0.07872,0.10487,0.07332,0.07616,0.09506,0.10417,0.08242
0.13445,0.08798,0.18569,0.12303,0.07819,0.13078,0.06510,0.19478
0.06030,0.19907,0.08372,0.11730,0.20277,0.16602,0.13254,0.03827
0.27703,0.19920,0.03509,0.04024,0.21686,0.09023,0.11886,0.02249
0.06979,0.16395,0.08572,0.09965,0.15383,0.25840,0.03052,0.13814
0.09474,0.14995,0.12033,0.11156,0.16694,0.11225,0.19446,0.04977
0.10051,0.04327,0.16203,0.16120,0.05460,0.08385,0.29029,0.10426
0.10492,0.15196,0.15704,0.08746,0.14933,0.15207,0.04198,0.15524
0.33440,0.08822,0.07289,0.03715,0.09168,0.26748,0.03683,0.07135
0.06005,0.18046,0.04042,0.12867,0.17706,0.28013,0.10963,0.02358
0.42380,0.10552,0.04628,0.07105,0.09841,0.13909,0.07849,0.03736
0.06705,0.21919,0.02889,0.07038,0.22030,0.30041,0.02028,0.07349
0.28500,0.17938,0.05732,0.03231,0.18067,0.17659,0.03826,0.05047
0.10701,0.11881,0.21104,0.05284,0.12223,0.10224,0.07932,0.20650
0.42559,0.09130,0.05083,0.06338,0.09753,0.13474,0.08857,0.04807
0.28820,0.12898,0.03831,0.01943,0.13924,0.34638,0.01812,0.02135
0.07545,0.11456,0.12032,0.15021,0.12000,0.15647,0.05886,0.20413
0.11678,0.16445,0.09506,0.13869,0.16249,0.12182,0.02841,0.17230
0.28001,0.12516,0.04098,0.03958,0.11936,0.32286,0.01875,0.05330
0.30423,0.13319,0.03950,0.04468,0.13430,0.24934,0.06864,0.02611
0.04504,0.11294,0.14017,0.10093,0.11413,0.25024,0.05370,0.18285
0.06082,0.22179,0.03468,0.06569,0.22990,0.25372,0.09612,0.03730
0.33807,0.20259,0.05399,0.03597,0.20208,0.07104,0.03874,0.05751
0.36986,0.21102,0.02148,0.03683,0.21134,0.09064,0.02893,0.02992
0.36572,0.06295,0.05811,0.09317,0.06034,0.23774,0.07650,0.04545
0.06934,0.15905,0.16510,0.11354,0.16098,0.06764,0.05257,0.21179
0.08365,0.06594,0.08469,0.22223,0.06556,0.17999,0.04862,0.24933
0.11439,0.17836,0.10880,0.07300,0.20394,0.02631,0.23473,0.06046
0.08811,0.16599,0.10075,0.15157,0.16824,0.06038,0.07866,0.18630
0.02806,0.23484,0.03616,0.20027,0.21481,0.02934,0.21795,0.03857
0.05815,0.23870,0.11442,0.07606,0.23642,0.10960,0.03085,0.13581
0.04997,0.13592,0.04926,0.29501,0.11960,0.05611,0.26538,0.02875
0.14731,0.21177,0.02978,0.06307,0.21184,0.22541,0.08421,0.02660
0.05474,0.12038,0.02853,0.16216,0.11613,0.31042,0.14727,0.06036
0.06091,0.21221,0.05310,0.05975,0.23988,0.09596,0.21791,0.06027
0.10897,0.08728,0.13406,0.21342,0.08588,0.08466,0.22289,0.06285
0.09641,0.17330,0.03446,0.13612,0.16996,0.22594,0.04942,0.11439
0.22785,0.17796,0.04532,0.04705,0.18988,0.20605,0.06074,0.04514
0.10232,0.19885,0.07308,0.05691,0.21244,0.10029,0.18374,0.07237
0.26019,0.20163,0.07163,0.04836,0.20366,0.14324,0.04243,0.02886
0.10344,0.11159,0.05725,0.10123,0.11249,0.34864,0.04263,0.12274
0.04413,0.11366,0.17177,0.09807,0.13948,0.12425,0.24930,0.05935
0.34651,0.11278,0.07290,0.03661,0.12817,0.13137,0.10896,0.06271
0.27800,0.17830,0.06264,0.05801,0.17746,0.16246,0.05713,0.02599
0.12705,0.04738,0.10778,0.11629,0.04633,0.34273,0.04471,0.16774
0.08210,0.16042,0.02683,0.09481,0.16392,0.34709,0.02647,0.09835
0.26332,0.23580,0.03497,0.02699,0.24442,0.12428,0.04490,0.02530
0.14611,0.14871,0.03613,0.11203,0.14702,0.19506,0.18429,0.03065
0.27228,0.25469,0.06794,0.03340,0.26063,0.06286,0.01869,0.02950
0.22752,0.20957,0.03419,0.04677,0.21226,0.19909,0.05032,0.02029
0.10300,0.10367,0.06929,0.15736,0.10157,0.24588,0.04948,0.16976
0.08783,0.19101,0.06481,0.10616,0.20006,0.18386,0.12005,0.04622
0.13035,0.11622,0.07945,0.04943,0.11982,0.35984,0.04821,0.09668
0.05122,0.08543,0.05037,0.14367,0.07605,0.41914,0.13787,0.03625
0.30606,0.28948,0.02726,0.01309,0.29378,0.03069,0.02064,0.01899
0.03089,0.13394,0.13547,0.13155,0.12767,0.18412,0.05060,0.20575
0.05157,0.30473,0.04688,0.04025,0.30015,0.17142,0.01999,0.06501
0.11767,0.17771,0.04468,0.19906,0.17756,0.03520,0.21545,0.03267
0.27917,0.14015,0.10760,0.05785,0.14107,0.12521,0.05789,0.09105
0.30025,0.06445,0.06639,0.05166,0.06019,0.37295,0.03997,0.04415
0.15088,0.27116,0.05088,0.03789,0.27646,0.13316,0.04586,0.03371
0.04832,0.10049,0.10754,0.12493,0.12329,0.10866,0.26543,0.12134
0.06634,0.13595,0.04436,0.21821,0.11971,0.18047,0.18637,0.04857
0.11313,0.17148,0.06327,0.08389,0.19150,0.12544,0.21970,0.03159
0.33052,0.14500,0.03354,0.03533,0.14742,0.25066,0.02518,0.03234
0.32609,0.15780,0.09764,0.06741,0.14870,0.05007,0.04072,0.11157
0.46147,0.09117,0.02638,0.08835,0.08454,0.14296,0.03612,0.06901
0.06569,0.07705,0.23117,0.15313,0.07606,0.03686,0.11708,0.24297
0.09444,0.09558,0.04345,0.22126,0.08319,0.22458,0.15747,0.08002
0.30534,0.15897,0.09179,0.03038,0.17537,0.14354,0.06158,0.03304
0.03258,0.20159,0.14661,0.06638,0.19788,0.14747,0.05314,0.15434
0.09049,0.07006,0.10258,0.22879,0.07506,0.03353,0.33369,0.06581
0.10121,0.13466,0.06730,0.18956,0.13024,0.19011,0.16344,0.02349
0.07876,0.18284,0.06135,0.15684,0.17906,0.14331,0.16863,0.02921
0.06143,0.22758,0.02445,0.11133,0.22021,0.19035,0.13850,0.02615
0.27017,0.18905,0.07779,0.04930,0.18690,0.13218,0.04393,0.05067
0.30725,0.23871,0.01269,0.06281,0.23198,0.07118,0.05283,0.02255
0.09339,0.27670,0.03227,0.09497,0.27470,0.08518,0.10466,0.03815
0.06964,0.21136,0.09452,0.07217,0.21129,0.18033,0.04304,0.11764
0.30566,0.14009,0.11792,0.03533,0.14491,0.09943,0.04923,0.10743
0.32925,0.13591,0.06638,0.03127,0.14117,0.23002,0.03517,0.03083
0.05862,0.27925,0.09133,0.04262,0.28886,0.08900,0.10100,0.04933
0.05206,0.10776,0.06807,0.10333,0.09874,0.40637,0.01893,0.14474
0.24645,0.22788,0.02782,0.01514,0.23440,0.20555,0.02799,0.01476
0.03377,0.20863,0.19782,0.02149,0.20404,0.10260,0.03507,0.19659
0.06104,0.20611,0.02705,0.20494,0.19107,0.08719,0.18798,0.03461
0.14917,0.09331,0.11941,0.13530,0.09127,0.18025,0.04439,0.18690
0.07789,0.22717,0.10863,0.12372,0.21679,0.04720,0.06063,0.13796
0.28847,0.08484,0.10313,0.04748,0.10442,0.20974,0.09870,0.06323
0.08267,0.16031,0.02754,0.10676,0.15268,0.32530,0.12516,0.01958
0.10862,0.14232,0.09370,0.19489,0.13984,0.09709,0.13997,0.08357
0.07797,0.13054,0.18287,0.09555,0.12908,0.12656,0.05616,0.20127
0.18099,0.24060,0.02033,0.02367,0.24402,0.22143,0.04883,0.02011
0.30322,0.21332,0.03208,0.06104,0.21488,0.09606,0.03952,0.03989
0.48900,0.15926,0.02839,0.03273,0.15844,0.03493,0.08365,0.01360
0.11882,0.10214,0.07780,0.11511,0.10417,0.27193,0.07770,0.13233
0.16476,0.04038,0.06627,0.14689,0.03989,0.35753,0.16071,0.02357
0.11727,0.22098,0.03444,0.14508,0.21736,0.04938,0.18477,0.03072
0.07021,0.11537,0.05182,0.13694,0.11946,0.32690,0.03214,0.14716
0.04224,0.35318,0.03736,0.04309,0.35849,0.04548,0.09306,0.02710
0.21049,0.30292,0.02091,0.03238,0.29778,0.08272,0.02662,0.02618
0.03840,0.20212,0.16084,0.05130,0.20119,0.14817,0.02873,0.16924
0.04725,0.16884,0.08221,0.21457,0.15449,0.06555,0.02329,0.24381
0.07025,0.07300,0.02016,0.23648,0.07017,0.26997,0.04699,0.21298
0.24230,0.24948,0.01945,0.01392,0.25106,0.19501,0.01148,0.01731
0.40939,0.07280,0.03174,0.09033,0.06951,0.21614,0.04027,0.06981
0.04247,0.26282,0.06107,0.14156,0.25791,0.03758,0.03846,0.15814
0.22181,0.27619,0.04402,0.03628,0.27884,0.07206,0.04737,0.02343
0.10939,0.08724,0.13033,0.22478,0.08301,0.04873,0.07808,0.23843
0.03613,0.23674,0.02412,0.13552,0.22313,0.18034,0.04716,0.11685
0.07536,0.15430,0.07218,0.15828,0.15265,0.13400,0.23048,0.02274
0.07507,0.21688,0.12780,0.07280,0.21055,0.11789,0.02224,0.15677
0.04956,0.28907,0.02569,0.05826,0.29209,0.20291,0.01713,0.06531
0.08482,0.20818,0.09123,0.12413,0.20608,0.11962,0.05043,0.11551
0.31908,0.22905,0.02006,0.03660,0.22277,0.11796,0.02203,0.03246
0.30249,0.21249,0.02000,0.05522,0.21011,0.11513,0.05483,0.02973
0.10449,0.07917,0.15582,0.17617,0.07572,0.10927,0.04363,0.25575
0.09784,0.10563,0.08647,0.14328,0.11389,0.15370,0.26340,0.03579
0.07652,0.13038,0.15396,0.02982,0.12865,0.30520,0.01831,0.15715
0.38264,0.11240,0.07819,0.02861,0.11659,0.20862,0.02532,0.04763
0.06497,0.12387,0.25451,0.04599,0.12029,0.09104,0.04486,0.25446
0.40563,0.11975,0.10975,0.02802,0.11920,0.09942,0.02636,0.09186
0.04734,0.16700,0.05536,0.09815,0.17056,0.29318,0.14093,0.02749
0.10935,0.19229,0.10027,0.11494,0.19022,0.15082,0.11201,0.03010
0.34512,0.13595,0.12156,0.05622,0.14993,0.08417,0.06432,0.04273
0.35960,0.08228,0.03341,0.05099,0.07928,0.31741,0.03084,0.04618
0.10960,0.23527,0.02325,0.14239,0.22407,0.11589,0.11660,0.03293
0.34366,0.12317,0.06297,0.06844,0.12548,0.16420,0.05095,0.06113
0.06011,0.22987,0.05461,0.09771,0.22464,0.18920,0.11077,0.03310
0.21514,0.29596,0.03415,0.03333,0.29563,0.06774,0.03203,0.02601
0.37890,0.09899,0.05661,0.02364,0.09865,0.27092,0.02378,0.04851
0.40737,0.11266,0.09613,0.07986,0.10432,0.04311,0.04463,0.11191
0.05059,0.14357,0.03063,0.28700,0.12035,0.07035,0.25594,0.04157
0.04008,0.29523,0.01774,0.13625,0.28281,0.07927,0.13244,0.01619
0.05646,0.07916,0.04678,0.18351,0.07665,0.28290,0.21648,0.05806
0.04268,0.19205,0.05411,0.17132,0.18670,0.15304,0.02991,0.17021
0.35284,0.18196,0.10720,0.02700,0.19205,0.07674,0.03416,0.02805
0.24571,0.19770,0.03800,0.05878,0.19063,0.17360,0.04304,0.05252
0.23851,0.11811,0.03941,0.19510,0.11202,0.06562,0.20644,0.02479
0.08569,0.16080,0.05505,0.11003,0.15712,0.24075,0.15211,0.03844
0.06026,0.19489,0.10307,0.09129,0.21554,0.06751,0.21691,0.05053
0.06840,0.26886,0.05444,0.10186,0.27301,0.07988,0.12927,0.02429
0.07146,0.20654,0.04017,0.17583,0.20002,0.08894,0.07828,0.13877
0.08949,0.26033,0.03829,0.11864,0.25118,0.10118,0.11061,0.03028
0.08454,0.14878,0.09524,0.07709,0.14126,0.29234,0.02402,0.13674
0.33518,0.13044,0.10222,0.10053,0.13271,0.06471,0.05340,0.08081
0.04249,0.32017,0.02253,0.10948,0.31164,0.05588,0.11939,0.01844
0.11652,0.11726,0.08216,0.17668,0.12208,0.08147,0.24156,0.06226
0.41304,0.15260,0.06330,0.03406,0.15500,0.08369,0.03911,0.05921
0.05540,0.15848,0.05726,0.11744,0.16258,0.24246,0.19364,0.01272
0.39611,0.15147,0.04665,0.02822,0.15703,0.12446,0.05319,0.04287
0.04085,0.19833,0.03751,0.12355,0.19630,0.24557,0.02225,0.13564
0.44561,0.14650,0.10610,0.04533,0.15201,0.02951,0.04306,0.03187
0.39003,0.07021,0.10536,0.08762,0.07449,0.13494,0.08411,0.05324
0.10699,0.10967,0.06074,0.03642,0.12617,0.40272,0.11396,0.04333
0.07809,0.16768,0.08505,0.19305,0.16338,0.07027,0.03710,0.20539
0.05862,0.27905,0.02140,0.15421,0.27399,0.04610,0.13611,0.03052
0.32052,0.10833,0.07400,0.12008,0.10378,0.09913,0.09068,0.08348
0.12797,0.18932,0.13104,0.10091,0.19583,0.08149,0.03849,0.13495
0.11154,0.09205,0.29646,0.02722,0.08879,0.09371,0.02337,0.26687
0.05538,0.19936,0.16108,0.02659,0.19899,0.17386,0.02883,0.15591
0.07267,0.18262,0.07524,0.11455,0.18821,0.18801,0.03202,0.14667
0.06743,0.20614,0.06434,0.08788,0.20211,0.22341,0.02890,0.11979
0.09290,0.11332,0.02569,0.11906,0.10525,0.40029,0.10438,0.03911
0.35849,0.11421,0.03372,0.04982,0.11271,0.25764,0.04568,0.02772
0.32349,0.20842,0.05505,0.06880,0.21120,0.03228,0.04646,0.05431
0.26353,0.11705,0.04803,0.02698,0.11764,0.34662,0.04085,0.03930
0.06652,0.15430,0.03326,0.21492,0.14499,0.10988,0.24707,0.02906
0.13570,0.11904,0.03123,0.18214,0.11482,0.21726,0.02312,0.17668
0.03467,0.17282,0.05543,0.08356,0.17163,0.35316,0.06574,0.06300
0.09064,0.20784,0.05170,0.13359,0.19554,0.17592,0.10532,0.03945
0.03983,0.13332,0.06009,0.04110,0.15507,0.40483,0.14216,0.02360
0.10320,0.16926,0.11068,0.14022,0.16813,0.10905,0.16202,0.03745
0.06643,0.22027,0.03158,0.07453,0.21497,0.27506,0.09303,0.02413
0.05080,0.17526,0.03793,0.11339,0.18720,0.11439,0.29934,0.02169
0.34655,0.08300,0.03346,0.04193,0.08831,0.30346,0.08064,0.02264
0.11614,0.13689,0.06065,0.09375,0.16231,0.12744,0.27306,0.02977
0.06546,0.14504,0.13991,0.13993,0.14572,0.12768,0.05231,0.18395
0.07242,0.07755,0.09785,0.18805,0.07839,0.21071,0.18436,0.09067
0.36102,0.08764,0.04540,0.04389,0.08709,0.29071,0.03658,0.04767
0.11979,0.07514,0.04527,0.12354,0.07457,0.34378,0.18545,0.03246
0.38636,0.08483,0.13915,0.08776,0.09646,0.03533,0.11486,0.05525
0.39491,0.15969,0.05821,0.05618,0.15546,0.07596,0.04995,0.04963
0.07504,0.11694,0.12677,0.13409,0.11549,0.17569,0.04162,0.21437
0.32419,0.18576,0.05107,0.04469,0.18271,0.12215,0.02854,0.06088
0.34679,0.07580,0.02613,0.04005,0.07386,0.37161,0.02659,0.03916
0.12162,0.13555,0.13771,0.14390,0.13937,0.17912,0.11841,0.02432
0.07600,0.16064,0.04850,0.18881,0.15211,0.15225,0.17754,0.04414
0.06462,0.10604,0.07322,0.07195,0.12141,0.35893,0.17942,0.02442
0.39146,0.06235,0.18011,0.05066,0.06423,0.12796,0.03332,0.08990
0.22274,0.18137,0.05376,0.04208,0.18106,0.22178,0.04204,0.05518
0.21709,0.27421,0.02228,0.03127,0.27840,0.11577,0.04213,0.01884
0.08395,0.13876,0.09676,0.15928,0.14253,0.09615,0.19322,0.08935
0.05404,0.17715,0.15706,0.05280,0.18468,0.14685,0.05456,0.17285
0.09435,0.14505,0.13746,0.03218,0.15166,0.27035,0.02644,0.14251
0.35111,0.15453,0.02501,0.05051,0.14764,0.19752,0.04272,0.03097
0.07957,0.11892,0.05394,0.10996,0.13083,0.23678,0.22165,0.04835
0.30827,0.21311,0.03940,0.03279,0.22693,0.12192,0.04084,0.01674
