0.21131,0.22892,0.03782,0.26401,0.19801,0.05981,0.00012
0.05315,0.08889,0.24239,0.29429,0.23115,0.07736,0.01276
0.03331,0.01739,0.00364,0.30896,0.34588,0.28452,0.00630
0.08970,0.12045,0.03475,0.47818,0.18762,0.02962,0.05968
0.05254,0.23568,0.26398,0.24408,0.13506,0.03082,0.03784
0.09483,0.03509,0.17768,0.46347,0.18647,0.03711,0.00535
0.16655,0.00090,0.08037,0.34349,0.37344,0.03311,0.00214
0.04659,0.00330,0.00837,0.56317,0.29067,0.04987,0.03804
0.20420,0.00513,0.07777,0.25618,0.36449,0.00425,0.08799
0.07796,0.03832,0.03740,0.22112,0.42966,0.13569,0.05985
0.08901,0.03406,0.04656,0.12985,0.61181,0.04983,0.03888
0.13270,0.11006,0.10956,0.25356,0.35513,0.03409,0.00490
0.12948,0.02983,0.09288,0.19325,0.49777,0.05036,0.00643
0.12727,0.07861,0.10383,0.26675,0.24023,0.02866,0.15465
0.30104,0.00957,0.05014,0.38050,0.21834,0.01924,0.02117
0.11387,0.08428,0.01980,0.27620,0.35850,0.14265,0.00470
0.09649,0.01930,0.02441,0.20393,0.62622,0.02780,0.00185
0.17772,0.05812,0.03721,0.47357,0.24665,0.00666,0.00006
0.12226,0.02192,0.09519,0.38429,0.31472,0.02127,0.04035
0.06610,0.03101,0.10746,0.39245,0.26570,0.12374,0.01354
0.16311,0.08807,0.01098,0.28648,0.31225,0.04263,0.09647
0.14513,0.00009,0.16842,0.15475,0.49714,0.01991,0.01457
0.11395,0.04629,0.09047,0.49732,0.22331,0.01265,0.01600
0.30871,0.01372,0.03003,0.25619,0.36994,0.00743,0.01398
0.10611,0.00115,0.03239,0.42702,0.40248,0.01196,0.01889
0.07700,0.00802,0.12818,0.43709,0.27840,0.03748,0.03383
0.15424,0.07666,0.04701,0.45728,0.25325,0.01137,0.00021
0.24059,0.01140,0.02611,0.11551,0.58716,0.00702,0.01222
0.04473,0.05217,0.05804,0.55267,0.08044,0.21099,0.00096
0.05437,0.00423,0.11625,0.29941,0.51898,0.00311,0.00364
0.06979,0.04313,0.08359,0.39065,0.26814,0.05358,0.09112
0.16863,0.02203,0.21871,0.34994,0.10712,0.08739,0.04619
0.15668,0.00640,0.06351,0.22831,0.47416,0.05287,0.01806
0.07344,0.22019,0.07222,0.26162,0.25204,0.10220,0.01830
0.23385,0.01083,0.04016,0.26286,0.37056,0.03350,0.04823
0.15913,0.05454,0.01196,0.30031,0.30253,0.12410,0.04743
0.15853,0.02314,0.04405,0.33173,0.22861,0.12646,0.08747
0.26742,0.05393,0.01929,0.34398,0.22384,0.02015,0.07140
0.19961,0.02533,0.11840,0.28811,0.32183,0.04471,0.00201
0.06954,0.03834,0.13529,0.24401,0.40086,0.10439,0.00756
0.06401,0.02906,0.12500,0.67188,0.05372,0.01227,0.04406
0.03318,0.09355,0.14512,0.29191,0.20291,0.21295,0.02037
0.06410,0.04782,0.03831,0.36309,0.35431,0.08728,0.04508
0.17853,0.12405,0.12779,0.32946,0.19856,0.04142,0.00019
0.19855,0.06117,0.18671,0.23781,0.30593,0.00897,0.00087
0.12023,0.09210,0.10803,0.32706,0.23096,0.11020,0.01141
0.09618,0.10913,0.04361,0.25976,0.20752,0.22887,0.05493
0.13964,0.01219,0.05103,0.34724,0.40535,0.01255,0.03202
0.13550,0.01574,0.02877,0.49343,0.30897,0.01615,0.00144
0.29630,0.00897,0.17434,0.26603,0.23532,0.01749,0.00155
0.03323,0.00172,0.01066,0.38736,0.40578,0.08056,0.08068
0.14639,0.08583,0.07181,0.09180,0.43003,0.13685,0.03729
0.06919,0.03978,0.11443,0.32459,0.29501,0.07912,0.07788
0.17656,0.00075,0.14300,0.09063,0.40277,0.17475,0.01154
0.22237,0.03755,0.01056,0.34806,0.33318,0.02107,0.02722
0.29776,0.01086,0.00233,0.37300,0.12075,0.15653,0.03876
0.03794,0.01426,0.19372,0.28054,0.32395,0.14138,0.00820
0.19137,0.01151,0.00120,0.36979,0.23793,0.18470,0.00350
0.13925,0.00346,0.11883,0.33152,0.26951,0.06118,0.07624
0.19051,0.05399,0.29786,0.06308,0.35548,0.00706,0.03202
0.13272,0.06237,0.04628,0.30425,0.31661,0.09523,0.04254
0.04646,0.07243,0.05278,0.35890,0.33289,0.08741,0.04914
0.24373,0.06407,0.09177,0.16963,0.27134,0.14480,0.01467
0.13333,0.11855,0.26985,0.25839,0.14052,0.06917,0.01019
0.09081,0.04994,0.06574,0.22436,0.48840,0.07913,0.00162
0.29942,0.01453,0.06424,0.33197,0.25597,0.03358,0.00029
0.10809,0.00843,0.07651,0.36159,0.27641,0.00665,0.16231
0.20642,0.00566,0.10366,0.36303,0.18469,0.08700,0.04954
0.36317,0.01919,0.01338,0.21191,0.28236,0.10968,0.00031
0.06250,0.04949,0.14573,0.29184,0.43243,0.01737,0.00064
0.06834,0.10413,0.07844,0.26546,0.26689,0.03468,0.18205
0.16127,0.05317,0.13090,0.24508,0.36684,0.04213,0.00060
0.12238,0.11731,0.07747,0.27171,0.36187,0.04431,0.00495
0.15707,0.02873,0.02768,0.31315,0.34775,0.08459,0.04103
0.08889,0.01005,0.03649,0.33025,0.43025,0.02525,0.07883
0.31539,0.02320,0.01823,0.25664,0.35623,0.01719,0.01312
0.19471,0.00403,0.00448,0.54441,0.21516,0.01329,0.02392
0.10984,0.00413,0.06440,0.30196,0.45699,0.01569,0.04698
0.23077,0.00931,0.09408,0.29072,0.29293,0.02991,0.05227
0.14659,0.05617,0.10692,0.35890,0.28446,0.00300,0.04396
0.04714,0.06035,0.03165,0.33836,0.49368,0.00983,0.01899
0.04833,0.01345,0.04433,0.35780,0.48478,0.04819,0.00312
0.16439,0.04827,0.09226,0.21312,0.28415,0.17273,0.02508
0.05689,0.20892,0.06105,0.22376,0.40564,0.01927,0.02448
0.14080,0.17655,0.08804,0.13500,0.33805,0.10576,0.01581
0.25460,0.07320,0.06444,0.25855,0.29269,0.04442,0.01209
0.32054,0.03240,0.02801,0.25509,0.33340,0.01130,0.01927
0.09291,0.01278,0.04155,0.18589,0.59184,0.03534,0.03969
0.16324,0.00577,0.05024,0.38972,0.28152,0.09819,0.01132
0.07605,0.14924,0.15963,0.21002,0.28508,0.08715,0.03283
0.07906,0.18442,0.00380,0.21590,0.46563,0.04589,0.00531
0.04015,0.05193,0.01052,0.51581,0.23240,0.07189,0.07731
0.25504,0.03594,0.09065,0.26356,0.22564,0.01051,0.11866
0.24426,0.14181,0.05310,0.15405,0.40558,0.00096,0.00024
0.04851,0.01242,0.03429,0.56519,0.27320,0.00385,0.06254
0.13898,0.03672,0.10302,0.32716,0.17730,0.21526,0.00156
0.28973,0.01786,0.12857,0.14765,0.27357,0.05966,0.08295
0.08617,0.05186,0.07208,0.22737,0.55643,0.00082,0.00527
0.31154,0.05419,0.00586,0.27328,0.30405,0.04725,0.00384
0.15834,0.10158,0.17512,0.28158,0.25989,0.01554,0.00794
0.21751,0.10348,0.10015,0.29101,0.28408,0.00245,0.00132
0.08244,0.00411,0.11579,0.32581,0.39782,0.03978,0.03426
0.13459,0.05048,0.03699,0.30394,0.40972,0.06384,0.00044
0.03921,0.03701,0.30465,0.35436,0.26024,0.00221,0.00233
0.03733,0.00022,0.10959,0.28187,0.31125,0.20901,0.05073
0.09974,0.02599,0.05133,0.54266,0.23499,0.03774,0.00755
0.14301,0.01178,0.01378,0.60314,0.22355,0.00428,0.00046
0.25417,0.03397,0.02886,0.17739,0.42426,0.05224,0.02911
0.24787,0.00870,0.01080,0.31280,0.40766,0.00304,0.00914
0.03831,0.26278,0.05221,0.33359,0.26412,0.02133,0.02765
0.11680,0.07282,0.10469,0.31127,0.32978,0.01806,0.04658
0.24428,0.00937,0.02164,0.36801,0.26428,0.07480,0.01763
0.13109,0.02661,0.04927,0.33537,0.34601,0.05221,0.05944
0.12406,0.19427,0.00102,0.21028,0.36019,0.10584,0.00434
0.17567,0.19070,0.09137,0.17783,0.35884,0.00421,0.00139
0.12490,0.10117,0.02433,0.37282,0.34885,0.02008,0.00784
0.16554,0.02535,0.11167,0.28362,0.39741,0.01432,0.00209
0.07166,0.06220,0.09045,0.22515,0.50560,0.01251,0.03243
0.09541,0.00159,0.03268,0.41087,0.30895,0.13189,0.01861
0.11756,0.17161,0.09996,0.20572,0.28648,0.08607,0.03259
0.17386,0.06246,0.05372,0.13933,0.50233,0.05208,0.01623
0.08872,0.03889,0.05093,0.48601,0.21021,0.05745,0.06780
0.22507,0.00807,0.07536,0.41596,0.22505,0.04774,0.00275
0.03210,0.08106,0.02013,0.54345,0.27517,0.03685,0.01124
0.20256,0.04234,0.11138,0.24514,0.31028,0.03242,0.05589
0.17439,0.02077,0.10091,0.33148,0.28027,0.08633,0.00585
0.08597,0.08800,0.05741,0.46363,0.21277,0.06759,0.02464
0.06858,0.06885,0.03179,0.38397,0.43830,0.00610,0.00241
0.13145,0.10622,0.12461,0.41988,0.16442,0.05242,0.00100
0.07307,0.05282,0.16267,0.36684,0.29435,0.03617,0.01408
0.25589,0.00608,0.10832,0.27299,0.27596,0.02159,0.05918
0.08389,0.00244,0.01791,0.31671,0.48309,0.08555,0.01042
0.01439,0.20978,0.27247,0.20613,0.20442,0.03689,0.05592
0.25221,0.01998,0.04434,0.31682,0.30523,0.05076,0.01065
0.18316,0.01081,0.08778,0.48384,0.22548,0.00004,0.00889
0.17041,0.04025,0.07456,0.39454,0.25928,0.05895,0.00202
0.30660,0.15550,0.02009,0.14152,0.32009,0.05606,0.00014
0.14096,0.01062,0.00458,0.31282,0.40976,0.05847,0.06279
0.23887,0.03579,0.04900,0.20547,0.36385,0.10407,0.00295
0.25132,0.00084,0.05018,0.38252,0.27314,0.01431,0.02769
0.06762,0.01298,0.14058,0.60648,0.09961,0.07057,0.00216
0.40325,0.00556,0.01146,0.14411,0.36452,0.06991,0.00119
0.08676,0.06342,0.08948,0.47346,0.23520,0.05121,0.00048
0.06400,0.13564,0.03349,0.27386,0.36564,0.04879,0.07859
0.21528,0.02357,0.11513,0.21121,0.29560,0.08654,0.05268
0.08022,0.00312,0.06549,0.40506,0.32744,0.07341,0.04528
0.33739,0.02096,0.11915,0.32129,0.17099,0.02640,0.00383
0.16132,0.00503,0.16024,0.39169,0.22539,0.01752,0.03882
0.03723,0.01315,0.05681,0.41446,0.41395,0.00567,0.05873
0.33971,0.00176,0.09824,0.27176,0.25132,0.02560,0.01161
0.13542,0.00082,0.05250,0.43005,0.26119,0.06804,0.05199
0.09953,0.01922,0.08265,0.48895,0.23241,0.06743,0.00981
0.11628,0.11080,0.02551,0.22228,0.45522,0.03235,0.03756
0.16800,0.01976,0.01569,0.34871,0.33372,0.02808,0.08605
0.09401,0.00562,0.07547,0.11743,0.67742,0.00196,0.02808
0.11496,0.00033,0.06115,0.34545,0.44466,0.00262,0.03082
0.19371,0.03836,0.13455,0.33399,0.25011,0.01907,0.03021
0.17105,0.01082,0.02557,0.17598,0.57870,0.03722,0.00066
0.05266,0.05160,0.06896,0.43273,0.34193,0.03906,0.01306
0.09203,0.00106,0.00181,0.42483,0.31781,0.15884,0.00362
0.21319,0.04465,0.01033,0.15536,0.51800,0.05763,0.00084
0.13363,0.03478,0.10148,0.31031,0.18856,0.02618,0.20506
0.17636,0.00867,0.06237,0.35838,0.35803,0.02745,0.00873
0.18950,0.04096,0.22317,0.14158,0.35300,0.03897,0.01281
0.13429,0.22981,0.04101,0.40403,0.17263,0.00231,0.01593
0.08507,0.03068,0.01218,0.30030,0.54987,0.02187,0.00004
0.23908,0.00851,0.05267,0.34806,0.32379,0.00048,0.02741
0.22940,0.00562,0.09565,0.37965,0.14466,0.04712,0.09790
0.03404,0.16447,0.10597,0.47757,0.12670,0.05769,0.03356
0.20412,0.12585,0.05713,0.16871,0.35633,0.04620,0.04166
0.09871,0.19874,0.01229,0.28063,0.35966,0.00003,0.04994
0.27030,0.03333,0.10748,0.27124,0.23024,0.00950,0.07792
0.21722,0.03887,0.06380,0.31650,0.29805,0.05721,0.00834
0.24102,0.00178,0.00029,0.22237,0.43227,0.08280,0.01946
0.05572,0.03013,0.04737,0.29907,0.50505,0.04244,0.02023
0.17246,0.08274,0.01879,0.41820,0.21323,0.08596,0.00861
0.04033,0.01045,0.18922,0.51303,0.22208,0.01048,0.01440
0.01957,0.00014,0.15995,0.33256,0.45710,0.02218,0.00849
0.15723,0.00455,0.07727,0.40417,0.31310,0.04286,0.00082
0.17138,0.00615,0.17154,0.13900,0.28902,0.18320,0.03971
0.13965,0.02044,0.20155,0.24882,0.32443,0.05324,0.01187
0.06791,0.03708,0.03710,0.25795,0.52384,0.04120,0.03493
0.10964,0.00393,0.03048,0.07336,0.75961,0.01979,0.00319
0.06538,0.00959,0.13662,0.29042,0.47002,0.01872,0.00925
0.13041,0.05803,0.10931,0.29300,0.32493,0.02520,0.05912
0.04908,0.09260,0.07637,0.36631,0.38639,0.00065,0.02860
0.23138,0.04110,0.01442,0.36613,0.21563,0.03580,0.09555
0.03675,0.06814,0.10076,0.25635,0.49971,0.02795,0.01035
0.35546,0.09739,0.00375,0.16359,0.21372,0.15534,0.01076
0.24648,0.06769,0.11268,0.20435,0.22412,0.00330,0.14138
0.24998,0.05854,0.08066,0.40218,0.20401,0.00054,0.00409
0.08035,0.00765,0.08956,0.16170,0.54913,0.00870,0.10290
0.17086,0.15962,0.02791,0.09163,0.44071,0.01926,0.09002
0.10441,0.13615,0.13764,0.26887,0.30238,0.04654,0.00401
0.15102,0.00006,0.07260,0.17366,0.55997,0.03300,0.00968
0.14878,0.00932,0.02404,0.15202,0.31177,0.27592,0.07815
0.12055,0.00619,0.04868,0.33697,0.43692,0.03250,0.01819
0.16698,0.01943,0.01836,0.40996,0.38025,0.00376,0.00126
0.08296,0.07368,0.03906,0.22652,0.51916,0.02802,0.03061
0.10906,0.03231,0.06336,0.20850,0.32605,0.21424,0.04649
0.15352,0.05970,0.07326,0.30980,0.33203,0.04925,0.02244
0.03406,0.02995,0.07069,0.34350,0.45327,0.05666,0.01186
0.04721,0.00479,0.07931,0.55744,0.30329,0.00159,0.00637
0.17389,0.11382,0.08486,0.40422,0.20797,0.01479,0.00044
0.08136,0.02506,0.02002,0.20961,0.39056,0.22019,0.05320
0.12815,0.05187,0.05099,0.38580,0.29087,0.03952,0.05280
0.45372,0.02101,0.04923,0.21973,0.11976,0.03837,0.09818
0.12939,0.06693,0.00761,0.14523,0.60249,0.00605,0.04230
0.18971,0.01400,0.10124,0.12600,0.30564,0.19683,0.06658
0.33742,0.02598,0.02359,0.35369,0.22554,0.03377,0.00001
0.23502,0.11613,0.00740,0.19678,0.34760,0.00223,0.09484
0.13038,0.06524,0.00438,0.42905,0.36982,0.00084,0.00028
0.06542,0.08668,0.11321,0.25478,0.32424,0.13078,0.02489
0.51588,0.02558,0.01228,0.09658,0.32640,0.00607,0.01720
0.08138,0.03216,0.00265,0.33066,0.18900,0.17150,0.19266
0.24055,0.09836,0.00597,0.20795,0.35834,0.03161,0.05722
0.06605,0.00152,0.10779,0.22130,0.35119,0.24689,0.00526
0.13645,0.00609,0.18473,0.38989,0.19766,0.01630,0.06889
0.21797,0.02033,0.05713,0.44098,0.22036,0.01546,0.02776
0.17006,0.05534,0.01948,0.43810,0.29185,0.00229,0.02289
0.26500,0.01059,0.04497,0.15480,0.28267,0.14756,0.09441
0.06895,0.15991,0.02193,0.42362,0.29162,0.01849,0.01548
0.26715,0.01806,0.05783,0.40086,0.24452,0.00478,0.00682
0.05381,0.06814,0.03435,0.55411,0.28541,0.00390,0.00027
0.22531,0.05145,0.00859,0.21290,0.37788,0.05673,0.06713
0.05292,0.01287,0.00866,0.21632,0.67550,0.01218,0.02155
0.14428,0.02434,0.00318,0.38505,0.35848,0.03828,0.04639
0.23668,0.04152,0.04696,0.35466,0.27708,0.00078,0.04233
0.15329,0.07285,0.05739,0.20424,0.37830,0.00302,0.13091
0.04280,0.02736,0.01821,0.62344,0.19943,0.08874,0.00002
0.13378,0.14333,0.10498,0.23777,0.33515,0.03781,0.00718
0.08339,0.00121,0.03727,0.39813,0.41711,0.01380,0.04909
0.17731,0.01668,0.00492,0.27177,0.48838,0.01992,0.02102
0.27017,0.00049,0.02604,0.23378,0.19025,0.02909,0.25018
0.12945,0.06297,0.00141,0.31047,0.42776,0.04644,0.02150
0.14164,0.00558,0.08395,0.50409,0.15388,0.00663,0.10423
0.43188,0.02984,0.03078,0.21721,0.24464,0.03984,0.00581
0.15278,0.06729,0.00116,0.43205,0.34156,0.00194,0.00322
0.07742,0.01897,0.07222,0.37994,0.16030,0.05432,0.23682
0.12314,0.00625,0.02456,0.38973,0.41698,0.03224,0.00710
0.14878,0.18198,0.00378,0.34904,0.14654,0.07834,0.09154
0.22779,0.00888,0.08003,0.36460,0.25297,0.06185,0.00387
0.17574,0.02241,0.09227,0.36010,0.25226,0.07675,0.02047
0.21365,0.03067,0.19998,0.26927,0.23518,0.01894,0.03231
0.33557,0.02151,0.02236,0.30310,0.19464,0.01514,0.10768
0.09005,0.00144,0.12079,0.30232,0.38533,0.02105,0.07902
0.19187,0.00388,0.18560,0.20453,0.30861,0.00127,0.10424
0.13948,0.02686,0.08092,0.37076,0.32654,0.00288,0.05256
0.23583,0.08115,0.02780,0.38894,0.23622,0.02886,0.00120
0.28367,0.08117,0.08838,0.29512,0.24213,0.00670,0.00283
0.13915,0.06444,0.10303,0.36236,0.26642,0.00071,0.06388
0.06974,0.08926,0.00709,0.41139,0.41061,0.00714,0.00478
0.09013,0.00409,0.02089,0.53677,0.32938,0.01366,0.00507
0.23617,0.04999,0.09070,0.20655,0.34121,0.02398,0.05140
0.13795,0.04082,0.03916,0.31924,0.44303,0.00786,0.01195
0.20638,0.02691,0.15005,0.33809,0.21657,0.04876,0.01323
0.25221,0.06613,0.04691,0.36592,0.22187,0.03730,0.00965
0.35871,0.01149,0.00653,0.17957,0.20112,0.17138,0.07119
0.26012,0.01655,0.03624,0.13160,0.41124,0.03208,0.11216
0.57127,0.00000,0.01226,0.14236,0.15428,0.11686,0.00297
0.09033,0.05713,0.01522,0.46538,0.22331,0.08867,0.05996
0.13546,0.08213,0.24326,0.13451,0.24740,0.13464,0.02260
0.00698,0.17206,0.06719,0.36124,0.27618,0.07420,0.04213
0.32841,0.14984,0.13140,0.15668,0.23123,0.00176,0.00068
0.07001,0.00952,0.13341,0.26093,0.38351,0.03531,0.10731
0.10236,0.01988,0.02464,0.33473,0.41394,0.10202,0.00244
0.17282,0.04764,0.02338,0.31116,0.38728,0.04550,0.01222
0.21017,0.01569,0.01871,0.34644,0.35119,0.02136,0.03643
0.22937,0.01135,0.04403,0.23972,0.39989,0.01304,0.06261
0.12432,0.09992,0.05546,0.24297,0.30944,0.05755,0.11034
0.30240,0.02062,0.04893,0.20990,0.36915,0.04689,0.00210
0.05924,0.03480,0.14640,0.36857,0.35689,0.00594,0.02816
0.07221,0.08624,0.10070,0.40752,0.28603,0.04568,0.00160
0.11691,0.00764,0.17789,0.18860,0.31788,0.01491,0.17618
0.22339,0.00336,0.01832,0.41368,0.16783,0.00619,0.16723
0.25194,0.01710,0.03253,0.28068,0.37991,0.03731,0.00054
0.22527,0.02035,0.15800,0.15186,0.39590,0.00082,0.04779
0.07037,0.00319,0.02258,0.50294,0.37276,0.02723,0.00093
0.04586,0.11169,0.12318,0.13253,0.54296,0.02149,0.02230
0.21413,0.03075,0.00235,0.48918,0.21633,0.02294,0.02433
0.13513,0.10508,0.12684,0.31941,0.30219,0.00022,0.01112
0.13377,0.00813,0.00288,0.41740,0.36830,0.05055,0.01897
0.05714,0.10325,0.18133,0.15731,0.33442,0.06733,0.09921
0.16510,0.04323,0.02233,0.39160,0.21869,0.12302,0.03602
0.01857,0.01116,0.05650,0.34743,0.47313,0.00339,0.08982
0.12289,0.05504,0.05749,0.41651,0.25946,0.01233,0.07629
0.09727,0.02808,0.00913,0.39946,0.33149,0.12938,0.00519
0.35031,0.00131,0.02708,0.27563,0.21507,0.08147,0.04913
0.17835,0.07391,0.02481,0.24971,0.22721,0.06411,0.18190
0.27708,0.02732,0.01748,0.24873,0.34654,0.02868,0.05417
0.09501,0.10727,0.01138,0.21835,0.40581,0.16111,0.00109
0.29478,0.05991,0.07425,0.47606,0.08480,0.00271,0.00749
0.20424,0.04928,0.16971,0.24014,0.18347,0.12417,0.02900
0.21274,0.00021,0.07168,0.39148,0.29477,0.02422,0.00491
0.21125,0.10650,0.06354,0.14897,0.36629,0.01910,0.08436
0.27178,0.01055,0.04165,0.28604,0.28895,0.07247,0.02855
0.04102,0.16175,0.05481,0.24423,0.48292,0.01513,0.00015
0.20812,0.03246,0.02779,0.39764,0.24251,0.03000,0.06148
0.17067,0.01642,0.02789,0.44283,0.32640,0.00641,0.00938
0.13854,0.00567,0.00172,0.27344,0.55288,0.01217,0.01558
