0.04765,0.04875,0.04350,0.04274,0.04902,0.03868,0.04725,0.04433,0.03831,0.04089,0.04546,0.07182,0.05491,0.04604,0.07729,0.05392,0.05085,0.05080,0.04846,0.05931
0.04028,0.03776,0.04828,0.04361,0.04526,0.04490,0.05112,0.04448,0.04212,0.04456,0.05455,0.06402,0.05865,0.05556,0.05936,0.05626,0.04873,0.04952,0.05302,0.05795
0.03665,0.03510,0.03920,0.04032,0.04202,0.04241,0.05237,0.04357,0.03981,0.04254,0.07067,0.07732,0.08689,0.07018,0.04630,0.04598,0.04675,0.04841,0.04641,0.04712
0.03465,0.03182,0.04055,0.04338,0.04014,0.03865,0.04188,0.04190,0.03630,0.04067,0.05784,0.10639,0.13331,0.05775,0.04162,0.04021,0.04350,0.04294,0.04310,0.04341
0.03258,0.03317,0.04197,0.03886,0.03657,0.04164,0.04889,0.04371,0.03796,0.04340,0.05572,0.09881,0.11652,0.05395,0.04309,0.04689,0.04692,0.04558,0.04494,0.04885
0.04306,0.04593,0.04687,0.04369,0.04275,0.03935,0.04200,0.04425,0.03587,0.04333,0.06035,0.08320,0.08873,0.05927,0.04740,0.04597,0.04708,0.04458,0.04844,0.04787
0.03655,0.03934,0.04385,0.03947,0.04038,0.04854,0.04798,0.04280,0.04581,0.04515,0.05376,0.06869,0.06996,0.05636,0.04856,0.05989,0.04774,0.05101,0.04923,0.06495
0.03667,0.03397,0.04024,0.03813,0.04441,0.03806,0.04955,0.04431,0.03632,0.03985,0.04663,0.09533,0.05561,0.04672,0.07911,0.05924,0.04688,0.04944,0.04940,0.07011
0.04337,0.04629,0.04367,0.04195,0.04486,0.04227,0.04556,0.04391,0.04098,0.04633,0.05459,0.07934,0.08488,0.05410,0.04661,0.04580,0.04922,0.05097,0.04960,0.04571
0.04687,0.04509,0.04376,0.04654,0.04515,0.07027,0.05572,0.04746,0.07397,0.05336,0.04480,0.03761,0.03924,0.04631,0.03855,0.06425,0.04595,0.04589,0.04646,0.06275
0.04055,0.03831,0.03900,0.03782,0.04258,0.09606,0.06036,0.05892,0.09345,0.05359,0.04947,0.03578,0.03873,0.04778,0.03894,0.04731,0.04519,0.04567,0.04441,0.04608
0.04067,0.03684,0.04171,0.03704,0.04103,0.04088,0.04649,0.04252,0.03716,0.04541,0.04999,0.11085,0.10147,0.05029,0.05387,0.04153,0.04651,0.04399,0.04704,0.04471
0.03669,0.03437,0.04420,0.04375,0.03895,0.04779,0.04633,0.04832,0.04485,0.04511,0.06507,0.07639,0.08315,0.06454,0.04480,0.04563,0.04623,0.04574,0.04786,0.05022
0.04011,0.04208,0.04040,0.03925,0.03859,0.10226,0.08163,0.05419,0.09862,0.04740,0.04354,0.03785,0.03868,0.04289,0.03875,0.04027,0.04415,0.04440,0.04420,0.04074
0.04114,0.04071,0.04500,0.04298,0.03930,0.09924,0.04733,0.07149,0.09475,0.05978,0.04019,0.03527,0.03715,0.03994,0.03394,0.05046,0.04324,0.04346,0.04181,0.05282
0.05879,0.06451,0.05563,0.04756,0.04714,0.04521,0.04035,0.04945,0.04482,0.05292,0.04786,0.04107,0.04495,0.04892,0.04650,0.05939,0.04771,0.04692,0.04875,0.06155
0.03868,0.04033,0.04199,0.04085,0.04574,0.04776,0.04318,0.04549,0.04710,0.04609,0.06613,0.06141,0.05780,0.06532,0.05692,0.05307,0.05115,0.04868,0.04818,0.05413
0.03594,0.03494,0.04262,0.04116,0.03964,0.03935,0.04684,0.03827,0.03711,0.03967,0.05259,0.11794,0.12290,0.05054,0.04335,0.04007,0.04328,0.04438,0.04779,0.04163
0.03872,0.03955,0.04081,0.03906,0.04295,0.07701,0.07740,0.05719,0.07496,0.05042,0.04897,0.03832,0.04147,0.04872,0.03869,0.05034,0.04668,0.04893,0.04904,0.05078
0.07319,0.06382,0.08385,0.07961,0.05336,0.04313,0.03495,0.05151,0.04264,0.05333,0.04044,0.03667,0.03923,0.04001,0.03859,0.04522,0.04587,0.04465,0.04562,0.04431
0.03579,0.03697,0.04242,0.04195,0.04018,0.04237,0.05412,0.04396,0.04093,0.04481,0.07075,0.06691,0.07375,0.07102,0.04787,0.04861,0.04991,0.05032,0.04763,0.04975
0.03785,0.04073,0.04666,0.04416,0.04052,0.03971,0.04838,0.04185,0.04003,0.04147,0.08162,0.06651,0.07782,0.07839,0.04311,0.04708,0.04414,0.04459,0.04689,0.04851
0.03400,0.03426,0.04043,0.03703,0.03631,0.03925,0.04011,0.04128,0.03669,0.04006,0.05857,0.11434,0.11623,0.05878,0.04182,0.04723,0.04379,0.04351,0.04363,0.05267
0.04428,0.04624,0.03866,0.03800,0.04222,0.08580,0.05516,0.05132,0.09051,0.05303,0.05195,0.03844,0.03920,0.05064,0.04231,0.04676,0.04619,0.04634,0.04708,0.04587
0.03715,0.03861,0.03939,0.03751,0.04260,0.04200,0.04189,0.04437,0.03957,0.04681,0.06482,0.06860,0.08289,0.06528,0.04737,0.05538,0.05138,0.04920,0.04927,0.05592
0.03583,0.03480,0.04611,0.04852,0.04159,0.04282,0.04269,0.04595,0.04059,0.04691,0.07235,0.07521,0.06957,0.06812,0.05084,0.04629,0.04762,0.04580,0.04905,0.04934
0.04771,0.04871,0.04728,0.05169,0.04431,0.05402,0.04763,0.06516,0.05493,0.07261,0.04023,0.03957,0.04556,0.04038,0.04108,0.06123,0.04967,0.04475,0.04677,0.05672
0.03853,0.03630,0.04336,0.04187,0.04412,0.04202,0.03925,0.04450,0.04020,0.04406,0.07125,0.08472,0.07303,0.06791,0.05080,0.04580,0.04592,0.04627,0.05075,0.04934
0.04062,0.04201,0.04704,0.04998,0.04542,0.04738,0.04784,0.04810,0.04663,0.04945,0.06145,0.04880,0.04509,0.06241,0.04988,0.06064,0.05238,0.05013,0.04843,0.05633
0.03959,0.04299,0.04071,0.03819,0.04296,0.04332,0.04601,0.04834,0.04240,0.04381,0.06056,0.06955,0.05903,0.05947,0.06349,0.05190,0.04934,0.05115,0.05049,0.05670
0.05768,0.05457,0.08288,0.07428,0.05010,0.04382,0.04450,0.04941,0.04163,0.04922,0.04523,0.03718,0.04367,0.04611,0.03828,0.04691,0.04848,0.04730,0.05007,0.04868
0.04196,0.04117,0.03947,0.04189,0.04402,0.04368,0.05652,0.04719,0.04236,0.04622,0.04950,0.06808,0.05624,0.04851,0.05714,0.06378,0.04930,0.04675,0.04897,0.06727
0.03975,0.03664,0.05211,0.05397,0.04409,0.03995,0.04563,0.04252,0.03730,0.04255,0.07304,0.06867,0.06990,0.07071,0.05078,0.04374,0.04638,0.04743,0.04780,0.04703
0.03824,0.03634,0.03947,0.04029,0.04554,0.04296,0.04534,0.04290,0.04335,0.04343,0.06244,0.09132,0.06233,0.06294,0.06812,0.04370,0.04755,0.05003,0.04909,0.04463
0.04172,0.04093,0.04819,0.04594,0.04641,0.04444,0.03947,0.04800,0.04176,0.05183,0.05698,0.06267,0.05596,0.05766,0.05548,0.05491,0.05054,0.04834,0.05055,0.05822
0.04306,0.04769,0.04203,0.04151,0.04193,0.04260,0.04028,0.04633,0.04217,0.04779,0.05524,0.06363,0.06016,0.05569,0.05300,0.06355,0.05054,0.04782,0.04751,0.06747
0.08124,0.10687,0.07377,0.06043,0.04885,0.03917,0.03367,0.04684,0.03781,0.04557,0.03624,0.03411,0.04155,0.03560,0.03677,0.04824,0.04467,0.04932,0.04941,0.04988
0.03719,0.04030,0.04387,0.04376,0.04216,0.04640,0.05645,0.04573,0.04464,0.04352,0.07661,0.06345,0.06632,0.07328,0.04917,0.04575,0.04465,0.04526,0.04547,0.04602
0.04281,0.03976,0.04608,0.04173,0.04517,0.04461,0.04557,0.04605,0.04153,0.04622,0.05934,0.07400,0.06624,0.05946,0.05497,0.05004,0.04813,0.04704,0.04986,0.05138
0.03835,0.03638,0.04458,0.04782,0.04379,0.04108,0.04664,0.04365,0.03963,0.04428,0.06936,0.07209,0.07603,0.06818,0.04970,0.04818,0.04722,0.04755,0.04875,0.04673
0.04246,0.04136,0.05018,0.04606,0.04383,0.03933,0.05075,0.04295,0.03714,0.04587,0.05747,0.06569,0.06911,0.06021,0.04739,0.05423,0.04896,0.04969,0.05080,0.05653
0.04039,0.04247,0.04662,0.04714,0.04300,0.06701,0.08433,0.05934,0.06328,0.04949,0.04110,0.04157,0.04032,0.04077,0.04142,0.05148,0.04715,0.04711,0.04997,0.05602
0.05047,0.05063,0.07473,0.07302,0.05065,0.04871,0.04383,0.05327,0.04902,0.04769,0.04264,0.03655,0.03805,0.04255,0.04182,0.05028,0.05044,0.05102,0.05149,0.05313
0.05845,0.05255,0.10871,0.11421,0.04510,0.04198,0.03457,0.04421,0.04504,0.05056,0.03843,0.03128,0.03892,0.03799,0.03322,0.04594,0.04201,0.04483,0.04361,0.04839
0.08741,0.05417,0.07852,0.10154,0.06658,0.03810,0.03427,0.04688,0.03740,0.04427,0.04339,0.03399,0.03708,0.04427,0.04501,0.03660,0.04634,0.04347,0.04559,0.03511
0.03989,0.04011,0.04168,0.04049,0.04568,0.03730,0.04536,0.04314,0.03697,0.04320,0.04790,0.09014,0.05972,0.04830,0.07391,0.05698,0.04760,0.04823,0.04987,0.06351
0.03986,0.03740,0.04187,0.04160,0.04264,0.03959,0.04253,0.04279,0.03730,0.04504,0.06156,0.09113,0.10663,0.06088,0.04217,0.04347,0.04730,0.04323,0.04678,0.04624
0.03761,0.03912,0.04318,0.04046,0.04153,0.04159,0.05693,0.04519,0.03817,0.04075,0.06444,0.06707,0.07395,0.06461,0.04755,0.05554,0.04793,0.04830,0.04626,0.05982
0.04344,0.04308,0.04190,0.04267,0.04513,0.04414,0.05046,0.04872,0.04317,0.04609,0.06817,0.05766,0.06042,0.06642,0.05439,0.04670,0.04866,0.04921,0.05158,0.04797
0.03919,0.04000,0.04036,0.03856,0.04162,0.07551,0.05478,0.05739,0.07424,0.05784,0.05109,0.03901,0.03773,0.05021,0.04164,0.05863,0.04769,0.04594,0.04767,0.06092
0.06641,0.06159,0.07429,0.06509,0.05158,0.04204,0.04065,0.04744,0.04370,0.05100,0.04333,0.04324,0.04589,0.04337,0.04367,0.04661,0.04807,0.04751,0.04865,0.04588
0.05838,0.07240,0.09416,0.08236,0.04629,0.04278,0.03731,0.05046,0.04345,0.04700,0.04574,0.03311,0.04049,0.04745,0.03502,0.04383,0.04512,0.04445,0.04677,0.04342
0.04283,0.04561,0.04606,0.04466,0.04610,0.04440,0.04723,0.04565,0.04544,0.04840,0.06271,0.05674,0.05739,0.06183,0.05102,0.05407,0.04589,0.04829,0.04886,0.05681
0.04129,0.03906,0.04166,0.04147,0.04520,0.04238,0.05043,0.04468,0.04014,0.04448,0.04926,0.09597,0.06062,0.04859,0.07432,0.04937,0.04673,0.04730,0.04820,0.04886
0.03956,0.03603,0.04603,0.04394,0.04669,0.06176,0.09130,0.05305,0.05774,0.04934,0.04655,0.04468,0.04678,0.04626,0.04438,0.04898,0.04943,0.04908,0.05011,0.04832
0.04159,0.04265,0.04996,0.04607,0.04378,0.04693,0.04660,0.04599,0.04486,0.04320,0.06776,0.04682,0.04746,0.06871,0.04938,0.05787,0.04980,0.04996,0.04980,0.06080
0.03657,0.03717,0.04461,0.04454,0.04018,0.04643,0.04203,0.04592,0.04267,0.04448,0.08132,0.06757,0.07445,0.07678,0.04510,0.04132,0.04571,0.04849,0.04931,0.04535
0.03942,0.04079,0.04366,0.04037,0.03760,0.08695,0.04717,0.05283,0.08545,0.05488,0.05504,0.03442,0.03828,0.05614,0.03579,0.05784,0.04570,0.04501,0.04500,0.05765
0.04017,0.04225,0.04528,0.04343,0.04336,0.04385,0.04814,0.04101,0.04226,0.04356,0.06879,0.06385,0.06884,0.07042,0.04537,0.04911,0.04980,0.04861,0.05077,0.05111
0.03660,0.03452,0.04298,0.04291,0.04200,0.03989,0.04257,0.04517,0.03870,0.04686,0.05743,0.09282,0.09955,0.05936,0.04964,0.04517,0.04602,0.04468,0.04536,0.04780
0.04237,0.04302,0.04390,0.03948,0.04516,0.03717,0.04874,0.03958,0.03596,0.04107,0.05186,0.09589,0.07337,0.05209,0.05917,0.04963,0.04628,0.04845,0.05190,0.05489
0.03920,0.03784,0.04105,0.04165,0.04507,0.09283,0.07546,0.04792,0.10052,0.05241,0.04685,0.03542,0.03809,0.04761,0.03853,0.04273,0.04589,0.04465,0.04586,0.04043
0.04207,0.04398,0.03978,0.04068,0.04462,0.03978,0.04993,0.04271,0.03996,0.04100,0.06118,0.08371,0.05634,0.06148,0.06275,0.05269,0.04524,0.04621,0.04900,0.05687
0.03687,0.03638,0.04287,0.04164,0.04039,0.04243,0.04697,0.04730,0.04021,0.04580,0.07297,0.07068,0.07223,0.06972,0.04968,0.04943,0.04625,0.04628,0.04953,0.05238
0.04043,0.03745,0.04008,0.03865,0.04331,0.04545,0.05124,0.04393,0.04265,0.04678,0.05371,0.08470,0.07051,0.05493,0.06295,0.04997,0.04689,0.04565,0.05031,0.05038
0.04059,0.04292,0.04380,0.04097,0.04207,0.09436,0.06230,0.06196,0.08741,0.05353,0.04370,0.02939,0.03362,0.04338,0.03723,0.04771,0.04699,0.04794,0.05004,0.05010
0.03682,0.03573,0.03767,0.03563,0.04177,0.04202,0.06364,0.04187,0.03762,0.03826,0.04423,0.10694,0.06207,0.04456,0.09509,0.04643,0.04485,0.04644,0.04834,0.05002
0.04046,0.03978,0.04387,0.04300,0.04346,0.03833,0.04135,0.04191,0.03697,0.04101,0.08982,0.06804,0.07133,0.08587,0.04498,0.04463,0.04513,0.04490,0.04752,0.04762
0.03606,0.03841,0.04503,0.04221,0.04039,0.04528,0.04348,0.04581,0.04401,0.04497,0.06013,0.06680,0.06120,0.06013,0.04756,0.06510,0.04858,0.04722,0.04848,0.06915
0.03932,0.03715,0.04258,0.04056,0.04465,0.04067,0.04370,0.04483,0.03915,0.04519,0.07143,0.06664,0.06578,0.07435,0.05535,0.05048,0.04754,0.04738,0.04938,0.05388
0.12358,0.20788,0.04163,0.03354,0.04790,0.03217,0.03066,0.03378,0.03315,0.03488,0.03553,0.03808,0.03843,0.03552,0.04055,0.03559,0.04007,0.03908,0.04344,0.03455
0.04072,0.04066,0.04419,0.04623,0.04408,0.04058,0.05617,0.04489,0.03949,0.04344,0.06547,0.07092,0.06995,0.06426,0.05022,0.04532,0.04676,0.04974,0.04755,0.04936
0.04994,0.05944,0.05444,0.05116,0.04376,0.04545,0.04137,0.05001,0.04970,0.05298,0.04092,0.03617,0.03945,0.04158,0.03584,0.07917,0.04511,0.04673,0.04766,0.08913
0.03935,0.03900,0.04614,0.04092,0.04336,0.09001,0.07229,0.05219,0.09105,0.04730,0.04636,0.03885,0.03771,0.04673,0.04404,0.04257,0.04612,0.04668,0.04853,0.04081
0.04678,0.04496,0.03829,0.03786,0.04483,0.04520,0.05567,0.04245,0.04198,0.04305,0.05248,0.09373,0.07809,0.05126,0.05933,0.04316,0.04678,0.04559,0.04593,0.04259
0.04127,0.04673,0.04896,0.04702,0.04493,0.04052,0.03911,0.04454,0.04060,0.04679,0.05289,0.05670,0.04848,0.05487,0.05776,0.06609,0.05100,0.04884,0.05175,0.07114
0.04017,0.04200,0.03603,0.03348,0.04151,0.04299,0.05671,0.04119,0.04165,0.04245,0.04905,0.09727,0.05548,0.05027,0.08840,0.05091,0.04638,0.04626,0.04781,0.04997
0.04048,0.04363,0.04782,0.04219,0.04495,0.04155,0.04536,0.04456,0.04086,0.04493,0.05141,0.07360,0.05160,0.05271,0.06880,0.05680,0.04778,0.05014,0.05107,0.05975
0.03665,0.03860,0.04504,0.04563,0.04472,0.04782,0.05139,0.04592,0.04678,0.04753,0.06812,0.06143,0.05857,0.06806,0.05199,0.04769,0.04788,0.04840,0.04898,0.04880
0.09370,0.06262,0.06035,0.07925,0.06472,0.04182,0.02908,0.05409,0.04427,0.05461,0.03588,0.03708,0.04048,0.03621,0.04112,0.04398,0.04852,0.04760,0.04475,0.03986
0.04218,0.03808,0.04490,0.04300,0.04624,0.04069,0.04452,0.04731,0.03889,0.04361,0.06531,0.06325,0.06144,0.06499,0.05396,0.05314,0.05034,0.04900,0.05033,0.05881
0.03788,0.03677,0.04785,0.03974,0.03977,0.04323,0.05431,0.04191,0.03986,0.04197,0.08104,0.06109,0.07709,0.07844,0.04376,0.04667,0.04563,0.04677,0.04906,0.04713
0.09603,0.13338,0.04945,0.04635,0.05399,0.04291,0.03727,0.04205,0.04405,0.04333,0.04045,0.03289,0.03547,0.04102,0.03871,0.04447,0.04364,0.04635,0.04594,0.04224
0.05203,0.04467,0.08682,0.13643,0.04665,0.04854,0.04067,0.05338,0.04877,0.04814,0.04392,0.03137,0.03736,0.04376,0.03007,0.04173,0.04454,0.04114,0.04099,0.03902
0.03828,0.03501,0.04006,0.03993,0.04373,0.04598,0.04591,0.04315,0.04384,0.04893,0.06646,0.07737,0.08834,0.06722,0.04991,0.04410,0.04589,0.04332,0.04912,0.04344
0.08231,0.07042,0.08088,0.07774,0.05849,0.04038,0.03306,0.04792,0.04225,0.04523,0.04322,0.03477,0.03887,0.04331,0.03841,0.04299,0.04328,0.04786,0.04631,0.04231
0.07369,0.06364,0.07662,0.09287,0.05353,0.04336,0.03447,0.05370,0.04231,0.04738,0.04142,0.04132,0.04015,0.04201,0.03793,0.04126,0.04450,0.04424,0.04436,0.04125
0.03897,0.03826,0.04820,0.04542,0.04023,0.06699,0.07155,0.05766,0.06589,0.05621,0.04422,0.04025,0.04205,0.04380,0.03696,0.06017,0.04776,0.04669,0.04744,0.06127
0.03912,0.04222,0.04731,0.04277,0.04240,0.04417,0.04809,0.04488,0.04135,0.04372,0.07515,0.06548,0.07521,0.07257,0.04360,0.04747,0.04394,0.04502,0.04625,0.04928
0.07037,0.08195,0.07664,0.06339,0.05067,0.03939,0.04232,0.04464,0.04121,0.04698,0.03940,0.03759,0.04201,0.03884,0.03870,0.05137,0.04496,0.04617,0.04710,0.05630
0.03734,0.03770,0.03990,0.03991,0.04162,0.04377,0.04634,0.04361,0.04084,0.04240,0.07975,0.05604,0.06300,0.08037,0.04452,0.05270,0.05092,0.05036,0.05134,0.05755
0.03862,0.04308,0.03971,0.03914,0.04071,0.04019,0.04280,0.04335,0.04228,0.04623,0.06894,0.07112,0.07239,0.06896,0.04436,0.05489,0.04815,0.04782,0.05051,0.05672
0.03851,0.03747,0.04115,0.03875,0.04231,0.04123,0.04248,0.04334,0.03793,0.04237,0.07091,0.08967,0.08816,0.06941,0.05125,0.04252,0.04524,0.04552,0.04797,0.04381
0.05789,0.05569,0.05924,0.07187,0.05750,0.04584,0.03851,0.05321,0.04752,0.05069,0.04559,0.04041,0.04289,0.04680,0.04759,0.04717,0.05027,0.04843,0.04804,0.04486
0.03604,0.03380,0.04341,0.04484,0.04214,0.04180,0.04292,0.04476,0.03962,0.04314,0.06699,0.08912,0.07580,0.06414,0.05874,0.04165,0.04752,0.04980,0.04859,0.04519
0.03988,0.04028,0.04384,0.03974,0.04270,0.04107,0.04491,0.04496,0.04026,0.04777,0.04515,0.08699,0.06558,0.04544,0.06236,0.05901,0.04828,0.04646,0.04929,0.06605
0.04421,0.03673,0.03877,0.04077,0.04583,0.04533,0.05225,0.04507,0.04332,0.04186,0.05105,0.10266,0.06995,0.05063,0.06477,0.04097,0.04662,0.04844,0.04727,0.04349
0.04427,0.04258,0.04219,0.04086,0.04441,0.08213,0.06983,0.05384,0.08445,0.05701,0.04506,0.03712,0.04265,0.04373,0.03789,0.04885,0.04679,0.04706,0.04481,0.04448
0.04188,0.04518,0.03822,0.03616,0.04299,0.03950,0.04537,0.04265,0.03816,0.04202,0.04607,0.09822,0.05744,0.04633,0.09333,0.04783,0.04931,0.04876,0.04830,0.05226
0.04144,0.04125,0.04399,0.04603,0.04879,0.03860,0.04880,0.04543,0.03569,0.04125,0.06583,0.06784,0.06537,0.06887,0.05373,0.04670,0.04901,0.05085,0.05102,0.04952
