0.02461,0.01179,0.02714,0.02699,0.03570,0.05235,0.03146,0.03556,0.06234,0.07842,0.01339,0.05321,0.11489,0.09707,0.00575,0.02020,0.20736,0.06364,0.00941,0.02874
0.03213,0.09260,0.02924,0.03490,0.04022,0.02591,0.01768,0.03685,0.02863,0.05567,0.01549,0.24644,0.04634,0.15344,0.01766,0.01692,0.06124,0.02244,0.00727,0.01894
0.03013,0.02806,0.02377,0.02152,0.02219,0.03843,0.01354,0.01645,0.01733,0.03110,0.08050,0.09426,0.22872,0.02651,0.01071,0.08882,0.08406,0.01453,0.01024,0.11912
0.02515,0.03113,0.02422,0.02386,0.01973,0.02173,0.02142,0.02931,0.01851,0.03548,0.04852,0.04275,0.14700,0.05714,0.03418,0.17689,0.12442,0.08744,0.00626,0.02487
0.02971,0.28990,0.02996,0.02627,0.03692,0.04118,0.02003,0.02588,0.02474,0.03850,0.01973,0.15285,0.02756,0.04504,0.09132,0.01553,0.02869,0.01911,0.00896,0.02810
0.01328,0.02826,0.01708,0.01394,0.02159,0.02081,0.01173,0.01474,0.01267,0.01789,0.26523,0.16363,0.01451,0.04130,0.01006,0.25165,0.01335,0.01166,0.00556,0.05106
0.01526,0.14462,0.02617,0.02988,0.03022,0.03876,0.01092,0.01360,0.01067,0.01727,0.31590,0.02450,0.02663,0.01228,0.00924,0.16298,0.04216,0.00923,0.00778,0.05193
0.01442,0.03145,0.01989,0.01603,0.01373,0.01660,0.00967,0.00859,0.01029,0.01166,0.43755,0.14697,0.01527,0.06414,0.11786,0.02364,0.01233,0.00599,0.00867,0.01525
0.01488,0.17258,0.18481,0.02820,0.02541,0.14784,0.01302,0.01304,0.01682,0.02933,0.01353,0.03226,0.02473,0.08649,0.01213,0.02811,0.02754,0.01879,0.01965,0.09084
0.01510,0.02898,0.02550,0.02537,0.10539,0.02026,0.01837,0.01429,0.02008,0.01552,0.01308,0.25359,0.04529,0.08807,0.02682,0.01211,0.05472,0.01035,0.03010,0.17702
0.01705,0.06758,0.07174,0.09366,0.04183,0.07328,0.01765,0.02022,0.01607,0.02049,0.05831,0.08844,0.04381,0.02775,0.01549,0.20494,0.02693,0.01985,0.00805,0.06687
0.00940,0.03017,0.05422,0.02582,0.01550,0.01962,0.00925,0.01428,0.01424,0.01474,0.01507,0.24982,0.04650,0.03058,0.29717,0.00807,0.02990,0.01049,0.00835,0.09679
0.01508,0.02418,0.02272,0.02978,0.03308,0.05574,0.03340,0.06140,0.09600,0.03867,0.03502,0.16137,0.09464,0.16263,0.01093,0.02321,0.02603,0.02052,0.03235,0.02326
0.01692,0.03376,0.05975,0.04457,0.04482,0.04740,0.02402,0.02881,0.04802,0.03919,0.02902,0.04783,0.10216,0.24341,0.01240,0.05803,0.02377,0.06684,0.00930,0.01999
0.03059,0.08085,0.12013,0.04229,0.01799,0.09221,0.02170,0.02969,0.03268,0.02516,0.01614,0.14057,0.14086,0.05187,0.01119,0.01747,0.06054,0.02981,0.00773,0.03054
0.02050,0.04924,0.02673,0.01523,0.01929,0.02278,0.01527,0.01707,0.01345,0.02520,0.01696,0.02729,0.21782,0.01180,0.01062,0.01463,0.36261,0.02326,0.01054,0.07971
0.01926,0.02277,0.01732,0.01422,0.02981,0.03062,0.01156,0.01563,0.01284,0.02419,0.02749,0.38196,0.05732,0.02941,0.00751,0.10442,0.03199,0.03937,0.00487,0.11744
0.02004,0.02828,0.03693,0.04912,0.09871,0.04223,0.01584,0.01236,0.02314,0.02209,0.01517,0.39249,0.06552,0.06039,0.01931,0.00880,0.03634,0.00725,0.03334,0.01265
0.01146,0.01442,0.02103,0.01502,0.01346,0.01606,0.00919,0.00919,0.01040,0.00899,0.01327,0.04324,0.08386,0.18406,0.01571,0.26389,0.14365,0.05562,0.00777,0.05973
0.02873,0.07403,0.08200,0.03901,0.03563,0.03339,0.02737,0.03562,0.02873,0.02685,0.01815,0.05120,0.16032,0.03430,0.01193,0.02135,0.11081,0.15215,0.00642,0.02201
0.01514,0.06084,0.02089,0.00654,0.00646,0.02058,0.00864,0.01481,0.01061,0.00805,0.01427,0.02165,0.22319,0.03409,0.00810,0.14661,0.22681,0.12430,0.00636,0.02207
0.01162,0.02099,0.01338,0.01040,0.01394,0.01056,0.00827,0.01253,0.00838,0.00888,0.50000,0.02175,0.09857,0.01088,0.00660,0.11879,0.08260,0.00712,0.00623,0.02850
0.01511,0.04201,0.12727,0.02764,0.03443,0.12729,0.01361,0.01550,0.02709,0.01738,0.01194,0.08209,0.08788,0.03396,0.01312,0.01819,0.14572,0.01547,0.02055,0.12373
0.02021,0.02331,0.08023,0.03178,0.04402,0.02942,0.01824,0.02188,0.01367,0.02247,0.06542,0.04917,0.03653,0.03528,0.01987,0.31885,0.02409,0.06823,0.01123,0.06609
0.01139,0.39052,0.05147,0.02552,0.03558,0.03113,0.00880,0.01130,0.01689,0.01241,0.01267,0.16919,0.04766,0.03122,0.01993,0.00891,0.03202,0.01172,0.01122,0.06046
0.03412,0.02738,0.02983,0.03034,0.06104,0.02905,0.03868,0.04928,0.03919,0.02374,0.03053,0.08935,0.10232,0.04287,0.01033,0.04977,0.20754,0.01367,0.01853,0.07245
0.03790,0.02711,0.02183,0.01352,0.05879,0.06969,0.03671,0.03294,0.13304,0.23064,0.01866,0.03206,0.06481,0.05641,0.00776,0.04368,0.03147,0.04138,0.01508,0.02652
0.03765,0.03486,0.03514,0.01824,0.04643,0.02432,0.02710,0.02337,0.02041,0.03903,0.24486,0.09718,0.01898,0.04756,0.00588,0.13347,0.01182,0.00981,0.06359,0.06031
0.02000,0.02715,0.06477,0.03329,0.30914,0.03914,0.03591,0.03626,0.03126,0.05109,0.02678,0.02352,0.02977,0.07491,0.01082,0.09389,0.02907,0.04322,0.01000,0.00999
0.06220,0.08259,0.05248,0.02907,0.02453,0.07970,0.03129,0.03185,0.04492,0.01397,0.05145,0.01529,0.13009,0.01553,0.02905,0.11419,0.08764,0.07308,0.01125,0.01983
0.01341,0.13119,0.02631,0.04225,0.02190,0.03051,0.03054,0.05350,0.05885,0.03649,0.06047,0.22017,0.02292,0.10783,0.02035,0.05132,0.02635,0.01955,0.00760,0.01850
0.00761,0.02098,0.01929,0.20100,0.56714,0.01460,0.00957,0.00911,0.00649,0.01232,0.01420,0.00900,0.01930,0.01518,0.00759,0.02831,0.01428,0.00634,0.00866,0.00903
0.01506,0.01831,0.01889,0.01435,0.01551,0.02140,0.01744,0.01901,0.01659,0.01745,0.08617,0.02525,0.36454,0.02241,0.00857,0.22120,0.05699,0.01164,0.01082,0.01841
0.05392,0.03695,0.03765,0.02637,0.04104,0.18586,0.02262,0.04061,0.05273,0.05326,0.03702,0.22382,0.03334,0.05200,0.02096,0.01810,0.01975,0.01795,0.01295,0.01311
0.02606,0.02925,0.02913,0.02576,0.03871,0.02328,0.03017,0.02564,0.02969,0.01937,0.17183,0.07605,0.07051,0.08660,0.14954,0.05503,0.04506,0.04003,0.01010,0.01819
0.03663,0.07497,0.04478,0.04553,0.05028,0.05323,0.03548,0.04204,0.02248,0.12840,0.26351,0.01124,0.01495,0.01118,0.02182,0.08404,0.02661,0.00775,0.01045,0.01464
0.01134,0.12209,0.02049,0.01276,0.02264,0.01660,0.01959,0.02245,0.03584,0.01886,0.01189,0.07579,0.16653,0.08079,0.01283,0.01161,0.28851,0.02980,0.00634,0.01324
0.01770,0.02687,0.01897,0.01428,0.03044,0.02043,0.01939,0.02144,0.02154,0.02184,0.03827,0.03809,0.30693,0.01689,0.00663,0.17524,0.09565,0.01447,0.00900,0.08594
0.03083,0.06061,0.02901,0.02062,0.02833,0.02435,0.01967,0.02889,0.02773,0.03353,0.01344,0.41895,0.05987,0.06080,0.01172,0.01580,0.04933,0.03468,0.00761,0.02423
0.01802,0.04979,0.31306,0.07203,0.04935,0.04710,0.01639,0.02289,0.02781,0.02252,0.01477,0.03092,0.06651,0.01525,0.00684,0.01535,0.12531,0.00976,0.00748,0.06886
0.01885,0.11257,0.15974,0.03507,0.05042,0.04973,0.04694,0.03590,0.05009,0.05120,0.07310,0.16132,0.01820,0.02936,0.01387,0.01628,0.01211,0.01176,0.02519,0.02831
0.01535,0.29351,0.05888,0.02125,0.02914,0.03231,0.01134,0.01365,0.01269,0.01584,0.00591,0.34285,0.01939,0.06427,0.00809,0.00644,0.02676,0.00820,0.00504,0.00909
0.01403,0.11544,0.06138,0.03253,0.02723,0.03509,0.02805,0.04191,0.05201,0.02108,0.03180,0.03675,0.29170,0.01874,0.01436,0.01530,0.10701,0.02090,0.01093,0.02377
0.01994,0.12838,0.01095,0.01365,0.01999,0.00850,0.01171,0.02380,0.01182,0.06505,0.01412,0.31164,0.04609,0.02137,0.00785,0.01468,0.11797,0.01581,0.00537,0.13130
0.01615,0.08222,0.23277,0.07394,0.05498,0.07299,0.02212,0.02522,0.02873,0.02976,0.02534,0.08744,0.03111,0.04970,0.01519,0.03427,0.03360,0.02178,0.00768,0.05501
0.01317,0.16585,0.17637,0.01731,0.01272,0.01861,0.04024,0.05714,0.01878,0.03013,0.01180,0.02064,0.02144,0.23339,0.01058,0.06121,0.01770,0.04870,0.01444,0.00978
0.00807,0.05058,0.03345,0.00936,0.01078,0.01833,0.01098,0.01250,0.00974,0.01151,0.62441,0.02860,0.01503,0.02288,0.00524,0.05296,0.01922,0.00470,0.02253,0.02913
0.01205,0.01436,0.02873,0.01579,0.01930,0.01403,0.01496,0.01580,0.01139,0.01214,0.53798,0.03859,0.02440,0.03174,0.03120,0.05905,0.02531,0.01301,0.01963,0.06052
0.01300,0.06689,0.04480,0.01947,0.51362,0.02884,0.01520,0.01607,0.01405,0.04003,0.01339,0.03973,0.02847,0.05029,0.01499,0.01465,0.03378,0.00733,0.00709,0.01832
0.01284,0.05366,0.32682,0.01478,0.01285,0.26526,0.00829,0.01050,0.01237,0.01730,0.02473,0.03241,0.02782,0.03089,0.01296,0.03253,0.01675,0.01566,0.01462,0.05696
0.02537,0.01912,0.02278,0.03699,0.04758,0.02825,0.03053,0.02453,0.03960,0.02397,0.04860,0.14119,0.24380,0.04957,0.05028,0.03548,0.05566,0.03810,0.01192,0.02669
0.04649,0.03373,0.03791,0.03014,0.04342,0.05830,0.03024,0.03491,0.04920,0.06005,0.02908,0.06905,0.12048,0.06518,0.01502,0.04480,0.07008,0.01985,0.04288,0.09920
0.01958,0.03660,0.05078,0.02790,0.02079,0.03301,0.02101,0.01844,0.01764,0.01921,0.01763,0.23996,0.13706,0.19981,0.02098,0.01424,0.06667,0.01260,0.01115,0.01492
0.02489,0.04765,0.02793,0.01908,0.07978,0.02146,0.03392,0.02100,0.02374,0.03539,0.01774,0.15431,0.02979,0.04361,0.01703,0.02173,0.03399,0.02088,0.01042,0.31569
0.02629,0.03844,0.05485,0.05476,0.05675,0.03426,0.05072,0.07028,0.05042,0.06937,0.02858,0.05344,0.16634,0.05712,0.01174,0.02751,0.08036,0.03333,0.01892,0.01653
0.02941,0.04395,0.02187,0.02075,0.03613,0.02419,0.04609,0.04612,0.15036,0.04841,0.00943,0.21192,0.06663,0.07274,0.00850,0.01102,0.11012,0.01570,0.00911,0.01755
0.01160,0.38593,0.25259,0.01481,0.01323,0.01568,0.02648,0.02598,0.02046,0.01888,0.00900,0.02475,0.02851,0.05355,0.00917,0.01425,0.01869,0.02695,0.02034,0.00915
0.02335,0.03305,0.04009,0.01547,0.03458,0.02919,0.02222,0.02355,0.03096,0.03147,0.02480,0.05913,0.20912,0.02518,0.00868,0.02718,0.29601,0.03160,0.00626,0.02810
0.02004,0.05324,0.04051,0.05606,0.04674,0.02896,0.08618,0.03437,0.12875,0.03945,0.05508,0.11704,0.03596,0.11364,0.04554,0.03244,0.03116,0.01263,0.00936,0.01286
0.02554,0.06385,0.04645,0.01451,0.42021,0.02662,0.01665,0.02231,0.02264,0.04151,0.03920,0.03789,0.05423,0.05171,0.01619,0.03031,0.03725,0.01675,0.00633,0.00984
0.01016,0.01485,0.01449,0.01131,0.01177,0.01400,0.01039,0.01751,0.00970,0.02232,0.01629,0.06850,0.31166,0.03832,0.00481,0.08454,0.06495,0.05061,0.00519,0.21863
0.01572,0.02472,0.02157,0.01533,0.01831,0.01794,0.01976,0.01688,0.01735,0.02109,0.12283,0.06896,0.01976,0.30411,0.01122,0.22522,0.01372,0.01000,0.01580,0.01973
0.02328,0.04080,0.02975,0.15593,0.01825,0.02945,0.01086,0.01692,0.01699,0.02831,0.01234,0.18155,0.07330,0.04581,0.01567,0.00820,0.24888,0.01064,0.01359,0.01946
0.02250,0.05735,0.11494,0.04346,0.05981,0.06153,0.05362,0.03565,0.04306,0.04481,0.06244,0.06953,0.06300,0.04432,0.01581,0.11603,0.03550,0.01184,0.01181,0.03300
0.02529,0.02385,0.02268,0.01711,0.16407,0.03589,0.02376,0.03192,0.04625,0.03347,0.01912,0.02296,0.10578,0.07921,0.01004,0.07516,0.08162,0.14459,0.01300,0.02426
0.01647,0.01766,0.01625,0.01644,0.02792,0.01902,0.01731,0.01836,0.01680,0.01781,0.01223,0.05063,0.21512,0.01785,0.00533,0.02797,0.33000,0.01431,0.00907,0.13345
0.02618,0.04706,0.03339,0.02906,0.03661,0.03484,0.01890,0.02932,0.02679,0.03701,0.05724,0.11312,0.13064,0.11020,0.01242,0.07508,0.05198,0.00920,0.06618,0.05477
0.01770,0.16464,0.00797,0.02352,0.02604,0.00693,0.01798,0.01581,0.02095,0.12641,0.32784,0.03484,0.07597,0.02923,0.00637,0.04683,0.01646,0.00660,0.01437,0.01354
0.01384,0.03568,0.04503,0.10025,0.14651,0.01629,0.01703,0.01929,0.01959,0.01924,0.02007,0.07229,0.17155,0.05274,0.00849,0.04290,0.13157,0.01330,0.00734,0.04700
0.01549,0.07666,0.07091,0.03544,0.05872,0.01930,0.02437,0.03516,0.01747,0.01731,0.12761,0.01820,0.03552,0.02388,0.05796,0.10652,0.22304,0.01187,0.01183,0.01274
0.01330,0.02565,0.08757,0.01920,0.01417,0.10676,0.00811,0.00906,0.01016,0.01019,0.03271,0.10519,0.02436,0.38595,0.01583,0.05965,0.01632,0.02394,0.00693,0.02497
0.01057,0.04959,0.09111,0.33032,0.01784,0.02653,0.01723,0.01372,0.02213,0.02581,0.01710,0.23759,0.03968,0.04506,0.01160,0.00795,0.01592,0.00408,0.00945,0.00673
0.01875,0.18423,0.02511,0.01956,0.02805,0.03879,0.03859,0.04554,0.04342,0.09008,0.02237,0.02725,0.22407,0.06950,0.00820,0.02827,0.04623,0.01643,0.01145,0.01409
0.04267,0.05335,0.02278,0.06275,0.13996,0.01806,0.02448,0.02990,0.06701,0.01567,0.01383,0.05384,0.03002,0.27566,0.02172,0.01633,0.04615,0.01353,0.01657,0.03572
0.04661,0.01821,0.02930,0.01909,0.05280,0.05162,0.03527,0.04312,0.09161,0.08799,0.01201,0.14877,0.05320,0.08937,0.01119,0.01275,0.05349,0.02459,0.08027,0.03875
0.00602,0.17084,0.00908,0.00986,0.01115,0.00880,0.00749,0.00786,0.00799,0.23933,0.00753,0.09890,0.14158,0.03680,0.00501,0.00641,0.18239,0.01028,0.00657,0.02611
0.01572,0.01648,0.09130,0.05721,0.04375,0.06018,0.02754,0.03114,0.06853,0.03276,0.01422,0.05250,0.11618,0.14099,0.00982,0.01621,0.15993,0.01037,0.01677,0.01840
0.01854,0.03109,0.05539,0.02355,0.04855,0.04091,0.02661,0.03662,0.04328,0.03262,0.06847,0.14049,0.12329,0.04268,0.00802,0.13532,0.03832,0.02311,0.01792,0.04522
0.02057,0.02004,0.01735,0.01586,0.02709,0.02165,0.01775,0.01791,0.01814,0.01744,0.18548,0.03851,0.31407,0.01764,0.00772,0.09437,0.10105,0.01054,0.00862,0.02820
0.01306,0.02617,0.02552,0.01858,0.01698,0.01857,0.01848,0.02023,0.01921,0.01971,0.03491,0.13799,0.34142,0.05289,0.01406,0.04267,0.11282,0.01366,0.01043,0.04265
0.01978,0.45045,0.02438,0.02903,0.02851,0.01605,0.01459,0.01240,0.01496,0.01873,0.04205,0.03832,0.03638,0.11455,0.03333,0.03948,0.03058,0.01626,0.00736,0.01280
0.06099,0.02043,0.03086,0.02338,0.05892,0.05222,0.04593,0.04675,0.05171,0.09417,0.02780,0.06886,0.03179,0.12730,0.01170,0.06448,0.01866,0.11268,0.02537,0.02599
0.02901,0.02904,0.01887,0.01836,0.02819,0.01854,0.02629,0.03577,0.02213,0.01612,0.16676,0.01950,0.22176,0.01405,0.00778,0.15516,0.11646,0.01230,0.00968,0.03421
0.01030,0.05045,0.30546,0.35745,0.02034,0.01728,0.00852,0.01134,0.00732,0.00825,0.02815,0.02205,0.02078,0.03204,0.02014,0.03363,0.01545,0.00578,0.00681,0.01846
0.01353,0.04403,0.05742,0.02394,0.03439,0.02920,0.02778,0.03365,0.02105,0.06387,0.03848,0.04936,0.02691,0.01996,0.00809,0.39514,0.03328,0.01414,0.00706,0.05872
0.05162,0.05101,0.03704,0.10817,0.02231,0.07096,0.01964,0.03150,0.06333,0.02317,0.01778,0.12614,0.05675,0.05326,0.00659,0.01750,0.11049,0.03780,0.02021,0.07473
0.01842,0.14652,0.10323,0.01335,0.01662,0.01455,0.01934,0.01773,0.02341,0.02240,0.00752,0.32771,0.01664,0.16248,0.01088,0.00917,0.01562,0.00984,0.01404,0.03054
0.05600,0.01879,0.01027,0.03363,0.07821,0.00850,0.07389,0.30268,0.03206,0.01415,0.07201,0.03717,0.07711,0.02038,0.01535,0.06211,0.04153,0.01006,0.00778,0.02831
0.00264,0.90198,0.00425,0.00294,0.00332,0.00336,0.00201,0.00232,0.00239,0.01779,0.00576,0.00516,0.00800,0.00611,0.00563,0.00571,0.01146,0.00312,0.00203,0.00401
0.02144,0.04283,0.04477,0.03567,0.03734,0.04249,0.02594,0.03040,0.02599,0.01874,0.06614,0.04304,0.04031,0.02267,0.01515,0.29934,0.02292,0.01059,0.00691,0.14732
0.02993,0.04430,0.01957,0.05056,0.05894,0.02218,0.03947,0.02504,0.04843,0.02607,0.01398,0.07760,0.07302,0.10984,0.01412,0.01503,0.08728,0.01339,0.04836,0.18290
0.01095,0.01667,0.01297,0.01480,0.02659,0.01169,0.00988,0.01233,0.01586,0.01245,0.00875,0.08466,0.23971,0.06385,0.00582,0.01994,0.38398,0.01839,0.00530,0.02541
0.01916,0.08072,0.10596,0.05432,0.05405,0.02658,0.02686,0.02728,0.03761,0.03119,0.01160,0.03642,0.17902,0.04334,0.00622,0.01935,0.17535,0.00903,0.01727,0.03867
0.02217,0.01635,0.10469,0.09129,0.05624,0.05177,0.01923,0.02698,0.02127,0.03316,0.01506,0.12371,0.03768,0.11643,0.01947,0.02412,0.04854,0.11557,0.00780,0.04849
0.01224,0.01680,0.09272,0.06080,0.02095,0.02346,0.01024,0.01518,0.01101,0.01649,0.00827,0.19956,0.09785,0.03793,0.00773,0.01044,0.30165,0.01309,0.00915,0.03443
0.10617,0.09464,0.12752,0.04592,0.01384,0.05451,0.03184,0.06162,0.02239,0.02452,0.03463,0.02730,0.01729,0.03580,0.05681,0.11496,0.01516,0.07246,0.01256,0.03005
0.02073,0.05627,0.04537,0.01837,0.15623,0.02137,0.03904,0.03130,0.04999,0.03887,0.03101,0.02658,0.24563,0.02403,0.00725,0.08160,0.04267,0.01742,0.00925,0.03704
0.01682,0.38945,0.06692,0.03828,0.05111,0.05488,0.02329,0.02366,0.02796,0.03621,0.07189,0.02989,0.03938,0.01826,0.00904,0.04052,0.02962,0.00771,0.00928,0.01583
0.04236,0.01871,0.03485,0.02567,0.06926,0.06413,0.06668,0.12056,0.13996,0.04356,0.02303,0.01786,0.04951,0.01069,0.00690,0.03160,0.15706,0.01031,0.03885,0.02844
0.03758,0.10595,0.05192,0.01345,0.01486,0.04226,0.03614,0.02204,0.03697,0.02756,0.02361,0.07282,0.03510,0.04014,0.01462,0.13360,0.09523,0.10695,0.01570,0.07349
