0.09184,0.03551,0.07930,0.06588,0.08315,0.07071,0.04561,0.04433,0.19378,0.12093,0.03121,0.05677,0.03633,0.04465
0.35149,0.02472,0.03147,0.02951,0.16781,0.03357,0.03177,0.01495,0.05199,0.06540,0.03659,0.04091,0.02501,0.09483
0.04246,0.01720,0.02385,0.02160,0.02877,0.02017,0.03078,0.51194,0.02466,0.01898,0.04147,0.02016,0.16504,0.03292
0.18643,0.08785,0.05358,0.04390,0.15782,0.02753,0.13269,0.02705,0.10206,0.05947,0.03514,0.02251,0.02981,0.03417
0.02523,0.03339,0.03771,0.03364,0.01710,0.04224,0.09606,0.02205,0.13094,0.29044,0.11594,0.03763,0.03612,0.08152
0.10985,0.21455,0.03303,0.02900,0.08487,0.04181,0.04025,0.04400,0.05410,0.04050,0.06178,0.05955,0.09501,0.09171
0.06845,0.21082,0.06878,0.05802,0.05355,0.03449,0.04691,0.04604,0.10481,0.08004,0.04256,0.05374,0.04188,0.08992
0.02086,0.05003,0.06581,0.05452,0.01358,0.03442,0.14507,0.01227,0.03911,0.07813,0.35867,0.02760,0.01989,0.08003
0.03408,0.16633,0.13014,0.12311,0.02696,0.03555,0.10829,0.02742,0.06096,0.05904,0.05371,0.04557,0.03809,0.09076
0.02767,0.25031,0.17837,0.26778,0.02294,0.01655,0.01430,0.03582,0.03798,0.04315,0.02693,0.02476,0.02881,0.02463
0.07682,0.06463,0.14832,0.16889,0.05725,0.02266,0.02774,0.01541,0.05501,0.16473,0.05658,0.03541,0.02916,0.07739
0.08766,0.29100,0.09524,0.09064,0.06663,0.03296,0.01853,0.03550,0.13875,0.03893,0.01725,0.02693,0.03232,0.02766
0.03226,0.02465,0.04465,0.03949,0.03090,0.06869,0.01905,0.19659,0.05256,0.05580,0.03465,0.15216,0.21355,0.03501
0.06122,0.01139,0.01356,0.01176,0.04469,0.02954,0.01249,0.02450,0.06767,0.53617,0.03273,0.07220,0.04861,0.03347
0.04734,0.02384,0.02274,0.01902,0.03143,0.02564,0.03974,0.06278,0.04237,0.08821,0.20417,0.05767,0.15267,0.18236
0.05216,0.03177,0.02969,0.02386,0.03589,0.04769,0.15664,0.01783,0.08386,0.12681,0.13454,0.04401,0.04329,0.17195
0.11934,0.04849,0.13505,0.09121,0.08832,0.03179,0.08061,0.02567,0.12915,0.06025,0.06819,0.02335,0.04355,0.05504
0.04604,0.01246,0.02340,0.02130,0.03027,0.04749,0.20405,0.03736,0.07212,0.15792,0.09104,0.05852,0.05889,0.13914
0.02337,0.02647,0.14780,0.14796,0.01867,0.12997,0.01404,0.13510,0.03350,0.02967,0.04005,0.07964,0.14752,0.02623
0.07669,0.13114,0.18650,0.15172,0.05094,0.02936,0.01778,0.05472,0.05405,0.03322,0.03232,0.03541,0.10752,0.03864
0.27235,0.04571,0.04681,0.04654,0.15290,0.01999,0.03237,0.02057,0.04224,0.04319,0.04538,0.02172,0.05699,0.15324
0.05515,0.02375,0.01792,0.01559,0.04358,0.03181,0.01761,0.01251,0.09935,0.53429,0.01704,0.06991,0.02020,0.04128
0.01928,0.05760,0.06728,0.04712,0.01400,0.08759,0.03053,0.17576,0.16157,0.05392,0.04102,0.07267,0.12884,0.04281
0.28319,0.03738,0.15844,0.17092,0.17889,0.01676,0.01399,0.01949,0.02833,0.01776,0.01641,0.01494,0.02037,0.02314
0.33199,0.03672,0.09774,0.09582,0.15945,0.02578,0.02234,0.01362,0.06981,0.05203,0.01880,0.02179,0.01495,0.03917
0.05055,0.16311,0.18894,0.14937,0.03419,0.02046,0.01855,0.08084,0.04403,0.03908,0.02618,0.04055,0.06668,0.07748
0.06475,0.06520,0.07893,0.09119,0.04548,0.03315,0.04022,0.04414,0.03793,0.03980,0.06623,0.04211,0.12349,0.22739
0.05620,0.01298,0.03638,0.03270,0.03709,0.03059,0.02449,0.31199,0.04190,0.08784,0.07017,0.05080,0.14664,0.06023
0.21742,0.03652,0.02122,0.01985,0.14819,0.02096,0.02038,0.01322,0.08072,0.26978,0.02837,0.04060,0.02507,0.05771
0.21865,0.02599,0.04154,0.03999,0.16453,0.04069,0.03109,0.02271,0.04832,0.05620,0.07127,0.03775,0.06137,0.13990
0.05921,0.15788,0.08728,0.07339,0.03228,0.02864,0.03365,0.06778,0.08028,0.06778,0.17426,0.02063,0.06942,0.04752
0.08054,0.34976,0.09371,0.09725,0.06796,0.02152,0.01941,0.04456,0.06250,0.03054,0.02669,0.02303,0.04772,0.03482
0.03077,0.01868,0.02127,0.01570,0.02019,0.14510,0.05618,0.05106,0.09145,0.11340,0.10957,0.15180,0.10041,0.07443
0.28507,0.02936,0.07788,0.06416,0.16352,0.03802,0.01324,0.01715,0.09849,0.06132,0.01897,0.06696,0.02119,0.04467
0.04480,0.05077,0.03842,0.03578,0.03829,0.06261,0.04814,0.10717,0.07952,0.08767,0.03474,0.12715,0.16543,0.07951
0.05658,0.08529,0.15210,0.18211,0.04329,0.02665,0.02322,0.10767,0.03287,0.02588,0.02861,0.03171,0.15759,0.04642
0.06347,0.19487,0.06724,0.06925,0.04577,0.04633,0.04305,0.08993,0.10207,0.06086,0.03330,0.06382,0.07083,0.04922
0.09187,0.07669,0.04817,0.04092,0.08261,0.07695,0.02956,0.02620,0.05476,0.06690,0.14782,0.08506,0.08317,0.08929
0.08803,0.12599,0.04091,0.03077,0.06236,0.04009,0.04049,0.09987,0.05356,0.04378,0.08719,0.04893,0.14952,0.08851
0.23807,0.02742,0.05153,0.05365,0.16129,0.03551,0.04043,0.08111,0.06037,0.06367,0.02738,0.04634,0.06810,0.04512
0.16331,0.01773,0.08661,0.08683,0.09309,0.05414,0.01671,0.02408,0.04227,0.05315,0.02081,0.14838,0.05294,0.13993
0.04902,0.11431,0.14068,0.12420,0.03387,0.02540,0.04677,0.03991,0.10607,0.13306,0.03836,0.04453,0.05208,0.05174
0.06839,0.07359,0.04259,0.04106,0.05935,0.03685,0.02719,0.28717,0.03894,0.02475,0.04054,0.03369,0.18534,0.04054
0.12004,0.04744,0.02844,0.02484,0.09046,0.03163,0.01883,0.03252,0.13677,0.23830,0.03917,0.07904,0.05111,0.06140
0.02463,0.05119,0.02663,0.02019,0.02228,0.17110,0.03729,0.02126,0.11233,0.11580,0.07088,0.22175,0.04802,0.05665
0.03682,0.19576,0.06262,0.05048,0.02943,0.03348,0.03476,0.02576,0.05955,0.08152,0.06066,0.06313,0.04471,0.22132
0.05218,0.15896,0.07231,0.05831,0.03962,0.06344,0.05647,0.07463,0.08517,0.04479,0.04350,0.05612,0.09966,0.09485
0.26355,0.02120,0.03014,0.02506,0.20113,0.04225,0.02184,0.02489,0.06428,0.09366,0.04237,0.06671,0.03811,0.06481
0.12795,0.03574,0.06705,0.05460,0.11163,0.13532,0.04048,0.02101,0.07477,0.04918,0.16696,0.03059,0.03103,0.05368
0.02553,0.48709,0.04547,0.04399,0.01981,0.04091,0.02847,0.03064,0.13353,0.03108,0.01538,0.04746,0.02244,0.02820
0.17778,0.04419,0.03866,0.03003,0.16968,0.05331,0.02363,0.03177,0.04671,0.04803,0.19904,0.03618,0.05330,0.04768
0.20673,0.01344,0.04927,0.04447,0.28579,0.10583,0.01348,0.01871,0.05053,0.02737,0.02018,0.10356,0.01841,0.04224
0.02898,0.01933,0.03498,0.02988,0.02332,0.04791,0.01815,0.32733,0.03591,0.02918,0.11867,0.03741,0.21738,0.03157
0.14333,0.06280,0.01820,0.01405,0.10051,0.02214,0.12667,0.01518,0.07711,0.20258,0.09118,0.02730,0.03407,0.06488
0.09551,0.02341,0.03470,0.03442,0.06530,0.03796,0.05699,0.01214,0.08605,0.37344,0.02357,0.03930,0.02604,0.09115
0.01698,0.05249,0.26502,0.19233,0.01323,0.02438,0.02588,0.01233,0.03666,0.17813,0.05495,0.03440,0.02119,0.07202
0.04137,0.02400,0.01712,0.01707,0.02886,0.03041,0.02674,0.12438,0.04423,0.07056,0.08293,0.10505,0.20130,0.18599
0.05462,0.01121,0.05334,0.05890,0.04714,0.02612,0.01409,0.42931,0.02172,0.02048,0.03552,0.02705,0.17750,0.02298
0.02792,0.12452,0.23580,0.21615,0.02123,0.04014,0.03234,0.06086,0.06394,0.03248,0.02844,0.03512,0.04749,0.03358
0.32744,0.02702,0.04244,0.04550,0.12746,0.02758,0.02948,0.01998,0.04730,0.04162,0.02318,0.04247,0.03418,0.16435
0.05331,0.25710,0.09618,0.06561,0.04281,0.02849,0.06527,0.04236,0.08750,0.06529,0.05642,0.02865,0.04912,0.06189
0.02722,0.03080,0.14719,0.12295,0.01763,0.02271,0.04230,0.02337,0.03778,0.07728,0.26763,0.02392,0.05000,0.10922
0.03184,0.01436,0.02627,0.01982,0.02653,0.08708,0.01660,0.48845,0.05680,0.04038,0.02427,0.09288,0.04772,0.02700
0.04705,0.10704,0.03471,0.02780,0.03455,0.04282,0.03051,0.03919,0.23011,0.18752,0.02299,0.11075,0.04136,0.04362
0.23086,0.03594,0.02964,0.02706,0.19962,0.04773,0.03223,0.01401,0.12348,0.11512,0.02739,0.04589,0.02038,0.05066
0.06671,0.12126,0.17838,0.18290,0.04403,0.02312,0.05482,0.03070,0.14454,0.04766,0.01577,0.02234,0.02820,0.03957
0.04159,0.09359,0.14548,0.11717,0.03054,0.03820,0.03401,0.08148,0.05977,0.08217,0.05472,0.05596,0.09907,0.06624
0.02535,0.01874,0.02830,0.02249,0.01871,0.06228,0.01927,0.03786,0.02996,0.03704,0.53742,0.06230,0.05194,0.04834
0.07844,0.09344,0.05634,0.04810,0.05255,0.04315,0.08949,0.04746,0.22179,0.07821,0.04135,0.03487,0.04463,0.07018
0.20264,0.04902,0.02313,0.01909,0.16875,0.03256,0.02111,0.01103,0.13867,0.21428,0.02114,0.04700,0.01490,0.03669
0.10812,0.14778,0.06685,0.06307,0.10616,0.02835,0.17230,0.03226,0.06799,0.03578,0.04687,0.01809,0.05438,0.05200
0.02770,0.01439,0.27197,0.23566,0.02241,0.15278,0.02301,0.02781,0.03868,0.03153,0.05388,0.04074,0.02304,0.03640
0.06944,0.13201,0.04830,0.04029,0.05242,0.05129,0.06565,0.04405,0.10972,0.08073,0.03550,0.06878,0.07032,0.13152
0.17148,0.26888,0.06052,0.05467,0.11713,0.01656,0.02431,0.01965,0.04396,0.05319,0.02960,0.02180,0.04540,0.07285
0.03409,0.02840,0.02118,0.01780,0.02396,0.03894,0.45363,0.01873,0.05367,0.03917,0.10582,0.02905,0.04048,0.09509
0.06318,0.06805,0.05460,0.04858,0.04867,0.01895,0.15778,0.12999,0.02713,0.02982,0.12431,0.01803,0.15099,0.05990
0.10737,0.03865,0.01625,0.01373,0.08660,0.06781,0.04169,0.01566,0.23190,0.19314,0.03580,0.06720,0.02286,0.06133
0.07099,0.01863,0.05170,0.05431,0.06390,0.04126,0.04652,0.09925,0.07647,0.19162,0.07974,0.05297,0.10244,0.05021
0.02654,0.03303,0.01200,0.01174,0.02266,0.02643,0.01024,0.01171,0.35481,0.36213,0.01089,0.08099,0.01599,0.02083
0.03476,0.01771,0.02481,0.01883,0.02506,0.03452,0.01387,0.14558,0.02778,0.02577,0.11299,0.04903,0.43014,0.03916
0.17268,0.04398,0.14008,0.11224,0.11223,0.02551,0.04172,0.01569,0.05525,0.09716,0.04951,0.03064,0.02740,0.07589
0.02213,0.23497,0.04003,0.03162,0.01819,0.09427,0.03336,0.02524,0.17603,0.10268,0.02407,0.12523,0.02838,0.04381
0.15628,0.04884,0.04648,0.04410,0.10606,0.05917,0.05698,0.02664,0.12789,0.09969,0.03744,0.05210,0.03018,0.10815
0.03591,0.26781,0.01983,0.01828,0.02769,0.02274,0.06874,0.02087,0.06623,0.14685,0.09630,0.03305,0.03889,0.13682
0.40861,0.02593,0.05463,0.05409,0.16997,0.02108,0.02737,0.01503,0.03545,0.05720,0.01814,0.03816,0.02153,0.05282
0.05282,0.19240,0.10160,0.07866,0.03573,0.03463,0.07295,0.03496,0.10748,0.08696,0.05524,0.03493,0.05415,0.05750
0.03981,0.22273,0.15873,0.16181,0.03316,0.02185,0.04157,0.05296,0.09953,0.05455,0.03080,0.02261,0.03420,0.02570
0.10998,0.07653,0.05093,0.04377,0.10520,0.02896,0.03312,0.16461,0.06598,0.03954,0.06195,0.01840,0.16665,0.03437
0.15595,0.03165,0.09186,0.08986,0.09093,0.02572,0.04036,0.02259,0.07890,0.12952,0.02621,0.06540,0.03176,0.11929
0.03777,0.04251,0.10555,0.09406,0.02946,0.05242,0.05177,0.03390,0.05080,0.09751,0.16053,0.05461,0.04482,0.14428
0.01339,0.05978,0.03172,0.02499,0.01076,0.03950,0.04950,0.01597,0.52099,0.12472,0.02452,0.03519,0.01577,0.03320
0.06021,0.04444,0.04904,0.04005,0.04916,0.03364,0.01642,0.02555,0.07351,0.29736,0.09046,0.10155,0.05052,0.06809
0.02078,0.22999,0.03184,0.02802,0.01608,0.03138,0.03950,0.03917,0.12647,0.13692,0.05466,0.09919,0.05849,0.08749
0.13246,0.01415,0.03018,0.02832,0.08940,0.06234,0.16185,0.02970,0.09897,0.10436,0.09235,0.03830,0.04444,0.07318
0.07792,0.03180,0.02170,0.02024,0.06310,0.01956,0.02487,0.09063,0.03014,0.02185,0.06766,0.01987,0.47539,0.03526
0.12999,0.05443,0.03856,0.03185,0.15814,0.17627,0.02130,0.03342,0.09145,0.05055,0.04179,0.07358,0.05260,0.04606
0.01511,0.10817,0.09057,0.07042,0.01222,0.07985,0.02890,0.02712,0.37830,0.07182,0.02027,0.05084,0.01780,0.02860
0.05244,0.01716,0.10786,0.10800,0.04406,0.12471,0.04719,0.02497,0.07754,0.13994,0.04489,0.09958,0.02858,0.08307
0.02970,0.03717,0.18647,0.13518,0.02071,0.10147,0.01793,0.11988,0.08118,0.03681,0.02465,0.10284,0.06711,0.03889
0.06828,0.02610,0.13587,0.11455,0.05632,0.02436,0.03959,0.02053,0.06816,0.10816,0.16950,0.02696,0.04081,0.10081
