0.07116,0.09909,0.05471,0.04836,0.04751,0.06568,0.07971,0.10935,0.09634,0.06211,0.07371,0.03936,0.09176,0.06115
0.13713,0.06818,0.07298,0.05601,0.10558,0.05162,0.05064,0.03097,0.10937,0.09389,0.05376,0.04701,0.04413,0.07875
0.05567,0.18476,0.02356,0.01763,0.04903,0.08408,0.04530,0.08873,0.11284,0.06721,0.06236,0.07289,0.07917,0.05675
0.03574,0.08804,0.04467,0.03842,0.02741,0.02843,0.16628,0.03342,0.06141,0.16739,0.06248,0.07394,0.04422,0.12815
0.08711,0.03249,0.07167,0.05983,0.06277,0.11379,0.11061,0.06591,0.08812,0.04848,0.09076,0.03810,0.06109,0.06927
0.03532,0.11663,0.09493,0.08528,0.02233,0.04755,0.04558,0.03073,0.13404,0.13016,0.05404,0.09137,0.04219,0.06985
0.11393,0.03255,0.09482,0.07879,0.09736,0.05826,0.04217,0.06273,0.07203,0.05310,0.09246,0.05599,0.08307,0.06274
0.02141,0.19148,0.17776,0.15472,0.02037,0.03242,0.02180,0.03629,0.08082,0.08499,0.04648,0.05281,0.03937,0.03928
0.06743,0.07826,0.05612,0.05059,0.05285,0.04763,0.04641,0.03675,0.17264,0.17806,0.04103,0.07007,0.03407,0.06808
0.09504,0.12557,0.08647,0.07108,0.08575,0.05999,0.05677,0.04545,0.09044,0.06974,0.04296,0.05358,0.04367,0.07350
0.08922,0.04054,0.02435,0.02030,0.05597,0.06106,0.04726,0.03321,0.07543,0.10455,0.16011,0.08248,0.07205,0.13347
0.26863,0.04264,0.03536,0.03113,0.24500,0.03439,0.02946,0.02268,0.05051,0.05040,0.04418,0.04867,0.03720,0.05973
0.06853,0.05292,0.05564,0.05610,0.04843,0.04111,0.09987,0.03160,0.07619,0.13064,0.05146,0.09130,0.05497,0.14123
0.07972,0.04688,0.07306,0.06403,0.05833,0.04043,0.04236,0.03398,0.09087,0.10993,0.12323,0.05042,0.07179,0.11497
0.05704,0.07541,0.09247,0.08963,0.04536,0.04168,0.03519,0.07204,0.06760,0.08122,0.11311,0.06375,0.09755,0.06795
0.10028,0.10475,0.03019,0.02652,0.06827,0.03891,0.09017,0.02944,0.11096,0.14492,0.03357,0.09038,0.02640,0.10523
0.03115,0.20888,0.07869,0.05767,0.02304,0.05710,0.04007,0.04997,0.15987,0.11626,0.02686,0.08228,0.02717,0.04100
0.03896,0.03615,0.04482,0.03041,0.02718,0.07341,0.06013,0.14110,0.08353,0.08402,0.07955,0.09484,0.13256,0.07332
0.03310,0.06237,0.07262,0.07527,0.02641,0.07439,0.07033,0.04827,0.16112,0.14048,0.08465,0.03608,0.04771,0.06723
0.06326,0.02946,0.04199,0.03193,0.04706,0.03438,0.02973,0.17608,0.09406,0.10476,0.08981,0.05482,0.15838,0.04428
0.06389,0.19659,0.06750,0.05227,0.05139,0.10093,0.12675,0.02172,0.10576,0.05363,0.04454,0.04025,0.02318,0.05162
0.03670,0.04900,0.04459,0.03888,0.02890,0.09823,0.03747,0.05835,0.13491,0.12687,0.07235,0.15329,0.04830,0.07218
0.22297,0.03017,0.04664,0.05240,0.16741,0.04582,0.02836,0.02415,0.05406,0.05872,0.05960,0.05720,0.06276,0.08974
0.08184,0.05654,0.03120,0.02960,0.05012,0.07675,0.04565,0.03462,0.10309,0.10465,0.10462,0.10889,0.05868,0.11375
0.15498,0.05165,0.06883,0.06795,0.11544,0.04393,0.05243,0.03114,0.06038,0.09348,0.06102,0.05494,0.04571,0.09810
0.07455,0.02933,0.05202,0.04949,0.05678,0.08181,0.10156,0.07914,0.09146,0.06931,0.08413,0.05302,0.06773,0.10966
0.07768,0.08766,0.09622,0.08224,0.05941,0.04292,0.03624,0.06956,0.08747,0.08083,0.07449,0.05376,0.08638,0.06513
0.19358,0.06136,0.08553,0.07053,0.17839,0.03602,0.03103,0.03216,0.05246,0.06208,0.05021,0.04164,0.03098,0.07404
0.04807,0.14884,0.08956,0.07996,0.03856,0.08728,0.06482,0.05523,0.10451,0.05261,0.03883,0.07765,0.04152,0.07255
0.02512,0.05495,0.23752,0.22239,0.02489,0.04577,0.02855,0.02421,0.06426,0.05466,0.07361,0.04069,0.03733,0.06605
0.04295,0.05911,0.07574,0.07002,0.03372,0.03817,0.03031,0.17135,0.04364,0.05239,0.12302,0.03959,0.17138,0.04861
0.04477,0.19624,0.10189,0.09021,0.03990,0.05373,0.04299,0.02751,0.08662,0.07731,0.07988,0.03922,0.05260,0.06713
0.15154,0.02992,0.03039,0.02280,0.12803,0.05155,0.05868,0.02368,0.16986,0.15949,0.04172,0.04886,0.02849,0.05500
0.14922,0.03754,0.06368,0.05019,0.11601,0.05601,0.04337,0.03803,0.08929,0.08145,0.08856,0.04999,0.06192,0.07476
0.06423,0.07487,0.05878,0.04858,0.05090,0.06282,0.07920,0.04139,0.18489,0.14796,0.03655,0.06146,0.02822,0.06015
0.09836,0.02280,0.05150,0.04976,0.09109,0.04845,0.07748,0.09047,0.10631,0.11964,0.06176,0.05007,0.07159,0.06073
0.04523,0.07732,0.18986,0.19083,0.03988,0.05507,0.03203,0.02512,0.08030,0.07555,0.03922,0.06499,0.02486,0.05972
0.04457,0.03489,0.03241,0.02350,0.03132,0.06447,0.12878,0.05946,0.08967,0.12158,0.09810,0.07726,0.07921,0.11478
0.09221,0.07310,0.02703,0.02315,0.07320,0.05887,0.03945,0.02916,0.12881,0.13311,0.08537,0.10365,0.04355,0.08935
0.04517,0.05574,0.06657,0.05783,0.02864,0.08903,0.10308,0.06846,0.07168,0.03847,0.12146,0.05386,0.09876,0.10126
0.05280,0.08257,0.03652,0.02386,0.03741,0.06385,0.03960,0.04904,0.11763,0.08921,0.06462,0.14169,0.09390,0.10729
0.16811,0.02476,0.06652,0.06274,0.15232,0.04896,0.05926,0.02984,0.07302,0.09284,0.06013,0.05280,0.03723,0.07148
0.04471,0.06739,0.18170,0.17825,0.03573,0.04422,0.03893,0.04592,0.05867,0.06755,0.06585,0.03868,0.06990,0.06250
0.05023,0.03418,0.03204,0.02618,0.03890,0.06647,0.04072,0.20597,0.03977,0.03419,0.13496,0.05499,0.19597,0.04542
0.08542,0.12990,0.14727,0.13801,0.06104,0.04915,0.04372,0.03216,0.08643,0.06355,0.02966,0.05315,0.03389,0.04665
0.04079,0.24790,0.09752,0.08655,0.03484,0.04881,0.05108,0.07588,0.05991,0.04330,0.05991,0.03401,0.07800,0.04150
0.15536,0.02470,0.02715,0.02183,0.10034,0.02956,0.03594,0.01724,0.19219,0.20250,0.02685,0.08168,0.03064,0.05402
0.03935,0.16324,0.06580,0.05493,0.03767,0.03404,0.03528,0.19625,0.05839,0.03181,0.07224,0.02083,0.16123,0.02893
0.19175,0.02011,0.05770,0.05695,0.17293,0.05541,0.03055,0.04065,0.07297,0.06935,0.06847,0.05138,0.04153,0.07024
0.06628,0.17743,0.12558,0.12182,0.04910,0.03476,0.02845,0.03314,0.06229,0.05277,0.04479,0.06395,0.05413,0.08549
0.06989,0.21354,0.08648,0.07195,0.05875,0.05966,0.03614,0.04121,0.11077,0.08093,0.03137,0.05987,0.02886,0.05059
0.11250,0.02648,0.05081,0.04475,0.09058,0.05332,0.03734,0.02589,0.16826,0.18900,0.03301,0.09945,0.02058,0.04803
0.09111,0.10171,0.05760,0.04776,0.08574,0.05580,0.03618,0.04038,0.10168,0.09891,0.08058,0.07478,0.05419,0.07360
0.13563,0.02416,0.03514,0.02881,0.09773,0.05831,0.04868,0.02763,0.16927,0.17220,0.03206,0.08586,0.03347,0.05104
0.06905,0.03051,0.13890,0.12659,0.05200,0.06943,0.05276,0.05581,0.10255,0.08551,0.05402,0.06389,0.04707,0.05190
0.08307,0.09276,0.08898,0.07741,0.05953,0.03737,0.08862,0.02530,0.07689,0.10953,0.05391,0.05860,0.03848,0.10955
0.10228,0.10171,0.08511,0.07775,0.08859,0.05446,0.05426,0.07581,0.06229,0.05375,0.07631,0.03721,0.07355,0.05690
0.18539,0.06546,0.08425,0.06640,0.14831,0.05246,0.04705,0.02843,0.05827,0.04543,0.06072,0.03619,0.04418,0.07746
0.16815,0.02374,0.07182,0.05797,0.12742,0.03670,0.04114,0.03465,0.12350,0.11300,0.04622,0.05051,0.03737,0.06781
0.06584,0.14606,0.07170,0.05969,0.05798,0.07107,0.04531,0.04651,0.11359,0.10359,0.03963,0.07865,0.03589,0.06447
0.12504,0.03611,0.08072,0.08845,0.08908,0.05900,0.04935,0.04276,0.06455,0.04981,0.03430,0.07876,0.07515,0.12692
0.08922,0.23080,0.04553,0.03593,0.07104,0.05001,0.04261,0.05902,0.06442,0.06027,0.05633,0.04946,0.07326,0.07208
0.12529,0.14581,0.04592,0.03399,0.10003,0.05738,0.05350,0.02310,0.10253,0.08583,0.04099,0.07964,0.03538,0.07061
0.06028,0.17662,0.06639,0.05696,0.04659,0.02688,0.03518,0.02249,0.17032,0.17853,0.02594,0.06904,0.02717,0.03761
0.09052,0.02633,0.03170,0.02478,0.05612,0.07485,0.09688,0.04323,0.06488,0.09229,0.09572,0.08587,0.07808,0.13873
0.11365,0.02877,0.04407,0.03776,0.09215,0.05117,0.03952,0.03243,0.15255,0.18424,0.03822,0.09439,0.03296,0.05811
0.08325,0.30556,0.05167,0.05543,0.06777,0.03579,0.03588,0.03503,0.07215,0.07272,0.05335,0.04488,0.03044,0.05610
0.06851,0.02876,0.02636,0.02307,0.05166,0.03977,0.04593,0.15267,0.08734,0.10216,0.09796,0.06295,0.15972,0.05315
0.06625,0.04256,0.24918,0.25946,0.05014,0.02936,0.03331,0.02878,0.04400,0.05216,0.03038,0.03325,0.03063,0.05054
0.19245,0.02089,0.05984,0.05598,0.14690,0.05111,0.05231,0.02629,0.09210,0.08144,0.04082,0.05494,0.04499,0.07994
0.02757,0.07619,0.09462,0.08030,0.02759,0.03645,0.02746,0.02967,0.06119,0.10931,0.19726,0.03446,0.09870,0.09922
0.12523,0.15887,0.04888,0.04532,0.07112,0.04609,0.03073,0.03773,0.10406,0.07632,0.02927,0.07895,0.04950,0.09792
0.03465,0.08586,0.19597,0.19528,0.02785,0.03574,0.02520,0.06744,0.03787,0.03974,0.06159,0.04056,0.09645,0.05580
0.10695,0.02818,0.02382,0.01975,0.07402,0.05694,0.03180,0.15376,0.04385,0.02163,0.14929,0.04137,0.19546,0.05319
0.02976,0.33942,0.03189,0.02771,0.02845,0.05836,0.03143,0.10258,0.04530,0.03371,0.07911,0.03615,0.12064,0.03548
0.15345,0.03884,0.04512,0.04118,0.10835,0.06369,0.02901,0.04624,0.06154,0.04982,0.12708,0.04514,0.07629,0.11427
0.02794,0.29364,0.04256,0.04288,0.02289,0.07493,0.07147,0.07054,0.15241,0.04664,0.03563,0.03826,0.02942,0.05078
0.09316,0.07699,0.03174,0.02392,0.05993,0.05240,0.04481,0.03199,0.17502,0.17948,0.05014,0.08330,0.03392,0.06319
0.14938,0.03038,0.06812,0.06417,0.13158,0.05633,0.04296,0.03514,0.09135,0.10679,0.03745,0.08047,0.03260,0.07328
0.04961,0.03263,0.14904,0.15328,0.03747,0.05457,0.07327,0.09303,0.05873,0.06268,0.06544,0.03269,0.08317,0.05438
0.06164,0.07181,0.18833,0.18283,0.05517,0.05139,0.04907,0.05209,0.06019,0.05461,0.04498,0.02940,0.04725,0.05124
0.13917,0.08115,0.08392,0.06396,0.11533,0.05370,0.04864,0.03640,0.10696,0.09461,0.03938,0.05702,0.02418,0.05558
0.04314,0.03305,0.19856,0.18781,0.03488,0.04464,0.02483,0.09269,0.05063,0.04583,0.07718,0.04591,0.08295,0.03789
0.04070,0.13466,0.02749,0.02023,0.03051,0.04305,0.03302,0.02058,0.25186,0.23967,0.02133,0.08574,0.01795,0.03321
0.04297,0.13342,0.08463,0.08337,0.04492,0.02478,0.02690,0.03115,0.19664,0.18638,0.02533,0.06047,0.02234,0.03669
0.02102,0.15014,0.06831,0.05516,0.02189,0.03619,0.02956,0.03088,0.05207,0.08732,0.21216,0.02908,0.09866,0.10755
0.04328,0.14596,0.05178,0.04007,0.03086,0.05760,0.03817,0.03442,0.17635,0.15988,0.04674,0.08553,0.03076,0.05859
0.05755,0.02704,0.04125,0.03225,0.03892,0.04839,0.04877,0.03811,0.16040,0.19021,0.05170,0.13509,0.05208,0.07824
0.05988,0.07898,0.05554,0.04808,0.04181,0.11039,0.10695,0.05902,0.07743,0.05375,0.11461,0.03966,0.07059,0.08331
0.04348,0.05334,0.04472,0.04350,0.03693,0.09903,0.04129,0.07049,0.09814,0.08445,0.11048,0.10864,0.08253,0.08298
0.07679,0.02642,0.04684,0.03571,0.05988,0.05311,0.03700,0.06274,0.13810,0.15844,0.06002,0.11130,0.07124,0.06240
0.04603,0.26041,0.08788,0.06718,0.04544,0.04634,0.05464,0.05128,0.10211,0.07420,0.02815,0.05216,0.03298,0.05119
0.15237,0.03638,0.08930,0.07316,0.12021,0.04850,0.03952,0.06850,0.08386,0.07524,0.05216,0.04994,0.05349,0.05736
0.03426,0.25860,0.10539,0.10101,0.02981,0.03600,0.04177,0.02246,0.12750,0.11030,0.03013,0.04092,0.02128,0.04057
0.12403,0.04164,0.03704,0.02986,0.12074,0.07317,0.05992,0.14280,0.10600,0.04729,0.05527,0.02580,0.08904,0.04742
0.06271,0.01481,0.25412,0.23985,0.05817,0.04289,0.02032,0.04089,0.05380,0.04623,0.04760,0.03966,0.04092,0.03804
0.22010,0.03614,0.03669,0.02878,0.18735,0.05941,0.06254,0.03185,0.06948,0.05622,0.04832,0.04722,0.04952,0.06639
0.18941,0.07859,0.05342,0.04238,0.17896,0.07212,0.02357,0.05254,0.05351,0.03840,0.04659,0.05384,0.05343,0.06324
0.11934,0.01330,0.03214,0.02548,0.10726,0.04882,0.08575,0.05068,0.14174,0.16495,0.03250,0.07953,0.03222,0.06629
0.08737,0.10629,0.03508,0.02442,0.07815,0.04151,0.04763,0.03996,0.08323,0.09492,0.14803,0.04877,0.07167,0.09298
0.15461,0.04566,0.06204,0.04542,0.12013,0.05521,0.05437,0.03880,0.07749,0.07591,0.06417,0.06012,0.06286,0.08320
0.11548,0.04335,0.08615,0.06679,0.09416,0.07360,0.07147,0.05902,0.06939,0.06412,0.07572,0.04202,0.07744,0.06127
0.03244,0.05762,0.07393,0.06139,0.03262,0.06627,0.01756,0.16641,0.03459,0.03181,0.14605,0.06092,0.17276,0.04563
0.09311,0.08724,0.02762,0.02157,0.05713,0.09509,0.07709,0.05940,0.17413,0.10803,0.03579,0.06547,0.03602,0.06232
0.04835,0.08664,0.18415,0.16546,0.03730,0.04574,0.03066,0.06565,0.06891,0.06007,0.05229,0.04333,0.05943,0.05203
0.04730,0.06262,0.20020,0.20566,0.04292,0.04384,0.03894,0.04074,0.06947,0.06359,0.05266,0.04069,0.03859,0.05278
0.05163,0.02529,0.03781,0.03002,0.03545,0.09051,0.04932,0.16186,0.04697,0.05087,0.11918,0.08495,0.15343,0.06270
0.03740,0.06926,0.27310,0.28005,0.03232,0.03358,0.02567,0.03957,0.05640,0.04976,0.02162,0.03341,0.02071,0.02714
0.06318,0.03409,0.04109,0.03483,0.04290,0.06780,0.05686,0.04420,0.10576,0.10507,0.06646,0.13554,0.07121,0.13101
0.02070,0.14420,0.17952,0.16899,0.01497,0.03900,0.02687,0.04334,0.09401,0.08588,0.03008,0.06488,0.05038,0.03717
0.01694,0.59001,0.04684,0.04126,0.01746,0.01951,0.01718,0.01960,0.06703,0.05403,0.03109,0.02847,0.02166,0.02892
0.04887,0.12133,0.23553,0.22172,0.03296,0.03409,0.03123,0.03178,0.05964,0.05885,0.02802,0.03299,0.02844,0.03455
0.08245,0.10130,0.19077,0.18263,0.06875,0.03221,0.02527,0.03722,0.06587,0.06320,0.03705,0.03554,0.02991,0.04783
0.25675,0.04829,0.03566,0.03091,0.20513,0.02810,0.04128,0.02483,0.09412,0.08957,0.02706,0.03691,0.03301,0.04838
0.03046,0.52671,0.03514,0.03182,0.02593,0.03424,0.02392,0.02554,0.07564,0.05689,0.03006,0.04498,0.02331,0.03535
0.10433,0.02631,0.04673,0.05260,0.05858,0.07330,0.06625,0.07134,0.08033,0.07045,0.05896,0.09665,0.07150,0.12266
0.09891,0.02731,0.11599,0.10775,0.09708,0.04384,0.04668,0.03357,0.10235,0.13011,0.03490,0.06354,0.03065,0.06731
0.23615,0.02848,0.05649,0.04601,0.22413,0.04326,0.05644,0.03000,0.08160,0.06297,0.04280,0.02751,0.02369,0.04046
0.06424,0.07498,0.09884,0.09607,0.05039,0.04876,0.04320,0.03245,0.12022,0.13640,0.05729,0.06481,0.03693,0.07541
0.07848,0.05349,0.06067,0.04403,0.06361,0.03221,0.03865,0.03056,0.17717,0.17832,0.06592,0.06982,0.04165,0.06542
0.05846,0.07520,0.17752,0.17255,0.04463,0.04632,0.03704,0.05938,0.06530,0.06206,0.04003,0.05273,0.05130,0.05749
0.09656,0.03962,0.06454,0.05287,0.07210,0.06967,0.10964,0.04839,0.10088,0.10379,0.06448,0.04596,0.05196,0.07954
0.10363,0.02604,0.02590,0.02192,0.08272,0.03389,0.03426,0.19176,0.05054,0.06440,0.10343,0.04795,0.16779,0.04576
0.21082,0.02306,0.06868,0.07281,0.18069,0.05007,0.05264,0.05636,0.05342,0.04461,0.04840,0.03414,0.04439,0.05992
0.08613,0.06278,0.03587,0.03460,0.05840,0.05801,0.11964,0.06122,0.09942,0.13471,0.03980,0.06326,0.04732,0.09884
0.08478,0.11285,0.17412,0.16676,0.06602,0.02625,0.02934,0.03565,0.06780,0.07405,0.03611,0.04269,0.03693,0.04664
0.08394,0.04214,0.15642,0.16452,0.06265,0.05629,0.04253,0.04198,0.07482,0.05380,0.03980,0.05316,0.05337,0.07457
0.03782,0.02414,0.18958,0.19025,0.02995,0.12563,0.02304,0.03559,0.05534,0.04928,0.02939,0.12290,0.01950,0.06759
0.05156,0.03094,0.09154,0.09720,0.04555,0.04113,0.04569,0.04557,0.19645,0.17798,0.04170,0.05201,0.04416,0.03853
0.05761,0.03905,0.14443,0.12925,0.04801,0.05163,0.04283,0.07857,0.08364,0.07437,0.07511,0.04289,0.08047,0.05214
0.05617,0.03085,0.14004,0.12562,0.03568,0.06838,0.08054,0.04827,0.09560,0.07869,0.06757,0.05309,0.05511,0.06439
0.31578,0.02513,0.04403,0.03829,0.29320,0.02987,0.02519,0.04529,0.04079,0.03257,0.02843,0.02370,0.02709,0.03065
0.10259,0.03165,0.05366,0.04620,0.08147,0.07594,0.08092,0.03370,0.09829,0.10639,0.03604,0.12005,0.03586,0.09722
0.13197,0.15516,0.04908,0.04259,0.10610,0.06354,0.06898,0.04299,0.06834,0.05090,0.07446,0.03337,0.04906,0.06345
0.04489,0.14780,0.03938,0.03476,0.03490,0.04568,0.05219,0.02430,0.13372,0.16987,0.05581,0.10024,0.02537,0.09108
0.16055,0.03127,0.06947,0.06659,0.11578,0.04742,0.05031,0.06541,0.05486,0.04207,0.07999,0.04474,0.08474,0.08678
0.04303,0.06465,0.09198,0.08626,0.03422,0.07109,0.03866,0.06258,0.10431,0.11277,0.07048,0.08999,0.06464,0.06534
0.03697,0.02454,0.19081,0.17906,0.03101,0.06277,0.04415,0.08716,0.05027,0.04908,0.07475,0.04008,0.08816,0.04119
0.05299,0.05668,0.03668,0.02914,0.04205,0.04265,0.02430,0.16721,0.04920,0.05041,0.14404,0.05544,0.18262,0.06661
0.14938,0.01869,0.02571,0.02313,0.11066,0.06093,0.03560,0.05258,0.10885,0.10319,0.04367,0.10372,0.07292,0.09096
0.10562,0.05029,0.10891,0.10280,0.08104,0.05462,0.06045,0.06887,0.07510,0.06316,0.05765,0.04082,0.06223,0.06842
0.07154,0.05916,0.06788,0.06464,0.05996,0.04169,0.04401,0.01917,0.20841,0.20070,0.02738,0.06611,0.02368,0.04566
0.08270,0.09516,0.09813,0.09321,0.06108,0.04230,0.08334,0.04964,0.07418,0.08969,0.05568,0.04757,0.04495,0.08237
0.05009,0.07797,0.10612,0.10231,0.03817,0.06751,0.06022,0.07202,0.05072,0.05661,0.08871,0.05744,0.09541,0.07671
0.07227,0.08410,0.04427,0.04131,0.05641,0.13433,0.16584,0.03164,0.10795,0.06069,0.06663,0.04072,0.02695,0.06690
0.06005,0.07199,0.11144,0.09391,0.06269,0.06733,0.05832,0.05292,0.09923,0.07515,0.08082,0.04713,0.05432,0.06472
0.09101,0.03741,0.22623,0.21703,0.08168,0.02212,0.02836,0.01813,0.06348,0.06936,0.03793,0.02112,0.01938,0.06676
0.03687,0.04173,0.07165,0.06406,0.02812,0.06000,0.04532,0.16113,0.05951,0.05416,0.10961,0.05253,0.15377,0.06153
0.11226,0.04309,0.06848,0.05300,0.09766,0.07776,0.07177,0.04089,0.09578,0.09986,0.05687,0.06211,0.04911,0.07137
0.07511,0.02613,0.19044,0.16832,0.06814,0.03462,0.03729,0.02366,0.13082,0.10936,0.03514,0.03391,0.02517,0.04189
0.10036,0.04951,0.17473,0.16113,0.08978,0.05588,0.03123,0.02617,0.07671,0.06746,0.03088,0.05421,0.02616,0.05580
0.04951,0.03509,0.05387,0.05028,0.03702,0.05990,0.03569,0.13271,0.05851,0.05728,0.14226,0.06431,0.18071,0.04286
0.16314,0.02605,0.05486,0.05698,0.11367,0.05969,0.05256,0.07669,0.06409,0.04935,0.06403,0.04384,0.08815,0.08690
0.09779,0.03214,0.06402,0.05803,0.06811,0.05112,0.10046,0.02482,0.06887,0.09864,0.07992,0.06657,0.05435,0.13516
0.02870,0.48626,0.04128,0.04027,0.02419,0.03374,0.03737,0.03500,0.05498,0.04170,0.04746,0.03398,0.03986,0.05521
0.20414,0.02773,0.05253,0.04021,0.17085,0.04072,0.04154,0.02503,0.11827,0.11727,0.04830,0.04305,0.02780,0.04256
0.06727,0.06045,0.12175,0.10840,0.05406,0.08154,0.07510,0.03303,0.12131,0.08963,0.04915,0.05663,0.02783,0.05385
0.16069,0.05546,0.04159,0.03949,0.13050,0.03891,0.07276,0.02994,0.07796,0.11874,0.04063,0.06334,0.03281,0.09716
0.04392,0.07436,0.06773,0.05938,0.03797,0.11386,0.16274,0.07625,0.08868,0.04218,0.07328,0.04154,0.06256,0.05555
0.19482,0.03457,0.03920,0.03085,0.17279,0.06358,0.04997,0.04065,0.05120,0.04943,0.06536,0.05995,0.05611,0.09151
0.06712,0.04077,0.17225,0.14595,0.05971,0.05440,0.04959,0.04044,0.09197,0.06593,0.05979,0.03878,0.04731,0.06599
0.05489,0.16253,0.04685,0.03913,0.04444,0.05056,0.05252,0.03624,0.13822,0.13766,0.05091,0.07143,0.04049,0.07412
0.03549,0.02231,0.03494,0.02796,0.02155,0.06839,0.04773,0.11836,0.10467,0.11163,0.09714,0.10484,0.13335,0.07166
0.03577,0.03362,0.09233,0.09192,0.03395,0.08606,0.09148,0.04300,0.16828,0.12970,0.05228,0.05063,0.03472,0.05626
0.02743,0.04255,0.06761,0.05118,0.02553,0.09527,0.02599,0.11673,0.06820,0.05884,0.10511,0.11867,0.12686,0.07004
0.23374,0.03822,0.03870,0.03609,0.19424,0.03362,0.07768,0.02877,0.05257,0.07980,0.02999,0.05484,0.02410,0.07764
0.04943,0.02254,0.03849,0.04059,0.03897,0.16459,0.02678,0.03262,0.10093,0.10060,0.04601,0.19283,0.03788,0.10774
0.02427,0.09391,0.06914,0.05955,0.02047,0.03047,0.14494,0.05772,0.07144,0.15603,0.03516,0.06344,0.05603,0.11743
0.09203,0.06614,0.05028,0.04346,0.07115,0.07437,0.05041,0.03581,0.09409,0.10076,0.05385,0.10912,0.05577,0.10276
0.04896,0.09290,0.23267,0.21691,0.04197,0.03836,0.02813,0.03162,0.05712,0.04855,0.03814,0.03768,0.03140,0.05559
0.04760,0.07481,0.07204,0.05418,0.03419,0.06156,0.09549,0.06425,0.09835,0.08535,0.09527,0.05581,0.06728,0.09383
0.03536,0.10797,0.04108,0.02719,0.02614,0.12020,0.11032,0.09064,0.19455,0.05417,0.04091,0.05518,0.02999,0.06627
0.03487,0.35395,0.13641,0.12197,0.02923,0.02158,0.02884,0.03713,0.04820,0.05047,0.02931,0.03608,0.03354,0.03841
0.07120,0.05035,0.03572,0.02821,0.06912,0.07869,0.03323,0.07387,0.09782,0.10179,0.08396,0.10561,0.09002,0.08041
0.08111,0.11601,0.02761,0.01948,0.05625,0.06937,0.06703,0.03285,0.11271,0.10141,0.05967,0.10201,0.05013,0.10435
0.04013,0.09384,0.03841,0.03039,0.02658,0.06444,0.11220,0.05108,0.07516,0.10549,0.07843,0.10036,0.07199,0.11152
0.03033,0.13561,0.21112,0.21114,0.02538,0.02494,0.02564,0.02109,0.10407,0.09799,0.02451,0.02911,0.02129,0.03779
0.02939,0.05489,0.10744,0.10292,0.02475,0.08891,0.04123,0.10637,0.07188,0.05822,0.09505,0.06751,0.10533,0.04610
0.03490,0.08581,0.12225,0.11704,0.02438,0.07874,0.08451,0.04803,0.12050,0.08146,0.05847,0.04553,0.03717,0.06118
0.03993,0.03776,0.03820,0.03460,0.03134,0.04920,0.04895,0.03926,0.06253,0.11283,0.22015,0.05203,0.10185,0.13138
0.03830,0.06617,0.26314,0.24492,0.02838,0.04929,0.02460,0.02940,0.05678,0.04524,0.03175,0.05415,0.02628,0.04160
0.08758,0.26922,0.03126,0.02449,0.07239,0.07450,0.07922,0.01874,0.09740,0.05730,0.05958,0.03462,0.02968,0.06404
0.04798,0.34104,0.04004,0.03255,0.03928,0.06513,0.06554,0.05548,0.07134,0.05089,0.05151,0.04399,0.04930,0.04593
0.05271,0.04779,0.04592,0.04289,0.04826,0.02752,0.02492,0.20260,0.05811,0.06237,0.11780,0.03586,0.19137,0.04189
0.05967,0.03557,0.07625,0.06045,0.04411,0.06952,0.03555,0.18129,0.04329,0.03461,0.10451,0.06366,0.15321,0.03830
0.03786,0.06399,0.14475,0.13532,0.03122,0.04308,0.04629,0.02249,0.12544,0.14385,0.04062,0.07856,0.02492,0.06163
0.04499,0.01885,0.18480,0.19062,0.03383,0.12368,0.02305,0.02725,0.04654,0.04284,0.04043,0.11925,0.02532,0.07852
0.16340,0.02978,0.03018,0.02940,0.16853,0.05054,0.02861,0.12723,0.03774,0.02545,0.12201,0.02369,0.12899,0.03445
0.08133,0.02885,0.18810,0.16540,0.06709,0.04220,0.05470,0.01879,0.07849,0.07176,0.05260,0.03195,0.03356,0.08518
0.06079,0.05778,0.04920,0.04393,0.03844,0.09714,0.04205,0.06848,0.08617,0.09311,0.07740,0.11854,0.07240,0.09455
0.05602,0.26590,0.06309,0.04686,0.03853,0.06991,0.06906,0.07883,0.09533,0.03629,0.04290,0.03647,0.05279,0.04801
0.12698,0.02223,0.02546,0.01572,0.10256,0.07752,0.05171,0.02970,0.14516,0.14414,0.05629,0.08785,0.04385,0.07083
0.04220,0.04260,0.07501,0.06793,0.03861,0.07522,0.03262,0.07396,0.08667,0.08688,0.11915,0.08823,0.09092,0.08000
0.08663,0.08143,0.03896,0.02789,0.05427,0.04237,0.10475,0.03062,0.11441,0.12747,0.05647,0.08836,0.04221,0.10415
0.04721,0.03683,0.02412,0.02382,0.04980,0.05750,0.06135,0.06924,0.17728,0.20252,0.03270,0.11769,0.05437,0.04557
0.12275,0.01610,0.04184,0.03929,0.08912,0.05851,0.04844,0.04426,0.14053,0.13046,0.04636,0.08456,0.04487,0.09292
0.05088,0.06429,0.11878,0.10683,0.04572,0.08567,0.08962,0.05594,0.09545,0.06285,0.06666,0.04248,0.05384,0.06100
0.14093,0.06438,0.04710,0.04309,0.11431,0.03947,0.04067,0.04294,0.04949,0.06343,0.10493,0.04555,0.09700,0.10671
0.06371,0.13302,0.07190,0.06740,0.04880,0.06069,0.04727,0.06819,0.06411,0.06094,0.08312,0.06798,0.07239,0.09047
0.03553,0.39787,0.04233,0.03548,0.03798,0.01937,0.05121,0.01604,0.07198,0.09404,0.06265,0.03485,0.03135,0.06930
0.15120,0.08205,0.05862,0.04916,0.10675,0.03791,0.05338,0.03780,0.08848,0.07324,0.05046,0.05740,0.07221,0.08132
0.02464,0.22491,0.22272,0.21352,0.02005,0.02998,0.02608,0.02234,0.04567,0.03502,0.03116,0.03293,0.02677,0.04423
0.04382,0.08078,0.14276,0.14819,0.03629,0.04841,0.04181,0.04036,0.06275,0.06045,0.09297,0.04084,0.05853,0.10201
0.04108,0.06488,0.14500,0.13251,0.03515,0.04861,0.07261,0.06720,0.07506,0.06973,0.06803,0.03972,0.06986,0.07053
0.13672,0.04085,0.08131,0.06775,0.09975,0.04006,0.03576,0.04596,0.06194,0.07022,0.09636,0.04594,0.07949,0.09789
0.10414,0.15931,0.18752,0.18131,0.09438,0.02519,0.02339,0.03052,0.04374,0.04324,0.02004,0.02495,0.02787,0.03440
0.02989,0.15849,0.09612,0.08220,0.02101,0.06052,0.06599,0.07734,0.07590,0.05472,0.07634,0.04294,0.09435,0.06420
0.07113,0.20514,0.03462,0.02303,0.04822,0.07462,0.06169,0.04243,0.08116,0.06003,0.07249,0.07961,0.05633,0.08951
0.03540,0.05286,0.01529,0.01310,0.02955,0.02908,0.02891,0.01471,0.06082,0.15674,0.28182,0.04646,0.11277,0.12249
0.01859,0.14370,0.25552,0.24660,0.01576,0.02960,0.02471,0.02209,0.06822,0.05490,0.02365,0.04470,0.01665,0.03532
0.25149,0.04845,0.02920,0.03041,0.20660,0.05376,0.02908,0.03539,0.06012,0.04984,0.03395,0.05124,0.05423,0.06624
0.08806,0.02917,0.03482,0.03126,0.09269,0.06190,0.02813,0.18215,0.06316,0.05466,0.08341,0.06478,0.14018,0.04564
0.30859,0.02625,0.01774,0.01738,0.25883,0.03768,0.02135,0.02157,0.04718,0.03927,0.02298,0.03656,0.06653,0.07807
0.02325,0.14429,0.23847,0.22915,0.02058,0.03722,0.04219,0.02053,0.06993,0.05862,0.03310,0.02738,0.01734,0.03795
0.08547,0.04813,0.04682,0.04220,0.07214,0.06586,0.05908,0.04071,0.10591,0.11700,0.08205,0.06871,0.06112,0.10479
0.11446,0.01327,0.02193,0.02442,0.12714,0.17817,0.01955,0.02440,0.06911,0.06698,0.02745,0.19706,0.02185,0.09420
0.05259,0.09450,0.04890,0.04140,0.03961,0.04634,0.04408,0.03902,0.09796,0.09026,0.07873,0.12624,0.07200,0.12839
0.06422,0.19009,0.07979,0.07914,0.05449,0.04790,0.05508,0.05932,0.06448,0.07043,0.05097,0.05564,0.05742,0.07105
0.05569,0.03882,0.08301,0.08497,0.04140,0.05602,0.05117,0.05737,0.08004,0.06905,0.07860,0.10276,0.08916,0.11193
0.04620,0.04392,0.26751,0.26336,0.03521,0.03674,0.04649,0.03194,0.03967,0.03852,0.03847,0.02969,0.03651,0.04578
0.08189,0.04953,0.03334,0.02714,0.06223,0.04894,0.07726,0.03304,0.13762,0.17131,0.04581,0.09739,0.04465,0.08985
0.04406,0.06095,0.14115,0.13749,0.02601,0.06965,0.02608,0.03051,0.12016,0.11861,0.02662,0.11665,0.02226,0.05979
0.17512,0.03169,0.04003,0.03058,0.13212,0.05198,0.05168,0.04313,0.08724,0.07965,0.08685,0.04425,0.05468,0.09100
0.02696,0.35742,0.03860,0.03540,0.02781,0.04591,0.02297,0.07737,0.03361,0.04283,0.09145,0.05468,0.08716,0.05784
0.04976,0.12310,0.20411,0.19895,0.03792,0.03647,0.04045,0.04881,0.04126,0.05768,0.03975,0.02948,0.04582,0.04643
0.04515,0.04911,0.03968,0.03298,0.03203,0.08456,0.10335,0.06681,0.11594,0.12176,0.08817,0.06612,0.05285,0.10148
0.05539,0.05791,0.09883,0.12004,0.03955,0.04881,0.10607,0.06566,0.04153,0.09242,0.06127,0.04997,0.06480,0.09776
0.06330,0.02621,0.05770,0.04944,0.04389,0.11473,0.03016,0.07608,0.07066,0.07204,0.09983,0.13414,0.06521,0.09662
0.04403,0.05577,0.25112,0.24230,0.03571,0.04097,0.04088,0.03632,0.05644,0.04701,0.03923,0.03218,0.03571,0.04233
0.03632,0.08999,0.07143,0.06315,0.02728,0.04921,0.05039,0.04183,0.07966,0.10545,0.13123,0.06628,0.08875,0.09903
0.05703,0.06246,0.12484,0.10931,0.04692,0.05085,0.02615,0.08097,0.06551,0.04953,0.08120,0.07161,0.10270,0.07093
0.04644,0.08888,0.03533,0.03071,0.03402,0.05167,0.04222,0.02851,0.23769,0.22053,0.03057,0.09555,0.01716,0.04071
0.02796,0.11020,0.27573,0.28132,0.02300,0.02483,0.01932,0.01826,0.04481,0.04575,0.03741,0.03231,0.02004,0.03906
0.08178,0.10619,0.18516,0.17741,0.05461,0.04182,0.04464,0.03703,0.05549,0.04455,0.03739,0.03106,0.04050,0.06236
0.13630,0.03878,0.02723,0.02138,0.11167,0.08139,0.03467,0.05459,0.07317,0.06799,0.05576,0.10337,0.07577,0.11793
0.17656,0.05880,0.04338,0.03735,0.12102,0.05960,0.10409,0.07730,0.07998,0.06132,0.04422,0.02873,0.03705,0.07059
0.07065,0.09810,0.08116,0.06259,0.05113,0.05166,0.04434,0.04715,0.07993,0.05035,0.06502,0.08277,0.10152,0.11362
0.04536,0.05438,0.25035,0.23993,0.03688,0.05230,0.02204,0.02195,0.06046,0.05314,0.03301,0.05950,0.02085,0.04983
0.04495,0.06575,0.17731,0.16443,0.03861,0.06288,0.04398,0.06542,0.06310,0.04443,0.07147,0.03604,0.06884,0.05279
0.04822,0.25740,0.09201,0.09376,0.03748,0.03956,0.04328,0.03424,0.06871,0.07407,0.05014,0.04900,0.03439,0.07773
0.05425,0.02636,0.09428,0.09570,0.04767,0.13098,0.04973,0.03175,0.05439,0.05902,0.09221,0.10741,0.04202,0.11423
0.04659,0.04326,0.20586,0.19607,0.03786,0.06762,0.02454,0.03327,0.07812,0.06755,0.04260,0.07123,0.03072,0.05470
0.05255,0.21794,0.03863,0.03545,0.03787,0.09148,0.04748,0.07268,0.10345,0.04484,0.06570,0.06376,0.05942,0.06875
0.01540,0.04568,0.13604,0.12957,0.01489,0.11250,0.03142,0.06921,0.05699,0.05045,0.08993,0.11539,0.06500,0.06753
0.09110,0.08752,0.04284,0.03480,0.08080,0.07232,0.05731,0.06267,0.07756,0.07767,0.09637,0.05856,0.08177,0.07870
0.03055,0.21507,0.06442,0.04138,0.02252,0.10587,0.08736,0.09274,0.17833,0.03699,0.02311,0.03400,0.02027,0.04737
0.04688,0.02653,0.15793,0.15453,0.03877,0.04455,0.04509,0.09889,0.03878,0.05087,0.08927,0.03945,0.11486,0.05362
0.12093,0.06617,0.05300,0.03651,0.07688,0.07886,0.09766,0.04314,0.08205,0.07387,0.07487,0.05388,0.04321,0.09897
0.03399,0.08732,0.22584,0.21709,0.02735,0.04208,0.04407,0.03116,0.07716,0.05813,0.03263,0.03156,0.03179,0.05983
0.07320,0.06757,0.13361,0.13636,0.06304,0.03735,0.03513,0.03281,0.05636,0.07349,0.12603,0.03465,0.05671,0.07371
0.16253,0.06538,0.07137,0.06485,0.14017,0.03592,0.03772,0.03477,0.10417,0.08199,0.05898,0.04370,0.03825,0.06018
0.04529,0.03945,0.17594,0.16996,0.03617,0.04697,0.05007,0.05531,0.06643,0.07948,0.06172,0.05169,0.05514,0.06639
0.17093,0.03468,0.11810,0.11247,0.13130,0.02914,0.06111,0.03148,0.05925,0.07513,0.04239,0.04076,0.02425,0.06901
0.15641,0.03426,0.06184,0.04960,0.13694,0.03823,0.02649,0.14373,0.05116,0.04574,0.07644,0.02497,0.12098,0.03322
0.13531,0.05122,0.10917,0.11268,0.09812,0.04991,0.05057,0.04508,0.07140,0.06125,0.04980,0.03654,0.04996,0.07899
0.04908,0.03561,0.23834,0.22645,0.03350,0.04887,0.03410,0.02751,0.05555,0.04542,0.05642,0.04833,0.04138,0.05945
0.08699,0.16830,0.04423,0.03682,0.06837,0.09159,0.08327,0.03452,0.07968,0.05941,0.06453,0.05722,0.04423,0.08083
0.10464,0.11573,0.03128,0.02234,0.08013,0.05955,0.04616,0.03625,0.10497,0.09623,0.07719,0.08892,0.04420,0.09241
0.20007,0.02983,0.08662,0.08481,0.14666,0.03946,0.01898,0.03975,0.03966,0.03201,0.04231,0.04414,0.09118,0.10452
0.06597,0.12611,0.05644,0.05708,0.05271,0.04171,0.08299,0.03283,0.10716,0.13425,0.04840,0.06212,0.03326,0.09898
0.07416,0.09722,0.13549,0.12683,0.06569,0.04826,0.07182,0.03560,0.07751,0.07774,0.04326,0.04080,0.03457,0.07104
0.04656,0.12704,0.07862,0.06364,0.02917,0.06187,0.06199,0.06637,0.09507,0.06725,0.09551,0.05466,0.06914,0.08313
0.12132,0.03897,0.03347,0.02455,0.08649,0.05826,0.03823,0.03491,0.11224,0.09966,0.03287,0.12068,0.07043,0.12792
0.06197,0.09453,0.02757,0.02250,0.06039,0.19917,0.02681,0.03837,0.06442,0.03807,0.04376,0.18519,0.03418,0.10307
0.05702,0.36321,0.05473,0.04377,0.04265,0.03818,0.04777,0.03169,0.07442,0.07312,0.03566,0.05255,0.03057,0.05466
0.04483,0.03462,0.05667,0.04830,0.04084,0.13008,0.05921,0.03918,0.13670,0.11538,0.04635,0.14096,0.03002,0.07684
0.08575,0.04576,0.03446,0.03141,0.06334,0.11924,0.03067,0.14118,0.04763,0.03580,0.07695,0.11257,0.11098,0.06427
0.07363,0.04230,0.16468,0.16214,0.05543,0.04443,0.02842,0.10322,0.03432,0.04460,0.07778,0.02366,0.10403,0.04134
0.18892,0.07171,0.06723,0.05038,0.14516,0.05542,0.05426,0.03546,0.10119,0.07196,0.04403,0.03610,0.02667,0.05152
0.04934,0.15229,0.07467,0.06041,0.03632,0.04129,0.03771,0.07237,0.07403,0.04199,0.07699,0.07445,0.12206,0.08608
0.14065,0.05132,0.06914,0.05772,0.08326,0.07581,0.07275,0.06915,0.08493,0.03441,0.05807,0.04618,0.06135,0.09524
0.04146,0.07432,0.05500,0.04916,0.02613,0.08097,0.03958,0.03112,0.13660,0.13315,0.06361,0.14430,0.03720,0.08742
0.03875,0.03600,0.03130,0.02690,0.02868,0.07317,0.02663,0.20993,0.05066,0.03682,0.11883,0.07632,0.19808,0.04794
0.02964,0.48618,0.05242,0.04101,0.02263,0.03061,0.03877,0.02610,0.07197,0.06083,0.03875,0.03265,0.02999,0.03843
0.11173,0.08755,0.08688,0.07863,0.08710,0.08808,0.06290,0.04343,0.08799,0.05971,0.04838,0.05872,0.03275,0.06616
0.02497,0.04104,0.04518,0.04859,0.01955,0.21860,0.02258,0.06906,0.04512,0.03744,0.06733,0.21277,0.04254,0.10525
0.05090,0.05231,0.09625,0.08163,0.03152,0.06719,0.10166,0.02962,0.10924,0.10560,0.07421,0.07123,0.03774,0.09091
0.09414,0.03527,0.04302,0.04191,0.05903,0.05197,0.06240,0.03828,0.15246,0.15623,0.04348,0.09390,0.04303,0.08488
0.05788,0.05912,0.04253,0.03573,0.05115,0.05964,0.03895,0.07290,0.12285,0.12724,0.08413,0.08795,0.08841,0.07149
0.02933,0.08396,0.02894,0.02314,0.01784,0.04926,0.04332,0.02307,0.20879,0.24055,0.03928,0.13072,0.02777,0.05402
0.31406,0.02157,0.02285,0.02105,0.27882,0.03384,0.03552,0.02360,0.04413,0.04743,0.03201,0.03511,0.04223,0.04777
0.05887,0.08076,0.04287,0.03485,0.03951,0.08390,0.08705,0.03722,0.14558,0.12759,0.06958,0.06933,0.04782,0.07506
0.06273,0.02948,0.08405,0.07151,0.04857,0.07963,0.05809,0.01286,0.06297,0.07732,0.18848,0.02772,0.07446,0.12212
0.15110,0.04092,0.06927,0.06300,0.10327,0.05427,0.06044,0.04642,0.08286,0.07693,0.06344,0.04911,0.04388,0.09509
0.29078,0.03237,0.03169,0.02476,0.27827,0.03847,0.01790,0.03266,0.04996,0.04205,0.02781,0.04805,0.03463,0.05059
0.20783,0.05192,0.02749,0.03081,0.21795,0.05832,0.02316,0.03457,0.04252,0.03921,0.09385,0.04598,0.05135,0.07505
0.05615,0.01617,0.04203,0.04011,0.04783,0.11066,0.07926,0.04537,0.06950,0.07273,0.15734,0.05978,0.07546,0.12761
0.06753,0.06666,0.14105,0.13621,0.04618,0.05074,0.05878,0.03640,0.10172,0.09398,0.05515,0.04268,0.03346,0.06946
0.19781,0.04963,0.03234,0.02443,0.16924,0.09744,0.08910,0.02271,0.06384,0.04332,0.05583,0.05336,0.02749,0.07344
0.06382,0.06338,0.03795,0.02689,0.04947,0.05387,0.04171,0.03341,0.15377,0.15872,0.05074,0.12966,0.05443,0.08218
0.14656,0.04055,0.08458,0.07146,0.12474,0.05165,0.06667,0.03270,0.08136,0.07787,0.04916,0.05109,0.04136,0.08026
0.02721,0.04230,0.15415,0.15122,0.01982,0.02967,0.02485,0.02439,0.05314,0.08036,0.19034,0.02521,0.07766,0.09967
0.03483,0.06777,0.26601,0.25228,0.02835,0.03650,0.02729,0.04708,0.04798,0.03915,0.04789,0.02409,0.04912,0.03165
0.10947,0.03059,0.05760,0.04661,0.07850,0.04321,0.03734,0.02023,0.19192,0.20651,0.02405,0.09385,0.02024,0.03990
0.04193,0.07917,0.03723,0.03199,0.02789,0.04082,0.03510,0.03571,0.21502,0.23675,0.04259,0.09626,0.03710,0.04243
0.05849,0.20013,0.06094,0.06282,0.05697,0.04649,0.03838,0.03294,0.10630,0.09631,0.07380,0.05881,0.04122,0.06641
0.02981,0.13497,0.09481,0.09477,0.02207,0.05912,0.05891,0.06893,0.08793,0.07747,0.06275,0.06106,0.08517,0.06222
0.03490,0.13506,0.19894,0.18778,0.02771,0.04305,0.02288,0.03228,0.06061,0.05224,0.05367,0.05026,0.04868,0.05192
0.02495,0.03426,0.13053,0.12843,0.02327,0.07346,0.03507,0.09601,0.05872,0.05725,0.10134,0.07672,0.10059,0.05941
0.07755,0.03884,0.11818,0.11005,0.05556,0.04924,0.11510,0.03808,0.06507,0.09520,0.06350,0.04216,0.04012,0.09136
