0.09596,0.09292,0.01826,0.00902,0.01590,0.11699,0.23891,0.05376,0.10834,0.24994
0.02952,0.02186,0.01741,0.03702,0.01246,0.26923,0.15105,0.03697,0.26203,0.16245
0.02147,0.01777,0.01070,0.01436,0.00916,0.14831,0.06538,0.48746,0.15135,0.07403
0.06260,0.05361,0.02302,0.02715,0.01661,0.20389,0.11036,0.18385,0.19639,0.12252
0.16113,0.13619,0.03577,0.08031,0.02681,0.12080,0.11866,0.07397,0.12212,0.12423
0.23759,0.20038,0.03593,0.05459,0.01924,0.10158,0.08694,0.06888,0.09749,0.09737
0.07508,0.07631,0.05433,0.12530,0.05709,0.14483,0.12859,0.05178,0.14232,0.14436
0.03164,0.03139,0.01551,0.02711,0.01461,0.20079,0.11381,0.23572,0.19641,0.13301
0.08293,0.07133,0.03744,0.05865,0.02793,0.15766,0.18128,0.03944,0.15493,0.18842
0.12256,0.10660,0.02128,0.09724,0.01704,0.11269,0.10550,0.19212,0.10881,0.11617
0.11003,0.08931,0.03708,0.05063,0.02312,0.12514,0.12291,0.18414,0.12604,0.13159
0.06038,0.05280,0.03314,0.04574,0.02063,0.14397,0.22129,0.05890,0.13680,0.22636
0.07811,0.05731,0.03896,0.05664,0.02235,0.09078,0.25392,0.05285,0.08596,0.26311
0.03478,0.03318,0.01482,0.02268,0.01184,0.26414,0.13015,0.08770,0.25971,0.14101
0.07842,0.08039,0.05774,0.07629,0.06262,0.23979,0.07013,0.02193,0.22692,0.08577
0.06799,0.05221,0.04220,0.03804,0.02824,0.16589,0.19366,0.04500,0.17349,0.19329
0.09103,0.09804,0.07273,0.03922,0.05167,0.16226,0.12967,0.05092,0.16284,0.14164
0.05847,0.05268,0.03089,0.02278,0.02982,0.12966,0.12298,0.29696,0.12435,0.13141
0.10925,0.07770,0.02948,0.03069,0.01834,0.26631,0.05344,0.08735,0.26466,0.06277
0.10502,0.08440,0.02984,0.04661,0.01802,0.20791,0.13288,0.02491,0.20647,0.14394
0.14052,0.08671,0.08414,0.12613,0.04439,0.08457,0.12401,0.10401,0.08175,0.12376
0.08605,0.07811,0.05121,0.10933,0.04159,0.10860,0.19658,0.01730,0.10418,0.20706
0.14779,0.13608,0.03939,0.02795,0.03103,0.17650,0.11879,0.02481,0.17261,0.12506
0.09042,0.06896,0.04052,0.05336,0.02716,0.08209,0.23242,0.08114,0.08066,0.24328
0.10602,0.10318,0.02321,0.03959,0.01764,0.19940,0.12605,0.03438,0.19841,0.15213
0.03443,0.03698,0.02976,0.01718,0.02319,0.17416,0.22375,0.04412,0.17978,0.23664
0.11074,0.05861,0.05217,0.03092,0.02785,0.23151,0.11374,0.02713,0.22938,0.11795
0.07549,0.06439,0.03301,0.04577,0.02800,0.09075,0.11276,0.34108,0.08785,0.12090
0.15241,0.11310,0.06409,0.09811,0.03172,0.16681,0.08287,0.03440,0.16317,0.09332
0.04062,0.03714,0.01684,0.02505,0.01476,0.27025,0.08713,0.14632,0.27047,0.09143
0.03200,0.02416,0.02121,0.02847,0.01604,0.17650,0.18002,0.16099,0.17362,0.18700
0.03265,0.02981,0.01986,0.04424,0.01990,0.20606,0.19035,0.05280,0.20581,0.19852
0.06980,0.06687,0.04670,0.04233,0.04724,0.17456,0.15710,0.06052,0.16397,0.17092
0.02542,0.02163,0.01518,0.01721,0.01319,0.37625,0.06003,0.03284,0.37543,0.06280
0.27247,0.25893,0.02694,0.01625,0.01870,0.14232,0.04727,0.03128,0.13575,0.05008
0.09140,0.07800,0.04321,0.05384,0.03192,0.20345,0.09221,0.10914,0.19624,0.10060
0.04981,0.04387,0.02653,0.03891,0.02562,0.28348,0.10970,0.02339,0.27538,0.12331
0.02619,0.02441,0.01207,0.01608,0.00950,0.15702,0.28014,0.02726,0.15667,0.29067
0.07256,0.06460,0.03008,0.04088,0.03420,0.15956,0.17348,0.07794,0.15196,0.19474
0.07015,0.05925,0.03543,0.03107,0.02629,0.07714,0.25756,0.08831,0.07567,0.27913
0.11967,0.10117,0.07310,0.11384,0.05586,0.11008,0.11363,0.06773,0.10875,0.13617
0.03269,0.02903,0.01423,0.01820,0.01036,0.34134,0.08767,0.02616,0.33703,0.10329
0.14705,0.12550,0.05380,0.07033,0.03435,0.13132,0.13590,0.03453,0.12764,0.13957
0.04494,0.03800,0.03035,0.03284,0.02199,0.16497,0.20854,0.07016,0.15430,0.23390
0.06185,0.06247,0.02168,0.03026,0.02195,0.21961,0.09328,0.16442,0.21930,0.10518
0.06987,0.06508,0.08542,0.09590,0.07325,0.16354,0.10157,0.07072,0.16875,0.10591
0.08201,0.07434,0.02074,0.03297,0.01480,0.28081,0.08176,0.04253,0.27353,0.09652
0.16751,0.16014,0.01781,0.02836,0.01443,0.16638,0.11140,0.03918,0.16609,0.12869
0.04320,0.03853,0.02029,0.02806,0.01588,0.17122,0.19721,0.10877,0.17054,0.20628
0.07285,0.06224,0.02418,0.03475,0.01696,0.08498,0.27965,0.04072,0.08755,0.29613
0.05779,0.05481,0.02022,0.01146,0.01625,0.28578,0.09882,0.06677,0.27985,0.10826
0.04952,0.04395,0.01784,0.02294,0.01618,0.19437,0.06363,0.32926,0.19058,0.07173
0.03854,0.02493,0.03894,0.09898,0.03369,0.27211,0.06905,0.07315,0.27018,0.08042
0.04607,0.03848,0.03042,0.04369,0.02641,0.20280,0.06962,0.26435,0.20332,0.07483
0.04569,0.04156,0.02779,0.03724,0.02180,0.23919,0.12453,0.09916,0.23220,0.13083
0.05547,0.05592,0.02940,0.02072,0.02814,0.17373,0.15031,0.15592,0.17594,0.15444
0.01787,0.01483,0.01455,0.01798,0.01189,0.09006,0.23964,0.25530,0.08366,0.25422
0.07557,0.06073,0.04701,0.04799,0.03607,0.14000,0.18180,0.08015,0.14411,0.18657
0.08778,0.06728,0.03870,0.05159,0.03311,0.15790,0.17683,0.05208,0.16312,0.17162
0.14470,0.11285,0.05855,0.06200,0.05344,0.18739,0.07468,0.03628,0.19167,0.07845
0.07949,0.06709,0.02486,0.03585,0.01920,0.12046,0.12529,0.27804,0.11770,0.13203
0.05425,0.04799,0.01934,0.03088,0.01511,0.20641,0.19740,0.01971,0.20017,0.20874
0.11278,0.09477,0.03514,0.05961,0.02664,0.13951,0.15333,0.08415,0.13640,0.15767
0.04422,0.04301,0.02532,0.03815,0.02423,0.16284,0.16282,0.16270,0.16223,0.17448
0.10881,0.09278,0.06874,0.09499,0.05768,0.18607,0.07030,0.06061,0.18459,0.07542
0.04269,0.03957,0.02639,0.06006,0.02788,0.30071,0.05975,0.07835,0.30316,0.06143
0.09281,0.08908,0.03983,0.05085,0.04877,0.24193,0.04444,0.10320,0.23504,0.05404
0.07299,0.06879,0.04838,0.09549,0.03708,0.07931,0.14588,0.21672,0.08103,0.15432
0.04426,0.03041,0.02834,0.09001,0.02191,0.22163,0.08581,0.15273,0.22497,0.09992
0.04312,0.03748,0.02216,0.03671,0.01943,0.29351,0.11515,0.01495,0.29356,0.12393
0.07316,0.06921,0.03554,0.05430,0.02576,0.09295,0.14853,0.24967,0.09071,0.16019
0.09657,0.05864,0.05229,0.07877,0.02792,0.17723,0.06152,0.20810,0.17089,0.06807
0.05227,0.04817,0.03360,0.03753,0.02413,0.16667,0.20748,0.05261,0.15889,0.21865
0.09067,0.07839,0.03002,0.04846,0.02172,0.11290,0.09839,0.29042,0.11105,0.11799
0.06380,0.04356,0.01950,0.11000,0.01240,0.17659,0.12156,0.14801,0.18316,0.12141
0.17201,0.07253,0.08389,0.03452,0.03873,0.13746,0.14754,0.02684,0.14249,0.14398
0.13669,0.14147,0.01217,0.02018,0.01018,0.19368,0.10905,0.04763,0.19151,0.13744
0.04892,0.04661,0.02403,0.03216,0.02181,0.25630,0.12859,0.04301,0.25367,0.14489
0.09851,0.08608,0.10297,0.06947,0.09634,0.15608,0.09663,0.04198,0.15515,0.09680
0.17226,0.14896,0.04209,0.05671,0.03100,0.09620,0.13903,0.07031,0.09272,0.15071
0.03989,0.04293,0.02118,0.03744,0.02949,0.23666,0.12894,0.08844,0.23428,0.14074
0.13858,0.12660,0.01562,0.01824,0.01166,0.10437,0.22312,0.01951,0.10316,0.23914
0.14857,0.09510,0.08940,0.05102,0.03467,0.14783,0.13609,0.01297,0.14703,0.13733
0.06062,0.05641,0.02789,0.04155,0.02692,0.11088,0.21416,0.11638,0.10258,0.24262
0.10170,0.08559,0.03612,0.05409,0.02883,0.20462,0.10716,0.06776,0.19893,0.11519
0.03690,0.03217,0.03787,0.05259,0.03164,0.24755,0.11380,0.08102,0.24392,0.12256
0.10292,0.08053,0.02886,0.03700,0.02565,0.19849,0.08648,0.14786,0.19137,0.10084
0.04698,0.03579,0.02845,0.04005,0.03011,0.16276,0.12857,0.21235,0.16739,0.14755
0.07899,0.03218,0.04239,0.35723,0.02618,0.14740,0.05349,0.05854,0.14498,0.05862
0.04224,0.03882,0.01476,0.02426,0.01221,0.21354,0.18632,0.06610,0.20304,0.19872
0.24984,0.15478,0.07740,0.06503,0.04105,0.09422,0.10134,0.01967,0.09392,0.10274
0.06512,0.05679,0.02236,0.03260,0.01813,0.07803,0.20209,0.23383,0.07658,0.21447
0.09515,0.08974,0.03202,0.02031,0.02149,0.29201,0.06309,0.02091,0.29750,0.06779
0.04082,0.03231,0.01496,0.04289,0.01111,0.32335,0.08859,0.02656,0.31953,0.09988
0.02521,0.02413,0.01631,0.01750,0.01393,0.24712,0.18156,0.03683,0.24423,0.19318
0.07710,0.04916,0.04736,0.07703,0.02539,0.12192,0.19368,0.08756,0.12482,0.19599
0.03690,0.03364,0.01713,0.02039,0.01294,0.13984,0.10459,0.37437,0.14024,0.11995
0.09007,0.10987,0.07063,0.10955,0.03377,0.14381,0.13234,0.02212,0.14109,0.14675
0.04721,0.03329,0.01782,0.03274,0.01979,0.08112,0.31141,0.02341,0.07967,0.35354
0.07583,0.06869,0.03054,0.04153,0.02031,0.12907,0.22817,0.03712,0.14181,0.22694
0.03611,0.02823,0.02402,0.03280,0.02050,0.32535,0.07226,0.05903,0.32115,0.08054
0.09095,0.10073,0.05340,0.08722,0.03177,0.12653,0.04567,0.28780,0.12182,0.05410
0.10737,0.09263,0.02762,0.04621,0.02591,0.15862,0.15140,0.05322,0.16189,0.17512
0.06251,0.06605,0.06420,0.07209,0.06380,0.24452,0.06748,0.03972,0.24399,0.07565
0.04321,0.04432,0.03319,0.01709,0.03228,0.21560,0.13651,0.10397,0.22088,0.15293
0.18809,0.16287,0.03699,0.14439,0.02625,0.13127,0.06606,0.04436,0.12994,0.06977
0.08809,0.12075,0.08262,0.11296,0.02671,0.11678,0.07794,0.17196,0.11592,0.08626
0.08628,0.06683,0.04882,0.04536,0.04147,0.26086,0.06954,0.04328,0.26338,0.07419
0.25298,0.24137,0.01596,0.01620,0.01195,0.06846,0.10102,0.11249,0.06878,0.11079
0.06277,0.06411,0.04082,0.06092,0.04619,0.16891,0.16846,0.02957,0.16391,0.19434
0.22289,0.20732,0.05293,0.07157,0.03569,0.07884,0.08442,0.07580,0.07870,0.09184
0.03325,0.03082,0.02919,0.02638,0.02536,0.13771,0.18984,0.18407,0.14790,0.19549
0.04907,0.03939,0.02936,0.04068,0.01990,0.24375,0.11866,0.09463,0.23231,0.13225
0.04948,0.04636,0.01495,0.02644,0.01886,0.18322,0.20403,0.06542,0.17286,0.21838
0.04459,0.03894,0.02910,0.03459,0.02673,0.10251,0.29333,0.03023,0.10297,0.29699
0.08255,0.07210,0.04131,0.05703,0.03227,0.18144,0.10952,0.12207,0.17668,0.12504
0.03382,0.03206,0.02004,0.02060,0.01584,0.35591,0.06546,0.02480,0.36013,0.07134
0.18235,0.14635,0.04473,0.05953,0.03003,0.17830,0.06717,0.04699,0.16971,0.07484
0.03160,0.02341,0.02270,0.03412,0.01574,0.30025,0.11421,0.02475,0.30188,0.13135
0.07418,0.05847,0.02591,0.05855,0.02361,0.23247,0.11007,0.06753,0.23099,0.11821
0.06618,0.06128,0.02780,0.03458,0.01797,0.25825,0.07408,0.12012,0.25731,0.08244
0.14060,0.12387,0.03380,0.04932,0.02656,0.12034,0.15168,0.07694,0.12086,0.15602
0.03511,0.03019,0.01861,0.02462,0.01942,0.27644,0.08695,0.13227,0.28064,0.09574
0.07297,0.06666,0.07023,0.07365,0.05883,0.15831,0.11445,0.09795,0.15846,0.12850
0.10381,0.08886,0.04996,0.06046,0.03260,0.13672,0.17836,0.03529,0.13467,0.17926
0.19839,0.16323,0.03528,0.04763,0.01600,0.15865,0.08845,0.02944,0.14905,0.11388
0.14048,0.10299,0.02260,0.21026,0.01131,0.10974,0.13826,0.01308,0.10299,0.14829
0.11556,0.09959,0.03328,0.04537,0.02463,0.15853,0.11873,0.11743,0.15929,0.12758
0.06907,0.05814,0.02875,0.05115,0.02464,0.17592,0.08201,0.24645,0.16935,0.09451
0.03495,0.03114,0.02393,0.03248,0.02208,0.10728,0.28120,0.08347,0.09421,0.28928
0.11659,0.10826,0.02080,0.03517,0.01392,0.07361,0.18129,0.17856,0.06638,0.20543
0.07255,0.05901,0.06280,0.07536,0.04553,0.16740,0.12734,0.09669,0.16031,0.13301
0.04986,0.04325,0.04600,0.05037,0.04719,0.19922,0.14422,0.06450,0.19594,0.15944
0.04280,0.03562,0.01826,0.03133,0.01312,0.12658,0.29697,0.00955,0.12170,0.30408
0.10210,0.06931,0.05061,0.04041,0.03480,0.19816,0.12135,0.06348,0.19217,0.12762
0.06394,0.06580,0.03735,0.01206,0.04791,0.26604,0.09161,0.04332,0.26711,0.10486
0.10965,0.09557,0.02126,0.02965,0.01699,0.13054,0.17095,0.11399,0.13153,0.17986
0.04184,0.04857,0.02521,0.04144,0.01727,0.19196,0.19873,0.03796,0.18280,0.21421
0.14288,0.12334,0.03915,0.05699,0.02461,0.17940,0.08443,0.07514,0.17921,0.09485
0.10431,0.10221,0.03536,0.02193,0.02931,0.15477,0.13448,0.12203,0.14705,0.14855
0.05650,0.06004,0.02414,0.06670,0.03101,0.06595,0.25954,0.09509,0.06547,0.27556
0.06022,0.03951,0.04275,0.05659,0.02437,0.25409,0.11455,0.03743,0.24849,0.12200
0.09962,0.09673,0.03702,0.08763,0.03573,0.06470,0.22012,0.05295,0.06204,0.24347
0.07260,0.06419,0.03365,0.04312,0.02935,0.23999,0.11413,0.04250,0.23714,0.12332
0.10468,0.08502,0.04603,0.06418,0.03016,0.16602,0.15527,0.02688,0.15957,0.16218
0.05618,0.05593,0.03106,0.05842,0.03422,0.12486,0.23016,0.05365,0.11854,0.23698
0.13659,0.12651,0.03040,0.06349,0.02831,0.11628,0.13289,0.09518,0.10849,0.16186
0.08416,0.07310,0.03127,0.05189,0.02426,0.14077,0.20155,0.03025,0.13479,0.22795
0.03258,0.02722,0.02247,0.03095,0.01749,0.25163,0.14039,0.07068,0.25532,0.15126
0.20744,0.17153,0.03729,0.06791,0.02453,0.15484,0.04500,0.09627,0.14320,0.05198
0.03557,0.03785,0.02859,0.04782,0.01996,0.15558,0.24193,0.03066,0.15171,0.25033
0.06285,0.05592,0.07303,0.08706,0.05798,0.13639,0.15854,0.06102,0.13577,0.17145
0.03119,0.03101,0.02180,0.03653,0.01885,0.12937,0.14213,0.31601,0.12061,0.15250
0.10604,0.09747,0.03933,0.04750,0.02665,0.22473,0.04656,0.13815,0.22355,0.05002
0.05048,0.04160,0.01717,0.02811,0.01704,0.07587,0.30565,0.07630,0.07729,0.31050
0.17106,0.16252,0.02193,0.02951,0.01781,0.17204,0.10086,0.04382,0.17018,0.11026
0.11303,0.09035,0.03726,0.05756,0.03460,0.17375,0.09269,0.13233,0.16500,0.10344
0.07656,0.08450,0.06418,0.10713,0.04417,0.19527,0.10063,0.02412,0.19442,0.10903
0.06054,0.05590,0.06418,0.08274,0.05051,0.19844,0.13141,0.02634,0.19200,0.13794
0.07402,0.06917,0.03322,0.04394,0.02806,0.26459,0.09966,0.02317,0.25781,0.10636
0.18379,0.17589,0.02267,0.02955,0.01685,0.06700,0.09755,0.23213,0.06477,0.10980
0.09586,0.06171,0.04689,0.09004,0.02506,0.23165,0.09657,0.01478,0.23479,0.10264
0.16412,0.15193,0.04364,0.03641,0.03186,0.11159,0.08340,0.17704,0.11203,0.08798
0.05570,0.04354,0.03119,0.05296,0.02956,0.13426,0.18738,0.13286,0.13450,0.19803
0.03049,0.02650,0.01930,0.02727,0.01935,0.30661,0.09359,0.06347,0.31147,0.10195
0.09932,0.08587,0.03407,0.04482,0.02462,0.20459,0.13273,0.01917,0.20569,0.14912
0.03498,0.02921,0.01958,0.02438,0.01926,0.13310,0.23430,0.12725,0.13411,0.24383
0.05313,0.04419,0.01779,0.02813,0.01265,0.23344,0.17759,0.00926,0.22801,0.19581
0.06959,0.05605,0.02266,0.02860,0.01714,0.18090,0.15196,0.12010,0.18166,0.17134
0.08436,0.06806,0.01959,0.03702,0.01485,0.30634,0.04077,0.08333,0.30248,0.04320
0.06831,0.06631,0.01781,0.01911,0.01552,0.21009,0.17846,0.03048,0.19724,0.19667
0.15295,0.13059,0.04550,0.10776,0.04285,0.06883,0.13581,0.09059,0.06935,0.15578
0.05944,0.06355,0.03701,0.11073,0.04438,0.07637,0.23786,0.04677,0.07192,0.25197
0.03168,0.03456,0.02520,0.03900,0.02461,0.25132,0.14523,0.05523,0.24588,0.14729
0.04290,0.04817,0.03497,0.05242,0.03585,0.20776,0.16290,0.03245,0.20593,0.17665
0.08769,0.06136,0.04036,0.03260,0.02637,0.17955,0.16668,0.05402,0.17649,0.17487
0.06779,0.06267,0.02480,0.04779,0.02033,0.26620,0.09702,0.03798,0.26293,0.11249
0.05793,0.05915,0.03207,0.04332,0.01788,0.26764,0.09134,0.05089,0.27348,0.10630
0.04191,0.03195,0.03410,0.04927,0.03121,0.24809,0.10248,0.10970,0.23662,0.11466
0.16295,0.14943,0.03198,0.06193,0.02219,0.13447,0.12281,0.05127,0.12988,0.13309
0.12525,0.12244,0.12605,0.07346,0.12791,0.11473,0.07752,0.04056,0.11391,0.07816
0.17205,0.14985,0.02745,0.11334,0.01854,0.13205,0.10786,0.03941,0.12038,0.11906
0.07674,0.05308,0.02553,0.02014,0.01726,0.08910,0.26759,0.07842,0.08931,0.28284
0.12122,0.11117,0.03581,0.05227,0.01818,0.21206,0.09534,0.03918,0.20566,0.10911
0.03331,0.03129,0.01766,0.01718,0.01380,0.19494,0.22941,0.02639,0.19181,0.24420
0.09104,0.06989,0.03545,0.04612,0.02968,0.10453,0.23640,0.04277,0.09602,0.24811
0.04772,0.04480,0.01796,0.02441,0.01280,0.19303,0.17887,0.10269,0.18734,0.19038
0.09411,0.08774,0.04704,0.05681,0.03501,0.19973,0.06645,0.14505,0.19366,0.07441
0.12679,0.11108,0.02908,0.04152,0.01521,0.20370,0.11840,0.01891,0.19902,0.13630
0.07613,0.07223,0.01985,0.02884,0.01881,0.18101,0.19230,0.01649,0.18418,0.21015
0.06210,0.05010,0.02377,0.03383,0.01704,0.28074,0.11001,0.02720,0.27584,0.11936
0.18521,0.18112,0.02290,0.04355,0.01895,0.15089,0.09904,0.03063,0.14936,0.11836
0.09223,0.08459,0.02499,0.02024,0.02421,0.14716,0.08999,0.27748,0.14254,0.09657
0.05438,0.04749,0.03237,0.03333,0.03046,0.10514,0.24069,0.08004,0.10645,0.26966
0.07025,0.07388,0.02859,0.06271,0.02309,0.09198,0.21824,0.10648,0.08654,0.23824
0.05966,0.04859,0.04462,0.05351,0.03522,0.12708,0.21804,0.04288,0.13346,0.23693
0.02652,0.02227,0.01784,0.02464,0.01580,0.33398,0.09566,0.02469,0.33098,0.10762
0.05944,0.02705,0.03769,0.24063,0.02654,0.09818,0.16001,0.08472,0.10014,0.16559
0.06944,0.06380,0.02010,0.02522,0.01530,0.17676,0.20717,0.03282,0.16366,0.22573
0.04514,0.03598,0.02190,0.03662,0.02138,0.15031,0.24718,0.02851,0.14440,0.26857
0.02364,0.02545,0.01848,0.02632,0.01982,0.31529,0.11107,0.02563,0.31443,0.11987
0.10705,0.08058,0.03911,0.04464,0.02726,0.21917,0.09173,0.07084,0.22037,0.09926
0.03897,0.03138,0.02015,0.03718,0.02311,0.29489,0.10706,0.01344,0.29676,0.13706
0.10762,0.11153,0.03076,0.01379,0.02493,0.19910,0.13729,0.03219,0.20732,0.13545
0.08242,0.06953,0.03938,0.05343,0.02489,0.23558,0.10961,0.02654,0.23673,0.12190
0.04663,0.03845,0.03428,0.03213,0.03270,0.12051,0.26419,0.04218,0.11926,0.26966
0.02702,0.02959,0.01230,0.02833,0.01627,0.19477,0.22143,0.03197,0.19947,0.23885
0.10667,0.09019,0.03828,0.08010,0.03132,0.18886,0.06283,0.13939,0.19236,0.07000
0.12447,0.11898,0.02126,0.03637,0.02176,0.12438,0.17508,0.06904,0.11573,0.19293
0.09806,0.09033,0.04139,0.07980,0.03104,0.24665,0.07249,0.01437,0.24425,0.08160
0.04491,0.03960,0.02070,0.02800,0.01825,0.22343,0.07429,0.25022,0.21923,0.08137
0.16384,0.14506,0.03321,0.04532,0.02766,0.04885,0.07774,0.32477,0.04700,0.08656
0.16419,0.12445,0.02818,0.23598,0.01649,0.11400,0.08573,0.01654,0.11427,0.10017
0.10995,0.09467,0.03163,0.04150,0.02149,0.11367,0.20325,0.04715,0.10803,0.22866
0.18847,0.17567,0.07509,0.05431,0.04799,0.10094,0.12182,0.01413,0.10206,0.11953
0.10242,0.08412,0.02537,0.08676,0.01815,0.15802,0.15355,0.04971,0.15426,0.16765
0.05399,0.04770,0.03935,0.04178,0.03279,0.29429,0.07403,0.03754,0.29195,0.08658
0.03861,0.06012,0.04210,0.11794,0.07499,0.15458,0.14556,0.05547,0.14722,0.16340
0.12231,0.09702,0.04244,0.05146,0.02870,0.09148,0.15426,0.16268,0.08647,0.16317
0.20481,0.19165,0.02000,0.02948,0.02005,0.11885,0.11841,0.05939,0.11743,0.11994
0.04427,0.03980,0.02113,0.03496,0.01615,0.08789,0.19129,0.26780,0.08745,0.20926
0.04257,0.03389,0.03411,0.05487,0.03391,0.16723,0.18777,0.08059,0.16540,0.19965
0.06517,0.05210,0.03508,0.05528,0.03144,0.18799,0.13776,0.09113,0.18671,0.15734
0.02893,0.02582,0.01545,0.02469,0.01282,0.13106,0.28004,0.03807,0.13123,0.31190
0.12101,0.07723,0.04158,0.03169,0.01950,0.08348,0.15872,0.22831,0.07667,0.16180
0.05716,0.05612,0.02027,0.02693,0.01856,0.20814,0.16123,0.07220,0.19934,0.18005
0.10688,0.10148,0.01787,0.02949,0.01531,0.12348,0.18046,0.10546,0.12594,0.19361
0.04030,0.03384,0.02424,0.03033,0.01827,0.27687,0.11749,0.05115,0.28031,0.12720
0.05704,0.05699,0.04698,0.05489,0.04390,0.14071,0.20517,0.03412,0.14622,0.21397
0.07447,0.06505,0.03219,0.04931,0.02626,0.13983,0.08698,0.28613,0.14292,0.09687
0.07331,0.06241,0.08660,0.10994,0.07348,0.16595,0.08666,0.07319,0.16774,0.10073
0.02808,0.02581,0.01990,0.02050,0.01781,0.12481,0.16998,0.29362,0.11462,0.18489
0.04107,0.04037,0.02594,0.03200,0.01806,0.17454,0.19819,0.07313,0.18038,0.21632
0.10881,0.08355,0.03678,0.05397,0.02905,0.16289,0.14152,0.05950,0.16045,0.16349
0.06764,0.07559,0.09886,0.11105,0.09901,0.09700,0.13749,0.06250,0.09493,0.15593
0.08733,0.05196,0.04080,0.02986,0.02595,0.11777,0.24954,0.03225,0.11322,0.25131
0.08201,0.07865,0.03841,0.09167,0.04049,0.13239,0.16657,0.04909,0.13693,0.18379
0.09437,0.07969,0.03572,0.05712,0.02497,0.09080,0.23167,0.05519,0.08741,0.24306
0.15648,0.11737,0.05961,0.07506,0.04302,0.06867,0.15955,0.08650,0.06490,0.16885
0.04389,0.04151,0.01694,0.02517,0.01227,0.31217,0.07289,0.08406,0.31677,0.07435
0.12998,0.10574,0.03964,0.05950,0.03298,0.10894,0.18393,0.02802,0.10637,0.20491
0.10249,0.08967,0.03811,0.05319,0.02880,0.20451,0.09189,0.09399,0.20299,0.09438
0.02854,0.02772,0.02981,0.03852,0.02801,0.07306,0.31437,0.06197,0.07349,0.32452
0.07141,0.07990,0.12258,0.04324,0.12305,0.13921,0.10019,0.07118,0.14369,0.10556
0.05751,0.05143,0.01860,0.02378,0.01742,0.18640,0.18531,0.06932,0.18927,0.20096
0.03494,0.03076,0.01642,0.01981,0.01254,0.36370,0.06494,0.02427,0.36558,0.06704
0.17073,0.15916,0.02924,0.04637,0.02216,0.09501,0.14531,0.07921,0.08832,0.16449
0.13512,0.06223,0.04950,0.02160,0.02275,0.18097,0.12524,0.09862,0.18099,0.12297
0.12856,0.11284,0.02714,0.02308,0.01688,0.10623,0.21592,0.03242,0.11034,0.22660
0.07830,0.06123,0.02200,0.07854,0.01789,0.11499,0.16550,0.17194,0.11429,0.17532
0.13336,0.10551,0.03399,0.03905,0.02097,0.18386,0.12364,0.04301,0.18171,0.13490
0.07844,0.06354,0.04208,0.06966,0.03665,0.22064,0.11020,0.03772,0.21717,0.12391
0.12318,0.10360,0.03743,0.05788,0.02540,0.12485,0.18030,0.03985,0.12324,0.18426
0.15540,0.16184,0.05587,0.11110,0.05238,0.09857,0.07889,0.09662,0.09355,0.09579
0.04483,0.04067,0.02736,0.04140,0.02649,0.17278,0.17309,0.11333,0.17115,0.18890
0.05944,0.05888,0.04040,0.08780,0.03477,0.19511,0.13440,0.04645,0.19353,0.14923
0.17669,0.16345,0.03231,0.04661,0.02794,0.15266,0.07791,0.08726,0.14956,0.08562
0.08611,0.06640,0.03814,0.05278,0.02748,0.26321,0.08760,0.02707,0.26224,0.08897
0.04401,0.04021,0.02745,0.03683,0.02450,0.30757,0.06303,0.08595,0.29965,0.07079
0.08346,0.06634,0.03914,0.03952,0.01834,0.22130,0.14085,0.02875,0.22105,0.14125
0.04666,0.04444,0.02249,0.01352,0.02043,0.22938,0.10674,0.17383,0.22480,0.11770
0.06126,0.06814,0.04555,0.06632,0.03807,0.25960,0.07866,0.02648,0.26117,0.09475
0.02829,0.02537,0.01282,0.01730,0.01057,0.31243,0.11473,0.04955,0.30402,0.12491
0.16246,0.16032,0.01378,0.02766,0.01344,0.12473,0.16550,0.02126,0.11999,0.19085
0.03567,0.03167,0.01561,0.02437,0.01352,0.19156,0.19840,0.09647,0.18622,0.20650
0.06790,0.05731,0.03465,0.04503,0.02665,0.29603,0.07736,0.02383,0.28803,0.08320
0.05858,0.04921,0.03684,0.07725,0.02523,0.28016,0.08501,0.01472,0.27854,0.09446
0.03391,0.02879,0.01358,0.02069,0.01109,0.06599,0.36060,0.02991,0.06160,0.37385
0.06102,0.05459,0.04356,0.06823,0.03108,0.22060,0.09086,0.11122,0.21820,0.10063
0.11361,0.10237,0.01847,0.01903,0.01388,0.25133,0.09010,0.03879,0.26104,0.09136
0.13463,0.12934,0.07608,0.14845,0.04785,0.09682,0.11827,0.02335,0.08875,0.13646
0.05227,0.04300,0.02363,0.04669,0.02061,0.07700,0.27491,0.09943,0.07116,0.29129
0.09184,0.07277,0.03716,0.03952,0.02584,0.20038,0.13942,0.04847,0.19206,0.15255
0.02979,0.02434,0.02190,0.02598,0.02576,0.18212,0.14670,0.19437,0.17826,0.17079
0.09892,0.08011,0.02869,0.03206,0.01732,0.11390,0.15812,0.19335,0.11235,0.16519
0.03192,0.02931,0.01880,0.02168,0.01904,0.25859,0.14333,0.05748,0.25962,0.16022
0.19698,0.15386,0.03846,0.05345,0.02323,0.14326,0.09636,0.04424,0.14035,0.10982
0.05939,0.05091,0.02629,0.03890,0.02222,0.12880,0.23943,0.06322,0.12514,0.24572
0.06720,0.03906,0.04377,0.21831,0.03108,0.12072,0.08713,0.18544,0.11465,0.09265
0.07749,0.06644,0.05503,0.04584,0.04117,0.14645,0.16591,0.06349,0.14878,0.18940
0.06717,0.06160,0.01921,0.03008,0.01666,0.16499,0.14476,0.17058,0.16724,0.15771
0.03516,0.03121,0.01859,0.02615,0.01721,0.20425,0.20331,0.03777,0.21284,0.21350
0.02435,0.02099,0.01915,0.01944,0.01738,0.23688,0.13808,0.13768,0.23273,0.15331
0.08494,0.07563,0.05911,0.02509,0.05193,0.26547,0.07186,0.02408,0.26783,0.07405
0.05193,0.04421,0.03624,0.05783,0.03498,0.27582,0.09563,0.02628,0.27491,0.10217
0.09531,0.08329,0.03621,0.03477,0.02805,0.14653,0.19340,0.02869,0.14851,0.20525
0.08694,0.07810,0.04140,0.09129,0.03127,0.15958,0.16015,0.02560,0.15762,0.16804
0.05924,0.05143,0.01716,0.02125,0.01475,0.27975,0.10214,0.07058,0.27029,0.11342
0.04087,0.04137,0.01941,0.03909,0.02275,0.17041,0.22354,0.03873,0.16757,0.23626
0.06388,0.06044,0.02736,0.03368,0.02779,0.12573,0.15965,0.20204,0.11659,0.18283
0.05309,0.03608,0.04219,0.06606,0.02846,0.30723,0.04779,0.06581,0.29956,0.05373
0.06481,0.06014,0.03611,0.04749,0.03034,0.24605,0.08795,0.08952,0.24359,0.09400
0.13526,0.13454,0.01853,0.01693,0.01309,0.21043,0.10828,0.03340,0.20579,0.12374
0.11919,0.10124,0.04051,0.06268,0.03306,0.11793,0.15689,0.08156,0.10945,0.17749
0.03342,0.04531,0.02050,0.04738,0.03224,0.17231,0.18904,0.08676,0.16423,0.20882
0.05006,0.04654,0.03387,0.04921,0.03217,0.23505,0.07658,0.16116,0.22873,0.08663
0.10301,0.07508,0.07379,0.09915,0.04907,0.16994,0.08674,0.07299,0.17377,0.09645
0.13507,0.13196,0.02344,0.03509,0.02496,0.15003,0.13021,0.07185,0.14956,0.14782
0.07465,0.06349,0.03387,0.04024,0.02333,0.23090,0.10143,0.08816,0.22978,0.11416
0.05528,0.05430,0.04563,0.02362,0.04429,0.12319,0.19587,0.12313,0.12384,0.21084
