0.00513,0.00301,0.00497,0.00269,0.71191,0.00602,0.00636,0.00372,0.00483,0.22283,0.01203,0.01651
0.00937,0.00846,0.01550,0.00780,0.01231,0.02183,0.44528,0.01177,0.00985,0.00549,0.16179,0.29054
0.04890,0.03809,0.02215,0.01633,0.00710,0.04488,0.10984,0.02387,0.27632,0.01375,0.24151,0.15725
0.04585,0.01875,0.27074,0.01566,0.01950,0.05352,0.06326,0.02764,0.02600,0.01135,0.20184,0.24590
0.00462,0.00539,0.04187,0.02744,0.00675,0.14326,0.01642,0.57223,0.13466,0.01276,0.01577,0.01884
0.05431,0.40269,0.00843,0.03497,0.00410,0.00428,0.06751,0.00916,0.00944,0.03675,0.17359,0.19477
0.17908,0.04740,0.11715,0.00320,0.04926,0.47038,0.01334,0.08079,0.01062,0.01139,0.00873,0.00866
0.02034,0.11306,0.02313,0.00223,0.07269,0.11235,0.01005,0.15552,0.00807,0.01262,0.24179,0.22814
0.14972,0.00745,0.02132,0.03121,0.02077,0.17360,0.01863,0.06829,0.00641,0.03864,0.19488,0.26908
0.03047,0.02193,0.00723,0.00897,0.42958,0.01894,0.29994,0.05482,0.02548,0.06813,0.01614,0.01836
0.06122,0.01454,0.00790,0.24095,0.28517,0.16607,0.02380,0.01982,0.00951,0.00398,0.07631,0.09072
0.00773,0.00604,0.50762,0.00473,0.00524,0.00569,0.42073,0.00920,0.00534,0.00426,0.01040,0.01302
0.51272,0.05116,0.02685,0.03354,0.00753,0.00544,0.19750,0.02186,0.02574,0.01677,0.04338,0.05750
0.00920,0.08913,0.00624,0.57091,0.03115,0.00877,0.01517,0.19651,0.00975,0.04726,0.00817,0.00772
0.21851,0.10515,0.02674,0.02210,0.06266,0.01599,0.27343,0.11467,0.02448,0.01551,0.05305,0.06770
0.11072,0.01992,0.12440,0.02645,0.00813,0.03095,0.08182,0.06291,0.01189,0.02257,0.38889,0.11134
0.01895,0.03380,0.05923,0.05000,0.01077,0.03410,0.01763,0.60896,0.02761,0.00806,0.04780,0.08309
0.01680,0.00999,0.38610,0.00316,0.00428,0.03368,0.01403,0.21112,0.23311,0.00459,0.03450,0.04863
0.01162,0.56671,0.01022,0.23301,0.00846,0.00933,0.00950,0.09492,0.01095,0.00229,0.01982,0.02315
0.44667,0.02455,0.19642,0.01569,0.00770,0.20089,0.02402,0.03068,0.00411,0.01967,0.01420,0.01540
0.08469,0.00850,0.27818,0.01248,0.00362,0.00779,0.10156,0.01429,0.00923,0.04796,0.14912,0.28258
0.20766,0.01831,0.02966,0.02212,0.30049,0.04158,0.08405,0.11302,0.03500,0.01396,0.04112,0.09303
0.00751,0.00409,0.52558,0.00216,0.00824,0.00408,0.00338,0.00506,0.43078,0.00173,0.00346,0.00392
0.01770,0.00660,0.03016,0.66254,0.00501,0.05923,0.02670,0.01695,0.00794,0.08041,0.03996,0.04680
0.07018,0.01259,0.03259,0.20518,0.00800,0.00758,0.48750,0.02160,0.01955,0.00623,0.06505,0.06395
0.18540,0.03227,0.02707,0.10824,0.00331,0.03632,0.33448,0.15273,0.00720,0.02264,0.04416,0.04618
0.05181,0.01953,0.01433,0.01866,0.07319,0.02237,0.61239,0.00913,0.01074,0.01723,0.07475,0.07585
0.07253,0.01731,0.24444,0.07500,0.06262,0.06308,0.03111,0.06386,0.00530,0.05392,0.12768,0.18314
0.28678,0.01066,0.01715,0.01402,0.00507,0.01394,0.16092,0.02447,0.44969,0.00536,0.00542,0.00651
0.16403,0.01004,0.05854,0.01130,0.03965,0.14126,0.03966,0.07542,0.03135,0.01063,0.12443,0.29370
0.17958,0.01622,0.09228,0.02302,0.00599,0.05053,0.02511,0.41996,0.00762,0.01939,0.07652,0.08378
0.32418,0.01161,0.45749,0.01372,0.04128,0.02042,0.04672,0.00704,0.00510,0.00505,0.03240,0.03500
0.02931,0.02124,0.01199,0.00518,0.01335,0.02225,0.01293,0.01650,0.00561,0.01283,0.74339,0.10541
0.44477,0.20316,0.00934,0.01429,0.00669,0.00655,0.01585,0.11964,0.00677,0.01078,0.07521,0.08694
0.17230,0.12105,0.08636,0.00859,0.00408,0.37780,0.06375,0.11825,0.01092,0.00787,0.01517,0.01387
0.01492,0.06301,0.01209,0.01075,0.20961,0.02425,0.61412,0.00830,0.00634,0.00778,0.01360,0.01522
0.01725,0.01598,0.02088,0.01060,0.27295,0.04380,0.07029,0.01958,0.01080,0.08723,0.31293,0.11771
0.02509,0.12564,0.03674,0.34023,0.00263,0.04580,0.10051,0.01599,0.00509,0.04240,0.11805,0.14182
0.01351,0.00429,0.40362,0.00427,0.00280,0.00638,0.10257,0.00547,0.00404,0.00391,0.14290,0.30624
0.05521,0.11591,0.00908,0.02460,0.01067,0.00444,0.02657,0.00576,0.00841,0.01269,0.33416,0.39250
0.12750,0.12202,0.05402,0.01843,0.00383,0.00482,0.03887,0.05981,0.03929,0.15361,0.15731,0.22047
0.01324,0.01382,0.36684,0.00337,0.02275,0.06391,0.05244,0.04455,0.36959,0.01439,0.01660,0.01849
0.33155,0.01361,0.05219,0.03950,0.00421,0.06020,0.01707,0.19180,0.01714,0.16277,0.05403,0.05592
0.23731,0.03317,0.01390,0.01718,0.01094,0.27510,0.27568,0.08469,0.01600,0.01492,0.01058,0.01054
0.10780,0.00793,0.35720,0.06270,0.00383,0.02094,0.01967,0.06038,0.19530,0.08704,0.03435,0.04285
0.00707,0.18187,0.03156,0.02823,0.00994,0.03947,0.38485,0.04096,0.03482,0.04570,0.09246,0.10307
0.50868,0.00782,0.04546,0.00631,0.00383,0.30600,0.02433,0.01163,0.00281,0.01204,0.03311,0.03799
0.39959,0.00709,0.01063,0.01323,0.44391,0.04640,0.00703,0.02205,0.00921,0.01374,0.01360,0.01353
0.03474,0.00923,0.37126,0.03149,0.12667,0.07831,0.01577,0.02911,0.14414,0.01175,0.06407,0.08346
0.39755,0.02645,0.05757,0.00798,0.00259,0.12414,0.09876,0.10102,0.00458,0.00512,0.07108,0.10317
0.08530,0.00630,0.02549,0.18787,0.00319,0.03402,0.02867,0.44098,0.00907,0.13984,0.01822,0.02106
0.24516,0.01530,0.37415,0.00571,0.00504,0.04627,0.02039,0.02061,0.00599,0.01698,0.10212,0.14228
0.08458,0.01197,0.37057,0.00552,0.04673,0.03727,0.02696,0.06936,0.00744,0.00413,0.06554,0.26994
0.00878,0.00222,0.38954,0.00199,0.00267,0.00371,0.01583,0.00353,0.00363,0.00388,0.28618,0.27806
0.02774,0.01501,0.04057,0.01351,0.00965,0.08548,0.03642,0.03562,0.00686,0.01881,0.12181,0.58852
0.00785,0.63044,0.06767,0.00337,0.00302,0.00683,0.01150,0.20109,0.00934,0.00181,0.03068,0.02639
0.07877,0.07003,0.02905,0.01974,0.01530,0.01852,0.03222,0.12756,0.04263,0.32575,0.11530,0.12513
0.00864,0.22959,0.00915,0.36266,0.04459,0.00588,0.05939,0.02533,0.04390,0.02044,0.07159,0.11884
0.23580,0.01647,0.02916,0.03451,0.01323,0.39135,0.07165,0.02550,0.00480,0.01862,0.06138,0.09754
0.21809,0.08098,0.09982,0.00556,0.00224,0.11040,0.12447,0.15528,0.00447,0.00410,0.08073,0.11384
0.09512,0.02928,0.20447,0.02182,0.00933,0.02490,0.01601,0.33846,0.00349,0.04454,0.08586,0.12672
0.03763,0.02747,0.01070,0.00311,0.00973,0.02638,0.00576,0.05134,0.00486,0.03285,0.51601,0.27415
0.04967,0.15535,0.06232,0.07224,0.05679,0.03626,0.08248,0.11682,0.03222,0.01945,0.08089,0.23552
0.25865,0.00777,0.06322,0.02247,0.04008,0.01260,0.16684,0.01361,0.00619,0.25095,0.07084,0.08677
0.36397,0.01514,0.12920,0.04234,0.00440,0.06150,0.09272,0.09180,0.01640,0.08221,0.05397,0.04635
0.15129,0.03488,0.01831,0.04515,0.00205,0.02003,0.07883,0.10054,0.00533,0.02645,0.27036,0.24678
0.50576,0.03678,0.00472,0.01220,0.01180,0.00367,0.01495,0.01092,0.00909,0.11841,0.10464,0.16705
0.51250,0.01151,0.25343,0.01476,0.02423,0.02744,0.03189,0.02578,0.04355,0.02146,0.01674,0.01671
0.25816,0.06067,0.02209,0.00521,0.00942,0.01081,0.06817,0.12514,0.02763,0.01324,0.21447,0.18500
0.03955,0.13895,0.28017,0.01617,0.00287,0.02645,0.20467,0.02772,0.00738,0.01062,0.11324,0.13220
0.00545,0.02227,0.02277,0.01614,0.02261,0.02540,0.33788,0.00729,0.02517,0.01392,0.15060,0.35051
0.14791,0.18667,0.01272,0.01844,0.04539,0.00625,0.00826,0.45779,0.01512,0.01674,0.03819,0.04653
0.06675,0.01238,0.03598,0.05765,0.02925,0.01638,0.40514,0.00820,0.06711,0.02328,0.10076,0.17714
0.01250,0.00875,0.00506,0.42625,0.00299,0.28624,0.00883,0.06867,0.14821,0.01409,0.00872,0.00970
0.07681,0.06556,0.08287,0.01269,0.33870,0.07984,0.07343,0.07026,0.00657,0.01162,0.08128,0.10037
0.03312,0.07473,0.12530,0.01065,0.12412,0.10040,0.02459,0.09298,0.18609,0.00409,0.10835,0.11559
0.21352,0.00964,0.01577,0.01204,0.00641,0.02356,0.42026,0.05740,0.01417,0.01644,0.09044,0.12035
0.13092,0.01992,0.57284,0.05306,0.00219,0.01363,0.01910,0.06417,0.00430,0.04626,0.03074,0.04287
0.03055,0.01091,0.04304,0.02965,0.25083,0.42873,0.01317,0.10187,0.01942,0.03180,0.01802,0.02201
0.01094,0.00890,0.00973,0.01037,0.00465,0.21002,0.04998,0.03512,0.19592,0.00768,0.23656,0.22013
0.30629,0.04144,0.04914,0.07979,0.00266,0.08123,0.04154,0.11168,0.04780,0.09327,0.06478,0.08039
0.03072,0.03080,0.02735,0.01289,0.01374,0.00496,0.77092,0.00560,0.02509,0.01588,0.02769,0.03438
0.03768,0.07908,0.01161,0.17732,0.04149,0.04174,0.04211,0.16959,0.01208,0.01408,0.16090,0.21233
0.10224,0.00909,0.00677,0.01187,0.26817,0.01210,0.00640,0.01535,0.14433,0.05297,0.10667,0.26405
0.01569,0.03930,0.00876,0.00625,0.01895,0.79132,0.00996,0.07325,0.00684,0.00460,0.01191,0.01316
0.01007,0.00953,0.62426,0.00420,0.07745,0.07241,0.15714,0.01356,0.00910,0.00374,0.00832,0.01021
0.36664,0.02890,0.04804,0.02727,0.00675,0.03563,0.03805,0.09407,0.02694,0.03503,0.15502,0.13765
0.04526,0.02042,0.04735,0.02767,0.02839,0.02910,0.01108,0.14402,0.29639,0.00713,0.11842,0.22477
0.13626,0.03844,0.37002,0.01653,0.00488,0.00378,0.25755,0.00785,0.10266,0.02003,0.02078,0.02122
0.08560,0.03083,0.09643,0.02632,0.11998,0.08627,0.05557,0.03637,0.01029,0.14364,0.14469,0.16402
0.61152,0.02246,0.04953,0.00334,0.00243,0.00408,0.00438,0.03971,0.12294,0.12130,0.00926,0.00905
0.01680,0.05312,0.16190,0.00607,0.00995,0.00754,0.54922,0.00723,0.01532,0.00473,0.07614,0.09198
0.04853,0.03912,0.01530,0.00728,0.04535,0.15747,0.05797,0.17601,0.00506,0.26870,0.08369,0.09553
0.02512,0.02456,0.00756,0.01838,0.01492,0.00808,0.80123,0.00487,0.01237,0.01685,0.03290,0.03316
0.00560,0.00818,0.71401,0.00371,0.00206,0.00223,0.20897,0.01554,0.00704,0.00300,0.01373,0.01593
0.00810,0.01571,0.57443,0.00259,0.01350,0.02018,0.25569,0.02300,0.00885,0.00533,0.03716,0.03546
0.45031,0.17774,0.06020,0.01424,0.01109,0.00892,0.01408,0.02354,0.17104,0.01861,0.02183,0.02840
0.14244,0.23439,0.03073,0.00804,0.00895,0.10847,0.03811,0.17543,0.02455,0.01002,0.08322,0.13562
0.02284,0.05253,0.29535,0.00980,0.21444,0.03498,0.07265,0.10312,0.01141,0.00823,0.06755,0.10710
0.01376,0.02245,0.24873,0.00335,0.00377,0.00670,0.28324,0.01038,0.01498,0.00540,0.21688,0.17037
