0.32966,0.06124,0.05739,0.14741,0.01702,0.01545,0.08737,0.04482,0.01988,0.01888,0.01503,0.01095,0.00767,0.00738,0.07970,0.01289,0.02303,0.01053,0.00570,0.02799
0.07736,0.07858,0.01507,0.48788,0.01528,0.01854,0.12691,0.03230,0.00743,0.04827,0.00678,0.00796,0.00680,0.00601,0.00964,0.00564,0.02813,0.00488,0.00518,0.01136
0.20168,0.04779,0.01913,0.06140,0.01405,0.04402,0.08710,0.30580,0.01619,0.01808,0.02106,0.01453,0.03242,0.01817,0.01978,0.01745,0.01938,0.01183,0.01055,0.01958
0.11128,0.03470,0.01965,0.17707,0.02275,0.03474,0.08512,0.01509,0.01234,0.04746,0.04383,0.01278,0.01346,0.01292,0.00959,0.26791,0.02572,0.01550,0.01278,0.02528
0.06902,0.03542,0.10530,0.17499,0.03821,0.00806,0.27443,0.01143,0.02548,0.03130,0.03823,0.04137,0.02239,0.01281,0.02971,0.01368,0.01356,0.01521,0.01472,0.02468
0.16248,0.05069,0.01543,0.24748,0.01701,0.03590,0.09865,0.01689,0.01637,0.02535,0.03707,0.01617,0.01156,0.01718,0.01705,0.12324,0.02322,0.01387,0.01349,0.04090
0.15217,0.04511,0.01168,0.26380,0.01933,0.01236,0.15457,0.01471,0.01501,0.02204,0.09295,0.01694,0.02642,0.02500,0.00698,0.05000,0.02287,0.01395,0.01287,0.02126
0.24374,0.04390,0.01827,0.09931,0.02045,0.02703,0.05633,0.29998,0.01472,0.02488,0.01340,0.01339,0.01767,0.01525,0.01561,0.01298,0.02476,0.01290,0.00830,0.01713
0.16048,0.18561,0.01836,0.16583,0.01889,0.02991,0.06430,0.07851,0.05107,0.03458,0.00908,0.02667,0.01304,0.01020,0.01626,0.00825,0.04837,0.01229,0.01358,0.03472
0.17045,0.02937,0.01618,0.14905,0.02681,0.03574,0.13959,0.06075,0.02025,0.01884,0.03450,0.02848,0.03747,0.03137,0.01734,0.03627,0.04810,0.03551,0.01554,0.04838
0.09450,0.04374,0.03572,0.32654,0.02099,0.01432,0.11325,0.04917,0.02276,0.04522,0.05649,0.02071,0.01778,0.01815,0.01601,0.01968,0.02306,0.02583,0.01116,0.02492
0.09030,0.04772,0.18051,0.05595,0.01193,0.02019,0.07749,0.03228,0.01951,0.02138,0.01219,0.01735,0.01512,0.01526,0.29952,0.00924,0.03146,0.01247,0.00862,0.02148
0.08392,0.03978,0.01424,0.09566,0.07194,0.01585,0.38965,0.01707,0.02254,0.01926,0.07224,0.01926,0.01351,0.01935,0.01647,0.01613,0.02270,0.01429,0.01297,0.02317
0.41236,0.05938,0.04881,0.10273,0.02023,0.00991,0.13702,0.03231,0.01290,0.02071,0.01460,0.01194,0.00916,0.00932,0.03100,0.00552,0.01369,0.01182,0.00763,0.02896
0.07945,0.07586,0.01136,0.22543,0.01493,0.01681,0.21908,0.01627,0.02470,0.09397,0.02654,0.01644,0.03251,0.03929,0.01004,0.02669,0.02082,0.01753,0.01433,0.01795
0.03241,0.02687,0.31760,0.08526,0.01484,0.02824,0.09942,0.06049,0.01067,0.01963,0.01230,0.01668,0.00763,0.00840,0.17833,0.00960,0.02417,0.01368,0.00952,0.02426
0.22931,0.22700,0.00920,0.14007,0.02582,0.02022,0.08916,0.02338,0.01065,0.07710,0.01427,0.01607,0.01091,0.01166,0.00817,0.01534,0.01597,0.00905,0.00953,0.03713
0.06204,0.01578,0.03131,0.12905,0.18033,0.10674,0.07579,0.01216,0.01590,0.01565,0.03985,0.01798,0.01335,0.01352,0.02536,0.04441,0.12810,0.01847,0.01345,0.04076
0.04340,0.02085,0.02088,0.23868,0.01551,0.01667,0.31477,0.01312,0.01388,0.01448,0.11243,0.02077,0.01968,0.02082,0.02007,0.02088,0.02057,0.01214,0.01409,0.02633
0.06665,0.03491,0.01364,0.13001,0.33513,0.02146,0.07976,0.02653,0.01143,0.05712,0.01974,0.01567,0.03259,0.01927,0.00920,0.01448,0.03367,0.01655,0.04292,0.01930
0.19000,0.06056,0.02703,0.13982,0.08980,0.04022,0.09821,0.01534,0.02395,0.02382,0.03614,0.02008,0.01737,0.01890,0.01649,0.05166,0.03844,0.01394,0.01907,0.05917
0.10950,0.18456,0.02212,0.15981,0.03311,0.01646,0.11631,0.02776,0.02049,0.15225,0.01745,0.01460,0.01130,0.00979,0.01932,0.00946,0.02618,0.01653,0.01015,0.02283
0.17094,0.02845,0.03356,0.20240,0.01698,0.01288,0.14236,0.01423,0.01320,0.01795,0.06504,0.01571,0.01671,0.01554,0.01402,0.15609,0.01728,0.01032,0.01219,0.02415
0.09955,0.03490,0.02802,0.26044,0.03403,0.03141,0.07977,0.01243,0.01913,0.01891,0.02416,0.03251,0.09489,0.02596,0.01194,0.03862,0.04643,0.01545,0.04350,0.04796
0.12955,0.04847,0.12729,0.11049,0.03352,0.02581,0.10046,0.10078,0.01326,0.02414,0.01724,0.02177,0.01655,0.01310,0.12371,0.01221,0.03771,0.01323,0.01026,0.02044
0.10771,0.05566,0.02037,0.22078,0.01219,0.01744,0.09902,0.32637,0.00956,0.03451,0.00993,0.01159,0.01196,0.00845,0.00765,0.00899,0.01095,0.00943,0.00630,0.01113
0.17633,0.05097,0.01331,0.11238,0.29118,0.01496,0.06932,0.01477,0.01072,0.12196,0.02291,0.00842,0.00707,0.00821,0.00870,0.01679,0.01908,0.00840,0.00864,0.01588
0.07154,0.02821,0.02545,0.17368,0.14747,0.01572,0.12779,0.03270,0.02891,0.07392,0.04348,0.02587,0.01778,0.01959,0.01852,0.02605,0.01074,0.02256,0.02312,0.06689
0.05025,0.38826,0.03176,0.08650,0.00922,0.05660,0.05295,0.02872,0.01565,0.06308,0.01471,0.01346,0.01886,0.02892,0.02674,0.01530,0.04022,0.02686,0.01236,0.01958
0.05077,0.04031,0.01609,0.05899,0.01310,0.33248,0.03977,0.01211,0.01302,0.01694,0.01562,0.01058,0.01125,0.01359,0.01534,0.02439,0.27806,0.01807,0.00810,0.01143
0.12277,0.04858,0.03114,0.15785,0.04157,0.02548,0.11364,0.23836,0.01470,0.02221,0.02324,0.01667,0.01763,0.01315,0.03086,0.01613,0.02984,0.01010,0.01332,0.01277
0.05850,0.02113,0.01954,0.30934,0.03146,0.02207,0.16857,0.17363,0.03710,0.01478,0.01246,0.02474,0.00957,0.00928,0.01496,0.01537,0.01203,0.00772,0.00877,0.02899
0.08487,0.02696,0.01640,0.25003,0.06896,0.01822,0.26615,0.03654,0.01456,0.01988,0.01713,0.01765,0.01257,0.01130,0.01141,0.01185,0.03362,0.01052,0.01562,0.05578
0.18154,0.05604,0.03009,0.04574,0.05099,0.14797,0.06596,0.03148,0.03730,0.01775,0.01150,0.02874,0.01217,0.02671,0.05367,0.00904,0.13458,0.01378,0.01655,0.02840
0.08136,0.03334,0.01341,0.09396,0.06262,0.02122,0.07529,0.02671,0.02114,0.03662,0.08982,0.03360,0.01666,0.02069,0.00780,0.30318,0.01967,0.01283,0.01154,0.01853
0.08316,0.02292,0.00735,0.06180,0.07745,0.10732,0.09975,0.01886,0.02926,0.02893,0.15061,0.02557,0.01543,0.01862,0.00628,0.11265,0.04677,0.02043,0.01132,0.05553
0.29323,0.04063,0.00974,0.14695,0.10675,0.05104,0.08180,0.00907,0.01804,0.02221,0.01276,0.01443,0.01073,0.00892,0.00736,0.00952,0.02268,0.00783,0.00813,0.11817
0.24936,0.04866,0.11968,0.05303,0.04028,0.02178,0.07588,0.05416,0.01847,0.01638,0.01794,0.02216,0.00936,0.00906,0.12447,0.00876,0.02593,0.01363,0.01072,0.06029
0.08537,0.01896,0.18351,0.17273,0.02561,0.01552,0.17417,0.01632,0.02439,0.00854,0.02797,0.01591,0.01330,0.01208,0.10837,0.01330,0.02874,0.01269,0.00855,0.03398
0.22910,0.02495,0.01306,0.17652,0.23733,0.01253,0.12443,0.02318,0.00907,0.02047,0.01977,0.01068,0.01353,0.01024,0.00943,0.01360,0.01754,0.00997,0.01165,0.01297
0.23476,0.04727,0.01093,0.09165,0.02812,0.09387,0.04599,0.01088,0.01147,0.01825,0.01349,0.01212,0.00839,0.00900,0.00894,0.00816,0.30766,0.01023,0.00825,0.02058
0.04790,0.02239,0.22000,0.08931,0.01447,0.01404,0.07399,0.16999,0.00888,0.01517,0.01937,0.01065,0.00936,0.00778,0.20882,0.01152,0.02443,0.01078,0.00559,0.01555
0.09187,0.07999,0.02524,0.13969,0.03478,0.15610,0.11243,0.01818,0.01937,0.06538,0.01260,0.01758,0.01093,0.01105,0.01643,0.00890,0.02537,0.01435,0.01375,0.12600
0.12100,0.06645,0.05258,0.11823,0.03158,0.02004,0.19563,0.03740,0.02433,0.02495,0.02795,0.02841,0.03390,0.03004,0.02631,0.01971,0.03525,0.02546,0.03119,0.04959
0.10403,0.04271,0.04633,0.18351,0.13851,0.03924,0.11226,0.07477,0.01644,0.03345,0.02137,0.02068,0.00742,0.00784,0.02241,0.01871,0.03003,0.01501,0.00913,0.05616
0.09990,0.16357,0.02497,0.10929,0.02340,0.01466,0.08848,0.05785,0.03632,0.05347,0.01450,0.06234,0.05232,0.05546,0.01662,0.00861,0.03547,0.03203,0.02839,0.02234
0.06139,0.03411,0.02134,0.07525,0.03088,0.01287,0.35472,0.02506,0.02482,0.01730,0.10829,0.03334,0.02629,0.03356,0.01936,0.01586,0.02394,0.03168,0.01871,0.03123
0.14239,0.04946,0.13831,0.07136,0.04141,0.01204,0.15637,0.05003,0.02634,0.04114,0.01430,0.04551,0.01510,0.01612,0.11597,0.00923,0.01568,0.01491,0.00807,0.01626
0.05320,0.06007,0.05608,0.20486,0.17175,0.02613,0.07847,0.02383,0.02250,0.04777,0.01715,0.01446,0.01537,0.01168,0.02474,0.01014,0.08974,0.01522,0.01926,0.03760
0.11285,0.02620,0.00910,0.22999,0.00725,0.05815,0.14117,0.28000,0.00657,0.02227,0.01171,0.00767,0.00806,0.00793,0.00724,0.01039,0.02555,0.00857,0.00620,0.01315
0.06434,0.03513,0.02344,0.06099,0.03601,0.20830,0.07474,0.03080,0.03182,0.02174,0.01817,0.02640,0.01797,0.02985,0.01960,0.01507,0.21780,0.03155,0.02216,0.01413
0.12114,0.04334,0.08041,0.14719,0.12600,0.02360,0.07667,0.01347,0.04031,0.06455,0.01659,0.02591,0.01448,0.02563,0.02793,0.01625,0.03064,0.01666,0.02951,0.05970
0.14450,0.11670,0.03220,0.20972,0.05972,0.03619,0.10593,0.04529,0.03263,0.04702,0.01404,0.01558,0.00820,0.00934,0.02197,0.01027,0.02771,0.01531,0.00866,0.03901
0.03666,0.02289,0.01913,0.29435,0.01463,0.14535,0.26293,0.01498,0.01234,0.02236,0.01066,0.01669,0.00941,0.01208,0.01234,0.00606,0.04481,0.01102,0.00961,0.02169
0.07130,0.03344,0.05868,0.07559,0.02093,0.02010,0.05001,0.05227,0.02189,0.01816,0.01068,0.05115,0.01099,0.01162,0.39815,0.01462,0.02503,0.01943,0.00861,0.02734
0.05601,0.06859,0.01341,0.37211,0.03060,0.01432,0.15562,0.03220,0.01949,0.05595,0.01923,0.01802,0.01361,0.02181,0.01160,0.01167,0.03543,0.01790,0.01094,0.02148
0.37815,0.06645,0.08433,0.08744,0.04182,0.01122,0.06013,0.02936,0.02725,0.04167,0.01281,0.01865,0.01787,0.02010,0.02561,0.00935,0.01572,0.01537,0.01361,0.02310
0.08721,0.04381,0.02243,0.10716,0.21656,0.01057,0.12735,0.05231,0.01933,0.09578,0.02019,0.02126,0.03780,0.02391,0.01610,0.01200,0.02320,0.02106,0.02553,0.01645
0.21993,0.16466,0.01775,0.07672,0.04339,0.04567,0.07553,0.03979,0.05459,0.05869,0.01757,0.03242,0.01586,0.01764,0.01161,0.01789,0.01457,0.01648,0.02189,0.03736
0.46296,0.04326,0.01150,0.06746,0.01989,0.11878,0.03204,0.07333,0.01165,0.02748,0.00863,0.00899,0.00741,0.00672,0.00779,0.01202,0.01979,0.00716,0.00705,0.04609
0.17962,0.06109,0.02352,0.37156,0.01795,0.01373,0.06318,0.06355,0.02436,0.03541,0.01089,0.01578,0.01305,0.01218,0.01508,0.01244,0.02122,0.01412,0.00894,0.02234
0.12204,0.03228,0.02104,0.18740,0.02662,0.16909,0.17484,0.02782,0.01208,0.01557,0.01308,0.01444,0.01199,0.00946,0.01448,0.01113,0.09395,0.00895,0.00854,0.02520
0.27774,0.05476,0.01231,0.05927,0.02685,0.01946,0.06087,0.24877,0.01859,0.02251,0.01032,0.02134,0.02820,0.01657,0.00900,0.00785,0.05770,0.01733,0.01314,0.01741
0.06036,0.24416,0.03158,0.17706,0.01800,0.01139,0.06259,0.02215,0.05181,0.11843,0.01168,0.01895,0.01824,0.02014,0.04381,0.00769,0.01696,0.01963,0.01361,0.03176
0.36450,0.04608,0.01620,0.09709,0.14099,0.03089,0.06243,0.03438,0.01342,0.04369,0.01455,0.01219,0.01049,0.01043,0.00932,0.01306,0.02003,0.00960,0.01161,0.03906
0.09817,0.08410,0.01763,0.11720,0.04760,0.04766,0.07540,0.01878,0.02488,0.16800,0.01478,0.03741,0.02782,0.02172,0.01229,0.01177,0.09910,0.03232,0.02123,0.02213
0.08871,0.09331,0.00836,0.15959,0.02416,0.03856,0.07825,0.05542,0.01701,0.20375,0.03201,0.02045,0.03063,0.01757,0.00651,0.02648,0.03203,0.01494,0.01383,0.03841
0.05701,0.06142,0.04215,0.07202,0.01792,0.01660,0.15597,0.02041,0.04960,0.02232,0.01857,0.03995,0.03206,0.03655,0.24138,0.01195,0.02277,0.03794,0.01327,0.03014
0.08507,0.10501,0.01163,0.18666,0.01459,0.03563,0.17185,0.02919,0.01362,0.05390,0.01387,0.02422,0.01063,0.01069,0.01284,0.00836,0.17077,0.01778,0.00699,0.01672
0.09887,0.09737,0.03209,0.06006,0.02486,0.05323,0.08037,0.03450,0.01734,0.22123,0.01735,0.03077,0.02631,0.01761,0.02233,0.01082,0.03739,0.07257,0.02300,0.02194
0.03976,0.01612,0.01703,0.13898,0.06971,0.01841,0.08129,0.00778,0.01135,0.02706,0.09971,0.01404,0.01408,0.01946,0.01510,0.33360,0.01835,0.01220,0.01862,0.02735
0.07925,0.03018,0.01020,0.08730,0.02422,0.20983,0.08199,0.01667,0.02703,0.01811,0.09620,0.02523,0.02557,0.01902,0.00765,0.10395,0.04377,0.02490,0.01683,0.05213
0.08168,0.03198,0.12597,0.20208,0.02451,0.01814,0.06863,0.02157,0.02099,0.02843,0.01450,0.03856,0.01261,0.01447,0.20287,0.00743,0.03483,0.01999,0.00943,0.02132
0.13963,0.04052,0.02141,0.12095,0.11352,0.01349,0.15844,0.01502,0.02534,0.03048,0.07497,0.03844,0.03379,0.02752,0.01161,0.05438,0.02674,0.02103,0.01503,0.01769
0.08819,0.05108,0.08302,0.18691,0.13773,0.02881,0.05567,0.00840,0.02727,0.05114,0.01806,0.02213,0.02677,0.02796,0.05047,0.01732,0.02660,0.01637,0.02504,0.05107
0.10770,0.07746,0.03443,0.27786,0.02639,0.03510,0.07638,0.06791,0.01539,0.05312,0.01318,0.02180,0.01879,0.01828,0.03186,0.00750,0.03289,0.01480,0.01763,0.05154
0.06145,0.03753,0.01388,0.13262,0.01818,0.01932,0.47031,0.03761,0.01337,0.01894,0.04125,0.01450,0.01123,0.01034,0.01753,0.00956,0.02363,0.01069,0.01239,0.02566
0.06430,0.06556,0.10782,0.05579,0.00545,0.00699,0.04540,0.03886,0.00757,0.02258,0.00635,0.00778,0.00794,0.01136,0.50668,0.00430,0.00947,0.01336,0.00467,0.00776
0.04953,0.02050,0.19528,0.28971,0.02146,0.00950,0.20307,0.06162,0.00762,0.01166,0.01305,0.00912,0.00688,0.00538,0.04344,0.00594,0.01543,0.00672,0.00675,0.01732
0.09313,0.02718,0.05896,0.12613,0.01819,0.03294,0.20866,0.04075,0.02781,0.03149,0.02455,0.04060,0.01013,0.00961,0.06190,0.02770,0.01963,0.02362,0.01020,0.10681
0.06506,0.05383,0.02510,0.16276,0.01587,0.10693,0.10219,0.06504,0.01827,0.02324,0.02066,0.01891,0.02538,0.01823,0.01630,0.01490,0.20402,0.01715,0.01233,0.01383
0.12771,0.03319,0.11359,0.21036,0.01360,0.01328,0.15821,0.06596,0.02476,0.01462,0.01600,0.01187,0.01613,0.01497,0.06444,0.01183,0.01144,0.01236,0.00980,0.05589
0.04585,0.01801,0.01869,0.28173,0.03256,0.01701,0.35196,0.00991,0.01088,0.01257,0.06118,0.01466,0.01040,0.00996,0.00780,0.03049,0.02607,0.01123,0.01164,0.01742
0.04803,0.04026,0.02157,0.09501,0.10579,0.01300,0.08363,0.01040,0.04134,0.04252,0.06705,0.03661,0.05089,0.04222,0.01444,0.08641,0.06139,0.03206,0.09279,0.01458
0.21950,0.08305,0.02185,0.05596,0.08307,0.01283,0.06855,0.08626,0.04355,0.02453,0.05810,0.02510,0.02285,0.02905,0.01422,0.08014,0.01470,0.02091,0.01416,0.02161
0.08559,0.05742,0.03516,0.08637,0.01760,0.13070,0.07023,0.02068,0.02498,0.01521,0.01700,0.04405,0.04614,0.04667,0.03083,0.01586,0.10370,0.02340,0.03635,0.09204
0.10741,0.03957,0.01187,0.05092,0.04887,0.01971,0.09014,0.01151,0.05476,0.02464,0.09260,0.09198,0.03138,0.11746,0.00925,0.09045,0.02279,0.02556,0.02110,0.03803
0.03216,0.03139,0.03614,0.13594,0.01335,0.07346,0.06590,0.07230,0.01722,0.11153,0.01011,0.01686,0.01572,0.02239,0.02565,0.00702,0.24335,0.02759,0.01448,0.02744
0.09247,0.03652,0.03669,0.06078,0.08810,0.05771,0.07605,0.02020,0.03523,0.01678,0.02627,0.03384,0.06015,0.02184,0.05901,0.01537,0.14958,0.02774,0.05165,0.03402
0.17534,0.02059,0.00883,0.06170,0.04095,0.01619,0.05551,0.01902,0.03036,0.01931,0.04161,0.02451,0.01440,0.01233,0.00832,0.35619,0.05385,0.01160,0.01042,0.01896
0.04449,0.07049,0.04314,0.24374,0.01409,0.00907,0.10357,0.05395,0.03588,0.18551,0.01361,0.02278,0.01373,0.01644,0.03810,0.01242,0.01582,0.02583,0.01310,0.02425
0.06189,0.03838,0.01245,0.09610,0.10405,0.09543,0.04504,0.02527,0.05964,0.07355,0.01920,0.05677,0.03162,0.02394,0.01161,0.01671,0.13531,0.04876,0.02241,0.02188
0.09861,0.03018,0.02884,0.24939,0.09510,0.01951,0.09717,0.04782,0.02871,0.14910,0.01358,0.01755,0.01397,0.01204,0.01275,0.01179,0.01623,0.01880,0.01206,0.02680
0.07802,0.05076,0.03399,0.24809,0.02655,0.05832,0.12310,0.03112,0.04213,0.03289,0.01384,0.02772,0.01358,0.01167,0.03363,0.01335,0.04061,0.01099,0.01050,0.09914
0.13777,0.08023,0.01255,0.04660,0.04573,0.05183,0.05185,0.28054,0.01998,0.11562,0.01357,0.01910,0.01879,0.01363,0.01047,0.01294,0.02114,0.01612,0.01647,0.01508
0.09999,0.03623,0.02586,0.12705,0.12245,0.05614,0.15269,0.17088,0.01681,0.03277,0.01077,0.03285,0.01001,0.01032,0.01552,0.00763,0.02133,0.01630,0.01108,0.02331
0.08572,0.03355,0.04131,0.16035,0.13758,0.02183,0.18642,0.01749,0.02747,0.01471,0.02698,0.03746,0.01837,0.01261,0.08015,0.01311,0.03809,0.01116,0.01478,0.02085
0.08682,0.03042,0.02048,0.16791,0.12541,0.02153,0.18474,0.03567,0.01866,0.03501,0.01800,0.02377,0.01115,0.01078,0.01449,0.00954,0.02085,0.01273,0.01604,0.13600
0.06940,0.03032,0.01963,0.17506,0.15219,0.03310,0.07230,0.01220,0.02577,0.11319,0.02146,0.03376,0.02726,0.03059,0.01262,0.01967,0.03144,0.03409,0.01989,0.06608
0.15956,0.19688,0.03816,0.08952,0.01417,0.02201,0.05774,0.02990,0.03238,0.05616,0.01043,0.03141,0.04392,0.02872,0.03375,0.00745,0.02766,0.06414,0.02220,0.03384
