0.02697,0.02451,0.03003,0.02552,0.02387,0.03756,0.03599,0.03407,0.02519,0.02871,0.45628,0.02859,0.08077,0.04784,0.03612,0.02416,0.03384
0.05098,0.04230,0.03704,0.03129,0.03360,0.04473,0.03841,0.03682,0.03939,0.05006,0.22327,0.03792,0.04087,0.03938,0.03932,0.03064,0.18397
0.03153,0.03537,0.02970,0.03247,0.02706,0.04234,0.02835,0.02931,0.03995,0.02816,0.22496,0.02926,0.27959,0.03830,0.03982,0.03212,0.03171
0.03225,0.03256,0.03204,0.03061,0.03247,0.03652,0.03639,0.03356,0.05228,0.04648,0.13725,0.03586,0.19134,0.14043,0.05581,0.02784,0.04633
0.03528,0.05127,0.02724,0.04316,0.02581,0.03295,0.02982,0.03150,0.03040,0.03734,0.20066,0.02623,0.06531,0.02780,0.05381,0.20246,0.07896
0.02626,0.04187,0.03592,0.03398,0.03602,0.03621,0.04022,0.04194,0.02526,0.04421,0.12848,0.03730,0.15326,0.04328,0.05330,0.19599,0.02649
0.04104,0.03250,0.02840,0.03186,0.03023,0.03581,0.03551,0.02858,0.02641,0.04094,0.38406,0.02992,0.08251,0.03988,0.04618,0.03081,0.05535
0.18664,0.05515,0.03865,0.04544,0.03963,0.05560,0.05367,0.02930,0.03147,0.05570,0.05878,0.03068,0.03296,0.05555,0.05241,0.07454,0.10386
0.03911,0.04483,0.02357,0.03553,0.04111,0.05116,0.04674,0.03460,0.03842,0.04022,0.08874,0.03308,0.08952,0.10078,0.08205,0.17975,0.03078
0.04290,0.03306,0.04270,0.03918,0.03007,0.25914,0.06012,0.04081,0.04141,0.16119,0.03157,0.03351,0.02614,0.05496,0.02866,0.03174,0.04286
0.03451,0.03563,0.04006,0.03071,0.03346,0.03841,0.03708,0.03713,0.04248,0.03931,0.29868,0.04344,0.10582,0.04318,0.04487,0.05056,0.04465
0.03396,0.04718,0.03111,0.03648,0.03282,0.05664,0.04078,0.03126,0.03548,0.04600,0.24780,0.02987,0.07823,0.05178,0.06155,0.09724,0.04180
0.05272,0.02481,0.03749,0.02339,0.02767,0.04307,0.04450,0.03826,0.03109,0.03040,0.30073,0.03290,0.04800,0.12139,0.04445,0.06283,0.03629
0.03654,0.04721,0.03327,0.04096,0.03070,0.05078,0.04382,0.03465,0.03190,0.04399,0.16400,0.02965,0.06553,0.04500,0.05398,0.20714,0.04088
0.03306,0.03756,0.03824,0.04494,0.03746,0.04786,0.05023,0.03762,0.04898,0.05114,0.13342,0.03812,0.07738,0.03506,0.05342,0.18076,0.05475
0.04096,0.04272,0.03543,0.06759,0.05092,0.15829,0.04357,0.04705,0.05908,0.03572,0.04522,0.03964,0.04116,0.04437,0.03744,0.11171,0.09911
0.03514,0.06559,0.03091,0.03743,0.03855,0.04700,0.03482,0.04363,0.06632,0.03105,0.02452,0.02284,0.03412,0.03357,0.04315,0.38057,0.03079
0.04520,0.04306,0.03079,0.03442,0.04860,0.12706,0.03185,0.03255,0.04728,0.26858,0.04009,0.02877,0.03518,0.03779,0.02511,0.06199,0.06168
0.52557,0.02767,0.04565,0.02274,0.02162,0.02861,0.03503,0.02647,0.02270,0.03733,0.02481,0.01921,0.02421,0.03036,0.02513,0.05285,0.03005
0.04393,0.03975,0.03466,0.03134,0.04446,0.19165,0.05426,0.07145,0.13454,0.03094,0.03312,0.03123,0.03776,0.04529,0.03972,0.09592,0.03998
0.04111,0.02400,0.02870,0.02532,0.02884,0.03830,0.03419,0.03414,0.02805,0.02540,0.48187,0.03580,0.02951,0.04293,0.04445,0.02259,0.03480
0.03126,0.03624,0.02395,0.03385,0.03104,0.05520,0.03452,0.03385,0.03124,0.04158,0.05660,0.02734,0.13919,0.15433,0.05815,0.16577,0.04590
0.05257,0.02482,0.03502,0.03843,0.02984,0.03265,0.05406,0.02855,0.02291,0.02473,0.41038,0.03010,0.03067,0.04304,0.08290,0.02488,0.03444
0.21940,0.04125,0.04502,0.07964,0.07288,0.04538,0.03351,0.04046,0.05140,0.05216,0.04266,0.04682,0.03578,0.04489,0.03502,0.03372,0.08001
0.03984,0.03678,0.04392,0.04498,0.03417,0.05145,0.03985,0.03991,0.04446,0.05247,0.05440,0.04608,0.07193,0.09360,0.04685,0.18721,0.07210
0.04100,0.04950,0.02628,0.04331,0.02711,0.04183,0.04310,0.03212,0.03498,0.03740,0.19722,0.03351,0.20704,0.03134,0.04417,0.05752,0.05258
0.03334,0.02640,0.03448,0.02874,0.02744,0.02822,0.03271,0.02442,0.03364,0.02842,0.49874,0.02854,0.05219,0.03127,0.03142,0.02485,0.03519
0.03401,0.04086,0.03068,0.04078,0.03182,0.03814,0.03578,0.03854,0.03951,0.04265,0.17690,0.03312,0.07766,0.04268,0.04461,0.18722,0.06506
0.04288,0.03904,0.03010,0.03575,0.02487,0.04571,0.05636,0.03801,0.02842,0.02961,0.36041,0.02739,0.03816,0.08776,0.04713,0.02975,0.03867
0.04015,0.02620,0.02573,0.03424,0.03841,0.03502,0.03144,0.03061,0.04144,0.02917,0.03465,0.03342,0.09651,0.22667,0.03347,0.02978,0.21312
0.03852,0.03558,0.03399,0.03352,0.02534,0.03893,0.02945,0.02776,0.03142,0.02759,0.39422,0.02981,0.02953,0.02877,0.03784,0.02787,0.12985
0.03518,0.04957,0.03811,0.03428,0.03824,0.05757,0.04960,0.04021,0.04879,0.02920,0.13923,0.03800,0.06650,0.16332,0.09743,0.03206,0.04271
0.04688,0.02892,0.03420,0.03492,0.04969,0.05021,0.04689,0.03719,0.04089,0.02829,0.14941,0.10369,0.07167,0.14745,0.05579,0.03519,0.03872
0.03690,0.02432,0.02972,0.02682,0.03127,0.03807,0.05013,0.02950,0.03232,0.03059,0.08463,0.03690,0.04667,0.39350,0.04144,0.02612,0.04109
0.03886,0.03947,0.03179,0.03071,0.03156,0.03616,0.03550,0.03569,0.03238,0.03048,0.09260,0.03175,0.04401,0.03907,0.39327,0.02479,0.03191
0.03810,0.03162,0.02751,0.05388,0.02458,0.04540,0.04720,0.03307,0.04203,0.04123,0.15909,0.03041,0.12572,0.03457,0.04158,0.16888,0.05513
0.03152,0.02559,0.03433,0.03608,0.02373,0.04040,0.03510,0.02828,0.03513,0.03389,0.36874,0.03035,0.12179,0.02360,0.05472,0.03923,0.03755
0.49848,0.02799,0.05937,0.03263,0.02483,0.03831,0.02798,0.02244,0.02431,0.03105,0.04188,0.02966,0.02117,0.02904,0.02294,0.03451,0.03340
0.26044,0.04013,0.10677,0.03818,0.02813,0.05132,0.04539,0.03037,0.03077,0.03252,0.03423,0.03846,0.03834,0.03301,0.03484,0.12997,0.02714
0.11865,0.03291,0.02973,0.04559,0.05529,0.04754,0.04076,0.03581,0.04648,0.05047,0.02333,0.02807,0.04098,0.03631,0.03504,0.13393,0.19909
0.04899,0.04353,0.04731,0.03019,0.05137,0.16831,0.07374,0.04608,0.17957,0.05322,0.03216,0.03623,0.04048,0.03392,0.03751,0.03083,0.04657
0.03234,0.02816,0.03792,0.03413,0.02677,0.02807,0.04313,0.03472,0.03639,0.04470,0.38355,0.05257,0.06747,0.03559,0.02632,0.02466,0.06350
0.04045,0.03464,0.03621,0.04215,0.03605,0.03982,0.04615,0.03900,0.02905,0.03706,0.26447,0.03514,0.13986,0.04029,0.05491,0.04646,0.03831
0.02577,0.03376,0.02332,0.02999,0.02698,0.04202,0.03191,0.02677,0.03244,0.03555,0.03260,0.02410,0.04458,0.42399,0.04487,0.04282,0.07853
0.03282,0.05772,0.03736,0.03766,0.03804,0.04365,0.04620,0.04404,0.03970,0.04299,0.24061,0.04144,0.07869,0.05304,0.05257,0.05972,0.05376
0.03915,0.03240,0.02867,0.03192,0.03279,0.04215,0.04682,0.03268,0.02649,0.02583,0.37204,0.02757,0.02959,0.08057,0.08027,0.04012,0.03094
0.04212,0.03477,0.03653,0.02179,0.02903,0.04187,0.04547,0.04098,0.03071,0.02778,0.34176,0.03425,0.03401,0.12132,0.03929,0.03196,0.04635
0.02511,0.06115,0.03171,0.02139,0.03390,0.04650,0.03396,0.02554,0.04011,0.04912,0.16904,0.02924,0.03880,0.04430,0.03615,0.28453,0.02945
0.04208,0.03998,0.04770,0.04184,0.03541,0.03991,0.03777,0.03713,0.04266,0.03839,0.29898,0.03656,0.10635,0.03066,0.04709,0.03057,0.04693
0.02551,0.03291,0.03316,0.03659,0.03202,0.03876,0.04604,0.02891,0.03539,0.04169,0.06222,0.02894,0.10594,0.30929,0.05836,0.05681,0.02747
0.03662,0.03426,0.03694,0.03984,0.04992,0.03744,0.03394,0.03910,0.04302,0.03876,0.03394,0.05992,0.06383,0.05758,0.03098,0.23728,0.12663
0.03835,0.02861,0.02590,0.02758,0.03529,0.05861,0.04801,0.04438,0.03203,0.03156,0.35339,0.03284,0.03490,0.09275,0.03889,0.03411,0.04280
0.04207,0.04248,0.03269,0.03782,0.03123,0.18193,0.03352,0.03055,0.05603,0.23814,0.03353,0.02403,0.03763,0.02674,0.03260,0.07231,0.04670
0.18661,0.04788,0.06046,0.09266,0.04189,0.04898,0.03696,0.03299,0.03122,0.04479,0.05539,0.06145,0.03102,0.04390,0.04457,0.09501,0.04418
0.03341,0.03522,0.03325,0.04049,0.03330,0.04834,0.03591,0.03061,0.02798,0.03358,0.10239,0.02688,0.22233,0.03128,0.19920,0.03650,0.02931
0.04272,0.04010,0.04411,0.02882,0.04837,0.11190,0.05325,0.23355,0.05279,0.08326,0.03693,0.03652,0.03504,0.04692,0.02995,0.03839,0.03740
0.03692,0.05441,0.03220,0.02943,0.03252,0.05015,0.04553,0.03570,0.04735,0.03675,0.23091,0.04209,0.05826,0.07680,0.05747,0.08808,0.04542
0.02649,0.04304,0.02727,0.02412,0.03559,0.41178,0.03704,0.08052,0.05585,0.02522,0.03046,0.02567,0.04439,0.03043,0.02739,0.03310,0.04164
0.03811,0.04599,0.04084,0.05045,0.04829,0.04047,0.06025,0.04646,0.04551,0.05666,0.10411,0.03606,0.13702,0.07190,0.04831,0.07701,0.05255
0.03693,0.03004,0.03237,0.02608,0.02066,0.05077,0.03862,0.02503,0.02394,0.02872,0.49487,0.02339,0.02422,0.03233,0.05206,0.02153,0.03844
0.03564,0.03566,0.04065,0.03538,0.03538,0.04009,0.03873,0.04878,0.03588,0.03767,0.15121,0.04229,0.07178,0.21241,0.04985,0.03506,0.05355
0.33814,0.02570,0.03905,0.05797,0.02212,0.03650,0.04120,0.02733,0.02955,0.04200,0.03344,0.03645,0.04286,0.03564,0.03451,0.12701,0.03053
0.03183,0.02981,0.02439,0.02834,0.02606,0.03824,0.03730,0.03469,0.02906,0.03193,0.22618,0.03200,0.07330,0.22818,0.05371,0.03542,0.03957
0.04531,0.04695,0.03648,0.04932,0.04610,0.05582,0.03579,0.08035,0.06019,0.05252,0.03346,0.03435,0.03804,0.03275,0.03112,0.04446,0.27698
0.03312,0.02792,0.03199,0.03317,0.02901,0.03576,0.04824,0.02523,0.03153,0.04797,0.42926,0.03954,0.03698,0.03699,0.03489,0.03944,0.03898
0.05209,0.03648,0.03331,0.02951,0.03350,0.04260,0.04485,0.03881,0.03499,0.04420,0.13692,0.03868,0.03652,0.25369,0.05035,0.03459,0.05891
0.03441,0.03505,0.02819,0.02520,0.02875,0.05239,0.03196,0.03165,0.03288,0.02818,0.42553,0.03122,0.04770,0.03570,0.03416,0.03041,0.06662
0.02741,0.03082,0.03557,0.02087,0.02247,0.03851,0.03089,0.02357,0.02824,0.02760,0.08498,0.02466,0.07236,0.41044,0.05224,0.02541,0.04397
0.03019,0.03411,0.03592,0.02271,0.03343,0.04284,0.05078,0.03300,0.04011,0.02451,0.39449,0.03420,0.02785,0.09721,0.03914,0.03165,0.02789
0.21299,0.04792,0.05339,0.07929,0.08653,0.03675,0.03120,0.05566,0.03107,0.04038,0.04104,0.05430,0.06343,0.03887,0.03891,0.03768,0.05060
0.03954,0.04722,0.03301,0.02114,0.03781,0.29830,0.07876,0.03106,0.11961,0.03052,0.03644,0.02574,0.03594,0.04776,0.03745,0.04000,0.03970
0.02989,0.03544,0.04446,0.03268,0.03322,0.03801,0.04918,0.03358,0.02738,0.03196,0.40788,0.03793,0.03244,0.04476,0.03932,0.05179,0.03007
0.03157,0.03127,0.02730,0.01833,0.02402,0.06193,0.04123,0.02762,0.02376,0.02620,0.31681,0.02785,0.03510,0.19398,0.03625,0.03023,0.04654
0.04002,0.03684,0.02896,0.02217,0.03224,0.05874,0.04543,0.03156,0.02716,0.03231,0.37043,0.02550,0.04718,0.07367,0.04886,0.04746,0.03147
0.21937,0.02245,0.02582,0.26307,0.02841,0.03425,0.03243,0.02912,0.04023,0.03968,0.02689,0.02835,0.04091,0.03929,0.03531,0.05051,0.04390
0.03045,0.02987,0.03636,0.02849,0.03017,0.03785,0.03513,0.02964,0.03996,0.03700,0.43920,0.03528,0.05221,0.02847,0.02906,0.03128,0.04958
0.04692,0.04277,0.02916,0.02799,0.02914,0.04617,0.04194,0.03774,0.03477,0.03591,0.34713,0.02874,0.03839,0.04947,0.04277,0.03199,0.08900
0.03051,0.03635,0.02680,0.04719,0.03318,0.03909,0.03247,0.03791,0.04832,0.03257,0.15158,0.03205,0.26432,0.04307,0.05339,0.03839,0.05282
0.14221,0.05275,0.09343,0.03995,0.04184,0.05075,0.04714,0.04086,0.03505,0.05939,0.04666,0.02966,0.04252,0.04269,0.03793,0.04521,0.15196
0.03823,0.04781,0.02383,0.04787,0.02879,0.03668,0.04220,0.03209,0.03121,0.04904,0.13359,0.03340,0.24006,0.05788,0.04631,0.06899,0.04203
0.03168,0.03890,0.03934,0.03092,0.04529,0.04568,0.06361,0.04460,0.03419,0.03477,0.20500,0.03940,0.05103,0.05753,0.14780,0.05529,0.03496
0.03043,0.03033,0.03448,0.04316,0.03137,0.03158,0.02900,0.02941,0.03759,0.03527,0.04781,0.02831,0.25907,0.03534,0.03863,0.03718,0.22103
0.66518,0.02584,0.02458,0.02183,0.01945,0.02431,0.01787,0.02342,0.01499,0.02552,0.01997,0.01723,0.01966,0.01580,0.01982,0.02448,0.02005
0.05926,0.03819,0.03128,0.03503,0.03109,0.05204,0.06826,0.03640,0.03960,0.03384,0.13602,0.03874,0.05172,0.11571,0.04295,0.13823,0.05164
0.04007,0.03712,0.03103,0.03068,0.03448,0.03132,0.03305,0.02750,0.02651,0.03808,0.34440,0.02329,0.06329,0.03503,0.14172,0.02592,0.03651
0.05328,0.04466,0.03799,0.10111,0.28608,0.04358,0.02725,0.04889,0.04616,0.03304,0.03337,0.06389,0.03305,0.03027,0.02766,0.05829,0.03142
0.03200,0.03073,0.03131,0.02907,0.02422,0.03087,0.02931,0.02784,0.04054,0.03068,0.41151,0.02557,0.11208,0.02680,0.04630,0.03009,0.04108
0.02544,0.03383,0.02189,0.03755,0.02656,0.03721,0.02987,0.03772,0.43716,0.02785,0.02924,0.02850,0.01962,0.02682,0.01876,0.13094,0.03105
0.04995,0.06361,0.04581,0.03702,0.03619,0.15254,0.04470,0.05955,0.09961,0.07802,0.04536,0.03906,0.03301,0.05787,0.03367,0.08377,0.04027
0.04427,0.04271,0.03196,0.02324,0.03690,0.05272,0.03114,0.03305,0.03223,0.03105,0.34076,0.04072,0.04266,0.10334,0.03581,0.02987,0.04756
0.05033,0.03818,0.04073,0.04872,0.04655,0.03294,0.03672,0.03690,0.03649,0.03616,0.20999,0.05024,0.06940,0.04746,0.05123,0.03830,0.12967
0.02565,0.03465,0.02879,0.02717,0.03259,0.04570,0.04111,0.02473,0.02362,0.02665,0.47667,0.02841,0.02739,0.02432,0.03492,0.07490,0.02271
0.04205,0.05668,0.04368,0.03741,0.04081,0.04081,0.03939,0.04085,0.05117,0.04774,0.17275,0.04631,0.10160,0.04684,0.07489,0.07209,0.04494
0.03839,0.03425,0.03443,0.04208,0.02969,0.03460,0.05748,0.03518,0.03863,0.03707,0.23187,0.03975,0.10082,0.04707,0.09431,0.04785,0.05652
0.03516,0.03223,0.03421,0.02346,0.02884,0.03140,0.04855,0.02904,0.02797,0.03284,0.45005,0.03078,0.04080,0.04728,0.03260,0.03315,0.04165
0.04512,0.03642,0.03362,0.03706,0.02895,0.04336,0.04873,0.04892,0.04092,0.04066,0.16844,0.03337,0.06511,0.06406,0.05272,0.14347,0.06907
0.04712,0.03275,0.03641,0.03803,0.03400,0.03126,0.03853,0.03098,0.03275,0.02745,0.21852,0.03728,0.05352,0.03275,0.21160,0.03093,0.06613
0.03260,0.05844,0.02712,0.02872,0.03210,0.04292,0.03798,0.05336,0.03597,0.05071,0.04239,0.02759,0.15308,0.10803,0.06874,0.16954,0.03069
0.04034,0.03879,0.03299,0.03069,0.03099,0.04528,0.04727,0.03160,0.03353,0.04480,0.11615,0.04246,0.04614,0.13059,0.04196,0.03813,0.20829
0.03429,0.02862,0.03340,0.02978,0.03628,0.04032,0.04105,0.03567,0.03152,0.03034,0.35319,0.03869,0.07275,0.06633,0.04884,0.04041,0.03853
0.03369,0.02877,0.02850,0.03988,0.02530,0.04301,0.03954,0.02861,0.02454,0.04619,0.11865,0.02713,0.32105,0.03605,0.08276,0.03887,0.03746
0.14858,0.03725,0.04767,0.17329,0.08641,0.04502,0.03244,0.04007,0.04726,0.04595,0.03589,0.04283,0.02990,0.04375,0.04552,0.04604,0.05213
0.03497,0.03784,0.04310,0.05216,0.03898,0.11322,0.03698,0.19940,0.09334,0.03965,0.04039,0.03713,0.05250,0.04303,0.03146,0.04306,0.06279
0.03174,0.03298,0.02894,0.03173,0.03655,0.03680,0.03928,0.04012,0.03160,0.03993,0.16090,0.03298,0.04021,0.27869,0.04839,0.05227,0.03688
0.02837,0.02434,0.03046,0.02411,0.02068,0.03430,0.03144,0.03327,0.03363,0.02558,0.55819,0.03225,0.02398,0.02345,0.02823,0.01908,0.02864
0.03071,0.03124,0.03299,0.02626,0.03016,0.02864,0.03892,0.02264,0.03660,0.03743,0.11816,0.02943,0.39598,0.03352,0.03388,0.03419,0.03924
0.04311,0.03451,0.04210,0.03870,0.04248,0.06062,0.06055,0.04734,0.02628,0.03852,0.13315,0.04228,0.03618,0.17966,0.04733,0.07322,0.05398
0.03958,0.03049,0.03830,0.03237,0.03963,0.05048,0.03980,0.04246,0.03442,0.04991,0.09629,0.04388,0.10843,0.10681,0.04489,0.17562,0.02666
0.03459,0.03404,0.02984,0.02649,0.02948,0.05173,0.07175,0.03479,0.03381,0.03192,0.23693,0.03958,0.05552,0.12963,0.05717,0.07283,0.02991
0.02959,0.03418,0.03292,0.04658,0.03069,0.04054,0.03150,0.04134,0.04502,0.04132,0.13315,0.03561,0.26291,0.04014,0.06655,0.04015,0.04783
0.04699,0.02706,0.03998,0.04539,0.03092,0.03723,0.05793,0.03057,0.03625,0.02885,0.04087,0.04378,0.05994,0.07229,0.27097,0.03481,0.09614
0.04299,0.05392,0.03367,0.05082,0.03830,0.03380,0.03781,0.03608,0.03897,0.03985,0.25743,0.03620,0.07251,0.02783,0.03397,0.03061,0.13523
0.03443,0.02317,0.03724,0.02895,0.02933,0.03148,0.04270,0.02899,0.02465,0.03082,0.46904,0.03218,0.05402,0.03488,0.03265,0.03057,0.03489
0.04586,0.04771,0.03783,0.05382,0.04788,0.07464,0.03773,0.03058,0.06117,0.15698,0.03043,0.04351,0.04961,0.04533,0.03036,0.16080,0.04575
0.04833,0.03936,0.03457,0.03224,0.03542,0.04354,0.03413,0.04793,0.02628,0.03755,0.21919,0.02941,0.04573,0.04204,0.20848,0.03098,0.04484
0.03013,0.02322,0.02597,0.02395,0.02389,0.02990,0.02451,0.03038,0.02433,0.02522,0.06470,0.03417,0.03463,0.52355,0.02825,0.02089,0.03232
0.03234,0.02378,0.03342,0.02574,0.02640,0.03780,0.03631,0.02529,0.02550,0.04245,0.16364,0.02273,0.28742,0.09391,0.04328,0.03452,0.04545
0.38567,0.02898,0.08092,0.04884,0.02612,0.04865,0.03991,0.02187,0.03321,0.03504,0.03539,0.03604,0.03087,0.03472,0.03811,0.03208,0.04356
0.02936,0.03102,0.02886,0.02533,0.02470,0.05034,0.02978,0.03210,0.03381,0.03250,0.04274,0.02783,0.11121,0.02933,0.41378,0.03009,0.02724
0.19430,0.04270,0.16574,0.04369,0.05268,0.03704,0.05098,0.03735,0.03054,0.03292,0.04032,0.05305,0.04064,0.03215,0.04369,0.03568,0.06652
0.03884,0.04046,0.03818,0.03390,0.02849,0.02981,0.02836,0.03550,0.02566,0.03315,0.42476,0.02718,0.04652,0.02524,0.03702,0.02652,0.08041
0.03159,0.03637,0.03435,0.03067,0.03696,0.05092,0.04317,0.04119,0.02940,0.05055,0.13345,0.02928,0.04058,0.05780,0.05507,0.27217,0.02650
0.02920,0.03237,0.03121,0.02953,0.02866,0.03186,0.03210,0.02787,0.02326,0.03593,0.50004,0.02692,0.04617,0.02506,0.03252,0.03953,0.02776
0.19244,0.05072,0.05175,0.04531,0.03920,0.05916,0.03893,0.03753,0.03497,0.04802,0.04198,0.03079,0.02898,0.03262,0.05404,0.17731,0.03625
0.02700,0.03943,0.02976,0.02007,0.04061,0.04011,0.03343,0.03158,0.03577,0.03202,0.16670,0.04401,0.11205,0.23262,0.04028,0.03123,0.04336
0.03273,0.03599,0.03107,0.03899,0.02909,0.02621,0.03110,0.03563,0.02822,0.05244,0.29883,0.03210,0.09495,0.02377,0.03740,0.03395,0.13754
0.09363,0.05677,0.26990,0.04627,0.06020,0.03011,0.02871,0.03053,0.03778,0.03329,0.04306,0.04929,0.03035,0.03428,0.03035,0.03503,0.09045
0.03623,0.04024,0.03086,0.03719,0.04194,0.03492,0.04376,0.03952,0.04786,0.03724,0.08671,0.03840,0.17342,0.03269,0.04030,0.04697,0.19178
0.05420,0.04462,0.03694,0.03277,0.05236,0.05974,0.05597,0.06258,0.03821,0.03730,0.10743,0.03864,0.08228,0.09905,0.05893,0.07823,0.06076
0.05336,0.04723,0.03950,0.04022,0.03769,0.05161,0.04784,0.05545,0.03265,0.04740,0.14009,0.03469,0.05576,0.06896,0.05402,0.10737,0.08619
0.03749,0.04484,0.02899,0.04309,0.03293,0.07281,0.03358,0.04749,0.26266,0.08970,0.03367,0.03998,0.03483,0.03143,0.02638,0.04358,0.09654
0.03933,0.06208,0.03397,0.02796,0.05880,0.11924,0.04420,0.20062,0.10081,0.03887,0.04084,0.04007,0.04045,0.03650,0.03254,0.03838,0.04533
0.02264,0.02281,0.02384,0.01875,0.01784,0.02161,0.02000,0.01659,0.02467,0.02269,0.64681,0.02017,0.03718,0.01467,0.03050,0.01396,0.02526
0.04576,0.04283,0.02685,0.02788,0.03473,0.05394,0.04115,0.03593,0.02589,0.04561,0.12245,0.02774,0.07598,0.20198,0.05103,0.06482,0.07543
0.03459,0.05005,0.03417,0.03445,0.04193,0.08663,0.05486,0.05595,0.27228,0.04629,0.02760,0.03033,0.03045,0.04279,0.03433,0.07040,0.05290
0.06749,0.04519,0.03028,0.02119,0.02768,0.34064,0.03718,0.02875,0.02852,0.03856,0.03848,0.02333,0.03429,0.03014,0.04458,0.04945,0.11424
0.03488,0.03637,0.02872,0.02739,0.03639,0.09649,0.02750,0.03898,0.35795,0.07400,0.02916,0.03208,0.05435,0.02317,0.02936,0.03243,0.04076
0.03233,0.02700,0.02979,0.03168,0.02179,0.03503,0.03023,0.02760,0.02895,0.02618,0.50402,0.02330,0.04380,0.02696,0.05039,0.02775,0.03320
0.03687,0.03174,0.03020,0.03221,0.03952,0.02945,0.02982,0.02714,0.04286,0.03047,0.41135,0.02984,0.04645,0.04136,0.03647,0.02588,0.07837
0.06214,0.03476,0.03213,0.03149,0.03182,0.05127,0.04216,0.03969,0.02808,0.03442,0.18245,0.03699,0.04462,0.18001,0.09856,0.02725,0.04217
0.03934,0.03360,0.04577,0.03810,0.03397,0.04346,0.04524,0.04523,0.04040,0.03692,0.26956,0.04615,0.07034,0.05659,0.05508,0.06517,0.03508
0.02398,0.03142,0.01888,0.01783,0.03843,0.41802,0.04700,0.15183,0.03682,0.03178,0.03056,0.02007,0.03411,0.02518,0.02169,0.02616,0.02623
0.02392,0.03649,0.02429,0.04006,0.03149,0.03882,0.02776,0.03050,0.03077,0.03956,0.09023,0.02349,0.32824,0.02807,0.04612,0.10680,0.05340
0.03222,0.02045,0.02360,0.02275,0.01720,0.03406,0.02945,0.03283,0.02566,0.02699,0.05706,0.03249,0.02534,0.01836,0.55616,0.02004,0.02534
0.04207,0.04015,0.03733,0.03645,0.03952,0.04674,0.05551,0.04392,0.03101,0.05242,0.15726,0.04730,0.09085,0.11103,0.05151,0.07501,0.04194
0.06239,0.03389,0.03604,0.03288,0.03641,0.03346,0.03150,0.04651,0.02916,0.04492,0.27581,0.03392,0.04727,0.08650,0.04326,0.02722,0.09885
0.03803,0.04692,0.03847,0.02858,0.04749,0.35745,0.04009,0.03959,0.05542,0.06344,0.03750,0.02396,0.03996,0.03351,0.02946,0.03967,0.04047
0.04089,0.03284,0.03349,0.04492,0.04171,0.04589,0.05688,0.04534,0.03718,0.02658,0.07614,0.03523,0.12019,0.13090,0.11514,0.05049,0.06618
0.03077,0.02608,0.03173,0.03336,0.02590,0.03208,0.02830,0.02466,0.03454,0.02743,0.32354,0.02805,0.21770,0.02867,0.03389,0.02632,0.04698
0.03937,0.03955,0.03452,0.04315,0.03836,0.03189,0.03510,0.04024,0.04031,0.03179,0.30891,0.03476,0.07677,0.04088,0.03724,0.02722,0.09994
0.02929,0.05252,0.02585,0.03009,0.02870,0.05516,0.04547,0.02872,0.03137,0.03830,0.06583,0.03939,0.16379,0.24025,0.04825,0.03684,0.04016
0.03508,0.03737,0.03460,0.04150,0.04603,0.05145,0.03371,0.03678,0.03493,0.04148,0.18758,0.03406,0.13318,0.06372,0.06956,0.05239,0.06659
0.02377,0.03197,0.02653,0.02753,0.02858,0.05243,0.02855,0.02490,0.02944,0.02549,0.02845,0.02365,0.28379,0.26058,0.03837,0.02060,0.04536
0.04621,0.03272,0.04389,0.02545,0.03742,0.04920,0.04693,0.04312,0.04054,0.03853,0.27962,0.03924,0.04098,0.11251,0.04429,0.05129,0.02805
0.02747,0.05591,0.03325,0.02596,0.03584,0.04681,0.03923,0.02887,0.03920,0.03109,0.16079,0.02885,0.04147,0.03084,0.04959,0.29079,0.03402
0.03549,0.03341,0.03897,0.03219,0.03005,0.03796,0.03568,0.03895,0.03411,0.02839,0.39318,0.04303,0.06893,0.03002,0.04114,0.02675,0.05176
0.01897,0.02287,0.03220,0.01642,0.02596,0.03805,0.02340,0.02730,0.60681,0.02425,0.01992,0.01911,0.02163,0.02271,0.02025,0.03757,0.02258
0.03737,0.03475,0.02727,0.02522,0.02801,0.03989,0.03594,0.02903,0.03120,0.03048,0.46053,0.02769,0.05217,0.03300,0.03767,0.03185,0.03790
0.04004,0.03504,0.03701,0.02784,0.03563,0.05101,0.04590,0.03095,0.02939,0.03556,0.33313,0.02630,0.04322,0.06219,0.05934,0.06460,0.04284
0.03729,0.03407,0.04322,0.03853,0.03434,0.03636,0.04745,0.03273,0.03806,0.05746,0.12011,0.02981,0.23781,0.07672,0.04705,0.03219,0.05680
0.03198,0.03763,0.03850,0.04111,0.03840,0.03745,0.05103,0.03371,0.03982,0.04230,0.20836,0.03166,0.04388,0.10587,0.05657,0.08380,0.07794
0.03663,0.03070,0.02946,0.03063,0.03184,0.03543,0.03454,0.03066,0.03409,0.03077,0.31826,0.04211,0.03685,0.15798,0.03655,0.02688,0.05662
0.04837,0.03820,0.03819,0.03580,0.03356,0.04671,0.03882,0.02945,0.02832,0.04116,0.35862,0.03013,0.04743,0.04288,0.04251,0.04144,0.05840
0.04159,0.03248,0.03938,0.03406,0.03216,0.03427,0.03957,0.03659,0.03180,0.02793,0.39426,0.08257,0.04789,0.02975,0.03260,0.03094,0.03217
0.15237,0.05883,0.03795,0.05613,0.05950,0.03734,0.04329,0.03685,0.03412,0.03261,0.03272,0.03245,0.02995,0.04780,0.04273,0.21506,0.05029
0.03059,0.02732,0.03280,0.04237,0.03334,0.03712,0.03489,0.03295,0.03228,0.03102,0.03238,0.02810,0.20553,0.14016,0.06154,0.04266,0.15497
0.11976,0.05340,0.02970,0.18724,0.04173,0.04473,0.03768,0.04955,0.03848,0.03456,0.02834,0.02653,0.02955,0.03986,0.04798,0.12464,0.06628
0.19996,0.02986,0.04768,0.11724,0.04000,0.04461,0.03185,0.04100,0.03035,0.03812,0.03773,0.04090,0.05539,0.03410,0.04755,0.13072,0.03293
0.03929,0.03146,0.03635,0.03454,0.02762,0.04049,0.04783,0.04321,0.03484,0.04186,0.16292,0.03215,0.03950,0.07952,0.06261,0.21184,0.03396
0.52663,0.02802,0.07942,0.02868,0.02571,0.03034,0.02964,0.02224,0.02020,0.02779,0.03026,0.02362,0.01804,0.02731,0.02476,0.02578,0.03154
0.03886,0.03860,0.02171,0.02927,0.03861,0.04308,0.03593,0.03699,0.03443,0.03859,0.03941,0.02960,0.09114,0.36122,0.05773,0.03967,0.02516
0.02875,0.03171,0.03404,0.02498,0.02641,0.03137,0.03161,0.02555,0.02950,0.02853,0.50522,0.02975,0.05007,0.03144,0.02980,0.02143,0.03985
0.02877,0.03923,0.04814,0.02826,0.04247,0.03841,0.04169,0.03384,0.04304,0.03416,0.24690,0.03242,0.07128,0.12186,0.05904,0.05939,0.03110
0.04069,0.03504,0.03443,0.03846,0.03423,0.04615,0.05220,0.03994,0.04100,0.03933,0.25647,0.03043,0.14331,0.04350,0.04108,0.02610,0.05764
0.03693,0.03337,0.03207,0.03111,0.04598,0.06298,0.05402,0.03626,0.03650,0.04714,0.08641,0.03390,0.05385,0.19128,0.04958,0.11479,0.05382
0.03139,0.02568,0.03312,0.02453,0.02529,0.03552,0.03002,0.03817,0.02917,0.02664,0.49231,0.03169,0.04237,0.04179,0.03729,0.02387,0.03115
0.17835,0.04218,0.09543,0.11445,0.04553,0.03680,0.04770,0.03783,0.03029,0.03081,0.03661,0.03917,0.02916,0.03525,0.04809,0.11542,0.03692
0.04843,0.05627,0.04275,0.03234,0.03611,0.23797,0.05291,0.06546,0.05760,0.09671,0.03749,0.02893,0.04405,0.03848,0.03329,0.04854,0.04268
0.05116,0.06720,0.04493,0.03303,0.05243,0.03671,0.04521,0.03391,0.04064,0.03569,0.11909,0.04597,0.06176,0.07757,0.05187,0.12297,0.07986
0.04714,0.04781,0.03274,0.04409,0.04855,0.21769,0.04606,0.03776,0.09460,0.09370,0.05109,0.02731,0.03488,0.04128,0.03579,0.06127,0.03824
0.03391,0.03354,0.03312,0.03408,0.03681,0.03171,0.04862,0.04288,0.04038,0.03099,0.24401,0.02912,0.05332,0.13058,0.09680,0.03721,0.04292
0.03520,0.03472,0.03406,0.02942,0.03135,0.03827,0.04229,0.04447,0.03290,0.04759,0.18913,0.03776,0.06738,0.10514,0.13831,0.05672,0.03527
0.03266,0.02734,0.02519,0.02455,0.03342,0.05724,0.02833,0.02925,0.48433,0.02986,0.02190,0.02653,0.02671,0.02472,0.02303,0.05952,0.04541
0.04345,0.02915,0.04057,0.04775,0.03194,0.06008,0.05548,0.03366,0.04322,0.03512,0.14919,0.03148,0.10416,0.17602,0.04558,0.03736,0.03579
0.30296,0.02864,0.03994,0.13066,0.03222,0.04414,0.02773,0.04798,0.03588,0.03171,0.03672,0.03019,0.03164,0.03911,0.03648,0.05055,0.05346
0.03301,0.04604,0.02994,0.02892,0.03976,0.04282,0.03918,0.04003,0.03502,0.03081,0.11516,0.03122,0.06387,0.25115,0.07380,0.05090,0.04837
0.05242,0.04830,0.03557,0.02733,0.04119,0.28131,0.04821,0.04837,0.03937,0.04973,0.03734,0.02829,0.03479,0.05224,0.04108,0.08971,0.04476
0.03124,0.03186,0.03313,0.02937,0.02929,0.04443,0.04168,0.03412,0.04829,0.03708,0.35116,0.03723,0.08196,0.07019,0.03421,0.03463,0.03014
0.03547,0.03359,0.03386,0.03905,0.04136,0.04155,0.05815,0.04250,0.03523,0.03874,0.22304,0.03729,0.11171,0.06602,0.08813,0.03258,0.04172
0.20946,0.03663,0.05158,0.18357,0.03294,0.04417,0.03060,0.05143,0.03268,0.04474,0.03382,0.03516,0.03099,0.04025,0.03503,0.04123,0.06573
0.03456,0.04057,0.03213,0.03237,0.03371,0.04848,0.03241,0.03533,0.03740,0.04799,0.18218,0.03531,0.22352,0.04985,0.04736,0.03823,0.04861
0.03420,0.02178,0.02721,0.01858,0.02196,0.60125,0.02291,0.02018,0.02396,0.03556,0.02803,0.02145,0.02183,0.02581,0.02245,0.02237,0.03048
0.02550,0.02805,0.02638,0.02224,0.02818,0.03049,0.03082,0.02865,0.02513,0.02500,0.10642,0.02607,0.03083,0.03544,0.47674,0.03005,0.02398
0.04105,0.03156,0.03056,0.02119,0.02918,0.03884,0.04107,0.03839,0.03248,0.02633,0.36335,0.04728,0.03830,0.11567,0.03827,0.02981,0.03664
0.03925,0.03152,0.03795,0.06039,0.04593,0.10976,0.05855,0.15402,0.05232,0.04937,0.03702,0.03213,0.02708,0.04397,0.03543,0.03533,0.14997
0.04578,0.03835,0.02829,0.03083,0.02736,0.03943,0.03325,0.03759,0.03070,0.05796,0.08806,0.02428,0.14087,0.12209,0.04851,0.03265,0.17401
0.04000,0.04961,0.03450,0.04352,0.04037,0.06349,0.04589,0.04160,0.03577,0.03415,0.21217,0.03050,0.07883,0.04683,0.08329,0.07570,0.04377
0.03120,0.05209,0.03156,0.03784,0.02321,0.04130,0.04087,0.03326,0.03699,0.03662,0.06232,0.04478,0.18530,0.19717,0.04890,0.03601,0.06059
0.03570,0.04614,0.03244,0.03438,0.04173,0.04855,0.03743,0.03901,0.04329,0.03463,0.20898,0.02855,0.15257,0.03320,0.04238,0.04190,0.09914
0.03573,0.02701,0.04932,0.03097,0.03261,0.03987,0.04886,0.04894,0.02761,0.05059,0.18649,0.04027,0.14367,0.07576,0.06838,0.03341,0.06051
0.03764,0.03602,0.03877,0.03458,0.02985,0.04327,0.05420,0.03626,0.03328,0.05390,0.26252,0.03854,0.10157,0.05024,0.05750,0.04867,0.04320
0.05102,0.05687,0.04715,0.04232,0.04657,0.17244,0.04425,0.11424,0.05959,0.06016,0.04541,0.03989,0.05104,0.03648,0.03998,0.05388,0.03870
0.02366,0.03439,0.02255,0.02001,0.03459,0.07816,0.03806,0.47461,0.03820,0.02645,0.02717,0.03525,0.03070,0.02749,0.03348,0.02456,0.03067
0.52990,0.02777,0.04014,0.03172,0.02071,0.03855,0.03389,0.02371,0.02675,0.03519,0.03117,0.02489,0.02243,0.03169,0.02247,0.02774,0.03125
0.03891,0.04001,0.03612,0.03567,0.05115,0.07067,0.04922,0.03176,0.04303,0.03049,0.22849,0.04274,0.07873,0.07351,0.06044,0.03071,0.05833
0.14756,0.03318,0.26001,0.06381,0.04219,0.04283,0.03876,0.03972,0.03151,0.03607,0.03218,0.04881,0.03860,0.03131,0.03187,0.03955,0.04204
0.02942,0.03941,0.02881,0.02475,0.03232,0.03667,0.03679,0.04352,0.02854,0.03511,0.06434,0.02806,0.03642,0.14480,0.04908,0.30073,0.04123
0.03093,0.03472,0.03106,0.02126,0.02572,0.03662,0.03435,0.03039,0.03126,0.03064,0.38455,0.02723,0.03709,0.12686,0.02769,0.02818,0.06146
0.04844,0.02047,0.03990,0.02525,0.02478,0.02900,0.05112,0.03272,0.02809,0.03262,0.43528,0.07960,0.02674,0.03945,0.03712,0.02455,0.02486
0.03476,0.03059,0.03312,0.03987,0.02915,0.04312,0.03206,0.02954,0.03160,0.03466,0.30028,0.03330,0.15303,0.03013,0.06540,0.02541,0.05398
0.02988,0.04563,0.04120,0.03089,0.04189,0.21672,0.03537,0.08104,0.06616,0.04324,0.04190,0.03135,0.03332,0.03049,0.02930,0.05030,0.15131
0.04229,0.04231,0.04950,0.03697,0.03796,0.04359,0.05007,0.03801,0.03775,0.06200,0.11166,0.03652,0.09588,0.07249,0.12373,0.06266,0.05662
0.03925,0.01939,0.03302,0.45809,0.08368,0.03978,0.03251,0.03581,0.02760,0.02226,0.03016,0.03101,0.02574,0.02558,0.02879,0.02861,0.03873
0.04053,0.03756,0.03744,0.03119,0.02511,0.04053,0.03558,0.02805,0.02958,0.04397,0.32944,0.02505,0.09306,0.03456,0.04816,0.03095,0.08927
0.03703,0.02709,0.03016,0.02389,0.02932,0.03978,0.04347,0.03389,0.02600,0.03080,0.44132,0.02360,0.02921,0.09181,0.03711,0.02980,0.02572
0.04507,0.03050,0.02653,0.03888,0.02448,0.03200,0.03415,0.03010,0.03366,0.04418,0.04114,0.02733,0.03724,0.10001,0.37409,0.03742,0.04321
0.04306,0.04177,0.04338,0.03675,0.05016,0.05083,0.03711,0.03305,0.03566,0.04733,0.16770,0.04695,0.05209,0.13237,0.04341,0.04127,0.09712
0.04415,0.03850,0.04428,0.02811,0.04661,0.04257,0.05463,0.03669,0.03520,0.03026,0.20316,0.04813,0.06785,0.11239,0.05762,0.02638,0.08347
0.03587,0.03308,0.03047,0.02678,0.03893,0.04333,0.03573,0.03654,0.04157,0.03587,0.13594,0.02790,0.07373,0.06057,0.26106,0.04374,0.03891
0.02889,0.02710,0.03115,0.03441,0.02283,0.03104,0.02660,0.02618,0.02473,0.05300,0.22202,0.02610,0.29740,0.04171,0.03714,0.03115,0.03855
0.03889,0.04243,0.03219,0.02879,0.02451,0.03993,0.03837,0.02946,0.04882,0.03055,0.19339,0.02654,0.13266,0.04292,0.17512,0.02756,0.04786
0.03637,0.03641,0.03856,0.03792,0.04290,0.06252,0.04647,0.03889,0.04064,0.03955,0.16772,0.03541,0.08298,0.09376,0.04903,0.03793,0.11294
0.04335,0.03758,0.03867,0.02798,0.03121,0.04368,0.04134,0.03076,0.04513,0.02963,0.37418,0.04356,0.04271,0.03983,0.04885,0.02619,0.05534
0.03583,0.03064,0.03018,0.03725,0.03096,0.03644,0.04024,0.03160,0.03122,0.03262,0.32291,0.03175,0.10164,0.03243,0.06014,0.04365,0.07049
0.03297,0.04684,0.04226,0.02641,0.04837,0.35535,0.03817,0.03139,0.08839,0.03503,0.04660,0.02412,0.03026,0.02953,0.03112,0.05231,0.04088
0.13068,0.04410,0.06922,0.08058,0.04730,0.05197,0.03374,0.04085,0.03952,0.04480,0.03314,0.03166,0.04021,0.05216,0.04947,0.08639,0.12422
0.03987,0.03377,0.03409,0.03404,0.04053,0.05860,0.03822,0.03707,0.03892,0.03927,0.09819,0.03367,0.16376,0.14018,0.06170,0.04590,0.06221
0.12914,0.04283,0.04308,0.10470,0.23024,0.05409,0.02446,0.03725,0.02957,0.04351,0.03507,0.04252,0.03214,0.03139,0.04614,0.03706,0.03680
0.06053,0.04642,0.04061,0.02984,0.03275,0.02981,0.05254,0.05067,0.04009,0.03416,0.18192,0.04090,0.04195,0.07339,0.09992,0.03173,0.11276
0.04294,0.03861,0.04359,0.03260,0.03520,0.06544,0.04034,0.03077,0.03755,0.04121,0.20156,0.04293,0.15151,0.07062,0.04148,0.04677,0.03689
0.04250,0.04009,0.04554,0.02153,0.03493,0.32550,0.03955,0.03573,0.10339,0.03055,0.03713,0.04270,0.03703,0.03831,0.02522,0.03109,0.06920
0.03351,0.03448,0.03978,0.03651,0.03771,0.04468,0.04407,0.03996,0.03663,0.03927,0.05605,0.03892,0.09672,0.08567,0.04743,0.25449,0.03412
0.02820,0.01898,0.03499,0.02536,0.02510,0.03403,0.03330,0.02802,0.02793,0.02774,0.49092,0.03333,0.07954,0.02269,0.03274,0.02466,0.03249
0.02608,0.02623,0.03049,0.02038,0.02141,0.02721,0.02644,0.02340,0.02540,0.02525,0.58405,0.02304,0.02737,0.01646,0.03282,0.02239,0.04156
0.02413,0.02452,0.02270,0.02958,0.02701,0.03230,0.03015,0.02748,0.03005,0.02875,0.03791,0.02395,0.50573,0.04313,0.03497,0.04003,0.03762
0.03654,0.04729,0.03960,0.02978,0.02836,0.05035,0.06458,0.03480,0.03970,0.03229,0.15368,0.04070,0.05065,0.14890,0.12988,0.03642,0.03649
0.03976,0.04144,0.03047,0.03159,0.03338,0.04595,0.05345,0.03437,0.04037,0.03638,0.32456,0.03277,0.06205,0.05026,0.04611,0.04980,0.04729
0.04757,0.04235,0.03010,0.04058,0.03559,0.04396,0.04612,0.04490,0.04089,0.05167,0.06512,0.04091,0.17081,0.16350,0.06040,0.03519,0.04035
0.05330,0.02347,0.21604,0.13213,0.04174,0.03201,0.06356,0.04428,0.03470,0.03495,0.03628,0.03739,0.04096,0.03384,0.04718,0.09155,0.03661
0.37768,0.03187,0.09979,0.04770,0.03718,0.04193,0.03037,0.02653,0.03019,0.03338,0.04261,0.04160,0.03110,0.03028,0.03089,0.03088,0.03601
0.05355,0.03831,0.03392,0.03784,0.03487,0.03976,0.04821,0.03402,0.03574,0.03865,0.33663,0.03792,0.04055,0.03784,0.04422,0.05432,0.05367
0.04712,0.03585,0.03190,0.03561,0.03395,0.04733,0.04927,0.03279,0.03363,0.04652,0.23245,0.03524,0.06531,0.03323,0.13413,0.07430,0.03137
0.04469,0.04375,0.03476,0.03181,0.03318,0.04614,0.04280,0.02717,0.04639,0.02997,0.26451,0.03834,0.07566,0.07716,0.06956,0.03511,0.05898
0.02951,0.02922,0.02972,0.03052,0.03115,0.03604,0.05149,0.03951,0.05219,0.03955,0.25086,0.03128,0.14827,0.05720,0.06913,0.03476,0.03962
0.03959,0.05121,0.03859,0.03730,0.03304,0.13813,0.04337,0.04207,0.06610,0.03254,0.05391,0.03930,0.04147,0.04507,0.03403,0.03025,0.23404
0.05504,0.02844,0.04134,0.04510,0.03912,0.04361,0.04069,0.03185,0.03207,0.03889,0.05741,0.08709,0.26878,0.06660,0.03551,0.03149,0.05697
0.04414,0.06397,0.04170,0.03466,0.05052,0.04538,0.03569,0.03338,0.04571,0.03853,0.21517,0.03548,0.05247,0.03632,0.05730,0.13726,0.03231
0.06158,0.02861,0.04686,0.03857,0.04006,0.05108,0.05030,0.03642,0.03206,0.03584,0.12942,0.23295,0.05609,0.04221,0.04149,0.02849,0.04797
0.25926,0.02889,0.30304,0.02568,0.02300,0.03168,0.03687,0.02151,0.02514,0.03213,0.03213,0.03576,0.03005,0.02816,0.02636,0.03398,0.02638
0.04043,0.02336,0.04414,0.03144,0.02799,0.03179,0.03663,0.02741,0.02498,0.02339,0.35567,0.03884,0.03182,0.02637,0.17754,0.01775,0.04044
0.04273,0.02924,0.03497,0.02764,0.02632,0.03291,0.03416,0.03368,0.02923,0.03809,0.43262,0.02714,0.04761,0.04421,0.03900,0.02456,0.05588
0.04076,0.04211,0.03539,0.05457,0.02714,0.05013,0.04591,0.02750,0.03177,0.05738,0.07076,0.03021,0.06865,0.03690,0.10332,0.04183,0.23566
0.03899,0.02707,0.03595,0.02653,0.03947,0.03811,0.04368,0.03542,0.03113,0.03239,0.20309,0.03690,0.04239,0.23129,0.06690,0.03284,0.03785
0.03991,0.05397,0.03353,0.04440,0.03979,0.04702,0.04848,0.03583,0.03346,0.03684,0.08328,0.03246,0.07853,0.05976,0.08911,0.19828,0.04533
0.04352,0.03379,0.03508,0.02613,0.03158,0.05453,0.03987,0.04333,0.03401,0.03134,0.11273,0.04872,0.05992,0.27393,0.03459,0.03534,0.06159
0.03423,0.02982,0.03168,0.02209,0.02161,0.03569,0.03257,0.02554,0.03020,0.02479,0.53557,0.03504,0.03071,0.02291,0.03357,0.02422,0.02977
0.04490,0.04952,0.02828,0.05061,0.04312,0.04703,0.04118,0.04538,0.04681,0.03517,0.16792,0.04683,0.06780,0.05438,0.05453,0.04798,0.12856
0.15976,0.05552,0.08586,0.08336,0.03511,0.05042,0.03935,0.03844,0.03712,0.05563,0.04976,0.03753,0.03132,0.03820,0.03731,0.05908,0.10623
0.21311,0.04015,0.21613,0.03817,0.02870,0.04131,0.03676,0.03251,0.02654,0.04047,0.04644,0.05402,0.02525,0.03825,0.03357,0.03914,0.04947
0.03782,0.04117,0.03734,0.04087,0.02833,0.03126,0.03006,0.02978,0.03951,0.03211,0.36667,0.03775,0.07630,0.02939,0.04945,0.02328,0.06891
0.03598,0.03700,0.04614,0.04955,0.04147,0.03446,0.04139,0.03768,0.03449,0.04894,0.26192,0.04152,0.06942,0.03048,0.05972,0.09086,0.03898
0.02501,0.02781,0.03854,0.03832,0.03112,0.02669,0.03392,0.02747,0.03786,0.02802,0.11608,0.02995,0.40059,0.03608,0.02435,0.03483,0.04337
0.05425,0.03610,0.03063,0.02933,0.03443,0.13265,0.03414,0.17360,0.20628,0.02615,0.03571,0.04271,0.03477,0.02994,0.02741,0.03116,0.04076
0.02760,0.03953,0.02922,0.02847,0.03656,0.03229,0.03378,0.02812,0.03483,0.03099,0.39175,0.02960,0.03425,0.03682,0.03557,0.03340,0.11725
0.03612,0.03649,0.03811,0.02929,0.02930,0.03576,0.04241,0.03806,0.02389,0.04299,0.26514,0.03073,0.06998,0.03836,0.15217,0.04400,0.04720
0.04970,0.03764,0.03554,0.03805,0.03353,0.04174,0.04347,0.03549,0.03619,0.03193,0.30780,0.04774,0.04152,0.07601,0.03948,0.05475,0.04941
0.04115,0.04846,0.02971,0.02977,0.03611,0.05066,0.03716,0.02878,0.03412,0.03801,0.05926,0.03451,0.17673,0.17010,0.09881,0.04688,0.03979
0.03400,0.02866,0.04370,0.03354,0.03399,0.03028,0.04520,0.03129,0.03934,0.03112,0.33774,0.04527,0.07876,0.04062,0.08280,0.02248,0.04120
0.03082,0.03985,0.02579,0.02784,0.03033,0.03146,0.02749,0.03135,0.03286,0.03891,0.45651,0.02930,0.06065,0.02566,0.02812,0.02201,0.06103
0.04799,0.04523,0.03919,0.04553,0.04544,0.04480,0.04629,0.04045,0.04087,0.03946,0.21174,0.04003,0.06903,0.05630,0.05825,0.08464,0.04474
0.18678,0.05696,0.11508,0.04885,0.14665,0.03814,0.02778,0.03185,0.03835,0.03236,0.02804,0.06646,0.02620,0.04730,0.03106,0.03781,0.04034
0.03413,0.03032,0.02656,0.02991,0.03341,0.11152,0.04347,0.32981,0.07149,0.04007,0.03970,0.04171,0.03054,0.02538,0.04725,0.03418,0.03055
0.05076,0.03917,0.03391,0.04355,0.03947,0.03333,0.04744,0.04256,0.04236,0.03522,0.03061,0.03410,0.05986,0.12315,0.20186,0.04799,0.09468
0.03088,0.02677,0.03352,0.01893,0.02612,0.03444,0.03931,0.02897,0.02769,0.03051,0.44826,0.02887,0.03595,0.07610,0.03681,0.02310,0.05376
0.02810,0.02773,0.04109,0.03936,0.03368,0.02974,0.03880,0.03272,0.02826,0.04268,0.42363,0.03474,0.02970,0.04210,0.03494,0.06696,0.02576
0.03521,0.02808,0.03940,0.02354,0.02726,0.03798,0.03338,0.03095,0.02881,0.03323,0.45482,0.03245,0.04804,0.04917,0.03706,0.02751,0.03310
0.03695,0.03665,0.03833,0.02469,0.02750,0.03995,0.03948,0.03134,0.03719,0.03214,0.08860,0.03486,0.19949,0.20820,0.05691,0.02613,0.04160
0.04526,0.04026,0.03653,0.03702,0.03024,0.04789,0.05543,0.03050,0.02763,0.04156,0.25236,0.03207,0.07679,0.06440,0.09486,0.03770,0.04949
0.03873,0.03888,0.03828,0.03975,0.03643,0.05686,0.05466,0.03608,0.03468,0.04189,0.20724,0.03509,0.08903,0.13634,0.04014,0.03204,0.04388
0.05038,0.04026,0.03640,0.03185,0.03610,0.04513,0.04303,0.04005,0.03200,0.04566,0.07010,0.03827,0.06433,0.26497,0.04683,0.03644,0.07822
0.03171,0.03730,0.03300,0.03906,0.03809,0.05401,0.03666,0.03853,0.03687,0.03429,0.15752,0.02956,0.15466,0.06296,0.12779,0.03871,0.04928
0.02900,0.02691,0.03258,0.02822,0.03382,0.04374,0.04369,0.03251,0.03347,0.03700,0.29532,0.03450,0.09220,0.06459,0.10966,0.03329,0.02952
0.25487,0.07461,0.12427,0.02425,0.05797,0.04200,0.03513,0.03095,0.04138,0.03860,0.03617,0.04408,0.03615,0.03432,0.03628,0.03434,0.05462
0.02661,0.02605,0.02845,0.03574,0.02791,0.03728,0.03582,0.03105,0.03429,0.03188,0.41720,0.02983,0.05925,0.03827,0.07346,0.03435,0.03256
0.02984,0.02953,0.03659,0.03421,0.03864,0.13870,0.04658,0.04665,0.15216,0.03601,0.03711,0.02201,0.03205,0.05635,0.03226,0.18463,0.04667
0.02567,0.02415,0.01772,0.01374,0.01871,0.62089,0.03108,0.02285,0.01496,0.02153,0.03723,0.01721,0.02120,0.03079,0.02019,0.03076,0.03133
0.04027,0.03399,0.02761,0.04247,0.02698,0.04306,0.03186,0.04248,0.03680,0.05012,0.12735,0.03197,0.22987,0.03810,0.05355,0.04529,0.09824
0.03429,0.03688,0.03326,0.02715,0.03261,0.03656,0.04228,0.03062,0.02821,0.04095,0.08035,0.03441,0.05372,0.35067,0.04792,0.06261,0.02751
0.02776,0.02724,0.02444,0.02438,0.03264,0.03764,0.04255,0.03953,0.02992,0.03609,0.40686,0.03228,0.04679,0.04642,0.04453,0.06876,0.03217
0.03399,0.03172,0.04116,0.03893,0.03759,0.04551,0.04373,0.04294,0.03813,0.04781,0.15993,0.03260,0.19682,0.05565,0.04659,0.04090,0.06599
0.03768,0.03242,0.03247,0.06348,0.02576,0.04288,0.04273,0.04650,0.03905,0.03666,0.21989,0.03802,0.14773,0.03641,0.04922,0.04956,0.05955
0.03666,0.03632,0.03389,0.04126,0.03026,0.04599,0.04565,0.04662,0.04394,0.03950,0.13162,0.04149,0.10579,0.11627,0.10615,0.04565,0.05295
0.03003,0.02190,0.02734,0.02300,0.02385,0.02627,0.02501,0.02695,0.01989,0.02445,0.61276,0.02179,0.02600,0.01715,0.02957,0.01659,0.02746
0.03971,0.02644,0.03545,0.03202,0.02783,0.04028,0.03353,0.03010,0.03345,0.02485,0.18713,0.02970,0.04249,0.02501,0.33280,0.02410,0.03512
