0.00378,0.01129,0.00456,0.62317,0.04205,0.26090,0.00755,0.00725,0.00369,0.03575
0.01394,0.01713,0.00906,0.01766,0.01349,0.06612,0.25192,0.01512,0.00526,0.59029
0.10190,0.05303,0.06600,0.03777,0.32561,0.02497,0.26479,0.09030,0.01871,0.01691
0.00592,0.03816,0.53840,0.03105,0.02302,0.02145,0.01579,0.00711,0.31396,0.00514
0.28790,0.02578,0.09267,0.04976,0.02871,0.20558,0.03759,0.01532,0.00956,0.24713
0.01232,0.27306,0.04768,0.28117,0.03156,0.18096,0.07957,0.01056,0.00981,0.07331
0.01234,0.26664,0.02760,0.01868,0.42270,0.03046,0.05973,0.00449,0.00491,0.15244
0.01002,0.00781,0.00558,0.00479,0.00407,0.19012,0.26135,0.01179,0.00301,0.50145
0.05241,0.06262,0.08626,0.05636,0.07530,0.27442,0.10532,0.01644,0.01118,0.25969
0.02314,0.74957,0.03565,0.02281,0.05278,0.01908,0.03316,0.01831,0.02611,0.01940
0.38658,0.00789,0.00471,0.01007,0.00647,0.52104,0.01228,0.01938,0.00676,0.02483
0.00714,0.01850,0.00709,0.01158,0.00503,0.04807,0.12029,0.00575,0.00366,0.77290
0.02093,0.05331,0.05749,0.03976,0.25059,0.10145,0.04317,0.01133,0.01129,0.41069
0.00474,0.00838,0.00686,0.00702,0.00724,0.47135,0.24632,0.00356,0.00364,0.24090
0.00704,0.39500,0.00695,0.13302,0.21795,0.21169,0.00372,0.01373,0.00496,0.00594
0.00426,0.00567,0.00521,0.00455,0.00319,0.25346,0.24416,0.00514,0.00236,0.47199
0.03114,0.10286,0.23979,0.00973,0.01662,0.01921,0.07348,0.43447,0.03639,0.03631
0.00394,0.02078,0.01271,0.16929,0.16891,0.20658,0.04838,0.00822,0.00629,0.35491
0.01046,0.05353,0.03391,0.01536,0.00519,0.24883,0.21621,0.01884,0.00428,0.39340
0.22736,0.04785,0.28196,0.08663,0.02097,0.03377,0.04814,0.20431,0.03552,0.01348
0.02918,0.38579,0.00859,0.03813,0.17470,0.01432,0.02271,0.25867,0.05975,0.00817
0.35357,0.07564,0.04091,0.20355,0.07466,0.05424,0.03878,0.05994,0.02407,0.07465
0.01492,0.19847,0.01795,0.50752,0.01102,0.15104,0.02131,0.01568,0.01432,0.04776
0.69081,0.01142,0.00419,0.00833,0.02796,0.17345,0.00757,0.03139,0.00959,0.03529
0.01696,0.71236,0.03574,0.01936,0.13501,0.02939,0.02654,0.00734,0.00671,0.01057
0.00376,0.00900,0.00611,0.00648,0.00470,0.35275,0.29779,0.00669,0.00282,0.30990
0.00188,0.00437,0.00363,0.00278,0.00202,0.29039,0.30408,0.00246,0.00211,0.38627
0.06439,0.06071,0.04183,0.05686,0.37279,0.05953,0.03586,0.02627,0.02449,0.25728
0.00493,0.00795,0.00624,0.00795,0.00765,0.47891,0.06931,0.00374,0.00307,0.41025
0.00184,0.42839,0.01116,0.09456,0.00251,0.44006,0.00231,0.00346,0.00523,0.01048
0.00661,0.02145,0.00486,0.87479,0.02106,0.02727,0.00558,0.00925,0.00874,0.02040
0.00207,0.18799,0.00866,0.28141,0.00231,0.49684,0.00218,0.00302,0.00485,0.01068
0.11423,0.02157,0.01331,0.02096,0.01844,0.53459,0.03555,0.01100,0.00484,0.22552
0.00776,0.12709,0.06651,0.01121,0.20535,0.06131,0.05606,0.01097,0.00500,0.44875
0.02850,0.06129,0.03672,0.15448,0.36948,0.08497,0.08857,0.05807,0.01307,0.10485
0.00585,0.05295,0.02272,0.02543,0.03129,0.37346,0.00152,0.01808,0.41132,0.05736
0.02132,0.03430,0.02592,0.00972,0.22876,0.03359,0.00666,0.07072,0.03584,0.53318
0.00831,0.14315,0.36310,0.04807,0.02844,0.05062,0.01910,0.01386,0.31060,0.01474
0.00243,0.00414,0.00267,0.00275,0.00249,0.21552,0.41556,0.00248,0.00190,0.35007
0.19029,0.03545,0.00747,0.64794,0.01560,0.01061,0.00830,0.01470,0.02648,0.04316
0.00590,0.24005,0.03511,0.36742,0.01117,0.25899,0.00962,0.00551,0.00574,0.06048
0.20368,0.12157,0.02026,0.60343,0.00969,0.02446,0.00180,0.00747,0.00382,0.00383
0.02588,0.53679,0.04289,0.05377,0.02083,0.10911,0.01446,0.08181,0.01538,0.09908
0.00497,0.02380,0.01782,0.06410,0.09615,0.37959,0.03582,0.00665,0.00631,0.36480
0.00395,0.00797,0.00420,0.00542,0.00440,0.40506,0.30255,0.00418,0.00303,0.25925
0.00402,0.26238,0.01696,0.44444,0.00454,0.16722,0.00291,0.00561,0.00782,0.08410
0.01673,0.03488,0.01094,0.59452,0.01050,0.05565,0.01188,0.08654,0.16726,0.01111
0.00496,0.02940,0.00352,0.91632,0.00848,0.00756,0.00595,0.00718,0.00591,0.01071
0.00523,0.01033,0.00771,0.00668,0.00517,0.37771,0.15653,0.00353,0.00390,0.42322
0.01539,0.02832,0.18500,0.10724,0.28926,0.29982,0.03106,0.01087,0.00432,0.02872
0.01587,0.78927,0.00834,0.02644,0.08102,0.01686,0.02114,0.02415,0.00861,0.00830
0.00578,0.08915,0.01555,0.17811,0.23365,0.06023,0.26578,0.01399,0.00905,0.12871
0.01375,0.05070,0.41408,0.00533,0.01414,0.05014,0.02683,0.04331,0.02393,0.35778
0.00507,0.03087,0.01017,0.25680,0.28818,0.35123,0.01820,0.00957,0.00598,0.02394
0.00375,0.16064,0.64776,0.00429,0.00571,0.00754,0.00504,0.00876,0.02170,0.13480
0.02544,0.01924,0.00995,0.01948,0.01547,0.02380,0.25682,0.01714,0.00556,0.60709
0.01775,0.79446,0.01969,0.02015,0.04520,0.01351,0.01336,0.04705,0.01555,0.01327
0.03170,0.08768,0.19838,0.01976,0.04786,0.06832,0.05524,0.01874,0.01567,0.45664
0.00177,0.36553,0.00531,0.16426,0.00207,0.44836,0.00142,0.00257,0.00377,0.00495
0.02748,0.17915,0.04839,0.26010,0.08052,0.27912,0.01018,0.01538,0.01590,0.08378
0.00805,0.32936,0.07001,0.01484,0.36430,0.17780,0.00827,0.00637,0.00770,0.01331
0.02209,0.24583,0.33071,0.00771,0.01963,0.02649,0.00850,0.04961,0.02025,0.26918
0.09652,0.03006,0.02358,0.22473,0.13552,0.23503,0.08007,0.02464,0.01052,0.13932
0.02091,0.08677,0.01685,0.39133,0.19038,0.19607,0.01030,0.01056,0.05161,0.02521
0.00786,0.38215,0.00789,0.00265,0.00281,0.01641,0.00290,0.01660,0.00324,0.55749
0.02381,0.07414,0.02184,0.24057,0.39170,0.13980,0.01007,0.02211,0.00829,0.06767
0.00412,0.06102,0.00579,0.33936,0.34675,0.19212,0.00876,0.01926,0.00422,0.01861
0.00407,0.17419,0.00870,0.75609,0.00560,0.02894,0.00358,0.01053,0.00345,0.00484
0.47220,0.03249,0.08126,0.15472,0.01891,0.13706,0.01606,0.04961,0.01983,0.01787
0.01420,0.02612,0.00656,0.84396,0.01399,0.00964,0.01012,0.01322,0.00751,0.05468
0.00798,0.01249,0.00603,0.01032,0.00554,0.22976,0.29013,0.01403,0.00512,0.41860
0.02766,0.09054,0.06362,0.23460,0.04090,0.05138,0.02591,0.06639,0.01174,0.38726
0.00301,0.00479,0.00448,0.00341,0.00252,0.14737,0.30542,0.00512,0.00220,0.52167
0.27372,0.01402,0.49895,0.07691,0.02134,0.02022,0.02009,0.02252,0.00666,0.04557
0.06355,0.04218,0.02087,0.10704,0.15259,0.08634,0.05832,0.00981,0.00874,0.45056
0.01698,0.07676,0.35653,0.00856,0.03589,0.01287,0.01450,0.02533,0.01869,0.43388
0.03277,0.05960,0.18620,0.01672,0.02469,0.00815,0.01802,0.54653,0.02224,0.08510
0.02402,0.18883,0.02817,0.46059,0.02167,0.11687,0.01842,0.00957,0.01236,0.11950
0.00346,0.01599,0.43889,0.00320,0.01071,0.29914,0.00186,0.01078,0.21371,0.00224
0.02143,0.00973,0.01078,0.00908,0.00987,0.38424,0.01022,0.18306,0.33333,0.02826
0.00898,0.02876,0.40604,0.04495,0.35332,0.05079,0.01687,0.04164,0.02969,0.01896
0.03955,0.06141,0.04920,0.04239,0.07309,0.26471,0.02684,0.01491,0.01605,0.41186
0.00627,0.01457,0.00639,0.38077,0.19478,0.08054,0.00877,0.01070,0.00590,0.29130
0.00520,0.03613,0.02407,0.03543,0.06791,0.35500,0.00438,0.35480,0.10631,0.01076
0.07057,0.02699,0.01882,0.08074,0.31631,0.16793,0.02744,0.01319,0.00881,0.26919
0.05791,0.05610,0.07566,0.14378,0.19460,0.17304,0.01991,0.12918,0.00685,0.14297
0.04483,0.05598,0.00912,0.01584,0.00577,0.07989,0.00250,0.06106,0.00710,0.71792
0.02590,0.03450,0.01164,0.77770,0.04381,0.06358,0.00579,0.01459,0.01210,0.01040
0.00751,0.02620,0.01252,0.00937,0.01048,0.29994,0.28003,0.00435,0.00353,0.34608
0.01908,0.06996,0.61567,0.00582,0.02631,0.02333,0.01840,0.06457,0.05415,0.10270
0.00443,0.66865,0.00491,0.00697,0.20593,0.03677,0.03912,0.01802,0.00447,0.01073
0.00803,0.00951,0.00870,0.01315,0.00623,0.13778,0.26662,0.00668,0.00344,0.53986
0.41164,0.01658,0.01549,0.00441,0.00483,0.01726,0.01079,0.45337,0.00532,0.06031
0.00678,0.03088,0.04055,0.02726,0.00737,0.12449,0.14504,0.00912,0.00554,0.60298
0.00881,0.07747,0.49711,0.00457,0.01578,0.00921,0.00961,0.28646,0.01708,0.07390
0.01368,0.00784,0.01187,0.00793,0.00409,0.22093,0.37605,0.01266,0.00267,0.34228
0.07010,0.16634,0.01827,0.40367,0.01709,0.04496,0.01098,0.13280,0.10184,0.03396
0.00896,0.14515,0.52342,0.05189,0.04033,0.01078,0.14989,0.00821,0.02956,0.03180
0.53227,0.34087,0.01429,0.00418,0.00329,0.03420,0.00450,0.03087,0.00437,0.03116
0.00372,0.16607,0.00449,0.42239,0.06416,0.20163,0.00449,0.01304,0.00786,0.11216
