0.00947,0.02194,0.00922,0.01911,0.02763,0.34655,0.21615,0.01576,0.00761,0.32657
0.01288,0.10779,0.02615,0.03090,0.09598,0.02796,0.29961,0.00572,0.01304,0.37997
0.06435,0.05182,0.33205,0.03699,0.38985,0.02653,0.02785,0.03351,0.02374,0.01330
0.01478,0.43830,0.45841,0.01167,0.01850,0.01963,0.01114,0.00726,0.00818,0.01213
0.36874,0.02234,0.00928,0.01363,0.00951,0.50974,0.01482,0.01878,0.02388,0.00928
0.02806,0.25277,0.14790,0.07822,0.30424,0.04241,0.01336,0.08036,0.04008,0.01259
0.01230,0.02794,0.05491,0.02831,0.02885,0.06203,0.30540,0.03898,0.02139,0.41989
0.03642,0.42340,0.02783,0.30016,0.03845,0.06795,0.00773,0.04904,0.02406,0.02496
0.02141,0.02488,0.04769,0.01841,0.03422,0.01419,0.35361,0.03477,0.01166,0.43917
0.02564,0.38771,0.40395,0.02868,0.06022,0.01640,0.01555,0.01416,0.01613,0.03156
0.02204,0.39669,0.02591,0.36168,0.05517,0.02278,0.04796,0.01507,0.01071,0.04199
0.10521,0.00669,0.00677,0.08035,0.01219,0.02740,0.28374,0.01111,0.06566,0.40089
0.33778,0.01317,0.00711,0.00677,0.00767,0.48517,0.05197,0.01544,0.01091,0.06402
0.01604,0.13688,0.11024,0.02549,0.09847,0.17322,0.14274,0.02233,0.01211,0.26248
0.08608,0.16599,0.04222,0.16305,0.17299,0.03282,0.07494,0.03101,0.07945,0.15146
0.34161,0.02660,0.42267,0.01083,0.04072,0.02789,0.04107,0.00894,0.02338,0.05628
0.03234,0.02453,0.00777,0.01987,0.01413,0.15733,0.27503,0.03267,0.00871,0.42761
0.00889,0.01060,0.00972,0.02622,0.00515,0.02709,0.24284,0.02969,0.10026,0.53954
0.02426,0.12494,0.04072,0.37911,0.31544,0.04421,0.02407,0.01150,0.01604,0.01971
0.03932,0.21390,0.24538,0.07825,0.11586,0.03561,0.06729,0.03229,0.03847,0.13362
0.06162,0.01598,0.01583,0.02022,0.05457,0.03149,0.32252,0.01108,0.02581,0.44087
0.04991,0.42104,0.04930,0.32701,0.05440,0.02490,0.01611,0.01910,0.02700,0.01122
0.02180,0.36897,0.03720,0.32573,0.09025,0.02373,0.04472,0.02295,0.01404,0.05061
0.07297,0.03153,0.01318,0.12076,0.08878,0.01454,0.24690,0.05331,0.01071,0.34731
0.01345,0.11250,0.06544,0.03542,0.05178,0.02230,0.28051,0.04145,0.01757,0.35958
0.01630,0.40798,0.08008,0.03248,0.29646,0.04681,0.03740,0.01585,0.01262,0.05403
0.12313,0.05284,0.31845,0.02757,0.42364,0.02249,0.00485,0.01242,0.00576,0.00886
0.20530,0.12072,0.18828,0.02123,0.04570,0.03265,0.08000,0.19996,0.07072,0.03543
0.05277,0.08904,0.01075,0.37119,0.38255,0.01328,0.02819,0.01196,0.01091,0.02936
0.04999,0.45924,0.04048,0.05449,0.25498,0.02462,0.05276,0.00834,0.01948,0.03562
0.38817,0.02183,0.03763,0.44230,0.01391,0.02628,0.01932,0.01197,0.01305,0.02553
0.01605,0.01045,0.02908,0.01727,0.01737,0.04228,0.28339,0.02000,0.04987,0.51423
0.14283,0.41692,0.01356,0.28399,0.04309,0.01408,0.01278,0.04423,0.01261,0.01591
0.02315,0.38316,0.07789,0.23653,0.06506,0.03621,0.04365,0.02086,0.01234,0.10115
0.01364,0.04016,0.00987,0.02063,0.00756,0.02893,0.36630,0.00926,0.02211,0.48156
0.03503,0.45482,0.01753,0.38035,0.02131,0.03433,0.02128,0.00962,0.00999,0.01573
0.02167,0.01227,0.39996,0.01898,0.05834,0.08866,0.01908,0.00900,0.01564,0.35641
0.01942,0.12651,0.03483,0.29748,0.25380,0.05365,0.05419,0.00818,0.02740,0.12454
0.00629,0.39841,0.03609,0.04036,0.28302,0.04885,0.05072,0.03719,0.03897,0.06010
0.03998,0.15037,0.05003,0.31902,0.31917,0.01739,0.04494,0.01360,0.00927,0.03624
0.14320,0.19949,0.01700,0.25313,0.12675,0.04506,0.02213,0.02190,0.11532,0.05604
0.04321,0.16981,0.07617,0.21276,0.27147,0.09776,0.02532,0.04900,0.02557,0.02893
0.04502,0.34941,0.04620,0.31359,0.11049,0.03934,0.03023,0.03000,0.00589,0.02984
0.01233,0.44620,0.40313,0.03341,0.03354,0.01578,0.02093,0.01536,0.00959,0.00972
0.03100,0.02579,0.41438,0.02201,0.45919,0.02475,0.00699,0.00593,0.00327,0.00669
0.00705,0.05921,0.02394,0.01311,0.01057,0.04665,0.32833,0.06985,0.01225,0.42904
0.01452,0.45158,0.00768,0.03343,0.34628,0.06069,0.02153,0.03495,0.00984,0.01952
0.24572,0.05154,0.01949,0.30304,0.03952,0.02904,0.12288,0.04868,0.01502,0.12507
0.01962,0.04766,0.06483,0.00905,0.00808,0.02065,0.33938,0.00850,0.05337,0.42885
0.43875,0.03189,0.01653,0.42836,0.00961,0.01094,0.02528,0.01218,0.00792,0.01854
0.02566,0.01927,0.02793,0.01753,0.03896,0.19889,0.26496,0.00948,0.00859,0.38872
0.05002,0.27265,0.34974,0.01847,0.06846,0.06465,0.02466,0.02607,0.05790,0.06738
0.00560,0.43997,0.03007,0.35357,0.03811,0.04661,0.01458,0.03389,0.02318,0.01443
0.01258,0.32365,0.05720,0.03507,0.11832,0.08336,0.10647,0.05371,0.02871,0.18093
0.00925,0.03575,0.01758,0.38325,0.42618,0.04771,0.04262,0.00895,0.00646,0.02226
0.08627,0.31649,0.02103,0.24252,0.08198,0.17837,0.01645,0.02218,0.01066,0.02406
0.02423,0.13814,0.00664,0.12110,0.01708,0.06460,0.24061,0.05881,0.00971,0.31907
0.00671,0.47018,0.01214,0.01652,0.28069,0.17717,0.00970,0.00779,0.00591,0.01319
0.04198,0.34737,0.09119,0.25331,0.06652,0.01965,0.04677,0.04019,0.03058,0.06243
0.03291,0.39988,0.31630,0.05305,0.07974,0.03406,0.01730,0.01255,0.01490,0.03931
0.00703,0.01756,0.01089,0.01675,0.01616,0.01262,0.31427,0.05109,0.03179,0.52184
0.03424,0.19688,0.05567,0.15685,0.02388,0.02367,0.20309,0.00784,0.03291,0.26495
0.01134,0.01531,0.01473,0.00850,0.01189,0.07979,0.30134,0.03303,0.01608,0.50800
0.01500,0.37064,0.16433,0.05229,0.29605,0.02763,0.02322,0.01267,0.02009,0.01810
0.01949,0.42366,0.04297,0.05412,0.25959,0.06215,0.01883,0.05883,0.02783,0.03254
0.04908,0.18060,0.13389,0.12553,0.10253,0.01507,0.11412,0.05848,0.17991,0.04078
0.02519,0.03415,0.02365,0.03464,0.05864,0.41334,0.13595,0.00987,0.01234,0.25222
0.39870,0.03017,0.00668,0.40985,0.01474,0.03183,0.01230,0.04660,0.03127,0.01786
0.03226,0.35954,0.02994,0.26791,0.10040,0.08075,0.03533,0.05993,0.02316,0.01078
0.04157,0.09171,0.05514,0.02103,0.03579,0.05308,0.26007,0.04787,0.04548,0.34827
0.02508,0.33335,0.01163,0.23620,0.04332,0.13341,0.05728,0.00619,0.01601,0.13752
0.01892,0.45969,0.04525,0.30468,0.04815,0.07060,0.01042,0.01096,0.01202,0.01930
0.10565,0.37912,0.09857,0.11216,0.18454,0.02564,0.01534,0.02971,0.02751,0.02176
0.02348,0.03439,0.10054,0.31309,0.35886,0.03000,0.08391,0.01301,0.01860,0.02412
0.29296,0.03797,0.07404,0.38664,0.02298,0.06307,0.03778,0.02976,0.01648,0.03831
0.01587,0.15478,0.04323,0.02023,0.01956,0.01776,0.29414,0.03937,0.01513,0.37992
0.01233,0.29294,0.03441,0.28291,0.03274,0.03382,0.15925,0.06291,0.04229,0.04639
0.03293,0.07442,0.03999,0.40225,0.35941,0.03783,0.00652,0.01428,0.01229,0.02007
0.00502,0.01456,0.01621,0.02505,0.04260,0.25690,0.22831,0.00283,0.00504,0.40346
0.02634,0.37235,0.03183,0.25630,0.06089,0.10543,0.02272,0.01177,0.01499,0.09738
0.04662,0.44141,0.33256,0.05216,0.02383,0.05268,0.01220,0.01252,0.00578,0.02024
0.04177,0.02634,0.29110,0.03467,0.37413,0.08682,0.01072,0.10923,0.01503,0.01018
0.01310,0.01416,0.01478,0.03922,0.01713,0.26689,0.23619,0.00857,0.00393,0.38601
0.01133,0.10734,0.01837,0.33343,0.38718,0.04258,0.03033,0.02541,0.01937,0.02467
0.02292,0.07542,0.03430,0.05994,0.03576,0.01339,0.28389,0.01671,0.02136,0.43631
0.04035,0.16271,0.01951,0.01529,0.02373,0.02836,0.23476,0.04825,0.04696,0.38008
0.10518,0.36828,0.02991,0.25763,0.01962,0.01615,0.06843,0.01021,0.01644,0.10815
0.00722,0.47224,0.01217,0.37961,0.01432,0.04524,0.01211,0.00841,0.01113,0.03754
0.05182,0.08251,0.02331,0.09881,0.11085,0.07408,0.20335,0.02921,0.02615,0.29991
0.03558,0.02297,0.05553,0.19421,0.26767,0.07495,0.09710,0.06751,0.11515,0.06932
0.01895,0.47545,0.00614,0.37686,0.03173,0.06255,0.00694,0.00520,0.00854,0.00764
0.09771,0.43061,0.03118,0.26787,0.02471,0.02376,0.01149,0.05638,0.02730,0.02899
0.01896,0.47705,0.01052,0.02273,0.34058,0.02272,0.02970,0.03890,0.01193,0.02691
0.05029,0.07239,0.19755,0.10630,0.13087,0.24208,0.05310,0.01882,0.02292,0.10568
0.05298,0.02730,0.02076,0.01421,0.02548,0.02176,0.27740,0.09296,0.03618,0.43098
0.02278,0.40809,0.01328,0.41646,0.02394,0.01212,0.01948,0.03949,0.02279,0.02156
0.25613,0.13431,0.05027,0.09750,0.03433,0.02307,0.04790,0.31532,0.02855,0.01262
0.00903,0.39507,0.00694,0.38373,0.01383,0.03466,0.06937,0.06246,0.00905,0.01586
0.01544,0.04439,0.10722,0.03639,0.03782,0.03421,0.27131,0.02431,0.01812,0.41080
0.03072,0.45892,0.12282,0.06968,0.20739,0.03125,0.01975,0.02152,0.02740,0.01054
0.03032,0.43420,0.35990,0.04175,0.01498,0.01940,0.04646,0.01114,0.01376,0.02809
0.20992,0.20040,0.16355,0.08479,0.23572,0.01708,0.01904,0.02896,0.01860,0.02195
0.02682,0.45304,0.03045,0.36137,0.02839,0.05673,0.00691,0.01541,0.01023,0.01065
0.01546,0.04845,0.08289,0.01428,0.01005,0.20545,0.22606,0.01409,0.01454,0.36871
0.00674,0.09682,0.01572,0.34743,0.41928,0.06671,0.00909,0.01075,0.00975,0.01771
0.06745,0.40902,0.02112,0.30974,0.03417,0.07211,0.01633,0.01504,0.00981,0.04520
0.01082,0.43567,0.44130,0.02048,0.02586,0.01413,0.01134,0.01530,0.01461,0.01049
0.42406,0.03152,0.02223,0.01480,0.40065,0.03752,0.02488,0.01566,0.01550,0.01320
0.01933,0.02877,0.05710,0.01173,0.04283,0.08084,0.28093,0.01995,0.01315,0.44538
0.01840,0.31778,0.16172,0.03231,0.31881,0.05892,0.00847,0.04234,0.02846,0.01280
0.37665,0.01805,0.44962,0.01682,0.01027,0.06502,0.02001,0.00997,0.00870,0.02488
0.01933,0.42612,0.03242,0.03931,0.31341,0.04072,0.05324,0.02352,0.01019,0.04174
0.01273,0.06795,0.01362,0.04484,0.03681,0.05419,0.01307,0.20371,0.36951,0.18356
0.21645,0.18884,0.27808,0.08971,0.08351,0.03456,0.02421,0.01901,0.02553,0.04010
0.01207,0.32970,0.09800,0.25328,0.10203,0.02794,0.06496,0.02649,0.05989,0.02563
0.01281,0.06287,0.03852,0.03512,0.07445,0.02403,0.32064,0.02294,0.00978,0.39884
0.02201,0.21484,0.02690,0.25891,0.31757,0.03921,0.00686,0.02044,0.05657,0.03669
0.04126,0.45910,0.01949,0.35757,0.04862,0.02604,0.01057,0.00716,0.01591,0.01428
0.08662,0.35846,0.04354,0.25097,0.06127,0.02421,0.05130,0.03201,0.01370,0.07792
0.04001,0.38922,0.03057,0.33725,0.06354,0.06307,0.02207,0.01462,0.02143,0.01822
0.13731,0.30032,0.01130,0.23055,0.02683,0.01643,0.02589,0.14182,0.05236,0.05719
0.01972,0.06771,0.00619,0.00943,0.00774,0.03018,0.25138,0.02248,0.17790,0.40726
0.03039,0.30967,0.08693,0.25430,0.10396,0.07197,0.02509,0.04774,0.04930,0.02064
0.03875,0.11718,0.02832,0.29703,0.37417,0.04961,0.02394,0.01848,0.02623,0.02628
0.00738,0.00627,0.00774,0.00681,0.00758,0.31738,0.18349,0.02151,0.02730,0.41455
0.16715,0.33722,0.04933,0.02996,0.02769,0.05254,0.00848,0.18198,0.12307,0.02258
0.04619,0.19790,0.12770,0.10978,0.05693,0.03433,0.14624,0.03141,0.04105,0.20848
0.05991,0.30226,0.02121,0.22809,0.03629,0.10809,0.02822,0.12798,0.04124,0.04672
0.02845,0.03152,0.02579,0.01145,0.03783,0.17268,0.25308,0.01408,0.04307,0.38205
0.00511,0.01618,0.00889,0.03341,0.01298,0.19758,0.27386,0.02732,0.00882,0.41586
0.04549,0.03347,0.26546,0.05171,0.34908,0.08067,0.03286,0.04292,0.06639,0.03194
0.00479,0.13600,0.04229,0.01307,0.03652,0.10450,0.23994,0.00796,0.00982,0.40511
0.05336,0.09156,0.01299,0.04582,0.02346,0.11208,0.24946,0.01185,0.02565,0.37376
0.05082,0.02579,0.01414,0.03340,0.05251,0.03081,0.25990,0.06213,0.09113,0.37938
0.20073,0.07307,0.18693,0.03708,0.04085,0.02326,0.16763,0.01788,0.02820,0.22436
0.01734,0.35389,0.04087,0.31510,0.02177,0.05324,0.05174,0.06878,0.03954,0.03774
0.01329,0.39982,0.03054,0.29789,0.05970,0.11926,0.01026,0.01965,0.03759,0.01201
0.15516,0.37287,0.03331,0.25307,0.08042,0.03021,0.02181,0.01178,0.01624,0.02512
0.21333,0.13972,0.28534,0.12798,0.09603,0.03498,0.03012,0.02517,0.01034,0.03699
0.05245,0.37361,0.04143,0.30110,0.11372,0.02784,0.03481,0.01386,0.01726,0.02392
0.33386,0.00974,0.11647,0.43896,0.02624,0.03651,0.00670,0.00732,0.01400,0.01020
0.01387,0.03196,0.03289,0.03550,0.03645,0.04877,0.25831,0.02001,0.06944,0.45280
0.02640,0.44205,0.04530,0.02838,0.28118,0.05187,0.02900,0.05000,0.02058,0.02525
0.27717,0.01165,0.01911,0.01345,0.24946,0.04385,0.13799,0.03628,0.01553,0.19550
0.01558,0.27566,0.15107,0.18022,0.03666,0.01823,0.04787,0.10256,0.14996,0.02220
0.00919,0.37730,0.15754,0.02306,0.29228,0.06238,0.03894,0.00831,0.00794,0.02305
0.04992,0.31462,0.02269,0.29311,0.16719,0.04668,0.03485,0.01794,0.02277,0.03023
0.09403,0.13959,0.24711,0.02882,0.01009,0.03982,0.24381,0.12595,0.06220,0.00859
0.01462,0.40361,0.08134,0.31415,0.08228,0.02722,0.02130,0.00846,0.01696,0.03005
0.02907,0.00905,0.04856,0.02421,0.03398,0.08198,0.26104,0.11629,0.01852,0.37730
0.02324,0.42162,0.03066,0.04866,0.29172,0.05144,0.02419,0.01549,0.00901,0.08397
0.42100,0.02396,0.01285,0.41781,0.01044,0.02635,0.03205,0.01954,0.01200,0.02400
0.02683,0.40983,0.03626,0.28088,0.03059,0.13579,0.01581,0.02462,0.02525,0.01415
0.01149,0.04927,0.04311,0.02508,0.04071,0.01931,0.28156,0.06947,0.02200,0.43799
0.02542,0.38895,0.41517,0.01734,0.03605,0.03106,0.02633,0.00797,0.02317,0.02853
0.00360,0.40687,0.11357,0.03751,0.28282,0.02417,0.04483,0.02868,0.01213,0.04583
0.09036,0.27237,0.09490,0.13742,0.19598,0.01249,0.06043,0.03095,0.06261,0.04248
0.07623,0.08066,0.02525,0.13569,0.12686,0.05140,0.15872,0.02397,0.04128,0.27993
0.03396,0.43870,0.03167,0.06253,0.29060,0.06311,0.00957,0.04921,0.00731,0.01335
0.02583,0.06262,0.02609,0.31455,0.38914,0.02957,0.02938,0.03184,0.04115,0.04983
0.02040,0.07770,0.04502,0.30760,0.26281,0.02584,0.06039,0.02461,0.03532,0.14032
0.04094,0.01851,0.01964,0.02344,0.00685,0.05140,0.25585,0.09859,0.06099,0.42379
0.00841,0.05362,0.05888,0.41594,0.43085,0.00675,0.00907,0.00771,0.00596,0.00282
0.00598,0.01330,0.43722,0.01603,0.47112,0.02118,0.01346,0.00542,0.00633,0.00994
0.09125,0.21723,0.09304,0.22049,0.11029,0.11333,0.02630,0.07666,0.02542,0.02599
0.01080,0.35688,0.07543,0.22836,0.12916,0.14579,0.01219,0.01753,0.01126,0.01260
0.01667,0.01042,0.46623,0.00769,0.04211,0.00873,0.00989,0.00452,0.00425,0.42950
0.01655,0.03287,0.02110,0.21657,0.38450,0.17689,0.01303,0.01714,0.04817,0.07318
0.01691,0.17071,0.02455,0.16726,0.02850,0.01491,0.20594,0.05174,0.05504,0.26443
0.02431,0.33236,0.01597,0.32944,0.04100,0.11499,0.02524,0.07747,0.02309,0.01614
0.04651,0.34076,0.02649,0.30983,0.13459,0.07779,0.01680,0.01975,0.01914,0.00834
0.37710,0.05673,0.41938,0.03449,0.02587,0.03893,0.01149,0.00881,0.00718,0.02001
0.03557,0.30058,0.15191,0.21166,0.08058,0.07733,0.04932,0.01712,0.01591,0.06002
0.33010,0.08736,0.12616,0.00809,0.01252,0.01521,0.02142,0.36479,0.00813,0.02621
0.01017,0.03612,0.01123,0.03333,0.02226,0.00946,0.35289,0.04748,0.03530,0.44176
0.15223,0.06704,0.01579,0.06599,0.03542,0.03293,0.20608,0.07407,0.02767,0.32278
0.03130,0.41370,0.02155,0.13279,0.28168,0.04529,0.01042,0.01250,0.04083,0.00995
0.01571,0.54813,0.16917,0.04724,0.13249,0.04160,0.01144,0.01636,0.00854,0.00932
0.35041,0.04035,0.42029,0.03021,0.01407,0.05969,0.01916,0.02739,0.01424,0.02421
0.01093,0.46231,0.02776,0.38644,0.02131,0.01691,0.02786,0.02119,0.01336,0.01194
0.01062,0.02177,0.37872,0.03748,0.40531,0.01774,0.02996,0.04965,0.02715,0.02161
0.04786,0.41024,0.02452,0.29770,0.01815,0.08068,0.03577,0.01629,0.03205,0.03675
0.03238,0.05780,0.02066,0.02953,0.13571,0.02171,0.31317,0.01913,0.01547,0.35442
0.02337,0.41498,0.03696,0.03328,0.29949,0.01795,0.08033,0.02433,0.04729,0.02201
0.01245,0.01332,0.00842,0.01337,0.03061,0.00981,0.32129,0.01470,0.08474,0.49128
0.01573,0.01103,0.02453,0.04678,0.01761,0.29329,0.18726,0.03649,0.04645,0.32083
0.02429,0.02370,0.00798,0.01958,0.05780,0.09430,0.22590,0.03425,0.05251,0.45969
0.02338,0.29433,0.22129,0.06278,0.11484,0.11506,0.02474,0.02977,0.04489,0.06893
0.03326,0.03909,0.02034,0.03494,0.02511,0.01667,0.33778,0.03348,0.02820,0.43114
0.06157,0.04599,0.18664,0.03116,0.02670,0.04938,0.24563,0.01758,0.00582,0.32952
0.01859,0.03421,0.11291,0.02218,0.12723,0.06848,0.17972,0.02066,0.03130,0.38471
0.09894,0.08164,0.11804,0.22893,0.24107,0.03394,0.08280,0.05148,0.02482,0.03835
0.02663,0.00926,0.01152,0.02941,0.09023,0.18703,0.20868,0.06227,0.02651,0.34847
0.02406,0.18200,0.01524,0.14738,0.02579,0.01919,0.20087,0.03414,0.08340,0.26793
0.07777,0.11348,0.01940,0.08730,0.10623,0.02292,0.24028,0.01209,0.01309,0.30742
0.06666,0.44344,0.02552,0.34500,0.02262,0.02783,0.02623,0.01155,0.01065,0.02050
0.03759,0.32400,0.03055,0.29609,0.13787,0.07040,0.02468,0.02564,0.03776,0.01542
0.43428,0.00869,0.00628,0.00706,0.00390,0.04066,0.00918,0.46100,0.01488,0.01407
0.01679,0.05699,0.04938,0.05786,0.04823,0.07461,0.27135,0.01920,0.01687,0.38872
0.19693,0.06093,0.02768,0.26699,0.02481,0.05733,0.14034,0.01292,0.00712,0.20495
0.01312,0.39653,0.04515,0.33997,0.04019,0.01681,0.06265,0.03046,0.01881,0.03630
0.01927,0.27317,0.37278,0.02999,0.01889,0.18173,0.01318,0.01120,0.03626,0.04354
0.03873,0.41986,0.31420,0.05148,0.02659,0.06284,0.03017,0.01350,0.01357,0.02906
0.01988,0.41370,0.01155,0.11948,0.27362,0.02200,0.01816,0.04568,0.05130,0.02463
0.03601,0.00822,0.00806,0.01522,0.02667,0.03860,0.32150,0.07654,0.02551,0.44367
0.00731,0.42899,0.01603,0.03586,0.28668,0.08948,0.03654,0.04787,0.01518,0.03606
0.44280,0.01219,0.00955,0.00442,0.01444,0.04418,0.02695,0.42178,0.00961,0.01407
0.02370,0.03856,0.10682,0.34319,0.38302,0.03475,0.03285,0.00892,0.00532,0.02287
0.03065,0.14495,0.02446,0.12436,0.06985,0.05353,0.21354,0.02743,0.01060,0.30063
0.39912,0.03389,0.41963,0.02776,0.03172,0.02114,0.02276,0.00879,0.01939,0.01580
0.02374,0.47576,0.01696,0.39404,0.03380,0.03089,0.00691,0.00686,0.00737,0.00367
0.02401,0.39131,0.29396,0.05968,0.06656,0.02664,0.04584,0.03080,0.01977,0.04144
0.10818,0.23069,0.02250,0.20740,0.11868,0.03272,0.03446,0.12253,0.08080,0.04205
0.00456,0.01163,0.00555,0.00405,0.01268,0.00897,0.47796,0.00712,0.46069,0.00678
0.05088,0.29152,0.02186,0.24471,0.08627,0.24483,0.01105,0.01815,0.01302,0.01772
0.01219,0.18169,0.16815,0.01190,0.03109,0.04555,0.20358,0.01215,0.02809,0.30560
0.36147,0.05822,0.40846,0.06952,0.02819,0.01252,0.01271,0.02452,0.00949,0.01489
0.03806,0.33941,0.02646,0.12606,0.26325,0.06012,0.05901,0.02957,0.03379,0.02428
0.24832,0.12274,0.12308,0.31602,0.07741,0.03415,0.02050,0.01803,0.01206,0.02768
0.12802,0.01675,0.05474,0.02241,0.03004,0.02762,0.17862,0.13392,0.06725,0.34064
0.08091,0.06358,0.03447,0.00453,0.00626,0.00800,0.29604,0.03759,0.09599,0.37263
0.03188,0.32819,0.02339,0.04931,0.25832,0.02411,0.11429,0.01885,0.01701,0.13465
0.03978,0.02153,0.11469,0.09240,0.04963,0.12149,0.22056,0.02383,0.00649,0.30958
0.03017,0.43935,0.02956,0.30573,0.03981,0.11126,0.00861,0.01112,0.01041,0.01398
0.05113,0.43078,0.02364,0.26392,0.01400,0.13882,0.01598,0.04160,0.00900,0.01114
0.02866,0.03329,0.01093,0.03321,0.02137,0.02319,0.30949,0.04455,0.06558,0.42973
0.01476,0.04762,0.03301,0.05084,0.03314,0.02511,0.32945,0.01261,0.01962,0.43385
0.01107,0.09170,0.02502,0.12251,0.13403,0.09952,0.20408,0.00821,0.00573,0.29813
0.05920,0.18151,0.01542,0.14064,0.07064,0.02935,0.03065,0.40827,0.05339,0.01092
0.00682,0.02038,0.07643,0.02118,0.01435,0.13241,0.28760,0.00533,0.01161,0.42389
0.03260,0.04668,0.00814,0.00610,0.01458,0.11001,0.19144,0.09396,0.12808,0.36842
0.05145,0.07064,0.01830,0.40658,0.40529,0.01630,0.01268,0.00744,0.00566,0.00567
0.10990,0.10983,0.29281,0.04566,0.33965,0.03096,0.01846,0.00811,0.01839,0.02623
0.01683,0.02220,0.09194,0.00841,0.02082,0.06147,0.31588,0.01011,0.01992,0.43243
0.02770,0.44820,0.02266,0.05963,0.25769,0.01438,0.12783,0.02522,0.00841,0.00827
0.01276,0.03112,0.02923,0.04466,0.03165,0.32390,0.17647,0.00929,0.00799,0.33293
0.01542,0.45914,0.04118,0.37502,0.04984,0.01382,0.01476,0.00800,0.01083,0.01198
0.00673,0.01024,0.00925,0.01629,0.00642,0.32266,0.20358,0.01090,0.00940,0.40453
0.06535,0.39110,0.01592,0.27237,0.03478,0.09061,0.01919,0.08143,0.01715,0.01211
0.03143,0.13730,0.04073,0.07140,0.01986,0.17725,0.18216,0.02810,0.02013,0.29164
0.06331,0.09552,0.03225,0.03686,0.05178,0.02079,0.28507,0.02792,0.02699,0.35951
0.08202,0.35642,0.05002,0.11553,0.17231,0.06719,0.06386,0.03387,0.01300,0.04578
0.26426,0.02783,0.04702,0.31907,0.01778,0.08529,0.03395,0.09398,0.04327,0.06755
0.01524,0.42784,0.32425,0.09236,0.02732,0.05105,0.01421,0.01367,0.01199,0.02205
0.01910,0.39891,0.05377,0.03286,0.31144,0.03552,0.04039,0.05982,0.01177,0.03642
0.01776,0.31771,0.09299,0.23092,0.10953,0.06411,0.04707,0.02356,0.06307,0.03329
0.33789,0.04589,0.01008,0.01769,0.01896,0.45709,0.01440,0.03472,0.02457,0.03871
0.01595,0.01690,0.01172,0.00537,0.02138,0.02155,0.32746,0.02660,0.13757,0.41549
0.04880,0.20057,0.01982,0.03238,0.20584,0.04137,0.03821,0.01678,0.06413,0.33210
0.01061,0.46488,0.00981,0.03417,0.34633,0.05769,0.01721,0.02103,0.01617,0.02211
0.06206,0.08872,0.01878,0.01082,0.03454,0.11448,0.25515,0.03626,0.01095,0.36826
0.06839,0.43946,0.03104,0.28533,0.03422,0.06744,0.01864,0.00861,0.03068,0.01621
0.01461,0.03295,0.27566,0.01414,0.00915,0.26299,0.07488,0.01731,0.07257,0.22574
0.02235,0.41620,0.01555,0.43465,0.01393,0.04975,0.01517,0.01117,0.00482,0.01640
0.00639,0.06914,0.03250,0.01468,0.01146,0.06143,0.33116,0.00346,0.01935,0.45042
0.02780,0.37630,0.00837,0.37827,0.12490,0.04014,0.01280,0.00931,0.00687,0.01524
0.01981,0.00711,0.00526,0.00866,0.01429,0.02779,0.28184,0.01931,0.20770,0.40823
0.33899,0.03356,0.00851,0.01257,0.01731,0.50700,0.02657,0.01248,0.01958,0.02343
0.28035,0.18395,0.33508,0.02395,0.08621,0.01772,0.01398,0.00848,0.01300,0.03729
0.01348,0.37721,0.02839,0.06490,0.28097,0.04231,0.06327,0.01233,0.07156,0.04558
0.00862,0.41515,0.13869,0.27922,0.02706,0.05587,0.00648,0.01563,0.04560,0.00768
0.02581,0.02830,0.04216,0.01394,0.01149,0.05072,0.35908,0.01109,0.01001,0.44740
0.01157,0.00973,0.15459,0.01752,0.04159,0.03569,0.27926,0.01474,0.01292,0.42239
0.07157,0.05712,0.00558,0.04523,0.07740,0.02754,0.31122,0.03036,0.01411,0.35987
0.02153,0.02190,0.01053,0.08322,0.02785,0.02293,0.33844,0.02960,0.00969,0.43430
0.01055,0.04525,0.04724,0.03704,0.02284,0.07786,0.26227,0.00852,0.08097,0.40746
0.02869,0.11809,0.03078,0.33827,0.30943,0.02718,0.03949,0.02302,0.02003,0.06504
0.03325,0.03448,0.15880,0.00545,0.01537,0.00290,0.34715,0.01262,0.03089,0.35909
0.01061,0.01922,0.08102,0.01264,0.01299,0.06628,0.29006,0.02607,0.03127,0.44984
0.06918,0.23641,0.02664,0.13663,0.01653,0.15025,0.09078,0.01459,0.04541,0.21360
0.02494,0.02376,0.01058,0.01791,0.02422,0.03752,0.29373,0.02797,0.09910,0.44030
0.01669,0.24736,0.15241,0.14443,0.17352,0.12703,0.02060,0.02001,0.03635,0.06160
0.00767,0.45178,0.03559,0.31904,0.02748,0.10115,0.00470,0.03217,0.01625,0.00417
0.01834,0.06567,0.03713,0.01799,0.02069,0.01988,0.31269,0.08383,0.01666,0.40711
0.00810,0.08711,0.02043,0.03050,0.07361,0.08146,0.26651,0.00853,0.02594,0.39782
0.03949,0.00624,0.00767,0.01317,0.00713,0.01371,0.35211,0.02577,0.06250,0.47223
0.00502,0.01155,0.00289,0.47349,0.46300,0.01708,0.00477,0.00626,0.00758,0.00838
0.03795,0.04588,0.39142,0.01902,0.42173,0.01438,0.02707,0.01584,0.01219,0.01452
0.05547,0.42095,0.05277,0.30067,0.04806,0.06365,0.01147,0.02107,0.01232,0.01356
0.01516,0.37347,0.13898,0.05279,0.34245,0.02898,0.01028,0.00488,0.02172,0.01129
0.03220,0.44808,0.09958,0.02683,0.32296,0.01222,0.00619,0.01878,0.02193,0.01124
0.24894,0.03337,0.02450,0.29368,0.02525,0.01969,0.10368,0.02057,0.02732,0.20300
0.03097,0.30362,0.01625,0.04738,0.25550,0.06678,0.08104,0.01851,0.06319,0.11676
0.03528,0.02034,0.01320,0.01982,0.02754,0.01839,0.34402,0.02084,0.04139,0.45919
0.26012,0.22023,0.04501,0.01793,0.02087,0.04604,0.00706,0.29517,0.06666,0.02091
0.00260,0.01136,0.00473,0.01044,0.00595,0.01235,0.35994,0.03946,0.03073,0.52243
0.03367,0.42977,0.06902,0.32987,0.05044,0.03367,0.01788,0.01192,0.01504,0.00873
0.01770,0.04442,0.06964,0.06946,0.03953,0.04276,0.02219,0.15232,0.33607,0.20591
0.30471,0.12035,0.02490,0.37762,0.04501,0.01794,0.03037,0.03264,0.01369,0.03279
0.00632,0.08663,0.00931,0.29681,0.39951,0.13847,0.00516,0.00521,0.02856,0.02403
0.02719,0.04797,0.02312,0.02822,0.02031,0.26110,0.19296,0.02002,0.01535,0.36376
0.00563,0.00741,0.00299,0.00506,0.00678,0.00820,0.48184,0.00647,0.46974,0.00588
0.02119,0.23743,0.03527,0.29188,0.31260,0.02026,0.01350,0.01307,0.03971,0.01510
0.00991,0.05503,0.00922,0.29980,0.41694,0.08955,0.01106,0.04705,0.02645,0.03499
0.00639,0.04562,0.02543,0.03591,0.01296,0.04077,0.33835,0.02784,0.01821,0.44851
0.01543,0.03546,0.01394,0.42786,0.40115,0.02825,0.02054,0.00490,0.01457,0.03791
0.20234,0.25727,0.33568,0.02958,0.02540,0.01705,0.06927,0.02677,0.01446,0.02218
0.01481,0.09255,0.01046,0.10314,0.03889,0.04083,0.26853,0.05612,0.01768,0.35698
0.05201,0.07025,0.02803,0.02588,0.04028,0.07364,0.24379,0.08174,0.02694,0.35744
0.02461,0.07401,0.02778,0.08020,0.13274,0.18226,0.18221,0.01532,0.01556,0.26531
