0.04926,0.32780,0.04462,0.01136,0.38692,0.09737,0.01013,0.04319,0.00627,0.02308
0.07843,0.17940,0.08679,0.03562,0.25638,0.00882,0.18370,0.01038,0.14508,0.01539
0.12259,0.34689,0.02175,0.01646,0.21627,0.03880,0.09805,0.03057,0.08965,0.01899
0.02000,0.03511,0.01549,0.05943,0.01576,0.03754,0.30527,0.04668,0.28204,0.18267
0.18094,0.03373,0.02195,0.15690,0.03548,0.17029,0.13481,0.07062,0.15670,0.03858
0.28410,0.24743,0.09617,0.09412,0.11497,0.06479,0.03319,0.02903,0.01052,0.02570
0.03994,0.04781,0.05256,0.04519,0.13011,0.02088,0.37016,0.04848,0.21785,0.02702
0.03736,0.07808,0.29130,0.24268,0.16171,0.03998,0.01130,0.02291,0.00695,0.10774
0.03178,0.06604,0.12929,0.01962,0.14855,0.17119,0.01916,0.24605,0.01153,0.15680
0.34371,0.28356,0.04437,0.08495,0.00498,0.02458,0.08386,0.00881,0.09723,0.02395
0.30283,0.28907,0.02348,0.02934,0.03710,0.07590,0.05196,0.03286,0.08340,0.07406
0.04164,0.03526,0.03133,0.03458,0.11841,0.33583,0.02118,0.35297,0.00888,0.01992
0.23274,0.29479,0.05400,0.10078,0.01685,0.04065,0.10717,0.01882,0.08905,0.04515
0.07025,0.04480,0.29763,0.05106,0.24098,0.08708,0.02823,0.01845,0.05678,0.10474
0.08251,0.02164,0.32758,0.09812,0.28330,0.09380,0.01501,0.03962,0.00704,0.03139
0.06638,0.04686,0.30487,0.17870,0.25280,0.05513,0.02134,0.01570,0.04558,0.01264
0.16343,0.09450,0.08764,0.06868,0.04964,0.24307,0.01552,0.21139,0.00863,0.05749
0.02155,0.39111,0.02492,0.01118,0.40173,0.05972,0.02265,0.02297,0.01073,0.03345
0.08500,0.05960,0.24186,0.04844,0.21597,0.05494,0.07105,0.05008,0.05223,0.12084
0.02346,0.06371,0.15638,0.15400,0.07482,0.20267,0.04480,0.24717,0.01064,0.02235
0.01280,0.07771,0.35005,0.35890,0.09081,0.02963,0.01011,0.01273,0.01635,0.04089
0.02252,0.04971,0.33326,0.27717,0.12153,0.08727,0.03923,0.02914,0.02315,0.01702
0.02449,0.24413,0.05170,0.06150,0.01631,0.01848,0.04686,0.02881,0.01955,0.48817
0.11408,0.18799,0.21129,0.12928,0.14507,0.04272,0.08199,0.03229,0.02626,0.02904
0.42894,0.41823,0.04082,0.02172,0.02081,0.01596,0.01499,0.00987,0.00780,0.02087
0.06116,0.35080,0.03167,0.02534,0.39851,0.04830,0.01276,0.03744,0.02330,0.01072
0.02683,0.03174,0.10603,0.02483,0.10869,0.01176,0.32641,0.01583,0.31290,0.03497
0.24302,0.14588,0.27719,0.08362,0.16249,0.02148,0.02119,0.02113,0.01175,0.01225
0.02466,0.02899,0.20190,0.08280,0.14709,0.09667,0.09233,0.06981,0.08826,0.16750
0.00856,0.02926,0.00419,0.01095,0.03081,0.00277,0.45007,0.44707,0.00403,0.01229
0.02231,0.07009,0.28628,0.17645,0.17152,0.06075,0.07425,0.07791,0.01991,0.04053
0.02914,0.00955,0.01467,0.00253,0.01417,0.43829,0.03393,0.35498,0.03359,0.06916
0.26100,0.27188,0.10578,0.11222,0.05177,0.03524,0.04790,0.02015,0.04651,0.04755
0.02984,0.03251,0.28968,0.03765,0.27613,0.12430,0.02458,0.13754,0.01991,0.02785
0.00797,0.01226,0.02343,0.01861,0.01779,0.01211,0.40978,0.02740,0.44252,0.02814
0.04326,0.02000,0.38896,0.42099,0.01690,0.03748,0.01405,0.02782,0.01256,0.01797
0.06504,0.06516,0.16296,0.04933,0.25796,0.10893,0.07382,0.08798,0.10478,0.02402
0.04274,0.08115,0.31751,0.11069,0.27672,0.02229,0.05927,0.03733,0.02330,0.02900
0.01321,0.00572,0.04213,0.04028,0.02005,0.40131,0.00768,0.28578,0.00897,0.17488
0.23135,0.17845,0.19469,0.09706,0.16745,0.06090,0.01561,0.02599,0.00837,0.02014
0.37667,0.19794,0.02162,0.13439,0.01220,0.01240,0.03960,0.12663,0.00628,0.07228
0.01615,0.05064,0.17874,0.18642,0.03549,0.25254,0.01660,0.22096,0.01090,0.03155
0.03571,0.03223,0.03852,0.03727,0.04093,0.06668,0.32044,0.07803,0.34071,0.00947
0.06333,0.09225,0.08717,0.11279,0.02753,0.03500,0.23688,0.03776,0.26395,0.04333
0.01815,0.09823,0.23075,0.19738,0.12864,0.20729,0.00987,0.08127,0.00688,0.02155
0.01835,0.07702,0.02491,0.07360,0.06740,0.17186,0.17295,0.17129,0.19901,0.02362
0.02362,0.09740,0.16055,0.20656,0.13472,0.16914,0.01472,0.16905,0.00707,0.01718
0.04682,0.03726,0.20943,0.21231,0.02677,0.14460,0.08802,0.15735,0.05660,0.02083
0.03214,0.02601,0.32785,0.33204,0.08083,0.12778,0.00810,0.01927,0.00747,0.03851
0.05906,0.03789,0.03636,0.01870,0.05643,0.36474,0.01212,0.34230,0.03301,0.03938
0.07944,0.12002,0.03829,0.04269,0.11177,0.04042,0.25287,0.02573,0.25223,0.03656
0.20444,0.22040,0.13941,0.02046,0.08748,0.09699,0.07468,0.06077,0.06216,0.03320
0.00986,0.02129,0.06336,0.11958,0.02782,0.37039,0.03263,0.33076,0.00928,0.01504
0.01415,0.03722,0.04337,0.07728,0.03396,0.36026,0.03061,0.35710,0.01626,0.02979
0.00974,0.01448,0.02076,0.03211,0.00754,0.08008,0.36086,0.04861,0.31914,0.10667
0.03939,0.41316,0.02600,0.04794,0.02157,0.01019,0.01006,0.02561,0.00630,0.39978
0.27811,0.32048,0.02616,0.02811,0.05758,0.04270,0.08559,0.03922,0.06531,0.05673
0.02909,0.01862,0.08897,0.18575,0.05504,0.27281,0.02477,0.27393,0.02014,0.03088
0.06835,0.04702,0.06579,0.03912,0.06487,0.23909,0.04558,0.27067,0.02143,0.13808
0.10748,0.01949,0.38116,0.24355,0.03431,0.02423,0.07539,0.01913,0.06053,0.03475
0.02517,0.02653,0.03236,0.05180,0.08643,0.37778,0.02120,0.33702,0.00606,0.03564
0.43922,0.43370,0.01479,0.01245,0.02774,0.03818,0.00700,0.01364,0.00609,0.00719
0.21626,0.23895,0.07030,0.16145,0.03513,0.03108,0.07753,0.04537,0.10109,0.02283
0.03553,0.03728,0.13634,0.20114,0.03062,0.07379,0.19439,0.05032,0.20743,0.03316
0.13275,0.23432,0.16527,0.23261,0.08001,0.02552,0.03050,0.03856,0.05073,0.00973
0.34820,0.06680,0.03032,0.28930,0.06680,0.07668,0.01659,0.08240,0.00563,0.01728
0.03362,0.03362,0.17537,0.07982,0.13238,0.02060,0.22445,0.01619,0.21099,0.07296
0.05347,0.24210,0.13319,0.20877,0.24489,0.01349,0.04199,0.00794,0.03382,0.02034
0.39789,0.21368,0.04400,0.18835,0.05778,0.01298,0.02121,0.00883,0.03406,0.02120
0.01975,0.02448,0.30779,0.20828,0.01378,0.33355,0.00983,0.06394,0.00523,0.01337
0.01176,0.05848,0.36985,0.39261,0.04918,0.02241,0.01520,0.01532,0.03776,0.02743
0.02331,0.02534,0.42947,0.35445,0.08099,0.03599,0.00867,0.02564,0.00794,0.00819
0.23533,0.24699,0.06736,0.19006,0.04929,0.09628,0.02681,0.04416,0.02705,0.01666
0.05621,0.05685,0.01472,0.01446,0.01542,0.13896,0.29540,0.08582,0.30539,0.01677
0.04739,0.35355,0.06183,0.05749,0.06995,0.02960,0.04303,0.03279,0.05573,0.24865
0.14343,0.14392,0.20799,0.22550,0.02440,0.04119,0.06548,0.04389,0.05661,0.04759
0.02420,0.17550,0.25931,0.26409,0.12226,0.02217,0.01939,0.02703,0.01276,0.07328
0.17627,0.19462,0.02727,0.03699,0.01026,0.18867,0.04809,0.06458,0.01824,0.23502
0.00913,0.00964,0.00944,0.01072,0.00727,0.42970,0.01897,0.32126,0.00849,0.17536
0.01715,0.02766,0.03469,0.02153,0.06786,0.39383,0.03097,0.34189,0.03427,0.03014
0.05579,0.03039,0.27105,0.02029,0.20611,0.07557,0.13256,0.02016,0.12020,0.06788
0.07830,0.06762,0.28946,0.03558,0.29950,0.04808,0.03553,0.07935,0.03944,0.02715
0.05049,0.06396,0.07036,0.05073,0.08123,0.05284,0.26061,0.03911,0.28731,0.04335
0.01969,0.28970,0.16029,0.12110,0.34492,0.01979,0.01216,0.01100,0.00844,0.01292
0.01213,0.01026,0.01832,0.01676,0.01405,0.15235,0.37355,0.05083,0.32421,0.02755
0.04229,0.19410,0.20741,0.23314,0.14923,0.02766,0.03583,0.01413,0.02571,0.07050
0.11388,0.29997,0.05832,0.07218,0.29645,0.04341,0.03171,0.00750,0.04150,0.03508
0.09704,0.06598,0.32828,0.07986,0.33216,0.02941,0.01021,0.02346,0.02214,0.01146
0.17401,0.16789,0.13084,0.04174,0.15864,0.09278,0.06143,0.07025,0.05943,0.04299
0.01475,0.01801,0.02539,0.02284,0.02538,0.32099,0.08647,0.15246,0.06849,0.26521
0.05250,0.11761,0.01618,0.04532,0.12922,0.10666,0.21697,0.03419,0.21260,0.06876
0.30597,0.34908,0.04655,0.04380,0.07656,0.03898,0.01962,0.05782,0.04492,0.01671
0.23565,0.35898,0.08355,0.21367,0.03331,0.02432,0.01317,0.01484,0.01556,0.00696
0.26251,0.28722,0.00731,0.00600,0.00628,0.11284,0.01507,0.19236,0.01151,0.09891
0.04203,0.06368,0.11358,0.04170,0.10340,0.02878,0.23686,0.03782,0.32042,0.01173
0.31724,0.33840,0.06952,0.02577,0.09359,0.02119,0.04038,0.01307,0.06803,0.01280
0.01204,0.43775,0.01278,0.00817,0.44509,0.03004,0.01736,0.02241,0.00608,0.00828
0.07323,0.37917,0.01521,0.01074,0.35329,0.04838,0.02357,0.05167,0.02797,0.01679
0.33835,0.07825,0.39221,0.04091,0.06550,0.01471,0.01502,0.01399,0.01215,0.02891
0.03828,0.02809,0.30323,0.29127,0.03196,0.09445,0.02804,0.05656,0.01314,0.11499
0.24863,0.24308,0.08380,0.13308,0.11343,0.05407,0.03328,0.04219,0.01250,0.03595
0.10215,0.21419,0.15708,0.35992,0.03324,0.04525,0.03966,0.01306,0.02368,0.01178
0.01834,0.44718,0.04064,0.02767,0.01651,0.02297,0.00705,0.02142,0.00792,0.39030
0.29853,0.12790,0.29698,0.06155,0.07021,0.03361,0.01485,0.02119,0.00855,0.06662
0.06332,0.07255,0.36647,0.36595,0.04511,0.02218,0.02573,0.01191,0.01174,0.01505
0.04063,0.07427,0.02874,0.05778,0.04891,0.31989,0.02707,0.23920,0.02559,0.13791
0.05295,0.03378,0.03973,0.04053,0.03093,0.05453,0.35800,0.03095,0.35108,0.00753
0.06874,0.41550,0.03756,0.02433,0.01890,0.01565,0.00743,0.03480,0.00500,0.37210
0.32488,0.04346,0.31651,0.04216,0.03805,0.04552,0.08051,0.02443,0.01472,0.06976
0.23797,0.14391,0.27948,0.05464,0.02594,0.07502,0.03190,0.06814,0.02127,0.06172
0.03745,0.05569,0.14534,0.31335,0.14337,0.09450,0.07790,0.05554,0.04869,0.02816
0.06037,0.30379,0.06156,0.05014,0.29415,0.10102,0.02414,0.03510,0.03513,0.03460
0.03000,0.01486,0.02132,0.03071,0.01043,0.34005,0.02209,0.12334,0.01322,0.39399
0.23960,0.01365,0.01328,0.18850,0.02183,0.26009,0.01957,0.22281,0.00951,0.01117
0.08049,0.09547,0.02991,0.05156,0.05754,0.02828,0.32090,0.17354,0.15029,0.01202
0.07845,0.11925,0.05300,0.03510,0.08852,0.01787,0.25147,0.01360,0.30703,0.03571
0.03399,0.23575,0.20250,0.17133,0.22684,0.06920,0.01572,0.01802,0.00481,0.02183
0.07061,0.06664,0.26867,0.21393,0.14293,0.09095,0.07443,0.02182,0.02168,0.02834
0.01926,0.03698,0.41486,0.41677,0.02324,0.01231,0.01630,0.02756,0.00885,0.02389
0.02944,0.25978,0.21935,0.18241,0.05171,0.03377,0.01024,0.02083,0.00685,0.18560
0.01336,0.01391,0.18113,0.17777,0.02546,0.02329,0.27624,0.00908,0.26924,0.01054
0.04488,0.36335,0.08585,0.03941,0.30220,0.04330,0.02149,0.02037,0.00972,0.06942
0.01746,0.06855,0.17987,0.15585,0.06490,0.22964,0.01724,0.18823,0.01072,0.06754
0.39137,0.39286,0.01084,0.02292,0.01311,0.05217,0.01994,0.02348,0.02318,0.05014
0.09168,0.08118,0.07731,0.07530,0.11432,0.24785,0.01676,0.26003,0.01148,0.02409
0.02396,0.01210,0.03111,0.02775,0.03595,0.03182,0.39464,0.08931,0.34223,0.01114
0.23702,0.01446,0.40191,0.18084,0.03149,0.04209,0.00976,0.02040,0.01076,0.05126
0.31396,0.31414,0.02086,0.05708,0.01259,0.02285,0.09461,0.02100,0.13299,0.00991
0.03467,0.33995,0.06804,0.07937,0.38997,0.03034,0.01670,0.02140,0.01045,0.00910
0.02381,0.07121,0.01997,0.02850,0.16464,0.22198,0.08476,0.12734,0.08748,0.17030
0.08902,0.06469,0.32471,0.11731,0.25856,0.02006,0.02603,0.03955,0.02069,0.03938
0.01424,0.08359,0.07703,0.07174,0.11817,0.02682,0.23377,0.05392,0.29905,0.02167
0.05541,0.25386,0.07118,0.05801,0.29268,0.13897,0.02838,0.02737,0.04739,0.02673
0.02354,0.02836,0.02696,0.01660,0.01436,0.29010,0.16259,0.25264,0.16917,0.01569
0.02359,0.02259,0.42198,0.05376,0.42117,0.01190,0.01044,0.00896,0.01300,0.01260
0.01803,0.01281,0.36718,0.37710,0.07257,0.02357,0.02353,0.03923,0.01309,0.05288
0.03874,0.01002,0.36088,0.37397,0.07835,0.05649,0.02040,0.01588,0.01005,0.03522
0.03858,0.03567,0.05695,0.02452,0.04849,0.03754,0.23145,0.02401,0.21851,0.28428
0.32876,0.03024,0.29771,0.03651,0.03961,0.04859,0.08048,0.04098,0.06875,0.02837
0.03097,0.31355,0.01731,0.06534,0.09549,0.09053,0.03129,0.09517,0.00985,0.25049
0.04232,0.05542,0.03491,0.02386,0.05602,0.34209,0.00879,0.28418,0.01632,0.13608
0.28808,0.33872,0.07542,0.13542,0.03656,0.03051,0.04231,0.01222,0.03130,0.00947
0.42284,0.01667,0.03325,0.41704,0.02975,0.02739,0.01661,0.02121,0.00944,0.00580
0.04678,0.18703,0.02544,0.05853,0.19208,0.05742,0.20458,0.05077,0.15386,0.02351
0.29794,0.09173,0.11734,0.06639,0.09035,0.19666,0.02129,0.05965,0.02684,0.03179
0.06850,0.09562,0.20207,0.04812,0.16173,0.14150,0.03964,0.07630,0.05940,0.10712
0.05120,0.05871,0.32016,0.11734,0.31454,0.01737,0.03627,0.04407,0.02529,0.01506
0.04182,0.03328,0.37462,0.45088,0.03573,0.00905,0.01784,0.02653,0.00551,0.00474
0.02163,0.06504,0.25637,0.37905,0.03726,0.08721,0.02479,0.09240,0.01052,0.02575
0.01613,0.05511,0.36266,0.33946,0.09586,0.01560,0.05689,0.01159,0.03724,0.00945
0.01593,0.04097,0.17494,0.14541,0.02437,0.05883,0.23150,0.03768,0.24285,0.02752
0.03312,0.15619,0.26887,0.23195,0.11567,0.12206,0.01577,0.03282,0.00400,0.01956
0.08078,0.34685,0.05178,0.02468,0.37489,0.05060,0.01218,0.02575,0.01161,0.02089
0.02792,0.03832,0.38266,0.41534,0.02904,0.03023,0.03382,0.01125,0.01496,0.01645
0.26454,0.21713,0.14131,0.12607,0.07417,0.03714,0.06674,0.01974,0.03451,0.01867
0.36440,0.37932,0.03176,0.03816,0.03068,0.04289,0.02936,0.01870,0.04799,0.01673
0.17534,0.08353,0.14151,0.12104,0.07531,0.01680,0.17792,0.02138,0.17219,0.01498
0.34270,0.36571,0.03795,0.11791,0.02460,0.01916,0.01614,0.01802,0.04540,0.01241
0.01043,0.01270,0.32113,0.18650,0.39150,0.00656,0.03588,0.00978,0.01101,0.01450
0.01496,0.04861,0.35436,0.22913,0.26726,0.02596,0.03119,0.01606,0.00658,0.00589
0.04408,0.29632,0.12800,0.12776,0.31455,0.03066,0.00927,0.01349,0.00779,0.02806
0.01033,0.02975,0.34267,0.02458,0.33471,0.07975,0.01901,0.05567,0.02197,0.08155
0.01865,0.03540,0.02887,0.01591,0.02978,0.24969,0.16244,0.23472,0.17396,0.05057
0.21127,0.03573,0.27813,0.09837,0.05511,0.04040,0.15229,0.03950,0.07387,0.01533
0.35838,0.04719,0.05168,0.36079,0.03143,0.01275,0.05489,0.04103,0.02937,0.01250
0.00798,0.02249,0.42129,0.39943,0.09411,0.00386,0.00332,0.01924,0.01383,0.01444
0.05423,0.17551,0.03782,0.16066,0.12673,0.08030,0.17297,0.03651,0.08422,0.07105
0.02793,0.01609,0.14424,0.06033,0.09437,0.14115,0.16464,0.02144,0.12835,0.20145
0.08139,0.04586,0.28732,0.21866,0.08119,0.13441,0.05499,0.02996,0.02042,0.04580
0.25439,0.24057,0.13539,0.12976,0.11746,0.03309,0.01457,0.04152,0.01794,0.01530
0.01176,0.02714,0.39993,0.43646,0.04162,0.01798,0.01721,0.01836,0.01106,0.01848
0.07644,0.11463,0.20164,0.23310,0.07020,0.02406,0.03249,0.03369,0.16842,0.04534
0.25888,0.22552,0.06667,0.04320,0.00947,0.13549,0.11588,0.01877,0.09433,0.03180
0.06071,0.33864,0.07268,0.04693,0.37113,0.06559,0.01624,0.01286,0.00645,0.00877
0.05108,0.01266,0.01580,0.05714,0.00582,0.05058,0.37874,0.02559,0.38994,0.01266
0.01570,0.02077,0.16261,0.05016,0.13381,0.18462,0.10262,0.20713,0.10779,0.01480
0.08346,0.10419,0.03096,0.01500,0.01892,0.27852,0.03824,0.25665,0.03499,0.13907
0.10624,0.04928,0.06561,0.01971,0.01853,0.04969,0.24952,0.06643,0.21494,0.16006
0.03295,0.05088,0.02870,0.01668,0.01582,0.32220,0.02758,0.37085,0.01140,0.12293
0.29789,0.11453,0.10713,0.30186,0.08030,0.03189,0.01741,0.01607,0.00462,0.02830
0.01369,0.02360,0.23570,0.04803,0.25897,0.02629,0.15232,0.05544,0.16104,0.02492
0.07648,0.18890,0.13193,0.08560,0.21865,0.16013,0.01667,0.07955,0.01010,0.03199
0.06992,0.05101,0.25977,0.29314,0.11695,0.03586,0.04654,0.02987,0.07219,0.02474
0.06165,0.36864,0.09438,0.07871,0.20245,0.01279,0.01264,0.01580,0.00545,0.14749
0.02048,0.03384,0.07138,0.07675,0.01303,0.28691,0.00879,0.23589,0.00595,0.24697
0.04096,0.30108,0.06788,0.03502,0.29787,0.07746,0.06351,0.05534,0.04921,0.01167
0.27444,0.29740,0.04793,0.03126,0.05440,0.01733,0.10063,0.01716,0.13452,0.02494
0.28157,0.01862,0.27597,0.06196,0.02519,0.09477,0.01311,0.07996,0.00809,0.14076
0.18572,0.06725,0.02756,0.19189,0.04822,0.01595,0.22000,0.00630,0.22686,0.01025
0.44667,0.04665,0.03562,0.38132,0.01894,0.02037,0.01662,0.00884,0.00856,0.01642
0.01088,0.10779,0.11336,0.16450,0.07579,0.01886,0.22403,0.02189,0.24473,0.01817
0.08860,0.14474,0.24992,0.18938,0.17035,0.05932,0.02407,0.02735,0.01669,0.02958
0.41200,0.37367,0.02999,0.01791,0.00561,0.01514,0.02016,0.01810,0.00871,0.09871
0.25493,0.03690,0.23331,0.03186,0.04320,0.08232,0.12946,0.05534,0.10403,0.02864
0.04835,0.03235,0.33703,0.30044,0.03860,0.17116,0.01372,0.02898,0.00878,0.02059
0.04170,0.04811,0.03574,0.04549,0.08990,0.06325,0.24502,0.05831,0.22260,0.14988
0.03242,0.02473,0.02831,0.02327,0.03401,0.41966,0.02240,0.37297,0.01868,0.02355
0.03886,0.03344,0.37717,0.40177,0.03634,0.01681,0.00953,0.01380,0.01978,0.05250
0.02722,0.03746,0.23657,0.06778,0.21179,0.05553,0.16879,0.01905,0.16179,0.01401
0.05578,0.08975,0.06644,0.15890,0.11481,0.18320,0.04871,0.18153,0.07724,0.02362
0.19179,0.18325,0.13119,0.15979,0.03523,0.01242,0.10417,0.04794,0.11219,0.02205
0.17741,0.32538,0.05206,0.01723,0.05626,0.02095,0.04106,0.02021,0.01732,0.27212
0.11305,0.18262,0.19708,0.24355,0.10700,0.04286,0.03520,0.02809,0.02922,0.02132
0.26949,0.27070,0.10488,0.07137,0.05852,0.09562,0.03295,0.03807,0.02302,0.03538
0.10654,0.06413,0.19717,0.26431,0.09309,0.02304,0.08166,0.04658,0.08178,0.04171
0.13003,0.16574,0.02797,0.03412,0.04507,0.25232,0.06434,0.23589,0.02782,0.01670
0.47512,0.48084,0.00698,0.00517,0.01093,0.00681,0.00296,0.00611,0.00286,0.00221
0.15702,0.20417,0.19528,0.09242,0.22015,0.03790,0.02094,0.03998,0.02229,0.00987
0.06749,0.33362,0.03878,0.03979,0.38059,0.04590,0.02418,0.01627,0.01859,0.03478
0.02905,0.03770,0.09732,0.12414,0.08416,0.29717,0.02792,0.25361,0.00831,0.04062
0.10511,0.01003,0.02134,0.01985,0.01477,0.01761,0.33814,0.12543,0.32910,0.01863
0.03017,0.20449,0.21131,0.19430,0.23511,0.05825,0.01273,0.02829,0.00634,0.01901
0.21313,0.31905,0.06202,0.09788,0.11107,0.01034,0.12455,0.00835,0.02641,0.02720
0.02302,0.03742,0.04285,0.05887,0.03820,0.02186,0.33456,0.02877,0.35228,0.06216
0.05688,0.08259,0.27419,0.21420,0.21465,0.01235,0.05370,0.01875,0.05515,0.01753
0.07296,0.05579,0.08840,0.10261,0.01693,0.01358,0.29820,0.01219,0.33266,0.00668
0.05188,0.17376,0.08198,0.04772,0.08484,0.15964,0.05184,0.16720,0.03268,0.14847
0.25891,0.02266,0.32097,0.11559,0.03890,0.00996,0.14229,0.00836,0.05979,0.02257
0.12180,0.10806,0.19612,0.09832,0.16225,0.02244,0.13171,0.00946,0.14100,0.00885
0.02245,0.11250,0.27262,0.26778,0.13826,0.10067,0.01347,0.04333,0.01436,0.01456
0.04178,0.04323,0.01112,0.02185,0.02012,0.04865,0.36236,0.04976,0.36317,0.03796
0.02529,0.36750,0.06494,0.06580,0.37847,0.04224,0.00872,0.02119,0.00444,0.02141
0.05276,0.02533,0.31648,0.05451,0.26457,0.06099,0.02271,0.03979,0.05636,0.10650
0.05924,0.07614,0.30763,0.37918,0.07255,0.01931,0.01899,0.03244,0.01592,0.01861
0.31536,0.33521,0.08222,0.07239,0.03488,0.04630,0.03204,0.02611,0.02085,0.03463
0.41166,0.39202,0.01393,0.01742,0.01147,0.05243,0.01878,0.01581,0.03051,0.03597
0.11416,0.10801,0.25435,0.07271,0.28290,0.04869,0.02261,0.01497,0.05955,0.02205
0.03395,0.33714,0.01952,0.03266,0.34374,0.03704,0.07307,0.01426,0.07872,0.02989
0.38848,0.38613,0.05866,0.03271,0.06200,0.01952,0.01318,0.02105,0.00639,0.01188
0.13249,0.34559,0.04133,0.03556,0.25920,0.00503,0.14543,0.01692,0.00798,0.01046
0.34724,0.32018,0.12078,0.06575,0.07242,0.01164,0.02283,0.01037,0.01357,0.01522
0.17464,0.10954,0.31867,0.17393,0.12759,0.05038,0.01950,0.00720,0.01183,0.00672
0.02630,0.01547,0.04941,0.02133,0.01932,0.21290,0.31978,0.02673,0.28541,0.02335
0.01830,0.01164,0.26454,0.03429,0.24638,0.06247,0.12064,0.04905,0.12976,0.06294
0.11704,0.08877,0.08163,0.05502,0.02682,0.08700,0.24141,0.03011,0.23949,0.03270
0.31270,0.06084,0.36204,0.06797,0.01770,0.04301,0.03965,0.01543,0.05060,0.03007
0.01924,0.02669,0.40198,0.42350,0.02941,0.01462,0.02923,0.01563,0.01565,0.02404
0.16415,0.19512,0.17157,0.22292,0.07521,0.02859,0.03037,0.07102,0.03041,0.01063
0.27056,0.21279,0.08509,0.06356,0.23559,0.03228,0.01870,0.03787,0.02991,0.01366
0.01244,0.03358,0.01841,0.00918,0.03836,0.07623,0.36115,0.04487,0.38258,0.02320
0.06057,0.07224,0.23647,0.03198,0.21226,0.02193,0.12780,0.05187,0.13641,0.04847
0.02180,0.41446,0.02834,0.03035,0.02304,0.04205,0.02952,0.01726,0.01400,0.37917
0.06529,0.04046,0.35214,0.32800,0.02199,0.08842,0.04154,0.01329,0.02646,0.02241
0.05174,0.12177,0.21285,0.15097,0.26084,0.06217,0.02781,0.03683,0.05252,0.02251
0.02559,0.39529,0.02693,0.02669,0.42497,0.04754,0.00480,0.01269,0.00841,0.02710
0.14185,0.03377,0.18872,0.28067,0.03481,0.06090,0.11184,0.07113,0.03709,0.03924
0.02932,0.03464,0.30321,0.05421,0.41672,0.02257,0.09311,0.01905,0.01092,0.01626
0.08030,0.07624,0.20024,0.13445,0.10243,0.01677,0.16469,0.03797,0.17544,0.01147
0.09988,0.34755,0.04634,0.03398,0.04431,0.04554,0.02490,0.02314,0.01448,0.31987
0.26804,0.10982,0.28879,0.07101,0.02860,0.02486,0.05733,0.01663,0.07346,0.06147
0.05605,0.09844,0.07106,0.09241,0.03462,0.30303,0.01649,0.21711,0.06509,0.04570
0.03944,0.02792,0.23346,0.04874,0.20201,0.23091,0.00977,0.13533,0.00492,0.06750
0.16239,0.16728,0.02346,0.04191,0.01831,0.03247,0.24905,0.01921,0.27060,0.01532
0.31545,0.09945,0.27471,0.05821,0.08944,0.06127,0.01503,0.04659,0.01309,0.02675
0.02686,0.09375,0.03077,0.09376,0.03046,0.02089,0.31350,0.20111,0.10778,0.08113
0.03308,0.12222,0.31273,0.32088,0.12572,0.02469,0.02315,0.01459,0.01146,0.01147
0.02477,0.02490,0.06746,0.05013,0.02993,0.06569,0.34955,0.01987,0.32601,0.04168
0.07170,0.04200,0.07282,0.03881,0.06629,0.22192,0.11355,0.20669,0.12639,0.03983
0.21704,0.02951,0.19770,0.03029,0.01424,0.09386,0.16865,0.06672,0.16108,0.02090
0.40887,0.03568,0.06161,0.39688,0.01894,0.03680,0.01214,0.01018,0.00897,0.00994
0.03208,0.04137,0.29877,0.09959,0.35243,0.01913,0.06975,0.00886,0.06989,0.00813
0.08523,0.09429,0.28245,0.27356,0.06196,0.03963,0.05419,0.03942,0.03072,0.03856
0.06547,0.06031,0.28354,0.28277,0.11680,0.07438,0.03665,0.01395,0.04884,0.01727
0.03684,0.03825,0.38057,0.06007,0.41452,0.01020,0.00903,0.02131,0.01244,0.01677
0.02924,0.02710,0.39626,0.25418,0.21692,0.00770,0.02256,0.02001,0.00747,0.01856
0.05554,0.33933,0.03472,0.02390,0.03077,0.10307,0.01694,0.08534,0.00975,0.30064
0.01653,0.05903,0.16447,0.16171,0.01911,0.00446,0.32743,0.09971,0.12537,0.02219
0.00496,0.04979,0.40348,0.40372,0.09288,0.01056,0.00457,0.01197,0.00868,0.00938
0.10833,0.09016,0.20565,0.10238,0.23545,0.07748,0.05980,0.10500,0.00603,0.00974
0.11459,0.04081,0.04780,0.05923,0.04037,0.05119,0.29579,0.03088,0.29829,0.02106
0.08748,0.10417,0.30759,0.01269,0.31784,0.05331,0.02191,0.03345,0.01394,0.04763
0.20144,0.16575,0.02056,0.02438,0.06194,0.19506,0.02560,0.21655,0.03292,0.05579
0.34538,0.32313,0.01847,0.01154,0.01136,0.13858,0.01101,0.11814,0.00713,0.01527
0.21393,0.19640,0.17249,0.12604,0.20305,0.01851,0.01956,0.02317,0.01207,0.01479
0.25827,0.27914,0.13796,0.09440,0.11721,0.02372,0.01212,0.04551,0.02248,0.00919
0.03775,0.09744,0.29986,0.34026,0.03780,0.04292,0.01616,0.03555,0.03404,0.05823
0.06022,0.04713,0.10115,0.07707,0.07223,0.15726,0.11153,0.20295,0.14192,0.02855
0.03135,0.32519,0.07861,0.07628,0.36448,0.05529,0.02036,0.01989,0.01936,0.00918
0.06907,0.09147,0.02893,0.02950,0.09613,0.34327,0.03740,0.25918,0.03027,0.01477
0.21307,0.17574,0.23228,0.09175,0.21597,0.01207,0.01456,0.01881,0.01314,0.01261
0.01781,0.13020,0.11212,0.11448,0.16529,0.02691,0.15611,0.01861,0.24573,0.01274
0.03019,0.03370,0.35304,0.33207,0.02963,0.07205,0.03351,0.05033,0.03252,0.03295
0.35946,0.02974,0.03754,0.32341,0.02768,0.08199,0.03669,0.07720,0.01279,0.01351
0.03151,0.08282,0.37384,0.34013,0.11834,0.01013,0.01572,0.00871,0.01077,0.00804
0.03900,0.35312,0.04287,0.10610,0.38630,0.01435,0.01398,0.01688,0.01078,0.01662
0.35306,0.06733,0.03252,0.32741,0.02122,0.02283,0.08242,0.01909,0.06368,0.01045
0.02063,0.03401,0.08926,0.08715,0.11389,0.29573,0.03210,0.28687,0.01098,0.02937
0.04362,0.10851,0.10141,0.11630,0.17330,0.04718,0.14606,0.02437,0.16574,0.07349
0.02296,0.02712,0.36509,0.43131,0.01236,0.01412,0.01862,0.00588,0.01327,0.08927
0.01690,0.34399,0.02702,0.08232,0.03057,0.03850,0.00669,0.03390,0.00528,0.41483
0.47211,0.47386,0.01084,0.00790,0.01809,0.00416,0.00349,0.00493,0.00309,0.00153
0.15612,0.22988,0.14753,0.11588,0.09477,0.04073,0.09610,0.04108,0.06321,0.01471
0.17994,0.19629,0.23697,0.16852,0.14223,0.00713,0.02344,0.00629,0.03379,0.00539
0.02962,0.05625,0.04289,0.02998,0.06005,0.08970,0.28142,0.09213,0.29823,0.01972
0.02846,0.32095,0.05504,0.02248,0.36398,0.02879,0.08675,0.01504,0.06877,0.00974
0.03123,0.03059,0.03087,0.06521,0.04178,0.08090,0.31803,0.02215,0.28341,0.09583
0.03000,0.05934,0.31564,0.08145,0.31660,0.09004,0.02450,0.06005,0.00997,0.01240
0.01418,0.06701,0.36834,0.39398,0.05225,0.01736,0.02864,0.02518,0.02691,0.00614
0.01788,0.02702,0.01372,0.02350,0.01011,0.05160,0.39575,0.02797,0.38969,0.04276
0.31003,0.28046,0.05994,0.03594,0.04780,0.10782,0.01150,0.11679,0.01157,0.01816
