0.03025,0.03708,0.11085,0.21292,0.05115,0.04084,0.04048,0.03425,0.04559,0.03317,0.04841,0.02311,0.04117,0.03537,0.02727,0.03775,0.03127,0.05481,0.03725,0.02702
0.02651,0.03131,0.02654,0.02040,0.03297,0.04281,0.04144,0.03628,0.04062,0.05147,0.04205,0.20288,0.04198,0.05398,0.08166,0.06944,0.02574,0.03623,0.02063,0.07506
0.02275,0.02505,0.02178,0.02075,0.03393,0.03411,0.03938,0.03457,0.05158,0.04651,0.03489,0.21408,0.03560,0.05209,0.12060,0.07232,0.03802,0.03454,0.02948,0.03796
0.01874,0.02585,0.02690,0.03183,0.03469,0.03291,0.03222,0.03639,0.05236,0.05364,0.02917,0.23449,0.03369,0.03820,0.14043,0.07120,0.01811,0.04246,0.01423,0.03250
0.02790,0.03230,0.02223,0.02225,0.03469,0.04624,0.04932,0.03612,0.04603,0.04412,0.03694,0.14363,0.03144,0.03944,0.09159,0.12091,0.02799,0.05298,0.02819,0.06568
0.02620,0.02770,0.02154,0.02378,0.03144,0.04363,0.04955,0.02431,0.03782,0.03835,0.03938,0.24716,0.03496,0.04271,0.10260,0.06651,0.03017,0.04880,0.02434,0.03904
0.02854,0.03949,0.02164,0.01708,0.04384,0.07292,0.12302,0.05237,0.09422,0.06376,0.03602,0.04555,0.03165,0.04313,0.05399,0.05503,0.05214,0.04323,0.04672,0.03567
0.02436,0.03814,0.03815,0.02777,0.04628,0.06842,0.06841,0.03998,0.04372,0.04877,0.05343,0.05538,0.06657,0.05820,0.04113,0.12226,0.02573,0.03940,0.02993,0.06396
0.03037,0.03358,0.05061,0.04042,0.04768,0.04607,0.05282,0.06794,0.06707,0.11183,0.04895,0.03944,0.05255,0.05629,0.05491,0.03701,0.05405,0.03249,0.04784,0.02809
0.03514,0.05297,0.09847,0.08802,0.06778,0.03236,0.03287,0.04569,0.03865,0.04032,0.03705,0.04691,0.04896,0.05213,0.05099,0.06015,0.02801,0.06442,0.03608,0.04302
0.04051,0.04009,0.01859,0.02090,0.02750,0.03288,0.03426,0.03581,0.03607,0.03063,0.02246,0.03117,0.02048,0.02885,0.03526,0.17048,0.07389,0.06858,0.10289,0.12872
0.02742,0.05261,0.02484,0.01827,0.04928,0.04268,0.04445,0.04251,0.03354,0.03910,0.02683,0.03556,0.02856,0.04158,0.03589,0.24554,0.02359,0.06573,0.03130,0.09072
0.02326,0.03782,0.01912,0.01682,0.03476,0.02711,0.02799,0.04620,0.03401,0.05149,0.01944,0.02938,0.01876,0.02982,0.02886,0.31534,0.02620,0.05942,0.02927,0.12492
0.11255,0.10919,0.02828,0.02723,0.03830,0.03080,0.02868,0.02926,0.02785,0.02012,0.03891,0.02207,0.03556,0.03990,0.02665,0.04920,0.07790,0.05125,0.13938,0.06692
0.03823,0.04307,0.05063,0.04164,0.05782,0.04499,0.04866,0.08258,0.05953,0.13251,0.04342,0.03453,0.04436,0.05280,0.04133,0.05410,0.02582,0.03834,0.02802,0.03761
0.01999,0.02606,0.02873,0.02764,0.03672,0.02911,0.03003,0.02848,0.05004,0.03682,0.03291,0.18870,0.04718,0.05371,0.19680,0.05544,0.03061,0.03251,0.02059,0.02794
0.02655,0.03407,0.15597,0.13848,0.06513,0.04285,0.04389,0.02476,0.03350,0.02629,0.04088,0.03410,0.05446,0.04774,0.03637,0.04307,0.02720,0.05026,0.04602,0.02839
0.02693,0.03068,0.03888,0.04436,0.04288,0.03737,0.04515,0.09382,0.06186,0.23762,0.03154,0.02849,0.03477,0.04483,0.03446,0.04639,0.02699,0.03921,0.02670,0.02706
0.03147,0.04422,0.02329,0.02091,0.03539,0.05239,0.04968,0.04201,0.04715,0.03402,0.03566,0.06398,0.03443,0.04204,0.05468,0.10979,0.04257,0.04546,0.08259,0.10827
0.02854,0.03146,0.02542,0.01940,0.03717,0.04156,0.04199,0.03517,0.04235,0.04901,0.04337,0.17649,0.04710,0.06033,0.15285,0.04990,0.03215,0.02519,0.02484,0.03573
0.02226,0.02797,0.02151,0.02287,0.02326,0.01756,0.01764,0.02030,0.02397,0.01608,0.02361,0.02218,0.02450,0.02431,0.02083,0.07323,0.11588,0.04819,0.36860,0.06525
0.04049,0.03451,0.02796,0.03199,0.03504,0.04102,0.03814,0.03826,0.05400,0.04379,0.04182,0.13432,0.04038,0.04466,0.06006,0.06012,0.03172,0.04615,0.03132,0.12425
0.03869,0.04737,0.12458,0.09498,0.08361,0.04023,0.04462,0.03687,0.03959,0.04214,0.02944,0.02797,0.03534,0.04811,0.03401,0.05117,0.03535,0.07699,0.03718,0.03175
0.02923,0.04173,0.05114,0.03510,0.05487,0.04109,0.04140,0.05741,0.05874,0.04053,0.04624,0.06882,0.04223,0.05133,0.05879,0.08506,0.04029,0.04935,0.04402,0.06264
0.03721,0.03883,0.04983,0.03523,0.05581,0.04418,0.04881,0.09851,0.07218,0.16329,0.04108,0.02664,0.03646,0.05221,0.03232,0.03237,0.04217,0.03162,0.03568,0.02559
0.02985,0.03707,0.05263,0.03827,0.04919,0.07358,0.08060,0.06409,0.08048,0.13354,0.04275,0.03024,0.04074,0.04109,0.03693,0.04699,0.02526,0.03612,0.02640,0.03419
0.06781,0.04422,0.04623,0.17226,0.04613,0.03932,0.03896,0.04320,0.05119,0.04115,0.05440,0.03224,0.04118,0.04124,0.03326,0.03696,0.04156,0.06241,0.03188,0.03442
0.15295,0.04950,0.03496,0.19493,0.03979,0.03626,0.03480,0.03835,0.04569,0.02901,0.04210,0.02554,0.02897,0.03390,0.02327,0.03893,0.03319,0.04668,0.03030,0.04089
0.04921,0.04082,0.03338,0.03482,0.04436,0.10074,0.12459,0.03950,0.06185,0.04497,0.05165,0.03472,0.04126,0.03717,0.04215,0.04798,0.05561,0.02813,0.05212,0.03499
0.06207,0.07279,0.03670,0.03111,0.05012,0.07070,0.06116,0.06248,0.06253,0.04488,0.04890,0.02392,0.03860,0.03820,0.03183,0.04087,0.05142,0.03983,0.08281,0.04910
0.03082,0.03276,0.04542,0.04155,0.04388,0.05400,0.07168,0.05336,0.06899,0.11687,0.04412,0.04389,0.05209,0.05962,0.05646,0.05143,0.03476,0.03605,0.03247,0.02977
0.04486,0.05153,0.03472,0.03124,0.05415,0.03904,0.04921,0.06422,0.04745,0.09109,0.02828,0.02362,0.02947,0.05121,0.02901,0.06428,0.08143,0.03879,0.10562,0.04078
0.04399,0.05190,0.05260,0.02892,0.10777,0.03296,0.03744,0.04808,0.04091,0.05946,0.02919,0.03531,0.02681,0.04953,0.03215,0.10683,0.02225,0.08905,0.03700,0.06786
0.04762,0.04484,0.03903,0.05373,0.03892,0.04248,0.04866,0.04439,0.05418,0.05398,0.10129,0.03192,0.09759,0.05412,0.03872,0.05424,0.04431,0.04305,0.02770,0.03922
0.02772,0.04053,0.03576,0.02302,0.04881,0.03722,0.04463,0.03157,0.03759,0.06742,0.03851,0.10670,0.07256,0.11713,0.09736,0.05489,0.02438,0.03288,0.02401,0.03730
0.03111,0.04618,0.02318,0.02035,0.03382,0.03165,0.03617,0.04083,0.03946,0.03140,0.02653,0.02977,0.02499,0.03262,0.03336,0.14356,0.08100,0.05107,0.14852,0.09442
0.02699,0.03459,0.02451,0.02316,0.02539,0.02020,0.02146,0.01994,0.02253,0.01608,0.02172,0.01561,0.02013,0.02420,0.01657,0.07294,0.19247,0.05047,0.27346,0.07758
0.04196,0.03895,0.03332,0.04830,0.03475,0.03382,0.03969,0.04746,0.06185,0.05366,0.09478,0.07639,0.08657,0.04618,0.07072,0.05334,0.03311,0.03714,0.03088,0.03711
0.02662,0.03876,0.03052,0.02294,0.04087,0.08231,0.09825,0.03181,0.04486,0.03750,0.04597,0.06158,0.05074,0.04899,0.04703,0.07376,0.05443,0.04125,0.06740,0.05441
0.04657,0.03637,0.06394,0.22779,0.04737,0.03733,0.03674,0.03623,0.04339,0.03684,0.03684,0.03287,0.03849,0.03973,0.03030,0.03921,0.04124,0.05467,0.03471,0.03938
0.02758,0.03716,0.02606,0.02071,0.04053,0.07163,0.08108,0.04480,0.06251,0.05810,0.04042,0.05879,0.04090,0.04645,0.07261,0.10739,0.03251,0.03707,0.04061,0.05309
0.03286,0.03716,0.05145,0.05527,0.04169,0.03025,0.03037,0.03114,0.03698,0.02360,0.03791,0.03471,0.04611,0.04643,0.04248,0.04307,0.11810,0.05671,0.17066,0.03303
0.03397,0.03714,0.04445,0.04094,0.04718,0.03828,0.03751,0.04888,0.05075,0.03750,0.04938,0.07659,0.04940,0.04739,0.06682,0.04217,0.07477,0.04440,0.08572,0.04676
0.03402,0.05002,0.02585,0.02107,0.03628,0.02181,0.02200,0.03437,0.03389,0.01979,0.04316,0.04349,0.04656,0.04043,0.04143,0.03903,0.15698,0.02835,0.22080,0.04067
0.03832,0.03819,0.04372,0.03836,0.04680,0.04700,0.05226,0.08768,0.07791,0.14217,0.04602,0.03378,0.04863,0.04924,0.04403,0.04073,0.03408,0.02786,0.03487,0.02835
0.03352,0.03419,0.03738,0.02451,0.04181,0.03096,0.03290,0.03325,0.03909,0.03119,0.03208,0.05190,0.03836,0.05375,0.05468,0.04197,0.11906,0.02990,0.18722,0.05228
0.03933,0.05158,0.02954,0.02860,0.04346,0.03651,0.03011,0.07900,0.09648,0.03765,0.04165,0.06491,0.03339,0.03810,0.06187,0.06259,0.03231,0.05050,0.04775,0.09466
0.02395,0.04265,0.06453,0.03971,0.06827,0.03097,0.02974,0.03120,0.03439,0.02206,0.04227,0.03340,0.05523,0.05410,0.04096,0.04181,0.08632,0.05963,0.16943,0.02937
0.03883,0.03943,0.04741,0.04856,0.04852,0.04445,0.04511,0.09809,0.06757,0.11336,0.04754,0.04236,0.04595,0.04263,0.05007,0.04170,0.03712,0.03641,0.03127,0.03364
0.03207,0.04600,0.04200,0.03049,0.04512,0.04099,0.04545,0.04250,0.04722,0.05759,0.05948,0.05197,0.10655,0.07139,0.05854,0.05758,0.04333,0.03475,0.04342,0.04352
0.01882,0.02627,0.16304,0.31125,0.05372,0.03293,0.03469,0.02068,0.03454,0.02207,0.02590,0.02138,0.03617,0.03475,0.02242,0.02734,0.02661,0.04320,0.02394,0.02028
0.03240,0.04377,0.04147,0.03179,0.04926,0.05251,0.06001,0.06068,0.05290,0.11156,0.03861,0.05400,0.04874,0.06067,0.06542,0.07086,0.02438,0.03802,0.02392,0.03904
0.02810,0.03238,0.02825,0.02773,0.03532,0.04212,0.04198,0.04226,0.04617,0.04665,0.03952,0.12595,0.03589,0.04520,0.07043,0.10328,0.03243,0.05511,0.03085,0.09037
0.11462,0.11487,0.03901,0.03461,0.05310,0.03250,0.03761,0.03938,0.03175,0.03617,0.03623,0.02123,0.03339,0.03967,0.02480,0.04941,0.09477,0.04152,0.07657,0.04880
0.03634,0.04806,0.02837,0.02997,0.04358,0.11714,0.15480,0.03876,0.05527,0.03574,0.04470,0.03321,0.03614,0.03558,0.03242,0.06131,0.04090,0.02775,0.05934,0.04062
0.02847,0.04138,0.04212,0.04143,0.04806,0.03762,0.03547,0.04096,0.04618,0.05490,0.03429,0.10323,0.04125,0.05537,0.05838,0.09942,0.02045,0.05662,0.02187,0.09252
0.02745,0.04554,0.02547,0.02172,0.04097,0.02522,0.02257,0.02733,0.03579,0.01814,0.04415,0.03394,0.03558,0.03492,0.02565,0.04707,0.13833,0.04327,0.24551,0.06137
0.02991,0.04222,0.02096,0.02317,0.02721,0.01759,0.01869,0.02522,0.02700,0.01885,0.02341,0.01642,0.02040,0.02431,0.01720,0.05614,0.12206,0.06654,0.35077,0.05195
0.02877,0.03283,0.10801,0.12573,0.05408,0.04553,0.04673,0.04328,0.04871,0.04380,0.04359,0.03639,0.05586,0.04488,0.03895,0.03821,0.04089,0.04165,0.05209,0.03003
0.01783,0.02623,0.02642,0.02120,0.03707,0.03707,0.04088,0.02938,0.04128,0.05101,0.03666,0.23057,0.05330,0.06792,0.12738,0.04963,0.02588,0.02922,0.02004,0.03103
0.02539,0.03465,0.11768,0.13985,0.05458,0.04398,0.04274,0.03511,0.03830,0.03979,0.03791,0.04343,0.06188,0.05125,0.04371,0.04304,0.02450,0.05731,0.03272,0.03218
0.01984,0.03041,0.22152,0.24084,0.06583,0.03123,0.03085,0.01970,0.02928,0.02122,0.02912,0.01683,0.04652,0.03898,0.02067,0.02632,0.02074,0.03963,0.03138,0.01912
0.02679,0.03389,0.02915,0.02155,0.04601,0.06491,0.10113,0.04161,0.07119,0.06666,0.04261,0.05593,0.04815,0.06027,0.06672,0.03829,0.05111,0.04163,0.06401,0.02838
0.02308,0.02906,0.02175,0.02162,0.03142,0.03160,0.03434,0.03416,0.04342,0.04476,0.03735,0.24077,0.04127,0.04624,0.13924,0.06309,0.03114,0.03077,0.02084,0.03407
0.05040,0.04607,0.09011,0.04746,0.08697,0.03998,0.04606,0.03647,0.03922,0.04497,0.03465,0.02741,0.03739,0.05779,0.03521,0.06448,0.03945,0.04227,0.08174,0.05189
0.01948,0.03452,0.01697,0.01388,0.02984,0.03434,0.03593,0.04086,0.03392,0.04382,0.02247,0.03550,0.02288,0.03187,0.03346,0.33541,0.02762,0.05166,0.02620,0.10937
0.02230,0.02113,0.02656,0.02198,0.02544,0.22187,0.35485,0.01515,0.02037,0.01589,0.02277,0.01654,0.02585,0.02642,0.01873,0.03723,0.02454,0.02614,0.02537,0.03086
0.31293,0.10795,0.02266,0.02845,0.03012,0.02489,0.02636,0.02686,0.02379,0.02149,0.02689,0.01506,0.02498,0.03096,0.01819,0.03620,0.07775,0.03865,0.06281,0.04302
0.02062,0.05220,0.02454,0.01613,0.04880,0.08748,0.12713,0.03231,0.08549,0.02536,0.04487,0.04734,0.06181,0.05350,0.04383,0.04842,0.03929,0.04239,0.05362,0.04488
0.02885,0.04198,0.03443,0.02530,0.04972,0.04413,0.04571,0.04198,0.04599,0.06089,0.03535,0.09353,0.05052,0.07073,0.06539,0.08848,0.02556,0.03532,0.03655,0.07960
0.03671,0.03736,0.04447,0.03648,0.04545,0.05316,0.05675,0.08663,0.06445,0.10643,0.04084,0.05044,0.04577,0.04761,0.05154,0.05979,0.02223,0.03634,0.02809,0.04946
0.02103,0.02768,0.17023,0.32095,0.04400,0.03611,0.03685,0.01959,0.02934,0.02364,0.02952,0.01308,0.02821,0.02412,0.01588,0.03110,0.02211,0.04122,0.04086,0.02448
0.03812,0.03949,0.03600,0.03384,0.04670,0.03040,0.03656,0.04626,0.04484,0.03577,0.03072,0.02965,0.03398,0.04433,0.04358,0.05112,0.13574,0.04296,0.16786,0.03207
0.02560,0.04398,0.01554,0.01472,0.02935,0.02397,0.02587,0.05269,0.03725,0.05342,0.01825,0.02102,0.01723,0.02386,0.02486,0.33698,0.03406,0.05589,0.03733,0.10814
0.02310,0.03721,0.01428,0.01391,0.02430,0.02397,0.02728,0.02418,0.02515,0.03108,0.01723,0.02549,0.01740,0.02619,0.02486,0.32059,0.05107,0.06220,0.04241,0.16813
0.03652,0.03961,0.03613,0.04531,0.04065,0.03025,0.03047,0.05074,0.06190,0.03718,0.08390,0.05820,0.07276,0.04758,0.05864,0.04996,0.07034,0.04127,0.06899,0.03961
0.02616,0.02962,0.03241,0.02907,0.03356,0.03147,0.03004,0.03656,0.04412,0.03809,0.04095,0.25044,0.04988,0.04812,0.11096,0.04743,0.02918,0.02719,0.02681,0.03795
0.01779,0.02651,0.15145,0.29667,0.04714,0.03134,0.03198,0.02387,0.04117,0.02699,0.03348,0.01910,0.04296,0.03299,0.02149,0.02947,0.02697,0.04716,0.02925,0.02223
0.03293,0.04703,0.05602,0.04011,0.06149,0.04993,0.05073,0.04128,0.04416,0.03894,0.05208,0.05242,0.04911,0.05484,0.04944,0.05551,0.04233,0.08173,0.04935,0.05056
0.03711,0.03553,0.02439,0.02602,0.02749,0.01976,0.02233,0.02910,0.02866,0.02502,0.01925,0.01869,0.01957,0.02722,0.02141,0.07527,0.15661,0.04969,0.27516,0.06172
0.02469,0.03568,0.02505,0.02500,0.03514,0.04984,0.05197,0.04649,0.04620,0.04879,0.03598,0.07953,0.04052,0.04647,0.05121,0.13416,0.03065,0.05262,0.04201,0.09801
0.10067,0.04363,0.04113,0.11770,0.04143,0.03566,0.03535,0.04344,0.04609,0.03651,0.05823,0.03074,0.04271,0.03872,0.03273,0.03421,0.07949,0.04920,0.05446,0.03789
0.01930,0.02781,0.02187,0.01811,0.03420,0.03869,0.03798,0.03031,0.04065,0.03213,0.03282,0.10409,0.03079,0.03883,0.05239,0.18991,0.03244,0.06112,0.04303,0.11355
0.02384,0.04104,0.02233,0.01970,0.03953,0.03066,0.03284,0.03787,0.03601,0.05404,0.02142,0.03973,0.02542,0.04088,0.03476,0.21840,0.04028,0.05739,0.04270,0.14116
0.08187,0.05023,0.04664,0.20191,0.04278,0.03233,0.03193,0.05390,0.04601,0.03823,0.03625,0.02408,0.03098,0.03322,0.02542,0.04698,0.03926,0.04870,0.04553,0.04374
0.02857,0.03503,0.03519,0.02666,0.04133,0.03839,0.03602,0.03282,0.04035,0.04387,0.03501,0.15899,0.03993,0.05817,0.07741,0.08207,0.02988,0.04598,0.03044,0.08391
0.19224,0.26903,0.02111,0.02067,0.03361,0.02306,0.02372,0.02981,0.02459,0.02023,0.02680,0.01400,0.02309,0.02920,0.01678,0.02978,0.08049,0.03091,0.05137,0.03949
0.06432,0.07199,0.05048,0.05913,0.05780,0.04502,0.04480,0.04928,0.04130,0.04041,0.04643,0.03107,0.04674,0.04715,0.03406,0.04719,0.06846,0.05175,0.05803,0.04459
0.12362,0.26422,0.03074,0.02712,0.04219,0.04151,0.04050,0.02711,0.02220,0.01855,0.03931,0.01775,0.03290,0.03231,0.02195,0.02254,0.05634,0.02588,0.07224,0.04100
0.06424,0.04548,0.05521,0.06754,0.04721,0.03104,0.03175,0.04716,0.04689,0.04037,0.03761,0.03983,0.03792,0.04787,0.04340,0.04794,0.06360,0.06073,0.08697,0.05724
0.03258,0.03468,0.05107,0.03892,0.05003,0.03670,0.04026,0.05397,0.05350,0.10158,0.05212,0.07284,0.06241,0.06486,0.05652,0.05137,0.03609,0.03566,0.02996,0.04487
0.03589,0.03348,0.05286,0.06504,0.04823,0.04855,0.05461,0.06711,0.07479,0.11865,0.04860,0.03261,0.04704,0.05099,0.04166,0.04127,0.03454,0.04284,0.03304,0.02820
0.02323,0.03512,0.02466,0.01913,0.03576,0.04805,0.04823,0.04189,0.04284,0.04433,0.02953,0.10555,0.03178,0.04326,0.05516,0.13050,0.02910,0.03706,0.02877,0.14606
0.02767,0.03741,0.02747,0.02194,0.03481,0.02739,0.02603,0.02741,0.02850,0.02022,0.02394,0.02218,0.02291,0.03181,0.02163,0.07352,0.07486,0.04248,0.33089,0.07692
0.01632,0.03358,0.02863,0.01735,0.04113,0.02922,0.02747,0.01890,0.02345,0.02085,0.03288,0.12822,0.04357,0.06513,0.02987,0.04568,0.01686,0.05336,0.01687,0.31067
0.02583,0.03988,0.02468,0.02117,0.03907,0.03779,0.04112,0.04779,0.03643,0.07269,0.02503,0.05024,0.02884,0.04309,0.04192,0.20031,0.02509,0.05163,0.02498,0.12242
0.02944,0.03477,0.02157,0.01799,0.02694,0.01847,0.01976,0.02359,0.02592,0.02130,0.01637,0.01772,0.01637,0.02611,0.02066,0.07141,0.11170,0.05664,0.33610,0.08718
0.02592,0.03552,0.02252,0.01880,0.03972,0.04142,0.04666,0.03623,0.04674,0.04508,0.02946,0.11185,0.03116,0.04661,0.08858,0.10609,0.04612,0.05238,0.05432,0.07482
0.02087,0.02719,0.15285,0.31937,0.05615,0.03004,0.02802,0.02715,0.03565,0.02793,0.02785,0.01612,0.03082,0.03082,0.01919,0.02635,0.02825,0.03961,0.03552,0.02026
0.05105,0.03773,0.02046,0.02325,0.02522,0.01801,0.01956,0.02363,0.02825,0.02073,0.01998,0.01798,0.01805,0.02673,0.02019,0.07259,0.13853,0.04153,0.31325,0.06327
